8
MPRI_HUMAN/1031-1178     0.00000000    0.26071604    0.28093647    2.11369206    1.95352095    2.06731826    1.83150408    1.90961873
MPRI_BOVIN/1040-1187     0.26071604    0.00000000    0.30421530    2.26546891    1.88314118    1.98824995    1.93836864    1.89815946
MPRI_MOUSE/1024-1171     0.28093647    0.30421530    0.00000000    2.23990944    1.78516950    1.84963466    1.94351574    1.92266460
G3V824_RAT/569-708     2.11369206    2.26546891    2.23990944    0.00000000    1.84612469    1.87949510    1.87196163    1.95618872
MPRI_MOUSE/1315-1455     1.95352095    1.88314118    1.78516950    1.84612469    0.00000000    0.24773460    1.43967056    1.36085473
MPRI_BOVIN/1331-1471     2.06731826    1.98824995    1.84963466    1.87949510    0.24773460    0.00000000    1.46429660    1.33101570
F1NVD2_CHICK/503-654     1.83150408    1.93836864    1.94351574    1.87196163    1.43967056    1.46429660    0.00000000    0.41350285
MPRI_HUMAN/423-573     1.90961873    1.89815946    1.92266460    1.95618872    1.36085473    1.33101570    0.41350285    0.00000000

