156
APX1_HYDVD/36-287     0.00000000    2.46249524    1.96541505    2.86959440    2.37325094    2.28134086    2.66520339    2.51022326    3.00101520    2.03623808    2.04356752    2.11394195    2.05868793    2.09553898    2.25108891    2.30806051    2.00860271    2.22096355    2.25933183    2.09811870    2.12552758    2.08928683    2.57610920    2.54280768    2.23952718    2.22015861    2.28676422    2.77157557    2.91105855    2.64096233    3.19205687    2.61416124    3.23051429    3.23127565    2.93555527    3.20959938    3.20363796    3.39515046    3.56436023    3.65833400    4.16096440    3.79379535    3.83232153    3.74661567    3.58710129    3.31393385    3.61246834    3.29976425    3.49990422    3.58041656    3.09142679    3.89544204    2.12923761    2.42562145    2.06420070    2.10335902    2.18451421    2.29251285    2.04565463    2.10685884    2.09537001    2.27269434    2.33864401    2.48833178    2.21090845    2.29878400    1.97680527    2.07096999    2.31259949    2.17901798    1.88858251    1.87041707    2.10450477    2.32069203    2.01331635    2.36478651    2.35064750    2.08738323    2.09553699    2.53293901    2.53588314    2.14078517    2.14049670    1.98266137    1.97917134    1.79982786    1.95633260    2.39857843    2.00131964    2.12394281    2.16743463    1.91925250    2.04142212    2.26461141    2.83633949    2.13792763    1.95895792    2.28542557    2.04270417    2.37982227    2.06275844    2.12188263    2.37435470    2.18778938    2.03075757    2.17435266    1.99566118    2.28092686    2.34959510    2.06378710    1.68617295    2.08819350    2.28509848    2.14861767    1.89095542    2.03985451    2.02889406    2.02278680    1.95171656    1.94768036    2.05858789    2.16007931    1.98122091    1.99078780    1.92338822    2.30353704    2.20841783    2.21621536    2.19223882    2.23668909    2.12878078    2.28930242    2.42346406    2.24812955    2.12001552    2.12600840    2.40601598    1.88603756    1.87914491    2.04088475    2.14816660    2.50106450    2.46983974    2.24536188    2.09281807    2.09408756    2.12943252    2.03552006    1.85313905    1.98103763    2.16411888    2.11598934    2.19739852    3.14989533    2.21180494    2.46484808
Q0TWP9_PHANO/64-289     2.46249524    0.00000000    2.17344196    2.60800277    2.67911056    2.80839098    3.04390202    2.80072575    2.34619301    2.16628862    2.11013818    2.16694564    2.57163471    2.52411594    2.32944779    2.78534717    2.39038650    2.82714106    2.60956942    2.53570163    2.71512373    2.42277224    2.94973000    2.85934719    2.71665512    2.38928124    2.84267174    3.22876183    3.71581316    3.27663838    3.23828382    3.05801036    3.33265910    3.45072579    3.16376622    3.05648184    3.18415977    3.23062372    3.11076090    3.29057985    3.79461739    3.40876298    3.39563270    3.69853680    3.38863043    3.28707830    3.56233216    2.96676307    3.12852839    3.49168435    3.39207551    3.86235088    2.22740206    2.22063176    2.27528569    2.56596175    2.43958325    2.34232888    2.29710205    2.31618311    2.48770597    2.41410061    2.36282154    2.29635818    2.50593619    2.46669360    2.40248655    2.50455385    2.16729334    2.41517226    2.61164686    2.28601281    2.37117643    2.44382774    2.51203941    2.31416225    2.48271737    2.32845015    2.61461581    2.58229364    2.76040646    2.72092450    2.39855620    2.21877484    2.09291884    2.02201919    2.42347248    2.48602078    2.42216714    2.38048971    2.19898827    2.08231285    1.98998060    2.24271766    2.32952511    2.44173982    2.15350173    2.46445170    2.26650443    2.32438841    2.25065612    2.20781682    2.25713497    2.15657351    2.08837807    2.29113297    2.40457768    2.09396381    2.41448170    2.57635663    2.05228139    2.34950392    2.25104426    2.17638307    2.01141350    2.40363545    2.09312889    1.94095389    2.29439828    2.22531840    2.21291138    2.09256476    1.88188363    2.17544929    1.99216771    2.07926840    2.21558507    2.28670781    1.96545700    2.03450373    1.96699373    2.18956548    2.29688448    2.05202976    2.06513956    2.19868781    2.39209664    2.03918444    2.67805636    2.37541620    2.45213519    2.14206938    2.47298795    2.65061939    2.81501594    2.99200516    2.96892782    2.54847238    2.82829261    2.74323228    2.83218257    2.44359647    2.35233597    3.21605750    2.50072562    2.99410742
Q0U8Y8_PHANO/35-235     1.96541505    2.17344196    0.00000000    1.40684467    1.40494431    1.38172205    1.38639885    1.33818476    2.28686284    2.19652865    1.92340837    2.11579062    2.23439798    2.32177074    2.05951965    2.19615207    2.08862558    2.02016884    2.30938516    2.10796272    2.39514045    1.94859818    2.57395554    2.75095120    2.12665222    2.14214511    2.58837757    2.63358272    3.08471062    3.11943160    2.76683940    2.85774279    2.95098902    2.94435685    2.84100960    3.02109859    2.95703668    3.03671334    3.06060864    2.89921461    3.19391852    3.08167883    3.54341401    3.14748548    3.01429273    3.00726842    3.23986010    2.88938662    2.99896839    3.41361519    2.68569386    2.81512635    1.74341638    1.94083494    1.80655733    1.79131086    1.80556192    1.73239762    1.87263947    1.80333103    1.82615427    2.05572693    1.74260798    1.52410263    1.74856867    1.98882004    1.67406840    1.81257432    1.84311919    2.03132596    1.63489755    1.83412670    2.00404292    2.03860786    1.78373936    1.99502667    1.97487751    1.90700872    1.92812825    2.14053956    2.07066484    1.75827912    1.95268521    1.87047279    1.81655145    2.01260952    1.89814403    2.16066438    1.91015275    1.97094348    1.84324989    1.87967432    1.86123720    1.96717011    2.10030047    1.88303862    1.78924758    1.94249077    1.77815701    1.80172321    1.79264549    1.77835729    1.69932373    1.65087253    1.62173497    1.75652677    2.01005063    1.85142622    1.99020923    1.62565986    1.62270743    1.72961445    1.94400126    1.71494726    1.89093123    2.00896957    1.70656610    1.76584266    1.82564963    1.67673352    1.80669063    1.79298552    1.55370273    1.92720929    1.73188250    1.88782485    1.83485793    2.00593204    1.74722961    1.74372831    1.79791405    1.75124314    2.08766321    2.01659123    1.74981862    1.73719706    1.81447268    1.72857862    1.88354276    1.71796340    1.78137959    2.05749130    1.93736798    1.78387966    1.87681558    2.08627770    2.16312442    2.13243617    2.11818236    1.95084635    1.88567496    2.08124426    2.09337622    2.90595512    1.86942130    2.00623546
LIG_PHLRA/44-280     2.86959440    2.60800277    1.40684467    0.00000000    0.61941810    0.91903109    0.95160900    0.99495046    2.47983328    2.26283228    2.38611775    2.35831308    2.59850490    2.55887909    2.36576374    2.77914659    2.71806295    2.74082222    2.75246743    2.45255034    2.81541371    2.45736374    2.72566690    3.06665903    2.60770220    2.32693705    2.82809803    2.93869063    2.97200193    2.85051141    2.67567606    2.84247166    2.91606174    2.97711994    2.79900650    3.56964728    3.35351878    3.86859751    3.57648005    3.29960442    4.12858077    3.59149178    3.30197728    3.76562423    3.54013207    3.57678788    3.46404220    3.21293023    3.35702980    3.73176155    3.17846902    3.74493757    2.16201601    2.69154207    2.38559252    2.14232954    2.34638027    2.01199916    2.10759961    2.34283906    1.98263790    2.50189822    2.35407286    2.36330356    2.23519070    2.40979803    2.11554215    2.16168935    2.34648701    2.56537455    2.05017322    2.36684470    2.44635314    2.54984516    2.43087756    2.46701993    2.53047330    2.06227675    2.32640728    2.78766365    2.61531835    2.29905123    2.51330309    2.50755486    2.33002834    2.08878791    2.39576634    2.53809408    2.19828494    2.17868594    2.44195981    2.17268027    2.24841240    2.17223538    2.77305802    2.67451085    2.29636464    2.58372885    2.26113837    2.32463693    2.32887364    2.17191211    2.09018780    2.07556581    2.02911695    2.19835833    2.41440068    2.32859313    2.34414485    2.27239888    1.98288063    2.23109817    2.27330187    1.96315603    1.94252483    2.20733458    2.08897741    2.19376394    2.02695880    2.26453771    2.24457340    2.22483424    1.76964953    2.18982110    2.23610502    2.18430275    2.22808331    2.44601191    2.30775439    2.19811873    2.07590879    2.15362905    2.58272392    2.20392653    1.95038035    2.35702942    2.74388324    2.30468487    2.47324949    2.46180564    2.35994698    2.31959213    2.42676676    2.28094542    2.70313176    2.67831881    2.49885821    2.63888865    2.51581844    2.74454387    2.51936501    2.36277797    2.57904374    3.39969823    2.04053842    2.52600847
Q9UVY8_PLEOS/47-283     2.37325094    2.67911056    1.40494431    0.61941810    0.00000000    0.67600872    0.79972798    0.86685793    2.70748447    2.19757573    2.24928834    2.25610068    2.45928187    2.46646948    2.28096258    2.56901026    2.50327503    2.52569229    2.54066392    2.53665499    2.62403040    2.52415369    2.74791533    3.04814449    2.65431060    2.37703047    2.62054570    2.84379818    3.11780178    2.92599934    2.75932211    2.84991139    2.88344673    2.98628867    3.02197604    3.13790744    2.86589219    3.30275253    3.02042308    2.86403333    3.39070048    3.22227180    3.23444377    3.14963407    2.97014036    2.94130859    2.84536905    2.76380505    2.91996805    3.31614643    2.85992516    3.32619577    2.01177901    2.40794050    2.34474812    2.19472281    2.12131693    2.04754623    2.13863653    2.47143845    2.02624436    2.43717861    2.56949929    2.28380981    2.06352851    2.69193080    2.13444028    2.05585689    2.47939138    2.47190014    2.08578581    2.36415843    2.59222993    2.50380346    2.13112555    2.63688129    2.57686708    2.12919867    2.38882963    2.68682032    2.64529856    2.48810351    2.29050637    2.49151604    2.30915895    2.19966551    2.52857967    2.37470481    1.99130442    2.19307078    2.32505861    2.18167916    2.11399219    2.14366245    2.69786280    2.40183092    2.08726051    2.36696676    2.18625721    2.41595392    2.45089232    2.32247756    2.07264681    2.00865792    2.02610430    2.13624995    2.24953515    2.29555809    2.30290527    2.37245198    1.99615437    2.33889141    2.25791816    2.12411765    1.99901609    2.37170202    2.20953392    2.21082736    2.06568532    2.02412182    2.19618908    2.19231146    1.85804060    2.15082547    2.16109836    2.33697165    2.09939499    2.30807037    2.24350648    2.09816632    2.07668249    2.22799402    2.47715961    2.10429155    1.90121727    2.43387826    2.59019236    2.05651009    2.16296919    2.32729812    2.22221162    2.29132072    2.39919604    2.21918121    2.48605983    2.46271559    2.69243587    2.57669787    2.37287721    2.34499913    2.46487969    2.27576476    2.46500876    3.66916731    2.29053763    2.47164225
Q12170_PHACH/44-285     2.28134086    2.80839098    1.38172205    0.91903109    0.67600872    0.00000000    0.97314776    0.98854605    2.24082153    1.86622118    1.86940560    1.96263054    2.13659562    2.01277059    2.05498215    2.02166449    2.21464689    2.20256697    2.16705584    2.19697828    2.42982392    2.24127069    2.37680041    2.45293247    2.51378062    2.08753934    2.44613332    2.46820169    2.88969316    2.54451686    2.51998692    2.46000562    2.46101612    2.68188566    2.44292380    3.17538356    3.02282417    3.04310551    3.13982842    3.09702657    3.51395643    3.13862938    3.32352258    3.25192335    3.00548117    3.09217621    2.88917956    2.92152672    3.12660091    3.23500140    3.08501785    3.19614761    1.96081254    2.57596134    2.34328361    2.13393701    2.26766984    2.12468310    2.20477640    2.11816846    2.13545070    2.54687704    2.32667347    2.15565194    2.18891007    2.47141462    2.07124887    1.87371338    2.30631207    2.22720322    2.05300178    2.17077975    2.23292738    2.59551192    2.12883898    2.17820383    2.44068971    2.04703439    2.16505629    2.67680336    2.67518738    2.43679700    2.36192388    2.36633501    2.27926804    2.19091260    2.33075701    2.34270409    2.24188770    2.24523721    2.27377651    2.42216133    2.29709524    2.33464809    3.01340095    2.28727746    2.06918454    2.27862538    2.09179548    2.39723410    2.46628189    2.39375391    2.31845580    2.04928463    2.09640308    2.17790511    2.19973362    2.24925933    2.34651607    2.16992319    1.95729924    2.02453410    2.38778475    2.18492650    2.16266123    2.39324775    2.16241957    2.36565391    2.10943995    2.04113115    2.32505368    2.19418816    2.03242660    2.09988141    2.15344829    2.47024845    2.14580961    2.24220950    2.39012045    2.39504606    2.09391591    2.08492455    2.50098613    2.21533780    1.99489277    2.08890342    2.29787859    2.02316623    2.05856155    2.16535756    2.24716191    2.50164001    2.35927076    2.20717687    2.28257717    2.36868830    2.46140528    2.41898135    2.29230830    2.23980516    2.28484453    2.18000934    2.50661949    3.37782666    2.03346086    2.32863345
PER_ARTRA/49-285     2.66520339    3.04390202    1.38639885    0.95160900    0.79972798    0.97314776    0.00000000    0.85124834    2.26288632    2.22870501    2.21339583    2.14872546    2.47939279    2.47634898    2.36917980    2.58759252    2.51341217    2.71266633    2.87424471    2.72728402    2.83988081    2.56064627    2.65827288    3.07441057    2.85642912    2.45409371    2.71821174    2.97950302    3.54178066    3.27837443    3.02233445    3.29177266    3.11213414    3.08988543    3.13472336    3.24198773    2.99684134    3.43126446    3.33580230    3.05852938    3.64609233    3.42894984    3.51356421    3.07674584    3.10825656    3.24219828    3.11125974    3.03020612    3.11406144    3.36440490    3.26057779    3.22421838    1.93675123    2.63765414    2.18629365    2.20630086    2.10035051    2.22056934    2.12335642    2.05958244    2.21849174    2.42476391    2.31916945    2.27182486    2.10638626    2.33994104    2.15993514    2.05288745    2.33199881    2.33719002    1.94622354    2.28575861    2.29855239    2.61661965    2.05284357    2.31125225    2.38301408    2.21346628    2.38524988    2.84660217    2.65459296    2.34544915    2.20790402    2.47454940    2.31820795    2.22099927    2.18611012    2.37895275    2.16408149    2.20630433    2.38308261    2.03464274    2.21001995    2.34835987    2.88151042    2.42793274    2.04264767    2.33668732    2.10811113    2.47595790    2.57590231    2.31215956    2.40907676    2.03137304    2.10888270    2.11403395    2.37495419    2.18403545    2.33796728    2.22738897    2.00889430    2.34804055    2.45297210    2.15753228    2.18057933    2.47453158    2.36045084    2.43109758    2.13808545    2.22451782    2.41858192    2.57138706    1.97112656    2.29537350    2.33039462    2.34275897    2.34306048    2.27000444    2.41352562    2.36100634    2.17303138    2.45039968    2.55531150    2.28666967    1.89596204    2.19892356    2.41935614    2.14805358    2.17764331    2.18193207    2.27887181    2.36552047    2.36442060    2.11969103    2.40404120    2.47444281    2.59233519    2.59974649    2.37696584    2.26103158    2.31887727    2.28930679    2.39429752    3.84238875    2.07350003    2.42387474
Q5XXE2_PHACH/47-278     2.51022326    2.80072575    1.33818476    0.99495046    0.86685793    0.98854605    0.85124834    0.00000000    2.41283789    1.85570391    2.01548266    2.17248508    1.95646378    1.89671699    1.77683853    2.04500175    1.99732458    2.39459091    2.22690690    2.34858824    2.41162823    2.29186652    2.37133425    2.69280212    2.44871109    2.27226852    2.78520190    2.55700268    2.72858806    2.53113354    2.53007847    2.75118936    2.76039416    2.68886473    2.49645530    2.78256546    2.71547356    3.09887047    2.94666673    2.59894968    3.06309322    3.07156929    3.15351218    2.90538612    2.67165954    2.70327052    2.68812611    2.52702877    2.78996874    2.86721532    2.79030774    2.88713146    1.79911445    2.33482642    2.20583684    1.93597452    2.10529574    2.00433905    1.99295265    2.12657631    1.95171134    2.49394150    2.38281418    2.24495022    2.09264091    2.20825435    1.96901596    2.21295513    2.07045192    2.20642458    1.93562859    1.95493138    2.15017879    2.33192083    1.93698736    2.04759151    2.02791607    2.03124665    1.91830292    2.36806352    2.29283016    2.10284027    2.02942303    2.07037357    1.88188826    1.80456943    1.94782655    1.89994232    1.84270709    2.16098321    2.11460198    2.04295772    1.97014985    1.95789910    2.63292464    2.09410672    1.85434288    2.06949284    1.78253695    2.11277925    1.99785624    1.88409270    1.95474059    2.13253759    1.85088934    2.13148008    2.40603828    2.26903928    2.17075705    1.96970360    1.90288950    2.09124556    2.07701094    2.09815172    2.02719107    2.06796139    2.08784315    1.97786283    2.02439683    2.10510029    2.02298072    2.05095970    1.95222477    2.13252755    1.91411563    1.99003016    1.94423918    1.94686692    2.00760358    1.94562386    1.70869670    1.97596293    2.64244725    2.19638406    1.92519116    2.18857459    2.46735576    1.89056333    2.29430549    2.25582150    2.07155929    2.07786741    2.02691097    1.99975831    2.31968657    2.27885347    2.20213271    2.24495454    2.36719027    2.10697875    2.16901801    2.02914744    2.12618491    3.54042070    1.83678960    2.29893358
A0A0D3FZS7_9ORYZ/102-302     3.00101520    2.34619301    2.28686284    2.47983328    2.70748447    2.24082153    2.26288632    2.41283789    0.00000000    1.53810987    1.59670099    1.52414901    1.74522838    1.78498992    1.77762850    1.88823838    2.05099886    1.76715939    1.84974503    1.76054303    2.01815685    1.82018793    2.22281350    2.50336780    2.31521602    1.61756333    2.13443334    2.07418324    2.11936455    2.48881155    2.21193930    2.49147880    2.24750016    2.39498021    2.07738577    2.19607412    2.41514646    2.42381299    2.24174632    2.19621713    2.96936341    2.37461481    2.65492683    2.54142670    2.39676005    2.44441101    2.66196868    2.36622639    2.34909013    2.46502881    2.67202508    2.58017475    1.67426701    1.68570535    2.12698385    2.42781510    2.43384168    2.14178899    1.98138105    2.07677696    2.20908911    2.13904901    2.19057600    2.33752815    2.13708572    2.04293780    2.14504125    2.07163435    1.88843962    2.19431971    2.13757885    2.27063026    2.11635240    2.13825421    2.13803988    1.99835861    2.03915681    1.99463007    1.92792584    2.01699538    1.82347828    2.24682117    1.84259978    1.84592784    2.06246896    1.99609962    1.96105771    2.06303618    1.82875982    1.92522470    1.89871477    2.03361363    2.10544104    1.94234517    2.40755656    2.12328646    1.95066740    2.18282650    1.92494444    2.31957756    2.20455523    2.16081405    2.28034688    2.36544167    2.06999793    1.91770960    2.04103046    2.02296666    2.12659864    2.11984570    1.89492108    2.17241606    2.00285110    2.10115768    2.10143217    2.09772381    1.99131136    2.08388287    1.89086798    2.06130210    1.80136570    2.35931251    1.75447492    2.05621985    2.16344864    2.01971128    2.08598154    1.85290322    2.00273418    2.10393631    2.07209214    2.07011950    2.58608244    2.09556441    1.75624079    1.79624395    2.02319717    1.72789139    1.96896469    2.07058994    2.20208257    2.02583191    2.08688635    2.10963987    2.01144196    2.14287789    2.28931935    2.01036081    1.97759844    1.94016784    1.92285024    1.87348307    2.44565415    3.39334563    1.98487081    2.59188207
A4ZYP9_CENAM/19-227     2.03623808    2.16628862    2.19652865    2.26283228    2.19757573    1.86622118    2.22870501    1.85570391    1.53810987    0.00000000    0.74033208    0.72604457    0.89696084    0.90385961    1.00944062    1.08936534    0.84579338    0.88189942    1.06137758    0.89895432    1.15124546    1.05254492    1.17106112    1.45454797    1.28246463    0.92947176    1.72888304    1.48326905    1.79351575    1.74135101    1.69740621    1.59898055    1.61917142    1.72322579    1.47115983    2.10246157    2.08685250    2.15097971    2.35587274    2.07207937    2.47608166    2.18321948    2.44822048    2.43924314    2.31292592    2.12197781    2.41857878    2.12211924    2.44013998    2.45618256    1.96268759    2.49354798    1.31511346    1.58189922    2.04992684    2.11961879    1.89489394    2.07637145    1.90115562    2.05465884    2.09112769    1.99043612    2.34133264    2.30722822    2.11825347    1.98794012    1.84884546    1.93545757    2.10122668    2.13389275    1.71737729    1.87701475    1.98324658    2.12446310    2.07946269    2.05480941    2.26981094    2.00380871    2.00937169    2.40648701    2.32407304    1.88598724    2.01546818    1.53116982    1.75273373    1.58847562    1.88852037    2.01736122    1.70293135    1.95515797    1.99178673    1.98373832    1.69178418    1.75597266    2.31953664    1.92576717    1.55683135    1.82395405    1.81797295    1.98874968    1.91091198    1.70118927    2.07656997    1.75902049    1.64352207    2.00096203    1.82126866    1.87573215    1.86188209    1.68819688    1.61438538    1.85479396    2.22420665    2.35648277    2.07467850    1.98366127    1.73222467    1.88782815    1.70188768    1.83729580    1.87848014    2.00338152    1.82446635    1.85631411    1.71907651    1.93383985    1.88333100    1.87596096    1.89009386    1.86528018    1.96906484    1.89438779    2.32433638    1.75203644    1.77895280    1.87583203    2.07400314    1.76836270    1.96288413    2.05725658    1.96691747    2.08194677    1.91309449    1.95196933    2.00685779    1.99340678    1.79224607    1.66802770    2.03347622    1.88532936    1.81918309    1.87234281    2.16519807    3.22052259    1.79425526    2.02810781
Q42909_MESCR/13-219     2.04356752    2.11013818    1.92340837    2.38611775    2.24928834    1.86940560    2.21339583    2.01548266    1.59670099    0.74033208    0.00000000    0.87995052    1.13806798    1.07481151    1.20650670    1.25832592    1.13463909    1.14182356    1.36030732    1.20442505    1.44421686    1.30247974    1.54574439    1.55954489    1.63395635    1.25903159    1.96100305    1.77386626    1.90208474    1.80066321    1.89900337    1.80417349    1.86211900    1.90322630    1.80765956    2.07944807    2.27059806    2.05392239    2.25074574    1.88342482    2.56028751    2.17218997    2.27822328    2.35103389    2.28474121    2.24343312    2.33988697    2.13192411    2.40284602    2.48420256    2.07202555    2.39610536    1.37609562    1.48091209    2.13486281    2.23992707    1.80861903    1.94576024    1.81938731    1.97733659    1.98602617    1.85748467    2.02394685    2.14000695    1.96949360    1.94598326    1.74052717    1.79258744    1.86858762    2.10346078    1.69978642    1.78009241    1.85521355    2.08933512    1.84686051    1.82606176    1.94074500    1.80940065    1.86662223    2.04259538    2.08643617    1.79930873    1.57767915    1.63296112    1.75704331    1.71040750    1.92280127    1.91792692    1.78210104    1.80287889    1.89139450    2.03113202    1.69603167    1.70523877    2.27109438    1.94909770    1.45757541    1.77148995    1.72721155    1.68218060    1.88722844    1.61874006    2.01719702    1.61062474    1.59211430    1.80606416    1.71485996    1.85685216    1.71521218    1.80384589    1.51212079    1.74705797    1.88878064    1.97857256    1.98712187    1.79234063    1.51930406    1.79093138    1.70861265    1.64310003    1.67071232    1.90469443    1.62558867    1.67023427    1.49627712    1.84667754    1.77201628    1.76139457    1.72766204    1.81067331    1.64241652    1.82442322    2.05346280    1.49487232    1.63902917    1.74068899    1.84810766    1.75248399    2.04491643    2.01856376    1.80273050    1.82253834    1.68785324    1.70153727    1.81663812    1.81113014    1.87326814    1.71155121    1.78470736    1.69204879    1.51823817    1.68226102    1.71047872    2.55989596    1.58470528    1.99966436
A5JW31_GALSU/83-294     2.11394195    2.16694564    2.11579062    2.35831308    2.25610068    1.96263054    2.14872546    2.17248508    1.52414901    0.72604457    0.87995052    0.00000000    0.85153273    0.75695386    1.09332764    1.10977101    1.00235339    0.95134596    1.14814661    0.94711634    1.34816158    1.19972591    1.32604221    1.47337638    1.39718885    1.05258941    1.75518555    1.66160362    1.95510122    1.91748459    1.90240205    1.72616877    1.83845960    1.91380194    1.79972171    2.01874186    2.18834394    2.01037383    2.26514204    2.10922503    2.35322813    1.98054908    2.40165944    2.29326052    2.04598178    2.09139586    2.36012617    2.18537244    2.24407752    2.38388727    1.75987949    2.32886409    1.57006138    1.65669722    2.16365207    2.01085917    1.95964352    2.00474174    1.97540979    1.93287170    1.86727257    1.89828094    2.07159077    2.11745954    1.97616202    1.85328393    1.69721755    1.81633715    1.99980407    2.14450090    1.68850529    1.71333156    1.81854854    2.25398982    1.94047753    1.89620632    1.94164013    1.84923787    1.87662291    1.98950989    2.00239583    1.92134067    1.85293467    1.67853501    1.73272433    1.63981004    2.05800840    1.99266720    1.95007362    1.83882051    1.96702644    1.91502309    1.72653679    1.71168376    2.28819426    1.87713107    1.77913943    1.98570373    1.90646026    1.78960215    1.87227506    1.96858187    1.92451258    1.76076826    1.62702955    1.92757873    1.70830150    1.81046759    1.98376589    1.88446615    1.65563198    1.86684561    2.09903783    2.10949186    2.06226941    1.84156262    1.48766055    1.75614585    1.69468850    1.73774767    1.74417292    1.74294767    1.62140828    1.71726539    1.64702924    1.69214590    1.71375496    1.82491698    1.86581899    1.84150419    1.74266839    1.90679816    2.08319753    1.73945658    1.63421698    1.54462866    1.88134269    1.95294510    2.07289684    2.30348446    1.87345487    1.91417217    1.82860539    1.75507183    1.96340788    1.90367578    1.86143599    1.81171027    1.76050400    1.75596690    1.59483109    1.88757103    2.07846438    2.99067425    1.59778285    1.91370411
Q2V8E8_9CHLO/10-255     2.05868793    2.57163471    2.23439798    2.59850490    2.45928187    2.13659562    2.47939279    1.95646378    1.74522838    0.89696084    1.13806798    0.85153273    0.00000000    0.62480936    0.97103137    1.00539614    1.09704610    1.12663185    1.14366964    1.10926122    1.32042432    1.40307027    1.47418811    1.69028491    1.59099398    1.08041638    2.02332041    1.59417547    1.94062518    1.78669396    1.76917917    1.73895355    1.81115612    1.77413565    1.73822500    2.26318525    2.20717466    2.19641315    2.50916062    2.21386447    2.62274529    2.28124360    2.55622324    2.50742622    2.26749856    2.25926278    2.38251950    2.15290349    2.33662695    2.52554693    2.01012981    2.37061789    1.29036446    1.66368756    2.15453052    2.30710039    1.97880504    2.04158312    2.06535624    2.07639937    2.13739542    2.11681661    2.43782456    2.22619443    2.12932247    2.10559007    1.82841546    2.26723992    2.18142701    2.26386534    2.13730737    1.98968949    2.27838906    2.28680875    2.09216014    2.07829144    2.17491874    2.00525331    1.75296545    2.14494615    2.20368910    1.98698918    2.13151171    1.80480728    1.95538963    1.81527264    1.97152323    1.91518740    1.95791728    1.98229859    2.09778536    1.93370526    1.94959086    1.88000501    2.02753527    2.22879975    1.81229846    2.10589900    1.84176822    2.06626576    1.91697858    2.02706467    2.25208445    1.94310105    1.91784305    1.88151506    1.68738901    2.00045069    2.02998632    1.86869565    1.72317549    1.94068615    2.12974029    2.09904831    2.07737743    2.08642671    1.79192050    1.95996392    1.84012960    1.90520268    1.87277765    1.99619683    1.85189044    1.90043409    1.93550837    1.94628757    1.79190157    1.88021592    1.81882891    1.93697602    1.89943086    1.89665939    2.22145379    1.85583579    1.93654849    1.72069319    1.96423611    1.96121661    2.03287465    2.21552431    2.01044177    2.03160412    2.22286346    2.04374821    2.26071744    1.85597875    2.25081922    2.13457343    2.06808412    1.94157722    1.84450251    2.12238425    2.20693104    3.07443688    1.68098957    2.16573825
APX7_ORYSJ/95-327     2.09553898    2.52411594    2.32177074    2.55887909    2.46646948    2.01277059    2.47634898    1.89671699    1.78498992    0.90385961    1.07481151    0.75695386    0.62480936    0.00000000    0.93116948    0.83406792    1.00628370    0.93217371    1.21352722    1.07473746    1.33022847    1.27331888    1.33959728    1.45293065    1.31621185    1.05583248    1.95663408    1.47463092    1.72615467    1.69937244    1.70664912    1.55397996    1.78378076    1.78341264    1.66029627    2.22241820    2.12554829    2.17965033    2.43676640    2.17953715    2.52176005    2.38863452    2.73287689    2.39182447    2.19369641    2.26325508    2.44218488    2.21449420    2.31185480    2.53541583    2.03308932    2.43776170    1.39668959    1.63852349    2.17910332    2.27767157    2.04564325    2.19821808    2.08703222    2.22478748    2.22754266    2.14686473    2.22119222    2.35943848    2.30132687    2.19355343    1.80242735    2.23122258    2.26745189    2.07122606    1.97098368    2.05017765    2.01367390    2.34731607    2.01955261    2.20000793    2.36369488    2.14744805    2.03174997    2.42892686    2.39460079    1.98110402    1.99698169    1.99134057    1.85179005    1.75860795    2.15218281    1.91604099    2.00888013    2.00148539    2.02057416    2.04968765    1.90073227    1.70648759    2.12601665    2.03373604    1.77726380    2.15820150    1.72506703    1.83761180    1.92474142    1.99198838    2.14357610    1.95773808    1.87627920    1.93894746    1.91028213    2.16325753    2.26506677    1.85032071    1.80402840    1.98767247    2.26081746    2.14868029    1.98267427    2.20689281    1.88621146    2.02442495    1.87918324    1.92769188    1.87520738    2.09790408    1.84760894    2.06066502    1.79374200    1.76074995    1.78050696    1.97121549    1.75576845    1.85962811    1.79070293    1.98366197    2.36571905    1.81950386    1.97799687    1.69950590    2.18445715    1.89787117    2.09786418    2.18295940    2.13918288    2.21688106    2.10206258    1.92645882    2.22467532    2.03925381    2.04467740    1.72610313    1.88735807    1.98372569    1.68791289    2.19748288    2.21543866    3.12839479    1.66276487    2.28583695
A4RRF3_OSTLU/4-256     2.25108891    2.32944779    2.05951965    2.36576374    2.28096258    2.05498215    2.36917980    1.77683853    1.77762850    1.00944062    1.20650670    1.09332764    0.97103137    0.93116948    0.00000000    0.84415398    1.35196654    1.20950070    1.55000576    1.29290708    1.43932568    1.61826079    1.66496414    1.67996290    1.50351073    1.38182972    1.96518288    1.89928438    2.05114826    2.03797397    1.82059356    2.17373540    1.87756002    2.13261696    2.06506175    2.37297872    2.40793324    2.24596186    2.53391262    2.16143705    2.61597067    2.43579070    2.56070151    2.62688036    2.59670678    2.45185843    2.82984310    2.30859300    2.40575615    2.74436667    2.36799871    2.67368752    1.64717739    1.58922248    2.34608264    2.33053484    2.28540421    2.29238347    2.24596495    2.18102155    2.13343560    2.55585461    2.60015231    2.72922754    2.45583168    2.46102969    2.06611056    2.38511813    2.39930979    2.28239183    2.14207763    2.39606876    2.33265469    2.36155883    2.33364754    2.61441263    2.65687102    2.15829545    2.16723851    2.60460396    2.81516643    2.19770463    2.45223482    2.22399210    2.09682987    2.10499396    2.49929605    2.21478410    2.16617696    2.17144657    2.27032361    2.38494099    1.99841722    2.02140389    2.69998212    2.00741054    2.18731084    2.52611687    1.81515733    2.23963186    2.12339613    2.12817396    2.42119260    2.35426886    1.88464090    2.10180730    2.03903043    2.28440983    2.41223143    2.10681309    1.85648988    2.45755527    2.64959763    2.30628280    2.34327616    2.23836113    1.95155648    2.05146799    2.00666829    2.09437495    2.06479317    2.00147150    2.08646070    2.17982181    2.06372243    2.22992262    2.02219724    2.21674264    1.95676154    2.20327895    2.00821787    2.03236234    2.51755233    2.22251090    2.22452198    1.92076926    2.54228071    2.19860796    2.44663674    2.66657779    2.29903997    2.26646695    2.28878225    2.25193408    2.41928490    2.43051689    2.39744163    2.08090704    2.32188460    2.20419323    1.98284100    2.56369807    2.51225847    3.36587429    2.13265094    2.52128405
Q5ENU9_HETTR/39-308     2.30806051    2.78534717    2.19615207    2.77914659    2.56901026    2.02166449    2.58759252    2.04500175    1.88823838    1.08936534    1.25832592    1.10977101    1.00539614    0.83406792    0.84415398    0.00000000    1.26832542    1.18035526    1.38723126    1.38197365    1.55716114    1.51705433    1.71327909    1.78756491    1.56601384    1.32264298    2.07547645    1.80198524    2.04504054    2.00873970    1.88523652    1.95164992    1.95766941    2.05072179    1.88145643    2.41992633    2.47794248    2.55633024    2.67134327    2.40249658    2.91336688    2.58874096    3.12995138    2.86643177    2.68645335    2.37273902    2.76990865    2.43055466    2.66780233    2.91185054    2.19861439    2.54610458    1.45125563    1.81399708    2.50218151    2.61933243    2.14831009    2.65308763    2.48555241    2.24807882    2.64975361    2.42038470    2.40800519    2.77640609    2.46175091    2.54211737    1.92514753    2.28752163    2.27972401    2.42028682    2.28381417    2.37716855    2.46729033    2.63488596    2.39654993    2.36341105    2.58106937    2.32337000    2.12294773    2.66322525    2.70107864    2.20512997    2.32495184    2.00573363    2.02534747    2.05837054    2.58555073    2.24912282    2.36754454    2.47126711    2.24812124    2.14900588    2.27150483    1.99892232    2.29984237    2.20406786    2.16167511    2.45349890    2.05434955    2.43072412    2.05838024    2.18978307    2.27639539    2.23923063    1.94513061    2.30153481    2.28540305    2.30628900    2.52226636    2.22841425    1.94210217    2.37609802    2.60590659    2.29982441    2.23370394    2.44500743    2.20374086    2.29001571    2.09204384    2.21670721    2.14973973    2.15021890    1.86539801    2.19056045    2.02558527    2.16521487    2.13221724    1.96091526    2.00013361    2.16631633    1.95595261    2.03512159    2.51638312    2.15108464    2.18537803    2.10198373    2.42812157    2.16678769    2.44749164    2.61147444    2.41957087    2.48542860    2.40390321    2.33249955    2.44282279    2.24995920    2.33089063    2.28110649    2.36970519    2.20034586    2.10263318    2.41050426    2.28093237    3.32050585    2.13831822    2.55344795
Q8LP26_EUGGR/393-620     2.00860271    2.39038650    2.08862558    2.71806295    2.50327503    2.21464689    2.51341217    1.99732458    2.05099886    0.84579338    1.13463909    1.00235339    1.09704610    1.00628370    1.35196654    1.26832542    0.00000000    0.98654017    1.14230112    1.10107948    1.19303389    1.24355863    1.51973105    1.46226718    1.33487954    1.11399094    1.67338730    1.43708485    1.77160720    1.69028347    1.58016331    1.63406948    1.46665201    1.61292693    1.52751870    2.45154046    2.44518756    2.50633496    2.75833094    2.50164775    2.83395928    2.64914187    2.84240739    2.69019190    2.53071480    2.43809852    2.63388675    2.69818941    2.76813328    2.78412094    2.31597934    2.65903353    1.38124271    1.81930624    2.00250958    2.17625091    1.87580568    2.02634793    1.90966501    1.79209780    2.12652927    2.16352720    2.28824265    2.63636989    2.02879535    2.13533258    1.93150487    2.04990753    2.25202707    2.28553095    1.72714144    1.91127549    1.89671964    2.20198103    2.03844659    1.88853738    1.99638735    1.83559838    1.86671329    1.91245522    1.98149097    1.72577241    1.75505067    1.76187618    2.05152356    1.79655577    1.78185005    1.87857993    1.92587399    1.94043379    1.91316564    2.08058344    1.93070097    1.87009485    2.20886485    2.11777009    1.79100620    2.08593570    1.64100391    2.03638677    1.86499977    1.90183581    2.04624454    1.86603538    1.75431994    2.19040586    2.08106094    1.99916653    2.17326059    1.95033649    1.87741682    1.88811424    2.36619371    2.36768142    2.34300478    1.92724982    1.96199762    1.92624746    2.02626341    1.81191118    1.83049676    2.07639612    1.87077978    1.87771439    1.97560285    1.90244771    1.94839228    2.25403939    1.92092087    1.99839640    2.10715066    2.14187752    2.19943690    2.03004763    1.86174354    2.03378251    2.17257283    2.01330422    2.14366173    2.36735321    2.12833446    2.20388243    2.10045940    2.06981459    2.09093527    1.98647084    2.14930961    1.79701329    1.98440719    1.84849396    1.94551790    1.92994926    2.35798345    3.47105644    1.81661846    2.13502981
Q5ENU8_ISOGA/15-243     2.22096355    2.82714106    2.02016884    2.74082222    2.52569229    2.20256697    2.71266633    2.39459091    1.76715939    0.88189942    1.14182356    0.95134596    1.12663185    0.93217371    1.20950070    1.18035526    0.98654017    0.00000000    1.15147065    0.93063948    1.13527511    1.09349611    1.27628460    1.25192165    1.12683452    0.90169608    1.62222174    1.50603926    1.77973773    1.77951177    1.82030169    1.60765191    1.50013623    1.62213025    1.58584085    2.21431281    2.49897286    2.44796980    2.44260149    2.64168787    2.90253816    2.34840860    2.76351801    2.47972685    2.48898261    2.48420079    2.52109694    2.36288261    2.17628880    2.57913503    2.05345064    2.58491789    1.50131200    1.76538875    1.85245322    2.08933959    2.02709348    2.09552038    1.96347789    1.97098226    1.90885264    2.00637361    2.14059883    2.10903265    1.88687811    2.04209538    1.78014541    1.94502265    1.97894664    2.04145679    1.72957971    1.82830592    1.79040237    2.32619092    1.86414459    1.84058807    1.99453971    1.67480343    1.78775225    1.95919408    2.01233438    1.84534688    1.71089827    1.64626379    1.77739802    1.68569936    1.89804124    1.91121341    1.68826350    1.78251136    1.77103296    1.75882278    1.81965704    1.68778044    2.19201389    1.76603785    1.68306760    1.65068755    1.94499626    1.96051498    1.89310744    1.90566412    1.97665672    1.73455780    1.82413185    1.76784321    1.64661885    1.69139634    1.75543935    1.56758132    1.58269012    1.88672181    2.06136582    1.98139103    1.98890317    1.90327297    1.67934346    1.94736547    1.71787262    1.72575499    1.70917282    1.81300806    1.51051208    1.79293185    1.66914756    1.81003623    1.56954742    1.75693985    1.77601050    1.67557738    1.73623198    1.76071736    2.40668760    1.80511179    1.81405338    1.79850215    2.01983577    1.73572863    1.87706444    2.07290431    1.84105024    1.75892711    1.74493364    1.83682066    1.94083850    2.00453105    2.00579361    1.91447208    1.95174772    1.83179814    1.90316076    1.87829776    2.09816974    2.91983634    1.77078477    1.99205102
