22
ARRD4_MOUSE/18-166     0.00000000    1.20832701    2.10725644    1.83405938    2.37194734    2.13874638    2.19283583    2.03985211    2.80216909    2.44390753    2.22704847    1.96432198    2.39458392    2.51870295    2.35884681    2.22384239    2.22532316    2.66482504    4.04622383    3.74227633    3.87234772    3.80951236
ARRD2_MOUSE/9-158     1.20832701    0.00000000    1.58006980    1.60890134    1.62648430    1.45912511    1.76282905    1.64522891    2.65034057    2.31480567    2.06530111    1.53676516    2.16064654    1.75734699    1.74395578    1.77780663    1.80777512    2.21517460    3.67268942    3.51292685    3.88008712    3.60227965
ARD17_CAEEL/7-155     2.10725644    1.58006980    0.00000000    1.61471849    1.62740343    1.50038948    1.57735082    1.50354679    2.00307753    2.23050203    2.06961684    1.44378213    2.06691093    1.79848514    1.71193925    1.73196907    2.02870950    2.95138901    3.40842324    2.94870941    4.56321443    3.54617881
Q20577_CAEEL/7-158     1.83405938    1.60890134    1.61471849    0.00000000    1.10911220    0.57605432    1.41990310    1.20009810    1.50716133    2.29307386    1.58176525    1.43415169    1.59923430    1.81880730    1.58080227    1.69418798    2.19560298    2.81787580    3.96903754    3.58292783    4.29541918    3.86153015
Q9XXI0_CAEEL/6-159     2.37194734    1.62648430    1.62740343    1.10911220    0.00000000    0.88633297    1.49811374    1.34531004    1.73591446    2.09041876    1.82140908    1.86661764    2.06097263    2.32209354    1.80404202    2.10841330    2.22360686    2.75992830    3.96620616    3.66241933    4.42434626    4.09262663
Q9XXI4_CAEEL/4-156     2.13874638    1.45912511    1.50038948    0.57605432    0.88633297    0.00000000    1.34722011    1.07291977    1.63833052    2.08431074    1.57632684    1.57560203    1.81710172    1.91373785    1.59565107    1.70128847    2.00189681    2.47101270    3.84340336    3.42295085    3.75661453    3.81286275
P91469_CAEEL/7-159     2.19283583    1.76282905    1.57735082    1.41990310    1.49811374    1.34722011    0.00000000    0.43378251    1.57643608    1.84028415    1.68506059    1.70047712    1.83789225    2.05800480    1.83857651    1.85326146    2.33896318    3.04120797    3.56483282    3.25718097    4.09088862    3.38043576
O17981_CAEEL/6-159     2.03985211    1.64522891    1.50354679    1.20009810    1.34531004    1.07291977    0.43378251    0.00000000    1.53248793    1.67482192    1.59268996    1.50174819    1.80875336    2.02125189    1.78263379    1.91106931    2.07430285    3.20948938    3.50340849    3.22989462    4.19367792    3.54837303
Q23672_CAEEL/8-142     2.80216909    2.65034057    2.00307753    1.50716133    1.73591446    1.63833052    1.57643608    1.53248793    0.00000000    1.85740847    1.95617956    2.13611560    2.37555567    2.18275900    2.29212506    2.41466241    2.35712584    3.39529526    3.33037280    2.95862159    3.30503302    3.56290792
O17983_CAEEL/6-146     2.44390753    2.31480567    2.23050203    2.29307386    2.09041876    2.08431074    1.84028415    1.67482192    1.85740847    0.00000000    2.17314019    1.97015300    2.64201489    2.15039972    2.32745160    2.15564205    2.19283076    2.96632208    4.11466768    3.59184242    3.87102536    3.77664733
Q23674_CAEEL/4-159     2.22704847    2.06530111    2.06961684    1.58176525    1.82140908    1.57632684    1.68506059    1.59268996    1.95617956    2.17314019    0.00000000    1.66508445    2.10734015    2.00714762    1.95884870    2.18203688    2.46419168    2.93838721    4.17602754    4.05182926    4.28579601    4.37989194
Q9VI53_DROME/6-155     1.96432198    1.53676516    1.44378213    1.43415169    1.86661764    1.57560203    1.70047712    1.50174819    2.13611560    1.97015300    1.66508445    0.00000000    1.45393271    1.27418879    1.25756165    1.38483019    1.93189231    2.85815029    3.37232520    3.16358594    3.85246497    3.04329313
Q9VGU7_DROME/5-155     2.39458392    2.16064654    2.06691093    1.59923430    2.06097263    1.81710172    1.83789225    1.80875336    2.37555567    2.64201489    2.10734015    1.45393271    0.00000000    1.55546691    1.56311936    1.77366472    2.57633127    2.82898049    3.38496273    3.24118529    3.31854827    3.41309898
Q9VI00_DROME/5-148     2.51870295    1.75734699    1.79848514    1.81880730    2.32209354    1.91373785    2.05800480    2.02125189    2.18275900    2.15039972    2.00714762    1.27418879    1.55546691    0.00000000    1.51389516    1.81365392    2.24169549    2.85889419    2.75275908    2.90242230    3.56650896    3.11956507
Q9I7L0_DROME/5-150     2.35884681    1.74395578    1.71193925    1.58080227    1.80404202    1.59565107    1.83857651    1.78263379    2.29212506    2.32745160    1.95884870    1.25756165    1.56311936    1.51389516    0.00000000    0.81726528    2.28262422    2.81311496    3.74687938    3.91806475    4.36305978    3.63780769
Q8SYU5_DROME/5-157     2.22384239    1.77780663    1.73196907    1.69418798    2.10841330    1.70128847    1.85326146    1.91106931    2.41466241    2.15564205    2.18203688    1.38483019    1.77366472    1.81365392    0.81726528    0.00000000    2.21671394    3.06311577    3.93142381    3.93410929    4.54866681    3.68770086
Q20232_CAEEL/7-150     2.22532316    1.80777512    2.02870950    2.19560298    2.22360686    2.00189681    2.33896318    2.07430285    2.35712584    2.19283076    2.46419168    1.93189231    2.57633127    2.24169549    2.28262422    2.21671394    0.00000000    2.96436755    3.60342671    3.47727870    3.81288356    3.67803433
PALF_YEAST/39-201     2.66482504    2.21517460    2.95138901    2.81787580    2.75992830    2.47101270    3.04120797    3.20948938    3.39529526    2.96632208    2.93838721    2.85815029    2.82898049    2.85889419    2.81311496    3.06311577    2.96436755    0.00000000    3.55419153    3.34017592    3.66589072    4.21327421
ARRS_BOVIN/22-180     4.04622383    3.67268942    3.40842324    3.96903754    3.96620616    3.84340336    3.56483282    3.50340849    3.33037280    4.11466768    4.17602754    3.37232520    3.38496273    2.75275908    3.74687938    3.93142381    3.60342671    3.55419153    0.00000000    0.52042246    0.90424945    1.04642188
ARRB1_BOVIN/18-174     3.74227633    3.51292685    2.94870941    3.58292783    3.66241933    3.42295085    3.25718097    3.22989462    2.95862159    3.59184242    4.05182926    3.16358594    3.24118529    2.90242230    3.91806475    3.93410929    3.47727870    3.34017592    0.52042246    0.00000000    0.65473547    0.86429536
ARRB_CAEEL/22-186     3.87234772    3.88008712    4.56321443    4.29541918    4.42434626    3.75661453    4.09088862    4.19367792    3.30503302    3.87102536    4.28579601    3.85246497    3.31854827    3.56650896    4.36305978    4.54866681    3.81288356    3.66589072    0.90424945    0.65473547    0.00000000    1.05400670
B4LEM0_DROVI/17-172     3.80951236    3.60227965    3.54617881    3.86153015    4.09262663    3.81286275    3.38043576    3.54837303    3.56290792    3.77664733    4.37989194    3.04329313    3.41309898    3.11956507    3.63780769    3.68770086    3.67803433    4.21327421    1.04642188    0.86429536    1.05400670    0.00000000

