69
Y2R2_DROME/498-741     0.00000000    1.63801770    2.00528707    1.99697873    2.24658139    2.16315929    2.40429008    2.40513914    2.34761527    2.37111418    2.41635855    3.34066263    3.25623215    4.16278851    3.69044487    3.34199427    3.44261796    2.97470688    3.38206038    3.40530696    4.04995201    3.53791895    3.47810712    3.32420170    3.34960460    3.46831294    3.98507724    3.77562629    3.66664223    4.00606666    4.34359869    4.39497977    4.30458551    4.50468608    3.68697013    3.54940168    3.84623145    4.08721964    3.34021096    3.67189267    3.82580135    4.22824502    3.36121746    3.70638418    3.47116709    2.51063483    2.71717340    2.55173643    2.37712832    3.27434493    3.11168307    2.95837715    2.95170189    3.03925786    2.96354625    4.24857571    3.10953825    3.58201452    3.72466845    2.79996947    2.58878977    2.88355406    2.96418805    2.47443587    2.94860314    3.21742107    2.99710714    2.26127961    2.26164506
Q93139_BOMMO/469-719     1.63801770    0.00000000    1.86843769    2.07103037    2.50668458    2.07024356    1.90282575    1.95236653    2.22160814    1.80860659    2.11294283    3.82143878    3.80280234    3.81192604    4.27321496    3.45008155    3.33560404    3.21164896    2.71336537    3.06567784    3.80959659    3.12579967    3.43262480    3.36938699    4.10002412    4.49136874    3.87171742    4.04096882    3.83318602    4.71590711    4.28094442    3.81079929    4.18841630    5.79046400    4.45471113    4.37106037    3.79654447    3.86091756    4.15158921    3.91275924    4.31659496    4.20166802    4.02825558    3.87153804    3.75959999    2.71418503    2.78547616    2.73977825    2.32260165    3.31132447    3.13954747    2.75357110    2.99961964    3.38866153    2.90396628    3.49255435    3.85346957    3.18516074    3.74738238    2.44974387    2.73028250    2.79813745    2.95624447    2.81536960    3.21458538    3.03280952    3.21932028    2.18506148    2.38039062
O01419_BOMMO/502-756     2.00528707    1.86843769    0.00000000    1.84475902    2.48048680    2.30344627    1.93571560    1.94499588    2.13880494    2.01994976    2.08798301    2.73334894    3.01485325    3.21182806    3.11721961    2.76809063    2.65385730    2.88493251    2.85581138    3.18805746    3.07464738    2.83671051    2.62929007    2.74314164    2.87260090    2.86303915    3.18511348    2.83895922    3.80993487    3.53130384    3.92015265    3.65516768    3.91863939    4.62590408    3.75859342    3.94899619    3.60402686    3.35420090    3.27308952    3.75906635    3.49258621    3.94250965    4.04197999    3.23301708    3.09815593    2.53117391    2.48541656    2.88803977    2.63190785    3.07510100    2.64865881    2.50823119    2.64396085    2.79970300    2.65665618    3.20976647    2.82764972    3.17267562    3.08184822    2.05051054    2.20885018    2.39583234    2.55524404    2.53082514    2.71769715    2.66711793    2.61355408    2.40125078    2.26695290
O18558_AEDAE/472-725     1.99697873    2.07103037    1.84475902    0.00000000    2.04142166    2.24585302    1.95662175    1.96909241    2.15192531    1.92973618    2.06537059    3.33892055    3.06125493    3.56616801    3.69011981    3.46660932    2.98609576    3.36004309    3.03395364    3.08033498    3.00979399    2.77957589    3.15320752    3.26609050    3.00623731    3.27738657    3.70608960    3.82408033    3.70049617    4.17573618    3.91132054    4.30333210    4.24943619    4.47393602    3.58704969    3.89367628    3.97401534    3.91346258    3.65275915    4.05618359    3.45018749    3.76107708    3.80533272    3.85497837    3.71768268    2.67504978    2.37436572    2.69824342    2.57711227    2.97987544    2.70714007    2.53046628    2.93712547    2.61072374    2.74475901    4.25776420    3.09813850    2.75535597    3.07041697    2.48691739    2.38260577    2.35377080    2.81948808    2.47473970    2.84885822    3.11561396    2.91926080    2.63158429    2.30577973
Q26816_9TRYP/545-793     2.24658139    2.50668458    2.48048680    2.04142166    0.00000000    2.09457618    2.14286120    1.89972266    1.96413112    1.84376751    2.07609433    4.03726926    3.81669895    4.29103800    3.24291161    4.24618678    4.12441101    3.67606477    3.60217764    4.00900472    3.63202787    3.36678777    3.91666883    3.55920018    3.54839852    3.25064550    3.50165638    3.88980722    4.21031262    4.28755823    4.19143112    3.89865984    4.53573474    4.00422716    3.48225981    3.73121184    4.40852893    4.21672253    3.75732789    3.89626025    3.56662081    3.83959362    4.41206936    3.56595918    4.09322848    2.21098354    2.75256851    2.60292773    2.52795804    2.55971984    2.33827770    2.47545534    2.62115880    2.62714187    2.86378400    4.34568092    3.22003722    2.93616468    3.93759049    2.85557144    2.78704060    3.11890468    2.90843974    2.96200584    3.28425510    3.04237506    3.20625815    2.14615490    2.16506253
RTJK_DROME/502-757     2.16315929    2.07024356    2.30344627    2.24585302    2.09457618    0.00000000    1.15292602    1.27380698    1.44537070    1.33255184    2.00023923    3.41793230    3.15135893    3.32701132    3.54591450    3.44464465    3.64784384    3.16521546    3.45385206    3.22599427    3.37894293    3.44721299    3.40098718    3.54006786    3.28461395    3.91096290    3.06919245    3.88585047    3.87963872    4.51596751    4.24468096    4.53673870    4.27572224    4.35910164    4.08483960    4.22950864    3.66346830    3.75899615    4.18704247    4.48970128    4.14571342    4.32880421    4.34660411    4.20898426    4.10652417    2.30473209    2.63448909    2.36691783    2.68190343    3.18772985    2.94786217    2.86131515    2.82572013    3.17023608    3.01857133    3.91712397    3.35474734    3.80230968    3.82333734    2.65778726    2.65922148    3.23958202    2.81547741    2.77914099    3.11555542    2.76299428    3.50264657    2.22599277    2.27457416
Q04135_DROME/496-743     2.40429008    1.90282575    1.93571560    1.95662175    2.14286120    1.15292602    0.00000000    1.25317176    1.51485285    1.45216936    1.88367095    3.45053997    3.59818768    3.50945738    3.57683229    3.88633330    3.74866409    3.68042992    3.48568621    3.26539215    3.51128966    3.50393837    3.23766325    3.44159003    2.95417337    3.79346028    3.05298785    3.39101804    3.73396760    4.38213367    3.74127986    4.42554216    4.47485378    4.74163609    4.13773824    4.16899210    3.62720312    3.89876846    3.80044682    4.27301757    3.57268630    4.01360913    4.16081071    3.84039876    4.02451358    2.41365426    2.42648948    2.67371105    2.37523435    3.04432897    3.11644781    2.70189121    3.06572519    3.06063744    3.02022883    2.67790108    3.19574537    3.05848429    3.73435903    2.30818383    2.13132562    2.77770563    2.42282142    2.48304850    3.01939809    2.70569963    3.09488988    2.01156671    2.17031007
O96546_LYMDI/526-780     2.40513914    1.95236653    1.94499588    1.96909241    1.89972266    1.27380698    1.25317176    0.00000000    0.76552825    1.25346056    1.71503672    3.21033707    3.60642808    3.49166777    3.31988383    3.59681999    3.37785084    3.27910388    3.03205288    3.25824226    3.26508331    3.04605665    2.94800240    3.19974849    2.68926483    3.82876009    3.29174628    3.95637050    3.71065769    5.02973521    4.58371371    4.47323639    4.33389821    5.05881234    4.11734319    4.53370423    3.94393814    4.09519094    3.34103524    4.75465410    3.74181451    4.12064393    4.20014789    3.49849997    4.05700402    2.17585607    2.69105745    2.39490676    2.28840109    3.01361557    2.53477550    2.38311479    2.60321084    2.55694947    2.26490857    3.99874622    3.48473127    3.24715107    3.57307119    2.27639909    2.28277786    2.75868613    2.57347361    2.74144908    2.91252281    2.53886805    3.02572188    2.09830747    2.13128090
Q93137_BOMMO/515-771     2.34761527    2.22160814    2.13880494    2.15192531    1.96413112    1.44537070    1.51485285    0.76552825    0.00000000    1.34058095    1.97541616    3.72935651    3.98035621    3.58258474    3.53192726    3.73815492    3.47759621    3.65902822    3.36162236    3.15891321    3.52719193    3.46967539    3.29046326    3.59010120    3.44501392    3.79525966    3.80757531    3.64070639    4.50929798    4.41854374    4.23525804    3.91560576    4.11138538    4.72837825    4.65211794    4.18491206    3.93413231    4.56737302    3.73748321    4.79834132    3.99460894    4.21871694    4.68930141    4.11543483    4.19094700    2.26014583    2.52128379    2.32323976    2.43249467    2.82224686    2.63812033    2.42557403    2.81069963    2.88839440    2.33272728    3.97483455    3.23887289    3.23816623    3.91816735    2.29987953    2.29315055    2.96077158    2.76402102    2.68447436    3.06547337    2.53266613    3.08431385    2.19516423    2.40225970
Q07995_CHITU/509-760     2.37111418    1.80860659    2.01994976    1.92973618    1.84376751    1.33255184    1.45216936    1.25346056    1.34058095    0.00000000    1.82418775    3.55437487    3.22834136    3.45204220    2.94171412    3.53764973    3.33760261    3.17725471    3.02606032    2.64605903    3.11447450    2.90708495    3.02565454    2.92654956    3.28442085    3.72450520    3.31855361    3.09488788    4.02923561    4.16630105    3.93107991    3.72811585    4.25287773    4.38950506    3.81983301    3.86277377    3.38799163    3.48641037    3.35403284    4.45194909    3.93764417    3.97164124    4.09001948    3.70380957    3.52932469    2.02960494    2.47455430    2.04376549    2.21040654    2.90606911    2.75288252    2.59134147    3.03352845    2.61310860    2.25227029    3.45569673    3.05242914    2.75425334    3.01215837    2.29745279    2.06961076    2.47425357    2.80473666    2.48780028    2.97555816    2.63618237    2.69273633    2.10052231    1.98231970
Q01379_NEUCS/505-761     2.41635855    2.11294283    2.08798301    2.06537059    2.07609433    2.00023923    1.88367095    1.71503672    1.97541616    1.82418775    0.00000000    3.87104201    3.53014451    3.74711805    3.72193970    3.68847292    3.22046578    3.27402683    3.11631212    3.20263559    3.12226568    2.88408614    2.68123712    2.84460142    3.54045404    3.85380745    3.64820688    3.75037588    3.76267136    3.90424629    4.51354570    4.12903986    4.32007327    4.61908438    4.28559642    3.46144580    3.73155393    4.41694990    3.84662510    4.36739572    4.22555619    3.56609394    3.81643859    3.81446562    3.71924439    2.44421350    2.58908476    2.48033427    2.39789806    2.30276079    2.79421106    2.40151696    2.54524921    2.53039265    2.44881126    3.08983890    3.00871055    3.51712518    3.79611019    2.59945827    2.49856068    2.57936435    2.54408969    2.15348169    2.56752409    2.80165465    2.67433979    2.04220747    2.09901335
POL_EIAV9/249-419     3.34066263    3.82143878    2.73334894    3.33892055    4.03726926    3.41793230    3.45053997    3.21033707    3.72935651    3.55437487    3.87104201    0.00000000    0.79309541    0.75557073    0.86100917    0.83742754    1.39787179    1.42384092    1.35374752    1.67038993    1.29380426    1.47119680    1.50588957    1.49408414    2.11073155    1.81867873    2.18036423    2.66499852    2.22459095    3.19563243    2.96434167    3.06006416    2.54577808    2.78687857    2.69003022    2.43188712    2.21408507    2.33799200    2.24362110    2.54005332    2.17528558    1.77206829    2.28433683    2.14159115    2.14232666    3.24401163    2.68561596    3.46755968    3.43023142    4.21771473    3.34576533    3.52729904    3.20539207    3.82594262    3.36027457    3.58186788    3.68475374    3.43667895    3.51064861    3.26858063    3.62592790    3.00628389    3.10739663    2.98845743    3.45027272    3.22099712    2.82549478    3.36397921    3.46035016
POL_BIV29/638-806     3.25623215    3.80280234    3.01485325    3.06125493    3.81669895    3.15135893    3.59818768    3.60642808    3.98035621    3.22834136    3.53014451    0.79309541    0.00000000    0.90239136    0.90111416    0.89545539    1.62858281    1.61155551    1.19889055    1.61446904    1.50512065    1.35009673    1.65054096    1.46601872    2.02476416    1.54613986    2.06763673    2.10378253    2.09258999    2.50510482    2.27358827    2.33399763    2.12907221    2.34533682    2.16323525    2.04026988    1.82653221    2.04625723    2.03971947    2.29037799    2.27047000    1.87698155    2.25373955    1.80533504    1.85981918    3.08146755    2.81080164    3.31674621    3.03365036    3.75926883    3.50131344    3.46898096    3.38103690    3.87641714    3.65653793    3.65448012    2.74842815    3.33572018    3.16619532    3.23134168    3.91775757    2.77857795    3.47616602    3.15731499    3.30823865    3.14617047    3.17036986    3.07825628    3.21414967
POL_HV1MA/655-826     4.16278851    3.81192604    3.21182806    3.56616801    4.29103800    3.32701132    3.50945738    3.49166777    3.58258474    3.45204220    3.74711805    0.75557073    0.90239136    0.00000000    0.72990397    0.65601336    1.49085287    1.56349588    1.60984031    1.77127255    1.55268431    1.39866429    1.90885754    1.66594611    2.16663905    1.79014670    2.02005241    2.50892424    2.51241012    2.84539560    2.65886314    2.84215571    2.72850193    2.54548944    2.39773296    2.34339946    2.06927352    2.12867373    2.29805003    2.30578249    2.47393807    1.76052388    2.52804919    2.02186421    2.22021301    3.20249414    3.29704743    3.54153109    3.55275884    4.53549579    3.49176491    3.67932203    3.49142501    3.69546051    3.67375930    3.73346073    3.51697324    3.72789511    3.80899358    3.74926502    4.09889589    3.67274734    3.68396370    3.87262060    4.22328355    3.57550264    3.38327286    3.24710325    3.83024710
POL_CAEVC/210-380     3.69044487    4.27321496    3.11721961    3.69011981    3.24291161    3.54591450    3.57683229    3.31988383    3.53192726    2.94171412    3.72193970    0.86100917    0.90111416    0.72990397    0.00000000    0.87990909    1.60644473    1.68768479    1.53237490    1.71020442    1.48146579    1.52131375    1.73686227    1.64700891    2.52438807    1.64763568    2.27404658    2.37205165    2.45821079    3.26546658    2.50907215    2.90860235    2.41897994    2.32415349    2.40417737    2.41970924    1.71791738    2.12017149    2.28314226    2.34128574    2.29639420    1.93622145    2.25607089    2.06188461    2.16674074    3.02929540    2.89968420    3.21283579    3.14949074    3.99097945    3.29179763    3.48375063    3.49038359    3.79776525    3.37516856    3.68251108    3.21645563    3.62815208    3.16457260    3.24609559    3.62092452    3.31905229    3.94604812    3.52325525    4.00737479    3.58257526    3.26328852    2.93917677    3.44882639
Q03261_SIV/246-416     3.34199427    3.45008155    2.76809063    3.46660932    4.24618678    3.44464465    3.88633330    3.59681999    3.73815492    3.53764973    3.68847292    0.83742754    0.89545539    0.65601336    0.87990909    0.00000000    1.29010666    1.31494720    1.33588763    1.36059935    1.22754658    1.19213868    1.62043955    1.34315595    1.91666016    1.70579416    1.78052559    1.99634685    2.34981826    2.42403359    2.24209301    2.50719201    2.02968763    2.15625494    2.23021259    2.01347612    1.65046716    1.76256169    1.74353702    2.03043566    2.11250938    1.89132161    2.18600182    1.81139704    1.83699249    3.00258745    2.58980391    2.89262974    3.34949040    3.92533300    2.95908245    3.18967576    3.16576636    3.61398647    3.09433843    3.68699596    2.87159068    3.12175914    3.15891276    2.66408877    3.37094629    2.84724599    3.59296690    3.67385299    3.62086535    3.30496559    3.14119422    3.26652456    3.84406761
Q83013_9RETR/68-238     3.44261796    3.33560404    2.65385730    2.98609576    4.12441101    3.64784384    3.74866409    3.37785084    3.47759621    3.33760261    3.22046578    1.39787179    1.62858281    1.49085287    1.60644473    1.29010666    0.00000000    0.86170064    1.03044634    0.94897303    0.94559615    0.88373858    1.38856084    1.29488127    1.97449664    1.70579068    2.00135860    2.15758993    2.38997278    2.61439274    2.60478461    2.39822885    2.59122338    2.57613547    2.53119618    2.28294037    2.27990447    2.07389045    2.32471921    2.35295919    2.21109925    1.93558325    2.50259606    2.13083000    2.03702732    3.62160112    2.97871351    3.25247442    3.07846255    3.55164582    3.29676677    3.18868341    3.08044146    3.92752936    3.08056587    3.17440492    2.91598984    3.46044334    3.31912653    2.75132280    3.40637637    2.80534489    2.65688441    3.22206996    2.96127618    3.47499419    3.52245249    3.94780807    3.52898769
POK10_HUMAN/76-245     2.97470688    3.21164896    2.88493251    3.36004309    3.67606477    3.16521546    3.68042992    3.27910388    3.65902822    3.17725471    3.27402683    1.42384092    1.61155551    1.56349588    1.68768479    1.31494720    0.86170064    0.00000000    0.71920917    0.74976200    0.77346451    0.87292470    1.31635093    1.29569248    2.11824030    2.10185061    2.18152237    2.12735262    2.55031633    2.64671218    2.43410403    2.59379062    2.55736591    2.78330612    2.94466607    2.44282671    2.14352182    2.27579907    2.15860920    2.32837151    2.71340817    1.88794689    2.41970043    2.25356665    2.26493247    2.94213562    2.91710635    3.41500039    3.21570692    3.57457650    3.46938013    3.20858880    3.55865710    3.60629072    3.22962645    3.64120973    3.10264596    3.53241865    3.70157602    3.59777279    4.05736105    2.75839810    2.88683107    3.06724072    3.35576773    3.46483026    3.02154649    3.91770761    3.31203584
POL_SMRVH/1063-1232     3.38206038    2.71336537    2.85581138    3.03395364    3.60217764    3.45385206    3.48568621    3.03205288    3.36162236    3.02606032    3.11631212    1.35374752    1.19889055    1.60984031    1.53237490    1.33588763    1.03044634    0.71920917    0.00000000    0.63443673    0.86170866    0.83051000    1.36621908    1.12143728    2.04940656    1.91215489    1.88147639    2.20543905    2.19861663    2.50998490    2.39436353    2.47479444    2.48872411    2.49475934    2.61668142    2.31480456    1.86441045    2.21394281    2.22359661    2.32674104    2.23335293    1.82459630    2.42541054    1.99164035    2.21693226    3.00426703    2.78573500    3.01952516    3.16984239    3.31614981    3.30095453    2.94223976    3.26213669    3.66759004    3.03752113    3.73341262    3.27238321    3.27011538    2.95037743    2.94988881    3.70246356    2.72434686    3.32233862    2.82312489    3.25000671    2.93925038    2.79093748    3.55642450    2.73627574
POL_MMTVB/924-1093     3.40530696    3.06567784    3.18805746    3.08033498    4.00900472    3.22599427    3.26539215    3.25824226    3.15891321    2.64605903    3.20263559    1.67038993    1.61446904    1.77127255    1.71020442    1.36059935    0.94897303    0.74976200    0.63443673    0.00000000    0.87375291    1.03279294    1.48467562    1.29095555    2.01355913    2.28286388    2.08664198    1.95059099    2.31052884    2.30154796    2.26981006    2.35892038    2.56501684    2.56440716    2.23376057    2.56016193    1.83980057    2.30385075    2.42454239    2.30823619    2.38868695    1.85925936    2.21196357    2.05530689    2.12610544    3.06185917    2.57099803    2.99739910    3.06359852    3.61527767    3.42409984    3.41939367    3.65179948    4.21529783    3.30658728    3.57849934    3.29184003    3.53301302    3.56400268    3.28533993    3.79019606    3.09075196    3.44551317    2.88071268    3.49631434    3.45413829    3.80321081    3.76887333    3.77400004
POL_IPHA/60-229     4.04995201    3.80959659    3.07464738    3.00979399    3.63202787    3.37894293    3.51128966    3.26508331    3.52719193    3.11447450    3.12226568    1.29380426    1.50512065    1.55268431    1.48146579    1.22754658    0.94559615    0.77346451    0.86170866    0.87375291    0.00000000    0.81318576    1.38257355    1.30247552    1.98738635    2.10899657    1.99025790    2.38054383    2.31372596    2.42948299    2.49413657    2.79611533    2.73911618    2.78274157    2.89817949    2.46001605    2.28607166    2.47262372    2.54411117    2.34687189    2.58408284    2.05077377    2.34881554    2.13480562    2.14652797    2.90081973    2.97170582    3.81224075    3.46410313    3.58965140    3.91980228    3.53959034    3.77058072    4.08016311    3.64399341    3.58089964    3.38991744    3.45337515    3.29789599    3.40723145    3.85855967    2.80514600    3.31254524    3.16006506    3.22169557    3.05402045    3.17756285    4.59668967    3.62053693
POL_RSVP/769-938     3.53791895    3.12579967    2.83671051    2.77957589    3.36678777    3.44721299    3.50393837    3.04605665    3.46967539    2.90708495    2.88408614    1.47119680    1.35009673    1.39866429    1.52131375    1.19213868    0.88373858    0.87292470    0.83051000    1.03279294    0.81318576    0.00000000    1.50210047    1.14913777    1.95669068    1.85892212    2.17265712    2.25052278    2.18680663    2.73500707    2.64827369    2.64515175    2.66553217    2.75566504    2.55049432    2.50486104    2.27696918    2.12164207    2.42415895    2.27490321    2.39700140    2.23224976    2.59727210    2.36621626    2.24816527    3.13559249    2.54277880    3.23619813    3.21235708    3.56681820    3.36964968    3.24619489    3.12718169    3.33393279    3.12313832    3.62264929    2.98576654    2.98160324    3.24105271    2.87907232    3.70920925    2.58599908    3.08126084    3.15329441    3.26836146    3.21596596    3.02584772    3.46599965    3.02576286
POL_BLVAU/605-776     3.47810712    3.43262480    2.62929007    3.15320752    3.91666883    3.40098718    3.23766325    2.94800240    3.29046326    3.02565454    2.68123712    1.50588957    1.65054096    1.90885754    1.73686227    1.62043955    1.38856084    1.31635093    1.36621908    1.48467562    1.38257355    1.50210047    0.00000000    0.89127178    1.72949862    2.00750745    1.91023475    2.24288448    2.64056980    2.61124073    2.31341626    2.53291660    2.69672254    2.98820496    2.47755728    2.04740444    2.18743836    2.07215201    2.23639674    2.36523870    2.36634753    2.06654488    2.21384670    2.21494431    2.15795957    3.47186723    3.00203269    3.53618485    3.61534638    3.70495192    3.63926282    4.15954298    3.48143327    3.69426308    3.40998431    3.83870515    3.75798026    3.45324725    3.40049801    3.06637594    3.64633596    2.42396327    2.75499560    2.80352508    3.24990614    3.18251863    3.44363275    3.96152828    3.82568901
POL_HTL1A/633-804     3.32420170    3.36938699    2.74314164    3.26609050    3.55920018    3.54006786    3.44159003    3.19974849    3.59010120    2.92654956    2.84460142    1.49408414    1.46601872    1.66594611    1.64700891    1.34315595    1.29488127    1.29569248    1.12143728    1.29095555    1.30247552    1.14913777    0.89127178    0.00000000    1.78937341    2.11732452    1.83482096    2.21112026    2.59092346    2.15118665    2.05659644    2.28803216    2.19963529    2.47236776    2.52513101    1.81368756    1.80330922    1.99644211    2.04531207    2.19655250    2.47733802    1.83113184    2.44351934    1.72620846    1.95904457    2.89004820    2.71385976    3.16033781    2.99972720    3.19175754    3.27420752    3.29941403    3.43326028    3.29720523    2.87496416    3.56037579    2.93088293    2.76730226    3.41858443    3.18464873    4.46685420    2.69310044    2.73987861    2.91738052    3.31358650    3.02508196    3.35483980    3.47133965    3.35237295
Q88285_9RETR/848-1015     3.34960460    4.10002412    2.87260090    3.00623731    3.54839852    3.28461395    2.95417337    2.68926483    3.44501392    3.28442085    3.54045404    2.11073155    2.02476416    2.16663905    2.52438807    1.91666016    1.97449664    2.11824030    2.04940656    2.01355913    1.98738635    1.95669068    1.72949862    1.78937341    0.00000000    1.73661422    1.75076007    1.96009964    2.04571370    2.29239083    2.28293699    2.57533352    1.99953804    2.53392039    2.12546304    2.09368518    2.00535871    1.86327139    1.90774880    2.26848827    1.98318495    1.79325575    1.88704420    1.67792722    1.62808632    3.09706777    3.05867383    2.83773584    3.25149156    3.05563366    3.03323136    3.49779000    3.17751612    3.91975393    3.58081339    3.35738374    3.11070928    3.82213791    3.78987820    2.69504700    3.24237603    2.59970512    2.75433510    3.33535153    2.94867288    3.02345088    3.61294150    3.79792157    3.76666547
Q17329_CAEEL/1071-1231     3.46831294    4.49136874    2.86303915    3.27738657    3.25064550    3.91096290    3.79346028    3.82876009    3.79525966    3.72450520    3.85380745    1.81867873    1.54613986    1.79014670    1.64763568    1.70579416    1.70579068    2.10185061    1.91215489    2.28286388    2.10899657    1.85892212    2.00750745    2.11732452    1.73661422    0.00000000    1.21744048    1.47067905    1.56737136    1.65173505    1.39179682    1.39774544    1.60274509    1.55743484    1.55325031    1.39064662    1.37226237    1.39995926    1.25785176    1.71247731    1.36502531    1.47958371    1.50131353    1.24970023    1.27112566    3.07321066    2.80838134    3.33903927    3.84554478    3.27590715    3.24346228    3.74651237    3.30996257    3.91865666    3.82412600    3.67079647    3.40453318    3.92674040    4.07000962    3.19635444    3.63076398    2.92658441    3.41056148    3.36492847    3.26582573    4.04376047    3.26402554    3.32739316    3.77351198
YG31B_YEAST/639-797     3.98507724    3.87171742    3.18511348    3.70608960    3.50165638    3.06919245    3.05298785    3.29174628    3.80757531    3.31855361    3.64820688    2.18036423    2.06763673    2.02005241    2.27404658    1.78052559    2.00135860    2.18152237    1.88147639    2.08664198    1.99025790    2.17265712    1.91023475    1.83482096    1.75076007    1.21744048    0.00000000    0.96828364    1.28832432    0.97742629    0.87755670    0.91413353    1.21319942    1.36295941    1.61394095    1.19323578    1.13862349    0.94496933    0.92905708    1.39944530    1.21736438    1.33447049    1.33489177    1.07523291    1.16119584    3.42655473    2.92852991    3.49277774    3.65929141    3.86180568    3.95692187    3.96777255    3.53775715    3.90978891    3.95101535    3.80017312    3.61820583    3.69450045    3.51506829    3.50165913    3.43974465    3.92242418    4.30559712    3.72825326    3.36006607    3.34866081    3.89630037    4.07481750    3.11400824
TF21_SCHPO/455-615     3.77562629    4.04096882    2.83895922    3.82408033    3.88980722    3.88585047    3.39101804    3.95637050    3.64070639    3.09488788    3.75037588    2.66499852    2.10378253    2.50892424    2.37205165    1.99634685    2.15758993    2.12735262    2.20543905    1.95059099    2.38054383    2.25052278    2.24288448    2.21112026    1.96009964    1.47067905    0.96828364    0.00000000    1.44484757    1.19494853    1.05716966    1.07724062    1.36261139    1.52605026    1.53887975    1.46609069    1.08664368    1.31188259    1.23496715    1.52866561    1.56613981    1.53782517    1.54308749    1.42583912    1.37265436    3.11600723    3.25720687    3.59143147    3.67154253    3.91257767    3.40247920    3.82836570    3.28234679    4.04308552    3.95683072    3.79914729    2.80149750    3.78128740    3.76777917    3.50330514    3.79491595    3.35121935    3.98548610    3.87669921    3.75398871    3.97785907    3.42371107    3.85067943    3.59243588
O42691_ALTAL/36-202     3.66664223    3.83318602    3.80993487    3.70049617    4.21031262    3.87963872    3.73396760    3.71065769    4.50929798    4.02923561    3.76267136    2.22459095    2.09258999    2.51241012    2.45821079    2.34981826    2.38997278    2.55031633    2.19861663    2.31052884    2.31372596    2.18680663    2.64056980    2.59092346    2.04571370    1.56737136    1.28832432    1.44484757    0.00000000    1.49092063    1.25798447    1.27114455    1.63954113    1.79813716    1.92493544    1.52279852    1.45361120    1.46539142    1.29764789    1.89447926    1.71968110    1.46352429    1.71920819    1.51950336    1.43518434    3.97700070    3.00812513    3.82381627    4.58484208    4.65999483    4.05045485    3.77867416    3.69249515    4.40386178    4.27316389    3.48990936    3.55108079    4.49988777    3.61905802    3.77614573    4.10142160    3.21591945    3.05843694    2.88247584    3.51226598    3.76270789    3.59762752    3.98262848    3.87523981
O81454_ARATH/144-304     4.00606666    4.71590711    3.53130384    4.17573618    4.28755823    4.51596751    4.38213367    5.02973521    4.41854374    4.16630105    3.90424629    3.19563243    2.50510482    2.84539560    3.26546658    2.42403359    2.61439274    2.64671218    2.50998490    2.30154796    2.42948299    2.73500707    2.61124073    2.15118665    2.29239083    1.65173505    0.97742629    1.19494853    1.49092063    0.00000000    0.86820732    0.92401694    1.42262634    1.57906530    1.68787106    1.48625996    1.29532844    1.34523163    1.11589673    1.92685235    1.64494161    1.61012756    1.79978037    1.50625982    1.53696002    3.58415580    3.27487078    4.07038881    4.24125194    4.55951816    4.05372916    4.50360541    3.76856642    3.97579252    4.59866882    4.34458593    4.01359240    3.75301694    4.22225602    3.85502053    4.48904057    4.03385455    4.55367961    3.92824297    3.68202229    3.99204041    4.39421390    4.45493209    4.55350123
Q9ZS84_SOLLC/655-815     4.34359869    4.28094442    3.92015265    3.91132054    4.19143112    4.24468096    3.74127986    4.58371371    4.23525804    3.93107991    4.51354570    2.96434167    2.27358827    2.65886314    2.50907215    2.24209301    2.60478461    2.43410403    2.39436353    2.26981006    2.49413657    2.64827369    2.31341626    2.05659644    2.28293699    1.39179682    0.87755670    1.05716966    1.25798447    0.86820732    0.00000000    0.72742242    1.29312284    1.59169877    1.49013762    1.20243024    1.05660445    1.32839706    1.05290911    1.72331020    1.46884108    1.40533003    1.73274404    1.47377972    1.44074519    3.63900000    3.87882378    4.43625305    5.05223775    4.85733752    5.04133157    4.26796595    4.26558909    4.94754835    5.48834360    5.05041306    4.46188033    4.37231802    4.53272475    3.85810774    4.09402157    4.37555133    4.68465828    4.03551054    3.57880738    4.12249551    4.58540899    5.34174502    4.43874831
Q9ZVK4_ARATH/510-669     4.39497977    3.81079929    3.65516768    4.30333210    3.89865984    4.53673870    4.42554216    4.47323639    3.91560576    3.72811585    4.12903986    3.06006416    2.33399763    2.84215571    2.90860235    2.50719201    2.39822885    2.59379062    2.47479444    2.35892038    2.79611533    2.64515175    2.53291660    2.28803216    2.57533352    1.39774544    0.91413353    1.07724062    1.27114455    0.92401694    0.72742242    0.00000000    1.34519598    1.42342088    1.53883093    1.19784014    1.12557378    1.37658973    0.97300119    1.69025837    1.36002970    1.40652920    1.80860857    1.42074566    1.48875082    4.45840166    3.69656348    4.78795003    4.57791870    5.44861681    4.24687281    3.87570602    3.78464558    4.73657324    5.15193844    5.14083968    4.51005610    4.09480682    4.55478979    4.13620847    4.70940425    4.53107478    4.93303965    4.68663326    4.11581782    4.64005967    4.71311846    4.37185384    4.37941627
Q9ZNW4_SORBI/922-1081     4.30458551    4.18841630    3.91863939    4.24943619    4.53573474    4.27572224    4.47485378    4.33389821    4.11138538    4.25287773    4.32007327    2.54577808    2.12907221    2.72850193    2.41897994    2.02968763    2.59122338    2.55736591    2.48872411    2.56501684    2.73911618    2.66553217    2.69672254    2.19963529    1.99953804    1.60274509    1.21319942    1.36261139    1.63954113    1.42262634    1.29312284    1.34519598    0.00000000    0.79546925    1.67771625    1.87431648    1.28483228    1.47405161    1.24246425    1.69954753    1.37262448    1.70999973    2.04778116    1.75347425    1.62893840    3.76911183    3.59235666    4.88293837    5.04291103    4.36546380    4.59593396    4.69691598    5.08806964    4.73861790    5.36017639    5.23705806    3.81665806    4.93179047    4.85642500    4.47362755    4.76933977    4.35005242    4.83253886    4.34191677    4.63584552    4.76245994    5.29334307    4.34752595    4.57283717
Q9ZQ67_ARATH/542-701     4.50468608    5.79046400    4.62590408    4.47393602    4.00422716    4.35910164    4.74163609    5.05881234    4.72837825    4.38950506    4.61908438    2.78687857    2.34533682    2.54548944    2.32415349    2.15625494    2.57613547    2.78330612    2.49475934    2.56440716    2.78274157    2.75566504    2.98820496    2.47236776    2.53392039    1.55743484    1.36295941    1.52605026    1.79813716    1.57906530    1.59169877    1.42342088    0.79546925    0.00000000    1.79666175    1.80845017    1.42521986    1.47071532    1.44014084    1.69956742    1.63184591    1.88970793    1.85232658    1.79139835    1.80685560    3.68545266    4.12195640    4.81744375    4.42272609    4.63508626    5.31176136    5.73283364    5.31787930    6.15172011    6.51349880    5.83503432    3.65305285    4.93046718    4.51955727    4.74309747    5.72505296    5.73868815    5.44659794    5.21403010    5.27272641    4.87768131    5.11098915    4.40146165    5.19077365
YRD6_CAEEL/484-644     3.68697013    4.45471113    3.75859342    3.58704969    3.48225981    4.08483960    4.13773824    4.11734319    4.65211794    3.81983301    4.28559642    2.69003022    2.16323525    2.39773296    2.40417737    2.23021259    2.53119618    2.94466607    2.61668142    2.23376057    2.89817949    2.55049432    2.47755728    2.52513101    2.12546304    1.55325031    1.61394095    1.53887975    1.92493544    1.68787106    1.49013762    1.53883093    1.67771625    1.79666175    0.00000000    1.61606118    1.31895148    1.83600587    1.37658257    1.73813956    1.47610260    1.83555569    1.89202354    1.70637161    1.78021324    3.15729776    3.28971812    3.41695938    3.83379883    4.37172857    3.57805557    4.00498552    3.74004221    4.62879301    4.29957042    4.80712387    3.62165556    3.96056672    4.16475074    3.77878812    4.28441528    3.83171132    4.48793978    4.09895709    4.13839990    4.02886679    4.02976595    3.97747733    4.75469358
Q24262_DROME/531-692     3.54940168    4.37106037    3.94899619    3.89367628    3.73121184    4.22950864    4.16899210    4.53370423    4.18491206    3.86277377    3.46144580    2.43188712    2.04026988    2.34339946    2.41970924    2.01347612    2.28294037    2.44282671    2.31480456    2.56016193    2.46001605    2.50486104    2.04740444    1.81368756    2.09368518    1.39064662    1.19323578    1.46609069    1.52279852    1.48625996    1.20243024    1.19784014    1.87431648    1.80845017    1.61606118    0.00000000    0.99411936    1.46880940    1.08548787    1.70594385    1.35690433    1.58178084    1.56819062    1.48398543    1.52111050    3.34959114    3.01463290    3.53583815    3.46908665    3.63316962    3.87792948    3.81355792    3.49227311    4.14364766    3.98340730    4.13087313    3.62078637    4.61685841    4.34547821    3.49367218    3.91368185    3.71870560    3.61913528    3.58402571    3.43870746    3.27123799    3.51981361    3.78418438    4.30823264
Q94885_DROME/759-920     3.84623145    3.79654447    3.60402686    3.97401534    4.40852893    3.66346830    3.62720312    3.94393814    3.93413231    3.38799163    3.73155393    2.21408507    1.82653221    2.06927352    1.71791738    1.65046716    2.27990447    2.14352182    1.86441045    1.83980057    2.28607166    2.27696918    2.18743836    1.80330922    2.00535871    1.37226237    1.13862349    1.08664368    1.45361120    1.29532844    1.05660445    1.12557378    1.28483228    1.42521986    1.31895148    0.99411936    0.00000000    1.22650564    1.02846464    1.51897232    1.37280581    1.39213920    1.51428616    1.34954050    1.43946578    3.22027656    3.18046410    3.89401871    3.57673674    4.00968605    3.89998486    3.74530354    3.90501289    4.40261578    4.30869834    4.21831219    3.36899139    4.00033905    4.33205810    3.70816558    4.12766802    3.92568017    4.26608781    4.14333837    3.60179596    4.14526703    4.59697555    3.51799591    4.17226980
POLY_DROME/224-390     4.08721964    3.86091756    3.35420090    3.91346258    4.21672253    3.75899615    3.89876846    4.09519094    4.56737302    3.48641037    4.41694990    2.33799200    2.04625723    2.12867373    2.12017149    1.76256169    2.07389045    2.27579907    2.21394281    2.30385075    2.47262372    2.12164207    2.07215201    1.99644211    1.86327139    1.39995926    0.94496933    1.31188259    1.46539142    1.34523163    1.32839706    1.37658973    1.47405161    1.47071532    1.83600587    1.46880940    1.22650564    0.00000000    0.89498065    1.49592991    1.30715906    1.48933227    1.63388583    1.31104561    1.26255665    3.32399699    3.53132905    3.50641440    3.65780194    3.86134508    3.96698793    3.93577545    3.88075743    4.41966547    4.09836296    3.74681208    3.62790738    4.18585805    4.05368746    4.03055105    4.37738866    3.94808029    3.64270202    3.78911194    3.67016219    4.21430712    4.42072450    4.30015293    4.53960295
POL2_DROME/249-414     3.34021096    4.15158921    3.27308952    3.65275915    3.75732789    4.18704247    3.80044682    3.34103524    3.73748321    3.35403284    3.84662510    2.24362110    2.03971947    2.29805003    2.28314226    1.74353702    2.32471921    2.15860920    2.22359661    2.42454239    2.54411117    2.42415895    2.23639674    2.04531207    1.90774880    1.25785176    0.92905708    1.23496715    1.29764789    1.11589673    1.05290911    0.97300119    1.24246425    1.44014084    1.37658257    1.08548787    1.02846464    0.89498065    0.00000000    1.70123508    1.01318926    1.44431572    1.60925541    1.29126737    1.34832642    3.04612987    2.62661402    3.61920046    3.91974093    3.52791088    3.30299791    3.29638897    3.14890707    3.39128325    3.54717598    4.83353461    3.86222170    3.87567632    3.51046172    3.61367727    4.09491106    3.77435516    3.21408700    3.60316789    3.28352220    4.22291902    3.98343436    3.69745295    3.57416075
P91581_CIOIN/483-644     3.67189267    3.91275924    3.75906635    4.05618359    3.89626025    4.48970128    4.27301757    4.75465410    4.79834132    4.45194909    4.36739572    2.54005332    2.29037799    2.30578249    2.34128574    2.03043566    2.35295919    2.32837151    2.32674104    2.30823619    2.34687189    2.27490321    2.36523870    2.19655250    2.26848827    1.71247731    1.39944530    1.52866561    1.89447926    1.92685235    1.72331020    1.69025837    1.69954753    1.69956742    1.73813956    1.70594385    1.51897232    1.49592991    1.70123508    0.00000000    1.53691535    1.46599398    1.64188299    1.68034378    1.57297923    3.26808655    3.86817498    3.94601464    4.60943919    3.99469023    3.96561820    4.47961913    3.90347531    4.12940821    4.66179497    4.75049876    4.06344052    4.97705344    5.64621943    4.44947024    4.27847457    4.02264057    4.59874593    3.96852596    3.97799092    4.96953973    4.37104084    3.69874247    4.83445285
