50
PDXK_CAEEL/1-289     0.00000000    4.31910252    4.43795529    5.05400078    3.62530159    3.92824912    4.41375441    5.55366178    4.78676896    4.71367820    4.48642624    4.55215056    5.43939001    4.19813914    4.72153395    4.26343820    4.67235971    4.06647919    4.05903922    4.02475207    3.92389235    4.30804836    3.44357868    4.04954549    4.00499573    4.38173328    3.58447818    5.99555845    4.64474077    5.78663048    4.79517277    5.10594415    4.64386422    5.36037726    4.98362656    4.98443072    4.91206391    5.47023559    4.38598590    4.40186518    5.53718648    4.26301162    4.60528037    4.69875401    4.52872509    4.57506215    4.20591951    3.51324061    3.50146356    4.89398120
FRUK_MYCPN/2-290     4.31910252    0.00000000    2.20278676    2.31524189    2.85572027    2.29886985    2.43590411    2.97800856    2.63912358    2.62307547    2.80797799    3.02187212    3.68463943    3.62897240    4.06362437    3.73172721    3.57271620    4.03598624    3.37591492    3.33401024    3.43004434    4.31248876    3.41017027    3.14315196    3.22451449    3.85117757    4.43406853    3.92574327    3.14252295    4.89441029    4.58191235    4.23223925    4.47978668    4.62877871    4.25559547    4.92284560    3.98812161    4.52775836    3.98538952    4.68696351    4.55310413    3.69712705    4.05188616    4.66162136    4.51737541    4.48636182    4.42008941    4.92989835    4.90760843    3.90956600
K1PF_BACSU/5-291     4.43795529    2.20278676    0.00000000    1.19453965    1.87454560    1.77394334    1.85990738    1.88603758    1.69382131    1.80188109    1.88924661    1.88851088    3.79621270    3.12876179    3.44824712    3.16608221    3.40433966    2.80647715    3.43622330    3.07799622    3.46633876    3.46209659    3.42963489    3.11867913    2.91481821    3.65423186    4.04453054    3.59038170    3.14735524    4.48915146    3.95500720    4.18993598    4.01216167    4.47401483    4.43998990    3.56539728    3.79794219    4.00718179    3.30768564    3.95999548    4.19470611    3.56936447    3.77759573    3.81631308    3.43780853    3.69784605    3.78202342    3.95643113    3.55144600    3.67890516
K1PF_BORBU/5-293     5.05400078    2.31524189    1.19453965    0.00000000    1.96393061    1.74460197    1.70293992    1.93748798    1.87913092    1.79325437    2.01762874    2.08514324    3.19374364    3.35038268    3.40844838    3.18801320    3.11475589    3.47776363    3.72669036    3.24259993    3.79848055    3.73000721    3.67174874    3.06404198    3.12963196    4.17255946    3.83652542    4.03579146    3.74860051    4.35485751    4.01438148    4.07242719    4.27711944    4.40737727    4.32023562    3.39762024    4.35563058    4.28182953    3.19257321    3.36517808    4.48580622    3.48029600    3.93650793    3.44908279    4.19920189    3.56494780    3.91244140    3.72664697    3.80999278    3.50179857
K1PF_XANCP/8-304     3.62530159    2.85572027    1.87454560    1.96393061    0.00000000    1.59959716    1.66939797    1.98301758    1.95986105    2.00920708    1.97423160    1.90913567    3.72151946    3.36667808    4.13081691    2.87975626    2.63957137    3.12867451    3.37977052    2.85792334    2.55957294    2.52548835    2.83943313    2.81577510    2.62463456    3.60625399    2.88898801    3.66966455    3.11125091    4.27696463    3.82790426    4.05423182    4.45917419    4.30078802    3.46121959    2.90824271    3.69485074    3.06245773    3.40838953    3.54970569    3.98036357    3.66605414    3.18343829    3.50852673    3.13593332    3.25105572    3.51729018    3.32474165    3.52394414    3.12964556
K1PF_HAEIN/7-298     3.92824912    2.29886985    1.77394334    1.74460197    1.59959716    0.00000000    0.68328270    1.89049595    1.92355758    1.74154833    2.22276524    2.32111998    3.56008358    3.21831364    3.36534497    3.30247719    3.39727691    3.64247423    3.57735238    3.13171189    3.63800714    3.29715441    3.04188221    3.59528394    2.95037624    4.24285322    3.73587662    4.29600146    3.71176169    3.85038380    3.96852010    4.26074208    4.42675047    4.06999694    4.05830535    3.39925505    3.87089749    4.09680467    3.57999244    3.68410361    4.44746697    3.80114385    3.59117355    3.66579861    3.68793312    3.76051075    3.18323809    3.55015311    3.80168591    3.41686887
Q32E62_SHIDS/14-293     4.41375441    2.43590411    1.85990738    1.70293992    1.66939797    0.68328270    0.00000000    2.12852885    2.09888016    1.96645102    2.17947515    2.39938330    3.52628543    3.28427592    3.43333803    3.05794677    3.02965696    3.09417918    3.56991867    2.61267211    3.37063395    3.25611456    2.82277838    3.34122577    3.51917773    3.69510824    3.00994677    3.59680271    3.42127770    3.40840373    3.44478003    3.70086782    3.75686817    3.72613502    3.89238220    3.20836552    3.92246388    3.95719511    3.35375206    3.92076301    3.78249302    3.10847680    3.89570288    3.27663657    3.59839381    3.73224361    2.97179845    3.43532031    3.73512335    3.22869124
LACC_STRMU/5-297     5.55366178    2.97800856    1.88603758    1.93748798    1.98301758    1.89049595    2.12852885    0.00000000    0.58654882    0.56363040    2.23643355    2.08831024    3.91406679    3.59143839    3.45006321    3.45059894    3.44552317    3.58287852    3.35901101    3.50808149    4.08330080    3.33176897    3.58773339    3.38975841    3.14960260    4.08297367    4.01595612    4.12694105    4.66962728    4.52653476    4.19247385    4.19264290    4.28300287    5.09468714    4.54439696    4.33175594    4.77211474    4.22198070    3.96916205    4.20002950    4.52896748    4.12145726    3.68411318    3.64792512    3.79629885    3.66557398    3.86907393    4.18772578    4.97218579    3.47310898
T0VCC2_9ENTE/11-292     4.78676896    2.63912358    1.69382131    1.87913092    1.95986105    1.92355758    2.09888016    0.58654882    0.00000000    0.58083232    2.33088340    2.38427968    4.19264472    3.73987969    3.63292303    3.21836347    3.35566904    3.37866849    3.35632734    3.04138753    3.37221949    3.10727176    3.25544023    3.15596082    2.88047515    3.50243642    3.61934527    3.75089077    4.33699572    4.10057516    3.81833748    4.08662566    3.61883492    4.47244974    3.95100338    4.29361433    4.75287814    3.63431051    3.93696362    3.72784548    4.37983914    3.56796119    3.76291556    3.26755968    3.61774565    3.55904814    4.00154700    4.18822677    4.36419196    2.97215020
LACC_STAA8/7-292     4.71367820    2.62307547    1.80188109    1.79325437    2.00920708    1.74154833    1.96645102    0.56363040    0.58083232    0.00000000    2.27442101    2.33041084    3.88372104    3.34936592    3.29263276    3.22423316    3.31968339    3.19417511    3.30223876    3.29826982    3.44643207    3.35221355    3.56176746    3.26531353    2.91845551    3.88956940    3.84768905    4.29807757    4.16490542    4.11526610    3.88253182    4.32111998    3.95288611    4.41162020    3.88030569    4.61458489    4.67776219    4.03788253    4.13888380    4.11584607    4.57103472    3.49703513    3.80459988    3.53242530    4.34822261    3.27678389    3.73342215    4.03912117    4.23798643    3.10131668
PFKB_ECOLI/7-299     4.48642624    2.80797799    1.88924661    2.01762874    1.97423160    2.22276524    2.17947515    2.23643355    2.33088340    2.27442101    0.00000000    1.27939901    3.25869989    2.74382525    3.29106195    3.21104289    3.29648022    3.05404298    3.54859925    2.85632382    2.78359283    2.93193195    2.46019513    2.90593680    2.71660594    3.19825324    3.33748946    3.19361369    3.60668023    4.37860618    3.95011255    3.79508344    3.65775617    3.91868878    4.08793340    3.79316776    4.56023303    4.10192737    3.80486011    3.19539204    4.21454653    3.46912014    3.32466458    3.26316568    3.05389558    4.29750116    3.36099424    3.96227156    3.78726402    2.80550453
PFKB_MYCTU/18-306     4.55215056    3.02187212    1.88851088    2.08514324    1.90913567    2.32111998    2.39938330    2.08831024    2.38427968    2.33041084    1.27939901    0.00000000    4.11966389    2.83912820    3.34611620    3.11538685    3.04674996    3.20103307    3.33886694    2.97599641    3.43499565    2.91319088    3.00758991    3.17738564    3.24117608    3.50279603    3.38961050    3.16079598    3.24293614    3.97911876    3.29428988    3.38035843    3.85543622    3.29009236    3.89936083    3.01990666    3.97437686    3.61932293    4.12332485    3.48385743    4.60480001    3.64526630    3.39674810    3.36716818    3.25088369    3.52914004    3.61872869    4.20754720    4.05702977    3.18647070
HLDE_HELPY/1-305     5.43939001    3.68463943    3.79621270    3.19374364    3.72151946    3.56008358    3.52628543    3.91406679    4.19264472    3.88372104    3.25869989    4.11966389    0.00000000    1.76683368    1.76531365    3.25959272    3.18196094    3.39425812    3.61900317    2.89599985    3.27885545    3.54379599    3.24566697    2.60903253    2.90991530    4.01446838    3.68251753    4.22536148    3.66888164    4.77901055    4.44503756    4.21814070    4.47003659    4.48516125    4.19055717    3.36862122    3.50385237    3.75049443    3.75173699    3.90248366    4.03232797    3.11831262    3.49836057    3.26513832    3.25063422    4.01964757    3.58332793    4.62418811    4.84583071    3.53764094
HLDE_ECOLI/10-309     4.19813914    3.62897240    3.12876179    3.35038268    3.36667808    3.21831364    3.28427592    3.59143839    3.73987969    3.34936592    2.74382525    2.83912820    1.76683368    0.00000000    1.26786571    2.95909732    2.94200349    2.97598438    2.92061963    2.70066711    2.93843751    3.09873198    2.75691571    2.37010415    2.58561238    3.03279506    3.07269209    3.79355883    3.43429474    3.94096639    3.81367422    4.22782037    3.87871064    4.37633493    3.96039957    3.04107580    3.03720037    3.15398317    3.35642127    3.23854609    3.45824986    2.77364737    2.86216307    2.89436388    2.75046924    3.45457937    3.40978540    3.42825458    3.62169227    2.66684884
O66836_AQUAE/16-306     4.72153395    4.06362437    3.44824712    3.40844838    4.13081691    3.36534497    3.43333803    3.45006321    3.63292303    3.29263276    3.29106195    3.34611620    1.76531365    1.26786571    0.00000000    3.06957591    3.31089978    3.04180816    3.32066679    2.70428664    3.01414636    2.85115002    2.84987529    2.75504166    2.91737239    3.56359220    3.19965601    3.53847550    3.40274435    3.46802373    3.42744230    3.62709329    3.63146329    3.39406707    3.33536886    3.30127272    3.05006120    3.11999612    3.13272836    2.98928035    3.47005212    2.78742673    3.13265213    3.18071211    2.92163701    3.54580586    3.15399270    3.50078453    3.58901002    2.80327132
PSUK_ECOLI/4-300     4.26343820    3.73172721    3.16608221    3.18801320    2.87975626    3.30247719    3.05794677    3.45059894    3.21836347    3.22423316    3.21104289    3.11538685    3.25959272    2.95909732    3.06957591    0.00000000    1.19449192    2.35915045    2.72448388    2.50222044    2.74931538    2.80322259    2.54964236    2.56601194    2.31811733    3.26765133    3.28547814    3.77065344    3.21945852    3.70861424    3.83781275    3.25811959    3.67533800    3.95206015    3.69256730    3.27887212    3.44324730    3.42338432    3.10783721    3.68446837    3.34969792    2.93630815    3.12722419    3.25324057    3.02886709    3.01813488    3.73646273    3.57631998    3.92798576    3.08952923
YEII_ECOLI/57-353     4.67235971    3.57271620    3.40433966    3.11475589    2.63957137    3.39727691    3.02965696    3.44552317    3.35566904    3.31968339    3.29648022    3.04674996    3.18196094    2.94200349    3.31089978    1.19449192    0.00000000    2.46406651    3.20756529    2.85473795    3.31868786    3.08049534    2.81151132    2.71815726    2.65921754    3.09515815    3.61631482    3.58755026    3.80288294    4.07318786    3.74502641    3.78558082    4.13922306    3.90765071    3.85051565    3.45929492    3.50835306    3.53458336    3.14174513    3.81603378    3.98220140    3.00933247    3.27107566    3.15203365    3.19045203    2.98079913    3.32935036    3.24264107    3.46679862    2.74713035
C4L327_EXISA/1-294     4.06647919    4.03598624    2.80647715    3.47776363    3.12867451    3.64247423    3.09417918    3.58287852    3.37866849    3.19417511    3.05404298    3.20103307    3.39425812    2.97598438    3.04180816    2.35915045    2.46406651    0.00000000    2.42162550    2.64729061    2.47517535    3.01928754    2.67713688    2.57099058    2.45529780    2.88559586    2.95515220    3.38709619    3.26286603    3.65280044    3.78673955    3.77845440    4.05185053    3.85272479    3.39417491    3.40376743    3.33288765    3.28014000    3.24475254    3.33431138    3.42487479    2.75964702    3.26012989    3.07296705    3.47506435    3.19846768    2.53737595    2.89385891    3.28242087    3.02866743
Q22721_CAEEL/332-647     4.05903922    3.37591492    3.43622330    3.72669036    3.37977052    3.57735238    3.56991867    3.35901101    3.35632734    3.30223876    3.54859925    3.33886694    3.61900317    2.92061963    3.32066679    2.72448388    3.20756529    2.42162550    0.00000000    2.87170922    2.74141853    2.73899521    3.00866495    2.48735753    2.67943224    2.94168197    3.28683354    3.56381132    3.16485312    3.55992081    3.60127509    3.68247464    3.76565421    3.60037899    3.46522815    3.61127244    3.16223533    3.34696179    3.14708500    3.35284518    3.65775214    3.42233453    3.11007745    3.06422337    2.83228485    3.15151892    2.94820742    3.60041282    3.44221170    3.00716781
Q19133_CAEEL/5-302     4.02475207    3.33401024    3.07799622    3.24259993    2.85792334    3.13171189    2.61267211    3.50808149    3.04138753    3.29826982    2.85632382    2.97599641    2.89599985    2.70066711    2.70428664    2.50222044    2.85473795    2.64729061    2.87170922    0.00000000    1.29158616    1.70007742    1.53032114    1.37791349    1.40859354    1.59402356    1.81254028    3.05773636    2.44584599    2.68371373    2.65357475    2.62309425    2.62160908    2.68270073    2.55068355    2.87977572    2.65223979    2.68248712    2.67427554    2.33077952    2.99348757    2.06950263    2.31379872    2.25884983    2.16840351    2.95090715    3.03018159    2.86539808    2.58220139    2.47285593
O77425_DROME/3-304     3.92389235    3.43004434    3.46633876    3.79848055    2.55957294    3.63800714    3.37063395    4.08330080    3.37221949    3.44643207    2.78359283    3.43499565    3.27885545    2.93843751    3.01414636    2.74931538    3.31868786    2.47517535    2.74141853    1.29158616    0.00000000    1.84587145    1.80462357    1.62685630    1.49724389    1.99039968    2.56755771    2.64941364    2.47707121    2.96560781    2.83581138    2.66734778    2.62559954    2.87197210    2.74692740    3.29708768    2.59102734    2.63587511    2.88302167    2.68963092    2.68546657    2.45558204    2.57552637    2.34128457    2.12401627    2.45989954    2.92387374    2.76828591    2.77949273    2.33852914
P71913_MYCTU/13-289     4.30804836    4.31248876    3.46209659    3.73000721    2.52548835    3.29715441    3.25611456    3.33176897    3.10727176    3.35221355    2.93193195    2.91319088    3.54379599    3.09873198    2.85115002    2.80322259    3.08049534    3.01928754    2.73899521    1.70007742    1.84587145    0.00000000    1.49612192    1.33571604    1.72153165    1.72507924    2.26839105    3.07935191    2.64794588    2.83142445    2.89395710    3.03581365    3.44938238    3.28656408    2.65025056    3.03588205    2.95059758    2.65996785    2.77832196    2.93446642    3.28455275    2.98478279    2.78377864    2.95037991    2.21481041    3.30452879    3.23202044    2.91501477    3.71147842    3.04090382
H9L428_SALTY/98-389     3.44357868    3.41017027    3.42963489    3.67174874    2.83943313    3.04188221    2.82277838    3.58773339    3.25544023    3.56176746    2.46019513    3.00758991    3.24566697    2.75691571    2.84987529    2.54964236    2.81151132    2.67713688    3.00866495    1.53032114    1.80462357    1.49612192    0.00000000    1.57357487    1.79173556    1.72881560    2.35385335    3.02289354    2.25600419    2.74615112    2.81132980    2.95373377    2.81122344    3.23352597    2.94838269    3.45416417    2.89499309    2.95567384    2.82865471    3.07860053    3.24979172    2.72496493    2.55833119    2.80608822    2.42828716    3.40526501    2.98081247    2.86431863    3.27795413    2.50481974
RBSK_BACSU/1-285     4.04954549    3.14315196    3.11867913    3.06404198    2.81577510    3.59528394    3.34122577    3.38975841    3.15596082    3.26531353    2.90593680    3.17738564    2.60903253    2.37010415    2.75504166    2.56601194    2.71815726    2.57099058    2.48735753    1.37791349    1.62685630    1.33571604    1.57357487    0.00000000    1.18516556    1.59956000    2.12971768    2.71292909    2.52536110    2.64606383    2.65144235    2.80433268    3.01897860    2.96564370    2.57714301    2.99407900    2.44741091    2.66829402    2.43623682    2.80509618    3.00396375    2.43082517    2.18641618    2.53768756    2.20077374    2.84801124    2.68982719    2.73788512    2.95423902    2.23780334
RBSK_SCHPO/1-305     4.00499573    3.22451449    2.91481821    3.12963196    2.62463456    2.95037624    3.51917773    3.14960260    2.88047515    2.91845551    2.71660594    3.24117608    2.90991530    2.58561238    2.91737239    2.31811733    2.65921754    2.45529780    2.67943224    1.40859354    1.49724389    1.72153165    1.79173556    1.18516556    0.00000000    1.44122942    2.25100105    2.98013587    2.57960623    3.04554207    2.79740064    3.08777049    3.07032103    3.11427271    2.62419077    3.02576218    2.58712525    2.60752999    2.73134849    2.98319393    2.97150958    2.64423430    2.28393446    2.52424018    2.43101682    2.35804767    2.65375715    2.43588946    2.65152725    2.16162459
RBSK_ECOLI/4-298     4.38173328    3.85117757    3.65423186    4.17255946    3.60625399    4.24285322    3.69510824    4.08297367    3.50243642    3.88956940    3.19825324    3.50279603    4.01446838    3.03279506    3.56359220    3.26765133    3.09515815    2.88559586    2.94168197    1.59402356    1.99039968    1.72507924    1.72881560    1.59956000    1.44122942    0.00000000    2.32079218    2.56146216    2.67307670    3.35351719    2.97492288    3.22178690    2.80210324    3.38525511    2.71149440    3.48655163    2.68972540    2.87786743    3.12028229    3.05773032    3.42738746    2.59230391    2.36280238    2.63165354    2.18686221    2.93321212    2.92511501    2.91931730    2.92866783    2.67589490
SQUV_ECOLI/1-287     3.58447818    4.43406853    4.04453054    3.83652542    2.88898801    3.73587662    3.00994677    4.01595612    3.61934527    3.84768905    3.33748946    3.38961050    3.68251753    3.07269209    3.19965601    3.28547814    3.61631482    2.95515220    3.28683354    1.81254028    2.56755771    2.26839105    2.35385335    2.12971768    2.25100105    2.32079218    0.00000000    3.48292469    2.58645275    3.21480105    2.98327116    3.34152418    3.50872539    3.25976755    2.88436691    3.29532446    2.98452745    2.95228539    3.11393955    2.79685127    3.09093342    2.34043840    2.19506351    2.49504143    2.25146529    3.05376403    3.04013176    3.10060752    3.34757339    2.65320684
YEGV_ECOLI/16-311     5.99555845    3.92574327    3.59038170    4.03579146    3.66966455    4.29600146    3.59680271    4.12694105    3.75089077    4.29807757    3.19361369    3.16079598    4.22536148    3.79355883    3.53847550    3.77065344    3.58755026    3.38709619    3.56381132    3.05773636    2.64941364    3.07935191    3.02289354    2.71292909    2.98013587    2.56146216    3.48292469    0.00000000    2.98363696    3.45396050    3.10160149    3.59193930    3.49321552    3.74543323    3.37944347    4.33392321    3.50358168    3.49596215    3.03696850    3.64769112    4.37296145    3.18137520    2.89221637    3.04378367    2.74653002    2.87364625    3.04836303    3.26429576    3.78928736    2.93739664
YZ37_SYNY3/23-323     4.64474077    3.14252295    3.14735524    3.74860051    3.11125091    3.71176169    3.42127770    4.66962728    4.33699572    4.16490542    3.60668023    3.24293614    3.66888164    3.43429474    3.40274435    3.21945852    3.80288294    3.26286603    3.16485312    2.44584599    2.47707121    2.64794588    2.25600419    2.52536110    2.57960623    2.67307670    2.58645275    2.98363696    0.00000000    2.31271427    2.30896730    2.26753130    2.38881069    2.32003267    2.48417432    3.04613192    2.61709098    2.73109593    3.04380947    3.25869328    3.11614075    2.77712800    2.75361640    2.69599053    2.46201990    3.20362394    3.05774392    2.85305079    2.60158174    2.53824855
ADK_YEAST/21-336     5.78663048    4.89441029    4.48915146    4.35485751    4.27696463    3.85038380    3.40840373    4.52653476    4.10057516    4.11526610    4.37860618    3.97911876    4.77901055    3.94096639    3.46802373    3.70861424    4.07318786    3.65280044    3.55992081    2.68371373    2.96560781    2.83142445    2.74615112    2.64606383    3.04554207    3.35351719    3.21480105    3.45396050    2.31271427    0.00000000    1.07920981    1.08212058    1.09950832    1.18644556    0.90587348    3.59105729    3.07563462    3.04083510    2.71322618    2.58818038    3.53380281    3.42529671    3.06928289    2.94971232    3.17861719    3.54570585    3.14460098    3.03777266    2.86047536    3.01602064
ADK_SCHPO/22-335     4.79517277    4.58191235    3.95500720    4.01438148    3.82790426    3.96852010    3.44478003    4.19247385    3.81833748    3.88253182    3.95011255    3.29428988    4.44503756    3.81367422    3.42744230    3.83781275    3.74502641    3.78673955    3.60127509    2.65357475    2.83581138    2.89395710    2.81132980    2.65144235    2.79740064    2.97492288    2.98327116    3.10160149    2.30896730    1.07920981    0.00000000    1.04691416    1.08783857    1.05258267    1.11222709    3.11707569    2.87402547    2.96576855    3.06379837    2.96915763    3.14186762    3.18160359    2.77659864    2.99251168    2.75469264    3.63528685    3.42182475    2.77523661    2.79344269    2.84131704
Q93934_CAEEL/25-339     5.10594415    4.23223925    4.18993598    4.07242719    4.05423182    4.26074208    3.70086782    4.19264290    4.08662566    4.32111998    3.79508344    3.38035843    4.21814070    4.22782037    3.62709329    3.25811959    3.78558082    3.77845440    3.68247464    2.62309425    2.66734778    3.03581365    2.95373377    2.80433268    3.08777049    3.22178690    3.34152418    3.59193930    2.26753130    1.08212058    1.04691416    0.00000000    0.69806473    0.72895898    1.14277899    3.36059318    3.06461645    2.84221826    2.75146947    2.75150550    3.69404332    3.08113412    2.91553263    3.24856707    2.90045018    3.59958603    3.33623977    3.21165555    2.96668389    3.09304438
ADK_RAT/41-358     4.64386422    4.47978668    4.01216167    4.27711944    4.45917419    4.42675047    3.75686817    4.28300287    3.61883492    3.95288611    3.65775617    3.85543622    4.47003659    3.87871064    3.63146329    3.67533800    4.13922306    4.05185053    3.76565421    2.62160908    2.62559954    3.44938238    2.81122344    3.01897860    3.07032103    2.80210324    3.50872539    3.49321552    2.38881069    1.09950832    1.08783857    0.69806473    0.00000000    0.70577222    1.10856177    4.26962013    2.75396299    3.26951402    3.13556262    2.81746257    3.58057384    2.99714979    3.01034570    3.00353968    2.95823004    3.90792212    3.04289598    2.99748635    2.90465840    2.71608971
ADK_PHYPA/23-338     5.36037726    4.62877871    4.47401483    4.40737727    4.30078802    4.06999694    3.72613502    5.09468714    4.47244974    4.41162020    3.91868878    3.29009236    4.48516125    4.37633493    3.39406707    3.95206015    3.90765071    3.85272479    3.60037899    2.68270073    2.87197210    3.28656408    3.23352597    2.96564370    3.11427271    3.38525511    3.25976755    3.74543323    2.32003267    1.18644556    1.05258267    0.72895898    0.70577222    0.00000000    1.23105467    3.56976108    2.73343709    3.04863449    3.07586631    2.70437512    3.95269180    3.29310852    2.77368687    3.31951949    3.29740996    3.77867899    2.98100183    3.06954410    2.72656225    2.81300110
D8PM19_SCHCM/24-340     4.98362656    4.25559547    4.43998990    4.32023562    3.46121959    4.05830535    3.89238220    4.54439696    3.95100338    3.88030569    4.08793340    3.89936083    4.19055717    3.96039957    3.33536886    3.69256730    3.85051565    3.39417491    3.46522815    2.55068355    2.74692740    2.65025056    2.94838269    2.57714301    2.62419077    2.71149440    2.88436691    3.37944347    2.48417432    0.90587348    1.11222709    1.14277899    1.10856177    1.23105467    0.00000000    3.55889357    2.86890658    2.93536067    3.00276425    2.80155877    3.52851183    3.19042480    2.89016324    3.09656141    2.81741909    3.39769448    3.09408949    3.02397130    2.80387416    3.24708684
ADOK_MYCTU/11-295     4.98443072    4.92284560    3.56539728    3.39762024    2.90824271    3.39925505    3.20836552    4.33175594    4.29361433    4.61458489    3.79316776    3.01990666    3.36862122    3.04107580    3.30127272    3.27887212    3.45929492    3.40376743    3.61127244    2.87977572    3.29708768    3.03588205    3.45416417    2.99407900    3.02576218    3.48655163    3.29532446    4.33392321    3.04613192    3.59105729    3.11707569    3.36059318    4.26962013    3.56976108    3.55889357    0.00000000    2.15453534    2.02010153    3.30397716    3.76335642    3.47069571    3.35263513    3.10224754    3.10288535    2.96864990    3.12008491    2.94678365    3.20819441    3.20631045    3.56614071
NK_METJA/5-290     4.91206391    3.98812161    3.79794219    4.35563058    3.69485074    3.87089749    3.92246388    4.77211474    4.75287814    4.67776219    4.56023303    3.97437686    3.50385237    3.03720037    3.05006120    3.44324730    3.50835306    3.33288765    3.16223533    2.65223979    2.59102734    2.95059758    2.89499309    2.44741091    2.58712525    2.68972540    2.98452745    3.50358168    2.61709098    3.07563462    2.87402547    3.06461645    2.75396299    2.73343709    2.86890658    2.15453534    0.00000000    1.42578875    2.54548426    3.47232086    3.12242492    2.21365943    2.31153061    2.76177718    2.45008485    2.87224657    2.61604125    2.52641778    2.72635769    3.04662603
NK_METTH/4-292     5.47023559    4.52775836    4.00718179    4.28182953    3.06245773    4.09680467    3.95719511    4.22198070    3.63431051    4.03788253    4.10192737    3.61932293    3.75049443    3.15398317    3.11999612    3.42338432    3.53458336    3.28014000    3.34696179    2.68248712    2.63587511    2.65996785    2.95567384    2.66829402    2.60752999    2.87786743    2.95228539    3.49596215    2.73109593    3.04083510    2.96576855    2.84221826    3.26951402    3.04863449    2.93536067    2.02010153    1.42578875    0.00000000    2.70047281    2.84000869    3.35411161    2.63323560    2.67194875    2.82634585    2.56651114    2.87783199    2.87154256    2.59857254    3.03537418    2.32793955
IOLC_BACSU/10-314     4.38598590    3.98538952    3.30768564    3.19257321    3.40838953    3.57999244    3.35375206    3.96916205    3.93696362    4.13888380    3.80486011    4.12332485    3.75173699    3.35642127    3.13272836    3.10783721    3.14174513    3.24475254    3.14708500    2.67427554    2.88302167    2.77832196    2.82865471    2.43623682    2.73134849    3.12028229    3.11393955    3.03696850    3.04380947    2.71322618    3.06379837    2.75146947    3.13556262    3.07586631    3.00276425    3.30397716    2.54548426    2.70047281    0.00000000    1.95781235    2.11034550    1.96355603    1.85768842    1.98720134    2.14337814    2.05824771    2.44861973    2.18656585    2.14080249    2.62415568
KDGK2_HALVD/4-298     4.40186518    4.68696351    3.95999548    3.36517808    3.54970569    3.68410361    3.92076301    4.20002950    3.72784548    4.11584607    3.19539204    3.48385743    3.90248366    3.23854609    2.98928035    3.68446837    3.81603378    3.33431138    3.35284518    2.33077952    2.68963092    2.93446642    3.07860053    2.80509618    2.98319393    3.05773032    2.79685127    3.64769112    3.25869328    2.58818038    2.96915763    2.75150550    2.81746257    2.70437512    2.80155877    3.76335642    3.47232086    2.84000869    1.95781235    0.00000000    2.67635243    2.20452163    2.02981316    2.44972533    2.19958408    2.18325063    2.45894618    2.53828118    2.40366542    3.04386526
P73521_SYNY3/1-300     5.53718648    4.55310413    4.19470611    4.48580622    3.98036357    4.44746697    3.78249302    4.52896748    4.37983914    4.57103472    4.21454653    4.60480001    4.03232797    3.45824986    3.47005212    3.34969792    3.98220140    3.42487479    3.65775214    2.99348757    2.68546657    3.28455275    3.24979172    3.00396375    2.97150958    3.42738746    3.09093342    4.37296145    3.11614075    3.53380281    3.14186762    3.69404332    3.58057384    3.95269180    3.52851183    3.47069571    3.12242492    3.35411161    2.11034550    2.67635243    0.00000000    2.16147817    1.86992499    2.05627252    2.01514823    2.97326273    2.86114202    2.83637922    2.76822458    3.24766847
Q2FWM2_STAA8/2-311     4.26301162    3.69712705    3.56936447    3.48029600    3.66605414    3.80114385    3.10847680    4.12145726    3.56796119    3.49703513    3.46912014    3.64526630    3.11831262    2.77364737    2.78742673    2.93630815    3.00933247    2.75964702    3.42233453    2.06950263    2.45558204    2.98478279    2.72496493    2.43082517    2.64423430    2.59230391    2.34043840    3.18137520    2.77712800    3.42529671    3.18160359    3.08113412    2.99714979    3.29310852    3.19042480    3.35263513    2.21365943    2.63323560    1.96355603    2.20452163    2.16147817    0.00000000    1.28560466    1.44498466    1.61377233    2.03108461    2.40551775    2.21204177    2.30273109    2.53559964
O04897_SOLLC/25-335     4.60528037    4.05188616    3.77759573    3.93650793    3.18343829    3.59117355    3.89570288    3.68411318    3.76291556    3.80459988    3.32466458    3.39674810    3.49836057    2.86216307    3.13265213    3.12722419    3.27107566    3.26012989    3.11007745    2.31379872    2.57552637    2.78377864    2.55833119    2.18641618    2.28393446    2.36280238    2.19506351    2.89221637    2.75361640    3.06928289    2.77659864    2.91553263    3.01034570    2.77368687    2.89016324    3.10224754    2.31153061    2.67194875    1.85768842    2.02981316    1.86992499    1.28560466    0.00000000    1.22051487    1.27168544    2.08438891    2.40311443    2.27486545    2.28831266    2.27267338
YDJE_BACSU/3-313     4.69875401    4.66162136    3.81631308    3.44908279    3.50852673    3.66579861    3.27663657    3.64792512    3.26755968    3.53242530    3.26316568    3.36716818    3.26513832    2.89436388    3.18071211    3.25324057    3.15203365    3.07296705    3.06422337    2.25884983    2.34128457    2.95037991    2.80608822    2.53768756    2.52424018    2.63165354    2.49504143    3.04378367    2.69599053    2.94971232    2.99251168    3.24856707    3.00353968    3.31951949    3.09656141    3.10288535    2.76177718    2.82634585    1.98720134    2.44972533    2.05627252    1.44498466    1.22051487    0.00000000    1.38141579    2.06657088    2.50905286    2.48683405    2.49402514    2.36785849
A6T5U5_KLEP7/3-299     4.52872509    4.51737541    3.43780853    4.19920189    3.13593332    3.68793312    3.59839381    3.79629885    3.61774565    4.34822261    3.05389558    3.25088369    3.25063422    2.75046924    2.92163701    3.02886709    3.19045203    3.47506435    2.83228485    2.16840351    2.12401627    2.21481041    2.42828716    2.20077374    2.43101682    2.18686221    2.25146529    2.74653002    2.46201990    3.17861719    2.75469264    2.90045018    2.95823004    3.29740996    2.81741909    2.96864990    2.45008485    2.56651114    2.14337814    2.19958408    2.01514823    1.61377233    1.27168544    1.38141579    0.00000000    2.20931983    2.53770080    2.38761281    2.55092437    2.27885410
KDGK_BACSU/2-304     4.57506215    4.48636182    3.69784605    3.56494780    3.25105572    3.76051075    3.73224361    3.66557398    3.55904814    3.27678389    4.29750116    3.52914004    4.01964757    3.45457937    3.54580586    3.01813488    2.98079913    3.19846768    3.15151892    2.95090715    2.45989954    3.30452879    3.40526501    2.84801124    2.35804767    2.93321212    3.05376403    2.87364625    3.20362394    3.54570585    3.63528685    3.59958603    3.90792212    3.77867899    3.39769448    3.12008491    2.87224657    2.87783199    2.05824771    2.18325063    2.97326273    2.03108461    2.08438891    2.06657088    2.20931983    0.00000000    2.41928697    2.27059340    2.35644361    2.19247787
KDGK_HAEIN/1-306     4.20591951    4.42008941    3.78202342    3.91244140    3.51729018    3.18323809    2.97179845    3.86907393    4.00154700    3.73342215    3.36099424    3.61872869    3.58332793    3.40978540    3.15399270    3.73646273    3.32935036    2.53737595    2.94820742    3.03018159    2.92387374    3.23202044    2.98081247    2.68982719    2.65375715    2.92511501    3.04013176    3.04836303    3.05774392    3.14460098    3.42182475    3.33623977    3.04289598    2.98100183    3.09408949    2.94678365    2.61604125    2.87154256    2.44861973    2.45894618    2.86114202    2.40551775    2.40311443    2.50905286    2.53770080    2.41928697    0.00000000    1.02437687    1.03274007    2.35541816
KDGK_DICD3/3-308     3.51324061    4.92989835    3.95643113    3.72664697    3.32474165    3.55015311    3.43532031    4.18772578    4.18822677    4.03912117    3.96227156    4.20754720    4.62418811    3.42825458    3.50078453    3.57631998    3.24264107    2.89385891    3.60041282    2.86539808    2.76828591    2.91501477    2.86431863    2.73788512    2.43588946    2.91931730    3.10060752    3.26429576    2.85305079    3.03777266    2.77523661    3.21165555    2.99748635    3.06954410    3.02397130    3.20819441    2.52641778    2.59857254    2.18656585    2.53828118    2.83637922    2.21204177    2.27486545    2.48683405    2.38761281    2.27059340    1.02437687    0.00000000    0.32344956    2.28211306
KDGK_ECOLI/2-307     3.50146356    4.90760843    3.55144600    3.80999278    3.52394414    3.80168591    3.73512335    4.97218579    4.36419196    4.23798643    3.78726402    4.05702977    4.84583071    3.62169227    3.58901002    3.92798576    3.46679862    3.28242087    3.44221170    2.58220139    2.77949273    3.71147842    3.27795413    2.95423902    2.65152725    2.92866783    3.34757339    3.78928736    2.60158174    2.86047536    2.79344269    2.96668389    2.90465840    2.72656225    2.80387416    3.20631045    2.72635769    3.03537418    2.14080249    2.40366542    2.76822458    2.30273109    2.28831266    2.49402514    2.55092437    2.35644361    1.03274007    0.32344956    0.00000000    2.40389857
YDJH_ECOLI/3-303     4.89398120    3.90956600    3.67890516    3.50179857    3.12964556    3.41686887    3.22869124    3.47310898    2.97215020    3.10131668    2.80550453    3.18647070    3.53764094    2.66684884    2.80327132    3.08952923    2.74713035    3.02866743    3.00716781    2.47285593    2.33852914    3.04090382    2.50481974    2.23780334    2.16162459    2.67589490    2.65320684    2.93739664    2.53824855    3.01602064    2.84131704    3.09304438    2.71608971    2.81300110    3.24708684    3.56614071    3.04662603    2.32793955    2.62415568    3.04386526    3.24766847    2.53559964    2.27267338    2.36785849    2.27885410    2.19247787    2.35541816    2.28211306    2.40389857    0.00000000

