10
H0W023_CAVPO/30-190     0.00000000    0.25233375    0.35993344    0.77476259    0.52217145    2.18093274    2.33648481    2.46578896    1.25933635    1.08244750
G1PF99_MYOLU/45-206     0.25233375    0.00000000    0.29670751    0.59626836    0.42236758    2.01838067    2.21975365    2.39054206    1.24978482    1.11310313
F7DTH0_CALJA/31-192     0.35993344    0.29670751    0.00000000    0.67232571    0.47987765    2.15055719    2.33321899    2.50469480    1.33387946    1.27048923
F6WUU2_MONDO/30-181     0.77476259    0.59626836    0.67232571    0.00000000    0.23605857    2.00586812    2.15532761    2.38260444    1.37017934    1.62014457
G3W289_SARHA/29-189     0.52217145    0.42236758    0.47987765    0.23605857    0.00000000    2.03232381    2.22212163    2.37710438    1.26745132    1.29950229
TPO_CANLF/25-175     2.18093274    2.01838067    2.15055719    2.00586812    2.03232381    0.00000000    0.39217167    0.24291578    2.07486451    2.20901033
F7G570_MONDO/26-176     2.33648481    2.21975365    2.33321899    2.15532761    2.22212163    0.39217167    0.00000000    0.50328430    2.04084863    2.32383136
G3TYQ1_LOXAF/25-172     2.46578896    2.39054206    2.50469480    2.38260444    2.37710438    0.24291578    0.50328430    0.00000000    2.49796952    2.42282765
M3XJ62_LATCH/27-177     1.25933635    1.24978482    1.33387946    1.37017934    1.26745132    2.07486451    2.04084863    2.49796952    0.00000000    1.27464905
B1N8Y2_DANRE/15-169     1.08244750    1.11310313    1.27048923    1.62014457    1.29950229    2.20901033    2.32383136    2.42282765    1.27464905    0.00000000

