46
Q7RLG1_PLAYO/231-564     0.00000000    2.74556538    3.62101203    3.36585593    3.68728110    3.97742687    2.92902555    2.82497913    2.60361689    2.80551027    2.71966278    3.01097824    2.96374983    3.25295502    3.79702159    3.94362702    2.59031391    2.55185332    2.29288941    3.13934893    2.66068280    2.27877890    2.27821162    2.59718496    2.50467843    4.44358230    3.83198267    3.52075931    3.71133566    3.73179308    3.81651660    3.82109817    3.36639716    4.43130624    4.16971326    3.00767515    2.59586627    3.46498210    2.68326721    2.64913211    2.79656154    2.87236890    2.73377327    2.65034518    2.59184590    2.69102889
E2RU50_GIAIC/163-444     2.74556538    0.00000000    3.23795641    3.26491130    2.79810337    2.49026103    2.14294984    2.34072466    2.22762071    2.65178986    2.39838971    2.45198723    2.76692019    3.06758285    2.89728228    3.00977090    2.48967629    2.39142598    2.59490072    2.58771342    2.40644812    2.31226204    2.21724795    2.19312822    2.44815847    3.87449311    2.81132790    2.83593232    2.82243934    2.76664844    3.50341734    3.41872407    3.10952451    3.58715100    2.72165584    3.02288862    3.05573190    2.99299622    2.31210843    2.53135762    2.62746265    2.50996493    2.71261808    2.78541332    2.37474202    2.78825681
STNB_CAEEL/1276-1603     3.62101203    3.23795641    0.00000000    1.44245623    1.64959193    1.81628909    2.64638892    2.46192847    2.25135773    2.50204989    2.42744355    2.54460241    3.04698755    2.88990433    2.99807901    3.02090611    2.52377170    2.74256854    2.75308207    2.67260997    2.46166853    2.42474982    2.44752695    2.43710707    2.25443765    3.12190235    2.96830930    2.65107361    2.80571940    2.68044252    2.83909795    2.85657775    2.63782187    3.32319634    3.90821603    3.37475864    2.71693402    3.25537149    2.74274698    2.59710040    2.60635412    2.66607079    2.45854255    2.58134507    2.38474213    2.50226200
STON2_MOUSE/554-871     3.36585593    3.26491130    1.44245623    0.00000000    1.16324631    1.10148083    2.28035751    2.09219971    1.94608083    2.06645881    2.00884754    2.17001623    2.67473289    2.45189702    2.54798626    2.56119964    2.20872118    2.37959384    2.60233317    2.74708766    2.15945455    2.28431432    2.15022039    2.29075885    2.25868922    2.98625880    3.07745480    2.94168330    2.99387369    2.83164297    3.11731198    2.98812284    2.79279334    3.47091318    3.88061443    3.26859295    3.13582413    3.35778103    2.49123961    2.76435760    2.84408104    2.94689553    2.79825885    2.79323574    2.61823151    2.61354299
Q7TNJ9_RAT/394-706     3.68728110    2.79810337    1.64959193    1.16324631    0.00000000    0.30688555    2.46558228    2.23469347    2.00281716    2.16349456    1.98560644    2.30574800    2.95302238    2.72597264    2.53901298    2.62514685    2.35524560    2.63065878    2.79831831    2.65672172    2.18322202    2.26552441    2.09704833    2.20252466    2.22170770    3.25552358    2.70095487    2.85098194    2.88919443    2.85094291    2.86805519    2.91462776    2.81931108    3.24733463    3.41727013    2.86067008    2.80203628    2.84947334    2.12063589    2.48379636    2.56699992    2.54376253    2.45974466    2.41537839    2.39150595    2.35817947
STON1_HUMAN/401-714     3.97742687    2.49026103    1.81628909    1.10148083    0.30688555    0.00000000    2.46092478    2.67323855    2.17672262    2.31158025    2.09637120    2.47694305    3.02220301    2.99459301    2.71731525    2.79116735    2.55943263    2.78082830    2.99563798    2.86680482    2.37557713    2.46190233    2.30749236    2.43500841    2.36495476    3.48350643    2.75896648    3.34604807    3.19532699    3.17522988    3.09980627    3.03456370    3.10385200    3.39235837    3.36086038    3.04033689    2.79226507    2.84114692    2.12007284    2.74265784    2.91046810    2.88201137    2.59997762    2.66278207    2.42017288    2.51608901
AP2M_SCHPO/166-446     2.92902555    2.14294984    2.64638892    2.28035751    2.46558228    2.46092478    0.00000000    1.09237902    0.96496572    1.01175389    0.91018187    1.39082123    1.70268811    1.68993948    1.91075596    1.96622209    1.42467509    1.81253220    1.56358601    1.68205902    1.19645110    1.30505530    1.25729795    1.37816593    1.29163298    2.77899489    2.90578722    2.82409932    3.17430742    3.02167176    3.35937951    3.39299026    2.99911635    2.86304008    2.79644841    2.37610835    2.26719770    2.13790507    1.88346188    1.81069704    1.92487984    1.75395430    1.71789601    1.84907902    1.60280026    1.79405677
AP2M_YEAST/198-491     2.82497913    2.34072466    2.46192847    2.09219971    2.23469347    2.67323855    1.09237902    0.00000000    1.13382223    1.24700353    1.13021195    1.49945324    1.88773202    1.88079354    2.06358667    2.24184931    1.53043493    1.71895143    1.60773711    1.97596764    1.42525703    1.56199682    1.45571206    1.50245215    1.61003586    3.12777713    2.67271669    2.73432591    2.99193042    2.72179846    2.92582081    2.94037495    2.37323217    3.09582543    2.74642653    2.40505788    2.39337296    2.30872589    1.89724248    1.79663313    1.91312998    1.73654576    1.85540851    1.92398243    1.78663636    2.08860324
D7MRC0_ARALL/166-438     2.60361689    2.22762071    2.25135773    1.94608083    2.00281716    2.17672262    0.96496572    1.13382223    0.00000000    0.73157088    0.60570047    1.19288466    1.53098538    1.68293854    1.72462089    1.88112034    1.32037757    1.66702435    1.45546160    1.46558489    0.91479662    0.99321206    1.01904710    1.12363145    1.18172123    2.85879862    2.94304797    2.72420942    3.16374162    2.93019123    2.66816254    2.74813492    2.59353691    3.04865206    2.65882847    2.49639881    2.12979753    2.11326379    1.70696859    1.58763616    1.62687559    1.54505925    1.60498159    1.75626235    1.43751851    1.89970852
AP2MB_DANRE/159-436     2.80551027    2.65178986    2.50204989    2.06645881    2.16349456    2.31158025    1.01175389    1.24700353    0.73157088    0.00000000    0.64066379    1.18151057    1.73970057    2.01932317    2.00566492    2.20858887    1.44408629    1.65247006    1.59771417    1.49167465    1.17050195    1.23975307    1.17102067    1.16533458    1.22245778    2.69004538    2.83402187    3.00387877    3.31980606    3.13524556    3.00093452    3.05508966    2.98053878    3.02825639    3.16694264    2.47504218    2.36281010    1.96808688    1.82122446    1.87508097    1.87075571    1.77330559    1.68364124    1.82825462    1.73938126    2.05980732
AP2M_DICDI/161-439     2.71966278    2.39838971    2.42744355    2.00884754    1.98560644    2.09637120    0.91018187    1.13021195    0.60570047    0.64066379    0.00000000    1.12532493    1.59049822    1.74867228    1.77592932    2.06180705    1.42260611    1.75279988    1.55637067    1.67386078    1.03773231    1.19717697    1.04849335    1.21206292    1.17634726    2.95025387    2.68403992    2.76631954    3.26975644    3.04417692    3.07351528    3.06994932    2.75167959    2.73653255    2.81489308    2.30587494    2.04195897    2.08788645    1.76236909    1.72181387    1.72238672    1.66555391    1.62970521    1.73210231    1.58778911    1.92773873
E2RTN5_GIAIC/156-434     3.01097824    2.45198723    2.54460241    2.17001623    2.30574800    2.47694305    1.39082123    1.49945324    1.19288466    1.18151057    1.12532493    0.00000000    1.93807768    1.88623312    2.12243720    2.13533714    1.54226241    1.88078528    1.79159975    1.94559353    1.32002325    1.43710138    1.46289779    1.46962944    1.50992553    3.15279431    3.24289719    3.05825963    3.37336545    3.12054129    3.03500548    3.13803063    2.84301353    2.93223529    2.70368970    2.30041063    2.47367288    2.07398730    1.83994667    1.79249893    1.80798881    1.73503878    1.65310895    1.82176236    1.70525480    2.00837941
AP4M_DICDI/216-528     2.96374983    2.76692019    3.04698755    2.67473289    2.95302238    3.02220301    1.70268811    1.88773202    1.53098538    1.73970057    1.59049822    1.93807768    0.00000000    1.65204160    1.74923954    2.03996685    1.33856056    1.81078302    1.52830247    2.12790941    1.79680043    1.94068335    1.68294819    1.85411554    1.78794412    2.91080034    2.90879044    2.78879032    3.05272041    2.80916677    3.10560481    3.05274555    2.51120977    3.19391418    3.22141465    2.43105759    2.24084563    2.63094524    2.06310646    2.03162166    2.07277710    1.97899210    2.07674812    2.11295504    2.04587455    2.20323310
Q7SZZ7_DANRE/172-442     3.25295502    3.06758285    2.88990433    2.45189702    2.72597264    2.99459301    1.68993948    1.88079354    1.68293854    2.01932317    1.74867228    1.88623312    1.65204160    0.00000000    0.72490134    0.82078785    1.45792956    1.66666574    1.55562715    1.90596584    1.77164457    1.70259947    1.71111364    1.93177233    1.74872747    3.58143554    3.18542944    3.03628446    3.31180501    3.31732595    3.47687816    3.43830436    2.70242329    3.15092416    3.25643928    3.16122169    2.94433093    2.66937393    2.60409375    2.37289382    2.66670562    2.45169885    2.43651522    2.61700680    2.33486940    2.48716450
AP4M1_HUMAN/173-453     3.79702159    2.89728228    2.99807901    2.54798626    2.53901298    2.71731525    1.91075596    2.06358667    1.72462089    2.00566492    1.77592932    2.12243720    1.74923954    0.72490134    0.00000000    0.69148537    1.61569661    1.87411048    1.77745218    2.32474176    1.94710400    1.99224197    1.96646627    2.03310497    1.99229870    3.31909558    2.77590413    2.44970631    2.75463576    2.59964745    2.97251488    2.90258496    2.34925181    3.37498198    3.17500861    2.72103024    2.54552622    2.45387707    2.18904050    2.28456998    2.45497075    2.33819180    2.30491641    2.35095000    2.37213562    2.37366363
O12969_CHICK/172-441     3.94362702    3.00977090    3.02090611    2.56119964    2.62514685    2.79116735    1.96622209    2.24184931    1.88112034    2.20858887    2.06180705    2.13533714    2.03996685    0.82078785    0.69148537    0.00000000    1.74613513    2.06951620    2.01049759    2.38369317    2.03916692    2.06316174    2.02048268    2.31202555    2.18560130    3.63496631    3.02948925    3.11807214    3.49694048    3.25764759    3.09876334    3.16101062    2.79484809    3.27945265    3.00833721    3.35396686    2.84182395    2.45065260    2.43786646    2.45721742    2.64598557    2.26069917    2.51427242    2.47179675    2.47780662    2.37642301
Q7XI39_ORYSJ/171-451     2.59031391    2.48967629    2.52377170    2.20872118    2.35524560    2.55943263    1.42467509    1.53043493    1.32037757    1.44408629    1.42260611    1.54226241    1.33856056    1.45792956    1.61569661    1.74613513    0.00000000    1.51813875    1.24778571    1.85827274    1.41571790    1.55933538    1.45458258    1.60407278    1.59774298    2.99751894    2.66787071    2.46035043    2.55545865    2.37904335    2.86936544    2.88131394    2.26843582    2.97565803    3.11414416    2.35483867    2.42974773    2.25593520    1.91705087    2.06571344    2.25551267    2.18537409    2.17811728    2.15629094    1.89777012    2.18950432
Q7RCE5_PLAYO/258-469     2.55185332    2.39142598    2.74256854    2.37959384    2.63065878    2.78082830    1.81253220    1.71895143    1.66702435    1.65247006    1.75279988    1.88078528    1.81078302    1.66666574    1.87411048    2.06951620    1.51813875    0.00000000    0.25103257    2.01794069    1.82635387    1.65832514    1.73151867    1.85423435    2.08798424    2.84985191    3.44724095    2.94560698    3.35673225    3.13143034    3.26579890    3.29093729    2.88430284    3.92516776    3.63134397    2.66871731    2.66999857    2.67114312    2.04853366    2.03063687    2.13106254    1.99358720    2.18135947    2.32448378    1.91137251    1.92448344
Q8IIH2_PLAF7/168-435     2.29288941    2.59490072    2.75308207    2.60233317    2.79831831    2.99563798    1.56358601    1.60773711    1.45546160    1.59771417    1.55637067    1.79159975    1.52830247    1.55562715    1.77745218    2.01049759    1.24778571    0.25103257    0.00000000    1.94981849    1.59287796    1.51589211    1.66879754    1.70017145    1.82412117    2.84757799    3.44973091    3.14926843    3.48817947    3.30829094    3.37010916    3.26680612    2.83843655    3.75669536    3.62621035    2.77638381    2.54326541    2.56701780    2.05647649    2.13269747    2.20797845    2.10571762    2.12519269    2.24726499    2.04274688    2.12967653
APM2_YEAST/258-605     3.13934893    2.58771342    2.67260997    2.74708766    2.65672172    2.86680482    1.68205902    1.97596764    1.46558489    1.49167465    1.67386078    1.94559353    2.12790941    1.90596584    2.32474176    2.38369317    1.85827274    2.01794069    1.94981849    0.00000000    1.56085555    1.60540759    1.51241941    1.75731964    1.69375944    3.11143997    3.69692158    3.45753305    3.99516549    3.73759982    3.79044311    3.86309851    3.11340648    3.29031662    2.65463840    2.52596515    2.19920194    2.42739758    2.27079867    2.14480221    2.33808495    2.20702080    2.13411781    2.10695482    1.93048432    2.31814014
AP1M1_ARATH/159-427     2.66068280    2.40644812    2.46166853    2.15945455    2.18322202    2.37557713    1.19645110    1.42525703    0.91479662    1.17050195    1.03773231    1.32002325    1.79680043    1.77164457    1.94710400    2.03916692    1.41571790    1.82635387    1.59287796    1.56085555    0.00000000    0.71586210    0.63191338    1.00356732    0.88845932    2.89196949    3.13293945    2.94885668    3.26004123    3.08939639    3.03128059    2.96252979    2.78323253    3.02661075    2.73089623    2.39159089    2.14615904    2.16843067    1.62967521    1.61349944    1.70890240    1.60149707    1.59925224    1.72832562    1.59146289    1.77857153
AP1M1_YEAST/164-474     2.27877890    2.31226204    2.42474982    2.28431432    2.26552441    2.46190233    1.30505530    1.56199682    0.99321206    1.23975307    1.19717697    1.43710138    1.94068335    1.70259947    1.99224197    2.06316174    1.55933538    1.65832514    1.51589211    1.60540759    0.71586210    0.00000000    0.61912909    0.99557272    0.93634606    3.12967083    2.87270086    3.06866077    3.35925682    3.16945476    3.11426020    3.08750599    2.50134126    2.95240732    2.64952037    2.40265297    2.07332656    1.97905690    1.69532432    1.55804188    1.65100830    1.55420935    1.54133022    1.62348828    1.58251401    1.71579460
AP1M1_SCHPO/156-426     2.27821162    2.21724795    2.44752695    2.15022039    2.09704833    2.30749236    1.25729795    1.45571206    1.01904710    1.17102067    1.04849335    1.46289779    1.68294819    1.71111364    1.96646627    2.02048268    1.45458258    1.73151867    1.66879754    1.51241941    0.63191338    0.61912909    0.00000000    0.89579387    0.81602423    2.87995693    2.81244868    2.81293078    3.06865954    2.87322790    2.97914562    2.98725237    2.37088169    2.92107589    2.79595833    2.34183152    2.09199015    2.06697468    1.66090061    1.66436626    1.70170272    1.58512663    1.60163845    1.76162339    1.56042835    1.85725813
E9AVU6_LEIMU/165-432     2.59718496    2.19312822    2.43710707    2.29075885    2.20252466    2.43500841    1.37816593    1.50245215    1.12363145    1.16533458    1.21206292    1.46962944    1.85411554    1.93177233    2.03310497    2.31202555    1.60407278    1.85423435    1.70017145    1.75731964    1.00356732    0.99557272    0.89579387    0.00000000    0.75628021    2.79599811    2.51908297    2.55309078    2.66683374    2.53160934    2.89405947    2.79613112    2.46258972    3.21079597    2.71897682    2.37196927    2.49330225    2.04149924    1.61032107    1.58546937    1.64105346    1.66806194    1.60441915    1.70456517    1.60043181    1.78024291
Q8T6C3_9TRYP/164-431     2.50467843    2.44815847    2.25443765    2.25868922    2.22170770    2.36495476    1.29163298    1.61003586    1.18172123    1.22245778    1.17634726    1.50992553    1.78794412    1.74872747    1.99229870    2.18560130    1.59774298    2.08798424    1.82412117    1.69375944    0.88845932    0.93634606    0.81602423    0.75628021    0.00000000    2.82444996    2.58447105    2.84161644    3.08193168    2.78875913    3.02753754    2.83181377    2.63592706    3.13928360    2.92678701    2.31110870    2.15968719    1.98104231    1.94230961    1.66746466    1.78311914    1.75442514    1.60588284    1.76970784    1.79166884    1.90098074
Q8SSH2_ENCCU/103-336     4.44358230    3.87449311    3.12190235    2.98625880    3.25552358    3.48350643    2.77899489    3.12777713    2.85879862    2.69004538    2.95025387    3.15279431    2.91080034    3.58143554    3.31909558    3.63496631    2.99751894    2.84985191    2.84757799    3.11143997    2.89196949    3.12967083    2.87995693    2.79599811    2.82444996    0.00000000    3.34314681    2.94312135    3.06162068    2.93475882    3.19044134    3.11316491    2.99886061    4.19866622    4.31402302    3.03080447    3.48825291    3.02808086    2.85218506    3.13324020    2.95888368    3.04117964    3.07022660    3.07239504    2.92830510    3.25864364
COPD_CAEEL/272-505     3.83198267    2.81132790    2.96830930    3.07745480    2.70095487    2.75896648    2.90578722    2.67271669    2.94304797    2.83402187    2.68403992    3.24289719    2.90879044    3.18542944    2.77590413    3.02948925    2.66787071    3.44724095    3.44973091    3.69692158    3.13293945    2.87270086    2.81244868    2.51908297    2.58447105    3.34314681    0.00000000    0.97507141    1.01214076    1.07973406    1.38321965    1.40176568    1.35757305    3.91209946    3.24861711    3.31253448    3.20669782    2.98717244    2.88994622    2.81857037    2.97986411    2.80171408    2.67813497    2.85789593    2.86707652    2.83208886
Q7T0U9_XENLA/265-505     3.52075931    2.83593232    2.65107361    2.94168330    2.85098194    3.34604807    2.82409932    2.73432591    2.72420942    3.00387877    2.76631954    3.05825963    2.78879032    3.03628446    2.44970631    3.11807214    2.46035043    2.94560698    3.14926843    3.45753305    2.94885668    3.06866077    2.81293078    2.55309078    2.84161644    2.94312135    0.97507141    0.00000000    0.27787945    0.24450793    1.11545792    1.10095652    1.05384574    4.16049483    3.79626015    3.11867081    3.40404113    3.02832015    2.87720716    2.82967826    3.05048162    2.79423943    2.92811412    2.89153241    2.71818311    2.95240253
Q7ZU89_DANRE/262-508     3.71133566    2.82243934    2.80571940    2.99387369    2.88919443    3.19532699    3.17430742    2.99193042    3.16374162    3.31980606    3.26975644    3.37336545    3.05272041    3.31180501    2.75463576    3.49694048    2.55545865    3.35673225    3.48817947    3.99516549    3.26004123    3.35925682    3.06865954    2.66683374    3.08193168    3.06162068    1.01214076    0.27787945    0.00000000    0.23390445    1.21466863    1.19821356    1.14420756    4.47676053    4.05185837    3.45936820    3.45858062    3.06601319    2.95654763    3.02976219    3.27684562    2.98369415    3.22199316    3.14229440    2.90649873    3.30167441
Q7ZW27_DANRE/261-505     3.73179308    2.76664844    2.68044252    2.83164297    2.85094291    3.17522988    3.02167176    2.72179846    2.93019123    3.13524556    3.04417692    3.12054129    2.80916677    3.31732595    2.59964745    3.25764759    2.37904335    3.13143034    3.30829094    3.73759982    3.08939639    3.16945476    2.87322790    2.53160934    2.78875913    2.93475882    1.07973406    0.24450793    0.23390445    0.00000000    1.19074625    1.14719272    1.09561394    4.35019686    3.95469700    3.22899641    3.28959129    3.13396619    2.91934227    2.98863935    3.16508100    2.94483746    3.10043617    3.03883428    2.95335882    3.17054522
Q9M640_MAIZE/272-513     3.81651660    3.50341734    2.83909795    3.11731198    2.86805519    3.09980627    3.35937951    2.92582081    2.66816254    3.00093452    3.07351528    3.03500548    3.10560481    3.47687816    2.97251488    3.09876334    2.86936544    3.26579890    3.37010916    3.79044311    3.03128059    3.11426020    2.97914562    2.89405947    3.02753754    3.19044134    1.38321965    1.11545792    1.21466863    1.19074625    0.00000000    0.14886145    0.94596743    3.83249979    3.98066023    3.58088512    3.20634228    3.19205606    2.82418309    2.75187207    2.86261131    2.68637215    2.67770921    2.74358776    2.67954866    3.15131997
COPD3_ORYSJ/272-508     3.82109817    3.41872407    2.85657775    2.98812284    2.91462776    3.03456370    3.39299026    2.94037495    2.74813492    3.05508966    3.06994932    3.13803063    3.05274555    3.43830436    2.90258496    3.16101062    2.88131394    3.29093729    3.26680612    3.86309851    2.96252979    3.08750599    2.98725237    2.79613112    2.83181377    3.11316491    1.40176568    1.10095652    1.19821356    1.14719272    0.14886145    0.00000000    1.00726348    3.81635165    4.06991709    3.58441386    3.27267181    3.29612932    2.81090003    2.94467500    3.00839717    2.81948669    2.81648217    2.90611900    2.88805390    3.20496794
Q94IK3_SCHDU/275-496     3.36639716    3.10952451    2.63782187    2.79279334    2.81931108    3.10385200    2.99911635    2.37323217    2.59353691    2.98053878    2.75167959    2.84301353    2.51120977    2.70242329    2.34925181    2.79484809    2.26843582    2.88430284    2.83843655    3.11340648    2.78323253    2.50134126    2.37088169    2.46258972    2.63592706    2.99886061    1.35757305    1.05384574    1.14420756    1.09561394    0.94596743    1.00726348    0.00000000    3.76345730    3.55452478    3.14239198    2.93941542    2.72996618    2.55614815    2.57491919    2.57853445    2.62525526    2.51809750    2.63101066    2.47215476    2.86232435
AP5M_ARATH/299-593     4.43130624    3.58715100    3.32319634    3.47091318    3.24733463    3.39235837    2.86304008    3.09582543    3.04865206    3.02825639    2.73653255    2.93223529    3.19391418    3.15092416    3.37498198    3.27945265    2.97565803    3.92516776    3.75669536    3.29031662    3.02661075    2.95240732    2.92107589    3.21079597    3.13928360    4.19866622    3.91209946    4.16049483    4.47676053    4.35019686    3.83249979    3.81635165    3.76345730    0.00000000    2.37719024    3.26187518    3.41246433    2.95638497    3.04764687    2.80877532    3.04226695    3.01118979    2.81664013    2.66753652    2.87012673    2.81366714
AP5M1_HUMAN/196-475     4.16971326    2.72165584    3.90821603    3.88061443    3.41727013    3.36086038    2.79644841    2.74642653    2.65882847    3.16694264    2.81489308    2.70368970    3.22141465    3.25643928    3.17500861    3.00833721    3.11414416    3.63134397    3.62621035    2.65463840    2.73089623    2.64952037    2.79595833    2.71897682    2.92678701    4.31402302    3.24861711    3.79626015    4.05185837    3.95469700    3.98066023    4.06991709    3.55452478    2.37719024    0.00000000    2.96481924    2.80564734    3.10823837    2.64832003    2.61125029    2.73149700    2.56731341    2.56702426    2.77553500    2.23493777    2.45146331
AP3M_YEAST/199-483     3.00767515    3.02288862    3.37475864    3.26859295    2.86067008    3.04033689    2.37610835    2.40505788    2.49639881    2.47504218    2.30587494    2.30041063    2.43105759    3.16122169    2.72103024    3.35396686    2.35483867    2.66871731    2.77638381    2.52596515    2.39159089    2.40265297    2.34183152    2.37196927    2.31110870    3.03080447    3.31253448    3.11867081    3.45936820    3.22899641    3.58088512    3.58441386    3.14239198    3.26187518    2.96481924    0.00000000    2.18602434    2.09473501    2.18253416    2.12380895    2.28347398    2.00707181    2.09487016    2.19247574    2.52572330    2.29760091
AP3M_SCHPO/164-424     2.59586627    3.05573190    2.71693402    3.13582413    2.80203628    2.79226507    2.26719770    2.39337296    2.12979753    2.36281010    2.04195897    2.47367288    2.24084563    2.94433093    2.54552622    2.84182395    2.42974773    2.66999857    2.54326541    2.19920194    2.14615904    2.07332656    2.09199015    2.49330225    2.15968719    3.48825291    3.20669782    3.40404113    3.45858062    3.28959129    3.20634228    3.27267181    2.93941542    3.41246433    2.80564734    2.18602434    0.00000000    1.86891510    2.04605280    1.76971168    1.74266875    1.78652402    1.80997149    1.79921015    1.82797873    1.95496583
Q7RZK0_NEUCR/176-568     3.46498210    2.99299622    3.25537149    3.35778103    2.84947334    2.84114692    2.13790507    2.30872589    2.11326379    1.96808688    2.08788645    2.07398730    2.63094524    2.66937393    2.45387707    2.45065260    2.25593520    2.67114312    2.56701780    2.42739758    2.16843067    1.97905690    2.06697468    2.04149924    1.98104231    3.02808086    2.98717244    3.02832015    3.06601319    3.13396619    3.19205606    3.29612932    2.72996618    2.95638497    3.10823837    2.09473501    1.86891510    0.00000000    1.90580844    1.63487301    1.74713092    1.69700403    1.75627027    1.88741663    1.87069964    2.12395746
Q8MU99_9TRYP/164-425     2.68326721    2.31210843    2.74274698    2.49123961    2.12063589    2.12007284    1.88346188    1.89724248    1.70696859    1.82122446    1.76236909    1.83994667    2.06310646    2.60409375    2.18904050    2.43786646    1.91705087    2.04853366    2.05647649    2.27079867    1.62967521    1.69532432    1.66090061    1.61032107    1.94230961    2.85218506    2.88994622    2.87720716    2.95654763    2.91934227    2.82418309    2.81090003    2.55614815    3.04764687    2.64832003    2.18253416    2.04605280    1.90580844    0.00000000    1.40641326    1.49138634    1.38066960    1.63869271    1.60115825    1.28465517    1.54037641
H2QW32_PANTR/165-418     2.64913211    2.53135762    2.59710040    2.76435760    2.48379636    2.74265784    1.81069704    1.79663313    1.58763616    1.87508097    1.72181387    1.79249893    2.03162166    2.37289382    2.28456998    2.45721742    2.06571344    2.03063687    2.13269747    2.14480221    1.61349944    1.55804188    1.66436626    1.58546937    1.66746466    3.13324020    2.81857037    2.82967826    3.02976219    2.98863935    2.75187207    2.94467500    2.57491919    2.80877532    2.61125029    2.12380895    1.76971168    1.63487301    1.40641326    0.00000000    0.25129926    0.45089628    0.41361894    0.38380216    0.69636087    1.01339489
AP1M_DIPOM/165-418     2.79656154    2.62746265    2.60635412    2.84408104    2.56699992    2.91046810    1.92487984    1.91312998    1.62687559    1.87075571    1.72238672    1.80798881    2.07277710    2.66670562    2.45497075    2.64598557    2.25551267    2.13106254    2.20797845    2.33808495    1.70890240    1.65100830    1.70170272    1.64105346    1.78311914    2.95888368    2.97986411    3.05048162    3.27684562    3.16508100    2.86261131    3.00839717    2.57853445    3.04226695    2.73149700    2.28347398    1.74266875    1.74713092    1.49138634    0.25129926    0.00000000    0.49204053    0.43542000    0.43947530    0.80195936    1.17698038
Q20736_CAEEL/165-414     2.87236890    2.50996493    2.66607079    2.94689553    2.54376253    2.88201137    1.75395430    1.73654576    1.54505925    1.77330559    1.66555391    1.73503878    1.97899210    2.45169885    2.33819180    2.26069917    2.18537409    1.99358720    2.10571762    2.20702080    1.60149707    1.55420935    1.58512663    1.66806194    1.75442514    3.04117964    2.80171408    2.79423943    2.98369415    2.94483746    2.68637215    2.81948669    2.62525526    3.01118979    2.56731341    2.00707181    1.78652402    1.69700403    1.38066960    0.45089628    0.49204053    0.00000000    0.50129627    0.50222668    0.78903740    1.24260648
Q7PXM8_ANOGA/163-414     2.73377327    2.71261808    2.45854255    2.79825885    2.45974466    2.59997762    1.71789601    1.85540851    1.60498159    1.68364124    1.62970521    1.65310895    2.07674812    2.43651522    2.30491641    2.51427242    2.17811728    2.18135947    2.12519269    2.13411781    1.59925224    1.54133022    1.60163845    1.60441915    1.60588284    3.07022660    2.67813497    2.92811412    3.22199316    3.10043617    2.67770921    2.81648217    2.51809750    2.81664013    2.56702426    2.09487016    1.80997149    1.75627027    1.63869271    0.41361894    0.43542000    0.50129627    0.00000000    0.31547495    0.84108870    1.22786518
O76928_DROME/163-415     2.65034518    2.78541332    2.58134507    2.79323574    2.41537839    2.66278207    1.84907902    1.92398243    1.75626235    1.82825462    1.73210231    1.82176236    2.11295504    2.61700680    2.35095000    2.47179675    2.15629094    2.32448378    2.24726499    2.10695482    1.72832562    1.62348828    1.76162339    1.70456517    1.76970784    3.07239504    2.85789593    2.89153241    3.14229440    3.03883428    2.74358776    2.90611900    2.63101066    2.66753652    2.77553500    2.19247574    1.79921015    1.88741663    1.60115825    0.38380216    0.43947530    0.50222668    0.31547495    0.00000000    0.90117753    1.20274921
AP3M_DICDI/167-421     2.59184590    2.37474202    2.38474213    2.61823151    2.39150595    2.42017288    1.60280026    1.78663636    1.43751851    1.73938126    1.58778911    1.70525480    2.04587455    2.33486940    2.37213562    2.47780662    1.89777012    1.91137251    2.04274688    1.93048432    1.59146289    1.58251401    1.56042835    1.60043181    1.79166884    2.92830510    2.86707652    2.71818311    2.90649873    2.95335882    2.67954866    2.88805390    2.47215476    2.87012673    2.23493777    2.52572330    1.82797873    1.87069964    1.28465517    0.69636087    0.80195936    0.78903740    0.84108870    0.90117753    0.00000000    1.04096869
Q8LPJ0_ARATH/51-299     2.69102889    2.78825681    2.50226200    2.61354299    2.35817947    2.51608901    1.79405677    2.08860324    1.89970852    2.05980732    1.92773873    2.00837941    2.20323310    2.48716450    2.37366363    2.37642301    2.18950432    1.92448344    2.12967653    2.31814014    1.77857153    1.71579460    1.85725813    1.78024291    1.90098074    3.25864364    2.83208886    2.95240253    3.30167441    3.17054522    3.15131997    3.20496794    2.86232435    2.81366714    2.45146331    2.29760091    1.95496583    2.12395746    1.54037641    1.01339489    1.17698038    1.24260648    1.22786518    1.20274921    1.04096869    0.00000000

