141
MOEB_PYRYE/276-370     0.00000000    2.70419669    2.54571977    4.30830933    2.28647111    2.52222623    2.43065799    1.87125434    3.01233016    2.46886834    2.51907119    2.86699276    2.42587080    3.66794030    3.09182761    2.71066701    2.46985277    3.30224408    2.74680369    2.37573072    2.57644700    2.14789463    2.71830685    2.87842324    2.81784469    2.49318281    2.60487120    2.59550648    2.30358117    3.29049735    2.48441094    1.93061984    3.04091347    3.24558601    2.95668530    2.84528823    3.02908162    2.31315616    3.29216252    3.46562242    2.89083802    2.60540180    3.26365155    2.82447213    3.38315933    3.18322385    3.03667089    3.73398595    2.98031757    2.35814089    2.69785160    3.54417234    4.08706461    3.42942504    2.95771748    2.72251114    3.12578910    2.55537159    2.31429817    3.08036774    3.13445351    2.23961083    2.87285057    3.44647994    3.42650634    2.95770743    3.41857586    4.29180565    2.50597204    2.91391111    2.37791702    4.00702042    3.06584265    2.82670181    3.41282892    2.98893587    3.53184428    3.98143236    3.87719216    3.33792956    2.64187358    2.74020879    2.95492351    3.21680049    3.07418238    3.48049394    3.12327343    4.10892342    4.24044693    3.09603263    2.78838626    3.42439626    2.76150400    4.11551809    3.52722062    3.42432957    3.74169590    3.37669518    3.03648329    2.22706798    3.84773132    4.10951976    3.14998862    2.72504033    2.57928817    2.90060181    2.80874344    2.87273502    3.60085266    3.60693526    3.87326499    3.88447958    2.78227244    3.24093565    4.25721063    3.08086761    2.82642671    2.73584751    3.38813413    3.31377989    2.91494442    2.86443312    3.24675993    3.17375214    2.10052745    4.06351582    2.99530891    2.52741074    2.69406243    2.59119430    2.09382552    2.52042079    4.04910385    2.93362999    3.57597664    3.12878691    2.75517869    2.59507779    3.37934799    3.50943445    2.58902027
DIN1_RAPSA/74-177     2.70419669    0.00000000    2.20465569    2.30026584    2.15412808    2.14469134    2.67071617    2.68696885    3.01625106    2.50252291    2.13061814    2.05575527    2.93371229    3.08309189    3.12276041    2.83290927    2.49889314    2.96843236    2.83497224    2.38305405    2.89007150    2.51061673    2.47719806    3.52033208    2.86177962    2.20803133    2.76888301    2.22196859    2.34706340    2.36318417    3.32125251    2.46946014    2.35346556    2.67028242    2.53327754    2.53744906    3.24656461    3.13544005    2.86808556    2.99984760    2.80024156    4.03593932    3.79089355    3.03726452    2.53388258    2.71361546    3.87878570    4.01024243    3.59341143    3.24765066    3.63457891    3.18751881    2.80436253    4.17960230    3.40854316    3.40752743    3.81067339    2.94379334    3.80711881    3.54855818    2.57828863    2.16522447    3.19412523    3.68541606    4.22816235    2.96331458    3.23036267    2.31950109    2.61098959    3.55375626    3.02490000    4.50800948    3.44507732    3.88640288    3.87150459    2.60326679    4.37593126    3.71556595    3.61430127    3.20648542    3.37683066    3.03586996    3.27446201    3.67788588    3.51191472    3.80202864    3.26756834    3.91708366    3.39599653    3.08285926    2.73529034    2.77271447    4.36734814    4.29460918    4.12095032    3.20193275    4.43007784    3.01114578    4.48002543    3.34081969    4.87219229    3.07024149    3.53522666    2.83119076    3.02799991    2.73303831    2.31640607    3.04081350    5.00744669    3.26613723    3.04340667    3.86354121    2.85152902    2.66763167    4.44273199    2.53857320    2.78080691    2.82063934    2.58557329    3.03365139    4.21190147    3.09155969    3.06152561    2.76815729    4.17263868    4.08106147    2.84663149    2.51104006    2.37414427    3.75736617    2.56558458    2.48984007    2.82042666    2.45000328    2.99968303    2.59888332    3.40702206    2.54310785    3.43643699    3.12054943    3.29349138
A7SQG4_NEMVE/62-168     2.54571977    2.20465569    0.00000000    1.69202884    2.20268277    2.70573409    2.70577392    2.21953209    2.20528060    1.82452161    2.18453788    2.76397767    2.34025483    3.24900873    2.50832167    2.15744017    2.36105702    2.24295093    3.53734348    2.68858470    2.80328444    2.83120523    2.23206986    3.02386923    2.13205141    2.32963479    2.61951668    2.19855683    2.56534177    2.11575093    2.42937684    2.04567594    2.74356696    2.87477713    2.35667115    2.60463400    2.86264284    2.67930837    2.53866141    3.26507130    2.46952608    2.53670060    3.26763039    2.53459429    2.58017948    2.30800823    2.21268068    2.68718560    2.70731715    2.68261797    2.85938857    3.14113585    2.89408788    3.53474994    2.54533061    2.59480206    2.19657641    2.29376468    2.31507590    2.66197535    2.23088557    2.15351999    2.98074114    2.75882425    3.42737120    2.10737917    2.94957237    2.97329134    2.15434157    3.71366003    2.37358703    4.53862685    3.47329293    2.86732840    2.82938479    3.02842708    3.60451122    3.98089141    4.05223756    3.27301905    3.30354967    2.67041295    3.72198903    4.09633787    3.47475496    3.76483162    2.53601568    4.18439067    3.37037607    3.45119168    3.38252167    3.00059124    2.91589078    3.23367913    3.19500901    3.04012414    3.36230290    2.61003931    3.70120599    2.11249801    3.57946872    3.65058051    3.29787514    3.51739254    2.60787055    2.68316141    2.52557573    2.11392505    4.64493957    4.56497069    3.89858114    3.87195543    3.05300674    2.98812116    2.91003929    2.41200460    2.54940986    3.65804426    3.05328732    3.23153774    2.82486711    2.63703424    3.06624644    3.12077785    3.08282099    2.78477323    2.81345135    1.94773125    2.41573047    2.75779890    1.85024076    2.34347019    2.73910572    2.45793234    2.86669850    3.27271761    3.69808381    2.34427625    3.49828537    2.90698339    2.31066261
A0A0D1CKZ8_USTMA/79-181     4.30830933    2.30026584    1.69202884    0.00000000    2.25102787    2.48595027    3.44318937    3.19713658    2.73888444    2.41381362    3.04434556    2.74574495    3.11370562    3.68201577    2.90067652    2.65365500    2.78180220    2.46270790    2.80835091    2.50758715    3.05622168    3.11592140    2.41680586    2.52070130    3.27821231    2.36451660    2.90786703    2.56446906    3.52377515    2.15431733    2.90056455    2.75794829    2.15923309    2.81342860    2.49826284    3.09013661    2.99694178    3.03902092    2.27551056    3.48141559    2.54385546    2.76505302    3.64164559    2.94354666    2.16428041    2.44655690    2.54136543    3.24334866    3.24303045    2.94347445    3.79256678    2.83956332    2.80093227    3.92235312    3.11587173    2.97090121    2.92909338    2.22132830    3.08973456    3.71574192    2.20065306    3.15741490    3.09429755    3.09205219    4.23991462    2.75757973    3.06408748    2.60149899    2.60047119    3.74432225    3.32606925    4.84824088    4.90810723    3.91702137    4.44267775    3.54562637    4.80500384    3.41544049    4.57839446    3.69322933    3.59329763    2.84889073    3.75692723    4.16171610    3.91495291    3.70078502    3.63018616    5.33697722    4.19592385    3.81386613    3.68432252    3.41658635    3.22065663    4.05601349    4.16931973    3.40639159    4.63598958    2.86159575    4.84377649    3.08091661    4.54478924    3.77058230    4.39497875    4.19053590    3.16929467    3.36794578    2.51320547    3.03051959    4.32330752    3.53500405    3.37088360    3.86195783    3.54856453    2.80057924    4.11287221    3.08721094    3.50674470    3.74383118    2.91175977    3.63166810    3.89179136    4.10966034    2.97783045    4.32693092    3.77806449    3.75485390    3.09369986    3.56771266    2.62614954    3.53484405    2.85729349    2.98717879    3.16696597    3.45265893    3.09419862    2.73180643    3.25559001    2.54205773    3.93383717    3.01969613    2.64186963
Q97TR5_CLOAB/14-103     2.28647111    2.15412808    2.20268277    2.25102787    0.00000000    1.73864452    2.41251463    2.06726159    2.83856400    2.56081445    2.42522468    2.26941469    2.52759670    2.56052643    2.68510881    2.01607834    2.23833299    2.18795116    2.69145624    2.37982374    2.24565581    2.32156842    1.75792085    2.83225587    2.45788492    2.53242853    2.48676521    2.18936602    2.45818617    2.71172286    2.20756545    1.71178033    2.70410841    2.54646619    3.06123116    2.43045257    2.37760110    2.44071867    2.47271854    2.92644174    2.26162420    3.41123791    4.16211647    2.67726755    3.02314819    3.44752300    3.38685451    3.27180499    3.25691621    2.87760150    3.21042147    2.56622111    2.67349653    3.49286096    2.62965773    2.60492210    3.22022790    2.38481062    2.95192172    3.12340811    2.56098230    2.21257020    2.82487946    3.91559460    3.21436370    2.57120590    3.15480209    2.94998620    2.62760756    2.67020150    2.76286205    4.17967174    2.85514327    2.77350730    3.44796354    2.73628814    3.35571898    3.20706195    2.85055384    4.09342981    3.16550700    2.96472009    3.53219272    3.07619901    3.79425578    3.02859018    2.90805222    3.01348961    3.22929654    2.44599445    2.81469568    2.90335957    3.60180222    3.76418359    3.59177002    3.34861041    3.46310533    2.75366729    4.12259599    2.81827024    3.51543057    3.80618268    3.30034394    3.15107859    2.61446732    2.90132021    2.59199340    2.86876669    3.93314433    3.56124223    3.30199965    3.49953728    2.83738966    2.24371481    3.90923372    2.59791060    2.55701269    2.66542859    3.03346094    3.63620481    3.30157701    3.21948119    3.75463740    2.54469248    2.98297213    2.80439774    3.33615257    2.42063569    2.55975922    2.59037570    1.92558338    2.47607908    3.04815452    2.50908154    2.15208196    2.65744089    2.85274696    2.99866862    2.71646842    2.26872659    3.08379367
A6ERQ8_9BACT/41-135     2.52222623    2.14469134    2.70573409    2.48595027    1.73864452    0.00000000    2.02938008    2.19825896    2.78108099    2.19039969    2.74426915    2.37313402    2.17208661    2.94200330    3.13030643    2.43817319    2.65579183    2.52531342    2.69877439    2.69847330    2.58069642    2.84885336    2.24454019    2.66224338    2.07612585    2.72484537    1.70969142    2.30871123    2.43416887    2.55977618    2.40731785    2.54308821    2.52711502    2.43395048    2.79223180    2.20741896    2.41067260    2.54898525    2.19997915    2.71849345    2.56092743    2.46669209    3.13488425    2.85366829    2.61464149    2.94675738    3.08483816    3.29739012    3.46450204    2.90995821    2.87239500    3.06770346    2.56005108    3.13751268    2.95661518    2.41045738    3.39547582    2.17840171    2.25904872    2.90700376    2.42181446    2.46711968    4.23419933    2.97823236    2.94894336    3.11787601    2.64957058    2.65819567    2.34162613    2.97124794    2.54743694    4.34173010    2.19983024    2.72080480    4.12134096    3.15500414    2.76872948    3.05939256    2.59805895    2.95499095    3.10069411    2.62382991    3.26829000    2.53970255    3.57975149    3.79388653    4.21723337    3.44670940    3.42023087    2.80617822    2.90806661    2.74029571    2.94993740    2.93313598    3.09641466    2.51379364    2.81969018    3.07554925    3.96775919    3.57055214    3.71385256    4.17840709    2.54209949    3.28370387    2.47665518    2.77920754    2.53341918    2.72309079    3.55640556    3.85975124    2.87143759    2.87181342    3.28256769    2.42659632    4.42501064    2.80588219    2.72121286    2.59300219    3.01014192    2.57481984    3.36474728    3.28342711    3.50855158    2.78592668    2.96477334    3.29737703    2.24716711    2.97433002    2.22218837    3.16405351    2.16888221    2.56732148    2.38189076    2.41572595    2.67054175    2.70605153    3.05770413    2.72394140    2.82103138    2.30206396    3.27046252
Q14BE0_MOUSE/63-178     2.43065799    2.67071617    2.70577392    3.44318937    2.41251463    2.02938008    0.00000000    2.28819000    3.37217571    2.65928571    2.73011207    3.09069210    3.08690576    2.84159969    3.21764576    3.18399105    2.41739257    2.97884155    2.42493508    2.67612954    3.38094381    3.42491384    2.78899010    3.22658451    3.56091874    3.74319924    2.74235911    2.84638486    3.37011917    2.66218451    2.95380974    2.72751945    3.05281422    2.62885774    2.34662453    2.82134313    2.90672979    2.51920638    3.05097552    2.53342028    2.96475784    3.30380609    3.64698135    3.40121819    3.06521893    2.83964934    3.26283865    2.99279359    3.97568126    2.78308043    3.11825670    4.51809304    3.26287879    3.45931842    4.09849597    3.12133580    2.98634708    3.20798765    4.24938117    3.43498552    3.39181527    3.14944897    3.75931175    3.60698099    3.76012377    3.92524079    4.01965230    3.21281706    3.04036598    3.41201722    2.59782871    4.67167816    3.05162820    4.15706970    4.20431969    3.61618488    4.76563482    4.69637147    4.49614297    3.96880729    4.08821302    3.49589834    3.15468426    3.64848390    3.07355591    4.92672028    3.65222650    5.39665727    4.97568280    3.29318120    3.73084142    3.88701895    4.25106767    4.34022245    3.69593337    3.66765110    4.15001209    4.49657906    3.43568581    3.02404436    4.65091032    4.65967399    3.36298747    3.60127315    3.96730570    2.64449886    2.99618397    3.26697952    4.82526832    4.80952708    3.95040888    3.82383688    2.92388724    3.51207129    5.30114859    3.29118726    3.20428695    3.64356068    2.77965020    3.09955211    3.86511598    3.32669156    3.40526559    2.81719336    2.98624611    3.61094576    3.01108502    3.25032582    2.96285977    3.44583234    2.56672942    3.15655883    3.45699273    3.29923878    3.43827371    4.57892188    3.94993342    2.11085907    2.97039698    2.96190176    2.54208082
Q1V0S6_PELUQ/18-119     1.87125434    2.68696885    2.21953209    3.19713658    2.06726159    2.19825896    2.28819000    0.00000000    1.81522335    1.46453216    2.00516682    1.99617719    2.94216496    3.20273001    2.02438676    2.61630278    2.45378429    2.66086382    2.51184571    2.15173961    2.49511820    2.36457094    1.90445396    2.67895453    2.16040254    2.81197343    2.16697953    3.12547566    2.33747377    2.62129445    1.96261411    1.80118076    3.46702489    2.72516820    2.37122212    2.46141226    2.77047178    2.31472613    2.43999565    3.03062019    2.33177608    2.49083364    2.91233163    2.26075758    2.80956302    2.49306486    2.34842044    2.95551485    2.85233836    2.50995726    2.35024224    2.77304910    2.64416226    2.51081954    2.62008246    2.16055123    2.88127379    2.09182165    3.01695577    2.52471989    3.48219533    2.35466722    3.12656840    3.26675803    3.30179177    3.24556579    3.32087153    3.29367850    2.05789281    3.64698107    2.85899469    4.21199415    3.00837611    2.32337121    3.23167521    3.48454689    2.92860359    2.79050875    2.84530190    3.05546588    3.53332290    3.18390211    3.76595083    2.73798545    2.98117628    3.60872209    3.09696104    4.32681848    3.40137526    2.34423857    2.49177367    3.56785000    3.71599746    3.90010671    3.66828648    2.91879168    3.07920344    3.33350973    3.39528590    3.71259598    4.06212677    3.92171290    3.85721286    4.31041173    2.79373467    2.95608018    2.73764503    2.33579291    5.26256828    3.96272662    2.66556500    3.98464218    3.36124012    3.08984512    4.22466166    3.02877963    3.19263967    3.22457606    2.52499341    3.82602897    2.49734599    2.44277285    2.65755584    2.29998033    2.61059148    2.96339680    2.57399779    2.25364935    2.24912099    2.24500395    1.73437984    2.19508607    2.65801120    2.62273439    2.93384607    3.03730627    2.67084071    2.24945629    2.89347678    2.59096010    2.70606924
A3W0C4_9RHOB/45-145     3.01233016    3.01625106    2.20528060    2.73888444    2.83856400    2.78108099    3.37217571    1.81522335    0.00000000    1.32501313    2.98730889    3.33512969    2.34918129    3.67534811    2.96809534    2.91703089    2.92503721    2.23655690    4.52326614    2.93595077    3.15118392    2.49597435    2.59519629    4.40833640    2.22887566    3.06046681    2.32230914    2.44768310    2.26813211    2.50980563    3.22587457    2.42625564    2.78066230    2.75139278    2.80302256    2.77576411    2.73519681    2.41962726    2.88520917    3.76695129    2.60514412    3.01959525    4.22170115    3.07375538    3.09408865    2.73246678    2.39346742    2.96902958    3.23394558    2.34902151    2.42612602    3.14173556    3.65343894    3.16369067    2.97994194    2.17604592    3.21398271    2.81255863    3.23973946    3.50322261    2.74356012    2.33785292    3.45960736    3.66816940    3.68513749    3.62874992    3.56578066    3.19545698    3.23227567    4.26426087    2.83494947    4.09630216    3.55434316    3.36706303    3.35734117    3.34642848    3.29680120    3.48361765    3.58055208    4.10365363    3.66040985    3.34726193    4.71954385    3.63428598    3.56000971    3.69822981    2.82750104    4.27347603    4.24286731    4.29259686    3.33514188    3.50518375    3.51968491    4.09277334    3.10663441    2.98949619    3.17746773    3.14166035    3.25713672    3.61335302    4.90252535    4.08260337    3.40105031    3.42565691    3.29820536    2.61016107    3.27835038    2.57561533    4.44776233    3.84122489    3.08331588    4.67372508    3.77972439    2.37448765    3.67880918    3.32310009    4.14483912    2.70653680    3.08610473    3.31293126    3.40206782    3.98582481    3.56344940    2.74207846    3.37788593    3.38639997    3.19662168    1.95236246    2.18234066    3.15175009    2.44068389    2.56913226    2.50382612    2.56488841    3.23717151    3.13563627    3.02867149    2.08241611    3.17053542    2.78412450    2.67029141
A4YZA0_BRASO/20-119     2.46886834    2.50252291    1.82452161    2.41381362    2.56081445    2.19039969    2.65928571    1.46453216    1.32501313    0.00000000    2.38432978    2.48436228    2.11920636    2.86438435    2.17006574    2.55369057    2.80845268    2.37210293    3.07791154    2.49509680    1.98495028    2.04538871    1.83763042    3.08615885    2.05672437    2.30640285    2.40888635    2.16211877    2.11722723    2.19247182    2.26134140    1.76827013    2.08026683    2.55009917    1.93351102    1.89847274    2.71983708    2.53086363    2.28852627    2.78673073    2.21592365    2.61343581    3.05057906    2.48380753    2.71379159    2.64227930    2.20887428    2.70713125    3.24170692    2.09356230    2.84253347    3.55601628    2.78437954    3.01556506    2.23229772    2.13139086    2.67240126    2.28437678    2.37834989    2.75223575    2.01319536    2.07678722    2.74136991    2.97804190    3.29534437    3.10847284    3.08759594    2.74578361    2.24284980    3.39659495    2.41498862    3.75462722    3.13213988    2.94721936    3.24668702    2.95041822    3.10703713    2.91719239    3.51110863    3.25136006    3.06293095    2.66984588    4.31611758    3.37803090    2.63151102    3.71250260    3.48860958    3.87168070    2.96167794    2.04236630    2.53283292    3.02911848    3.79154646    2.88649782    2.92452215    2.65043206    2.74506714    2.67554174    3.22527038    3.15099254    3.81372593    4.42491420    3.11973081    3.20066616    2.85445190    2.51075153    2.86549191    2.16008649    4.06190074    3.50689538    2.61328351    3.11694638    3.02570630    2.58303105    3.72686227    2.74533718    2.25856115    2.53781096    2.59861878    3.76087767    2.53799562    3.10758219    3.03018675    2.47813998    2.71044388    2.89182505    2.69029517    2.32364101    1.86614666    2.36497841    1.78611300    1.94304211    2.19261564    2.69023838    2.86645003    2.76339330    2.49351256    1.59645185    2.70167592    2.55609646    2.13632856
A3KIP2_STRA7/342-438     2.51907119    2.13061814    2.18453788    3.04434556    2.42522468    2.74426915    2.73011207    2.00516682    2.98730889    2.38432978    0.00000000    2.10357260    2.34090310    2.67433119    2.26444104    2.31442178    2.19953437    2.07295847    2.94564480    2.10338223    2.61306784    2.52191693    2.03997666    2.55989288    2.70882251    2.32570968    2.02464342    3.07639976    2.42256944    2.87654821    2.30626856    2.32902450    2.66455577    2.63247602    2.43079777    2.12125168    3.15513862    2.44387177    3.35056980    2.17598632    2.41134131    2.48103434    3.54489689    2.74952452    2.92140234    2.87885270    3.21197208    3.26188675    3.07556450    2.55067137    2.90113894    2.92957650    2.56547965    2.67310984    2.60382020    2.67923862    2.99897450    2.32912894    2.88527622    2.82143556    2.79507511    2.28247561    3.46444703    2.70090616    3.12737017    2.70730653    3.36452662    2.94554849    2.38511140    2.57386354    3.03755570    3.87760797    2.96834744    2.37136698    2.75348503    2.65578123    3.41177114    3.53103614    3.54695371    3.15529734    2.75029060    2.94836103    2.50373357    3.12176507    2.36289967    3.26349121    2.77817798    3.81437858    2.86689188    2.87368152    3.00022154    3.26798801    2.52888162    3.30393950    2.75686446    2.49306728    2.99904205    3.05412249    4.59431463    2.95671108    4.14798284    3.63894577    3.32614477    4.40748565    2.34497227    2.78668380    2.46442392    2.22038507    3.80950768    3.54320369    2.94171657    3.95207066    2.61381510    2.78516362    2.89166024    2.50581925    2.61588986    3.23623499    2.45873606    2.43915053    2.24197825    2.46919300    2.65513118    2.78994154    2.64188433    2.70959342    3.00185810    2.28385611    2.45897949    2.60009709    1.94038802    2.31376160    2.97717440    1.83052182    2.38552301    3.27410329    3.40743951    2.48028378    3.15497199    2.86795719    2.75583897
A4ARX3_MARSH/58-152     2.86699276    2.05575527    2.76397767    2.74574495    2.26941469    2.37313402    3.09069210    1.99617719    3.33512969    2.48436228    2.10357260    0.00000000    2.18671447    2.17994867    2.53839068    2.37194087    2.37697635    2.35100265    2.54355105    1.95118262    2.06979738    2.57011652    2.31417080    3.04622297    2.70872240    2.79427226    2.10491224    2.74702120    2.47154315    2.72142161    2.69275130    2.18007184    2.72611294    2.49261777    3.05525888    1.98729395    2.75588986    2.82436700    2.42414183    2.56762654    2.61237297    2.33901802    2.95859656    1.91433867    2.56643719    3.05576521    3.13316352    4.28504681    2.35715593    3.69469103    3.12767798    2.55574978    2.38850799    3.47741145    2.37380769    2.97646567    3.53630526    2.74057084    3.15494127    2.91020503    2.33152339    1.93670303    3.29163257    2.97409209    3.22355994    2.87334252    2.89658877    2.45076620    1.80661194    2.29433254    2.58142272    3.29180220    2.99482340    2.37276805    3.62480030    2.37462820    2.84361373    2.99067494    3.14853092    3.56025453    3.29410356    3.32910254    3.13671828    2.53354102    2.99635315    3.47092899    2.69997194    3.36294765    2.44680308    2.48451047    2.54133076    2.73669741    2.84445744    2.72482398    3.60923249    2.59499464    2.65358374    2.63127728    4.59691933    2.87566560    3.74142874    2.82843288    2.41096254    2.55667625    2.65062178    2.55925041    2.23650090    2.40055462    2.78988138    4.89153420    3.29645599    3.00483304    2.70099425    2.64174699    3.45429269    2.98580107    2.36242869    3.18307806    2.62392169    2.40890650    2.33486689    2.55771440    3.23638422    2.97053676    2.88052136    2.91725981    2.40939391    2.48202332    2.29676407    2.64508950    2.04694428    2.26453338    2.88275118    2.49693157    2.57498490    2.62983577    3.20142070    2.51515442    2.82194880    3.07436142    2.89250688
B3EN19_CHLPB/61-161     2.42587080    2.93371229    2.34025483    3.11370562    2.52759670    2.17208661    3.08690576    2.94216496    2.34918129    2.11920636    2.34090310    2.18671447    0.00000000    1.82314988    3.39247889    2.44433670    2.62992117    2.35152916    2.74676811    2.32524125    2.55776371    2.51846662    2.19426205    3.04350442    1.97519572    2.26411109    2.34056904    2.46551591    2.19345566    2.57547321    1.80355552    2.12788632    2.40844711    3.14736566    2.15212643    2.58463200    2.36752553    1.95760659    2.20298146    2.70683082    2.38131519    2.03765518    2.44362775    2.75695578    3.05727963    2.74634577    2.27392530    2.74854204    3.24292717    3.22860090    2.74935806    2.79162409    2.99314833    3.48961900    3.00269826    2.27827423    2.41018733    2.29727824    2.53201318    2.96082657    2.20072191    2.61861919    3.56710645    3.15291602    3.05416690    3.33198758    3.08633695    2.93548149    2.71438213    3.64979186    2.80661526    4.47026351    2.77972752    2.56781881    3.13733086    3.44245245    3.24061362    3.48632982    2.81981271    3.68342533    3.05430308    2.88857615    2.81886217    3.08324560    3.20317740    2.75051195    3.44099332    3.08302359    4.17023520    3.39986079    3.48119916    3.13847666    2.97919303    2.85319274    2.68500594    2.84441656    2.50201956    2.87918896    3.81462134    2.32114652    3.93279977    3.76495854    2.90649110    2.74683017    2.49351657    3.42994937    2.55335832    2.74015343    3.63481911    3.61804554    3.89527856    2.23007946    2.28856919    2.32972418    2.97179898    2.56661059    2.36287216    2.35973052    3.00504543    3.04245775    2.67257101    2.92918927    3.78335359    2.48920478    2.40245479    3.41053818    2.45315094    2.45656381    2.63687843    2.28937422    2.20689658    2.45044513    3.30145208    2.82745017    2.78497946    2.26704116    3.10847476    2.36999825    2.52661997    3.40154614    2.31774842
A4RQH3_OSTLU/25-155     3.66794030    3.08309189    3.24900873    3.68201577    2.56052643    2.94200330    2.84159969    3.20273001    3.67534811    2.86438435    2.67433119    2.17994867    1.82314988    0.00000000    3.68023600    2.95387165    2.83097065    2.52551786    3.04544697    3.40840443    3.16516875    3.77119504    3.10163417    4.08576806    2.06583830    3.01528798    3.06193272    3.38908743    2.57281964    3.40585413    3.07878854    2.69823627    3.18909175    2.99287447    3.23528082    2.89658005    4.42385723    3.00229701    3.10644847    3.04803185    2.22679834    4.06426200    3.57546126    3.66519936    3.25659244    2.70345188    3.52864155    3.26261759    2.81602811    3.24830245    2.72272162    4.02791741    3.31657697    3.67393037    4.09078182    3.52948179    4.10369731    4.07635988    4.14028140    4.40430418    3.24355120    2.90139608    3.70790433    3.62295570    4.98137670    4.03034843    3.98958516    3.08399382    3.43689178    3.32935514    2.81398212    4.60114698    3.54980610    3.61059924    3.52904743    3.17226357    3.55699481    3.43499299    3.23696203    4.51791750    3.51983456    3.34553208    3.26238216    3.66693876    3.11759902    3.45105858    4.08312209    4.23615440    3.66420825    2.44046471    3.01054783    3.90134679    4.90269456    3.40691004    3.58497941    4.03810209    3.32569975    3.80120205    4.16199158    3.50849500    4.38901216    4.54603584    4.07283703    3.62998612    2.66597223    2.99576663    3.22657559    3.19661076    3.83466544    4.98914777    3.40425921    3.18663704    3.02653326    3.03666069    4.06584908    2.78852026    2.22112727    2.81310671    2.56667940    2.70638492    2.80302324    3.23968064    3.81529563    3.25415540    3.24949566    3.52313945    2.49822065    2.85936369    2.75326132    2.92475293    2.52145009    2.87426648    2.59750856    2.62894461    2.68260971    2.83905780    3.44532340    2.91886676    3.37485018    3.01161973    3.13470997
A9WET4_CHLAA/163-266     3.09182761    3.12276041    2.50832167    2.90067652    2.68510881    3.13030643    3.21764576    2.02438676    2.96809534    2.17006574    2.26444104    2.53839068    3.39247889    3.68023600    0.00000000    3.01038588    2.92533526    2.09297810    3.43561398    2.06194972    2.45213294    2.87787164    2.36534288    2.76151117    2.83215283    2.70951050    2.31528103    3.38701343    2.40280936    2.57588713    2.91791974    2.03479799    2.84818768    2.67898828    2.07682910    2.42609591    2.83869099    2.44808520    3.28629753    2.40084712    2.42444593    2.63073239    3.97556511    2.97160499    2.85298118    3.57345979    2.74717964    3.25253101    2.79881868    2.84625144    2.40842018    2.91538165    2.68480228    3.39010922    2.42404881    2.70856774    2.80564216    2.56498107    2.85396259    2.82107940    2.76166615    2.35956394    2.43745363    2.89425653    3.58373697    3.30648080    3.45178714    2.91487998    3.13232616    3.87172271    2.67329020    3.53378409    3.70204364    2.67205886    3.45181407    2.39512046    2.86330326    3.17830002    3.86930591    3.67647281    3.34406692    2.91078136    3.69975168    3.51761761    2.70012930    2.83785113    3.69825691    3.98456113    3.34796008    2.98428742    2.50598922    2.94279297    3.29105163    3.28011809    2.42509561    2.50241038    2.99156944    2.55874651    3.38962892    3.66219237    3.24210496    4.08567042    3.99478548    3.71842977    2.58379909    2.49230101    2.20288146    2.56886327    3.85205256    3.69692189    3.66830981    5.24753845    4.17507080    3.41944195    3.41222749    2.94536463    2.71190993    3.56099314    2.53023021    3.16939070    3.09900471    3.73675273    2.80277467    2.91763255    2.71632529    3.37031136    2.90538979    3.45675088    2.23226306    2.44054827    2.36598466    2.40903660    2.86509327    2.51675451    3.42708692    3.11623593    2.61062607    2.71684809    3.88190946    2.78053345    2.59314581
A6Q7I9_SULNB/15-111     2.71066701    2.83290927    2.15744017    2.65365500    2.01607834    2.43817319    3.18399105    2.61630278    2.91703089    2.55369057    2.31442178    2.37194087    2.44433670    2.95387165    3.01038588    0.00000000    2.09096911    1.55734368    2.77683043    2.74954288    2.28024572    3.04131554    2.38944956    2.87100754    2.52439253    2.46855965    2.60905124    3.08526692    2.46363485    2.53679510    2.33576019    1.96398373    2.11446339    2.41873784    2.42464457    1.96693192    2.83319452    2.20588917    2.46561628    2.33240369    2.45164625    2.15515108    3.39194437    2.68161532    3.48446628    3.60458260    2.70214630    3.55568134    3.21538734    3.24045619    2.91854048    3.24266095    3.56730765    2.79557742    3.01455154    2.63271825    2.76447807    2.55635586    2.07616631    3.18282434    2.64236560    2.98473300    2.76172632    3.07258972    3.64139620    4.01859133    2.81953475    2.96826779    3.06001048    3.62593046    3.27985131    3.65285637    2.77742430    3.72503879    3.25137904    2.98918311    3.41394920    3.72879366    3.09607592    4.25858029    4.43214891    2.88544406    3.51590243    3.99179863    3.04638268    3.16538941    3.34622654    2.72413131    3.19870469    2.93080222    3.03391161    3.32367466    3.18235894    3.46904352    3.67682779    2.90034513    2.86243820    3.33695125    5.16395580    3.00695249    5.20789098    4.28585166    3.55525696    3.61525143    2.98611184    2.73646228    2.14644318    2.83825766    3.64393467    3.90831495    2.64369742    3.40133737    2.64744797    2.88345930    3.42679713    2.76687207    3.20049757    3.66988194    2.77170880    4.21481770    2.97340855    3.11601063    3.70426349    3.48668119    2.89379610    2.89676208    3.39944842    2.16087579    2.53425524    2.83296098    2.13242484    2.52801483    3.17202521    2.93310832    2.32108882    2.90047437    2.51918811    2.53357176    2.81803528    2.65871218    2.22018001
A4YEV3_METS5/22-109     2.46985277    2.49889314    2.36105702    2.78180220    2.23833299    2.65579183    2.41739257    2.45378429    2.92503721    2.80845268    2.19953437    2.37697635    2.62992117    2.83097065    2.92533526    2.09096911    0.00000000    1.88736221    2.13324494    2.65432814    2.99800294    3.08029464    1.87423851    2.49224886    2.66615963    2.65123058    2.48554986    3.32529500    2.52235170    2.40020548    2.34766745    2.68154814    2.71112272    2.47315626    2.27757852    2.24536318    2.27706989    2.60588982    2.85633974    2.55876549    2.34466687    3.47952276    4.06896502    2.49697635    2.63483487    3.29503308    2.89134247    3.01116270    2.65225740    2.72653250    3.24431284    3.06531165    2.73229588    3.33750869    2.92951809    2.96343595    2.89149946    2.90991318    3.02854417    3.03161744    2.44667280    2.13242389    2.80898915    2.93970950    3.51039132    2.89817933    4.09661752    2.71848347    2.61624409    3.37337994    3.51309665    4.18140324    3.68481813    2.26257361    3.17242503    3.18651557    4.20626617    3.05622660    3.22031552    3.81617073    3.00985193    3.26287095    2.49451692    2.85255560    2.93699073    3.53231773    3.47015461    3.68948530    2.96658837    2.28009352    2.56056826    3.25515823    3.07180194    3.24115509    2.29400222    2.31961645    2.75558169    2.85753871    3.77670773    2.61336193    3.67239831    3.74949224    2.96741053    2.96146608    3.37744676    2.96932697    2.56747477    2.58346696    3.56876654    4.33773290    3.62036689    3.07412148    3.52970358    3.10510038    3.19077654    2.80568113    2.98756861    2.93338269    2.81636308    2.96849780    3.25132070    3.40711980    3.79113481    2.74801430    2.70924780    3.23768118    3.10731169    2.22396282    2.92370813    2.54319039    2.00546643    2.67501038    2.83913758    2.68224546    2.65185514    3.12168605    3.32152272    2.11538592    3.68989224    3.76689417    2.73972584
A6Q5F5_NITSB/6-109     3.30224408    2.96843236    2.24295093    2.46270790    2.18795116    2.52531342    2.97884155    2.66086382    2.23655690    2.37210293    2.07295847    2.35100265    2.35152916    2.52551786    2.09297810    1.55734368    1.88736221    0.00000000    3.59731207    2.63348087    2.94524113    3.16188416    2.20944733    3.37524158    2.66644816    2.66523310    3.05722254    2.93841645    2.38536119    2.31872026    2.13163884    2.10128124    2.23382372    2.76117281    2.25156806    2.24205489    2.51293073    2.28658874    2.54082777    2.58989058    2.04061508    2.55050208    3.60415638    2.75317078    2.99229181    2.59711716    2.42116814    2.85848142    2.95186146    3.62193148    2.62116829    3.56709760    3.04349635    3.71682348    2.73840610    2.44864650    3.30079956    3.22506423    2.68188521    3.18399316    2.76712154    2.72311226    2.95774867    2.85853474    3.10249490    3.24765968    2.92890908    2.94721065    2.36847288    4.17632358    2.49840110    3.44442462    4.42880319    3.25284044    3.58522020    3.49662336    3.67040528    3.49434272    2.75530123    3.46450017    3.57274649    3.01324355    3.79339364    3.21756154    3.47868698    3.77315212    3.42996082    3.72051938    2.72420417    2.60775037    3.00997905    3.47477829    3.67291312    3.09413123    3.43680949    3.11263256    3.24707684    2.73861771    6.68460125    3.18693231    4.33204054    4.35183926    3.59359663    4.39406601    2.96238139    3.12538247    2.83870744    4.27909803    4.04245566    3.58224699    4.10681454    4.55053848    3.50397837    3.04473959    4.04587520    3.21271684    2.50178195    3.60482045    2.44329447    2.63011177    3.46183962    3.70672566    4.12044959    2.89176805    2.81400247    2.81120035    2.29118048    2.24939354    2.41212508    2.46885565    1.63727248    2.76105327    2.47947973    2.59045000    2.95481334    3.11002618    3.44080084    2.38887888    2.54578673    2.62403137    1.97093208
UBA4_KLULA/334-436     2.74680369    2.83497224    3.53734348    2.80835091    2.69145624    2.69877439    2.42493508    2.51184571    4.52326614    3.07791154    2.94564480    2.54355105    2.74676811    3.04544697    3.43561398    2.77683043    2.13324494    3.59731207    0.00000000    2.03697823    2.11437258    2.36273228    2.27872488    2.22175282    2.38195950    2.78500850    2.73271670    3.80686122    2.39550967    2.59855114    2.65163039    2.24840188    2.35796704    2.76815888    2.35686471    2.57481973    4.10821296    3.40523550    3.41835785    2.28628407    2.27889777    3.09671071    4.58318902    2.55067055    2.91989343    3.45464130    3.84977321    4.14231649    3.12103224    2.89951368    3.39829907    2.95945683    3.30955159    3.78912839    3.34682155    2.84366173    3.01153890    2.63154012    3.08171056    3.29913156    2.93200531    3.08909541    3.49603019    3.77297158    3.48736042    3.34840694    3.60745870    3.44404224    3.55072811    3.55450255    3.42818067    4.79946514    3.26320710    3.92686995    3.55913291    3.58315778    4.58677425    4.01756036    3.95675149    4.27785166    2.97875487    3.21829153    4.59610648    3.83560448    3.75567886    3.71090168    3.39018266    4.47596839    3.88928045    2.82301709    3.26951818    3.53006095    2.64496704    3.86336533    3.79186349    3.17575893    3.92122712    3.36411593    4.05571543    3.04670948    4.17525027    4.39234663    3.82662641    4.67379112    3.31192375    3.67372534    2.82933707    3.30942826    3.19160236    3.48467938    3.40173854    3.13413370    3.09659262    2.93229868    3.31525708    2.99982412    3.04277538    3.10357952    3.04522219    3.11069075    3.33597496    3.69907247    3.33509116    2.78381853    3.24122566    3.95093708    3.82115085    2.77925272    3.32494692    2.48533538    2.94023640    3.07304903    3.10727727    3.25254888    3.32859028    2.98574243    3.91164145    2.34847900    2.82474330    3.14489047    2.68422059
Q18FK5_HALWD/10-106     2.37573072    2.38305405    2.68858470    2.50758715    2.37982374    2.69847330    2.67612954    2.15173961    2.93595077    2.49509680    2.10338223    1.95118262    2.32524125    3.40840443    2.06194972    2.74954288    2.65432814    2.63348087    2.03697823    0.00000000    1.87461785    1.83541452    2.52981140    2.46291513    2.12989031    2.01675248    2.00111546    2.54330119    2.17693200    2.91091861    2.10004991    1.73453679    2.44254953    2.77604759    2.47916920    2.23867620    2.91847920    2.46025546    2.32826472    2.40449149    1.96938357    2.75700102    3.50110163    2.34788959    2.98396009    3.21355629    2.83836619    3.54761831    2.64736863    2.41499592    2.76338174    2.70315050    2.84383240    2.77119356    2.43065843    2.85168712    2.81423000    2.23966857    2.05956319    2.18005762    2.39436052    2.59065064    2.15691539    3.18393088    2.65686064    2.54797293    3.23103147    2.38201414    2.52129964    2.99017631    2.53097205    3.24066097    3.11815710    2.75848979    2.37500719    2.70289524    3.34952626    2.63233253    3.25394859    2.83760408    2.51936143    2.86471171    3.12928066    3.02412400    2.49554651    2.90530530    2.52768262    3.21772730    2.95266423    2.98784148    2.92357657    2.62692404    2.31126665    3.42959029    3.27843160    2.82557715    3.71825487    2.84671676    3.64358094    2.57839581    3.74604661    3.12412570    3.07776527    3.26521416    3.02446830    3.13772707    2.55627056    2.51607161    3.64604459    3.32266017    2.57413932    2.75905821    2.46393607    2.91452055    2.54657989    2.79576184    2.48150608    3.25073747    2.39026771    3.62199849    2.97154617    2.92136266    3.31939427    2.85130992    2.50401086    3.30376206    2.54390192    2.48182643    2.37916456    2.66612211    2.07622715    2.74195509    3.01808185    3.12551495    3.66650653    2.41976775    2.85451183    2.24088982    2.79172951    2.73379995    2.82886769
