8
Q83893_ADEO7/367-409     0.00000000    1.63043152    1.75677228    2.06043808    2.62906938    1.62983237    2.01528027    1.26566217
SPIKE_ADE02/344-388     1.63043152    0.00000000    2.00919539    3.29037083    2.17565711    3.81839415    3.22864002    2.99640359
SPIKE_ADE02/34-77     1.75677228    2.00919539    0.00000000    2.29059050    3.17923925    2.09254470    2.37454731    1.96904562
SPIKE_ADE02/129-172     2.06043808    3.29037083    2.29059050    0.00000000    2.30050369    1.53133328    1.43444220    1.42182728
SPIKE_ADE02/207-250     2.62906938    2.17565711    3.17923925    2.30050369    0.00000000    2.00049811    2.75814969    3.01596465
Q83893_ADEO7/274-317     1.62983237    3.81839415    2.09254470    1.53133328    2.00049811    0.00000000    1.56610633    1.35304928
SPIKE_ADE02/84-126     2.01528027    3.22864002    2.37454731    1.43444220    2.75814969    1.56610633    0.00000000    1.17238835
Q83893_ADEO7/182-225     1.26566217    2.99640359    1.96904562    1.42182728    3.01596465    1.35304928    1.17238835    0.00000000

