43
Q46972_ECOLX/25-387     0.00000000    0.33923920    5.78393769    4.56104632    4.44286948    5.01658697    4.66681360    4.39779159    4.35313235    4.15884241    4.52901054    4.40769283    4.58268748    5.70832867    4.87057197    5.18781781    5.19062473    3.51445594    3.42128894    3.31108405    3.56780992    3.30419168    3.03943767    3.23534988    3.06834443    3.03033600    3.17753284    3.46356376    3.26883847    3.32913785    3.29635403    3.56210150    3.37136156    4.43625064    3.66472581    3.81075741    3.37974684    3.81549032    3.25908668    3.67079946    3.82158294    3.94199386    3.64545268
A0A0F6ZNV5_ECOLX/25-387     0.33923920    0.00000000    4.89843728    4.83679553    4.32057494    4.64077635    4.47239691    4.52300314    4.41403634    4.27015236    4.58504304    4.33629177    4.46349779    5.03270137    4.45304885    4.88555887    4.88799173    3.88178731    3.79990689    3.29205877    3.37461010    3.24887530    3.09719833    3.28682575    2.90705760    3.00876385    3.13282694    3.39213995    3.19103254    3.33612577    3.12460583    3.24481892    3.49901937    3.96435177    3.23520084    3.82033520    3.24011267    3.74514332    2.99580413    3.12430550    3.18638839    4.18724225    3.33916942
P95421_PSEAI/36-357     5.78393769    4.89843728    0.00000000    1.85625233    1.61479985    1.62678332    2.09254032    1.74469241    1.70221970    1.71096696    1.75893748    1.78104735    1.81765672    3.36566207    2.64029547    2.96837192    2.96480815    4.55144868    4.63690064    5.14480570    5.57784108    5.30778608    4.94963773    5.34878930    5.06199795    5.90811406    6.00692386    6.28464096    4.84699577    5.37898371    4.77939733    5.01757219    4.80389834    4.28169618    3.51221182    4.65296927    4.37209117    4.30467824    4.01020360    3.70866413    3.88490122    4.67577600    3.66156857
O68440_RHIRD/35-355     4.56104632    4.83679553    1.85625233    0.00000000    1.15614425    1.33492384    1.91208584    1.38951908    1.09632774    1.07434886    1.28176710    1.21139723    1.25909879    2.77021910    2.44299982    2.53783068    2.52890957    4.18479831    4.07621801    5.17024549    5.25977425    5.52267389    5.69469040    5.23781975    5.81036026    5.68975851    4.77152383    4.83882381    4.04967256    4.74734755    4.51029756    5.29892338    4.47487505    4.16475165    4.14117592    4.57119768    4.47778782    4.36803441    4.81892734    4.18082768    4.04535885    4.11741049    5.00540012
MTRC_NEIGO/44-366     4.44286948    4.32057494    1.61479985    1.15614425    0.00000000    1.02190461    1.43528241    1.16161941    0.89060887    0.91885246    1.09501275    1.15437564    0.95114566    2.71551279    2.45454006    2.35565886    2.37826232    3.88557194    3.96794948    4.63776561    4.27212325    5.09083069    4.79587275    4.21853419    4.08012961    5.10870224    5.39895049    5.53292903    4.34779391    4.31803119    4.90219206    5.33019838    5.21516870    4.67937040    4.02509739    4.48315155    4.02125106    4.35992438    3.96025650    4.39190651    4.25488522    3.74557255    3.79357573
G3XD25_PSEAE/35-357     5.01658697    4.64077635    1.62678332    1.33492384    1.02190461    0.00000000    1.10481275    0.90582508    0.95063244    0.88825845    1.20518674    1.16309972    1.11502388    3.01228826    2.55344427    2.53809081    2.53130121    4.32113063    4.55916045    4.69238880    4.58744929    4.84732142    4.87641287    4.24209808    4.71789563    5.88256737    5.12725399    5.56816691    3.89501151    4.13571758    4.81125693    6.10313955    5.29341780    4.26173472    4.33359243    4.94704933    4.28284513    4.47322835    5.23971266    4.54619963    4.14430422    4.11098072    4.10676426
Q9ZNG9_PSEAI/33-354     4.66681360    4.47239691    2.09254032    1.91208584    1.43528241    1.10481275    0.00000000    0.73352567    1.36129734    1.30706359    1.54959682    1.58959894    1.40838295    3.33087246    2.77257027    2.98510655    2.97288546    4.30759046    4.36794914    4.58415729    4.57476446    4.70905710    4.37858299    4.23284568    4.46585454    4.89082464    4.52626985    4.48216491    4.07465350    4.45071601    4.56396380    5.56310071    4.99997657    4.81250722    4.54247883    4.54194403    4.26430498    4.42249725    4.93160033    4.30771802    4.78243308    3.88068325    4.30024299
A0A0E1S631_BURPE/37-361     4.39779159    4.52300314    1.74469241    1.38951908    1.16161941    0.90582508    0.73352567    0.00000000    1.11110093    1.04742476    1.31914191    1.32647508    1.30164187    2.94920223    2.41757983    2.54389393    2.56007623    3.84905605    3.94081726    4.61936353    4.54662479    4.51500226    4.51734907    4.24694644    4.40155399    5.42931218    4.96195303    5.23716683    4.38882073    4.56830908    4.94857217    5.64164906    5.66918326    4.59971901    4.07631093    4.22802036    4.38341848    4.00394231    4.66999448    4.52548410    4.99369496    4.51490733    4.18468154
ACRE_ECOLI/36-360     4.35313235    4.41403634    1.70221970    1.09632774    0.89060887    0.95063244    1.36129734    1.11110093    0.00000000    0.30579252    0.76507005    0.91224410    0.68372467    3.18448649    2.60472045    2.59135782    2.57441216    4.53185851    4.40455322    4.42459254    4.36389583    4.84242664    4.65410344    4.33067250    4.43178119    5.25776901    5.08795784    5.30573869    4.12268128    4.59402893    4.60550854    5.29605765    4.69921891    4.84897833    4.45646757    5.08931800    4.09914407    4.73439105    4.27845152    4.12984481    4.30504030    4.38868875    4.19063841
ACRA_ECOLI/37-361     4.15884241    4.27015236    1.71096696    1.07434886    0.91885246    0.88825845    1.30706359    1.04742476    0.30579252    0.00000000    0.64117102    0.81112493    0.57964699    3.05006894    2.82529182    2.44667300    2.44023212    3.98673314    3.93237353    4.17819535    4.41696725    4.61656323    4.52968440    4.02343756    4.15339673    5.10627954    4.81634727    5.12476298    3.90962538    4.19623484    4.47540434    4.77476208    4.77991585    4.58281124    4.24446871    5.22594070    3.91971594    4.59389951    4.14596752    3.68070576    3.68337098    4.22170339    3.78108341
MDTE_ECOLI/33-357     4.52901054    4.58504304    1.75893748    1.28176710    1.09501275    1.20518674    1.54959682    1.31914191    0.76507005    0.64117102    0.00000000    1.03132942    0.83221335    3.29544765    2.88478380    2.63601973    2.60812892    4.55672680    4.82888232    4.35801144    4.23509712    4.56959964    4.86693628    4.13463332    4.08006927    5.11075218    4.89468819    5.01488622    3.94085968    3.96296224    4.54964959    4.94756178    4.54102490    5.00149599    4.28995967    5.05993795    4.58042046    4.03347241    4.75017661    4.80075331    4.40138507    5.09789173    4.72224790
C8CBD8_PSEPU/36-347     4.40769283    4.33629177    1.78104735    1.21139723    1.15437564    1.16309972    1.58959894    1.32647508    0.91224410    0.81112493    1.03132942    0.00000000    0.53637073    3.29799159    3.04756992    2.79776798    2.79182385    4.16482979    4.07162523    5.20906382    4.77845573    5.61431402    5.27687026    4.97668717    4.91170698    6.46343807    6.72564755    7.07746442    4.48040401    4.94944073    4.85140473    5.42095874    4.29219811    4.78225454    4.84868339    5.51170627    5.36781638    5.17468748    4.64042634    5.06060919    5.53567983    4.66486822    5.36036239
MEXA_PSEAE/35-346     4.58268748    4.46349779    1.81765672    1.25909879    0.95114566    1.11502388    1.40838295    1.30164187    0.68372467    0.57964699    0.83221335    0.53637073    0.00000000    3.19793819    3.12003842    3.07187692    3.06511402    4.22127750    4.07084340    4.95262895    4.48558604    5.28108875    5.07684414    4.56618994    4.59476194    6.05470964    5.21594603    5.36102189    4.08537696    4.54185743    4.54707708    4.99427859    4.74415909    4.78200647    4.13174577    5.28370211    4.24358745    4.21504975    4.23879740    4.31228869    4.21813253    4.28684611    4.69069227
CNRB_CUPMC/70-377     5.70832867    5.03270137    3.36566207    2.77021910    2.71551279    3.01228826    3.33087246    2.94920223    3.18448649    3.05006894    3.29544765    3.29799159    3.19793819    0.00000000    2.51334755    3.73812181    3.76783639    5.00523748    4.81001157    4.76330131    4.06687648    4.64950956    4.34124277    4.53136499    5.09817823    4.93670105    4.57954110    4.98681518    4.12663573    4.25338872    5.04082851    5.18032044    5.35929848    3.84763667    4.45633719    4.19499132    4.54086759    3.86896947    4.08373435    3.98929171    3.82540774    4.14454761    3.86777857
A0A1D9HD62_9BURK/191-501     4.87057197    4.45304885    2.64029547    2.44299982    2.45454006    2.55344427    2.77257027    2.41757983    2.60472045    2.82529182    2.88478380    3.04756992    3.12003842    2.51334755    0.00000000    2.43503215    2.43525960    4.81652039    4.80770156    4.16926596    4.20072102    4.18676867    4.34807278    4.21469982    4.31960374    4.92118274    4.17671413    4.45618181    3.63717305    4.28700521    4.52787424    4.27390892    4.87094999    4.54571075    4.10103036    4.33440270    3.93236176    3.84266983    4.52719831    3.65236633    4.32931783    4.59650605    3.70611827
CUSB_ECOL6/91-379     5.18781781    4.88555887    2.96837192    2.53783068    2.35565886    2.53809081    2.98510655    2.54389393    2.59135782    2.44667300    2.63601973    2.79776798    3.07187692    3.73812181    2.43503215    0.00000000    0.01046209    5.19227816    5.87875169    4.86637006    4.82837273    4.79423640    4.67093570    4.70479300    4.67651771    5.38662676    6.07971086    6.82978143    3.78575618    5.06972625    4.56398375    4.99785285    5.27414546    5.84293990    5.42994502    6.16991975    4.36959689    4.72206834    5.84504720    4.20192099    4.78447736    4.71406574    4.66125226
CUSB_ECOLI/91-379     5.19062473    4.88799173    2.96480815    2.52890957    2.37826232    2.53130121    2.97288546    2.56007623    2.57441216    2.44023212    2.60812892    2.79182385    3.06511402    3.76783639    2.43525960    0.01046209    0.00000000    5.22183815    5.90837963    4.83465375    4.79380325    4.75548455    4.63028640    4.67450169    4.63626266    5.34002973    6.01945189    6.76403559    3.74619306    5.02266283    4.52622650    4.99909757    5.26352502    5.87760644    5.44553553    6.18299150    4.37804726    4.75973846    5.83788802    4.17410054    4.75756193    4.71521242    4.62937617
YIBH_ECOLI/38-367     3.51445594    3.88178731    4.55144868    4.18479831    3.88557194    4.32113063    4.30759046    3.84905605    4.53185851    3.98673314    4.55672680    4.16482979    4.22127750    5.00523748    4.81652039    5.19227816    5.22183815    0.00000000    0.27161960    3.14362343    3.18519074    3.59961749    3.25850618    2.98884203    2.89939916    3.34305632    3.16276416    3.39211188    2.92931362    3.04659080    3.49371989    3.12637054    3.26025650    3.14905825    2.94799990    2.89041378    2.77599046    2.79817286    2.81943851    2.68198458    2.97955696    3.06472297    3.20792645
YIAV_ECOLI/38-367     3.42128894    3.79990689    4.63690064    4.07621801    3.96794948    4.55916045    4.36794914    3.94081726    4.40455322    3.93237353    4.82888232    4.07162523    4.07084340    4.81001157    4.80770156    5.87875169    5.90837963    0.27161960    0.00000000    3.39730553    3.68314160    3.99063783    3.18827520    3.09546628    2.94928110    3.51838694    3.35108438    3.39617200    3.17569254    3.09248816    3.55002249    3.14127073    3.71091626    3.17204781    2.93391293    3.02681475    2.81906838    2.95722571    2.73665563    2.81841002    3.07466311    3.44145613    3.20223112
Q54457_SERMA/34-402     3.31108405    3.29205877    5.14480570    5.17024549    4.63776561    4.69238880    4.58415729    4.61936353    4.42459254    4.17819535    4.35801144    5.20906382    4.95262895    4.76330131    4.16926596    4.86637006    4.83465375    3.14362343    3.39730553    0.00000000    0.98381007    0.92741289    0.99734623    0.93434567    1.03977977    1.91889962    1.96528465    2.09147968    2.32477235    2.48509887    3.08738591    3.33136128    3.37245748    3.08694065    2.54038291    2.65100881    2.37528521    2.83929866    3.56059281    2.90492221    3.30075768    3.43060534    3.18449472
O85376_PROMI/32-400     3.56780992    3.37461010    5.57784108    5.25977425    4.27212325    4.58744929    4.57476446    4.54662479    4.36389583    4.41696725    4.23509712    4.77845573    4.48558604    4.06687648    4.20072102    4.82837273    4.79380325    3.18519074    3.68314160    0.98381007    0.00000000    1.23083935    1.51964652    1.30151171    1.32901635    2.03556263    1.93544071    1.79798878    2.46097100    2.64104708    2.90141389    3.25463936    2.82254149    3.31812813    2.75617624    2.59356876    2.54798081    2.60230395    3.22611162    2.72041460    2.95822529    3.31416869    3.45703532
PRTE_DICCH/39-407     3.30419168    3.24887530    5.30778608    5.52267389    5.09083069    4.84732142    4.70905710    4.51500226    4.84242664    4.61656323    4.56959964    5.61431402    5.28108875    4.64950956    4.18676867    4.79423640    4.75548455    3.59961749    3.99063783    0.92741289    1.23083935    0.00000000    0.94748464    0.98897499    1.06094010    1.69747819    1.72225195    1.84319156    2.39099325    2.57818415    3.00428479    3.26226298    3.27033791    2.94327187    2.65338339    2.60186729    2.58228691    2.71402492    3.60865238    2.99841413    3.23778207    3.86387657    3.12395942
Q57387_SERMA/34-396     3.03943767    3.09719833    4.94963773    5.69469040    4.79587275    4.87641287    4.37858299    4.51734907    4.65410344    4.52968440    4.86693628    5.27687026    5.07684414    4.34124277    4.34807278    4.67093570    4.63028640    3.25850618    3.18827520    0.99734623    1.51964652    0.94748464    0.00000000    1.07778900    1.10173986    1.60180431    1.62919780    1.78186279    2.39953586    2.40104257    3.17011298    3.49461842    3.70332681    3.11071196    2.80951390    2.66554445    2.52176944    2.78374963    3.47307802    2.90916025    2.88981155    3.42517327    2.80853250
APRE_PSEAE/23-391     3.23534988    3.28682575    5.34878930    5.23781975    4.21853419    4.24209808    4.23284568    4.24694644    4.33067250    4.02343756    4.13463332    4.97668717    4.56618994    4.53136499    4.21469982    4.70479300    4.67450169    2.98884203    3.09546628    0.93434567    1.30151171    0.98897499    1.07778900    0.00000000    0.88082443    1.61430175    1.52438219    1.72898876    2.08133880    2.30517457    2.76026422    3.01552044    3.39527020    3.00649069    2.49744469    2.66794487    2.49664141    2.64170942    3.38826345    3.01605410    2.79507239    3.48430078    2.90230676
O87809_PSETO/29-396     3.06834443    2.90705760    5.06199795    5.81036026    4.08012961    4.71789563    4.46585454    4.40155399    4.43178119    4.15339673    4.08006927    4.91170698    4.59476194    5.09817823    4.31960374    4.67651771    4.63626266    2.89939916    2.94928110    1.03977977    1.32901635    1.06094010    1.10173986    0.88082443    0.00000000    1.51818112    1.64058609    1.80438207    2.09099289    2.56457180    3.05526334    3.22127262    3.46354177    3.23623473    2.84971047    2.78894745    2.83732211    3.04106832    3.17391915    2.78141510    2.99108296    3.48471691    2.66260977
Q7ANQ2_RHIME/66-432     3.03033600    3.00876385    5.90811406    5.68975851    5.10870224    5.88256737    4.89082464    5.42931218    5.25776901    5.10627954    5.11075218    6.46343807    6.05470964    4.93670105    4.92118274    5.38662676    5.34002973    3.34305632    3.51838694    1.91889962    2.03556263    1.69747819    1.60180431    1.61430175    1.51818112    0.00000000    1.35022326    1.42022261    2.42555314    2.44267595    2.87056035    2.60629740    3.10645659    2.85258880    3.14621757    2.78357382    2.97596055    3.09911328    3.20051874    2.95220410    3.08510111    3.35007170    3.56360634
PRSE_RHIME/30-398     3.17753284    3.13282694    6.00692386    4.77152383    5.39895049    5.12725399    4.52626985    4.96195303    5.08795784    4.81634727    4.89468819    6.72564755    5.21594603    4.57954110    4.17671413    6.07971086    6.01945189    3.16276416    3.35108438    1.96528465    1.93544071    1.72225195    1.62919780    1.52438219    1.64058609    1.35022326    0.00000000    0.39275015    2.41918359    2.44969805    3.10971191    2.99599439    3.14466305    3.00784163    2.91118204    2.56808585    2.91348869    3.02070143    3.02145895    2.98067927    3.25434966    3.46134869    3.22813816
O05694_RHILE/26-394     3.46356376    3.39213995    6.28464096    4.83882381    5.53292903    5.56816691    4.48216491    5.23716683    5.30573869    5.12476298    5.01488622    7.07746442    5.36102189    4.98681518    4.45618181    6.82978143    6.76403559    3.39211188    3.39617200    2.09147968    1.79798878    1.84319156    1.78186279    1.72898876    1.80438207    1.42022261    0.39275015    0.00000000    2.36135746    2.31197155    3.16903700    3.06594894    3.05086581    2.91860700    2.74871825    2.41152364    2.75946888    2.80117379    3.04964811    2.86775584    3.18954723    3.55614355    3.35003306
P74828_9SPHN/58-422     3.26883847    3.19103254    4.84699577    4.04967256    4.34779391    3.89501151    4.07465350    4.38882073    4.12268128    3.90962538    3.94085968    4.48040401    4.08537696    4.12663573    3.63717305    3.78575618    3.74619306    2.92931362    3.17569254    2.32477235    2.46097100    2.39099325    2.39953586    2.08133880    2.09099289    2.42555314    2.41918359    2.36135746    0.00000000    1.66564871    2.14898066    2.87949899    3.29109471    2.74654530    2.63444390    2.83190433    2.66688956    2.58991781    2.72475785    2.72309067    2.77783268    2.67969479    2.66562726
CYAD_BORPE/64-398     3.32913785    3.33612577    5.37898371    4.74734755    4.31803119    4.13571758    4.45071601    4.56830908    4.59402893    4.19623484    3.96296224    4.94944073    4.54185743    4.25338872    4.28700521    5.06972625    5.02266283    3.04659080    3.09248816    2.48509887    2.64104708    2.57818415    2.40104257    2.30517457    2.56457180    2.44267595    2.44969805    2.31197155    1.66564871    0.00000000    2.15523340    3.29864471    3.96913620    3.00208884    2.86816394    2.81539063    2.85718078    2.68473741    2.63974945    3.18181707    3.05935132    3.21834683    2.60268279
Q47463_ECOLX/67-437     3.29635403    3.12460583    4.77939733    4.51029756    4.90219206    4.81125693    4.56396380    4.94857217    4.60550854    4.47540434    4.54964959    4.85140473    4.54707708    5.04082851    4.52787424    4.56398375    4.52622650    3.49371989    3.55002249    3.08738591    2.90141389    3.00428479    3.17011298    2.76026422    3.05526334    2.87056035    3.10971191    3.16903700    2.14898066    2.15523340    0.00000000    3.71247267    3.68871234    3.44237268    3.14439687    3.27607580    3.73134508    3.28053162    3.80204812    3.02521569    3.58865915    3.59715978    4.02803104
O67159_AQUAE/14-372     3.56210150    3.24481892    5.01757219    5.29892338    5.33019838    6.10313955    5.56310071    5.64164906    5.29605765    4.77476208    4.94756178    5.42095874    4.99427859    5.18032044    4.27390892    4.99785285    4.99909757    3.12637054    3.14127073    3.33136128    3.25463936    3.26226298    3.49461842    3.01552044    3.22127262    2.60629740    2.99599439    3.06594894    2.87949899    3.29864471    3.71247267    0.00000000    2.38831263    2.47663168    2.24483374    2.40637172    2.06324560    2.26261292    2.58828174    2.30606767    2.35608157    3.15570422    2.77753892
Q9ZDT2_RICPR/25-346     3.37136156    3.49901937    4.80389834    4.47487505    5.21516870    5.29341780    4.99997657    5.66918326    4.69921891    4.77991585    4.54102490    4.29219811    4.74415909    5.35929848    4.87094999    5.27414546    5.26352502    3.26025650    3.71091626    3.37245748    2.82254149    3.27033791    3.70332681    3.39527020    3.46354177    3.10645659    3.14466305    3.05086581    3.29109471    3.96913620    3.68871234    2.38831263    0.00000000    2.56789185    2.44609637    2.20092803    2.13561616    2.25955753    2.49083322    2.51578159    2.51101389    3.18789969    3.21761839
O51918_VIBCL/34-374     4.43625064    3.96435177    4.28169618    4.16475165    4.67937040    4.26173472    4.81250722    4.59971901    4.84897833    4.58281124    5.00149599    4.78225454    4.78200647    3.84763667    4.54571075    5.84293990    5.87760644    3.14905825    3.17204781    3.08694065    3.31812813    2.94327187    3.11071196    3.00649069    3.23623473    2.85258880    3.00784163    2.91860700    2.74654530    3.00208884    3.44237268    2.47663168    2.56789185    0.00000000    1.02609157    1.07979421    1.14415934    1.09314666    1.98523768    2.12867322    2.23872040    3.04462048    2.66795928
O85162_PSEAI/29-342     3.66472581    3.23520084    3.51221182    4.14117592    4.02509739    4.33359243    4.54247883    4.07631093    4.45646757    4.24446871    4.28995967    4.84868339    4.13174577    4.45633719    4.10103036    5.42994502    5.44553553    2.94799990    2.93391293    2.54038291    2.75617624    2.65338339    2.80951390    2.49744469    2.84971047    3.14621757    2.91118204    2.74871825    2.63444390    2.86816394    3.14439687    2.24483374    2.44609637    1.02609157    0.00000000    0.85067992    0.86854499    0.81005576    1.90257651    1.90903769    2.06266122    2.81806399    2.58333981
EMRK_ECOLI/28-340     3.81075741    3.82033520    4.65296927    4.57119768    4.48315155    4.94704933    4.54194403    4.22802036    5.08931800    5.22594070    5.05993795    5.51170627    5.28370211    4.19499132    4.33440270    6.16991975    6.18299150    2.89041378    3.02681475    2.65100881    2.59356876    2.60186729    2.66554445    2.66794487    2.78894745    2.78357382    2.56808585    2.41152364    2.83190433    2.81539063    3.27607580    2.40637172    2.20092803    1.07979421    0.85067992    0.00000000    0.78173991    0.75033536    2.02610237    2.01516633    2.04890309    3.03682197    2.63440873
EMRA_HAEIN/35-347     3.37974684    3.24011267    4.37209117    4.47778782    4.02125106    4.28284513    4.26430498    4.38341848    4.09914407    3.91971594    4.58042046    5.36781638    4.24358745    4.54086759    3.93236176    4.36959689    4.37804726    2.77599046    2.81906838    2.37528521    2.54798081    2.58228691    2.52176944    2.49664141    2.83732211    2.97596055    2.91348869    2.75946888    2.66688956    2.85718078    3.73134508    2.06324560    2.13561616    1.14415934    0.86854499    0.78173991    0.00000000    0.73470820    2.01519619    1.82424675    1.95601013    2.70399156    2.38463229
EMRA_ECOLI/35-347     3.81549032    3.74514332    4.30467824    4.36803441    4.35992438    4.47322835    4.42249725    4.00394231    4.73439105    4.59389951    4.03347241    5.17468748    4.21504975    3.86896947    3.84266983    4.72206834    4.75973846    2.79817286    2.95722571    2.83929866    2.60230395    2.71402492    2.78374963    2.64170942    3.04106832    3.09911328    3.02070143    2.80117379    2.58991781    2.68473741    3.28053162    2.26261292    2.25955753    1.09314666    0.81005576    0.75033536    0.73470820    0.00000000    2.00557230    2.03263315    2.07400354    3.07638518    2.58750105
MDTN_ECOLI/19-342     3.25908668    2.99580413    4.01020360    4.81892734    3.96025650    5.23971266    4.93160033    4.66999448    4.27845152    4.14596752    4.75017661    4.64042634    4.23879740    4.08373435    4.52719831    5.84504720    5.83788802    2.81943851    2.73665563    3.56059281    3.22611162    3.60865238    3.47307802    3.38826345    3.17391915    3.20051874    3.02145895    3.04964811    2.72475785    2.63974945    3.80204812    2.58828174    2.49083322    1.98523768    1.90257651    2.02610237    2.01519619    2.00557230    0.00000000    1.70966409    1.46469369    2.71647475    2.72112836
AAEA_ECOLI/22-287     3.67079946    3.12430550    3.70866413    4.18082768    4.39190651    4.54619963    4.30771802    4.52548410    4.12984481    3.68070576    4.80075331    5.06060919    4.31228869    3.98929171    3.65236633    4.20192099    4.17410054    2.68198458    2.81841002    2.90492221    2.72041460    2.99841413    2.90916025    3.01605410    2.78141510    2.95220410    2.98067927    2.86775584    2.72309067    3.18181707    3.02521569    2.30606767    2.51578159    2.12867322    1.90903769    2.01516633    1.82424675    2.03263315    1.70966409    0.00000000    1.10302797    3.41185131    2.56195702
YDHJ_ECOLI/16-285     3.82158294    3.18638839    3.88490122    4.04535885    4.25488522    4.14430422    4.78243308    4.99369496    4.30504030    3.68337098    4.40138507    5.53567983    4.21813253    3.82540774    4.32931783    4.78447736    4.75756193    2.97955696    3.07466311    3.30075768    2.95822529    3.23778207    2.88981155    2.79507239    2.99108296    3.08510111    3.25434966    3.18954723    2.77783268    3.05935132    3.58865915    2.35608157    2.51101389    2.23872040    2.06266122    2.04890309    1.95601013    2.07400354    1.46469369    1.10302797    0.00000000    3.40635273    2.34235146
P74462_SYNY3/47-403     3.94199386    4.18724225    4.67577600    4.11741049    3.74557255    4.11098072    3.88068325    4.51490733    4.38868875    4.22170339    5.09789173    4.66486822    4.28684611    4.14454761    4.59650605    4.71406574    4.71521242    3.06472297    3.44145613    3.43060534    3.31416869    3.86387657    3.42517327    3.48430078    3.48471691    3.35007170    3.46134869    3.55614355    2.67969479    3.21834683    3.59715978    3.15570422    3.18789969    3.04462048    2.81806399    3.03682197    2.70399156    3.07638518    2.71647475    3.41185131    3.40635273    0.00000000    2.50265794
YHII_ECOLI/17-339     3.64545268    3.33916942    3.66156857    5.00540012    3.79357573    4.10676426    4.30024299    4.18468154    4.19063841    3.78108341    4.72224790    5.36036239    4.69069227    3.86777857    3.70611827    4.66125226    4.62937617    3.20792645    3.20223112    3.18449472    3.45703532    3.12395942    2.80853250    2.90230676    2.66260977    3.56360634    3.22813816    3.35003306    2.66562726    2.60268279    4.02803104    2.77753892    3.21761839    2.66795928    2.58333981    2.63440873    2.38463229    2.58750105    2.72112836    2.56195702    2.34235146    2.50265794    0.00000000

