99
A5EV93_DICNV/132-391     0.00000000    1.02033471    1.07028136    1.01904728    1.07083098    1.38154000    1.43758948    1.17357134    1.46971738    1.20653373    1.18192911    1.40105916    1.42884615    1.36412203    1.40477037    1.34328303    1.62480823    1.41083238    1.46387658    2.40635385    2.87189024    2.66871743    2.21241100    2.36285188    2.17183724    2.22444833    2.27733386    2.23265780    2.23104439    2.07111217    2.50708704    2.20703006    2.19567392    2.19890533    2.23491397    2.21828761    2.23358236    2.53017071    2.22680520    2.38033743    2.29742084    2.38311982    2.21221242    2.17445124    2.29974190    2.12878056    2.17741241    2.10366912    2.35051286    2.42974733    2.51761170    2.57237341    2.35511835    2.43628992    2.63723934    2.27957815    2.29078478    2.31829979    2.33405832    2.37824211    2.74221858    1.75834664    1.82933134    1.63388831    1.61070817    1.46578097    1.53733385    1.75386044    1.58765740    1.65995530    1.55036561    1.71467749    1.53243634    1.69024504    1.55670858    1.33059041    1.75660160    1.48014769    1.58336305    1.33032957    1.58310606    1.51191738    1.32971499    1.15370156    1.20686789    1.32475621    1.45313775    1.64853086    1.52331998    1.21026805    1.29741077    1.30835655    1.22673999    1.17723289    1.12180735    1.08053005    0.96858846    1.10605513    1.22109230
Q2YIP5_BRUA2/117-372     1.02033471    0.00000000    0.98544151    1.02031294    1.00896491    1.42731339    1.37170252    1.28432841    1.30118318    1.20355040    1.25939983    1.27387120    1.22325231    1.31875632    1.22915050    1.37957512    1.39398500    1.62441410    1.61559524    2.15272315    2.96976486    2.61121151    2.30702434    2.20675476    2.06484398    2.22559349    2.18516572    2.13615976    2.27955044    1.95773554    2.43899663    2.31912409    2.16539705    2.12463294    2.29967495    2.27574191    2.32412010    2.50733092    2.15613775    2.28256270    2.44161249    2.35954791    2.42694013    2.41684148    2.30359444    2.41407540    2.44405768    2.20434135    2.40064564    2.18524567    2.34876289    2.46242736    2.62345921    2.77222787    2.99550524    2.88086776    3.07498924    2.59354969    2.69220129    2.38117612    3.01982149    1.73082828    1.65984309    1.77923827    1.99111621    1.77665659    1.61434751    1.78823540    1.67115783    1.55806346    1.62303546    1.63914390    1.53328409    1.73117454    1.68654509    1.44394792    1.86990374    1.61083534    1.66491189    1.38487389    1.75872955    1.74979653    1.23213645    1.17780073    1.30125699    1.28704953    1.49093114    1.86450462    1.74778631    1.28473920    1.51725927    1.28846327    1.17288136    1.23445678    1.20392776    0.95579626    1.04495795    1.11109659    1.16364522
B3EA69_GEOLS/116-372     1.07028136    0.98544151    0.00000000    0.87539516    0.97838605    1.25570962    1.18099062    1.11146948    1.24285793    1.07264096    1.24999949    1.15306245    1.24945378    1.23206724    1.22523832    1.33235177    1.31167237    1.60351148    1.40743950    2.03491736    2.77114144    2.28160621    2.13232870    2.09858168    1.73700301    1.89994734    2.17097112    2.17980676    2.41081511    2.10518081    2.08332841    2.29923306    2.19426335    1.93787051    2.03292908    1.89865929    2.18078219    2.35640899    2.07888819    2.20801703    2.28924127    2.37359211    2.20347173    1.86178397    2.09345094    2.11590044    2.05785653    2.19149619    2.13895254    2.16513401    1.93140746    2.37902256    2.57421740    2.75726430    2.93201803    2.80551893    2.48821932    2.84838147    2.88824085    2.13563759    2.53213963    1.54433679    1.55900692    1.41846929    1.84889869    1.46159504    1.37581079    1.70289106    1.44529737    1.43085824    1.37749747    1.48454382    1.54495900    1.60585817    1.31478721    1.26841487    1.84303493    1.81597789    1.67864534    1.18541631    1.47680883    1.53989264    1.06204905    1.02958476    1.08251999    1.22384201    1.27236179    1.66085901    1.78151399    1.14410694    1.14643999    1.15332271    1.03829046    0.97398891    1.09078692    0.79380543    0.92779509    1.07060831    1.15884274
D0J5W6_COMT2/114-381     1.01904728    1.02031294    0.87539516    0.00000000    0.97680066    1.31924501    1.20629386    1.19113734    1.38980025    1.23280593    1.19185289    1.19818871    1.29425021    1.48274849    1.32838059    1.13277188    1.38692992    1.53184465    1.56951679    2.27918508    2.95028567    2.59448188    2.30309448    2.35544914    1.98744793    1.89666358    2.11043103    2.13169956    2.23869000    2.30279291    2.44335396    2.29720851    2.28416446    1.94558713    1.98665152    1.87422631    1.93878346    2.15221215    2.19491135    2.16425245    2.33207918    2.23046434    2.20286977    2.09696404    2.14120859    2.01384845    2.13537063    2.01750920    2.11728362    2.13842933    2.20729824    2.29900161    2.32799723    2.68356554    2.76275670    2.76769824    2.68368949    2.48684331    2.30044251    2.23404735    2.62750643    1.75411023    1.89688131    1.70459251    2.00275891    1.72163966    1.68047966    1.83102520    1.73353007    1.48070324    1.48178148    1.67895694    1.60826514    1.84277093    1.61746150    1.42184772    1.67072001    1.92037129    1.74341555    1.19190081    1.50272997    1.56431918    1.27176980    1.21019138    1.36155890    1.33692873    1.46529091    1.60465233    1.73364943    1.34790560    1.13036470    1.17613400    0.97274078    1.08266682    1.17438826    0.89481983    1.04706970    1.14374521    1.07266950
B9M411_GEODF/114-368     1.07083098    1.00896491    0.97838605    0.97680066    0.00000000    1.24423262    1.15073729    1.10036003    1.21537392    1.09052001    1.28954010    1.27910449    1.21112007    1.19767545    1.11444374    1.21585245    1.43526452    1.42886540    1.61798059    2.05804755    2.98012080    2.95775416    2.10034735    2.33308092    1.97298900    2.30845126    2.23135867    2.13456942    2.02711381    2.07629185    2.20405897    2.23117787    2.14521802    2.03743803    2.22159464    2.08597669    2.28117751    2.33122911    2.12860395    2.01704237    2.33909829    2.45866670    2.47864414    2.02361162    2.30789478    2.21817406    2.20073000    2.11494883    2.12309355    2.24366300    2.06978834    2.33852286    2.37308407    2.88427301    3.16813912    2.62565101    2.64850868    2.61756602    2.57921325    2.20897614    2.36196103    1.47899968    1.56457090    1.60159559    1.87766106    1.45579634    1.56266054    1.66979183    1.58818156    1.41896572    1.52412261    1.51487531    1.50532481    1.50076740    1.33314777    1.33174657    1.89178200    1.62355171    1.59571102    1.03904662    1.36527534    1.48637967    1.26587276    1.09274711    1.18719866    1.32443340    1.45300773    1.60841373    1.66347041    1.23622738    1.13483642    1.08489274    1.03208434    1.04232333    1.19260272    0.87382155    0.99711557    1.08236039    1.19595086
Q83GC5_TROWT/214-469     1.38154000    1.42731339    1.25570962    1.31924501    1.24423262    0.00000000    1.29432333    1.24999586    1.25847950    1.23920842    1.54377580    1.17116050    1.37789215    1.25547970    1.41029094    1.39113519    1.48674112    1.43164325    1.46474073    2.10841940    2.62672813    2.50349151    1.93771251    1.99677110    1.91043861    1.94406927    2.28815903    2.11241880    2.26344457    2.16052959    1.93381637    2.35234815    2.14396032    1.91003938    2.18041361    2.00229529    2.06738188    2.41406062    2.15310264    2.06844766    2.43263081    2.13649321    2.33909616    1.99355203    2.04377522    2.04365790    2.03110861    1.82494786    1.99159664    1.82486226    2.29499006    2.28870625    2.55898162    2.80887802    2.59137100    2.44954406    2.78739026    2.53183436    2.45009255    2.04216285    2.50202710    1.51723890    1.39882411    1.26416349    1.54876211    1.40421608    1.32553830    1.35058168    1.38277496    1.29306109    1.33773055    1.28880119    1.46500014    1.69418884    1.45625458    1.54114167    2.20188179    1.91235212    1.80498798    1.26579317    1.51831191    1.53917212    1.31841601    1.22806690    1.16091745    1.30976014    1.42993130    1.60492407    1.72201443    1.22193847    1.23566170    1.56040648    1.38070037    1.25579849    1.45697997    1.28386837    1.42101548    1.29051403    1.51753313
A8KZG1_FRASN/112-362     1.43758948    1.37170252    1.18099062    1.20629386    1.15073729    1.29432333    0.00000000    1.27900918    1.19278849    1.16904742    1.42239155    1.05064445    1.42713923    1.18504923    1.43475057    1.15765319    1.37475823    1.43087356    1.58136533    2.09852830    2.66257245    2.29345476    1.98367124    1.93786535    1.49837925    1.75378131    2.07213379    1.91966478    2.28607286    1.96043834    2.14536262    2.07933345    1.96450051    1.98236644    1.80628981    1.62047878    1.78576297    1.83305834    1.99167825    2.03369878    2.12991027    2.13396904    1.98161067    1.97198409    1.70042449    2.06425349    2.11460475    1.90614419    1.79230958    2.21575958    2.17579721    2.32370085    2.24855749    2.53213234    2.42989629    2.31966856    2.64530093    2.42696587    2.15799109    2.08214487    2.33733642    1.84635210    1.57888658    1.51193317    1.79360988    1.56539723    1.46083578    1.54348186    1.50855293    1.62348407    1.37906350    1.42709244    1.44191966    1.84229682    1.45574117    1.58195270    1.84251514    1.73738817    1.89845068    1.27213365    1.69570626    1.66453338    1.45299162    1.30677602    1.21257198    1.31300861    1.34853745    1.68630616    1.66330037    1.02325012    1.34618843    1.41361994    1.47778692    1.32142216    1.53775624    1.20835137    1.28609769    1.44587630    1.51389639
Q21K48_SACD2/181-435     1.17357134    1.28432841    1.11146948    1.19113734    1.10036003    1.24999586    1.27900918    0.00000000    0.75764340    0.84733867    1.04865917    1.07747478    1.08221883    1.18338407    1.12786361    1.27512155    1.43781094    1.48537432    1.39080292    1.98263614    2.36964684    1.98182672    2.03773090    2.00633952    2.00233132    1.88154931    2.06562756    2.01313433    2.17657731    2.02467879    2.03062509    2.16537879    2.13725612    1.98612521    2.08350450    1.91153749    2.22847723    2.42589464    2.08114837    2.08372942    2.37075579    2.36811831    2.19963559    2.09418825    2.22081398    2.08835457    2.03029924    2.08624589    2.23386849    2.08422247    2.23248338    2.07734392    2.72500670    3.11216213    2.84178283    2.56529981    2.51904274    2.56040939    2.54259747    2.21822368    2.58620493    1.50374775    1.32654016    1.34519322    1.62635637    1.24625437    1.29533582    1.28966610    1.24390565    1.28377973    1.13376050    1.30085549    1.39128635    1.60369238    1.17831625    1.06055100    1.90935467    1.75822049    1.79572069    1.29215370    1.51475871    1.26559049    1.04227604    1.00648937    1.00249145    1.25364536    1.22455685    1.46096277    1.46233433    1.20466619    1.22606219    1.24501221    1.22961177    1.38351188    1.19347534    1.00978329    1.10657202    1.31441447    1.43532278
Q0VPL5_ALCBS/110-365     1.46971738    1.30118318    1.24285793    1.38980025    1.21537392    1.25847950    1.19278849    0.75764340    0.00000000    0.89270721    1.07824669    1.11801253    1.16847061    1.15722605    1.21896265    1.24785555    1.40845447    1.51605803    1.45310027    1.83678636    2.26918428    2.25428324    1.73157129    2.10770643    1.85491962    1.82890177    2.04610273    1.80066891    2.25826363    2.08783159    2.12256088    2.12364918    1.94850981    2.01714767    2.16966749    1.96189633    2.11300134    2.18185057    2.12183655    2.08838733    2.43422480    2.22566401    2.33715071    2.13271571    2.22667543    2.24145767    2.27238943    2.01186642    2.11050907    1.92961565    2.43630554    2.12731538    2.79450552    2.90832420    3.09701184    2.78323748    3.04362982    2.83350944    2.58405532    2.36416669    2.54170279    1.66314062    1.54968171    1.46968685    1.61338327    1.44635677    1.40193931    1.26962923    1.21765232    1.30354261    1.31120522    1.45645878    1.30072205    1.80453536    1.17914086    1.24674960    1.68541916    1.75707628    1.84006456    1.29120470    1.56631310    1.30966969    1.15938447    1.20384897    1.17142961    1.35773456    1.34187737    1.63895869    1.58088744    1.32994041    1.10071123    1.28764396    1.39113988    1.38384590    1.57385951    1.28436595    1.32059390    1.55525318    1.53018571
Q87NJ3_VIBPA/191-444     1.20653373    1.20355040    1.07264096    1.23280593    1.09052001    1.23920842    1.16904742    0.84733867    0.89270721    0.00000000    0.86201152    0.90775312    1.04053671    0.93268162    1.08093715    1.20408008    1.29034423    1.33740528    1.32929661    1.99812026    2.39005543    2.47812850    2.04273216    2.03646389    1.82807797    2.04429556    2.20936785    2.40757665    2.32152069    2.30835837    2.56182113    2.50880592    2.01915766    2.09484958    2.17416686    1.85245700    2.16677109    2.24001282    1.97679105    2.02440196    2.38853249    2.05639195    2.17803006    2.13240574    2.29133184    1.91615334    2.10923010    2.04573447    2.28900284    2.02577014    2.17776345    2.54814296    2.41163574    2.50663899    2.79226465    2.65012967    2.35234975    2.74315039    2.19786544    2.46443387    2.57260921    1.52687184    1.48122873    1.28477169    1.54851128    1.33152396    1.18142390    1.39999607    1.18479506    1.29676675    1.27354521    1.35267229    1.27089649    1.53467449    1.08159234    1.21784632    1.74290107    1.69886907    1.69483192    1.17417726    1.49356030    1.34004241    1.00684375    0.95368658    1.02303751    1.06984035    1.12505539    1.42765798    1.42250242    1.16602901    1.04399242    1.26181096    1.29596531    1.11543917    1.23200612    1.02343403    1.26969066    1.14835466    1.12067059
Q5ZV83_LEGPH/177-431     1.18192911    1.25939983    1.24999949    1.19185289    1.28954010    1.54377580    1.42239155    1.04865917    1.07824669    0.86201152    0.00000000    1.24484141    1.31075603    1.22242597    1.23542457    1.33465060    1.43377740    1.59808203    1.53635962    1.95397359    2.66114768    2.75892995    2.19208642    2.14238617    2.21633489    1.93745585    2.24532932    2.42494371    2.29563603    2.46134588    2.44817850    2.45995959    2.23165584    2.12785341    2.44091030    2.14276579    2.13259480    2.41754816    2.13252514    2.15678020    2.58286116    2.44850982    2.27112941    2.24327767    2.31461749    1.96512568    2.23832678    2.26964638    2.42990065    2.15573359    2.35584679    2.54456805    2.51593028    2.65941382    2.93551699    2.90852362    2.58000169    2.89841301    2.63403122    2.58182302    2.68999690    1.60190821    1.57488822    1.44281537    1.70554716    1.54080979    1.41410157    1.64972755    1.50744552    1.38651108    1.46569619    1.53799062    1.57031423    1.54143344    1.41702795    1.34190953    1.80180929    1.56336881    1.55277260    1.44000662    1.65483010    1.37290675    1.25614145    1.15340419    1.17894941    1.28916967    1.23290616    1.45009294    1.49177040    1.25015745    1.11261069    1.45861740    1.24545529    1.20464086    1.19145063    1.13387532    1.30803217    1.26556104    1.22274900
Q9A490_CAUVC/254-514     1.40105916    1.27387120    1.15306245    1.19818871    1.27910449    1.17116050    1.05064445    1.07747478    1.11801253    0.90775312    1.24484141    0.00000000    0.93039406    0.97286617    1.11212797    1.05397418    1.24492384    1.41540252    1.36240849    1.97220147    2.30268182    2.09244049    1.80945019    1.91708208    1.76655860    1.79519334    1.89616029    2.09885248    2.45755352    2.34867200    2.19111685    2.35816245    2.07509929    1.88824106    1.89056099    1.58032483    1.91787846    1.90902706    2.08236468    1.89839985    2.16279249    2.15176238    2.04753539    2.13214833    2.00525838    2.01616797    1.85651499    1.86221306    1.76791926    1.95123435    2.38842639    2.29245856    2.36105722    2.82618170    3.02760770    2.60832146    2.59318839    2.58413370    2.51402050    1.75704893    2.05642395    1.48208094    1.73984275    1.40299541    1.73478996    1.53845511    1.40207595    1.46132296    1.23849197    1.31752529    1.19157881    1.31615992    1.30941877    1.91237154    1.16885456    1.42105157    1.94961211    1.92562854    1.97145596    1.25714764    1.63333848    1.41445196    1.21114507    1.02821579    1.13744493    1.15769671    1.25062668    1.65025280    1.63348049    1.18449443    1.20013360    1.34166016    1.39181301    1.41341380    1.49967104    1.36073383    1.39378190    1.57266478    1.54484000
A5VCA0_SPHWW/174-432     1.42884615    1.22325231    1.24945378    1.29425021    1.21112007    1.37789215    1.42713923    1.08221883    1.16847061    1.04053671    1.31075603    0.93039406    0.00000000    1.15846148    1.20553940    1.57078764    1.40873692    1.41358140    1.41901298    1.95743242    2.52755038    2.39650670    2.02049417    1.94770188    1.69722120    2.05535754    2.21899856    2.10885352    2.45852672    2.40459724    2.40867201    2.44119600    2.17710962    2.09227538    1.96593021    1.73726321    1.97503252    2.05803784    2.14396736    2.14260888    2.17184834    2.46261839    2.45189792    2.17052569    2.25098211    2.33864768    2.37588792    2.14673087    1.92594908    2.43405263    2.25881179    2.49391324    2.77247364    2.81512071    2.95404623    2.59176591    2.84324182    2.76747933    2.28788561    2.31900941    2.06149272    1.56934135    1.67763593    1.50078154    1.85222259    1.47928224    1.34572604    1.45832532    1.17846649    1.33105396    1.33619414    1.45299900    1.24741330    1.91026648    1.22226378    1.31638489    1.72654653    1.68861417    1.75969810    1.38768224    1.59102158    1.41791579    1.29181084    1.02956485    1.07809632    1.06921736    1.32964080    1.52963807    1.55841221    1.24119907    1.09632600    1.35154870    1.49315431    1.49680692    1.59149703    1.22796661    1.52806253    1.62329071    1.71638904
Q096N6_STIAD/245-500     1.36412203    1.31875632    1.23206724    1.48274849    1.19767545    1.25547970    1.18504923    1.18338407    1.15722605    0.93268162    1.22242597    0.97286617    1.15846148    0.00000000    1.14267601    1.17999366    1.32859813    1.38147493    1.31908583    1.83112658    2.76219959    2.54529468    2.04345221    1.90420414    1.73244176    1.98099548    2.18397124    2.38887894    2.24929037    2.29726412    2.61602324    2.23516465    2.16593309    2.06179784    2.21797693    1.85960683    2.24843678    2.20057623    2.31484322    1.88003810    2.19572052    2.44705190    2.25666316    2.46061595    2.23328682    2.13623014    2.20087352    2.08982241    2.20025556    2.11996624    2.65326941    2.69801960    2.69523811    2.98045890    2.92130782    2.32942803    2.60967936    2.64721468    2.48349414    2.09563842    2.56247839    1.66121651    1.39676235    1.26990071    1.52186228    1.30072668    1.11717088    1.28485947    1.17069632    1.03824190    1.06477999    1.27369867    1.19994059    1.55378591    0.79607374    1.36949012    1.99663930    1.90451377    2.09004467    1.42574476    1.53862955    1.41049307    1.12711399    1.06679093    0.86230258    0.93738658    1.08010297    1.27628853    1.39132107    0.98468505    1.04434173    1.40700831    1.33897982    1.32025654    1.57438253    1.12896022    1.34800914    1.45985988    1.58140178
A1AWG5_RUTMC/168-420     1.40477037    1.22915050    1.22523832    1.32838059    1.11444374    1.41029094    1.43475057    1.12786361    1.21896265    1.08093715    1.23542457    1.11212797    1.20553940    1.14267601    0.00000000    0.95013257    1.23217956    1.18481019    1.30885559    1.70320953    1.99812856    2.40042125    1.87318089    1.88289772    1.81064209    1.96205851    1.99414220    2.19656658    2.13626363    2.03762757    2.23956835    1.94641801    2.21982373    1.84413996    2.13718607    1.93332872    2.03852809    2.14519041    2.04491045    1.81790053    2.07674822    1.99483020    1.96003263    1.83774499    2.26023978    1.69532606    2.09300741    1.93242833    1.92478403    1.98646413    2.31264325    2.24412655    2.66083847    2.72749571    2.78108346    2.44084180    2.31736830    2.62801765    2.55298140    2.08833328    2.41067284    1.10787489    1.16778697    1.27170636    1.52562360    1.12383603    1.21722967    1.31284957    1.09052997    1.24511796    1.21181680    1.06259727    1.13538036    1.42969199    0.85898095    1.14347129    1.85189258    1.92346765    1.80493371    1.33346839    1.69107148    1.40132262    1.09057004    1.18490602    1.32145577    1.29848929    1.33372996    1.60407147    1.75483419    1.35076076    1.24192338    1.29132325    1.33599867    1.41451968    1.42637106    1.17684852    1.34431458    1.38182080    1.35522672
Q5SKM3_THET8/151-402     1.34328303    1.37957512    1.33235177    1.13277188    1.21585245    1.39113519    1.15765319    1.27512155    1.24785555    1.20408008    1.33465060    1.05397418    1.57078764    1.17999366    0.95013257    0.00000000    1.05532139    1.33343738    1.35023685    1.93321457    2.25966521    2.43382710    1.87014785    1.75220086    1.69628539    1.90456487    1.93080472    1.97522475    2.19305111    1.95056283    2.05965994    2.03957518    2.01091147    1.84149540    2.06070668    1.99710193    2.03820044    2.22012399    2.13243141    1.86105455    2.25408073    2.39676330    2.22490976    2.08633481    2.11135601    1.86858696    1.88663800    1.67179450    1.70011071    1.79641202    2.29426884    2.32483334    2.27506200    2.96040932    2.97267123    2.56808550    2.49116109    2.41827555    2.35285567    2.14401541    2.66150228    1.37748347    1.35219151    1.23049819    1.33741015    1.22358416    1.19153338    1.28778454    1.46102195    1.18959249    1.17593133    1.07572083    1.18468729    1.61054574    1.09416101    1.35966174    1.67062499    1.68887364    1.75089661    1.23349093    1.64111663    1.57274599    1.04524273    1.16286689    1.22550570    1.30307152    1.39608820    1.63811605    1.47365500    1.25301568    1.27383574    1.24621872    1.24039368    1.29675464    1.45826957    1.27921523    1.31443814    1.39490252    1.35313472
J9Z927_LEPFM/174-426     1.62480823    1.39398500    1.31167237    1.38692992    1.43526452    1.48674112    1.37475823    1.43781094    1.40845447    1.29034423    1.43377740    1.24492384    1.40873692    1.32859813    1.23217956    1.05532139    0.00000000    1.46076840    1.41118838    1.86104086    2.29036222    2.04626656    1.78127125    1.93369352    1.71360197    1.88611913    2.00624512    2.08131620    2.39023187    2.31874880    2.37746621    2.40281505    2.03883035    1.85919641    2.24045351    2.16805234    2.10396537    2.27815110    2.19138283    1.94536256    2.37060091    2.14561913    2.34154361    2.35350836    2.24826289    2.08099084    2.14029103    2.03281151    2.13856261    2.31193987    2.19441238    2.35643344    2.91688281    2.87165137    2.93379862    2.73832132    2.69310170    2.64814986    2.71846644    2.18780150    2.40549937    1.52331568    1.49628154    1.48729324    1.63869025    1.43254151    1.35623509    1.51030190    1.51327865    1.36092520    1.29616057    1.23585725    1.38605411    1.58218725    1.14535560    1.54963354    1.83959851    1.85003731    1.76842827    1.47154671    1.75596745    1.42047981    1.45264491    1.32813005    1.51776804    1.42193488    1.37953945    1.87696804    1.69555460    1.37347569    1.41884501    1.63588651    1.46975097    1.45271695    1.66276394    1.31745832    1.34210500    1.59690620    1.56970866
Q12RL0_SHEDO/209-457     1.41083238    1.62441410    1.60351148    1.53184465    1.42886540    1.43164325    1.43087356    1.48537432    1.51605803    1.33740528    1.59808203    1.41540252    1.41358140    1.38147493    1.18481019    1.33343738    1.46076840    0.00000000    1.03850586    2.08419295    2.91953037    2.47255322    2.11869067    2.05442440    1.72191980    2.09120805    2.42467988    2.35221794    2.30113697    2.21983161    2.26249976    2.26238949    2.24090766    2.04260920    2.24096203    2.15910489    2.00836966    2.00655196    2.21240513    2.32328555    2.08588905    2.46712293    2.34710129    2.28893428    2.29083319    2.34711455    2.52527663    2.13390471    2.21917000    2.33017682    2.49419049    2.44768427    2.50703932    2.96510315    2.85896441    2.43252026    2.40085030    2.52854425    2.26628293    2.56370519    3.00774137    1.46757287    1.36575661    1.37623836    1.32614083    1.23861844    1.36280112    1.45784752    1.35772184    1.42935462    1.27853996    1.32277539    1.25511435    1.62918969    1.34070255    1.60006333    1.83260681    1.79673978    1.94292379    1.45742089    1.88646596    1.76827482    1.45685562    1.34192708    1.44503537    1.35493584    1.49444092    1.45470712    1.71916304    1.41603741    1.41289713    1.39831180    1.59236414    1.65507866    1.63613379    1.43030354    1.48998604    1.67498170    1.73660478
Q9PC67_XYLFA/223-477     1.46387658    1.61559524    1.40743950    1.56951679    1.61798059    1.46474073    1.58136533    1.39080292    1.45310027    1.32929661    1.53635962    1.36240849    1.41901298    1.31908583    1.30885559    1.35023685    1.41118838    1.03850586    0.00000000    1.81000201    2.28858300    2.23745195    1.88312855    1.83370106    1.87049762    2.10522750    2.09787701    2.35160946    2.18231042    2.27911728    2.29654537    2.43394596    2.33346198    2.06737352    2.35505067    2.01181743    2.34187898    2.41022479    2.16469986    2.21170732    2.13168267    2.25625506    2.37841278    2.29878568    2.16178649    2.24162057    2.28301345    2.32287934    2.38944037    2.19382021    2.53505622    2.33667328    2.48683237    2.96713008    2.74428350    2.54966654    2.38168477    2.48969061    2.56577468    2.19463924    2.37303454    1.47838274    1.39840148    1.26693295    1.22247635    1.20667364    1.26053308    1.24182415    1.15978413    1.17225140    1.09659010    1.37329750    1.17674135    1.77946238    1.35353597    1.36444930    2.03693151    1.78226202    1.82920796    1.61468734    1.70179307    1.58181565    1.47441186    1.41149918    1.29001735    1.50939623    1.60248841    1.57706585    1.69551990    1.54431898    1.52029754    1.68691060    1.69974159    1.67995283    1.80894579    1.56512583    1.56270663    1.64294113    1.78737210
Q7N4K7_PHOLL/706-961     2.40635385    2.15272315    2.03491736    2.27918508    2.05804755    2.10841940    2.09852830    1.98263614    1.83678636    1.99812026    1.95397359    1.97220147    1.95743242    1.83112658    1.70320953    1.93321457    1.86104086    2.08419295    1.81000201    0.00000000    1.30254790    1.26046080    0.82505892    0.85081040    1.60104184    1.90186440    1.91142651    1.96685152    2.27944851    2.37655783    2.23171669    2.20727360    2.20710037    1.98969122    2.01029249    1.90575870    2.10428736    2.26902183    2.03504184    1.81403996    2.23766839    1.98874529    1.96641771    2.26105061    1.95277614    2.08931138    2.28591908    1.97913369    2.03251547    2.23210982    2.26761702    2.26105183    2.52202099    2.32775636    2.59214412    2.54114743    2.37025668    2.64194564    2.45133516    2.58038017    2.42724562    1.68497582    1.94759185    1.86472450    1.89220462    1.77712335    1.56787016    1.63152798    1.61605641    1.48779645    1.64315883    1.62854642    1.48139132    2.09547518    1.64187901    2.19367579    2.28256867    1.94932489    2.01714285    2.16216795    2.26940637    1.94749032    2.00162800    2.06550529    1.81801818    2.07534735    2.09438984    2.28312442    2.43432401    1.92051433    1.96725767    1.92299091    2.24720966    2.24235573    2.39286251    2.24266488    2.13935183    2.26620624    2.19321708
Q9ZC78_YERPE/393-641     2.87189024    2.96976486    2.77114144    2.95028567    2.98012080    2.62672813    2.66257245    2.36964684    2.26918428    2.39005543    2.66114768    2.30268182    2.52755038    2.76219959    1.99812856    2.25966521    2.29036222    2.91953037    2.28858300    1.30254790    0.00000000    1.54126608    1.34463761    1.33925193    2.30061968    2.67945826    2.30983694    2.63132461    3.28066099    2.57591218    2.70164060    2.81166471    2.64175918    2.31093812    2.50062843    2.50392287    2.70733716    2.78051527    2.44584544    2.34466851    2.64014694    2.43353185    2.62726076    2.48242669    2.26808637    2.72043407    2.42823848    2.45205341    2.69560094    2.75190735    3.14471669    2.46575833    3.23295624    3.52681940    3.05358799    3.25297560    2.85736051    3.10818287    3.05478249    3.54024378    3.21076353    2.21933824    2.71960316    2.33877569    2.86907134    2.46040967    2.18541877    2.21390581    2.26416073    2.44210187    2.34574507    2.36445638    2.33985429    2.83738892    2.61622144    2.68506641    2.95862663    2.74215938    2.89429466    3.12513841    3.29461060    2.62977928    2.91268499    2.50167393    2.24044907    2.46350762    2.36530368    3.46646237    2.81279188    2.52723693    2.46509315    2.85503172    2.94598283    2.82452335    2.68546027    2.84335204    2.63052483    2.71565846    2.97905447
Q0CU05_ASPTN/178-431     2.66871743    2.61121151    2.28160621    2.59448188    2.95775416    2.50349151    2.29345476    1.98182672    2.25428324    2.47812850    2.75892995    2.09244049    2.39650670    2.54529468    2.40042125    2.43382710    2.04626656    2.47255322    2.23745195    1.26046080    1.54126608    0.00000000    0.93094375    1.17125230    2.06519609    2.46711084    2.20187884    2.21964234    2.55738848    2.42332591    2.27517078    2.67961411    2.55730887    2.14179472    2.25438027    2.40622034    2.10928207    2.42512973    2.27792050    2.15697789    2.05954677    2.46786513    2.18906721    2.47863826    2.45068910    2.70617973    2.56576953    2.28123786    2.51578528    2.33261640    2.34365296    2.43684302    2.64562109    3.09449168    2.78797900    3.01284574    2.91364708    2.58271305    2.77938464    2.59303393    2.73206967    2.13482728    2.41407667    2.26933801    2.25805277    2.31685118    2.28733648    2.37879515    1.89764581    2.14906624    2.07088013    2.11629401    1.92675794    2.52010948    2.22000198    2.65214507    2.43694362    2.40455385    2.05328828    2.48913145    2.50951204    2.34223015    2.47165055    2.33100421    2.23911970    2.44734754    2.20288804    2.82348021    2.51053904    2.22872668    2.55090027    2.46178715    2.90167480    2.83629884    2.96465204    2.42363483    2.68260393    2.54518911    2.56186239
A8AF03_CITK8/171-424     2.21241100    2.30702434    2.13232870    2.30309448    2.10034735    1.93771251    1.98367124    2.03773090    1.73157129    2.04273216    2.19208642    1.80945019    2.02049417    2.04345221    1.87318089    1.87014785    1.78127125    2.11869067    1.88312855    0.82505892    1.34463761    0.93094375    0.00000000    0.91186175    1.72578710    1.88384938    1.89472339    2.03271113    2.20767732    2.31797970    2.16211783    2.33071033    2.14948904    1.83666566    2.06250774    1.98190532    1.94253786    2.17970310    1.96203938    1.81154913    2.21382439    1.93739721    2.01373112    2.15755614    2.13474247    2.05718848    2.11641755    1.99560736    2.19970602    2.06508531    2.27496048    2.26137988    2.53357412    2.48684141    2.83676217    2.35763245    2.45126308    2.31733963    2.17316678    2.32691978    2.48326194    1.58578673    1.91099834    1.92322751    1.97223177    1.74665632    1.63741016    1.58888953    1.50806916    1.83294050    1.59518708    1.70821263    1.43868312    2.24029575    1.77767878    2.33218614    2.49473847    2.21222897    1.97004916    2.17207736    2.42492721    2.30311600    2.39960774    2.07985351    1.97817160    1.96781640    1.90025188    2.39529435    2.32987724    2.04101089    1.91209120    2.13253725    2.30673650    2.22218746    2.60683808    2.15533670    2.22896550    2.13590704    2.31872248
MBTI_MYCTU/185-438     2.36285188    2.20675476    2.09858168    2.35544914    2.33308092    1.99677110    1.93786535    2.00633952    2.10770643    2.03646389    2.14238617    1.91708208    1.94770188    1.90420414    1.88289772    1.75220086    1.93369352    2.05442440    1.83370106    0.85081040    1.33925193    1.17125230    0.91186175    0.00000000    1.72528941    1.89193440    1.84421518    1.77889411    2.29074038    2.29222151    2.39446657    2.32198068    2.16831426    1.93164011    2.01500494    2.14900212    2.16573633    2.36951615    1.93801470    1.97913091    2.06373567    2.05340449    2.01580299    2.28171577    2.08010969    2.38565519    2.15366857    2.11024189    2.10641469    2.44149199    2.51493734    2.33790322    2.68636250    2.83968815    2.66435174    2.20629808    2.57156191    2.55206938    2.61955665    2.53754883    2.54344645    1.81511939    1.99074192    1.93318288    1.98824092    1.92464529    1.74173233    1.94380181    1.61783297    1.87475379    1.73401284    1.79210124    1.70382873    2.52131606    2.14070012    2.19783587    2.27263625    2.24588466    2.21094129    2.33940962    2.68704138    2.23487738    2.40742007    2.06452889    2.06884165    2.20199672    2.29162095    2.40090110    2.54248566    1.87911057    2.29133991    2.21245748    2.23398916    2.35432185    2.57479716    2.26504621    2.26198702    2.27195031    2.44502608
Q67RX8_SYMTH/212-460     2.17183724    2.06484398    1.73700301    1.98744793    1.97298900    1.91043861    1.49837925    2.00233132    1.85491962    1.82807797    2.21633489    1.76655860    1.69722120    1.73244176    1.81064209    1.69628539    1.71360197    1.72191980    1.87049762    1.60104184    2.30061968    2.06519609    1.72578710    1.72528941    0.00000000    2.02860360    1.97611840    1.81498141    2.20571787    2.33578489    2.39274362    2.32760914    1.78707964    1.72878794    1.67664356    1.60067456    1.79552125    1.81974001    1.88520346    1.82486244    1.88843834    2.18880719    2.01057749    2.04167516    1.94124068    2.51336609    2.23246638    1.82337116    1.51515147    1.81029727    2.27761187    2.04983264    2.33926744    2.66610292    2.50759340    2.73701990    2.84163449    2.21595094    2.00230429    2.13891623    2.49164155    1.93776144    1.94747410    1.81771652    2.10136979    1.82291236    1.61497459    1.82828712    1.62648068    1.64063009    1.53085900    1.58197482    1.55141915    2.46021131    1.63802813    2.25210161    2.00613591    2.35107445    2.14488503    2.23472120    2.13028648    1.95211725    1.99184745    1.72763878    1.86565699    1.76231016    1.94309120    2.35107190    2.44404624    1.88163354    1.85120078    1.95142968    2.04517038    2.13886226    2.04458148    2.07197307    2.06681663    2.35172258    2.49789177
A0A1U7EWJ1_NATPD/181-436     2.22444833    2.22559349    1.89994734    1.89666358    2.30845126    1.94406927    1.75378131    1.88154931    1.82890177    2.04429556    1.93745585    1.79519334    2.05535754    1.98099548    1.96205851    1.90456487    1.88611913    2.09120805    2.10522750    1.90186440    2.67945826    2.46711084    1.88384938    1.89193440    2.02860360    0.00000000    1.14413410    1.12822157    1.47509379    1.31136359    1.45165356    1.22292747    1.37043552    1.48008003    1.39199282    1.35215766    1.37178568    1.61777104    1.40283124    1.32955608    1.34259841    1.39470776    1.33486940    1.33928118    1.28963776    1.36621413    1.43963024    1.25631402    1.27202153    1.26117302    1.69510764    1.92228157    1.89670449    1.95637152    2.06398537    1.87544014    1.97879259    2.00255905    1.79295980    2.23908157    2.61763070    1.98664071    1.83448603    1.92768460    1.92676818    1.82540447    1.66156759    1.72311723    1.78443505    1.94040339    1.78441914    1.85492780    1.70479403    2.41783321    1.92246198    2.36441577    2.55814695    2.48719907    2.38589653    2.14110619    2.26806292    2.25530633    2.05521835    2.17317912    1.85292638    2.18231221    2.08606816    2.18460215    2.38288905    2.05497693    1.90218822    1.94852614    2.40528127    2.19543536    2.45982540    2.00478793    2.01841727    2.19129210    2.30025201
PCHA_PSEAE/199-452     2.27733386    2.18516572    2.17097112    2.11043103    2.23135867    2.28815903    2.07213379    2.06562756    2.04610273    2.20936785    2.24532932    1.89616029    2.21899856    2.18397124    1.99414220    1.93080472    2.00624512    2.42467988    2.09787701    1.91142651    2.30983694    2.20187884    1.89472339    1.84421518    1.97611840    1.14413410    0.00000000    1.14394994    1.42236559    1.18459209    1.42432485    1.33180520    1.53480527    1.36255719    1.56104797    1.36902677    1.46838866    1.54936073    1.48259196    1.50121463    1.40690522    1.59459175    1.44906992    1.31263120    1.49830529    1.47405503    1.33210586    1.25795087    1.42149398    1.43156694    1.84228631    2.05404471    1.88853352    1.97362744    2.00510599    2.14693400    1.92799633    1.98520335    1.77827622    2.24861667    2.38707233    2.16952917    2.08591416    1.96158555    2.05638799    1.99705173    1.91042161    1.94217306    1.97437796    1.88435930    1.83773259    1.87550058    1.78694332    2.50985532    2.09944627    2.10453311    2.75751687    2.62430359    2.30082823    2.40151392    2.71617146    2.32595919    2.25703141    2.27412445    2.10686293    2.07093686    2.06120673    2.53323620    2.63331221    2.16137204    2.16886996    2.22669522    2.63404086    2.49061229    2.50660291    2.11055876    2.01514875    2.34328038    2.51004450
Q31L51_SYNE7/204-458     2.23265780    2.13615976    2.17980676    2.13169956    2.13456942    2.11241880    1.91966478    2.01313433    1.80066891    2.40757665    2.42494371    2.09885248    2.10885352    2.38887894    2.19656658    1.97522475    2.08131620    2.35221794    2.35160946    1.96685152    2.63132461    2.21964234    2.03271113    1.77889411    1.81498141    1.12822157    1.14394994    0.00000000    1.49284425    1.29496340    1.60621572    1.41832374    1.52879631    1.39427839    1.49082975    1.52156676    1.30849122    1.36641001    1.59466448    1.52343064    1.54192619    1.73590564    1.48619339    1.60249026    1.57623989    1.46994968    1.64330160    1.51481885    1.44487091    1.35195334    1.82646713    1.97525494    1.99275633    1.78927425    2.08343877    1.83376101    2.04716421    1.91915866    1.83071201    2.62450291    2.45156783    2.27620966    2.12882148    1.98483397    2.28808683    2.15940957    2.03155792    2.10176148    2.09566393    2.16963513    1.93608261    1.95567007    2.03794099    2.64991423    2.20818144    2.25893488    2.54698789    2.71583130    2.64276881    2.63796265    3.02158173    2.54688504    2.24231537    2.35577089    2.21990807    2.16509811    2.56997564    3.08420097    2.57272383    2.43429843    2.26908352    2.21729508    2.58650022    2.51887618    2.57916369    2.22184125    2.34914342    2.26072384    2.49877861
