97
C6T3V8_SOYBN/32-203     0.00000000    0.98409514    0.67756540    0.83669934    0.85758036    0.90932743    1.01145610    0.70043226    0.81409867    0.65856210    1.26459839    0.98025829    1.26389793    1.09037047    1.29884284    1.71224621    1.85302902    1.74922281    1.83412504    1.21796480    1.41958925    1.37950103    1.42343381    1.70060389    1.59295351    1.30470237    1.43343706    1.42931492    1.60868472    1.62678450    1.51267412    1.70143092    2.26417638    1.89615535    1.64202840    1.88175684    1.80354171    1.39477669    1.50886677    1.78029199    2.03226531    2.27044329    1.89304589    1.91412635    1.62362320    1.72148893    1.91274176    1.69229040    1.64396143    1.57444477    1.61317100    1.91114995    1.75305312    1.40256614    1.77401811    1.48882154    1.73127988    1.71829221    1.67437275    1.69164911    1.61228578    1.49092083    1.69376006    1.50880981    1.47301436    1.42963654    1.39277077    1.48080095    1.78046316    1.79957504    1.52343739    1.35563001    1.39778163    1.61716122    1.55007825    1.76437883    1.68149894    1.98616659    2.10584157    2.07116710    1.46050520    2.07452256    1.89113192    1.38514258    1.34864449    1.65859428    0.66871610    1.30833927    1.11311116    0.89960170    1.03995375    1.15141303    1.08688694    1.00941120    1.26177142    1.09960471    0.95627738
B9H291_POPTR/30-204     0.98409514    0.00000000    0.56985448    0.98551533    0.92179722    0.96583413    1.00557941    1.02775112    0.97080991    0.96595856    1.16122437    1.14071055    1.21250449    1.23187729    1.28185249    1.63333068    1.80734298    1.83549246    1.95000704    1.59629655    1.76507486    1.56804812    1.71970852    1.75578161    1.59046044    1.65782362    1.63189862    1.58562223    1.73437409    1.77658580    1.59733358    1.70797869    1.98970065    1.95681648    1.68010149    1.71237298    1.61598231    1.48089748    1.62825438    1.70724117    1.66745920    1.78847512    1.54907588    1.53998624    1.53242653    1.37962197    1.69292917    1.78275132    1.80473095    1.73356671    1.72191352    2.06032723    1.94834891    1.80948564    1.97827582    1.82427445    1.86565890    1.92177285    1.99718488    2.07983637    1.96186056    1.80607555    2.18869115    1.65551765    1.61179316    1.54974753    1.71613382    1.69614166    1.96819567    2.12996103    1.79488634    1.90482868    1.62933515    1.72944287    2.04256999    1.78216345    1.83678503    1.78953429    2.16247045    1.99216829    1.40102816    1.83040754    1.64615091    1.39701029    1.64929874    1.51935150    0.84953885    1.18510457    1.07460689    1.05132756    1.03351933    1.06492118    1.17781523    1.12786540    1.32243071    1.05916815    0.99179309
B9H290_POPTR/33-207     0.67756540    0.56985448    0.00000000    0.48878669    0.49854327    0.72763341    0.80969066    0.70224808    0.63360511    0.65246554    1.04003267    0.74356680    0.93701221    0.96179937    1.01145804    1.46952503    1.55000323    1.55828774    1.82048585    1.17237056    1.27014701    1.16466380    1.24784947    1.41258664    1.35422684    1.24108077    1.16870021    1.22343339    1.36265790    1.52006709    1.32260590    1.43111487    1.67101601    1.58608672    1.67967960    1.78046496    1.76852085    1.43217097    1.53873902    1.62031429    1.69378981    2.06203736    1.78435159    1.83238947    1.57844861    1.58597276    1.64584935    1.62118575    1.48259198    1.54449688    1.34568313    1.57807115    1.65913311    1.52310377    1.40328351    1.19778626    1.53909388    1.47012831    1.43730404    1.42607983    1.30601986    1.22491284    1.55755799    1.18656502    1.12074423    1.10259636    1.35129188    1.37209888    1.56053039    1.65698039    1.46930089    1.28770216    1.25403432    1.31777297    1.52765066    1.49784540    1.30794285    1.51506540    1.81978402    1.91605879    1.23683755    1.76843728    1.55286390    1.23135779    1.27803794    1.31029887    0.32646583    0.97077192    0.80273839    0.71135205    0.70769196    0.75768278    0.86962468    0.78956408    0.90259619    0.82543629    0.68990236
O48625_SOLLC/31-204     0.83669934    0.98551533    0.48878669    0.00000000    0.51654081    0.68556947    0.71804431    0.54294468    0.58170910    0.56961749    1.15983570    0.75149499    0.95071434    1.01294861    0.93548210    1.48192432    1.70115724    1.51778292    1.70412837    1.19462055    1.37678950    1.24578939    1.45324950    1.49920299    1.39173924    1.25914934    1.31192203    1.26672213    1.56739673    1.51352539    1.49782518    1.77175815    1.95708536    1.75557288    1.53249190    1.72192569    1.78103297    1.45795202    1.57292406    1.60701755    1.60402094    2.01112342    1.81545039    1.72426292    1.67284283    1.54153866    1.59296169    1.58004587    1.50487147    1.46147825    1.71688323    1.84066626    1.83977357    1.56108205    1.65330510    1.30062053    1.61135368    1.65534159    1.47445385    1.60461598    1.72719236    1.44962558    1.82078035    1.06862090    0.99948556    1.00864073    1.19021037    1.26044091    1.44327424    1.61093333    1.43243495    1.21876570    1.16290928    1.32450932    1.52269917    1.79949246    1.34952966    1.48159552    2.05282072    2.16672930    1.37969101    2.06636759    1.96816649    1.46257966    1.49426712    1.40332649    0.38061256    0.96066389    0.75329056    0.76071022    0.76091292    0.85224805    0.79318202    0.67027193    0.83750119    0.78664416    0.69362798
U5FHI8_POPTR/32-205     0.85758036    0.92179722    0.49854327    0.51654081    0.00000000    0.69325538    0.70166339    0.57162412    0.53896007    0.54314528    1.07211644    0.81630922    0.98201937    0.94381285    1.05755969    1.59413235    1.82044060    1.58905202    1.86202850    1.24210403    1.54680178    1.32963944    1.41150105    1.77995189    1.57911995    1.37797976    1.50255739    1.42949365    1.56834448    1.71273900    1.37556561    1.67051912    1.90482480    1.81480893    1.77472412    1.79058105    1.74587848    1.54360703    1.47662960    1.72283672    1.87689015    2.11995638    1.96084187    1.86153307    1.63668048    1.62719803    1.60625297    1.50157351    1.48643550    1.51915568    1.59877814    1.64014483    1.90559949    1.70858164    1.61939537    1.41167756    1.57545961    1.72689986    1.67297278    1.56868341    1.62044437    1.37858033    1.80866967    1.07745047    1.00272871    1.07956038    1.17643678    1.24237132    1.65283142    1.73239372    1.45369184    1.25897210    1.26161759    1.28906356    1.54077235    1.73168578    1.48763849    1.40566803    2.00811211    1.96292263    1.26448179    1.92777067    1.74404786    1.23393348    1.37620322    1.45979941    0.41466297    0.95124302    0.74224784    0.78166897    0.62281452    0.70187198    0.77808856    0.70036659    0.84242265    0.79067894    0.59818304
M1CKQ7_SOLTU/34-208     0.90932743    0.96583413    0.72763341    0.68556947    0.69325538    0.00000000    0.19803163    0.64292972    0.70810180    0.72437295    1.15882647    0.87502450    1.10226013    1.13947894    1.18925445    1.61637148    1.69161450    1.79371122    1.79016397    1.36263996    1.61185030    1.46800105    1.61518048    1.73964797    1.46906317    1.49069362    1.56455233    1.48329184    1.59972432    1.60486468    1.48136643    1.71305339    2.04196271    1.93418546    1.62280543    1.82221486    1.76878782    1.39536982    1.53030316    1.55652621    1.62069268    1.80036447    1.60015870    1.64024106    1.92321066    1.69150014    1.65606431    1.65241095    1.72052431    1.75983163    1.86707863    2.05847106    1.89499089    1.79112020    1.98252687    1.64134650    1.83800223    2.18991009    1.97859033    1.69071789    1.78532418    1.64279624    2.14169365    1.15671926    1.06959283    1.08469093    1.35700126    1.26230165    1.78256990    1.93786600    1.46560901    1.35055343    1.27410192    1.50223686    1.60118038    1.87442375    1.49356151    1.82966682    1.95320041    1.97715781    1.35683715    1.97567865    1.95424652    1.66552300    1.54896933    1.26692947    0.64989860    1.08101896    0.80862382    0.90892421    1.01264195    0.94212397    1.01500228    0.94403337    1.11041672    1.00387876    0.93169253
M1CKQ6_SOLTU/25-200     1.01145610    1.00557941    0.80969066    0.71804431    0.70166339    0.19803163    0.00000000    0.67054258    0.73738639    0.78496517    1.07771296    0.88278190    1.14849628    1.21600765    1.22959702    1.58866571    1.66589230    1.62858964    1.75392835    1.23520671    1.68435428    1.36976560    1.60217727    1.58325454    1.44369117    1.33334405    1.55267695    1.45029685    1.73953416    1.73263776    1.67953988    1.82997260    2.08400828    2.10836216    1.55331996    1.68465199    1.71439225    1.53510409    1.65362650    1.65310241    1.72190939    1.94486559    1.61203385    1.68380771    2.05459480    1.73326810    1.76170593    1.70438217    1.78646331    1.91086436    1.90416545    2.14387808    1.94946307    1.83906073    2.02906564    1.73570755    1.90103925    2.15485253    2.02127175    1.78440634    1.87751249    1.81493606    2.06814496    1.24426084    1.13094296    1.10056736    1.49292858    1.44371802    1.84337405    1.99266199    1.72659543    1.49672339    1.44080177    1.73651166    1.83687622    1.89966116    1.73034480    1.83303473    2.09261953    2.06252135    1.44324873    2.09217246    2.10456570    1.58399859    1.64470709    1.32501795    0.67011812    1.11929104    0.93897758    0.98061974    0.96768882    0.94000904    1.06504258    0.98167303    1.09442850    1.01171193    0.92563104
KTI5_ARATH/29-194     0.70043226    1.02775112    0.70224808    0.54294468    0.57162412    0.64292972    0.67054258    0.00000000    0.33978760    0.36949697    1.19341149    0.83548126    1.08985375    1.10234721    1.08893115    1.61502702    1.86478496    1.55564461    1.80617982    1.21929485    1.48770721    1.38601641    1.54966473    1.62626645    1.54384360    1.42586389    1.47891654    1.46347728    1.70699140    1.63061689    1.61055796    1.74339790    1.85192606    1.98935300    1.55266477    1.69428464    1.67660745    1.57805209    1.56463966    1.67353208    1.99127495    2.25575135    2.02866107    1.90362774    1.83368378    1.63229461    1.63973184    1.38878430    1.47566167    1.49292488    1.64680317    1.77229242    1.75572279    1.78513281    1.79638353    1.58583050    1.77450128    1.81000327    1.78691954    1.60934397    1.61437615    1.43152168    1.80856260    1.22296562    1.13022743    1.12674336    1.29383334    1.36542915    1.62413124    1.93369586    1.52176110    1.39827539    1.31306524    1.51192694    1.62494313    1.79664229    1.58717793    1.52232966    2.21688062    2.23634393    1.41604977    1.89247740    2.01333206    1.52806955    1.32927722    1.63391088    0.57748683    1.12909125    0.89689033    0.88369383    1.05008746    1.09243816    1.06445178    0.95810689    1.14832147    1.05996318    0.86807960
M4EAY3_BRARP/26-191     0.81409867    0.97080991    0.63360511    0.58170910    0.53896007    0.70810180    0.73738639    0.33978760    0.00000000    0.25198448    1.10006125    0.79283465    0.95807457    1.00463269    1.07836876    1.70006750    1.90714054    1.56242728    1.79704914    1.25781063    1.39106444    1.39849883    1.42250507    1.55971257    1.61119989    1.46239798    1.32460861    1.30719416    1.58408001    1.52817531    1.47416634    1.72223291    1.87355542    1.83524811    1.64726680    1.80999236    1.83950715    1.65903719    1.66170280    1.78158319    2.00600731    2.07573573    1.84770405    1.80669264    1.79578209    1.67607219    1.67532866    1.51303447    1.49494762    1.47271419    1.53372980    1.70855676    1.73621503    1.69520309    1.55425862    1.44751830    1.56217887    1.74669678    1.62187172    1.52776859    1.43741903    1.38460003    1.84620835    1.23852293    1.10638962    1.12273297    1.32744648    1.37932496    1.63584485    1.85365317    1.45183680    1.34775543    1.28558537    1.47843932    1.63710780    1.71198050    1.57192319    1.67873113    2.11952741    2.22285298    1.43540697    1.87409681    1.75358013    1.44891912    1.42001981    1.28846131    0.55836457    1.16086503    0.90367757    0.79519702    0.94764095    0.97207618    1.00926776    0.97411189    1.10847624    1.01453027    0.82700596
M4DJA2_BRARP/29-194     0.65856210    0.96595856    0.65246554    0.56961749    0.54314528    0.72437295    0.78496517    0.36949697    0.25198448    0.00000000    1.03376153    0.78594089    1.01153589    0.95020678    1.09259568    1.63933773    1.92750297    1.65256605    1.89432866    1.25533469    1.39040746    1.36987899    1.48545625    1.63169520    1.48943477    1.36737914    1.31776413    1.35193314    1.75489628    1.73972237    1.59507433    1.84176280    2.06732650    1.80321065    1.83255564    1.92702270    1.92660339    1.66328229    1.63886742    1.84030832    2.05475599    2.07171488    1.85689040    1.78671191    1.82628145    1.72991825    1.64048547    1.51339753    1.48528131    1.54504345    1.77702014    1.84602065    1.91523148    1.75719649    1.71074770    1.58431106    1.62943310    1.79971492    1.66320801    1.57009764    1.48452584    1.45897747    1.89862868    1.38755704    1.26924227    1.29534824    1.36469135    1.42840951    1.78376427    1.85461854    1.59964576    1.42174177    1.38046968    1.56667705    1.68041209    1.85950482    1.65278835    1.65923997    2.03941609    2.12201300    1.45094823    1.88007175    1.83162137    1.38034663    1.50196719    1.36919666    0.56980357    1.11020734    0.84550597    0.85751311    0.96619374    0.98792827    1.00934578    0.88431921    1.08445285    1.00842904    0.81834423
M1AMX8_SOLTU/29-202     1.26459839    1.16122437    1.04003267    1.15983570    1.07211644    1.15882647    1.07771296    1.19341149    1.10006125    1.03376153    0.00000000    1.17228164    1.19490422    1.18675311    1.25413996    1.87915640    2.14045031    1.99502302    1.99225236    1.29906102    1.72704895    1.48070338    1.77160147    1.75915527    1.63088959    1.39269744    1.49050146    1.44351747    1.83734729    2.13638508    1.99659964    2.08761459    2.20334544    2.28124426    1.91861057    2.07415740    1.99494833    2.07355420    2.13766312    2.14852791    2.48605927    2.60727525    2.23976629    2.13735675    2.13182532    1.90328125    1.89783421    2.03939479    1.72737635    1.88929346    2.09114869    2.06971086    2.19220369    2.00459042    1.95704116    1.70506571    1.76609414    1.98663634    1.99954657    2.09126924    2.02878674    1.99982728    1.96057193    1.87067207    1.85187717    1.76190831    1.93257937    1.92282653    1.93335073    2.03639646    1.90366886    2.10559279    1.62958967    2.06588483    2.04878221    2.10781596    2.03318759    1.91463222    2.37460897    2.18275186    1.56903006    2.19139670    1.93252840    1.56714626    1.83845839    1.60858805    0.94736887    1.19256077    1.22356718    1.38699688    1.09619473    1.23446643    1.27747488    1.22725282    1.19139727    1.10066217    1.21713346
M0SZX1_MUSAM/43-214     0.98025829    1.14071055    0.74356680    0.75149499    0.81630922    0.87502450    0.88278190    0.83548126    0.79283465    0.78594089    1.17228164    0.00000000    0.77277659    0.77824415    0.77521459    1.41604577    1.49898741    1.36337865    1.38778106    1.01533249    1.21394785    1.15716388    1.20865840    1.35092294    1.29148316    1.14710847    1.07712284    1.11970485    1.39732699    1.30155631    1.22407851    1.29877000    2.07719014    1.75854315    1.66217989    1.71201107    1.67658105    1.39229298    1.55793327    1.62449557    1.84011424    1.97648215    1.79385289    1.77568636    1.94040573    1.72851572    1.94468051    1.61983571    1.70831117    1.57219056    1.64222468    1.76640272    1.83706293    1.80599854    1.81143227    1.71115594    1.79597022    1.83573303    1.75477834    1.70145889    1.57267390    1.54852211    1.93576248    1.18684444    1.12695719    1.10318135    1.34176224    1.35589241    1.62450717    1.83444635    1.47810836    1.32973215    1.30309699    1.52001181    1.52716264    1.75269290    1.45958115    1.50716427    1.98030207    2.02426871    1.39770301    1.86262966    1.82873563    1.45243484    1.49468531    1.45381319    0.62365618    1.08786314    1.01205555    0.97341388    0.99782678    0.98348050    1.09267588    0.96767244    1.11449316    1.04302547    0.94922940
M1CVY9_SOLTU/39-220     1.26389793    1.21250449    0.93701221    0.95071434    0.98201937    1.10226013    1.14849628    1.08985375    0.95807457    1.01153589    1.19490422    0.77277659    0.00000000    0.95170293    1.01980527    1.46718809    1.62774656    1.57553183    1.73232128    1.17666235    1.53111653    1.38170681    1.51159348    1.51998906    1.44005119    1.28806906    1.25293906    1.23058839    1.48144973    1.42470728    1.37604921    1.57882498    1.80405448    2.08970245    1.60787929    1.61425304    1.72924162    1.50489593    1.58428542    1.58982357    1.88250985    2.08341743    1.93169638    1.82915237    2.06583784    1.94569976    1.87277552    1.61508869    1.61469764    1.92960399    1.80203922    1.79545321    1.95787631    1.84525572    1.88742500    1.73668374    1.72435999    1.67725620    1.74470222    1.69122961    1.85368523    1.74635112    1.97115464    1.34689039    1.35252319    1.35534147    1.56706928    1.55523538    1.75153027    2.02184960    1.58036489    1.57023567    1.48807547    1.63587311    1.90966225    2.09261669    1.66840502    1.67611348    2.27529491    2.32156787    1.62596907    2.23544651    2.08799257    1.52567132    1.70153111    1.59397952    0.85850676    1.17591675    1.06285130    1.13132097    1.25443939    1.25714071    1.20031325    1.32393503    1.25283835    1.24720266    1.24322945
W1PNZ6_AMBTC/19-195     1.09037047    1.23187729    0.96179937    1.01294861    0.94381285    1.13947894    1.21600765    1.10234721    1.00463269    0.95020678    1.18675311    0.77824415    0.95170293    0.00000000    0.90174986    1.48097016    1.52185765    1.69901519    1.65432215    1.07892011    1.30579111    1.22408974    1.33765210    1.42235073    1.47977511    1.24394477    1.30107992    1.26659643    1.32779500    1.34513175    1.29569453    1.42814411    1.93376657    1.73643229    1.94975277    1.96291670    1.88725839    1.52034587    1.64552689    1.75548361    1.81832058    2.05188876    1.81147409    1.86947470    1.87397513    1.70811043    1.83072217    1.75584569    1.63090274    1.84181696    1.91357090    1.93384737    1.95481366    1.84117023    2.08757335    1.85413116    1.87342346    1.98602501    1.95488213    1.96400551    1.85176496    1.77806980    2.12458641    1.41306702    1.48064491    1.45965865    1.55411956    1.56851542    1.71965334    1.86133356    1.77470443    1.55638911    1.65717702    1.59817302    1.88576181    2.06516542    1.59109829    1.86783136    1.90432016    1.90021146    1.43778524    2.02163073    1.83067751    1.45140365    1.65799062    1.62832322    0.85282540    1.20771019    1.15591459    1.14782779    1.18473397    1.11991767    1.05695245    1.25668844    1.21803686    1.27191802    1.05214921
M0RW94_MUSAM/28-199     1.29884284    1.28185249    1.01145804    0.93548210    1.05755969    1.18925445    1.22959702    1.08893115    1.07836876    1.09259568    1.25413996    0.77521459    1.01980527    0.90174986    0.00000000    1.27018689    1.55461877    1.41012766    1.49306970    1.18213241    1.34472778    1.23987843    1.26698291    1.09414623    1.36934711    1.25205102    1.24942598    1.17195153    1.59092234    1.63791438    1.62031236    1.65194121    2.05868222    2.25871992    1.94695688    2.18535060    2.17890870    1.63748220    1.71735551    1.91436326    1.78418926    1.90710235    1.82889366    1.75873891    2.05145830    1.88572577    1.76072851    1.66660906    1.86413641    1.87520411    2.17040188    1.97291730    2.09615302    2.00872345    2.06380173    1.95579495    1.96400460    2.05840398    1.90191812    1.89015678    1.96613866    1.77666627    2.05451826    1.62065305    1.50353349    1.53345823    1.82909039    1.79103843    1.83383356    1.91216918    1.94439765    1.76058650    1.76854576    1.85508837    1.98604035    2.12926993    1.83680078    2.12344811    2.18634025    2.11678651    1.65400126    1.97693293    1.87287263    1.76162653    1.67761305    1.62609162    0.77282262    1.37832063    1.25991682    1.07477345    1.19075573    1.25083412    1.16688739    1.12164906    1.23305803    1.16828311    1.15042661
I1KW53_SOYBN/31-205     1.71224621    1.63333068    1.46952503    1.48192432    1.59413235    1.61637148    1.58866571    1.61502702    1.70006750    1.63933773    1.87915640    1.41604577    1.46718809    1.48097016    1.27018689    0.00000000    0.32672251    0.66371982    0.75905565    0.83633579    1.21185374    1.00658378    1.27164278    1.27839038    1.31314193    0.83637768    0.94722652    0.94240670    1.60293886    1.60396811    1.52333099    1.55960289    2.61009016    2.32348139    1.91728645    2.09035484    1.85947224    1.89168190    1.93559571    1.92618844    1.76340949    2.04750244    1.84147865    1.79353835    2.52204019    1.98773254    2.14733912    2.47168983    2.56762687    2.34125165    2.43364400    2.16158913    2.26103599    2.25239640    2.39149452    2.37247762    2.42588798    2.36017973    2.37819869    2.25673818    2.37634337    2.31413908    2.13927646    1.81894521    2.04234889    1.99148259    1.96040465    1.79172187    2.07610540    2.13122378    1.85349952    1.76829825    1.80555104    1.97889985    2.11784518    2.11259428    1.77814327    2.23768989    2.47197251    2.08819759    1.97840096    2.55323508    2.30533685    1.83744277    1.71310117    2.17622290    1.33681219    1.86026919    1.74048306    1.63174745    1.68403663    1.72041598    1.79367522    1.69075187    1.98192959    1.79461423    1.77426991
I1KW54_SOYBN/26-200     1.85302902    1.80734298    1.55000323    1.70115724    1.82044060    1.69161450    1.66589230    1.86478496    1.90714054    1.92750297    2.14045031    1.49898741    1.62774656    1.52185765    1.55461877    0.32672251    0.00000000    0.87568989    0.83096689    0.93473292    1.24851760    1.05989584    1.26659139    1.39325829    1.30555419    0.93173218    1.15682325    1.11843719    1.46980911    1.48858248    1.42909465    1.51740585    2.60317790    2.40432184    1.79613763    2.05408883    1.84348385    1.94468750    2.13006029    2.06372098    1.89110626    2.29212059    2.11057092    2.04290166    2.52287553    2.08579067    2.11335002    2.44070868    2.48493474    2.32257597    2.32202447    1.96200168    2.12917836    2.20378213    2.27818490    2.21371537    2.44257764    2.27496079    2.13825354    2.28292228    2.29665441    2.23664204    1.95157016    1.84974622    1.97343427    1.82461938    1.90403859    1.70827198    1.90422105    2.06217905    1.70193538    1.68802057    1.75201697    1.87284090    2.06334439    2.08048911    1.78234807    2.17457351    2.36466586    2.09127983    2.00606567    2.60010674    2.30931865    1.84547934    1.67104640    2.08841337    1.50855071    1.87492584    1.82584903    1.67397622    1.65417316    1.73663458    1.83046786    1.76315421    2.08600188    1.85953338    1.84319193
I1LVB1_SOYBN/31-196     1.74922281    1.83549246    1.55828774    1.51778292    1.58905202    1.79371122    1.62858964    1.55564461    1.56242728    1.65256605    1.99502302    1.36337865    1.57553183    1.69901519    1.41012766    0.66371982    0.87568989    0.00000000    0.37768477    0.80458388    0.94917897    1.00717945    1.16861278    1.04427946    1.22100889    0.92497209    1.01264700    1.05004078    1.59880590    1.52361399    1.53686586    1.67117427    2.75880990    2.20552116    1.69550033    2.20311547    1.93419603    1.98880326    1.93350191    1.89940970    2.07074336    2.16193023    1.88218169    1.98094464    2.54142208    2.14422493    1.91798369    2.27276706    2.37851449    2.25012831    2.49191223    2.17498460    2.08119855    2.09815169    2.06766990    2.21160756    2.11496142    2.32267784    2.09874929    2.29277044    2.18652637    2.34253839    2.16724377    1.94926832    1.87114518    1.87160382    1.87440480    1.68256586    2.12057501    2.02512748    1.74049406    1.72938409    1.63383564    1.89385514    1.83497663    2.10765078    1.79344612    2.15850546    2.42857168    2.13457400    1.96171496    2.40280932    2.12090368    1.82493428    1.88232573    2.03705060    1.25908978    2.13786901    1.85357061    1.76127186    1.79459511    1.82358470    1.87244252    1.79643981    2.08158954    1.87471726    1.95812351
I1LVB0_SOYBN/31-194     1.83412504    1.95000704    1.82048585    1.70412837    1.86202850    1.79016397    1.75392835    1.80617982    1.79704914    1.89432866    1.99225236    1.38778106    1.73232128    1.65432215    1.49306970    0.75905565    0.83096689    0.37768477    0.00000000    0.82980128    1.02196174    0.96843877    1.12291669    1.14280360    1.33644804    0.94468454    0.99977985    1.06983563    1.61049553    1.56904425    1.63263108    1.72267169    2.88064152    2.52152853    1.97209900    2.40256193    2.08970697    1.99838522    1.91655466    1.97431128    2.13809733    2.18584528    2.04934030    2.05487449    2.58541813    2.21626043    2.10678575    2.13309357    2.27052610    2.47283128    2.66302966    2.26278120    2.14563127    2.18871720    2.29457684    2.41870099    2.28732989    2.39248519    2.28598135    2.40910766    2.47400611    2.61543311    2.53792276    2.18851260    2.03984423    1.99113640    2.32104421    2.04106299    2.48568528    2.39837161    1.91429753    1.89836599    1.90650083    2.18310780    1.94565335    2.35218264    2.05254973    2.25165890    2.55630092    2.37215017    2.04190855    2.74126843    2.41543683    2.04713292    2.12043769    2.24194577    1.39695804    2.20784685    1.96160362    1.74526785    1.97867461    1.91610474    2.08474038    1.97743888    2.20881806    1.93104070    2.09709565
F6HML9_VITVI/31-194     1.21796480    1.59629655    1.17237056    1.19462055    1.24210403    1.36263996    1.23520671    1.21929485    1.25781063    1.25533469    1.29906102    1.01533249    1.17666235    1.07892011    1.18213241    0.83633579    0.93473292    0.80458388    0.82980128    0.00000000    0.77380752    0.69406547    0.76087986    0.93199846    0.97253157    0.50405671    0.63091470    0.57807462    1.44310878    1.34105695    1.39062663    1.47388879    2.33125041    2.00935639    1.72151563    1.98924472    1.79717915    1.62128584    1.72949238    1.73887165    1.94750580    2.28840284    1.93234435    1.91941214    2.24776553    1.75426972    1.84160169    1.89147528    1.86650300    1.93764342    1.95915426    1.70606121    1.73578272    1.52961972    1.81545594    1.80326248    1.84915583    1.80440355    1.67037675    1.81900235    1.90297628    1.85994015    1.88787554    1.35429566    1.34754127    1.35161735    1.49670626    1.41079105    1.72516362    1.68191548    1.47806290    1.44575784    1.32532336    1.55528657    1.64029272    1.87967068    1.49950210    1.73309217    2.18855211    2.00445529    1.51528709    1.94749827    2.01931740    1.37010312    1.55489102    1.75524200    0.97351238    1.53117961    1.52245029    1.51465658    1.36031712    1.41901004    1.35907684    1.52597225    1.53734248    1.60410287    1.40931817
B9GGD2_POPTR/27-190     1.41958925    1.76507486    1.27014701    1.37678950    1.54680178    1.61185030    1.68435428    1.48770721    1.39106444    1.39040746    1.72704895    1.21394785    1.53111653    1.30579111    1.34472778    1.21185374    1.24851760    0.94917897    1.02196174    0.77380752    0.00000000    0.73492747    0.77462472    0.84666464    0.93029417    0.77725034    0.65483732    0.78267947    1.57875331    1.57805648    1.65375152    1.70881676    2.65776923    2.21960927    1.96665066    2.26916213    2.11239733    1.86702012    1.91124470    1.95525763    2.12336281    2.24429564    2.01370751    1.98700539    2.31773937    2.05170866    2.06690861    2.16843490    1.94969053    1.89890185    1.97970408    1.84770646    1.83168709    1.66690046    1.89633275    1.91419323    1.91079581    2.06393593    1.89805099    1.96550484    1.80337190    1.89745804    1.65330248    1.76127316    1.75732015    1.71964219    1.62842152    1.54859842    1.72135078    2.00682355    1.54167515    1.56682003    1.41842556    1.55693113    1.53509493    1.83759299    1.55147646    1.96184784    2.15255832    1.93376438    1.66093095    2.11305722    2.06794553    1.72528183    1.92451949    2.03644509    1.13321120    1.86179112    1.67479537    1.66044482    1.54297110    1.61417760    1.74013277    1.51690465    1.78344505    1.66694617    1.66789391
B9SIQ2_RICCO/27-192     1.37950103    1.56804812    1.16466380    1.24578939    1.32963944    1.46800105    1.36976560    1.38601641    1.39849883    1.36987899    1.48070338    1.15716388    1.38170681    1.22408974    1.23987843    1.00658378    1.05989584    1.00717945    0.96843877    0.69406547    0.73492747    0.00000000    0.60907693    0.65766847    0.76691911    0.51082006    0.57595518    0.64524972    1.38372769    1.45903388    1.40916289    1.55944675    2.66032295    2.08317927    1.83804632    1.99621798    1.87427614    1.71310256    1.83247852    1.89414072    1.78498738    2.12394365    1.93587504    1.89987750    2.27256580    1.87301899    1.89974730    1.90891436    1.92269312    1.95937165    1.82310202    1.79128902    1.60671302    1.62211992    1.75572526    1.83218987    1.84659800    1.77498855    1.73426169    1.99176710    1.89573113    1.96703443    1.88055115    1.52707330    1.56883364    1.54668940    1.58204683    1.46086656    1.75435896    1.84084443    1.61625391    1.53509517    1.39146650    1.57720705    1.73840787    1.96985223    1.61577966    1.90229764    2.20772614    2.04166463    1.54858071    2.06157584    1.94867365    1.47130737    1.50255136    1.91271130    1.04818872    1.74667502    1.39935747    1.56639256    1.35010404    1.38475744    1.44843040    1.47334648    1.55520498    1.50876217    1.44556011
U5FHA6_POPTR/27-198     1.42343381    1.71970852    1.24784947    1.45324950    1.41150105    1.61518048    1.60217727    1.54966473    1.42250507    1.48545625    1.77160147    1.20865840    1.51159348    1.33765210    1.26698291    1.27164278    1.26659139    1.16861278    1.12291669    0.76087986    0.77462472    0.60907693    0.00000000    0.71503481    0.73972737    0.59691597    0.49829744    0.59560575    1.50419466    1.45198867    1.54472974    1.53536745    2.65817477    2.02729947    2.07633724    2.33642001    2.12638058    1.74259949    1.76623462    1.87440694    1.93131657    2.18007924    1.95722140    2.06123175    1.85499166    1.81824215    1.59833771    1.99982866    1.83257349    2.07417413    1.96496484    2.12072226    1.91235622    1.88204035    2.02693713    1.92320078    2.03634353    2.28435281    2.02283983    2.02374553    2.09845164    2.05586936    1.87502730    1.63312381    1.49024605    1.53469696    1.56041020    1.54064577    1.80872351    1.82588627    1.59703314    1.52983021    1.44014667    1.54467491    1.70529167    1.82762505    1.50853745    1.94530465    2.26063783    2.20709022    1.79207007    2.14035658    1.89725024    1.62235797    1.67642376    1.91494104    1.23472073    1.90711454    1.53401650    1.70820387    1.55265907    1.55825625    1.61147480    1.65098230    1.77986000    1.58747839    1.71550912
B9N9S5_POPTR/26-193     1.70060389    1.75578161    1.41258664    1.49920299    1.77995189    1.73964797    1.58325454    1.62626645    1.55971257    1.63169520    1.75915527    1.35092294    1.51998906    1.42235073    1.09414623    1.27839038    1.39325829    1.04427946    1.14280360    0.93199846    0.84666464    0.65766847    0.71503481    0.00000000    0.59120175    0.72389492    0.71196503    0.73516966    1.67304969    1.70520987    1.80051419    1.88235898    2.61609396    2.35035747    2.07218997    2.42024770    2.23760141    1.87075507    1.89679541    1.97147950    2.06217918    2.15200615    1.90721219    1.93052974    2.45605498    2.05711677    1.87230558    2.11291118    2.08755294    2.02123678    2.14705908    2.09496138    2.04758611    1.94471488    2.19437753    2.21549499    2.24996542    2.24543776    2.03252470    2.20941805    2.22921097    2.42224572    2.06832375    1.85018573    1.75151081    1.81586739    1.88262415    1.79275755    2.00288901    2.13519923    1.80742387    1.81184794    1.64531609    1.79373468    2.01564204    2.22095508    1.88141082    2.33727618    2.30887650    2.17166955    1.85095178    2.37313141    2.26134968    1.85779789    1.74772712    1.99919247    1.30765176    2.09469436    1.81157988    1.76390541    1.73883266    1.82441311    1.73449979    1.72447809    1.93067550    1.89948479    1.76822508
B9HEI0_POPTR/26-193     1.59295351    1.59046044    1.35422684    1.39173924    1.57911995    1.46906317    1.44369117    1.54384360    1.61119989    1.48943477    1.63088959    1.29148316    1.44005119    1.47977511    1.36934711    1.31314193    1.30555419    1.22100889    1.33644804    0.97253157    0.93029417    0.76691911    0.73972737    0.59120175    0.00000000    0.80728242    0.83903201    0.85675899    1.72404979    1.64585282    1.61360054    1.65528886    2.54270745    2.24148203    2.09538604    2.43402602    2.21642216    1.77800714    1.87099360    1.70693185    1.97164190    2.07477956    1.88174944    1.94350099    2.14061833    1.79114245    1.80403735    2.07234928    1.84175075    2.20027310    2.04651681    2.04774735    1.84637853    2.05147768    2.16440526    2.08957729    2.07244133    2.12926375    2.04386655    2.26251856    2.23448211    2.28614502    2.02482621    1.74400687    1.64739280    1.70051727    1.85536123    1.64927786    1.80409114    1.92485287    1.61631493    1.65567429    1.57712086    1.61390857    1.86007365    2.09233420    1.82477823    2.16721506    2.26930479    2.18252172    1.65987838    2.21582645    2.07752790    1.71418727    1.66455383    2.00202210    1.28337637    1.93881804    1.57897546    1.78173126    1.61278719    1.66529480    1.71345587    1.65412164    1.79208514    1.71290217    1.68118437
B9N8J2_POPTR/31-197     1.30470237    1.65782362    1.24108077    1.25914934    1.37797976    1.49069362    1.33334405    1.42586389    1.46239798    1.36737914    1.39269744    1.14710847    1.28806906    1.24394477    1.25205102    0.83637768    0.93173218    0.92497209    0.94468454    0.50405671    0.77725034    0.51082006    0.59691597    0.72389492    0.80728242    0.00000000    0.38125232    0.43028487    1.37443536    1.45153809    1.41377873    1.48714188    2.44594737    2.15644411    1.80147017    2.00739386    1.97076527    1.63044769    1.76968262    1.65474514    1.77979045    1.81472757    1.84706877    1.76249286    2.12514143    1.93599027    1.89329687    2.07097290    2.01361771    1.92218764    2.05569420    1.96774270    2.00402124    1.84181926    1.61916956    1.82766995    1.79092623    2.01409287    1.74064856    2.07591756    2.08511381    2.11340847    1.88337478    1.38654934    1.34668837    1.39429745    1.58737696    1.49058099    1.74149963    1.75353675    1.58671995    1.53256270    1.37564289    1.64425187    1.66598031    1.91972721    1.56786653    2.03559954    2.20115101    1.84498130    1.71138160    2.33027387    2.07925230    1.59264675    1.52406589    1.94350071    1.05846877    1.72521118    1.48420932    1.62694971    1.50365255    1.56569687    1.55350818    1.51914895    1.65967131    1.61719819    1.62896834
B9SIQ4_RICCO/26-191     1.43343706    1.63189862    1.16870021    1.31192203    1.50255739    1.56455233    1.55267695    1.47891654    1.32460861    1.31776413    1.49050146    1.07712284    1.25293906    1.30107992    1.24942598    0.94722652    1.15682325    1.01264700    0.99977985    0.63091470    0.65483732    0.57595518    0.49829744    0.71196503    0.83903201    0.38125232    0.00000000    0.27418933    1.45702627    1.46300160    1.44509133    1.63945292    2.76004130    2.33293370    1.91600217    2.13363504    1.91863676    1.79278283    1.82202383    1.89470574    1.93627132    2.09249670    1.97079093    1.98629752    1.97952144    1.71648785    1.91989676    1.98548345    1.72160203    2.11331814    1.73062079    1.73891559    1.62784825    1.64896383    1.69107709    1.72076269    1.66455959    1.78868238    1.70927428    1.81430275    1.70722101    1.81157157    1.67917045    1.42578556    1.46841824    1.47673162    1.50595961    1.54686602    1.77646178    1.80065855    1.60199936    1.58152220    1.39069065    1.62318770    1.57587084    1.83832661    1.51588218    1.97184685    2.04858958    1.87357286    1.71907835    2.07949747    1.94412087    1.65493505    1.56858887    1.78938924    1.07069451    1.77866677    1.45632753    1.58866540    1.60559493    1.60065543    1.65999809    1.56850413    1.57765419    1.57168018    1.71405112
B9SIQ3_RICCO/29-196     1.42931492    1.58562223    1.22343339    1.26672213    1.42949365    1.48329184    1.45029685    1.46347728    1.30719416    1.35193314    1.44351747    1.11970485    1.23058839    1.26659643    1.17195153    0.94240670    1.11843719    1.05004078    1.06983563    0.57807462    0.78267947    0.64524972    0.59560575    0.73516966    0.85675899    0.43028487    0.27418933    0.00000000    1.55939134    1.61948168    1.60646093    1.63645292    2.67898322    2.40249340    2.02856609    2.21836606    2.12682651    1.71660916    1.75725500    1.84916562    1.87765142    1.96467358    1.94445788    1.91536961    2.04191455    1.86810304    1.76991278    1.82383658    1.83161269    2.00074550    1.61180473    1.88056926    1.64926428    1.75963975    1.68504524    1.87959307    1.71473471    1.80230938    1.67905135    1.91434607    1.74566969    1.77469280    1.71399758    1.23423423    1.30946315    1.30597293    1.56402340    1.52585678    1.79306506    1.73347107    1.59076212    1.56950626    1.29351251    1.54095456    1.60695855    1.84574482    1.60217266    1.83984606    2.10341597    1.95267324    1.60937067    2.04602052    1.96813876    1.64877116    1.51218729    1.83863148    1.06411119    1.64998102    1.49084842    1.48803931    1.53896618    1.56854821    1.50431492    1.52057654    1.63306119    1.59235790    1.62958855
C5YCI1_SORBI/33-224     1.60868472    1.73437409    1.36265790    1.56739673    1.56834448    1.59972432    1.73953416    1.70699140    1.58408001    1.75489628    1.83734729    1.39732699    1.48144973    1.32779500    1.59092234    1.60293886    1.46980911    1.59880590    1.61049553    1.44310878    1.57875331    1.38372769    1.50419466    1.67304969    1.72404979    1.37443536    1.45702627    1.55939134    0.00000000    0.39000283    0.51027234    0.76477122    1.77335907    1.79387376    1.90288296    2.21869017    2.15989474    1.82239913    1.90009062    1.95534774    2.40311487    2.17220428    2.01523931    1.97920996    1.96892888    2.02486435    2.14774435    2.13065181    2.12131868    1.96211550    2.11546603    1.81825392    2.03572255    1.80753769    1.75642650    1.75932164    1.46493615    2.02097936    1.76162253    1.80829988    1.83089602    1.88314149    1.99214119    1.69897278    1.86380645    1.63761984    1.68816689    1.66283938    1.78806201    1.81225113    1.83745493    1.73499077    1.52973231    1.72337560    1.76103487    1.71931344    1.65855242    1.83716387    1.95867181    2.01643829    1.66918574    1.98985272    1.87949450    2.02235249    1.67691050    1.88744689    1.31267246    2.13225322    1.86692578    1.58470744    1.54561408    1.43812707    1.60415143    1.60551035    1.78718955    1.47606514    1.74961567
