67
D0P2Q4_PHYIT/18-102     0.00000000    0.96415966    0.88744312    1.03602018    1.10337054    1.21778326    1.06567821    1.09334681    1.20093845    1.27569303    1.10418589    0.95345412    1.39914413    1.23721131    1.40944459    1.29061790    1.32610162    1.09530551    1.24899028    1.36704782    1.53709212    1.60098264    2.44257452    2.16465542    2.41497598    3.37660135    3.42557866    2.14347391    2.48560493    2.39748002    2.09038059    2.63270506    2.15239577    3.43910027    2.84381092    2.27236613    2.76910747    1.72559554    1.86198471    1.79470840    1.68541149    1.49847115    1.68260260    1.68043191    1.81152422    1.71257367    1.90828343    1.33500264    1.76947674    1.41704963    1.77643680    1.97005527    1.43347488    1.51076493    1.64844489    2.51395139    1.76011903    1.95051421    1.74958995    2.46008384    1.43299762    1.76831708    1.59666619    2.40912683    2.28512033    1.62741657    1.67650783
RLA2_PIG/17-114     0.96415966    0.00000000    0.56228950    0.52309063    0.66819249    0.64534539    0.65956285    0.78927019    1.03344153    0.80521479    0.90167998    0.61638019    1.14115029    1.04070424    0.94560126    1.03672486    0.95781404    0.87656656    1.05757341    1.16159448    1.48868368    1.47665509    2.19245439    2.55399187    2.22209561    2.22397518    2.73015381    1.59456295    1.68594528    1.97504096    2.13333428    2.11604615    1.85936167    2.21724191    2.11184593    1.83672036    2.27805698    1.62966813    1.63874052    1.46402947    1.32957588    1.31503783    1.68802707    1.68167815    1.93550917    1.83258485    1.19306708    1.31049925    1.33832918    1.45175277    1.28280384    1.26568881    1.43611526    1.36688441    1.66515669    1.96497734    1.57368117    1.35231479    1.55272428    1.42029321    1.15349192    1.46470164    1.62668289    1.68400186    1.90923819    1.40304812    1.46968205
RLA2_SCHPO/17-109     0.88744312    0.56228950    0.00000000    0.48679035    0.70043813    0.65780813    0.65257115    0.76862024    1.10657614    0.74547965    0.85100795    0.78548808    0.94467315    1.21278288    1.05389163    0.92231434    0.90043402    0.85306183    0.81828802    0.93328072    1.38049819    1.44529085    1.94120549    1.88488563    1.85735204    2.09205608    2.59348147    1.68986018    1.87577137    1.76864558    1.58067536    1.99428331    1.50542535    1.92441941    1.89770820    1.70981981    2.33433372    1.60221638    1.82938274    1.73835785    1.36226625    1.15898252    1.70711880    1.46641557    1.75985571    1.49054823    1.15048821    1.18517859    1.29337929    1.29240602    1.04355359    1.25844245    1.23845931    1.21357531    1.32112809    2.05449264    1.57534389    1.58158388    1.71065984    1.37883304    1.25995531    1.49003757    1.57968707    1.34136482    1.72780195    1.41039697    1.20204069
A1C664_ASPCL/17-110     1.03602018    0.52309063    0.48679035    0.00000000    0.62736687    0.54377715    0.49119919    0.80540358    1.01816724    0.80198522    0.72445008    0.78145707    0.97762821    0.91780593    0.95911143    0.92002944    0.83886546    0.69818720    0.80653408    1.08812757    1.22929580    1.56013551    2.50965747    1.86917925    2.10841829    2.07606889    2.67565666    1.76402332    1.95025198    2.15175575    1.77295528    1.97936391    1.88757060    2.01420600    2.02393510    2.05315546    2.34420750    1.70366219    1.72750940    1.60622310    1.31190907    1.34983383    1.54792309    1.62172386    2.11958065    1.96778219    1.13735018    1.32088587    1.45713349    1.39108592    1.16944165    1.21710222    1.31705248    1.45652248    1.68818847    2.14356464    1.94211184    1.58396079    1.70757882    1.34482401    1.23437331    1.31430323    1.62404948    1.76482543    1.82274669    1.45941798    1.30390844
RLA4_YEAST/17-109     1.10337054    0.66819249    0.70043813    0.62736687    0.00000000    0.56570685    0.72916426    0.74418453    1.05267394    0.86026948    0.96386766    0.88629818    0.86730783    0.98403672    1.00886040    1.05478459    1.07555352    0.94137395    0.88219720    1.03058778    1.24059005    1.56639374    2.14963878    1.94199714    1.97849524    2.08273099    2.46055911    1.67087504    1.82147624    1.87526897    1.91023737    1.83773365    1.45103141    1.88305786    1.94357025    1.81561541    2.10045624    1.55588748    1.66698797    1.53642624    1.29456232    1.26723223    1.34480855    1.88951069    2.05988174    1.78199111    1.25977659    1.29879980    1.34862460    1.14693856    1.10027995    1.17259401    0.95752959    1.45220970    1.46294673    1.84789316    1.55738955    1.49123167    1.62273389    1.47309571    1.06638358    1.36916637    1.54398506    1.58266044    1.92762376    1.31409553    1.10558141
Q6CKV3_KLULA/16-105     1.21778326    0.64534539    0.65780813    0.54377715    0.56570685    0.00000000    0.41248908    0.89009786    1.08547812    0.93808857    0.84696586    0.80555021    0.97799027    0.94377734    0.87471149    0.76884950    0.99894709    0.83844737    0.82726041    1.01866240    1.37626738    1.31542568    1.86522780    1.80584963    1.99705661    1.97271003    2.31952553    1.69008091    1.90906349    1.85146901    1.75233804    1.76169597    1.73027776    1.86745831    2.04348595    1.72494748    2.11768543    1.38475587    1.70612174    1.63864920    1.18934454    1.29877184    1.31210027    1.46747486    1.86745718    1.71228128    1.13405905    1.13448418    1.21903319    1.29166958    1.10054088    1.08392041    1.18815813    1.37464449    1.48248095    1.87522242    1.46258123    1.22423784    1.39169539    1.39369679    1.05340359    1.23222920    1.59911097    1.78963068    1.85225100    1.37680209    1.16395652
A5E0C0_LODEL/17-109     1.06567821    0.65956285    0.65257115    0.49119919    0.72916426    0.41248908    0.00000000    0.77193468    1.19300582    0.81193895    0.74107100    0.89907260    1.04817711    0.94862681    1.15744656    0.80779329    1.01570415    0.86204070    0.81291562    1.02086865    1.32278823    1.45350604    2.26096004    1.89039918    2.19960237    1.96452180    2.35014555    1.88777750    1.86513351    2.13714034    1.95581141    1.83730224    1.74366458    2.01733901    1.99976078    1.75636687    2.36395067    1.53009318    1.95157973    1.87525168    1.22008077    1.38207442    1.35057057    1.67394327    2.01267075    1.75097637    1.16226843    1.26594735    1.20502715    1.26548503    1.19697015    1.16128108    1.23975908    1.42450123    1.31705892    1.89122002    1.83903288    1.52314157    1.67702228    1.50999750    0.97528113    1.22858517    1.66177914    2.02559662    1.93398661    1.29386467    1.07572102
Q6H764_ORYSJ/17-112     1.09334681    0.78927019    0.76862024    0.80540358    0.74418453    0.89009786    0.77193468    0.00000000    0.87994905    0.58561946    0.72361227    0.92929209    1.21976547    0.87963828    1.10547100    1.18136212    1.08774729    0.90896271    1.13756603    1.38035741    1.63414692    1.75562401    2.30112701    2.45593068    2.52926586    2.27168338    2.88280681    1.83918284    1.81540711    2.17843579    1.95104237    2.24833185    1.80551174    2.03533556    2.09744564    2.19585507    2.88378417    1.63079659    1.71010032    1.47774129    1.35241610    1.75324522    1.79807716    1.95074855    2.36596697    2.23155262    1.37356955    1.02347997    1.52122021    1.27341003    1.58062597    1.41963412    1.17382708    1.46823491    1.46983860    1.96134639    1.50666330    1.58437009    1.63007145    1.61513311    1.17592929    1.18501966    1.69335292    1.76971270    1.80101547    1.46137774    1.32106384
RLA25_ARATH/17-113     1.20093845    1.03344153    1.10657614    1.01816724    1.05267394    1.08547812    1.19300582    0.87994905    0.00000000    0.84540035    1.24932483    1.42056843    1.54633566    1.09423448    1.29265488    1.33205811    1.12046920    0.99803984    1.29713575    1.75515653    1.79805737    1.90159187    2.11893988    2.47048279    2.35526094    3.14686230    3.05214464    2.39701110    2.26292229    2.52061739    2.61339534    2.47318775    2.49120435    2.85619278    2.02593652    2.34127257    2.48110124    1.55374884    1.93581552    1.78150714    1.75205709    2.26222079    1.83364957    1.94336989    2.44392826    2.33342358    1.46775842    1.64197912    1.94590684    1.58064292    1.57751557    1.69544641    1.49123409    1.74402791    1.43620660    2.18682310    1.70094512    1.91861791    1.52233075    1.78944407    1.34218325    1.59661834    1.63379793    2.14926612    2.24613747    1.99440146    1.78550984
RLA21_ARATH/17-114     1.27569303    0.80521479    0.74547965    0.80198522    0.86026948    0.93808857    0.81193895    0.58561946    0.84540035    0.00000000    0.91513171    1.24789376    1.20050015    1.04882235    1.23512004    1.35029088    1.10809688    1.05389433    1.08797149    1.38309424    1.58090245    1.68867806    2.23324109    2.19832668    2.39400141    2.61606741    2.96264780    1.77591750    1.96381745    2.29567198    1.98126124    1.92468308    1.86364953    2.14472743    2.35695960    2.13058925    2.45820045    1.71131053    2.36153965    1.77563646    1.81870524    1.95018551    1.99848094    1.90290949    2.38447320    2.29920623    1.45975784    1.63213725    2.05542300    1.58061849    1.56364674    1.69144612    1.18520851    1.60990249    1.62619036    1.96555976    1.48217694    1.60737717    1.60538224    1.84352173    1.55102016    1.41078389    1.48060512    2.10727497    2.01824941    1.52341715    1.58636169
Q9U1X9_CAEEL/17-109     1.10418589    0.90167998    0.85100795    0.72445008    0.96386766    0.84696586    0.74107100    0.72361227    1.24932483    0.91513171    0.00000000    0.90421182    1.17822787    0.82203030    1.31213182    0.93148342    1.01038266    0.95024609    1.11911379    1.31666150    1.50649417    0.98135580    1.88617831    2.16116119    2.41649535    2.42983386    2.62831058    1.74799063    2.12742693    1.94272333    1.90780282    2.28333607    1.75855386    2.22101450    1.98030428    1.74106722    2.52689971    1.55901791    1.80074338    1.38430478    1.44922362    1.48896085    1.72349345    1.81731052    2.17697927    1.98861197    1.27226061    1.22703303    1.34022903    1.33633998    1.51959534    1.40385384    1.16263516    1.17431697    1.63290925    1.62507487    1.53613509    1.41822151    1.38090668    1.34768086    1.08590869    1.29817897    1.58079105    2.05926584    1.90744005    1.37197543    1.24821790
RLA2_CAEEL/17-106     0.95345412    0.61638019    0.78548808    0.78145707    0.88629818    0.80555021    0.89907260    0.92929209    1.42056843    1.24789376    0.90421182    0.00000000    1.12780878    0.95240163    1.09652127    1.01276507    0.92387177    1.01917667    1.09063300    1.42045978    1.44779432    1.17710897    2.16113999    2.35020293    1.98194012    2.21697988    2.65903631    1.47635354    2.03077393    2.06924520    1.76041573    2.43714384    1.86826054    2.78903820    2.33880652    1.93217088    2.80148179    1.62527031    1.98518069    1.50595233    1.50255398    1.79460263    1.81921315    1.55167456    1.80547637    1.76946949    1.44042842    1.22040450    1.39079625    1.38161798    1.48410144    1.36461741    1.39765955    1.44962270    1.56903274    1.99893465    1.60937442    1.41368796    1.42189620    1.66280523    1.23393600    1.42931824    1.67745488    1.38481669    1.78171487    1.45668442    1.19308672
Q7RKJ6_PLAYO/20-110     1.39914413    1.14115029    0.94467315    0.97762821    0.86730783    0.97799027    1.04817711    1.21976547    1.54633566    1.20050015    1.17822787    1.12780878    0.00000000    0.91488987    0.83086439    1.20627664    1.18045445    1.54825915    1.09035521    1.47423645    1.39396244    1.78343252    2.18258187    2.35031312    2.08806030    2.30846778    2.88105234    2.03809740    2.28979287    2.67121477    2.24704235    2.32708959    2.59526787    2.73848393    2.18012022    2.46764451    2.63986619    1.99520448    1.75103849    1.66804678    1.77285939    1.76679729    1.93695707    2.41935180    2.25003160    1.98919374    1.62621089    1.79416027    2.32321083    1.91378929    1.77411040    1.84662773    1.73588216    1.57607537    1.65858937    2.64368211    2.15531727    1.91969742    1.66446499    1.83053361    2.00962366    1.79342620    1.40380730    2.03986161    1.37444935    1.92452250    1.57652984
A7ANQ3_BABBO/19-111     1.23721131    1.04070424    1.21278288    0.91780593    0.98403672    0.94377734    0.94862681    0.87963828    1.09423448    1.04882235    0.82203030    0.95240163    0.91488987    0.00000000    0.74744662    1.23354974    1.18820925    1.08330626    1.41178190    1.48814861    1.22618945    1.46461493    2.16108576    2.57049877    2.41122622    2.43440151    3.03569095    2.07795392    2.05037613    2.47761744    2.49846600    2.19253968    2.44217303    2.68508143    2.37466458    2.34183990    2.60070023    1.52818263    1.86634321    1.26170669    1.47249768    1.77425808    1.63636045    1.74725901    2.19592373    2.03787630    1.57793425    1.59548371    1.79745597    1.49902495    1.79492893    1.74709848    1.35260456    1.74682952    1.83427498    2.10638583    2.10570903    1.55793235    1.58525338    1.93530629    1.36654112    0.74819789    1.50943398    2.03770824    1.85408953    1.69482201    1.49680746
Q4N5C0_THEPA/19-109     1.40944459    0.94560126    1.05389163    0.95911143    1.00886040    0.87471149    1.15744656    1.10547100    1.29265488    1.23512004    1.31213182    1.09652127    0.83086439    0.74744662    0.00000000    1.27145127    1.32359626    1.39174621    1.19537065    1.34351559    1.45569223    1.82103294    1.88833485    2.59851641    2.43762212    2.36628177    2.70048595    2.23947677    2.51655330    2.34949734    2.48464734    2.66759479    2.56912689    2.79336175    2.40718630    2.65682126    2.78117037    1.96771146    1.97804061    1.96349542    1.79989238    1.68964212    1.90092569    1.80620636    2.31059625    2.00332031    1.78116136    1.34923688    1.73794830    1.74762726    1.97510883    1.87331773    1.50218098    1.55906371    2.08021187    2.35028780    2.20915726    1.83714755    1.50447282    2.00298904    1.76390787    1.53225938    1.64629935    1.92265976    1.61508450    1.91030584    1.58928031
Q4CSS8_TRYCC/19-111     1.29061790    1.03672486    0.92231434    0.92002944    1.05478459    0.76884950    0.80779329    1.18136212    1.33205811    1.35029088    0.93148342    1.01276507    1.20627664    1.23354974    1.27145127    0.00000000    0.47626755    1.03810658    1.03036394    1.10635614    1.71133408    1.31224769    1.88204124    1.69705966    1.90507820    2.07365301    2.41560928    1.71251272    1.71048714    1.84152290    1.90962186    1.92834578    1.97045503    2.01240964    2.27065384    1.82856994    2.18182061    1.89259286    2.20014344    2.28903293    1.76224859    1.55099724    1.94641669    1.49929765    1.61236772    1.51265494    1.37638477    1.22979311    1.19211529    1.46692745    1.35415309    1.49392064    1.34062640    1.08956027    1.40145404    2.09874207    1.59405801    1.33231831    1.25331232    1.36516094    1.21405967    1.42337764    1.60019574    2.09701432    2.17578791    1.23807782    1.19661518
Q4QF62_LEIMA/18-110     1.32610162    0.95781404    0.90043402    0.83886546    1.07555352    0.99894709    1.01570415    1.08774729    1.12046920    1.10809688    1.01038266    0.92387177    1.18045445    1.18820925    1.32359626    0.47626755    0.00000000    0.99125557    0.91032710    1.08263253    1.57400749    1.44124445    2.31576868    1.93774740    1.90417851    2.27536120    2.34115397    1.61171972    1.55542694    1.99528133    1.62774281    2.15963286    1.89056122    1.97827901    2.37562224    1.76743952    2.10347369    2.04128880    2.56760482    1.97605679    1.66950894    1.58820229    1.87491112    1.49027061    1.94017735    1.73884244    1.27553787    1.14306712    1.55267426    1.69440243    1.65084591    1.32516621    1.30509942    1.34346651    1.68084668    2.08541905    1.54824389    1.47252426    1.66642393    1.57598204    1.33689803    1.47570031    1.40670891    1.63166512    1.79842742    1.41600256    1.16126263
RLA2_DICDI/15-105     1.09530551    0.87656656    0.85306183    0.69818720    0.94137395    0.83844737    0.86204070    0.90896271    0.99803984    1.05389433    0.95024609    1.01917667    1.54825915    1.08330626    1.39174621    1.03810658    0.99125557    0.00000000    0.92576926    0.95470702    1.31921019    1.55960994    2.39945299    1.70677108    1.94502503    2.10590697    2.37611316    1.61665120    1.73824332    1.71848867    1.78111447    1.84437667    1.51864327    2.02488796    1.72098608    1.44390913    2.26170594    1.60904293    2.16548248    1.67747193    1.36823715    1.29968344    1.62456829    1.37299044    1.72521207    1.72166791    1.12821546    1.18671413    1.37980365    1.25924459    1.18534571    1.33385096    1.28117479    1.49312331    1.45137642    1.81991578    1.51784367    1.36892437    1.67546465    1.25078301    0.76982973    1.11445196    1.37487773    2.01821185    2.05543524    1.28575372    1.22869807
RLA2_LEIBR/16-104     1.24899028    1.05757341    0.81828802    0.80653408    0.88219720    0.82726041    0.81291562    1.13756603    1.29713575    1.08797149    1.11911379    1.09063300    1.09035521    1.41178190    1.19537065    1.03036394    0.91032710    0.92576926    0.00000000    0.57238984    1.53407811    1.25604108    2.20498139    1.86824177    1.78556222    2.29259931    2.51926919    1.87150488    1.82825351    2.37146000    1.90961714    2.18499500    1.82615014    2.12032136    2.06105031    1.57967496    2.33470619    1.89226033    2.35156114    2.06028674    1.45084104    1.31734143    1.80322553    1.72104781    2.14613243    1.70556211    1.15972803    1.13724383    1.36455545    1.29753571    1.46147800    1.24779071    1.20429209    1.40169820    1.48220332    1.81980835    1.49232035    1.42169738    1.66638411    1.40476173    1.19883013    1.46878302    1.54506828    2.01628304    1.89187286    1.40461661    1.04706283
Q4CVQ4_TRYCC/17-106     1.36704782    1.16159448    0.93328072    1.08812757    1.03058778    1.01866240    1.02086865    1.38035741    1.75515653    1.38309424    1.31666150    1.42045978    1.47423645    1.48814861    1.34351559    1.10635614    1.08263253    0.95470702    0.57238984    0.00000000    1.91691297    1.84401852    2.29848942    1.60999225    1.76238771    2.30183204    2.22949266    2.03046963    1.65224300    1.95610663    1.95668982    1.87699162    1.64441982    2.35000874    2.35553640    1.64316508    2.08561835    1.89474789    2.41270928    2.24782826    1.28557686    1.12429849    1.60765943    1.60990828    2.10231912    1.77383708    1.38998240    1.29671034    1.33492750    1.27766344    1.39441561    1.40402518    1.33831272    1.40890591    1.44459016    2.37370035    2.03737686    1.60275040    1.93855305    1.56800352    1.12813771    1.59558444    1.51021509    2.64081607    2.15704461    1.65174505    1.41949331
A0DVJ7_PARTE/17-108     1.53709212    1.48868368    1.38049819    1.22929580    1.24059005    1.37626738    1.32278823    1.63414692    1.79805737    1.58090245    1.50649417    1.44779432    1.39396244    1.22618945    1.45569223    1.71133408    1.57400749    1.31921019    1.53407811    1.91691297    0.00000000    1.02792561    2.91245434    2.24842023    2.19840179    3.65775379    3.12686928    2.50382059    2.63218721    2.60022446    2.75158814    2.42498896    2.59513715    2.83463416    2.32929176    2.52624127    3.13913118    1.84281479    1.76288543    1.38366068    1.98602186    2.00816920    2.09692601    1.75399460    1.88661325    1.95279729    2.30384362    2.08630316    2.09919867    2.00473449    2.20769404    2.94580133    2.37466470    2.61740259    2.16885064    3.32176562    2.77742318    2.59959546    2.82541041    2.22765535    1.96997181    1.99493044    1.95945404    1.94585616    2.76646715    2.18091766    2.21635232
A0BPU8_PARTE/17-112     1.60098264    1.47665509    1.44529085    1.56013551    1.56639374    1.31542568    1.45350604    1.75562401    1.90159187    1.68867806    0.98135580    1.17710897    1.78343252    1.46461493    1.82103294    1.31224769    1.44124445    1.55960994    1.25604108    1.84401852    1.02792561    0.00000000    2.25785518    1.85508340    2.06885313    2.93904354    3.23418256    2.45811857    2.57536181    2.62763396    2.23116709    2.43087070    2.17755918    2.11979451    2.00239447    2.03209002    2.87789244    2.01657640    1.90456560    1.64629347    1.63029261    1.92150001    2.00165981    1.25148836    1.57910804    1.45559294    1.60621946    1.64245631    2.02854228    1.80667395    1.73204623    2.30265417    1.74218741    1.55100721    1.48925468    2.20133825    1.93847661    2.03718607    2.08199446    1.70504222    1.76590696    1.48859309    1.66606037    1.67454438    2.14371091    2.14238879    1.82709349
RL10_META3/237-338     2.44257452    2.19245439    1.94120549    2.50965747    2.14963878    1.86522780    2.26096004    2.30112701    2.11893988    2.23324109    1.88617831    2.16113999    2.18258187    2.16108576    1.88833485    1.88204124    2.31576868    2.39945299    2.20498139    2.29848942    2.91245434    2.25785518    0.00000000    2.14393964    2.05171498    2.21599909    2.09408595    2.20915119    2.32273035    2.13271012    2.65107138    2.48190359    2.52766956    2.88758653    2.39009641    2.41039024    2.21562930    1.86115711    1.58050281    1.81847921    1.76748996    1.88414733    1.80632640    2.43176059    2.63580693    2.46781241    2.08951816    2.58420771    3.10030984    2.09778031    2.01557912    2.28047712    2.38069177    2.11966718    2.33684431    2.30935477    2.44671508    2.51549782    2.15866711    2.31008572    2.18467083    2.62699391    2.23532856    2.03123847    2.32752541    2.23125182    1.79871018
Q4E3A4_TRYCC/238-323     2.16465542    2.55399187    1.88488563    1.86917925    1.94199714    1.80584963    1.89039918    2.45593068    2.47048279    2.19832668    2.16116119    2.35020293    2.35031312    2.57049877    2.59851641    1.69705966    1.93774740    1.70677108    1.86824177    1.60999225    2.24842023    1.85508340    2.14393964    0.00000000    0.67887013    1.61137447    1.82220301    1.28243343    1.14878087    1.31154180    1.43671995    1.39541412    1.35896057    1.23014795    1.53124854    1.20747059    1.38543082    3.29763303    3.75633117    3.45725970    2.32186550    2.39742984    3.04078288    2.55214661    3.55386187    3.38670602    2.58897554    2.04894373    2.07997123    2.21249371    1.83710922    2.99031743    2.29176861    2.26150132    1.87773253    3.02370553    2.48363711    2.98600622    2.68516910    2.44984045    2.41212114    2.73253869    2.77478480    3.31677046    2.75854915    2.58449022    2.60518491
E9ADB9_LEIMA/238-323     2.41497598    2.22209561    1.85735204    2.10841829    1.97849524    1.99705661    2.19960237    2.52926586    2.35526094    2.39400141    2.41649535    1.98194012    2.08806030    2.41122622    2.43762212    1.90507820    1.90417851    1.94502503    1.78556222    1.76238771    2.19840179    2.06885313    2.05171498    0.67887013    0.00000000    1.40536196    1.94465754    1.07828848    0.95679226    1.08003393    1.05994978    1.17401805    1.19534166    1.51051511    1.36841646    1.38071863    1.15606895    2.80807637    3.56581176    3.25935121    2.61403223    2.22144588    2.87666183    2.97999724    3.31994897    2.57755638    1.84006315    2.47668945    2.20839459    2.00873416    1.94075371    2.96243184    2.08050449    1.95294999    1.98837663    2.85168353    2.31460482    2.63441399    2.61199667    2.43622743    2.56419228    2.87816192    2.61772724    2.61032859    2.81993491    2.21346293    2.16156726
A7AQJ6_BABBO/232-311     3.37660135    2.22397518    2.09205608    2.07606889    2.08273099    1.97271003    1.96452180    2.27168338    3.14686230    2.61606741    2.42983386    2.21697988    2.30846778    2.43440151    2.36628177    2.07365301    2.27536120    2.10590697    2.29259931    2.30183204    3.65775379    2.93904354    2.21599909    1.61137447    1.40536196    0.00000000    0.99381279    1.05169648    1.03086795    1.01026930    0.99568600    1.02542126    0.92455021    1.20623901    1.40433014    1.08373736    1.04971367    2.90579631    3.59582902    3.16825235    2.67093631    2.33765915    2.26035382    4.64069703    3.48495026    3.41904673    2.15074025    2.36493453    2.25215703    1.89460734    1.97065205    2.09914566    2.65035186    2.45452733    2.81984694    3.35284194    2.56441516    3.42505305    2.81501799    2.74462202    2.23488274    2.52207899    2.62934018    2.47115739    2.75726365    2.12183696    1.98844641
Q8II61_PLAF7/232-315     3.42557866    2.73015381    2.59348147    2.67565666    2.46055911    2.31952553    2.35014555    2.88280681    3.05214464    2.96264780    2.62831058    2.65903631    2.88105234    3.03569095    2.70048595    2.41560928    2.34115397    2.37611316    2.51926919    2.22949266    3.12686928    3.23418256    2.09408595    1.82220301    1.94465754    0.99381279    0.00000000    1.19068920    1.19656678    0.97273848    1.14362203    1.21746578    1.21112921    1.26419764    1.35603706    1.00351916    0.95577765    2.32415611    2.49194005    1.86643000    2.02152767    3.09370224    2.59464076    3.13910574    3.53963634    2.97863224    2.22218528    2.39609130    2.42493966    2.14784965    1.99121239    2.15920806    2.39762501    2.59450680    2.48864630    2.97112848    2.20518212    2.43982190    2.26462873    2.18974486    2.23992172    2.86121197    2.67675001    2.44547363    2.85784335    2.11994886    2.40946665
A0A0D1DPN9_USTMA/230-312     2.14347391    1.59456295    1.68986018    1.76402332    1.67087504    1.69008091    1.88777750    1.83918284    2.39701110    1.77591750    1.74799063    1.47635354    2.03809740    2.07795392    2.23947677    1.71251272    1.61171972    1.61665120    1.87150488    2.03046963    2.50382059    2.45811857    2.20915119    1.28243343    1.07828848    1.05169648    1.19068920    0.00000000    0.31441185    0.46190518    0.68456752    0.77827323    0.65538486    0.82443703    0.84825653    0.56326748    0.63946124    2.82374632    3.52458807    2.57294538    3.38862401    2.77304767    3.23350432    3.17744159    2.58935436    2.73017222    1.67868608    1.64034860    2.19450031    1.70293949    1.67271570    1.83924755    1.70205101    2.18906966    2.17341324    2.37400006    1.88090050    1.67329349    1.92877588    1.99325816    1.80098241    2.38429450    2.04075821    2.07107619    2.36770747    1.54849383    1.87202848
Q5KEJ6_CRYNJ/229-311     2.48560493    1.68594528    1.87577137    1.95025198    1.82147624    1.90906349    1.86513351    1.81540711    2.26292229    1.96381745    2.12742693    2.03077393    2.28979287    2.05037613    2.51655330    1.71048714    1.55542694    1.73824332    1.82825351    1.65224300    2.63218721    2.57536181    2.32273035    1.14878087    0.95679226    1.03086795    1.19656678    0.31441185    0.00000000    0.47750164    0.81444633    0.66078178    0.67814327    0.81279962    0.88464412    0.60126601    0.58777733    2.87189761    3.18605205    2.60518436    2.24396425    2.48377267    3.23414343    3.32742971    2.88514365    2.84254392    1.67211814    1.54161670    1.91761300    1.87262423    1.64059562    1.81121104    1.72806745    2.28231510    2.06426544    2.56513623    2.16013355    1.95725359    2.30847998    1.97939590    1.81501141    2.24249082    2.10091368    1.94814119    2.11648219    1.64764403    2.03343424
Q6BKG1_DEBHA/229-309     2.39748002    1.97504096    1.76864558    2.15175575    1.87526897    1.85146901    2.13714034    2.17843579    2.52061739    2.29567198    1.94272333    2.06924520    2.67121477    2.47761744    2.34949734    1.84152290    1.99528133    1.71848867    2.37146000    1.95610663    2.60022446    2.62763396    2.13271012    1.31154180    1.08003393    1.01026930    0.97273848    0.46190518    0.47750164    0.00000000    0.51719715    0.48929286    0.46302431    0.87436576    0.87175402    0.57293930    0.47567654    2.69637386    3.58996001    2.70615723    2.99456054    2.84356362    3.32756601    3.05472159    3.06738220    2.86747600    1.97721355    1.77260516    1.96242039    2.04182715    1.53930179    2.46038566    2.25965378    1.96911366    2.20315913    2.35689816    1.85228611    1.89987829    2.11525049    1.89526970    1.75642094    2.57819208    2.36973671    2.11871571    2.74119835    1.71726433    2.19907719
Q6FTP0_CANGA/229-310     2.09038059    2.13333428    1.58067536    1.77295528    1.91023737    1.75233804    1.95581141    1.95104237    2.61339534    1.98126124    1.90780282    1.76041573    2.24704235    2.49846600    2.48464734    1.90962186    1.62774281    1.78111447    1.90961714    1.95668982    2.75158814    2.23116709    2.65107138    1.43671995    1.05994978    0.99568600    1.14362203    0.68456752    0.81444633    0.51719715    0.00000000    0.55404344    0.45464426    1.04839092    1.08682503    0.90465285    0.87264320    2.53869046    4.18313423    2.81163016    3.08922571    2.96777937    2.98741277    2.92439032    3.27910990    3.17806558    2.04941979    1.71914853    2.30312529    1.92699339    1.93164453    2.70552471    2.34547049    2.05342238    2.12409354    2.82894553    1.92265945    2.53582808    2.78948433    2.31944329    2.22559103    2.76121774    2.34965367    2.26037024    2.72057214    1.87194617    2.03893914
Q0TZB5_PHANO/229-315     2.63270506    2.11604615    1.99428331    1.97936391    1.83773365    1.76169597    1.83730224    2.24833185    2.47318775    1.92468308    2.28333607    2.43714384    2.32708959    2.19253968    2.66759479    1.92834578    2.15963286    1.84437667    2.18499500    1.87699162    2.42498896    2.43087070    2.48190359    1.39541412    1.17401805    1.02542126    1.21746578    0.77827323    0.66078178    0.48929286    0.55404344    0.00000000    0.40766856    1.22297096    1.17396722    0.90894707    0.59924522    2.55399476    3.60522447    2.85909826    2.92305153    3.14992761    3.10088538    3.30978591    3.57349710    3.52089175    1.89195166    2.05823264    2.07603444    1.92587524    1.68020326    2.05242187    2.04346305    2.34144713    2.67084963    3.35677408    1.98139393    2.33339992    2.74037697    2.60028025    2.03965309    2.38610206    2.29235902    2.90309422    2.65113633    1.99557841    2.19362344
Q5B9P6_EMENI/229-311     2.15239577    1.85936167    1.50542535    1.88757060    1.45103141    1.73027776    1.74366458    1.80551174    2.49120435    1.86364953    1.75855386    1.86826054    2.59526787    2.44217303    2.56912689    1.97045503    1.89056122    1.51864327    1.82615014    1.64441982    2.59513715    2.17755918    2.52766956    1.35896057    1.19534166    0.92455021    1.21112921    0.65538486    0.67814327    0.46302431    0.45464426    0.40766856    0.00000000    0.89340824    0.87099724    0.49943818    0.64923751    2.88046281    3.90610959    3.65303988    2.98448272    1.91535392    2.79190866    3.11796773    3.05848907    2.94024327    1.88784096    1.85492144    2.01658869    1.58457444    1.54089409    1.91224370    1.66061836    1.81830425    1.82383863    2.99483920    1.64551086    2.05754798    2.54003422    2.02641626    1.53233482    2.63369072    2.24091504    2.45362416    2.65280176    1.59148983    2.02117982
RLA01_ARATH/234-316     3.43910027    2.21724191    1.92441941    2.01420600    1.88305786    1.86745831    2.01733901    2.03533556    2.85619278    2.14472743    2.22101450    2.78903820    2.73848393    2.68508143    2.79336175    2.01240964    1.97827901    2.02488796    2.12032136    2.35000874    2.83463416    2.11979451    2.88758653    1.23014795    1.51051511    1.20623901    1.26419764    0.82443703    0.81279962    0.87436576    1.04839092    1.22297096    0.89340824    0.00000000    0.57556933    0.71785148    0.83281576    3.05731159    3.55378755    3.46827530    3.39882087    3.12045505    4.17555532    3.38300608    3.02449869    2.93767965    2.44356290    2.06812641    2.51795848    2.05133110    2.18854493    2.67040725    2.17309243    2.88181331    2.41752511    3.46395014    2.36041109    3.00528077    2.84753936    2.92438466    2.78231868    2.57594090    3.30289311    2.42506447    3.48452219    2.63866355    2.67564423
A0A0E0BEZ8_9ORYZ/234-319     2.84381092    2.11184593    1.89770820    2.02393510    1.94357025    2.04348595    1.99976078    2.09744564    2.02593652    2.35695960    1.98030428    2.33880652    2.18012022    2.37466458    2.40718630    2.27065384    2.37562224    1.72098608    2.06105031    2.35553640    2.32929176    2.00239447    2.39009641    1.53124854    1.36841646    1.40433014    1.35603706    0.84825653    0.88464412    0.87175402    1.08682503    1.17396722    0.87099724    0.57556933    0.00000000    0.73080317    0.89213690    2.37549506    2.84087554    2.50428474    3.12886721    2.99003644    3.15928725    3.08519890    2.71537481    2.26054247    1.87181753    2.94591556    2.51275548    1.69705946    1.78795927    2.34287430    2.13778901    2.97725026    1.89800573    3.12145474    2.45589242    2.89919219    2.35320459    1.56387338    1.85879995    2.44713680    2.26111791    2.03881090    2.47923627    1.98686727    2.47136642
RLA0_MOUSE/231-316     2.27236613    1.83672036    1.70981981    2.05315546    1.81561541    1.72494748    1.75636687    2.19585507    2.34127257    2.13058925    1.74106722    1.93217088    2.46764451    2.34183990    2.65682126    1.82856994    1.76743952    1.44390913    1.57967496    1.64316508    2.52624127    2.03209002    2.41039024    1.20747059    1.38071863    1.08373736    1.00351916    0.56326748    0.60126601    0.57293930    0.90465285    0.90894707    0.49943818    0.71785148    0.73080317    0.00000000    0.54020133    2.83371689    3.74640415    3.78947199    3.02529041    2.53595443    3.79553471    3.02605308    2.71102030    2.41805041    1.89078053    1.65728880    2.10694991    2.04939755    1.95253492    2.08932519    1.93991354    2.14388071    2.10548754    2.66309490    2.00610250    1.71711341    2.33696873    1.94636046    1.48453340    2.25267332    2.25393283    2.30372448    2.36771526    1.59849882    1.94724677
A4SAM0_OSTLU/232-312     2.76910747    2.27805698    2.33433372    2.34420750    2.10045624    2.11768543    2.36395067    2.88378417    2.48110124    2.45820045    2.52689971    2.80148179    2.63986619    2.60070023    2.78117037    2.18182061    2.10347369    2.26170594    2.33470619    2.08561835    3.13913118    2.87789244    2.21562930    1.38543082    1.15606895    1.04971367    0.95577765    0.63946124    0.58777733    0.47567654    0.87264320    0.59924522    0.64923751    0.83281576    0.89213690    0.54020133    0.00000000    3.30455986    4.15184619    3.92170299    3.45594796    3.47008225    4.19610570    4.01974008    3.68013305    3.40499785    1.94176864    2.15471278    2.21968503    2.40744835    1.87579605    2.25846888    2.02833645    2.02657484    2.26851473    3.64740262    1.94880650    2.30944567    2.45380253    2.40516240    2.38705301    2.40642193    2.28673717    2.04429504    2.98880950    2.19380330    2.70871012
A1RYJ9_THEPD/16-106     1.72559554    1.62966813    1.60221638    1.70366219    1.55588748    1.38475587    1.53009318    1.63079659    1.55374884    1.71131053    1.55901791    1.62527031    1.99520448    1.52818263    1.96771146    1.89259286    2.04128880    1.60904293    1.89226033    1.89474789    1.84281479    2.01657640    1.86115711    3.29763303    2.80807637    2.90579631    2.32415611    2.82374632    2.87189761    2.69637386    2.53869046    2.55399476    2.88046281    3.05731159    2.37549506    2.83371689    3.30455986    0.00000000    0.87413083    0.65764226    0.99239186    0.99146564    0.98864447    2.18260694    2.09921753    1.84839186    1.62907223    1.50506202    1.79438171    1.68918957    1.71334620    1.82453660    1.64547977    1.51683749    1.60862378    1.92056369    1.66888636    1.65765170    1.46702009    1.35151620    1.43096677    1.44403740    1.84293549    2.33080412    2.25477870    1.60113487    1.78199138
Q9HL72_THEAC/16-105     1.86198471    1.63874052    1.82938274    1.72750940    1.66698797    1.70612174    1.95157973    1.71010032    1.93581552    2.36153965    1.80074338    1.98518069    1.75103849    1.86634321    1.97804061    2.20014344    2.56760482    2.16548248    2.35156114    2.41270928    1.76288543    1.90456560    1.58050281    3.75633117    3.56581176    3.59582902    2.49194005    3.52458807    3.18605205    3.58996001    4.18313423    3.60522447    3.90610959    3.55378755    2.84087554    3.74640415    4.15184619    0.87413083    0.00000000    0.57164078    1.01149931    1.16483342    1.14495220    2.78519932    1.41898999    1.71381241    1.90165975    1.83018307    1.85534434    1.98109976    1.85160929    2.21543462    2.19710667    1.93104945    2.23495705    2.61807127    2.34350618    2.01235850    1.86765287    1.65593540    2.16194743    1.98426438    2.08905202    2.29513281    2.12526390    2.31516528    2.32435057
Q6L1X7_PICTO/16-100     1.79470840    1.46402947    1.73835785    1.60622310    1.53642624    1.63864920    1.87525168    1.47774129    1.78150714    1.77563646    1.38430478    1.50595233    1.66804678    1.26170669    1.96349542    2.28903293    1.97605679    1.67747193    2.06028674    2.24782826    1.38366068    1.64629347    1.81847921    3.45725970    3.25935121    3.16825235    1.86643000    2.57294538    2.60518436    2.70615723    2.81163016    2.85909826    3.65303988    3.46827530    2.50428474    3.78947199    3.92170299    0.65764226    0.57164078    0.00000000    0.82158078    1.21085628    1.26554955    1.82754106    1.86686908    2.00296774    1.55684015    1.60491469    1.92833908    1.81945495    1.78082692    1.86179819    1.81535372    1.65964087    1.75685877    1.71178097    1.64366887    1.48458538    1.71527736    1.35396834    1.57352306    1.48829528    1.84123024    1.69843412    2.22201932    2.13164690    1.83856141
A0B920_METTP/16-104     1.68541149    1.32957588    1.36226625    1.31190907    1.29456232    1.18934454    1.22008077    1.35241610    1.75205709    1.81870524    1.44922362    1.50255398    1.77285939    1.47249768    1.79989238    1.76224859    1.66950894    1.36823715    1.45084104    1.28557686    1.98602186    1.63029261    1.76748996    2.32186550    2.61403223    2.67093631    2.02152767    3.38862401    2.24396425    2.99456054    3.08922571    2.92305153    2.98448272    3.39882087    3.12886721    3.02529041    3.45594796    0.99239186    1.01149931    0.82158078    0.00000000    0.83206213    0.96625094    1.60210852    2.07441193    2.10875123    1.36943634    1.39840967    1.55591996    1.59304039    1.68092169    1.78986129    1.67722298    1.67684723    1.79808942    2.25539216    2.00490635    1.72465203    1.84899022    1.59403392    1.36520238    1.60789679    1.61940168    2.20331724    2.11326459    1.76322065    1.55899910
