53
A8ZSU7_DESOH/195-276     0.00000000    2.79428634    2.89604478    3.97804345    2.42236296    2.53721973    2.83082154    2.27525243    3.40335048    4.79144768    2.68560791    3.12687730    4.00710053    2.80798709    2.48965715    2.50790075    2.79853730    3.07078946    2.65609782    3.90154362    3.16752136    3.11975057    2.63952219    3.16365929    2.86411978    4.19336575    3.81443056    3.11775220    3.54830469    3.12535524    3.06503645    4.24127477    2.65784863    3.51243450    2.28936187    3.05897544    2.99782133    3.37240505    2.98961172    3.42966491    3.31044724    2.96316445    4.36443788    3.57715926    4.20931409    3.30077366    4.09638953    3.17850078    2.76587788    2.52485465    2.41216316    2.88957686    3.00560418
A4VQ99_PSEU5/49-133     2.79428634    0.00000000    2.18389758    2.96052334    2.65239459    3.26492394    3.80093792    2.98404304    3.10780496    3.21603186    2.79156802    3.68623330    3.89479942    2.98816121    2.75756704    2.74144276    3.05242908    3.62748727    2.66630712    4.13894575    3.88945916    3.39040950    3.34385467    3.27435331    3.05311879    3.91436023    2.71850783    3.65663671    2.81781328    2.73914325    3.31960895    2.87213650    2.78321604    3.77987344    3.62407254    3.21340743    3.60722614    2.76450502    2.79134722    2.62628050    2.98896272    3.17160516    3.41247579    2.16666907    3.06806366    3.14562451    3.71923162    4.16447946    3.03223748    2.36428714    2.59232127    2.40462534    3.08108346
A5G2Z9_ACICJ/97-183     2.89604478    2.18389758    0.00000000    3.48408823    2.83470539    2.71713539    3.16244383    2.99630612    2.94843657    3.56725545    2.09554890    3.20597809    4.08462080    3.07852971    3.39144459    4.24316250    2.61271981    3.37388893    2.87419099    3.03321637    3.17873330    3.78954827    2.60883633    3.20654082    3.09046530    3.19749112    2.99472909    3.72730355    3.34519986    3.39275927    3.10771671    2.83179176    3.37986216    3.01775497    2.59146941    2.89930697    2.57867467    2.88351633    3.43073077    2.59637073    3.13121403    2.68419350    3.61464909    3.29319294    3.29136773    3.25920493    3.41928270    2.85717183    3.09626791    2.87334328    2.78637354    2.60932729    2.77859310
A5K1I5_PLAVS/17-115     3.97804345    2.96052334    3.48408823    0.00000000    2.83721642    2.55437103    2.96829200    3.84132600    5.00649570    3.08361592    3.03521096    3.60051365    4.07024363    3.17070457    4.08957107    4.19321460    3.06466241    3.84515898    3.34013585    4.28395843    4.39446187    4.07236556    3.44910727    3.12362902    3.02897447    3.04541486    3.05370856    4.00034532    2.43863356    2.67389992    3.39464723    2.96388338    3.48101314    3.81313274    3.94434867    3.81282681    3.48838042    3.55834729    3.80453369    3.04916133    4.22874165    3.25181575    3.46387380    3.74454528    2.60348574    2.63737076    3.52135921    3.54562329    3.90051253    2.90385821    3.31718123    3.11651778    3.98258983
Q6LKC1_PHOPR/276-367     2.42236296    2.65239459    2.83470539    2.83721642    0.00000000    1.38247359    3.61429034    3.68760736    3.45621824    4.81340620    2.30500379    3.18508681    3.38395768    2.68118441    4.00237560    4.07715584    3.13597520    3.35369529    2.92779929    2.83963654    3.17236635    2.96062523    4.24742716    3.39762247    3.04062877    3.09930197    3.51986941    2.43995245    2.42378266    2.44371425    3.21579662    3.57814509    3.24966816    4.34217665    3.75311142    3.43608290    2.73298966    3.53981270    3.10419525    2.65001109    3.19431697    2.56031303    3.32436805    3.84102701    3.95539379    3.79609937    3.90475918    3.37213274    3.11919738    2.19197406    2.75310054    2.97485898    3.08110632
Q02BQ9_SOLUE/215-307     2.53721973    3.26492394    2.71713539    2.55437103    1.38247359    0.00000000    3.31399347    3.36283205    3.60101688    3.33526417    2.39681549    3.18254442    3.25897200    2.73866256    2.86942269    3.37155907    2.80300739    2.59476007    2.61130290    3.27872609    2.67886782    3.07555413    4.19111609    2.94957011    3.09185170    3.44627772    3.91242262    3.19401188    2.72029433    2.79334388    2.56952150    3.88655455    3.44895081    3.81826035    3.23767266    2.52044820    2.93827974    3.05197679    3.10492734    2.81937983    3.58844805    2.70862666    3.18169947    4.36987111    4.42378051    3.30333453    3.61025515    2.96941048    2.92448955    2.28788973    2.69794299    2.68362974    2.83087178
Q0P9A3_CAMJE/19-100     2.83082154    3.80093792    3.16244383    2.96829200    3.61429034    3.31399347    0.00000000    1.81439876    2.29041178    2.62661047    1.93183812    2.53364721    2.05106839    2.46887755    3.23002301    2.43188658    3.83455421    2.85527279    3.27522429    2.95240191    4.16168284    2.55096084    3.89549831    3.35293194    3.71157310    2.67863899    4.17324915    3.80011622    3.28392544    2.52159150    2.39664162    2.93911079    2.63037671    2.03774478    3.15270456    2.96621823    2.62349304    2.72728355    2.99743643    2.61874654    3.19757029    2.20409070    3.09873742    2.60350169    3.39281607    3.40686508    3.73099235    2.96946106    3.38220055    2.96693715    2.23261153    2.53410783    2.82257376
O67504_AQUAE/17-104     2.27525243    2.98404304    2.99630612    3.84132600    3.68760736    3.36283205    1.81439876    0.00000000    1.85392712    4.72247860    1.98338089    2.40324174    1.78716483    2.36635374    2.84180663    2.25290953    2.63072074    4.02561816    3.53640627    3.67615911    3.04012166    3.44555763    3.43904663    2.62205364    2.65581356    3.59071695    2.89714192    3.47812848    3.12829562    2.17599407    2.93002458    2.70083423    4.08330181    3.20584681    3.54503295    2.48477233    2.64939145    3.34413906    2.75432913    3.57103272    4.24360585    2.62508961    2.72227969    2.85671012    3.16123873    3.38686087    3.64806680    2.04512145    2.69254008    2.80639316    2.74397424    2.88846663    2.95995892
A0A6N4SNJ8_CYTH3/38-121     3.40335048    3.10780496    2.94843657    5.00649570    3.45621824    3.60101688    2.29041178    1.85392712    0.00000000    3.62714536    2.25464765    3.07779766    3.39920069    3.17327831    2.79375660    2.67553346    2.32877721    3.34489852    4.43495363    2.52613899    4.23637328    3.20917254    4.19721374    3.80856596    4.55817681    4.53406212    4.00846993    3.88608572    4.27507969    3.13233785    3.54974399    3.49586910    4.23448722    3.44551433    3.17763681    3.09774957    2.99409292    2.98223450    3.35561196    2.36231403    2.99262355    2.24931217    3.53409130    2.82113229    3.80680547    3.93137012    3.29696211    2.41732214    2.76096214    2.73414109    2.96129260    2.98103948    2.96063741
Q0PC89_CAMJE/202-287     4.79144768    3.21603186    3.56725545    3.08361592    4.81340620    3.33526417    2.62661047    4.72247860    3.62714536    0.00000000    2.15851092    2.53875756    2.96000555    3.16515862    2.93207602    3.89398778    4.14144294    2.66120409    3.27733863    3.22554152    3.01854898    3.24943219    3.91214719    3.88491914    3.89855780    2.58894266    3.52409132    3.58126188    3.50005769    2.61497586    3.09032290    3.96839632    2.99995865    3.73673742    3.80672907    3.22880478    2.95599937    2.81578410    2.78665103    2.64042014    3.33842493    3.68253896    3.73763804    2.31274453    3.37823359    3.15339642    3.66319410    2.97129846    3.51882205    2.39573624    3.08737314    2.66402334    3.36834325
Q820S2_NITEU/123-211     2.68560791    2.79156802    2.09554890    3.03521096    2.30500379    2.39681549    1.93183812    1.98338089    2.25464765    2.15851092    0.00000000    1.85954067    1.95525404    1.75805300    2.74775626    3.02592990    2.33630664    2.14714718    2.28843562    2.32882562    2.48772187    2.48349182    1.98624893    2.40865809    2.92756323    2.16335653    2.45376722    2.74307371    2.68272988    2.47209154    2.50615750    2.44152744    2.97230934    2.48545807    3.20566315    2.36295911    2.74912919    2.09421100    2.45241672    2.28939835    2.51072586    2.37547736    3.39364448    2.86940927    2.80719835    2.79417718    3.14820521    2.58708325    2.81193994    2.37375687    2.24288255    2.63129836    2.18824070
A1VKK0_POLNA/125-213     3.12687730    3.68623330    3.20597809    3.60051365    3.18508681    3.18254442    2.53364721    2.40324174    3.07779766    2.53875756    1.85954067    0.00000000    1.46789407    2.73983211    2.77146942    3.18649575    3.21797233    3.22389442    3.14766204    4.80993912    3.48426111    4.17250812    3.92924421    2.80798045    3.80320544    3.04597385    4.15174355    3.96465803    4.10364698    3.42280060    2.75332738    4.25066701    3.90681693    3.43501325    4.25415566    3.32880425    3.52803733    3.26549781    3.20593700    3.47664005    2.97331100    3.26589290    3.97777738    3.60172603    3.95334489    2.80729108    4.80671282    3.37931494    2.88836040    3.02923318    2.49520545    3.91350401    3.33983257
Q7VG08_HELHP/17-100     4.00710053    3.89479942    4.08462080    4.07024363    3.38395768    3.25897200    2.05106839    1.78716483    3.39920069    2.96000555    1.95525404    1.46789407    0.00000000    2.33500714    4.27150701    3.42183693    4.36534098    3.56355749    3.27099493    2.88059501    2.94153185    3.12316993    3.44140831    2.76117535    3.31392305    3.44682667    3.60358391    3.08178628    3.28986579    3.73064315    2.71342197    3.88249048    2.85507353    2.64909162    3.42290003    3.05531302    3.33496698    3.07051850    2.98268990    3.45481638    3.62279303    2.26450185    3.77072605    3.27383447    3.10884997    2.85185456    3.24653133    2.93455181    3.66470380    3.02182193    2.29338090    3.05862818    3.01747492
Q7MS08_WOLSU/78-158     2.80798709    2.98816121    3.07852971    3.17070457    2.68118441    2.73866256    2.46887755    2.36635374    3.17327831    3.16515862    1.75805300    2.73983211    2.33500714    0.00000000    2.54744369    3.46739895    2.12222971    3.10846408    3.66646307    4.17141545    3.45058948    3.71058091    3.86561206    3.06144822    2.63813975    3.23583327    3.28482466    3.82043374    2.82337694    2.37939958    3.08358136    2.83178590    3.08599769    2.87923150    3.19505089    2.92846532    2.46261306    3.02180626    2.73217428    2.63000855    2.91945841    2.97139756    3.12470025    3.11642775    2.62070818    2.94024331    4.11511317    3.82390031    3.51429945    2.64851286    2.71294706    2.88251202    2.65467740
A1BJ75_CHLPD/29-111     2.48965715    2.75756704    3.39144459    4.08957107    4.00237560    2.86942269    3.23002301    2.84180663    2.79375660    2.93207602    2.74775626    2.77146942    4.27150701    2.54744369    0.00000000    1.14423438    2.13723040    3.38250635    3.73196369    3.61138638    3.46802436    4.74835656    2.89396013    2.71041875    2.71167753    3.41066639    3.58688036    2.84004386    3.34202335    2.44216207    2.62092635    2.92328974    3.47717564    4.00746338    3.66120540    2.51897606    2.90301078    3.60899893    2.96633220    2.92859224    3.40466071    3.15347233    3.18279051    3.33597167    3.76017537    3.28697722    3.19684862    2.83718737    3.91726053    3.18908830    2.27507367    2.47033202    3.06687448
Q8PDT1_XANCP/89-171     2.50790075    2.74144276    4.24316250    4.19321460    4.07715584    3.37155907    2.43188658    2.25290953    2.67553346    3.89398778    3.02592990    3.18649575    3.42183693    3.46739895    1.14423438    0.00000000    2.59742971    3.59263388    3.44295127    3.22384585    3.63829304    4.29301046    3.49043958    3.37151059    3.05866562    4.05065772    3.33400326    3.46087274    3.76429826    2.38194215    3.01096902    3.49373730    3.69326287    3.79261491    4.65673007    3.21030168    4.12522681    4.29144620    3.55399658    4.00700349    3.53299919    3.32967659    2.84026108    3.01176576    4.23106917    4.41283433    3.49264162    3.44445342    3.95042529    3.76689542    2.16088825    2.90277919    3.79527847
Q5LL42_RUEPO/110-197     2.79853730    3.05242908    2.61271981    3.06466241    3.13597520    2.80300739    3.83455421    2.63072074    2.32877721    4.14144294    2.33630664    3.21797233    4.36534098    2.12222971    2.13723040    2.59742971    0.00000000    4.86928432    3.48316353    4.60995472    2.93177955    4.38454259    3.55718745    3.06227192    2.68199149    3.60192834    3.25812497    3.55450306    3.42267868    2.17875743    3.81984410    2.62093269    3.77071887    3.79835093    4.27453690    3.61502352    3.91830532    3.15188758    3.59980812    2.90901092    2.61215884    3.11005604    3.51171259    4.58987816    3.65391818    2.74836372    3.96288074    3.65127025    3.52619250    2.80450425    3.48148830    3.00951357    3.16511753
Q31FA6_HYDCU/38-130     3.07078946    3.62748727    3.37388893    3.84515898    3.35369529    2.59476007    2.85527279    4.02561816    3.34489852    2.66120409    2.14714718    3.22389442    3.56355749    3.10846408    3.38250635    3.59263388    4.86928432    0.00000000    3.20801548    3.36731691    2.84906871    3.55361841    2.96261118    2.79285259    2.84398255    2.67455810    3.73783038    2.50229779    3.70740516    2.83105069    2.54700432    4.57140918    2.54971245    2.71220179    3.48913290    3.21723179    2.37373937    3.98861339    2.54575526    3.60344560    4.33961297    2.87588992    4.12223905    4.25379802    4.60952309    3.29601706    3.78855790    3.08281606    3.13728125    2.92011410    3.41413079    3.21599578    2.58729457
Q9HVH2_PSEAE/300-386     2.65609782    2.66630712    2.87419099    3.34013585    2.92779929    2.61130290    3.27522429    3.53640627    4.43495363    3.27733863    2.28843562    3.14766204    3.27099493    3.66646307    3.73196369    3.44295127    3.48316353    3.20801548    0.00000000    3.59573224    2.93754219    3.34570738    2.67553460    2.91697573    2.44757262    2.59221219    2.75756192    2.59043247    2.43778792    2.92458423    2.96724870    3.54555389    2.37950061    3.12302626    3.33218518    3.06815660    3.19067470    3.48118332    3.38679040    3.12801678    3.30663481    3.40390218    3.55663627    3.69206826    3.78222594    2.66425708    4.32148453    3.28779426    3.07428135    2.67447040    2.67814281    2.83330508    3.17309405
Q8XPY3_RALSO/395-482     3.90154362    4.13894575    3.03321637    4.28395843    2.83963654    3.27872609    2.95240191    3.67615911    2.52613899    3.22554152    2.32882562    4.80993912    2.88059501    4.17141545    3.61138638    3.22384585    4.60995472    3.36731691    3.59573224    0.00000000    2.60679331    2.95472691    3.09818396    2.90006220    2.60155038    2.70406265    2.23750801    2.62068591    3.13811055    3.58422249    2.83806178    3.86969028    3.56080884    3.55451249    3.70040692    2.70548267    2.76884576    2.99193974    3.70407330    3.28172706    4.35257893    3.08382660    3.92426641    3.90207923    2.95056045    3.04996416    3.29857661    3.13378400    3.40137845    2.95531862    3.12795444    3.10991573    3.10376950
Q88K14_PSEPK/301-386     3.16752136    3.88945916    3.17873330    4.39446187    3.17236635    2.67886782    4.16168284    3.04012166    4.23637328    3.01854898    2.48772187    3.48426111    2.94153185    3.45058948    3.46802436    3.63829304    2.93177955    2.84906871    2.93754219    2.60679331    0.00000000    1.97856405    3.21042697    2.89709464    2.39003390    2.88759495    3.29238024    2.70732689    2.84992779    3.31608143    3.13749581    4.23220716    3.10645006    2.60759559    3.87221555    2.51889905    2.83922410    3.02689926    3.13430932    2.94658027    4.34517059    2.85861400    4.67214186    4.33485621    3.15079235    3.18793252    3.50733249    2.92613249    3.12710216    2.75588168    3.48028267    3.03227484    3.14556372
A1SVU2_PSYIN/325-409     3.11975057    3.39040950    3.78954827    4.07236556    2.96062523    3.07555413    2.55096084    3.44555763    3.20917254    3.24943219    2.48349182    4.17250812    3.12316993    3.71058091    4.74835656    4.29301046    4.38454259    3.55361841    3.34570738    2.95472691    1.97856405    0.00000000    3.02586850    3.06620521    3.27399648    3.17367066    3.55445410    2.68360441    2.62650690    3.89631263    2.89578032    5.07978309    3.38974394    2.68622541    3.17507469    2.77329422    3.25779811    3.83880752    3.24021869    3.18770449    4.55160821    2.75437535    4.26554838    4.25028871    4.29749596    3.01969420    3.87820535    3.19683615    3.82589394    3.98879867    3.14045992    3.76808102    2.49220950
Q01PC8_SOLUE/140-223     2.63952219    3.34385467    2.60883633    3.44910727    4.24742716    4.19111609    3.89549831    3.43904663    4.19721374    3.91214719    1.98624893    3.92924421    3.44140831    3.86561206    2.89396013    3.49043958    3.55718745    2.96261118    2.67553460    3.09818396    3.21042697    3.02586850    0.00000000    1.98035039    2.29595121    3.41916903    2.71579812    2.76985485    2.58214787    3.29161350    2.93896884    2.85624509    2.87531365    2.86304553    2.65628397    2.44955046    2.71240493    3.17094346    3.19397536    2.94140215    3.09263441    3.29452247    3.04704165    3.07975288    3.32844216    2.62856051    3.71133705    4.51722322    3.68914704    3.56467304    3.31606352    3.10715053    2.97513476
Q63X20_BURPS/374-455     3.16365929    3.27435331    3.20654082    3.12362902    3.39762247    2.94957011    3.35293194    2.62205364    3.80856596    3.88491914    2.40865809    2.80798045    2.76117535    3.06144822    2.71041875    3.37151059    3.06227192    2.79285259    2.91697573    2.90006220    2.89709464    3.06620521    1.98035039    0.00000000    1.37652923    1.96734588    2.20040870    2.48654166    2.84795819    3.09328909    1.97502338    3.27229377    2.94963126    2.90897899    4.06607559    2.99883583    2.88347680    2.93218820    2.59172887    3.19471385    3.17656299    3.12999920    2.69886123    3.43282320    3.95653214    2.87811739    3.85071063    3.02237857    3.16572248    3.17996037    3.37155615    3.25442976    2.79081010
Q2KU03_BORA1/330-418     2.86411978    3.05311879    3.09046530    3.02897447    3.04062877    3.09185170    3.71157310    2.65581356    4.55817681    3.89855780    2.92756323    3.80320544    3.31392305    2.63813975    2.71167753    3.05866562    2.68199149    2.84398255    2.44757262    2.60155038    2.39003390    3.27399648    2.29595121    1.37652923    0.00000000    1.96751483    1.73321395    2.48357453    2.66361167    2.80825942    2.91544527    2.92311129    2.39829709    2.87871700    3.35590163    2.81385790    2.85109433    3.17943344    2.77581413    3.73896050    3.77311944    2.73076500    3.13236387    3.77329386    4.08670865    2.76448071    4.32741759    2.85852732    3.60438330    2.45783426    3.41214895    3.21002457    2.84849617
B2JCS4_PARP8/352-440     4.19336575    3.91436023    3.19749112    3.04541486    3.09930197    3.44627772    2.67863899    3.59071695    4.53406212    2.58894266    2.16335653    3.04597385    3.44682667    3.23583327    3.41066639    4.05065772    3.60192834    2.67455810    2.59221219    2.70406265    2.88759495    3.17367066    3.41916903    1.96734588    1.96751483    0.00000000    2.00393994    2.68851410    3.08604506    3.47634973    2.46382284    3.29332307    3.34932668    2.58412471    4.07388627    2.70684427    2.83994550    3.67650240    2.74940772    2.84811638    3.93664589    3.40661709    3.47330488    3.52516218    3.53552307    3.83076507    4.30364191    2.99807366    4.78468317    2.92244819    3.60244919    3.26801088    3.16717370
A4ASX0_MARSH/13-99     3.81443056    2.71850783    2.99472909    3.05370856    3.51986941    3.91242262    4.17324915    2.89714192    4.00846993    3.52409132    2.45376722    4.15174355    3.60358391    3.28482466    3.58688036    3.33400326    3.25812497    3.73783038    2.75756192    2.23750801    3.29238024    3.55445410    2.71579812    2.20040870    1.73321395    2.00393994    0.00000000    2.93196764    2.57362879    3.74502433    3.19374577    3.42957470    3.21853525    3.47984802    3.57560427    3.02202596    3.47011227    3.25891495    3.02965120    3.38120298    3.58339729    3.64016432    3.93886270    3.42373788    3.41465373    2.71910814    3.50820237    3.16027918    4.91804273    2.84335076    3.18797155    3.54784144    3.13481632
A8LLC8_DINSH/31-128     3.11775220    3.65663671    3.72730355    4.00034532    2.43995245    3.19401188    3.80011622    3.47812848    3.88608572    3.58126188    2.74307371    3.96465803    3.08178628    3.82043374    2.84004386    3.46087274    3.55450306    2.50229779    2.59043247    2.62068591    2.70732689    2.68360441    2.76985485    2.48654166    2.48357453    2.68851410    2.93196764    0.00000000    2.68867293    3.52662327    3.01523481    5.62325509    2.62826934    2.78485134    3.08436519    2.98148212    2.68180279    3.36111857    2.99354447    4.17833239    5.05327449    3.55786804    4.62352581    4.49163006    4.23080621    3.68120866    4.89620642    4.03382248    5.64177435    3.32609795    4.10491549    3.90527215    2.52383682
Q2S8A0_HAHCH/192-278     3.54830469    2.81781328    3.34519986    2.43863356    2.42378266    2.72029433    3.28392544    3.12829562    4.27507969    3.50005769    2.68272988    4.10364698    3.28986579    2.82337694    3.34202335    3.76429826    3.42267868    3.70740516    2.43778792    3.13811055    2.84992779    2.62650690    2.58214787    2.84795819    2.66361167    3.08604506    2.57362879    2.68867293    0.00000000    2.00635083    2.46444016    2.55750474    3.34429022    2.56964349    3.36017478    2.66826413    3.31386095    2.91877896    2.47721331    2.90399212    2.86782571    2.76180122    3.49700448    2.95238220    4.03189793    2.72366607    5.12414910    2.74572735    3.46005722    2.34904118    2.60317537    2.53734453    2.83120705
A0KNP1_AERHH/188-300     3.12535524    2.73914325    3.39275927    2.67389992    2.44371425    2.79334388    2.52159150    2.17599407    3.13233785    2.61497586    2.47209154    3.42280060    3.73064315    2.37939958    2.44216207    2.38194215    2.17875743    2.83105069    2.92458423    3.58422249    3.31608143    3.89631263    3.29161350    3.09328909    2.80825942    3.47634973    3.74502433    3.52662327    2.00635083    0.00000000    2.45305399    2.90968595    3.26755993    2.83873459    3.40486205    2.71670276    3.21232800    3.27601463    3.36849795    2.79621704    3.55627683    2.60925786    2.99517340    3.03155948    3.63957130    4.87817333    4.19000279    3.16830320    2.71641249    2.12156303    2.60300285    2.31208977    3.10807247
A1SUP1_PSYIN/38-121     3.06503645    3.31960895    3.10771671    3.39464723    3.21579662    2.56952150    2.39664162    2.93002458    3.54974399    3.09032290    2.50615750    2.75332738    2.71342197    3.08358136    2.62092635    3.01096902    3.81984410    2.54700432    2.96724870    2.83806178    3.13749581    2.89578032    2.93896884    1.97502338    2.91544527    2.46382284    3.19374577    3.01523481    2.46444016    2.45305399    0.00000000    2.55969907    2.89414482    3.00150620    3.16644461    2.31691402    2.08389528    3.15733345    2.60472430    3.46770461    3.23969184    2.45095915    2.89131687    3.07352810    2.71777972    2.71244568    3.04331754    2.86797224    3.32217868    2.42467836    2.53574748    2.49897373    2.42497970
Q7UVI8_RHOBA/1468-1558     4.24127477    2.87213650    2.83179176    2.96388338    3.57814509    3.88655455    2.93911079    2.70083423    3.49586910    3.96839632    2.44152744    4.25066701    3.88249048    2.83178590    2.92328974    3.49373730    2.62093269    4.57140918    3.54555389    3.86969028    4.23220716    5.07978309    2.85624509    3.27229377    2.92311129    3.29332307    3.42957470    5.62325509    2.55750474    2.90968595    2.55969907    0.00000000    3.19315865    2.79008022    3.81528187    3.91946031    3.06926873    2.78724244    2.60308972    3.87407856    3.18740844    3.17263015    3.25279124    3.33825300    3.54870174    2.84716017    3.66840034    3.06932792    3.51172090    2.87143316    3.34232798    2.74428059    2.68537555
Q2Y5C4_NITMU/429-515     2.65784863    2.78321604    3.37986216    3.48101314    3.24966816    3.44895081    2.63037671    4.08330181    4.23448722    2.99995865    2.97230934    3.90681693    2.85507353    3.08599769    3.47717564    3.69326287    3.77071887    2.54971245    2.37950061    3.56080884    3.10645006    3.38974394    2.87531365    2.94963126    2.39829709    3.34932668    3.21853525    2.62826934    3.34429022    3.26755993    2.89414482    3.19315865    0.00000000    1.55019428    2.17920048    2.41825157    1.94963292    2.68040310    2.86114041    3.71068179    3.49452656    2.71437290    4.16019813    3.13105781    4.65713118    3.07407919    4.75779237    4.20012162    2.80183113    2.53123668    3.09533548    2.68426782    2.73528711
A4G5G9_HERAR/143-225     3.51243450    3.77987344    3.01775497    3.81313274    4.34217665    3.81826035    2.03774478    3.20584681    3.44551433    3.73673742    2.48545807    3.43501325    2.64909162    2.87923150    4.00746338    3.79261491    3.79835093    2.71220179    3.12302626    3.55451249    2.60759559    2.68622541    2.86304553    2.90897899    2.87871700    2.58412471    3.47984802    2.78485134    2.56964349    2.83873459    3.00150620    2.79008022    1.55019428    0.00000000    2.06501241    1.93613637    1.73195641    3.95521785    2.97982609    3.62229925    3.25617306    2.70991698    3.70044845    3.19807415    3.36328162    3.39412533    4.67051471    3.36135968    3.79721085    2.87209601    3.19975966    2.41927465    2.46332653
Q1IUL0_KORVE/174-268     2.28936187    3.62407254    2.59146941    3.94434867    3.75311142    3.23767266    3.15270456    3.54503295    3.17763681    3.80672907    3.20566315    4.25415566    3.42290003    3.19505089    3.66120540    4.65673007    4.27453690    3.48913290    3.33218518    3.70040692    3.87221555    3.17507469    2.65628397    4.06607559    3.35590163    4.07388627    3.57560427    3.08436519    3.36017478    3.40486205    3.16644461    3.81528187    2.17920048    2.06501241    0.00000000    2.41940691    1.68846067    3.43351312    3.15887951    3.00775915    4.50873867    2.93945420    3.48403301    3.62409309    4.46105320    3.42836077    3.30207025    3.08749168    3.57231494    2.80660385    2.72297317    3.40810997    2.46866051
Q8F0C5_LEPIN/50-137     3.05897544    3.21340743    2.89930697    3.81282681    3.43608290    2.52044820    2.96621823    2.48477233    3.09774957    3.22880478    2.36295911    3.32880425    3.05531302    2.92846532    2.51897606    3.21030168    3.61502352    3.21723179    3.06815660    2.70548267    2.51889905    2.77329422    2.44955046    2.99883583    2.81385790    2.70684427    3.02202596    2.98148212    2.66826413    2.71670276    2.31691402    3.91946031    2.41825157    1.93613637    2.41940691    0.00000000    1.46187437    3.94627153    2.76066533    2.59034997    3.85618680    2.64425846    3.53347449    3.73765753    3.83844843    3.59593493    4.75215292    2.65756144    3.72472310    2.52029927    2.26259645    2.42366576    1.99693174
Q6MR17_BDEBA/74-159     2.99782133    3.60722614    2.57867467    3.48838042    2.73298966    2.93827974    2.62349304    2.64939145    2.99409292    2.95599937    2.74912919    3.52803733    3.33496698    2.46261306    2.90301078    4.12522681    3.91830532    2.37373937    3.19067470    2.76884576    2.83922410    3.25779811    2.71240493    2.88347680    2.85109433    2.83994550    3.47011227    2.68180279    3.31386095    3.21232800    2.08389528    3.06926873    1.94963292    1.73195641    1.68846067    1.46187437    0.00000000    3.16896979    3.04852012    3.36476817    4.59993042    2.56346595    3.34658050    3.43432371    3.79186847    3.40434602    3.30436456    2.93282846    3.96592688    2.50252288    2.66203315    3.06011939    2.08109672
A8EWF8_ARCB4/105-206     3.37240505    2.76450502    2.88351633    3.55834729    3.53981270    3.05197679    2.72728355    3.34413906    2.98223450    2.81578410    2.09421100    3.26549781    3.07051850    3.02180626    3.60899893    4.29144620    3.15188758    3.98861339    3.48118332    2.99193974    3.02689926    3.83880752    3.17094346    2.93218820    3.17943344    3.67650240    3.25891495    3.36111857    2.91877896    3.27601463    3.15733345    2.78724244    2.68040310    3.95521785    3.43351312    3.94627153    3.16896979    0.00000000    1.30285435    1.98960581    2.28544860    2.24030495    3.03320435    2.33907608    3.82510810    2.81994609    3.22473451    2.64887936    2.67457941    3.05786484    3.27012783    2.73869107    3.77573886
Q0P972_CAMJE/105-207     2.98961172    2.79134722    3.43073077    3.80453369    3.10419525    3.10492734    2.99743643    2.75432913    3.35561196    2.78665103    2.45241672    3.20593700    2.98268990    2.73217428    2.96633220    3.55399658    3.59980812    2.54575526    3.38679040    3.70407330    3.13430932    3.24021869    3.19397536    2.59172887    2.77581413    2.74940772    3.02965120    2.99354447    2.47721331    3.36849795    2.60472430    2.60308972    2.86114041    2.97982609    3.15887951    2.76066533    3.04852012    1.30285435    0.00000000    2.35148361    3.36896664    2.59431922    2.47861230    2.60238521    3.95821905    3.31099084    3.92735757    3.20794632    3.33791384    2.80335187    3.10445462    2.70275854    3.14342884
A6Q613_NITSB/296-399     3.42966491    2.62628050    2.59637073    3.04916133    2.65001109    2.81937983    2.61874654    3.57103272    2.36231403    2.64042014    2.28939835    3.47664005    3.45481638    2.63000855    2.92859224    4.00700349    2.90901092    3.60344560    3.12801678    3.28172706    2.94658027    3.18770449    2.94140215    3.19471385    3.73896050    2.84811638    3.38120298    4.17833239    2.90399212    2.79621704    3.46770461    3.87407856    3.71068179    3.62229925    3.00775915    2.59034997    3.36476817    1.98960581    2.35148361    0.00000000    2.38846050    2.29236953    2.73838800    2.84612252    2.61084471    2.85578353    3.53790785    2.69235014    3.13959932    2.34737337    2.20853789    2.13122364    3.39624010
A1B9M0_PARDP/46-156     3.31044724    2.98896272    3.13121403    4.22874165    3.19431697    3.58844805    3.19757029    4.24360585    2.99262355    3.33842493    2.51072586    2.97331100    3.62279303    2.91945841    3.40466071    3.53299919    2.61215884    4.33961297    3.30663481    4.35257893    4.34517059    4.55160821    3.09263441    3.17656299    3.77311944    3.93664589    3.58339729    5.05327449    2.86782571    3.55627683    3.23969184    3.18740844    3.49452656    3.25617306    4.50873867    3.85618680    4.59993042    2.28544860    3.36896664    2.38846050    0.00000000    2.93064830    3.52133994    3.57993218    3.96798390    2.86642486    3.61387233    2.99481841    3.03484689    3.02051862    2.55315882    3.35929003    3.33530443
A3HZ82_9BACT/43-133     2.96316445    3.17160516    2.68419350    3.25181575    2.56031303    2.70862666    2.20409070    2.62508961    2.24931217    3.68253896    2.37547736    3.26589290    2.26450185    2.97139756    3.15347233    3.32967659    3.11005604    2.87588992    3.40390218    3.08382660    2.85861400    2.75437535    3.29452247    3.12999920    2.73076500    3.40661709    3.64016432    3.55786804    2.76180122    2.60925786    2.45095915    3.17263015    2.71437290    2.70991698    2.93945420    2.64425846    2.56346595    2.24030495    2.59431922    2.29236953    2.93064830    0.00000000    2.33361962    2.45217945    3.57958764    3.07326723    2.76424869    2.15658906    2.73214489    3.15545199    2.47544331    2.49835290    3.10935097
Q39YV3_GEOMG/27-115     4.36443788    3.41247579    3.61464909    3.46387380    3.32436805    3.18169947    3.09873742    2.72227969    3.53409130    3.73763804    3.39364448    3.97777738    3.77072605    3.12470025    3.18279051    2.84026108    3.51171259    4.12223905    3.55663627    3.92426641    4.67214186    4.26554838    3.04704165    2.69886123    3.13236387    3.47330488    3.93886270    4.62352581    3.49700448    2.99517340    2.89131687    3.25279124    4.16019813    3.70044845    3.48403301    3.53347449    3.34658050    3.03320435    2.47861230    2.73838800    3.52133994    2.33361962    0.00000000    2.65088779    3.16073188    3.40693916    3.65387785    3.20936042    3.20456105    3.23134123    2.87540834    2.73571134    3.67815879
Q01YB9_SOLUE/516-640     3.57715926    2.16666907    3.29319294    3.74454528    3.84102701    4.36987111    2.60350169    2.85671012    2.82113229    2.31274453    2.86940927    3.60172603    3.27383447    3.11642775    3.33597167    3.01176576    4.58987816    4.25379802    3.69206826    3.90207923    4.33485621    4.25028871    3.07975288    3.43282320    3.77329386    3.52516218    3.42373788    4.49163006    2.95238220    3.03155948    3.07352810    3.33825300    3.13105781    3.19807415    3.62409309    3.73765753    3.43432371    2.33907608    2.60238521    2.84612252    3.57993218    2.45217945    2.65088779    0.00000000    2.42320222    2.61045640    3.48378677    2.67803083    3.14844730    2.69521052    2.37254742    2.31300716    2.93453274
NICB_PSEPK/807-906     4.20931409    3.06806366    3.29136773    2.60348574    3.95539379    4.42378051    3.39281607    3.16123873    3.80680547    3.37823359    2.80719835    3.95334489    3.10884997    2.62070818    3.76017537    4.23106917    3.65391818    4.60952309    3.78222594    2.95056045    3.15079235    4.29749596    3.32844216    3.95653214    4.08670865    3.53552307    3.41465373    4.23080621    4.03189793    3.63957130    2.71777972    3.54870174    4.65713118    3.36328162    4.46105320    3.83844843    3.79186847    3.82510810    3.95821905    2.61084471    3.96798390    3.57958764    3.16073188    2.42320222    0.00000000    3.51282463    2.83598402    3.04935838    3.30059200    2.66678501    3.08720551    2.05369778    3.48458907
Q7TU05_RHOBA/860-991     3.30077366    3.14562451    3.25920493    2.63737076    3.79609937    3.30333453    3.40686508    3.38686087    3.93137012    3.15339642    2.79417718    2.80729108    2.85185456    2.94024331    3.28697722    4.41283433    2.74836372    3.29601706    2.66425708    3.04996416    3.18793252    3.01969420    2.62856051    2.87811739    2.76448071    3.83076507    2.71910814    3.68120866    2.72366607    4.87817333    2.71244568    2.84716017    3.07407919    3.39412533    3.42836077    3.59593493    3.40434602    2.81994609    3.31099084    2.85578353    2.86642486    3.07326723    3.40693916    2.61045640    3.51282463    0.00000000    2.73300746    2.95781392    2.71195157    2.74689698    2.92892251    2.64642191    3.00306033
Q87H21_VIBPA/33-131     4.09638953    3.71923162    3.41928270    3.52135921    3.90475918    3.61025515    3.73099235    3.64806680    3.29696211    3.66319410    3.14820521    4.80671282    3.24653133    4.11511317    3.19684862    3.49264162    3.96288074    3.78855790    4.32148453    3.29857661    3.50733249    3.87820535    3.71133705    3.85071063    4.32741759    4.30364191    3.50820237    4.89620642    5.12414910    4.19000279    3.04331754    3.66840034    4.75779237    4.67051471    3.30207025    4.75215292    3.30436456    3.22473451    3.92735757    3.53790785    3.61387233    2.76424869    3.65387785    3.48378677    2.83598402    2.73300746    0.00000000    2.74249202    3.25165186    3.24783561    2.39980857    2.84302032    2.78644815
A3HYX9_9BACT/875-956     3.17850078    4.16447946    2.85717183    3.54562329    3.37213274    2.96941048    2.96946106    2.04512145    2.41732214    2.97129846    2.58708325    3.37931494    2.93455181    3.82390031    2.83718737    3.44445342    3.65127025    3.08281606    3.28779426    3.13378400    2.92613249    3.19683615    4.51722322    3.02237857    2.85852732    2.99807366    3.16027918    4.03382248    2.74572735    3.16830320    2.86797224    3.06932792    4.20012162    3.36135968    3.08749168    2.65756144    2.93282846    2.64887936    3.20794632    2.69235014    2.99481841    2.15658906    3.20936042    2.67803083    3.04935838    2.95781392    2.74249202    0.00000000    2.32199513    3.18941335    2.65257748    2.74027323    2.68142860
Q9A473_CAUVC/33-122     2.76587788    3.03223748    3.09626791    3.90051253    3.11919738    2.92448955    3.38220055    2.69254008    2.76096214    3.51882205    2.81193994    2.88836040    3.66470380    3.51429945    3.91726053    3.95042529    3.52619250    3.13728125    3.07428135    3.40137845    3.12710216    3.82589394    3.68914704    3.16572248    3.60438330    4.78468317    4.91804273    5.64177435    3.46005722    2.71641249    3.32217868    3.51172090    2.80183113    3.79721085    3.57231494    3.72472310    3.96592688    2.67457941    3.33791384    3.13959932    3.03484689    2.73214489    3.20456105    3.14844730    3.30059200    2.71195157    3.25165186    2.32199513    0.00000000    2.13789459    2.12931274    2.40655382    2.56882863
Q63X17_BURPS/286-372     2.52485465    2.36428714    2.87334328    2.90385821    2.19197406    2.28788973    2.96693715    2.80639316    2.73414109    2.39573624    2.37375687    3.02923318    3.02182193    2.64851286    3.18908830    3.76689542    2.80450425    2.92011410    2.67447040    2.95531862    2.75588168    3.98879867    3.56467304    3.17996037    2.45783426    2.92244819    2.84335076    3.32609795    2.34904118    2.12156303    2.42467836    2.87143316    2.53123668    2.87209601    2.80660385    2.52029927    2.50252288    3.05786484    2.80335187    2.34737337    3.02051862    3.15545199    3.23134123    2.69521052    2.66678501    2.74689698    3.24783561    3.18941335    2.13789459    0.00000000    1.88524047    2.44425904    2.35584543
Q819N2_BACCR/254-346     2.41216316    2.59232127    2.78637354    3.31718123    2.75310054    2.69794299    2.23261153    2.74397424    2.96129260    3.08737314    2.24288255    2.49520545    2.29338090    2.71294706    2.27507367    2.16088825    3.48148830    3.41413079    2.67814281    3.12795444    3.48028267    3.14045992    3.31606352    3.37155615    3.41214895    3.60244919    3.18797155    4.10491549    2.60317537    2.60300285    2.53574748    3.34232798    3.09533548    3.19975966    2.72297317    2.26259645    2.66203315    3.27012783    3.10445462    2.20853789    2.55315882    2.47544331    2.87540834    2.37254742    3.08720551    2.92892251    2.39980857    2.65257748    2.12931274    1.88524047    0.00000000    1.95294755    2.27086743
Q39TS3_GEOMG/175-267     2.88957686    2.40462534    2.60932729    3.11651778    2.97485898    2.68362974    2.53410783    2.88846663    2.98103948    2.66402334    2.63129836    3.91350401    3.05862818    2.88251202    2.47033202    2.90277919    3.00951357    3.21599578    2.83330508    3.10991573    3.03227484    3.76808102    3.10715053    3.25442976    3.21002457    3.26801088    3.54784144    3.90527215    2.53734453    2.31208977    2.49897373    2.74428059    2.68426782    2.41927465    3.40810997    2.42366576    3.06011939    2.73869107    2.70275854    2.13122364    3.35929003    2.49835290    2.73571134    2.31300716    2.05369778    2.64642191    2.84302032    2.74027323    2.40655382    2.44425904    1.95294755    0.00000000    1.80094620
