157
B7K041_RIPO1/169-208     0.00000000    1.49073677    1.20632813    1.64325455    2.64633174    1.25963244    1.85570086    2.10318412    1.28899900    2.01068523    1.80934719    1.46839539    1.81010532    1.46380610    1.64308653    1.49307269    2.65589886    1.73011997    2.39989469    2.01762618    1.76146932    2.00998172    2.10050513    1.77873823    1.58537842    1.53151041    1.76189660    1.91412178    2.30809159    2.66551878    2.81642374    4.14814887    1.97019300    1.70460992    2.14790795    2.62743204    1.78559341    2.42341184    2.21138444    2.24594076    1.64610861    1.84540647    2.64907277    1.33775013    1.47432465    2.15880966    2.33684779    2.22038299    1.40929607    2.63066835    2.57423630    2.26621651    2.09227834    2.50364500    2.80829661    2.26444526    3.77406897    3.72214933    2.44469272    1.49423569    1.42691863    2.10312017    2.41114943    2.28047142    2.71559897    2.21460412    4.22412812    1.46591315    2.33877604    1.72649695    1.66048785    1.86802235    2.53610014    2.52679768    1.98571183    3.03222980    2.75779164    1.86110167    1.98923013    1.55391335    2.54792501    1.93264279    2.67445997    2.02623356    3.27910724    1.70898261    3.01889452    2.05175855    1.91528296    2.56419261    2.66128929    2.26478947    1.68294629    3.24216678    2.51107581    5.37409571    3.00354031    2.56692185    1.39180139    2.50198836    2.26515342    2.06450627    1.98117875    2.52806590    2.43840878    2.16363268    1.93769640    3.04285113    2.55221621    2.32499664    2.98583281    2.08900525    1.69329721    2.90111212    2.52754075    1.74138155    1.94090726    2.02504113    1.73882039    1.71461269    3.65886379    2.63434915    2.43390374    1.78892286    2.93242018    2.08315556    2.55570752    3.23845746    3.07802500    2.78185731    2.15986240    2.14678608    2.31636792    2.59888990    1.76004577    2.11626727    3.25582460    1.89996284    1.95863876    2.86942565    2.96309564    2.17370665    1.75360759    2.48559519    2.30543226    2.10597638    8.28886798    2.36372517    1.93922350    2.36838540    2.57840038    2.80513290    2.19621551    1.82353953    1.77231300    3.31078200    2.22879087
P73963_SYNY3/118-157     1.49073677    0.00000000    1.53880530    1.96395424    2.33211713    2.04245548    2.08535867    2.42434357    1.71291835    3.08890460    2.32054197    1.66133334    2.69012962    1.69950611    2.44092364    1.99381501    2.44704918    1.74380054    2.04265064    2.24318877    1.68525483    2.16192844    2.17892187    1.75145172    2.34484764    2.06728104    2.05979427    1.78999142    2.05491422    2.37534840    2.17949615    2.71725435    1.79014206    2.15210817    2.37441108    2.23784598    2.07255066    3.16517582    2.44067780    2.20192715    2.71516138    2.26134851    2.92713725    2.70895640    1.40763796    3.20401630    2.85411684    2.48962006    2.14218909    3.07031332    2.71522637    1.99564127    2.01142457    2.20663035    1.95380809    2.36217790    2.67528404    3.07511206    2.97304988    1.98909519    2.68115644    2.20633369    4.03244361    2.24501737    2.15645432    3.03805388    2.90880119    2.23939807    2.36618417    2.58789839    2.29142606    2.92219571    2.93698061    3.60445475    2.35616288    3.05158184    3.91415789    1.93202951    2.71021360    1.90868169    2.34417132    3.35417927    1.79769923    2.38989846    1.87577078    2.85872413    3.35808138    2.68989809    2.67409803    1.96506531    2.52018099    2.30814693    2.14453538    2.03285256    3.38111724    3.89988709    2.36862302    1.93892227    1.92887146    2.66360475    2.70537116    2.69528778    2.88045579    1.96333254    2.47487268    1.86013945    2.38097398    2.82157847    2.12057010    2.14829884    2.68442175    2.67195739    2.61617886    2.46229051    2.16229309    2.51535748    2.48481445    2.09896754    2.04965134    3.21482452    2.54175301    2.41921799    2.39301496    1.76343464    2.84245172    2.95557149    2.39997041    2.73956200    2.35966282    2.65473921    2.02469020    2.26751656    2.76649156    3.26719055    2.39272132    3.72337367    3.47369574    2.60822864    1.69714597    3.34142959    1.89959526    2.84440212    2.33709745    2.55528605    2.80586706    3.38997728    5.75356243    2.18908406    1.69531837    2.78133834    2.02688257    2.64298745    2.20127002    2.26910700    2.08323181    2.21278164    3.07319363
B7KBE1_GLOC7/74-113     1.20632813    1.53880530    0.00000000    1.21707686    1.29031887    1.17978486    1.74541572    1.41811151    1.10714977    1.26212816    1.39969381    1.27300782    1.58473383    1.03007341    1.53104737    1.11980946    1.60872359    1.74285139    1.48047370    1.71166779    1.22519609    1.73027310    1.35877321    1.22822329    1.48722500    1.47183896    1.50183220    1.56813484    1.92044305    2.96062253    2.42636467    2.53363661    1.41645589    1.24756463    1.95530007    2.06570432    1.99715417    1.96105261    2.18259421    1.90382567    1.43037759    1.89191140    1.55572956    1.47851845    1.62108992    1.22558035    1.40536420    1.55479737    1.21263055    1.98746801    1.79376231    2.00180766    1.71778711    2.02542003    1.72051838    2.10725925    2.30562476    2.53934741    1.46351062    1.22829604    1.52139747    1.99314184    1.45057688    1.68819570    2.04789226    1.89215774    1.93524027    1.38652681    1.74725801    1.59316501    2.04496316    1.62863316    2.08142454    1.56152395    1.86903075    3.02722928    2.17344089    1.56949956    1.82275588    1.14289236    1.28990907    1.50532599    1.44865081    1.26103957    1.75451173    1.58530914    1.95522108    1.39464325    1.96933640    1.94259556    1.68562995    1.25613122    1.59941492    1.41755291    2.00285303    2.93546947    1.46271576    1.93481986    1.70789038    1.47918866    1.95548670    1.36190405    1.41814379    2.00193683    2.08057120    1.49458005    1.59278704    2.25454942    2.70777177    2.08023432    3.13552614    1.93354400    1.91275734    2.22961836    2.05854595    1.49599912    2.42177011    1.86739559    1.64847247    1.92265164    2.13428839    1.85720626    2.12068818    1.71339089    1.86399595    1.46147886    1.47917317    2.28488933    2.05044566    2.16972750    1.65421352    1.54312703    1.74517601    2.27070232    1.20018699    2.11832895    2.58319768    2.01236673    1.30577306    2.18561689    1.84909073    1.84820311    1.54241789    2.39504258    2.42864760    1.75884994    2.43108098    1.58395560    1.26221852    2.06693909    1.37195208    2.07051783    1.63288733    1.49600899    1.33191046    2.09313187    1.53314339
B1X1Y6_CROS5/340-379     1.64325455    1.96395424    1.21707686    0.00000000    1.34235027    1.53562262    1.43149967    1.81796013    1.47000340    1.97325828    2.19489400    2.58061799    2.02410371    1.21025178    1.83993948    1.41776399    1.47820680    1.70125340    2.02971539    1.96671138    1.58159045    2.18345177    3.52697455    2.24874747    1.42648716    1.56478371    1.82675493    1.95147253    1.51202420    3.05240263    2.59109134    2.03478599    2.04523640    2.16892673    1.89258290    1.76845512    2.11018326    1.56534307    1.79901915    1.78406273    2.26872783    1.92181677    2.19839004    1.97223254    1.63000915    1.39840782    2.14715411    1.91988102    1.33942597    1.62301372    2.72874668    2.75072954    2.08606434    1.64419925    1.62584594    2.70887335    2.16412834    2.37957084    2.09621409    2.40189439    2.02213565    2.80066310    1.75472683    2.24944700    2.31411697    2.89571853    2.27755764    2.07541079    1.63871303    1.94695673    1.79121080    2.17623079    2.53135793    1.66527804    1.52142163    2.52539507    1.86307964    1.52729376    2.84960499    1.84722197    1.97994819    1.44823053    1.58354151    1.46830599    1.70649336    1.90856242    2.17465660    1.88610990    1.68072224    2.02735994    1.97870983    1.32559844    1.80344046    1.89529166    1.54655211    2.08551816    1.65395044    3.22493564    1.70910869    2.41955614    2.57183229    1.43690059    1.46339054    2.35171589    2.20556017    1.43801726    2.01664655    1.88983085    2.10440999    1.85934564    2.20129218    3.18322292    2.04761158    2.15780665    2.20955499    1.97665319    1.42758668    1.55116035    1.69613033    2.04337754    2.86840185    2.10750832    3.05241630    2.01923937    3.00040057    1.83687369    1.65581467    1.93591630    1.90500594    2.34192439    1.91270310    1.44060149    1.85373848    2.50564518    2.03285475    2.36245144    2.75808955    1.93513679    1.30278218    2.95250345    1.51012918    1.73368518    1.26998720    2.71692213    2.54573068    2.21033913    2.83581412    1.75006200    1.92802755    2.53908611    2.10790759    2.11099311    2.13445360    1.62562117    1.31187854    2.77755116    2.01812625
D2VX03_NAEGR/251-290     2.64633174    2.33211713    1.29031887    1.34235027    0.00000000    1.57390619    1.86257473    1.53175412    1.72707230    1.74181752    1.90491317    1.91208561    1.86510400    1.50893245    1.33354480    1.29346671    1.57255526    1.85408563    1.89953944    2.27999376    1.01167196    1.72203752    1.99796639    1.85001523    2.25161709    1.84895505    1.64800474    2.51405456    1.67943239    1.78417585    1.88815691    2.32573882    1.76207047    1.50719089    1.84246401    1.49516172    2.75898979    1.61321639    2.38670119    1.59045186    1.70013412    1.85487379    1.78061159    2.17485741    1.17716556    1.61942302    2.07448356    1.28844215    1.55724287    1.82262573    2.07076161    2.11626382    2.06515600    2.33705456    1.59305135    2.21835799    2.22929860    1.94090074    1.44599607    1.73601469    2.21893871    1.89464113    1.59046230    1.70869969    1.37716448    2.82713100    2.93090769    1.26546701    1.63771544    1.61465268    1.95883651    1.71351285    2.53796960    2.06034367    2.33584417    2.25702521    2.43596366    1.58219342    1.87086031    1.59226685    1.36241447    1.68781272    1.42970821    1.69887691    1.68593221    1.45610656    1.90966480    1.76497208    2.11541683    2.41604342    2.25063373    1.87035228    1.62000378    1.83527128    1.77351202    2.68027480    2.36119460    2.38924995    2.09256436    2.01174403    2.17650714    1.10967627    1.78856752    2.15632037    2.10931417    1.34136955    2.28077591    2.10056957    2.78920393    2.28013415    2.33968350    3.32850035    2.10466371    2.13014421    1.63843786    2.05434875    1.89501056    1.46617932    1.49130917    2.23113635    2.21466510    2.66769859    2.68115006    1.67296235    1.95018293    1.56904166    1.70862065    1.86928307    1.19551440    1.30343554    1.32360576    1.75774227    1.54745659    3.69063933    2.50107737    2.93656660    2.36253694    2.05752647    1.94909596    2.40200153    1.85621843    1.48422292    1.90854327    2.83895342    2.45096209    1.64013757    2.10435480    1.65933302    1.57012854    2.06628459    1.40409500    2.23325061    1.81682043    1.95477160    1.01333929    2.60003944    1.75163348
K9VXL1_9CYAN/190-229     1.25963244    2.04245548    1.17978486    1.53562262    1.57390619    0.00000000    1.29986765    1.55144582    1.38980455    1.24478500    1.46428292    1.66510994    1.31129723    1.17377728    1.39591566    1.65760342    1.96643307    1.99556624    2.11381743    1.78454575    1.30503407    1.38370820    1.94597601    1.59147129    1.78021263    1.71566058    2.06840907    1.72825074    1.49169118    2.16696597    2.18069331    3.28043359    1.68211184    1.70354855    1.67802957    2.13236145    1.71394655    1.87419943    2.17672817    1.90671565    1.76883615    1.70337985    1.97249670    1.68430379    1.92268148    1.56138592    2.59611291    2.17148652    1.51280773    2.16340753    2.54014305    1.58002452    1.29710202    2.28373777    1.99255042    2.57989291    2.15492059    2.52352098    2.01863186    1.73191601    1.81824406    2.07536421    1.48810276    2.06260195    1.59552749    2.53033051    2.34817004    1.53593264    1.99123226    1.52979155    1.65824569    1.84691404    2.26074746    1.79862080    1.80321658    2.48296855    1.46257195    1.28053428    2.11326254    1.80588940    1.68569816    1.61182681    1.97641489    1.45453105    2.48276947    1.98994626    2.61491698    2.05106920    1.46610620    1.87096834    2.11937526    1.58409876    1.23840736    1.93345118    2.21361033    2.34568273    1.62078676    1.57771909    1.34531410    1.53200507    1.64189999    1.89016649    1.47049322    2.62451923    2.78904433    1.35297624    1.64434924    2.51986383    2.70242796    2.10120999    2.75566504    2.03683065    1.70419178    2.67495686    2.47333413    1.63976358    1.62616674    1.69163547    1.45557104    1.66353855    2.88568866    1.52249937    2.41008193    1.90693211    2.56083299    1.39438565    2.05294950    1.83386288    2.48509531    2.32220880    1.61518138    1.40823776    2.07745119    1.57429104    1.43051238    2.29440341    2.11787891    2.11330555    1.74265844    2.46217293    1.72938596    1.63787520    1.98567146    2.02777455    1.88919695    1.36496874    1.94630487    2.09349192    1.35267770    2.01205272    1.88081071    2.89189463    2.34795783    1.79719586    1.31003324    2.04406902    1.46507572
A8ZLL7_ACAM1/170-209     1.85570086    2.08535867    1.74541572    1.43149967    1.86257473    1.29986765    0.00000000    2.34513691    1.57495621    2.06922091    2.19425145    2.38809359    2.29163899    1.38462696    1.51018903    1.60144318    2.16441778    2.47988591    2.17374748    2.40395659    1.76415992    1.69357316    2.65220391    2.35406292    1.71044139    1.68640051    1.39266019    2.55101518    1.52674259    2.34391137    2.59401918    2.78235873    1.69325450    1.90011005    2.43489279    2.42162069    1.74133520    2.71491254    2.42848308    2.59122766    2.17465867    1.97385838    2.55421182    1.69020251    1.45341240    2.06904706    2.30736773    2.50731459    2.14759838    2.68360983    2.22763916    2.27168114    1.92202635    2.05850788    1.80241941    2.36449211    2.92813257    2.21060770    2.17077575    1.84151621    2.93482620    2.87084324    1.67266276    1.77916917    1.82539826    1.97179308    2.01040105    1.11915733    1.38443180    1.91785862    1.37051991    2.04584955    1.89779331    2.33837148    1.30595881    3.21074603    1.55886456    1.72202164    2.32099643    1.69270174    1.40564324    2.26853591    1.64088360    1.55106194    1.24083549    2.21419565    2.27627025    1.65542272    2.15616641    2.81419913    1.76416588    1.82645479    1.68519731    2.21104313    1.96319434    2.34654828    1.77472569    1.92804977    1.60913326    1.98158785    2.17790895    1.93533408    1.57312061    2.14462706    1.89363984    1.72810584    1.99113883    1.92515391    1.92424685    2.13359609    2.14181048    2.93850992    2.63469019    2.80143388    3.16785246    1.99848137    1.53211830    2.19792134    1.39433613    2.04671875    1.89230924    2.15242329    3.04873797    2.08585405    2.03884235    2.16191326    1.60782902    1.74428909    2.65558914    2.85961571    2.01814023    1.92287631    1.96387465    2.04097562    1.41262797    2.13197924    1.79112917    1.75669566    1.81706801    2.68265872    1.85839478    1.65694613    1.73725396    1.83150932    2.10655829    1.68631395    2.30149399    2.66210010    1.34602414    1.69944414    1.46985990    2.25183886    2.14189482    2.05723874    1.55380136    2.23717595    1.95437441
Q10WP6_TRIEI/67-106     2.10318412    2.42434357    1.41811151    1.81796013    1.53175412    1.55144582    2.34513691    0.00000000    1.15371891    1.35802972    1.22701867    1.50181147    1.02693484    1.66174327    1.65143819    1.22529990    1.94222767    1.84690131    2.29027692    1.69560254    1.30885633    1.54917274    2.28562331    1.43004869    1.50589240    1.82465881    1.78678558    2.05113541    2.55508738    2.21402557    3.01720967    2.72019457    1.81097465    2.08343583    2.34466178    2.18772919    2.28102171    2.14400531    2.48561945    2.63309040    1.09287132    2.10927372    2.28552760    1.80861051    1.55653815    1.45723916    2.22714419    1.24434283    0.96512693    1.80346506    2.04217581    2.06213577    1.68376400    1.99118755    2.49580679    2.09048002    1.88056186    2.75125232    1.81729852    1.28098709    1.66531298    1.88021139    1.37918188    1.86125083    1.69018052    2.50717753    2.86255524    1.51131987    1.87193087    2.19798907    1.80566586    1.52725171    2.04184283    2.35018617    1.78383179    2.32680172    2.44667265    1.49637198    2.15790692    1.37899118    2.45980861    1.74758951    2.16535346    1.60249807    2.22503538    2.66234400    2.76306849    2.85941646    2.13086974    2.28860080    2.36682110    1.91904805    2.33760897    1.66280295    2.13251851    2.75416668    1.92887802    1.69849282    2.39334239    1.77810168    2.06899618    2.16142154    1.95813944    2.50259861    2.62659497    1.81467265    2.25110984    2.91869204    2.12966584    1.72130624    2.53427414    2.41565611    1.62118144    1.97669760    1.76835383    1.33773437    2.00919111    1.74354137    1.79247179    2.24243224    2.08443850    2.07196726    2.49231236    2.01948813    2.79499274    2.00447724    1.34407859    3.40569916    1.64356157    1.51698822    2.20110046    1.40732854    1.54758899    3.41458735    2.08941464    2.59337476    2.17808083    1.72061541    1.65100629    2.04389211    1.66476254    1.87284620    1.72306672    2.47495659    1.77640565    2.45082470    1.96173622    2.93001379    2.24497212    2.32698615    2.40720682    2.04207387    1.61465853    1.97480411    1.53735694    2.38287312    1.90092057
B1WWY1_CROS5/60-99     1.28899900    1.71291835    1.10714977    1.47000340    1.72707230    1.38980455    1.57495621    1.15371891    0.00000000    1.10770050    1.29206190    1.62417037    1.25002321    1.35054599    1.28235909    1.50985690    1.77422691    1.82368730    2.01462543    1.41514869    2.01806924    1.74797778    1.91655699    1.32302508    1.26120467    1.51758976    1.70690482    1.67294731    1.52612737    2.26310904    2.74080563    2.80619128    1.36093586    1.61615158    2.03849929    3.15089416    2.11062276    1.73144905    2.35914712    2.56729777    1.73205301    2.14586550    2.26651980    1.60866447    1.29837982    1.57377561    2.47308306    1.50516231    1.31945642    1.82368174    2.26261680    1.89075603    1.20310862    1.94173833    1.95947208    2.57141022    2.23741335    2.70118425    1.84137924    1.25393787    1.58540080    1.55721587    1.42734454    2.09156135    1.98509051    1.83534938    1.90116827    1.05743355    1.55992284    1.37332341    1.78515657    1.24858000    1.56589716    1.55285081    1.16303078    2.01272803    1.87756245    1.18634032    1.83286083    1.03089397    1.71570375    1.58258312    1.98155454    1.45809184    1.87928800    1.75890616    2.44714051    1.70165360    1.72244858    2.24085246    1.39143381    1.49860065    1.61241392    1.45030229    1.56929577    2.91203316    1.72484968    1.69483424    1.74405902    1.76354592    1.86375322    1.99245682    1.55420730    1.82790467    1.74397534    1.18342134    1.84273335    2.34314099    2.20243643    1.24805975    3.06018468    2.29104875    1.75193690    1.58930288    2.01325962    1.39870651    2.04197326    1.34779580    1.26350992    1.76030036    1.69140936    1.75166225    2.09002631    1.23921285    1.59899775    1.55344541    2.02772355    2.44710690    2.32235721    1.73315045    2.11881921    1.76184748    1.74275727    2.20453514    1.56809485    2.23238194    1.69595706    1.78546942    1.35262467    1.44890426    1.78900193    1.74738818    1.43439087    1.97570681    2.40187709    2.14720580    2.29228240    1.87229084    1.82129936    1.85511354    2.38524378    2.01871675    1.89676773    1.48301175    1.37894202    2.62644450    1.33228537
Y1819_SYNY3/231-270     2.01068523    3.08890460    1.26212816    1.97325828    1.74181752    1.24478500    2.06922091    1.35802972    1.10770050    0.00000000    1.19313305    1.81163037    1.49812574    1.43864136    1.38183464    1.59185759    2.03102001    1.58486619    1.78935892    2.09583222    1.44722924    1.65520516    1.79161990    1.28874649    1.68700127    2.28516028    2.10851320    2.43700185    1.38418640    2.46377673    2.81456152    2.72660353    1.97656716    1.63938128    2.11800546    3.00408490    2.29397366    1.93896587    2.33600537    2.13270345    1.80529412    1.40293930    1.95328730    1.65975762    1.80030247    1.51278276    1.50390664    1.58444916    1.21356405    2.27363835    2.85151408    2.25662715    1.37408505    1.99718800    2.37199472    2.48224328    2.36336921    2.60116230    2.16930147    1.74931569    2.38935089    2.39966903    1.31230116    1.53015380    1.90263310    1.83013772    1.81889867    1.58593021    1.85908508    2.17654268    2.50581003    1.86103732    1.84536950    2.51339578    1.64839576    2.79356753    2.76948466    1.28573385    1.53463391    1.53106095    1.93819622    2.07933648    1.62663960    1.33142332    2.08994353    2.30747136    2.65868059    1.91313831    2.18986399    2.25377652    1.42340834    1.32294585    1.70188952    1.51726642    1.44767675    2.33793053    2.15523961    1.42868514    1.87702409    1.39562391    2.24345824    1.53908458    1.78182835    1.93217229    2.30959219    1.61726591    1.73970529    2.89317502    2.23952811    2.11867911    4.15344367    1.99512824    1.55152210    2.22214019    2.16609423    2.05789283    2.58908346    1.78673864    1.72414136    1.76425014    2.47591257    2.09662162    1.84586558    1.21751602    1.41259805    1.85902170    2.13562917    1.58781347    2.01150525    2.31436946    2.06341106    1.59321227    1.41219856    2.85801975    1.99407821    3.29404271    2.73782261    1.70630353    1.56911189    1.69397779    1.75346221    1.83791972    1.42879484    2.11606088    1.72690025    1.83155365    2.40008643    2.60617966    1.65620328    2.60658036    1.72345808    2.94745798    1.69909087    2.00236280    1.87054458    2.35231186    1.42826341
A1SQY4_PSYIN/691-730     1.80934719    2.32054197    1.39969381    2.19489400    1.90491317    1.46428292    2.19425145    1.22701867    1.29206190    1.19313305    0.00000000    1.10940661    1.35236160    1.14265907    1.17259966    1.18413812    1.39282308    1.15103324    1.74268475    1.34743058    1.23689418    1.32540633    2.05972303    1.39184900    1.63871087    2.00278280    2.63301343    1.85271041    1.51316766    1.78143650    2.39229689    1.92112812    1.47710301    1.34294386    1.96114919    2.05609556    1.88019156    1.73475896    1.78069875    1.73207466    1.16909336    1.32446346    1.73044846    1.55957259    1.60523244    1.28076675    1.36143900    1.84069390    1.45899799    1.74481673    1.92251445    1.62332056    1.85460284    2.08793392    1.73816647    2.61971799    2.04877138    1.99298039    2.03398250    1.39488241    1.61799751    1.66135232    1.35663427    2.19594603    1.63091683    1.86089334    2.10548928    1.22157400    1.20384617    1.38176308    1.45169675    1.40186363    1.53239265    2.09957000    1.48813963    2.09658153    1.85267664    1.07342532    1.87453931    1.34005004    1.79855636    1.34919486    1.81237121    1.55876466    1.54151306    1.80981310    1.80065730    1.68493158    1.52737320    1.69427249    1.51042277    1.52041963    1.56054245    1.59226255    1.60456823    2.24265264    1.34739567    1.63273893    1.49677325    1.34227185    1.32430536    1.94061573    1.68965398    1.85453523    2.19145830    1.36691470    1.42907000    1.87507626    2.89942326    1.65902054    2.29182174    2.50103568    1.84477933    1.79238444    2.18165044    1.35814960    1.61470136    1.38488063    1.20511721    1.76331825    1.73755270    1.76024926    2.35631088    1.37759106    2.06085798    1.57678305    1.98974308    1.85435257    1.67955795    1.55142325    2.02545562    1.12583019    1.74681535    2.78321095    1.33834581    2.47978093    2.07691654    2.05666905    1.21600595    1.52716373    1.70217036    1.65328860    1.35123916    1.70789126    1.73575557    1.72753102    2.65525700    2.10109402    2.18264072    2.24074346    1.75808321    2.13838936    1.53360632    1.89460789    1.26654964    1.53402348    1.30153185
A0ZHL0_NODSP/390-429     1.46839539    1.66133334    1.27300782    2.58061799    1.91208561    1.66510994    2.38809359    1.50181147    1.62417037    1.81163037    1.10940661    0.00000000    0.99117443    1.28897713    1.43468302    1.54083528    1.70708925    1.31849781    1.35144588    2.00560453    1.34493861    1.56134815    1.78516532    1.53128412    1.15526295    1.33291982    2.07757143    1.68922414    1.62324892    2.10648824    3.15850544    2.92801126    1.18597655    1.12475568    2.31624330    2.24791227    2.06169748    1.92071666    1.78426584    1.77504614    1.28286258    1.56092568    1.57853407    1.55689394    1.31153941    1.54542240    2.01543353    2.28249296    1.66511074    2.20055221    1.31563594    1.60492958    1.64556883    2.57861665    1.83923739    2.70492256    2.76762976    3.18709251    2.34113973    1.39516344    1.36459624    1.91073221    2.17158884    2.49846600    1.71615362    2.16436937    3.26230696    1.88025868    1.47230041    1.86009452    2.05262193    1.81958961    2.32646768    2.09736703    1.43621982    2.54284818    3.26916657    1.25178478    1.72434423    1.45793738    1.95816265    1.68919080    1.70653966    1.70609435    1.85817028    2.00537652    1.61554968    1.38780044    1.51246531    2.00862739    2.42731294    1.70700625    1.33251138    1.62230072    2.10589259    4.11020810    2.40180505    2.25319690    1.39103366    1.49619497    1.80028053    1.86035971    1.96554802    2.16603347    1.85426913    1.95153701    1.79048023    3.05091319    3.03658576    2.24836213    2.57233196    2.06627944    1.75083782    2.07820326    1.93499570    1.72763632    2.15638018    1.25656007    1.83766840    1.91520115    1.94627383    2.19578166    1.95585113    1.81911623    3.42865978    1.46895236    1.60490725    2.27648894    2.36391701    1.81331932    1.60649572    1.62951830    1.70213177    2.74488995    1.67519939    2.38076825    1.85865815    1.72219146    1.40640206    2.75478833    1.95220724    1.55474943    1.91302251    1.88128483    1.68074428    1.60737601    2.13501753    1.97575648    1.80574448    3.77764530    2.35528761    1.74003924    1.76840370    1.76040531    1.36766942    2.71089045    1.66792697
K9XY80_STAC7/307-346     1.81010532    2.69012962    1.58473383    2.02410371    1.86510400    1.31129723    2.29163899    1.02693484    1.25002321    1.49812574    1.35236160    0.99117443    0.00000000    1.56522018    1.46463619    1.33947371    1.99173442    1.36572407    1.61302685    1.66461717    1.06039079    1.28806096    1.54995532    1.40475976    1.53111271    1.74149750    2.65006154    1.82216975    2.21607547    2.18588539    2.90081289    2.60212293    2.38676029    1.68713819    1.81359664    2.36606814    1.78500442    1.69121865    2.13832453    2.19220147    1.29235027    1.70725776    1.74374078    1.90951251    1.56182528    1.88070543    2.05308229    1.86101331    1.52662730    1.84764633    2.03799773    2.11061260    2.00698663    2.68195711    2.35656037    2.46517248    2.53744094    2.05603244    2.52939088    1.39210105    1.69859394    1.65675529    1.97336513    1.83213380    1.80257064    2.10436983    2.49021470    1.74613743    1.95988877    1.52489662    1.83048567    1.48863028    1.85978544    1.63282946    1.37624254    2.05265308    2.20361176    1.29580898    2.09506184    1.12194769    2.18532140    1.47799668    2.16686860    1.60758849    1.79071414    2.72792387    2.41443194    1.99247882    1.80498459    2.55946232    1.88371966    1.62327355    1.64181257    1.91625273    2.44935097    2.41131179    2.58562557    1.78491896    1.45818874    1.35828204    1.86943017    1.94243032    2.23984763    2.38307807    2.28551303    1.56925571    1.72359745    3.46542859    3.03947539    2.33941765    2.38033369    2.33935372    1.67410060    3.13994614    1.97015508    2.11243526    2.41330298    2.00873300    2.35690732    2.35918948    2.28413208    1.72303704    1.48378022    1.41851160    2.74345833    1.64204127    1.88428734    2.57152693    2.30235669    1.95422321    1.92864582    2.07197547    2.15481965    2.90766970    1.91466304    2.05369157    1.43883756    1.71358621    1.80559858    1.98597874    2.59952474    1.76783121    1.54224776    3.15109253    2.00582786    1.58526321    1.99492091    2.70415126    2.39163409    4.48734518    2.68749500    2.50373865    1.44182570    1.91834108    1.71450076    2.52036773    1.75855164
B0CE43_ACAM1/98-137     1.46380610    1.69950611    1.03007341    1.21025178    1.50893245    1.17377728    1.38462696    1.66174327    1.35054599    1.43864136    1.14265907    1.28897713    1.56522018    0.00000000    0.94444765    1.00293045    1.33632130    1.16184471    1.56949076    1.47386625    1.00688699    1.31733125    1.87367349    1.20155880    1.59381478    1.63449200    1.20760421    1.59816450    1.16999389    1.60720534    1.81539681    2.06541189    1.26026121    1.03391562    2.23119532    2.27655207    2.07945517    1.80526517    1.62281696    1.60404594    1.49555379    1.41162069    1.67001861    1.53472822    1.07687992    1.36556126    1.80343242    1.45355931    1.58890833    1.96715042    2.30693263    1.68453732    1.60809765    1.34567074    1.55672994    2.33854832    2.01900281    2.64544389    1.62063514    1.17680450    1.17005179    1.44693076    1.50017045    1.59691963    2.34665467    2.04554068    2.58346626    1.48526022    1.55437838    1.78858464    1.72405419    1.49681032    1.74601533    1.27600779    1.44646111    2.21457111    1.75450928    1.28747047    1.81710146    1.46959994    1.30754233    1.54308827    1.29901430    1.19399445    1.19846898    1.40452853    1.88828360    1.36468740    1.29301495    1.52307791    1.76439487    1.41474024    1.29591406    1.86782569    1.65467906    2.80299424    1.66801551    1.80066510    1.40841555    1.43330367    1.48604914    1.23943118    1.33417568    1.93544046    1.97218859    1.29213625    1.86122869    1.42165990    2.04975216    1.53729902    1.89374924    1.99276961    1.50960231    2.21872484    1.59066595    1.41413930    1.09838710    1.38931521    1.23405624    1.59847031    2.03929708    2.16317891    2.38014941    1.35629280    2.82819048    1.59144613    1.49711945    1.90463878    2.10965264    2.28955065    1.50086569    1.40895304    2.02343577    1.67970838    1.28652665    3.00811832    1.84223748    1.35646931    1.22174376    1.79101630    1.72949684    1.46739087    1.36511320    1.57381059    1.47817791    1.34626531    2.04181904    1.27204508    1.32332324    1.85369685    2.01259871    1.90878614    1.49585231    1.63472559    1.12500471    1.49078907    1.31163609
B0CCX9_ACAM1/168-207     1.64308653    2.44092364    1.53104737    1.83993948    1.33354480    1.39591566    1.51018903    1.65143819    1.28235909    1.38183464    1.17259966    1.43468302    1.46463619    0.94444765    0.00000000    0.89236790    1.45460980    1.21007229    1.56082738    1.40704172    1.49885532    1.15297259    1.89619206    1.22061408    1.49577801    1.66049356    1.85773572    2.33975369    1.27914916    1.35174902    2.24701253    1.86644545    1.17665155    1.57628598    1.78557546    1.55710920    1.96906158    1.93197167    2.13975528    1.52623755    1.80785717    1.80685666    1.65495560    1.92967804    1.08893583    1.39324396    1.46384237    1.58133109    1.36727353    2.10536330    1.99027871    2.08696255    1.44589461    1.85526166    2.07010730    2.76681815    2.45670799    2.72601951    1.67802629    1.09661528    1.74480469    1.68972885    1.48817216    2.09549656    1.91747282    2.39142825    2.85469902    1.24508842    1.44183827    1.43169330    1.29624975    1.43303590    1.70212562    1.38718335    1.56268264    2.33863368    1.73278446    1.03905591    1.66870155    1.33837236    1.50264795    1.31652307    1.70285385    1.36478687    1.24746317    1.84188721    1.59793715    1.87902246    1.67410473    1.67614703    1.32872150    1.63917699    1.40559478    1.55877554    1.32511693    2.19174402    2.24130556    1.63985736    1.72085178    1.40543246    1.89872786    1.61277813    1.80481683    2.30695651    1.86732347    1.13607202    1.70113012    1.54926711    2.16876591    1.61996846    1.54962840    2.31440369    2.01423383    1.64162178    1.59768610    1.55276516    1.25775979    1.36283187    1.61661649    1.57816376    1.16507966    2.51025316    1.72161180    1.38463700    1.61835894    1.17430696    1.02232273    1.42783704    1.79572095    1.39994985    1.56037485    1.13500833    1.57634105    2.49186300    1.65463815    2.32626842    1.39834820    1.71464610    1.64121662    1.41016860    1.81671948    1.48205578    1.48181432    1.43893446    1.48418578    1.70972221    1.88337928    2.19151190    1.65441965    1.61128863    1.85901135    1.98922419    1.53653383    1.56185927    1.27097222    1.60645688    1.47047530
B1WW28_CROS5/558-597     1.49307269    1.99381501    1.11980946    1.41776399    1.29346671    1.65760342    1.60144318    1.22529990    1.50985690    1.59185759    1.18413812    1.54083528    1.33947371    1.00293045    0.89236790    0.00000000    1.21520000    1.08869594    1.69208900    1.55994064    0.98469175    1.09250325    1.53033972    1.27691864    1.54449193    2.16338303    2.15388701    2.43066390    1.76624482    1.78097636    2.58316525    2.37371462    1.60447328    1.36958897    1.71630763    1.78007461    2.34881180    2.19922169    2.16781468    1.48557654    1.25093736    1.49484191    1.68828650    1.69758624    1.39139505    1.43731173    1.70976971    1.62722317    1.21228435    2.05034955    1.60643285    1.92386439    1.99982339    1.97377013    1.60990091    1.67962305    2.08306363    2.41632046    1.93940800    1.40301275    1.19585968    1.79746020    1.88070374    1.69817334    1.64836267    2.53370146    2.88280074    1.41571411    1.38612335    1.65706221    1.64164597    1.95343776    1.64241144    2.37324603    1.74910989    2.97608168    2.21459740    1.45769781    1.70375096    1.37462320    1.51611227    1.43133136    2.14414745    1.81994869    1.60266436    1.87238873    2.24698921    1.91905104    2.59009353    2.27283238    1.78551556    1.77080872    2.11714242    1.97682644    2.25417839    2.81516084    1.86305360    1.76486946    1.81737494    1.82724049    2.10027165    1.49938503    1.81086170    2.65784052    2.31618794    1.17305714    1.68738513    1.58763069    2.31804501    1.70918657    1.49946197    1.78434130    1.36197116    1.47794588    1.20826667    1.70920792    1.37312190    1.65919295    1.47763725    1.98859038    2.35982510    2.55271361    2.10298840    1.68918822    2.22074313    1.50644329    1.35544257    1.42937780    1.29394799    1.57588749    1.62812459    1.22074363    1.57213084    2.46058840    1.38838215    2.22578667    2.24654795    1.60549285    1.54050967    1.49203792    1.62121497    1.31215365    1.13063842    2.00795569    2.24002486    2.09223305    2.75512979    2.12822132    1.76442845    2.63285303    1.88401951    1.82419882    1.58491056    1.83604381    1.48427737    1.65372179    1.50096800
K9VYD8_9CYAN/281-320     2.65589886    2.44704918    1.60872359    1.47820680    1.57255526    1.96643307    2.16441778    1.94222767    1.77422691    2.03102001    1.39282308    1.70708925    1.99173442    1.33632130    1.45460980    1.21520000    0.00000000    1.12065843    1.57295886    1.72832646    1.32073357    1.47430047    1.94664287    1.75391484    1.81778667    1.45846670    1.69565638    2.45014587    1.53267118    1.43548791    2.27563430    2.00678424    1.50061556    2.05329479    1.88786583    2.80311300    2.24401568    1.71333517    2.10579590    1.90017713    2.20331971    1.35564900    1.74831263    1.90453162    1.59985453    1.58204373    1.99103337    2.55450608    1.53284053    1.88927340    2.62176438    1.38070741    2.38674378    2.88501704    1.65623395    3.01082360    1.93988640    2.23615063    1.67409047    1.49926418    1.30485098    1.83351194    2.04777284    3.31353317    1.94606679    2.36424416    2.41328854    1.42423098    1.15094889    1.32055732    1.60322314    1.80108596    1.75810208    2.14661705    1.46409807    2.90271947    2.39606225    1.18113292    2.13198880    1.35949480    1.58166217    1.61176399    2.08983318    1.30489108    1.72210639    1.68738505    1.72512876    2.01369101    1.54966719    1.37583629    2.21503598    1.87205363    1.42628657    1.75626536    1.96032175    2.08962304    1.20616580    2.90745179    1.77590248    1.36135106    1.49021680    1.34449698    1.39868413    1.86717121    2.11856131    1.21111473    1.62427245    1.47729031    2.36369644    1.80509431    1.89003390    2.92866288    2.61560313    1.52756396    1.56485491    1.73053223    1.60078325    1.17002068    1.87126747    2.43376022    1.78522424    2.32937647    3.80034257    1.73929206    2.00605115    2.14632775    1.71624154    2.10991385    1.90484439    2.17023043    2.26369086    1.84002883    2.25356954    2.79919308    1.19550609    2.07651409    1.98064210    2.21301675    1.43129937    1.44461995    1.36885052    1.61795391    1.49656298    1.83773406    2.65354576    2.03764826    2.93108418    1.65104164    1.70759662    2.55447529    1.56503304    1.61695109    1.72021594    1.72228175    1.21439536    2.03903171    1.62944539
A1SQY5_PSYIN/95-134     1.73011997    1.74380054    1.74285139    1.70125340    1.85408563    1.99556624    2.47988591    1.84690131    1.82368730    1.58486619    1.15103324    1.31849781    1.36572407    1.16184471    1.21007229    1.08869594    1.12065843    0.00000000    1.37363854    1.23320205    1.02519996    1.45343105    1.74454443    1.19064948    1.75370520    1.79948336    2.13840850    1.76209465    1.45329690    1.77410181    2.07674184    2.17579026    1.37179033    1.47893854    1.55158376    2.16553606    2.03241418    2.23563308    1.50799457    1.97903208    1.81195834    1.57264233    1.65170268    1.84953022    1.59523047    1.83890360    2.10526206    1.61721653    1.57649928    1.88963568    2.28450979    1.70774238    1.71981198    2.37695239    1.89328133    1.91406545    1.60544690    2.11369539    2.44296422    1.32632599    1.55196549    2.09133709    1.93296685    1.92202333    2.16359860    2.14765497    2.41770491    1.34338135    1.58166041    1.36601033    1.53803665    2.25564734    1.63529037    2.68650081    2.01583696    2.57936915    2.43649583    1.17376350    1.92722162    1.66002142    2.27791336    1.87313736    1.44701979    1.27018429    2.26074482    1.62352326    1.69767175    1.97451573    1.41354986    1.41533820    1.85848130    1.92558267    2.26523147    1.50595184    1.97655097    1.83497265    1.83853937    2.31980275    1.88324528    2.13469167    1.73496246    1.53948401    1.79036730    2.07412271    1.96344311    1.33564450    2.19410939    2.00503713    1.60189172    1.77122941    1.61127279    2.28585190    1.77904391    1.50427089    1.64462584    1.64136381    1.53147370    1.37404550    1.31410116    2.07811759    2.33220006    2.05191853    2.27052985    1.59274287    2.12578559    2.39833856    1.75594275    1.93764361    1.62273450    2.04071660    1.64416322    1.28720249    1.94741839    2.41263014    1.65735712    2.75747520    2.59962622    2.24704391    1.41286589    1.48686174    1.79802263    1.91723761    1.30892527    1.89698044    1.92401699    1.74824440    2.53076616    1.24684311    1.44366618    4.87884568    1.91581498    1.60654018    1.39913172    2.14676317    1.74398687    1.96853771    1.76670752
