34
I3M694_ICTTR/22-125     0.00000000    1.28975077    1.81185697    1.19466929    1.03151981    1.16397905    1.03499684    1.19843344    2.60725240    2.42714087    2.47849574    2.14307678    2.41619252    2.52213485    2.89084485    1.60340770    1.97567273    2.19205995    1.94835382    1.95226053    1.59793848    1.93352209    1.89395219    2.09614468    2.23358689    2.03871076    1.14588899    1.76230110    1.98612660    1.70179265    1.65966066    1.16907508    1.16171943    1.18496166
Q38AE1_TRYB2/20-121     1.28975077    0.00000000    1.96051716    1.38717729    1.23982964    1.30504790    1.13704262    1.08031248    2.40883763    1.89891128    2.10323724    1.96578230    2.20758267    2.33154052    2.52690076    1.37217360    1.84200429    1.99904477    1.89385583    1.60089196    1.87913203    2.21189495    1.69753839    1.74699530    1.80507535    2.06840201    1.37208953    1.58358995    2.32833872    1.88255619    1.85465474    1.32941267    1.24947742    1.34314785
EPS1_YEAST/33-139     1.81185697    1.96051716    0.00000000    1.44900089    1.87318351    2.19130422    2.19079010    2.01637491    2.86677178    2.18619536    2.66082476    2.44158126    2.55686127    2.51974366    3.41679131    2.33674639    2.48248577    2.42019862    2.67135716    2.50481157    2.25393495    2.95985497    2.56034236    2.55513761    2.31379456    2.28721809    2.07804063    2.31932111    2.61756627    2.13257126    2.33897634    2.25802454    1.77192200    2.02382631
PDI_YEAST/33-137     1.19466929    1.38717729    1.44900089    0.00000000    0.99337119    0.98102185    0.86447546    0.94560812    2.17782600    1.95219205    2.18585169    1.94234382    1.91246223    2.28507447    2.50364333    1.75707050    2.09040187    2.04148071    2.12658393    1.79165628    1.98469808    2.12989039    1.95975492    1.93577580    1.86204865    1.70163532    1.25520667    1.50836954    1.69071598    1.48068983    1.42338266    1.18688621    1.12349427    1.09664138
PDIA3_MOUSE/26-130     1.03151981    1.23982964    1.87318351    0.99337119    0.00000000    0.76755712    0.75080649    0.75358196    2.40310905    2.13604601    2.02194442    2.06084544    2.27702990    2.47643185    2.38516678    1.52295877    1.86057831    1.54442993    1.59915093    1.51089637    1.57077091    1.75000893    1.80499189    1.94857623    2.02490117    1.82254503    1.13191054    1.37990860    1.53928215    1.43792434    1.44295353    0.98875299    0.84694647    0.89779066
G4VFC2_SCHMA/18-122     1.16397905    1.30504790    2.19130422    0.98102185    0.76755712    0.00000000    0.83639445    0.81862709    2.47693503    1.96418717    2.12642280    1.93344938    2.12744280    2.03300587    2.48382149    1.60789351    1.90317796    1.82533897    1.74471176    1.83573517    1.70114942    2.08150982    2.04043134    2.20090551    2.11339432    2.01274574    1.44759956    1.64445453    1.79789945    1.76347656    1.68438761    1.04881166    1.03571819    1.35995422
PDIA4_CAEEL/148-251     1.03499684    1.13704262    2.19079010    0.86447546    0.75080649    0.83639445    0.00000000    0.55316832    2.14247932    2.06472564    2.10666309    1.94810495    2.04564392    2.09659537    2.72653659    1.73994401    1.83756952    1.72201254    1.71155422    1.82121491    1.90542139    2.14470659    1.77124791    1.66911719    2.10243385    1.75729766    1.04326137    1.55073324    1.57621462    1.35641229    1.17793251    0.74112659    0.84371443    0.94215972
PDIA4_RAT/176-279     1.19843344    1.08031248    2.01637491    0.94560812    0.75358196    0.81862709    0.55316832    0.00000000    2.09552856    1.84165596    2.09076868    1.98649525    2.16943365    2.01376998    2.58364202    1.52882795    1.81240265    1.85790774    1.79611893    1.85539371    1.79776522    2.19711032    1.77348478    1.61323025    1.89346948    1.90816120    0.97416056    1.42160635    1.70682225    1.25401397    1.25436170    0.74570048    0.92544648    0.84004893
THIO3_DICDI/4-102     2.60725240    2.40883763    2.86677178    2.17782600    2.40310905    2.47693503    2.14247932    2.09552856    0.00000000    1.15971597    1.20263182    1.43603014    1.35880953    1.81862720    2.11864055    1.59999431    1.46841539    1.64505572    1.73204949    1.60654598    1.52128594    2.17200329    1.81411457    1.34736481    1.23289377    1.70928612    1.96141087    2.22776308    2.12785222    2.09357361    2.24301901    1.89494620    2.02488907    2.15122979
THIO_MOUSE/2-103     2.42714087    1.89891128    2.18619536    1.95219205    2.13604601    1.96418717    2.06472564    1.84165596    1.15971597    0.00000000    0.87055536    1.00635510    1.03923453    1.17775660    2.08937770    1.58028968    1.73347507    1.58468976    1.57396928    1.83395980    1.53253516    2.15282225    1.61519516    1.02964999    1.01055312    1.40823317    1.73033406    2.38051122    2.13521655    1.79584321    2.22496696    2.20276444    1.87273902    1.97407926
A8IZR5_CHLRE/5-109     2.47849574    2.10323724    2.66082476    2.18585169    2.02194442    2.12642280    2.10666309    2.09076868    1.20263182    0.87055536    0.00000000    0.94357617    0.98808154    1.49990570    2.16260954    1.33764249    1.32228104    1.32088246    1.52446567    1.42791806    1.40143274    1.84424615    1.60468881    1.08180425    1.10445920    1.51894403    1.89773428    2.35612998    2.15739116    2.28189884    2.37922270    1.86927184    1.83474786    1.96317381
TRXH1_ARATH/8-111     2.14307678    1.96578230    2.44158126    1.94234382    2.06084544    1.93344938    1.94810495    1.98649525    1.43603014    1.00635510    0.94357617    0.00000000    0.30182195    1.44072188    2.42347521    1.59591016    1.49486988    1.53917922    1.72008018    1.72781057    1.05950431    2.00415161    1.71888790    1.18686572    1.23676345    1.39577542    1.86899975    2.32035489    2.23622483    1.84437640    1.99622125    2.02549718    1.91094308    2.13695892
K7WNV9_SOLTU/7-110     2.41619252    2.20758267    2.55686127    1.91246223    2.27702990    2.12744280    2.04564392    2.16943365    1.35880953    1.03923453    0.98808154    0.30182195    0.00000000    1.32211242    2.53824476    1.57098706    1.70068300    1.75153929    1.67615324    1.72014112    1.28260135    2.07778546    1.61830607    1.02890388    1.21357070    1.27478857    2.05682921    2.56133910    2.34707794    2.04901943    2.01287610    2.15873640    1.98494585    2.16267104
TRX3_YEAST/27-126     2.52213485    2.33154052    2.51974366    2.28507447    2.47643185    2.03300587    2.09659537    2.01376998    1.81862720    1.17775660    1.49990570    1.44072188    1.32211242    0.00000000    2.33247136    1.26494013    1.48852641    1.74241529    1.48725870    1.90703721    1.39926790    2.06103322    1.36227291    0.91717805    1.01414262    1.40405931    2.21160907    2.54345296    2.27750778    2.17407381    2.08225216    2.20066709    2.12224969    2.08614425
TXLA_SYNE7/39-145     2.89084485    2.52690076    3.41679131    2.50364333    2.38516678    2.48382149    2.72653659    2.58364202    2.11864055    2.08937770    2.16260954    2.42347521    2.53824476    2.33247136    0.00000000    2.25722186    1.93276990    1.76700009    1.89954144    1.88015601    1.75478546    1.99349464    2.19009438    2.13643661    2.09167186    2.51218228    2.35164092    2.56905849    2.63886526    2.76234979    2.70625455    2.79574422    2.57596974    2.66670116
A6WX34_OCHA4/2-104     1.60340770    1.37217360    2.33674639    1.75707050    1.52295877    1.60789351    1.73994401    1.52882795    1.59999431    1.58028968    1.33764249    1.59591016    1.57098706    1.26494013    2.25722186    0.00000000    0.57605636    0.79524959    0.65163574    0.75210632    0.66673481    1.43069554    0.83382507    1.15115250    1.09580029    1.60726029    1.70473219    1.93815474    2.19997503    2.21593900    2.06992814    1.62624238    1.50968878    1.62056178
Q3J6B4_RHOS4/2-104     1.97567273    1.84200429    2.48248577    2.09040187    1.86057831    1.90317796    1.83756952    1.81240265    1.46841539    1.73347507    1.32228104    1.49486988    1.70068300    1.48852641    1.93276990    0.57605636    0.00000000    0.74299134    0.64914796    0.82067746    0.77289593    1.27273966    1.02519251    1.12375188    1.21862343    1.86096568    2.10685359    2.09146479    2.08013903    2.02759114    2.12963394    1.64115849    1.89400385    2.02654524
Q6F877_ACIAD/8-110     2.19205995    1.99904477    2.42019862    2.04148071    1.54442993    1.82533897    1.72201254    1.85790774    1.64505572    1.58468976    1.32088246    1.53917922    1.75153929    1.74241529    1.76700009    0.79524959    0.74299134    0.00000000    0.76370587    0.83016356    0.93359285    1.24746920    1.14909155    1.33006871    1.24567944    1.61568049    1.48946538    1.89944754    1.72871696    2.13135072    2.08833207    1.76644504    1.84426831    1.76403503
THIO_HAEIN/3-105     1.94835382    1.89385583    2.67135716    2.12658393    1.59915093    1.74471176    1.71155422    1.79611893    1.73204949    1.57396928    1.52446567    1.72008018    1.67615324    1.48725870    1.89954144    0.65163574    0.64914796    0.76370587    0.00000000    0.70517815    0.69388504    1.19428113    1.07611510    1.29760680    1.41457106    1.53745392    1.79921337    1.79505650    1.76679705    1.89684103    1.80567174    2.03021981    1.65863863    1.60770672
Q329V9_SHIDS/22-124     1.95226053    1.60089196    2.50481157    1.79165628    1.51089637    1.83573517    1.82121491    1.85539371    1.60654598    1.83395980    1.42791806    1.72781057    1.72014112    1.90703721    1.88015601    0.75210632    0.82067746    0.83016356    0.70517815    0.00000000    0.90555374    1.03969149    0.91383423    1.19276666    1.45791670    1.58170091    1.62181219    1.82204531    1.81102568    2.04985333    2.12161292    1.82943277    1.89371788    1.77065929
THIO1_SYNE7/3-105     1.59793848    1.87913203    2.25393495    1.98469808    1.57077091    1.70114942    1.90542139    1.79776522    1.52128594    1.53253516    1.40143274    1.05950431    1.28260135    1.39926790    1.75478546    0.66673481    0.77289593    0.93359285    0.69388504    0.90555374    0.00000000    1.10788466    0.84928008    1.21857204    1.12544078    1.69029528    1.80251354    2.09543765    2.01620515    2.02598949    2.03637097    1.92355492    1.68289158    1.78874176
THIO2_NOSS1/4-106     1.93352209    2.21189495    2.95985497    2.12989039    1.75000893    2.08150982    2.14470659    2.19711032    2.17200329    2.15282225    1.84424615    2.00415161    2.07778546    2.06103322    1.99349464    1.43069554    1.27273966    1.24746920    1.19428113    1.03969149    1.10788466    0.00000000    1.31192778    1.88412336    2.02843379    1.93501982    2.03161121    2.13861015    1.97210568    2.23417790    2.52739184    1.90226350    2.20174579    1.93163908
TRXB_MYCLE/350-452     1.89395219    1.69753839    2.56034236    1.95975492    1.80499189    2.04043134    1.77124791    1.77348478    1.81411457    1.61519516    1.60468881    1.71888790    1.61830607    1.36227291    2.19009438    0.83382507    1.02519251    1.14909155    1.07611510    0.91383423    0.84928008    1.31192778    0.00000000    1.16402613    1.36854965    1.78527615    1.73912061    2.01913893    1.93733146    1.93194197    1.96198575    1.79135642    1.84425718    1.71561731
TRX1_YEAST/2-101     2.09614468    1.74699530    2.55513761    1.93577580    1.94857623    2.20090551    1.66911719    1.61323025    1.34736481    1.02964999    1.08180425    1.18686572    1.02890388    0.91717805    2.13643661    1.15115250    1.12375188    1.33006871    1.29760680    1.19276666    1.21857204    1.88412336    1.16402613    0.00000000    0.77417396    1.28546474    1.77319493    2.22288705    2.18749527    2.03268629    2.06901308    1.85010317    1.77380787    1.92004649
THIO_EMENI/7-107     2.23358689    1.80507535    2.31379456    1.86204865    2.02490117    2.11339432    2.10243385    1.89346948    1.23289377    1.01055312    1.10445920    1.23676345    1.21357070    1.01414262    2.09167186    1.09580029    1.21862343    1.24567944    1.41457106    1.45791670    1.12544078    2.02843379    1.36854965    0.77417396    0.00000000    1.59709920    1.77721002    2.21987039    2.61807032    2.62056172    2.56034674    2.13992701    1.84381124    1.82684199
THIO1_CAEEL/10-110     2.03871076    2.06840201    2.28721809    1.70163532    1.82254503    2.01274574    1.75729766    1.90816120    1.70928612    1.40823317    1.51894403    1.39577542    1.27478857    1.40405931    2.51218228    1.60726029    1.86096568    1.61568049    1.53745392    1.58170091    1.69029528    1.93501982    1.78527615    1.28546474    1.59709920    0.00000000    1.48412116    1.96791674    1.74922426    1.63233626    1.79504022    1.97749723    1.53491322    1.46648269
I1L7R5_SOYBN/147-252     1.14588899    1.37208953    2.07804063    1.25520667    1.13191054    1.44759956    1.04326137    0.97416056    1.96141087    1.73033406    1.89773428    1.86899975    2.05682921    2.21160907    2.35164092    1.70473219    2.10685359    1.48946538    1.79921337    1.62181219    1.80251354    2.03161121    1.73912061    1.77319493    1.77721002    1.48412116    0.00000000    1.16970525    1.12007269    1.02336884    1.00871405    1.08491287    0.97622752    0.96292651
PDI_YEAST/377-482     1.76230110    1.58358995    2.31932111    1.50836954    1.37990860    1.64445453    1.55073324    1.42160635    2.22776308    2.38051122    2.35612998    2.32035489    2.56133910    2.54345296    2.56905849    1.93815474    2.09146479    1.89944754    1.79505650    1.82204531    2.09543765    2.13861015    2.01913893    2.22288705    2.21987039    1.96791674    1.16970525    0.00000000    0.98045743    1.22919849    1.03304121    1.44257110    1.52999600    1.34778282
PDIA4_RAT/524-631     1.98612660    2.32833872    2.61756627    1.69071598    1.53928215    1.79789945    1.57621462    1.70682225    2.12785222    2.13521655    2.15739116    2.23622483    2.34707794    2.27750778    2.63886526    2.19997503    2.08013903    1.72871696    1.76679705    1.81102568    2.01620515    1.97210568    1.93733146    2.18749527    2.61807032    1.74922426    1.12007269    0.98045743    0.00000000    0.77373171    0.69328741    1.34441930    1.51782138    1.36379851
PDIA3_RAT/377-482     1.70179265    1.88255619    2.13257126    1.48068983    1.43792434    1.76347656    1.35641229    1.25401397    2.09357361    1.79584321    2.28189884    1.84437640    2.04901943    2.17407381    2.76234979    2.21593900    2.02759114    2.13135072    1.89684103    2.04985333    2.02598949    2.23417790    1.93194197    2.03268629    2.62056172    1.63233626    1.02336884    1.22919849    0.77373171    0.00000000    0.57626668    1.23608609    1.19962876    1.43347924
PDIA4_CAEEL/500-606     1.65966066    1.85465474    2.33897634    1.42338266    1.44295353    1.68438761    1.17793251    1.25436170    2.24301901    2.22496696    2.37922270    1.99622125    2.01287610    2.08225216    2.70625455    2.06992814    2.12963394    2.08833207    1.80567174    2.12161292    2.03637097    2.52739184    1.96198575    2.06901308    2.56034674    1.79504022    1.00871405    1.03304121    0.69328741    0.57626668    0.00000000    1.40417184    1.26125489    1.28727930
PDIA4_CAEEL/37-136     1.16907508    1.32941267    2.25802454    1.18688621    0.98875299    1.04881166    0.74112659    0.74570048    1.89494620    2.20276444    1.86927184    2.02549718    2.15873640    2.20066709    2.79574422    1.62624238    1.64115849    1.76644504    2.03021981    1.82943277    1.92355492    1.90226350    1.79135642    1.85010317    2.13992701    1.97749723    1.08491287    1.44257110    1.34441930    1.23608609    1.40417184    0.00000000    0.82414300    0.85875661
PDIA1_CHICK/30-136     1.16171943    1.24947742    1.77192200    1.12349427    0.84694647    1.03571819    0.84371443    0.92544648    2.02488907    1.87273902    1.83474786    1.91094308    1.98494585    2.12224969    2.57596974    1.50968878    1.89400385    1.84426831    1.65863863    1.89371788    1.68289158    2.20174579    1.84425718    1.77380787    1.84381124    1.53491322    0.97622752    1.52999600    1.51782138    1.19962876    1.26125489    0.82414300    0.00000000    1.00329899
PDIA4_MOUSE/56-159     1.18496166    1.34314785    2.02382631    1.09664138    0.89779066    1.35995422    0.94215972    0.84004893    2.15122979    1.97407926    1.96317381    2.13695892    2.16267104    2.08614425    2.66670116    1.62056178    2.02654524    1.76403503    1.60770672    1.77065929    1.78874176    1.93163908    1.71561731    1.92004649    1.82684199    1.46648269    0.96292651    1.34778282    1.36379851    1.43347924    1.28727930    0.85875661    1.00329899    0.00000000

