125
Q10XU1_TRIEI/53-308     0.00000000    3.15000405    5.04379687    3.53313648    4.50747870    3.63393211    3.46913962    3.50356878    4.27596341    3.65864031    3.06553849    3.71002358    4.01673991    3.74025005    4.04246752    3.81733075    4.68493337    4.25652933    4.39366122    3.40139111    3.60164389    3.86628907    3.49875890    4.21840295    3.39522328    3.88467822    3.60728618    3.95391608    3.55157034    3.05023056    3.51412489    3.92457153    5.09230776    4.69717948    3.43022775    4.70799289    3.87301414    3.95632001    3.99675755    2.62954139    3.32927436    4.18723630    3.79271271    3.74755558    2.83786549    3.86676004    3.18742062    3.35763434    3.85287512    3.37944675    5.29142418    6.25617558    4.13915556    3.63928520    4.07646366    3.57962140    3.67340755    4.46653133    4.17057012    5.07975379    4.95326965    4.94351918    4.08153117    4.84002829    3.86665483    3.51301387    3.93702414    3.96878320    3.42610031    4.03674794    4.40270473    4.32187245    3.77548172    4.03661239    3.53178630    4.06920909    4.63208570    4.43944982    3.59286276    4.03229046    3.29466849    4.05871042    3.36859554    3.40576991    3.60260723    3.28917459    3.88128073    4.11483869    4.48399458    3.78621374    3.98313183    4.76809476    3.29744583    3.87227452    4.11389502    4.99108984    3.74584103    3.57411173    4.51719474    3.94227312    3.46136481    4.06680632    4.10052460    5.80613694    4.16298916    5.09014412    4.74336302    3.38033604    3.22535503    3.51553786    3.73571048    3.67211809    3.43873844    4.22214929    3.33021433    4.33628573    3.65933818    3.86593043    6.00212336    3.27463063    3.37592992    3.30787507    2.95130455    3.33513985    2.99332708
A6C2T5_9PLAN/43-291     3.15000405    0.00000000    4.98741129    4.28000394    3.64133593    3.85883349    4.25220972    4.38601471    4.50579098    5.16779155    3.88808388    4.51121309    4.30099801    5.04378559    4.07582328    3.85183387    4.04665829    3.95463794    5.48887184    3.73614304    3.72608322    4.65754602    4.64944460    4.27211674    3.99267946    4.63989540    3.94153899    4.39248177    3.27477714    3.17749620    3.54169018    4.51219992    4.73690080    4.32125985    3.71384739    3.96587901    4.01451667    3.96888710    4.05528971    2.98134417    3.78507657    3.34434417    3.55351726    3.51700572    3.32554077    3.13538405    3.10064027    3.07075775    4.14549453    3.97495417    6.69495840    6.03880666    2.98865831    4.08939987    6.29882709    4.93550523    4.75832045    7.84742982    5.29380744    5.72756564    4.84165751    4.59510761    5.85013195    4.69568603    6.00730633    5.41050370    5.15577151    5.72341369    4.67407384    4.96685856    3.74603402    4.15088597    4.43476744    4.22312009    4.36074832    4.38969449    6.43581096    4.81850274    4.51327775    4.91741748    3.94168732    4.62345395    4.38379851    4.66135093    3.91147272    4.37050762    5.73588920    4.58376486    6.15866357    5.45427201    5.48440207    5.01142157    3.97894554    4.30293771    3.90362555    4.23055405    4.34209559    4.89123352    4.38473621    3.77107925    3.78388388    3.96149233    4.21713019    4.21329024    4.08402491    4.54829879    5.21755317    3.51083364    5.14749587    3.97439438    4.91289095    3.76994741    4.83765418    3.82687704    4.08103416    4.60642955    3.93743373    5.02395619    5.25969353    4.32059877    3.79179810    3.81000623    3.02828717    3.29237538    3.11499497
Q399K8_BURL3/46-296     5.04379687    4.98741129    0.00000000    4.12567988    4.01373040    3.64523266    4.01012139    6.12556447    5.89928267    5.62885418    3.71990286    4.15243496    4.78866172    4.12383107    4.73619864    4.51455420    4.49014061    5.84031031    3.21696400    3.81904013    5.24889311    5.25972835    5.57019816    5.11650255    4.31970211    4.56350090    4.75932611    4.22324951    4.28399427    4.33333240    5.26688261    4.31244043    4.45899846    3.78074503    4.59136249    5.49792705    5.07492455    4.30816877    4.00428049    3.53569921    4.71773968    5.16933030    3.44545721    5.23027577    4.14820568    3.54407869    4.45788794    5.15706706    5.20580156    4.50276029    6.80572890    5.69280216    3.64071232    3.64914464    3.89809712    4.41241217    6.27057975    6.69252135    5.41942681    6.15472875   10.46809535    8.20203778    6.52564228    5.09518966    5.30813012    5.35119680    5.78121875    9.51398173    5.35079737    5.17895410    4.54191688    5.40699052    5.74915040    5.80470761    5.61971072    4.50897161    4.16070391    6.62099044    5.00649303    5.59730172    5.26763615    5.00327398    4.42862461    4.92701121    5.38857425    5.67676003    6.59487903    4.41430312    5.89621080    5.55191834    4.18508849    5.96326832    4.83395951    5.51095506    4.93996211    5.90568771    4.31085816    3.96307747    4.96462357    4.53502766    4.23317350    4.47454625    4.31244887    3.64834850    4.94720676    4.39351216    5.01588246    5.35827553    4.72880260    4.35213058    4.08796343    4.14273003    6.03302240    5.64566869    5.59223548    4.85719701    4.82678049    5.49327659    4.44672452    4.29029450    4.27149453    4.46634581    4.70945254    5.44229872    5.20147617
A6GE09_9DELT/48-306     3.53313648    4.28000394    4.12567988    0.00000000    3.65417540    3.98721186    3.23883952    3.25501660    4.94214830    4.52163937    3.69862853    5.32039975    4.71287935    4.70936813    4.10959183    4.41782763    4.26841556    3.43828046    4.90191185    4.89119751    4.17739657    4.20182096    3.20080363    5.32356573    3.61900912    5.02452441    3.59797978    3.22876423    3.13863839    4.32069389    4.07508834    5.69993202    3.77964919    3.62965628    3.17461880    3.34527226    2.98684480    3.79570319    3.29868354    3.49583662    3.44245487    4.69116355    2.98435722    4.54908823    3.39069265    4.12861194    3.12034943    4.56609182    4.46865672    3.47576476    4.10551737    4.56630986    4.59020063    3.28370126    4.34448546    4.19600085    5.65939569    6.59937051    4.45432592    7.26800578    5.80486666    4.86826906    4.13175010    5.70455280    4.73944216    4.82753058    4.36344270    5.70911756    3.76223729    4.82190379    6.71193374    4.29610486    4.84897163    4.74998290    3.41584739    4.90376627    5.55653628    4.71137640    4.25684377    3.92999834    4.16783941    3.95662219    3.82889005    6.04545231    5.17939441    3.89527851    4.95016539    5.11185890    4.60355548    4.55883324    5.15280338    4.32366782    4.08819168    3.31649077    3.56813265    3.62534864    3.04095013    3.62266728    4.73010172    4.77567756    4.44679096    4.12319108    4.84993007    3.49798591    3.28154666    5.32881058    5.06670286    3.82171642    4.10818980    4.37740274    5.48802476    3.91685946    4.82362945    4.68098329    4.03489273    3.43771230    4.02731271    3.30924334    4.82186959    3.00915849    3.19800508    3.25831846    3.58992309    3.37804748    3.89231705
A0A2B8IWF5_BACAN/53-304     4.50747870    3.64133593    4.01373040    3.65417540    0.00000000    2.03971417    4.22924213    4.86419126    4.10859442    5.55017666    3.49546156    3.57501734    4.44756934    3.55381614    5.40236528    4.76534322    4.57305154    3.91185622    4.00598775    3.62610456    3.88343793    3.74625729    4.51227110    3.32285371    3.45085443    4.94909465    4.02252262    3.40351825    3.33648913    3.91480631    3.86565743    5.02792582    3.30035811    3.60198890    3.74711192    2.86486414    4.21439031    3.33434858    3.70306249    3.43533483    3.50702841    4.39331859    3.66856351    3.67773851    3.93335650    3.01893930    3.03739319    3.80369224    3.78250579    4.95899737    5.24663247    4.39626885    4.24594719    3.51269592    4.74972182    4.00262047    4.98578730    5.63496248    4.70709331    5.00290414    5.79319556    4.71110462    4.13132246    4.85903176    4.96798470    3.72708054    3.36404033    3.42134648    4.22083175    3.74003530    3.61560110    3.11455509    3.54722653    4.53482356    4.13874854    4.13121486    3.26470415    3.20506150    3.18251236    3.59623641    3.96352137    3.64683127    3.36141621    4.18709646    3.68456066    3.95104483    3.40359034    4.38613110    5.28466773    4.36733811    3.90872223    4.39093361    4.61397128    3.88476582    3.31524249    4.45154529    3.17492115    3.58546881    3.40236176    3.65329888    3.78458296    4.45487495    3.75728790    3.34577304    4.49283160    3.94318152    4.05045035    4.26835846    5.54442893    4.32456908    4.21700150    4.33338907    4.30312980    3.52401071    3.43535673    3.89775424    4.93935388    4.20676974    4.37614486    4.17298351    3.11912294    3.51090198    3.57640831    3.60040143    3.49060545
A1U2S5_MARHV/65-319     3.63393211    3.85883349    3.64523266    3.98721186    2.03971417    0.00000000    3.55229358    5.41867964    3.68475199    4.30078499    3.14439274    3.30581564    3.00866002    3.21290786    4.92988156    3.99485380    4.21194178    4.47152506    4.20358277    3.83107934    4.01735369    4.08955799    4.16372627    3.20383351    3.37733381    3.67375121    3.39605911    3.58303581    3.94071893    3.41628865    4.53659083    4.95651849    3.51452154    3.10403913    3.90467386    3.63986122    3.51952306    3.39480345    3.61005000    2.99072473    3.46078747    3.75860249    3.95208178    3.75784906    3.53815770    2.95751691    3.07510568    3.40172955    3.23894261    3.61456485    5.05503483    4.94779548    4.02007467    4.28355219    4.85555047    4.10051870    5.01440878    4.50502506    4.42926909    5.15972674    4.90398264    4.91498719    5.25169637    4.57126832    4.32323322    4.16149051    3.38586407    4.04080885    4.44343203    4.90735068    4.39537464    3.79507758    3.75104061    3.51668638    3.47162975    3.38727478    3.91187804    3.66883714    3.38439362    3.92076519    4.44181666    4.09926203    3.53315720    4.27721273    4.39214346    4.42202985    4.73857355    3.99162001    3.88159205    4.25945863    3.51656906    5.72936204    4.28101129    3.89630156    3.51565221    4.31284284    3.04201746    4.38894139    3.74944197    4.05565229    4.60212222    3.79197140    4.68646585    4.38467232    4.18438059    4.78490163    3.96578610    3.97959862    4.00159582    4.23736834    5.49074487    4.23658716    3.64034710    3.51872402    4.28199551    3.60274380    3.68449587    4.25623992    3.80525363    3.12513102    3.71520481    2.98765208    3.25371301    4.27033623    3.35330745
A3VA90_9RHOB/94-321     3.46913962    4.25220972    4.01012139    3.23883952    4.22924213    3.55229358    0.00000000    1.17725559    1.75848065    2.44309811    1.62445077    1.85136597    1.80385453    2.56569708    2.64879853    2.20447302    2.56608367    2.64829831    3.32870603    3.43983637    4.40499687    3.34560267    3.84741991    4.82230466    4.34510365    6.01930795    3.30188694    3.35869742    5.23710653    3.50656293    3.50524486    4.58526471    3.74599678    4.44869508    3.22625664    3.51242908    3.77447974    3.72104241    3.40421597    3.34273241    3.97844473    3.50785433    3.94532649    3.13147066    3.53935427    3.13723125    3.11301968    2.73916688    3.41073423    3.58112708    4.67389868    4.83769920    3.52909355    3.62468750    4.16779507    4.96297311    4.55023355    5.04473032    3.90485291    4.81721033    4.22191445    5.63632733    6.58377769    3.99959192    4.36621322    4.21640454    3.98974875    6.09329231    4.27966114    5.82462811    5.20411758    5.60488669    3.64870036    4.54373556    4.91511632    4.61969062    4.13294527    6.22480741    4.31932750    4.45432970    3.76893357    5.05454724    3.56031895    4.48622417    4.52851175    4.74508295    4.36084590    5.04930273    6.79648664    4.76311943    4.18620963    6.29245881    4.16125563    3.29841887    3.99451753    4.68655184    4.81388522    3.93931255    6.77207815    4.71958121    5.93809199    4.53005973    3.88099137    4.12974708    4.53981531    4.10960444    5.45036553    3.54592662    4.09260613    3.70691361    4.11552508    3.10119096    4.71441105    5.64407585    3.71269930    3.60178165    3.41961946    4.33458112    4.14247261    4.88504016    3.38257471    3.10612329    3.81201526    4.19784192    3.32369227
A3SKE9_ROSNI/90-318     3.50356878    4.38601471    6.12556447    3.25501660    4.86419126    5.41867964    1.17725559    0.00000000    2.27407034    2.19050050    1.88406773    2.03945245    2.10222610    2.62713349    2.36496972    2.41009329    2.43488232    2.49717785    3.77223600    4.16109848    4.74068052    4.03818069    3.42970904    4.85287375    4.15828080    5.07248621    4.39761647    3.70804218    4.32651538    3.95076191    3.67132795    4.61811743    3.70805355    4.22011088    3.54431067    4.31649280    3.29229248    4.74821184    4.15152467    4.47628354    3.72902965    5.07178247    6.16430645    4.69057207    4.10585005    4.03898916    3.88159078    3.53639384    4.22457331    3.99311791    4.32626939    4.61868200    4.77634355    3.17510177    5.76747169    4.94221835    4.41933535    5.55098688    5.56887913    4.97420586    5.64525423    5.22865884    4.53254458    3.49222373    5.39930373    4.68621694    4.30777651    5.13587025    5.26680247    5.03522344    6.11351528    6.23897482    5.63130412    6.76418530    6.85446180    6.40681496    6.81023911    4.93642858    6.22652327    6.03482993    4.97573046    5.83692257    4.57861306    6.17456476    5.47524085    5.78644778    6.12436952    5.61178890    5.23755253    5.25003477    5.20471624    4.91748006    4.43772589    5.45627566    5.11803625    5.73052217    5.52334397    4.02254773   11.90268575    5.18017164    6.62992771    5.05324760    3.71762160    4.68584697    6.00666892    4.60045523    6.14751739    3.53804450    4.30237793    3.49611347    5.92572476    4.21318771    4.93172052    3.76620173    4.09774123    4.40363649    4.37739184    4.19755083    6.13017960    4.34641763    3.97268479    3.93303474    3.85032589    4.51415250    4.15844427
Q23T88_TETTS/108-338     4.27596341    4.50579098    5.89928267    4.94214830    4.10859442    3.68475199    1.75848065    2.27407034    0.00000000    1.13028192    1.99834890    2.02033728    1.87966881    2.88062285    2.39313957    2.34223727    2.40665567    2.72515824    4.35896418    4.10040275    4.61712308    4.21108207    4.43709691    4.62582692    4.23048461    6.17809238    3.50551191    4.83399300    4.03219872    3.85190821    4.13858505    4.37093108    3.88325027    5.47701648    3.96761441    4.01184497    4.66816546    4.44378776    3.57387748    4.11995053    4.29656244    4.00579875    4.73760906    4.41545936    3.92900665    3.69205193    4.28349540    3.96749608    3.90409001    3.46002403    5.47454731    3.58478483    4.17372187    3.62060509    5.09333878    4.60640946    5.05547716    5.57534707    4.23212353    5.62571535    6.02496768    5.50278908    5.08463323    4.90298570    5.15998403    4.81768026    3.78815114    6.12311759    4.79779333    5.01761916    5.63622028    5.89399268    4.17431132    6.45128787    4.96004821    4.85651822    6.51947990    6.01246806    4.54271823    4.74202480    5.05061763    4.71785548    3.86298159    4.28826010    3.76039330    4.08854534    3.55439554    4.72784065    6.55348164    6.32781348    5.01740075    4.39475448    4.53333957    3.84962594    4.62030628    4.40649642    4.06932128    3.68036345    4.69377850    4.33776185    4.92608601    3.81287312    4.37958888    3.67402477    3.32956215    4.14992715    4.14932625    4.98760969    6.32047749    2.99189138    4.00359923    3.56660259    5.33939801    5.21271799    3.75089886    5.00347635    3.36512942    4.23164352    4.61217871    4.10164272    3.62494971    3.65031360    3.41487618    3.86971550    3.98175300
Q23T87_TETTS/98-328     3.65864031    5.16779155    5.62885418    4.52163937    5.55017666    4.30078499    2.44309811    2.19050050    1.13028192    0.00000000    2.37162734    2.15742395    2.14926215    2.90153295    2.56944956    2.70240557    2.98038583    2.94449913    4.02145468    4.61116277    5.80267543    4.85522827    5.31661858    5.27861801    5.33896594    7.02346063    3.57737787    3.95863358    4.79857307    5.35260238    5.34840583    5.63959375    4.71086083    5.60493891    3.97048538    5.11490791    4.29587049    4.04728112    4.74107312    4.59154872    4.13802077    4.32265726    4.73850238    4.39986617    5.03653783    3.69268926    4.06767115    3.86094820    4.45888408    3.99127401    6.47559061    4.58090574    3.99591942    3.88578177    6.58007296    7.35163804    4.59641068    8.25295532    5.53460081    7.84969595    7.75087560    4.66185151    5.58346852    7.41546739    7.02389812    8.63881952    5.56906787    7.80616866    7.34524929    6.47568178    5.52506315    7.94654936    4.61570346    9.40588813    5.56103610    5.30574949    7.35352971    6.53834147    4.28326260    5.15561268    6.98290209    5.97883246    3.40832292    4.34473204    4.80035677    6.73950528    4.35169788    5.15505908    8.98367588    7.74693314    4.90986066    5.92909049    5.40175201    4.86525410    5.26128714    3.67155724    4.78931014    4.30967326    5.00851185    5.31429713    5.40918518    4.87238512    3.80740350    5.22342183    4.04601519    4.71048517    4.81023427    5.11807516    6.43321190    3.03093358    6.44728806    4.39026549    6.96615029    4.98065349    4.76893511    5.35294720    4.37956445    4.52521598    6.71229937    3.90225036    4.02984976    3.66764970    4.34695984    3.82584134    4.58713362
A1B3U6_PARDP/103-337     3.06553849    3.88808388    3.71990286    3.69862853    3.49546156    3.14439274    1.62445077    1.88406773    1.99834890    2.37162734    0.00000000    1.45102958    1.44906769    2.37882127    2.29411833    1.94459300    2.35644459    3.11845982    2.75065240    3.90569607    5.65354404    4.43773154    5.09689881    4.44104662    3.97276392    5.17872021    3.65508362    2.96291186    3.73461994    3.96289376    3.86725333    6.01486168    4.07761047    4.40447077    3.21890500    3.81372540    4.08935453    4.06243588    2.96254893    3.62041189    3.97872523    3.82497402    3.30967825    3.42059818    3.89048273    3.53930305    3.59091132    2.50730883    3.33742906    3.59035661    3.86226632    3.50504796    3.44098779    3.25700290    4.32755261    4.62991382    3.69160131    4.79514290    3.83858156    5.55395875    5.13813036    5.76683349    3.92390880    4.04283637    4.03907730    4.68151381    3.77246256    7.51772714    3.73392195    5.24878415    4.29335998    5.12490553    3.45448323    4.56877737    3.84533724    4.50137440    3.97609271    7.47246285    3.88530800    4.85076224    4.06443434    4.87056803    3.11323582    4.35749828    4.48414309    5.64962856    4.19424969    3.78178769    6.62247487    4.35146999    3.85667804    4.31329141    4.27593785    3.20658344    4.18141480    5.13664222    4.40057946    3.66354100    4.34724682    3.48028977    6.48922110    4.39166507    3.81360755    3.23528097    4.18218521    4.90536678    4.50656199    3.63362245    4.09979108    3.52130773    3.38702305    3.01598035    4.66139610    3.95534548    3.69054396    3.70663081    4.10876284    3.18979526    5.14409141    3.92198723    3.36792942    3.56236043    3.27484927    4.39536705    3.53746317
O05895_MYCTU/137-373     3.71002358    4.51121309    4.15243496    5.32039975    3.57501734    3.30581564    1.85136597    2.03945245    2.02033728    2.15742395    1.45102958    0.00000000    1.12674288    2.00343768    1.95930886    1.86894406    2.20020908    2.81287980    3.51730975    4.14184496    5.31963579    3.83697452    4.73610648    4.91335847    3.53790613    5.69238916    3.39087136    2.94185780    5.03673392    3.24061654    3.31870992    4.25285745    3.45215561    4.88689500    3.29448427    4.25658633    4.17182386    4.45818564    3.59478277    3.33121539    3.47657413    3.36495902    4.90796200    3.84406007    3.92582524    4.15080469    4.01367021    2.90121619    3.76671603    3.06523578    4.54220388    4.68242941    4.10313070    3.45457788    4.80802219    3.96147016    4.07867120    4.23598431    4.92317978    4.24591182    5.03622354    5.16842405    4.60616090    4.44521710    8.87273176    4.22159982    3.98188361    6.77122111    4.22005616    4.02999940    4.25650108    5.26047917    3.89810897    5.08160984    4.26463946    4.07488815    3.96021185    6.85340269    4.94791558    4.36598582    5.08771841    4.47532240    3.33018972    3.83514230    5.21418089    5.13176942    4.44634479    4.88813461    5.37056482    5.25516759    4.52366627    5.10637149    4.37164239    4.18254082    4.20889762    4.27578204    4.48596286    4.07585965    5.07587134    3.99370899    4.73692949    4.74234926    3.83426619    3.69861302    3.93398437    4.02247097    4.66372375    3.32690211    5.44738021    3.31075727    3.56007141    2.61855888    4.89197413    3.45578445    3.42381233    4.96200062    3.42306419    5.05121170    4.00861461    5.67735239    3.95810429    3.84002902    3.40466042    4.17192213    3.83839895
Q6H927_PSEAI/113-346     4.01673991    4.30099801    4.78866172    4.71287935    4.44756934    3.00866002    1.80385453    2.10222610    1.87966881    2.14926215    1.44906769    1.12674288    0.00000000    2.19085961    1.96769337    2.10891642    2.29419978    2.75845251    3.85887476    4.52956690    5.09625363    4.92876242    4.73411034    4.92067158    3.93141335    5.46746583    4.39496551    3.76505408    4.28756870    3.42456119    3.60070994    4.81554973    4.08392850    4.30759424    3.63784610    3.24007121    5.01791752    4.84691393    3.33247279    3.27652213    3.62919751    3.21914652    4.92942242    4.03659010    4.19497056    3.81727451    3.73666071    3.28209692    3.88574638    3.48164936    6.17343137    4.67898216    3.64024713    3.76833194    3.67868999    4.32137322    4.05083471    4.97909000    4.50006290    5.54765773    5.97335967    5.01140345    5.96491026    4.22654977    5.27276285    4.17866950    3.97687696    5.02018275    3.85750052    5.42973307    5.26006183    6.15093767    4.62298319    4.14908850    3.53471511    4.74418879    4.16284014    4.98916513    3.96161752    5.01275865    5.26216136    6.28074222    4.22956358    4.20922635    5.10360114    4.31350481    4.75198150    4.58938865    5.68724307    4.68050688    4.40146876    6.62273901    4.52517797    4.84936161    4.57214160    4.71881447    3.69387442    5.10717412    5.24510029    3.97240739    5.56233869    5.12111534    3.75576395    4.72535171    4.32269488    3.93285714    5.56035435    3.39381556    4.21352771    3.22289321    5.56366855    2.94678366    4.62054561    4.20798882    3.62089260    3.60953394    3.27358298    4.10083253    4.98668261    4.25589087    3.49879915    3.96514162    3.78611568    3.47846344    3.43205230
Q607W4_METCA/89-302     3.74025005    5.04378559    4.12383107    4.70936813    3.55381614    3.21290786    2.56569708    2.62713349    2.88062285    2.90153295    2.37882127    2.00343768    2.19085961    0.00000000    2.57285358    2.35344732    2.87143509    2.92293130    2.98170863    4.15241301    5.89028914    4.43359572    4.34479539    3.23030127    3.95804389    4.74569969    3.06909399    3.79070282    4.76808272    4.12594596    4.43579786    3.88775573    3.72502405    4.24327134    3.80527172    3.48243376    5.36105237    3.94175011    6.08914910    4.18188063    4.03235272    4.04523662    4.08194776    3.88584396    4.59920843    3.74386509    3.71061414    2.98548494    3.75077598    3.19440499    4.11815848    5.85602290    5.58522278    3.17401362    5.64496395    5.99457438    3.86298400    4.52758069    5.13075545    5.12091568    5.25065687    3.30640653    3.37186986    5.09055234    3.80014341    4.90097907    5.20680167    6.05126009    5.34490173    4.70532021    5.52531832    6.27181012    4.86889286    5.47399047    4.35331906    3.53678735    4.76896240    7.24016196    6.14594581    6.20820379    4.34324778    5.31386180    4.40426268    5.13490899    6.32109604    4.69441748    5.68372472    4.01441351    4.45442452    4.84867076    3.74480872    5.03829056    3.95348553    3.76748815    3.79571474    6.52011158    4.91333478    3.90242471    4.56556861    3.52346858    5.49126683    4.33415693    3.98440545    3.63306584    4.47218813    5.30397686    5.38811178    4.26569348    5.24149274    3.48936454    3.74776799    3.70082912    5.36466539    4.00317757    3.15958500    3.79955803    3.89982807    4.03928033    3.99493209    4.25888632    3.05706238    3.92770019    3.26096412    3.11175907    3.51418546
Q4JN58_9BACT/117-342     4.04246752    4.07582328    4.73619864    4.10959183    5.40236528    4.92988156    2.64879853    2.36496972    2.39313957    2.56944956    2.29411833    1.95930886    1.96769337    2.57285358    0.00000000    1.80908944    2.41142872    3.01438414    4.95441184    5.10014226    4.61493430    5.30557713    4.83337864    5.10232299    4.77252915    5.82164763    3.88896322    3.91632095    4.93848015    4.45222997    4.35695239    4.44829408    4.85463454    6.25514179    3.53201794    3.97203396    4.15046721    4.19281490    4.49067387    4.18727107    4.05129125    4.24666822    4.40886491    4.81383680    3.54987193    4.61724002    4.26459531    4.21192787    5.48319001    3.98065619    4.57632381    4.03724536    4.44708390    2.63949014    3.59840352    3.82751127    4.79141395    5.28174824    4.77381109    4.80018920    3.94095149    4.90613489    3.39638361    4.50772572    5.33231813    3.93590699    4.12270533    5.19804426    4.05491519    5.26428142    5.26137933    4.44618938    4.86727185    5.61813787    4.97539672    5.36690192    4.87364231    5.52227729    5.48857919    5.56084917    5.38114587    5.27012859    4.27966665    4.51223609    5.39151875    5.64200145    6.56251548    6.60354942    7.50042561    6.35759265    5.58247726    4.70745268    4.83195208    7.14823590    4.32508764    4.91489587    4.99760261    4.70585912    4.38076334    4.29689755    5.48863368    5.07222983    4.41012440    4.25411986    4.86469340    5.06355698    6.68721506    4.13100327    6.09543365    3.17484252    5.45894134    3.32606244    5.94915700    3.61932029    4.40806989    5.40629054    3.84433887    4.40157120    3.64044435    4.43776770    5.23420073    3.94008927    4.05843144    4.21797399    4.57164029
Q397M5_BURL3/110-339     3.81733075    3.85183387    4.51455420    4.41782763    4.76534322    3.99485380    2.20447302    2.41009329    2.34223727    2.70240557    1.94459300    1.86894406    2.10891642    2.35344732    1.80908944    0.00000000    2.09166680    2.98634035    2.94184695    3.62929822    4.56149425    4.02891081    5.71708657    4.81955023    3.98899656    8.41704090    3.92084256    3.69019612    3.38004360    3.60183368    4.38119026    4.41905078    3.85676846    5.50228609    4.11747417    4.54577231    3.92870233    4.07266621    3.08528687    3.72951815    3.61797596    3.53364519    4.07765660    3.57697493    3.78713512    4.03189270    3.89885956    3.59389030    4.18706994    3.78429708    6.13109497    4.90652564    4.34907845    3.42158140    6.25333821    4.19754120    4.13457045    4.28440000    3.83600171    4.33482781    5.37794036    8.77036121    4.95616866    5.47324542    4.29431956    5.10898323    4.56115582    5.88434973    4.18201594    5.32989023    4.58248375    6.30430820    4.00260930    5.37430622    5.91379181    4.85949686    4.92767781    9.74257421    4.97897226    5.26208882    4.16510165    6.65960021    4.08280906    4.24649702    6.11903404    5.03819718    4.33461776    4.54063826    8.29787714    5.09244200    4.13228922    4.97087444    4.73476876    4.07586369    5.47072971    5.45720700    4.66839101    5.46516634    4.97534366    5.05912512    5.73706762    4.47410632    3.70052039    3.58163853    4.94163046    5.17300359    5.71470787    3.91530591    4.63051469    3.23758307    4.93561269    3.35331712    7.15857997    3.87247059    5.00644632    5.05733489    4.26032689    4.64119548    4.65287189    4.73176971    3.20777569    3.26261669    3.59842494    4.05516987    3.43005190
XYLM_PSEPU/88-315     4.68493337    4.04665829    4.49014061    4.26841556    4.57305154    4.21194178    2.56608367    2.43488232    2.40665567    2.98038583    2.35644459    2.20020908    2.29419978    2.87143509    2.41142872    2.09166680    0.00000000    2.51515320    5.53881552    4.34393150    4.24355672    5.69416662    5.75348686    7.04682491    6.03067601    9.36829239    4.27518782    4.22246117    5.17398090    4.95108423    4.16089240    6.04224295    6.32273122    7.09045753    4.31698204    4.62225334    4.65703158    5.33168889    4.67513102    3.87811397    3.87182881    4.64790380    5.59949531    4.74878740    4.12267166    3.94497598    3.89003987    3.94481121    3.83212981    5.38231068    6.14226588    4.51223112    4.52138000    5.02239819    4.49378298    4.47084042    6.47377487    8.32181546    4.90545014    5.48576706    8.94298828    4.86971155    5.64645169    4.86067764    5.87475643    5.61803548    6.25863195    6.63707416    5.38872729    7.81932959    6.20494350   10.12246653    4.24140015    4.65073730    4.85284361    6.16613863    5.86284704    4.46025773    4.88473447    4.52934944    4.29754594    5.48618554    4.72051768    5.30579293    5.38199904    5.84599387    5.29102112    5.63640994    4.80181725    5.21882633    4.26517436    5.75002894    6.02925434    4.57272133    5.23583814    8.15997010    4.27568981    5.93648932    6.18560480    8.87007546    6.95238987    5.86805167    4.51813512    3.56053138    7.93562753    7.41659728    7.55819497    6.43569459    4.68693366    3.54130556    5.24999905    3.54584709    6.14935718    4.31747400    5.47086678    4.41421636    3.82554453    4.07357142    4.80658091    5.54510965    4.23125806    4.00534714    3.72363517    4.19757225    4.27780219
Q11ZG1_POLSJ/52-278     4.25652933    3.95463794    5.84031031    3.43828046    3.91185622    4.47152506    2.64829831    2.49717785    2.72515824    2.94449913    3.11845982    2.81287980    2.75845251    2.92293130    3.01438414    2.98634035    2.51515320    0.00000000    4.84785284    4.55902130    4.14779621    4.76393159    4.39804075    4.45817386    5.33047685    6.11938106    3.51954734    4.26290946    3.55617434    3.61407012    3.32615221    5.25997229    3.42507647    5.01791397    3.76997734    3.92434720    4.14685676    4.35905820    2.98509388    3.67621670    3.87006303    4.00636549    4.22127262    5.10215054    3.90006634    4.10968743    4.20290287    3.16025412    3.77880275    3.49306309    4.39694995    4.37430506    4.34951876    2.80185865    4.18119959    6.71663706    5.61807865    5.97093097    4.49226748    5.53287273    5.93738807    4.76018060    4.59883394    5.59306074    5.42693333    3.76891855    5.37807300    5.22785971    5.44177034    7.34540454    4.13165154    4.60338491    4.87568104    5.71970956    4.21274530    3.43204645    5.78041336    4.15227911    4.70156687    5.89182565    4.74413112    4.54477703    5.02999227    5.04654517    4.89092978    4.95030343    4.76776621    6.05309147    4.94466537    4.61574616    5.53620536    4.42767295    4.49516780    3.93924077    4.47614472    4.77099127    3.74423224    5.09704851    3.77093960    4.12324101    3.84637439    4.75084894    3.26193188    4.16267147    3.59730763    5.03437958    5.89207106    3.81387629    6.86407174    3.47614167    4.19086135    4.31003738    5.07523832    3.50738583    3.67471569    3.79505650    4.44710050    3.97607928    3.81975212    3.63795507    4.04747765    3.81068887    4.10646258    3.48097634    3.43413648
A6G0F8_9DELT/39-262     4.39366122    5.48887184    3.21696400    4.90191185    4.00598775    4.20358277    3.32870603    3.77223600    4.35896418    4.02145468    2.75065240    3.51730975    3.85887476    2.98170863    4.95441184    2.94184695    5.53881552    4.84785284    0.00000000    4.09502713    4.84851749    4.95591044    4.76523297    3.74167179    3.43484863    4.65318266    3.80388046    2.46870846    3.13210267    3.78501219    3.97181378    4.30387278    4.00817871    3.63414369    3.07063788    4.52118810    3.77617499    3.97271225    3.70594934    3.60257964    4.58705001    3.67295294    5.83006213    3.23146109    4.19413608    4.32838180    3.40276209    3.37274197    3.45847253    3.53523831    5.89534982    5.71080914    4.30221113    3.13018852    4.15266804    5.45155687    4.07833724    6.62026030    4.44421198    6.15227764    6.42347530    5.42073712    4.98425169    4.97498405    4.62728712    4.70573420    5.11066068    5.71218499    4.98750566    4.21380733    5.20302209    6.55917067    5.19096469    6.89992526    4.83418378    3.94520229    4.11691587    6.48988572    4.00684840    6.24078790    4.63192225    5.60390405    4.93676732    4.95827986    7.90279026    4.94044387    5.05915683    4.08370442    5.14043464    4.43068403    3.71740074    8.33380249    4.08109235    4.39200155    4.81076030    7.48049812    4.20423329    4.39490087    3.40949546    4.10732539    3.56072092    4.62964341    4.00976341    4.92915117    7.08063579    5.58414406    5.98738489    4.55364630    3.92946206    4.97135938    4.27379682    4.01413356    8.70616727    4.46547262    4.77545988    3.16344878    4.57851616    3.16352929    4.03565581    2.94703636    4.18451310    4.31206011    4.47151837    4.86237226    4.14038165
A0NZP7_LABAI/35-296     3.40139111    3.73614304    3.81904013    4.89119751    3.62610456    3.83107934    3.43983637    4.16109848    4.10040275    4.61116277    3.90569607    4.14184496    4.52956690    4.15241301    5.10014226    3.62929822    4.34393150    4.55902130    4.09502713    0.00000000    3.11739385    3.38597388    3.13402112    3.22438814    2.95617972    3.51497006    3.27881234    3.25266934    3.65178951    3.79755172    4.03620066    3.55132180    3.45780352    4.18322074    3.37131789    3.81178147    3.52596707    3.28200223    3.45022202    2.90322111    3.53058328    3.75568294    4.09181536    3.60727994    3.48561450    3.08783178    3.51347980    3.90994194    3.59626228    3.39131220    7.05543130    4.35507707    3.70311308    3.21514291    3.90239110    3.93475629    4.05172786    5.87245318    3.98837788    5.61012397    5.11937183    5.01625252    4.47036479    5.10830111    5.59386988    3.90371584    4.44055576    5.00017035    4.27126655    4.51037457    4.45601636    3.92305309    4.01045613    6.52014904    4.76637103    3.77827358    5.47829728    4.26434390    4.41846667    4.39655994    3.66217017    4.90849662    3.86261154    4.07378349    5.46706610    4.43908920    4.67314700    4.45895253    4.35253787    4.24849597    4.57410817    3.94923795    3.29589971    4.08046643    3.86057556    3.90326098    3.48682278    3.54114269    4.68341890    4.70747560    3.69195180    4.34668312    4.17171181    4.47780941    4.67219939    4.94630030    4.46697366    4.11044878    3.75842608    3.99909292    4.23002724    3.82573927    3.75893790    3.47473970    3.29606336    3.76714560    3.34433016    3.33342190    3.97503610    3.44667021    3.73509884    3.61317321    2.86347057    3.39654434    3.16844657
Q82XS5_NITEU/53-327     3.60164389    3.72608322    5.24889311    4.17739657    3.88343793    4.01735369    4.40499687    4.74068052    4.61712308    5.80267543    5.65354404    5.31963579    5.09625363    5.89028914    4.61493430    4.56149425    4.24355672    4.14779621    4.84851749    3.11739385    0.00000000    2.43685344    1.76991201    3.98844977    3.39238498    5.39793435    3.46284262    3.50264893    3.99144858    3.40694886    3.10015873    5.28205040    3.62037192    3.69644780    2.85500305    4.34606749    3.27556992    3.03074643    3.16825671    2.78060319    2.75736905    4.29509143    4.42754279    3.72625269    3.91067990    3.92577191    3.75435355    4.07549172    5.25945292    4.06661024    4.58878101    4.94923199    4.66396262    3.74250630    4.77007291    4.64788150    4.62357836    5.66458332    4.66999905    6.06499646    4.66349216    4.67622251    6.20777930    5.21758729    4.68394774    4.80325121    4.28930738    5.07856564    5.14182921    4.27285964    4.67858034    3.99567396    4.60504039    5.32553413    4.73649490    5.46151530    5.74188237    4.72795788    4.48097481    3.47999780    3.63764560    4.78288803    4.33466131    5.91792841    5.93459010    4.21241935    4.46657405    4.66776398    5.21662497    4.62413381    4.12109698    4.78002032    3.71447467    4.58230826    5.47185799    3.37045304    4.00993215    4.94096673    3.72941820    4.96798919    3.99797889    4.98664698    4.24025836    5.65552177    4.56169761    4.77482632    5.04768391    3.13443949    4.53707209    3.85087788    4.75167443    3.19521432    4.50208931    3.24042348    3.86379737    4.39002536    4.12174202    3.36536886    4.05191600    4.06285830    4.31987649    4.08424260    3.64361649    3.41728298    3.32827133
Q024E6_SOLUE/55-326     3.86628907    4.65754602    5.25972835    4.20182096    3.74625729    4.08955799    3.34560267    4.03818069    4.21108207    4.85522827    4.43773154    3.83697452    4.92876242    4.43359572    5.30557713    4.02891081    5.69416662    4.76393159    4.95591044    3.38597388    2.43685344    0.00000000    1.87017022    4.68819319    3.78736290    5.07963536    3.83910562    3.55948573    4.07498266    2.98551200    4.24343632    3.69015635    2.88323841    5.21891243    3.12162018    4.58360791    3.29525572    3.55964637    3.14142204    3.38972379    4.08566906    5.03383989    4.50733746    4.92027355    4.54324432    4.03708752    4.44124521    4.40980227    5.86422606    4.05519092    5.82650252    5.31799342    5.59941121    4.22909920    4.57527349    4.19167901    4.89160056    5.96735270    4.85116509    5.33247119    5.41525351    6.38504418    5.88109337    5.13106698    5.38151585    5.11025941    4.58060046    5.84482308    3.46109697    5.03329034    5.48408059    6.03428728    5.23509704    5.89948221    4.34796317    4.69651848    6.10828135    5.83636986    3.73535619    4.84706193    4.28355869    4.23830652    4.09648990    5.31670648    4.06296203    4.33677463    3.92375345    4.62919671    4.83458064    4.81078569    4.36627488    3.61220119    3.70541409    4.06137758    4.48035852    3.43227182    3.74301320    4.96597628    3.94272563    6.16203411    4.17459347    5.35389997    4.34552455    3.52771501    4.88670262    4.84432481    4.59203147    3.86316616    5.53874884    5.16186515    5.77044528    4.11073368    4.02792146    3.74324011    4.72755429    4.58922297    4.93281510    4.68639007    4.88420125    4.27031349    3.59536558    3.73317177    3.52906655    3.57837446    3.85785622
