142
EFG1_BORBU/4-279     0.00000000    0.44134435    0.72829388    0.66940002    2.05427702    1.66323480    1.61699755    1.65440927    1.78068118    1.71378914    1.55169994    1.49711861    1.57027220    1.61854446    2.91350635    3.78343820    2.89234678    2.80525913    2.40085596    1.94748278    2.35060582    2.33748338    2.25844712    2.28537219    2.26104241    2.15644460    2.14322546    2.32352821    2.08421762    2.44233676    2.89625057    2.45993316    2.45868537    2.36834048    2.57719451    2.69335453    2.24420109    2.22255293    2.14705503    2.50949464    2.62227624    2.14831374    1.93720495    2.14368897    2.01019956    2.05219534    1.81825097    2.04435064    1.93083898    2.20248486    2.02765662    2.00363293    2.26865179    2.08081765    2.24669875    1.95253924    2.16649642    2.07674352    2.08449907    1.99018904    2.09705069    2.02453312    2.16377597    2.35842984    2.13420024    2.41149340    2.09771878    1.91592258    1.97226869    2.21557299    2.10235259    2.15876286    2.09392173    2.19476254    2.65989615    2.81124585    2.92664631    2.62269699    2.51369861    1.38597451    1.72780040    1.57163441    1.37878064    1.34751349    1.58913084    1.35824488    1.48888314    1.34543430    1.35847248    1.34178675    1.37496675    1.44768855    1.34051935    1.35991625    1.37188161    1.48682870    1.62310588    1.49129345    1.44910311    1.35652222    1.50799161    1.43474682    1.45515559    1.38999347    1.43977181    1.47534680    1.45176973    1.45263617    1.69529994    2.40647893    4.05458756    3.09824698    3.34668817    1.85144088    2.19565965    1.86023616    1.81772466    1.54484089    1.76078283    1.75912598    1.69521318    1.42651952    1.23940038    0.97197262    0.87446974    0.73824720    0.65728486    0.73845310    0.77714304    0.86011996    0.72010273    0.88584312    0.92627882    0.83382079    0.96246515    0.94799648    0.93604021    0.77976466    0.79400455    0.79390347    0.66618142    1.07833925
EFG1_TREPA/6-280     0.44134435    0.00000000    0.73996553    0.64614900    2.19887277    1.57549157    1.62984045    1.80041852    1.84034273    1.71395264    1.52437185    1.51121023    1.64707809    1.63022025    2.99658767    3.52727374    2.81433956    2.93679228    2.51026911    1.99975054    2.34436890    2.41789133    2.26037492    2.22363329    2.30378632    2.14638806    2.00879717    2.29896849    2.05954250    2.59090672    2.87020067    2.64540978    2.56737371    2.46291861    2.55013864    2.68250779    2.47117874    2.34865398    2.12869506    2.62291079    2.73406380    2.17708714    2.08484394    2.23672082    2.01888537    2.18934871    1.87293985    1.94965820    1.93105520    2.12792863    1.97781342    1.86319071    2.17775423    2.00807291    2.15062011    1.91745762    2.15737891    2.04862785    1.99629392    1.99341909    2.02281194    1.90547647    2.13060601    2.21984420    2.15935793    2.30534686    1.93051543    1.97917888    2.00597254    2.12577413    2.13562450    1.89402909    2.02491844    2.14254817    2.48083546    2.78986786    2.87895070    2.41394729    2.57846056    1.48970064    1.59535440    1.64004053    1.47428346    1.45621140    1.57051017    1.41697689    1.48206480    1.41812572    1.34688032    1.46080669    1.40278906    1.50882774    1.43715045    1.41344549    1.42831784    1.57158746    1.62214724    1.59747744    1.42102143    1.35109556    1.53323003    1.48836669    1.44683156    1.40210160    1.44532565    1.52151330    1.34688276    1.44448809    1.65434382    2.43650601    4.23518030    3.29350864    3.53475609    1.91140253    2.26057795    2.00638303    1.82106011    1.65748720    1.84288818    1.84192076    1.79014671    1.30164674    1.37071610    0.98086996    0.87619118    0.81797947    0.77539577    0.71907793    0.82951284    0.82246289    0.76475782    0.91043649    0.94471445    0.86662769    1.01068184    1.01144593    0.98735888    0.79399081    0.76762500    0.77636132    0.73114822    1.05338774
EFGM_RAT/45-320     0.72829388    0.73996553    0.00000000    0.66653341    2.26574028    1.57106072    1.78356592    1.69683213    1.89421835    1.42140734    1.33233314    1.36467665    1.31687254    1.38016161    2.83028357    2.98581519    2.71293354    2.28963176    2.45672422    2.07717035    2.30240911    2.32986235    2.33941208    2.24853119    2.28610617    2.09922289    2.08093820    2.29881865    2.10346500    2.55900577    3.12530754    2.30203709    2.17477058    2.19024392    2.33523601    2.47268128    2.26071122    2.26286098    2.04816386    2.39896449    2.52705176    2.18835574    1.92787799    2.11091869    1.78189578    2.06947522    1.80593649    1.94082467    1.82256597    2.12511354    1.85147005    1.86932171    2.08352402    2.05344702    2.16391607    1.86104964    2.12130011    1.98673055    2.02411156    2.00469689    2.00097983    2.08068435    2.20150028    2.23789650    2.04037509    2.33676132    1.91812204    1.89512058    1.89596760    2.03773314    1.99025031    2.01643737    2.02268267    2.11668124    2.24941311    2.28727114    2.50253223    2.05115331    2.15180106    1.47998848    1.51159758    1.33507817    1.21707345    1.31505199    1.40788366    1.21403739    1.39528462    1.28287899    1.33325377    1.36327818    1.34888294    1.34446409    1.38860882    1.41606940    1.27072845    1.43328363    1.44398588    1.55345286    1.27909082    1.34334291    1.30929531    1.30651924    1.37680080    1.25566600    1.20637888    1.19551911    1.26658308    1.29789311    1.36856402    2.19807101    3.95329802    3.30166100    3.47881175    1.83249464    1.91933018    1.68285791    1.59905173    1.57825313    1.72920919    1.63024608    1.61051355    1.56693045    1.52807158    1.17563764    0.95137117    1.00012629    0.92993046    0.89395489    0.87321525    1.06083810    0.90638515    0.95841547    0.98915515    0.80877645    0.83482897    0.79800069    1.11648282    0.91959325    1.04308295    0.90378716    0.95933401    1.21339239
EFGM_YEAST/68-347     0.66940002    0.64614900    0.66653341    0.00000000    2.07497105    1.63671298    1.74944239    1.65138524    1.79725382    1.72841886    1.67741312    1.54514592    1.66555420    1.72510974    2.91026188    3.09212482    2.95561024    2.55416903    2.38909659    1.92459311    2.25769199    2.41066729    2.36336166    2.37883198    2.29929763    2.25238209    2.26896137    2.38071730    2.12438144    2.39654100    3.04091799    2.25182691    2.14114784    2.11461078    2.22236493    2.40199435    2.41327037    2.30890292    2.04274466    2.30268224    2.29013454    2.24788858    1.95174674    2.07004433    1.77478949    2.13019575    1.77214374    1.77941422    1.74111605    1.95351059    1.77634652    1.78002677    1.87813653    1.86690788    1.94320979    1.69543376    1.94886980    1.84603840    1.85952675    1.88459059    1.90010358    1.90698398    2.05559291    2.17728985    2.04600218    2.21434738    1.79157374    1.74002323    1.68590722    1.79550794    1.85056669    1.93087029    1.84431947    1.97644241    2.53204925    2.73724144    2.77220657    2.46568578    2.47177405    1.46693122    1.66624645    1.53325846    1.43106521    1.37306847    1.56369431    1.34678422    1.45084202    1.24181546    1.25566005    1.36218200    1.30480904    1.29291923    1.30257680    1.46978196    1.30549040    1.46132554    1.57844369    1.47282149    1.34256035    1.29191241    1.29211899    1.33052040    1.46517423    1.29416254    1.34049124    1.34618951    1.31220099    1.41391523    1.48094664    2.24971751    3.53823529    2.77943320    3.08776062    1.64290343    1.85250424    1.81485230    1.66233135    1.45559552    1.59261139    1.66161671    1.52358764    1.24869292    1.29352031    0.95714536    0.90077108    0.75614454    0.85517303    0.77485746    0.97292324    0.86836584    0.82519827    0.96286844    0.98157998    0.98376558    1.00002818    0.99619960    1.02512016    0.84962996    0.94934199    0.84798183    0.87579697    1.09325637
EFGL_SYNY3/7-277     2.05427702    2.19887277    2.26574028    2.07497105    0.00000000    2.09029656    1.99824965    2.03696091    2.23688255    2.70235765    2.66337287    2.30378801    2.27194587    2.38218767    2.56936313    3.17791258    3.93472565    3.30770862    2.82947051    2.76257763    2.71616952    2.72155865    2.90536852    2.69785436    2.79194353    2.44461270    2.41728987    2.72147494    2.71302085    2.77356849    3.08219891    2.73230535    2.54326036    2.43108558    2.43649772    2.61094133    2.84879141    2.66960599    3.06082939    3.68552822    3.38100491    2.93381877    2.67473740    2.60304811    2.32390862    2.62870576    2.54805230    2.47740767    2.60167040    2.64251242    2.71796596    2.46129602    2.56405257    2.61396680    2.59693524    2.43473767    2.38101506    2.53251766    2.55017668    2.48213951    2.81309439    2.69436501    2.86651974    2.67690775    2.73319184    2.74625644    2.38115969    2.34311866    2.41438430    2.56672575    2.62619680    2.66064776    2.59904171    2.47757813    3.48603397    3.56423949    3.56328362    3.03437046    3.20380348    2.26231013    2.41206541    2.36094831    2.09990704    2.14397168    2.21478025    2.23106480    2.57225531    2.33933164    2.27715222    2.53705098    2.14167569    2.35382746    2.70886617    2.39769061    2.51831732    2.72319568    2.53530456    2.58851857    2.11421592    2.47534442    2.51153714    2.49602592    2.44020006    2.52089709    2.48542820    2.38169429    2.46932632    2.56234006    2.43478781    3.40264165    3.80560266    3.88565185    4.04763570    2.87910652    2.83483449    2.51743117    2.73979321    2.42619815    2.60601766    2.51192151    2.48437146    2.07307687    2.18531394    2.14752002    2.05659819    1.78130459    2.19711609    1.92088073    1.86375470    1.93046571    2.22508578    2.39123710    2.54038711    2.31064159    2.40788510    2.50753807    2.25871532    1.96500479    2.03178197    2.06866152    1.92086856    1.98187712
RF3_STAA8/12-270     1.66323480    1.57549157    1.57106072    1.63671298    2.09029656    0.00000000    0.77569111    0.87374378    0.72564112    1.79264706    1.71956942    1.76774999    1.58040864    1.65309139    2.69873719    2.91581022    2.84382980    2.45625709    1.87256303    1.83744980    1.95303469    2.12708034    1.98464152    1.89981868    2.10291309    1.93479533    1.97373296    2.04996603    1.94363157    1.87379252    2.36834792    2.30421826    2.22211806    2.15299492    2.16423082    2.32148742    2.26030123    1.97293182    2.14608570    2.32577910    2.11459586    1.92400385    1.55778058    1.80336844    1.65645419    1.66468557    1.77822690    1.73695490    1.89464009    1.91659552    1.88476533    1.93301078    2.00781142    1.75457929    1.90268855    1.71029946    1.77905723    1.80452639    1.75169811    1.84350674    1.89436277    1.88265357    2.13407364    2.12552988    2.09752207    2.07779631    1.90287332    1.83294561    1.79971152    1.84162845    1.93845842    1.84892903    1.91251395    1.88795179    2.38814251    2.60593981    2.59923773    2.29831748    2.32913301    1.64580041    1.86097450    1.64231582    1.63539335    1.59255685    1.63559585    1.59688255    1.48322995    1.37835377    1.37056435    1.50551906    1.40847746    1.37775361    1.52966090    1.47442042    1.60072297    1.72634296    1.66938847    1.69189113    1.49612397    1.57022469    1.51677085    1.68596924    1.63825937    1.78654094    1.77672336    1.65830958    1.70751117    1.53482532    1.76313985    2.30854149    3.84295190    3.16047095    3.76199376    2.02153064    2.15828201    1.87432202    1.88752553    1.82178587    2.00652196    1.96640653    2.05097210    1.86979305    2.00168518    1.62737627    1.72987096    1.65719587    1.64236747    1.63180331    1.69505599    1.68921940    1.65222777    1.50619934    1.63082891    1.53927487    1.61423390    1.62958288    1.85726114    1.66832586    1.63174962    1.55123122    1.54972933    1.82352370
RF3_SYNY3/24-292     1.61699755    1.62984045    1.78356592    1.74944239    1.99824965    0.77569111    0.00000000    0.78069978    0.73292219    1.69185079    1.73409128    1.62970486    1.72603199    1.65478477    2.75562067    2.74426102    2.82776107    2.41863854    2.02342370    2.04735041    2.22300971    2.33507429    2.32540106    2.34127101    2.37120591    2.16934007    2.27196211    2.11990003    2.13484649    2.24515146    2.76571492    2.56494540    2.43112379    2.19348836    2.30425615    2.56653858    2.56072615    2.26655420    2.03618873    2.52868687    2.50244744    2.29092954    2.08624706    2.14084377    1.98882731    2.17978005    2.05272812    2.04534484    2.02109479    2.20462396    2.04624768    2.04840025    2.15074562    2.01896623    2.01271813    1.96265626    2.08784646    1.98833680    1.95638526    2.11556403    2.15939417    2.06141141    2.26375124    2.36651575    2.16722716    2.36002501    2.07346774    2.00241041    1.96294597    2.08190018    2.12132555    2.02408498    2.03849875    2.15284513    2.29766113    2.34312183    2.53212890    2.37059067    2.43385653    1.68975103    1.63591099    1.56776830    1.62543926    1.49009421    1.69027256    1.63728048    1.53893672    1.37731140    1.32856472    1.48417991    1.53999772    1.42389738    1.59825144    1.50778863    1.49200140    1.57541205    1.61469099    1.64550437    1.50660948    1.50380541    1.71870360    1.85203657    1.68972684    1.76084208    1.87565032    1.72949567    1.85303781    1.63206884    1.70377786    2.33791247    3.83195936    2.96965251    3.34460592    2.07593198    2.42901822    1.83738454    1.89141793    1.79606348    2.03990438    1.92304411    1.96723342    1.99729079    2.04180121    1.81757573    1.63522227    1.72101876    1.72607679    1.59685717    1.78699348    1.77634547    1.72696400    1.81506584    1.87131279    1.78138971    1.67013539    1.85260790    1.76719488    1.67483661    1.72080972    1.61971596    1.69787220    1.86626744
RF3_HAEIN/9-276     1.65440927    1.80041852    1.69683213    1.65138524    2.03696091    0.87374378    0.78069978    0.00000000    0.60006042    1.77981647    1.88783649    1.79060683    1.92648486    1.79513439    2.60387115    3.05721562    2.78262453    2.35654665    2.23063322    2.26456668    2.41474010    2.54846114    2.37150152    2.45146818    2.56665098    2.39078990    2.24914709    2.35363176    2.39879209    2.23563344    2.62074433    2.85425926    2.71557995    2.57167349    2.62632056    2.97893267    2.54944977    2.62369270    2.39992698    2.81334420    2.78039815    2.38715563    2.31725107    2.28682518    2.22000424    2.44797133    2.22497657    2.11252241    2.09247585    2.33677177    2.23396900    2.16859303    2.36066633    2.16294123    2.14976380    2.10969751    2.17021353    2.18643109    2.16896623    2.20775875    2.25417612    2.20679946    2.36880844    2.46067703    2.34333188    2.64802791    2.19215063    2.17400983    2.14547644    2.20211570    2.26970877    2.23706234    2.19614889    2.13828655    2.53770850    2.49563854    2.71669927    2.24026832    2.38673108    1.92895907    1.86109194    1.71838590    1.76339517    1.59356453    1.75217932    1.70564383    1.61878493    1.48319665    1.42205154    1.61607294    1.57214416    1.60115129    1.54350418    1.58982449    1.56895298    1.69570412    1.75261269    1.77704064    1.69637114    1.62691743    1.85651004    1.90345402    1.88178623    1.92068170    1.93547533    1.89664001    1.96057700    1.90970012    1.94765688    2.39298358    3.87167210    3.52254800    3.79530310    2.16708109    2.76790649    2.05773972    2.10899224    2.01247093    2.25932659    2.16182307    2.25895335    2.16471683    1.93630238    1.75966572    1.80262830    1.73190905    1.78753015    1.66608279    1.61306061    1.84581800    1.77162056    1.90585859    1.90317467    1.81789966    1.84454514    1.94186578    1.86480244    1.61801241    1.68771175    1.70932439    1.75752959    1.94417079
RF3_DICNV/12-276     1.78068118    1.84034273    1.89421835    1.79725382    2.23688255    0.72564112    0.73292219    0.60006042    0.00000000    1.83771463    2.02461425    2.03533640    1.93535372    1.86621497    2.76962574    2.99151404    2.60037988    2.27991420    2.17220321    2.27780024    2.37724527    2.49938472    2.40533182    2.44564918    2.54971936    2.33655635    2.13828537    2.31751033    2.36477617    2.16069253    2.50112843    2.73146699    2.58573603    2.43689348    2.67680407    2.79374641    2.57479125    2.44487869    2.35895477    2.71786014    2.73788842    2.22883740    2.10330848    2.32229059    2.14543533    2.31797824    2.16604226    2.09921982    2.13345259    2.32359269    2.17335025    2.16336315    2.34161813    2.11694643    2.17451074    2.09665462    2.12278009    2.15126302    2.05134972    2.16581378    2.17717975    2.15791045    2.48151631    2.38781116    2.38976260    2.51068960    2.24928697    2.18235460    2.14187512    2.16741874    2.20503462    2.20980866    2.28567329    2.15662878    2.31672265    2.36430224    2.67387632    2.15906942    2.24326007    1.96596518    1.82602203    1.81541896    1.74448728    1.60672540    1.75892204    1.77581906    1.62734396    1.43967677    1.40781328    1.53521057    1.59503977    1.54847958    1.60356680    1.55169917    1.61916016    1.66099490    1.82067217    1.80163553    1.57338103    1.58090064    1.89948632    1.85478970    1.86267554    2.07251465    1.98091578    1.87368005    1.97722084    1.86000143    1.93739869    2.41174888    4.29434476    3.76553973    3.87635146    2.18117497    2.57865922    2.00750636    1.92195091    1.88754636    2.19588830    2.04198069    2.16744093    2.03753728    2.19775895    1.95510826    1.97185647    1.92720660    2.02678550    1.79864341    1.79779080    2.14607440    1.83603860    1.92794079    1.91849679    1.93343621    1.94437032    2.05224060    2.04316631    1.73773390    2.00429179    1.89535967    1.87923196    1.91714650
Q9EWR9_STRCO/2-242     1.71378914    1.71395264    1.42140734    1.72841886    2.70235765    1.79264706    1.69185079    1.77981647    1.83771463    0.00000000    1.06695996    1.13995787    1.17385684    1.03172435    2.25396471    2.90871723    2.41959476    2.27977978    2.01490140    2.03140305    2.04354057    2.23182384    2.10316690    2.07160243    2.15705510    2.04004362    1.94523137    2.11160074    1.98568378    2.11692607    2.62511438    2.25421856    2.32911282    2.11361514    2.45926314    2.22683683    2.05451654    1.93808594    2.06483962    2.50437735    2.60722311    1.94437106    1.98064415    1.87539459    1.77974936    1.87843157    1.92380649    1.67711916    1.71815521    1.85731476    1.87328874    1.89507123    1.87148511    1.83943667    1.93200053    1.75153621    1.88178042    1.71285004    1.84812761    1.87755918    2.01730531    1.80105185    2.00503028    2.03952076    2.04655892    1.99575895    1.76202368    1.71935451    1.72632324    1.84680992    1.82563284    1.87539374    1.85667352    2.02866686    1.99003283    2.11040168    2.40510073    2.26111590    2.04290507    1.47880151    1.43845536    1.44942966    1.27545299    1.29874718    1.38917243    1.33790263    1.50814030    1.60207284    1.45808458    1.46328987    1.70853412    1.51252594    1.73015346    1.63314157    1.54744690    1.67625817    1.64663402    1.73009800    1.36569760    1.42436443    1.70185862    1.69765921    1.68800700    1.61669976    1.69452695    1.66933867    1.70113549    1.66683085    1.70237339    2.61209929    3.54268229    2.75760665    3.11396966    2.08401714    2.13336399    1.90397621    1.94792065    1.65516715    1.88008912    1.94439339    1.76695167    1.73048844    1.72918108    1.65315623    1.62830570    1.73027389    1.59671859    1.69345129    1.49214663    1.78027191    1.80528137    1.77172274    1.73913520    1.42094990    1.47542118    1.56981466    1.88751682    1.64698786    1.67328962    1.68573717    1.82795872    1.60922218
W0EV24_9BACT/2-239     1.55169994    1.52437185    1.33233314    1.67741312    2.66337287    1.71956942    1.73409128    1.88783649    2.02461425    1.06695996    0.00000000    0.89823885    0.98283672    0.95171207    2.04333636    3.10023957    2.77354726    2.55591679    2.27084400    2.15904203    2.00092651    2.12126256    2.16576976    2.04106616    2.13405744    1.98833694    1.98033590    2.13133491    1.97648914    2.19462831    2.61713083    2.21874877    2.27366202    2.20889427    2.29762981    2.10365800    2.04264077    1.91275707    2.08844449    2.41385892    2.40417993    2.15911151    1.99982467    1.89336459    1.91570365    1.97722837    1.88712853    1.71308175    1.65340733    1.90155327    1.89422287    1.77244386    1.90252096    1.84537428    1.90497364    1.67014002    1.75218325    1.88678654    1.96100875    1.94962029    2.02664916    1.90903511    2.06450622    2.14731669    2.14761647    2.10002755    1.78112882    1.68183271    1.83702045    1.85301789    1.85744453    1.75369959    1.76057347    2.02102410    2.26574136    2.37510286    2.80357833    2.54687247    2.41058220    1.31270295    1.53752667    1.58091125    1.25822532    1.38333067    1.37573701    1.39589035    1.48752524    1.48948560    1.47398500    1.40823997    1.42246053    1.35433156    1.57046577    1.43856666    1.56055436    1.64072730    1.44965811    1.48303380    1.25945207    1.36135615    1.67856200    1.62046933    1.66643549    1.58285488    1.68768864    1.45874752    1.52065184    1.41919538    1.62035566    2.49225587    3.09356627    2.58311531    2.86769646    2.10518687    2.00767853    1.89560812    1.78290096    1.60006971    1.76728764    1.76187008    1.61549933    1.42787065    1.43394704    1.42330502    1.50586431    1.47045497    1.46404260    1.40750372    1.40333741    1.40642934    1.50641590    1.52340853    1.51752137    1.36996322    1.41822684    1.47348132    1.72153416    1.35653566    1.34580152    1.49329345    1.59634134    1.40707720
F7V2I9_CLOSS/2-238     1.49711861    1.51121023    1.36467665    1.54514592    2.30378801    1.76774999    1.62970486    1.79060683    2.03533640    1.13995787    0.89823885    0.00000000    0.55075421    0.48825766    1.97063961    2.75690556    2.27092889    2.08077935    1.68584538    1.65991144    1.89321736    1.96856799    1.96919976    1.79405094    1.81755879    1.75197527    1.62546028    1.86574649    1.64704845    1.87416298    2.38436536    2.03744800    2.04294440    1.89681269    1.94457390    1.94962102    1.90817925    1.53696386    1.86143022    2.05371160    2.16914274    1.68625363    1.51142171    1.62432055    1.59076315    1.55654573    1.48032714    1.40794861    1.35145632    1.50528394    1.48798215    1.48522711    1.46809936    1.51964368    1.50044173    1.39948598    1.45395013    1.52901624    1.59092495    1.55236315    1.57671231    1.57256384    1.67326798    1.65241102    1.59271688    1.68154010    1.43342974    1.35351444    1.43300077    1.49814900    1.59125551    1.51507382    1.63193120    1.70067913    2.09977374    2.26466742    2.39181855    2.26602706    2.20973605    1.25522449    1.32621047    1.31828964    1.27058620    1.30810066    1.32998640    1.28142342    1.47030590    1.29198709    1.29856218    1.30943115    1.22143225    1.23695147    1.36719060    1.32831123    1.31654555    1.34510314    1.35366164    1.40971788    1.23910339    1.12478160    1.48526101    1.41976407    1.59723677    1.50853521    1.45786435    1.60981127    1.51492350    1.30409879    1.42047800    2.03731212    2.62940633    2.77100816    2.76877137    2.16400951    2.08399337    1.62462495    1.66205591    1.48553800    1.62987942    1.69579477    1.48660012    1.41456846    1.58194249    1.51702355    1.38088866    1.34565763    1.55080624    1.42555276    1.45531229    1.52726755    1.54065386    1.69269827    1.63992635    1.48053568    1.46791732    1.55391193    1.61519838    1.49561947    1.47745380    1.46723987    1.51766450    1.45132818
D6ZFX4_MOBCV/2-237     1.57027220    1.64707809    1.31687254    1.66555420    2.27194587    1.58040864    1.72603199    1.92648486    1.93535372    1.17385684    0.98283672    0.55075421    0.00000000    0.40105052    2.09349422    2.96967700    2.63986369    2.21740016    1.89622476    1.75143030    1.84523932    1.97232487    2.00168860    1.85743701    1.91956703    1.79922057    1.71821392    1.93619677    1.74497800    1.97944906    2.60478630    1.99406398    2.07792164    1.93069091    1.90923224    1.95788631    1.95979128    1.65233557    1.85375936    2.06592172    2.11848481    1.79994775    1.68290485    1.67218564    1.68157352    1.65930821    1.54343314    1.75275242    1.72964832    1.78324814    1.72953726    1.68811373    1.64886741    1.72344888    1.80106078    1.62872959    1.60902176    1.74148480    1.76951991    1.77556911    1.83208727    1.72287090    1.96636001    1.90424451    1.91302679    1.90308798    1.65496506    1.58805290    1.63525090    1.81166081    1.84658829    1.69374550    1.77457815    1.80150903    2.22839886    2.33412364    2.56568118    2.34457817    2.26695477    1.38531997    1.43132735    1.48795545    1.31357215    1.44112105    1.42615856    1.50612844    1.40791209    1.31877028    1.33572761    1.39356860    1.33049414    1.27588715    1.55376889    1.34619859    1.44601139    1.35634105    1.35192638    1.46113857    1.22541198    1.20533846    1.51779263    1.42630485    1.60075751    1.59625539    1.49065880    1.65161890    1.60832885    1.34308310    1.52674572    2.33578585    3.00032992    2.85850741    2.69069193    1.83512874    1.92396180    1.67694037    1.56474556    1.59280818    1.66770262    1.74323608    1.53264838    1.61191403    1.56544274    1.59090161    1.54508770    1.55180104    1.64757898    1.60621377    1.58384130    1.56704423    1.73832551    1.58348180    1.55398361    1.56576605    1.53439334    1.65261034    1.67713991    1.69523363    1.57645266    1.61266261    1.43732812    1.72596141
T0UF62_9ENTE/2-238     1.61854446    1.63022025    1.38016161    1.72510974    2.38218767    1.65309139    1.65478477    1.79513439    1.86621497    1.03172435    0.95171207    0.48825766    0.40105052    0.00000000    2.08843140    3.24096941    2.63848604    2.28113795    1.81407416    1.68596733    1.92327552    2.08170009    2.00945384    1.88215440    1.94133714    1.76037327    1.72191137    1.97153121    1.80942116    1.96016540    2.38776756    2.12207461    2.05986779    1.95105640    1.93899214    2.01436308    1.79190668    1.64087105    1.81666357    2.01424608    2.06994463    1.74913677    1.67617902    1.69483903    1.70266702    1.62853830    1.56743001    1.71575017    1.63491645    1.79849254    1.72604849    1.69276700    1.67917954    1.75002960    1.84849274    1.67184027    1.68763443    1.80241820    1.76249082    1.82113131    1.85509205    1.74299766    1.91154707    1.95749866    1.83660077    1.87406238    1.64508210    1.53800869    1.66401647    1.81087647    1.90085668    1.59036914    1.63701228    1.73770824    2.48932518    2.57303433    2.56635502    2.36689157    2.18191709    1.37251834    1.45099413    1.44874199    1.27868284    1.43964909    1.42402363    1.51093519    1.60468773    1.34065930    1.33591635    1.46351622    1.37918471    1.28373737    1.48999785    1.41986363    1.45834343    1.44482872    1.37449153    1.44044498    1.27792673    1.22249620    1.58545820    1.50479100    1.64579135    1.59444392    1.69606803    1.55631504    1.53819061    1.46357160    1.65623063    2.46402472    2.78663833    2.84342459    2.69429773    2.14975925    1.96924476    1.91884480    1.70725878    1.59733441    1.79495031    1.85501161    1.59041497    1.57008029    1.67933982    1.53949283    1.57627762    1.63635692    1.61375962    1.66486026    1.57084770    1.56901813    1.68668733    1.61145321    1.64427333    1.51894019    1.42491882    1.60703714    1.78324166    1.67458356    1.56344729    1.62980025    1.58821473    1.68103223
EFGL_MYCTU/23-286     2.91350635    2.99658767    2.83028357    2.91026188    2.56936313    2.69873719    2.75562067    2.60387115    2.76962574    2.25396471    2.04333636    1.97063961    2.09349422    2.08843140    0.00000000    2.58866378    2.53895513    2.47978566    2.43681873    2.36560255    2.28671570    2.38071652    2.33674979    2.27873226    2.21947742    2.03249066    2.15703558    2.26481966    2.21227127    2.27447929    3.18374565    2.42217967    2.39394051    2.25984470    2.28668786    2.40663954    2.29185123    2.47885331    2.07762389    2.43327576    2.58727000    2.21236901    2.36171599    2.17070793    2.22134436    2.26611739    2.09923584    2.42172162    2.37535648    2.57889941    2.47298113    2.42158326    2.55289422    2.52153762    2.72496800    2.52332833    2.39663886    2.48238366    2.55278104    2.60791036    2.67354612    2.71213541    2.70957722    2.39479241    2.57747165    2.63183298    2.43835270    2.24063900    2.40762909    2.49958691    2.54388326    2.77406937    2.52767581    2.68979381    2.61417032    2.64426533    2.93800034    2.60663084    2.68888583    2.10839133    1.84869405    1.76438091    1.81228968    1.81624340    1.76782741    1.94278218    2.35253825    2.17870512    2.07591611    2.21027002    2.06468962    2.00405961    2.21617673    2.09051540    2.14226241    2.34216570    2.02551117    2.21329455    2.00964057    2.00045428    2.00054865    2.22462907    2.09135751    2.15049208    2.01290701    2.28603941    2.11243864    2.11052970    2.04474033    2.92140685    4.05495005    3.54441830    3.93714114    2.28335704    2.99097163    2.56340365    2.38284640    2.04281288    2.17396244    2.19153111    2.33359316    2.57087438    2.75612649    2.67712958    2.47607039    2.53869843    2.54775801    2.49156506    2.42464808    2.74275249    2.56453289    2.77584880    2.97737763    2.36531623    2.31555010    2.35520281    2.82561117    2.43093406    2.63522288    2.51467103    2.58581956    2.20391000
Q22174_CAEEL/169-388     3.78343820    3.52727374    2.98581519    3.09212482    3.17791258    2.91581022    2.74426102    3.05721562    2.99151404    2.90871723    3.10023957    2.75690556    2.96967700    3.24096941    2.58866378    0.00000000    1.69688420    1.73679049    2.20703479    2.28040317    2.34652444    2.54237761    2.40008251    2.13919200    2.38757375    2.08547474    2.11244643    2.25811909    2.19517629    2.17853972    2.69707963    2.48956501    2.53266263    2.28485749    2.73887565    2.39999754    2.32589829    1.95047490    2.10416724    2.56393364    2.42426516    2.27714184    2.33389726    1.98522378    2.00222924    2.30725972    1.98197838    2.44431964    2.51123369    2.45488137    2.25779877    2.17639185    2.16915374    2.36419338    2.24002627    2.33650850    2.46973855    2.36263637    2.42347595    2.38459923    2.57765190    2.33885168    2.34209977    2.26379957    2.40288210    2.43974795    2.46041349    2.25930835    2.31887149    2.37731727    2.17370390    2.28799174    2.30606150    2.38814249    2.79410468    2.87046659    2.68738630    3.04677783    2.97262203    3.16045305    3.28804804    3.33301355    3.39447607    3.37554289    3.36894321    3.59249847    2.57617737    2.86436855    2.81094432    2.77711968    2.67624496    3.01264888    3.03303919    2.73803127    2.71108419    2.98400330    2.59793077    3.03906072    2.87784803    2.44356921    3.19754323    3.10388513    3.53259462    3.01097489    3.71182554    3.28808324    3.07683161    3.03063802    3.16723010    3.99082082    3.07224950    3.41369258    3.54215868    3.29906717    3.12003067    3.57938882    3.45997444    3.10837313    3.36957030    3.08158686    3.44709049    2.96245327    3.24724211    3.19425679    3.50751505    3.27773371    3.20138903    3.04284588    3.62778591    2.85194228    3.02460034    3.30000603    3.30275712    2.93900691    2.89817137    3.04441136    3.41671138    2.99896462    3.53722595    3.33950823    3.52702172    3.42596116
O27253_METTH/116-338     2.89234678    2.81433956    2.71293354    2.95561024    3.93472565    2.84382980    2.82776107    2.78262453    2.60037988    2.41959476    2.77354726    2.27092889    2.63986369    2.63848604    2.53895513    1.69688420    0.00000000    0.59748860    1.78917498    1.75536720    2.11553124    2.11392657    2.20069270    1.98921906    2.04170501    1.86058658    1.86319636    2.00615192    2.12176350    2.27446478    2.69963485    2.26000531    2.15851024    1.96940347    2.32570324    2.29256787    1.97993937    1.89134614    2.17642659    2.40385019    2.17946758    1.95675354    1.80843988    1.77782291    1.86634974    1.99412789    1.63229924    1.91791980    1.83054146    1.93024788    1.84752555    1.81763392    1.80795557    1.87603079    1.66722594    1.79534424    2.03018392    1.79744462    1.93304296    1.79514859    1.96912604    1.82702836    1.80960061    1.87584334    1.76807766    1.70688851    1.80837816    1.78664816    1.90631797    1.82518317    1.82268126    1.94593181    1.82100676    1.78418595    2.73651728    2.82644308    2.79976293    2.84319128    2.75447340    2.23921202    2.50055664    2.54502101    2.51768922    2.41864771    2.24547002    2.46717263    2.12373753    2.15786088    2.01630118    2.24011612    2.02722998    2.22225049    2.38493485    2.28634093    2.26832187    2.48087115    2.46927087    2.52863177    2.57676443    2.27254440    2.34916759    2.48046583    2.69175425    2.51709261    3.15742944    2.54930007    2.55085586    2.72087837    2.70950959    3.46194226    2.96805294    3.35763907    3.17491343    2.81900358    2.85503816    3.39722554    2.98743115    2.54844027    2.82429068    2.96484672    2.82974922    3.24355863    3.34703840    3.01794686    3.39756605    3.51038298    2.86423236    3.28916290    3.25300103    2.67446730    3.22091109    2.99604293    2.89211880    2.80884784    2.74481622    3.12476231    3.10516617    3.15142187    3.17602605    3.04983342    2.85435970    3.38864905
O29514_ARCFU/156-380     2.80525913    2.93679228    2.28963176    2.55416903    3.30770862    2.45625709    2.41863854    2.35654665    2.27991420    2.27977978    2.55591679    2.08077935    2.21740016    2.28113795    2.47978566    1.73679049    0.59748860    0.00000000    1.61817472    1.64611366    1.76958871    1.86535910    1.85197948    1.73710064    1.73365757    1.64420356    1.65540246    1.91077466    1.77223954    2.16916793    2.57908514    2.08426414    2.13615852    1.91947256    2.12397773    2.18048819    1.77634432    1.58826102    1.77730499    2.04505072    1.96047416    1.71757763    1.64496676    1.56501671    1.60282283    1.95231278    1.36068298    1.71171092    1.64714316    1.64973204    1.64579758    1.61392481    1.60611640    1.70772785    1.52795571    1.57963390    1.71501535    1.51132382    1.63972527    1.62664188    1.75254533    1.62722553    1.58942637    1.55054998    1.58318428    1.60641977    1.67344705    1.50434954    1.59123258    1.53991161    1.64113297    1.65892502    1.77190323    1.71102226    2.54958426    2.76408638    2.99044410    3.02881081    3.00217900    2.26441758    2.19897557    2.42052791    2.13052246    2.07080160    2.14289821    2.23129147    2.08815655    2.11807476    2.02143743    2.24493517    1.93328000    2.13694030    2.38528521    2.02488096    1.98435883    2.31482062    2.16728423    2.44317769    2.35094907    2.16350073    1.87416407    1.97113869    2.16675316    2.11015098    2.66634628    2.15596343    2.12717995    2.26012190    2.25163127    3.39138634    2.65732171    3.00844724    2.82460395    2.65159588    2.52986624    2.74174639    2.67661874    2.28012480    2.46318701    2.48472787    2.47690851    2.65280194    2.83237664    2.56322544    2.86892712    2.96442641    2.63389669    2.90401031    2.86811614    2.50873710    2.95238046    2.85190005    2.78816483    2.50766949    2.47154401    2.79282057    2.77402579    2.81679389    2.84148371    2.87444888    2.67005491    2.96248915
EF1A_SULAC/4-224     2.40085596    2.51026911    2.45672422    2.38909659    2.82947051    1.87256303    2.02342370    2.23063322    2.17220321    2.01490140    2.27084400    1.68584538    1.89622476    1.81407416    2.43681873    2.20703479    1.78917498    1.61817472    0.00000000    0.41029992    0.71465553    0.76640182    0.79452807    0.74078386    0.83557763    0.74145548    0.77622600    0.74311081    0.69072672    1.04420817    1.95798360    1.05909283    1.14494821    0.95554380    1.12228540    1.06098626    0.92040354    0.63962520    1.15646840    1.16379544    1.10797319    0.64714674    0.66926031    0.64308826    0.78625642    0.80678803    0.57553802    1.27333737    1.22746442    1.38472533    1.22506445    1.29979651    1.25484949    1.27603585    1.35603364    1.26129402    1.23267915    1.21878894    1.20093447    1.19119342    1.19891037    1.25083362    1.28716100    1.28423573    1.23399683    1.26750670    1.23751778    1.32905801    1.25649369    1.41036301    1.26421185    1.32147328    1.15371021    1.14753509    2.31012974    2.18091039    2.35407341    2.30148493    2.22845486    1.91597869    1.84451968    2.10116753    1.81139077    1.82875807    1.73851992    1.76739877    1.66899616    1.61554605    1.65877569    1.76640914    1.68557955    1.74167265    1.73082624    1.76929747    1.68149219    1.86382446    1.78109256    1.62461947    1.78166579    1.66380284    2.20765406    2.27504028    2.20173505    2.28633226    2.25472578    2.22810846    2.40618934    2.43927323    2.19242111    2.88451777    2.43818117    2.53123030    2.46708779    2.36797126    2.41250282    2.09263460    2.26585525    2.16742394    2.31981066    2.12072097    2.30723032    2.05115227    2.14131170    2.35823652    2.16620023    2.34769666    2.24670831    2.31566342    2.35183244    2.19344767    2.47075026    2.28421769    2.28655156    2.31833417    2.15526034    2.40487392    2.48550736    2.19360900    2.41623145    2.14570949    2.33187369    2.38570561
