8
G3IDI7_CRIGR/68-113     0.00000000    0.76591306    0.57593645    1.97256111    2.27559579    1.82958660    2.44451627    0.86501571
POL_MMTVC/1655-1700     0.76591306    0.00000000    0.82946842    2.14966997    2.83733744    2.34977011    2.84185105    1.38292536
W5QF10_SHEEP/825-870     0.57593645    0.82946842    0.00000000    2.06708947    2.74521485    1.92876314    2.33167074    0.63730549
POL_HTL1C/1397-1441     1.97256111    2.14966997    2.06708947    0.00000000    0.54571488    2.36774165    2.37496880    2.56359121
POL_HTL32/1375-1418     2.27559579    2.83733744    2.74521485    0.54571488    0.00000000    2.65460818    2.99614622    3.63559801
POL_HV1H2/1372-1415     1.82958660    2.34977011    1.92876314    2.36774165    2.65460818    0.00000000    0.35275866    1.88619130
POL_HV2BE/1395-1438     2.44451627    2.84185105    2.33167074    2.37496880    2.99614622    0.35275866    0.00000000    2.38372486
G3GXW0_CRIGR/18-64     0.86501571    1.38292536    0.63730549    2.56359121    3.63559801    1.88619130    2.38372486    0.00000000

