26
FADR_ECOLI/8-71     0.00000000    1.58433727    1.65235874    2.07937854    1.94289225    1.65764026    2.56116652    2.05567960    2.76225713    3.17092559    2.34064411    2.37034489    2.87005080    2.32249310    2.28922346    1.73572553    2.02792397    2.27685578    2.15055707    2.24131414    2.04359932    2.23378033    1.90419586    2.11539048    2.81243819    2.37808939
NANR_ECOLI/32-95     1.58433727    0.00000000    1.17007554    1.52825852    2.13647910    1.65413418    2.08237333    2.43224109    2.53973558    2.87463459    2.65045317    2.44385783    3.48561312    2.17448128    1.56991684    1.49299711    1.59164874    1.71777540    2.17000929    1.49772302    1.71421273    2.05199276    1.87382661    2.09341910    2.57752490    1.91833734
PDHR_ECOLI/11-74     1.65235874    1.17007554    0.00000000    1.25785262    1.51175191    0.82625104    2.21891992    1.60476177    2.13708805    1.85205048    2.13673582    1.99569963    2.08623240    1.89234347    1.99023197    1.28496136    1.46127397    1.58697374    1.47142219    1.27130273    1.42490187    1.31113721    1.12267023    1.79568946    1.65500586    1.63092472
YCBG_BACSU/18-81     2.07937854    1.52825852    1.25785262    0.00000000    1.59285451    1.31570699    2.34875120    2.34353472    2.86817438    2.49623936    2.80427737    2.18824811    2.86041504    2.28701483    2.30483694    1.73428752    1.68948120    1.82556807    1.64060885    1.88900968    1.39506118    1.94682980    1.56215694    2.30418830    1.79454208    2.21576136
A0A077ZGH1_TRITR/7-70     1.94289225    2.13647910    1.51175191    1.59285451    0.00000000    1.81980104    2.33566676    2.44303552    3.10260916    2.71831031    2.33992180    2.29494334    3.63228326    2.71161045    2.24752500    2.07919567    1.62095895    2.13909336    1.92875060    2.07706951    2.31357626    1.75467941    1.80360378    2.07320147    2.76799661    3.19294192
LLDR_ECOLI/8-71     1.65764026    1.65413418    0.82625104    1.31570699    1.81980104    0.00000000    2.78716364    1.85803480    2.32752030    2.04204347    2.54824852    1.80180498    2.33422207    1.51934792    1.78592145    1.48074821    1.78934466    1.63144140    1.41484281    1.47902802    1.17321798    1.70421656    1.27527384    2.07171251    1.45973801    2.03587995
Q982I7_RHILO/42-104     2.56116652    2.08237333    2.21891992    2.34875120    2.33566676    2.78716364    0.00000000    1.60672251    1.97305042    1.90631709    1.92332219    1.94150988    2.43648950    2.00406659    1.66079996    2.56664444    2.59004395    3.27228323    2.32134083    2.66848396    2.00610028    2.30281911    2.29765839    2.95858709    2.60424765    2.36706917
Q98LF9_RHILO/21-83     2.05567960    2.43224109    1.60476177    2.34353472    2.44303552    1.85803480    1.60672251    0.00000000    1.55469742    1.93101598    1.76962797    1.90308361    2.65963704    2.03634412    2.11641556    2.36969847    2.24969471    2.33812968    2.74030467    3.24490962    1.66606096    1.93297195    2.09912811    2.70748069    2.32164622    2.53596210
Q0PWM1_9NOCA/28-90     2.76225713    2.53973558    2.13708805    2.86817438    3.10260916    2.32752030    1.97305042    1.55469742    0.00000000    1.67131861    1.77702499    1.52630025    2.59598762    2.06262848    2.06168400    2.59654829    1.80167591    2.19933202    2.98776305    2.71765378    2.00833201    2.51934356    2.48418095    2.73349564    2.12201160    2.78929213
A0A1A5I6T4_RHILI/19-81     3.17092559    2.87463459    1.85205048    2.49623936    2.71831031    2.04204347    1.90631709    1.93101598    1.67131861    0.00000000    1.60110091    1.20845988    1.82218485    1.97091951    2.10895404    3.06899063    2.32959255    2.68019960    2.52958846    2.77755420    2.33250120    2.30718960    1.79062149    2.63915350    1.99316778    2.83021190
Q98MD3_RHILO/11-73     2.34064411    2.65045317    2.13673582    2.80427737    2.33992180    2.54824852    1.92332219    1.76962797    1.77702499    1.60110091    0.00000000    1.01806535    2.02358713    2.40712922    1.53912779    2.53326694    2.03607638    3.32251686    3.47804205    3.14093270    2.08469113    3.11255529    2.60104002    2.09908753    2.63762134    2.84423856
Q9RHW8_COMTE/15-77     2.37034489    2.44385783    1.99569963    2.18824811    2.29494334    1.80180498    1.94150988    1.90308361    1.52630025    1.20845988    1.01806535    0.00000000    2.14320973    2.26553593    2.45897400    2.62422210    2.49606688    2.31339217    2.65312453    2.30679620    2.01118002    3.26602751    2.08738407    2.51021919    2.07474106    2.10313321
Q9A9S8_CAUVC/19-81     2.87005080    3.48561312    2.08623240    2.86041504    3.63228326    2.33422207    2.43648950    2.65963704    2.59598762    1.82218485    2.02358713    2.14320973    0.00000000    2.11999669    1.85610138    2.79572287    2.37278592    3.43894005    2.53892001    2.12667867    2.62271828    2.57025303    2.15297616    2.56741793    2.52278112    2.71671528
GNTR_BACLI/19-81     2.32249310    2.17448128    1.89234347    2.28701483    2.71161045    1.51934792    2.00406659    2.03634412    2.06262848    1.97091951    2.40712922    2.26553593    2.11999669    0.00000000    1.52427130    2.12026186    1.56840713    1.91725804    1.71258500    2.15948556    1.74813921    2.41737061    2.15277654    3.10358848    1.98549019    1.70832827
YIN1_STRAM/9-71     2.28922346    1.56991684    1.99023197    2.30483694    2.24752500    1.78592145    1.66079996    2.11641556    2.06168400    2.10895404    1.53912779    2.45897400    1.85610138    1.52427130    0.00000000    1.48541715    1.70162955    2.08636733    2.03405020    1.87415167    1.49952564    2.07467020    2.23443863    2.37322426    1.90512168    2.35594809
UXUR_ECOLI/10-73     1.73572553    1.49299711    1.28496136    1.73428752    2.07919567    1.48074821    2.56664444    2.36969847    2.59654829    3.06899063    2.53326694    2.62422210    2.79572287    2.12026186    1.48541715    0.00000000    0.87036922    0.80911468    1.75709168    1.44018160    1.53143737    1.97321912    1.92200171    1.61913566    2.12862249    1.66033374
UXUR_HAEIN/25-88     2.02792397    1.59164874    1.46127397    1.68948120    1.62095895    1.78934466    2.59004395    2.24969471    1.80167591    2.32959255    2.03607638    2.49606688    2.37278592    1.56840713    1.70162955    0.87036922    0.00000000    0.67831551    1.50318485    1.46184932    1.23595635    1.71867135    1.38810691    1.67007465    2.18565228    1.60929264
EXUR_ECOLI/9-72     2.27685578    1.71777540    1.58697374    1.82556807    2.13909336    1.63144140    3.27228323    2.33812968    2.19933202    2.68019960    3.32251686    2.31339217    3.43894005    1.91725804    2.08636733    0.80911468    0.67831551    0.00000000    1.56409017    1.31514841    1.34860963    2.04013188    1.56629802    2.08586278    2.37728364    1.52531887
YIDP_ECOLI/2-65     2.15055707    2.17000929    1.47142219    1.64060885    1.92875060    1.41484281    2.32134083    2.74030467    2.98776305    2.52958846    3.47804205    2.65312453    2.53892001    1.71258500    2.03405020    1.75709168    1.50318485    1.56409017    0.00000000    1.25362781    1.27157674    1.48489101    1.37103179    1.93764812    2.17770782    1.79557260
PHNF_ECOLI/13-75     2.24131414    1.49772302    1.27130273    1.88900968    2.07706951    1.47902802    2.66848396    3.24490962    2.71765378    2.77755420    3.14093270    2.30679620    2.12667867    2.15948556    1.87415167    1.44018160    1.46184932    1.31514841    1.25362781    0.00000000    1.38912873    1.43581833    1.39152132    1.71090566    1.82131167    1.66978770
MNGR_ECOLI/6-69     2.04359932    1.71421273    1.42490187    1.39506118    2.31357626    1.17321798    2.00610028    1.66606096    2.00833201    2.33250120    2.08469113    2.01118002    2.62271828    1.74813921    1.49952564    1.53143737    1.23595635    1.34860963    1.27157674    1.38912873    0.00000000    1.14181733    1.11996531    1.75670570    1.46801611    1.23874844
A6T6K9_KLEP7/13-76     2.23378033    2.05199276    1.31113721    1.94682980    1.75467941    1.70421656    2.30281911    1.93297195    2.51934356    2.30718960    3.11255529    3.26602751    2.57025303    2.41737061    2.07467020    1.97321912    1.71867135    2.04013188    1.48489101    1.43581833    1.14181733    0.00000000    1.01418608    1.83390736    1.99882720    1.47515366
FRLR_ECOLI/12-75     1.90419586    1.87382661    1.12267023    1.56215694    1.80360378    1.27527384    2.29765839    2.09912811    2.48418095    1.79062149    2.60104002    2.08738407    2.15297616    2.15277654    2.23443863    1.92200171    1.38810691    1.56629802    1.37103179    1.39152132    1.11996531    1.01418608    0.00000000    2.14198352    2.34060836    1.86233749
Y3073_RHOS4/13-76     2.11539048    2.09341910    1.79568946    2.30418830    2.07320147    2.07171251    2.95858709    2.70748069    2.73349564    2.63915350    2.09908753    2.51021919    2.56741793    3.10358848    2.37322426    1.61913566    1.67007465    2.08586278    1.93764812    1.71090566    1.75670570    1.83390736    2.14198352    0.00000000    1.96682504    1.69689431
PTSJ_SALTY/6-69     2.81243819    2.57752490    1.65500586    1.79454208    2.76799661    1.45973801    2.60424765    2.32164622    2.12201160    1.99316778    2.63762134    2.07474106    2.52278112    1.98549019    1.90512168    2.12862249    2.18565228    2.37728364    2.17770782    1.82131167    1.46801611    1.99882720    2.34060836    1.96682504    0.00000000    1.50380571
KORA_STRLI/8-71     2.37808939    1.91833734    1.63092472    2.21576136    3.19294192    2.03587995    2.36706917    2.53596210    2.78929213    2.83021190    2.84423856    2.10313321    2.71671528    1.70832827    2.35594809    1.66033374    1.60929264    1.52531887    1.79557260    1.66978770    1.23874844    1.47515366    1.86233749    1.69689431    1.50380571    0.00000000

