62
Q080X4_SHEFN/9-405     0.00000000    0.61184016    0.66916831    0.62617630    0.72619743    0.71271969    0.72965378    0.54935716    0.75121552    0.92762923    1.07847767    0.82765482    1.34167942    1.05826463    1.09309996    1.06269798    1.98527179    1.70570842    4.17732403    4.15028641    4.14649340    4.06813762    4.35312263    4.16099258    4.41178462    4.38035971    4.36639290    3.89249445    4.50271559    4.98128044    2.79465874    2.88976660    2.84479898    2.72714505    2.77590532    3.08526546    3.16776287    3.07311405    2.92892006    2.90923171    2.75422316    2.89665158    2.68633931    2.80955053    2.90419245    2.30343601    3.12923720    3.12975323    3.41412928    3.40824887    3.19922685    3.30435349    1.41341428    1.39761668    1.30789114    1.51258406    1.30868986    1.44711848    1.07214015    1.15815327    0.81744742    0.88609970
SDHA_RICPR/13-408     0.61184016    0.00000000    0.28856307    0.28620704    0.42477242    0.40854835    0.42403763    0.59394203    0.83434960    0.98590550    0.93281102    0.81263878    1.38364317    1.07904794    1.17174420    1.09355507    2.09377296    1.78496884    4.24004181    4.46150232    4.37209149    3.85636035    4.37212400    4.24827346    4.35719840    4.36547993    4.34720834    3.91796618    4.72660465    4.79916099    2.78128606    3.19096880    3.06168574    3.09546613    2.94424714    3.04541933    3.26279747    2.99592592    3.08430389    2.68286745    2.94049912    2.91777265    2.81786290    3.04041543    3.03257015    2.34184064    3.30153725    3.24567876    3.70792885    3.56828681    3.54393206    3.47272189    1.46219853    1.47370022    1.24511384    1.39741607    1.31908616    1.40746154    1.17643608    1.27645510    0.77376588    0.86353982
A1AZI7_PARDP/12-407     0.66916831    0.28856307    0.00000000    0.35223118    0.49207837    0.43503219    0.44227463    0.61949846    0.84733563    1.03720477    1.00616337    0.86772789    1.45580796    1.12231516    1.15605458    1.12701151    2.06084067    1.80150726    4.19663220    4.63401510    4.40161634    3.95734530    4.61671401    4.33459764    4.36039945    4.43604175    4.50810666    4.11325195    5.11821937    5.05350981    2.78883267    3.07957362    3.07401830    3.12714127    2.90051583    3.24004268    3.24860194    3.17697119    3.12271474    2.78719095    2.92398288    2.89311469    3.00374295    3.18861688    3.18711272    2.26686486    3.34441452    3.11705868    3.68040566    3.47910272    3.51273373    3.36375337    1.46680975    1.47663459    1.20806658    1.41248169    1.35403439    1.40048364    1.19805894    1.28999762    0.78230091    0.89607748
SDHA_SCHPO/56-451     0.62617630    0.28620704    0.35223118    0.00000000    0.31692319    0.31105565    0.32161821    0.57965642    0.85754112    1.05731325    1.04399467    0.83640030    1.40248904    1.07520920    1.17219667    1.10078904    2.13197976    1.77620215    3.95135244    4.27677511    4.12969323    3.67171154    4.28864563    4.17233903    4.37471052    4.43142366    4.45590900    3.88271368    4.55674298    4.93943906    2.77828965    3.05936431    3.11895063    3.06256403    3.05923890    3.23532088    3.41379562    3.25064248    3.12648897    2.88768949    3.08456165    3.11586721    2.99829376    3.13968839    3.13441137    2.36120456    3.30011804    3.28345013    3.57817537    3.56162071    3.35722421    3.46628152    1.45071791    1.46635438    1.23071983    1.50865843    1.29621686    1.48141991    1.14411184    1.27838954    0.81803454    0.90254300
Q94651_PLAFA/24-428     0.72619743    0.42477242    0.49207837    0.31692319    0.00000000    0.38035742    0.41165891    0.68951533    0.87737621    1.10915281    1.05017326    0.90884839    1.54267528    1.18184470    1.20783306    1.17057974    2.11438098    1.80955557    3.99966812    4.17602087    4.05298404    3.78929956    4.20371101    4.14312768    4.28285264    4.31456277    4.48048578    4.08005416    4.76031965    5.05088962    3.07090968    3.40068991    3.50294326    3.59955597    3.27337959    3.63331599    3.63043734    3.42298776    3.53539374    3.09280549    3.23341316    3.32695476    3.29903342    3.52503681    3.45384720    2.44906045    3.49224680    3.60955883    3.86859616    3.71259355    3.62248903    3.60937408    1.51509807    1.40193516    1.31837981    1.56840738    1.34638630    1.53277756    1.19732886    1.28437965    0.87417979    0.92663616
Q36744_DIRIM/43-438     0.71271969    0.40854835    0.43503219    0.31105565    0.38035742    0.00000000    0.25317801    0.65109051    0.89164667    1.02929521    0.97731118    0.86834813    1.41951708    1.08713305    1.19817669    1.12531496    2.09898951    1.92519578    4.12724873    4.16792904    4.01274668    3.52156909    4.03676732    3.96053377    4.16113585    4.26370312    4.42806250    3.97109609    4.73600975    4.96204806    2.95419044    3.02907222    3.07776749    3.03387262    2.92352955    3.10571267    3.09861092    3.13683898    3.09231001    2.89046639    2.92151759    3.02301537    3.03617221    3.04474137    3.13428945    2.46325433    3.40526578    3.29065076    3.70008010    3.62587668    3.41004734    3.59618500    1.45359706    1.44344343    1.31378195    1.47807911    1.35984932    1.47183764    1.15554117    1.23310722    0.86881424    0.96647081
Q33862_ASCSU/43-438     0.72965378    0.42403763    0.44227463    0.32161821    0.41165891    0.25317801    0.00000000    0.67446813    0.91789610    1.07292428    1.04604567    0.86924510    1.44896453    1.09595330    1.20854292    1.15654583    2.08025784    1.79705465    3.94019197    4.24022344    4.14688276    3.73380778    4.14762691    4.11661859    4.33633660    4.36083736    4.38660194    4.08612926    4.72770639    5.17343412    2.70949230    2.97066195    3.19175694    3.05826640    2.86455870    3.32082306    3.32160054    3.08358392    3.09317857    2.74825449    2.89511527    2.79125191    2.93256550    3.16436124    3.12803706    2.37505668    3.27210428    3.12910853    3.56267787    3.62144606    3.37185627    3.42626530    1.46614039    1.41626096    1.25537288    1.51148391    1.33128323    1.43835837    1.12733584    1.23479727    0.82502260    0.91613090
SDHA_COXBU/10-406     0.54935716    0.59394203    0.61949846    0.57965642    0.68951533    0.65109051    0.67446813    0.00000000    0.90530719    1.03321945    1.02354790    0.90637047    1.39922239    1.22427277    1.28241315    1.21949208    2.13617678    1.92596550    4.26548133    4.54255582    4.15944923    4.43530512    4.91177877    4.56139608    4.95369550    4.70342529    4.65667973    4.45493363    5.14152583    5.62593913    2.80648151    3.09742979    3.13885593    2.96057618    2.97356260    3.32796689    3.44277579    3.23537202    3.09164461    3.19393703    3.19660840    3.05122229    3.17908803    3.33443832    3.46202224    2.42315117    3.04805902    3.08778432    3.37706996    3.54298057    3.32378524    3.32747790    1.51599617    1.52819262    1.29188584    1.56182286    1.35211913    1.41579893    1.22521609    1.24840931    0.83281152    0.90421138
O29576_ARCFU/4-383     0.75121552    0.83434960    0.84733563    0.85754112    0.87737621    0.89164667    0.91789610    0.90530719    0.00000000    0.77794371    0.79770278    0.81199257    1.50143523    1.17980396    1.14061810    1.18957428    1.97036352    1.74255840    4.37143083    4.38511584    4.46413940    4.11976743    4.90669074    4.59868248    5.01939049    4.57157106    4.66193328    4.21606535    5.44872226    5.23924271    2.90824422    3.35091106    3.25409117    3.14502623    3.11507859    3.15483649    3.39355880    3.12755715    3.24965670    3.13633699    3.02830440    3.00971080    3.09616473    3.37752192    3.26155872    2.47995845    3.13240127    2.99481295    3.23313285    3.28849094    3.17348434    3.18259937    1.43316760    1.47173469    1.24976929    1.43665161    1.42632983    1.46735890    1.03598342    1.22204337    0.78553647    0.84446994
FRDA_MYCTU/6-394     0.92762923    0.98590550    1.03720477    1.05731325    1.10915281    1.02929521    1.07292428    1.03321945    0.77794371    0.00000000    0.60131424    0.91210424    1.40384628    1.15154318    1.25072702    1.21921032    1.92431759    1.77754477    4.78317152    4.38968400    4.54603347    4.20693906    4.90091165    4.53244399    5.25102672    4.40341751    4.64947883    4.39480986    5.60779122    5.54444564    2.93205643    3.04360899    2.93106914    3.02546762    3.02938184    2.87140639    3.08541653    3.14754665    3.23998031    2.92977114    3.08860861    2.95229458    2.69561309    2.92216229    2.64680075    2.59722499    3.20263914    3.24769190    3.42917979    3.40458143    3.33943726    3.29626642    1.44806924    1.43612269    1.24765496    1.37980180    1.41211392    1.44649022    1.24028390    1.35389294    0.86340432    0.99538842
FRDA_HAEIN/7-398     1.07847767    0.93281102    1.00616337    1.04399467    1.05017326    0.97731118    1.04604567    1.02354790    0.79770278    0.60131424    0.00000000    0.92665345    1.36805200    1.21090081    1.27330683    1.32937110    1.93715185    1.87103727    5.01536385    4.65886474    4.65150767    4.27878707    4.68212723    4.54267802    5.38807088    4.67259097    4.70263016    4.48100979    5.93205756    5.55118945    2.86680331    3.12214898    3.17632128    2.87835724    2.85826830    2.95610531    3.12121463    2.78194050    3.08982380    3.10426794    3.08271483    2.81401809    3.06534302    3.16547172    2.99076120    2.63119241    3.03187793    3.12253057    3.40986711    3.44268854    3.32136410    3.41538483    1.53442672    1.53950250    1.30499561    1.37962590    1.42190840    1.42447957    1.28721636    1.43123171    1.05119460    1.09479010
P72112_NATPH/7-389     0.82765482    0.81263878    0.86772789    0.83640030    0.90884839    0.86834813    0.86924510    0.90637047    0.81199257    0.91210424    0.92665345    0.00000000    1.29490389    1.13916372    1.17628759    1.15496372    1.84651518    1.69789212    3.98471421    3.87036621    3.88063427    3.59846781    4.03437881    3.83333355    4.37891252    3.85817671    4.01348879    3.54140713    4.64393173    4.99479182    2.62212026    2.76434130    2.89150521    2.74231384    2.75668365    3.00224573    3.08077776    2.95367853    3.17060226    2.87437510    2.75958448    2.64968973    2.70801351    3.04717009    2.84908499    2.15331376    2.97166425    3.00404478    3.18710441    3.12700626    2.98889777    3.13239126    1.45434556    1.47371404    1.16617087    1.40639554    1.43274439    1.50380933    1.02176081    1.01236186    0.81397807    0.95244975
P70933_PAEMA/5-392     1.34167942    1.38364317    1.45580796    1.40248904    1.54267528    1.41951708    1.44896453    1.39922239    1.50143523    1.40384628    1.36805200    1.29490389    0.00000000    1.39601664    1.40819791    1.40714184    2.06531792    2.03423067    4.50268026    4.94124161    4.76404240    4.66929975    5.20011866    4.93826125    4.95901133    4.91819379    4.55837975    3.92686976    4.87790495    5.47124829    3.33415523    3.66604044    3.75478536    3.72049341    3.56601814    3.63546961    3.59798282    3.40284055    3.49920831    3.72092187    3.61876759    3.53133948    3.59111917    3.31232181    3.48841547    2.64768581    3.70030370    3.60503457    3.63863592    3.86127895    3.56173407    3.98791751    1.78057798    1.79765475    1.51564496    1.70498115    1.77940928    1.76323077    1.55345393    1.50216591    1.40629921    1.40402808
Q8EJR4_SHEON/7-411     1.05826463    1.07904794    1.12231516    1.07520920    1.18184470    1.08713305    1.09595330    1.22427277    1.17980396    1.15154318    1.21090081    1.13916372    1.39601664    0.00000000    0.45149404    0.37010540    2.12260107    1.90031255    4.36597579    4.63886497    4.26039673    3.96080404    4.32396457    4.03124658    4.41128080    4.42072618    4.27622886    4.27038779    5.08646594    4.97498682    2.87778693    3.39730805    2.97537276    3.19174364    3.31119821    3.14602828    3.55773943    3.35205156    3.02792124    3.29778743    3.11742253    3.07360593    3.30433524    3.33558855    3.40133108    2.21322693    3.17120953    3.07855806    3.24565172    3.38163846    3.15871471    3.48855067    1.53259546    1.44244834    1.55373858    1.60441818    1.64062852    1.57457958    1.39172747    1.33974367    1.18422240    1.21653036
FRDA_HELPY/7-437     1.09309996    1.17174420    1.15605458    1.17219667    1.20783306    1.19817669    1.20854292    1.28241315    1.14061810    1.25072702    1.27330683    1.17628759    1.40819791    0.45149404    0.00000000    0.28683394    2.03560008    1.77708554    3.88031463    4.30117802    4.09307002    3.77413538    4.12525837    3.89980746    4.40444088    4.08916345    4.10516434    3.88646669    4.91059330    5.04532685    2.88678610    3.33340034    3.12574854    3.25813773    3.22135274    3.12026442    3.41587931    3.21562784    3.07285452    3.48211634    3.13088238    3.00480038    3.21175281    3.19685409    3.18770146    2.07579006    3.06323444    3.33528587    3.26263146    3.11816505    3.20139258    3.44376720    1.60134309    1.52791872    1.54501879    1.70909566    1.61626614    1.55686062    1.30079016    1.39782593    1.18229994    1.21050977
FRDA_WOLSU/7-410     1.06269798    1.09355507    1.12701151    1.10078904    1.17057974    1.12531496    1.15654583    1.21949208    1.18957428    1.21921032    1.32937110    1.15496372    1.40714184    0.37010540    0.28683394    0.00000000    1.98677143    1.93403264    3.89789940    4.18770877    4.03227656    3.73605211    4.07087595    3.78880069    4.28064032    4.06299849    3.97153577    3.73911365    5.08174566    5.06377591    2.82265235    3.16883392    2.85016297    2.91339413    3.13869637    3.05439183    3.26152226    3.02115837    3.01445708    3.29486758    2.94626246    2.94900598    3.07908027    3.12291167    3.19255951    2.10275255    2.90297196    2.81031538    2.95450345    3.07635228    2.94036435    3.20410652    1.57637476    1.48833423    1.55697402    1.68871279    1.60653883    1.57251315    1.30567712    1.37209992    1.14658197    1.23030624
Q09567_CAEEL/10-468     1.98527179    2.09377296    2.06084067    2.13197976    2.11438098    2.09898951    2.08025784    2.13617678    1.97036352    1.92431759    1.93715185    1.84651518    2.06531792    2.12260107    2.03560008    1.98677143    0.00000000    1.08287381    4.18501781    4.09052030    3.87706802    3.84366099    3.98458932    3.69602380    4.18765047    4.20330270    4.16859379    3.85585509    4.13201240    5.37666903    2.67681799    2.61924561    2.78774210    2.65035005    2.92185856    2.64875193    2.67202977    2.64793762    2.72493537    2.74101496    2.83912590    2.56355981    2.57091348    2.82941263    2.75053014    1.87757041    2.79100538    3.05067362    2.95649397    2.95410004    2.74513489    2.76064638    1.79830763    1.68703881    1.67577328    1.88775570    1.90378369    1.77239273    1.71865105    1.77158387    1.83135759    1.80478660
Q8ITL2_9TRYP/383-854     1.70570842    1.78496884    1.80150726    1.77620215    1.80955557    1.92519578    1.79705465    1.92596550    1.74255840    1.77754477    1.87103727    1.69789212    2.03423067    1.90031255    1.77708554    1.93403264    1.08287381    0.00000000    3.67257992    3.90308795    3.64635359    3.81120583    4.16552971    3.58696431    4.06465386    4.02484406    4.09125496    3.84258236    4.56540161    4.88221720    2.72545585    2.65983868    2.75912807    2.57122308    2.76492734    2.96170888    2.81976524    2.86339140    2.59704096    2.59951159    2.68458916    2.92622223    2.66480209    3.17355246    2.82244526    1.89919677    3.14067902    3.09288886    3.21846334    3.22577270    2.90085477    2.98075530    1.77102992    1.60675517    1.55779848    1.65835990    1.71633441    1.69374958    1.55103538    1.65638005    1.62677636    1.77120648
GLPB_PHOPR/4-412     4.17732403    4.24004181    4.19663220    3.95135244    3.99966812    4.12724873    3.94019197    4.26548133    4.37143083    4.78317152    5.01536385    3.98471421    4.50268026    4.36597579    3.88031463    3.89789940    4.18501781    3.67257992    0.00000000    0.92066901    0.93734340    1.27000533    1.39747273    1.31979370    1.15343778    1.17855692    1.23757330    1.89099157    2.18536142    2.06910866    3.86523220    4.22410472    3.97834075    4.14948651    4.68428279    4.80245931    4.38800578    4.47367573    4.10049714    3.99271407    4.26381565    3.85391163    4.20598774    4.49516093    4.14489371    4.23997312    4.95392897    4.55676449    4.78253300    4.74366973    4.49169557    4.92966765    3.94201693    3.88558779    3.87790699    4.70708881    3.89467823    3.89382830    4.22099549    4.14623654    4.38638499    4.34966816
GLPB_VIBCH/5-410     4.15028641    4.46150232    4.63401510    4.27677511    4.17602087    4.16792904    4.24022344    4.54255582    4.38511584    4.38968400    4.65886474    3.87036621    4.94124161    4.63886497    4.30117802    4.18770877    4.09052030    3.90308795    0.92066901    0.00000000    0.59704026    1.29665985    1.35274077    1.27224716    1.25745634    1.21988812    1.24367601    1.92775182    2.05318556    2.22876346    4.01456832    4.68445681    4.03175250    4.33038878    4.57171794    4.71894738    4.46711699    4.44258818    4.26684886    4.34457559    4.44072045    4.36806617    4.37876832    4.24060436    4.15927773    4.40304176    4.62585510    4.64556586    4.71688908    4.99655732    4.67045191    4.90997153    3.52760242    4.09986386    3.87117048    4.70996267    3.90969748    4.06108638    4.38016083    4.62241155    4.50658924    4.84020210
GLPB_VIBVY/5-411     4.14649340    4.37209149    4.40161634    4.12969323    4.05298404    4.01274668    4.14688276    4.15944923    4.46413940    4.54603347    4.65150767    3.88063427    4.76404240    4.26039673    4.09307002    4.03227656    3.87706802    3.64635359    0.93734340    0.59704026    0.00000000    1.34687832    1.36170498    1.37621197    1.24501799    1.23610047    1.36388037    1.83642481    2.18109423    2.12015905    3.65425871    4.63837690    3.90102427    4.33568621    4.38712620    4.45857307    4.46019310    4.21094688    3.92763041    3.91376157    4.03193474    4.35052837    4.47148226    4.19842818    4.24189415    4.53529234    4.58548405    4.44913680    4.52192693    4.71045501    4.50617050    4.86103046    3.62496146    4.13034732    3.72817471    4.57782563    3.92271712    3.85060789    4.44939574    4.35365305    4.50783657    4.60459990
GLPB_HAEDU/4-410     4.06813762    3.85636035    3.95734530    3.67171154    3.78929956    3.52156909    3.73380778    4.43530512    4.11976743    4.20693906    4.27878707    3.59846781    4.66929975    3.96080404    3.77413538    3.73605211    3.84366099    3.81120583    1.27000533    1.29665985    1.34687832    0.00000000    0.56143126    0.50593386    1.18800154    1.00297191    1.08924548    2.21162468    2.21419044    2.38025814    3.92865810    4.60622981    4.19087329    4.52435975    4.69391588    4.56876307    4.61894768    5.02543752    4.62591295    4.60257759    4.19659928    3.97457169    4.32703221    4.17292401    4.15532940    4.09046431    4.83836884    4.62658806    4.66372678    4.77122005    4.73883610    4.77628542    3.67247737    4.04846070    3.17107158    4.19120298    3.81410706    3.76559045    3.85102982    3.90169547    4.01608491    4.38218582
GLPB_HAEIN/4-417     4.35312263    4.37212400    4.61671401    4.28864563    4.20371101    4.03676732    4.14762691    4.91177877    4.90669074    4.90091165    4.68212723    4.03437881    5.20011866    4.32396457    4.12525837    4.07087595    3.98458932    4.16552971    1.39747273    1.35274077    1.36170498    0.56143126    0.00000000    0.50625752    1.19861245    1.08100292    1.20707784    2.07375475    2.07047360    2.41597523    4.11915398    4.78859425    4.40852831    4.95229251    4.61288232    4.60122116    4.60968712    5.10679449    4.44150647    4.31638031    4.50824643    3.87020914    4.30039769    4.29753235    4.08948719    3.85611903    4.79146031    4.89075185    5.10474954    4.63895379    4.88689919    4.87954033    3.78210781    4.19341331    3.86230454    4.65199223    4.31530095    4.13964099    4.28492312    4.28806818    4.31482511    5.15963287
GLPB_PASMU/4-412     4.16099258    4.24827346    4.33459764    4.17233903    4.14312768    3.96053377    4.11661859    4.56139608    4.59868248    4.53244399    4.54267802    3.83333355    4.93826125    4.03124658    3.89980746    3.78880069    3.69602380    3.58696431    1.31979370    1.27224716    1.37621197    0.50593386    0.50625752    0.00000000    1.08749757    0.98346028    1.04425144    2.14570402    2.09068568    2.19523269    4.26786554    4.75758405    4.39489075    4.64727139    4.72697661    4.67590027    4.54660432    4.75459400    4.35233308    4.07445506    4.00120647    3.92031186    4.41399228    4.78479636    4.38488279    4.21723626    4.39605357    4.48337943    4.53694865    4.67798237    4.58301280    4.62374445    3.63692197    3.95059012    3.49534975    4.47471563    3.79846634    3.53737804    4.06049270    3.87367604    4.18104966    5.03071381
GLPB_SHIFL/4-399     4.41178462    4.35719840    4.36039945    4.37471052    4.28285264    4.16113585    4.33633660    4.95369550    5.01939049    5.25102672    5.38807088    4.37891252    4.95901133    4.41128080    4.40444088    4.28064032    4.18765047    4.06465386    1.15343778    1.25745634    1.24501799    1.18800154    1.19861245    1.08749757    0.00000000    0.89800800    0.89342537    1.93401039    1.90291624    2.00251238    4.62150030    5.07406270    4.54834643    4.88273935    4.48415960    5.02862146    4.83319242    5.15609133    4.52932397    4.49693677    4.36546794    4.44572665    4.67318597    4.74042590    4.10136474    4.11619588    4.62925980    4.58062160    4.61343581    4.55574062    4.60596371    4.87547760    3.97535184    4.36823718    3.80597702    5.18789841    4.76666386    4.52876481    4.68588727    4.60418277    4.62288044    4.65708297
GLPB_YERPE/4-404     4.38035971    4.36547993    4.43604175    4.43142366    4.31456277    4.26370312    4.36083736    4.70342529    4.57157106    4.40341751    4.67259097    3.85817671    4.91819379    4.42072618    4.08916345    4.06299849    4.20330270    4.02484406    1.17855692    1.21988812    1.23610047    1.00297191    1.08100292    0.98346028    0.89800800    0.00000000    0.64345089    1.90888107    2.12602429    2.08964953    4.15872275    5.55845502    4.61598250    4.72853621    4.87435578    5.00054419    4.67756491    5.01090374    5.02584689    4.43409035    4.62283601    4.55123476    4.51671210    4.93327823    4.45379462    4.66800604    4.75827292    4.76745409    4.94223527    4.65549975    4.56077787    4.89283522    3.62900129    4.05838212    3.27888817    4.72115540    3.74174756    3.58209218    4.22995800    4.10864707    4.42224063    4.91098562
GLPB_PECAS/4-402     4.36639290    4.34720834    4.50810666    4.45590900    4.48048578    4.42806250    4.38660194    4.65667973    4.66193328    4.64947883    4.70263016    4.01348879    4.55837975    4.27622886    4.10516434    3.97153577    4.16859379    4.09125496    1.23757330    1.24367601    1.36388037    1.08924548    1.20707784    1.04425144    0.89342537    0.64345089    0.00000000    1.91273786    1.98359446    2.17985349    4.72607531    5.04201364    4.50410831    4.83499468    5.04093667    4.81879521    4.79599629    5.25908424    4.61838823    4.24328101    4.28581761    4.55419667    4.47867862    4.91958061    4.46134913    4.37177524    4.68983942    4.73896779    4.68102479    4.97087656    4.34635101    5.04407538    3.57048822    4.14525962    3.57361173    4.87403861    3.92588161    3.97389805    4.33208042    4.30760453    4.37102955    4.70234073
GLPB_HALSA/6-408     3.89249445    3.91796618    4.11325195    3.88271368    4.08005416    3.97109609    4.08612926    4.45493363    4.21606535    4.39480986    4.48100979    3.54140713    3.92686976    4.27038779    3.88646669    3.73911365    3.85585509    3.84258236    1.89099157    1.92775182    1.83642481    2.21162468    2.07375475    2.14570402    1.93401039    1.90888107    1.91273786    0.00000000    1.79809746    1.85978922    4.01077006    4.45995573    4.51931498    4.42303540    4.30522058    4.25823767    4.48391191    4.66902136    4.39210651    3.89550138    4.06713231    4.28262877    3.84074302    4.38161539    4.25481270    4.37007768    4.28703990    4.43299111    4.63777533    4.41162224    4.36769778    4.85074906    3.33146708    3.69719348    3.82263429    4.44183237    4.21913727    4.19966337    4.21992142    4.14434312    4.10975855    4.08982292
A0A2B7IWV0_CUTAC/20-421     4.50271559    4.72660465    5.11821937    4.55674298    4.76031965    4.73600975    4.72770639    5.14152583    5.44872226    5.60779122    5.93205756    4.64393173    4.87790495    5.08646594    4.91059330    5.08174566    4.13201240    4.56540161    2.18536142    2.05318556    2.18109423    2.21419044    2.07047360    2.09068568    1.90291624    2.12602429    1.98359446    1.79809746    0.00000000    1.91767799    5.23820982    5.11371419    4.47065684    5.27255491    4.86975579    4.63934942    4.69819295    5.01765320    4.78434432    4.98039060    5.03270431    4.84012763    4.99499777    4.97735185    4.97029426    4.53481875    5.00410881    4.76047694    4.96957178    4.83228337    4.88846005    5.19312228    4.51825484    4.57872663    3.99383172    5.40531717    4.62676000    4.77944302    4.78922483    4.99886617    4.64449160    4.73108177
Q72AQ3_DESVH/9-408     4.98128044    4.79916099    5.05350981    4.93943906    5.05088962    4.96204806    5.17343412    5.62593913    5.23924271    5.54444564    5.55118945    4.99479182    5.47124829    4.97498682    5.04532685    5.06377591    5.37666903    4.88221720    2.06910866    2.22876346    2.12015905    2.38025814    2.41597523    2.19523269    2.00251238    2.08964953    2.17985349    1.85978922    1.91767799    0.00000000    5.86973159    5.95968635    5.66659530    5.76967859    5.74782560    5.81396517    6.11036272    5.79427080    5.41053463    5.26698810    4.96903512    5.04894504    4.96260440    5.46561617    5.26379191    4.71217958    5.46455315    5.40226784    5.67793629    5.79478502    5.62410152    5.75319544    4.19210222    4.68348618    4.73000579    5.65695199    5.63132657    5.47126530    5.39874837    5.29618192    5.22843302    5.68450547
B8FVW0_DESHD/182-621     2.79465874    2.78128606    2.78883267    2.77828965    3.07090968    2.95419044    2.70949230    2.80648151    2.90824422    2.93205643    2.86680331    2.62212026    3.33415523    2.87778693    2.88678610    2.82265235    2.67681799    2.72545585    3.86523220    4.01456832    3.65425871    3.92865810    4.11915398    4.26786554    4.62150030    4.15872275    4.72607531    4.01077006    5.23820982    5.86973159    0.00000000    2.17181520    2.35432878    2.49255100    2.51624569    2.38525718    2.40174546    2.27750510    2.50206393    2.40565410    2.26442514    2.35751433    2.28995084    2.30218791    2.16513604    2.58700724    3.11088289    3.04001377    2.77683924    3.19790752    3.12196139    3.12191263    2.64768376    2.79949977    2.61490945    2.59750319    2.64174167    2.70569150    3.01920122    3.03309646    3.13913982    3.08399768
Q89F96_BRADU/15-553     2.88976660    3.19096880    3.07957362    3.05936431    3.40068991    3.02907222    2.97066195    3.09742979    3.35091106    3.04360899    3.12214898    2.76434130    3.66604044    3.39730805    3.33340034    3.16883392    2.61924561    2.65983868    4.22410472    4.68445681    4.63837690    4.60622981    4.78859425    4.75758405    5.07406270    5.55845502    5.04201364    4.45995573    5.11371419    5.95968635    2.17181520    0.00000000    0.80671685    0.80273386    0.97550745    0.86082270    0.88952588    1.12099192    1.03483692    1.12873830    1.30967886    1.41859719    1.67543642    1.85473919    1.88818316    2.53548884    3.35806115    3.08587074    3.46141281    3.67394201    3.50458093    3.51166128    2.79003018    2.81596456    2.79907884    3.20246322    2.91357125    2.86542505    3.20437786    2.97531285    3.09400032    3.34750899
Q89P14_BRADU/11-548     2.84479898    3.06168574    3.07401830    3.11895063    3.50294326    3.07776749    3.19175694    3.13885593    3.25409117    2.93106914    3.17632128    2.89150521    3.75478536    2.97537276    3.12574854    2.85016297    2.78774210    2.75912807    3.97834075    4.03175250    3.90102427    4.19087329    4.40852831    4.39489075    4.54834643    4.61598250    4.50410831    4.51931498    4.47065684    5.66659530    2.35432878    0.80671685    0.00000000    0.97053809    1.03491221    1.01246992    1.06106589    1.19273917    1.16707405    1.25694571    1.35557634    1.55940206    1.66929688    1.78820582    1.89539623    2.52372350    3.34596179    2.74589073    3.42609961    3.27034477    3.37759257    3.35279399    2.64847508    3.08868026    2.56897548    3.20764152    2.83699754    2.70844804    3.01756801    2.93893608    2.78091294    3.08880967
Q89P25_BRADU/10-548     2.72714505    3.09546613    3.12714127    3.06256403    3.59955597    3.03387262    3.05826640    2.96057618    3.14502623    3.02546762    2.87835724    2.74231384    3.72049341    3.19174364    3.25813773    2.91339413    2.65035005    2.57122308    4.14948651    4.33038878    4.33568621    4.52435975    4.95229251    4.64727139    4.88273935    4.72853621    4.83499468    4.42303540    5.27255491    5.76967859    2.49255100    0.80273386    0.97053809    0.00000000    0.73873060    0.69342305    0.67425585    1.02426253    1.17764957    1.25760376    1.39784039    1.57692569    1.79022959    1.90204672    2.03019655    2.54564757    3.64014735    3.01292818    3.82319946    3.54720425    3.43092742    3.62475696    2.74750994    2.65405550    2.56488093    2.84534938    2.83556969    2.81260789    3.00435460    2.88406065    3.20892846    3.20165686
Q88JP4_PSEPK/7-541     2.77590532    2.94424714    2.90051583    3.05923890    3.27337959    2.92352955    2.86455870    2.97356260    3.11507859    3.02938184    2.85826830    2.75668365    3.56601814    3.31119821    3.22135274    3.13869637    2.92185856    2.76492734    4.68428279    4.57171794    4.38712620    4.69391588    4.61288232    4.72697661    4.48415960    4.87435578    5.04093667    4.30522058    4.86975579    5.74782560    2.51624569    0.97550745    1.03491221    0.73873060    0.00000000    0.79178799    0.85207261    1.10457667    1.25014666    1.38545538    1.47461523    1.69287482    1.85650075    2.06282937    1.99189523    2.57551549    3.18142201    2.90667231    3.39778375    3.58432113    3.29385947    3.40440684    2.85463271    3.08573582    2.66008205    3.13002575    2.64192853    2.81168969    2.98745163    2.69457109    3.01435993    3.18413679
Q88JP9_PSEPK/11-549     3.08526546    3.04541933    3.24004268    3.23532088    3.63331599    3.10571267    3.32082306    3.32796689    3.15483649    2.87140639    2.95610531    3.00224573    3.63546961    3.14602828    3.12026442    3.05439183    2.64875193    2.96170888    4.80245931    4.71894738    4.45857307    4.56876307    4.60122116    4.67590027    5.02862146    5.00054419    4.81879521    4.25823767    4.63934942    5.81396517    2.38525718    0.86082270    1.01246992    0.69342305    0.79178799    0.00000000    0.33617318    0.81710289    1.28442586    1.39934909    1.59808964    1.74849538    1.79798906    1.92312809    1.96142991    2.47074297    3.01406351    2.80118060    3.42122895    3.25894537    3.11005322    3.37506676    2.47786162    2.82966548    2.59021077    3.22117519    2.77686408    2.80989016    3.21868349    3.01937872    3.02580545    3.31982275
Q9I1M6_PSEAE/14-549     3.16776287    3.26279747    3.24860194    3.41379562    3.63043734    3.09861092    3.32160054    3.44277579    3.39355880    3.08541653    3.12121463    3.08077776    3.59798282    3.55773943    3.41587931    3.26152226    2.67202977    2.81976524    4.38800578    4.46711699    4.46019310    4.61894768    4.60968712    4.54660432    4.83319242    4.67756491    4.79599629    4.48391191    4.69819295    6.11036272    2.40174546    0.88952588    1.06106589    0.67425585    0.85207261    0.33617318    0.00000000    0.90889124    1.25347649    1.32106264    1.51151501    1.75082249    1.90842716    2.00305873    1.93849913    2.59084606    3.07616738    2.97338581    3.56823162    3.22172211    3.18112358    3.48590864    2.83218305    2.94918253    2.79776585    3.05320877    2.95278704    3.05857662    3.29713673    3.14731376    3.33999233    3.73971587
Q8NME5_CORGL/6-546     3.07311405    2.99592592    3.17697119    3.25064248    3.42298776    3.13683898    3.08358392    3.23537202    3.12755715    3.14754665    2.78194050    2.95367853    3.40284055    3.35205156    3.21562784    3.02115837    2.64793762    2.86339140    4.47367573    4.44258818    4.21094688    5.02543752    5.10679449    4.75459400    5.15609133    5.01090374    5.25908424    4.66902136    5.01765320    5.79427080    2.27750510    1.12099192    1.19273917    1.02426253    1.10457667    0.81710289    0.90889124    0.00000000    1.45946088    1.40903888    1.50204113    1.64959492    1.73704499    2.13542068    2.12462693    2.54626233    3.32555443    3.17030908    3.73704456    3.49106111    3.62867546    3.62621530    2.71072129    2.90734031    2.69217458    3.24706214    2.63742309    2.92579962    3.41110390    3.18596895    3.09432592    3.37677485
Q88JP2_PSEPK/12-544     2.92892006    3.08430389    3.12271474    3.12648897    3.53539374    3.09231001    3.09317857    3.09164461    3.24965670    3.23998031    3.08982380    3.17060226    3.49920831    3.02792124    3.07285452    3.01445708    2.72493537    2.59704096    4.10049714    4.26684886    3.92763041    4.62591295    4.44150647    4.35233308    4.52932397    5.02584689    4.61838823    4.39210651    4.78434432    5.41053463    2.50206393    1.03483692    1.16707405    1.17764957    1.25014666    1.28442586    1.25347649    1.45946088    0.00000000    1.11741646    1.08974699    1.59840226    1.65819435    1.88326406    1.79481137    2.41694918    3.34049619    2.96169099    3.45825318    3.50612053    3.50877759    3.58999870    2.65339234    2.78093067    2.61730218    3.10009833    2.86493537    2.96946359    3.14438956    3.08806715    3.00910008    3.20345887
Q89RP1_BRADU/9-545     2.90923171    2.68286745    2.78719095    2.88768949    3.09280549    2.89046639    2.74825449    3.19393703    3.13633699    2.92977114    3.10426794    2.87437510    3.72092187    3.29778743    3.48211634    3.29486758    2.74101496    2.59951159    3.99271407    4.34457559    3.91376157    4.60257759    4.31638031    4.07445506    4.49693677    4.43409035    4.24328101    3.89550138    4.98039060    5.26698810    2.40565410    1.12873830    1.25694571    1.25760376    1.38545538    1.39934909    1.32106264    1.40903888    1.11741646    0.00000000    1.01472479    1.64088205    1.86540274    2.09207191    1.96896809    2.70044146    3.31504581    3.08683358    3.47685705    3.40537535    3.45504368    3.36191698    2.75654800    2.77447307    2.75735384    2.94321123    2.77477101    2.87959925    3.23528652    2.94900553    2.97932027    3.18487382
Q89P24_BRADU/18-553     2.75422316    2.94049912    2.92398288    3.08456165    3.23341316    2.92151759    2.89511527    3.19660840    3.02830440    3.08860861    3.08271483    2.75958448    3.61876759    3.11742253    3.13088238    2.94626246    2.83912590    2.68458916    4.26381565    4.44072045    4.03193474    4.19659928    4.50824643    4.00120647    4.36546794    4.62283601    4.28581761    4.06713231    5.03270431    4.96903512    2.26442514    1.30967886    1.35557634    1.39784039    1.47461523    1.59808964    1.51151501    1.50204113    1.08974699    1.01472479    0.00000000    1.53003801    1.63602047    1.84274450    1.87002064    2.62415317    3.16745040    3.02745685    3.46668853    3.37019804    3.30227534    3.49504324    2.77876761    2.80641584    2.70782422    2.71743394    2.63579456    2.85695413    3.06009010    2.93721183    3.05399620    3.51259891
Q8RLT5_RHOER/18-548     2.89665158    2.91777265    2.89311469    3.11586721    3.32695476    3.02301537    2.79125191    3.05122229    3.00971080    2.95229458    2.81401809    2.64968973    3.53133948    3.07360593    3.00480038    2.94900598    2.56355981    2.92622223    3.85391163    4.36806617    4.35052837    3.97457169    3.87020914    3.92031186    4.44572665    4.55123476    4.55419667    4.28262877    4.84012763    5.04894504    2.35751433    1.41859719    1.55940206    1.57692569    1.69287482    1.74849538    1.75082249    1.64959492    1.59840226    1.64088205    1.53003801    0.00000000    1.44690883    1.58936427    1.48682628    2.26027853    3.07053640    3.14514198    3.47388203    3.52612632    3.32489880    3.28265637    2.68233649    2.70104306    2.69509954    3.01679480    2.57634827    2.58995441    2.98650742    2.70913044    2.90102095    3.12730285
C0ZQP5_RHOE4/9-494     2.68633931    2.81786290    3.00374295    2.99829376    3.29903342    3.03617221    2.93256550    3.17908803    3.09616473    2.69561309    3.06534302    2.70801351    3.59111917    3.30433524    3.21175281    3.07908027    2.57091348    2.66480209    4.20598774    4.37876832    4.47148226    4.32703221    4.30039769    4.41399228    4.67318597    4.51671210    4.47867862    3.84074302    4.99499777    4.96260440    2.28995084    1.67543642    1.66929688    1.79022959    1.85650075    1.79798906    1.90842716    1.73704499    1.65819435    1.86540274    1.63602047    1.44690883    0.00000000    1.07251143    1.06290625    2.49422417    3.33404832    3.55016128    3.74847381    3.48135365    3.52083940    3.53801500    2.68098535    2.59453760    2.56990242    2.82762976    2.55802438    2.78162704    3.11904266    2.83403950    2.86560476    3.07586627
O24819_RHORH/9-494     2.80955053    3.04041543    3.18861688    3.13968839    3.52503681    3.04474137    3.16436124    3.33443832    3.37752192    2.92216229    3.16547172    3.04717009    3.31232181    3.33558855    3.19685409    3.12291167    2.82941263    3.17355246    4.49516093    4.24060436    4.19842818    4.17292401    4.29753235    4.78479636    4.74042590    4.93327823    4.91958061    4.38161539    4.97735185    5.46561617    2.30218791    1.85473919    1.78820582    1.90204672    2.06282937    1.92312809    2.00305873    2.13542068    1.88326406    2.09207191    1.84274450    1.58936427    1.07251143    0.00000000    0.45963232    2.51655894    3.33417526    3.60859897    3.67816048    3.44757420    3.48175697    3.49153798    3.00563345    2.88096649    2.79941509    2.80389047    2.78048924    2.90559048    3.26572920    3.01448216    2.88588297    3.08596705
P77815_NOCSI/8-495     2.90419245    3.03257015    3.18711272    3.13441137    3.45384720    3.13428945    3.12803706    3.46202224    3.26155872    2.64680075    2.99076120    2.84908499    3.48841547    3.40133108    3.18770146    3.19255951    2.75053014    2.82244526    4.14489371    4.15927773    4.24189415    4.15532940    4.08948719    4.38488279    4.10136474    4.45379462    4.46134913    4.25481270    4.97029426    5.26379191    2.16513604    1.88818316    1.89539623    2.03019655    1.99189523    1.96142991    1.93849913    2.12462693    1.79481137    1.96896809    1.87002064    1.48682628    1.06290625    0.45963232    0.00000000    2.64706390    3.07513348    3.51092544    3.48683585    3.42365644    3.51812886    3.47122685    3.06339686    2.94156927    2.65921652    2.82158872    2.76581971    2.85731682    3.19278790    3.01790886    2.98530668    3.11726149
