72
LAMC1_DROME/956-1001     0.00000000    1.60531999    1.87328779    2.05835258    1.69961945    1.69662918    1.20755152    0.72911175    0.85540063    0.96209316    1.10171092    1.15902362    1.50431404    1.59989232    1.46309896    1.21348324    1.35771919    1.31391102    1.59333218    1.96577035    1.68749527    1.56423341    1.40938920    1.95806059    1.78855819    1.61513227    1.79532887    1.65179690    1.91211164    1.66298117    1.65821144    1.59718087    1.57509168    1.60608071    1.67517940    1.42343242    1.11929937    1.37383380    1.48690926    1.50721283    1.19543891    1.00944550    0.97184641    0.86191010    1.06621602    1.16722743    1.19119337    1.16896304    1.32404478    1.05958169    1.08306697    1.14025860    1.41434140    1.42374695    1.11585713    1.23135264    1.29621015    1.27358457    1.20384848    0.86908214    1.16747350    1.14541320    1.20029494    1.32878112    1.22081075    0.80640323    1.14629598    1.24477115    0.86117223    1.05074920    0.92889696    0.75072920
LAMB1_DROME/933-988     1.60531999    0.00000000    1.31477223    1.70352752    1.29786519    1.09342407    1.74468575    2.00442420    1.61538994    1.69388608    2.20421371    2.31948483    2.44342752    1.72290530    1.67034211    1.68780515    1.61652570    1.57488611    1.89553011    1.85458417    1.63032127    1.82567026    1.77390010    2.29021811    1.65523539    1.66332217    1.46808228    2.03672507    2.10055194    1.75466196    1.67519628    2.03072351    1.67032753    1.88628098    1.63284505    1.70923605    1.97169561    1.85930229    2.09689945    1.86776244    1.96619862    2.19708781    2.22132444    1.90256409    2.08581624    1.83815810    2.13436608    1.88805955    2.10390819    1.85577021    2.18697064    1.91075948    1.94211138    2.04645446    1.65545278    1.72721413    1.55815759    2.16800077    2.35753095    2.03749826    2.19345970    2.18769703    2.25558941    2.05918258    2.01041959    1.84122914    1.77904819    1.72784681    1.96900432    1.29781073    1.95875137    1.68294938
LAMB1_HUMAN/917-973     1.87328779    1.31477223    0.00000000    1.34437081    1.40520639    1.31378724    1.63711759    2.04844913    1.94151546    1.86489193    2.62894018    2.39582642    2.31450151    1.89087629    1.83834747    1.58325481    1.68578012    1.78982343    1.80519099    2.27887886    1.96319071    2.14688133    2.09147829    2.68182538    2.11892043    2.10201631    2.30073169    2.07707794    2.12150799    1.86864536    1.77142885    1.69879177    1.67676376    2.06426996    1.57039431    1.81622846    2.20184880    2.28523629    2.50016280    2.02743660    2.16513546    2.25760547    2.47276231    2.23678610    2.02279592    1.98404901    2.09620085    1.39983963    1.89501405    1.83475454    2.15245822    2.02476632    2.20154308    2.13265069    1.88753981    1.85584544    1.81647233    2.08056470    2.40002684    2.11980398    2.57779788    2.15680064    1.83138725    2.16118263    2.13762845    1.90799015    1.86492566    1.91673290    1.94007103    1.59692361    2.07504479    1.60978117
UNC52_CAEEL/1061-1109     2.05835258    1.70352752    1.34437081    0.00000000    1.75130051    1.61829106    1.86512901    2.12062258    2.06637863    1.81241204    2.06410161    2.32273181    2.36982547    2.04884337    2.15040436    2.24080441    2.19439692    1.89324288    2.23332474    1.75981938    1.74396178    1.92470034    1.76632403    2.18299245    2.13924286    1.99376724    2.20650095    2.00501000    2.52988475    2.33272187    2.13291068    2.28337909    2.52186888    2.11220431    1.80441051    2.08698765    1.81514543    2.15180598    2.23740055    2.11327974    1.78135426    2.09552449    2.45434365    2.29481608    2.37271177    1.99318987    2.40763724    1.56145084    1.87069005    1.71251859    1.98772353    1.71178371    2.03746021    1.85839265    1.88437234    1.87210047    1.73853027    1.71206014    2.00961998    1.87101973    1.89250386    1.83279488    1.69152118    2.23748916    1.97679130    1.95498322    1.94043553    2.04840534    1.87704632    1.60813442    1.87887690    1.61796176
LAMA1_HUMAN/1452-1506     1.69961945    1.29786519    1.40520639    1.75130051    0.00000000    0.96268585    1.81115077    2.23285841    1.53092666    1.68533603    1.88851449    2.30136005    2.51682271    1.62679793    1.94254255    2.03392079    1.61832861    1.32655187    1.74197049    2.17975728    1.57714710    1.83227301    1.65597773    1.84749288    1.74728576    2.00721368    1.80932341    1.76983607    1.78325211    1.95856277    1.69138971    1.82389902    1.91616139    1.70037452    1.44382941    1.58382054    1.81594043    2.02866568    2.22412925    2.56822369    2.27121946    2.50881743    2.18151928    2.45985967    1.76027698    1.68737514    2.23585445    1.95284840    1.83386004    1.97582064    2.23474375    2.30972758    2.48094521    2.10503827    1.84628501    1.78585199    1.56758128    2.17361421    2.13278554    2.08655000    1.96531993    1.95982739    2.28085262    1.80236241    1.78651787    1.66318270    1.54384625    1.93562845    1.78423444    1.35341438    1.80503180    1.54110179
LAMA1_HUMAN/791-846     1.69662918    1.09342407    1.31378724    1.61829106    0.96268585    0.00000000    1.56700773    2.09964305    1.56308164    1.34552224    2.25734088    2.40627910    2.41117165    1.90937165    1.95001593    1.75948144    1.76573060    1.16154461    2.01505599    2.14213678    1.53260507    1.91237579    1.92277599    2.34860152    1.98470042    1.97793972    2.09782790    1.90751495    1.97555813    1.82148925    1.62435724    1.88857345    1.74405607    1.98195237    1.35309327    1.72259977    2.13064454    1.91632443    2.12806026    2.21987779    2.15210347    2.06730768    2.39291991    2.24672412    2.06962676    1.98202621    2.28091617    1.69174197    1.94406989    1.44343691    2.32924477    2.12837572    2.08892020    1.94111062    1.72884624    1.77584708    1.59844637    2.12406846    2.13299296    1.73451773    1.91668803    1.89087212    2.25221925    1.93032435    1.73639285    1.61469683    1.99971511    2.24109627    1.87926401    1.36782755    1.81458698    1.66101997
LAMA1_HUMAN/998-1041     1.20755152    1.74468575    1.63711759    1.86512901    1.81115077    1.56700773    0.00000000    1.07834843    1.14773845    1.37808286    1.71042206    1.25979321    1.50733624    1.72435879    1.35426524    1.18093762    1.24962583    1.13605785    1.43060706    2.00212332    1.79481482    1.91072694    1.83052090    2.18858278    1.93132869    1.68988306    1.91154114    1.26051445    1.40401874    1.27743742    1.06588692    1.38852184    1.50087465    1.45490640    1.43150867    1.16124500    1.57399276    1.41228754    1.54614226    1.32595127    1.47064159    1.34445780    1.61259618    1.28661490    1.84252372    1.70120878    1.62684767    1.54146763    1.39780429    1.50170087    1.39074478    1.57548328    1.64931841    1.57212094    1.69277554    1.45291432    1.36734229    1.24317806    1.61151044    1.18851784    1.40802522    1.41021316    1.51368679    1.69279860    1.45103097    1.56676457    1.49406239    1.48127989    1.49577456    1.61631380    1.41109448    1.44113478
AGRIN_CHICK/793-844     0.72911175    2.00442420    2.04844913    2.12062258    2.23285841    2.09964305    1.07834843    0.00000000    1.00258088    1.00889253    1.51169917    1.19503834    1.19630804    1.69368312    1.37974419    1.37053771    1.30433327    1.34234724    1.60835262    1.72034027    1.70581261    1.92667976    1.90881285    1.64627138    1.75357397    1.49068209    1.71688200    1.43481529    1.99057410    1.83467903    1.51721625    1.83924113    1.55765042    1.59238557    1.78249467    1.64398634    0.95374791    1.05216483    1.24333959    1.29716858    1.14237758    1.01264609    1.10309656    1.14206555    1.37456406    1.16492137    1.10109918    1.07975552    1.31621773    1.14813112    1.03174106    1.16328697    1.68788651    1.18817387    1.30751767    1.23380689    1.29902847    1.11904283    1.08401471    1.13852922    0.86069657    0.87272047    1.11935364    1.26055061    0.98428246    1.01748358    1.54783084    1.34440422    0.79676315    1.18003490    0.95720832    0.90946429
LAMC1_MOUSE/933-978     0.85540063    1.61538994    1.94151546    2.06637863    1.53092666    1.56308164    1.14773845    1.00258088    0.00000000    0.98539216    1.07233639    1.07612193    1.39750304    1.51104880    1.27734813    1.28940177    1.37914018    1.38730780    1.40364628    1.95749318    1.48063709    1.62184429    1.60358159    1.77413211    1.72775230    1.32126767    1.55343812    1.52060284    1.55407776    1.41698354    1.36245771    1.21924763    1.47839442    1.33025399    1.29045281    1.27573741    1.27361001    1.12231891    1.56074732    1.40309227    1.47495047    1.25908692    1.25998452    1.10443839    1.44784150    1.40152908    1.48021665    1.27355319    1.28256002    1.31991225    1.08879147    1.35401105    1.65998478    1.30596511    1.25833573    1.32926987    1.41020638    1.15812321    1.10073401    1.00059770    1.22070728    1.28490563    1.21713963    1.07851025    0.99887347    0.90078743    1.00354009    1.24152733    1.20984249    1.29765331    0.98485519    0.94310777
LAMA1_HUMAN/902-948     0.96209316    1.69388608    1.86489193    1.81241204    1.68533603    1.34552224    1.37808286    1.00889253    0.98539216    0.00000000    1.13828470    0.93473118    1.18273783    1.57973790    1.33423692    1.18505404    1.32287907    1.05243696    1.52336604    1.80185406    1.27347713    1.38189353    1.26282618    1.52284386    1.38999055    1.49827982    1.71652340    1.54486765    1.53788320    1.69566507    1.58150709    1.43067292    1.68588658    1.45115356    0.96529721    1.13850844    0.97087248    1.12926523    1.12167460    0.92791984    1.02087094    1.02388623    1.16186810    1.13450421    1.52735516    1.15607720    1.43861088    1.34046795    1.41070062    1.17288518    1.60166574    1.27539730    1.64794331    1.29185207    1.45851014    1.74395969    1.49226666    1.14454958    1.22377037    1.06471670    1.26223332    1.10757597    1.04311423    1.10782329    0.93960111    1.10316898    1.26651857    1.28637876    1.13304705    1.12801593    0.99520004    0.97902364
LAMB1_DROME/478-526     1.10171092    2.20421371    2.62894018    2.06410161    1.88851449    2.25734088    1.71042206    1.51169917    1.07233639    1.13828470    0.00000000    0.85390697    1.21423192    1.68878379    1.56634274    1.59617866    1.70417219    1.57793106    1.83530951    1.71802914    1.76453638    1.62905333    1.56477468    1.38560187    1.57215692    1.80826676    1.78459228    1.81131061    2.10164257    1.85623568    1.98627570    1.65535868    1.88684813    1.76394017    1.48736837    1.61690300    1.04861132    1.42978075    1.48488049    1.27960490    1.41253865    1.34079070    1.31217476    1.12360533    1.43876728    1.32965040    1.67885586    1.46598577    1.71530209    1.63470269    1.51532599    1.30730424    1.84016334    1.61041064    1.42378507    1.61186722    1.71996261    1.28972341    1.13507438    1.43439535    1.23974271    1.04724221    1.21659635    1.65412271    1.41481391    1.38009255    1.63472443    1.77128585    1.25850393    1.52437263    1.02010608    1.13153204
LAMB1_HUMAN/458-507     1.15902362    2.31948483    2.39582642    2.32273181    2.30136005    2.40627910    1.25979321    1.19503834    1.07612193    0.93473118    0.85390697    0.00000000    0.47290148    1.48957948    1.48657832    1.52182689    1.48847306    1.38800024    1.47917714    1.92532632    1.66029128    1.91410320    1.74414460    1.87312469    1.90117906    1.79054273    1.79177738    1.80368848    1.78058064    1.72782519    1.93129990    1.68458858    2.17269487    1.49378455    1.45333335    1.32703141    1.23323438    1.31082431    1.33345176    1.40414797    1.34876259    1.06505393    1.26140231    1.11456836    1.57355651    1.43916155    1.43744825    1.47431450    1.49544369    1.41813934    1.24869867    1.30678137    1.75234568    1.23353962    1.28383114    1.73469093    1.48471831    1.31634105    1.03140197    1.41980157    1.13239317    1.20227833    1.43473123    1.35916370    1.12622649    1.28258173    1.63070870    1.65537353    1.16917427    1.61572740    1.27446309    1.27318520
LAMB2_RAT/473-522     1.50431404    2.44342752    2.31450151    2.36982547    2.51682271    2.41117165    1.50733624    1.19630804    1.39750304    1.18273783    1.21423192    0.47290148    0.00000000    1.42759812    1.35359227    1.16221794    1.42373871    1.54890521    1.33711042    1.63386271    1.66284427    1.80220344    1.83965257    1.60178455    1.63210670    1.68794195    1.95552661    1.80634635    1.73975872    1.61642854    1.87488609    1.69248647    1.92288120    1.35838285    1.45715185    1.42620603    1.22404837    1.37385044    1.24901587    1.48684862    1.34755702    1.20111472    1.46344492    1.26732957    1.50180703    1.43020239    1.28625433    1.42720397    1.32495952    1.46913120    1.32103881    1.51405634    1.83190782    1.49711179    1.59619126    2.08370471    1.88135153    1.46092664    1.18562707    1.65456075    1.21857718    1.41055520    1.54203121    1.39892011    1.12686352    1.28891026    1.67686300    1.61118391    0.95244226    1.66992609    1.24194151    1.24768806
LAMB2_RAT/880-927     1.59989232    1.72290530    1.89087629    2.04884337    1.62679793    1.90937165    1.72435879    1.69368312    1.51104880    1.57973790    1.68878379    1.48957948    1.42759812    0.00000000    0.69087028    1.33713354    1.03764216    0.97101401    1.34994181    1.46668083    1.33299458    1.86014847    1.46526656    1.52994095    1.80825077    1.23760530    1.17207435    1.06882091    1.26432771    1.11713653    1.07172757    1.09562011    1.38911212    1.03771277    1.02990020    1.15927230    1.49030389    1.30098490    1.72793624    1.75252545    1.68233208    1.83305937    1.71217564    1.64894582    1.91236298    1.64105078    1.73110969    1.82147530    1.38678172    1.38834490    1.87749649    1.77817021    1.92505034    1.59030681    1.53954358    1.64325549    1.73022728    1.58342034    1.49227576    1.86966084    1.59563721    1.64564824    1.82836357    1.63551756    1.73965657    1.86067730    1.94732427    1.63507587    1.52753843    1.54928395    1.65865137    1.54667478
LAMB1_HUMAN/867-914     1.46309896    1.67034211    1.83834747    2.15040436    1.94254255    1.95001593    1.35426524    1.37974419    1.27734813    1.33423692    1.56634274    1.48657832    1.35359227    0.69087028    0.00000000    0.67569323    0.76457771    0.85395142    0.96676468    1.46009915    1.25078234    1.21953296    1.27358037    1.51921470    1.52802004    1.31557232    1.22589281    1.15211213    1.12162933    1.11637873    0.87237307    0.98832925    1.02199550    1.05077228    1.06782854    0.98784628    1.56435476    1.34605780    1.76846621    1.78057326    1.80417834    1.60082803    1.88802204    1.49714690    2.00095695    1.76693396    1.40231813    1.78971505    1.48494063    1.76854885    1.60083862    1.61764065    1.84422833    1.56825620    1.56347863    1.59669683    1.68160008    1.30021285    1.22609555    1.48234535    1.49724331    1.14583883    1.27256213    1.48477467    1.29754623    1.66459915    1.99588074    1.51796483    1.48534903    1.49920391    1.36696409    1.24515196
LAMB1_DROME/883-930     1.21348324    1.68780515    1.58325481    2.24080441    2.03392079    1.75948144    1.18093762    1.37053771    1.28940177    1.18505404    1.59617866    1.52182689    1.16221794    1.33713354    0.67569323    0.00000000    0.90278849    0.89923629    1.21776425    1.61343019    1.37426697    1.40839540    1.33873904    1.56293799    1.41753731    1.43076429    1.54190089    1.35339445    1.40677134    1.24398151    1.16230509    1.25873122    1.19532513    1.15514367    0.96227615    0.96442997    1.48027202    1.55793014    1.67000195    1.70430710    1.61109853    1.39361755    1.54438545    1.43723917    1.93901855    1.70826462    1.38118271    1.65850812    1.50528161    1.66771752    1.54576678    1.60379740    1.82742393    1.68851250    1.77635690    1.50082591    1.65148408    1.39613934    1.60111324    1.47386382    1.66809829    1.24638964    1.47526157    1.50739090    1.34375637    1.36119228    1.66764148    1.53917678    1.48952475    1.67540006    1.25505697    1.09919344
LAMA1_HUMAN/1403-1449     1.35771919    1.61652570    1.68578012    2.19439692    1.61832861    1.76573060    1.24962583    1.30433327    1.37914018    1.32287907    1.70417219    1.48847306    1.42373871    1.03764216    0.76457771    0.90278849    0.00000000    0.57510293    0.73100871    1.28044365    1.14358957    1.45610118    1.37030385    1.50942212    1.34152297    1.30681858    1.35243569    1.09656354    0.99183659    1.04958486    1.11748396    1.07677753    1.15921091    1.10079287    1.14346627    0.87088338    1.34693547    1.23094803    1.39907725    1.49991586    1.45593607    1.63829713    1.29376051    1.51926946    1.62953531    1.64807934    1.47638560    1.62542723    1.08993294    1.50435639    1.41053667    1.63398806    1.75406063    1.43436552    1.59068024    1.65171485    1.66852921    1.23144190    1.30689188    1.53770629    1.54431678    1.18611971    1.32274029    1.59220095    1.51796496    1.41154544    1.70921785    1.36664732    1.44545911    1.44154475    1.21587466    1.11356768
LAMC1_MOUSE/722-768     1.31391102    1.57488611    1.78982343    1.89324288    1.32655187    1.16154461    1.13605785    1.34234724    1.38730780    1.05243696    1.57793106    1.38800024    1.54890521    0.97101401    0.85395142    0.89923629    0.57510293    0.00000000    0.79171911    1.13808798    0.90680117    1.24761786    1.07776903    1.18291868    1.27719815    1.17988434    1.34452648    1.12248980    0.99329015    1.04176294    0.82285604    1.13222170    1.30590805    0.86470118    0.86121922    0.86150188    1.30096296    1.17518991    1.28271679    1.26580968    1.32169923    1.43470548    1.31530038    1.25728516    1.68587261    1.71020686    1.67980477    1.50321024    1.20404651    1.39091368    1.42964216    1.56384772    1.44215135    1.40716027    1.53479639    1.42988937    1.56376948    1.28903540    1.41346606    1.46055291    1.30249395    1.20664216    1.38423389    1.60189878    1.52611535    1.61093475    1.55694472    1.57320526    1.48969491    1.47007023    1.29586727    1.41215102
UNC52_CAEEL/1011-1058     1.59333218    1.89553011    1.80519099    2.23332474    1.74197049    2.01505599    1.43060706    1.60835262    1.40364628    1.52336604    1.83530951    1.47917714    1.33711042    1.34994181    0.96676468    1.21776425    0.73100871    0.79171911    0.00000000    1.24449263    1.02535549    1.25029470    1.35036596    1.63382768    1.30597829    1.26483015    1.40774114    1.11122658    0.94342105    1.13800779    0.92850494    1.33098851    1.24531987    0.78701749    1.04757589    0.87515774    1.35790115    1.20727143    1.67894134    1.75234305    1.42389791    1.54606262    1.21536288    1.28503201    1.70788726    1.65984297    1.36477717    1.50370631    1.23327677    1.58321520    1.56181457    1.89075346    2.11611267    1.45759846    1.74218236    1.66867966    2.00089271    1.22794292    1.60207844    1.66858456    1.54411645    1.58855608    1.59859949    1.52351080    1.57712275    1.46119455    1.66005400    1.37077486    1.33994477    1.56333778    1.45328043    1.37163810
UNC6_CAEEL/347-407     1.96577035    1.85458417    2.27887886    1.75981938    2.17975728    2.14213678    2.00212332    1.72034027    1.95749318    1.80185406    1.71802914    1.92532632    1.63386271    1.46668083    1.46009915    1.61343019    1.28044365    1.13808798    1.24449263    0.00000000    0.88421837    1.00705255    0.99305712    1.74841206    1.31678324    1.15904746    1.19692376    1.34634344    1.45510631    1.29838741    1.41541886    1.36142457    1.57217078    1.04563418    1.15641779    1.36382728    1.34334134    1.25980777    1.69071115    1.91568448    1.40476161    1.70765872    1.79166484    1.72238732    2.16137245    1.94635642    1.73131780    1.41076617    1.84080310    1.42000689    1.53587655    1.81544825    2.04195686    1.60620676    1.64291773    1.78956629    2.21512334    1.26736103    1.74763786    2.08295594    1.68894743    1.60045773    1.52631370    1.92081152    1.87221763    1.96330933    1.69482434    2.05749173    1.64176311    1.69348942    1.43422305    1.67844161
LAMB2_RAT/350-410     1.68749527    1.63032127    1.96319071    1.74396178    1.57714710    1.53260507    1.79481482    1.70581261    1.48063709    1.27347713    1.76453638    1.66029128    1.66284427    1.33299458    1.25078234    1.37426697    1.14358957    0.90680117    1.02535549    0.88421837    0.00000000    0.49690813    0.58762807    1.61361857    0.96096752    1.17120253    1.48456486    1.33958398    1.49454778    1.33026383    1.45358213    1.27148124    1.37470627    1.10844604    0.89002150    1.33362534    1.58352735    1.60818015    1.66712121    1.81567279    1.60292160    1.90995439    1.78918767    2.06506545    2.61269500    2.39228128    2.00208720    1.80371753    2.01180723    1.52683712    1.72246420    2.00158481    2.40334449    1.71312884    1.67884886    1.42916752    1.61456608    1.43473310    1.93997081    1.86928120    1.92170674    1.48438562    1.81351887    1.85505382    1.69902986    1.81287803    1.88315068    1.74145102    1.74336245    1.68989984    1.39806242    1.39944107
LAMB1_HUMAN/335-395     1.56423341    1.82567026    2.14688133    1.92470034    1.83227301    1.91237579    1.91072694    1.92667976    1.62184429    1.38189353    1.62905333    1.91410320    1.80220344    1.86014847    1.21953296    1.40839540    1.45610118    1.24761786    1.25029470    1.00705255    0.49690813    0.00000000    0.61614316    1.58400597    1.02010610    1.43771253    1.34268684    1.67024534    1.92916831    1.79836666    1.89352334    1.56060185    1.74983356    1.42992362    1.26202546    1.52674461    1.31499102    1.48668188    1.70814157    1.92838314    1.63168105    1.84286143    1.95230037    2.01018919    2.46565600    2.31233901    1.87692012    1.73144262    1.94661530    1.62734204    1.60870607    1.95888093    2.16173792    1.76892959    1.66330587    1.67695002    1.94965104    1.36832491    1.79681564    1.94451693    1.97651550    1.47156519    1.31149743    1.75362804    1.66061626    1.63403671    1.62819921    1.61489329    1.54082213    1.62748839    1.58612540    1.60720939
LAMB1_DROME/355-415     1.40938920    1.77390010    2.09147829    1.76632403    1.65597773    1.92277599    1.83052090    1.90881285    1.60358159    1.26282618    1.56477468    1.74414460    1.83965257    1.46526656    1.27358037    1.33873904    1.37030385    1.07776903    1.35036596    0.99305712    0.58762807    0.61614316    0.00000000    1.79730984    1.28214134    1.41833703    1.70959850    1.37382430    1.46316314    1.28972234    1.28243702    1.29382687    1.57470109    1.25639699    0.96235190    1.41813326    1.53203327    1.78749098    1.91495445    2.03434783    1.73913659    2.31684101    2.21584437    2.11486766    2.68883264    2.47445910    2.04972848    1.87492535    1.92102002    1.54012816    1.63098714    2.24250054    2.34981595    2.23019328    1.91011283    1.59489212    2.03361263    1.49005055    1.74729327    1.62054297    1.65896511    1.51810572    1.74591321    1.82629000    1.67574894    1.93527402    1.86575107    1.85224653    1.75763724    1.90173072    1.73235382    1.77177541
LAMC1_DROME/299-356     1.95806059    2.29021811    2.68182538    2.18299245    1.84749288    2.34860152    2.18858278    1.64627138    1.77413211    1.52284386    1.38560187    1.87312469    1.60178455    1.52994095    1.51921470    1.56293799    1.50942212    1.18291868    1.63382768    1.74841206    1.61361857    1.58400597    1.79730984    0.00000000    0.93348854    1.69522701    1.60905445    1.35636367    1.94254104    1.91258538    1.59095366    1.56970091    1.73356176    1.24625444    1.21626763    1.40459216    1.42076984    1.58795589    2.05619170    2.13166235    1.89514846    2.24071232    2.00650116    2.27708007    1.99041355    1.90327373    2.20474395    1.91018119    1.72237524    1.82653721    1.45256575    2.14998234    2.32620406    1.92386225    2.02551454    2.04826593    2.18163208    1.55429286    1.91174895    2.02324929    1.81726896    1.46693895    1.60577178    1.84860352    1.65498834    2.01158543    2.08526388    1.98653901    1.48216793    2.06597091    1.69957298    1.78320824
UNC6_CAEEL/291-344     1.78855819    1.65523539    2.11892043    2.13924286    1.74728576    1.98470042    1.93132869    1.75357397    1.72775230    1.38999055    1.57215692    1.90117906    1.63210670    1.80825077    1.52802004    1.41753731    1.34152297    1.27719815    1.30597829    1.31678324    0.96096752    1.02010610    1.28214134    0.93348854    0.00000000    1.42071461    1.33936103    1.56614407    1.96208795    1.79651927    1.79371388    1.45708144    1.50244801    1.29908718    1.19908522    1.51406038    1.53780514    1.66609441    1.77808144    2.05137551    1.86690283    2.10657727    2.01338747    1.81528126    2.01936435    1.74655184    1.98739770    2.09565103    2.19238571    1.93544663    1.77715856    2.13922152    2.17424447    1.88875778    1.93032927    2.23755174    2.06862770    1.54428893    1.96785541    1.84521354    1.88695390    1.49818461    1.50741621    2.23885588    1.82964309    1.87307592    1.97391964    1.55992171    1.65587753    1.81630812    1.72978944    1.65553092
LAMC1_MOUSE/340-393     1.61513227    1.66332217    2.10201631    1.99376724    2.00721368    1.97793972    1.68988306    1.49068209    1.32126767    1.49827982    1.80826676    1.79054273    1.68794195    1.23760530    1.31557232    1.43076429    1.30681858    1.17988434    1.26483015    1.15904746    1.17120253    1.43771253    1.41833703    1.69522701    1.42071461    0.00000000    0.75794530    1.45057169    1.81607211    1.66686845    1.32488001    1.69346711    1.51101975    1.25739432    1.38506025    1.39087224    1.12955373    0.96866574    1.37071446    1.43228489    1.43301191    1.66914506    1.81208815    1.55129565    2.13785747    1.81750828    1.80050580    1.62291955    1.50856571    1.21672040    1.43611166    1.85204990    1.76415152    1.80799192    1.64784584    1.84408287    2.07772800    1.46262666    1.78732734    1.37082321    1.77488832    1.78792975    1.82120860    1.96559117    1.84714893    1.40722344    1.36434695    1.30116653    1.44438659    1.68241581    1.32989427    1.38147099
LAMC1_DROME/359-411     1.79532887    1.46808228    2.30073169    2.20650095    1.80932341    2.09782790    1.91154114    1.71688200    1.55343812    1.71652340    1.78459228    1.79177738    1.95552661    1.17207435    1.22589281    1.54190089    1.35243569    1.34452648    1.40774114    1.19692376    1.48456486    1.34268684    1.70959850    1.60905445    1.33936103    0.75794530    0.00000000    1.49681677    2.01999254    1.81356543    1.41560378    1.81080690    1.51551604    1.25850333    1.48142146    1.29003677    1.17642622    1.22861419    1.49978056    1.60442693    1.62870503    2.05102051    1.67316098    1.86343132    2.10503592    1.69523822    1.97137077    1.84374033    1.81048976    1.81735393    1.87641151    1.86618149    1.98153024    1.68681655    1.60448685    1.79916009    1.87696226    1.73008367    1.66666334    1.66496905    1.76875076    1.84291521    1.89955459    2.28508212    2.26566073    1.72060352    1.69694429    1.35339503    1.68144546    1.42487447    1.77491097    1.72440956
LAMB2_RAT/989-1038     1.65179690    2.03672507    2.07707794    2.00501000    1.76983607    1.90751495    1.26051445    1.43481529    1.52060284    1.54486765    1.81131061    1.80368848    1.80634635    1.06882091    1.15211213    1.35339445    1.09656354    1.12248980    1.11122658    1.34634344    1.33958398    1.67024534    1.37382430    1.35636367    1.56614407    1.45057169    1.49681677    0.00000000    0.66572115    0.71769222    0.71761849    0.99631371    1.01598266    0.97219702    1.03415836    1.03277245    1.45317820    1.44130158    1.82846265    1.77980097    1.40983296    1.73963521    1.50460425    1.46080906    2.00833309    1.91826774    1.48840895    1.79544479    1.40453957    1.73963895    1.65010615    2.15518240    1.99803621    1.87571033    1.73177949    1.79022009    1.97766031    1.46891447    1.63072226    1.62108005    1.56307392    1.25911496    1.67143492    1.59468172    1.41502371    2.03240146    2.10404595    1.53988681    1.54118598    1.56285084    1.40855455    1.54221315
LAMB1_HUMAN/976-1025     1.91211164    2.10055194    2.12150799    2.52988475    1.78325211    1.97555813    1.40401874    1.99057410    1.55407776    1.53788320    2.10164257    1.78058064    1.73975872    1.26432771    1.12162933    1.40677134    0.99183659    0.99329015    0.94342105    1.45510631    1.49454778    1.92916831    1.46316314    1.94254104    1.96208795    1.81607211    2.01999254    0.66572115    0.00000000    0.62401454    0.97078433    1.09767461    1.14943697    0.96332992    1.17056453    0.96548870    1.66352334    1.45097296    2.04419296    1.88567252    1.64346324    2.05634896    1.77500828    1.73727667    1.81861844    1.90103690    1.69026855    1.88157764    1.55112282    1.97680122    1.96002187    2.10662454    2.34248442    1.72573490    1.90914269    1.91212177    2.04255583    1.57305693    1.81011971    1.95294823    1.97032537    1.65722591    1.93099453    1.78753226    1.72875578    2.03412620    1.93312232    1.76082617    1.91714118    1.88707330    1.91591736    1.80235107
LAMB1_DROME/991-1040     1.66298117    1.75466196    1.86864536    2.33272187    1.95856277    1.82148925    1.27743742    1.83467903    1.41698354    1.69566507    1.85623568    1.72782519    1.61642854    1.11713653    1.11637873    1.24398151    1.04958486    1.04176294    1.13800779    1.29838741    1.33026383    1.79836666    1.28972234    1.91258538    1.79651927    1.66686845    1.81356543    0.71769222    0.62401454    0.00000000    0.64927128    0.80016879    0.79296210    0.86481019    1.06416562    1.01090174    1.86196671    1.60415852    1.88775437    1.86987370    1.64109772    1.66456039    1.66410339    1.46440989    2.01812769    1.87657121    1.55003845    1.88518401    1.76274680    1.79580131    1.58441847    1.84491256    1.98322363    1.88418555    1.90882557    1.87305959    2.22762241    1.65742229    1.79784802    1.72887356    2.12702573    1.73581406    1.94900253    1.93377089    1.79138334    1.87516168    1.75857164    1.78827440    1.71783959    1.86138757    1.76966184    1.77515995
LAMA1_HUMAN/849-899     1.65821144    1.67519628    1.77142885    2.13291068    1.69138971    1.62435724    1.06588692    1.51721625    1.36245771    1.58150709    1.98627570    1.93129990    1.87488609    1.07172757    0.87237307    1.16230509    1.11748396    0.82285604    0.92850494    1.41541886    1.45358213    1.89352334    1.28243702    1.59095366    1.79371388    1.32488001    1.41560378    0.71761849    0.97078433    0.64927128    0.00000000    0.74381082    0.84077133    0.86547552    1.02040145    0.74702371    1.52262273    1.52774402    2.17363230    1.86580934    1.67373506    1.60279936    1.38756146    1.20510889    2.06876435    2.00334565    1.49895075    1.72345913    1.44759148    1.57986340    1.60933459    1.91995446    1.97545218    1.58157383    1.92122441    1.59670139    1.90298231    1.34574504    1.43331398    1.42868063    1.42845159    1.55205207    1.71990229    1.42746125    1.47158386    1.69857527    1.90919636    1.55872468    1.43540348    1.35678543    1.59058341    1.70725135
LAMC1_DROME/847-899     1.59718087    2.03072351    1.69879177    2.28337909    1.82389902    1.88857345    1.38852184    1.83924113    1.21924763    1.43067292    1.65535868    1.68458858    1.69248647    1.09562011    0.98832925    1.25873122    1.07677753    1.13222170    1.33098851    1.36142457    1.27148124    1.56060185    1.29382687    1.56970091    1.45708144    1.69346711    1.81080690    0.99631371    1.09767461    0.80016879    0.74381082    0.00000000    0.49918604    1.05306824    0.94644926    0.89849231    1.86807752    1.82033732    2.11062186    1.79356141    1.87706873    1.89038227    1.69390432    1.60153973    1.91299343    1.85324362    1.56825494    1.79795919    1.46941613    1.41389391    1.22181174    1.79894982    1.75755320    1.81867865    1.64898432    1.49205560    1.73516116    1.21043948    1.55274334    1.38355360    1.93919525    1.66059433    1.66399799    1.46331782    1.20424616    1.65502833    1.90660326    1.86971649    1.93586213    1.55545374    1.55715260    1.57780263
LAMC1_MOUSE/826-879     1.57509168    1.67032753    1.67676376    2.52186888    1.91616139    1.74405607    1.50087465    1.55765042    1.47839442    1.68588658    1.88684813    2.17269487    1.92288120    1.38911212    1.02199550    1.19532513    1.15921091    1.30590805    1.24531987    1.57217078    1.37470627    1.74983356    1.57470109    1.73356176    1.50244801    1.51101975    1.51551604    1.01598266    1.14943697    0.79296210    0.84077133    0.49918604    0.00000000    1.23601118    1.24586941    1.18132855    1.68795103    1.47114026    2.19903784    1.87061207    1.82300223    1.82981440    1.57311501    1.64012737    2.03834050    1.90397002    1.58287675    1.80591275    1.67123084    1.69810738    1.51931081    1.87893133    1.95432975    1.89348632    1.70502510    1.46806119    1.63550880    1.29189640    1.62891026    1.43110187    1.80291596    1.66865772    1.67673424    1.75684144    1.51559493    1.82081628    1.94010606    1.58841126    1.72371685    1.54078197    1.56852362    1.46398686
UNC52_CAEEL/955-1002     1.60608071    1.88628098    2.06426996    2.11220431    1.70037452    1.98195237    1.45490640    1.59238557    1.33025399    1.45115356    1.76394017    1.49378455    1.35838285    1.03771277    1.05077228    1.15514367    1.10079287    0.86470118    0.78701749    1.04563418    1.10844604    1.42992362    1.25639699    1.24625444    1.29908718    1.25739432    1.25850333    0.97219702    0.96332992    0.86481019    0.86547552    1.05306824    1.23601118    0.00000000    0.68982417    0.60330013    1.36630094    1.21451184    1.74356389    1.75401280    1.31338281    1.83917088    1.52570294    1.49217360    1.60248555    1.59042246    1.69735715    1.68647115    1.29216140    1.41835044    1.32276724    1.99500328    2.01540668    1.69128809    1.83538235    1.54132587    1.92322695    1.38829532    1.56716643    1.60238874    1.52372229    1.59582961    1.60117422    1.64721461    1.52151696    1.48036233    1.67808175    1.36629750    1.11338853    1.74445706    1.28585804    1.55751521
LAMA1_HUMAN/742-788     1.67517940    1.63284505    1.57039431    1.80441051    1.44382941    1.35309327    1.43150867    1.78249467    1.29045281    0.96529721    1.48736837    1.45333335    1.45715185    1.02990020    1.06782854    0.96227615    1.14346627    0.86121922    1.04757589    1.15641779    0.89002150    1.26202546    0.96235190    1.21626763    1.19908522    1.38506025    1.48142146    1.03415836    1.17056453    1.06416562    1.02040145    0.94644926    1.24586941    0.68982417    0.00000000    0.75347286    1.55749121    1.14392080    1.79278748    1.67714039    1.51522553    1.64300143    1.60063664    1.43585369    1.89121732    1.94348894    1.68376691    1.45941660    1.44795257    1.34935749    1.37970177    1.80900318    2.17665339    1.76786600    1.74095161    1.58747107    1.67435659    1.32576214    1.53189034    1.38052742    1.58160988    1.42079913    1.52798958    1.30568625    1.26086405    1.62265234    1.76509241    1.80531071    1.46907680    1.63334861    1.45760676    1.34221227
LAMC1_DROME/744-790     1.42343242    1.70923605    1.81622846    2.08698765    1.58382054    1.72259977    1.16124500    1.64398634    1.27573741    1.13850844    1.61690300    1.32703141    1.42620603    1.15927230    0.98784628    0.96442997    0.87088338    0.86150188    0.87515774    1.36382728    1.33362534    1.52674461    1.41813326    1.40459216    1.51406038    1.39087224    1.29003677    1.03277245    0.96548870    1.01090174    0.74702371    0.89849231    1.18132855    0.60330013    0.75347286    0.00000000    1.42181882    1.23010078    1.78229081    1.47087619    1.42469217    1.54141528    1.31676301    1.37261773    1.74285237    1.70677539    1.54099952    1.34495264    1.25384439    1.22714863    1.35600996    1.62710904    1.72012637    1.46148980    1.53895850    1.44641381    1.61035787    1.23010050    1.37769482    1.38369313    1.30789694    1.52048506    1.46923222    1.43108062    1.39440793    1.45460818    1.51514283    1.68097468    1.23662536    1.42413364    1.30156713    1.47664451
LAMA1_HUMAN/454-500     1.11929937    1.97169561    2.20184880    1.81514543    1.81594043    2.13064454    1.57399276    0.95374791    1.27361001    0.97087248    1.04861132    1.23323438    1.22404837    1.49030389    1.56435476    1.48027202    1.34693547    1.30096296    1.35790115    1.34334134    1.58352735    1.31499102    1.53203327    1.42076984    1.53780514    1.12955373    1.17642622    1.45317820    1.66352334    1.86196671    1.52262273    1.86807752    1.68795103    1.36630094    1.55749121    1.42181882    0.00000000    0.59684717    1.12650264    1.02618955    0.77190531    0.97493154    0.89234904    0.92908657    1.30865592    0.98427948    1.38614565    1.06550140    1.06121180    1.34481016    1.24650190    1.17338032    1.64845728    1.07576876    1.31811036    1.65826314    1.80351223    1.04113744    1.06475959    1.42581631    0.94291287    1.01018623    1.13131715    1.25627587    1.13612340    1.08004712    1.34583343    1.16917711    0.83086611    1.03594172    1.08723896    1.16660360
LAMC1_MOUSE/443-490     1.37383380    1.85930229    2.28523629    2.15180598    2.02866568    1.91632443    1.41228754    1.05216483    1.12231891    1.12926523    1.42978075    1.31082431    1.37385044    1.30098490    1.34605780    1.55793014    1.23094803    1.17518991    1.20727143    1.25980777    1.60818015    1.48668188    1.78749098    1.58795589    1.66609441    0.96866574    1.22861419    1.44130158    1.45097296    1.60415852    1.52774402    1.82033732    1.47114026    1.21451184    1.14392080    1.23010078    0.59684717    0.00000000    0.97653069    0.79492844    0.75121284    1.02548287    1.02273705    0.90306581    1.69399252    1.38143856    1.66247718    1.35858390    1.15206116    1.28810269    1.33506623    1.35114391    1.49311924    1.16994958    1.57905993    1.94519977    2.05594897    1.37965175    1.11736078    1.32345297    1.05209679    1.13911060    1.10884207    1.40355607    1.25343826    1.26326300    1.42859281    1.15924176    1.05624763    1.37067972    1.20891722    1.23496898
