9
F7G9A2_ORNAN/24-123     0.00000000    0.35886833    0.29335880    0.43243613    0.43784974    0.59607943    0.64878145    0.52173370    0.58772190
GLHA_HORSE/24-119     0.35886833    0.00000000    0.21944106    0.32867992    0.33882658    0.58738599    0.66454544    0.49988023    0.52760158
GLHA_SHEEP/24-119     0.29335880    0.21944106    0.00000000    0.29430289    0.26310485    0.41912932    0.52101032    0.40183352    0.42675442
GLHA_HUMAN/24-115     0.43243613    0.32867992    0.29430289    0.00000000    0.34979005    0.47924651    0.61256636    0.43398222    0.53366851
F6W2E6_XENTR/24-121     0.43784974    0.33882658    0.26310485    0.34979005    0.00000000    0.47827819    0.65645125    0.41437703    0.43233131
G3P3C6_GASAC/23-120     0.59607943    0.58738599    0.41912932    0.47924651    0.47827819    0.00000000    0.36556953    0.44576868    0.40185467
M4A0A3_XIPMA/30-123     0.64878145    0.66454544    0.52101032    0.61256636    0.65645125    0.36556953    0.00000000    0.51647040    0.59076728
A0A3B1KH79_ASTMX/24-119     0.52173370    0.49988023    0.40183352    0.43398222    0.41437703    0.44576868    0.51647040    0.00000000    0.28714484
Q6QX43_DANRE/23-116     0.58772190    0.52760158    0.42675442    0.53366851    0.43233131    0.40185467    0.59076728    0.28714484    0.00000000

