9
Q9WXT1_THEMA/23-347     0.00000000    1.87959304    1.60738969    1.28935862    2.15085536    1.89665157    2.46481992    2.57250250    2.62647512
B3PGE9_CELJU/80-405     1.87959304    0.00000000    1.64542160    1.58705954    2.25510782    2.20836506    2.74114501    2.89969632    2.61434801
BGLX_ECOLI/46-352     1.60738969    1.64542160    0.00000000    0.91577950    2.00748912    1.96034218    2.36773382    2.57945352    2.59295854
Q5L7V6_BACFN/43-351     1.28935862    1.58705954    0.91577950    0.00000000    1.85420011    1.79116904    2.39739643    2.33061504    2.49141800
P74340_SYNY3/10-340     2.15085536    2.25510782    2.00748912    1.85420011    0.00000000    1.18861950    1.87404650    1.97292591    1.88573960
NAGZ_BACSU/43-392     1.89665157    2.20836506    1.96034218    1.79116904    1.18861950    0.00000000    1.55207903    1.73101908    1.78744186
Q7APU0_MYCLE/60-377     2.46481992    2.74114501    2.36773382    2.39739643    1.87404650    1.55207903    0.00000000    1.88728253    1.91672216
NAGZ_HAEIN/5-311     2.57250250    2.89969632    2.57945352    2.33061504    1.97292591    1.73101908    1.88728253    0.00000000    0.63893118
NAGZ_ECOLI/5-303     2.62647512    2.61434801    2.59295854    2.49141800    1.88573960    1.78744186    1.91672216    0.63893118    0.00000000

