31
YBGD_ECOLI/31-188     0.00000000    1.36473767    1.65372227    2.08285014    1.70615253    1.88950246    1.94578940    2.68878833    2.79585802    2.67535822    2.77820896    2.90394049    2.82559614    2.87554076    3.28260067    2.20759526    2.82585031    2.56650258    3.34672936    2.94579232    2.83810157    2.77484099    2.96661938    3.27270824    3.06576256    2.90686270    2.45862646    2.76988952    2.90080509    3.20179357    3.11811371
FIMA1_ECOLI/33-182     1.36473767    0.00000000    0.70181847    1.53462652    1.48465105    2.14639591    1.56927765    2.58136504    2.55125422    2.26418050    2.48508902    2.33878513    2.14835309    2.50264230    2.78638882    2.31541811    2.41466121    2.46886119    2.17159387    2.52969653    2.21949018    2.16870015    2.10322347    2.67992135    2.06185844    2.35486549    2.70043135    2.57566704    2.25300367    2.48302728    2.47528846
FIMA1_SALTY/35-185     1.65372227    0.70181847    0.00000000    1.57086593    1.25022173    1.82680659    1.62669619    2.52906998    2.64117765    2.11917113    2.67153750    2.67888439    2.43801867    2.92982377    3.02119948    2.53348211    2.83047860    2.46427487    2.62003530    2.29595124    2.23640060    2.17423514    1.88572266    2.44197485    2.05812085    2.74448817    2.92754857    2.75195201    2.43064696    2.72453887    2.22335961
FIMI_ECOLI/32-179     2.08285014    1.53462652    1.57086593    0.00000000    1.47603507    1.92633525    1.92317224    2.84959058    3.03950046    2.50005615    2.84150567    2.57432140    2.32124450    3.04592675    3.11026545    3.05267013    3.18677257    2.93421993    3.10891398    2.56528311    2.82580470    2.67437606    2.52955371    3.64711497    2.70483466    2.99836177    2.60281857    2.84802566    2.98713026    3.47288908    3.49843733
LPFA_SALTY/32-178     1.70615253    1.48465105    1.25022173    1.47603507    0.00000000    1.71505981    1.96497693    2.56717932    2.82162966    2.29489526    2.57303217    3.09949306    2.61793410    3.10356180    3.28755193    2.93268207    2.76978625    3.12760416    2.77060856    2.75466861    3.06496360    2.96886519    2.05045810    3.52430395    2.57154264    2.72513724    2.85669123    3.72840707    3.06040616    2.54838906    3.39450633
YRAH_ECOLI/27-194     1.88950246    2.14639591    1.82680659    1.92633525    1.71505981    0.00000000    2.24785318    3.01475238    3.57583292    2.32345348    2.74200225    3.28147367    2.59510326    3.40659579    3.65342274    3.73132749    3.54649012    3.48576413    3.91028208    3.30015796    3.24381928    3.43875537    3.46037646    3.89919189    3.46419554    3.44762634    3.00957528    4.16681776    3.56963875    3.22806648    3.48118918
FIMF_SALTY/30-172     1.94578940    1.56927765    1.62669619    1.92317224    1.96497693    2.24785318    0.00000000    2.69250971    3.16430865    2.67836757    3.40268487    3.13226839    2.36152095    2.83949959    3.09953745    2.96861584    2.76143592    3.32390608    3.30615151    2.92554430    2.98008641    3.17202641    3.00929846    2.88821191    3.31194007    3.63788841    2.71315090    2.74482664    2.68914175    3.12001822    3.06637652
C5ALE1_BURGB/189-335     2.68878833    2.58136504    2.52906998    2.84959058    2.56717932    3.01475238    2.69250971    0.00000000    1.01017938    2.16412756    2.89028567    2.89274384    2.29246814    3.22697952    2.94301860    2.76634282    3.19946646    3.61437072    2.95320587    2.59211322    3.11572837    3.95233065    3.56931814    2.89916457    3.37481174    3.93635917    2.92545134    4.27898984    3.65320545    3.73755284    3.24630248
Q63P39_BURPS/201-341     2.79585802    2.55125422    2.64117765    3.03950046    2.82162966    3.57583292    3.16430865    1.01017938    0.00000000    2.32679534    2.43144085    2.81358149    2.25915775    3.14906110    2.62727199    3.04929479    2.66585364    2.70572718    2.82873971    2.29755745    2.79071501    3.52650373    3.10390565    2.86165336    3.11505826    3.71616059    2.78777888    4.17682540    3.70043892    3.56674571    2.88876022
ELFG_ECOLI/211-355     2.67535822    2.26418050    2.11917113    2.50005615    2.29489526    2.32345348    2.67836757    2.16412756    2.32679534    0.00000000    1.76993234    1.72503559    1.19114221    2.02701755    2.29418039    2.31616009    2.67541824    2.80498304    2.54414105    2.51227251    2.18929391    2.74798935    2.80304989    2.76809499    2.89902288    3.56448787    2.79788723    3.18493013    2.77260507    3.46445388    3.06042782
LPFD_SALTY/206-358     2.77820896    2.48508902    2.67153750    2.84150567    2.57303217    2.74200225    3.40268487    2.89028567    2.43144085    1.76993234    0.00000000    1.53953123    1.35938617    2.11381749    2.23394205    2.69412810    2.61988359    3.16168332    3.48778692    2.99675189    2.80207883    3.72674574    4.00477571    3.52135262    3.02979931    3.26910361    3.47429478    4.49552140    3.67891719    3.46864125    3.64111584
SFMH_ECOLI/180-327     2.90394049    2.33878513    2.67888439    2.57432140    3.09949306    3.28147367    3.13226839    2.89274384    2.81358149    1.72503559    1.53953123    0.00000000    1.08811199    2.32386500    2.37612153    2.50761218    2.97453070    3.11705016    3.51663655    3.82368923    2.97950469    4.01883814    2.90675669    3.23393202    2.58838334    3.40579919    3.18386110    3.12403702    3.07250901    4.22035335    3.45371087
Q8ZS05_SALTY/188-334     2.82559614    2.14835309    2.43801867    2.32124450    2.61793410    2.59510326    2.36152095    2.29246814    2.25915775    1.19114221    1.35938617    1.08811199    0.00000000    2.14710353    2.30327389    2.15001703    2.79915245    2.60363844    2.61993655    2.98854866    2.47798069    2.54419503    2.44846852    3.27366091    2.77451144    3.27222047    2.82597646    3.28194542    2.69766728    3.36447704    3.03491389
YRAK_ECOLI/211-361     2.87554076    2.50264230    2.92982377    3.04592675    3.10356180    3.40659579    2.83949959    3.22697952    3.14906110    2.02701755    2.11381749    2.32386500    2.14710353    0.00000000    2.42354454    2.66572523    3.01001494    3.01071929    2.90940243    3.17118142    3.44653086    3.54089607    3.47294554    3.12946518    3.19703998    3.49662770    3.47209955    3.41228329    2.73092353    3.99807418    3.45693861
A0KFN0_AERHH/193-344     3.28260067    2.78638882    3.02119948    3.11026545    3.28755193    3.65342274    3.09953745    2.94301860    2.62727199    2.29418039    2.23394205    2.37612153    2.30327389    2.42354454    0.00000000    2.00949497    2.79557641    3.22573313    3.19682221    2.79282257    2.71070855    3.07397294    3.10115524    3.09983904    3.87031294    4.30590356    3.28637627    3.98290087    3.23917764    3.46488602    3.53272231
H9L409_SALTY/32-170     2.20759526    2.31541811    2.53348211    3.05267013    2.93268207    3.73132749    2.96861584    2.76634282    3.04929479    2.31616009    2.69412810    2.50761218    2.15001703    2.66572523    2.00949497    0.00000000    2.90235807    3.50329379    3.60350040    3.24702585    2.28787895    3.28299441    2.95677647    3.04848377    2.76412906    3.13472972    3.60831711    3.21183996    3.35760372    3.55430184    2.82914538
Q7N8E1_PHOLL/32-186     2.82585031    2.41466121    2.83047860    3.18677257    2.76978625    3.54649012    2.76143592    3.19946646    2.66585364    2.67541824    2.61988359    2.97453070    2.79915245    3.01001494    2.79557641    2.90235807    0.00000000    2.95069331    3.15089249    2.94160999    2.78765634    3.31770525    2.40730586    2.96014505    2.91783789    2.84404319    3.77023452    3.82765389    3.58144455    2.70487269    3.17117189
A9I9L0_BORPD/226-383     2.56650258    2.46886119    2.46427487    2.93421993    3.12760416    3.48576413    3.32390608    3.61437072    2.70572718    2.80498304    3.16168332    3.11705016    2.60363844    3.01071929    3.22573313    3.50329379    2.95069331    0.00000000    2.94592066    2.75807226    2.51800253    2.17532485    2.85337599    2.79435511    3.22555195    3.15779879    3.19863683    3.49189184    2.67552510    3.79118621    3.05318731
Q6FFQ8_ACIAD/265-474     3.34672936    2.17159387    2.62003530    3.10891398    2.77060856    3.91028208    3.30615151    2.95320587    2.82873971    2.54414105    3.48778692    3.51663655    2.61993655    2.90940243    3.19682221    3.60350040    3.15089249    2.94592066    0.00000000    1.18316657    2.14798639    2.29414094    2.35329148    2.13895758    3.00182741    3.06087483    2.52073706    3.18452811    3.06621129    2.85413400    2.50151600
Q9ZC29_YERPE/263-449     2.94579232    2.52969653    2.29595124    2.56528311    2.75466861    3.30015796    2.92554430    2.59211322    2.29755745    2.51227251    2.99675189    3.82368923    2.98854866    3.17118142    2.79282257    3.24702585    2.94160999    2.75807226    1.18316657    0.00000000    1.25187898    2.07495782    2.43724962    1.64139843    2.60970649    2.70673561    2.78479025    3.53991691    2.82841521    2.72240578    2.86119786
Q1LMT1_CUPMC/279-475     2.83810157    2.21949018    2.23640060    2.82580470    3.06496360    3.24381928    2.98008641    3.11572837    2.79071501    2.18929391    2.80207883    2.97950469    2.47798069    3.44653086    2.71070855    2.28787895    2.78765634    2.51800253    2.14798639    1.25187898    0.00000000    1.44320386    1.60968606    1.14225488    2.94097814    2.77377528    2.65318741    2.41083747    2.79151279    3.12506769    2.82945388
A8AP84_CITK8/253-445     2.77484099    2.16870015    2.17423514    2.67437606    2.96886519    3.43875537    3.17202641    3.95233065    3.52650373    2.74798935    3.72674574    4.01883814    2.54419503    3.54089607    3.07397294    3.28299441    3.31770525    2.17532485    2.29414094    2.07495782    1.44320386    0.00000000    0.87408246    1.54870246    3.48275774    3.17850012    3.56585597    3.03670202    3.46647264    3.38097397    2.81081541
Q8ZRI2_SALTY/258-441     2.96661938    2.10322347    1.88572266    2.52955371    2.05045810    3.46037646    3.00929846    3.56931814    3.10390565    2.80304989    4.00477571    2.90675669    2.44846852    3.47294554    3.10115524    2.95677647    2.40730586    2.85337599    2.35329148    2.43724962    1.60968606    0.87408246    0.00000000    1.54166481    3.02140058    3.02235779    2.91285148    2.89112060    2.76643894    3.03779513    2.87196067
Q9I1Y4_PSEAE/263-453     3.27270824    2.67992135    2.44197485    3.64711497    3.52430395    3.89919189    2.88821191    2.89916457    2.86165336    2.76809499    3.52135262    3.23393202    3.27366091    3.12946518    3.09983904    3.04848377    2.96014505    2.79435511    2.13895758    1.64139843    1.14225488    1.54870246    1.54166481    0.00000000    3.22682294    2.89005225    3.20770566    2.64698334    2.86408904    3.71592829    3.01671317
YEHA_ECOLI/182-344     3.06576256    2.06185844    2.05812085    2.70483466    2.57154264    3.46419554    3.31194007    3.37481174    3.11505826    2.89902288    3.02979931    2.58838334    2.77451144    3.19703998    3.87031294    2.76412906    2.91783789    3.22555195    3.00182741    2.60970649    2.94097814    3.48275774    3.02140058    3.22682294    0.00000000    0.78307779    2.39495489    3.09405930    2.85453431    3.05147645    2.89196626
Q8ZNN8_SALTY/179-335     2.90686270    2.35486549    2.74448817    2.99836177    2.72513724    3.44762634    3.63788841    3.93635917    3.71616059    3.56448787    3.26910361    3.40579919    3.27222047    3.49662770    4.30590356    3.13472972    2.84404319    3.15779879    3.06087483    2.70673561    2.77377528    3.17850012    3.02235779    2.89005225    0.78307779    0.00000000    2.74491236    3.50678833    3.54885796    3.43552745    3.21502315
A9HW68_BORPD/195-352     2.45862646    2.70043135    2.92754857    2.60281857    2.85669123    3.00957528    2.71315090    2.92545134    2.78777888    2.79788723    3.47429478    3.18386110    2.82597646    3.47209955    3.28637627    3.60831711    3.77023452    3.19863683    2.52073706    2.78479025    2.65318741    3.56585597    2.91285148    3.20770566    2.39495489    2.74491236    0.00000000    1.80227197    1.73227826    3.27996149    2.85875454
Q9I620_PSEAE/185-335     2.76988952    2.57566704    2.75195201    2.84802566    3.72840707    4.16681776    2.74482664    4.27898984    4.17682540    3.18493013    4.49552140    3.12403702    3.28194542    3.41228329    3.98290087    3.21183996    3.82765389    3.49189184    3.18452811    3.53991691    2.41083747    3.03670202    2.89112060    2.64698334    3.09405930    3.50678833    1.80227197    0.00000000    0.59940537    3.30171454    2.73289880
Q9I621_PSEAE/186-332     2.90080509    2.25300367    2.43064696    2.98713026    3.06040616    3.56963875    2.68914175    3.65320545    3.70043892    2.77260507    3.67891719    3.07250901    2.69766728    2.73092353    3.23917764    3.35760372    3.58144455    2.67552510    3.06621129    2.82841521    2.79151279    3.46647264    2.76643894    2.86408904    2.85453431    3.54885796    1.73227826    0.59940537    0.00000000    3.60884830    2.70873264
A6TH59_KLEP7/151-308     3.20179357    2.48302728    2.72453887    3.47288908    2.54838906    3.22806648    3.12001822    3.73755284    3.56674571    3.46445388    3.46864125    4.22035335    3.36447704    3.99807418    3.46488602    3.55430184    2.70487269    3.79118621    2.85413400    2.72240578    3.12506769    3.38097397    3.03779513    3.71592829    3.05147645    3.43552745    3.27996149    3.30171454    3.60884830    0.00000000    2.70662362
YADM_ECOLI/28-189     3.11811371    2.47528846    2.22335961    3.49843733    3.39450633    3.48118918    3.06637652    3.24630248    2.88876022    3.06042782    3.64111584    3.45371087    3.03491389    3.45693861    3.53272231    2.82914538    3.17117189    3.05318731    2.50151600    2.86119786    2.82945388    2.81081541    2.87196067    3.01671317    2.89196626    3.21502315    2.85875454    2.73289880    2.70873264    2.70662362    0.00000000

