25
HAP3_SCHPO/10-75     0.00000000    0.47609631    0.42559510    0.38131259    0.42757845    0.55391858    1.15381333    1.18851041    1.30152240    1.11517165    1.73417308    1.89017084    2.16961002    2.57836198    2.85514117    2.63478491    2.18930734    1.85511005    1.65909344    1.56063144    1.28931254    1.52365386    1.45040678    1.55483374    0.28592282
NFYB9_ARATH/62-127     0.47609631    0.00000000    0.51059767    0.46004960    0.57055750    0.59476560    1.19737403    1.11632241    1.56567800    1.17102829    2.13394499    2.29619484    2.23256595    2.90785875    2.96966439    2.99371895    2.22159528    1.82945594    1.57040500    1.35109048    1.45494616    1.38220137    1.35801486    1.43022472    0.46176216
NFYB4_ARATH/6-71     0.42559510    0.51059767    0.00000000    0.22658050    0.55130147    0.70119702    1.19185825    1.21914516    1.55205683    1.23450707    1.86877825    2.48051131    2.36622956    3.14645003    3.13314790    2.89195935    2.51573875    2.10803971    1.67812016    1.54806635    1.58683706    1.51513966    1.58078908    1.57582663    0.37616661
NFYB5_ARATH/54-119     0.38131259    0.46004960    0.22658050    0.00000000    0.38822659    0.57492658    1.14747066    1.31869543    1.62451649    1.18675766    1.90334982    2.15621590    2.14758748    3.12969310    3.17655812    2.98416029    2.32005551    2.07479903    1.64381319    1.50761739    1.41681736    1.54709241    1.46772845    1.51913615    0.28139100
HAP3_KLULA/25-90     0.42757845    0.57055750    0.55130147    0.38822659    0.00000000    0.61427831    1.30699631    1.21132917    1.63319138    1.24520286    1.96994496    2.28125302    2.03885707    3.13262446    3.06474343    2.69892135    2.14874807    2.08075494    1.55368299    1.45756459    1.33350224    1.47609993    1.45902659    1.50735030    0.38376491
NFYB1_CAEEL/64-129     0.55391858    0.59476560    0.70119702    0.57492658    0.61427831    0.00000000    1.35729312    1.17622861    1.67046313    1.17340458    1.79440876    2.39666522    2.24499998    2.57255114    2.41338242    2.26952161    2.03575786    1.73984373    1.84698215    1.48253403    1.40736570    1.55782391    1.50293788    1.64432917    0.44093922
NC2B_SCHPO/10-75     1.15381333    1.19737403    1.19185825    1.14747066    1.30699631    1.35729312    0.00000000    0.63896182    1.19775567    0.51469250    2.63581222    2.65430205    2.55762039    3.06408989    3.72770212    3.26006437    2.97781869    1.85571942    2.15264936    1.84084904    2.01858211    2.01955030    2.06619961    1.95052449    1.19433465
NC2B_HUMAN/11-75     1.18851041    1.11632241    1.21914516    1.31869543    1.21132917    1.17622861    0.63896182    0.00000000    0.92470115    0.62439160    1.93283382    2.08123015    2.06857711    2.09814153    2.30680701    2.07968956    1.86139861    1.62984857    1.87950237    1.51326781    1.71602878    1.69667292    1.69154239    1.49856719    1.20172670
O45550_CAEEL/20-84     1.30152240    1.56567800    1.55205683    1.62451649    1.63319138    1.67046313    1.19775567    0.92470115    0.00000000    1.14177109    2.00716884    1.96849675    1.97760266    2.71264349    2.74751285    2.25363830    2.29327872    1.76556771    2.01378661    1.84367239    1.81151812    1.89633369    1.78794154    1.60233301    1.40732774
NC2B_ARATH/14-79     1.11517165    1.17102829    1.23450707    1.18675766    1.24520286    1.17340458    0.51469250    0.62439160    1.14177109    0.00000000    2.44544629    2.70661106    2.36790826    2.70485811    2.99185874    2.37267150    2.63462985    1.74005465    2.14590927    1.73078666    1.71151019    2.04589793    2.00629391    2.00484053    1.15753721
Q9FHS0_ARATH/10-74     1.73417308    2.13394499    1.86877825    1.90334982    1.96994496    1.79440876    2.63581222    1.93283382    2.00716884    2.44544629    0.00000000    1.55772862    1.54042044    1.21231384    1.76032506    1.26649070    1.67212605    2.36257795    1.94782510    1.94286659    1.92926361    1.89210546    1.87683950    2.29069966    1.55188444
CHRC_DROME/18-83     1.89017084    2.29619484    2.48051131    2.15621590    2.28125302    2.39666522    2.65430205    2.08123015    1.96849675    2.70661106    1.55772862    0.00000000    1.31146579    1.52996425    1.86602188    1.80846759    1.90367290    2.94020813    3.11572096    3.01863774    2.90891772    2.51186964    2.50736735    2.33624097    1.99530425
Q9LN09_ARATH/108-172     2.16961002    2.23256595    2.36622956    2.14758748    2.03885707    2.24499998    2.55762039    2.06857711    1.97760266    2.36790826    1.54042044    1.31146579    0.00000000    1.53156652    1.61115919    1.79324778    1.49576149    2.64560547    2.71314595    2.59566468    2.46108793    2.22604768    2.33137542    2.50939955    2.29244395
Q9LHG0_ARATH/7-71     2.57836198    2.90785875    3.14645003    3.12969310    3.13262446    2.57255114    3.06408989    2.09814153    2.71264349    2.70485811    1.21231384    1.52996425    1.53156652    0.00000000    1.11425598    0.59577864    1.58477994    2.98188876    2.44405836    2.40344331    2.38119195    2.20114680    2.18614137    2.27200370    2.45241575
Q20237_CAEEL/64-128     2.85514117    2.96966439    3.13314790    3.17655812    3.06474343    2.41338242    3.72770212    2.30680701    2.74751285    2.99185874    1.76032506    1.86602188    1.61115919    1.11425598    0.00000000    0.81036264    1.78727818    2.31508136    2.46090859    2.28416856    2.08074102    1.89813343    1.90774674    2.27200090    2.61282607
B4I7U0_DROSE/10-74     2.63478491    2.99371895    2.89195935    2.98416029    2.69892135    2.26952161    3.26006437    2.07968956    2.25363830    2.37267150    1.26649070    1.80846759    1.79324778    0.59577864    0.81036264    0.00000000    1.68336240    2.56597000    2.58415124    2.39236822    2.45262184    2.36966120    2.32569498    2.34564391    2.71814781
NFYC1_CAEEL/108-174     2.18930734    2.22159528    2.51573875    2.32005551    2.14874807    2.03575786    2.97781869    1.86139861    2.29327872    2.63462985    1.67212605    1.90367290    1.49576149    1.58477994    1.78727818    1.68336240    0.00000000    2.93725588    2.31750868    2.25359413    2.08651286    2.00750757    1.85984668    1.92379064    1.76856635
F1SVE7_METKA/4-65     1.85511005    1.82945594    2.10803971    2.07479903    2.08075494    1.73984373    1.85571942    1.62984857    1.76556771    1.74005465    2.36257795    2.94020813    2.64560547    2.98188876    2.31508136    2.56597000    2.93725588    0.00000000    1.58923373    1.43594581    1.61580634    1.54920587    1.53596825    1.53857503    2.07951646
HARB_PYRFU/3-65     1.65909344    1.57040500    1.67812016    1.64381319    1.55368299    1.84698215    2.15264936    1.87950237    2.01378661    2.14590927    1.94782510    3.11572096    2.71314595    2.44405836    2.46090859    2.58415124    2.31750868    1.58923373    0.00000000    0.42087125    0.38455410    0.38799101    0.39338282    0.58630820    1.55491317
HAF2_ARCFU/2-65     1.56063144    1.35109048    1.54806635    1.50761739    1.45756459    1.48253403    1.84084904    1.51326781    1.84367239    1.73078666    1.94286659    3.01863774    2.59566468    2.40344331    2.28416856    2.39236822    2.25359413    1.43594581    0.42087125    0.00000000    0.54890826    0.46810352    0.57959234    0.77476220    1.51997464
HJA2_METJA/2-65     1.28931254    1.45494616    1.58683706    1.41681736    1.33350224    1.40736570    2.01858211    1.71602878    1.81151812    1.71151019    1.92926361    2.90891772    2.46108793    2.38119195    2.08074102    2.45262184    2.08651286    1.61580634    0.38455410    0.54890826    0.00000000    0.44405048    0.50586150    0.65926070    1.21014749
HAF1_ARCFU/6-69     1.52365386    1.38220137    1.51513966    1.54709241    1.47609993    1.55782391    2.01955030    1.69667292    1.89633369    2.04589793    1.89210546    2.51186964    2.22604768    2.20114680    1.89813343    2.36966120    2.00750757    1.54920587    0.38799101    0.46810352    0.44405048    0.00000000    0.50665514    0.70861114    1.46804298
U6EAE9_9EURY/2-65     1.45040678    1.35801486    1.58078908    1.46772845    1.45902659    1.50293788    2.06619961    1.69154239    1.78794154    2.00629391    1.87683950    2.50736735    2.33137542    2.18614137    1.90774674    2.32569498    1.85984668    1.53596825    0.39338282    0.57959234    0.50586150    0.50665514    0.00000000    0.39434241    1.38186450
E3GWR6_METFV/1-64     1.55483374    1.43022472    1.57582663    1.51913615    1.50735030    1.64432917    1.95052449    1.49856719    1.60233301    2.00484053    2.29069966    2.33624097    2.50939955    2.27200370    2.27200090    2.34564391    1.92379064    1.53857503    0.58630820    0.77476220    0.65926070    0.70861114    0.39434241    0.00000000    1.49689648
Q2UK39_ASPOR/46-111     0.28592282    0.46176216    0.37616661    0.28139100    0.38376491    0.44093922    1.19433465    1.20172670    1.40732774    1.15753721    1.55188444    1.99530425    2.29244395    2.45241575    2.61282607    2.71814781    1.76856635    2.07951646    1.55491317    1.51997464    1.21014749    1.46804298    1.38186450    1.49689648    0.00000000

