8
POL_XMRV6/546-638     0.00000000    2.00140817    2.59683988    2.42217188    2.60569154    2.58210107    2.51375834    3.18325200
POL_HV1H2/493-586     2.00140817    0.00000000    1.99387902    2.29713384    2.18483037    2.04805701    2.51198921    3.34743873
GAG_RSVSA/584-699     2.59683988    1.99387902    0.00000000    2.06761248    2.27173644    2.13722693    2.47958475    4.17548155
PRO_MMTVC/752-849     2.42217188    2.29713384    2.06761248    0.00000000    1.44221719    1.23735388    2.85463261    4.20131563
VPK19_HUMAN/6-105     2.60569154    2.18483037    2.27173644    1.44221719    0.00000000    1.18012235    2.94966631    3.16304650
Q9TTD4_SHEEP/142-241     2.58210107    2.04805701    2.13722693    1.23735388    1.18012235    0.00000000    2.71955238    4.24714238
PRO_HTLV2/452-560     2.51375834    2.51198921    2.47958475    2.85463261    2.94966631    2.71955238    0.00000000    3.33404115
POL_COYMV/1192-1305     3.18325200    3.34743873    4.17548155    4.20131563    3.16304650    4.24714238    3.33404115    0.00000000

