125
A0A174MNE0_9BACE/248-358     0.00000000    1.65434164    2.43134994    2.29183252    1.85809495    2.65004578    2.30158941    2.40859504    3.40364757    3.24396087    2.38048706    2.76568559    2.37645794    2.86467077    2.50457817    2.12795407    2.23711571    2.18931088    2.17312706    2.07259550    2.21920859    3.29531232    1.98073488    3.86565064    2.39271801    2.38537901    2.42703103    3.54796325    3.04232646    3.18545159    3.19673007    2.73548032    3.34483037    5.91072809    3.15970039    3.07990021    3.87269557    3.71820103    2.42788134    2.39834668    2.78897892    3.00535352    3.32809539    3.22174271    3.07809490    3.70266291    2.27747260    3.24575665    2.74084153    2.55103229    3.31060441    2.92432033    4.31848194    3.15815246    3.41369989    3.41691225    3.10847369    4.22259556    3.73115005    2.63601360    3.45231033    2.77077643    2.66590199    2.54883945    2.63238702    2.74548618    2.85793019    2.39655036    2.68702266    3.46434665    2.87189893    2.94996658    2.72019596    3.08034586    3.20585193    3.86926469    3.97000593    3.22618182    4.79486157    2.89377686    3.44652755    2.73534710    3.20045215    3.40630248    2.92004178    3.11651807    4.46729274    3.72178999    3.69115900    4.09807195    2.91480023    4.43891548    3.09016338    3.59916406    3.35998882    3.68843087    2.61790208    4.50846571    3.44378434    3.86391710    3.13621281    2.98235834    3.73051207    2.96041275    2.81047303    2.72296307    2.90072396    3.18310449    2.78073015    3.36382617    3.61998424    2.98186475    3.13092557    2.80189471    3.21055338    2.61869325    2.18653470    3.01646700    2.69764606    2.57997141    2.44815057    2.85627204    3.20803350    3.23777033    3.19682828
A5ZG20_9BACE/245-359     1.65434164    0.00000000    2.52292401    2.06369530    2.08586196    2.49863180    2.16017598    1.99548108    3.07492637    3.01235103    2.68906094    2.77020760    2.28909601    2.60287536    2.07230249    2.15752616    2.00887728    2.22507230    2.10090126    2.59093723    2.66346525    3.22315164    1.98853139    3.79888780    2.53743785    2.68676577    2.52450397    3.74483035    3.83750769    2.74920699    3.13753773    3.03512242    4.29102251    4.63076296    2.67165065    3.69326859    3.52218027    2.68105136    2.34001322    2.50771472    3.26299051    3.62359300    3.56156303    2.71014008    4.00675541    3.64572730    2.49972155    3.49470841    2.68691953    2.94906538    3.88775173    3.14714707    4.24730615    3.87423061    3.05091759    3.82725296    3.09968470    3.29162278    4.09723322    3.42226314    3.39205231    3.04316933    2.76245323    2.39014666    3.41110564    3.01401803    2.70073161    2.33740072    3.01182018    2.73087241    2.48698965    2.45670662    2.77866853    2.68178899    3.24217421    3.50509728    4.28596167    3.63453216    3.98627870    2.96358642    4.24471657    3.33755908    3.22439280    3.21589462    2.90348683    2.78029100    3.47323614    3.33538214    4.06748128    3.45851699    3.27278495    3.63047154    2.59049237    3.47010579    2.93052723    3.94831103    2.47558760    3.70614301    3.03012595    3.19338736    3.24182692    3.94334798    2.34174477    2.82521180    2.76046392    2.58466662    3.13080640    3.83719057    2.72214292    3.01849714    2.68708203    2.98933095    3.27689312    2.89865780    2.73914654    2.81232113    2.42360550    2.57577692    3.14810673    3.89385092    4.03969906    3.72979939    3.37061400    2.88586363    3.37491009
A8F5P7_PSELT/208-312     2.43134994    2.52292401    0.00000000    1.76818531    1.81452737    2.96704039    2.53841107    2.38608719    2.70968028    3.09867568    2.70079873    2.60228101    2.92185356    2.64144789    2.78282235    2.32532427    2.72486111    2.73713563    2.52641358    2.28525074    3.09642425    2.83600240    2.74402362    3.92858843    2.75755811    2.83347465    2.82883435    3.69567169    3.48337317    3.69125043    2.75934628    2.65320461    3.74523314    8.05388540    2.58383878    3.20949266    3.18894473    2.56762449    3.45032999    3.53121109    3.43646685    2.75842516    3.35524898    3.04279715    3.85574245    3.15079475    3.23173065    4.17657373    3.15882060    3.34262944    3.54394050    3.02878364    3.01186933    3.15790561    3.00881818    3.74575473    2.95472619    3.49049711    4.51825200    3.76841064    3.14906228    3.22330088    3.14961036    2.56745242    2.53191296    3.08804803    2.96195225    2.45356143    2.17100457    2.92394333    2.31728778    3.37138577    3.22341186    3.36890863    2.85298061    3.25183339    2.73252776    2.74375967    4.16225592    3.95376142    3.49766422    2.95929673    2.78188707    3.17692868    2.79327823    3.82844039    3.45382178    3.27256467    3.93145013    3.60804173    2.99715722    3.78202743    3.35693747    3.40187494    3.27860631    2.94061133    3.47664201    4.01400743    2.53910126    2.57358435    3.37656316    3.17498906    2.65637020    2.16425420    2.43993559    2.61214602    2.69359340    3.84956175    2.60204637    2.94033341    3.11730013    2.72103164    3.81538195    3.09648388    2.50860309    3.31140646    3.28844528    2.16260463    2.68461969    3.45427111    2.59791567    3.41721752    3.42933199    2.66961619    2.66041305
Q7MVX8_PORGI/219-334     2.29183252    2.06369530    1.76818531    0.00000000    1.70251682    2.94189202    1.89784837    2.12215899    2.41616275    3.14025855    2.39772255    2.28808335    2.10935348    3.03209773    2.41327228    1.86969683    1.93759451    2.19313631    2.23359240    1.62790775    2.09805311    2.21944512    2.14454943    3.24998152    2.39432752    2.06837112    2.79622617    2.78418473    3.28438194    4.06408258    3.04099898    2.56055392    3.99598733    4.67689374    3.80789109    3.24576896    3.31518453    2.55170599    2.74718730    3.04210671    2.76617898    2.94868753    3.35816395    2.96245597    4.00169654    3.07549651    2.69350332    2.67721300    3.05953065    3.48871820    3.97941686    3.60916956    3.32447628    3.29128072    2.93400223    3.22918186    2.12307535    3.15219532    4.23245243    2.51091048    3.06988436    3.05726619    3.07167603    2.88712133    3.15491248    3.00440062    2.91362666    2.86137844    2.93020591    3.05830567    3.05573678    2.90100306    2.86434581    3.36365625    3.09573092    3.15597070    3.25604566    2.99412306    3.80194223    4.06510139    3.29748771    2.77349900    2.76927350    3.27379871    2.59951398    3.77293511    2.49017724    3.01332141    3.11189702    4.08103189    2.77230762    3.52886857    3.31543049    4.39216786    2.80475707    3.20618597    2.91538482    3.47558435    3.14541648    2.98911226    3.15525611    3.35039292    1.91661953    2.18580772    2.10875019    2.09058807    2.88804202    2.83078556    3.17762316    3.15584010    3.58497113    2.29668751    2.88088403    2.59348112    2.69782818    2.32550577    2.62454019    2.54570473    2.47338199    2.47457323    2.35493958    2.91514355    2.52909208    2.58250409    2.94825519
Q65UE7_MANSM/209-298     1.85809495    2.08586196    1.81452737    1.70251682    0.00000000    1.92741511    1.85591247    2.21363821    2.37923111    2.58865930    2.36172702    2.49248525    2.14730590    3.01954937    2.13364789    1.68768746    2.50319396    2.14968439    2.06006544    1.92933999    2.39836571    2.12342161    1.88711088    2.80374469    2.18054521    2.14144996    2.28693357    3.25891762    4.04349477    3.87845294    3.04783728    2.73498257    3.71446823    4.11562712    2.64043010    2.38202250    2.78520442    2.68179597    2.42423762    2.59330939    3.03661779    2.64867136    2.79170343    2.98949026    3.50645467    3.84132809    2.73060221    3.53394554    3.17421028    3.57381776    3.18334844    2.34108332    2.52344282    2.27366346    2.35460431    2.84882874    1.85561806    2.39491135    3.26427904    2.73016024    3.23386047    2.62179463    2.90720828    2.66648968    2.24255888    2.40594276    2.58144167    3.02686166    2.84257845    2.37730569    2.68492306    2.48906766    2.22970150    2.85289012    2.51719058    3.71742676    3.29720166    3.50026402    3.55708400    4.00168946    3.28353644    2.38984173    2.54100936    2.87667866    2.40087021    3.31470283    3.03713470    3.09980658    3.31336728    3.42551016    2.94546265    3.39994541    3.55601620    4.28200611    3.20588318    3.11891997    3.20395055    3.60660919    2.43031334    3.21081701    2.84845043    3.39909776    2.33770358    2.10981161    2.03162012    2.27394984    3.12222802    2.85277553    2.85495910    2.71850237    3.01475559    2.15119318    2.68926770    2.47689890    2.91525354    3.10848885    2.14430683    2.37888574    2.53271242    2.79115230    2.22322836    2.64968567    2.68159797    2.55093502    2.63614862
A6DIA8_9BACT/172-268     2.65004578    2.49863180    2.96704039    2.94189202    1.92741511    0.00000000    1.98430591    2.38220831    3.20965560    3.01083494    2.55640353    2.77972431    2.86402585    3.00832089    2.21179342    2.60068601    2.85999834    2.84858552    2.84584155    3.08257155    2.89981697    2.85050915    2.89743115    3.25064966    2.22586397    2.79510975    2.83005890    3.27143438    3.51009781    3.26486935    3.43317975    2.78308017    3.64913454    4.84789458    2.66834482    2.95233525    3.37336064    2.91109643    2.49901757    2.50939896    2.92941730    2.89218235    3.52135253    2.36334711    3.05730181    3.28988397    3.19806606    3.25548070    2.61629166    3.26200174    3.54368586    2.81865686    2.73657373    2.96443582    2.76676017    2.48893287    2.37570779    2.25824215    3.05636806    2.20429038    2.97522465    2.86705814    2.79087671    3.67908086    3.26389382    2.30967106    3.20602855    3.14620819    2.61102907    2.71197124    2.89186243    2.51538225    2.39996499    3.15311390    2.73216401    2.83051348    3.06601964    4.23964422    3.96714785    3.01100555    3.76636892    3.95575868    3.71494102    2.52151139    4.49659634    2.85296692    2.97368619    2.95479249    2.69197630    3.07089407    3.09755261    3.28990449    3.68094770    3.41954120    3.87772932    3.58188439    2.68927899    3.97109145    2.38824662    3.82430154    3.10922374    3.52526756    2.90633382    3.39593260    2.96611697    3.00966587    3.53038281    3.08600681    3.61982305    2.28085010    2.66605821    3.37059224    3.44296580    2.97676163    2.45632193    2.77377702    2.88032266    2.81215015    3.29655295    3.43317048    3.31021956    3.43640678    2.90344968    2.75804490    3.23863545
A7VDD5_9CLOT/184-273     2.30158941    2.16017598    2.53841107    1.89784837    1.85591247    1.98430591    0.00000000    2.52934179    2.71322597    3.12795441    2.94638375    2.54486237    2.69531444    3.15453939    2.13976269    2.31123833    2.55087594    2.31497150    2.96038816    2.16230094    2.81324508    2.07709449    3.17879053    3.70878481    2.61059558    2.40593729    2.82608958    2.26179885    3.17742295    3.26314153    2.76570035    3.32635859    3.83070190    5.10514977    2.70206165    2.91501409    3.43280974    3.52787100    2.38406095    2.43783581    3.10548994    2.68344316    2.93689499    2.65098485    3.77259658    3.65701322    3.49063705    2.58633857    2.94345101    3.54145901    3.73046422    2.68667879    2.10424523    3.34721471    2.26969711    3.60727243    2.40457363    2.51172521    3.72353139    3.26128595    2.33496215    2.70354360    3.39839410    3.35061581    3.45262475    3.14303195    2.88183738    3.07180591    2.16339126    2.84996477    3.02931804    2.27488469    2.35251102    3.18301940    2.36426785    2.86580490    3.50495816    2.71440875    3.13529604    3.02009832    2.77052284    2.61384265    2.90193547    2.69670016    2.57673987    3.12287687    2.72162488    3.31741224    2.66054624    4.35423727    3.07335519    3.30204222    4.04630502    4.30404972    2.79737343    2.73705357    2.83129767    2.98813202    2.50637421    3.44240760    3.13526835    3.44356312    2.03752442    2.20141432    1.88249444    2.25852509    3.11705722    2.57712923    3.22923862    2.87057325    2.61992320    2.98841831    1.98722338    2.95263643    2.55094911    2.17100839    2.25466671    2.35702169    2.34690071    2.34517959    2.27835602    2.49041702    2.44544968    2.49762460    2.85713230
A4XN14_CALS8/212-322     2.40859504    1.99548108    2.38608719    2.12215899    2.21363821    2.38220831    2.52934179    0.00000000    2.35624865    2.15236794    1.89248888    2.18254195    1.79417805    2.48410444    1.95364452    2.32553681    2.63034116    2.86690046    2.04795578    1.92444611    2.17355152    2.72225179    2.16797703    2.75196293    2.42131693    2.21565201    2.55733602    3.29108879    3.09368581    3.11159052    2.75905294    3.10765752    2.85487593    4.48767549    2.60983932    2.68814194    3.66960001    2.85823083    2.46087114    2.38527626    3.10281380    3.35405726    4.28119800    2.87572557    2.88255208    2.89264131    2.76688909    3.17736849    2.42108522    2.70812113    2.93059529    2.81988622    2.53103842    2.61960097    2.52321785    3.38541328    2.83150804    3.42149699    2.99208641    2.85947567    3.36853989    2.68129502    2.96311434    2.55156600    2.49012184    3.76779973    3.18580436    2.56321104    2.74164130    2.28238899    2.22952685    2.20146779    2.21074983    2.98252630    2.84363062    2.46296826    2.80857473    2.72141353    2.59003094    2.29616053    3.04189371    2.92548744    2.76482369    2.69311720    2.79920758    2.93701220    3.19304826    2.75292800    3.52496321    2.85210925    2.54721711    3.27617984    2.37157903    3.08005833    3.22383625    2.66147822    2.77048417    3.38882161    3.00351528    3.44534194    3.00303725    3.35127729    2.07756261    2.70678356    2.40954785    2.18718267    2.88517869    2.15867430    2.62032552    2.55508302    2.36292861    2.47421871    2.98561993    2.79507959    2.36893278    1.97886164    1.80118609    2.16174319    2.86390187    4.40229676    3.23193969    2.48862472    2.65334977    2.10200243    2.05176653
A7AG62_9BACT/198-304     3.40364757    3.07492637    2.70968028    2.41616275    2.37923111    3.20965560    2.71322597    2.35624865    0.00000000    2.34194544    3.07331554    2.54847351    2.56987362    3.22905488    2.79081478    2.39644566    2.94061364    3.21184827    3.54226716    2.44826609    2.33332582    2.21432340    2.72777121    3.88025841    3.15408125    2.25051011    3.78053621    3.40707584    4.66823416    3.54410633    2.94543954    3.04079392    3.47878516    6.65410684    2.91308311    3.09678270    3.54896879    3.50430586    3.44776700    2.94544146    3.21824512    3.79725826    3.96909482    3.35569926    3.29017547    3.36642354    3.42344539    3.17174566    3.00281722    2.83741614    3.13802747    2.93129357    3.34823357    3.08491206    2.67176863    3.59681363    3.15221884    2.78840215    2.83772539    2.65468778    3.61882520    3.16480966    3.67422641    3.39131774    2.92366854    3.12448744    2.77336712    3.47957125    2.78669139    2.74750101    2.96532811    3.72118782    2.68429781    3.15036869    4.19505140    3.71582145    3.25702550    4.21346353    3.17454602    2.71626006    3.35086365    3.04280599    3.01800224    3.23727583    3.39559987    3.20245228    3.12700276    3.51022205    3.25805493    3.16170403    3.79361380    3.46167055    4.21769126    3.65690015    3.60830066    2.92031078    3.22531405    4.45746475    3.25398253    4.00035820    3.13986828    2.87965999    2.72838303    2.21679989    3.07170947    2.64935304    3.15539594    2.86438568    3.55017257    3.29523244    2.59145847    2.67029423    3.89702889    3.19932045    2.97842063    2.95606161    2.97060848    2.65225505    3.11312912    3.30263642    3.56450470    3.68552116    3.49908242    3.35137700    3.34854735
A6L1C1_BACV8/213-321     3.24396087    3.01235103    3.09867568    3.14025855    2.58865930    3.01083494    3.12795441    2.15236794    2.34194544    0.00000000    3.56952685    2.21032167    3.20261696    3.62892411    3.23746390    2.48962809    2.78741159    2.98657570    3.15699990    2.71098776    2.80238182    2.74703565    2.89995926    3.22640323    2.59749371    2.18469126    3.01725784    3.30141139    3.54282351    3.64973288    2.39049585    2.78994179    3.21266520    4.58900471    2.96927974    3.40488025    3.93640185    3.19642339    3.56062428    2.54100705    2.87982421    4.10805633    4.16262301    3.45707326    3.54491073    3.64741180    3.40456090    3.64697212    2.66454423    2.70179681    2.83744024    2.66148057    3.39219241    2.77177012    3.04513866    3.58940912    2.54849267    3.06676905    4.75696281    2.97205964    3.37142859    2.93722663    3.29857857    3.56536947    4.21122809    3.30724040    2.70624017    3.38934947    2.34961454    3.38179488    3.10319417    3.00109633    2.25939632    3.16149595    2.76127282    3.51103404    2.57685865    3.95902405    3.61332920    2.51313658    2.98701662    2.93196752    3.47520825    3.62493578    3.09579442    2.59743780    2.66163093    3.70706404    3.40366595    3.76293696    3.51527572    3.87066112    3.70222587    2.77732663    3.87998276    3.57175201    4.01282316    4.39267436    2.63812941    3.97042874    3.53456569    2.78409737    2.42088039    2.55093699    2.35963602    2.65888521    2.78970058    3.29457371    2.98957313    3.27295381    2.84788145    2.63409216    2.41245997    2.92776746    3.15284294    2.54171855    2.11633734    2.74482194    2.74017478    2.61773266    2.61332476    3.44273670    3.66833286    2.50486633    2.72423931
Q8RWQ2_ARATH/261-390     2.38048706    2.68906094    2.70079873    2.39772255    2.36172702    2.55640353    2.94638375    1.89248888    3.07331554    3.56952685    0.00000000    2.44502462    1.86409738    2.67960094    2.99805981    2.75851742    2.29823714    2.36659040    2.87184184    2.08660238    2.50259744    3.06503416    2.61108145    3.21458799    3.01034861    2.76525183    2.80519337    3.92435364    3.59394990    2.64515273    3.67042642    3.06963085    3.58865973    5.58792404    3.68632399    2.99493810    3.73415532    4.76327156    3.13305505    2.75322312    3.90770035    3.24074334    3.26174898    3.11708032    3.66275534    4.15029924    3.16721647    3.62314397    2.70107341    2.76876786    3.18543052    1.86903232    3.06396644    2.52953734    2.51158820    3.56208878    3.06006723    3.40286559    3.23421424    2.34003818    3.00739668    2.68174126    2.75958140    2.82944838    2.34569377    3.66103866    3.04956921    2.90157184    2.89010946    2.50093327    2.56228432    3.19115180    2.60065484    3.27051744    3.34606978    3.19337347    2.70334942    3.55745972    2.94162873    3.22847138    2.86981001    2.85288477    3.67743170    3.29389703    3.05472955    3.12898930    2.91614686    3.09717484    3.02292245    2.80873635    2.91630188    3.13420493    3.09884600    3.46308805    2.34559336    2.84490097    4.09899495    3.48769828    2.80551964    3.85848196    3.05841822    2.78558251    2.37546762    2.28300726    2.56213816    2.02073426    2.74547915    2.52433795    3.12443713    3.42471138    2.85750073    2.93473720    3.78398315    2.86417361    2.36582124    2.36658843    2.62585465    2.89903542    3.29118328    3.42890092    3.03077019    3.46161575    2.45493002    3.09214928    3.68642780
A6KXE5_BACV8/178-285     2.76568559    2.77020760    2.60228101    2.28808335    2.49248525    2.77972431    2.54486237    2.18254195    2.54847351    2.21032167    2.44502462    0.00000000    1.81367370    2.61423489    2.35079803    2.28736137    2.55684470    2.28140095    2.86424254    2.33999613    2.40587350    2.95107041    2.35913815    2.97216042    1.97870811    1.75167183    2.43570725    2.99793929    2.68989370    3.84258733    3.17097175    2.62682141    2.88340478    4.22783961    2.97918370    2.34135404    2.83645616    3.06168393    3.35515392    2.41359635    2.70576875    3.53260355    3.81251193    3.06739635    2.98285673    3.53463436    2.33021842    2.99322032    2.47767347    3.12799512    2.81841363    3.19004457    2.93962415    3.09912856    3.00896079    3.77102031    3.02895377    2.98422824    3.28449782    2.63893457    3.18864056    3.05004436    3.23754419    3.07782163    2.99724925    3.15949105    2.83159787    2.73509045    3.03697701    2.63954492    2.73730539    2.42506377    2.66273149    2.88161537    3.71684415    3.38680739    2.91845468    2.76293789    2.77554594    2.00195575    3.08589046    2.15477102    2.64094361    2.54380430    2.46678716    2.37106598    3.05219127    3.01211202    2.95055861    3.63999455    2.45518084    2.86915458    3.15821703    2.89244212    4.03640520    2.95616109    3.26495068    4.04682178    2.39648259    3.41499418    3.04606072    3.66111742    2.52423752    2.30486056    2.05161904    2.29663153    3.38844602    2.17218467    2.83147201    2.28673659    2.64144347    2.01063752    2.33079488    2.55583142    2.65402244    2.32069601    2.01628940    2.86668133    2.90310958    3.42043961    2.48800040    2.44782657    2.30918922    2.78706465    2.99539324
Q2BY30_9GAMM/233-343     2.37645794    2.28909601    2.92185356    2.10935348    2.14730590    2.86402585    2.69531444    1.79417805    2.56987362    3.20261696    1.86409738    1.81367370    0.00000000    2.71891371    1.91863612    2.15566637    2.20341791    2.22063850    2.78095138    1.94636378    2.45698734    3.14840114    2.14087530    3.29408013    2.26195464    2.28188472    2.35075458    3.10733775    2.77210188    2.96748315    3.42345361    3.04125017    3.39695563    4.64177887    2.72136398    2.50039892    3.34192153    3.14654269    2.61356870    2.70404051    2.71516791    2.66719184    3.20250829    3.64582069    2.70120705    2.86999587    2.29306300    2.94560026    2.17963269    2.55326158    2.90352029    2.60750775    2.80141497    3.15827609    2.20412944    2.95466542    2.42844623    3.30248321    3.03807289    2.44642901    2.90983882    2.81593946    2.26523606    3.25618835    3.03303150    3.04068564    2.47109939    2.42696269    2.46394885    2.61402469    2.31969060    2.29240120    2.62140417    2.77626209    3.10713583    2.85790845    3.29209938    2.82963138    2.84721046    2.47014473    3.00032074    2.40747923    2.63577076    2.61942964    2.62381014    2.39930129    2.72537137    2.95623437    2.69892442    2.78922098    2.55116787    3.47154708    3.04002773    3.61085552    3.37871039    2.44187165    2.89436000    3.79255519    2.97027301    3.41619661    2.98134452    2.88274285    2.35632474    2.43712400    2.50876509    2.55166925    2.77409179    2.21286076    2.95173508    2.91043930    2.83781761    2.37660984    2.79047198    2.10333493    2.38355967    2.31737880    2.11973694    2.58190506    3.21548466    4.18647642    2.79477347    2.76075940    2.91714883    2.84016367    3.22501373
BGAL_SERP5/222-333     2.86467077    2.60287536    2.64144789    3.03209773    3.01954937    3.00832089    3.15453939    2.48410444    3.22905488    3.62892411    2.67960094    2.61423489    2.71891371    0.00000000    1.65225827    2.33471135    2.83093326    3.03240590    3.13647828    1.95792250    2.37717793    2.48721066    2.89726567    3.11312502    2.78223769    2.57487791    2.44214667    2.88176023    2.41494349    2.90994043    2.85338245    2.35327885    2.68526464    4.41494103    2.75173953    3.37858337    3.85099321    3.32613133    2.83185010    2.72052780    2.72362156    3.04528559    2.94603724    3.25740468    2.65405905    3.25381432    3.01775186    3.34677083    2.40153549    2.81802806    2.55341632    2.12963818    3.22381277    3.18982444    2.70053752    3.32226655    3.49556345    3.68591563    3.75362872    2.63801064    3.96635361    2.49659661    2.14201324    2.16047065    2.62809115    2.51276171    2.60784969    2.20918156    3.06471085    2.79875195    3.00847220    2.47330218    2.76001646    2.48088401    3.76684480    3.06742615    2.67602764    2.61246571    3.30254231    2.83946317    3.42639361    3.14762279    2.94688765    2.70600968    2.91731541    2.43206715    2.66074287    2.57133517    2.84140616    3.04440338    3.70471921    2.91929821    3.58929663    2.67310357    3.79184096    2.77550005    2.30850643    3.87203402    2.69855515    2.76258675    2.57283515    3.23543558    3.03783115    3.19530498    2.72143700    2.20490917    2.92084660    3.01850626    2.53538675    3.37538404    2.85197971    2.65426889    3.86867527    3.46388246    2.87063112    3.57013348    2.69228518    3.48838021    3.54190970    3.44369128    3.05256043    3.72512688    3.04977007    2.78365368    3.39733854
Q6QTF4_KLUMA/207-331     2.50457817    2.07230249    2.78282235    2.41327228    2.13364789    2.21179342    2.13976269    1.95364452    2.79081478    3.23746390    2.99805981    2.35079803    1.91863612    1.65225827    0.00000000    1.79966025    2.04088369    1.93440409    2.74145268    1.75673982    2.03402375    2.42999826    2.41919342    3.46351286    2.00319430    1.89901894    2.26359669    2.92880579    2.32127458    2.58246995    2.71762370    2.24386710    2.68828969    4.29827763    2.72760374    2.90369335    3.89189176    3.25559225    2.48981142    2.24798003    2.52807263    2.91383218    3.45437368    2.75957865    2.99319292    3.20493210    2.45310891    3.12043041    2.45087283    2.35736690    2.61405842    2.34919198    2.88576949    2.85146271    2.59205952    3.06096514    2.71490246    3.33193123    3.43027717    2.40547322    3.23716423    2.46298649    2.52685951    1.99803688    2.99234665    2.64643884    2.31380742    2.16997371    2.76079785    2.55348139    2.52927479    2.64690248    2.29184962    2.39460501    2.86193279    2.91118328    2.54575492    2.22482105    2.99285676    2.73860238    2.59553173    2.58524760    2.50922136    2.62652062    2.91725619    2.13400994    2.50774151    2.53368282    2.97318252    2.73282457    1.89225135    2.59906309    2.81849057    3.64070238    2.51260764    2.64010034    2.50240876    2.99162591    2.36990728    3.14163703    2.33107194    2.89395166    2.59134744    2.36002280    2.79334892    2.40874046    3.29768918    2.85493764    2.30748405    2.65359729    2.35617790    2.67078146    3.21273694    2.59780034    2.51175970    2.56065362    2.74901721    2.14665283    2.63004707    2.67149365    2.70810428    2.32042404    2.32648229    2.25506529    2.72728279
Q0UXG4_PHANO/223-319     2.12795407    2.15752616    2.32532427    1.86969683    1.68768746    2.60068601    2.31123833    2.32553681    2.39644566    2.48962809    2.75851742    2.28736137    2.15566637    2.33471135    1.79966025    0.00000000    1.65481112    1.92482572    1.91260968    1.78871737    1.56664300    1.80974808    1.71944791    2.98922231    2.41514951    2.23474291    2.25801306    2.87178282    3.68025866    4.13182915    3.34646146    2.90045800    3.55757862    4.67019431    2.84550726    3.25547070    2.62979759    3.74666589    2.95704850    2.46559009    2.87659155    3.06664601    2.87745204    3.26775923    3.21551152    3.15505844    2.26961366    3.78286444    3.09432907    3.49391717    2.72527403    2.85742756    2.64244026    3.28200719    2.78708528    3.35850467    2.31507490    2.93640107    3.32585751    2.62523263    2.62514092    3.34326216    2.11005922    1.99348691    3.06445916    2.30039139    2.18259680    2.02208104    2.69912815    2.52767118    2.38485752    2.73239212    2.34227878    3.06693817    2.70566015    3.15788904    2.94593236    2.91656718    3.45439376    3.27767834    2.84244867    2.22603798    2.04706899    2.36389769    2.77616962    2.31767870    2.24958645    2.40821447    3.17362011    2.46299660    2.96163917    3.39845264    3.03413890    3.85048304    3.38182821    3.24297191    2.38034179    3.33492420    2.22040840    3.18509684    3.04459917    2.55069964    2.22795105    2.24201449    2.12342290    1.95732629    2.45117728    2.67651893    2.70806641    3.36492144    3.14691898    2.42857818    2.35732218    2.48256346    3.15939379    2.63542163    2.78090938    2.58872301    2.48633048    2.79982540    2.85963044    2.65167598    2.87200608    2.51011456    2.86674541
Q15NH4_PSEA6/222-337     2.23711571    2.00887728    2.72486111    1.93759451    2.50319396    2.85999834    2.55087594    2.63034116    2.94061364    2.78741159    2.29823714    2.55684470    2.20341791    2.83093326    2.04088369    1.65481112    0.00000000    1.91035444    1.89544239    2.07809102    2.16849337    2.57161287    2.11331904    3.44179197    2.42635835    2.90814355    2.96161625    3.22773729    3.49994046    3.68824193    3.99706124    2.88578946    3.34020675    4.41399021    2.96521169    3.84163549    3.33611178    3.18663780    2.64949365    3.03290091    3.43639194    2.85615769    4.54590098    3.53075768    4.21134679    3.42594672    2.59326046    3.11619333    3.04980733    2.85831323    4.06820602    2.61417209    3.56848385    3.17587536    3.01536119    3.74762881    3.00899761    3.74869150    4.14789354    2.84514735    3.07972885    2.50131200    2.54270548    2.19714272    2.66603118    3.30354794    3.10292660    2.96205728    2.86857832    2.81919692    2.91840622    2.50995712    2.44023530    3.33820871    3.67964437    3.48224083    3.61711191    3.84036912    3.54410727    3.80525701    3.91256505    2.82913058    2.43233797    3.72488763    3.18794441    2.59363288    3.33179734    3.15301439    3.87692701    2.60111852    2.72282013    3.60354231    4.46870486    4.45886879    3.13455049    4.06178578    2.78504685    3.44699841    3.76995018    4.40263759    3.55931199    3.38973293    2.43285679    2.87446257    2.58340408    2.73406567    2.98250706    3.09588064    3.30067123    3.92990939    3.57959085    2.87265156    3.54473743    3.16720690    2.98322432    2.84515249    3.04856461    3.54119693    2.96967535    3.78758618    2.67394673    2.85665425    3.26155239    3.16394699    3.17948728
A7V888_BACUC/236-348     2.18931088    2.22507230    2.73713563    2.19313631    2.14968439    2.84858552    2.31497150    2.86690046    3.21184827    2.98657570    2.36659040    2.28140095    2.22063850    3.03240590    1.93440409    1.92482572    1.91035444    0.00000000    2.24930960    2.03044612    2.17189594    2.84062730    2.44915770    3.73239668    2.26364599    2.45657084    3.68331415    3.20660010    3.66325728    4.03140949    3.06231030    3.34267088    3.92268318    4.68363271    3.52473110    3.35558290    3.65578663    3.43652907    2.69655165    2.49749437    2.68377174    3.38938455    3.51717364    3.47348763    2.98371995    4.41338380    2.70430176    3.31637776    3.47632992    4.07160010    4.78079736    3.14272619    4.07434224    3.84209985    2.98205507    3.08882548    2.42618419    3.57801410    3.99917206    3.15996455    3.74211079    2.57736785    2.73904503    1.93826921    3.42612147    3.49788506    2.96934045    2.96831240    2.59357725    3.04113620    2.77745976    2.90249452    2.88819600    2.69679492    3.66886412    2.78950903    3.63005214    4.04252843    4.32567601    3.75152943    3.03740974    3.11972765    2.52716513    3.07262532    3.27283068    3.15027989    3.88761863    3.19860293    3.31918332    3.32372742    2.87456389    3.05491584    3.37400729    3.96942688    3.63633580    3.66285359    3.13002926    3.15053421    3.06415532    3.47532345    3.25885570    3.39392767    2.43446247    2.47360070    2.26904445    2.68659911    3.20627421    3.40666437    3.01968258    3.29659536    3.44586148    2.95373067    2.56342817    2.99626411    2.96646804    3.03928752    2.46530428    3.20602046    2.49775140    2.90936444    2.29350892    3.05903716    3.06518180    2.90540471    3.69298229
A4AQW0_MARSH/236-347     2.17312706    2.10090126    2.52641358    2.23359240    2.06006544    2.84584155    2.96038816    2.04795578    3.54226716    3.15699990    2.87184184    2.86424254    2.78095138    3.13647828    2.74145268    1.91260968    1.89544239    2.24930960    0.00000000    2.73477906    2.63925671    3.01661784    2.03225562    3.01353387    3.20027183    2.80098811    3.04619221    4.58415857    3.96655373    3.44118447    4.48684893    3.51241900    4.01022310    4.47767268    3.35209661    2.78041354    3.01594660    3.25617858    2.89065916    2.89583420    4.79031376    3.85837593    3.82359377    3.30075974    3.60990118    4.82483481    2.55030243    3.86708596    3.28733641    2.99380124    4.39504384    3.55712754    3.32952032    3.75619200    3.13913187    4.08492229    2.96127818    2.59167435    3.43635883    3.03046571    3.62839073    3.46195992    3.70269072    3.40414863    3.97869588    2.67063383    3.08719657    2.95569859    2.81359526    3.07733928    3.09326735    3.33763592    2.99909381    4.00820915    3.11499148    2.85289984    3.29536292    3.75601382    3.12092526    2.67805808    3.58300679    3.59154872    2.77886394    3.81128266    2.55250840    2.90901157    4.26984112    3.57363280    3.98545696    2.41528247    2.88543592    3.51334355    3.75692369    4.40678128    4.77062071    3.56566994    2.82555803    4.05674627    3.16179441    4.27708646    3.29939992    3.18960235    3.31377642    3.15367563    3.84782198    2.74145731    3.16347101    3.23114314    2.86301387    3.35674313    2.87098967    3.42492029    4.11996690    3.43587805    3.34504650    3.31278993    3.06631137    2.73359060    2.76542087    3.79529567    3.28942479    3.39584620    3.92220036    2.96629413    3.23841236
Q5LHH0_BACFN/243-355     2.07259550    2.59093723    2.28525074    1.62790775    1.92933999    3.08257155    2.16230094    1.92444611    2.44826609    2.71098776    2.08660238    2.33999613    1.94636378    1.95792250    1.75673982    1.78871737    2.07809102    2.03044612    2.73477906    0.00000000    1.75850179    1.77729699    2.55464840    2.96700337    2.35630564    2.14482149    2.73576414    3.31329697    2.53602786    2.85317082    2.66528985    2.85795701    2.99112685    4.49783317    2.50562856    2.78288922    3.07249086    3.26546073    3.03974781    2.32541690    2.82555487    3.40184711    3.48129011    2.78986881    2.43324078    3.57693859    3.03253200    2.74407894    2.61313778    2.74842664    2.77768725    2.18027636    3.34088915    3.07590998    2.50441484    2.57114289    3.17502550    3.72137417    3.18630548    2.71067789    2.91687352    2.56443111    2.75620737    2.06773654    2.95241267    2.95508716    2.60535996    3.27491313    2.73145476    2.66844649    2.24379060    3.00528021    2.01535714    2.48424258    3.40561294    2.47912414    2.78028962    2.79203507    2.71102643    2.72641998    2.54124856    2.20091634    2.69167092    2.48915194    2.47701023    2.29860532    2.74614338    3.01269093    3.57363649    2.80392420    2.55325232    2.53537001    3.04886329    3.05531784    2.48750263    2.39770038    2.07666015    3.64743911    2.94721200    3.14847361    2.85627311    2.54680546    2.12877269    2.05749124    1.99781349    2.15609647    2.63697052    2.44706843    2.53478814    2.57192923    2.07227605    2.43226483    2.76234216    2.76590704    2.75316533    1.94525504    1.94735385    2.45581691    2.89742050    2.49287595    2.33898185    2.90578753    2.14712359    1.93297878    2.33123488
A6L3T3_BACV8/197-297     2.21920859    2.66346525    3.09642425    2.09805311    2.39836571    2.89981697    2.81324508    2.17355152    2.33332582    2.80238182    2.50259744    2.40587350    2.45698734    2.37717793    2.03402375    1.56664300    2.16849337    2.17189594    2.63925671    1.75850179    0.00000000    1.67693320    1.96491967    2.96918242    1.77594158    1.89252292    2.81463199    3.09414146    3.06795459    3.88888016    2.83661151    2.44585992    3.01444093    3.97069732    3.02578984    2.75238864    2.79381420    3.29684677    3.21262956    2.37124008    3.14241915    2.82147530    3.81840053    2.65093577    2.53881757    3.11056734    2.70569733    3.13600766    2.78450983    2.71680268    3.16526202    2.44938251    3.17448693    3.51881193    2.80743850    3.33444909    2.91332353    3.54943343    3.43271471    2.62861133    3.17611475    2.28878132    2.71646649    2.59467505    3.03520163    2.30703434    2.08694817    2.71557426    3.51474603    2.79163854    2.88804361    2.78042688    2.30107399    2.85134430    3.01449598    2.93666211    3.11842150    3.19968965    3.12316407    3.12179532    2.09517515    2.89021088    2.41440126    2.41861236    2.83566966    2.83781934    2.60777649    3.03855512    3.04500376    2.97845215    3.21981539    3.40911907    3.39103724    2.94669776    3.03434433    3.02956198    2.48184851    3.31277082    2.63661818    3.84721656    2.33626911    2.40418407    2.00552490    2.20162403    2.09163790    2.46773314    2.91958045    2.30554322    3.03130064    2.66610775    2.52824475    1.60736341    2.01238871    2.18547049    2.35421105    2.22349180    2.06431702    2.78476716    2.37803196    2.64471830    2.52518278    2.29247582    2.65940409    2.14771852    3.36631528
Q01U55_SOLUE/212-317     3.29531232    3.22315164    2.83600240    2.21944512    2.12342161    2.85050915    2.07709449    2.72225179    2.21432340    2.74703565    3.06503416    2.95107041    3.14840114    2.48721066    2.42999826    1.80974808    2.57161287    2.84062730    3.01661784    1.77729699    1.67693320    0.00000000    2.87389921    2.66092422    2.15429338    1.70787185    3.27903297    2.67877472    3.12896923    3.69043694    2.27196195    2.42646184    3.08746189    3.47027984    3.08414977    2.81501102    2.52583289    2.44115386    3.00244489    2.67102067    2.75280073    3.17145388    3.26141356    2.71797304    3.09784970    3.22257754    2.68619148    3.19051487    3.14270833    3.81081229    3.24756993    3.39926535    2.96581345    3.61429192    3.00390370    3.15290810    2.72590457    2.72093219    3.55261096    2.90053848    3.00658909    3.44045156    3.76945817    3.97134287    3.86612507    2.64478661    2.60012753    3.33155827    2.88839446    2.37442440    2.87564566    3.21365485    2.91248900    3.33633399    3.61708526    2.93788537    3.07257664    3.26524042    2.65424611    2.86130380    2.84007994    2.96699768    2.24602447    2.49010621    2.42168903    2.78212386    2.08522983    2.70127693    3.13151622    2.31419652    3.21258604    2.30677663    3.22839306    3.15008796    3.02707930    2.86729545    2.19396376    3.27192352    2.83753462    3.79598999    2.32552581    2.49411728    1.89081008    1.67829883    2.08190536    2.00984399    3.18306568    2.51606729    3.01811251    2.45552188    2.21656914    2.07025077    2.64065206    2.33544910    2.59815152    2.23660393    1.93392038    2.34310243    2.31052649    2.15726820    2.83753584    3.13215476    2.06031438    2.59929024    3.22602054
