167
RL24_CAUVC/7-38     0.00000000    0.51623019    0.57649732    0.67085629    0.49188774    0.85526985    0.81454999    0.79124420    0.59294918    0.70824271    0.32753960    1.20314056    1.02193439    1.01994709    1.57713238    1.56679058    1.72731922    1.88701777    2.35166045    1.56066855    2.26602647    2.16103338    2.56917756    1.70886419    1.39941282    1.55689807    1.95746619    2.44056611    2.11171206    2.59591363    3.59581232    4.89620725    2.56423954    2.93732521    3.03913780    2.81858114    2.78073951    2.75389671    2.79704113    1.09319464    1.49781553    1.49080953    1.89788676    1.51266965    1.46650737    1.62110840    1.51513487    1.29296346    1.40945826    1.34768094    2.03998156    1.51731487    1.39979429    1.29507467    2.31304121    1.77020841    2.42898966    1.72496520    2.51954371    2.92798648    2.79189010    2.64343019    3.61002720    5.23359215    4.01768859    3.48643996    3.07763610    4.27722689    3.40442840    3.65349078    3.93927007    2.74836102    2.52867194    2.88383102    2.93032930    3.12932048    3.56469961    1.96611914    2.10291113    2.23685594    3.36677281    3.88836432    3.31363369    1.72599209    1.48026288    1.63305018    2.91537811    2.88217177    1.97518159    1.90168480    1.82829591    2.64885013    1.87233355    1.83566402    1.68135625    1.97124205    2.21910487    2.24845596    2.58745157    2.61322767    2.01196739    2.27176798    2.32468729    2.97758132    1.78479692    2.72683895    1.91620256    1.81573080    2.03947159    2.34072332    2.03453782    1.70318356    1.47240403    1.59061190    1.58638711    2.08650583    1.89271080    2.64183339    1.85937954    1.66991893    1.95353609    1.84663983    1.43914092    1.00384123    2.12321315    1.81809745    1.88401646    2.18006626    1.78985796    1.69833270    1.72274444    2.39717271    1.79100343    1.74241180    2.15093895    1.76842104    2.26640446    2.09848049    2.24007224    2.25430326    1.98282133    2.77279020    2.51409479    1.38337355    1.80336940    0.78418936    0.50095753    0.69582479    0.59216616    0.85274734    0.75216613    0.61054560    0.88911540    0.84282188    0.66794418    0.64521409    0.62856988    0.44377448    0.66737246    0.61299295    0.74610499    0.52609048    0.43841280    0.57926479    0.50345616    0.58737573    0.54952051
RL24_DEIRA/18-49     0.51623019    0.00000000    0.72961157    0.69899667    0.81514364    1.06994233    0.82514624    0.64381326    0.76354053    1.06422516    0.80731519    1.22232258    0.99978346    1.07406764    1.58243254    1.74589211    1.93596456    1.53284729    2.12512714    1.37509574    2.20347583    2.35456212    2.82831817    1.82455070    1.68851058    1.75328400    2.09607136    2.52740580    2.32281808    2.84830582    3.32562150    4.15589926    2.67767511    2.97657045    2.55151709    2.26301421    2.24965463    2.64886153    2.68195369    1.31233279    1.61119719    1.48293534    1.70377639    1.76212506    1.37697709    1.28788107    1.42389795    1.50878159    1.59682309    1.23365735    1.92621662    1.45599400    1.59323527    1.58014328    1.96794518    1.69852245    1.96707303    2.01454430    1.97054945    2.15563956    3.41522262    2.33410115    3.44419676    4.71826982    3.68191048    4.19952300    3.15309825    4.99841356    3.25521586    3.80660224    4.01990046    2.76705003    2.27151098    2.83060104    3.90403157    3.31593361    4.15722885    2.27121532    2.25061349    2.27971466    3.02284344    4.05850993    3.07816356    1.98021431    1.25084293    2.49011609    2.87640468    2.58449179    2.97108021    2.18670231    1.38316718    2.68927273    1.79913201    1.48190788    1.76040994    2.22524961    2.41394843    2.32113818    2.57315511    2.77982910    1.99230054    2.21255031    2.07853641    3.08342506    1.99457816    2.36568522    1.93844248    2.01443690    1.89468579    2.04285088    2.16698694    2.05628020    1.77635594    1.89280735    1.90452898    2.29967920    1.84052324    2.04468670    1.57972230    1.43837910    1.65948167    1.90799372    1.45417084    1.47982425    2.28907005    2.13095679    2.39640343    2.41264634    2.28825486    1.93261845    2.20925499    3.02789106    2.34445216    1.84743228    2.50292218    1.72860275    2.43705970    2.32395674    1.94855899    2.17225795    1.96802436    2.97362044    2.66597951    1.83152849    1.99755938    1.41436576    1.25264926    1.19073817    0.84206720    0.92448718    0.87779292    0.76918017    1.01422694    1.03846185    0.70146675    0.69896369    0.56493015    0.70883426    0.63884332    0.83141551    0.72564291    0.81085477    0.60543895    0.71202449    0.70565282    0.77314576    0.65257248
RL24_MYCGA/6-37     0.57649732    0.72961157    0.00000000    0.46452800    0.82909235    1.19513319    0.56301314    1.02320101    1.30691128    1.14035692    0.76932942    1.51601403    1.50174660    1.37152633    1.85941554    1.45890660    2.02854021    2.02374754    2.58203537    1.58162525    2.62791160    2.65928859    3.19540604    2.36949448    2.15927347    2.26653823    2.27795856    2.94269199    2.84282179    3.04831940    4.65114122    4.12719438    2.73889942    3.70953982    2.91559909    2.79075440    2.63415404    2.78826859    3.43838598    1.45904335    1.80529040    1.55763370    2.13412315    1.64166296    1.45084471    1.53939775    1.64511993    1.46339932    1.64793948    1.86208177    2.47706774    2.16369134    1.50173376    1.40612100    2.26169762    1.92795663    2.78904886    2.00453083    2.20406642    2.26037566    3.17041442    2.24352129    3.84092228    3.19753021    3.84261798    3.25460325    2.84367934    3.36086711    2.61717940    2.90551126    3.69472918    2.47130251    1.89958598    3.38710750    3.45541943    3.03442836    2.70734829    2.58817621    2.03376965    2.17613088    2.90572663    3.36606009    2.87971191    1.75463968    1.36274995    2.07991852    3.07467084    2.76827187    2.42596210    2.63752371    1.94668412    3.78859301    2.17719197    2.13915155    1.78721152    2.68547837    2.74539721    2.69773053    2.82183812    3.20425650    2.34418026    2.45023126    2.35903259    3.25840926    1.47506194    3.06807197    2.00260523    1.86637826    1.85547011    2.34673476    2.15764473    2.24570572    2.31441642    1.92037289    2.16319205    2.41567995    1.41232059    2.20166063    1.62020719    1.61803527    1.86390698    1.71114128    1.63715224    1.56455834    1.94100608    2.27271191    2.27640220    2.29608497    2.50811431    1.94293726    2.08244275    3.03748873    2.36762094    2.06295393    2.13098938    1.77873439    2.26002209    2.38144359    2.15178342    2.80572057    1.82821963    2.67021809    2.60585438    2.14442149    1.79586447    1.46752863    0.93929867    1.07665432    0.92150890    0.85922823    0.87125048    0.66539601    1.02087274    0.89965336    1.16348179    1.22486014    1.01591322    0.83401309    0.86725020    1.05683887    1.18823543    0.70740935    0.69847732    0.88243937    0.83180778    0.82033348    0.85454272
RL24_UREPA/6-37     0.67085629    0.69899667    0.46452800    0.00000000    0.56395909    0.62658244    0.54344098    0.84422025    1.27406166    0.90280055    0.76689324    1.22807160    1.20756317    1.15379204    1.66234786    1.50885230    1.97518765    1.54888909    2.14621177    1.34580701    2.03211262    2.14413435    2.35293453    1.82348883    1.73384196    1.82907143    1.87562050    2.74865225    2.42836399    3.11551344    3.30681757    4.40702274    2.54362414    3.88541981    1.85541865    2.71955739    2.65209676    2.79530796    3.02378480    0.99343707    1.40099181    1.41795137    1.87072074    1.33516035    1.34371104    1.40048116    1.64497141    1.67575346    1.44896508    1.48494868    1.56666393    1.38258488    1.62999490    1.77717538    2.04596118    1.78250743    2.37774716    1.90939788    1.79177868    1.93034941    2.46624401    1.69550911    2.58309647    2.96591594    2.82730260    3.02224078    2.98517638    2.56728820    1.53603452    2.02553588    2.61391942    1.70884475    1.22391562    2.19585664    2.55219089    2.23561215    2.33723486    1.83208584    1.60455988    1.54712257    2.16170065    3.01489192    2.60542475    1.84682927    1.31575720    1.56416647    3.32642302    2.64380701    2.30764235    2.49363876    1.44590732    2.35716991    2.19436503    1.69303053    1.24885365    2.08277304    2.02326926    2.02098636    1.99120469    2.27606455    1.69965130    1.82580195    1.57369418    2.45087163    1.70674187    2.70878492    2.15159546    1.65162865    1.71970356    2.74065723    1.81096421    1.69019061    1.68699115    1.51560586    1.68521543    1.96535839    1.13926137    1.68197103    1.51370163    1.53421485    1.43570884    1.78891199    1.30926799    1.48816354    1.75789003    1.89210085    1.89323062    2.35126123    2.41911673    1.59923478    2.02760571    2.45274911    2.19262524    2.37893053    2.39429156    1.84781680    2.52996045    2.44382344    1.81197787    2.20593877    1.46107443    2.18076628    2.61416045    1.80384248    1.76650965    1.46174834    0.97733565    1.08569238    1.19831311    0.98546047    0.97375849    0.74113672    1.15648417    1.12063879    1.14160169    0.99436284    0.86968367    0.80962166    0.80317437    1.10845838    0.92364941    0.71411943    0.59424189    0.73100958    0.76622606    0.56221558    0.75436176
A0A0Q8L6U1_9RHIZ/6-37     0.49188774    0.81514364    0.82909235    0.56395909    0.00000000    0.66677335    0.76236954    1.03371096    1.03933347    0.89417875    0.79503320    1.31122375    1.31657152    1.10935341    1.97257364    2.11667107    2.10112894    2.27338890    2.20463275    1.84638580    2.19510881    2.12913265    2.62521308    2.08092506    1.85221833    2.12698825    2.22461337    3.05181314    3.00362560    3.05463519    3.17670106    4.45843495    3.05954686    3.40099867    2.72141784    3.24840396    3.18407269    3.10907739    3.37665518    1.57832720    1.73677769    1.76609798    1.91497401    1.44782676    1.83365478    1.97410992    1.83870946    1.65177965    1.77231834    1.67510936    1.96327376    1.45020748    1.79992635    1.76850501    2.43167574    1.74397791    2.22967884    2.06529163    2.51068828    2.89075546    3.25947012    1.97304958    3.23405667    5.13965394    3.67500567    3.17458413    2.93679385    4.10601374    3.08643069    3.40588008    3.90738543    2.72366526    2.44543835    2.60843566    3.61243397    3.39066027    3.55121017    2.10876583    2.18283424    2.35137843    3.59282445    4.02546432    3.15473088    1.48598493    1.54263961    2.20774808    2.94653119    2.15650803    2.89035723    1.98991842    1.90053833    2.09718314    1.96532022    1.41105922    1.46966278    1.87248650    2.05667448    1.95806195    2.06928852    2.43014782    1.85954899    1.40700637    1.74780029    2.61166600    1.85615135    2.96277676    1.88442966    1.82627285    2.13383254    2.68295736    1.97045080    1.88663596    2.21019636    1.68939204    1.84528237    2.21741345    1.73995824    2.65438750    2.25359666    1.77313196    1.88297310    1.88761154    1.29033939    1.21863300    2.54054129    2.53539442    2.11386998    2.82373472    2.44554005    1.83622781    2.23612598    2.65808616    2.08359779    2.12145534    2.32625810    2.48114866    2.63325524    2.26899939    1.98060149    1.95514784    2.45299461    2.79526874    3.13561406    2.04307627    2.21963855    1.62178522    1.13128449    0.90853409    0.89222459    0.97444693    1.06291096    0.82187766    1.06112291    1.35932367    0.97983058    0.93822770    1.03139430    0.77671051    0.97303005    1.01936171    0.95804116    0.67022523    0.77215939    0.86534139    0.84447922    0.83213028    0.87906206
RL24_CLOAB/9-40     0.85526985    1.06994233    1.19513319    0.62658244    0.66677335    0.00000000    1.18286609    0.95334159    1.24676835    0.91874673    0.83785972    0.87301994    0.93415361    0.77469168    2.05862999    1.88553669    1.95274699    2.05633076    2.33423132    1.74524722    2.23651072    1.99705506    2.70488142    1.49952166    1.56016969    1.49910973    1.89621040    3.63137036    3.41432987    2.39453200    2.40169691    3.03283809    2.81269329    3.19681535    1.95736765    2.88132778    2.90951006    3.08083470    3.25729901    1.15619760    1.51584931    1.42678743    1.73147384    1.31999848    1.24367321    1.46390433    1.95868587    1.82585785    1.80204556    1.91247490    1.74236457    1.62822613    2.02811896    1.82450299    1.86293709    1.54933508    2.31974909    2.04655793    2.37643365    2.56880914    3.19795694    1.72546014    3.20937361    5.40148379    2.93152268    3.74429760    3.40964644    4.81845278    2.49476656    3.27501596    4.01855376    2.50346790    2.47248241    2.82895020    2.99151435    3.26823733    2.08724780    2.08923835    2.09346861    1.93957003    2.44347009    2.54147056    2.52941412    1.70531494    1.43048547    1.86870429    2.61740339    2.37753491    2.47324801    2.56295637    1.71816021    2.18565060    1.49878332    1.63002840    1.48134608    2.21602472    1.94032448    2.00136872    2.14737925    2.26602686    1.93294979    1.48338953    1.87776599    2.67690200    2.59856649    3.06460582    1.97336924    1.55142612    1.61563370    2.44307154    2.16724936    2.17945155    2.00365636    1.65208560    1.66189088    2.14715291    2.01333099    2.44604940    2.19993084    1.65396153    1.91174199    2.25267904    1.60522431    1.63961312    2.34444097    2.02642631    2.53636210    3.22071425    2.89854123    2.28655749    2.34091247    3.00339598    2.62851227    2.62035398    3.43475911    2.87187259    3.22124642    3.63211597    2.91552583    2.99133610    2.54297987    3.42758448    4.01856606    1.83700595    2.51248952    1.67497121    1.36711513    0.94202314    1.20635472    0.91841392    1.08212984    0.86946737    1.04659657    1.38149489    1.18962335    1.05071783    1.04435954    0.78217480    0.71565876    0.85089923    0.73164421    0.60549550    0.71473980    0.88373215    0.86311696    0.68964130    0.89698454
RL24_MYCPN/6-37     0.81454999    0.82514624    0.56301314    0.54344098    0.76236954    1.18286609    0.00000000    1.01743236    1.26632100    0.94024719    0.77392059    1.49230019    1.41246331    1.40022585    1.70362911    1.23665643    1.63662228    1.42048293    2.03300037    1.57648725    2.67308463    2.73287703    3.06259925    1.67924378    1.68823849    1.59848287    1.98922091    3.02664737    2.88044410    2.59526113    4.10243093    5.25556550    2.58479000    3.59905497    2.83435810    2.77432564    2.59236706    2.63521235    2.90038987    1.70106355    1.43891759    1.81178052    1.94216977    1.61885583    1.84503373    1.98108176    1.49055720    1.50352406    1.69517061    1.43313406    2.29357170    2.15401969    1.70729224    1.62129847    2.07751800    1.97588584    3.07130011    2.02466212    2.56622413    2.60037075    2.74319860    2.52699534    3.68605969    3.19570170    3.15746451    3.17994530    2.41076038    3.39312743    2.65553686    2.97460550    3.94678284    1.94823525    1.89129573    2.53783935    3.97309492    3.49602601    3.18882436    2.13626086    1.99392704    1.72639833    3.17757091    3.87213166    2.64504032    1.46841917    1.38805620    2.17894628    3.31120515    2.93383613    2.37751855    2.59545813    1.83667689    2.85744781    2.77515035    1.87423536    1.72173446    2.89839185    2.57616251    2.59717613    2.66284858    3.25331937    2.54735231    2.27152658    2.06836121    3.02983724    2.25118372    3.30233851    2.07569238    2.21407425    1.72356886    2.32105436    1.81810705    1.91280804    2.30780437    1.71954102    2.03613930    1.91735540    1.62619048    1.84171333    1.61077842    1.33926414    1.60755596    1.69988751    1.38381145    1.28293489    1.96440510    2.15457199    2.23998016    2.84130482    2.81218541    2.07758370    2.37424041    2.43014046    2.34939730    2.29490178    2.48275773    1.93986214    2.60112161    2.42128953    2.02637655    2.47112373    1.84722647    2.64170847    2.87676895    2.05822598    1.85400418    1.56092396    0.82194287    1.17978120    1.05952089    0.81167929    0.94413528    0.75535512    0.79918317    0.96665615    0.89910491    0.92585973    1.02022039    0.93416403    0.90103338    1.09034342    0.85640949    1.02015679    0.76394032    1.01230329    0.92887696    0.91160641    0.70732515
RL24_THET8/9-40     0.79124420    0.64381326    1.02320101    0.84422025    1.03371096    0.95334159    1.01743236    0.00000000    0.97087529    1.25929256    0.81901029    1.19555685    1.01928651    0.85975988    1.60961848    1.27573958    1.81921782    1.71808776    2.13521032    1.49828529    1.91961295    2.09289315    2.51577279    1.79411614    1.62051065    1.51975109    1.77496072    2.26987406    2.10621980    2.44005169    2.65535077    3.40370428    2.05880614    2.64803443    1.52777026    1.67595203    1.71412597    2.48360845    2.29291325    1.19915787    1.14207492    0.97989649    1.17139690    1.26934128    0.82958412    0.98280776    1.39936468    1.10585360    1.21358909    1.08482358    1.74476015    1.75780275    1.05533805    1.29797033    2.02227675    1.89093588    2.59920647    2.05662300    1.61442113    1.71412955    2.31273152    1.35637549    2.54560106    2.94415656    2.47336295    2.76165680    1.91589991    2.73195007    1.81335756    2.13172349    2.28538575    1.76382889    1.73791476    2.69107075    2.65408048    2.56139006    2.37155760    1.93025761    1.58049459    1.55521581    2.27750303    1.99252488    2.38865065    1.94512047    1.34410138    2.37026198    2.65714095    2.38112491    2.33256970    2.57282474    1.40968841    2.44044068    2.41198861    1.81025385    1.68225040    2.41659668    2.07993807    2.03502974    1.98839236    2.39644797    1.73978674    1.85383849    1.47367551    2.46885037    2.09460298    2.25460543    1.59166576    1.77070656    1.40831497    1.68554482    1.64619179    1.61747505    1.54174126    1.64500422    1.64861778    2.63929297    1.95329973    2.14659295    1.92863905    2.01187904    1.75075176    2.01435499    1.43525089    1.58107842    1.63341097    1.61383542    1.93609732    2.17160492    1.77360972    2.03879239    1.67508980    2.90181730    2.47608571    2.28991511    2.88335946    2.11356049    3.19540400    2.61619530    2.55586081    2.22622074    2.07849920    3.28386986    2.83307556    1.62998307    1.81574255    1.44925849    1.05383093    1.29510314    1.26033756    1.02557057    1.08837144    0.84603811    1.03848627    1.02982464    0.75674243    0.84947746    0.84172901    0.69827598    0.87765496    0.83075089    0.86872503    0.73259562    0.68624017    0.93973289    0.98286172    0.75804237    0.79890022
RL24_CHLTR/8-36     0.59294918    0.76354053    1.30691128    1.27406166    1.03933347    1.24676835    1.26632100    0.97087529    0.00000000    0.78850276    0.44631281    1.00382578    0.78897989    1.02903836    1.18308672    1.70313987    1.54469729    1.64952767    2.04421377    1.14953464    1.76449832    1.66395036    1.98869503    1.21220486    1.34030552    1.32742474    1.56242817    2.76033841    2.25482020    3.23585477    5.12858441    5.06178818    2.80122351    3.15404856    1.81573717    2.24291795    2.38853598    2.08773625    2.50522407    1.28752870    1.60546166    1.47007486    1.52938351    1.46090590    1.52474885    1.40234032    1.59290429    1.64808667    1.68723369    1.35854142    1.23573132    1.46602303    1.39495698    1.71599835    1.87715623    2.32653997    3.12089467    3.46592668    2.19619500    2.10080244    2.38252916    1.76697839    2.29859967    4.08482537    2.57345718    3.16415540    2.19460247    3.01680621    2.35340148    2.74245567    2.79606797    2.28611343    2.58432658    2.73485244    2.32715176    2.47790881    2.48794837    1.84907023    2.37838586    2.35462950    2.66054355    3.11913035    2.12092357    1.97625994    1.08923098    1.30225781    2.09634471    2.43652785    1.49476583    1.69806266    1.55119861    1.97914941    2.34416582    1.80203688    1.90658420    1.93550298    2.30450939    2.24598069    2.13805098    1.90773668    2.09223038    2.16136454    1.56307728    2.45052761    2.22923771    2.50555456    2.63135863    2.69708005    2.59474691    2.35372027    2.30948529    2.08253327    1.49871432    2.14359881    2.12106276    1.58705150    1.56940826    2.25804765    1.91707133    1.79948443    2.00694477    1.68407719    1.38881037    0.83742200    2.10702568    1.85921663    2.37108944    2.28380952    2.42247373    2.10196322    2.05621300    2.29179819    2.07277684    1.56244308    2.52807848    1.81969265    2.54132157    2.05224465    2.36378758    2.29805918    2.21721918    3.02948324    3.06322528    1.54959294    2.41816827    0.84242462    0.86844553    0.73297703    0.69632618    1.13839361    1.20075317    0.88251782    1.24560868    1.09377523    0.82919706    0.89267312    0.72288634    0.61225463    0.80743913    0.80469086    0.74002756    0.88924946    0.74017993    0.89569142    0.79578060    0.81433633    0.78308164
RL24_XYLFA/7-36     0.70824271    1.06422516    1.14035692    0.90280055    0.89417875    0.91874673    0.94024719    1.25929256    0.78850276    0.00000000    0.42772255    0.93466239    0.72280828    1.11218601    1.18233585    1.46101907    1.33681008    1.09040723    1.31784146    0.94332179    1.60671681    1.44638639    1.48854691    1.11591057    1.06161160    1.26014662    1.47127260    2.83938981    2.22576325    2.01431277    4.02106130    4.49154488    2.57895711    2.84537125    2.24998422    3.31929413    3.23496584    2.96224174    3.43828257    1.40949362    1.24991384    1.46946698    1.41198368    1.28952403    1.55343326    1.62685427    1.22957954    1.46180572    1.22424297    1.29795612    1.55120944    1.58345588    1.48677769    1.39898464    2.05386263    1.26389035    1.69455588    1.78962045    2.55411061    1.85260474    2.02829761    1.74122912    2.59004475    3.29298560    2.54609250    2.37474295    2.25282181    2.94749021    2.64529617    2.76498283    2.97619660    1.85455363    1.93422419    2.57041712    2.35707615    2.65875597    2.78829158    1.70140137    1.96327125    1.62689782    2.53328721    3.77442591    1.98586279    1.52384595    1.02849562    1.60369069    2.55624402    2.28302358    1.85875829    1.54469064    1.44536606    2.19908358    1.42791728    1.85572545    1.32470893    1.74833102    1.42249497    1.74361243    1.76047017    1.77892203    1.61929626    1.44559804    1.56023578    2.49499346    2.02631337    2.48775613    1.71033032    1.51904689    1.67907960    2.24838931    2.03027744    1.53116837    1.60936584    1.64860815    1.84830401    1.95955085    1.48544283    1.56537256    1.34281858    1.63365347    1.45191681    1.22884773    0.92872256    1.03802437    1.83698320    1.88330493    2.38837843    2.98123883    2.44846488    1.94882424    1.96303933    2.22795040    2.19395179    2.12626715    2.52676105    2.01008160    2.65841029    2.40302377    2.06586606    2.27210603    1.79660527    2.61484069    3.21823963    1.74412204    2.43534261    1.01595331    0.95285591    0.81343434    0.78815440    0.68146839    1.01784640    0.79016776    1.08251626    0.94802511    0.95991944    0.96533547    1.00371171    0.65853208    0.95465576    1.15925250    0.75199636    0.88898087    0.81344069    0.82680440    0.84532733    0.79005642    0.81931700
RL24_NEIMB/6-35     0.32753960    0.80731519    0.76932942    0.76689324    0.79503320    0.83785972    0.77392059    0.81901029    0.44631281    0.42772255    0.00000000    0.99039473    0.89500556    1.08491854    0.92084792    1.26077981    1.11936447    1.25795262    1.73274168    0.95932377    1.70464554    1.65976103    1.86601313    0.98048073    0.83441947    0.84543053    1.55217717    2.54764270    1.84941821    2.07480348    4.12315203    5.19932946    2.39577542    2.83591959    2.04891094    3.16263644    3.04129343    2.53553692    3.33648008    1.20559524    1.34047739    1.29156695    1.41681181    1.17962974    1.21424405    1.23582123    1.36671904    1.42563296    1.44604840    1.34072500    1.40462080    1.71400950    1.47309004    1.52917332    1.98409039    1.44499434    2.20696324    2.18701316    3.02130805    2.22148458    1.78004386    1.90974863    2.86093975    4.50130674    3.34163923    2.64053741    2.23090340    3.49015617    2.67842910    2.73278814    3.35228614    2.61100102    2.38553074    2.97260452    2.54972136    2.78678598    2.95182347    1.95441195    1.88231227    2.04237546    2.84165500    3.43529462    2.17134444    1.69796454    0.94326813    1.49372238    2.45563078    2.47718178    1.73878854    1.53543336    1.36323653    2.24417116    1.83063348    1.85772541    1.51776188    2.11678362    1.96850280    2.04546722    2.35670507    2.41944865    1.95384600    2.05832333    1.98782253    2.82436925    2.10068714    2.87406681    2.01316413    1.86058381    1.90612676    2.20454112    1.82031522    1.47725762    1.44417887    1.89909907    1.76692600    1.59236542    1.14604344    1.87131659    1.50082223    1.60919269    1.28986175    1.33824598    1.28523421    0.84742125    1.90961991    1.72970712    2.07366208    2.55088490    2.06436324    1.59826554    1.69316446    1.89487436    2.07311493    1.76094265    2.20545322    1.51905820    2.28847772    2.02235381    1.95222324    2.12142289    1.78273183    2.48129738    3.03802094    1.40913701    2.01959800    0.80251192    0.59738392    0.53711159    0.59583289    0.92431843    0.97205490    0.65872508    0.98257046    0.77886419    0.69993632    0.70975878    0.70378830    0.42811297    0.73857296    0.73088655    0.68750410    0.75671666    0.52601301    0.63246401    0.57839757    0.69676955    0.72003148
RK24_ARATH/75-106     1.20314056    1.22232258    1.51601403    1.22807160    1.31122375    0.87301994    1.49230019    1.19555685    1.00382578    0.93466239    0.99039473    0.00000000    0.27663136    0.99622196    1.64614257    1.69011933    1.99998431    1.93032801    2.24235964    1.61089403    2.48971305    2.51146697    2.68198517    1.58532965    1.50946453    1.57799501    2.13884888    3.00892482    2.09583811    2.68162396    2.58044333    3.04015611    1.98528369    2.35272897    1.63803458    1.99108584    1.97010872    2.30167008    2.06801116    1.24725523    2.00572785    1.66400696    1.95717511    1.55168859    1.35623736    1.62737094    1.94484630    2.25353777    1.90565323    1.28547719    1.69969844    1.34791564    1.96385926    2.13759583    1.95893316    1.99659830    2.71870370    2.17366108    1.82571359    1.64947419    2.29028558    1.41493138    2.72988061    4.17885638    2.83840687    3.54970406    2.28457096    3.44546679    2.49112132    3.00118372    3.14042339    2.09726481    2.12735085    2.98379442    2.66851945    2.79542669    2.20479221    2.21476090    2.35786311    1.95323633    2.27222959    2.43975359    2.09693804    2.31251366    1.12234427    1.39582710    1.73279947    2.05295227    1.84380828    1.58225547    1.83775671    1.62761944    2.00195592    2.07507648    1.83940934    1.66732777    1.76170405    1.66233236    1.62339982    1.84427360    1.45266837    1.48662438    1.34903966    2.27011100    2.24810899    2.78647297    1.80374754    1.59859164    1.68653475    2.55608068    2.07020285    2.40809020    1.88158303    1.68469572    1.82987348    1.62281994    1.53954217    1.70786694    1.61432968    2.02642281    1.65785284    1.52614067    1.75208125    1.44220285    2.02589906    1.88676412    2.22428382    2.42876420    2.03553715    2.00962579    1.85744497    2.37882902    2.38366855    2.42556422    2.78866582    1.94116927    3.04448390    2.76355453    2.65393139    2.61952626    2.63549529    2.95322308    3.46189388    1.52399546    1.88805406    1.28233623    1.31554325    1.45169538    1.10768670    1.65966913    1.68694575    1.05166493    1.02051918    1.27538680    1.09653548    1.07337656    0.96011690    1.03661963    1.03072308    1.03892137    0.66360005    0.76316055    1.07290684    1.20517068    1.11751296    1.06218981    1.31174753
M1BP06_SOLTU/56-86     1.02193439    0.99978346    1.50174660    1.20756317    1.31657152    0.93415361    1.41246331    1.01928651    0.78897989    0.72280828    0.89500556    0.27663136    0.00000000    0.71934404    1.58015961    1.58032542    1.72871831    1.77419066    2.16009964    1.40027577    2.36054675    2.36147925    2.43141058    1.45999355    1.48061378    1.37135994    1.70640982    2.42443352    1.75710528    2.12952854    2.84561437    2.96663381    1.74598165    2.20064727    1.72179970    1.61659441    1.65297641    1.89180486    1.62494012    1.23057745    1.56408911    1.76377317    1.72606133    1.48683299    1.32605223    1.35904938    1.89890516    1.99768472    1.76692157    1.16154002    1.74368597    1.08728849    1.65147249    1.77944862    1.90074087    1.81913707    2.51725932    2.00641831    1.53306145    1.36115246    2.26064970    1.44799829    2.89802971    3.54688309    2.63518605    3.33797202    2.24758772    3.36874054    2.24937037    2.72284741    2.95212140    1.76015804    1.63957057    2.96972333    2.45775451    2.62709714    1.86872324    2.18907136    2.27112328    1.67841733    1.64706110    1.99168108    2.02525253    1.72422275    0.71648068    1.39972680    1.69929202    1.92390311    1.83928581    1.55769653    1.75483658    1.92728119    1.69708161    1.74177936    1.59216677    1.54456357    1.76436959    1.73936284    1.28280015    1.46061987    1.36302591    1.24486488    1.36302277    2.24797780    2.25933390    2.37726999    1.52665189    1.34704235    2.07053509    2.28582040    1.89988035    2.00804980    1.52564811    1.51268462    1.92884726    1.69988110    1.77229691    1.72221425    1.44872588    1.82751457    1.59047778    1.54262794    1.78961292    1.35075322    1.52889596    1.27847017    1.65805706    1.74503981    1.41567539    1.74834766    1.67194459    2.02852398    2.01827834    2.37155124    2.81340900    2.26394694    3.19265699    2.41831477    2.60505366    2.69504618    2.10881245    3.22098650    2.87349279    1.32669409    1.42141418    1.18908497    1.11099390    1.25768991    1.14703451    1.30860836    1.35572757    1.26916503    0.86656150    0.91893574    1.07389376    0.94936805    0.86253584    0.85238941    0.77468452    0.80517960    0.51795271    0.70002343    0.81977012    1.12409827    1.11769956    0.76468840    1.19083558
RL24_BORBU/7-38     1.01994709    1.07406764    1.37152633    1.15379204    1.10935341    0.77469168    1.40022585    0.85975988    1.02903836    1.11218601    1.08491854    0.99622196    0.71934404    0.00000000    1.48013729    1.38696575    1.71657542    1.75105892    1.59797825    1.53218916    1.84016562    1.67432250    1.83751773    1.74429982    1.48761007    1.61955845    1.66512660    1.96784516    2.01032258    2.19010558    2.86430267    2.36847440    2.30516093    2.20271768    1.69290317    1.96360801    2.08756629    2.12433467    2.09596490    1.22251377    0.97363993    1.54936880    1.45557383    1.14809953    1.24098859    1.35193014    1.60594774    1.16658249    1.54855283    1.24632216    1.72058024    1.37445752    1.17370621    1.47294235    1.26859644    1.53199040    2.01074035    2.05446921    1.24966270    1.38205712    2.01288960    1.53659841    2.34174564    3.46171737    2.34627790    2.63146421    2.64128198    2.78763789    2.27991759    2.64422047    2.79740407    1.82218153    1.83123085    1.93167360    2.55868856    2.27944972    1.60113652    2.29586921    2.40909498    1.96078856    1.81014454    1.85443374    1.26885367    1.42809880    1.04341645    1.84853926    2.28166913    2.32624144    1.94785932    1.84365830    1.49609845    1.72086706    1.67338244    1.59424874    2.04461166    1.78317190    1.96746645    1.80030823    1.83722098    1.98827864    1.75287807    1.45265967    1.48676191    2.19479938    1.95833734    1.89570005    1.88718210    1.41651784    1.59266667    1.56916634    1.82194543    1.66890244    1.62306688    1.26866828    1.41001004    1.98927716    1.75060440    1.86396930    1.61131345    2.00324824    1.73453849    1.72043590    1.63254232    1.16134249    1.94505973    1.56610749    1.85084866    2.26110641    2.00074490    2.33341582    1.90227777    2.92879026    2.71779460    2.64659429    2.75499248    2.52056418    3.51830858    2.96050954    2.55773604    2.87327484    2.50088055    3.48437916    4.27699804    1.40467920    1.44117545    0.96609284    1.12961687    1.34547595    1.60705145    0.89541865    1.86561203    1.25384586    0.90678995    0.80915225    0.91680710    1.11520164    0.77341003    0.82816572    0.82256269    1.10114857    1.14255496    1.07296876    0.71806249    1.12204314    1.23212632    0.83726790    1.07191828
Q5JH33_THEKO/95-126     1.57713238    1.58243254    1.85941554    1.66234786    1.97257364    2.05862999    1.70362911    1.60961848    1.18308672    1.18233585    0.92084792    1.64614257    1.58015961    1.48013729    0.00000000    0.46854734    0.34448242    0.36969983    0.60153987    0.42810956    1.02772240    1.39328626    1.34853418    0.60214234    0.68727457    0.68787671    0.72940097    2.05370581    1.84403395    1.79819307    1.96363649    2.28011059    1.89575413    2.29941116    2.51887007    2.39422338    2.22094396    2.71060391    2.79365706    1.65481920    1.86740837    1.54325867    2.18429375    2.02590269    1.43879377    1.43690901    1.38167234    1.30215841    1.25477195    1.28935042    1.08798793    1.57124864    1.33009346    1.60437611    1.50082953    1.71609868    2.24481804    2.02735647    2.54792475    1.64475900    2.02088202    1.95718654    2.14710341    2.70846985    2.11336260    2.62471647    2.68519935    3.08762926    2.05220416    2.11612216    2.25868292    1.94213201    1.88462656    2.36922197    2.45620117    2.55325677    2.41077025    2.20138870    2.26802665    2.12492968    2.20059925    2.84708820    1.33922399    2.17438118    1.41545097    1.63367413    2.64929588    2.67769428    2.36399979    2.21537088    1.93482550    2.23280808    2.55432597    2.02878666    1.58421036    2.60257325    3.29584758    2.78186475    2.96732557    3.10145533    2.69438142    2.69404405    2.36126948    3.14864679    2.19756117    2.21164883    2.01644966    1.97025043    2.02543088    2.25865021    2.88017360    2.39172864    1.52608395    1.77605198    1.84740934    1.88647246    1.55699952    1.67677143    1.56484521    1.67724728    1.67580537    1.24256490    1.42823940    1.55539991    2.13034958    2.08085939    3.41755255    2.51504067    1.74844972    1.96212420    2.75205410    2.77984976    3.14373077    1.49330485    1.76581451    1.51333573    2.63070921    2.00368739    2.04626048    1.96792512    1.48318949    2.55232422    2.64693846    2.22366797    2.04857786    1.36995870    1.60554713    1.64135169    1.68332243    1.23147430    1.71385631    1.23991520    2.39314412    1.33681391    1.58970131    1.71264761    1.30385832    1.10815491    1.51703527    1.10467463    1.40961964    1.69833180    1.03988490    1.33297079    1.30124422    1.50524291    1.20999010
O29713_ARCFU/93-124     1.56679058    1.74589211    1.45890660    1.50885230    2.11667107    1.88553669    1.23665643    1.27573958    1.70313987    1.46101907    1.26077981    1.69011933    1.58032542    1.38696575    0.46854734    0.00000000    0.53782110    0.72125703    0.77660135    0.57693107    1.90544904    1.57191956    1.50206311    0.74352892    0.74767313    0.68469668    0.96251239    2.44076397    2.30031091    1.72015201    1.96303603    1.89542923    1.39890139    2.29769393    1.61591451    1.73113038    1.64404397    1.83458934    1.85179967    2.05785902    1.99586279    1.45941953    1.98570736    2.21166838    1.37740990    1.59279187    1.48477009    1.14125037    1.47010602    1.23301365    1.26661697    1.76525911    1.44098359    1.30585311    1.45836862    1.72873920    2.34048224    1.34747940    1.91829319    1.96737844    1.63747271    1.59252069    1.70458202    1.51897831    1.57908630    1.90398813    2.17091583    2.32920244    1.96101712    2.14789852    2.07028704    1.29365833    1.58521200    1.97349860    2.05559347    2.13974791    1.58851973    2.18873480    1.64760079    1.38025186    2.13954829    2.27965055    1.33779441    1.69412298    1.42640602    2.18139749    2.83564127    2.67922873    2.07543319    3.60277473    2.37720992    2.28830031    2.55404179    2.22842505    1.59293816    2.85827359    2.95798632    3.03612123    2.46017086    3.02249905    2.65960939    2.77268024    1.91387046    2.83027159    1.85269510    2.76507531    1.79402746    1.81221970    1.89580430    1.44767989    1.71944372    2.94965673    1.41073609    1.22727539    1.83199452    1.70679007    1.81624138    1.89259999    1.57857210    1.43690915    1.54112632    1.46331296    1.51689330    1.86768352    2.18370431    2.33198366    3.46674263    2.78492446    2.15703075    2.89529443    3.27612936    3.82833469    3.70498991    2.35240809    2.48415016    1.91858957    3.11475530    2.92023223    2.44770016    2.37800558    2.03583150    2.92956249    3.32869325    2.13113402    1.99793553    1.83423297    1.28997946    2.10191995    2.33574203    1.55856580    1.76142534    1.35296078    1.63033536    1.08859089    1.66855373    1.92290020    1.69796068    1.65491305    1.67343623    1.60735845    1.49105679    1.83068852    1.17275036    1.82567858    1.63912857    1.40579584    1.44277982
