7
Q8I501_PLAF7/1-449     0.00000000    0.72645260    0.86192318    0.94713684    0.87136949    0.92953731    0.90640906
GDIA_RAT/1-436     0.72645260    0.00000000    0.40989497    0.64308437    0.63116457    0.65525886    0.64671933
Q9VLB7_DROME/1-433     0.86192318    0.40989497    0.00000000    0.62758463    0.62105506    0.69340493    0.64050730
D8UAK0_VOLCA/1-437     0.94713684    0.64308437    0.62758463    0.00000000    0.41016329    0.69094341    0.63243738
I1K489_SOYBN/1-433     0.87136949    0.63116457    0.62105506    0.41016329    0.00000000    0.73832401    0.69180949
GDI1_YEAST/1-447     0.92953731    0.65525886    0.69340493    0.69094341    0.73832401    0.00000000    0.50924066
GDI1_SCHPO/1-436     0.90640906    0.64671933    0.64050730    0.63243738    0.69180949    0.50924066    0.00000000

