22
G1PYU8_MYOLU/22-130     0.00000000    0.31931794    0.39814510    0.31377128    0.28931929    0.38651947    0.43777972    0.46627354    0.53490038    0.52184865    0.55648025    1.13525404    1.18402188    1.16107340    0.47212864    0.54543412    0.41831518    0.80220228    0.81445274    0.99168989    0.74518040    0.69743481
L9LAH9_TUPCH/326-426     0.31931794    0.00000000    0.29986136    0.31033903    0.27279806    0.29808864    0.49075303    0.50221492    0.54759144    0.49938011    0.61307392    1.26319927    1.18698159    1.06389665    0.44912060    0.51440754    0.30896258    0.58939301    0.77226398    0.86862653    0.57370711    0.61500981
SAA_SHEEP/3-112     0.39814510    0.29986136    0.00000000    0.37888806    0.30059215    0.32791193    0.62952511    0.48862359    0.61670750    0.59570849    0.60649040    1.25253884    1.19096588    1.17336584    0.53872818    0.59575312    0.35124176    0.63748694    0.76829516    0.91581853    0.69501160    0.71160970
G3I251_CRIGR/20-120     0.31377128    0.31033903    0.37888806    0.00000000    0.26384341    0.33041706    0.47983757    0.42730559    0.42979058    0.46307347    0.51347606    1.19442203    1.18595957    1.25779420    0.45494292    0.46958072    0.38444294    0.66637367    0.71887459    0.85909214    0.60672541    0.68016677
SAA2_RABIT/22-122     0.28931929    0.27279806    0.30059215    0.26384341    0.00000000    0.25536409    0.43822492    0.46620438    0.53162504    0.51698928    0.43562235    1.19911848    1.00337838    0.98992415    0.43165452    0.58815750    0.29230719    0.56326270    0.64819222    0.74456766    0.50010846    0.51690514
G3U2U4_LOXAF/22-122     0.38651947    0.29808864    0.32791193    0.33041706    0.25536409    0.00000000    0.57215831    0.53184674    0.51624285    0.47591559    0.47803134    1.23447294    1.07687953    1.03935300    0.32869376    0.58599717    0.40355969    0.60240236    0.81831566    0.95754926    0.66241078    0.63990276
Q4SI54_TETNG/21-121     0.43777972    0.49075303    0.62952511    0.47983757    0.43822492    0.57215831    0.00000000    0.39475336    0.47013581    0.47575992    0.50346358    1.14996625    0.97174954    0.94676906    0.44155478    0.66451447    0.50176579    0.78643908    0.93603631    1.11919947    0.78768531    0.84341465
Q642J9_DANRE/21-121     0.46627354    0.50221492    0.48862359    0.42730559    0.46620438    0.53184674    0.39475336    0.00000000    0.44673610    0.55009033    0.56618200    1.30354196    1.09101116    1.18501648    0.50559173    0.68087367    0.46681166    0.73873269    0.87166250    1.04584097    0.70393157    0.85055232
W5MIJ6_LEPOC/21-122     0.53490038    0.54759144    0.61670750    0.42979058    0.53162504    0.51624285    0.47013581    0.44673610    0.00000000    0.43680086    0.52695848    1.21554368    1.20336053    1.25576017    0.47699341    0.60816753    0.51560175    0.74423133    0.92271522    1.08022027    0.77252261    0.79508951
C3ZGZ2_BRAFL/43-144     0.52184865    0.49938011    0.59570849    0.46307347    0.51698928    0.47591559    0.47575992    0.55009033    0.43680086    0.00000000    0.44368737    1.08988921    1.07533570    1.12955932    0.41533035    0.67502541    0.48498352    0.81203294    0.80460917    0.96806887    0.78171372    0.78831825
A0A7M7HPP4_STRPU/36-137     0.55648025    0.61307392    0.60649040    0.51347606    0.43562235    0.47803134    0.50346358    0.56618200    0.52695848    0.44368737    0.00000000    1.40046977    0.91173173    0.97643396    0.35835894    0.72729146    0.53900654    0.93323462    1.04174292    1.18217952    0.83373046    0.84927706
A0L550_MAGMM/36-145     1.13525404    1.26319927    1.25253884    1.19442203    1.19911848    1.23447294    1.14996625    1.30354196    1.21554368    1.08988921    1.40046977    0.00000000    1.18186957    0.98685951    1.20497017    1.31944921    1.19234071    1.95163892    1.45483140    1.80428788    1.46828988    1.56657354
E1VGC3_9GAMM/574-686     1.18402188    1.18698159    1.19096588    1.18595957    1.00337838    1.07687953    0.97174954    1.09101116    1.20336053    1.07533570    0.91173173    1.18186957    0.00000000    0.54148321    1.07779399    1.38189228    1.18615069    1.75289639    1.69079630    1.82494317    1.46220844    1.27040235
Q12LF8_SHEDO/55-162     1.16107340    1.06389665    1.17336584    1.25779420    0.98992415    1.03935300    0.94676906    1.18501648    1.25576017    1.12955932    0.97643396    0.98685951    0.54148321    0.00000000    1.02711645    1.22865265    1.22488125    1.81249295    1.68882885    1.81955095    1.43378435    1.29327845
U3K998_FICAL/31-132     0.47212864    0.44912060    0.53872818    0.45494292    0.43165452    0.32869376    0.44155478    0.50559173    0.47699341    0.41533035    0.35835894    1.20497017    1.07779399    1.02711645    0.00000000    0.59267774    0.44859020    0.78197525    0.86834622    1.06086512    0.81031594    0.80769843
F7F2J2_ORNAN/21-121     0.54543412    0.51440754    0.59575312    0.46958072    0.58815750    0.58599717    0.66451447    0.68087367    0.60816753    0.67502541    0.72729146    1.31944921    1.38189228    1.22865265    0.59267774    0.00000000    0.46109142    0.86233188    0.93954746    1.23736103    0.82774204    0.88746214
F7FPF7_MONDO/26-127     0.41831518    0.30896258    0.35124176    0.38444294    0.29230719    0.40355969    0.50176579    0.46681166    0.51560175    0.48498352    0.53900654    1.19234071    1.18615069    1.22488125    0.44859020    0.46109142    0.00000000    0.53610524    0.62419112    0.72581530    0.49686547    0.55717269
G5AK06_HETGA/22-130     0.80220228    0.58939301    0.63748694    0.66637367    0.56326270    0.60240236    0.78643908    0.73873269    0.74423133    0.81203294    0.93323462    1.95163892    1.75289639    1.81249295    0.78197525    0.86233188    0.53610524    0.00000000    0.64618649    0.64573419    0.49057923    0.52460549
F6X6T7_CALJA/24-132     0.81445274    0.77226398    0.76829516    0.71887459    0.64819222    0.81831566    0.93603631    0.87166250    0.92271522    0.80460917    1.04174292    1.45483140    1.69079630    1.68882885    0.86834622    0.93954746    0.62419112    0.64618649    0.00000000    0.47284103    0.64759584    0.63747774
A0A096NBG5_PAPAN/22-130     0.99168989    0.86862653    0.91581853    0.85909214    0.74456766    0.95754926    1.11919947    1.04584097    1.08022027    0.96806887    1.18217952    1.80428788    1.82494317    1.81955095    1.06086512    1.23736103    0.72581530    0.64573419    0.47284103    0.00000000    0.55819446    0.55854329
SAA4_BOVIN/22-129     0.74518040    0.57370711    0.69501160    0.60672541    0.50010846    0.66241078    0.78768531    0.70393157    0.77252261    0.78171372    0.83373046    1.46828988    1.46220844    1.43378435    0.81031594    0.82774204    0.49686547    0.49057923    0.64759584    0.55819446    0.00000000    0.42977733
G1TGM2_RABIT/55-163     0.69743481    0.61500981    0.71160970    0.68016677    0.51690514    0.63990276    0.84341465    0.85055232    0.79508951    0.78831825    0.84927706    1.56657354    1.27040235    1.29327845    0.80769843    0.88746214    0.55717269    0.52460549    0.63747774    0.55854329    0.42977733    0.00000000

