22
DUSP_MYXVL/34-169     0.00000000    0.46215251    1.74466301    1.83643498    1.85654509    1.79435778    1.78402843    1.95522290    1.94619348    2.57922599    3.33130637    2.73697560    2.36783453    2.19147970    3.10602899    3.57438183    2.93061814    2.15049698    2.33623341    1.91595447    2.22469210    1.64550066
DUSP_VACCW/34-166     0.46215251    0.00000000    1.79380957    1.85868925    1.80156317    1.82694969    1.76694765    1.81952648    1.90739567    2.28918244    2.81247032    2.35020671    2.23132422    2.22808652    2.66762825    3.15225859    2.78164732    1.90906657    2.39124967    2.11450394    2.21914347    1.84810740
PVH1_SCHPO/54-184     1.74466301    1.79380957    0.00000000    1.33298834    1.48808824    1.50990512    1.21090338    1.57288028    1.20560037    1.63523724    2.25631757    1.97084149    2.04711706    2.34330523    2.58081941    3.05369606    3.14226269    1.68790832    1.56865375    1.96151778    1.33952452    1.50915866
DUS5_HUMAN/186-316     1.83643498    1.85868925    1.33298834    0.00000000    0.46492289    0.58745332    0.98742627    1.11923339    1.18153442    1.65085204    1.80615623    1.69232152    1.53077908    1.99062640    2.03477437    2.59386387    3.12789648    1.40438079    1.37537690    1.74396578    1.41044010    1.25532194
DUS1_HUMAN/181-311     1.85654509    1.80156317    1.48808824    0.46492289    0.00000000    0.31727338    0.88242856    0.99356130    0.97550818    1.62506097    1.64662449    1.62482083    1.60623699    1.89762946    2.10426676    2.65239506    2.84338696    1.42119330    1.31625501    1.92216624    1.38835231    1.36033747
DUS2_HUMAN/180-310     1.79435778    1.82694969    1.50990512    0.58745332    0.31727338    0.00000000    0.85903224    1.12966081    1.01446877    1.80477686    1.80391025    1.81500934    1.70759335    1.96927327    2.16803832    3.22717094    3.04313146    1.41840454    1.41420794    1.85373409    1.36703522    1.23694483
DUS6_HUMAN/214-346     1.78402843    1.76694765    1.21090338    0.98742627    0.88242856    0.85903224    0.00000000    1.17254416    0.88577768    1.80235503    1.74370414    1.72437372    1.64408696    2.13003426    2.57242882    3.61890738    3.05098889    1.48162598    1.67319984    1.61961637    1.57503040    1.33287131
VHP1_CAEEL/183-315     1.95522290    1.81952648    1.57288028    1.11923339    0.99356130    1.12966081    1.17254416    0.00000000    0.66641397    1.50393370    1.83973920    1.58542998    1.65584446    2.16668657    2.21287386    2.79644820    3.39470703    1.57706970    1.88237392    1.72181957    1.57428567    1.53322095
DUS8_MOUSE/168-299     1.94619348    1.90739567    1.20560037    1.18153442    0.97550818    1.01446877    0.88577768    0.66641397    0.00000000    1.49714736    1.99629639    1.63937569    1.71818662    2.02358042    2.48457737    3.03476449    3.02096749    1.37335361    1.54668313    1.55814925    1.30268333    1.63668133
PMP1_SCHPO/69-211     2.57922599    2.28918244    1.63523724    1.65085204    1.62506097    1.80477686    1.80235503    1.50393370    1.49714736    0.00000000    1.21942799    1.08906978    0.97645095    2.36362417    2.66737169    2.79058361    3.65936658    2.01254011    2.04839078    2.28203187    2.15707367    1.94156278
CPP1_CANAL/437-575     3.33130637    2.81247032    2.25631757    1.80615623    1.64662449    1.80391025    1.74370414    1.83973920    1.99629639    1.21942799    0.00000000    0.91593182    1.06712749    2.76542022    3.27381230    3.49401234    3.75327972    2.63249422    1.87002053    2.18442558    2.33300741    2.04773181
MSG5_YEAST/242-372     2.73697560    2.35020671    1.97084149    1.69232152    1.62482083    1.81500934    1.72437372    1.58542998    1.63937569    1.08906978    0.91593182    0.00000000    0.72935707    2.60590101    2.51700673    2.71448746    3.46993532    2.05054118    1.84022948    2.18495871    2.03917990    2.08212269
SDP1_YEAST/68-193     2.36783453    2.23132422    2.04711706    1.53077908    1.60623699    1.70759335    1.64408696    1.65584446    1.71818662    0.97645095    1.06712749    0.72935707    0.00000000    2.58409251    2.79006235    2.92700945    3.26164633    2.06037956    1.71552954    1.79680557    2.23365997    1.82419870
Q93622_CAEEL/10-138     2.19147970    2.22808652    2.34330523    1.99062640    1.89762946    1.96927327    2.13003426    2.16668657    2.02358042    2.36362417    2.76542022    2.60590101    2.58409251    0.00000000    2.49541954    3.15244113    3.46386370    2.34425546    2.43132217    2.19505294    2.84629250    2.26662699
YNBD_ECOLI/306-430     3.10602899    2.66762825    2.58081941    2.03477437    2.10426676    2.16803832    2.57242882    2.21287386    2.48457737    2.66737169    3.27381230    2.51700673    2.79006235    2.49541954    0.00000000    2.67256214    3.35875852    2.86351861    2.88225372    2.43481990    3.20089415    2.39234858
CDC14_YEAST/198-335     3.57438183    3.15225859    3.05369606    2.59386387    2.65239506    3.22717094    3.61890738    2.79644820    3.03476449    2.79058361    3.49401234    2.71448746    2.92700945    3.15244113    2.67256214    0.00000000    3.18080836    3.63096653    3.37614422    2.83714452    2.92563708    2.94165025
DUS11_CAEEL/65-203     2.93061814    2.78164732    3.14226269    3.12789648    2.84338696    3.04313146    3.05098889    3.39470703    3.02096749    3.65936658    3.75327972    3.46993532    3.26164633    3.46386370    3.35875852    3.18080836    0.00000000    2.98038420    3.55399723    2.64954657    3.42204278    3.08653892
Q19388_CAEEL/18-146     2.15049698    1.90906657    1.68790832    1.40438079    1.42119330    1.41840454    1.48162598    1.57706970    1.37335361    2.01254011    2.63249422    2.05054118    2.06037956    2.34425546    2.86351861    3.63096653    2.98038420    0.00000000    1.53154988    1.79604828    1.53026969    1.75891413
Q93592_CAEEL/21-151     2.33623341    2.39124967    1.56865375    1.37537690    1.31625501    1.41420794    1.67319984    1.88237392    1.54668313    2.04839078    1.87002053    1.84022948    1.71552954    2.43132217    2.88225372    3.37614422    3.55399723    1.53154988    0.00000000    1.70336054    1.65072619    1.83857157
Q84621_PBCV1/32-162     1.91595447    2.11450394    1.96151778    1.74396578    1.92216624    1.85373409    1.61961637    1.72181957    1.55814925    2.28203187    2.18442558    2.18495871    1.79680557    2.19505294    2.43481990    2.83714452    2.64954657    1.79604828    1.70336054    0.00000000    1.84421891    1.63020165
STYX_MOUSE/36-168     2.22469210    2.21914347    1.33952452    1.41044010    1.38835231    1.36703522    1.57503040    1.57428567    1.30268333    2.15707367    2.33300741    2.03917990    2.23365997    2.84629250    3.20089415    2.92563708    3.42204278    1.53026969    1.65072619    1.84421891    0.00000000    1.38562269
DUS3_HUMAN/37-176     1.64550066    1.84810740    1.50915866    1.25532194    1.36033747    1.23694483    1.33287131    1.53322095    1.63668133    1.94156278    2.04773181    2.08212269    1.82419870    2.26662699    2.39234858    2.94165025    3.08653892    1.75891413    1.83857157    1.63020165    1.38562269    0.00000000

