84
Q8EL16_OCEIH/2-145     0.00000000    1.57643068    1.02974564    1.44893739    1.68765867    2.05396959    2.07201884    1.25771738    1.27049254    1.55301638    1.23101149    1.11603793    1.20483322    1.66909068    1.63817838    1.78064655    1.62195701    2.07579025    2.38542551    1.78284645    1.60475191    1.67101090    2.01146803    1.83734036    2.64425735    2.01841556    2.65514026    2.04261223    2.87948044    2.80223714    2.39896524    3.11224731    3.04436757    3.20639241    2.41510004    2.65146853    2.38853641    3.23334401    2.45542407    2.12539069    2.46830137    2.93488083    1.72136485    1.64808833    2.13072859    2.50840880    2.25166688    2.73062953    1.87202843    2.76820504    3.01205739    2.14485008    2.49358058    2.28324098    2.05133532    1.79522416    2.16914652    1.95995430    2.33999315    2.81390483    2.38830339    2.89849875    2.01731222    2.19894421    2.44872562    2.26003176    2.25897113    2.56014729    2.28040048    2.56351905    2.75101610    2.06455342    3.09814669    2.56762782    2.30170963    2.76542976    2.72605935    3.13391820    2.79322740    2.82836210    2.60080933    2.87077680    3.10965051    2.65945438
Q8Y8M4_LISMO/529-668     1.57643068    0.00000000    1.64520199    1.76738871    1.82920648    2.67517553    2.06667980    1.69047102    1.82210217    2.18499745    1.73806931    1.95734795    1.64305295    1.95198469    1.74986037    2.25718463    2.31567506    1.91499313    2.55811311    2.31944365    2.40641780    2.24145149    2.25053281    2.41383547    3.76522285    3.28925018    3.13674124    2.65213836    3.29897305    3.27400680    3.31747750    4.33323784    4.16459940    3.37662264    2.94673190    3.35338127    3.41887764    2.83657824    2.71803977    2.89450838    3.43555134    3.09142604    2.63588521    2.32987652    3.13710011    3.00935333    2.80181014    3.10141052    2.62561327    3.11400053    2.83471274    3.21104664    3.08346552    3.58729041    2.83935442    2.38044154    2.49596190    2.94737834    3.00583349    2.68978104    3.16614837    3.52302228    2.54435369    2.53287454    2.10508399    2.69608745    2.28864945    2.51546478    2.41612141    2.74396355    2.03124787    2.35527805    2.57596483    2.47228522    2.37094246    2.97656400    3.10150638    3.07593657    3.32619196    3.22634970    2.58093459    2.65135371    2.89378822    2.39544878
Q8Y3N8_LISMO/8-146     1.02974564    1.64520199    0.00000000    1.22528855    1.61460021    1.96019748    2.02541412    1.26485448    1.44999413    1.30851840    1.32836852    1.22220256    1.24899783    1.56331839    1.69773296    1.86388186    2.01585375    2.32566302    1.96507090    1.93380571    1.49671002    1.89798007    2.10294606    1.84015214    3.07445652    2.74805931    2.81618375    2.27300849    2.96882478    2.73585750    2.60048249    3.17057560    2.82926809    2.56299195    2.34454740    2.90377151    2.29422985    2.79697394    2.62676246    2.27449536    2.51070645    2.41926149    2.11501498    1.72471031    2.14165217    2.08237280    2.43895710    2.43968135    2.13016649    2.90827866    3.42398593    2.90388032    2.53120642    2.38332509    2.67399437    2.20980547    2.35500553    2.28089304    2.68614934    2.63112246    2.40833115    2.67746388    2.10229507    2.98592832    2.66058749    2.40168524    2.03428985    2.75496798    2.22749679    2.36772372    2.64734322    2.27391428    2.57866788    2.33596992    2.71389348    2.97129190    2.54275365    3.25771903    3.25584195    3.00176351    2.70545294    2.30830041    2.97442133    2.40211800
Q182P4_CLOD6/499-638     1.44893739    1.76738871    1.22528855    0.00000000    1.42791130    1.34488213    1.54556557    1.25384258    1.32381299    1.72578769    1.82342610    1.30596956    1.47090868    1.44580050    1.41842393    1.49699212    1.90837892    1.68862625    2.36787727    2.30876018    1.92063404    2.20048499    2.24818717    1.90018187    2.85183584    2.69921672    3.00126171    2.88090780    2.81478837    2.89880339    2.65106730    3.25578247    3.35669356    3.45490055    3.17869295    2.56068309    2.41156749    3.43022226    2.56316917    2.83502940    2.34047998    2.84842999    2.08590151    2.03609845    2.38996500    1.99827633    1.93638322    2.09977314    2.29246971    2.38630108    3.12193923    2.72259998    2.25311524    2.42983914    2.68332455    2.20806025    2.21864466    2.33770830    2.52792774    2.88284051    2.53346911    2.90812148    2.19609900    2.90327600    2.61571278    2.58112459    2.35463037    3.52640745    2.46682704    2.40929902    2.77264725    2.22077951    2.66553686    2.25948771    2.74633245    2.95156628    2.62707050    3.47458137    3.23196652    2.68826057    2.67845421    2.54760427    2.98661431    2.11950492
Q5WCM9_BACSK/543-683     1.68765867    1.82920648    1.61460021    1.42791130    0.00000000    1.57761988    1.41784870    1.40938347    1.34056012    1.87445258    2.08049438    1.31493102    1.59343465    1.99746306    1.85859517    1.94210413    2.24529067    2.11062826    2.08399884    2.10148548    2.15523679    1.57609990    2.23091839    2.07077072    2.96081926    3.09864767    3.14833278    2.25498015    2.80802114    2.48257013    3.30051644    3.19863277    3.50809038    2.96095749    2.90777856    2.61562806    2.75757048    2.88818374    2.41244992    2.60736258    3.05174989    2.51269565    2.39843489    2.12833681    2.56553400    2.41735460    2.41986063    2.41623117    2.49518464    2.68649450    3.06606862    3.05835608    1.85426394    2.33819624    2.71317292    1.99532934    2.45688362    2.71125025    3.02967723    2.48989316    2.45670150    3.53359681    2.68346567    2.26495847    2.49036948    2.35630533    1.97189818    2.84408250    2.34919287    2.64631494    2.59047557    2.35858933    3.77069050    2.31109333    2.65560960    3.07304060    2.43043462    2.04294834    2.70472613    2.74127386    2.74631002    3.27626786    2.94189039    2.40205790
Q2G2B8_STAA8/552-684     2.05396959    2.67517553    1.96019748    1.34488213    1.57761988    0.00000000    1.31175035    1.64670430    1.89360997    2.68209613    2.14727995    2.07544828    1.81563747    1.94017813    1.89688311    2.00261720    2.47906768    1.91542223    2.77929907    2.81457763    1.87217950    2.23430997    2.15270960    2.08892240    3.14196514    3.18957488    3.59958388    2.84094413    2.50419166    2.49392731    2.86248983    3.27823514    3.34005172    3.52529278    2.94861470    3.04000090    3.00718100    3.40823431    3.05270135    2.90709661    3.58946019    3.04693596    2.44335219    2.06629444    2.40858133    2.47159330    2.21707079    2.22257957    2.82984171    3.23780207    3.61685151    3.06606621    2.83924546    2.83070942    2.27885196    2.38557177    3.18638668    2.97175827    2.93249518    2.67740338    2.74750601    3.23397632    2.79879104    2.81020649    2.62465606    2.55838857    2.18664350    3.43729085    3.06081807    2.90887032    2.86709701    2.28702451    3.31748962    2.10122968    2.08734054    3.34183365    2.49247073    2.98610702    3.02585878    2.82470594    2.83683342    2.41533547    2.82562687    2.43947543
Q8Y410_LISMO/540-679     2.07201884    2.06667980    2.02541412    1.54556557    1.41784870    1.31175035    0.00000000    1.53600666    1.59601608    2.23606579    2.04247690    1.54441514    1.97395208    1.86623234    1.99240077    2.30994724    2.85038264    2.15489923    2.40605480    2.03267175    2.20971254    1.90230779    1.78396861    1.94776414    3.21644462    3.30789919    2.91327258    2.91268411    3.04767357    2.32033139    2.95052436    3.66022442    3.39487110    3.18299501    2.75272297    3.56221129    2.84937778    3.09233908    2.54159122    3.04849905    3.03869454    3.16281080    2.80504034    2.62542928    2.61319431    2.62586313    2.24412160    2.67571908    2.35532737    2.72544604    3.35648463    3.45031647    2.73069538    3.26122298    2.71052438    2.47721573    2.95220951    2.61147310    2.83780202    3.31659015    2.83443981    2.97490298    2.77994766    2.69213016    2.64228772    2.30462727    2.68307662    2.85705251    2.35790397    2.37599459    2.62670110    2.55138829    3.18034206    2.34601551    2.22017347    2.95907818    2.79945155    3.23867898    2.98493899    2.77587474    3.04533248    2.73091852    3.66390648    2.55170519
Q2G143_STAA8/5-145     1.25771738    1.69047102    1.26485448    1.25384258    1.40938347    1.64670430    1.53600666    0.00000000    1.30677094    1.75080072    1.42219693    1.26036818    1.51648156    1.69630621    1.73300750    1.79544375    1.65246583    2.09627340    2.07775331    1.70900114    2.02972306    1.77873517    2.06273172    1.79225332    3.08050111    2.85006565    3.14534430    2.20523786    2.68607969    2.81690544    2.66186083    2.92601853    2.96289308    3.05426013    2.87025915    2.99402158    2.85697260    3.05405157    2.69065492    2.72212973    2.85692997    2.71333512    2.13895347    1.91532391    2.32350584    2.29551520    1.93201962    2.41260780    2.16723399    2.58544364    2.95750281    2.88215658    2.71839269    2.76770235    2.00259240    2.01543348    2.25048840    2.38237420    2.37740953    2.28984896    2.24158981    2.70218415    2.41384989    2.69516372    2.26131576    2.12441786    2.10858473    2.68099009    2.28607422    2.52624651    2.19017367    1.81504845    2.73376444    2.21192741    2.66390392    2.65102083    2.52984573    2.73557643    2.70438252    2.75983091    2.50973424    2.53218483    3.06443924    2.48192753
Q67LZ9_SYMTH/478-621     1.27049254    1.82210217    1.44999413    1.32381299    1.34056012    1.89360997    1.59601608    1.30677094    0.00000000    1.58664323    1.25321375    1.20766430    1.29150340    1.56687588    1.43237215    1.77787293    2.05876696    2.22826742    2.15093110    2.11724494    1.98621217    2.10055894    2.25122471    1.40791831    2.55110362    2.37764002    2.89417722    2.02854673    2.57898764    2.16096275    2.07468600    3.06183502    3.45437187    2.83856238    2.43777498    2.43692977    2.94793830    2.80547915    2.06275775    2.15660152    2.39111564    2.52052956    2.05492471    1.74287648    2.46696479    2.33668030    2.42265687    2.66237546    2.00160620    2.23183480    2.91685736    2.55682850    2.51186239    2.66601044    2.73336356    2.12993737    2.30333587    2.17980742    2.31910370    2.71984093    2.21655124    2.51918184    2.24187676    2.93628090    2.28446493    2.50192090    2.18206167    2.64627237    2.15863956    2.81090996    2.81079244    2.52391248    2.97862207    2.01636768    2.41911242    2.85979170    2.68066900    3.18688948    2.88024522    2.89064398    2.73295225    2.84474942    3.26654980    2.54977644
Q7CQH7_SALTY/3-141     1.55301638    2.18499745    1.30851840    1.72578769    1.87445258    2.68209613    2.23606579    1.75080072    1.58664323    0.00000000    1.45540173    1.34079966    1.49113779    1.46417457    1.84360604    2.59830405    2.07999341    2.82597491    2.89418307    2.75833786    2.69911259    2.34085269    2.27996368    2.24782113    3.21702078    2.50628822    3.70473211    2.28701032    3.34825425    2.92622558    2.97452508    3.88697336    3.19898164    3.65818488    2.99065735    3.27067534    3.44274124    3.55747511    2.83321997    3.02358907    3.04690700    3.82965415    2.46259842    2.71782502    3.00920395    3.44762083    3.36662304    2.69248974    2.88135216    2.83286815    2.99201513    3.27643353    3.38219069    2.42856613    3.04181529    2.62310036    3.32192924    2.66962232    2.93537266    3.56289955    3.51869530    3.14092919    2.71329001    3.17007251    3.14787977    2.88708030    2.59669774    2.91935496    2.76935139    2.70177304    2.79249455    3.03874588    3.22464396    2.46388187    2.62153569    3.12025449    2.89866400    3.26797359    3.35706206    2.97846784    3.50085168    2.62178255    4.31404943    3.30721872
Q6AGN9_LEIXX/4-147     1.23101149    1.73806931    1.32836852    1.82342610    2.08049438    2.14727995    2.04247690    1.42219693    1.25321375    1.45540173    0.00000000    1.36057301    1.34585144    1.84087463    1.93078650    2.39910369    2.25062011    2.06351138    2.40589842    1.98153548    2.33817848    2.16904629    1.93323889    1.63142985    2.89055880    2.39429247    2.91762447    2.48300304    3.19611318    2.45514260    2.64747464    3.99532751    3.66293617    2.90701226    3.27676627    3.18516424    2.57450037    2.74343593    2.68824865    2.75297478    2.88765024    3.46707219    2.23602377    2.30163333    2.76372163    2.70127508    3.00379109    3.49218243    2.63341698    2.82722921    3.38012540    3.25520397    2.78804262    2.82667833    3.42131437    2.25515906    3.07894687    2.67773617    2.92254029    3.27871058    3.30515153    3.11410574    2.55191511    3.38894711    2.80760012    2.24604612    2.50428028    2.70630993    3.06606562    2.66127464    3.00543027    2.43735842    3.18972175    2.55484311    2.60722733    3.19710932    3.32719802    3.68009882    3.15044408    3.31554457    3.07151476    3.42103460    3.76700936    3.12303086
A0A3N4AZU4_YERPE/5-145     1.11603793    1.95734795    1.22220256    1.30596956    1.31493102    2.07544828    1.54441514    1.26036818    1.20766430    1.34079966    1.36057301    0.00000000    1.20197073    1.52561104    1.66382787    1.83115575    1.79431896    1.81239604    2.03033910    2.01360814    1.81348213    1.94291812    2.22246314    1.69105292    2.79973481    2.57237151    2.85474756    2.37277151    2.74279250    2.43806339    2.32742894    2.99482054    3.25005071    2.80724173    2.39335952    2.49494651    2.39248256    2.44011171    2.39322076    2.40416353    2.55550457    2.17519934    2.03008420    1.95897217    1.87625715    2.05509815    2.02927762    2.05266805    1.89683934    2.29424496    2.67501647    2.66126678    2.03166492    2.09262683    2.49228069    2.12850245    2.52033957    2.59642282    2.92497813    3.03567284    2.49617580    2.50937661    2.27900559    2.08688409    2.52250250    2.22812589    2.13765628    2.63688525    2.53429767    2.35855183    2.63845168    2.38998471    3.09966977    2.30395480    2.14881724    2.85576643    2.28495300    2.94437824    2.46531530    2.49609257    2.40445490    2.64748682    3.21762604    2.45554947
Q9KMS5_VIBCH/6-152     1.20483322    1.64305295    1.24899783    1.47090868    1.59343465    1.81563747    1.97395208    1.51648156    1.29150340    1.49113779    1.34585144    1.20197073    0.00000000    1.18830204    1.24175341    1.71067281    1.98980320    1.93521477    2.23924461    2.36516115    2.03980978    2.09853795    2.44238158    1.80626449    2.59076191    2.42374013    2.78673030    1.97298067    2.33767063    2.37227852    2.01620493    2.91866748    2.92556548    2.72364266    2.38954352    2.64852236    2.62026085    2.91397172    2.37610392    2.19336414    2.41473696    2.40911242    1.96468203    1.67642683    2.37388723    2.63999356    2.79373724    2.44570322    1.87512141    2.97047910    3.11623523    2.67567440    2.56736091    2.05792909    2.32506333    1.68132364    2.37348098    2.54253119    2.81336145    2.58453813    2.53891116    2.92880356    2.23968847    2.70934585    2.49773093    2.43778252    1.88683588    2.15071837    2.35494576    2.62609831    2.38182553    2.42375032    2.91357951    2.17593862    2.21957093    2.47804152    2.45987918    2.99337155    2.60781534    2.63456780    2.26432656    3.22387981    3.33846347    2.27891717
ULAC_MYCPN/9-152     1.66909068    1.95198469    1.56331839    1.44580050    1.99746306    1.94017813    1.86623234    1.69630621    1.56687588    1.46417457    1.84087463    1.52561104    1.18830204    0.00000000    1.30478247    2.05976392    2.09897604    2.29375519    2.66532725    2.43097491    2.58480551    2.19486813    2.03263163    1.79413874    3.20596967    2.51233094    3.00949939    2.45681717    2.97366914    2.88505628    2.78901993    4.13058193    3.73200541    3.37319206    2.77689371    3.37529358    2.79475730    3.49743219    2.71154923    2.76987178    3.10482904    3.22325071    2.50795394    2.34876971    2.96361275    2.43281158    2.67320534    2.73483921    2.20041968    2.87827159    3.18627344    3.61142334    2.97045249    2.93559461    2.77225324    2.16397713    2.62656526    2.87255582    2.81101403    3.10967512    2.87657278    3.19246965    2.37158815    2.98032640    2.64326706    2.74969713    2.44106984    2.73750219    2.64631023    2.53204857    2.47461736    2.67625610    3.19007505    1.93460562    1.73071135    2.84736901    2.40540419    2.92016541    2.53889070    2.82342127    2.55675827    3.21424207    3.38576789    2.79216888
Q4A583_MYCS5/11-153     1.63817838    1.74986037    1.69773296    1.41842393    1.85859517    1.89688311    1.99240077    1.73300750    1.43237215    1.84360604    1.93078650    1.66382787    1.24175341    1.30478247    0.00000000    1.65145893    1.73868496    2.14591945    2.12227561    2.54806883    1.88858975    2.19511881    2.95806512    2.08694858    2.93979143    2.68239267    3.03588574    2.60233079    3.09563325    2.87894184    2.98280452    3.30371443    3.75529722    3.19464248    2.52479970    2.27926034    2.61961624    3.67096745    2.43703518    2.15875007    2.70413317    2.45930996    1.63352050    1.81062930    2.82970297    2.11434154    2.46142675    2.18227823    2.32879447    3.31539425    3.08411857    3.42940402    2.47088073    2.46830869    2.26746501    2.10578691    2.50802759    2.51703293    2.28886837    2.22179786    2.29530803    3.04445082    2.09205808    2.52245069    2.42293082    2.59699505    2.24592974    2.51215547    2.21239931    2.31890934    2.09337953    2.46183517    3.14037869    1.90311142    3.38201284    2.88574930    2.63472235    2.78983399    3.05754781    2.45302847    2.87499493    2.74285299    3.58609964    1.97713283
Q8EVW2_MYCPE/497-641     1.78064655    2.25718463    1.86388186    1.49699212    1.94210413    2.00261720    2.30994724    1.79544375    1.77787293    2.59830405    2.39910369    1.83115575    1.71067281    2.05976392    1.65145893    0.00000000    1.75659059    2.47844214    2.41846408    2.99631399    2.59914389    2.44456380    2.97240470    2.56962199    2.76140897    3.09565886    3.52928829    2.74331557    2.72681554    3.20406443    2.90145940    4.41131290    3.49666252    4.04887518    2.93637837    2.75504230    3.21335355    2.96826528    2.79120523    3.04889624    2.99338629    2.53443341    2.47261616    2.12940473    3.16768195    2.82869104    2.55740983    2.76540907    2.62583487    3.29282185    2.97778358    3.42704684    2.58684620    2.80927130    2.41538658    2.46450722    2.75743148    2.78693218    2.40829329    2.90313206    2.67782064    2.51180832    2.35570632    2.73494125    2.73910407    2.47587663    2.26638966    2.78959106    2.18970898    2.57418970    2.25479920    2.28849623    2.52206934    2.44004711    2.27671552    2.54544411    2.56344711    2.97460311    2.82585182    2.69777335    2.75300791    2.88670453    2.55266145    1.88011325
Q6MTK9_MYCMS/1-146     1.62195701    2.31567506    2.01585375    1.90837892    2.24529067    2.47906768    2.85038264    1.65246583    2.05876696    2.07999341    2.25062011    1.79431896    1.98980320    2.09897604    1.73868496    1.75659059    0.00000000    1.92172949    2.24823502    2.63623397    2.39971386    2.72281438    2.83347575    2.79430049    3.26041001    3.92261087    3.66081795    3.19981622    3.40694633    3.05783269    3.02319766    3.79282248    3.10271149    3.38755078    2.78889067    3.28712904    3.12358207    3.74172096    3.06147926    2.83024626    3.09413187    3.50581395    2.30772332    2.41497825    4.23530216    2.50404840    2.74054565    2.56373158    3.03513675    3.76648635    3.63477469    2.97663756    3.32009890    3.27421645    2.67648895    2.93425977    2.52532696    2.79974085    2.64746292    3.21212769    2.90617894    3.68375811    2.17855351    2.63214221    2.58376155    2.54296352    2.00700182    2.96538091    2.31529252    2.51010105    2.14643216    2.42214304    2.54647270    2.56601748    2.83861754    2.86066929    2.45344132    2.71270377    2.45218156    2.15464028    2.72332662    3.05457922    2.58129996    2.38109104
Q8Y9A2_LISMO/532-669     2.07579025    1.91499313    2.32566302    1.68862625    2.11062826    1.91542223    2.15489923    2.09627340    2.22826742    2.82597491    2.06351138    1.81239604    1.93521477    2.29375519    2.14591945    2.47844214    1.92172949    0.00000000    2.74225212    2.49092414    2.21978361    2.64687317    2.66218264    2.67126508    4.24304972    3.23224168    4.26812331    3.02821514    3.46601237    3.16210998    3.23848257    4.61776817    4.02032650    3.15363153    4.01531647    3.41148128    4.15071615    3.39171208    2.99939989    2.81835729    3.11895652    3.51306959    2.72331014    2.46856849    2.52522160    2.45677156    2.56868925    2.71849539    3.09061449    3.33750728    3.86266610    2.68828077    3.32947708    2.76621275    2.47129309    3.15231618    2.95748056    3.74954406    3.48338099    3.84190085    3.29844828    4.13717113    3.23301190    3.37919291    2.77173730    3.07063891    2.66757857    3.38981765    3.33538521    3.47760411    2.67878257    2.65663539    2.78469586    2.21493046    2.32447537    2.82374889    2.94599244    3.33491799    4.23310615    2.97452738    3.19551902    3.46152609    4.50145132    2.54485085
PTM3C_BUCBP/496-638     2.38542551    2.55811311    1.96507090    2.36787727    2.08399884    2.77929907    2.40605480    2.07775331    2.15093110    2.89418307    2.40589842    2.03033910    2.23924461    2.66532725    2.12227561    2.41846408    2.24823502    2.74225212    0.00000000    1.65400043    1.56279273    1.38488194    1.86352283    1.85561310    2.93711239    2.89130958    2.45658529    2.28245001    2.71234208    3.23154816    2.75907344    2.95893143    2.94806386    2.48353247    2.37957291    2.47706974    2.29347055    2.12746209    2.31977548    2.17513112    2.05749724    2.08123144    2.02873643    1.67592192    2.57183646    1.78198178    2.04865700    2.45560129    2.13851242    2.58366477    2.76989190    2.76160012    1.91859758    2.43525616    2.71369660    2.04699160    1.70995935    1.90789664    2.33337949    2.43659078    2.17872378    2.80370457    2.22190242    1.97997233    2.26958053    2.46943505    2.14814807    2.60529378    1.79040949    2.35306902    2.34381824    2.12762554    2.71385302    2.18651017    2.42226394    1.98173702    2.10080295    2.53886925    2.10375170    2.08821955    2.38970199    2.30945085    2.34140703    2.20204165
Q3Y1G3_ENTFD/2-144     1.78284645    2.31944365    1.93380571    2.30876018    2.10148548    2.81457763    2.03267175    1.70900114    2.11724494    2.75833786    1.98153548    2.01360814    2.36516115    2.43097491    2.54806883    2.99631399    2.63623397    2.49092414    1.65400043    0.00000000    1.48060669    1.78198042    1.95676317    1.83135458    3.30661414    2.85565319    2.72201540    2.55173113    3.08133065    2.97375296    3.42737484    3.44464883    3.83167319    2.55883486    3.17087869    3.33983494    1.92173706    2.45139247    2.52124633    2.40768917    2.71308187    2.55034366    2.30844211    1.85619690    2.38659339    2.25707445    2.21013221    2.62142431    2.39414532    2.81566239    3.05968828    2.98841410    2.42721724    2.49167136    2.80202048    2.17876828    2.81628960    2.50984200    2.92727606    2.60969079    2.50269224    3.86276318    2.50452025    2.62105590    2.59945849    1.90203838    2.40498369    2.87693811    2.10156900    2.23804398    2.32752248    2.34140556    3.06920266    2.13686130    2.63749313    2.92291304    2.75070299    2.52624927    2.53925929    2.27181066    2.72288284    2.50430775    2.83294851    2.76603924
Q8RCS1_CALS4/4-143     1.60475191    2.40641780    1.49671002    1.92063404    2.15523679    1.87217950    2.20971254    2.02972306    1.98621217    2.69911259    2.33817848    1.81348213    2.03980978    2.58480551    1.88858975    2.59914389    2.39971386    2.21978361    1.56279273    1.48060669    0.00000000    1.04081881    1.51898796    1.42564929    2.25366455    2.44619370    2.35594969    2.20774234    2.22794523    2.19981013    3.10263313    3.15020812    3.99567080    2.44315257    1.97819431    2.01540504    1.99325909    2.77369128    2.13900299    2.00977211    2.06164391    1.52663285    1.44666382    1.37046541    1.46056595    1.79310539    1.76566322    1.72510641    1.68482872    2.26679915    2.35689122    2.49955325    1.68042233    1.83841675    1.83852912    1.82716457    1.76207261    1.64418438    2.16908785    1.95869894    2.29580971    3.00692960    1.85151480    2.38962861    2.09866048    2.14128944    1.61612492    2.47821398    2.01057786    2.42712206    2.18212789    2.16832479    2.06731003    2.00294666    2.66504388    2.22433605    1.76862649    2.71655892    2.86964142    2.03632390    2.70084791    2.28252110    2.53333034    2.23083067
Q87HZ3_VIBPA/4-140     1.67101090    2.24145149    1.89798007    2.20048499    1.57609990    2.23430997    1.90230779    1.77873517    2.10055894    2.34085269    2.16904629    1.94291812    2.09853795    2.19486813    2.19511881    2.44456380    2.72281438    2.64687317    1.38488194    1.78198042    1.04081881    0.00000000    1.27754624    1.27897785    2.46315256    2.24533548    2.26203202    2.04843349    2.35115085    2.62600207    2.65962413    2.76501600    2.77164805    2.28391452    2.01986976    2.38815177    2.45552922    2.20414652    2.20176244    2.03092551    1.97347814    1.66926805    1.54533691    1.49307562    1.78582435    2.03336535    1.95059809    1.92358830    1.48849513    2.03902248    2.78694157    2.15271864    1.95755155    1.87369374    1.73854072    1.50016605    1.74184487    1.78029525    2.34080682    2.10144868    2.26876716    2.69845813    1.88693520    1.94888791    2.16986003    2.51164406    2.00343829    2.43361666    2.10148450    2.53304619    1.92040339    1.92075370    2.65428017    2.14667465    2.44453707    2.27636680    2.07435165    2.36378037    2.18194256    1.93190681    2.05776261    1.95735676    2.34214118    2.13591952
Q0BV42_GRABC/17-156     2.01146803    2.25053281    2.10294606    2.24818717    2.23091839    2.15270960    1.78396861    2.06273172    2.25122471    2.27996368    1.93323889    2.22246314    2.44238158    2.03263163    2.95806512    2.97240470    2.83347575    2.66218264    1.86352283    1.95676317    1.51898796    1.27754624    0.00000000    1.15240276    2.89060816    1.97964292    2.43872406    2.03388745    2.55105438    2.77731421    3.03391273    3.08025658    2.61503972    3.09241056    2.76878092    3.02825402    2.48109890    2.39766618    2.21174077    2.41630455    2.20206149    2.57931141    1.85057213    2.02313772    2.06046084    2.23572832    2.39322339    2.35043613    1.70002770    2.26953904    2.96279648    2.18986606    2.44315504    2.53154590    2.12971495    2.08210122    2.30543174    2.06730143    2.70927206    2.89698634    2.71114606    2.89340102    2.41455918    2.35568790    2.35923692    2.30720289    2.24665809    2.42204309    2.81666537    2.59140808    2.46053759    2.42190998    2.94638780    2.81442123    2.39246983    2.73965765    2.45603535    2.67099193    2.29490488    2.35549724    2.89046540    2.43194221    2.24369464    2.84396506
B0RET0_CLAMS/9-145     1.83734036    2.41383547    1.84015214    1.90018187    2.07077072    2.08892240    1.94776414    1.79225332    1.40791831    2.24782113    1.63142985    1.69105292    1.80626449    1.79413874    2.08694858    2.56962199    2.79430049    2.67126508    1.85561310    1.83135458    1.42564929    1.27897785    1.15240276    0.00000000    2.21153007    2.00798393    2.00136469    2.17462262    2.13533889    2.06720942    2.87407780    3.21882369    3.73896564    2.47801375    2.45673624    2.46418166    2.22732551    2.24239708    2.18549770    2.10187642    1.89614629    1.86882255    1.79541064    1.69397532    1.68081140    2.29117941    2.13601397    2.45609172    1.48738777    1.96087031    2.23483388    2.43409322    2.17262797    2.28395748    2.25280423    1.88895328    2.21035919    2.23548065    2.22302046    2.19861125    2.24945640    2.36300499    2.47799653    2.41590853    2.49812216    2.27011817    2.24353194    2.20035427    2.36149580    2.43735708    2.55641991    2.22272661    2.41964885    1.99102840    1.99323418    2.41015421    2.39639207    3.07041493    2.76081834    2.39754388    2.58605746    2.31580852    2.72350355    2.35963372
B9M6K3_GEODF/75-216     2.64425735    3.76522285    3.07445652    2.85183584    2.96081926    3.14196514    3.21644462    3.08050111    2.55110362    3.21702078    2.89055880    2.79973481    2.59076191    3.20596967    2.93979143    2.76140897    3.26041001    4.24304972    2.93711239    3.30661414    2.25366455    2.46315256    2.89060816    2.21153007    0.00000000    1.55691369    2.19688284    1.71068898    2.43063481    2.69361311    2.48077502    2.33368840    3.13211465    2.13761455    2.67915237    2.11647205    3.08525446    2.39034200    2.10241566    2.45157727    2.07967532    2.04312302    1.91258177    1.94853319    2.09761232    2.54003480    2.32484576    2.47165654    1.83891619    1.67566237    1.81403340    2.21317864    1.69072474    2.19990727    2.23965806    1.99334571    2.00058032    2.17900959    2.01767676    2.42638439    2.08232508    2.87089534    1.85871217    2.23280062    2.43093025    2.65080367    2.29054965    2.39628746    2.54381359    2.76415985    2.58354645    2.23106744    2.51549531    2.52260063    2.43202332    2.71086755    2.32600091    2.46519136    2.67821820    2.45627585    2.85742312    3.34726187    2.68339270    2.47017364
Q21FU2_SACD2/5-146     2.01841556    3.28925018    2.74805931    2.69921672    3.09864767    3.18957488    3.30789919    2.85006565    2.37764002    2.50628822    2.39429247    2.57237151    2.42374013    2.51233094    2.68239267    3.09565886    3.92261087    3.23224168    2.89130958    2.85565319    2.44619370    2.24533548    1.97964292    2.00798393    1.55691369    0.00000000    1.27674721    1.12615389    2.50858213    2.33434872    2.03219556    2.78148690    3.07488379    2.41851712    1.95923729    2.13333558    2.55441074    2.18648736    2.24933732    2.51253937    1.85557064    2.22607375    2.04574607    1.68084686    1.84970660    2.28554833    2.06821880    1.91322880    1.85706132    1.61218205    2.26531296    1.98078567    1.74862125    1.81141196    2.21124002    2.05911960    2.16925399    1.54586135    2.27685387    2.27202983    2.04484791    2.84324796    1.91880668    2.26559683    2.29012543    2.51799788    2.48392865    2.45416004    2.69415601    2.76397524    2.61453643    2.36347194    2.31542395    2.05280719    2.25660640    2.79474519    2.27231532    2.42618361    2.34310649    2.50770977    2.67811166    2.78431122    2.65586595    2.62685120
G1UB79_HAEDU/6-165     2.65514026    3.13674124    2.81618375    3.00126171    3.14833278    3.59958388    2.91327258    3.14534430    2.89417722    3.70473211    2.91762447    2.85474756    2.78673030    3.00949939    3.03588574    3.52928829    3.66081795    4.26812331    2.45658529    2.72201540    2.35594969    2.26203202    2.43872406    2.00136469    2.19688284    1.27674721    0.00000000    1.11805371    2.90760922    2.23975516    2.86981072    2.51363528    3.37637410    2.14770938    1.90970834    2.24334158    2.39072602    2.97779240    2.89707121    2.90621188    2.25770197    2.46927216    2.49141827    2.12557782    2.21451978    2.44355684    2.39651672    2.49036475    1.88695926    1.96831069    3.00893486    2.58171009    2.35746955    2.16804759    2.27415206    2.11541136    2.23921940    1.80526246    2.70555476    2.09794137    2.31900925    3.10943110    2.17317626    2.19661703    2.92044433    2.51005698    2.39915971    2.43972000    2.72303845    2.76898226    2.82385665    2.78789475    2.87754203    2.51393258    3.28156148    3.01305043    2.68794718    3.36165745    2.76030003    2.68497897    3.10619987    2.72152198    3.60668175    2.73948381
A0A3N4BBP4_YERPE/12-154     2.04261223    2.65213836    2.27300849    2.88090780    2.25498015    2.84094413    2.91268411    2.20523786    2.02854673    2.28701032    2.48300304    2.37277151    1.97298067    2.45681717    2.60233079    2.74331557    3.19981622    3.02821514    2.28245001    2.55173113    2.20774234    2.04843349    2.03388745    2.17462262    1.71068898    1.12615389    1.11805371    0.00000000    2.41753225    2.11249966    2.07214529    2.10741095    2.98751100    1.99975001    2.00494593    2.27375308    2.25012934    2.47861282    2.42460746    2.19053956    1.97211622    2.17562372    1.85759289    1.55662104    1.76059912    2.36294206    2.20617138    2.46442116    1.82250906    1.70891308    2.34986935    1.95929640    1.78339521    1.92576709    2.01353559    1.76235401    1.85551870    1.44708024    2.26889837    1.68856104    1.73093000    2.62923756    1.70892990    2.37224604    2.52290643    2.64426300    2.11842237    2.10688096    2.25149164    2.76666642    2.67777705    2.53342569    2.24254358    2.09145552    2.62001939    2.56774557    2.35050723    2.86953878    2.32471998    2.63206994    2.53211092    2.48216106    2.71107376    2.44261828
A9A064_DESOH/690-832     2.87948044    3.29897305    2.96882478    2.81478837    2.80802114    2.50419166    3.04767357    2.68607969    2.57898764    3.34825425    3.19611318    2.74279250    2.33767063    2.97366914    3.09563325    2.72681554    3.40694633    3.46601237    2.71234208    3.08133065    2.22794523    2.35115085    2.55105438    2.13533889    2.43063481    2.50858213    2.90760922    2.41753225    0.00000000    2.57821019    2.59001070    2.80042591    3.09655749    2.31579641    3.02000318    2.50181429    3.56462128    2.78747718    2.47414262    3.20440366    2.87370496    2.57486610    2.64823490    2.36468889    2.19143799    2.47760949    2.59828514    2.82522203    2.38927331    2.12157187    2.46091777    2.99518203    2.71351374    2.44984947    2.48696945    2.33721354    2.49304139    2.28434945    2.43242986    2.26473644    1.80385353    3.07122266    2.25816693    2.35687913    2.67834526    2.21246029    2.45175982    2.46542566    2.40141357    2.86117294    2.81320889    2.49154206    2.69750440    2.30139681    1.84457091    2.91443787    2.28458934    2.57886132    2.52406117    2.61677534    2.73272797    2.95771369    3.02510772    2.40887452
E3FEW0_STIAD/125-265     2.80223714    3.27400680    2.73585750    2.89880339    2.48257013    2.49392731    2.32033139    2.81690544    2.16096275    2.92622558    2.45514260    2.43806339    2.37227852    2.88505628    2.87894184    3.20406443    3.05783269    3.16210998    3.23154816    2.97375296    2.19981013    2.62600207    2.77731421    2.06720942    2.69361311    2.33434872    2.23975516    2.11249966    2.57821019    0.00000000    2.53690646    2.56447869    2.99995941    2.04851665    2.71380566    2.38460028    2.84081487    2.62040843    2.37841795    2.55019239    2.82660365    2.25886109    2.58585389    2.23427215    1.95286017    2.68311495    2.26372529    3.07810734    2.17307723    2.30626537    2.49021910    3.22049717    2.54473778    2.06785737    2.45592228    2.67046416    2.44403348    2.44166278    2.66314081    2.18056417    2.21752480    2.61675953    2.20909696    2.72792418    2.57983207    3.07107268    2.28907049    2.85787420    2.64644371    2.81224971    3.19307074    2.59988379    3.20106205    2.15565984    2.93867613    3.89783321    2.55730830    2.57175003    2.36722912    2.52748939    3.02823271    3.67985958    3.18112384    2.75734903
A6TVY0_ALKMQ/551-695     2.39896524    3.31747750    2.60048249    2.65106730    3.30051644    2.86248983    2.95052436    2.66186083    2.07468600    2.97452508    2.64747464    2.32742894    2.01620493    2.78901993    2.98280452    2.90145940    3.02319766    3.23848257    2.75907344    3.42737484    3.10263313    2.65962413    3.03391273    2.87407780    2.48077502    2.03219556    2.86981072    2.07214529    2.59001070    2.53690646    0.00000000    2.51368924    2.15156296    2.52655274    2.68465217    2.59800569    3.67118539    3.28611609    2.71958844    2.53755993    2.54556190    3.12956134    2.38835302    2.24798088    2.45834780    2.67041563    2.69175490    3.24523296    2.57966085    2.51477109    3.14684697    2.59818877    2.65610906    2.53558623    2.63409714    2.36391449    2.31271626    2.40332812    2.59482457    2.81380877    2.03565432    2.80219174    2.42373249    2.75230332    2.81133283    3.11665519    2.57027803    2.82562689    2.96201638    2.99584968    3.54833743    2.91370217    3.42843632    2.46217720    3.01368448    2.80426890    2.68024186    3.18422914    3.14229220    3.25276141    3.10474403    2.91828542    3.96694370    3.22673343
Q5WDU8_BACSK/528-672     3.11224731    4.33323784    3.17057560    3.25578247    3.19863277    3.27823514    3.66022442    2.92601853    3.06183502    3.88697336    3.99532751    2.99482054    2.91866748    4.13058193    3.30371443    4.41131290    3.79282248    4.61776817    2.95893143    3.44464883    3.15020812    2.76501600    3.08025658    3.21882369    2.33368840    2.78148690    2.51363528    2.10741095    2.80042591    2.56447869    2.51368924    0.00000000    1.40725470    2.86638279    2.97249334    2.49160627    2.74441195    2.93815787    2.90249876    2.64769190    2.60666022    2.58493675    2.63291311    2.49011056    2.49146474    2.86380969    2.72476137    3.06752065    2.38337527    2.83001660    3.55286538    3.00258115    2.70344010    2.52011421    2.94447744    2.23727438    2.64773622    2.72052991    2.97009105    2.61269377    2.67968415    3.59822269    2.53862448    2.72456747    3.45049305    2.94262682    2.92874085    3.32102187    2.62266901    2.94227571    3.17691906    2.84150471    3.10543467    2.94008769    3.48796313    3.66105644    3.38147784    3.07888361    3.62038643    3.25578957    3.81106802    4.07888227    3.54972808    3.16185597
Q9K679_BACHD/543-687     3.04436757    4.16459940    2.82926809    3.35669356    3.50809038    3.34005172    3.39487110    2.96289308    3.45437187    3.19898164    3.66293617    3.25005071    2.92556548    3.73200541    3.75529722    3.49666252    3.10271149    4.02032650    2.94806386    3.83167319    3.99567080    2.77164805    2.61503972    3.73896564    3.13211465    3.07488379    3.37637410    2.98751100    3.09655749    2.99995941    2.15156296    1.40725470    0.00000000    3.62473768    3.14642060    3.39445287    3.81860583    2.70160371    3.83705370    3.09926957    3.00889120    3.53291704    3.28938597    2.89701700    3.08157925    2.96632889    3.49245848    3.62017634    2.81181933    3.61081752    4.03093778    2.64522746    4.16105740    3.07228699    2.66120087    2.90742464    3.15185779    2.94781381    2.91822569    3.35758180    3.07761979    2.89800076    2.92600254    3.14181410    3.51793938    3.50437036    3.18144732    3.26346431    2.91792909    3.61673503    2.83053120    2.69319993    3.50069326    2.88299480    2.86299452    3.92806415    3.07494869    3.16814075    2.80970495    3.40965342    3.64598865    3.84786425    3.39298270    2.72854750
