27
G1NRL5_MELGA/100-130     0.00000000    0.26953096    0.47055063    0.41051181    0.87115179    0.74456934    0.98141779    0.95999936    0.75363676    1.34720695    1.06759567    0.87027730    0.89331733    0.81965309    0.71054117    0.91869444    0.92332748    0.81592828    0.65473166    0.75730357    0.59425537    0.60100235    0.70449246    0.57080104    0.33447080    0.49018727    0.49910812
U3K654_FICAL/100-130     0.26953096    0.00000000    0.50291308    0.29735332    0.81784083    0.72354384    1.12197253    1.07739846    0.79358037    1.24114691    0.97862456    0.85179392    0.95483692    1.35166538    1.13983708    1.16947528    0.97809274    0.91546722    0.78045233    0.85991653    0.51193314    0.65109428    0.55460757    0.55862552    0.26118939    0.59567145    0.42199179
M4A3M6_XIPMA/99-129     0.47055063    0.50291308    0.00000000    0.56451639    1.01942949    1.15409408    1.29764647    1.14909704    0.89780573    1.52018869    1.27950364    1.01375481    1.22489701    1.21825768    1.29703745    1.05934936    1.14287096    1.16480003    0.71568768    1.02668875    0.80444994    0.83375932    0.89737228    0.98289034    0.63133099    0.85228108    0.69220773
H3AHN0_LATCH/99-129     0.41051181    0.29735332    0.56451639    0.00000000    0.76985899    0.89920247    1.12342156    1.08444798    1.01345596    1.52035948    1.21082248    1.06655067    1.04931167    1.24633116    1.05818294    1.15000367    0.82200507    0.76323116    0.78316562    0.76895507    0.41300821    0.58953273    0.64081448    0.74347053    0.30051251    0.70118442    0.54670125
ANFC2_ORYLA/96-126     0.87115179    0.81784083    1.01942949    0.76985899    0.00000000    0.81267291    1.08882099    1.20808339    0.93545899    1.38472221    0.95977704    0.84993615    1.09348730    1.14743888    0.95223331    1.27349324    1.04908255    1.00737378    0.27870912    0.39636421    0.88822156    0.84702222    1.04375253    0.77600791    0.76953172    0.99016118    0.99728617
A0A7N5JXD8_AILME/96-126     0.74456934    0.72354384    1.15409408    0.89920247    0.81267291    0.00000000    0.55821083    0.50522937    0.29049651    0.73941473    0.46591364    0.36427453    0.65718971    0.83904070    0.82908040    1.10506863    0.86398885    0.81128399    0.66602009    0.91473146    0.99158253    0.89872216    1.13639272    1.26647843    0.67715723    1.08840550    0.96366960
I3MUT5_ICTTR/96-126     0.98141779    1.12197253    1.29764647    1.12342156    1.08882099    0.55821083    0.00000000    0.40123230    0.32702419    0.52013336    0.42044538    0.41547412    0.53116873    0.75616126    0.67613946    1.27294989    1.02846876    0.93337012    0.85908384    1.07194663    0.95748234    1.07985525    1.24353697    1.49155021    1.00112405    1.13931317    1.09038336
G3W371_SARHA/98-128     0.95999936    1.07739846    1.14909704    1.08444798    1.20808339    0.50522937    0.40123230    0.00000000    0.23378382    0.70192290    0.36615720    0.47027078    0.56538903    0.70795317    0.84137619    1.02509671    0.93260186    0.83463891    0.95012136    1.04285341    1.25128044    1.24671830    1.47037179    1.65633706    1.12517910    1.26815852    1.15867645
L9L0A5_TUPCH/96-126     0.75363676    0.79358037    0.89780573    1.01345596    0.93545899    0.29049651    0.32702419    0.23378382    0.00000000    0.46161424    0.27493883    0.32667989    0.51999144    0.78645235    0.62653943    0.90099805    0.84411523    0.80790067    0.75155221    1.11436983    0.89535327    0.95934662    1.13252573    1.42867515    0.87167946    1.01201033    1.07397474
F6TAL0_CALJA/98-128     1.34720695    1.24114691    1.52018869    1.52035948    1.38472221    0.73941473    0.52013336    0.70192290    0.46161424    0.00000000    0.60919656    0.45373840    0.86993064    1.22105263    1.25590300    1.30367939    1.06798878    1.02502204    1.03069218    1.51388736    1.03470218    1.13882929    1.36400387    1.64181606    1.39395512    1.36240979    1.51806347
H0ZZV1_TAEGU/104-134     1.06759567    0.97862456    1.27950364    1.21082248    0.95977704    0.46591364    0.42044538    0.36615720    0.27493883    0.60919656    0.00000000    0.33483814    0.51955771    0.91968902    0.85801371    0.96206045    0.89215604    0.80449665    0.75050440    1.03303395    1.13206117    0.93067283    1.20297455    1.27429313    1.02431944    1.05744968    1.17438499
G1SLG9_RABIT/75-105     0.87027730    0.85179392    1.01375481    1.06655067    0.84993615    0.36427453    0.41547412    0.47027078    0.32667989    0.45373840    0.33483814    0.00000000    0.50338386    0.87899637    0.83808673    0.93808473    0.62937773    0.64017045    0.66804123    1.01145722    0.97773691    0.73459135    1.02641409    1.29186033    0.91935784    0.96569175    1.07074379
G3IHM2_CRIGR/45-75     0.89331733    0.95483692    1.22489701    1.04931167    1.09348730    0.65718971    0.53116873    0.56538903    0.51999144    0.86993064    0.51955771    0.50338386    0.00000000    0.33672040    0.36509046    0.84734024    0.91342587    0.86457471    0.91552226    0.88186863    0.84887690    0.86758915    0.99422903    1.08606817    0.83500291    0.90662636    1.10274787
ANFB_MOUSE/85-115     0.81965309    1.35166538    1.21825768    1.24633116    1.14743888    0.83904070    0.75616126    0.70795317    0.78645235    1.22105263    0.91968902    0.87899637    0.33672040    0.00000000    0.31182333    0.93128688    1.10605944    1.08198278    1.12701352    0.80864290    1.15925721    0.92748218    1.08271196    1.24149843    1.06053052    1.05478553    1.18267034
ANFB_RAT/85-115     0.71054117    1.13983708    1.29703745    1.05818294    0.95223331    0.82908040    0.67613946    0.84137619    0.62653943    1.25590300    0.85801371    0.83808673    0.36509046    0.31182333    0.00000000    0.94010946    1.02074832    1.00880410    0.97491953    0.85207356    1.06873353    0.85554875    0.94584823    0.96091613    0.89383908    1.09964872    1.15741045
G3W3K9_SARHA/110-139     0.91869444    1.16947528    1.05934936    1.15000367    1.27349324    1.10506863    1.27294989    1.02509671    0.90099805    1.30367939    0.96206045    0.93808473    0.84734024    0.93128688    0.94010946    0.00000000    1.03936753    0.96690173    1.09689412    1.05099176    1.18952078    1.19476814    1.40433059    1.11622183    1.04967491    0.93068461    1.05253944
Q7T1Q2_ORYLA/107-137     0.92332748    0.97809274    1.14287096    0.82200507    1.04908255    0.86398885    1.02846876    0.93260186    0.84411523    1.06798878    0.89215604    0.62937773    0.91342587    1.10605944    1.02074832    1.03936753    0.00000000    0.06575643    0.72747639    0.83014573    1.09022920    0.67379424    0.95580575    1.15119570    0.96851770    0.93896894    1.00984065
I3KND2_ORENI/190-219     0.81592828    0.91546722    1.16480003    0.76323116    1.00737378    0.81128399    0.93337012    0.83463891    0.80790067    1.02502204    0.80449665    0.64017045    0.86457471    1.08198278    1.00880410    0.96690173    0.06575643    0.00000000    0.75884064    0.79073508    1.09049616    0.77699207    1.01825782    1.18134342    0.91886959    0.83237721    0.94847278
A0A669EU21_ORENI/106-136     0.65473166    0.78045233    0.71568768    0.78316562    0.27870912    0.66602009    0.85908384    0.95012136    0.75155221    1.03069218    0.75050440    0.66804123    0.91552226    1.12701352    0.97491953    1.09689412    0.72747639    0.75884064    0.00000000    0.33536559    0.88603407    0.74988100    0.97997238    0.84558151    0.63904565    0.72304572    0.82001362
H3CAK4_TETNG/96-126     0.75730357    0.85991653    1.02668875    0.76895507    0.39636421    0.91473146    1.07194663    1.04285341    1.11436983    1.51388736    1.03303395    1.01145722    0.88186863    0.80864290    0.85207356    1.05099176    0.83014573    0.79073508    0.33536559    0.00000000    0.87476349    0.91598529    0.76398720    0.62154183    0.60941515    0.70842858    0.79375609
L5L239_PTEAL/190-219     0.59425537    0.51193314    0.80444994    0.41300821    0.88822156    0.99158253    0.95748234    1.25128044    0.89535327    1.03470218    1.13206117    0.97773691    0.84887690    1.15925721    1.06873353    1.18952078    1.09022920    1.09049616    0.88603407    0.87476349    0.00000000    0.55793901    0.41422298    0.70730303    0.52665525    0.53770663    0.55381077
G3P2L4_GASAC/88-121     0.60100235    0.65109428    0.83375932    0.58953273    0.84702222    0.89872216    1.07985525    1.24671830    0.95934662    1.13882929    0.93067283    0.73459135    0.86758915    0.92748218    0.85554875    1.19476814    0.67379424    0.77699207    0.74988100    0.91598529    0.55793901    0.00000000    0.30742167    0.70875732    0.55888431    0.84162398    0.76311083
W5MBM5_LEPOC/88-118     0.70449246    0.55460757    0.89737228    0.64081448    1.04375253    1.13639272    1.24353697    1.47037179    1.13252573    1.36400387    1.20297455    1.02641409    0.99422903    1.08271196    0.94584823    1.40433059    0.95580575    1.01825782    0.97997238    0.76398720    0.41422298    0.30742167    0.00000000    0.50246292    0.57047412    0.81757302    0.52879269
E9QBW3_DANRE/91-121     0.57080104    0.55862552    0.98289034    0.74347053    0.77600791    1.26647843    1.49155021    1.65633706    1.42867515    1.64181606    1.27429313    1.29186033    1.08606817    1.24149843    0.96091613    1.11622183    1.15119570    1.18134342    0.84558151    0.62154183    0.70730303    0.70875732    0.50246292    0.00000000    0.50523017    0.62612250    0.55827075
F6PZA7_XENTR/100-130     0.33447080    0.26118939    0.63133099    0.30051251    0.76953172    0.67715723    1.00112405    1.12517910    0.87167946    1.39395512    1.02431944    0.91935784    0.83500291    1.06053052    0.89383908    1.04967491    0.96851770    0.91886959    0.63904565    0.60941515    0.52665525    0.55888431    0.57047412    0.50523017    0.00000000    0.48766454    0.37152277
ANFC1_TAKRU/96-126     0.49018727    0.59567145    0.85228108    0.70118442    0.99016118    1.08840550    1.13931317    1.26815852    1.01201033    1.36240979    1.05744968    0.96569175    0.90662636    1.05478553    1.09964872    0.93068461    0.93896894    0.83237721    0.72304572    0.70842858    0.53770663    0.84162398    0.81757302    0.62612250    0.48766454    0.00000000    0.32881295
W5MJ74_LEPOC/102-132     0.49910812    0.42199179    0.69220773    0.54670125    0.99728617    0.96366960    1.09038336    1.15867645    1.07397474    1.51806347    1.17438499    1.07074379    1.10274787    1.18267034    1.15741045    1.05253944    1.00984065    0.94847278    0.82001362    0.79375609    0.55381077    0.76311083    0.52879269    0.55827075    0.37152277    0.32881295    0.00000000

