49
A8XFS2_CAEBR/487-563     0.00000000    0.73263267    0.95606271    1.06023525    0.69548439    0.90404580    0.89186326    0.88822543    0.83960508    0.83402053    0.90974979    0.85034754    1.07656974    1.21274276    1.56829063    1.70718632    1.57324573    1.50536343    1.58917439    1.58934508    1.46576778    1.68547370    1.67549406    1.57000143    1.67667859    1.60601578    1.49865960    0.87437321    0.67326323    0.81950891    0.83721888    0.75599046    0.93067363    0.78034379    0.72538557    0.63064676    0.66853856    0.73998545    0.73336303    0.82560939    0.72679139    0.67005843    0.77747343    0.70326434    0.84869169    0.72531020    0.75976438    0.82940203    0.76206563
T1JSE5_TETUR/355-431     0.73263267    0.00000000    0.82973457    0.92686888    0.43532353    0.50741112    0.48675193    0.52197752    0.41366617    0.45230735    0.50666339    0.48373369    1.00551658    0.84268423    1.54950600    1.20048884    1.23421230    1.24143925    1.35091167    1.26823908    1.24363032    1.56702441    1.55056891    1.39157100    1.51250398    1.42935091    1.34499798    0.77036648    0.62295283    0.65126619    0.55090183    0.64661861    0.68507027    0.73877955    0.69239614    0.54782588    0.56422379    0.61618756    0.63491207    0.61715104    0.62152060    0.60753053    0.57395649    0.60794883    0.67735858    0.65999174    0.70935474    0.64212199    0.58289725
B3RY21_TRIAD/477-553     0.95606271    0.82973457    0.00000000    0.93827064    0.62590028    0.74527053    0.77821618    0.79443531    0.68145792    0.70581268    0.73168987    0.74406501    1.12879187    1.11937494    1.43885396    1.16873763    1.24085015    1.30917843    1.24145695    1.22358714    1.15422248    1.60229141    1.38352869    1.37123835    1.28316423    1.23628851    1.31736424    1.13949691    0.80044059    0.85551714    0.83100500    0.68152101    0.76626122    0.71379811    0.81010301    0.68168849    0.72039753    0.77118260    0.72619158    0.77099150    0.71466958    0.68267599    0.69300992    0.65271782    0.83270836    0.85396397    0.82285531    0.77394685    0.70666190
A9URX5_MONBE/491-567     1.06023525    0.92686888    0.93827064    0.00000000    0.89043423    0.93108380    0.97927415    0.98360307    0.87344352    0.87255282    0.88855530    0.95775461    1.27370815    1.08396688    1.43265401    1.64536394    1.61092393    1.59507877    1.62056465    1.48158220    1.48339351    1.86449901    1.82610825    1.73644534    1.90357115    1.73954643    1.48043767    1.24894371    1.16044698    1.19302319    1.18036892    1.02631244    1.12588593    1.05932077    1.21898904    0.86678049    0.90439289    0.99698151    1.01966988    1.08603398    0.98048742    0.92989361    1.01453953    0.93952297    0.89483728    1.08308113    1.11601465    1.10474494    0.98483137
E9H9F6_DAPPU/497-573     0.69548439    0.43532353    0.62590028    0.89043423    0.00000000    0.22550793    0.25911005    0.23539761    0.19353544    0.19409842    0.19962306    0.20189496    0.83812362    0.88394769    1.29402390    1.25851081    1.23314187    1.21872318    1.42353847    1.22678621    1.31642866    1.43648654    1.53709140    1.53116219    1.43417403    1.34638604    1.16893390    0.69517004    0.60188405    0.63226712    0.56796310    0.62488849    0.70199521    0.73555046    0.75089448    0.62233098    0.57463692    0.59846535    0.57569206    0.66367208    0.62126935    0.50245935    0.61041350    0.52233922    0.78151106    0.70360997    0.72639474    0.73971760    0.65928581
M9NG50_DROME/502-578     0.90404580    0.50741112    0.74527053    0.93108380    0.22550793    0.00000000    0.06485372    0.08168233    0.09316061    0.06609098    0.06763247    0.10993444    0.76450938    0.83021468    1.33649310    1.42489470    1.38403337    1.44338364    1.53678077    1.41814505    1.42656425    1.70930381    1.60769707    1.68916869    1.58957921    1.55986828    1.35315764    0.82799229    0.66205780    0.75415103    0.57877093    0.57928977    0.63973585    0.79251236    0.73807996    0.59994842    0.58013023    0.53928649    0.50870322    0.61907280    0.65995346    0.54488674    0.61949891    0.54977787    0.63779656    0.63697285    0.64337440    0.61488463    0.66468003
MOEH_CULQU/496-572     0.89186326    0.48675193    0.77821618    0.97927415    0.25911005    0.06485372    0.00000000    0.09705443    0.08075610    0.08072737    0.11088887    0.13858237    0.74203868    0.89842373    1.36179849    1.40384502    1.34042839    1.42111343    1.51520678    1.42049934    1.46908586    1.79661258    1.65093465    1.64321795    1.62357560    1.57886883    1.34621839    0.88446519    0.68318148    0.75741720    0.54305765    0.56914512    0.64558818    0.83929421    0.77198420    0.64541828    0.58407742    0.56654055    0.53463026    0.61210459    0.68189375    0.61234630    0.66648106    0.63324410    0.68634908    0.69417129    0.70067217    0.56225355    0.66369728
E0VSY0_PEDHC/489-565     0.88822543    0.52197752    0.79443531    0.98360307    0.23539761    0.08168233    0.09705443    0.00000000    0.06585265    0.03924422    0.06736175    0.09425199    0.79192832    0.91658451    1.43176671    1.35421459    1.31365902    1.36812904    1.53948993    1.36490404    1.35500608    1.74295672    1.52518861    1.56490013    1.62393353    1.53536415    1.27983631    0.87953386    0.71279808    0.80281357    0.63083527    0.60936127    0.64219772    0.84614327    0.74724034    0.61882417    0.60949124    0.56720969    0.54163324    0.66625659    0.65743860    0.61358062    0.65137283    0.61839889    0.68239181    0.72777020    0.73451001    0.64728317    0.69963182
J9KAN2_ACYPI/496-572     0.83960508    0.41366617    0.68145792    0.87344352    0.19353544    0.09316061    0.08075610    0.06585265    0.00000000    0.02513139    0.07902642    0.10534100    0.69402565    0.88602878    1.30838556    1.28995257    1.22869634    1.29998860    1.44483877    1.31793388    1.29000066    1.69377460    1.44796052    1.48553753    1.47871664    1.45268977    1.22943257    0.80973142    0.66630619    0.73227687    0.57647043    0.56738793    0.63883780    0.85673825    0.77562160    0.63257598    0.58268905    0.56669165    0.53449634    0.61530044    0.66585978    0.58508667    0.62121012    0.58987185    0.69130896    0.64775444    0.67082468    0.65159573    0.66225821
R4G483_RHOPR/505-581     0.83402053    0.45230735    0.70581268    0.87255282    0.19409842    0.06609098    0.08072737    0.03924422    0.02513139    0.00000000    0.05233831    0.07847120    0.67930833    0.86285387    1.33639376    1.33795062    1.29765385    1.35080728    1.49867028    1.34525828    1.33854657    1.70926305    1.50265384    1.53085542    1.50128117    1.47459962    1.23871906    0.82104457    0.68325495    0.72995303    0.59250601    0.61172832    0.66130430    0.84491445    0.78003415    0.62116106    0.61181061    0.56935866    0.53690596    0.66078033    0.66935139    0.58783707    0.62428519    0.59264792    0.66950715    0.65105732    0.67432471    0.64987840    0.70246397
D7GY91_TRICA/200-276     0.90974979    0.50666339    0.73168987    0.88855530    0.19962306    0.06763247    0.11088887    0.06736175    0.07902642    0.05233831    0.00000000    0.09519186    0.79342995    0.83404294    1.43984951    1.37530313    1.33451009    1.39768255    1.54555104    1.38677550    1.38312816    1.70266431    1.59900821    1.58088432    1.55428864    1.52611576    1.27875230    0.83136008    0.68824571    0.77271445    0.63767831    0.61337178    0.66920030    0.82704705    0.81820780    0.62274357    0.61342051    0.56380725    0.56784105    0.65533861    0.72922532    0.60740259    0.68859383    0.63582261    0.67258391    0.66507906    0.65387767    0.61557823    0.69388790
H9IZ59_BOMMO/431-507     0.85034754    0.48373369    0.74406501    0.95775461    0.20189496    0.10993444    0.13858237    0.09425199    0.10534100    0.07847120    0.09519186    0.00000000    0.66734875    0.82262013    1.42427473    1.33013633    1.31455327    1.26963797    1.48885014    1.32408646    1.32422072    1.69518005    1.42090777    1.47965213    1.49122388    1.46432938    1.26291286    0.77592147    0.63583844    0.69479724    0.61502217    0.58130320    0.63918721    0.84061554    0.78921052    0.57787985    0.58852010    0.53093181    0.47821161    0.59164769    0.64059276    0.53929574    0.61949353    0.57476850    0.64796695    0.61727212    0.62019088    0.60193358    0.65244383
D6W989_TRICA/468-547     1.07656974    1.00551658    1.12879187    1.27370815    0.83812362    0.76450938    0.74203868    0.79192832    0.69402565    0.67930833    0.79342995    0.66734875    0.00000000    1.47828794    1.93785400    1.82587777    1.80008080    1.83330719    1.83740975    1.94028667    1.60964027    1.87093923    1.80474307    1.91523163    1.76981223    1.80050743    1.64000368    1.15309198    1.13317506    0.98765593    1.09854895    1.23846104    1.23454450    1.35736015    1.29297247    1.21502532    1.26686283    1.21467125    1.16185803    1.27814061    1.34427321    1.18270259    1.26014705    1.16495597    1.33213654    1.18539482    1.22910272    1.27158676    1.28505889
A7SXF9_NEMVE/505-581     1.21274276    0.84268423    1.11937494    1.08396688    0.88394769    0.83021468    0.89842373    0.91658451    0.88602878    0.86285387    0.83404294    0.82262013    1.47828794    0.00000000    1.39618715    1.33756731    1.37895703    1.37758466    1.38896043    1.36731594    1.37722915    1.53728314    1.67878414    1.35555776    1.66682027    1.50265121    1.38446854    1.20415039    0.94395892    0.90847863    0.95304623    0.77334575    0.82934895    0.98433323    0.98726272    0.76458069    0.77077008    0.78987343    0.81762615    0.81248028    0.82993452    0.77878653    0.79862729    0.82020658    0.79994213    0.82995733    0.84095540    0.87138175    0.85933116
A7RWH0_NEMVE/492-567     1.56829063    1.54950600    1.43885396    1.43265401    1.29402390    1.33649310    1.36179849    1.43176671    1.30838556    1.33639376    1.43984951    1.42427473    1.93785400    1.39618715    0.00000000    0.94023732    1.02838229    0.91175146    0.99957381    1.12960768    0.94963368    0.97101002    0.85059858    1.18344518    1.07653466    1.06367518    0.80761420    1.48556728    1.39412934    1.31542092    1.39489123    1.33897559    1.52022693    1.63779257    1.35172355    1.41166965    1.46577800    1.34746952    1.26694038    1.36719898    1.30407256    1.32082017    1.47123546    1.46451513    1.49799449    1.48286126    1.50722745    1.62765658    1.47727818
A0A7M7R0Q9_NASVI/521-597     1.70718632    1.20048884    1.16873763    1.64536394    1.25851081    1.42489470    1.40384502    1.35421459    1.28995257    1.33795062    1.37530313    1.33013633    1.82587777    1.33756731    0.94023732    0.00000000    0.13900697    0.16761492    0.22045333    0.21695128    0.16882954    0.52353609    0.31054914    0.47633003    0.62871494    0.59059399    0.44062973    1.38208449    1.14148871    1.22278844    1.32600095    1.22112599    1.22402581    1.25702796    1.24655340    1.26165796    1.31257040    1.32714463    1.28449897    1.27168741    1.34416598    1.38898728    1.18154347    1.29285350    1.25515369    1.42754507    1.44911067    1.34325009    1.21098305
J9JWV8_ACYPI/543-619     1.57324573    1.23421230    1.24085015    1.61092393    1.23314187    1.38403337    1.34042839    1.31365902    1.22869634    1.29765385    1.33451009    1.31455327    1.80008080    1.37895703    1.02838229    0.13900697    0.00000000    0.19771227    0.33826872    0.31063063    0.23181084    0.61549748    0.38382608    0.55801709    0.61693958    0.58019618    0.45983044    1.39866784    1.15025301    1.22635631    1.32205971    1.15467005    1.11949166    1.22913312    1.15883625    1.31289457    1.33626791    1.31902338    1.26833781    1.29110669    1.38132427    1.41930514    1.19992849    1.31014760    1.27797720    1.37826595    1.40411135    1.36051966    1.20850398
T1IGJ3_RHOPR/509-585     1.50536343    1.24143925    1.30917843    1.59507877    1.21872318    1.44338364    1.42111343    1.36812904    1.29998860    1.35080728    1.39768255    1.26963797    1.83330719    1.37758466    0.91175146    0.16761492    0.19771227    0.00000000    0.35055503    0.35755174    0.19297293    0.61239391    0.27497543    0.48072243    0.62849464    0.59094175    0.45684763    1.38349813    1.18108281    1.24859635    1.40860713    1.18622620    1.11275836    1.32552030    1.14291597    1.23686526    1.30727162    1.33353152    1.26198221    1.25394386    1.34486981    1.36652512    1.13998331    1.28460320    1.28785561    1.36171313    1.38675313    1.33831392    1.20145698
E9GW23_DAPPU/532-608     1.58917439    1.35091167    1.24145695    1.62056465    1.42353847    1.53678077    1.51520678    1.53948993    1.44483877    1.49867028    1.54555104    1.48885014    1.83740975    1.38896043    0.99957381    0.22045333    0.33826872    0.35055503    0.00000000    0.28967362    0.25795084    0.65261776    0.34529658    0.50068722    0.62747231    0.56742583    0.43040835    1.55378982    1.09882871    1.33328182    1.45797377    1.21899809    1.31299482    1.16868129    1.17474365    1.31882334    1.40746793    1.42432202    1.44762167    1.46926276    1.40718318    1.47254400    1.27857208    1.39902234    1.33619897    1.47073303    1.49118652    1.45929848    1.31673786
D2A4B9_TRICA/528-604     1.58934508    1.26823908    1.22358714    1.48158220    1.22678621    1.41814505    1.42049934    1.36490404    1.31793388    1.34525828    1.38677550    1.32408646    1.94028667    1.36731594    1.12960768    0.21695128    0.31063063    0.35755174    0.28967362    0.00000000    0.32889903    0.67271382    0.46700392    0.58759901    0.67713549    0.64259798    0.55981422    1.60116934    1.20929932    1.33787716    1.39344411    1.29354069    1.34500005    1.24399431    1.27067923    1.24476575    1.32588138    1.36921605    1.31485859    1.39401322    1.35608179    1.36819551    1.19477822    1.24679661    1.28060797    1.49637825    1.57221202    1.45791546    1.26133379
E0VMZ3_PEDHC/534-610     1.46576778    1.24363032    1.15422248    1.48339351    1.31642866    1.42656425    1.46908586    1.35500608    1.29000066    1.33854657    1.38312816    1.32422072    1.60964027    1.37722915    0.94963368    0.16882954    0.23181084    0.19297293    0.25795084    0.32889903    0.00000000    0.55540868    0.25289634    0.50896234    0.60103666    0.57552447    0.43671098    1.44977419    1.10060752    1.31360720    1.28290723    1.08044210    1.12214819    1.28926731    1.11385977    1.12203448    1.20063995    1.24353972    1.18553790    1.25823782    1.41554311    1.27289947    1.05861270    1.19307867    1.14737327    1.25310356    1.30881061    1.24373122    1.05724813
B4I7A2_DROSE/559-635     1.68547370    1.56702441    1.60229141    1.86449901    1.43648654    1.70930381    1.79661258    1.74295672    1.69377460    1.70926305    1.70266431    1.69518005    1.87093923    1.53728314    0.97101002    0.52353609    0.61549748    0.61239391    0.65261776    0.67271382    0.55540868    0.00000000    0.51295599    0.78666988    0.91763578    0.92682126    0.76332904    1.58676064    1.42204932    1.32670785    1.43293987    1.39579462    1.53869890    1.55939362    1.24561798    1.34089943    1.27928709    1.42792861    1.55212509    1.57142897    1.58653003    1.32728503    1.25730762    1.29489317    1.41281499    1.37925708    1.56326111    1.46765597    1.38147889
Q7PRJ8_ANOGA/508-584     1.67549406    1.55056891    1.38352869    1.82610825    1.53709140    1.60769707    1.65093465    1.52518861    1.44796052    1.50265384    1.59900821    1.42090777    1.80474307    1.67878414    0.85059858    0.31054914    0.38382608    0.27497543    0.34529658    0.46700392    0.25289634    0.51295599    0.00000000    0.57938149    0.64585281    0.68085929    0.58075143    1.75377653    1.37910688    1.45718309    1.58419988    1.38379631    1.38455002    1.32975566    1.23881683    1.32174387    1.39645121    1.45873810    1.33720488    1.48288963    1.53519668    1.50197314    1.31147113    1.47248228    1.40116348    1.43737017    1.52783506    1.36853122    1.41384501
A0A212FMW2_DANPL/522-596     1.57000143    1.39157100    1.37123835    1.73644534    1.53116219    1.68916869    1.64321795    1.56490013    1.48553753    1.53085542    1.58088432    1.47965213    1.91523163    1.35555776    1.18344518    0.47633003    0.55801709    0.48072243    0.50068722    0.58759901    0.50896234    0.78666988    0.57938149    0.00000000    0.80740158    0.75099121    0.68827557    1.35404827    1.51251365    1.42304771    1.59878529    1.38715859    1.50906507    1.45717003    1.40601263    1.31304664    1.42757863    1.46099623    1.48390525    1.48784306    1.48712483    1.46909409    1.32965503    1.46860803    1.36496368    1.45848218    1.56414887    1.42501606    1.41831457
I3JWV9_ORENI/515-591     1.67667859    1.51250398    1.28316423    1.90357115    1.43417403    1.58957921    1.62357560    1.62393353    1.47871664    1.50128117    1.55428864    1.49122388    1.76981223    1.66682027    1.07653466    0.62871494    0.61693958    0.62849464    0.62747231    0.67713549    0.60103666    0.91763578    0.64585281    0.80740158    0.00000000    0.14306314    0.71497252    1.76802288    1.28948457    1.23665242    1.40861303    1.53305394    1.49770059    1.59021203    1.31003683    1.52424522    1.63269932    1.61066431    1.56643030    1.61847695    1.50797333    1.61665359    1.51544252    1.58535647    1.45647948    1.44305163    1.53873994    1.67042386    1.40552229
A0A2K5WBX3_MACFA/518-595     1.60601578    1.42935091    1.23628851    1.73954643    1.34638604    1.55986828    1.57886883    1.53536415    1.45268977    1.47459962    1.52611576    1.46432938    1.80050743    1.50265121    1.06367518    0.59059399    0.58019618    0.59094175    0.56742583    0.64259798    0.57552447    0.92682126    0.68085929    0.75099121    0.14306314    0.00000000    0.64982783    1.79736922    1.32214861    1.18893776    1.39177780    1.42911741    1.39842394    1.48382866    1.27720496    1.44137098    1.54393545    1.61781538    1.52068392    1.55060700    1.50052912    1.50940404    1.42357004    1.49602642    1.44594739    1.47502902    1.57167734    1.64153052    1.31910016
T1K990_TETUR/637-713     1.49865960    1.34499798    1.31736424    1.48043767    1.16893390    1.35315764    1.34621839    1.27983631    1.22943257    1.23871906    1.27875230    1.26291286    1.64000368    1.38446854    0.80761420    0.44062973    0.45983044    0.45684763    0.43040835    0.55981422    0.43671098    0.76332904    0.58075143    0.68827557    0.71497252    0.64982783    0.00000000    1.35416885    1.26225902    1.19427849    1.27475291    1.25475189    1.30581443    1.32526503    1.16225436    1.32227889    1.41558326    1.33616180    1.33558911    1.41633638    1.35584890    1.42226350    1.31087803    1.42069257    1.37308958    1.37638131    1.41760119    1.47094743    1.43358611
Q05768_ECHMU/483-559     0.87437321    0.77036648    1.13949691    1.24894371    0.69517004    0.82799229    0.88446519    0.87953386    0.80973142    0.82104457    0.83136008    0.77592147    1.15309198    1.20415039    1.48556728    1.38208449    1.39866784    1.38349813    1.55378982    1.60116934    1.44977419    1.58676064    1.75377653    1.35404827    1.76802288    1.79736922    1.35416885    0.00000000    0.83177206    0.79582269    0.99974553    0.86647842    0.96773891    1.04016639    1.03065867    0.83871835    0.85419046    0.80173751    0.78602549    0.76069294    0.77921009    0.80520959    0.80127579    0.79403071    0.94519761    0.83255021    0.87013335    0.95747512    0.89833501
K1PUJ1_CRAGI/512-588     0.67326323    0.62295283    0.80044059    1.16044698    0.60188405    0.66205780    0.68318148    0.71279808    0.66630619    0.68325495    0.68824571    0.63583844    1.13317506    0.94395892    1.39412934    1.14148871    1.15025301    1.18108281    1.09882871    1.20929932    1.10060752    1.42204932    1.37910688    1.51251365    1.28948457    1.32214861    1.26225902    0.83177206    0.00000000    0.50246456    0.49671430    0.40211315    0.53955496    0.61504347    0.57055359    0.52455267    0.50222964    0.55692972    0.55612927    0.54779378    0.57145407    0.53541501    0.53714478    0.53551696    0.68267866    0.57881525    0.56778570    0.56956979    0.46884402
T1EMA7_HELRO/499-573     0.81950891    0.65126619    0.85551714    1.19302319    0.63226712    0.75415103    0.75741720    0.80281357    0.73227687    0.72995303    0.77271445    0.69479724    0.98765593    0.90847863    1.31542092    1.22278844    1.22635631    1.24859635    1.33328182    1.33787716    1.31360720    1.32670785    1.45718309    1.42304771    1.23665242    1.18893776    1.19427849    0.79582269    0.50246456    0.00000000    0.34381771    0.65610803    0.68499433    0.80524845    0.62844175    0.55687196    0.58747412    0.61392404    0.64046801    0.56163890    0.61553638    0.59712192    0.57500133    0.56247905    0.68742427    0.56154416    0.61344834    0.62120961    0.55853970
T1FMK3_HELRO/498-574     0.83721888    0.55090183    0.83100500    1.18036892    0.56796310    0.57877093    0.54305765    0.63083527    0.57647043    0.59250601    0.63767831    0.61502217    1.09854895    0.95304623    1.39489123    1.32600095    1.32205971    1.40860713    1.45797377    1.39344411    1.28290723    1.43293987    1.58419988    1.59878529    1.40861303    1.39177780    1.27475291    0.99974553    0.49671430    0.34381771    0.00000000    0.49301943    0.48534504    0.66342159    0.55696679    0.51248700    0.44516244    0.52270437    0.51570678    0.54491546    0.56446816    0.50739019    0.47693192    0.45825854    0.59084384    0.53306517    0.56030343    0.51998589    0.47534280
I3IVA3_ORENI/512-588     0.75599046    0.64661861    0.68152101    1.02631244    0.62488849    0.57928977    0.56914512    0.60936127    0.56738793    0.61172832    0.61337178    0.58130320    1.23846104    0.77334575    1.33897559    1.22112599    1.15467005    1.18622620    1.21899809    1.29354069    1.08044210    1.39579462    1.38379631    1.38715859    1.53305394    1.42911741    1.25475189    0.86647842    0.40211315    0.65610803    0.49301943    0.00000000    0.20173028    0.53498458    0.30043791    0.28373681    0.21085774    0.22799320    0.28576998    0.26283582    0.35393999    0.28838527    0.24566844    0.29428927    0.39671759    0.33554066    0.34487389    0.23376496    0.18207925
M3ZJX0_XIPMA/516-592     0.93067363    0.68507027    0.76626122    1.12588593    0.70199521    0.63973585    0.64558818    0.64219772    0.63883780    0.66130430    0.66920030    0.63918721    1.23454450    0.82934895    1.52022693    1.22402581    1.11949166    1.11275836    1.31299482    1.34500005    1.12214819    1.53869890    1.38455002    1.50906507    1.49770059    1.39842394    1.30581443    0.96773891    0.53955496    0.68499433    0.48534504    0.20173028    0.00000000    0.67327475    0.37327799    0.38840559    0.31742084    0.32271380    0.37511770    0.36922979    0.43948194    0.39288199    0.29948193    0.35231316    0.38638260    0.41666898    0.42640314    0.31474694    0.31091424
C3XTM6_BRAFL/485-561     0.78034379    0.73877955    0.71379811    1.05932077    0.73555046    0.79251236    0.83929421    0.84614327    0.85673825    0.84491445    0.82704705    0.84061554    1.35736015    0.98433323    1.63779257    1.25702796    1.22913312    1.32552030    1.16868129    1.24399431    1.28926731    1.55939362    1.32975566    1.45717003    1.59021203    1.48382866    1.32526503    1.04016639    0.61504347    0.80524845    0.66342159    0.53498458    0.67327475    0.00000000    0.44871070    0.47902283    0.50677053    0.54986658    0.56667525    0.64873438    0.51395496    0.48412985    0.56084640    0.50448806    0.65049115    0.65766933    0.65948616    0.64250481    0.59890083
H2T6H5_TAKRU/510-586     0.72538557    0.69239614    0.81010301    1.21898904    0.75089448    0.73807996    0.77198420    0.74724034    0.77562160    0.78003415    0.81820780    0.78921052    1.29297247    0.98726272    1.35172355    1.24655340    1.15883625    1.14291597    1.17474365    1.27067923    1.11385977    1.24561798    1.23881683    1.40601263    1.31003683    1.27720496    1.16225436    1.03065867    0.57055359    0.62844175    0.55696679    0.30043791    0.37327799    0.44871070    0.00000000    0.36995655    0.33101878    0.37242698    0.42093227    0.44067222    0.42756558    0.40659987    0.31120263    0.34644940    0.48993926    0.45463634    0.46715179    0.35530797    0.33426644
H2SPE5_TAKRU/502-578     0.63064676    0.54782588    0.68168849    0.86678049    0.62233098    0.59994842    0.64541828    0.61882417    0.63257598    0.62116106    0.62274357    0.57787985    1.21502532    0.76458069    1.41166965    1.26165796    1.31289457    1.23686526    1.31882334    1.24476575    1.12203448    1.34089943    1.32174387    1.31304664    1.52424522    1.44137098    1.32227889    0.83871835    0.52455267    0.55687196    0.51248700    0.28373681    0.38840559    0.47902283    0.36995655    0.00000000    0.07586581    0.18400685    0.24801576    0.30718187    0.24347068    0.18413456    0.25186429    0.23466041    0.28000358    0.32232628    0.35221153    0.22646453    0.21697803
W5MXQ3_LEPOC/502-578     0.66853856    0.56422379    0.72039753    0.90439289    0.57463692    0.58013023    0.58407742    0.60949124    0.58268905    0.61181061    0.61342051    0.58852010    1.26686283    0.77077008    1.46577800    1.31257040    1.33626791    1.30727162    1.40746793    1.32588138    1.20063995    1.27928709    1.39645121    1.42757863    1.63269932    1.54393545    1.41558326    0.85419046    0.50222964    0.58747412    0.44516244    0.21085774    0.31742084    0.50677053    0.33101878    0.07586581    0.00000000    0.15780163    0.22352107    0.24857982    0.26629517    0.16222701    0.21773018    0.20143270    0.32000315    0.32983515    0.34380771    0.18077876    0.18283197
W5NBL6_LEPOC/503-579     0.73998545    0.61618756    0.77118260    0.99698151    0.59846535    0.53928649    0.56654055    0.56720969    0.56669165    0.56935866    0.56380725    0.53093181    1.21467125    0.78987343    1.34746952    1.32714463    1.31902338    1.33353152    1.42432202    1.36921605    1.24353972    1.42792861    1.45873810    1.46099623    1.61066431    1.61781538    1.33616180    0.80173751    0.55692972    0.61392404    0.52270437    0.22799320    0.32271380    0.54986658    0.37242698    0.18400685    0.15780163    0.00000000    0.07636242    0.18951711    0.23020536    0.10388790    0.24013209    0.25243233    0.27604138    0.25891419    0.28123480    0.21023423    0.19877508
H0WVR4_OTOGA/497-573     0.73336303    0.63491207    0.72619158    1.01966988    0.57569206    0.50870322    0.53463026    0.54163324    0.53449634    0.53690596    0.56784105    0.47821161    1.16185803    0.81762615    1.26694038    1.28449897    1.26833781    1.26198221    1.44762167    1.31485859    1.18553790    1.55212509    1.33720488    1.48390525    1.56643030    1.52068392    1.33558911    0.78602549    0.55612927    0.64046801    0.51570678    0.28576998    0.37511770    0.56667525    0.42093227    0.24801576    0.22352107    0.07636242    0.00000000    0.16047390    0.21581832    0.10394439    0.23363200    0.24635189    0.33647028    0.26667664    0.27594776    0.28442465    0.28563637
E7F638_DANRE/501-577     0.82560939    0.61715104    0.77099150    1.08603398    0.66367208    0.61907280    0.61210459    0.66625659    0.61530044    0.66078033    0.65533861    0.59164769    1.27814061    0.81248028    1.36719898    1.27168741    1.29110669    1.25394386    1.46926276    1.39401322    1.25823782    1.57142897    1.48288963    1.48784306    1.61847695    1.55060700    1.41633638    0.76069294    0.54779378    0.56163890    0.54491546    0.26283582    0.36922979    0.64873438    0.44067222    0.30718187    0.24857982    0.18951711    0.16047390    0.00000000    0.24753729    0.22936889    0.32506715    0.34764523    0.40692062    0.34283479    0.33662629    0.29479325    0.30994205
H2SLQ8_TAKRU/505-580     0.72679139    0.62152060    0.71466958    0.98048742    0.62126935    0.65995346    0.68189375    0.65743860    0.66585978    0.66935139    0.72922532    0.64059276    1.34427321    0.82993452    1.30407256    1.34416598    1.38132427    1.34486981    1.40718318    1.35608179    1.41554311    1.58653003    1.53519668    1.48712483    1.50797333    1.50052912    1.35584890    0.77921009    0.57145407    0.61553638    0.56446816    0.35393999    0.43948194    0.51395496    0.42756558    0.24347068    0.26629517    0.23020536    0.21581832    0.24753729    0.00000000    0.23043751    0.32726608    0.29051319    0.36303404    0.39689177    0.38113516    0.36919119    0.37492184
H3B5P9_LATCH/507-583     0.67005843    0.60753053    0.68267599    0.92989361    0.50245935    0.54488674    0.61234630    0.61358062    0.58508667    0.58783707    0.60740259    0.53929574    1.18270259    0.77878653    1.32082017    1.38898728    1.41930514    1.36652512    1.47254400    1.36819551    1.27289947    1.32728503    1.50197314    1.46909409    1.61665359    1.50940404    1.42226350    0.80520959    0.53541501    0.59712192    0.50739019    0.28838527    0.39288199    0.48412985    0.40659987    0.18413456    0.16222701    0.10388790    0.10394439    0.22936889    0.23043751    0.00000000    0.24705109    0.19972974    0.35029743    0.30440688    0.33932196    0.30259307    0.25096151
M4ASN9_XIPMA/506-582     0.77747343    0.57395649    0.69300992    1.01453953    0.61041350    0.61949891    0.66648106    0.65137283    0.62121012    0.62428519    0.68859383    0.61949353    1.26014705    0.79862729    1.47123546    1.18154347    1.19992849    1.13998331    1.27857208    1.19477822    1.05861270    1.25730762    1.31147113    1.32965503    1.51544252    1.42357004    1.31087803    0.80127579    0.53714478    0.57500133    0.47693192    0.24566844    0.29948193    0.56084640    0.31120263    0.25186429    0.21773018    0.24013209    0.23363200    0.32506715    0.32726608    0.24705109    0.00000000    0.07677055    0.31749285    0.23714927    0.24757014    0.19234911    0.17741500
H3DG58_TETNG/521-597     0.70326434    0.60794883    0.65271782    0.93952297    0.52233922    0.54977787    0.63324410    0.61839889    0.58987185    0.59264792    0.63582261    0.57476850    1.16495597    0.82020658    1.46451513    1.29285350    1.31014760    1.28460320    1.39902234    1.24679661    1.19307867    1.29489317    1.47248228    1.46860803    1.58535647    1.49602642    1.42069257    0.79403071    0.53551696    0.56247905    0.45825854    0.29428927    0.35231316    0.50448806    0.34644940    0.23466041    0.20143270    0.25243233    0.24635189    0.34764523    0.29051319    0.19972974    0.07677055    0.00000000    0.32606034    0.22760299    0.21748266    0.23775842    0.19177557
H3AAE0_LATCH/515-591     0.84869169    0.67735858    0.83270836    0.89483728    0.78151106    0.63779656    0.68634908    0.68239181    0.69130896    0.66950715    0.67258391    0.64796695    1.33213654    0.79994213    1.49799449    1.25515369    1.27797720    1.28785561    1.33619897    1.28060797    1.14737327    1.41281499    1.40116348    1.36496368    1.45647948    1.44594739    1.37308958    0.94519761    0.68267866    0.68742427    0.59084384    0.39671759    0.38638260    0.65049115    0.48993926    0.28000358    0.32000315    0.27604138    0.33647028    0.40692062    0.36303404    0.35029743    0.31749285    0.32606034    0.00000000    0.28231397    0.31872616    0.30143207    0.31224063
EZRI_BOVIN/505-581     0.72531020    0.65999174    0.85396397    1.08308113    0.70360997    0.63697285    0.69417129    0.72777020    0.64775444    0.65105732    0.66507906    0.61727212    1.18539482    0.82995733    1.48286126    1.42754507    1.37826595    1.36171313    1.47073303    1.49637825    1.25310356    1.37925708    1.43737017    1.45848218    1.44305163    1.47502902    1.37638131    0.83255021    0.57881525    0.56154416    0.53306517    0.33554066    0.41666898    0.65766933    0.45463634    0.32232628    0.32983515    0.25891419    0.26667664    0.34283479    0.39689177    0.30440688    0.23714927    0.22760299    0.28231397    0.00000000    0.07670529    0.28455945    0.25230865
F6QDS8_ORNAN/510-586     0.75976438    0.70935474    0.82285531    1.11601465    0.72639474    0.64337440    0.70067217    0.73451001    0.67082468    0.67432471    0.65387767    0.62019088    1.22910272    0.84095540    1.50722745    1.44911067    1.40411135    1.38675313    1.49118652    1.57221202    1.30881061    1.56326111    1.52783506    1.56414887    1.53873994    1.57167734    1.41760119    0.87013335    0.56778570    0.61344834    0.56030343    0.34487389    0.42640314    0.65948616    0.46715179    0.35221153    0.34380771    0.28123480    0.27594776    0.33662629    0.38113516    0.33932196    0.24757014    0.21748266    0.31872616    0.07670529    0.00000000    0.26098507    0.29169253
W5NHV6_LEPOC/508-584     0.82940203    0.64212199    0.77394685    1.10474494    0.73971760    0.61488463    0.56225355    0.64728317    0.65159573    0.64987840    0.61557823    0.60193358    1.27158676    0.87138175    1.62765658    1.34325009    1.36051966    1.33831392    1.45929848    1.45791546    1.24373122    1.46765597    1.36853122    1.42501606    1.67042386    1.64153052    1.47094743    0.95747512    0.56956979    0.62120961    0.51998589    0.23376496    0.31474694    0.64250481    0.35530797    0.22646453    0.18077876    0.21023423    0.28442465    0.29479325    0.36919119    0.30259307    0.19234911    0.23775842    0.30143207    0.28455945    0.26098507    0.00000000    0.15915327
Q503E6_DANRE/519-595     0.76206563    0.58289725    0.70666190    0.98483137    0.65928581    0.66468003    0.66369728    0.69963182    0.66225821    0.70246397    0.69388790    0.65244383    1.28505889    0.85933116    1.47727818    1.21098305    1.20850398    1.20145698    1.31673786    1.26133379    1.05724813    1.38147889    1.41384501    1.41831457    1.40552229    1.31910016    1.43358611    0.89833501    0.46884402    0.55853970    0.47534280    0.18207925    0.31091424    0.59890083    0.33426644    0.21697803    0.18283197    0.19877508    0.28563637    0.30994205    0.37492184    0.25096151    0.17741500    0.19177557    0.31224063    0.25230865    0.29169253    0.15915327    0.00000000

