94
H7C6X6_ENTFA/346-448     0.00000000    2.15541792    2.78558871    2.91942898    3.35566274    3.05986607    3.44409206    2.70522116    3.00602630    2.69751574    2.62715081    2.34179710    2.82018560    3.23318441    2.44211389    3.31417779    2.70690610    2.38604361    4.64792987    3.28287982    3.50421036    2.24906764    3.96815499    2.72522069    3.00084960    4.23276545    4.06883266    2.11617791    2.93303958    2.47888288    3.05696692    3.25577143    2.74128823    2.34323235    2.81302566    3.49974395    2.37981474    3.10827891    2.98678238    3.39806762    2.60521572    2.89782059    3.00390695    3.35326306    2.86341446    3.25637373    2.87819683    4.96830552    4.18880263    4.71069466    4.07274561    3.54608915    3.53572600    3.28759952    2.84894497    3.69606958    3.43761496    3.99941022    2.56629531    2.36369137    3.41646141    3.57673207    3.98278291    3.00688798    3.72009578    4.07086468    3.07601989    3.26439119    4.50301261    3.35054234    3.45814736    4.70133666    2.88991012    1.93754752    3.09253539    2.82381560    5.07647837    3.53655561    2.69361614    3.12901352    2.80002698    2.79178872    3.73879677    2.77409996    2.66227603    3.32745661    3.15009131    3.17572956    3.18073763    2.51640145    2.81472070    2.47836139    3.58535185    3.91510247
B0T4X9_CAUSK/66-187     2.15541792    0.00000000    2.66609156    3.76606136    2.78603010    3.42835323    3.61978124    2.97040288    2.75786046    2.85969506    2.65585163    3.24719035    2.41360404    2.70512295    2.50503902    2.98859651    2.28229794    2.84077807    3.68019832    2.56632652    2.95186289    2.41297133    3.52796405    2.05389084    3.44004905    3.01125790    2.77465437    2.85356311    3.75882557    3.19768938    3.43499807    2.71817480    3.78211677    3.42041943    3.17267856    3.56050050    2.83329748    3.31776769    3.56856305    3.32001232    4.28058177    3.01898771    3.25903689    2.99132688    4.11271671    3.38126121    4.87041454    4.59955659    4.74896291    4.61898844    4.07000499    3.88373701    6.14514679    3.38496062    3.15052137    3.77808231    3.74119507    4.45598185    3.86321173    3.99091731    3.23347063    3.87353603    4.09917794    3.88658447    4.54515920    3.39634167    3.76716544    3.83375058    3.87640327    3.48352655    3.69241638    4.84871277    3.67353852    3.66112891    4.55104640    2.86114943    4.05206130    4.33500557    3.47132583    3.45147646    3.67789604    3.97774720    3.97937721    4.36116016    3.75843357    3.16806800    4.20888638    3.53207517    3.55557987    2.30326154    2.51308754    2.80238726    2.79733157    3.78250397
A0A1H8P463_9BRAD/47-163     2.78558871    2.66609156    0.00000000    1.88771775    2.56875424    3.24443154    2.45124610    2.23518825    2.11890067    2.37945762    2.08913394    2.41237736    2.45503225    3.60116357    3.49078346    3.66220286    2.30422499    1.81036143    3.19522474    2.36034914    2.10604275    1.97214772    2.85501313    2.02870084    2.97007459    3.52374822    2.42815906    2.72159241    3.19127426    2.57798572    3.26738610    2.49255044    3.18919731    2.78461013    2.84212324    3.25015381    2.66661836    3.31158403    3.39720481    2.20842480    2.90252976    3.47266615    3.40093155    3.30852593    3.11775118    3.28142405    3.18995171    4.98443163    3.74423784    4.18150622    5.19167720    4.56300400    4.16423543    3.76226487    3.03631943    3.45684247    4.51650477    5.05941065    2.94342967    2.90684816    3.57231386    3.94512411    3.70329556    3.65266138    3.94521724    4.11059686    3.60849904    3.84575358    3.64467079    3.76953268    4.00373925    5.45531134    4.62191221    2.72435664    3.98212421    3.45887592    4.85970640    4.01403522    3.46766348    2.96703606    2.93517247    3.41774745    3.80069952    4.74197384    2.79642855    3.54058445    2.18874053    2.75831453    3.36120099    2.02481947    2.43474040    2.43740500    3.43452299    2.63930171
A4APR1_MARSH/44-156     2.91942898    3.76606136    1.88771775    0.00000000    2.01665881    2.37112684    2.53645518    2.63273742    2.70688090    2.83795191    2.30504214    2.47622062    2.56528102    3.05345124    2.89623925    4.50063647    2.31406150    2.22023813    2.85042964    2.09305839    2.68188489    2.48997737    2.90490137    2.14369527    2.78839638    3.15673298    2.29355056    3.12301090    3.42502737    2.33052381    4.14511946    2.61309692    2.96867686    3.28877992    3.67939880    4.41290376    3.80079946    5.33929230    4.52144092    3.24880536    3.29121217    3.18711342    3.26394874    4.15180034    3.58397449    5.72236193    3.96869586    7.74591054    4.89729161    4.54815736    3.80915725    3.75130982    4.86688084    3.47069700    3.73729757    3.55178292    3.74954394    4.66970208    2.75618145    3.31877090    3.65038939    4.63949850    4.21918976    3.87393080    4.30354537    4.73687918    3.68460581    4.69741932    4.03690339    3.53662053    4.09660851    5.54758400    3.85739931    4.46251804    5.35527270    3.17999138    4.55151474    4.10196282    4.27363254    3.66338715    3.50624143    3.32967223    4.39791981    3.52194901    2.96580737    4.20728154    4.54681901    3.90714068    3.25462099    2.59150732    2.69198369    2.86663349    4.34839066    3.13485927
Q93M88_CLOPE/251-355     3.35566274    2.78603010    2.56875424    2.01665881    0.00000000    2.01250554    2.61083923    2.13970841    2.46031513    2.81939292    2.62975244    2.86583033    3.15124977    3.10720606    2.43245081    3.61272308    2.46837178    2.28699329    4.37767496    2.51369874    3.48895142    2.20880645    2.32419247    1.91344151    3.30305273    3.14597463    3.32308197    2.85537708    4.01277387    2.01733167    3.32763639    3.21546485    3.51068523    3.46609554    3.24477672    4.06780935    3.85916050    3.42632009    4.49716752    3.51582196    3.84942757    2.93658501    3.04554004    3.76328028    3.57738445    3.95597550    4.02998366    4.75318396    3.06667645    4.27346672    3.47004736    4.39162161    4.74426667    3.49823606    3.09341468    3.36079434    4.35639427    3.46985335    3.06673819    2.89407652    3.66879632    3.33162479    4.29953022    3.13105357    3.86997701    3.79211333    3.62764774    2.86884590    3.25820219    3.16686082    2.65423030    3.32111135    3.48695257    3.01749406    4.05508538    3.26288208    3.42086517    3.22496657    2.87490312    3.72185360    4.75056661    3.83130836    3.74945535    4.01550650    3.61746462    3.43659751    3.57229602    4.02300854    3.44821674    2.66993309    3.08279015    2.90893753    3.30066105    2.88507016
A8AWI6_STRGC/381-474     3.05986607    3.42835323    3.24443154    2.37112684    2.01250554    0.00000000    2.34853096    4.00200263    2.78326952    2.87152770    2.50890952    2.69438579    2.64915080    2.52864858    2.64323914    3.35768596    2.43722161    2.32687224    2.75618624    2.69473403    2.34410951    2.63336904    3.90074872    2.74127737    3.56422116    3.89476968    2.87073907    3.37097695    3.28655621    3.00564033    3.23847293    3.46708239    3.73447672    3.02374200    2.40748058    3.08219977    3.38242573    2.67328388    3.02959721    3.94194255    3.01496254    2.48455145    2.76023798    2.89515546    4.13750196    3.46837067    4.59570115    5.12270834    3.50525737    3.17551677    2.47244967    3.24075680    4.48498011    3.34140433    3.70395263    2.86631091    3.30706201    4.25880216    2.87920195    3.32821149    3.53511754    3.41616786    4.33345471    3.86291281    4.38745015    4.37206525    3.66312607    3.08821211    3.62718666    2.68761784    3.74839597    4.28900566    2.95782691    4.00731184    3.99828896    3.65517580    4.16875366    2.99399994    3.22222310    4.33706497    4.59025143    4.27670873    4.30949753    3.90332116    2.98890606    3.48451362    5.05391922    3.07263708    3.42956197    2.94002761    3.10483526    2.69216161    3.38739193    3.30546907
A5Z7L8_9FIRM/176-304     3.44409206    3.61978124    2.45124610    2.53645518    2.61083923    2.34853096    0.00000000    3.61149089    3.12654772    3.27065626    3.74439506    4.00032558    3.13155865    4.15035554    3.64967569    3.40221710    3.40524969    2.54459323    5.04500773    3.29977150    3.17230029    3.38925028    3.53964258    2.47359085    3.38164899    5.09666953    2.57743999    4.21511518    3.28994978    3.97274838    3.67682937    2.70733128    3.08634476    4.08182118    2.75304359    3.54407020    4.96073952    3.86874741    3.33539392    3.63403817    2.65222035    3.18231847    4.10034170    4.13363384    3.62487080    4.25403668    4.06837188    4.38926336    3.50004978    3.48970627    3.18748437    3.70402731    4.64400518    3.10892503    2.92059229    2.49026474    3.26874433    3.97461665    3.87361601    3.19487159    3.49337635    3.32407230    3.67287429    4.26394123    4.41382411    3.73957373    3.05272136    4.68885557    3.04264977    2.92804066    3.14312053    4.68067276    3.97041611    4.10976796    4.52595867    3.75140961    4.45409074    6.96365891    3.64991327    3.87143978    4.10993605    2.90382861    4.09312476    3.25532715    3.54699398    4.83114125    4.43895952    3.51507143    4.05088445    3.55810523    3.37436488    3.84235649    4.83308558    3.28977173
Q8TV37_METKA/46-150     2.70522116    2.97040288    2.23518825    2.63273742    2.13970841    4.00200263    3.61149089    0.00000000    2.08996086    2.63071275    2.36589684    2.87087315    3.57786012    2.96662281    2.65223054    2.96301516    2.19739287    2.58720678    3.88577394    2.94014533    2.67245578    2.52302041    3.75055113    2.87301609    2.72487921    2.75358138    2.57161542    2.64303612    4.17852861    2.57293130    3.57302011    3.32741293    3.85654162    3.22828275    2.63895151    4.21356860    2.94324410    3.24321453    4.14233520    3.57204376    4.43700355    3.26144970    3.57057475    4.75804517    4.26036761    4.03320120    4.17557379    3.82638912    3.96336512    5.05301385    4.99895357    3.58625680    4.92297196    4.80707953    3.77271848    5.10743115    5.19954523    4.54844544    3.40231912    3.21374570    5.10995851    4.10302923    5.79195189    4.85781695    4.41034764    5.11130828    4.45492927    3.78353376    3.76346739    4.25681534    4.04574058    3.83652385    4.08039536    2.76825557    4.09717439    4.43796951    4.62890181    3.22714872    3.61008456    4.60127760    3.27665056    4.66570425    4.59127975    3.14296594    3.04009185    2.92595124    4.09187158    3.21052481    4.02796053    2.78505062    2.48592850    3.18569617    3.21546353    2.63711051
Q556T8_DICDI/39-198     3.00602630    2.75786046    2.11890067    2.70688090    2.46031513    2.78326952    3.12654772    2.08996086    0.00000000    2.48200009    3.06166271    2.73206775    2.65906556    2.67213283    2.40713257    2.96594435    2.68430339    1.88250847    2.84801104    2.14208296    2.68369098    2.33956358    3.19778315    3.18781456    2.73115033    2.96204295    3.07916525    3.36567674    3.14171060    2.26959833    3.75021867    2.45067585    3.22753374    4.04368168    4.17489748    5.35286350    3.94024910    2.87460544    3.04326685    3.93032904    3.09152040    3.46631787    4.36475807    4.10212778    5.18848685    5.13721680    3.65198744    5.05071094    4.33052572    5.58059734    5.01634665    4.95952818    6.11988255    4.86857602    4.19657552    4.48119547    4.71549368    5.05472879    3.63106354    3.66386059    6.02712067    4.51196751    6.75977289    4.70241756    5.57712695    6.22100758    4.87254497    4.53863855    4.03734729    4.77217948    5.28414233    5.86304772    5.94364462    3.50094683    7.03621818    3.73865377    5.44960374    4.39979099    4.85029536    4.23030491    5.17652376    2.64042791    4.82298433    3.02089796    3.14070099    2.64523755    3.56686443    3.22389449    3.86601875    2.74587119    2.70510901    3.29523931    4.28857071    4.04285880
A3VA09_9RHOB/51-165     2.69751574    2.85969506    2.37945762    2.83795191    2.81939292    2.87152770    3.27065626    2.63071275    2.48200009    0.00000000    1.73345556    2.70269679    2.55123928    2.66736559    2.72794453    2.74928630    2.33845874    2.08741938    3.80468290    2.20602943    2.74242159    2.28925578    3.30870554    2.13538583    3.45325935    3.19516350    3.58000388    2.61549603    4.03132681    3.17420184    3.55039189    2.36502333    2.93059256    4.49774142    2.67369806    3.84601270    2.96285310    3.76426652    2.72165776    3.04346076    2.63020696    3.05010155    5.02481730    3.50719804    4.37019611    3.71364941    4.74158458    4.90484572    4.25130095    5.12373922    4.95012146    3.10213250    3.80548717    4.13768463    3.57872558    3.31193594    3.52069417    4.30281737    3.19081164    3.15809791    2.92837342    3.55641624    3.84217848    3.25130349    3.33890021    3.58555862    4.24746554    3.00343451    3.17934026    3.61101802    3.67775658    4.84561885    4.39211487    3.71909932    5.41412940    3.45026776    4.54069840    4.15880132    3.08985105    2.49506067    3.53831840    2.48007183    3.39971526    3.92749732    2.70175647    4.33001341    3.33002744    3.54403215    3.21586399    2.31479568    3.67348102    3.60490251    3.54905582    3.02262526
A0A1A5IAQ1_RHILI/52-169     2.62715081    2.65585163    2.08913394    2.30504214    2.62975244    2.50890952    3.74439506    2.36589684    3.06166271    1.73345556    0.00000000    2.08251256    2.05637973    2.03338159    2.38106087    2.98291137    2.47571511    1.68141053    2.68621849    2.25816998    2.30336687    2.57945692    3.33409709    2.34660415    4.12766689    3.61004152    2.43698815    3.21662436    3.20621378    2.75766829    3.18601321    3.42550843    2.97682815    2.55907279    2.61897617    4.13881303    3.26436006    3.74293671    2.47529660    3.99339795    3.11420001    3.49227743    4.16026436    3.71509209    5.18152667    5.03555459    4.25074776    6.03784460    5.55959975    4.24167714    6.68433593    4.07929308    4.55740405    4.04315175    4.44434389    5.94374201    5.13136508    5.40345706    3.73049372    3.40807888    4.27184282    4.63746293    4.16562762    3.61754497    3.89262810    4.45475057    3.74072290    3.69541852    3.64364042    3.72816985    4.66999541    5.08491669    4.77835183    3.74059626    3.91569087    5.14232921    5.67021999    4.68105397    4.97628314    4.10840604    2.81167444    3.36121407    3.97210741    3.04258713    2.87513850    3.74422351    3.79061157    4.16402543    2.99091938    2.21279743    2.77409427    2.66642855    2.91899029    2.60316155
A4EGZ4_9RHOB/52-168     2.34179710    3.24719035    2.41237736    2.47622062    2.86583033    2.69438579    4.00032558    2.87087315    2.73206775    2.70269679    2.08251256    0.00000000    2.00054589    2.22155968    2.25896953    3.69702306    2.14844617    1.99991511    2.76697983    2.55546808    3.17892365    2.42202345    3.41461042    2.53205558    3.29803456    3.86032616    3.21619991    4.16481391    3.01188054    2.86102488    3.43238027    3.04074329    3.64906436    3.71899772    2.99991016    3.87294334    2.52835814    3.24200986    2.56447918    4.61609433    3.40275972    3.75049421    3.88005715    3.91437731    4.23984969    4.78970174    3.46689415    5.53620213    4.83674172    4.42598445    3.68859966    4.09552192    5.38472274    4.20932689    3.54413988    5.02697431    4.35067974    4.20250948    3.64699308    2.85235752    3.77298986    3.51384852    5.58901371    4.11217112    3.93597370    4.61781021    3.63960931    4.93275285    4.65959281    4.09964953    4.01718159    5.03477175    4.39623129    3.24584217    3.68585816    3.70213656    4.38874069    3.99740913    4.71396179    4.32572533    3.13928552    3.63500302    3.86317529    3.89451768    3.39693230    3.72477325    3.71396094    4.06697701    3.40315128    2.38909445    2.24636656    3.75255291    3.16741162    2.94701733
Q9K4M0_STRCO/182-299     2.82018560    2.41360404    2.45503225    2.56528102    3.15124977    2.64915080    3.13155865    3.57786012    2.65906556    2.55123928    2.05637973    2.00054589    0.00000000    2.65579301    2.63263922    2.61904951    2.34725333    1.68005266    3.42667200    2.65291098    3.30229775    2.33965529    4.57004929    2.37640076    3.16402339    3.48503251    2.83780977    3.12063619    2.71691881    4.10176283    3.00415367    2.37885717    2.93333190    2.84287276    3.25003016    3.54756228    2.48516401    3.64332146    3.60344443    3.54934753    3.36041224    4.19922528    4.27609020    2.82423267    4.73747756    4.66599430    5.39221269    6.41427673    4.27797045    3.25503491    6.05519732    3.86627472    4.84223244    4.39409973    3.37188570    4.02408230    4.40592157    4.17002628    2.82130366    2.89803175    3.92188059    4.95218883    4.06893094    3.78250742    4.31941816    4.17702639    3.97557553    3.00148307    3.39049568    4.11052841    3.70417432    5.81391346    4.49983798    2.97806816    4.40916013    3.92136566    5.52742443    4.04351568    4.96701298    3.62577848    2.81981588    3.82261331    4.62042924    5.63104176    3.87679872    3.06737945    4.35064164    3.25643808    2.99183345    2.29678954    2.77242022    2.84201791    3.70319545    3.60856800
A1ZMU0_9BACT/151-270     3.23318441    2.70512295    3.60116357    3.05345124    3.10720606    2.52864858    4.15035554    2.96662281    2.67213283    2.66736559    2.03338159    2.22155968    2.65579301    0.00000000    1.27311925    1.74896867    2.45237859    2.46072644    2.61496693    2.04516145    3.27385797    3.13568883    3.77620653    3.17994936    4.12486540    2.89704592    2.83605500    3.94728217    3.17587243    2.95534541    4.32404715    3.96999736    5.30185706    4.10163320    3.38989460    4.20543442    4.11764571    2.86769436    4.47374995    4.38324364    4.39850589    3.73986909    4.32731727    3.97124393    7.27930563    5.51623585    5.53152292    5.66443962    5.59270908    5.25945649    5.11092503    3.76874134    4.84975280    4.17230383    3.77459493    4.92733265    4.59028802    4.18013086    4.02786342    5.15073198    4.42845857    3.80572166    5.37368571    4.80144332    5.05402569    6.57000259    4.90223401    4.39840967    5.14964352    5.55966180    4.29669540    4.99407224    3.70800169    5.96823673    4.29850178    5.14050557    5.94824975    5.53695776    5.63665690    4.78675854    4.58938021    3.55514674    3.08854898    3.48327068    3.61045467    3.79315446    4.72736241    3.61008143    4.48794972    2.60131626    2.35310383    2.71138592    3.82158736    2.82220994
Q23D94_TETTS/56-177     2.44211389    2.50503902    3.49078346    2.89623925    2.43245081    2.64323914    3.64967569    2.65223054    2.40713257    2.72794453    2.38106087    2.25896953    2.63263922    1.27311925    0.00000000    1.44662780    1.98225082    2.36491974    2.93602734    2.21526286    2.79039036    2.91378922    3.97090302    2.86612509    3.66676352    2.58052081    3.15027042    3.91209024    4.22812425    3.09940176    4.02785064    4.22036515    4.54150105    3.91890689    2.90798115    4.01343307    3.42865212    2.93448907    3.72940978    3.99051225    3.48352709    3.62996778    3.96554969    3.66029441    4.47422654    4.37381524    4.71178850    4.71144057    4.13028763    5.06851885    5.19636544    3.73924726    3.88117563    3.57684676    3.24139057    4.22093994    4.69641151    4.40097702    3.45888687    3.19740432    3.63823648    3.72526361    4.72430410    3.11134249    4.17855458    4.11051479    4.07879771    3.46246010    3.36859277    4.69064716    3.71254230    5.30066554    3.46075226    3.88678312    3.49312230    3.47195030    6.48851526    4.74697753    4.08550746    3.88270528    4.66854983    3.18110072    4.27525391    3.56350761    4.20557437    3.33787153    4.23526901    4.22425252    3.98494045    2.85421930    2.72128035    2.52791675    3.73849868    2.69344553
A1AKQ6_PELPD/78-202     3.31417779    2.98859651    3.66220286    4.50063647    3.61272308    3.35768596    3.40221710    2.96301516    2.96594435    2.74928630    2.98291137    3.69702306    2.61904951    1.74896867    1.44662780    0.00000000    3.18155092    3.18611166    2.79998320    2.38495351    2.77910280    3.06729573    4.89977072    2.46063063    3.74449122    3.72190207    4.16232699    3.85194890    3.71081751    3.24549624    3.70483970    2.89611163    5.46066529    6.96338267    4.24855423    4.21138750    4.87037491    3.30243535    3.50260842    5.41723352    3.61714114    4.73484926    7.23706608    4.82240658    5.61401307    4.91012309    5.07321131    7.54073111    5.15207292    5.36684054    6.06138773    4.55181614    4.95964504    3.85468631    6.97426830    4.61187680    6.84417474    4.39797333    3.68714971    3.67197281    5.44048753    4.49940235    5.83944302    4.42707759    4.40572667    5.23756169    4.34567497    3.78032870    4.46881014    5.72748799    4.82526519    6.12510026    4.16599142    4.56690896    3.98397396    4.94781961    7.43008711    4.72155738    4.42209703    4.92099045    4.58921265    3.57254219    4.48824629    4.69592390    4.59314279    4.36931012    5.97215170    5.19518710    4.03937748    3.80781555    3.85900013    3.48507836    4.95822117    3.29468964
Q28T89_JANSC/12-142     2.70690610    2.28229794    2.30422499    2.31406150    2.46837178    2.43722161    3.40524969    2.19739287    2.68430339    2.33845874    2.47571511    2.14844617    2.34725333    2.45237859    1.98225082    3.18155092    0.00000000    1.72666018    2.39865748    2.02289569    2.58337440    2.35714690    2.92098869    2.21083778    3.94860388    2.83929823    2.81718294    2.58418098    3.62252377    2.38877579    3.09248174    2.17495188    3.21336723    2.78821862    3.44220614    3.22324622    2.51192437    2.64897859    2.70025139    3.72196721    3.49802358    3.00766245    3.63838353    4.56818438    3.74640560    4.48844416    4.80921690    4.38477617    4.68178945    4.04181407    4.31194414    3.66460996    4.75383847    3.61390242    4.02531026    4.29649598    4.95884295    4.12495326    3.14040399    2.59278045    4.12077497    4.35712766    4.30399037    3.12494668    4.05289784    3.89828556    3.52235584    4.04534335    3.67806010    5.29768060    5.97289163    5.55437583    4.88679469    3.78382638    5.30421688    3.29196843    6.19871350    4.56847414    4.35164333    3.56040269    2.99266443    3.36102074    3.45641508    3.64637879    2.84876726    2.85968589    3.60271289    3.12729169    3.07754057    2.30150220    2.12883089    2.36092304    2.50488432    2.95143388
A6FCW4_9GAMM/85-212     2.38604361    2.84077807    1.81036143    2.22023813    2.28699329    2.32687224    2.54459323    2.58720678    1.88250847    2.08741938    1.68141053    1.99991511    1.68005266    2.46072644    2.36491974    3.18611166    1.72666018    0.00000000    2.56057958    1.45915426    2.40565054    2.30028885    3.17480922    2.73578325    2.72135890    2.88452789    2.56974879    2.74564208    3.77558591    3.08989655    2.75837502    2.23998155    3.02398540    3.11982988    3.02733253    3.36866855    2.89469153    3.34927082    2.83184645    3.14731252    2.52755717    2.69700828    3.83712424    2.60849631    4.56436439    4.27591832    3.48561984    4.11757933    5.46310457    4.49710098    4.34371654    4.25649920    5.04050997    4.29452380    3.02349685    3.62423063    4.46954811    4.11912882    3.78289683    2.49157929    3.79947172    4.05589902    4.11598127    3.03855513    3.98501572    4.19631575    3.74711778    3.18978728    4.29582131    4.03431256    5.00913974    4.44566088    4.60677497    3.76698451    4.07576416    5.12581555    4.37678331    4.69263800    3.56080239    4.61578579    2.54737722    2.32997577    4.64877395    2.85071021    3.02386323    3.02703258    3.21604403    2.76806086    3.12517795    2.14738460    2.39711180    2.58466746    2.61519466    2.87941659
Q55GD8_DICDI/292-435     4.64792987    3.68019832    3.19522474    2.85042964    4.37767496    2.75618624    5.04500773    3.88577394    2.84801104    3.80468290    2.68621849    2.76697983    3.42667200    2.61496693    2.93602734    2.79998320    2.39865748    2.56057958    0.00000000    2.15085069    4.22134964    5.43704401    4.11073364    3.24507463    3.99836617    4.23934372    2.74882025    4.68931575    3.85019402    3.66899362    4.47633293    3.58117964    5.36204044    4.07846205    3.77646579    4.29747502    3.86473695    3.78302955    5.12023658    4.19456478    4.07588656    3.63573069    5.73282209    4.42017197    5.59441496    5.99974426    4.78410581    3.68664580    5.15433551    4.27732396    6.42491841    3.98213544    5.78902279    4.00683260    4.40290278    4.95467337    5.47632765    4.24377561    4.63178427    3.73166152    4.73187614    5.41723365    5.53317106    4.47108029    6.24980670    6.10755370    4.02738170    4.00391929    6.06917088    6.36918983    7.31309156    3.83998144    3.86155864    4.29739054    4.06335684    5.60352189    7.41411223    5.85365021    4.68628127    4.22387733    2.93716907    3.45326027    4.94752710    5.90357714    3.84856353    4.77169011    4.70861123    4.24510969    4.45620359    3.25541416    3.84453398    3.51173127    3.83985388    3.64956807
Q635Y9_BACCZ/222-333     3.28287982    2.56632652    2.36034914    2.09305839    2.51369874    2.69473403    3.29977150    2.94014533    2.14208296    2.20602943    2.25816998    2.55546808    2.65291098    2.04516145    2.21526286    2.38495351    2.02289569    1.45915426    2.15085069    0.00000000    2.32559873    3.05829511    2.65013981    2.46509488    3.06782518    2.88673102    2.96486337    2.36465115    3.59298118    3.31662722    3.72235591    2.58020768    3.16121252    3.80487406    3.04081002    2.97718568    3.66649197    2.67945752    3.05380525    3.10862143    3.64062330    3.25280022    5.38919201    2.76853414    4.00608518    3.42966744    2.97623086    4.86410186    4.77271379    4.44287015    5.93505283    3.55985489    4.94039203    3.44282516    2.48944103    4.46116763    4.14115132    4.10149636    4.28368426    3.21673587    3.82343391    4.61855685    4.54486928    3.85375366    4.65498688    4.83440205    4.12673717    3.27565416    4.08595146    3.54987458    3.79012394    3.83903070    3.40635862    3.69919612    3.52058970    3.92178987    5.69343627    3.56940410    3.57240462    2.86482838    3.71141640    2.70301986    5.47961398    3.23134319    2.99060265    4.30010683    3.52696835    2.91703821    3.56097421    2.35983275    2.70003148    2.54462210    3.33225515    2.39339108
A6W483_KINRD/57-164     3.50421036    2.95186289    2.10604275    2.68188489    3.48895142    2.34410951    3.17230029    2.67245578    2.68369098    2.74242159    2.30336687    3.17892365    3.30229775    3.27385797    2.79039036    2.77910280    2.58337440    2.40565054    4.22134964    2.32559873    0.00000000    2.05640752    2.46195638    2.19879476    2.46396730    2.81437445    2.74677179    3.09172486    3.02964646    2.46006299    4.21687236    2.46756770    4.05736774    3.12462308    2.88554308    3.81967187    3.11339194    2.33924238    3.25289194    3.48304561    3.56286840    3.16592228    4.54427948    3.85726519    4.03698084    5.60193199    6.01161182    4.50475603    3.65614512    4.66685864    5.46417314    3.48548845    4.38266455    4.33546459    3.93436106    4.52938580    3.96133558    4.34856784    3.01694452    3.21069259    4.21697172    5.31759142    4.06865694    5.03803149    3.77078053    3.68251699    3.72092316    4.40874190    3.57550461    3.96863839    4.06710544    5.30344536    4.00803462    3.69472162    4.32058446    4.55395196    4.94481580    3.85592019    4.24072413    3.78355842    3.93410103    4.72655259    4.86129292    3.26585161    3.20075094    3.05419704    3.05108007    2.74270816    3.35994865    3.18621814    2.46969975    2.89214860    3.47859581    2.81381745
Q5P3P7_AROAE/29-153     2.24906764    2.41297133    1.97214772    2.48997737    2.20880645    2.63336904    3.38925028    2.52302041    2.33956358    2.28925578    2.57945692    2.42202345    2.33965529    3.13568883    2.91378922    3.06729573    2.35714690    2.30028885    5.43704401    3.05829511    2.05640752    0.00000000    2.48630968    1.85837548    2.50230022    3.19320688    2.34928669    2.90925307    2.84281978    2.26170286    2.98002687    2.53139818    2.94833064    3.17331680    2.56678715    3.83066040    3.08962810    3.02491482    2.98082114    3.13596123    2.41323074    2.55245235    3.86209905    2.56262727    3.75166286    3.51445519    6.18583392    5.63186438    4.19319524    5.96245494    5.41217535    3.70006116    4.23819914    3.29712263    3.78385988    3.35653884    4.45837416    4.54051134    2.86198064    3.65173601    3.22798126    3.23560930    4.60641686    3.00685046    3.95789866    3.58580763    3.47221798    3.58333422    3.59043729    3.34488156    3.82344034    5.24628986    4.36493544    3.51037563    4.79577831    2.79569981    4.43346648    3.79441237    3.13088709    3.20810115    2.96650713    3.06034896    4.17732224    3.27133862    3.26018863    2.45451955    2.96181002    2.65594026    2.92757290    2.42695869    3.19961980    2.80037011    3.09182168    3.21012824
Q183N0_CLOD6/400-525     3.96815499    3.52796405    2.85501313    2.90490137    2.32419247    3.90074872    3.53964258    3.75055113    3.19778315    3.30870554    3.33409709    3.41461042    4.57004929    3.77620653    3.97090302    4.89977072    2.92098869    3.17480922    4.11073364    2.65013981    2.46195638    2.48630968    0.00000000    2.16927885    3.46975160    4.28372389    2.77788543    3.30156007    3.22875940    2.48873186    3.63509603    3.95645504    2.74954286    3.08782111    3.96802182    4.23162838    3.66294318    3.83004822    3.93181626    3.43709480    3.22020087    3.23551370    4.34376214    4.11465041    4.47414359    4.27869757    5.55323583    5.49001030    4.77721926    6.18215366    7.02784285    3.88416800    4.70709670    3.94388408    3.35112842    4.88656873    4.29162723    4.79399902    4.49357643    3.92324267    3.91659316    4.77711090    4.71355252    4.03971289    5.38145155    5.00930117    3.91581206    4.27934966    4.77871871    4.48037397    3.99209722    5.57241051    3.76048819    3.95643047    5.94034997    3.65749756    4.15427805    5.07542335    3.00039891    4.26711635    3.21503669    4.31380373    4.58686207    3.19086225    2.91063180    3.89399660    3.91886814    3.36673229    3.72988551    3.29988725    3.03821115    3.22813937    4.93761120    3.36402478
Q8FNA7_COREF/70-168     2.72522069    2.05389084    2.02870084    2.14369527    1.91344151    2.74127737    2.47359085    2.87301609    3.18781456    2.13538583    2.34660415    2.53205558    2.37640076    3.17994936    2.86612509    2.46063063    2.21083778    2.73578325    3.24507463    2.46509488    2.19879476    1.85837548    2.16927885    0.00000000    2.68753978    3.21278962    2.40143435    2.18572649    3.06362902    1.86683589    2.60819082    2.31598649    2.87529796    2.76605230    2.76938632    2.60574939    2.30044486    2.84747352    2.75740891    2.57217411    2.70450035    2.42281431    4.12846956    3.62247369    2.61535277    3.61011886    3.13119462    4.43460929    3.06558802    3.80393416    3.54896067    3.45959043    4.12211399    2.88896744    3.49727110    2.91354652    2.99443706    3.52256933    2.55661309    2.84516963    3.04441899    4.07419169    3.13124430    3.38748658    2.78819190    3.43690759    3.44450309    3.11830298    3.19419660    3.18658118    3.25124582    3.55375062    3.05527451    2.55158070    3.70318083    2.42454109    3.35770693    3.49655218    2.41001522    2.45843417    2.44846256    3.30418578    2.89648755    3.45557618    2.78866024    2.72435360    3.27089555    2.95259897    2.20797740    2.25060969    2.33728960    2.34483189    2.82181546    2.71483891
A2EB10_TRIVA/17-128     3.00084960    3.44004905    2.97007459    2.78839638    3.30305273    3.56422116    3.38164899    2.72487921    2.73115033    3.45325935    4.12766689    3.29803456    3.16402339    4.12486540    3.66676352    3.74449122    3.94860388    2.72135890    3.99836617    3.06782518    2.46396730    2.50230022    3.46975160    2.68753978    0.00000000    3.33238977    2.36692830    3.86987260    3.93964604    2.88376618    3.09458126    2.57645122    3.39573074    4.52003278    3.77095720    4.05194505    3.95505028    4.71024164    4.64667176    3.11713582    3.58564543    3.28397121    4.58205592    4.47488901    4.09099865    4.06386911    3.62993012    6.39199724    4.71016422    5.04138431    5.46843057    4.45575673    6.36738305    4.01207821    3.90994829    3.75553642    3.71174673    3.85393693    3.77479388    3.75357366    4.26975047    3.60253865    3.98261909    4.12986807    4.29788551    4.45569361    4.48709854    4.69465588    3.57347373    4.53499613    4.48282194    3.95331900    3.94710366    3.44973592    4.49798297    4.19311094    3.71329089    5.09347148    3.32280916    3.47151241    5.50328513    4.52851885    3.82530302    3.75514040    3.56542935    3.58835100    2.62172027    2.90277961    2.41523749    3.19545282    3.35719316    3.18129177    4.99254173    2.98605135
A3HU02_9BACT/70-230     4.23276545    3.01125790    3.52374822    3.15673298    3.14597463    3.89476968    5.09666953    2.75358138    2.96204295    3.19516350    3.61004152    3.86032616    3.48503251    2.89704592    2.58052081    3.72190207    2.83929823    2.88452789    4.23934372    2.88673102    2.81437445    3.19320688    4.28372389    3.21278962    3.33238977    0.00000000    2.48589937    4.52615332    3.44018402    2.82127014    4.09568151    3.85577528    4.55012514    3.94610902    2.87874806    4.31430563    4.92295330    4.90511844    4.31749850    3.49750910    3.35261951    3.33694559    4.18410236    3.45461595    4.84874819   20.00000000    6.79842658    5.86125609    4.28867261    5.01961283    5.60193633    3.40861295    5.21174013    3.68567304    3.88822522    3.57563541    3.71193788    3.45507855    2.61511508    4.32716714    3.34780324    4.31851807    3.95866379    3.84768272    4.71120292    3.99312723    3.43438637    3.38294546    3.55005823    4.09490596    4.78932072    3.63917335    2.95149509    3.78925606    4.91675872    3.52963081    3.98107667    6.43937944    2.88044425    3.44531156    3.78234085    4.90219987    5.63516458    3.42770971    4.32267199    3.52749244    5.08785647    3.33147503    4.64896773    3.42366141    2.89372651    3.34713032    4.39529053    3.05560475
Q8SW30_ENCCU/20-138     4.06883266    2.77465437    2.42815906    2.29355056    3.32308197    2.87073907    2.57743999    2.57161542    3.07916525    3.58000388    2.43698815    3.21619991    2.83780977    2.83605500    3.15027042    4.16232699    2.81718294    2.56974879    2.74882025    2.96486337    2.74677179    2.34928669    2.77788543    2.40143435    2.36692830    2.48589937    0.00000000    3.85361378    3.12886635    3.44696448    4.09822406    3.29356054    3.98450191    3.81832120    3.60671976    3.32279915    3.57200686    4.07230313    4.97519886    3.12937687    3.01376170    3.38913400    4.61569715    3.63781402    4.96491668    4.45879396    4.86243464    5.14984569    4.15813285    3.34055887    7.38769670    3.12302802    6.23907414    3.46446659    3.14564691    3.27905025    3.92763631    3.79230590    4.66154352    4.13149942    3.67346030    4.05322237    3.30191662    4.20686912    4.72786094    4.30570506    4.19428205    3.60082670    4.04519944    5.50282524    6.10121214    4.55901957    5.14548301    4.64727100    4.78822397    4.80892340    3.84382654    4.04561426    3.06893663    3.88710063    3.32167357    3.57149311    3.61355863    3.06917989    3.52443244    4.57039355    3.53267101    4.33387031    3.35107456    2.85847575    2.83829670    3.00048800    4.91588827    3.98248801
A6WH26_KINRD/17-131     2.11617791    2.85356311    2.72159241    3.12301090    2.85537708    3.37097695    4.21511518    2.64303612    3.36567674    2.61549603    3.21662436    4.16481391    3.12063619    3.94728217    3.91209024    3.85194890    2.58418098    2.74564208    4.68931575    2.36465115    3.09172486    2.90925307    3.30156007    2.18572649    3.86987260    4.52615332    3.85361378    0.00000000    3.03193029    2.46600896    3.29813929    2.19784339    3.15983624    3.46469060    3.38288413    2.95747404    3.89036979    4.24705528    3.25951819    2.55027052    3.51966347    2.70681278    3.47598344    3.45058340    4.03278734    4.24544245    5.27402293    5.43140690    3.73744017    4.46404724    6.04157976    3.41632186    4.83854428    3.16487310    3.17394276    3.04920878    4.36211679    3.75220935    2.39203817    2.75261483    4.41743461    4.52267094    4.24665970    3.91623178    3.85449379    4.45565648    3.85838566    3.35744188    2.92624671    4.07971887    3.45271765    4.00759496    3.22896789    3.16602861    5.01610811    3.25255368    4.82084996    3.21093761    2.52413010    3.19521395    2.56171267    3.39008954    4.76406935    4.80018433    3.42140716    3.24628525    3.51474928    3.42725423    3.61775609    3.48004704    3.93404752    2.72272719    4.26886849    3.34890967
A8XDW7_CAEBR/163-265     2.93303958    3.75882557    3.19127426    3.42502737    4.01277387    3.28655621    3.28994978    4.17852861    3.14171060    4.03132681    3.20621378    3.01188054    2.71691881    3.17587243    4.22812425    3.71081751    3.62252377    3.77558591    3.85019402    3.59298118    3.02964646    2.84281978    3.22875940    3.06362902    3.93964604    3.44018402    3.12886635    3.03193029    0.00000000    2.35907086    4.64347559    3.74532349    4.37794944    2.85116542    3.53597391    4.16487471    3.56292820    3.97862434    4.28236422    3.07587742    2.68080337    2.49919803    3.20109535    3.56168025    3.66947790    4.00100169    4.08477942    3.98160428    3.86140189    3.70183897    3.93321221    2.24775837    5.18286357    2.67501203    3.41192256    3.04712241    3.39338074    3.37663106    2.80404892    2.84573553    4.53789232    3.26394790    3.26006222    4.14299710    4.71271091    3.57486371    2.54689153    3.43825451    3.34127793    4.23162706    3.80024997    3.79970357    2.36784878    4.16346984    3.71675845    3.39467743    4.00490270    3.71245573    2.77084991    2.91192129    3.47114665    6.31963982    3.15375390    3.77524577    3.91755126    3.44498558    4.13254147    3.99590637    3.72324749    3.22970038    3.09660264    3.55083107    3.62314056    4.26005776
