61
UBP14_SCHPO/640-676     0.00000000    0.83856146    1.00891518    1.17583058    1.17351899    1.14813248    1.57675798    1.46866159    1.40855980    1.57548812    1.65043440    1.50646950    1.48664116    1.59084605    1.31541956    1.97531448    2.43490988    1.22542697    1.95759164    1.78983571    1.61700710    1.65867469    1.50818469    2.24885586    1.84759564    1.57519967    1.33120379    1.55866113    1.63110415    1.22828225    2.10184347    1.59179676    1.63189506    1.42620984    1.46828935    1.69068294    1.30532317    1.63970284    2.04916894    1.91493417    1.63549059    2.08327426    1.42328892    1.68408171    2.61330633    2.39268191    2.36134895    2.81133574    1.99540699    1.80343193    1.83027915    1.83203473    1.67559440    2.16817755    3.23087476    2.97357734    3.06723210    2.46771063    1.95599508    2.53081997    2.44414845
UBP5_HUMAN/723-759     0.83856146    0.00000000    0.36179842    0.92832608    1.09090116    1.79822505    1.56513257    1.37197972    1.45776793    1.55429001    1.28988658    1.34738309    1.25197733    1.24739624    1.33729217    1.46119241    2.00246848    1.05453255    1.91148581    2.03183637    1.16334033    1.73685563    1.52450693    1.64299527    1.49332178    1.10831336    1.03185425    1.20816275    1.26062616    1.11157953    1.00981856    1.12512279    1.09134421    0.81039273    1.06749983    1.50153701    1.30911076    1.89370807    1.86709448    2.09164674    1.82424375    1.93534862    1.42628684    2.02184165    2.11938359    2.24796619    2.22888717    2.52601337    1.81634378    1.76629405    1.70792903    1.64026329    1.50741225    1.82297082    2.09504500    2.24119279    2.46285268    1.94540459    1.44166928    1.96136965    1.94837251
UBP13_HUMAN/728-764     1.00891518    0.36179842    0.00000000    0.77837346    1.08453750    1.98266948    1.68826871    1.43933440    1.40363002    1.75202101    1.51155930    1.40515082    1.29211002    1.53743503    1.72334131    1.60406682    1.84837891    1.16291872    2.15827442    1.96761321    1.11699834    1.63406047    1.26734166    1.58076190    1.77459339    1.29276930    1.04442404    1.10535703    1.32553452    1.30165741    1.04150151    1.22721193    0.99083046    0.83430751    1.14433375    1.25125062    1.25832898    1.88333751    1.70012222    1.65887026    1.70956333    1.59755607    1.63337622    1.82859618    1.72179450    1.99101687    1.82463771    2.24679122    1.61262035    1.49918606    1.58109284    1.82580547    1.63452893    1.64338171    2.23369003    2.54601419    2.70343351    2.07027112    1.29940471    1.60803799    2.35012239
Q9VZU7_DROME/696-732     1.17583058    0.92832608    0.77837346    0.00000000    0.95748546    1.31563088    1.17650626    1.09218225    0.72928993    1.09469836    1.22554380    1.10404952    1.20737283    2.03745249    1.90300188    1.81514021    1.59024515    1.23712163    1.96775023    2.04864791    1.21916463    1.89630051    1.42601600    2.09183910    1.81770824    1.77130910    1.23995164    1.45108543    1.76814728    1.58104726    1.13536487    1.13408272    1.19590969    1.50226385    1.19179919    0.95441993    1.05011360    1.73457076    1.31052162    1.31760947    1.14329829    1.50328322    1.62080196    1.77934420    1.83794591    1.67610192    1.76848082    2.02900180    1.87791571    1.49304620    1.35336738    1.15155694    1.53055431    1.33699953    2.44680963    2.38301320    2.33081414    2.05851654    1.73503683    1.86759125    2.49895572
UBPA_DICDI/701-737     1.17351899    1.09090116    1.08453750    0.95748546    0.00000000    1.29382544    1.24624466    1.23636832    1.31093861    1.68103210    1.66853851    1.41569645    1.23263897    2.11616989    2.31523384    1.38986159    1.91049536    1.49017147    1.98387368    2.09178751    1.75039827    1.34654618    1.39433695    1.36648888    2.15108917    2.10745324    1.51464028    1.62609041    1.45151479    1.48062058    2.05149574    1.38723927    1.63667868    1.45550373    1.24522942    1.36741845    1.60888601    1.69113314    1.52060127    1.70148956    1.77634152    1.91365328    1.27073724    1.79408728    2.90621485    2.81453134    2.23122047    3.43690607    2.78354060    2.14663213    2.09273235    1.64341338    1.19842195    1.65947905    2.19819726    1.97642901    2.45977149    1.66824221    1.74363109    2.30112896    2.22463558
NUB1_MOUSE/374-410     1.14813248    1.79822505    1.98266948    1.31563088    1.29382544    0.00000000    1.11475346    1.22020417    1.59260609    1.67024313    1.92559782    2.12376880    2.01629647    2.09081034    1.89522339    2.22485276    2.53143191    1.95981264    2.07526055    2.27829857    2.01297522    1.68407892    2.26923077    1.91657107    1.92336137    2.31356016    1.97135685    1.87269749    1.81398624    2.15709500    2.23586058    1.73059699    2.32821125    2.13304478    2.16528325    2.14824264    1.97817891    2.15960573    2.30734917    2.33074725    1.61377423    2.49932093    1.96069058    2.34168156    2.34027863    2.11229291    2.23650060    2.93002689    2.15937628    1.70661248    2.19596300    1.72325131    1.83582209    2.23168798    3.08591870    2.87086346    2.65410969    2.01063479    2.42967210    2.96972607    2.37331725
Q9VBQ3_DROME/352-388     1.57675798    1.56513257    1.68826871    1.17650626    1.24624466    1.11475346    0.00000000    0.58798222    1.32695474    1.83197487    1.71968978    1.75457165    1.56699224    1.75173162    1.93292184    2.25153455    2.92160424    1.54696690    2.34667381    2.23536030    1.60478006    1.76717146    1.58191833    1.95322880    1.58341517    1.73409234    1.66256612    1.39118287    1.05588760    1.60138264    1.41020077    1.02354875    1.71182601    1.65887467    1.79377445    1.79435212    1.76099745    1.61048961    1.40628974    1.51312056    1.53547662    2.04091713    1.53735808    1.65975665    2.80967209    2.78053621    2.56608578    3.03551760    2.26098843    2.41519707    2.35402510    1.67421899    1.95092215    1.91060708    3.21989412    2.79934513    3.59846849    1.76474977    2.12745506    2.47904310    2.33509003
Q9VRF3_DROME/353-391     1.46866159    1.37197972    1.43933440    1.09218225    1.23636832    1.22020417    0.58798222    0.00000000    0.88321235    1.55302727    2.07563141    1.73526604    1.76913397    1.71201479    1.77092014    1.81590592    3.17106001    1.73913336    2.53678837    1.90697345    1.39626571    1.89613455    1.70969866    2.05691761    1.85119758    2.35552741    1.96506448    1.55788802    1.43834096    1.81739060    1.91008418    1.53024668    1.85227029    1.95569932    1.42060034    1.86802397    1.57040259    1.82670792    1.44339856    1.56266162    1.67151490    2.12462887    1.32092800    1.63697904    2.52770025    2.64546947    2.43886634    3.38147442    2.23588734    2.21113352    2.04721555    1.43588335    1.70706344    1.81531889    2.24973834    2.37437519    2.75581740    2.24160034    1.87405659    2.31116925    2.36646381
PTH2_CAEEL/129-166     1.40855980    1.45776793    1.40363002    0.72928993    1.31093861    1.59260609    1.32695474    0.88321235    0.00000000    1.39963154    1.79144560    1.89752359    1.46226562    1.83684857    1.99738847    1.85370620    2.50176053    1.48877738    3.21591938    2.61147413    1.85842128    2.46666000    1.82663442    2.23513627    1.72228065    2.24245088    1.72446802    1.95653274    2.12050443    2.17945453    2.02527987    1.72375340    2.24328753    1.98062632    1.21800584    1.48771718    1.02607427    2.62283961    1.89914010    1.48322363    1.69904622    2.32492630    1.32830703    1.80343583    2.60998518    2.12084805    2.69352162    3.46192747    2.33334119    2.00728099    2.22051350    1.83675697    2.16308336    1.78228658    4.58230309    3.45445303    5.15164735    2.64835542    2.16229422    2.37987603    2.61153678
RHBD3_HUMAN/324-359     1.57548812    1.55429001    1.75202101    1.09469836    1.68103210    1.67024313    1.83197487    1.55302727    1.39963154    0.00000000    1.31307022    1.90190093    1.44759776    1.76781734    1.61090989    2.01888214    3.11380596    1.15421181    2.38514059    2.03878054    2.35160037    2.16437305    2.37062552    3.13076293    1.92382334    2.27723167    1.76125850    2.10831490    2.36058551    1.53551193    1.83256590    1.89860571    1.80812021    1.91215648    1.72977612    1.87136141    1.30065222    2.29256544    1.83057618    1.47409744    1.18413036    1.44631107    1.65659772    2.34809068    2.30668519    2.21583502    2.41375233    2.39061165    2.28655485    2.43910626    2.09393282    1.43662864    1.41103154    1.43522635    2.59040671    2.66540608    2.63666413    2.25409520    2.63593126    2.45097372    3.11646005
UBS3A_DROME/20-57     1.65043440    1.28988658    1.51155930    1.22554380    1.66853851    1.92559782    1.71968978    2.07563141    1.79144560    1.31307022    0.00000000    1.15709839    1.23661532    1.44200294    1.36395939    1.41624733    1.82542023    0.81881195    1.60405065    1.79305589    1.55512063    2.03305339    1.98939620    2.43083620    1.60521086    1.62949640    1.86305111    1.65959473    1.53445374    1.32818432    1.51529913    2.40227420    2.66604787    1.68895559    1.47304973    1.81114314    1.69391675    2.10216812    1.92249455    1.62370576    1.36178947    1.68031977    2.33455284    1.93753136    2.08265492    2.44814468    2.10267488    3.21407742    2.48599601    1.89474411    1.87170499    1.64437380    2.11898555    1.43432355    2.11703993    2.58260929    2.46366476    2.53088499    2.31857940    2.31851286    2.86820866
UBPA_DICDI/629-666     1.50646950    1.34738309    1.40515082    1.10404952    1.41569645    2.12376880    1.75457165    1.73526604    1.89752359    1.90190093    1.15709839    0.00000000    1.13828662    1.09646093    1.21517736    1.19645769    1.95410877    1.12088902    2.23323636    3.37752387    2.10701429    2.03098058    1.21966482    2.09525566    1.88394355    2.73462479    2.24998756    2.12692313    2.35395095    2.04350417    2.21216365    1.96631673    3.08770482    2.24029031    1.75523651    2.78634922    2.02895095    1.88071745    2.63388838    2.11776345    2.11850654    1.61312899    2.18191651    2.46543566    2.34237844    2.59976424    1.96838162    2.33042488    2.92242930    1.98776980    1.60079825    1.48263490    2.35862934    2.61676190    2.40002125    2.66584003    3.26821151    2.24329895    2.53067633    2.81760553    3.31765315
UBP14_YEAST/586-623     1.48664116    1.25197733    1.29211002    1.20737283    1.23263897    2.01629647    1.56699224    1.76913397    1.46226562    1.44759776    1.23661532    1.13828662    0.00000000    0.78378285    0.93579994    1.07958331    1.27934883    1.29044681    1.94883216    2.21524840    0.96998687    1.77662898    1.35792490    1.96372991    1.72799275    1.60938146    1.48350525    1.68848555    1.60301076    1.64446080    1.86404231    1.61232297    2.26252863    1.25848783    1.40403669    1.34062192    1.65798744    1.91528448    1.87041340    1.35745622    1.33681303    1.32534908    1.70958779    1.89087113    2.00672806    2.11576036    1.86115838    1.96181322    1.44608434    1.56857549    1.51993695    1.36017275    1.35548699    1.43048759    2.24143511    1.79703642    2.57355136    2.18955927    1.81556488    1.92373317    2.35852439
UBP5_HUMAN/655-692     1.59084605    1.24739624    1.53743503    2.03745249    2.11616989    2.09081034    1.75173162    1.71201479    1.83684857    1.76781734    1.44200294    1.09646093    0.78378285    0.00000000    0.39551460    0.68996937    1.42953814    1.20198856    2.33006848    2.81313309    1.33014486    2.47800359    1.33703337    1.87397345    1.68908453    2.07927540    1.79396416    2.20601183    2.12371231    1.72178744    2.35836523    2.05604415    2.94806567    1.48269299    1.86326342    1.88157969    1.86078777    2.02581348    3.11028344    2.49177840    2.13322963    2.06419241    2.06137569    2.24232028    3.42178370    2.86201902    2.31910148    2.21285973    1.69904085    2.38657484    2.37504679    2.24859599    2.14065616    2.74125416    3.16486067    2.90255975    3.69887820    2.28300570    2.14481369    2.30956559    2.55228998
UBP13_HUMAN/653-690     1.31541956    1.33729217    1.72334131    1.90300188    2.31523384    1.89522339    1.93292184    1.77092014    1.99738847    1.61090989    1.36395939    1.21517736    0.93579994    0.39551460    0.00000000    0.86407962    1.52916635    1.14837310    2.23647422    2.85091494    1.46625820    2.35095865    1.61378570    2.30563881    1.68066918    2.17894529    1.71577810    2.15689623    2.27782229    1.67157491    2.54641541    2.00401496    2.66232296    1.52181367    2.06112579    1.81948567    2.02928692    1.93762217    3.27950682    2.75407851    2.10699257    2.06547507    2.36496142    2.70397685    2.92152430    2.66138398    2.29252709    2.30848673    1.90723956    2.19643546    1.99028922    2.06771481    2.13429691    2.95362935    3.46150224    3.13290907    3.63083373    2.32633539    2.56175519    2.90520962    2.75968965
Q9VZU7_DROME/629-666     1.97531448    1.46119241    1.60406682    1.81514021    1.38986159    2.22485276    2.25153455    1.81590592    1.85370620    2.01888214    1.41624733    1.19645769    1.07958331    0.68996937    0.86407962    0.00000000    1.06537189    1.30827027    2.21103938    2.72477254    1.39167319    1.92384310    1.29575180    1.50009427    1.85611193    2.25587688    1.86635325    2.32270285    2.46227425    2.06035664    1.97770822    1.77046776    3.73294304    1.95198172    1.89346884    2.08282755    1.78336237    3.35724557    2.91633112    3.05926014    2.21692324    2.40801199    2.30435857    2.54364627    2.84776697    2.72709610    2.11003004    2.42835050    1.83984922    2.49069744    2.32978406    2.63228080    1.66563212    2.78651157    2.43664506    2.45020636    3.12622512    2.21063311    2.19576039    2.18069819    2.55187983
P91502_CAEEL/595-631     2.43490988    2.00246848    1.84837891    1.59024515    1.91049536    2.53143191    2.92160424    3.17106001    2.50176053    3.11380596    1.82542023    1.95410877    1.27934883    1.42953814    1.52916635    1.06537189    0.00000000    2.19805819    2.03466102    3.10490325    1.87106377    2.46058141    2.08371966    2.20970744    3.45848111    2.77969464    1.78506091    2.93767344    2.66854357    2.79124309    2.94748034    2.38780100    5.12235728    2.24255507    2.68840735    3.63699599    2.37340216    2.49416021    2.22436805    2.64371955    1.87651403    2.29298650    2.65609900    2.42369583    2.87543240    2.68883537    2.14781564    3.50472848    2.73245772    2.21277903    2.39763703    2.21462459    1.49256759    2.30928397    4.22286868    4.84918733    5.13795859    2.70481611    2.97119726    3.95940499    4.00022447
Q9VSC5_DROME/1-36     1.22542697    1.05453255    1.16291872    1.23712163    1.49017147    1.95981264    1.54696690    1.73913336    1.48877738    1.15421181    0.81881195    1.12088902    1.29044681    1.20198856    1.14837310    1.30827027    2.19805819    0.00000000    1.60068748    1.51508634    1.86473212    1.85424051    1.97971966    1.94342338    1.48315856    1.14059965    1.11415601    1.14869923    1.29877938    1.01342177    1.18571082    1.20809914    1.62691137    0.98684600    1.14701171    1.37020913    1.28594090    1.56639135    2.13207690    1.98623607    1.62800825    1.90870819    1.53091206    1.16785332    3.00940617    2.82884385    2.53334484    3.21893729    2.25173445    2.44966553    2.19770710    1.56777071    1.64880590    1.46087885    2.35931615    2.29714856    2.45773869    1.73001746    1.70172483    2.19772946    2.41254159
CBL_MOUSE/863-899     1.95759164    1.91148581    2.15827442    1.96775023    1.98387368    2.07526055    2.34667381    2.53678837    3.21591938    2.38514059    1.60405065    2.23323636    1.94883216    2.33006848    2.23647422    2.21103938    2.03466102    1.60068748    0.00000000    1.12691212    1.22656967    1.67070444    1.81345563    3.04006473    3.11700983    1.82232885    1.51840450    1.23988045    1.52545248    1.66867837    1.83941864    1.74931993    2.55547768    1.59487593    1.96179795    1.80086474    2.32375493    2.24559043    1.84265852    2.91225468    1.81968898    1.97375204    2.85592908    2.31057917    2.28090685    1.99866037    1.82555420    2.28390714    2.16477039    1.74180245    1.80403136    2.29993983    1.58804806    1.87652692    1.74324003    2.00833760    1.44090825    1.64926742    3.64027942    4.01284120    3.75437128
GAWKY_DROME/549-585     1.78983571    2.03183637    1.96761321    2.04864791    2.09178751    2.27829857    2.23536030    1.90697345    2.61147413    2.03878054    1.79305589    3.37752387    2.21524840    2.81313309    2.85091494    2.72477254    3.10490325    1.51508634    1.12691212    0.00000000    2.10013442    2.19922619    2.06672163    2.72526998    3.58025281    2.25454986    1.60153123    1.47886503    1.59749810    1.44992465    2.59427413    2.58606647    2.15323136    1.93663594    1.52046755    2.23671097    2.09336391    2.59258696    2.00768383    2.39781150    1.62555602    2.30991503    2.12370163    1.67490070    2.57714346    2.48626332    2.91514152    4.12083237    1.91919790    2.00837733    2.35355293    2.26183502    1.78382417    1.88622627    1.88140022    2.18419323    1.87684419    2.89487123    3.57924879    3.75018739    3.65482407
Q9SDB9_ORYSJ/250-286     1.61700710    1.16334033    1.11699834    1.21916463    1.75039827    2.01297522    1.60478006    1.39626571    1.85842128    2.35160037    1.55512063    2.10701429    0.96998687    1.33014486    1.46625820    1.39167319    1.87106377    1.86473212    1.22656967    2.10013442    0.00000000    1.27937786    1.26073395    2.07530990    1.69089163    1.66991465    1.70345971    1.97553443    1.79669997    2.13375231    1.83408429    1.78196206    2.00732693    1.78056094    1.77091591    1.51816037    1.77702442    1.70138183    1.66313712    2.11076040    1.84933884    1.42905203    2.36692349    1.65082329    1.82017977    2.55679635    1.78780910    3.05175532    1.72851836    1.68136675    1.70072616    1.32212457    1.40689464    1.26821585    1.55539108    1.52934033    1.88694668    2.29823280    1.73526777    1.85459211    2.45703574
NUB1_MOUSE/430-466     1.65867469    1.73685563    1.63406047    1.89630051    1.34654618    1.68407892    1.76717146    1.89613455    2.46666000    2.16437305    2.03305339    2.03098058    1.77662898    2.47800359    2.35095865    1.92384310    2.46058141    1.85424051    1.67070444    2.19922619    1.27937786    0.00000000    1.61306940    1.73165277    1.89766524    2.16720816    1.96894713    1.52602027    1.73010056    1.97706536    2.45543749    1.91332285    1.43304754    2.10931381    1.65838621    1.69938562    2.05438397    1.94894234    1.76881051    1.58089957    1.82913606    1.59464475    1.64008454    1.66739982    2.70558412    2.91733394    2.23577290    3.00817917    2.76979418    2.56949719    2.32711009    1.45589177    1.62130444    2.01871732    2.81679163    2.02924111    2.70985517    2.06268771    3.44516514    4.19403678    3.52224666
A0D390_PARTE/179-215     1.50818469    1.52450693    1.26734166    1.42601600    1.39433695    2.26923077    1.58191833    1.70969866    1.82663442    2.37062552    1.98939620    1.21966482    1.35792490    1.33703337    1.61378570    1.29575180    2.08371966    1.97971966    1.81345563    2.06672163    1.26073395    1.61306940    0.00000000    1.98232568    1.37956567    2.05815650    1.71421853    1.86965063    1.55809477    2.18070167    1.69883569    1.96964986    2.66464111    1.83992954    1.71658091    1.34524786    1.22182148    2.02797888    1.81364221    2.32792373    1.69282688    1.37173306    1.74496024    2.32167350    2.11907620    2.25360607    1.85805551    1.67676160    2.17873481    2.24303782    1.58878342    2.16898576    1.97329655    1.87114933    2.11097665    2.17622914    2.59338475    2.84934787    2.39184529    2.32708979    3.18847535
UCP12_SCHPO/277-312     2.24885586    1.64299527    1.58076190    2.09183910    1.36648888    1.91657107    1.95322880    2.05691761    2.23513627    3.13076293    2.43083620    2.09525566    1.96372991    1.87397345    2.30563881    1.50009427    2.20970744    1.94342338    3.04006473    2.72526998    2.07530990    1.73165277    1.98232568    0.00000000    1.48695692    3.19238482    2.77180667    2.57916716    2.33871524    2.49033526    2.41830725    1.58719255    2.95858403    2.36819666    1.56806545    2.60020689    1.88004216    2.28504009    2.34377836    2.28925287    2.76120869    3.13399220    1.55174678    2.98409309    1.92789838    2.78021078    2.67200010    2.72603436    2.87865028    2.62731421    2.69578365    2.07671922    1.77287578    2.70598084    4.01485259    3.32140494    4.56455914    2.81971483    2.58148532    2.69805772    2.42235235
Q9VBQ3_DROME/475-511     1.84759564    1.49332178    1.77459339    1.81770824    2.15108917    1.92336137    1.58341517    1.85119758    1.72228065    1.92382334    1.60521086    1.88394355    1.72799275    1.68908453    1.68066918    1.85611193    3.45848111    1.48315856    3.11700983    3.58025281    1.69089163    1.89766524    1.37956567    1.48695692    0.00000000    2.57126423    2.35064433    2.71774335    2.76445449    2.61791830    1.67815640    1.73541336    2.82158250    2.13871923    1.80083564    1.75797482    1.37438293    1.95495056    1.84048567    2.15122525    2.20613933    2.39833824    1.55299070    2.07025129    2.74628241    2.82335365    2.68952952    3.10802826    3.38230745    3.32143403    2.76674841    2.12458998    2.04791802    3.38484510    3.28729902    2.93043801    3.75587645    2.70842751    2.62053844    2.63406319    2.60601535
RAD23_ORYSJ/157-196     1.57519967    1.10831336    1.29276930    1.77130910    2.10745324    2.31356016    1.73409234    2.35552741    2.24245088    2.27723167    1.62949640    2.73462479    1.60938146    2.07927540    2.17894529    2.25587688    2.77969464    1.14059965    1.82232885    2.25454986    1.66991465    2.16720816    2.05815650    3.19238482    2.57126423    0.00000000    0.54034370    0.62023767    0.76477098    0.74671427    0.84908606    1.09616922    0.86143708    0.54856374    1.99467659    1.53693898    1.48778149    1.74740947    1.61136117    2.54098523    1.83182911    2.16092415    2.23203579    1.63803407    2.13978099    1.66799658    2.05732493    2.07588189    1.60847438    1.35250857    1.38136066    2.12989040    2.53136633    1.40650086    2.51158884    2.84524043    2.92224270    2.39726386    1.56153737    1.69273008    1.84976392
RD23A_ARATH/145-184     1.33120379    1.03185425    1.04442404    1.23995164    1.51464028    1.97135685    1.66256612    1.96506448    1.72446802    1.76125850    1.86305111    2.24998756    1.48350525    1.79396416    1.71577810    1.86635325    1.78506091    1.11415601    1.51840450    1.60153123    1.70345971    1.96894713    1.71421853    2.77180667    2.35064433    0.54034370    0.00000000    0.59203561    0.77731693    0.68042127    0.61468811    0.76206736    0.84087737    0.83264898    1.88067338    1.34266256    1.26659102    1.54596545    1.56304521    1.84420159    1.41756569    1.85367080    1.80452083    1.56762983    2.34765053    1.41777072    2.02238461    2.09526766    1.65201545    1.55233910    1.45599750    1.69960269    1.89780843    1.78009101    2.60451942    2.45674737    2.57382149    1.82604194    1.43840728    1.82692944    1.84046003
RAD23_YEAST/147-183     1.55866113    1.20816275    1.10535703    1.45108543    1.62609041    1.87269749    1.39118287    1.55788802    1.95653274    2.10831490    1.65959473    2.12692313    1.68848555    2.20601183    2.15689623    2.32270285    2.93767344    1.14869923    1.23988045    1.47886503    1.97553443    1.52602027    1.86965063    2.57916716    2.71774335    0.62023767    0.59203561    0.00000000    0.32386465    0.48528886    0.61674086    0.78115109    0.67065533    0.64840574    1.88104930    1.14352006    1.98479219    1.62578820    1.73250109    1.99862136    1.53843339    1.99759818    1.67363714    2.00688391    1.92479381    1.66091487    1.67908733    1.99121172    1.62268578    1.33493644    1.31817719    1.71145327    1.83900156    1.61082257    2.22941387    2.17681531    1.98753770    2.13644750    1.78757325    2.06274865    1.93859525
RHP23_SCHPO/146-182     1.63110415    1.26062616    1.32553452    1.76814728    1.45151479    1.81398624    1.05588760    1.43834096    2.12050443    2.36058551    1.53445374    2.35395095    1.60301076    2.12371231    2.27782229    2.46227425    2.66854357    1.29877938    1.52545248    1.59749810    1.79669997    1.73010056    1.55809477    2.33871524    2.76445449    0.76477098    0.77731693    0.32386465    0.00000000    0.45048692    0.86725797    0.90505913    0.93189152    0.80469483    2.04994196    1.42276468    2.11661145    1.68953344    1.68706830    2.21776853    1.59819830    2.25292738    2.06382201    2.08237087    1.81690446    1.80020847    1.65889387    2.23812747    1.79307453    1.54194722    1.58917804    1.79651711    1.77386134    1.51558461    2.15377976    2.26590181    1.97504778    2.08831995    1.77221053    2.13454288    2.16477334
Q9V3W9_DROME/158-194     1.22828225    1.11157953    1.30165741    1.58104726    1.48062058    2.15709500    1.60138264    1.81739060    2.17945453    1.53551193    1.32818432    2.04350417    1.64446080    1.72178744    1.67157491    2.06035664    2.79124309    1.01342177    1.66867837    1.44992465    2.13375231    1.97706536    2.18070167    2.49033526    2.61791830    0.74671427    0.68042127    0.48528886    0.45048692    0.00000000    0.70895639    0.83616859    0.83917877    0.79335884    1.80363520    1.39851468    1.77351384    1.57689773    1.64864975    2.02499497    1.66543085    2.07798022    1.79861448    1.60355934    2.03593825    1.95463796    2.06861222    2.41641647    1.50684832    1.55484281    1.62808414    2.09583332    2.05503610    1.48541385    2.01422604    2.03598013    1.75118973    2.23382993    1.89820050    2.13791529    2.16339443
RD23A_MOUSE/162-198     2.10184347    1.00981856    1.04150151    1.13536487    2.05149574    2.23586058    1.41020077    1.91008418    2.02527987    1.83256590    1.51529913    2.21216365    1.86404231    2.35836523    2.54641541    1.97770822    2.94748034    1.18571082    1.83941864    2.59427413    1.83408429    2.45543749    1.69883569    2.41830725    1.67815640    0.84908606    0.61468811    0.61674086    0.86725797    0.70895639    0.00000000    0.72648518    0.69773965    0.83352752    1.91993064    1.22485355    1.41924997    1.97187325    1.33504878    1.36810338    1.36086328    1.82933455    2.22921843    1.77340227    1.81626281    2.00565507    2.14010740    2.34590441    1.79413079    1.85024535    1.61735935    1.79662190    2.45941720    1.50721211    2.56469799    2.68390004    2.35773665    1.68878277    1.49871342    1.58244819    1.65843302
Q9VCD5_DROME/110-146     1.59179676    1.12512279    1.22721193    1.13408272    1.38723927    1.73059699    1.02354875    1.53024668    1.72375340    1.89860571    2.40227420    1.96631673    1.61232297    2.05604415    2.00401496    1.77046776    2.38780100    1.20809914    1.74931993    2.58606647    1.78196206    1.91332285    1.96964986    1.58719255    1.73541336    1.09616922    0.76206736    0.78115109    0.90505913    0.83616859    0.72648518    0.00000000    1.04491454    0.98655594    1.90925710    1.57677093    1.21771329    1.40999492    1.46589008    1.96185913    2.07628449    2.31899995    1.61302973    2.01596013    3.23699995    2.52334341    2.58010176    3.02648048    2.15396424    2.35374828    2.23940297    1.81473556    1.48635317    2.02712453    2.25705396    2.11261303    2.12178074    1.46869282    1.79680218    2.36003580    1.84401714
Q23451_CAEEL/128-164     1.63189506    1.09134421    0.99083046    1.19590969    1.63667868    2.32821125    1.71182601    1.85227029    2.24328753    1.80812021    2.66604787    3.08770482    2.26252863    2.94806567    2.66232296    3.73294304    5.12235728    1.62691137    2.55547768    2.15323136    2.00732693    1.43304754    2.66464111    2.95858403    2.82158250    0.86143708    0.84087737    0.67065533    0.93189152    0.83917877    0.69773965    1.04491454    0.00000000    0.86690304    1.73979501    1.53051682    1.95326592    1.77306397    1.71432762    2.04290131    1.93904367    2.16364675    2.22247375    2.04463055    2.02539232    1.89211086    1.99689457    2.49857809    1.97230969    1.70304986    1.36295823    1.79169605    1.76081998    1.33349824    2.59807746    2.23590033    2.31945645    1.97872357    1.46784481    1.71539738    1.94133727
RAD23_DICDI/162-198     1.42620984    0.81039273    0.83430751    1.50226385    1.45550373    2.13304478    1.65887467    1.95569932    1.98062632    1.91215648    1.68895559    2.24029031    1.25848783    1.48269299    1.52181367    1.95198172    2.24255507    0.98684600    1.59487593    1.93663594    1.78056094    2.10931381    1.83992954    2.36819666    2.13871923    0.54856374    0.83264898    0.64840574    0.80469483    0.79335884    0.83352752    0.98655594    0.86690304    0.00000000    1.19704208    1.43895074    1.42766100    1.45181036    1.62542332    1.60849101    1.64516413    1.77932325    1.66617593    1.81337040    2.18040295    2.20074512    2.25450377    2.29620050    1.81093510    1.70378539    1.61508160    2.04531137    2.02937068    1.38415110    2.46738981    2.76869750    2.97320048    1.80608371    1.37186609    1.74864035    1.57641577
Q9VXR3_DROME/1468-1503     1.46828935    1.06749983    1.14433375    1.19179919    1.24522942    2.16528325    1.79377445    1.42060034    1.21800584    1.72977612    1.47304973    1.75523651    1.40403669    1.86326342    2.06112579    1.89346884    2.68840735    1.14701171    1.96179795    1.52046755    1.77091591    1.65838621    1.71658091    1.56806545    1.80083564    1.99467659    1.88067338    1.88104930    2.04994196    1.80363520    1.91993064    1.90925710    1.73979501    1.19704208    0.00000000    1.19511226    1.27252545    2.03958733    1.53509350    1.26652952    1.38447033    1.65648809    1.55902559    1.75507766    2.72596481    2.02655695    2.21035752    2.58777581    2.05191768    1.76839091    1.54260425    2.46019303    1.41001826    1.53307987    2.02455192    2.14444329    2.62274936    2.34236278    1.46998046    1.77551811    1.92865608
Q9VBQ3_DROME/422-458     1.69068294    1.50153701    1.25125062    0.95441993    1.36741845    2.14824264    1.79435212    1.86802397    1.48771718    1.87136141    1.81114314    2.78634922    1.34062192    1.88157969    1.81948567    2.08282755    3.63699599    1.37020913    1.80086474    2.23671097    1.51816037    1.69938562    1.34524786    2.60020689    1.75797482    1.53693898    1.34266256    1.14352006    1.42276468    1.39851468    1.22485355    1.57677093    1.53051682    1.43895074    1.19511226    0.00000000    1.28546404    2.15471860    1.73082387    1.90220134    1.84815916    2.17600895    2.78973072    2.03006536    2.17867825    2.08947858    2.04710511    2.56378031    1.60309943    1.74523202    1.55974001    2.25351237    2.28441080    1.75749440    2.54264897    2.20384053    2.10567650    2.04891448    1.99654159    2.28804429    2.50945208
LATS1_HUMAN/101-138     1.30532317    1.30911076    1.25832898    1.05011360    1.60888601    1.97817891    1.76099745    1.57040259    1.02607427    1.30065222    1.69391675    2.02895095    1.65798744    1.86078777    2.02928692    1.78336237    2.37340216    1.28594090    2.32375493    2.09336391    1.77702442    2.05438397    1.22182148    1.88004216    1.37438293    1.48778149    1.26659102    1.98479219    2.11661145    1.77351384    1.41924997    1.21771329    1.95326592    1.42766100    1.27252545    1.28546404    0.00000000    2.59888455    1.71722948    1.52376537    1.24830295    1.45141791    1.21238056    1.24456776    2.00471691    1.70394351    1.81059084    1.79708816    1.69341576    1.86108471    1.68179990    2.50363976    1.38584915    1.38481703    3.26226505    2.68869809    3.24505618    2.15209366    1.66664618    1.87778101    2.07109804
UBC27_ARATH/153-189     1.63970284    1.89370807    1.88333751    1.73457076    1.69113314    2.15960573    1.61048961    1.82670792    2.62283961    2.29256544    2.10216812    1.88071745    1.91528448    2.02581348    1.93762217    3.35724557    2.49416021    1.56639135    2.24559043    2.59258696    1.70138183    1.94894234    2.02797888    2.28504009    1.95495056    1.74740947    1.54596545    1.62578820    1.68953344    1.57689773    1.97187325    1.40999492    1.77306397    1.45181036    2.03958733    2.15471860    2.59888455    0.00000000    1.57497498    1.51384594    1.49536147    1.40953388    1.37020276    1.52073795    2.05404740    2.33591638    1.74633918    3.16916825    2.40616095    2.07519851    1.55265951    1.47355133    2.09191687    1.83024235    1.95617634    2.19347009    2.63641972    2.11601677    2.21450144    2.60690806    2.63649274
GTS1_YEAST/194-231     2.04916894    1.86709448    1.70012222    1.31052162    1.52060127    2.30734917    1.40628974    1.44339856    1.89914010    1.83057618    1.92249455    2.63388838    1.87041340    3.11028344    3.27950682    2.91633112    2.22436805    2.13207690    1.84265852    2.00768383    1.66313712    1.76881051    1.81364221    2.34377836    1.84048567    1.61136117    1.56304521    1.73250109    1.68706830    1.64864975    1.33504878    1.46589008    1.71432762    1.62542332    1.53509350    1.73082387    1.71722948    1.57497498    0.00000000    0.92882376    0.89488101    1.02804909    1.57436801    1.48110435    2.87052715    2.44182379    2.03626410    2.73078538    2.92516901    2.53552293    2.08256086    2.47205917    1.68859270    1.66469981    2.78294642    3.04530666    2.86882787    2.76415176    2.36131109    2.23369614    2.77754154
DSK2_SCHPO/313-350     1.91493417    2.09164674    1.65887026    1.31760947    1.70148956    2.33074725    1.51312056    1.56266162    1.48322363    1.47409744    1.62370576    2.11776345    1.35745622    2.49177840    2.75407851    3.05926014    2.64371955    1.98623607    2.91225468    2.39781150    2.11076040    1.58089957    2.32792373    2.28925287    2.15122525    2.54098523    1.84420159    1.99862136    2.21776853    2.02499497    1.36810338    1.96185913    2.04290131    1.60849101    1.26652952    1.90220134    1.52376537    1.51384594    0.92882376    0.00000000    0.67582771    0.76309923    1.50779591    1.22007611    2.27761612    3.23091782    2.48568388    3.15237390    2.50656689    2.53524504    2.56493606    1.33504335    2.11639354    1.92349457    4.60130117    4.21032068    5.32130222    2.19714213    3.04679128    3.63608935    3.60797066
DSK2B_ARATH/508-545     1.63549059    1.82424375    1.70956333    1.14329829    1.77634152    1.61377423    1.53547662    1.67151490    1.69904622    1.18413036    1.36178947    2.11850654    1.33681303    2.13322963    2.10699257    2.21692324    1.87651403    1.62800825    1.81968898    1.62555602    1.84933884    1.82913606    1.69282688    2.76120869    2.20613933    1.83182911    1.41756569    1.53843339    1.59819830    1.66543085    1.36086328    2.07628449    1.93904367    1.64516413    1.38447033    1.84815916    1.24830295    1.49536147    0.89488101    0.67582771    0.00000000    0.57379483    1.89503801    1.48743286    2.15646137    2.11718229    1.95999122    2.33252764    2.35133238    2.18749899    2.04617313    1.98554218    1.84849431    1.58145654    3.12913912    3.76917128    3.22319734    2.79625245    3.00059512    3.10419654    4.06923487
UBQL1_HUMAN/546-583     2.08327426    1.93534862    1.59755607    1.50328322    1.91365328    2.49932093    2.04091713    2.12462887    2.32492630    1.44631107    1.68031977    1.61312899    1.32534908    2.06419241    2.06547507    2.40801199    2.29298650    1.90870819    1.97375204    2.30991503    1.42905203    1.59464475    1.37173306    3.13399220    2.39833824    2.16092415    1.85367080    1.99759818    2.25292738    2.07798022    1.82933455    2.31899995    2.16364675    1.77932325    1.65648809    2.17600895    1.45141791    1.40953388    1.02804909    0.76309923    0.57379483    0.00000000    1.84881833    1.30518665    2.23093771    2.75656838    1.88838685    2.80374757    2.42545201    2.35730545    1.94781861    1.68690837    1.86273523    1.37639165    2.97615234    3.01255978    2.98021128    2.19110555    3.35426929    3.61845538    4.36576786
UCP7_SCHPO/183-218     1.42328892    1.42628684    1.63337622    1.62080196    1.27073724    1.96069058    1.53735808    1.32092800    1.32830703    1.65659772    2.33455284    2.18191651    1.70958779    2.06137569    2.36496142    2.30435857    2.65609900    1.53091206    2.85592908    2.12370163    2.36692349    1.64008454    1.74496024    1.55174678    1.55299070    2.23203579    1.80452083    1.67363714    2.06382201    1.79861448    2.22921843    1.61302973    2.22247375    1.66617593    1.55902559    2.78973072    1.21238056    1.37020276    1.57436801    1.50779591    1.89503801    1.84881833    0.00000000    1.37033860    3.63861414    2.89964062    2.47605909    3.04409223    2.78062701    2.46814991    2.55878329    2.48495031    1.46396589    2.07720540    3.68748059    3.14418482    4.03063134    3.35135044    2.35877002    2.61244254    2.68066939
P90879_CAEEL/263-300     1.68408171    2.02184165    1.82859618    1.77934420    1.79408728    2.34168156    1.65975665    1.63697904    1.80343583    2.34809068    1.93753136    2.46543566    1.89087113    2.24232028    2.70397685    2.54364627    2.42369583    1.16785332    2.31057917    1.67490070    1.65082329    1.66739982    2.32167350    2.98409309    2.07025129    1.63803407    1.56762983    2.00688391    2.08237087    1.60355934    1.77340227    2.01596013    2.04463055    1.81337040    1.75507766    2.03006536    1.24456776    1.52073795    1.48110435    1.22007611    1.48743286    1.30518665    1.37033860    0.00000000    2.36628126    3.14193717    2.51755315    3.35852073    1.70050316    2.39140602    2.45502308    2.11396593    1.64874536    1.49311604    3.00743784    2.51248846    3.62568759    2.01126334    2.86491527    3.52279787    3.55920580
Q9VCD5_DROME/245-281     2.61330633    2.11938359    1.72179450    1.83794591    2.90621485    2.34027863    2.80967209    2.52770025    2.60998518    2.30668519    2.08265492    2.34237844    2.00672806    3.42178370    2.92152430    2.84776697    2.87543240    3.00940617    2.28090685    2.57714346    1.82017977    2.70558412    2.11907620    1.92789838    2.74628241    2.13978099    2.34765053    1.92479381    1.81690446    2.03593825    1.81626281    3.23699995    2.02539232    2.18040295    2.72596481    2.17867825    2.00471691    2.05404740    2.87052715    2.27761612    2.15646137    2.23093771    3.63861414    2.36628126    0.00000000    0.74752156    0.75203797    1.00390269    0.75990780    0.65587612    0.70562623    1.52257839    2.03756214    1.73335064    2.31371055    3.17823250    2.93278684    2.30933304    2.91459634    3.12113931    3.51526479
