74
Q5CYL5_CRYPI/18-93     0.00000000    0.70041529    0.80025911    0.65639772    0.59722166    0.64079244    0.71257813    0.71605150    0.56027901    0.30129443    0.43573320    0.36873767    0.37058831    0.48165281    0.44098206    0.48487817    0.48305849    0.42557612    0.66225517    0.41398498    0.35576582    0.60536447    0.46630219    0.44743157    0.60306427    0.49487278    0.49755021    0.83409302    1.64619408    1.46633843    1.38894421    1.51053617    1.45642135    1.45423109    1.95505382    1.85078937    2.08086161    1.91733846    1.89142446    1.66863340    1.59889691    1.96973348    2.30435595    1.98417074    2.55938310    2.23680493    2.68481324    2.18347205    2.23194868    1.74463875    1.59187840    1.43351000    1.67360697    1.49793387    1.60960432    1.14635350    1.10542120    1.15427767    1.07129537    1.24287388    1.05547054    1.04820692    1.12573479    0.96312245    1.25869908    1.03910261    1.12444282    1.08789573    1.07040138    1.19813283    1.10761592    1.11006521    1.11472398    0.34304479
B7XJM1_ENTBH/17-92     0.70041529    0.00000000    0.54158309    0.56104813    0.48103279    0.50415980    0.59442157    0.62914560    0.48753389    0.62919584    0.76995490    0.70723113    0.83404718    0.85195492    0.94411122    0.87056990    0.87517622    0.77871486    0.95860806    0.76784361    0.83204138    1.14754212    1.03382877    1.00924143    1.14019734    0.72303955    0.75944925    1.23315922    2.24505906    1.55949956    1.59928805    1.73165421    1.61837255    1.73792332    2.00081744    1.80849536    2.21310509    2.22780796    2.18916446    1.70576134    1.54602317    2.00266099    2.12419681    1.93573676    2.25526660    2.06855450    2.26504044    2.03389334    2.33178320    1.93287209    1.85341199    1.88006696    1.88357381    1.74586298    1.78166805    1.19261196    1.22353372    1.41857529    1.24775105    1.46103250    1.31044198    1.35712701    1.13716841    0.93116775    1.19845020    1.12182055    1.06891194    1.00196750    1.15109398    0.96184387    1.06686043    1.37096653    1.61827429    0.69591302
L2GR52_VITCO/17-92     0.80025911    0.54158309    0.00000000    0.65704645    0.70352029    0.47656876    0.68992907    0.76514793    0.60070766    0.82214757    1.01827370    0.83061739    0.86236303    0.90617690    0.90914899    0.94859338    0.81072558    0.86814834    0.93259308    0.89955749    0.77411811    1.07445009    0.99419602    0.89291082    1.09432110    0.89696351    0.81505423    1.36492870    2.33310965    1.91309297    1.84475996    1.77941087    1.84874482    1.67620290    2.24666078    2.36898352    2.73696879    2.89205030    2.64352890    2.05209143    2.16272845    2.27611755    2.34582428    2.30634192    2.45846793    2.31096738    2.39993200    2.86463116    2.44210763    2.57458771    2.20947829    1.94276487    1.83227298    1.92037883    1.89808131    1.04409681    1.15492226    1.36658165    1.17777897    1.42927369    1.39739071    1.18448505    1.22218724    1.09354822    1.31158745    0.99954478    1.05874222    1.13270933    1.08858277    1.15735600    1.14134350    1.13864461    1.20675162    0.93535626
R0MKQ6_NOSB1/17-91     0.65639772    0.56104813    0.65704645    0.00000000    0.47626461    0.65289938    0.63483501    0.67925227    0.53178535    0.63826871    0.70275565    0.62549858    0.75502498    0.78589358    0.85052286    0.82871018    0.83757863    0.74587602    0.88349373    0.72270329    0.73928106    0.99833067    1.02896067    0.91949185    0.96464543    0.82604404    0.82495154    1.31297630    2.43722986    1.61120897    1.68037006    1.48093563    1.57667132    1.76370447    1.94879372    2.24898024    2.23823317    2.26055154    2.09661889    1.68841944    1.71142664    2.07759558    2.48876452    2.19892707    2.28472224    2.13720666    2.41751463    2.04440389    2.27004999    1.67622450    1.85461159    1.70944292    1.85246095    1.63936713    1.82186879    1.35576105    1.44364725    1.64115501    1.38515097    1.72312743    1.44032135    1.31879666    1.55516565    1.15530827    1.43969095    1.22856490    1.22641457    1.15464160    1.12426576    1.40446290    1.33157944    1.40165052    1.32641038    0.61647753
RL44_ENCCU/17-92     0.59722166    0.48103279    0.70352029    0.47626461    0.00000000    0.48846535    0.47942078    0.51084908    0.45451512    0.57442859    0.56376323    0.51448024    0.64197544    0.80105631    0.80900943    0.79881617    0.75039530    0.69390803    0.77942926    0.64731657    0.61594571    0.91717254    0.90226174    0.81300397    1.04035450    0.64801967    0.58420903    1.18357319    2.06558575    1.60420412    1.71708061    1.62768990    1.48984884    1.71691100    1.97713925    2.03882510    2.02093494    2.11986131    2.02251493    1.53910221    1.41426293    2.12751868    2.22194270    2.00938569    2.24425420    2.06108569    2.47092326    2.17502693    2.44687285    1.82572287    1.74693026    1.69373381    1.67529278    1.61968407    1.69222312    1.31714369    1.24316312    1.24992383    1.33426641    1.41464779    1.41648391    1.34120411    1.36379498    1.08872976    1.25872089    1.22349487    1.11153364    1.21989084    1.20569543    1.25888067    1.32820048    1.40358445    1.51876476    0.70196961
J9D132_EDHAE/17-92     0.64079244    0.50415980    0.47656876    0.65289938    0.48846535    0.00000000    0.45941996    0.45473537    0.35077245    0.54113217    0.62833625    0.61963873    0.61748062    0.67487394    0.68328474    0.69292701    0.76424610    0.69343502    0.72805688    0.72546330    0.65452874    0.95197899    0.81555537    0.82420742    0.89461464    0.65647262    0.72396924    1.17508983    2.07293897    1.68361785    1.62319847    1.74997383    1.62792567    1.71108115    2.01618478    1.73827204    2.13954008    1.97824703    2.13659964    1.61544294    1.57754413    2.03249397    2.09764516    1.91599616    2.03123478    1.93121037    2.36810359    2.42531694    2.44793887    2.03138559    1.98367058    1.88599882    1.66225639    1.75867901    1.78218919    1.06300743    0.99513206    1.15649355    1.11669082    1.22531998    1.11495854    1.14643763    1.09485296    0.98999979    1.16695046    1.04672201    1.01207298    1.00315437    1.07643751    0.95264609    1.02314109    1.11665175    1.31371564    0.65859653
L7JZS6_TRAHO/16-91     0.71257813    0.59442157    0.68992907    0.63483501    0.47942078    0.45941996    0.00000000    0.40931375    0.48140356    0.68751236    0.82081612    0.86395833    0.93874282    0.97733355    0.93060286    0.95013365    0.89743251    0.80868638    0.92827939    0.92979380    0.88125506    0.99882692    1.13110652    1.10653982    1.15802932    0.93697456    0.73812780    1.30544163    2.50294406    1.77742826    1.73618036    1.76559723    1.88280699    1.96731200    1.90918601    2.10427823    2.38019760    2.43511144    2.46753697    1.65258070    1.57464281    2.17080442    2.06115599    1.95942634    2.07619451    1.79985242    2.25746239    2.31461523    2.44514837    2.15511525    2.12373579    2.00631833    1.87882807    1.84797913    1.90879294    1.53988872    1.35597847    1.54994738    1.34305545    1.59692541    1.54940983    1.47771730    1.44263081    1.25130536    1.43584775    1.35261207    1.24443365    1.29098754    1.27812930    1.30832272    1.43398878    1.55291745    1.73527871    0.81939950
S7XL20_SPRLO/17-92     0.71605150    0.62914560    0.76514793    0.67925227    0.51084908    0.45473537    0.40931375    0.00000000    0.42280333    0.66877916    0.82222888    0.68297148    0.79472841    0.87890878    0.96547212    0.86674004    0.86089376    0.84455430    0.84838929    0.85353235    0.77607546    0.99291062    1.06972640    1.01746531    1.03504538    0.82429518    0.74111253    1.21763232    2.22715461    1.54246847    1.59228844    1.66890248    1.69295321    1.79317432    1.83407393    1.63694544    2.09428953    2.00590400    2.05517369    1.47381102    1.32472994    1.78676499    1.88326111    1.68596656    1.89263251    1.65394676    1.98672469    2.03997479    2.35605746    1.79446973    1.97803552    1.87295707    1.65259263    1.70027276    1.91720408    1.29761002    1.27972436    1.47347554    1.33449686    1.58025878    1.26542993    1.39984991    1.32789441    1.25378965    1.40071609    1.31642534    1.31887503    1.18352525    1.31727658    1.21257761    1.21947092    1.41099524    1.65220906    0.76654766
I3EK33_NEMP3/17-92     0.56027901    0.48753389    0.60070766    0.53178535    0.45451512    0.35077245    0.48140356    0.42280333    0.00000000    0.49653419    0.46631342    0.52533160    0.61304503    0.58847856    0.61986370    0.61728228    0.63916007    0.61108911    0.67521787    0.61958192    0.57443415    0.88662323    0.73178821    0.77868448    0.83067874    0.57252179    0.52067471    1.02209203    1.88544208    1.45908722    1.61904761    1.66689275    1.57347195    1.66674483    1.79230230    1.71508896    2.09888011    1.74776264    1.92723052    1.66053759    1.56449859    1.93405490    2.07809197    1.92398808    2.15618973    1.93237180    2.49284802    1.87962160    2.33335052    1.93444709    1.52846128    1.70813373    1.70856018    1.64641530    1.66374836    0.94489864    1.02537348    1.15094793    1.16062852    1.31531753    1.06143417    1.08846747    1.11947505    0.93155128    1.06606514    1.01018802    1.00368070    0.87431609    0.99877213    0.94599137    0.88813210    0.99809417    1.18606909    0.49876510
B9PU99_TOXGV/19-94     0.30129443    0.62919584    0.82214757    0.63826871    0.57442859    0.54113217    0.68751236    0.66877916    0.49653419    0.00000000    0.38331968    0.29833813    0.33241780    0.37008159    0.37705354    0.41840052    0.45958619    0.36044604    0.52450973    0.31348773    0.24187825    0.46478473    0.40093407    0.38687026    0.49394739    0.39167032    0.41806441    0.95111245    1.76325319    1.47170624    1.57053566    1.42843980    1.41656194    1.47085839    1.68087885    1.77035383    1.95723063    2.00393343    1.91399187    1.47082013    1.46049943    1.81479424    2.03719172    1.83388706    2.30310900    1.96583681    2.38875237    1.91515941    2.02514171    1.70291819    1.74166128    1.61567258    1.83545994    1.58692027    1.67029946    1.15776918    1.25697030    1.31046477    1.21701280    1.40314523    1.15510542    1.14861661    1.25321113    1.03875799    1.28973400    1.12318325    1.27414097    1.21792397    1.18688579    1.18167368    1.17420793    1.33032082    1.35702640    0.29568500
B4KEC0_DROMO/17-92     0.43573320    0.76995490    1.01827370    0.70275565    0.56376323    0.62833625    0.82081612    0.82222888    0.46631342    0.38331968    0.00000000    0.24542543    0.35215440    0.35490007    0.41842247    0.40242520    0.45909610    0.37401464    0.46497349    0.33944118    0.38279338    0.65747908    0.53748807    0.51692143    0.71080106    0.48284766    0.57505197    0.88152646    1.80300661    1.56063738    1.56177102    1.36610185    1.38796221    1.57492519    1.95505981    2.04351867    2.18024566    2.07531705    2.02557718    1.61298018    1.60558524    2.18988479    2.37792597    2.08539032    2.49952718    2.34673698    2.77422078    2.14002285    2.28510202    1.80266049    1.62996971    1.67667982    1.92587830    1.67098269    1.73572282    1.20266685    1.25071809    1.33561824    1.19845518    1.31514327    1.22476688    1.19225986    1.27702111    1.05042527    1.27568914    1.15976609    1.20069902    1.17328818    1.13120650    1.18525600    1.19541798    1.22259522    1.32025507    0.40753740
T1K579_TETUR/17-92     0.36873767    0.70723113    0.83061739    0.62549858    0.51448024    0.61963873    0.86395833    0.68297148    0.52533160    0.29833813    0.24542543    0.00000000    0.28911040    0.35000893    0.43775642    0.40280094    0.32649588    0.31588528    0.50563161    0.31548594    0.31685088    0.52513015    0.53112229    0.43359822    0.60758682    0.45128090    0.57839599    0.89166421    1.54532903    1.41864365    1.49783502    1.26344291    1.26841848    1.34064722    1.82587316    1.88364034    1.86981710    1.93126161    1.84882712    1.40671090    1.48276430    1.98453030    2.28870561    1.92603157    2.40384309    2.17443853    2.59638319    2.12412957    2.11905330    1.55066824    1.54978264    1.47660676    1.65107585    1.41291078    1.54203095    1.10295849    1.29803438    1.35767995    1.22172401    1.28854113    1.17975173    1.21204683    1.25263237    0.99914611    1.28616787    1.17090611    1.14096125    1.13238989    1.18436714    1.17539347    1.05080001    1.23392978    1.22106659    0.41811152
I1C6L1_RHIO9/19-94     0.37058831    0.83404718    0.86236303    0.75502498    0.64197544    0.61748062    0.93874282    0.79472841    0.61304503    0.33241780    0.35215440    0.28911040    0.00000000    0.24483775    0.25940442    0.32669765    0.27110686    0.25486928    0.34630756    0.24004000    0.26186345    0.47862240    0.41197600    0.38818402    0.50266629    0.50633870    0.51429232    0.98383165    1.53158226    1.41871151    1.41959607    1.25883121    1.29628214    1.29548136    1.64939821    1.58423748    1.90816015    1.77674984    1.74286971    1.48821521    1.48477887    1.75437863    2.14856557    1.93608925    2.35079154    2.01456924    2.46324458    2.22952432    2.26018691    1.57683303    1.67085643    1.56405288    1.60515751    1.41931866    1.51051488    0.98368320    1.11911501    1.14603378    1.13319627    1.18358607    1.07303815    0.99831627    1.10364428    0.91422923    1.15666112    1.01305279    1.00410192    1.07060173    1.04435817    1.24110524    1.17286854    1.08442037    1.12582623    0.41399611
F4PXT1_CAVFA/42-116     0.48165281    0.85195492    0.90617690    0.78589358    0.80105631    0.67487394    0.97733355    0.87890878    0.58847856    0.37008159    0.35490007    0.35000893    0.24483775    0.00000000    0.30674692    0.31626117    0.35703425    0.29792147    0.45131902    0.31357609    0.37924493    0.60873354    0.55894394    0.50256592    0.66510133    0.63834937    0.67184262    0.91398296    1.40887070    1.53687550    1.47244465    1.32274993    1.33410256    1.38561378    1.72235743    1.76124988    1.83756642    1.77198837    1.69441758    1.39653529    1.37639395    1.95936608    1.75621543    1.55320318    1.92239267    1.76917359    2.13131944    2.13965061    1.96507116    1.72929519    1.57850847    1.45928966    1.56440097    1.35218766    1.50508592    0.97121083    1.10157284    1.13987048    1.04474956    1.16234481    0.97454389    0.86406841    1.09408481    1.03031136    1.11106565    1.06138934    0.95976608    1.00670305    0.97283399    1.08642337    1.14804357    1.08475087    1.07486230    0.40426438
B8C2E8_THAPS/19-94     0.44098206    0.94411122    0.90914899    0.85052286    0.80900943    0.68328474    0.93060286    0.96547212    0.61986370    0.37705354    0.41842247    0.43775642    0.25940442    0.30674692    0.00000000    0.23945792    0.38042363    0.33412988    0.45855470    0.33765013    0.35822280    0.60873048    0.56567798    0.50725214    0.64114600    0.62868365    0.64751217    1.00290391    1.50643447    1.63770489    1.57481156    1.41314971    1.46494153    1.54379826    1.73355719    1.71914890    1.98398827    1.90113109    1.80992872    1.62616224    1.68978450    1.96670956    2.14056581    1.98722388    2.38223626    2.11599196    2.54569765    2.18831933    1.93102210    1.70237091    1.82260755    1.72713078    1.71801383    1.60949948    1.60929465    1.13589311    1.29429024    1.39268481    1.21823126    1.26316319    1.28906231    1.18191272    1.28389670    1.20475754    1.34601801    1.24272712    1.13374679    1.26756495    1.18132166    1.36749312    1.22049469    1.20658058    1.24990517    0.42833030
H3GAG5_PHYRM/19-94     0.48487817    0.87056990    0.94859338    0.82871018    0.79881617    0.69292701    0.95013365    0.86674004    0.61728228    0.41840052    0.40242520    0.40280094    0.32669765    0.31626117    0.23945792    0.00000000    0.41154728    0.35243680    0.53442786    0.42959288    0.41217212    0.63274805    0.64382616    0.59172606    0.61932653    0.60696488    0.77138133    1.02144655    1.64658939    1.47801195    1.38810594    1.21764363    1.26000045    1.40190452    1.80034131    1.74530344    1.73196828    1.78423053    1.79131014    1.41696461    1.45328716    2.04556693    2.22208705    1.86910352    2.28447813    1.97481557    2.39876165    2.27522980    2.18881614    1.56910243    1.62372337    1.51612593    1.57785750    1.48924421    1.49319844    1.12433155    1.33439376    1.37602439    1.28554570    1.38619765    1.15779724    1.17278349    1.28577373    1.25163062    1.20111264    1.27129758    1.18375015    1.28132049    1.23968138    1.24039306    1.04104860    1.08146354    1.09344052    0.50783394
A8IM74_CHLRE/17-92     0.48305849    0.87517622    0.81072558    0.83757863    0.75039530    0.76424610    0.89743251    0.86089376    0.63916007    0.45958619    0.45909610    0.32649588    0.27110686    0.35703425    0.38042363    0.41154728    0.00000000    0.26704492    0.38022177    0.38487131    0.32543015    0.52475743    0.58081609    0.48013113    0.62766123    0.66453009    0.59314097    0.86470685    1.41715480    1.47801823    1.44688185    1.20914092    1.35319229    1.33153116    1.74825904    1.73354367    1.84429115    1.93572260    1.92223059    1.54781402    1.70040033    1.97771994    2.00734296    1.92180987    2.18452695    1.87674448    2.17850418    2.17968551    2.01619487    1.70675030    1.62399980    1.52753207    1.56067047    1.43725131    1.52036904    1.02461458    1.46715318    1.42622293    1.20564169    1.37217035    1.39869420    1.36472803    1.19390527    1.10256543    1.24159402    1.16119239    1.13746874    1.27376692    1.15140794    1.27700305    1.16603210    1.22715833    1.26988840    0.46017630
D2VZT7_NAEGR/17-92     0.42557612    0.77871486    0.86814834    0.74587602    0.69390803    0.69343502    0.80868638    0.84455430    0.61108911    0.36044604    0.37401464    0.31588528    0.25486928    0.29792147    0.33412988    0.35243680    0.26704492    0.00000000    0.30807634    0.29435258    0.31430689    0.51816027    0.56531378    0.49557856    0.64274938    0.64650130    0.60554708    0.99234481    1.58371484    1.54455509    1.30587389    1.35167329    1.35019050    1.44726296    1.44384273    1.60039364    1.82888063    1.84417185    1.78734542    1.39452114    1.53355219    1.80262041    1.87372941    1.64614364    2.08723418    1.81686332    2.28311846    2.03484861    2.03842694    1.62862275    1.60002058    1.42741439    1.50175746    1.48236538    1.46454333    1.01606426    1.27188797    1.31591776    0.98508912    1.07147199    1.24994790    1.07861265    1.08537405    1.05983477    1.18917440    1.07310546    0.95390177    1.01608253    0.97168041    1.13378641    1.20457572    1.14798369    1.25563710    0.51017714
Q4CPG4_TRYCC/11-86     0.66225517    0.95860806    0.93259308    0.88349373    0.77942926    0.72805688    0.92827939    0.84838929    0.67521787    0.52450973    0.46497349    0.50563161    0.34630756    0.45131902    0.45855470    0.53442786    0.38022177    0.30807634    0.00000000    0.41620209    0.43923792    0.65104728    0.67532040    0.64721761    0.75305929    0.70744199    0.61300441    1.00295406    1.73224493    1.73987372    1.62950705    1.56005728    1.63261007    1.51654833    1.84139627    1.79188287    2.18162487    1.93500954    2.07512549    1.68406390    1.70589647    2.18908758    2.21080747    2.02078379    2.33849514    2.12953844    2.37549584    2.31576350    2.38845001    2.03397945    1.89834238    2.01191169    1.89274162    1.75028179    1.81161340    1.11665063    1.26002710    1.27905053    1.15385945    1.33089114    1.32132361    1.22573484    1.24522479    1.06822866    1.31099315    1.16078860    1.22072261    1.14038122    1.11954965    1.31682309    1.38435740    1.21335983    1.27035613    0.56411658
F2U389_SALR5/19-94     0.41398498    0.76784361    0.89955749    0.72270329    0.64731657    0.72546330    0.92979380    0.85353235    0.61958192    0.31348773    0.33944118    0.31548594    0.24004000    0.31357609    0.33765013    0.42959288    0.38487131    0.29435258    0.41620209    0.00000000    0.32578842    0.49223644    0.48911152    0.45635450    0.58987379    0.50389810    0.47637956    1.00181787    1.69407061    1.55865510    1.63250403    1.37544523    1.41960516    1.53159064    1.71794673    1.90384247    2.04267269    1.92429710    1.86258878    1.59544406    1.67306538    1.92753924    2.23664617    2.07106470    2.44254506    2.09540365    2.20940218    2.20919903    2.14827455    1.66082310    1.77378290    1.69500225    1.79006641    1.57499663    1.61723576    1.19501562    1.41380679    1.49212449    1.30043776    1.38769448    1.36617954    1.18748360    1.38417540    1.20158771    1.40914710    1.30775159    1.18994123    1.29882660    1.23883631    1.38790478    1.39845974    1.23506727    1.41260903    0.41802809
G3I094_CRIGR/17-94     0.35576582    0.83204138    0.77411811    0.73928106    0.61594571    0.65452874    0.88125506    0.77607546    0.57443415    0.24187825    0.38279338    0.31685088    0.26186345    0.37924493    0.35822280    0.41217212    0.32543015    0.31430689    0.43923792    0.32578842    0.00000000    0.30985794    0.32056905    0.21285248    0.27761269    0.49555967    0.44118712    1.03192998    1.56697626    1.55245161    1.45738106    1.31274944    1.34671505    1.31238236    1.73850328    1.89108842    2.09207431    2.12034348    2.07133554    1.67722387    1.65958994    1.92188280    2.07795373    2.07952026    2.34480362    2.03498293    2.50561004    2.06605232    2.09558176    1.83798755    1.75231721    1.52460412    1.69032747    1.45143822    1.49256094    1.14349647    1.40565727    1.45473873    1.19112608    1.37696518    1.25196199    1.19315201    1.28184105    1.12108827    1.41242741    1.16051700    1.31097774    1.31485928    1.23881203    1.19542587    1.20328726    1.38031875    1.39961548    0.44728689
H2PSZ3_PONAB/17-94     0.60536447    1.14754212    1.07445009    0.99833067    0.91717254    0.95197899    0.99882692    0.99291062    0.88662323    0.46478473    0.65747908    0.52513015    0.47862240    0.60873354    0.60873048    0.63274805    0.52475743    0.51816027    0.65104728    0.49223644    0.30985794    0.00000000    0.53354888    0.43800568    0.47562845    0.75892119    0.71307532    1.31443961    1.95616730    1.86910949    1.81936036    1.62748705    1.68490900    1.55071949    1.93629889    2.01524263    2.31045002    2.34470347    2.25471132    2.02272630    1.93579944    2.22444274    2.40321157    2.33932578    2.67599497    2.24786017    2.87214608    2.39893181    2.44544645    2.12808192    2.15157769    1.91181021    1.79020169    1.72496367    1.76350978    1.43910369    1.72231944    1.79539685    1.42304795    1.69880006    1.65908246    1.62963962    1.62754934    1.51296964    1.58793029    1.53429495    1.59543434    1.63823796    1.53447836    1.48281335    1.61133018    1.72898691    1.68656131    0.71037561
F6U2P2_MONDO/16-93     0.46630219    1.03382877    0.99419602    1.02896067    0.90226174    0.81555537    1.13110652    1.06972640    0.73178821    0.40093407    0.53748807    0.53112229    0.41197600    0.55894394    0.56567798    0.64382616    0.58081609    0.56531378    0.67532040    0.48911152    0.32056905    0.53354888    0.00000000    0.43545203    0.51016056    0.65033003    0.57663959    1.03527280    1.97362008    1.80254154    1.81996521    1.60864302    1.71212395    1.59916876    1.77010306    1.94168169    2.11472713    1.83797197    1.93558640    1.78570095    1.83367788    2.01997684    2.08227450    2.14676951    2.31285175    2.13559593    2.52322439    2.04853209    2.14545821    1.92914893    2.01619881    2.00087615    1.95026198    1.77691753    1.80955315    1.17879272    1.47138837    1.48880498    1.29822909    1.48698999    1.40258571    1.23455673    1.38038286    1.23295601    1.49535035    1.22294690    1.44802375    1.39105426    1.35691499    1.36085399    1.41087999    1.58414430    1.57246297    0.58781118
L9JC44_TUPCH/17-94     0.44743157    1.00924143    0.89291082    0.91949185    0.81300397    0.82420742    1.10653982    1.01746531    0.77868448    0.38687026    0.51692143    0.43359822    0.38818402    0.50256592    0.50725214    0.59172606    0.48013113    0.49557856    0.64721761    0.45635450    0.21285248    0.43800568    0.43545203    0.00000000    0.43949618    0.65658293    0.58559512    1.24242017    1.88007044    1.81565637    1.71604907    1.58610668    1.62762202    1.59098384    1.87268714    2.05170972    2.27143884    2.29814302    2.23184966    1.84335391    1.83200488    2.09290412    2.25302982    2.16647152    2.45596325    2.32854378    2.78584889    2.23997250    2.20743015    2.01918995    1.97534295    1.86924429    2.00162971    1.79104581    1.79857394    1.28490045    1.77373077    1.78995657    1.53263612    1.73928938    1.63030333    1.50867668    1.62316360    1.41594321    1.74368832    1.41331791    1.65558525    1.65697641    1.58460983    1.46685788    1.36014325    1.63571697    1.57738445    0.56142272
L9L642_TUPCH/17-91     0.60306427    1.14019734    1.09432110    0.96464543    1.04035450    0.89461464    1.15802932    1.03504538    0.83067874    0.49394739    0.71080106    0.60758682    0.50266629    0.66510133    0.64114600    0.61932653    0.62766123    0.64274938    0.75305929    0.58987379    0.27761269    0.47562845    0.51016056    0.43949618    0.00000000    0.75512858    0.66987073    1.39152117    2.01553668    1.89107498    1.74660393    1.65643495    1.74936016    1.61668011    1.67014665    1.90223503    2.03289446    2.03901371    1.92855582    1.72298096    1.61118396    1.66593771    2.03171021    2.21080242    2.12270170    1.97003592    2.41493407    1.80510280    1.84492210    1.56209845    2.01676548    1.96479429    1.97948595    1.66032516    1.63713408    1.28331911    1.78739159    1.94622416    1.53091006    1.80323588    1.56571418    1.57558756    1.74642456    1.53440804    1.80401942    1.60802873    1.83109759    1.68916600    1.68457094    1.46636437    1.37003852    1.59716724    1.57111660    0.69355057
RL36A_TETTS/17-92     0.49487278    0.72303955    0.89696351    0.82604404    0.64801967    0.65647262    0.93697456    0.82429518    0.57252179    0.39167032    0.48284766    0.45128090    0.50633870    0.63834937    0.62868365    0.60696488    0.66453009    0.64650130    0.70744199    0.50389810    0.49555967    0.75892119    0.65033003    0.65658293    0.75512858    0.00000000    0.24472018    0.95983797    1.88907421    1.37814503    1.51836957    1.54937645    1.47719232    1.54525365    2.03659322    1.81718135    2.14288770    2.11443133    2.00322171    1.57113398    1.44481918    2.17575541    2.17492422    2.00437986    2.34531904    2.09151780    2.45405858    2.34056389    2.26666506    1.84609099    1.73149096    1.76980095    1.64281358    1.66497147    1.76739726    1.25203752    1.32679884    1.26693905    1.44708931    1.38151075    1.18521931    1.22325858    1.29953314    1.13917777    1.32804689    1.30223365    1.33511871    1.30140180    1.34818584    1.17548752    1.27444909    1.29998838    1.36952944    0.41903087
A0BKH7_PARTE/17-92     0.49755021    0.75944925    0.81505423    0.82495154    0.58420903    0.72396924    0.73812780    0.74111253    0.52067471    0.41806441    0.57505197    0.57839599    0.51429232    0.67184262    0.64751217    0.77138133    0.59314097    0.60554708    0.61300441    0.47637956    0.44118712    0.71307532    0.57663959    0.58559512    0.66987073    0.24472018    0.00000000    1.04441322    1.86790408    1.63780642    1.69365904    1.63406178    1.69824651    1.60430811    1.93539850    1.93385667    2.44468216    2.41657816    2.29762857    1.98689009    1.78403305    2.34561828    2.24645997    2.25626378    2.61239557    2.27011531    2.51844363    2.40526579    2.33746419    2.22599515    2.00624316    1.96384959    1.71090372    1.78291446    1.86166008    1.23773876    1.21319541    1.33007180    1.40688822    1.38711572    1.38168859    1.39348376    1.26019454    1.12600169    1.27725565    1.28047498    1.33195245    1.40340870    1.27263892    1.17379250    1.37881266    1.31695017    1.43137441    0.45886406
A2DAI6_TRIVA/17-92     0.83409302    1.23315922    1.36492870    1.31297630    1.18357319    1.17508983    1.30544163    1.21763232    1.02209203    0.95111245    0.88152646    0.89166421    0.98383165    0.91398296    1.00290391    1.02144655    0.86470685    0.99234481    1.00295406    1.00181787    1.03192998    1.31443961    1.03527280    1.24242017    1.39152117    0.95983797    1.04441322    0.00000000    1.53309811    1.52628891    1.58598092    1.54056223    1.58004603    1.64672945    1.90256030    1.87483674    1.91548731    1.53937177    1.75969218    1.68962814    1.68079185    1.76749030    2.11236433    1.78370604    2.22053787    2.00029154    2.43432235    1.84469691    1.80389519    1.64082699    1.44290185    1.49930672    1.67684889    1.55823767    1.74692693    1.10164168    1.28634604    1.15691947    1.20104480    1.21486766    1.37844696    1.38915184    1.33348371    1.42421288    1.45023833    1.25723956    1.52714840    1.48133189    1.37457607    1.16651529    1.21663735    1.43575376    1.30520084    0.67880613
Q74MN7_NANEQ/20-104     1.64619408    2.24505906    2.33310965    2.43722986    2.06558575    2.07293897    2.50294406    2.22715461    1.88544208    1.76325319    1.80300661    1.54532903    1.53158226    1.40887070    1.50643447    1.64658939    1.41715480    1.58371484    1.73224493    1.69407061    1.56697626    1.95616730    1.97362008    1.88007044    2.01553668    1.88907421    1.86790408    1.53309811    0.00000000    1.28463995    1.32198430    1.44869688    1.12478491    1.03063135    1.46540494    1.24750930    1.40308274    1.42948361    1.45434149    1.31515022    1.54724907    1.70736994    1.54731035    1.43145628    1.71468497    1.43691437    1.54642497    1.64982481    1.60402755    1.38635782    1.46788002    1.15835454    1.47073125    1.21133371    1.38220741    1.49648459    1.57446552    1.56378290    1.76636696    1.34234813    1.76019491    1.97626683    1.52543379    1.54125747    1.87523150    1.82721197    1.83703580    1.92981657    1.79306949    1.90407720    1.88651665    2.05268020    1.87256027    1.57197848
T0N3K4_9ARCH/16-91     1.46633843    1.55949956    1.91309297    1.61120897    1.60420412    1.68361785    1.77742826    1.54246847    1.45908722    1.47170624    1.56063738    1.41864365    1.41871151    1.53687550    1.63770489    1.47801195    1.47801823    1.54455509    1.73987372    1.55865510    1.55245161    1.86910949    1.80254154    1.81565637    1.89107498    1.37814503    1.63780642    1.52628891    1.28463995    0.00000000    0.36413039    0.41347425    0.40520266    0.38598822    0.85025465    1.02318435    0.96657923    1.01597338    1.02048050    1.00978372    1.15627090    1.13002439    1.23649463    1.12192095    1.31424184    1.06652526    1.27260985    1.15610714    1.38518556    0.80576399    0.60542464    0.56150009    0.75200792    0.78605778    0.70797072    1.64130233    1.46173760    1.54237194    1.70816169    1.62924755    1.39976577    1.51606144    1.58913855    1.40448678    1.43032548    1.66073455    1.59931094    1.61921409    1.60780163    1.63896736    1.68175134    1.74568764    1.79817596    1.43508956
M4YU35_THEXX/16-91     1.38894421    1.59928805    1.84475996    1.68037006    1.71708061    1.62319847    1.73618036    1.59228844    1.61904761    1.57053566    1.56177102    1.49783502    1.41959607    1.47244465    1.57481156    1.38810594    1.44688185    1.30587389    1.62950705    1.63250403    1.45738106    1.81936036    1.81996521    1.71604907    1.74660393    1.51836957    1.69365904    1.58598092    1.32198430    0.36413039    0.00000000    0.35026977    0.32225357    0.37715846    0.77158717    1.01889756    0.94417822    1.01317783    1.05703629    0.82648626    1.16118004    0.97527078    1.17343717    1.20893737    1.31043533    1.04601563    1.28667798    0.93623839    1.13963212    0.89332752    0.65765413    0.52230736    0.68977520    0.69465882    0.57968263    1.62500269    1.54186975    1.69160096    1.58427916    1.59824809    1.46417994    1.56434585    1.52734669    1.56988118    1.42178043    1.54428214    1.53829107    1.46055945    1.46150634    1.58036149    1.51484417    1.47044042    1.63076510    1.50587848
T0LK41_9ARCH/19-94     1.51053617    1.73165421    1.77941087    1.48093563    1.62768990    1.74997383    1.76559723    1.66890248    1.66689275    1.42843980    1.36610185    1.26344291    1.25883121    1.32274993    1.41314971    1.21764363    1.20914092    1.35167329    1.56005728    1.37544523    1.31274944    1.62748705    1.60864302    1.58610668    1.65643495    1.54937645    1.63406178    1.54056223    1.44869688    0.41347425    0.35026977    0.00000000    0.36597486    0.49480916    0.86647796    1.03428103    0.88793683    1.11978697    1.11300083    0.93384680    1.23949360    1.12978894    1.38707549    1.29419911    1.52132767    1.21363312    1.41833966    1.18421500    1.21926783    0.71368027    0.79453023    0.62003820    0.78307015    0.83187084    0.66236478    1.72946362    1.70496126    1.95123835    1.72792355    1.75858679    1.75884480    1.96166712    1.82398031    1.74576691    1.49314961    1.74735355    1.65815048    1.84152521    1.62452532    1.89201996    1.77848778    1.72663260    1.63576488    1.45590313
D3TA34_ACIB4/16-91     1.45642135    1.61837255    1.84874482    1.57667132    1.48984884    1.62792567    1.88280699    1.69295321    1.57347195    1.41656194    1.38796221    1.26841848    1.29628214    1.33410256    1.46494153    1.26000045    1.35319229    1.35019050    1.63261007    1.41960516    1.34671505    1.68490900    1.71212395    1.62762202    1.74936016    1.47719232    1.69824651    1.58004603    1.12478491    0.40520266    0.32225357    0.36597486    0.00000000    0.34816941    1.00321101    1.14891481    0.95393145    1.05816950    1.06418717    0.89731487    1.24356320    1.18527015    1.44454877    1.34636658    1.45428212    1.26378482    1.41762338    1.20116409    1.35298012    0.84290351    0.67751065    0.37753865    0.61925752    0.52684030    0.51604591    1.59432752    1.54181408    1.66446021    1.69982683    1.63888177    1.40554666    1.46387138    1.54488936    1.44813653    1.36737841    1.53924781    1.55282510    1.55213249    1.48611792    1.60055855    1.73192218    1.79292006    1.78517814    1.43402100
RL44E_THEAC/16-91     1.45423109    1.73792332    1.67620290    1.76370447    1.71691100    1.71108115    1.96731200    1.79317432    1.66674483    1.47085839    1.57492519    1.34064722    1.29548136    1.38561378    1.54379826    1.40190452    1.33153116    1.44726296    1.51654833    1.53159064    1.31238236    1.55071949    1.59916876    1.59098384    1.61668011    1.54525365    1.60430811    1.64672945    1.03063135    0.38598822    0.37715846    0.49480916    0.34816941    0.00000000    1.25716761    1.21019344    1.04037052    1.15311700    1.19767216    1.02858701    1.38143980    1.54009032    1.56205011    1.57559993    1.56223873    1.39989955    1.72166941    1.54456570    1.75231261    1.15406782    0.78638881    0.49805000    0.78514197    0.73315629    0.61837980    1.36987223    1.41021134    1.62479283    1.61672361    1.63671359    1.30339381    1.48973946    1.43590360    1.26348756    1.46379152    1.66548307    1.51284066    1.41647305    1.33556892    1.56961434    1.57879422    1.66907064    1.53716824    1.51562385
Q0W8M2_METAR/16-91     1.95505382    2.00081744    2.24666078    1.94879372    1.97713925    2.01618478    1.90918601    1.83407393    1.79230230    1.68087885    1.95505981    1.82587316    1.64939821    1.72235743    1.73355719    1.80034131    1.74825904    1.44384273    1.84139627    1.71794673    1.73850328    1.93629889    1.77010306    1.87268714    1.67014665    2.03659322    1.93539850    1.90256030    1.46540494    0.85025465    0.77158717    0.86647796    1.00321101    1.25716761    0.00000000    0.26727772    0.32480840    0.49080494    0.38917768    0.44351990    0.59200074    0.48913966    0.67157836    0.73357408    0.80288851    0.81047651    0.96501648    0.47809347    0.59734454    0.50683337    1.13098877    1.08585378    1.13712449    1.11380559    0.96678219    1.98842885    2.20615295    2.37101871    2.25983632    1.87103749    1.93749753    2.07106064    1.68770238    1.86697458    1.65282110    1.99670836    1.87560018    1.87038191    1.68783747    1.88639418    1.98529452    1.79858844    2.24802660    1.91530538
D1YYT7_METPS/16-91     1.85078937    1.80849536    2.36898352    2.24898024    2.03882510    1.73827204    2.10427823    1.63694544    1.71508896    1.77035383    2.04351867    1.88364034    1.58423748    1.76124988    1.71914890    1.74530344    1.73354367    1.60039364    1.79188287    1.90384247    1.89108842    2.01524263    1.94168169    2.05170972    1.90223503    1.81718135    1.93385667    1.87483674    1.24750930    1.02318435    1.01889756    1.03428103    1.14891481    1.21019344    0.26727772    0.00000000    0.50169674    0.55171264    0.55307658    0.58378111    0.56082450    0.47696165    0.71864250    0.76505206    0.85126948    0.86620236    1.10141923    0.64334285    0.61904279    0.55925876    1.18597292    1.15878201    1.21416450    1.08744627    1.12502549    1.73429195    2.01348338    2.04885544    1.97626552    1.75279052    1.66966067    1.95431568    1.33480996    1.46413740    1.56090661    1.80784661    1.56474391    1.65386916    1.52680446    1.51122515    1.67415967    1.51886841    1.80125949    1.81553648
F4BU52_METSG/16-91     2.08086161    2.21310509    2.73696879    2.23823317    2.02093494    2.13954008    2.38019760    2.09428953    2.09888011    1.95723063    2.18024566    1.86981710    1.90816015    1.83756642    1.98398827    1.73196828    1.84429115    1.82888063    2.18162487    2.04267269    2.09207431    2.31045002    2.11472713    2.27143884    2.03289446    2.14288770    2.44468216    1.91548731    1.40308274    0.96657923    0.94417822    0.88793683    0.95393145    1.04037052    0.32480840    0.50169674    0.00000000    0.29016549    0.28562911    0.40952986    0.64495421    0.58363803    0.68993078    0.75050773    0.85225811    0.85062942    0.95650547    0.59113258    0.73952313    0.49129193    1.03796766    0.99069243    1.17556164    1.05571784    0.84553418    1.97095082    2.38395909    2.55273373    2.25774847    2.13227986    1.80637227    2.28568447    1.94266733    2.02867200    1.88007488    2.35293094    1.90241507    1.84963968    1.90972591    1.88671879    1.81045008    1.84833784    1.93048517    2.05772309
