101
Q9VQ16_DROME/55-107     0.00000000    1.82815809    1.42996565    1.68329554    2.89150375    2.42458051    1.59200734    2.31547489    1.61087719    1.97914113    1.99805126    1.99518553    2.07961475    1.83079868    2.82454576    1.73473238    1.92763666    2.02220084    1.56699015    2.00483804    2.51200994    1.85729721    1.69724925    1.42366389    2.81044332    2.00693672    2.10907105    1.76494694    2.80633140    2.05468619    1.95710480    2.22418547    1.93232702    1.58501529    2.12357240    1.91126039    1.60658814    1.81988280    1.73776227    1.94102366    1.76936448    1.83907876    2.51771411    2.84960069    2.14140057    1.75014147    1.82418371    1.76361127    2.09531278    1.78311806    1.71708914    2.07073323    1.77511896    2.16264550    1.72507509    1.77464335    1.91080852    1.93565301    1.92544633    2.42701089    1.60418027    2.19804434    2.07048817    1.87849346    1.79580253    2.14584106    2.51508884    2.83849801    2.02353996    2.29910997    2.14300208    1.50757513    1.83494618    2.53023186    1.51880755    2.11893597    1.36996004    1.97927947    1.62271145    1.89166657    2.42710739    1.20848734    2.05325012    1.84443257    2.66630781    1.86177650    2.70009547    3.00754799    2.05254812    2.65468544    2.34075444    1.75359623    2.36572502    1.70709913    2.09773152    2.14247088    1.85598870    1.87090124    2.33670291    1.85389085    1.71456996
A7RQY7_NEMVE/573-620     1.82815809    0.00000000    1.27063440    1.36627519    2.37482371    2.22923864    1.44302128    1.85155328    1.80271860    1.62287134    1.42051023    1.61202795    1.38271924    1.61671729    1.96270353    2.15238948    2.08455641    1.67270888    1.64915537    2.22044093    2.54339716    1.94086053    2.18267244    1.86636793    2.25149911    2.61873535    1.97211393    2.12946736    2.04514248    1.58220257    1.75613017    1.56724550    1.57519072    1.26187456    1.89309155    1.58285403    1.98747318    1.86445186    1.65128365    1.35282299    2.18283843    1.86790957    2.15987682    1.85961134    2.30360773    1.66949558    2.26970736    1.91447444    2.15610395    1.85215747    1.24557187    1.63521431    1.44786670    1.88288716    1.45223138    1.59878328    1.47160663    1.64132571    1.38310677    2.34290982    1.70157373    1.69360257    1.43382692    1.69631139    1.51042320    1.54402863    2.19660095    2.30816337    1.55594559    1.77311682    1.48420762    1.65538398    1.75819255    2.49308008    1.80899692    1.85486104    1.97885069    1.77776639    2.42510061    2.00892206    2.09114019    1.86755915    1.69049651    1.52831923    2.55478332    1.68542990    1.46412116    1.98320125    1.77909722    1.90176267    1.76463321    1.89561227    2.58523843    1.83073581    1.58911536    1.70634803    1.94740187    1.70974271    1.71244866    1.63792968    1.60427549
Q178R9_AEDAE/213-262     1.42996565    1.27063440    0.00000000    1.43583076    2.47037016    2.09946340    1.49747079    1.88120616    1.30460668    1.69712389    2.00131697    1.72836355    1.75193811    1.80962632    2.06851149    1.83949274    2.33932610    1.93454352    1.37475163    1.70677233    2.17714223    1.63031154    1.72826256    2.35561505    2.32283829    1.71021926    1.77679458    1.61757885    2.21197349    2.53554933    1.76655276    1.64565247    1.83477286    1.61934713    2.24341545    2.03470255    1.44519772    2.29273246    1.73659293    1.81072965    1.99424246    1.75764051    1.58141169    1.92906677    1.87467777    1.76455890    1.55330288    2.33292368    1.64405633    1.75296939    1.74811890    2.39428627    1.64783625    1.56558157    1.29437975    1.70053382    1.20186323    1.56477385    1.34416622    2.36656838    1.27734674    1.87053060    2.24625598    1.77548522    2.03655983    2.50090240    2.22956441    3.53335196    2.73573911    1.95834893    1.84236894    2.15035298    1.53793822    2.95876973    2.14868470    1.64056363    1.99287065    1.63342721    2.03089933    2.48174147    2.04648551    2.03011958    1.65099992    1.62825706    2.72886994    2.16415072    2.36480666    2.45227197    2.66649595    1.64232242    2.08092950    2.35361122    2.81989106    1.99570065    2.21197428    2.24398522    1.80174912    2.01859463    1.99228119    1.84895196    1.68766484
A0CR65_PARTE/248-295     1.68329554    1.36627519    1.43583076    0.00000000    2.50945287    2.26522644    1.52227611    1.80881388    1.65918216    1.54614833    1.69111883    1.51987914    1.76986441    1.40950775    1.64521253    1.86768862    1.68536621    2.05267797    1.91443308    2.14071827    2.21648729    2.42851091    2.18954587    1.59562009    3.09340384    2.60671325    2.18594818    1.92745972    3.00700490    2.20728587    2.05827433    2.03915946    2.36115464    1.93504027    1.56498758    1.77197924    1.97407767    1.79931281    1.62574013    1.68080274    2.23251613    1.71988051    1.51449145    1.77299654    1.80076295    1.77198951    2.28514561    1.70383060    1.87608656    1.86042783    1.55208199    2.66135517    1.85152420    2.00063443    1.77374145    1.87284196    1.78705934    1.71779210    1.82027128    2.99680326    1.85408401    1.93664110    2.53159380    1.44044612    1.88895442    2.46229039    2.88253128    2.29678284    2.02528723    1.72215633    1.68623648    1.83618008    1.81806242    2.08720338    1.63697083    2.15957249    1.94748627    2.12074023    2.42416066    2.29379382    2.44264140    1.56626698    1.90818541    1.59961667    1.92286691    2.10758766    1.93956126    1.51725176    1.91996630    1.65570405    2.07752044    2.16565019    2.63752694    2.17791357    2.28196393    1.42349641    1.79856270    2.14144056    1.62485099    1.61357210    1.42974438
Q9LYD4_ARATH/329-386     2.89150375    2.37482371    2.47037016    2.50945287    0.00000000    1.80217414    1.70264519    2.31057586    1.85177349    1.71000563    2.00004062    2.41795005    2.22384021    1.84750204    1.98312707    2.17873940    1.70098866    2.50434835    2.37580423    3.12203076    2.77268726    2.74174734    2.06351015    2.59664178    2.21054855    1.95497457    2.32081789    2.09504510    2.05113305    2.00964996    2.39157531    1.86781833    2.25269340    1.98129801    1.96545924    2.50356865    2.39334953    2.64880891    1.81451164    1.78210904    1.88934509    1.96847824    1.68534763    1.54130667    2.11884715    2.02504429    2.51241755    2.49796787    3.53610955    1.75668023    1.47875747    2.49179962    1.68298656    2.14281303    2.20025516    2.11104597    1.95236527    2.31607996    2.15152694    2.69806263    2.24044139    2.30782574    3.09661447    2.19125840    2.07714186    2.09919071    2.44894863    2.08459079    2.77423443    2.47395562    1.91488772    1.82249451    1.83497066    2.54146476    2.24321326    2.10801517    2.01862866    1.70699633    2.77024777    2.60774802    1.94260334    1.76204841    2.07986569    1.79840361    2.00238771    2.23643108    1.93523506    1.65334285    2.48482234    2.05062301    2.15038188    1.95291344    2.18461811    1.79774523    2.14074811    1.87283021    2.46670929    1.88890744    1.95255186    1.68768954    2.45306436
Q22CB7_TETTS/460-518     2.42458051    2.22923864    2.09946340    2.26522644    1.80217414    0.00000000    1.78855484    1.99057120    2.18274439    2.64041245    1.76801822    2.40175204    2.61194474    1.99278009    1.71846000    1.89789092    2.10687807    2.55808711    2.26322936    2.79232452    2.46547078    2.43664255    2.03707593    2.19887021    2.16958712    1.99967221    1.96365458    2.03422805    1.92197823    1.82407019    2.03647707    1.76165258    2.22093603    2.05120400    1.93122745    2.21959751    1.86317886    2.45909843    1.97714194    1.81453485    2.37006894    2.26493010    2.02264153    2.82314751    1.91098564    1.93842944    1.83022459    1.77147116    3.37635699    2.38398387    1.50030144    2.06601577    2.11958981    2.19029426    2.14817845    1.97977125    2.19374257    2.14697311    1.89703752    2.45631709    2.15097285    2.48049901    2.27326016    1.57083570    2.35195524    2.20929823    2.40283181    2.33058178    2.80316706    2.53327341    2.16469449    1.60165095    2.17308794    2.24117016    2.03227037    2.46628241    2.19220845    2.11641698    2.77038291    2.47914862    1.64729241    1.97013280    2.21759710    2.08361195    1.71703559    2.40249228    1.62592186    1.83398409    1.98367416    2.50691858    2.07973858    1.66567392    2.03249248    1.54521320    2.44491708    2.23425681    2.08889200    2.04637935    2.20137213    2.08016450    1.85467572
Q2TAE1_XENLA/155-205     1.59200734    1.44302128    1.49747079    1.52227611    1.70264519    1.78855484    0.00000000    1.37201644    1.33522277    1.32347098    1.90083305    1.99332556    2.34683004    1.66111289    2.14754401    1.83743072    1.82524521    1.90312007    1.43205308    1.92900449    1.60835243    1.62272890    1.46872769    1.49669187    1.56146185    1.97016623    1.64992429    1.84085061    2.19300385    1.61394991    1.99422639    1.40952282    1.43279970    1.56477340    1.95718508    2.15889880    1.83580015    1.84859749    1.41834838    1.50667355    1.45505243    1.31594291    1.72459199    1.66852992    1.73962948    1.47579793    1.39015484    1.65948747    1.47695886    1.28321898    1.54547086    1.62254417    1.55319267    1.46449466    1.71219056    1.20783978    1.35773130    1.52649118    1.80388604    2.76336498    1.63479001    1.41361020    1.25011943    1.54142219    1.29907013    1.92649435    1.98329592    2.66123685    1.93062048    2.09202559    1.53687296    1.95533427    1.72020109    1.91565621    1.44353713    1.83660780    1.68556874    1.36359971    2.18127350    1.52011140    1.58060745    1.79574643    1.83893743    1.46799377    1.68688245    1.72899382    1.40572253    1.85738620    2.31999907    2.10618412    1.34534032    1.39090645    1.83094263    1.65901937    1.34742623    1.28417160    1.63956465    1.46565205    1.59268974    1.37802806    1.44695614
Q6MLT4_BDEBA/329-381     2.31547489    1.85155328    1.88120616    1.80881388    2.31057586    1.99057120    1.37201644    0.00000000    1.49464893    1.20017691    1.92616103    1.69286964    2.14798152    2.45115663    2.04326624    1.85596002    2.32016410    2.00558204    1.76489861    2.25902879    2.23242360    2.29035453    1.47287082    1.30578878    2.04276036    2.78738612    1.84179494    2.43391338    2.41583815    1.85899358    2.25422676    1.68128819    1.90599041    1.66826601    1.78717360    1.92528823    1.90293495    1.87676499    2.12128171    1.72923831    2.36994252    1.65429395    2.33303172    2.76244302    2.16804182    1.70663246    1.45893169    2.15578974    2.31873765    1.99045653    1.77558079    1.91503856    2.04243561    2.07636297    1.73243506    1.80243491    2.05521605    2.19306618    1.71990931    2.31787163    1.43000182    2.00372229    1.80981571    1.83761306    1.97047040    2.43229346    2.76299163    2.56672575    2.51106635    2.83237205    2.09922494    2.24138644    2.22238855    2.41907189    2.03767184    1.93422148    1.54751491    1.82225156    2.21013123    2.43840052    1.90016273    1.64530922    1.70256488    1.69992428    2.38392087    2.43616401    1.44559594    1.53193217    2.39912703    2.77987285    1.82526272    1.42184551    1.95050130    1.37074761    1.93709669    1.62401061    1.62477166    1.82660252    1.99715384    2.00255672    2.05683714
A0A6N4STC4_CYTH3/40-87     1.61087719    1.80271860    1.30460668    1.65918216    1.85177349    2.18274439    1.33522277    1.49464893    0.00000000    1.09686472    2.32916656    1.39807985    1.72439812    1.93390087    2.00860637    1.81944262    2.09096741    1.65179662    1.63228461    2.14946587    1.70264956    2.21655636    1.32410288    1.24881766    2.39014215    2.14418485    2.04285583    1.62256558    2.15456982    2.01382043    1.76926278    2.11048247    1.34915129    1.76816900    1.97851219    2.21213669    2.39322851    1.85391914    1.78872186    1.68971240    1.60413090    1.62575961    2.08994246    2.32424401    1.73610162    1.44068128    1.68534008    2.17352300    2.48334424    2.04117226    2.00752834    2.00732068    2.18838042    2.39545770    1.66423907    1.50552787    1.61675103    1.68161411    1.46117758    2.04835194    1.62749133    2.23621042    1.57479068    1.46297898    1.79749182    1.87657214    1.91891476    2.19462906    1.92001444    1.80149169    1.53159697    1.79707036    1.62205657    2.21748513    1.97999400    1.46171735    1.66575146    1.63233035    1.67539398    1.97202609    1.90201735    1.44062416    2.23775636    1.67122833    2.39480036    1.85369016    2.04938818    2.07387254    1.81750597    2.07799176    1.71595870    1.39946194    2.13738425    1.56824767    2.16506444    1.70802454    1.54720410    1.88672883    1.88723988    1.52026800    1.65556111
Q1PYN1_KUEST/1307-1354     1.97914113    1.62287134    1.69712389    1.54614833    1.71000563    2.64041245    1.32347098    1.20017691    1.09686472    0.00000000    1.95621600    1.67574420    1.82309649    1.64772211    2.15680739    1.96455617    2.24796044    1.43143379    1.30204701    1.55128735    1.64156321    1.64991799    1.18868751    1.25781553    1.91347636    2.25120737    1.76200123    1.98915089    2.52620601    1.88549851    1.84176099    1.67080243    2.05328334    1.84751793    1.38278066    1.45383817    1.69853053    1.39281371    1.78643930    1.56752952    1.67787233    1.58109136    1.41633983    1.64998014    1.46274074    1.42942963    1.72555433    1.65699963    2.01907397    1.58301370    1.75337119    1.77852176    2.01861215    2.21571640    1.57542852    1.47892994    1.68680950    1.82774359    1.65682011    1.83917847    1.21280618    1.66862997    1.55512512    1.26431039    1.48991284    2.07201150    2.10731563    2.40495817    1.66591801    1.96522781    1.30718905    2.23021829    2.10955649    2.29870751    1.38749396    1.51570431    1.47534669    1.34253814    1.67648140    1.29138942    1.89746787    1.16334829    1.73105583    1.32381279    2.27845792    1.29849722    1.55229184    1.76397907    2.09914069    2.10048008    1.41029250    1.75594410    2.23517280    1.36110421    1.62526388    1.67476515    1.42691860    1.73161625    2.04598276    1.49713604    1.53817371
A0BPS0_PARTE/150-200     1.99805126    1.42051023    2.00131697    1.69111883    2.00004062    1.76801822    1.90083305    1.92616103    2.32916656    1.95621600    0.00000000    1.40315345    1.80109126    1.52944848    2.16415661    2.14594517    2.21218694    1.88491020    1.89193635    1.63829358    2.02589956    1.87063384    1.87969133    2.28372564    2.13821794    2.05649636    1.70598429    1.69485613    1.76724020    1.62374828    1.53645068    1.38051507    2.11887803    1.67479443    1.53693706    1.97712591    2.15164111    1.69565239    1.81679595    1.27062999    2.07935287    2.02356616    1.94592087    2.39224089    1.99722834    1.62246726    2.01433296    2.25657612    2.52901903    1.99901643    1.89231665    1.79608292    2.03490475    1.85842338    1.67194173    1.99213419    2.21875414    1.80803039    1.84164293    2.40028991    1.77761401    1.86435572    1.91350513    1.97009028    1.95044100    1.68420861    2.36542961    2.67070440    1.74147718    2.34618130    2.27865232    1.83078886    1.84528910    2.14585560    1.96070148    2.57254948    1.50283813    1.73279937    3.00211303    2.06020561    1.43023219    1.65348307    1.82160308    1.76395645    1.45085419    2.34122783    1.81795745    2.33980625    2.76007592    2.91183176    1.56677800    2.09922793    2.44195209    1.82744694    2.22256600    1.71997676    2.13741026    1.97611532    1.54236418    1.56986620    1.76010271
A5KAC0_PLAVS/57-111     1.99518553    1.61202795    1.72836355    1.51987914    2.41795005    2.40175204    1.99332556    1.69286964    1.39807985    1.67574420    1.40315345    0.00000000    1.56043791    1.16047483    1.40883237    1.70871787    1.88402842    1.56345007    1.62348599    2.05509956    1.79395183    1.76761466    1.89227847    1.91551289    2.03190968    2.27018471    1.97744786    1.73198196    1.50354567    1.77097794    1.66115361    1.64916667    1.46312556    1.57480158    1.77586446    1.83144831    1.69082354    1.58645846    1.96700034    1.52088596    2.41481788    2.14745059    2.09634795    1.98166021    1.83717318    1.77432052    1.93503455    2.37798677    2.23588895    1.54531359    1.50952935    1.83428913    1.92271401    2.06784149    1.69035490    1.53191022    1.33557675    2.02443251    1.40679243    1.63952633    1.62363131    1.84123367    1.83534482    1.71386683    2.25923813    1.95448168    1.55012892    2.76921677    1.61426732    2.53500262    1.72737518    1.28058854    1.97099119    2.24328514    1.78755773    1.95098537    1.47895327    2.18533938    2.51517346    1.75794248    1.87927928    2.07525948    1.79527296    1.73169804    1.86025970    1.59721110    1.76354549    1.85696148    1.36370830    2.38416036    1.69337005    1.84423156    2.25353697    1.44941951    2.03811448    1.64267507    1.62183723    1.95569622    1.86268169    1.94146187    1.84281829
A2DDT7_TRIVA/51-99     2.07961475    1.38271924    1.75193811    1.76986441    2.22384021    2.61194474    2.34683004    2.14798152    1.72439812    1.82309649    1.80109126    1.56043791    0.00000000    1.93405502    1.90118616    2.15818124    1.92603179    2.00623099    2.13900939    2.30562157    3.22612457    3.08659302    2.57201878    2.04310057    2.90837272    2.78621523    2.96167032    2.60899757    2.73935205    2.22564257    2.03344169    2.01848383    2.04365272    2.00930848    1.62935047    2.17419862    1.92842400    1.85354921    1.84839196    2.17119070    2.76279510    2.25221202    1.64486462    2.51441100    1.76658881    2.10794776    1.86264613    2.63194506    2.08942383    2.17664827    1.52465769    2.34265744    2.19335905    2.41115373    1.91071264    1.96842023    2.14042174    2.01361940    1.47421876    2.31226282    1.92754892    1.91456959    1.74986623    2.19348358    2.44168997    2.35152774    2.34730844    2.50460882    2.21852057    2.34032467    1.95314492    1.58026550    1.70363405    2.36333065    2.47399521    2.12469038    2.02765419    2.23945269    2.77229176    2.24592492    2.34173308    2.06563906    1.95740109    1.65727395    2.90374417    1.99241378    1.83840131    2.01786459    1.71673437    1.96961825    1.86860223    2.12996434    2.44756692    1.71524225    2.09021704    2.27139413    2.21981006    2.58549459    2.06028535    2.37047896    2.35049739
Q69Z43_MOUSE/465-516     1.83079868    1.61671729    1.80962632    1.40950775    1.84750204    1.99278009    1.66111289    2.45115663    1.93390087    1.64772211    1.52944848    1.16047483    1.93405502    0.00000000    2.07256099    2.09747287    1.82486929    1.92426157    1.48292486    1.76383473    2.06812401    1.92827427    2.19864184    2.32821441    2.25430746    2.01337481    1.87597889    1.97658366    1.88939810    1.82500710    1.56206388    1.56924819    2.20028116    1.78760471    2.24782723    1.96644895    1.79907731    2.03630830    1.96283116    1.89826526    2.31518643    1.89123097    1.91902068    2.08347586    2.03015773    1.71537829    2.16676772    1.95623850    2.51293752    2.06383495    1.88171451    1.96904078    2.32263478    2.61696832    2.22089645    1.64871865    1.70004614    1.87630482    2.16684744    2.54544738    1.87736683    1.97155417    2.05628456    1.70180477    1.68519680    2.29495053    1.99151293    3.16973950    1.58153737    2.29489243    2.16196716    2.17543091    2.18721782    2.93360549    1.73869661    2.76592460    1.96231602    2.57804084    2.75567334    2.56666633    2.43434667    1.77154017    2.14061570    1.96986939    1.63570870    1.31857020    1.88328765    1.73434351    2.15779856    2.19707003    1.84348277    2.51147037    2.67651421    1.90769795    1.83899021    2.17721193    2.45153775    1.58331189    1.62981229    1.96308297    1.69671804
RCC1L_MOUSE/298-348     2.82454576    1.96270353    2.06851149    1.64521253    1.98312707    1.71846000    2.14754401    2.04326624    2.00860637    2.15680739    2.16415661    1.40883237    1.90118616    2.07256099    0.00000000    1.63801627    1.79635423    1.96256884    2.21963581    1.96073387    2.58008011    2.72993778    2.21307255    1.97277927    2.58426245    2.32890838    2.11005244    2.11083596    2.65856671    2.17722074    2.21106061    2.04305531    2.27439755    1.98527038    1.94198997    1.60397044    1.98154318    2.41959377    2.12133253    2.01283598    2.12370172    2.79946163    1.74470881    2.20706755    2.32521256    2.10023953    2.33152557    2.90138561    2.47573336    2.25852484    1.60214856    3.55695695    2.14971295    2.75097331    2.39678054    2.35401522    2.51025887    2.33736784    2.01257282    3.11188415    2.34793344    2.94390011    4.10523796    2.10909926    2.47225454    2.31236287    2.33850165    2.76053330    2.58497972    2.21922465    2.53614096    2.12586105    2.04071595    3.26579668    2.08970682    3.06023796    2.40693652    2.78486441    2.59367838    2.26950607    2.10787681    1.59796485    2.04395980    2.09825945    2.14943623    2.35534152    1.47623008    2.37781533    2.35616179    2.50774288    2.10703781    2.09233592    2.59409217    2.50807580    2.72127539    2.02575146    2.94272860    2.40078435    1.97346128    2.44307905    2.23353017
A0E0G7_PARTE/744-791     1.73473238    2.15238948    1.83949274    1.86768862    2.17873940    1.89789092    1.83743072    1.85596002    1.81944262    1.96455617    2.14594517    1.70871787    2.15818124    2.09747287    1.63801627    0.00000000    1.92140964    1.51985490    2.10989204    2.08024688    1.95962833    2.08534802    2.14372638    1.74243756    2.01283623    2.18628681    2.55736754    1.73208980    2.46901829    1.88229296    1.89310365    1.72427821    1.20262304    1.96254215    2.54280332    2.32701894    2.45270014    3.06773011    1.67487539    1.61949392    2.77898766    2.15395250    2.24158730    2.86107517    2.31837327    1.72537527    2.42935188    2.60002044    3.03830832    1.94492496    1.47329732    2.16439955    1.83967764    2.05105502    1.64442333    1.42626779    1.81311841    1.90485922    1.41599115    2.11962384    2.06578455    2.61227844    2.45008061    1.94696994    2.06619373    2.00883365    2.41552280    2.50200067    2.11140979    2.34178297    2.24546417    1.48676392    2.52896816    2.23339287    1.61862483    2.54551160    1.88231607    1.76587869    2.99698885    1.35768792    1.58161860    1.86755846    1.88598953    1.88899380    2.19195913    2.39456082    2.17982120    2.37671190    2.31536218    2.47665704    2.20951886    1.62032734    2.47223000    1.93122863    2.44589491    1.85807249    2.03548605    2.63724522    2.16597735    2.43286818    1.97814143
Q4Q9C0_LEIMA/324-373     1.92763666    2.08455641    2.33932610    1.68536621    1.70098866    2.10687807    1.82524521    2.32016410    2.09096741    2.24796044    2.21218694    1.88402842    1.92603179    1.82486929    1.79635423    1.92140964    0.00000000    1.59707388    1.62387982    1.84101376    2.87663513    2.15658868    2.04560909    2.12910945    1.95088062    2.23480596    1.80972007    2.10813106    2.58850026    2.07212514    1.68304398    1.82864837    1.93633438    1.80048286    1.99173832    2.25959575    1.67193508    2.56651320    1.54608576    2.07006124    1.89582412    1.93155407    1.52171014    1.39973385    2.43857003    2.03546087    2.26910563    2.16020515    2.84035769    1.94662810    1.40424277    2.11278345    1.83727279    2.55900633    2.45308862    1.72047409    1.93802965    2.55585305    1.93484874    2.37767808    2.16315560    2.00644558    2.52093802    1.77645876    1.85728543    3.35030714    2.51849063    2.24123429    2.28978372    2.22392807    1.91167831    1.81218049    1.61156030    1.97737743    2.13309103    2.01702136    2.05266110    2.07986208    1.91492792    2.39490287    2.15871264    1.79433225    2.52388195    1.73611413    2.32821188    2.44582338    2.01728601    2.02762561    2.50296392    2.27200101    2.57409505    2.26272746    2.34382635    1.59885160    2.57494451    1.75759867    1.93140382    1.88881510    2.39170734    1.77623148    1.86241776
Q4N6R3_THEPA/1253-1303     2.02220084    1.67270888    1.93454352    2.05267797    2.50434835    2.55808711    1.90312007    2.00558204    1.65179662    1.43143379    1.88491020    1.56345007    2.00623099    1.92426157    1.96256884    1.51985490    1.59707388    0.00000000    2.05268749    1.48771093    1.92371484    2.18136274    1.65393951    1.53105542    2.31916660    2.44345491    2.04624042    2.77608808    2.90693990    2.42422979    1.73594066    1.83465418    1.75012490    1.82687096    2.19183228    1.87488057    1.93618032    1.92814355    2.21247501    1.48062732    1.90798187    2.20962085    1.67749574    2.00190770    1.97986472    2.16285276    2.29254427    2.14828086    2.41059100    2.58682575    1.54201212    2.26081909    2.31817876    1.92170741    1.75713889    1.45227231    2.13274617    2.21396402    1.48240631    1.98000449    1.62102727    2.31403264    2.31175160    2.13194525    2.02219566    2.11299530    2.02265097    2.59875595    1.80696279    2.36521282    2.67118644    2.21457628    2.10611774    3.11143802    2.15913746    2.34581007    1.98683934    1.99898281    2.19595245    1.51824738    1.92541971    1.87663983    1.71596159    1.60384407    2.84230183    2.04864919    2.06030947    2.15437649    2.40904179    2.61316795    1.97081929    2.30203389    2.38786297    1.58525810    2.09165358    2.00197879    1.78658906    2.14069117    2.10227475    2.11501352    2.19997551
Q4SBP4_TETNG/354-414     1.56699015    1.64915537    1.37475163    1.91443308    2.37580423    2.26322936    1.43205308    1.76489861    1.63228461    1.30204701    1.89193635    1.62348599    2.13900939    1.48292486    2.21963581    2.10989204    1.62387982    2.05268749    0.00000000    1.55121556    1.87124708    1.64042182    1.33632145    1.50650596    1.74727019    1.78880921    1.67324226    1.78802545    2.15845389    1.75530711    1.54296310    1.69606403    2.15584140    1.23498827    1.56216178    1.97879101    1.50795452    1.84085722    2.08200827    1.69516865    1.62531170    1.82448365    1.32129995    1.76949879    1.93343967    1.37291395    1.44722704    1.94673284    1.98974042    1.84989771    1.50493876    1.72166381    2.11142339    2.25093497    1.59513674    1.26313808    1.64780906    1.62219618    2.01952479    1.83617236    1.36258051    1.54072324    1.63151955    1.49104321    1.82143184    2.54818248    2.35204809    3.02585218    1.92236149    1.76908747    1.46384567    1.89124253    1.61755894    2.13500387    1.50734448    1.79576595    1.31605728    1.71280765    2.25326610    2.11834203    1.44629537    2.00487465    2.29622245    1.84655233    2.62378299    1.64110552    1.76593235    2.44519774    2.32967790    1.74971118    1.63214149    2.10348479    2.33001722    1.65148644    2.50776069    1.73524854    1.69109822    1.47633517    1.61610941    1.71934845    1.70348380
Q7QJG7_ANOGA/182-234     2.00483804    2.22044093    1.70677233    2.14071827    3.12203076    2.79232452    1.92900449    2.25902879    2.14946587    1.55128735    1.63829358    2.05509956    2.30562157    1.76383473    1.96073387    2.08024688    1.84101376    1.48771093    1.55121556    0.00000000    2.12069805    2.31349280    1.38640084    1.54619402    2.34096375    1.86273730    1.69134887    1.87211544    2.32564230    2.28089999    1.77204436    1.71568955    2.35287951    1.76483303    2.14976249    1.73364055    1.79457335    1.78080515    1.91070427    2.03562107    1.73988113    2.46666634    2.09817630    2.41288047    2.25275284    2.76226926    2.23679760    2.11676813    2.23607221    2.08179799    2.57399352    2.99007769    2.61646105    2.82111299    1.99547346    1.83737059    1.62377691    2.10398641    1.71307918    2.11262722    1.79384529    2.53706110    2.30280669    2.04125942    2.39016018    2.03752539    2.70875752    3.16572207    2.63717277    2.04168953    2.02773995    2.22414817    1.60096093    3.06713859    1.71958238    1.93737399    1.94893307    2.20628773    1.88556572    2.10100121    1.86455589    1.67356036    1.81568163    1.90509339    2.55217498    2.59249211    2.26074535    2.66141935    2.73110974    2.60747349    2.30934530    2.47562924    2.52346465    1.91400591    2.62565808    2.34996050    2.41201207    1.85342618    2.32863814    2.16397570    2.22294114
A7AWZ6_BABBO/191-240     2.51200994    2.54339716    2.17714223    2.21648729    2.77268726    2.46547078    1.60835243    2.23242360    1.70264956    1.64156321    2.02589956    1.79395183    3.22612457    2.06812401    2.58008011    1.95962833    2.87663513    1.92371484    1.87124708    2.12069805    0.00000000    1.42270145    1.35101395    1.42458618    1.90877700    1.96676607    1.63294305    2.25561016    2.11042632    1.52994942    2.03211471    2.13003794    2.42700986    2.00151728    2.39717759    2.04736155    2.25516585    2.26105576    2.44084008    1.99596504    1.89979001    1.94749104    1.63608939    2.02793184    2.24363700    2.03655775    2.34851033    2.33177627    2.92115748    2.03659518    2.28056883    1.68029167    2.64460243    2.34095305    1.88117881    1.90692219    2.01185399    1.72199902    2.02673929    1.92990464    1.45275362    1.80122874    1.94105305    1.41443987    1.96998175    2.09717801    2.35747110    2.16867599    1.91714764    2.67645046    2.03647300    2.02705657    2.27798899    2.10494780    1.74337019    2.09609649    1.61855078    1.78298586    1.91534509    1.74746480    2.05802427    1.64748756    2.38907635    2.01077820    1.92513735    2.00248520    2.23988354    2.02663902    2.95068057    2.47531153    2.06263815    1.97683509    2.34210106    2.30299207    1.98136077    1.64007150    2.15332429    2.19609403    2.35027536    1.90872838    2.20484528
Q4D722_TRYCC/279-331     1.85729721    1.94086053    1.63031154    2.42851091    2.74174734    2.43664255    1.62272890    2.29035453    2.21655636    1.64991799    1.87063384    1.76761466    3.08659302    1.92827427    2.72993778    2.08534802    2.15658868    2.18136274    1.64042182    2.31349280    1.42270145    0.00000000    1.46291684    2.02819881    1.76165172    1.83722770    1.76249176    1.86757543    2.14921077    1.78595328    1.83836879    1.89351920    1.81905010    1.54581708    2.77106770    2.10639602    1.49967308    1.92510696    2.30299002    1.81724415    1.90997233    1.53302416    2.05627161    1.95042875    1.98124777    1.72111189    2.13590445    2.37587548    1.81867199    1.85514048    1.67573396    1.91609289    2.20506403    1.70736860    1.67971932    1.50276425    1.52872931    1.51455739    2.38748557    1.81527628    1.66971998    1.80631559    2.08176219    2.00416174    1.52272314    2.16854253    2.25096932    3.43040482    2.18292570    2.80253495    1.82584207    1.78648862    1.89146357    2.16554713    1.81145096    1.50244532    1.59326478    1.64340145    2.36978835    1.94989414    2.19656140    2.11218898    1.93541699    1.50942481    2.29643073    1.84116365    1.96498121    2.13898833    2.91877656    2.19129106    1.99126255    2.43867447    3.03563974    2.17889123    1.86071256    2.31595918    2.35510073    1.78123080    2.09990483    2.08811471    1.99571349
A8LVL8_SALAI/108-155     1.69724925    2.18267244    1.72826256    2.18954587    2.06351015    2.03707593    1.46872769    1.47287082    1.32410288    1.18868751    1.87969133    1.89227847    2.57201878    2.19864184    2.21307255    2.14372638    2.04560909    1.65393951    1.33632145    1.38640084    1.35101395    1.46291684    0.00000000    1.23711471    1.44478570    1.92330922    1.59829589    1.97046579    2.27876532    1.67323587    1.31637948    1.62581652    1.92781773    1.29991178    1.67096594    1.97109358    1.61630842    1.37034820    1.69886545    1.65861500    1.66716361    1.95049533    1.86050362    1.76147671    1.66300253    1.66805257    1.66407543    1.83907749    1.98157155    2.34435633    2.02403488    2.04758556    2.22951212    2.29980448    1.77827126    1.89447764    1.69855036    1.91325609    1.50326355    1.99772441    1.29870887    2.08214583    1.77896504    1.30124263    1.86481222    2.26076161    2.07026378    3.00192315    2.42909180    2.87702219    1.90638427    2.00640149    2.25810711    3.41160518    1.71263505    1.46483528    1.48551576    1.63622586    1.54591260    1.63247631    1.88857538    1.24480157    1.67503667    1.49372790    2.49764882    2.37680883    2.05398964    2.02737120    2.73289521    1.96674720    1.62967960    1.93710190    1.73580655    1.61236350    1.89872045    2.08910240    1.57439741    1.88240158    2.06387560    1.73346496    1.77510827
Q6ACP0_LEIXX/224-273     1.42366389    1.86636793    2.35561505    1.59562009    2.59664178    2.19887021    1.49669187    1.30578878    1.24881766    1.25781553    2.28372564    1.91551289    2.04310057    2.32821441    1.97277927    1.74243756    2.12910945    1.53105542    1.50650596    1.54619402    1.42458618    2.02819881    1.23711471    0.00000000    2.41266422    2.03197771    1.61394027    1.71697472    2.35767947    1.78418878    1.76178019    2.41627936    1.62294176    2.02035744    2.07181369    2.15091727    1.88444973    1.78552581    2.01860287    1.79682965    1.68024742    1.94204273    2.14606385    2.14360402    1.69456153    2.22115064    1.89492083    1.82583868    2.19055829    1.89643283    2.04931278    1.95459061    2.10034160    2.38897980    1.89248700    1.60579697    2.06781441    2.25744496    2.21797567    2.37483399    1.69966939    1.92217635    2.06727661    1.56862103    1.81729395    1.60676621    2.01017749    2.11190218    2.43781192    2.53629399    1.92069249    1.65564275    2.22303758    2.29478874    1.82020985    2.26629781    1.84190354    1.79967290    1.74831576    1.68614823    2.13138674    1.59153148    2.13329697    1.89972349    2.60377264    2.58278921    1.92750087    2.24737877    2.25168675    2.70917277    1.91138743    1.77291812    2.12541309    1.81036021    1.87752236    1.74934444    1.79209393    1.71445599    2.19534305    1.64360921    2.59432400
Q6NY65_DANRE/34-82     2.81044332    2.25149911    2.32283829    3.09340384    2.21054855    2.16958712    1.56146185    2.04276036    2.39014215    1.91347636    2.13821794    2.03190968    2.90837272    2.25430746    2.58426245    2.01283623    1.95088062    2.31916660    1.74727019    2.34096375    1.90877700    1.76165172    1.44478570    2.41266422    0.00000000    1.61703445    2.00891658    2.14654598    1.89936793    1.50705928    1.89576562    1.81361190    1.98788582    2.04857827    1.70051276    1.86745482    1.56940540    1.64617691    1.71184186    1.81360472    2.59997344    2.06310344    1.55428859    2.45587654    2.17779046    1.42854229    1.84486476    1.86821943    2.16291043    2.28327041    1.81051429    1.41939991    2.26102117    2.11226513    2.09702258    1.47932199    2.03724472    2.12331693    1.92388921    1.63502067    1.84803083    1.55056267    1.72605760    1.62469245    1.59657811    2.08107598    1.93475225    2.47263475    2.15918780    2.55929959    2.06601563    1.95612600    2.63238233    2.80461167    1.92394767    2.12274072    1.54188139    1.88221385    2.13783011    1.85246157    1.79487669    2.11598228    2.02386724    1.95476042    2.48134767    1.96947669    1.83705175    2.97196008    3.22143747    2.41408202    1.93414745    2.16324851    2.70408299    1.52309331    2.41531024    2.12503735    1.76368231    2.11559810    2.38477637    1.61318317    1.47465316
A7T806_NEMVE/14-64     2.00693672    2.61873535    1.71021926    2.60671325    1.95497457    1.99967221    1.97016623    2.78738612    2.14418485    2.25120737    2.05649636    2.27018471    2.78621523    2.01337481    2.32890838    2.18628681    2.23480596    2.44345491    1.78880921    1.86273730    1.96676607    1.83722770    1.92330922    2.03197771    1.61703445    0.00000000    1.45973348    1.28220336    1.86811370    1.80590858    1.91774759    2.12615944    2.32723419    1.76740308    2.35240112    1.97768313    2.03828426    2.59736331    1.71590102    1.48975497    1.58878402    1.69916230    1.70529337    2.54611272    2.84334701    1.92549006    1.97892776    2.36219805    2.50241324    1.56468509    1.95444893    1.95071929    1.76238682    2.38820987    1.50726632    1.93808998    1.91865701    2.05777265    2.17728003    1.76328510    1.41799952    1.86315423    2.94551244    1.49722267    1.87488845    1.87699603    2.10369707    2.48484992    1.85417705    1.96889532    2.06882801    1.71661673    1.44468759    2.15777619    1.86583025    1.92681012    1.65615558    1.53332633    2.57923629    2.29939097    2.25978354    1.90158237    2.04427035    1.84584293    1.96756207    2.33953647    1.86154941    2.72996112    2.03025611    2.99927594    2.33666108    2.24630426    2.72860073    2.00924191    2.16169308    2.43759940    2.29429000    1.73135170    2.13064113    1.91446573    2.08709993
Q9VPU0_DROME/402-449     2.10907105    1.97211393    1.77679458    2.18594818    2.32081789    1.96365458    1.64992429    1.84179494    2.04285583    1.76200123    1.70598429    1.97744786    2.96167032    1.87597889    2.11005244    2.55736754    1.80972007    2.04624042    1.67324226    1.69134887    1.63294305    1.76249176    1.59829589    1.61394027    2.00891658    1.45973348    0.00000000    1.41715737    1.58283437    1.64132412    1.85625770    1.62246630    1.75469593    1.46683536    2.18089437    2.21351763    1.69831745    2.05409812    1.76271229    2.07540134    1.83181471    2.10501098    2.03329221    2.41942538    2.54899494    1.94082747    1.94679904    1.75632663    2.47837711    1.61522617    1.78311099    2.03037880    1.99001141    2.55183361    1.92606949    1.85569746    1.98759361    1.73050923    1.86374525    2.09550203    1.20802779    1.64829709    1.73523985    1.45044583    1.67401761    2.18293514    2.27054421    2.82426795    1.60500597    2.35247061    2.17635002    1.86209065    1.64705895    1.95255816    1.69651303    1.97593680    1.87185612    1.78455378    2.58733311    1.92935610    2.33082242    1.86890376    2.16397873    1.74904409    1.83583142    2.17190790    2.04777909    2.04977668    2.20048344    2.59894927    1.87142327    1.97778865    2.15975569    1.66562400    2.20540065    1.57697664    2.29723648    1.70294558    1.98634386    1.36753042    1.44974096
