28
INS_CAVPO/28-109     0.00000000    0.38818504    0.47644524    0.55641679    0.72834588    0.49867438    0.63168464    0.92178653    1.79294259    1.39470698    1.44132250    1.31122893    1.68382288    1.11500338    1.34839893    1.13512939    1.06442073    2.84269760    2.84108075    2.58694522    1.39001026    1.78486498    1.37833445    1.50144568    1.72562484    1.68174993    1.91597343    1.01794221
INS_OCTDE/28-106     0.38818504    0.00000000    0.49176696    0.60995677    0.64304011    0.50361793    0.62267956    0.95850825    1.52608072    1.15535587    1.08526345    1.09012184    1.36338873    1.28175462    1.35806116    1.07639400    1.06628285    2.95927155    2.97001656    2.69133700    1.44761969    1.79698178    1.47074655    1.63258606    2.05632168    1.76487817    2.06111699    0.94543934
INS1_MOUSE/28-107     0.47644524    0.49176696    0.00000000    0.24503192    0.34394706    0.26816349    0.32673979    0.69520167    1.14646853    1.01994536    1.00981035    1.07935674    1.37956254    0.98418709    1.00760474    0.89208128    0.80920433    2.63588140    2.71671086    2.34615448    1.24798712    1.48826512    1.39371606    1.52433206    1.53437437    1.44562340    1.90594625    0.61009602
INS_RODSP/27-107     0.55641679    0.60995677    0.24503192    0.00000000    0.47807342    0.31244453    0.36029721    0.81452269    1.31742830    1.05401045    1.03899124    1.08840396    1.41401537    1.10419300    1.15917615    0.93705997    0.87879251    2.87600652    2.93778595    2.77909713    1.51125963    1.68125365    1.73144737    1.82421392    1.82486542    1.81000767    2.39276913    0.65594951
INS_AOTTR/28-107     0.72834588    0.64304011    0.34394706    0.47807342    0.00000000    0.39244839    0.43785708    0.75022658    1.34310016    1.01184936    1.07667719    1.00275410    1.52888303    1.10393879    1.17733975    1.04156340    0.97967369    2.61426976    3.02641554    2.52191797    1.11185328    1.51708971    1.41793884    1.36341496    1.54970879    1.49710478    1.80039332    0.62753264
INS_CANLF/28-109     0.49867438    0.50361793    0.26816349    0.31244453    0.39244839    0.00000000    0.23032169    0.59054850    1.36169530    0.96197328    1.13492539    1.02393301    1.40626357    0.93671710    1.06344084    0.89723515    0.82466081    2.81141501    3.05594437    2.83082587    1.29394586    1.60268735    1.51190785    1.61549566    1.62215448    1.51820400    2.06599806    0.55222254
INS_BOVIN/28-104     0.63168464    0.62267956    0.32673979    0.36029721    0.43785708    0.23032169    0.00000000    0.48635680    1.14163988    0.85490443    0.91258656    0.86169994    1.30021349    0.75198599    0.91493278    0.77589326    0.75265495    2.48194416    2.83694417    2.63433941    1.08028259    1.41154149    1.24013156    1.42018794    1.53392938    1.34900777    1.88189260    0.36048583
INS1_XENLA/27-105     0.92178653    0.95850825    0.69520167    0.81452269    0.75022658    0.59054850    0.48635680    0.00000000    1.06312197    0.89734135    0.94564578    0.77004328    1.27076689    0.85269846    1.03704307    0.85420878    0.90378484    2.41911127    2.51993410    2.14629246    1.35093026    1.54891617    1.42852945    1.47292376    1.67687701    1.38428949    1.99511958    0.39764915
INS_MYXGL/30-114     1.79294259    1.52608072    1.14646853    1.31742830    1.34310016    1.36169530    1.14163988    1.06312197    0.00000000    0.82965816    0.75282347    0.77155586    1.55650514    1.17896534    1.15663529    1.06082898    1.10251560    1.91859062    2.44395670    2.15117797    1.45187388    1.51549309    1.63885911    1.85659002    1.90900250    1.61391078    2.15822623    1.10439606
INS_ONCKE/26-104     1.39470698    1.15535587    1.01994536    1.05401045    1.01184936    0.96197328    0.85490443    0.89734135    0.82965816    0.00000000    0.48750013    0.42544773    1.38669964    0.95089684    1.02493936    0.90261782    0.96123546    2.13809110    2.79293988    2.24749344    1.36184976    1.43279464    1.40835440    1.49372158    1.63571719    1.44199490    1.93417223    0.74939135
INS_CYPCA/27-107     1.44132250    1.08526345    1.00981035    1.03899124    1.07667719    1.13492539    0.91258656    0.94564578    0.75282347    0.48750013    0.00000000    0.25879000    1.39200712    0.89429401    0.97966741    0.86133160    0.97807007    2.39105849    2.58409421    2.48550070    1.22090809    1.38834754    1.42438341    1.42145449    1.72575479    1.52863266    1.88002509    0.86880968
INS_LOPAM/29-115     1.31122893    1.09012184    1.07935674    1.08840396    1.00275410    1.02393301    0.86169994    0.77004328    0.77155586    0.42544773    0.25879000    0.00000000    1.29522512    0.93959501    0.88451094    0.77089317    0.84938919    2.41773550    2.89796930    2.62658821    1.21879665    1.33764332    1.43314940    1.30116355    1.71568008    1.57949781    1.90953548    0.84671599
ILP_BRACL/25-100     1.68382288    1.36338873    1.37956254    1.41401537    1.52888303    1.40626357    1.30021349    1.27076689    1.55650514    1.38669964    1.39200712    1.29522512    0.00000000    0.81586508    0.92891010    0.67949468    0.83907543    1.97733482    2.37095301    2.30649503    1.41242470    1.39690552    1.20745277    1.34001750    1.75962512    1.72089198    1.85303418    1.35784485
IGF_MYXGL/41-102     1.11500338    1.28175462    0.98418709    1.10419300    1.10393879    0.93671710    0.75198599    0.85269846    1.17896534    0.95089684    0.89429401    0.93959501    0.81586508    0.00000000    0.46024122    0.38733197    0.44409265    1.60631476    1.98569254    1.79435081    1.34035033    1.43627534    1.37390798    1.54433507    1.55229869    1.59309197    2.09657834    0.98421795
IGF1_BOVIN/52-110     1.34839893    1.35806116    1.00760474    1.15917615    1.17733975    1.06344084    0.91493278    1.03704307    1.15663529    1.02493936    0.97966741    0.88451094    0.92891010    0.46024122    0.00000000    0.42065839    0.32842674    1.53557348    2.02013393    1.86446850    1.35280493    1.25579124    1.33422925    1.41873506    1.37356031    1.51284239    2.15464294    1.10602255
IGF2_BOVIN/30-84     1.13512939    1.07639400    0.89208128    0.93705997    1.04156340    0.89723515    0.77589326    0.85420878    1.06082898    0.90261782    0.86133160    0.77089317    0.67949468    0.38733197    0.42065839    0.00000000    0.22056896    1.88924710    2.21703571    2.28443999    1.10996550    1.18004218    1.28804057    1.43432392    1.33360457    1.35177101    2.00647040    0.91254255
C6GBY8_ONCMY/53-110     1.06442073    1.06628285    0.80920433    0.87879251    0.97967369    0.82466081    0.75265495    0.90378484    1.10251560    0.96123546    0.97807007    0.84938919    0.83907543    0.44409265    0.32842674    0.22056896    0.00000000    1.60049600    2.12725833    1.99059253    1.12123042    1.25029255    1.20586168    1.25598934    1.20384915    1.35526211    1.81568104    0.95840168
REL1_HUMAN/32-185     2.84269760    2.95927155    2.63588140    2.87600652    2.61426976    2.81141501    2.48194416    2.41911127    1.91859062    2.13809110    2.39105849    2.41773550    1.97733482    1.60631476    1.53557348    1.88924710    1.60049600    0.00000000    1.35862365    1.21235724    1.82442392    1.91975155    2.15644736    2.04339885    1.73328365    1.87448305    2.14677053    2.23460247
RELX_PIG/31-182     2.84108075    2.97001656    2.71671086    2.93778595    3.02641554    3.05594437    2.83694417    2.51993410    2.44395670    2.79293988    2.58409421    2.89796930    2.37095301    1.98569254    2.02013393    2.21703571    2.12725833    1.35862365    0.00000000    1.81541647    2.21229958    2.18467844    2.18859506    2.53132616    2.35088981    2.48716436    2.63733920    2.59517289
REL1_RAT/33-186     2.58694522    2.69133700    2.34615448    2.77909713    2.52191797    2.83082587    2.63433941    2.14629246    2.15117797    2.24749344    2.48550070    2.62658821    2.30649503    1.79435081    1.86446850    2.28443999    1.99059253    1.21235724    1.81541647    0.00000000    2.07683976    2.04853217    1.84392293    2.07576580    1.91126127    2.00498326    1.93509384    2.11315141
BXB1_BOMMO/26-88     1.39001026    1.44761969    1.24798712    1.51125963    1.11185328    1.29394586    1.08028259    1.35093026    1.45187388    1.36184976    1.22090809    1.21879665    1.41242470    1.34035033    1.35280493    1.10996550    1.12123042    1.82442392    2.21229958    2.07683976    0.00000000    0.28525829    0.44451048    0.70606059    0.60612634    0.48448704    0.72229079    1.25696171
BXB5_BOMMO/27-88     1.78486498    1.79698178    1.48826512    1.68125365    1.51708971    1.60268735    1.41154149    1.54891617    1.51549309    1.43279464    1.38834754    1.33764332    1.39690552    1.43627534    1.25579124    1.18004218    1.25029255    1.91975155    2.18467844    2.04853217    0.28525829    0.00000000    0.72206499    0.90786452    0.78688565    0.65409875    1.02540877    1.60951467
BXB1_SAMCY/24-91     1.37833445    1.47074655    1.39371606    1.73144737    1.41793884    1.51190785    1.24013156    1.42852945    1.63885911    1.40835440    1.42438341    1.43314940    1.20745277    1.37390798    1.33422925    1.28804057    1.20586168    2.15644736    2.18859506    1.84392293    0.44451048    0.72206499    0.00000000    0.59641102    0.71751186    0.61234547    0.78180029    1.24652612
BXC1_BOMMO/24-89     1.50144568    1.63258606    1.52433206    1.82421392    1.36341496    1.61549566    1.42018794    1.47292376    1.85659002    1.49372158    1.42145449    1.30116355    1.34001750    1.54433507    1.41873506    1.43432392    1.25598934    2.04339885    2.53132616    2.07576580    0.70606059    0.90786452    0.59641102    0.00000000    0.58131310    0.57662224    0.60696135    1.51841285
BXA2_BOMMO/26-89     1.72562484    2.05632168    1.53437437    1.82486542    1.54970879    1.62215448    1.53392938    1.67687701    1.90900250    1.63571719    1.72575479    1.71568008    1.75962512    1.55229869    1.37356031    1.33360457    1.20384915    1.73328365    2.35088981    1.91126127    0.60612634    0.78688565    0.71751186    0.58131310    0.00000000    0.13081691    0.60207017    1.62799507
BXA3_BOMMO/26-92     1.68174993    1.76487817    1.44562340    1.81000767    1.49710478    1.51820400    1.34900777    1.38428949    1.61391078    1.44199490    1.52863266    1.57949781    1.72089198    1.59309197    1.51284239    1.35177101    1.35526211    1.87448305    2.48716436    2.00498326    0.48448704    0.65409875    0.61234547    0.57662224    0.13081691    0.00000000    0.56543627    1.43438961
BXD1_BOMMO/24-90     1.91597343    2.06111699    1.90594625    2.39276913    1.80039332    2.06599806    1.88189260    1.99511958    2.15822623    1.93417223    1.88002509    1.90953548    1.85303418    2.09657834    2.15464294    2.00647040    1.81568104    2.14677053    2.63733920    1.93509384    0.72229079    1.02540877    0.78180029    0.60696135    0.60207017    0.56543627    0.00000000    1.74672720
INS_CHICK/28-106     1.01794221    0.94543934    0.61009602    0.65594951    0.62753264    0.55222254    0.36048583    0.39764915    1.10439606    0.74939135    0.86880968    0.84671599    1.35784485    0.98421795    1.10602255    0.91254255    0.95840168    2.23460247    2.59517289    2.11315141    1.25696171    1.60951467    1.24652612    1.51841285    1.62799507    1.43438961    1.74672720    0.00000000

