9
TRA5_LACLA/2-372     0.00000000    1.70944124    1.73751905    1.77209715    1.68857525    1.66388869    1.82053091    1.78261966    1.68693526
TRA3_RHIME/2-379     1.70944124    0.00000000    1.04397562    2.11119133    1.98024759    1.90736715    2.28942282    2.11191217    2.04032276
I6Y941_MYCTU/30-405     1.73751905    1.04397562    0.00000000    2.03516079    2.14536517    1.99237242    2.06352540    1.93158435    1.93813116
Q3Y3U6_ENTFD/1-382     1.77209715    2.11119133    2.03516079    0.00000000    0.61091372    1.28609700    1.33702786    1.35961669    1.31534105
Q5HPJ6_STAEQ/1-380     1.68857525    1.98024759    2.14536517    0.61091372    0.00000000    1.19206058    1.37374978    1.39134042    1.32770460
TRA5_RHIME/1-377     1.66388869    1.90736715    1.99237242    1.28609700    1.19206058    0.00000000    1.37294067    1.30013534    1.23390597
TRA1_MYCTU/1-380     1.82053091    2.28942282    2.06352540    1.33702786    1.37374978    1.37294067    0.00000000    1.03512935    0.97351886
O06367_MYCTU/1-380     1.78261966    2.11191217    1.93158435    1.35961669    1.39134042    1.30013534    1.03512935    0.00000000    0.58000753
A1T2J4_MYCVP/6-378     1.68693526    2.04032276    1.93813116    1.31534105    1.32770460    1.23390597    0.97351886    0.58000753    0.00000000

