30
FADA4_MYCLE/4-263     0.00000000    1.17984481    1.19716428    1.16229251    0.93019796    0.99111717    0.94935509    1.00728733    0.79068174    0.87079446    0.94316687    0.92253213    1.32670396    1.49214860    1.51023295    1.44501296    1.50420200    1.41519848    1.44626164    1.48039045    1.34813640    2.77554474    2.57788754    2.98198652    3.10808647    2.64182247    2.72621132    2.92208474    2.99624026    1.06920307
H2Q4P9_PANTR/42-299     1.17984481    0.00000000    0.81001290    0.79615538    0.87523059    1.01194947    0.89785255    1.03053541    0.82712262    0.97870126    0.97998517    0.87910888    1.33230869    1.57898848    1.54283930    1.59668620    1.61880371    1.55603531    1.46511047    1.69795560    1.49226453    2.50512276    2.53839024    2.56362607    2.72197093    2.43449372    2.49545271    2.70744603    2.64724908    0.98694214
A0A367YP80_9ASCO/6-267     1.19716428    0.81001290    0.00000000    0.43602708    0.94857391    0.97781016    1.03650448    1.06737628    0.91022107    1.04297044    1.04161154    0.93148870    1.29016301    1.72949820    1.57762490    1.61652892    1.55313570    1.54358572    1.71221656    1.66303391    1.62958073    2.49788212    2.32056549    2.39863117    2.61217446    2.48686750    2.54943440    2.50745068    2.57584263    1.11086138
THIL_YEAST/5-267     1.16229251    0.79615538    0.43602708    0.00000000    0.92101066    0.98760378    0.96722793    1.06466021    0.94144359    1.07163583    0.99876754    0.95906807    1.27549614    1.67667298    1.50892554    1.64085548    1.58030007    1.61242431    1.69800280    1.64359946    1.63969151    2.48180943    2.20042085    2.39537594    2.53685509    2.49667134    2.50350763    2.41036507    2.48726129    1.14333125
ATOB_HAEIN/4-263     0.93019796    0.87523059    0.94857391    0.92101066    0.00000000    0.46498668    0.70374196    0.67209737    0.60652679    0.66171287    0.68060927    0.49929889    1.00683502    1.41364296    1.36145769    1.23001729    1.17629812    1.23179700    1.28059032    1.37518506    1.17532742    2.53868545    2.04565240    2.31600128    2.54541470    2.28941195    2.41851637    2.35745800    2.28737150    0.84883277
ATOB_ECOLI/4-263     0.99111717    1.01194947    0.97781016    0.98760378    0.46498668    0.00000000    0.75251320    0.76873148    0.57497439    0.61918573    0.69218204    0.59181069    1.19928469    1.64233286    1.41474457    1.29921734    1.18831711    1.22898442    1.31508117    1.43627493    1.11137621    2.43815775    2.32012217    2.41368804    2.69436950    2.55539015    2.56013916    2.56708519    2.46023045    0.98913006
THIL_PARDE/4-261     0.94935509    0.89785255    1.03650448    0.96722793    0.70374196    0.75251320    0.00000000    0.38285690    0.47273677    0.57217820    0.69635041    0.55037520    1.12252922    1.49786216    1.48818779    1.25952294    1.28324067    1.32664131    1.33455278    1.48413165    1.17633254    2.78154406    2.24488951    2.73384619    2.73276147    2.49463020    2.43056371    2.73993628    2.66045795    0.94982823
THIL_ZOORA/5-262     1.00728733    1.03053541    1.06737628    1.06466021    0.67209737    0.76873148    0.38285690    0.00000000    0.53598209    0.66209673    0.75218790    0.62226335    1.15844590    1.42456761    1.39537775    1.20380837    1.23712144    1.30105805    1.35021437    1.50198232    1.25934867    2.32372741    2.09320890    2.51982127    2.48568867    2.34583911    2.38384994    2.51211911    2.46907403    0.94680397
THIL_CUPNH/4-263     0.79068174    0.82712262    0.91022107    0.94144359    0.60652679    0.57497439    0.47273677    0.53598209    0.00000000    0.42358795    0.60554032    0.51875491    1.14592189    1.49486277    1.38109528    1.18349667    1.18334126    1.28601517    1.26658369    1.43515071    1.14201196    2.31460028    2.22589754    2.51322897    2.58201952    2.46003263    2.41892533    2.67971279    2.67414104    0.85833105
THIL_THIVI/5-264     0.87079446    0.97870126    1.04297044    1.07163583    0.66171287    0.61918573    0.57217820    0.66209673    0.42358795    0.00000000    0.55504856    0.61749039    1.16218323    1.59939938    1.43550730    1.17233654    1.15692974    1.30681789    1.22354904    1.28683330    1.04484094    2.57309957    2.28976165    2.49850230    2.70678976    2.47392656    2.49765530    2.61581202    2.63664415    0.97688579
YQEF_ECOLI/4-262     0.94316687    0.97998517    1.04161154    0.99876754    0.68060927    0.69218204    0.69635041    0.75218790    0.60554032    0.55504856    0.00000000    0.67848532    1.19317227    1.49275683    1.51185443    1.22014855    1.12211529    1.24469381    1.34099864    1.40952616    1.19695095    2.49542860    2.16353032    2.35545277    2.54847509    2.52964109    2.49394144    2.63070003    2.44763160    0.94782464
THLA_CLOAB/4-262     0.92253213    0.87910888    0.93148870    0.95906807    0.49929889    0.59181069    0.55037520    0.62226335    0.51875491    0.61749039    0.67848532    0.00000000    1.01128062    1.41099616    1.21595625    1.22028028    1.24901093    1.27471809    1.34099293    1.43227983    1.16706698    2.63750790    2.37262699    2.77188501    2.63186493    2.42519359    2.41345714    2.81453958    2.54304457    0.84622510
THIM_HUMAN/7-266     1.32670396    1.33230869    1.29016301    1.27549614    1.00683502    1.19928469    1.12252922    1.15844590    1.14592189    1.16218323    1.19317227    1.01128062    0.00000000    1.40987540    1.50068254    1.48315629    1.41454292    1.36010801    1.54544050    1.63269777    1.65668236    2.54946418    2.30190236    2.50418958    2.58554454    2.39032755    2.38674987    2.73366274    2.67449158    1.19940622
ECHB_RAT/55-325     1.49214860    1.57898848    1.72949820    1.67667298    1.41364296    1.64233286    1.49786216    1.42456761    1.49486277    1.59939938    1.49275683    1.41099616    1.40987540    0.00000000    0.52772712    1.26519902    1.33248329    1.50986982    1.63571624    1.90700602    1.90533732    2.79562280    2.52522814    2.82154497    2.86122144    2.76625367    2.87590735    2.78905534    2.89870768    1.51204322
ECHH_CAEEL/26-298     1.51023295    1.54283930    1.57762490    1.50892554    1.36145769    1.41474457    1.48818779    1.39537775    1.38109528    1.43550730    1.51185443    1.21595625    1.50068254    0.52772712    0.00000000    1.37931223    1.27919743    1.64424892    1.57926661    1.83023855    1.80598670    2.83174091    2.59985580    2.85919676    2.91756446    2.77712287    2.88904738    2.86166972    2.80592767    1.42124827
FADA_PSEFR/8-258     1.44501296    1.59668620    1.61652892    1.64085548    1.23001729    1.29921734    1.25952294    1.20380837    1.18349667    1.17233654    1.22014855    1.22028028    1.48315629    1.26519902    1.37931223    0.00000000    0.49847049    1.45923367    1.51484486    1.57814464    1.39111764    2.36458711    2.22599070    2.55066812    2.29377973    2.36930516    2.34229884    2.45407756    2.29569052    1.41059782
FADA_ECOLI/4-254     1.50420200    1.61880371    1.55313570    1.58030007    1.17629812    1.18831711    1.28324067    1.23712144    1.18334126    1.15692974    1.12211529    1.24901093    1.41454292    1.33248329    1.27919743    0.49847049    0.00000000    1.38506614    1.40977825    1.55754132    1.29610122    2.49351672    1.85504777    2.25728195    2.39412356    2.30145168    2.47414903    2.04245277    2.31263353    1.44067398
THIKA_RAT/48-301     1.41519848    1.55603531    1.54358572    1.61242431    1.23179700    1.22898442    1.32664131    1.30105805    1.28601517    1.30681789    1.24469381    1.27471809    1.36010801    1.50986982    1.64424892    1.45923367    1.38506614    0.00000000    0.74820404    0.95027923    0.93363228    2.32937225    2.18932487    2.38688132    2.60432304    2.27220427    2.37076626    2.46148619    2.38065258    1.47900738
THIK_YARLI/30-284     1.44626164    1.46511047    1.71221656    1.69800280    1.28059032    1.31508117    1.33455278    1.35021437    1.26658369    1.22354904    1.34099864    1.34099293    1.54544050    1.63571624    1.57926661    1.51484486    1.40977825    0.74820404    0.00000000    0.61163044    0.60181716    2.16484147    2.08265771    2.38348140    2.56162367    2.37130098    2.29478552    2.34706619    2.42492333    1.46758293
THIK_YEAST/36-289     1.48039045    1.69795560    1.66303391    1.64359946    1.37518506    1.43627493    1.48413165    1.50198232    1.43515071    1.28683330    1.40952616    1.43227983    1.63269777    1.90700602    1.83023855    1.57814464    1.55754132    0.95027923    0.61163044    0.00000000    0.57093446    2.86784622    2.60210610    2.93532418    2.88662303    2.68294454    2.78416540    2.80550520    2.77365049    1.54683445
A0A367YA97_9ASCO/27-280     1.34813640    1.49226453    1.62958073    1.63969151    1.17532742    1.11137621    1.17633254    1.25934867    1.14201196    1.04484094    1.19695095    1.16706698    1.65668236    1.90533732    1.80598670    1.39111764    1.29610122    0.93363228    0.60181716    0.57093446    0.00000000    2.58190902    2.44020269    2.59343396    2.42687861    2.34416448    2.43898229    2.53033090    2.46559312    1.47563880
M0LND5_9EURY/4-224     2.77554474    2.50512276    2.49788212    2.48180943    2.53868545    2.43815775    2.78154406    2.32372741    2.31460028    2.57309957    2.49542860    2.63750790    2.54946418    2.79562280    2.83174091    2.36458711    2.49351672    2.32937225    2.16484147    2.86784622    2.58190902    0.00000000    0.91514083    0.96907842    0.94165884    0.90517908    0.90705388    0.97032852    0.93858594    2.78270369
D2RWU3_HALTV/19-236     2.57788754    2.53839024    2.32056549    2.20042085    2.04565240    2.32012217    2.24488951    2.09320890    2.22589754    2.28976165    2.16353032    2.37262699    2.30190236    2.52522814    2.59985580    2.22599070    1.85504777    2.18932487    2.08265771    2.60210610    2.44020269    0.91514083    0.00000000    0.53758374    0.56716498    0.56948591    0.58966369    0.56972275    0.55656263    2.38064583
E4NU18_HALBP/4-223     2.98198652    2.56362607    2.39863117    2.39537594    2.31600128    2.41368804    2.73384619    2.51982127    2.51322897    2.49850230    2.35545277    2.77188501    2.50418958    2.82154497    2.85919676    2.55066812    2.25728195    2.38688132    2.38348140    2.93532418    2.59343396    0.96907842    0.53758374    0.00000000    0.28106623    0.28996424    0.30776561    0.29539553    0.26236443    2.75864192
Q3IPN4_NATPD/4-222     3.10808647    2.72197093    2.61217446    2.53685509    2.54541470    2.69436950    2.73276147    2.48568867    2.58201952    2.70678976    2.54847509    2.63186493    2.58554454    2.86122144    2.91756446    2.29377973    2.39412356    2.60432304    2.56162367    2.88662303    2.42687861    0.94165884    0.56716498    0.28106623    0.00000000    0.28570191    0.24775378    0.30725885    0.26333229    2.67522835
M0JWJ2_9EURY/3-221     2.64182247    2.43449372    2.48686750    2.49667134    2.28941195    2.55539015    2.49463020    2.34583911    2.46003263    2.47392656    2.52964109    2.42519359    2.39032755    2.76625367    2.77712287    2.36930516    2.30145168    2.27220427    2.37130098    2.68294454    2.34416448    0.90517908    0.56948591    0.28996424    0.28570191    0.00000000    0.21414887    0.29566441    0.22302135    2.46821502
B9LX39_HALLT/5-223     2.72621132    2.49545271    2.54943440    2.50350763    2.41851637    2.56013916    2.43056371    2.38384994    2.41892533    2.49765530    2.49394144    2.41345714    2.38674987    2.87590735    2.88904738    2.34229884    2.47414903    2.37076626    2.29478552    2.78416540    2.43898229    0.90705388    0.58966369    0.30776561    0.24775378    0.21414887    0.00000000    0.31084589    0.25690780    2.52436898
L0IDX7_HALRX/4-222     2.92208474    2.70744603    2.50745068    2.41036507    2.35745800    2.56708519    2.73993628    2.51211911    2.67971279    2.61581202    2.63070003    2.81453958    2.73366274    2.78905534    2.86166972    2.45407756    2.04245277    2.46148619    2.34706619    2.80550520    2.53033090    0.97032852    0.56972275    0.29539553    0.30725885    0.29566441    0.31084589    0.00000000    0.24120501    2.83686383
M0LB34_9EURY/4-223     2.99624026    2.64724908    2.57584263    2.48726129    2.28737150    2.46023045    2.66045795    2.46907403    2.67414104    2.63664415    2.44763160    2.54304457    2.67449158    2.89870768    2.80592767    2.29569052    2.31263353    2.38065258    2.42492333    2.77365049    2.46559312    0.93858594    0.55656263    0.26236443    0.26333229    0.22302135    0.25690780    0.24120501    0.00000000    2.67880764
THL_BACSU/4-263     1.06920307    0.98694214    1.11086138    1.14333125    0.84883277    0.98913006    0.94982823    0.94680397    0.85833105    0.97688579    0.94782464    0.84622510    1.19940622    1.51204322    1.42124827    1.41059782    1.44067398    1.47900738    1.46758293    1.54683445    1.47563880    2.78270369    2.38064583    2.75864192    2.67522835    2.46821502    2.52436898    2.83686383    2.67880764    0.00000000

