34
CYTB_BOVIN/4-92     0.00000000    0.77745012    0.82638545    0.84900742    0.92706516    0.87255455    0.70276061    0.39218049    2.72905414    2.60240272    3.15611760    3.13675062    2.77322523    3.01724646    4.03273073    3.54662390    2.84976733    2.53104856    3.22619081    2.66969498    3.30379672    3.81475071    4.29734469    3.33440780    3.33998668    3.81972689    3.80853052    3.25029016    5.32574440    6.18504784    5.55612271    2.93033467    2.96188388    3.45983904
CYTA_HUMAN/4-92     0.77745012    0.00000000    0.61869331    0.57017516    0.65306853    0.54526077    0.38575111    0.70753748    2.94184067    2.35720895    3.37283508    3.12561398    2.72810217    2.85497054    4.19764461    3.81152099    2.72342871    2.44080173    3.04349031    2.85602850    3.01518639    3.18667167    3.72218963    3.19689318    3.47225161    3.38301818    3.37722583    2.60578181    5.32930812    5.95770313    5.42556415    3.68234237    4.00873220    4.18578429
CYT2_MOUSE/10-97     0.82638545    0.61869331    0.00000000    0.46830785    0.51765854    0.34633564    0.58348773    0.83812497    3.22038375    3.44136239    3.24594461    3.48203061    3.20097208    3.34723019    4.31726498    3.68429679    2.95312890    2.49469978    2.98970326    3.04634489    3.14423082    4.50239363    4.49096567    3.81794829    3.61953911    3.60434164    3.43345478    2.98055031    5.44024669    5.76533764    4.90832487    3.92087863    4.07086345    4.45371116
CYTA_RAT/10-97     0.84900742    0.57017516    0.46830785    0.00000000    0.51808392    0.25273597    0.61651115    0.80086514    2.63204874    2.62184695    3.23003874    3.17662283    2.85162585    3.13774292    4.96137962    3.91217365    3.23550296    2.66675965    3.24978483    3.54623156    3.17717421    4.15267188    4.51689794    3.77792122    4.26977198    3.75805917    3.69130789    2.81219585    5.33248179    5.65974886    5.06374938    3.17312260    3.61821085    3.77908388
CYT1_MOUSE/4-91     0.92706516    0.65306853    0.51765854    0.51808392    0.00000000    0.36814213    0.60886503    0.99659286    2.66265069    2.75062027    3.15386482    2.81573993    2.71942869    2.85084366    5.49454994    4.11148163    3.39603997    2.97903355    3.25577606    3.51969526    3.40635985    4.72988800    5.59449214    3.90768471    3.69806199    3.67977001    3.59935075    3.03529174    5.00650265    5.70953203    4.62345104    3.63246483    4.21143080    4.72750686
CYT3_MOUSE/10-97     0.87255455    0.54526077    0.34633564    0.25273597    0.36814213    0.00000000    0.52023465    0.87808043    3.19314063    3.11916575    3.54843262    3.17765625    2.98135707    3.20850127    6.02522758    4.36290194    3.39624384    2.99819805    3.50329838    3.62848192    3.60520140    4.94608705    5.24140504    4.15776058    4.45770092    3.87096709    3.76132611    2.89640549    5.74143863    5.89686121    5.49321279    3.77644030    4.29526320    4.66046334
CPI1_PIG/9-97     0.70276061    0.38575111    0.58348773    0.61651115    0.60886503    0.52023465    0.00000000    0.66474246    2.81684235    2.68599616    3.35891720    3.17311974    2.74454238    3.03013773    4.51041001    3.65601751    2.93553536    2.31843646    2.99681804    2.96496288    3.19355400    4.03873534    4.57078153    3.60938387    3.94631869    3.93166827    3.70522291    2.75009274    5.28141653    6.23611767    5.39044903    3.67636583    3.89417739    4.13960656
CYTB_RAT/4-92     0.39218049    0.70753748    0.83812497    0.80086514    0.99659286    0.87808043    0.66474246    0.00000000    2.37590140    2.45920397    3.11212659    3.38874867    2.99978565    3.00823531    4.07199196    2.71111725    2.35525186    2.15520311    2.92712871    2.62189546    2.85109913    3.15120811    3.73477017    3.06844071    2.96824864    3.27054565    3.24196309    3.05502813    4.96426294    5.23495787    4.58697534    3.19085488    3.43931501    3.83046089
CYT1_ORYSJ/48-135     2.72905414    2.94184067    3.22038375    2.63204874    2.66265069    3.19314063    2.81684235    2.37590140    0.00000000    0.33821873    0.89299125    0.95946854    0.90037836    0.85461320    3.76374140    2.78614061    2.88125393    2.50975167    2.48001636    2.72276481    2.81713487    4.23121507    3.57395129    3.46149630    3.11646293    3.27898721    3.22977891    3.38461759    4.82036241    5.21228017    4.58458100    2.95750308    3.42100981    4.30757508
CYT1_MAIZE/42-130     2.60240272    2.35720895    3.44136239    2.62184695    2.75062027    3.11916575    2.68599616    2.45920397    0.33821873    0.00000000    0.87753167    0.84047582    0.81257132    0.77769495    3.43521594    3.03801620    2.64441062    2.04346959    2.39120765    2.87047689    3.06919363    2.97962303    3.19067735    2.56662807    2.86205863    3.15375258    3.20909827    3.71858024    5.65458558    6.64915122    5.95894559    3.19613487    3.94448216    4.65821016
CYTM_SOLTU/5-92     3.15611760    3.37283508    3.24594461    3.23003874    3.15386482    3.54843262    3.35891720    3.11212659    0.89299125    0.87753167    0.00000000    0.49294312    0.61859797    0.53262198    3.13278255    2.75613430    3.10762369    2.32390928    2.50992657    3.06515965    2.83749514    3.66419892    3.35469471    2.87148781    2.97167442    3.39254026    3.33450646    3.41716162    4.41339741    5.35010690    5.01990341    3.30658946    3.82144147    5.15774142
CYTM_SOLTU/288-375     3.13675062    3.12561398    3.48203061    3.17662283    2.81573993    3.17765625    3.17311974    3.38874867    0.95946854    0.84047582    0.49294312    0.00000000    0.26257760    0.23193236    3.29541596    2.83911242    3.19940337    2.61015520    2.74716330    3.06613889    2.98724006    3.69466776    3.50020911    3.00481123    3.16671106    3.34884320    3.30267429    3.68396671    4.13978258    4.90253156    4.59443323    3.88749305    4.22022755    5.32785473
CYTM_SOLTU/665-752     2.77322523    2.72810217    3.20097208    2.85162585    2.71942869    2.98135707    2.74454238    2.99978565    0.90037836    0.81257132    0.61859797    0.26257760    0.00000000    0.28415942    4.10651548    3.52751360    3.34661889    2.31884496    2.72650487    2.98456243    3.10013334    3.28408280    2.88119960    2.77156073    2.82083491    3.25039872    3.23449525    3.80270001    4.51379119    5.64896395    5.04089879    4.72057262    5.26971332    6.56747835
CYTM_SOLTU/99-187     3.01724646    2.85497054    3.34723019    3.13774292    2.85084366    3.20850127    3.03013773    3.00823531    0.85461320    0.77769495    0.53262198    0.23193236    0.28415942    0.00000000    3.40680553    2.99882183    3.14359393    2.68552158    2.68793159    3.07938340    2.94465213    3.74296399    3.43729734    3.16017737    3.30703804    3.54252084    3.60946790    3.79507945    4.19260164    5.10480156    4.32675777    3.89785344    4.43966892    5.27519325
CST8_MOUSE/35-128     4.03273073    4.19764461    4.31726498    4.96137962    5.49454994    6.02522758    4.51041001    4.07199196    3.76374140    3.43521594    3.13278255    3.29541596    4.10651548    3.40680553    0.00000000    1.37091006    1.62184600    1.43759883    1.47780597    1.77710840    1.99463776    2.06966513    2.57147171    2.01268281    2.41875585    2.69078762    2.54543345    5.08262942    3.85632112    3.70278218    3.82038109    2.69093055    2.82144753    3.28786019
CYT_CHICK/32-127     3.54662390    3.81152099    3.68429679    3.91217365    4.11148163    4.36290194    3.65601751    2.71111725    2.78614061    3.03801620    2.75613430    2.83911242    3.52751360    2.99882183    1.37091006    0.00000000    0.70764532    0.73276351    0.87449508    1.06542845    1.17632627    1.84378606    1.90125164    1.78419109    2.44092253    2.84545213    2.35126293    3.29349197    3.04651219    2.93914917    2.93717341    2.20374424    2.44635584    2.64752748
CYTC_MOUSE/31-126     2.84976733    2.72342871    2.95312890    3.23550296    3.39603997    3.39624384    2.93553536    2.35525186    2.88125393    2.64441062    3.10762369    3.19940337    3.34661889    3.14359393    1.62184600    0.70764532    0.00000000    0.33759514    0.55235936    0.64754553    0.97751541    1.88137403    2.05406927    1.71128948    2.44980182    2.77419994    2.40074930    2.96930411    2.75813842    2.96679331    3.02985646    2.74887697    2.79374548    2.74962247
CYTC_BOVIN/40-135     2.53104856    2.44080173    2.49469978    2.66675965    2.97903355    2.99819805    2.31843646    2.15520311    2.50975167    2.04346959    2.32390928    2.61015520    2.31884496    2.68552158    1.43759883    0.73276351    0.33759514    0.00000000    0.56345479    0.66042851    0.92913835    1.84460130    1.73182129    1.43281083    2.27173315    2.60755469    2.16863957    2.83663821    2.88294799    3.20094958    3.17747597    2.95386238    3.09076946    3.26205988
CYTN_HUMAN/32-127     3.22619081    3.04349031    2.98970326    3.24978483    3.25577606    3.50329838    2.99681804    2.92712871    2.48001636    2.39120765    2.50992657    2.74716330    2.72650487    2.68793159    1.47780597    0.87449508    0.55235936    0.56345479    0.00000000    0.44927784    1.10245072    2.20334328    2.46830394    1.84835736    2.81823353    3.11782915    2.71819003    3.68551918    3.28646367    3.39398565    3.60576195    2.92635288    3.46997079    3.20510101
CYTD_HUMAN/32-128     2.66969498    2.85602850    3.04634489    3.54623156    3.51969526    3.62848192    2.96496288    2.62189546    2.72276481    2.87047689    3.06515965    3.06613889    2.98456243    3.07938340    1.77710840    1.06542845    0.64754553    0.66042851    0.44927784    0.00000000    1.06292492    2.43682400    2.41985231    2.17171289    2.42287480    3.13842071    2.56339744    3.74736250    3.50879624    3.71789697    3.78420848    3.04449578    3.48860045    3.05600798
CYTS_RAT/32-127     3.30379672    3.01518639    3.14423082    3.17717421    3.40635985    3.60520140    3.19355400    2.85109913    2.81713487    3.06919363    2.83749514    2.98724006    3.10013334    2.94465213    1.99463776    1.17632627    0.97751541    0.92913835    1.10245072    1.06292492    0.00000000    1.99629312    2.14222737    1.98870085    2.45044287    3.00987101    2.52827159    3.36463339    2.73640617    3.06709916    3.15129547    3.47209662    3.78776103    3.83533342
KNG1_RAT/266-360     3.81475071    3.18667167    4.50239363    4.15267188    4.72988800    4.94608705    4.03873534    3.15120811    4.23121507    2.97962303    3.66419892    3.69466776    3.28408280    3.74296399    2.06966513    1.84378606    1.88137403    1.84460130    2.20334328    2.43682400    1.99629312    0.00000000    0.43177830    0.35170316    1.38937626    1.39832450    1.51429418    2.25191636    2.51232232    2.93186160    2.87500529    2.39613622    2.71697212    2.94350890
KNG1_BOVIN/265-359     4.29734469    3.72218963    4.49096567    4.51689794    5.59449214    5.24140504    4.57078153    3.73477017    3.57395129    3.19067735    3.35469471    3.50020911    2.88119960    3.43729734    2.57147171    1.90125164    2.05406927    1.73182129    2.46830394    2.41985231    2.14222737    0.43177830    0.00000000    0.40576792    1.65615323    1.54297655    1.79191380    2.51015310    2.98547773    3.18641448    3.05527104    3.07736592    3.27161869    3.57525431
KNG1_HUMAN/266-360     3.33440780    3.19689318    3.81794829    3.77792122    3.90768471    4.15776058    3.60938387    3.06844071    3.46149630    2.56662807    2.87148781    3.00481123    2.77156073    3.16017737    2.01268281    1.78419109    1.71128948    1.43281083    1.84835736    2.17171289    1.98870085    0.35170316    0.40576792    0.00000000    1.60111069    1.51105059    1.51422114    2.75888128    2.99654119    3.46735314    3.32144682    2.55122268    2.76268596    3.03907178
KNT1_RAT/143-237     3.33998668    3.47225161    3.61953911    4.26977198    3.69806199    4.45770092    3.94631869    2.96824864    3.11646293    2.86205863    2.97167442    3.16671106    2.82083491    3.30703804    2.41875585    2.44092253    2.44980182    2.27173315    2.81823353    2.42287480    2.45044287    1.38937626    1.65615323    1.60111069    0.00000000    0.57825206    0.58072903    3.32043486    2.65754296    3.13719106    2.69372432    2.70430768    3.04582625    2.87630066
KNG1_HUMAN/144-238     3.81972689    3.38301818    3.60434164    3.75805917    3.67977001    3.87096709    3.93166827    3.27054565    3.27898721    3.15375258    3.39254026    3.34884320    3.25039872    3.54252084    2.69078762    2.84545213    2.77419994    2.60755469    3.11782915    3.13842071    3.00987101    1.39832450    1.54297655    1.51105059    0.57825206    0.00000000    0.30019553    3.82393266    2.49690654    2.82023725    2.50061732    2.75178225    3.25583974    2.89696171
KNG1_BOVIN/143-237     3.80853052    3.37722583    3.43345478    3.69130789    3.59935075    3.76132611    3.70522291    3.24196309    3.22977891    3.20909827    3.33450646    3.30267429    3.23449525    3.60946790    2.54543345    2.35126293    2.40074930    2.16863957    2.71819003    2.56339744    2.52827159    1.51429418    1.79191380    1.51422114    0.58072903    0.30019553    0.00000000    3.45396185    2.56237910    2.80635828    2.29503034    2.58978369    2.95387577    2.68112298
CYTL_DROME/29-116     3.25029016    2.60578181    2.98055031    2.81219585    3.03529174    2.89640549    2.75009274    3.05502813    3.38461759    3.71858024    3.41716162    3.68396671    3.80270001    3.79507945    5.08262942    3.29349197    2.96930411    2.83663821    3.68551918    3.74736250    3.36463339    2.25191636    2.51015310    2.75888128    3.32043486    3.82393266    3.45396185    0.00000000    2.91273466    3.30960235    3.07734520    2.74238596    2.84670558    3.32021448
FETUA_MOUSE/150-239     5.32574440    5.32930812    5.44024669    5.33248179    5.00650265    5.74143863    5.28141653    4.96426294    4.82036241    5.65458558    4.41339741    4.13978258    4.51379119    4.19260164    3.85632112    3.04651219    2.75813842    2.88294799    3.28646367    3.50879624    2.73640617    2.51232232    2.98547773    2.99654119    2.65754296    2.49690654    2.56237910    2.91273466    0.00000000    0.44687584    0.52936046    2.32411710    2.34983912    2.44603978
FETUA_BOVIN/150-239     6.18504784    5.95770313    5.76533764    5.65974886    5.70953203    5.89686121    6.23611767    5.23495787    5.21228017    6.64915122    5.35010690    4.90253156    5.64896395    5.10480156    3.70278218    2.93914917    2.96679331    3.20094958    3.39398565    3.71789697    3.06709916    2.93186160    3.18641448    3.46735314    3.13719106    2.82023725    2.80635828    3.30960235    0.44687584    0.00000000    0.23298825    2.48053598    2.33937959    2.60507265
FETUA_PIG/147-236     5.55612271    5.42556415    4.90832487    5.06374938    4.62345104    5.49321279    5.39044903    4.58697534    4.58458100    5.95894559    5.01990341    4.59443323    5.04089879    4.32675777    3.82038109    2.93717341    3.02985646    3.17747597    3.60576195    3.78420848    3.15129547    2.87500529    3.05527104    3.32144682    2.69372432    2.50061732    2.29503034    3.07734520    0.52936046    0.23298825    0.00000000    2.23274339    2.18076178    2.20958433
KNG1_HUMAN/23-116     2.93033467    3.68234237    3.92087863    3.17312260    3.63246483    3.77644030    3.67636583    3.19085488    2.95750308    3.19613487    3.30658946    3.88749305    4.72057262    3.89785344    2.69093055    2.20374424    2.74887697    2.95386238    2.92635288    3.04449578    3.47209662    2.39613622    3.07736592    2.55122268    2.70430768    2.75178225    2.58978369    2.74238596    2.32411710    2.48053598    2.23274339    0.00000000    0.29125595    0.43090715
KNG1_BOVIN/22-115     2.96188388    4.00873220    4.07086345    3.61821085    4.21143080    4.29526320    3.89417739    3.43931501    3.42100981    3.94448216    3.82144147    4.22022755    5.26971332    4.43966892    2.82144753    2.44635584    2.79374548    3.09076946    3.46997079    3.48860045    3.78776103    2.71697212    3.27161869    2.76268596    3.04582625    3.25583974    2.95387577    2.84670558    2.34983912    2.33937959    2.18076178    0.29125595    0.00000000    0.47967717
KNG1_RAT/23-116     3.45983904    4.18578429    4.45371116    3.77908388    4.72750686    4.66046334    4.13960656    3.83046089    4.30757508    4.65821016    5.15774142    5.32785473    6.56747835    5.27519325    3.28786019    2.64752748    2.74962247    3.26205988    3.20510101    3.05600798    3.83533342    2.94350890    3.57525431    3.03907178    2.87630066    2.89696171    2.68112298    3.32021448    2.44603978    2.60507265    2.20958433    0.43090715    0.47967717    0.00000000

