79
GLH4_CAEEL/570-587     0.00000000    0.49127592    0.67889019    0.85271230    0.54191552    0.88575261    0.94330084    0.78395538    0.86624703    1.68975294    1.28145524    1.21765169    1.00073734    0.66276756    0.81537497    1.02300979    0.48575849    1.02652013    1.34001470    1.18209923    1.16756482    1.82733559    1.30197674    0.93902934    0.83095262    0.87029744    0.91953101    1.25806999    1.18550914    0.78447672    0.89776316    1.16102793    1.25849039    1.15953810    0.76288704    1.17751494    1.36167903    1.21347457    1.22711645    0.96080249    1.06126558    1.15178425    0.86801644    0.53528499    1.10502656    1.05339852    1.05047846    1.26294797    1.29578326    1.21259798    1.08626251    1.11777656    1.01665865    0.91135837    0.98703196    1.00949220    0.99589653    0.74275969    1.10924886    1.15413576    1.30054475    1.05806137    1.33821746    1.38318242    1.08499826    1.64973016    1.60956672    1.79733493    1.13686932    0.74509365    0.94116196    0.45957288    1.24728015    0.73879611    0.85679573    1.33140127    1.05317877    1.15364075    1.66616514
CSP1_ARATH/100-117     0.49127592    0.00000000    0.56440652    1.01788198    0.88927404    0.95633905    0.68544813    0.87006453    1.06247694    1.51605951    1.30876971    1.72651901    1.17350527    0.77962302    1.09181133    1.33553783    0.73497552    1.52546608    1.28879194    1.15718645    1.05925233    1.70049825    1.16835902    0.98805010    0.83904816    0.72011217    0.86108838    1.02125248    1.30295272    0.95670809    1.32766486    1.12358676    1.12700006    1.13757030    0.97583654    1.19262164    1.15720410    0.84630082    1.24100429    0.90282043    0.76263050    1.39214826    1.15425765    0.66123681    0.90210590    1.09705996    1.00070005    1.14292428    1.31053534    1.57091967    1.36653758    1.08993940    0.98306905    0.83099309    0.84218410    0.89690077    0.83385026    0.94054917    0.82211212    0.81369185    1.31775433    1.04678910    1.49980572    1.18747751    1.05943752    2.06660741    1.83169708    1.97102984    0.98847126    0.93521434    1.13007692    0.56520585    1.57774158    0.66656173    0.87488826    1.28911649    1.01743255    1.54918937    1.76778907
RBM4_HUMAN/160-177     0.67889019    0.56440652    0.00000000    0.68921599    0.61906446    1.00112709    0.91462113    0.67510329    0.66459643    1.09036861    0.75625285    0.86259061    0.46749130    0.80089587    1.23538926    1.52626358    0.69979500    1.09082725    1.21063608    1.24916281    1.14899913    1.36299968    1.19260700    1.02889935    1.05972759    1.09127350    1.02392148    1.30979939    1.48656888    1.02172250    1.40335840    1.79740105    1.24573631    1.59702834    1.07962044    1.11465433    1.17964760    1.10204843    1.06685752    1.05299242    0.96370027    1.00225436    0.73172291    1.06699050    1.19105717    1.26999776    1.25578164    1.37857379    1.55423796    1.05948625    1.23105764    1.24080984    1.19000160    1.11967069    1.15710930    0.74507396    0.93174527    1.07223239    1.23759666    1.04461349    1.22344430    1.18117620    1.57036795    1.68718048    1.29737120    1.79007351    1.56281437    2.15240246    1.07681254    1.07651422    1.31334249    1.02226079    1.18549529    1.29024473    1.14534048    1.57730970    1.29614688    1.19790845    1.68797260
POL_HV1H2/411-427     0.85271230    1.01788198    0.68921599    0.00000000    0.61899671    0.86550782    0.81749405    0.72738377    0.70873244    1.17841205    1.03568988    1.35572114    1.08872136    1.17988267    1.16200439    1.34382112    0.94034280    1.38438684    1.18614411    1.22222744    1.25513073    1.61820329    1.26832446    1.15618103    0.90563329    0.99140873    0.91346526    1.44658441    1.44816238    0.89995350    1.28888937    1.73419836    1.09354554    1.50084889    0.83305161    0.94580826    0.76084044    1.22493750    1.40113057    1.08931943    1.38669204    1.35883547    1.30901674    1.28833218    1.24599016    1.29270955    1.07860220    1.39026144    1.52747868    1.26540676    1.08125782    0.91199378    1.01022186    0.85843497    0.91329914    0.96350339    1.10911743    0.93526066    1.32271564    1.01566103    0.98652429    0.89528621    1.31308166    1.04403479    1.23943824    1.97863220    1.66624993    1.86039987    1.30658742    1.36673544    1.86844842    1.20291919    1.48897144    0.90380065    0.96472472    1.14212181    0.91205732    1.68967516    1.42499708
F6QCW0_CIOIN/23-40     0.54191552    0.88927404    0.61906446    0.61899671    0.00000000    0.34068442    0.61458033    0.47205093    0.61965304    0.96288801    0.65952720    0.95827490    0.83642661    0.65369098    0.89348746    1.23744099    0.46963888    0.78312588    1.22783438    1.26048875    0.88838323    1.37368864    1.12857576    0.81089955    0.94070575    1.15361614    1.04955623    1.32149868    1.26110132    1.11138647    1.20332535    1.51896510    1.05708369    1.25571383    0.80664028    0.98652644    1.06563338    1.36775263    1.04188210    0.76009515    0.88570844    1.24683456    0.71734319    0.94371600    1.01932521    1.18751742    1.03213845    1.38211059    1.44946134    1.08366193    1.09979800    1.01937638    0.97393128    0.86914105    0.80791932    0.85396169    1.11453525    0.74270030    1.19042155    1.00350892    0.92720801    1.13789280    1.40163759    1.37228676    1.21867739    1.56774108    1.13210036    1.52229012    0.88260042    0.61698015    0.86599146    0.84493177    1.23710173    1.12137515    0.94644583    1.29580514    1.38821269    1.05865732    1.32542811
CSP4_ARATH/136-153     0.88575261    0.95633905    1.00112709    0.86550782    0.34068442    0.00000000    0.32272282    0.77702634    0.42306136    0.73007779    0.51127303    1.23813414    1.01781822    0.87775125    0.85807163    0.97605421    0.82486467    1.20766749    0.68035215    0.95603972    0.80850178    1.02352318    0.96159895    0.91240458    0.68873120    0.93348989    0.83597979    1.28388585    1.23170124    1.04666512    1.11142358    1.18084178    0.70978901    0.97007877    0.68193905    0.80189480    0.86459015    0.89548258    1.14023311    0.85711474    0.66372244    1.18136334    0.76472521    1.11666970    0.80847296    0.91328387    0.79185522    1.28282045    1.40460899    0.99310423    0.86262064    0.66919281    0.66169020    0.84930632    0.68370111    0.67429486    0.84262549    0.74263205    0.86739622    0.88961325    0.94011840    1.07617577    1.54826201    1.24920243    1.33256891    1.72494848    1.22492631    1.66709937    1.08484268    0.80452853    0.98995924    1.08217382    1.16019306    0.98481311    0.96127391    0.93596190    1.16838806    1.49937503    1.19369844
CSP2_ARATH/129-146     0.94330084    0.68544813    0.91462113    0.81749405    0.61458033    0.32272282    0.00000000    0.57557523    0.57128048    0.74241662    0.76684255    1.35856241    1.10648489    0.88879149    0.78740285    1.03330784    1.08700903    1.37448853    1.08348579    0.78824074    0.83565859    1.33016951    0.94059220    0.81224450    0.66300332    0.76923736    0.91904636    1.17883564    1.18875420    0.97065241    1.13400519    1.15877810    0.58680163    1.05597590    0.69986332    0.86543025    0.75602271    1.08767258    1.29919312    0.73166508    0.63918749    1.18646636    0.80461351    0.93663781    0.83402952    0.78606290    0.85826532    1.04889348    1.13623905    1.11827168    0.88708725    0.63523659    0.61921286    0.69483629    0.65797510    0.68058322    0.77692146    0.67768467    0.76905214    0.59291635    0.89454762    1.02944775    1.34546181    1.09327629    1.22724699    2.06349740    1.51941983    1.68091870    0.98289607    0.97915450    1.17272165    0.94873708    1.23371029    0.84678810    1.02197589    0.85722530    1.10177414    1.38699460    1.48868265
Q4Q1R0_LEIMA/98-114     0.78395538    0.87006453    0.67510329    0.72738377    0.47205093    0.77702634    0.57557523    0.00000000    0.44735497    0.49541463    0.57768049    0.97501060    0.68958120    0.48749595    0.81914446    1.03927516    0.79194083    0.95903617    1.30489605    1.11328103    0.82224471    1.08992848    1.24378023    0.30455088    0.74075397    0.86016750    0.96054401    0.95820557    0.59257561    0.66943784    1.05432500    1.13527330    0.83749243    1.39330580    0.89460786    0.87232857    0.90244554    1.33251796    1.04462391    0.44783902    0.86758241    0.83251362    0.58480685    0.70178679    0.82119038    0.97728763    0.93019847    1.09846591    1.14233768    0.90090521    1.03823266    0.94504511    0.62917291    0.66754685    0.86899520    0.81694998    0.82283409    0.72171312    0.77411001    0.48192840    0.50865276    0.74703905    1.21039215    1.09316774    0.75661152    1.57555969    1.18062709    1.63784417    0.74275000    0.70742100    1.06686195    0.73802011    1.23340683    0.96959169    1.05242721    0.74231790    1.19690594    0.99481453    1.48001559
CSP1_ARATH/280-297     0.86624703    1.06247694    0.66459643    0.70873244    0.61965304    0.42306136    0.57128048    0.44735497    0.00000000    0.70571864    0.51856651    1.05076089    0.89829549    0.76818241    0.95081405    1.07700205    1.01897382    1.31840218    0.71117738    0.99831013    1.27509537    1.29218251    1.37926784    0.73779188    0.66229405    0.76439367    0.85702069    1.17487049    0.79376276    0.72024995    0.89697751    1.24621397    0.92978588    1.46106399    0.83747701    0.83420330    1.02949095    0.90748108    1.18359823    0.91874874    0.61768807    0.82662306    0.51193640    1.07160750    0.84847097    1.01103708    1.06775951    1.07202062    1.19025665    0.81752814    0.86675657    1.00486601    0.56872127    0.59023094    0.81066339    0.81871391    0.92509926    0.84306161    0.79600265    0.68835999    0.73587991    0.64122112    1.51549729    1.19071952    1.40797198    1.60704588    1.37589111    2.00207395    1.25712443    1.03495927    1.40049768    1.17600770    1.14092442    1.15380638    1.02322599    0.83780183    1.15009762    1.18891840    1.23007627
RZ1B_ARATH/115-132     1.68975294    1.51605951    1.09036861    1.17841205    0.96288801    0.73007779    0.74241662    0.49541463    0.70571864    0.00000000    0.35850509    1.20921397    0.80153221    1.19082628    1.16191267    1.11412243    1.21419113    1.18738816    0.95516267    1.41325293    0.80535020    0.80030440    0.88157501    0.86052545    0.97359192    0.90945643    1.01875616    1.41380027    1.34064278    1.15815478    1.53031440    1.47731180    0.81565050    1.82461509    1.30266400    0.81050959    1.30896801    1.33265538    1.60674253    1.11422273    1.14920728    1.44850997    1.09112397    1.66462201    1.21559193    1.47253390    1.31312001    1.64281924    1.77684791    1.28592594    1.48468163    1.16622697    0.99322934    0.88458642    1.03955740    1.31077088    1.09141261    1.13029300    1.07930372    0.65263858    0.92463210    1.15259158    1.62638979    1.61553133    1.24787542    1.89248397    1.56621700    1.75837405    1.05709073    1.06995981    1.26023347    1.32344493    1.32188027    1.51906438    1.65144515    0.97244983    1.38655011    1.86304425    1.61259366
CNBP_RAT/4-21     1.28145524    1.30876971    0.75625285    1.03568988    0.65952720    0.51127303    0.76684255    0.57768049    0.51856651    0.35850509    0.00000000    1.02316701    0.55385337    0.83634436    1.18198165    1.01274978    0.90451516    1.09401237    0.81019457    1.11344615    0.93562054    0.98390361    1.21881594    0.97485386    1.00832278    0.90725850    1.01828107    1.16945293    1.19638443    1.11257430    1.40555137    1.58338924    0.92528551    1.67540008    0.92688199    0.76995682    1.05138756    1.16151260    1.28688374    1.00388669    0.88159998    1.13566037    0.80907462    1.45405235    1.02024095    1.23001459    1.10515945    1.45644587    1.55862347    0.92519436    1.18241387    1.18455174    0.86517209    0.94882754    1.11693416    0.79720801    0.96486361    0.84919250    0.93121308    0.59150660    0.88184092    1.14403514    1.48373437    1.47479062    1.35996058    1.53167973    1.32245108    1.93475098    1.32450201    0.82448281    1.22811385    1.21409535    1.14593976    1.33247207    1.08369849    1.20943593    1.45535968    1.53722508    1.17639548
GLH4_CAEEL/665-682     1.21765169    1.72651901    0.86259061    1.35572114    0.95827490    1.23813414    1.35856241    0.97501060    1.05076089    1.20921397    1.02316701    0.00000000    0.90271657    1.42042835    1.61565776    1.41612793    1.11853240    1.37215100    1.59335562    1.67141903    1.52334289    1.49047517    1.46043533    1.46201141    1.62762747    1.70822447    1.76992614    1.39726042    1.52166286    0.99799836    1.17290169    1.32653858    1.41543627    1.62108600    1.36743937    1.46987233    1.84676598    1.81872112    1.48066372    1.58079984    1.44878784    1.42495143    1.03619124    1.57338032    1.47386477    1.40439741    1.65435351    1.57216790    1.69777845    1.38052216    1.35355068    1.85448062    1.33970341    1.27636851    1.59235058    1.18050837    1.32218904    1.70668232    1.53182936    1.42580883    1.43786259    1.62691644    1.31982954    1.90744795    1.48994231    1.71023119    1.35465037    2.09623419    1.68984555    1.41435946    1.54429802    1.47822311    1.50443055    1.67906781    1.33064227    1.54638415    1.88815781    1.72037275    1.97030884
LARK_DROME/168-185     1.00073734    1.17350527    0.46749130    1.08872136    0.83642661    1.01781822    1.10648489    0.68958120    0.89829549    0.80153221    0.55385337    0.90271657    0.00000000    0.78352142    1.15527444    1.34277519    0.95734402    1.14399496    1.28490201    1.25116726    1.15141932    1.30465476    1.34240690    0.97272641    1.03806327    0.88300338    1.06240180    1.43328794    1.27482703    1.18501039    1.51218325    1.68650552    1.06586674    1.49010357    0.93830028    1.13947629    1.19562348    1.01986739    0.97386445    0.92704403    0.93154005    1.21501483    0.98795199    1.26436956    1.18581660    1.01712441    1.08397726    1.31056252    1.46325823    0.97276533    1.13195492    1.06701174    0.98578837    0.99221411    1.23209589    0.75805238    0.75456373    0.96068040    1.25133373    0.96107213    1.02689486    1.19305518    1.45647056    1.70933060    1.10723912    1.48856451    1.22407388    1.76103190    0.99527054    0.87893878    1.16185946    0.85999902    0.92666159    1.00237378    0.95641943    1.28464587    1.35159019    1.32277553    1.53790967
Q4D6T7_TRYCC/116-132     0.66276756    0.77962302    0.80089587    1.17988267    0.65369098    0.87775125    0.88879149    0.48749595    0.76818241    1.19082628    0.83634436    1.42042835    0.78352142    0.00000000    0.39038624    1.08909050    0.60298926    1.04530858    1.18085928    0.72416427    0.86090160    1.33875382    1.16814645    0.44947267    0.78241181    0.85591242    0.94533670    0.94524461    0.80815271    0.94948429    1.40652045    1.30615571    1.09127191    1.14672431    0.73597339    1.08561492    1.10717347    1.17223692    1.02525418    0.63135904    1.04162285    1.05373273    0.90951566    0.84080926    1.08005868    0.98717312    0.74214166    1.16630722    1.32618569    1.00802287    1.12467783    1.25273048    0.83711897    0.74394436    0.98428713    0.95880579    1.14351136    0.81695802    0.91184751    0.90563543    0.93829165    1.03219269    1.02651582    0.89696955    0.98958604    1.28505986    1.36774466    1.57691371    1.00428851    0.45826807    0.90983110    0.48932249    1.01612820    1.06646810    0.68696944    1.09251902    0.95237103    0.87420630    1.34908938
GLH1_CAEEL/183-200     0.81537497    1.09181133    1.23538926    1.16200439    0.89348746    0.85807163    0.78740285    0.81914446    0.95081405    1.16191267    1.18198165    1.61565776    1.15527444    0.39038624    0.00000000    1.08404510    0.91630514    0.91140760    0.97244259    0.49826145    0.58704713    1.22761013    1.18551087    0.70855156    0.85213747    0.93417884    0.88525597    1.25440427    0.99758609    1.16483236    1.56792833    1.14229564    1.01931999    1.37738208    0.73329357    1.04722320    1.15347582    1.30054240    1.17317425    0.83237629    1.18957544    1.32803930    1.23507501    1.04951444    1.35145326    1.38168052    1.09580192    1.14668735    1.32208974    1.39945862    1.17797968    1.23826417    0.97264246    0.98734292    1.04027305    1.02274250    1.31146899    1.06993384    1.12241954    1.17891172    1.25021425    1.42221970    1.12077315    1.26872887    1.19300824    1.44983194    1.77025229    1.66072297    1.07442597    0.55022772    0.94122500    0.71587599    1.17580780    1.02934638    0.83332828    0.82345615    0.67722320    1.03156814    1.37302834
GLH3_CAEEL/222-239     1.02300979    1.33553783    1.52626358    1.34382112    1.23744099    0.97605421    1.03330784    1.03927516    1.07700205    1.11412243    1.01274978    1.41612793    1.34277519    1.08909050    1.08404510    0.00000000    0.62383764    1.19504612    0.99464907    1.12528332    1.12166001    1.71300671    1.30417093    0.92163463    1.17137722    1.41040706    1.08597305    1.55105622    1.59605758    1.18130730    1.54759792    1.53182479    1.26217820    1.15523335    1.03677447    1.21452506    1.43046494    1.03329355    1.31443511    1.37514285    1.33888315    1.18511965    1.27803459    1.42907978    1.61033023    1.49178744    1.03020599    1.23061857    1.54521183    1.18194789    1.22729367    1.01808857    1.09937632    0.92864726    1.31491274    1.33050767    1.55515193    1.22988055    1.15386466    1.29258884    1.30283657    1.33904693    1.14772934    1.40670890    1.48566201    1.59414690    1.46560594    1.87203870    2.03470313    1.36841323    1.84962994    1.24003114    1.42641004    1.39317819    1.07329673    1.33803122    1.25242611    1.64607264    1.57574337
GLH1_CAEEL/262-279     0.48575849    0.73497552    0.69979500    0.94034280    0.46963888    0.82486467    1.08700903    0.79194083    1.01897382    1.21419113    0.90451516    1.11853240    0.95734402    0.60298926    0.91630514    0.62383764    0.00000000    0.70511955    0.91924038    1.04041613    0.67675830    1.15863859    0.88100123    0.84872821    1.00543919    1.23460149    0.88617571    1.55577139    1.50313004    0.98116380    1.44948111    1.45169142    1.47825044    1.03707867    0.79121701    1.08514999    1.32886979    1.19053038    0.95496915    0.91183695    1.16153078    0.87660611    0.81862190    0.91876265    1.14978164    1.31401587    0.86093974    1.25416074    1.28701943    1.00339500    1.01312903    1.42324701    1.05215871    0.94825476    1.19417761    1.09209549    1.38679499    0.98123727    1.36992840    1.41843348    1.22775258    1.26180756    1.13272429    1.16984872    1.09496277    1.24425931    1.22855571    1.83325929    1.32269435    0.73626708    0.93812165    0.69203699    1.20319738    1.15800185    0.90142954    1.49970297    1.17091271    1.22468931    1.30449596
GLH1_CAEEL/242-259     1.02652013    1.52546608    1.09082725    1.38438684    0.78312588    1.20766749    1.37448853    0.95903617    1.31840218    1.18738816    1.09401237    1.37215100    1.14399496    1.04530858    0.91140760    1.19504612    0.70511955    0.00000000    0.70204788    0.90867940    0.54429554    1.01624024    0.87438453    1.46818126    1.44781095    1.34441566    1.32463860    1.58830358    1.94510233    1.47827305    1.42109904    1.39570079    1.73809594    1.71316559    1.14568488    1.13023541    1.26258758    1.25096895    0.88572508    1.12028887    1.50201423    1.29999426    1.09604016    0.91973630    1.71832788    1.43677878    0.96549208    1.27758070    1.09786665    1.21876464    1.53275336    1.47212802    1.50935310    1.48793135    1.64822651    1.51064257    1.91042543    1.35394636    1.40414014    1.59517149    1.56139667    1.80006579    0.99518204    1.58477264    1.28833305    1.16755484    1.36442710    1.41636391    1.14607304    0.59894987    1.18471990    1.03280239    1.10718873    1.43590215    1.20854095    1.53708440    1.41959496    1.03617195    1.79691510
GLH3_CAEEL/202-219     1.34001470    1.28879194    1.21063608    1.18614411    1.22783438    0.68035215    1.08348579    1.30489605    0.71117738    0.95516267    0.81019457    1.59335562    1.28490201    1.18085928    0.97244259    0.99464907    0.91924038    0.70204788    0.00000000    0.72634704    0.66178476    0.87840208    0.99131415    1.48454313    1.03359170    1.07348751    0.88790078    1.50480227    1.68305526    1.35807701    1.40967621    1.23744131    1.22481395    1.23004558    0.96890421    0.86103632    1.07324002    0.96624626    1.06106427    1.51757182    1.30346795    1.42635385    1.47959433    1.45781420    1.48367788    1.35502905    0.99039289    1.44045429    1.63266979    1.16779072    1.19824471    1.57304462    1.17421549    1.21945500    1.34712382    1.23176572    1.26394561    1.46607172    1.10352725    1.36333827    1.22762399    1.15310651    1.26059642    1.54209189    1.46833391    1.35633276    1.66715455    1.80176566    1.41731285    0.95447736    1.24564797    1.24490154    1.53406299    1.28991713    1.01805918    1.17445472    0.91952127    1.69645119    1.52631605
BYR3_SCHPO/36-53     1.18209923    1.15718645    1.24916281    1.22222744    1.26048875    0.95603972    0.78824074    1.11328103    0.99831013    1.41325293    1.11344615    1.67141903    1.25116726    0.72416427    0.49826145    1.12528332    1.04041613    0.90867940    0.72634704    0.00000000    0.65739483    1.26737487    1.08155321    1.29145113    1.05705635    0.90261514    1.27591013    1.33825916    1.19246849    1.10339066    1.37828415    0.96134110    1.18241806    0.97272812    0.62824646    1.03825457    1.07744277    1.11246245    1.02179088    1.09106366    1.04280888    1.02491208    1.22484727    1.08286633    1.41351625    1.09583297    0.79106354    1.01156652    1.18298209    1.15487640    0.95518658    1.35477451    1.01194368    0.88305663    1.02474375    0.94153772    0.99685388    1.23868125    1.09195545    1.12417052    1.36404307    1.32369074    0.99693903    1.27787890    1.17684111    0.92104909    1.39450457    1.72000241    1.25651109    0.54840289    1.44960866    0.71236018    1.15565034    1.11768179    0.62167819    0.74858022    0.75029887    1.07344950    1.30741066
GLH1_CAEEL/158-175     1.16756482    1.05925233    1.14899913    1.25513073    0.88838323    0.80850178    0.83565859    0.82224471    1.27509537    0.80535020    0.93562054    1.52334289    1.15141932    0.86090160    0.58704713    1.12166001    0.67675830    0.54429554    0.66178476    0.65739483    0.00000000    0.61845701    0.67183371    0.91675025    1.01091304    1.02813389    0.91976369    1.60301771    1.56176994    1.20832057    1.48587064    0.93179672    1.23529859    1.35369031    1.22113908    1.05648902    1.23620781    1.40732935    1.08698606    1.01029839    1.46551170    1.35987906    1.42457487    1.05905625    1.34389601    1.51519253    0.93130971    1.16334351    1.21682828    1.30992257    1.48670041    1.38744778    1.29985948    1.27608152    1.26436573    1.34351730    1.36961554    1.31178492    1.35302046    1.45072178    1.28640640    1.52611344    0.91441813    1.40991871    0.99951940    1.29421203    1.32046444    1.35693944    1.05761453    0.57609031    0.82200205    0.87674066    1.19511590    1.30869709    1.07826521    1.15499872    1.03871300    1.18742832    1.80797913
POL_WDSV/501-518     1.82733559    1.70049825    1.36299968    1.61820329    1.37368864    1.02352318    1.33016951    1.08992848    1.29218251    0.80030440    0.98390361    1.49047517    1.30465476    1.33875382    1.22761013    1.71300671    1.15863859    1.01624024    0.87840208    1.26737487    0.61845701    0.00000000    0.68545947    1.07314280    1.27447459    1.55080726    0.77333023    1.80252567    1.40086302    1.22416239    1.75460115    1.38444688    1.29599817    1.55484028    1.76337040    1.40189862    1.70031335    2.02261338    1.72017193    1.12477363    1.62202430    1.25839352    1.13132236    1.62548635    1.20071564    1.70272573    1.50806847    1.68885232    1.88560470    1.45756307    1.64009947    1.66726714    1.31198698    1.58628394    1.64356765    1.74787708    1.51210706    1.71528565    1.36068757    1.72406397    1.06086787    1.36525695    1.41394800    1.58778364    1.04660387    1.30651142    1.42808899    1.30496609    1.42311425    1.15624362    1.36546548    1.30500644    1.05534014    1.42018383    1.49099719    1.17162803    1.26298887    1.82976830    1.97972041
P91223_CAEEL/229-246     1.30197674    1.16835902    1.19260700    1.26832446    1.12857576    0.96159895    0.94059220    1.24378023    1.37926784    0.88157501    1.21881594    1.46043533    1.34240690    1.16814645    1.18551087    1.30417093    0.88100123    0.87438453    0.99131415    1.08155321    0.67183371    0.68545947    0.00000000    1.13055170    1.21343427    1.30848934    1.10294932    1.48323426    1.99247238    1.50302570    1.62522160    1.47131704    1.44219229    1.33361993    1.16492435    1.35851327    1.63446033    1.77591192    1.49898239    1.49328454    1.30444261    1.71795139    1.31710801    1.18754150    1.41402134    1.28117223    1.11843650    1.60878015    1.81965711    1.49035587    1.45581044    1.34688327    1.34736535    1.42386288    1.42627672    1.51089765    1.34323635    1.36882558    1.52253883    1.54602781    1.31536353    1.42660545    1.15704905    1.50270077    1.34671063    1.64996273    1.53687643    1.43703465    1.34978057    1.22347394    0.94320073    0.98505879    0.94848826    1.18287017    1.34100941    1.35657019    1.17846312    1.78751924    1.44814447
Q38B00_TRYB2/43-60     0.93902934    0.98805010    1.02889935    1.15618103    0.81089955    0.91240458    0.81224450    0.30455088    0.73779188    0.86052545    0.97485386    1.46201141    0.97272641    0.44947267    0.70855156    0.92163463    0.84872821    1.46818126    1.48454313    1.29145113    0.91675025    1.07314280    1.13055170    0.00000000    0.68159811    1.00039299    0.84912090    1.14763583    0.74993076    1.00056982    1.51336478    1.39796546    0.74707417    1.54964720    1.13820054    1.16437107    1.09985844    1.25167739    1.27705452    0.52698604    1.11479048    1.20589680    0.93081509    1.11038441    1.11754947    1.37033710    1.09029109    1.31585702    1.50657645    1.34285930    1.49592362    0.95800792    0.69097288    0.85071280    0.93751336    1.09733162    1.10606390    0.73518677    0.89396032    0.91710451    0.62554879    0.70691355    1.31981614    1.21259141    1.00329853    1.89464288    1.79385942    1.67137446    1.14292475    0.85796150    1.30640141    0.77126037    0.98294338    1.05322233    1.25385320    0.88308929    1.05030468    0.85139604    1.57559592
CNBP_RAT/96-113     0.83095262    0.83904816    1.05972759    0.90563329    0.94070575    0.68873120    0.66300332    0.74075397    0.66229405    0.97359192    1.00832278    1.62762747    1.03806327    0.78241181    0.85213747    1.17137722    1.00543919    1.44781095    1.03359170    1.05705635    1.01091304    1.27447459    1.21343427    0.68159811    0.00000000    0.76022263    0.66978275    1.03948446    1.03655074    0.89481454    0.87445637    0.95724249    0.69966355    1.21111302    0.77457367    0.86237889    0.86988978    1.03879165    1.17204549    0.82823587    0.99639569    1.37151639    1.03468551    1.13630646    1.04468232    1.21756336    0.71855663    0.98577023    1.11995182    1.24716233    1.27728390    0.92839810    0.67414958    0.65887538    0.83750391    0.85723593    0.67706948    0.49253249    0.82879220    0.86691688    0.76973897    0.60768424    1.01633698    1.15884252    0.90379375    1.48536753    1.66485748    1.54657653    1.13434406    0.83866222    1.40096739    0.89242728    1.19631780    0.91854750    1.14206079    0.81681759    0.78127634    1.48890831    1.68755176
CNBP_RAT/72-89     0.87029744    0.72011217    1.09127350    0.99140873    1.15361614    0.93348989    0.76923736    0.86016750    0.76439367    0.90945643    0.90725850    1.70822447    0.88300338    0.85591242    0.93417884    1.41040706    1.23460149    1.34441566    1.07348751    0.90261514    1.02813389    1.55080726    1.30848934    1.00039299    0.76022263    0.00000000    0.79801177    1.05908431    1.31691136    0.74869475    1.01405957    1.21939415    0.74521040    1.06703026    0.88328483    0.90254523    1.20146209    0.90278637    1.30787954    0.96601349    1.09947375    1.23369041    1.26902387    0.78775018    0.85700611    1.18105112    0.70202807    0.89864099    0.82088981    1.25933308    1.24582246    0.86525306    0.89255593    0.78347336    0.71694374    1.14767155    0.76906061    0.87284853    0.75701477    0.61367890    1.04331846    0.94357882    1.18996901    1.07845009    1.04997885    1.80987863    2.15358397    1.98734645    1.06917600    0.90721945    1.40700965    0.82825801    1.36049106    0.80184834    1.10181847    1.04877887    1.03732464    1.16180609    1.40757565
H3C1J0_TETNG/3-19     0.91953101    0.86108838    1.02392148    0.91346526    1.04955623    0.83597979    0.91904636    0.96054401    0.85702069    1.01875616    1.01828107    1.76992614    1.06240180    0.94533670    0.88525597    1.08597305    0.88617571    1.32463860    0.88790078    1.27591013    0.91976369    0.77333023    1.10294932    0.84912090    0.66978275    0.79801177    0.00000000    1.30410863    1.11680514    0.73406098    1.15472888    1.27711479    0.69008390    1.21985438    1.16799871    0.88783979    1.27964709    1.21735928    1.29237951    0.95814145    0.89973645    1.10935567    1.13292803    0.99744693    1.09904820    1.40385031    0.91035381    0.93969334    0.95482414    1.12259098    1.15164356    0.93857458    0.81233273    0.91942576    1.32114241    1.17397109    1.07056833    1.04236834    0.95408445    0.90563433    0.90153186    1.06152898    1.13394191    1.09675875    0.81477800    1.29866414    1.53876172    1.93744838    1.35432266    0.98244454    1.44353929    0.79489200    1.09371408    0.86970991    0.96275466    1.23411241    0.65706745    1.66385094    1.37748295
BBP_SCHPO/334-351     1.25806999    1.02125248    1.30979939    1.44658441    1.32149868    1.28388585    1.17883564    0.95820557    1.17487049    1.41380027    1.16945293    1.39726042    1.43328794    0.94524461    1.25440427    1.55105622    1.55577139    1.58830358    1.50480227    1.33825916    1.60301771    1.80252567    1.48323426    1.14763583    1.03948446    1.05908431    1.30410863    0.00000000    0.80349191    1.08826754    1.30899578    1.06936506    0.76911129    1.28514068    1.30017394    1.32553888    0.92000085    1.39834166    1.33289101    1.12917270    1.26835468    1.80737713    1.19746848    1.38672371    1.27168509    1.13828404    1.05313872    1.19988716    1.25157510    1.07641417    1.46559081    1.25474064    1.10228706    1.06407648    1.03759726    1.00221151    1.12607071    1.08263955    0.74987117    0.78239224    0.96151994    1.07344214    0.95998884    1.25938844    1.34349570    1.25903846    1.48140700    1.24499639    1.25773470    1.08144098    1.40746399    1.00829371    1.29941349    1.24554105    1.21487532    1.42929211    1.41150814    1.14932391    1.54840877
BBP_YEAST/297-314     1.18550914    1.30295272    1.48656888    1.44816238    1.26110132    1.23170124    1.18875420    0.59257561    0.79376276    1.34064278    1.19638443    1.52166286    1.27482703    0.80815271    0.99758609    1.59605758    1.50313004    1.94510233    1.68305526    1.19246849    1.56176994    1.40086302    1.99247238    0.74993076    1.03655074    1.31691136    1.11680514    0.80349191    0.00000000    0.85080327    1.22711878    0.96727860    0.89639606    1.51515242    1.32075193    1.33278636    1.24438862    1.86565157    1.35710753    0.67589834    1.21961767    1.06683605    1.02324180    1.32089618    1.27461293    1.13071884    1.08693342    1.19796587    1.15290091    1.29961752    1.27681156    1.39858354    0.73229409    0.73818656    1.23158973    1.11045774    1.10501254    1.13018527    1.21827410    1.05082548    1.03773793    0.88364622    1.35911237    1.30324287    1.27414399    1.32979432    1.46727801    2.24611939    1.56284301    1.04585289    1.90002359    1.07358855    1.49223359    1.41860198    1.35828452    1.20121920    1.58707684    1.51965403    1.75687421
GLH4_CAEEL/639-656     0.78447672    0.95670809    1.02172250    0.89995350    1.11138647    1.04666512    0.97065241    0.66943784    0.72024995    1.15815478    1.11257430    0.99799836    1.18501039    0.94948429    1.16483236    1.18130730    0.98116380    1.47827305    1.35807701    1.10339066    1.20832057    1.22416239    1.50302570    1.00056982    0.89481454    0.74869475    0.73406098    1.08826754    0.85080327    0.00000000    0.39352453    0.58621186    0.76440650    1.26971611    1.02847207    0.82798136    1.34675731    1.20291516    1.34686923    0.66722935    1.00302726    0.72881499    0.73622964    0.89808421    1.05280201    1.29104018    0.94518299    1.04132640    1.12228095    1.25902855    1.17585036    1.02398991    0.80563697    0.76944553    1.10293258    1.24547997    1.04419784    1.12576666    0.89452965    0.92705396    1.15237745    1.14223719    1.35559337    1.03606552    0.85624626    1.52494456    1.62989362    1.86386158    1.42429374    1.13610259    1.40489581    0.93384512    1.36718865    1.11013416    1.31056022    1.13898726    1.25110930    1.55139492    1.53207201
GLH4_CAEEL/616-633     0.89776316    1.32766486    1.40335840    1.28888937    1.20332535    1.11142358    1.13400519    1.05432500    0.89697751    1.53031440    1.40555137    1.17290169    1.51218325    1.40652045    1.56792833    1.54759792    1.44948111    1.42109904    1.40967621    1.37828415    1.48587064    1.75460115    1.62522160    1.51336478    0.87445637    1.01405957    1.15472888    1.30899578    1.22711878    0.39352453    0.00000000    0.54885570    1.04987898    1.45323611    1.31543003    0.80489459    1.57215495    1.46925024    1.41957046    1.40747457    1.33163502    1.38887475    1.14085402    1.10452956    1.63979281    1.29326937    0.98530441    1.10966813    1.26779700    1.48378614    1.48583621    1.52534140    1.11079563    1.02255774    1.17227797    1.61919037    1.12907634    0.94465872    1.15637703    1.29126365    1.36782837    1.15383441    1.26978248    1.31682255    1.35437510    1.61377807    1.89598270    1.90718990    1.31504790    1.50031088    1.76626604    1.32930670    1.40406155    1.57984634    1.54114547    1.31867159    1.29953111    1.62026673    1.82403943
GLH4_CAEEL/593-610     1.16102793    1.12358676    1.79740105    1.73419836    1.51896510    1.18084178    1.15877810    1.13527330    1.24621397    1.47731180    1.58338924    1.32653858    1.68650552    1.30615571    1.14229564    1.53182479    1.45169142    1.39570079    1.23744131    0.96134110    0.93179672    1.38444688    1.47131704    1.39796546    0.95724249    1.21939415    1.27711479    1.06936506    0.96727860    0.58621186    0.54885570    0.00000000    1.09524065    1.10610910    1.36294271    1.46161024    1.48937284    1.40480007    1.30871030    1.14875388    1.12239895    1.34493510    1.35309977    1.29528219    1.71364439    1.47786765    0.96448339    1.10527450    1.19749066    1.37827108    1.39105005    1.54330447    1.01236189    1.14871050    1.27390784    1.57407604    1.28142074    1.07049530    1.39544762    1.34901434    1.66552299    1.16865029    1.38407414    1.53278823    1.05191526    1.29061954    1.16779100    1.50952196    1.30836736    1.23600991    1.63655776    1.24644018    1.49375395    1.41837077    1.39476552    1.32816836    1.24780805    1.79355487    2.00179855
Q586R7_TRYB2/296-312     1.25849039    1.12700006    1.24573631    1.09354554    1.05708369    0.70978901    0.58680163    0.83749243    0.92978588    0.81565050    0.92528551    1.41543627    1.06586674    1.09127191    1.01931999    1.26217820    1.47825044    1.73809594    1.22481395    1.18241806    1.23529859    1.29599817    1.44219229    0.74707417    0.69966355    0.74521040    0.69008390    0.76911129    0.89639606    0.76440650    1.04987898    1.09524065    0.00000000    0.83972550    0.87738172    1.04295401    0.87829354    1.32123236    1.25180066    0.57533701    0.83168740    1.12796286    1.13782331    1.24311039    1.13635948    1.27644867    0.89428895    1.34916242    1.33719091    1.21516582    1.22150440    0.72805385    0.77148069    0.99871570    0.86486557    0.95419066    1.03127863    0.96082470    0.68693859    0.54627870    0.77977746    1.04588518    1.28129846    1.17626741    1.03742054    1.84740938    1.91465109    1.61942147    1.26904372    1.20666721    1.69118722    1.26401098    1.11653554    1.11502877    1.40829805    1.13425989    1.18168831    1.38579167    1.63551788
CPSF4_DROME/189-206     1.15953810    1.13757030    1.59702834    1.50084889    1.25571383    0.97007877    1.05597590    1.39330580    1.46106399    1.82461509    1.67540008    1.62108600    1.49010357    1.14672431    1.37738208    1.15523335    1.03707867    1.71316559    1.23004558    0.97272812    1.35369031    1.55484028    1.33361993    1.54964720    1.21111302    1.06703026    1.21985438    1.28514068    1.51515242    1.26971611    1.45323611    1.10610910    0.83972550    0.00000000    0.91617693    1.61268412    1.21140920    1.26202471    1.03661217    1.24066241    0.94418764    1.06205917    1.34920591    1.07888170    1.06020462    1.08131374    0.74709510    1.47894618    1.34624312    1.03577334    0.78440103    1.27849970    1.11286615    1.32924830    1.07474390    1.22492718    1.15400636    1.28173994    1.14323985    1.25215235    1.30546195    1.26073541    1.31458498    1.51291779    1.25691841    1.74009560    1.51974476    1.29070987    1.28845754    1.55973804    1.52239913    1.34496902    1.53793363    1.11995291    1.32145397    1.43637983    1.53861142    1.56296998    1.42314863
BYR3_SCHPO/17-34     0.76288704    0.97583654    1.07962044    0.83305161    0.80664028    0.68193905    0.69986332    0.89460786    0.83747701    1.30266400    0.92688199    1.36743937    0.93830028    0.73597339    0.73329357    1.03677447    0.79121701    1.14568488    0.96890421    0.62824646    1.22113908    1.76337040    1.16492435    1.13820054    0.77457367    0.88328483    1.16799871    1.30017394    1.32075193    1.02847207    1.31543003    1.36294271    0.87738172    0.91617693    0.00000000    0.57946695    0.66606590    0.72428222    0.95165115    0.83941804    0.71782598    1.06778171    0.80104742    0.84274737    0.97681953    0.78107998    0.73733378    1.25085952    1.19763201    0.98754667    0.66518237    0.91882125    0.60472669    0.62398399    0.75149399    0.51607084    0.91217095    0.85487752    0.99710090    1.02434145    1.13483809    1.23629187    1.41511971    1.02937737    1.01923599    1.31582724    1.55754483    1.86134671    1.22828560    0.76126759    0.99465629    0.80234595    1.08102035    0.71030618    0.65257559    1.13807032    1.04707586    1.52249236    1.29973714
