131
C4M483_ENTHI/5-344     0.00000000    2.02665708    2.22893383    1.43030905    1.21721661    1.39201185    1.19123027    2.34152064    2.26587768    2.61463933    1.94435670    2.23322568    2.19716093    1.82065770    2.21984756    1.95797956    2.51158614    2.32174216    2.39787127    2.30567437    2.38789010    2.31346916    2.45825714    2.46247766    2.41266754    2.13740266    1.85715668    1.47856713    2.08886850    1.92297924    1.68943236    1.72857219    1.60477007    1.76448757    1.48628539    2.20747300    2.07302986    1.80770635    1.49286725    2.03767508    1.73686351    1.94693062    1.70332422    1.92509689    1.28625597    1.43819060    1.35469502    1.85723884    1.76668707    1.66261115    1.68805101    1.76125244    1.88878709    2.07315938    1.81283303    1.86252238    1.82869899    1.87377369    1.93745255    1.84022244    1.71072519    1.77613097    1.79612258    1.80571078    1.88153862    2.15923254    1.34444207    1.74955298    1.60118010    1.29678303    1.24037981    1.28524833    1.41669635    1.64137340    1.38927818    1.32164981    1.40931090    1.38246721    1.34072148    1.30971802    1.42874694    1.34851093    1.32168444    1.35059066    1.38747787    1.31675102    1.35157349    1.50019096    1.38235197    1.37213263    1.50288233    1.57374349    1.64901732    1.52699633    1.22721234    1.24514723    1.33214820    1.46062550    1.24008711    1.33387521    1.27739519    1.47949109    1.49709010    1.38648662    1.62219045    1.43124336    1.44030942    1.19060196    1.32247180    1.21888277    1.25236974    1.18333520    1.24580663    1.23349189    1.32802350    1.23039755    1.25029099    1.20432818    1.22472357    1.21013805    1.14738499    1.16251365    1.28067698    1.12716109    1.19994853    1.40357505    1.15687413    1.34023755    2.05541626    1.25597759    1.22651214
GPA11_DICDI/8-354     2.02665708    0.00000000    2.62741522    1.87022808    1.66714631    1.78032474    1.66543822    2.70120726    2.34687524    3.19631776    2.10576793    2.58116114    2.85323909    2.43798499    2.46058956    2.71289820    2.92452549    2.50473483    2.69965413    2.83656952    2.77776969    2.32408316    2.66893201    3.09781041    3.06351228    2.48682600    2.32678265    1.97097427    2.66788289    2.14220564    2.19096257    2.17680835    2.11315863    1.90893729    2.06827975    2.45574983    2.36435462    2.20242676    2.20398301    2.47267083    2.38127123    2.18056599    2.23223115    2.39882633    1.95147747    2.08126400    2.01970852    2.30873519    2.40569425    2.28903064    2.26511684    2.33099688    2.52427819    2.50022809    2.39421096    2.26448355    2.35180022    2.30679401    2.48652580    2.16297289    2.13121607    2.15791330    2.35492403    2.26319184    2.36880393    2.54006374    1.87734742    2.29135580    2.16706165    2.13949942    1.70959103    1.95712576    1.82909453    2.08146283    1.96859391    2.08786427    2.08708498    1.95158800    1.82213971    1.99549126    1.91073752    1.88890108    1.88955974    2.00404437    1.97134377    1.97179166    1.98973022    2.07392970    2.06102944    1.87918060    2.00526122    2.04106100    2.26828085    2.16985262    1.79011080    1.76087605    1.97827139    1.91286842    1.88901506    1.79939363    1.79497948    1.90659350    1.89273851    1.85784497    2.38953064    1.97918323    1.93427686    1.73479337    1.73401888    1.93413451    1.68887833    1.79423896    1.85886407    1.83091151    1.91859963    1.85561755    1.91247122    1.82961850    1.82539522    1.84116623    1.73057823    1.72017174    1.78442688    1.70249092    1.67254122    1.93084445    1.79287563    1.87644350    2.33828881    1.91649235    2.11427634
Q9N4F4_CAEEL/9-395     2.22893383    2.62741522    0.00000000    2.12550793    2.19222173    2.64973353    2.01200177    2.66831773    2.86503931    3.79454810    2.81642792    2.82117070    2.97697228    2.52327330    3.07282601    2.95451500    3.75561991    3.20359274    3.29712866    3.40093974    3.37107502    2.67374964    3.11998019    3.80711508    3.27268323    3.09399831    2.57603908    2.17100442    3.47455708    2.66676108    2.61840262    2.66898374    2.16623631    2.52019031    2.26030522    2.86250300    2.54732067    2.39244177    2.27588735    3.18373341    3.08185063    3.04589728    2.75126657    2.85974855    2.23270450    2.20907958    2.19693793    2.64479663    2.33317345    2.33088557    2.23147025    2.18608436    2.34059232    2.37054918    2.24970059    2.33067397    2.35562824    2.60571260    2.52423384    2.40879210    2.42133788    2.41144654    2.51139716    2.43334089    2.51862056    2.74284691    2.36750577    2.49502066    2.24146512    1.97756953    2.12028308    2.23751916    2.11259850    2.31659543    2.39965322    2.47119435    2.47435751    2.55267636    2.04393633    2.23963412    2.37391814    2.17657101    2.04189597    2.01025156    1.98724637    1.98369493    2.12437923    2.06464365    2.09770222    2.15654398    2.30253155    2.45713563    2.32378475    1.97961204    2.13200380    2.08014010    2.21662748    2.19387964    2.21910497    2.19594660    1.95293526    2.11366443    1.99880746    1.96686798    2.32617081    2.13645913    2.28362774    2.18984126    2.17342603    2.21362151    2.23641038    2.18876757    2.14740430    2.11382983    2.14356313    2.08698180    2.21813575    2.03341268    2.07156161    2.13412307    2.15027708    2.15192858    2.14015885    2.12910562    2.08573981    2.20191619    2.22719309    2.15839971    2.41329736    2.10108419    2.20186178
GPA5_CAEEL/13-374     1.43030905    1.87022808    2.12550793    0.00000000    1.42625084    1.71434665    1.42557177    2.28565856    2.25802513    2.73945292    2.01462219    2.24964792    2.28440958    1.99372274    2.19647273    2.78301819    3.03698946    2.59161661    2.33411630    2.60949614    2.59330010    2.33774880    2.45459782    2.84030646    2.60253496    2.16478270    2.18435619    1.69244674    2.19515283    1.91100018    1.76109119    1.95039478    1.94135406    1.81321282    1.75079075    2.35099183    2.05342534    1.73317157    1.55152687    2.65941664    2.40417588    2.41882238    2.36430184    2.29754442    1.68847881    1.55295893    1.48287004    1.69651231    1.91733914    1.75984546    1.72084878    1.86179683    1.81354961    1.94861096    1.80609079    1.77978796    1.73008640    1.91763391    2.12509715    1.72139636    1.73218599    1.69369117    1.84500180    1.84102083    1.90598910    2.17661142    1.55373366    1.75419454    1.76316549    1.56992068    1.45956215    1.53956908    1.52739467    1.60286410    1.50119465    1.51160808    1.57280578    1.51264899    1.51004752    1.53624393    1.56512044    1.52473825    1.42110001    1.41170065    1.41472502    1.40191833    1.42945195    1.42442115    1.44669731    1.51492150    1.53521176    1.60679052    1.62104253    1.50503377    1.44709448    1.36109329    1.59104620    1.31794593    1.41890062    1.53567911    1.47213848    1.59404983    1.57056767    1.47086571    1.76765213    1.58858516    1.51739067    1.35620396    1.45146413    1.39643384    1.25855941    1.41102634    1.31395158    1.31462081    1.40513993    1.46649559    1.43581013    1.34676076    1.37297124    1.47582936    1.38679317    1.45851686    1.31947597    1.43489355    1.39852360    1.70555058    1.51649814    1.56291308    2.07519063    1.61204614    1.52000380
D2V1X1_NAEGR/14-349     1.21721661    1.66714631    2.19222173    1.42625084    0.00000000    1.13672891    0.89042650    1.97918663    1.69797955    2.35489662    1.74631241    1.84488583    1.94849957    1.75221125    1.97173939    1.67763508    2.46478169    2.16353566    2.30410675    2.02328624    2.01318858    2.00215026    2.09684434    2.59682488    2.39498063    2.05354948    1.64408657    1.12582501    2.10010865    1.79577975    1.62784437    1.47276720    1.50768418    1.44085239    1.33852877    2.11016142    1.79069012    1.57370721    1.20907089    2.08718908    1.84140763    1.78586462    1.61407326    1.69117467    1.11412126    1.28030585    1.20928070    1.59533153    1.68040683    1.61931532    1.60777925    1.74462957    1.67907313    1.76988459    1.63060538    1.77486045    1.62198900    1.89127010    1.86856753    1.73919842    1.71390626    1.68943220    1.76868960    1.61218597    1.73503169    1.80100187    1.16574078    1.46786443    1.30376396    1.10553677    1.03957613    1.01930624    1.09514424    1.25727179    1.10789475    1.06309516    1.18737051    1.22982192    1.09101956    1.07023652    1.23251766    1.05680797    1.00939832    1.03150470    1.04188618    1.03002505    1.03466086    1.10393068    1.12610630    1.08872463    1.17056589    1.32941541    1.27046895    1.19984082    0.99117190    1.00588084    1.04907690    1.15194296    1.13102678    1.00452804    1.07743111    1.19242457    1.18762266    1.13744055    1.50106580    1.10737450    1.22902587    0.93559958    1.05342654    0.98282263    1.00588757    0.97143796    0.93403733    1.01158290    1.00993072    0.99602624    0.97667570    0.96208061    0.95130369    0.99354923    0.91469823    0.95150964    1.00256303    0.99908820    0.99172206    1.14164588    1.01803023    1.10429632    1.63608540    0.95491511    1.10257666
D2VF92_NAEGR/12-351     1.39201185    1.78032474    2.64973353    1.71434665    1.13672891    0.00000000    1.11024663    2.38266082    2.13319259    2.45469819    1.77451750    1.95987535    2.38211432    1.94330939    2.17739952    2.16714586    2.81699063    2.29989197    2.54962292    2.38366469    2.48012561    2.20942611    2.21046829    2.80828507    2.89142129    2.22796769    1.94701451    1.38022343    2.21620149    1.78137832    1.57092439    1.72933284    1.80886430    1.54489220    1.55227105    2.14613777    2.00203400    1.81779412    1.55739411    2.63761023    2.36057572    2.22322294    1.97626654    2.08346356    1.54617191    1.77723747    1.54180246    1.83824108    1.94926903    1.83655980    1.81071421    1.93579328    2.12754925    2.17269726    1.94728526    2.09757556    1.93603574    2.07153963    2.13398283    1.81541309    1.78319699    1.79568040    1.82898312    1.88076259    2.02061048    2.11400428    1.49525780    1.77976221    1.83103300    1.44593682    1.47806631    1.57239124    1.60357452    1.69393698    1.57597978    1.61946748    1.62340245    1.55038508    1.51247304    1.52829702    1.53123542    1.41210392    1.42554950    1.43286765    1.40916778    1.44685967    1.42812632    1.49544560    1.47936365    1.45197318    1.63792055    1.74277739    1.59602617    1.74100175    1.44542265    1.45150734    1.51218751    1.49253018    1.50576309    1.52174264    1.49843422    1.71894800    1.62613439    1.54029076    1.77239293    1.74485898    1.63413350    1.37272589    1.47173069    1.36493126    1.65154311    1.47101037    1.48389667    1.51266006    1.45679870    1.47907429    1.51110003    1.51928963    1.50789248    1.51714588    1.45862331    1.45488609    1.36887304    1.37700939    1.42564286    1.52379036    1.42916575    1.42559784    2.03232979    1.30738008    1.44889959
D2W0X6_NAEGR/1-326     1.19123027    1.66543822    2.01200177    1.42557177    0.89042650    1.11024663    0.00000000    2.01135689    1.84567253    2.52141780    1.65431168    1.73295536    1.89739867    1.81973567    1.95792865    1.95246153    2.43818187    1.97691989    2.31965380    1.91997420    2.00037903    2.06132251    2.33290207    2.66594037    2.34815625    2.30146933    1.80649889    1.04629096    2.04411474    1.78708438    1.47938944    1.58316803    1.52912634    1.43299184    1.31831855    1.92193558    1.79101780    1.56378897    1.28949970    2.28666395    1.89214537    1.89051593    1.80621219    1.73669148    1.30409080    1.32830684    1.16389609    1.68531084    1.64903328    1.51286973    1.52252327    1.64000328    1.69149340    1.75934542    1.60813827    1.69147227    1.56539795    1.80457214    1.80528792    1.63453452    1.69064074    1.67598105    1.65771663    1.72650728    1.86915348    1.91552658    1.12705579    1.50895233    1.32478349    1.09109286    1.03201483    1.04247255    1.14310124    1.31972124    1.16543565    1.20036921    1.19613008    1.21710056    1.11176220    1.15234922    1.20966086    1.10050536    1.08955765    1.04693879    1.07037469    1.06570945    1.06886118    1.18021956    1.12904306    1.19784547    1.25598810    1.41115348    1.33044384    1.22198435    0.98462300    0.99299266    1.08690505    1.19977002    1.17212709    1.13093455    0.99423525    1.31234756    1.24604212    1.20466246    1.43365535    1.27748539    1.30318124    0.97596201    1.04214427    1.04301835    1.16034407    1.03177601    1.02589643    0.98581611    1.03140547    1.04150405    1.03075024    0.99585700    1.00960750    1.06989927    1.01701652    1.02843999    1.02435342    0.93312693    1.06295152    1.16989175    0.99341523    1.01487695    1.58570886    0.87362240    1.10824651
D2V1X4_NAEGR/239-597     2.34152064    2.70120726    2.66831773    2.28565856    1.97918663    2.38266082    2.01135689    0.00000000    2.34070987    2.76956843    2.21837069    2.14381920    2.30352219    2.27080340    2.42905988    2.92375384    2.85735949    2.80866914    3.18037141    2.81213511    2.95811294    2.49513119    2.81466047    3.21296861    3.13541621    2.86480405    2.52310631    2.04619853    2.36601218    2.40590175    2.13703322    2.32626491    2.27521000    2.23705894    2.07219231    2.81125700    2.54924739    2.21412333    2.34689577    2.64058309    2.71696703    2.59868318    2.50026174    2.59913880    2.29830272    2.31634300    2.20707287    2.77397576    2.70090477    2.62678652    2.70473204    2.79578164    2.49568457    2.56335293    2.49139315    2.69795164    2.47428034    2.57364721    2.65980487    2.56966175    2.61727181    2.55310514    2.52464496    2.66849071    2.78778098    2.79915599    2.28307023    2.39671363    2.38951282    2.31338201    2.01912045    2.07001298    2.09718603    2.48910507    2.27121875    2.28171902    2.33504175    2.36535925    2.27046818    2.29654742    2.42953689    2.32602833    2.26699957    2.29507071    2.31230566    2.36421298    2.28117961    2.23702497    2.47684617    2.32269251    2.07922192    2.10599828    2.15403922    2.01257957    1.96302243    2.05507964    2.10254054    2.19773969    2.31035536    2.24968723    2.20091646    2.07664108    2.33403527    2.29153752    2.45802576    2.35084068    2.35632175    2.02272827    2.09958093    2.12588361    2.02806967    1.98062211    1.94379840    1.91616376    1.93785801    1.99237204    2.02551378    1.99250121    1.98980429    2.04476808    2.02497060    2.05650981    1.95881087    1.91168013    2.15624718    2.06842426    2.29188261    2.31694872    2.65862615    1.96471461    2.11363537
D2V1A1_NAEGR/75-460     2.26587768    2.34687524    2.86503931    2.25802513    1.69797955    2.13319259    1.84567253    2.34070987    0.00000000    2.65098555    2.13751271    2.15365269    2.38520794    2.26844738    2.46729733    2.38546334    3.33949983    2.87807230    2.52149383    2.75399069    2.88784151    2.55943181    2.49050867    3.25508601    3.45015909    2.62182880    2.22315304    1.94690879    2.95499563    2.61538730    2.09369170    1.99852411    1.92874732    2.16066798    1.92166046    2.66173907    2.24050118    2.26367757    1.95671076    2.63624811    2.50759758    2.64317093    2.63555487    2.36722930    1.98248273    2.11694487    2.19195835    2.25554799    2.59366963    2.42103153    2.41063129    2.70807873    2.58573291    2.47199634    2.60347821    2.67061159    2.35879740    2.57612976    2.64460427    2.38910488    2.47571865    2.39856301    2.27729216    2.19532268    2.26996714    2.50581866    2.10225508    2.38394785    2.06908918    1.93690103    1.82554637    1.69573318    1.79288911    2.13789318    2.25974613    2.23771808    2.45901181    2.39593634    2.14594728    2.13626774    2.13814786    2.21016130    2.06760452    1.98292778    1.92887448    2.07768210    1.95497039    2.24836125    2.16603104    1.88271657    2.00281417    2.26508581    2.19164672    1.90490802    1.82423413    1.82885376    1.88050470    2.14717016    2.09461978    1.89795388    1.88400673    2.06435733    1.94896385    2.01598836    2.36183424    1.98418650    2.17793693    1.99707553    1.85203945    1.80656928    1.93365146    1.89005694    1.79415163    1.82502194    1.80638659    1.87208413    1.94802902    1.84610042    1.86791720    1.89089103    1.75331723    1.77440532    1.77431948    1.85283471    1.84959798    2.06924193    1.84743657    2.07290838    2.44458627    1.98330165    2.02230425
D2VTC0_NAEGR/26-431     2.61463933    3.19631776    3.79454810    2.73945292    2.35489662    2.45469819    2.52141780    2.76956843    2.65098555    0.00000000    2.83039632    2.87626477    2.90052868    2.85062511    2.89926350    3.09288968    3.81036308    3.61562776    3.45562054    3.43228548    3.24964366    2.84594148    3.03461026    3.50191174    3.73454873    3.08441197    3.09517346    2.50504281    3.34181428    3.13723233    2.71880485    2.49360671    2.74031932    2.42764214    2.41540210    3.10174559    3.05463897    2.48080709    2.47270116    3.69147168    3.69253594    3.89065225    3.44706611    3.42656853    2.56234617    2.43899407    2.54445466    3.06571852    3.18145390    3.08109598    3.00744076    3.38376470    3.07355660    3.18289887    3.02533022    3.06472553    2.91305641    2.67193873    2.51421177    2.89908053    3.02214983    2.95763837    3.36417394    2.85903258    2.86220238    3.02141098    2.88458337    3.09235416    2.67292743    2.54646475    2.43898209    2.28929418    2.51370340    2.61739178    2.68217025    2.60710186    2.71581412    2.61245615    2.75553635    2.61006960    2.89069834    2.74337750    2.42198974    2.38607991    2.34686391    2.26864450    2.37245861    2.52527263    2.60509649    2.36216578    2.37550832    2.75959909    2.85709609    2.63896186    2.34725191    2.24367928    2.30943706    2.47558797    2.48153896    2.50243599    2.43965541    2.61128174    2.44540722    2.56016927    2.74831587    2.73238827    2.53637666    2.27564565    2.52580522    2.42436082    2.55794470    2.35774910    2.44689249    2.21992656    2.33386970    2.36385168    2.41956402    2.39543704    2.45490363    2.43749214    2.20664552    2.23410012    2.44842682    2.26819077    2.31623922    2.42568036    2.35203860    2.66718024    2.88738246    2.25814021    2.35195269
D2VAY9_NAEGR/31-349     1.94435670    2.10576793    2.81642792    2.01462219    1.74631241    1.77451750    1.65431168    2.21837069    2.13751271    2.83039632    0.00000000    1.21957197    2.27336946    2.23094871    2.71654284    2.30921036    3.27869345    2.31194269    2.69105718    2.76782861    2.66866632    2.49786001    2.63981921    2.84044508    2.72736814    2.43845809    2.47273570    1.80820375    2.27300587    2.28157046    2.03998063    2.02984043    1.97654521    2.14317686    2.26767814    2.68772517    2.36912333    1.97478573    1.89793486    2.70622472    2.35563910    2.67932949    2.39074168    2.55422639    2.22444031    1.85819375    2.20099252    2.18262133    2.44583477    2.29974622    2.24129765    2.29773642    2.51432953    2.48669715    2.43624065    2.63963842    2.50666328    2.17702819    2.33430423    2.28119362    2.16175838    2.24142963    2.48720568    2.23243893    2.20224319    2.42761072    1.88867022    2.35090043    2.07066193    2.05649769    1.80165433    1.85141151    1.90533980    1.91191554    1.91754509    1.89063744    1.93252997    1.85077213    1.83257349    1.91592973    1.92920699    1.84982356    1.82883711    1.82958143    1.78922855    1.87249987    1.74124587    1.90988444    1.84019747    2.13036667    2.03299493    2.12237698    2.10872900    2.08539855    1.69413263    1.81357899    1.83488100    1.95247474    1.91150465    1.88434884    1.87859446    1.94980003    1.92749889    1.86617565    2.31504570    2.16379362    1.88839465    1.83477446    1.94490333    1.77920823    2.06114610    1.91955265    1.86904990    1.81826711    1.79606059    1.83222460    1.93171989    1.88536216    1.89955922    1.95331007    1.81563946    1.87941507    1.99544293    1.63231630    1.82883300    1.86178748    2.00398779    1.74407297    2.12083382    1.82356340    1.76495704
D2W3S6_NAEGR/26-316     2.23322568    2.58116114    2.82117070    2.24964792    1.84488583    1.95987535    1.73295536    2.14381920    2.15365269    2.87626477    1.21957197    0.00000000    2.20384651    2.39166513    2.53813590    2.90392578    3.48868395    2.42569763    2.59327342    2.39706537    2.40845409    2.39294302    2.94484116    3.04675216    2.96837215    2.55747858    2.53999021    2.07892313    2.61281536    2.37721195    1.86788851    2.10030244    1.98734573    2.18218317    2.03206425    2.54668523    2.70315309    2.17208996    2.20322936    3.01611636    2.60212398    2.74718827    2.63127709    2.66165902    2.35528162    2.09989443    2.19358885    2.51158239    2.57780676    2.42850959    2.37244218    2.49300656    2.63780163    2.63140498    2.71537836    2.69579283    2.67424794    2.38922226    2.35374157    2.45324387    2.36077450    2.46669741    2.55265477    2.62154200    2.65954299    2.67573102    2.24028231    2.44975424    2.04159894    2.08147998    1.94845379    1.91540835    1.91780161    2.17017293    2.26030217    2.33027891    2.20269036    2.18843851    2.01533655    1.91093553    2.08102742    2.15925089    2.09308007    2.17394889    2.22028331    2.13944317    2.17059817    2.24950057    2.31585654    2.07867005    2.24798708    2.31359195    2.37630224    2.15386641    1.95640766    2.03267671    2.12175769    2.30710984    2.22094679    2.15551585    2.18502547    2.26610461    2.08531853    2.10903698    2.36597517    2.33172668    2.15268975    2.12867249    2.06977071    2.14442099    2.15314426    2.19012961    2.10884162    2.05120546    2.12518844    2.11544319    2.14583310    2.03770468    2.02842707    2.19644413    2.05437132    2.05474731    2.03263675    1.86498671    2.24723244    2.00791435    2.06989749    1.99250939    2.66464345    2.01389832    2.01444454
D2V616_NAEGR/48-399     2.19716093    2.85323909    2.97697228    2.28440958    1.94849957    2.38211432    1.89739867    2.30352219    2.38520794    2.90052868    2.27336946    2.20384651    0.00000000    2.77619440    2.70258376    2.84605840    3.22232275    3.19266823    2.88247927    2.85530059    3.11368160    2.80082676    2.81440606    2.80763446    3.32951303    3.14871611    2.72176731    1.87408363    3.18380377    2.45315867    2.28871463    2.31917615    2.48565590    2.30470334    2.34584272    2.92025656    2.66104270    2.27268354    2.41206194    2.86295269    2.77850988    2.84567082    2.71122257    2.81009011    2.36189119    2.31906963    2.08705575    2.54363823    2.83572997    2.58544447    2.60919000    2.83009870    2.77159184    2.68505798    2.65144281    2.80310313    2.68143489    2.72677032    2.85336583    2.55433765    2.67287698    2.66383789    2.72808371    2.73384740    2.75127755    3.03632604    2.17383397    2.45798198    2.26649875    2.07927764    2.09787857    1.98029758    1.94407468    2.65598952    2.28255017    2.23058362    2.19227553    2.30681511    2.17000959    2.23166533    2.26061396    2.11132211    2.01449321    1.98973910    1.99816090    1.93392061    2.06640261    2.27853396    2.24977206    2.09429480    2.30581900    2.33827816    2.31099693    2.12938810    1.89349252    1.88737998    2.18216892    2.53335873    2.24112996    2.31152249    2.23969285    2.21543164    2.29911197    2.22312971    2.34578136    2.20563631    2.42411878    1.92967015    1.97681724    2.13826292    2.26362910    2.08279376    2.13791579    2.06684472    2.14369215    2.10710862    2.00434371    2.03607024    2.06099631    2.10707423    1.97770570    2.00920827    1.90056247    2.08510700    2.04682032    2.03616249    1.96743044    2.18483864    2.74925014    1.97665805    2.15914034
D2V9E7_NAEGR/10-419     1.82065770    2.43798499    2.52327330    1.99372274    1.75221125    1.94330939    1.81973567    2.27080340    2.26844738    2.85062511    2.23094871    2.39166513    2.77619440    0.00000000    1.41088113    2.60798324    3.20315550    2.88258423    2.72793960    2.82363962    3.00691928    2.41083962    2.61637607    3.13606030    3.32116302    2.36396819    2.17482462    1.74274101    2.29398203    2.31169361    2.19827723    2.26422524    2.03052294    2.14304349    1.83681684    2.45678426    2.71939256    2.44459597    1.89247300    3.15957272    2.74307068    2.76415921    2.77308381    2.19015726    1.88568030    1.98219004    2.01354421    2.37331153    2.50850408    2.34696632    2.41550545    2.57862261    2.56786906    2.75710367    2.39082082    2.46786706    2.05633765    2.43940862    2.40816639    2.47823522    2.37397143    2.51496270    2.30984749    2.37185178    2.52725540    2.62328848    1.86275517    2.05675569    1.94514007    1.99288867    1.90386534    1.82098313    1.76985074    1.95515629    2.11380513    2.14498151    2.11563151    2.04612253    1.88535724    1.97613742    1.93324934    1.92822676    2.03239818    2.05796592    2.01554842    2.06408150    1.93272415    1.97562551    2.00997389    2.29433781    1.97723994    2.03017965    2.15057769    2.25923716    2.02158579    1.78441701    1.82670586    1.96170001    2.11811459    1.85997022    1.93091825    1.99006724    2.12018313    1.92659999    2.03862871    1.93748259    1.88553594    1.77822132    1.89421956    1.89180989    1.93152356    1.96305058    1.95178625    1.84927802    1.82787354    1.77985633    1.86344912    1.85697673    1.92824230    2.06382141    1.88209235    1.94209960    1.84530147    1.79501543    1.70000823    1.86373562    1.98509894    1.80732422    2.34663601    1.84250717    1.91859136
D2V9E5_NAEGR/14-375     2.21984756    2.46058956    3.07282601    2.19647273    1.97173939    2.17739952    1.95792865    2.42905988    2.46729733    2.89926350    2.71654284    2.53813590    2.70258376    1.41088113    0.00000000    2.55880767    2.82971160    2.57204342    2.74700340    2.75244803    2.71817817    2.46156985    2.74884913    3.38274438    3.23804939    2.58769275    2.03055001    1.99873668    2.80058074    2.40388880    2.20573303    2.22687100    2.40137807    2.23393523    2.15873053    2.61248810    2.29166576    2.47611708    2.23907278    2.84858018    2.94585315    2.94354581    2.89216614    2.66300492    2.09467949    2.13472678    2.21594697    2.18988007    2.46726081    2.32472683    2.32940827    2.52236926    2.45740425    2.49779659    2.54140445    2.49845149    2.44726877    2.39816730    2.25284038    2.42645782    2.48665272    2.41226392    2.26152267    2.24727444    2.36865723    2.62613548    1.99349192    2.35031904    2.19799655    2.33603770    2.07529080    2.20501523    2.08548979    2.24867574    2.33611082    2.25801078    2.29070089    2.20118203    1.90537593    2.05450866    2.00589922    2.08564235    2.21860612    2.23998558    2.12729354    2.15120189    2.24027868    2.13232824    2.16541457    2.30227615    2.12259361    2.18026356    2.28037360    2.03277022    2.13464405    1.91161182    2.12384278    2.02368629    2.23693287    2.15581881    2.23039938    2.17782211    2.13027557    2.14774117    2.35795627    2.11518655    2.17198075    1.81681747    2.13527726    2.12728686    2.08114441    2.03739264    2.08515778    2.02828159    2.13920034    2.10527070    1.98512660    2.02589412    2.07220871    2.13477113    2.12606229    2.15720817    2.05311270    2.02521758    1.95663578    1.96608986    2.12627977    1.96161766    2.62561804    2.07576351    2.22799635
SPNA_DICDI/88-446     1.95797956    2.71289820    2.95451500    2.78301819    1.67763508    2.16714586    1.95246153    2.92375384    2.38546334    3.09288968    2.30921036    2.90392578    2.84605840    2.60798324    2.55880767    0.00000000    2.66854978    2.75259700    3.13771916    2.91001754    2.92292985    3.01384383    2.63644916    3.71103810    3.13078778    2.58646978    2.52940900    2.01150948    2.88704522    2.48251029    2.37665212    2.39804991    2.19841576    2.16290258    1.97276152    2.77713058    2.46352855    2.03301879    2.04727087    2.63404487    2.30037599    2.28143733    2.19505316    2.38790810    2.12544416    2.23800548    2.19457388    2.27014281    2.36698273    2.25719915    2.23284983    2.33309474    2.49377901    2.42438124    2.62753601    2.74999952    2.48096575    2.50175884    2.71597379    2.64904875    2.64840429    2.60465254    2.53460098    2.43707138    2.53540186    2.59495930    2.09910431    2.60957440    2.29747873    1.98968476    1.88332627    1.73437193    2.04338774    2.30426184    2.07327246    2.08892307    2.11961239    1.98512925    1.96288421    2.06117871    2.12231368    1.91933442    1.93442822    1.94245418    1.87225076    1.91933270    2.00915976    2.24595417    2.18788808    2.26326506    2.21216398    2.14011883    2.24191937    2.16373263    1.85831065    1.96979502    1.85140734    2.27928517    2.01486729    2.05416366    1.90742612    2.11913457    2.06254777    1.99282096    2.29841217    1.80997450    1.99065904    1.89409467    1.95770770    1.86287806    2.07507302    1.79871332    1.81643621    1.84535027    1.85712062    1.85339594    1.83059838    1.83707873    1.79144796    1.84442651    1.73506485    1.75156355    1.98183613    1.83630880    1.70919325    2.06084034    1.96719543    2.09906937    2.27763074    1.83158651    2.13654946
D2VMG2_NAEGR/785-1229     2.51158614    2.92452549    3.75561991    3.03698946    2.46478169    2.81699063    2.43818187    2.85735949    3.33949983    3.81036308    3.27869345    3.48868395    3.22232275    3.20315550    2.82971160    2.66854978    0.00000000    2.77777841    3.53102403    2.87517283    3.05425483    3.14576844    3.14591406    3.49771943    3.92212694    3.11099218    2.70802356    2.46449797    3.50870245    3.08394631    2.57401261    2.60654767    2.62776169    2.60178322    2.77955754    2.78287991    2.81145295    2.51953977    2.79593835    2.78412966    3.01700141    2.94126822    3.08655643    2.85884561    2.34615504    2.97001496    2.76534757    2.65903853    2.82328741    2.66322369    2.60349206    2.55422791    2.86759582    2.99912327    3.02570061    3.10641966    2.77978276    2.81209414    2.84044196    2.84066349    2.85125347    2.88674472    3.08567482    2.90976996    2.87612497    3.26758362    2.53872672    2.58060364    2.43578931    2.59390423    2.46729805    2.31655000    2.58427548    2.90057423    2.65915515    2.95066770    2.74930016    2.77603739    2.44861085    2.38961264    2.37124220    2.48686550    2.47354064    2.54006067    2.56986586    2.49795209    2.39742762    2.47432786    2.48922367    2.57087241    2.61269738    2.43778464    2.46771261    2.45017866    2.31455632    2.38273038    2.29320077    2.50005518    2.41234533    2.29944282    2.36046183    2.34727785    2.43036447    2.37374191    3.04509310    2.59938223    2.46967466    2.26171416    2.40447909    2.41426494    2.29229520    2.24030652    2.40075826    2.38834869    2.45455913    2.48558484    2.21261415    2.25025872    2.20529700    2.43296605    2.40392134    2.32824669    2.44431409    2.24028067    2.41619805    2.76771642    2.37798843    2.55555189    2.99690521    2.28623935    2.69478451
D2VIU7_NAEGR/155-551     2.32174216    2.50473483    3.20359274    2.59161661    2.16353566    2.29989197    1.97691989    2.80866914    2.87807230    3.61562776    2.31194269    2.42569763    3.19266823    2.88258423    2.57204342    2.75259700    2.77777841    0.00000000    2.99590481    2.84037025    2.81388112    3.00496988    2.97386205    3.66820404    3.13983942    2.90088677    2.52585226    2.36353098    3.18560029    2.71170345    2.35735330    2.33877965    2.21799319    2.41423995    2.16443941    2.79137843    2.70379643    2.43039804    2.32841179    2.98807457    2.71426321    2.71214778    2.73829039    2.60900160    2.33255265    2.47520076    2.56228810    2.56167193    2.48451201    2.53085124    2.43098702    2.48317373    2.53159213    2.47815845    2.59945427    2.41635694    2.26363338    2.76289157    2.58197085    2.62427594    2.77552541    2.68321529    2.50541436    2.52862830    2.64436212    2.87315184    2.23878712    2.50260484    2.38995334    2.13672419    1.98000139    2.14539710    2.30964644    2.54211633    2.33654903    2.36680332    2.37066046    2.14468755    2.28823901    2.19441849    2.02609834    2.33867233    2.17652664    2.23814735    2.22527066    2.23555390    2.27467726    2.16013280    2.16608586    2.51597710    2.42859352    2.45565530    2.14680913    2.24734182    1.96964735    1.99275336    2.11898863    2.27742568    2.19435571    2.14071704    2.12107347    2.22059661    2.23731179    2.20718090    2.47072358    2.31365429    2.42780084    2.02197600    2.11404062    2.14845527    2.23156682    2.10156255    2.10459404    2.05018988    2.07584401    2.05010261    2.03705694    2.05442201    2.07508718    2.12248939    2.09919881    1.93350149    1.98570256    2.15822164    2.07464376    2.42127810    2.35715355    2.24714513    2.66464750    2.10036417    2.20474481
D2VG73_NAEGR/42-397     2.39787127    2.69965413    3.29712866    2.33411630    2.30410675    2.54962292    2.31965380    3.18037141    2.52149383    3.45562054    2.69105718    2.59327342    2.88247927    2.72793960    2.74700340    3.13771916    3.53102403    2.99590481    0.00000000    2.07979884    2.01585405    2.35468598    2.42140056    3.42592843    3.07799472    2.68937641    2.76850809    2.44248812    3.01325705    2.91282685    2.63736931    2.91498981    2.45198264    2.32589118    2.42687759    2.71669202    2.99681618    2.61042219    2.71503568    3.24784585    3.30660803    3.45089716    3.16560649    3.15957976    2.96822041    2.36193700    2.46141330    2.59629103    2.61576670    2.41598105    2.42605998    2.83697124    2.49119453    2.84977872    2.57109328    2.52387412    2.29575263    2.42318284    2.41943469    2.62107689    2.58061096    2.64662984    2.28525930    2.51551882    2.53520902    2.97351462    2.44574088    3.06614046    2.56854899    2.28776985    2.61969622    2.36858626    2.21677594    2.67724170    2.70504648    2.75916640    2.76826449    2.84379924    2.24068964    2.32290827    2.47504547    2.28167917    2.31666627    2.38868448    2.33661958    2.43173491    2.49472278    2.49424676    2.29700808    2.38407173    2.58470211    2.57933517    2.54769799    2.32773374    2.38104560    2.34703179    2.58054236    2.52337356    2.94242635    2.68693491    2.54885211    2.71853109    2.63408177    2.67043792    2.88189933    2.54532553    2.44088208    2.43434583    2.55866068    2.35320713    2.44177964    2.40115547    2.48389209    2.30832975    2.44656429    2.40872515    2.46329346    2.41335631    2.36891566    2.60218604    2.39377435    2.44143223    2.25660963    2.42192360    2.55479902    2.59840052    2.57327456    2.49936300    3.09642529    2.44299370    2.48579733
D2VVW3_NAEGR/15-359     2.30567437    2.83656952    3.40093974    2.60949614    2.02328624    2.38366469    1.91997420    2.81213511    2.75399069    3.43228548    2.76782861    2.39706537    2.85530059    2.82363962    2.75244803    2.91001754    2.87517283    2.84037025    2.07979884    0.00000000    0.24255522    2.22087321    2.58009736    3.97229639    3.24848218    2.65373286    2.73065027    2.31762006    2.79207835    2.76460628    2.34461099    2.40450645    2.22992249    2.22904503    2.37803931    2.77028609    3.11985908    2.95028258    2.58221315    2.83223377    3.11947461    3.19959781    2.71913018    2.56119030    2.23641721    2.43123910    2.22225651    2.50465288    2.41736460    2.52402024    2.46825478    2.71420553    2.59140538    2.73393624    2.55540298    2.58117238    2.60442884    2.71097180    2.70141972    2.48179057    2.67939116    2.62760159    2.78780623    2.76059680    2.79259673    2.85417245    2.18697122    2.48163817    2.46839600    2.00051245    2.12078647    2.24314427    2.39466071    2.59988249    2.56141565    2.62775167    2.47994020    2.61427386    2.20339915    2.26192024    2.22740107    2.13477959    1.94663974    1.96632938    1.95951052    1.98025572    1.94302149    2.07724163    2.01801142    2.51494076    2.25241533    2.58065240    2.20605831    2.24085966    2.18040917    2.07263748    2.25580219    2.34347166    2.09492803    2.31194610    2.50449443    2.27858908    2.61320045    2.54874419    2.71889519    2.29638618    2.21385454    2.26373634    2.17689637    2.25236667    2.43849232    2.25506224    2.28465958    2.15511644    2.28813802    2.16935184    2.39705658    2.30646421    2.36231254    2.31686926    2.31013269    2.42165722    2.08231412    2.39082940    2.01596871    2.49053214    2.25721023    2.33202784    2.73322017    2.26279221    2.12441030
D2VP86_NAEGR/13-363     2.38789010    2.77776969    3.37107502    2.59330010    2.01318858    2.48012561    2.00037903    2.95811294    2.88784151    3.24964366    2.66866632    2.40845409    3.11368160    3.00691928    2.71817817    2.92292985    3.05425483    2.81388112    2.01585405    0.24255522    0.00000000    2.25271106    2.41799494    3.83378372    3.29654753    2.64776565    2.66221215    2.24025256    2.72452523    2.92623433    2.50552629    2.59437942    2.19696391    2.16252338    2.41334995    2.71713132    3.07905074    2.66675359    2.79849871    3.04329949    3.24874249    3.14091205    2.82333014    2.74364869    2.40857671    2.27352288    2.29751159    2.67534945    2.57442104    2.54736215    2.39213743    2.61805596    2.53577455    2.75196535    2.52226248    2.67114414    2.59457714    2.66469591    2.76261476    2.44240946    2.56817422    2.58005736    2.66220193    2.69308016    2.71191388    2.83322049    2.23928341    2.58385576    2.44407629    1.99898982    2.29197328    2.20532122    2.28777196    2.55514549    2.34668969    2.41799730    2.43619754    2.43643338    2.16002518    2.27707161    2.31350411    2.15128776    1.94499153    2.00174521    1.97210656    2.03263977    1.95077220    2.14379307    1.98010617    2.55096439    2.33001863    2.68313442    2.32324942    2.20326092    2.16769923    2.14975180    2.34569515    2.40021193    2.10938670    2.29874771    2.53308950    2.42516367    2.63112929    2.57981191    2.89210245    2.44677934    2.42644299    2.18298740    2.24806958    2.35053665    2.35461583    2.24943253    2.32278271    2.16581269    2.28668723    2.20564438    2.46331027    2.30113860    2.38258009    2.33089649    2.33419750    2.42459578    2.05360257    2.38430310    2.04850083    2.34736436    2.35751334    2.23503953    2.70903274    2.27099060    2.29637911
