27
Y1150_ARATH/206-313     0.00000000    0.56629808    0.56991164    0.89552936    0.78907787    0.67786744    0.83563489    0.73251635    0.61072054    1.84648638    1.76185972    1.66112079    1.62693595    1.93516514    2.17770376    1.66159957    1.82056213    1.43109463    1.56067337    1.81435819    1.82162126    1.57158221    1.72002623    1.85714114    1.59259685    0.72819252    0.40004820
Y1649_ARATH/205-312     0.56629808    0.00000000    0.48732879    0.93421339    0.81285526    0.75488596    0.80891012    0.54316478    0.52004155    1.69219459    1.85319953    1.76887930    1.87993945    2.17009323    2.29414096    1.82568111    1.73301534    1.58881347    1.73226498    1.90538328    1.75522805    1.61718291    1.84896447    1.87101256    1.57697562    0.70378829    0.37294558
Y1643_ARATH/205-311     0.56991164    0.48732879    0.00000000    1.04740987    0.95095219    0.86210505    1.00153335    0.80473618    0.55133736    1.97793802    2.05747004    1.90950712    1.89921204    2.15856176    2.01255173    2.02296861    1.80229544    1.71196094    1.77087372    1.82575553    1.91073788    1.65331430    1.71902838    1.89973217    1.67075742    0.72898850    0.47811822
Y1137_ARATH/206-316     0.89552936    0.93421339    1.04740987    0.00000000    0.76263791    0.60998405    0.64961446    0.87246407    0.91592494    2.25788326    1.82886991    1.61648706    1.80373169    2.05293475    1.84390757    1.91345699    1.68283839    1.63346755    2.05293168    2.05770687    1.93536776    1.88704429    1.88827207    1.98819129    1.57422271    0.83600148    0.66831302
Y1136_ARATH/201-310     0.78907787    0.81285526    0.95095219    0.76263791    0.00000000    0.61333316    0.62633782    0.88837930    0.78431410    1.91485945    1.59454148    1.69013300    1.63045593    2.33787594    2.47804873    2.01892191    1.96441544    1.68682161    1.69877161    1.90018736    1.96085531    1.74714629    1.65012752    1.95395210    1.76265152    1.03397667    0.66789329
Y1639_ARATH/223-332     0.67786744    0.75488596    0.86210505    0.60998405    0.61333316    0.00000000    0.29816962    0.74645601    0.72783225    1.97899615    1.51799042    1.61952084    1.58176438    1.91392547    1.91908962    1.72648007    1.71442617    1.47521013    1.54871779    1.62495204    1.45030886    1.62465663    1.49154789    1.80800066    1.58319447    0.91557275    0.58156569
SD129_ARATH/202-311     0.83563489    0.80891012    1.00153335    0.64961446    0.62633782    0.29816962    0.00000000    0.81697360    0.79947874    1.85608385    1.73336077    1.89582469    1.63439815    2.13377958    2.06072571    1.79566541    1.61688287    1.69336475    1.78185172    1.75985440    1.80656759    1.67151015    1.71490335    1.82769577    1.70395960    1.02699588    0.66673224
Y1112_ARATH/209-317     0.73251635    0.54316478    0.80473618    0.87246407    0.88837930    0.74645601    0.81697360    0.00000000    0.57829809    1.75278791    2.01573842    2.05939801    1.90587353    2.05832041    2.19849483    2.03740032    1.82741192    1.74581210    1.80589930    2.00622874    1.79544025    1.83543071    1.66452769    1.92992201    1.85097741    0.92450513    0.64496215
Y1155_ARATH/200-307     0.61072054    0.52004155    0.55133736    0.91592494    0.78431410    0.72783225    0.79947874    0.57829809    0.00000000    1.93913185    1.65648024    1.64063292    1.74905545    2.26979304    2.13980501    1.98780614    1.73801628    1.69372181    1.72710398    1.79472201    1.83606090    1.59871428    1.71242201    2.09386673    1.73707647    0.69588376    0.44902632
Y1661_ARATH/212-329     1.84648638    1.69219459    1.97793802    2.25788326    1.91485945    1.97899615    1.85608385    1.75278791    1.93913185    0.00000000    1.47543104    1.67558595    1.49507145    2.20973143    2.05208139    1.73085990    2.09437865    1.68549095    1.84057947    1.96671096    1.74789308    1.60270865    1.60933512    1.87471538    1.77097432    2.11996209    1.86589144
Y1130_ARATH/215-324     1.76185972    1.85319953    2.05747004    1.82886991    1.59454148    1.51799042    1.73336077    2.01573842    1.65648024    1.47543104    0.00000000    0.92158835    0.90549846    2.09736647    2.02475961    1.69083899    1.62344502    1.40436790    1.71825740    1.54519643    1.54326273    1.79670371    1.71401403    1.75647316    1.56462379    1.97057934    1.75534929
SD113_ARATH/208-319     1.66112079    1.76887930    1.90950712    1.61648706    1.69013300    1.61952084    1.89582469    2.05939801    1.64063292    1.67558595    0.92158835    0.00000000    0.75217075    2.19159940    1.63882417    1.85334880    1.62425696    1.43992370    1.61331882    1.77691567    1.53972432    1.65653770    1.54080045    1.73088858    1.72910564    1.84605509    1.54788589
Y1133_ARATH/219-328     1.62693595    1.87993945    1.89921204    1.80373169    1.63045593    1.58176438    1.63439815    1.90587353    1.74905545    1.49507145    0.90549846    0.75217075    0.00000000    2.23935787    1.89543083    2.00373985    1.93501967    1.74239202    1.76013805    1.97929114    1.81601852    1.86794548    1.42814535    1.93384150    1.54808970    1.90660106    1.61119088
Y4230_ARATH/210-319     1.93516514    2.17009323    2.15856176    2.05293475    2.33787594    1.91392547    2.13377958    2.05832041    2.26979304    2.20973143    2.09736647    2.19159940    2.23935787    0.00000000    1.80360966    1.56421016    1.80870866    1.47280545    1.69262305    1.65362718    1.72715459    1.93089869    2.09164769    1.79849904    2.17714440    2.57861192    2.09727242
Y4119_ARATH/238-346     2.17770376    2.29414096    2.01255173    1.84390757    2.47804873    1.91908962    2.06072571    2.19849483    2.13980501    2.05208139    2.02475961    1.63882417    1.89543083    1.80360966    0.00000000    1.20470203    1.82997171    1.66393766    1.79514461    1.92196426    1.74256385    1.79037914    2.13100089    2.05031954    1.65828727    2.27553353    2.07761858
Y2913_ARATH/209-320     1.66159957    1.82568111    2.02296861    1.91345699    2.01892191    1.72648007    1.79566541    2.03740032    1.98780614    1.73085990    1.69083899    1.85334880    2.00373985    1.56421016    1.20470203    0.00000000    1.50214260    1.40775352    1.60045340    1.78118114    1.58553842    1.64751149    1.98405763    1.34519846    1.59042958    2.38984708    1.72617748
SD11_ARATH/214-324     1.82056213    1.73301534    1.80229544    1.68283839    1.96441544    1.71442617    1.61688287    1.82741192    1.73801628    2.09437865    1.62344502    1.62425696    1.93501967    1.80870866    1.82997171    1.50214260    0.00000000    1.16942179    1.43190470    1.56868784    1.29099385    1.27491689    1.42821432    1.31779654    1.26863919    1.84083677    1.71026157
M4DAL2_BRARP/213-322     1.43109463    1.58881347    1.71196094    1.63346755    1.68682161    1.47521013    1.69336475    1.74581210    1.69372181    1.68549095    1.40436790    1.43992370    1.74239202    1.47280545    1.66393766    1.40775352    1.16942179    0.00000000    0.47484231    0.62825235    0.55682464    0.75355159    1.00616994    1.16407508    1.18296108    1.86067060    1.53087713
SD16_ARATH/216-325     1.56067337    1.73226498    1.77087372    2.05293168    1.69877161    1.54871779    1.78185172    1.80589930    1.72710398    1.84057947    1.71825740    1.61331882    1.76013805    1.69262305    1.79514461    1.60045340    1.43190470    0.47484231    0.00000000    0.53649991    0.40291441    0.88265747    1.13512501    1.27618663    1.38370830    2.03874154    1.66469840
M4CIU6_BRARP/51-158     1.81435819    1.90538328    1.82575553    2.05770687    1.90018736    1.62495204    1.75985440    2.00622874    1.79472201    1.96671096    1.54519643    1.77691567    1.97929114    1.65362718    1.92196426    1.78118114    1.56868784    0.62825235    0.53649991    0.00000000    0.56510182    1.09133781    1.37580634    1.32907473    1.37229703    2.00177486    1.85585885
SD17_ARATH/211-320     1.82162126    1.75522805    1.91073788    1.93536776    1.96085531    1.45030886    1.80656759    1.79544025    1.83606090    1.74789308    1.54326273    1.53972432    1.81601852    1.72715459    1.74256385    1.58553842    1.29099385    0.55682464    0.40291441    0.56510182    0.00000000    0.85067072    1.16444867    1.46286304    1.31416647    2.08981845    1.81523450
PSRK_ARATH/218-326     1.57158221    1.61718291    1.65331430    1.88704429    1.74714629    1.62465663    1.67151015    1.83543071    1.59871428    1.60270865    1.79670371    1.65653770    1.86794548    1.93089869    1.79037914    1.64751149    1.27491689    0.75355159    0.88265747    1.09133781    0.85067072    0.00000000    0.69095605    1.22161599    1.35572806    1.86020657    1.47065663
Q9LHM1_ARATH/223-335     1.72002623    1.84896447    1.71902838    1.88827207    1.65012752    1.49154789    1.71490335    1.66452769    1.71242201    1.60933512    1.71401403    1.54080045    1.42814535    2.09164769    2.13100089    1.98405763    1.42821432    1.00616994    1.13512501    1.37580634    1.16444867    0.69095605    0.00000000    1.45072755    1.56220095    1.77470867    1.67208171
RKS1_ARATH/205-316     1.85714114    1.87101256    1.89973217    1.98819129    1.95395210    1.80800066    1.82769577    1.92992201    2.09386673    1.87471538    1.75647316    1.73088858    1.93384150    1.79849904    2.05031954    1.34519846    1.31779654    1.16407508    1.27618663    1.32907473    1.46286304    1.22161599    1.45072755    0.00000000    1.32567425    2.00740573    1.79135983
Y4729_ARATH/212-321     1.59259685    1.57697562    1.67075742    1.57422271    1.76265152    1.58319447    1.70395960    1.85097741    1.73707647    1.77097432    1.56462379    1.72910564    1.54808970    2.17714440    1.65828727    1.59042958    1.26863919    1.18296108    1.38370830    1.37229703    1.31416647    1.35572806    1.56220095    1.32567425    0.00000000    1.94537071    1.53345521
Y1142_ARATH/205-312     0.72819252    0.70378829    0.72898850    0.83600148    1.03397667    0.91557275    1.02699588    0.92450513    0.69588376    2.11996209    1.97057934    1.84605509    1.90660106    2.57861192    2.27553353    2.38984708    1.84083677    1.86067060    2.03874154    2.00177486    2.08981845    1.86020657    1.77470867    2.00740573    1.94537071    0.00000000    0.49689496
Y1148_ARATH/205-312     0.40004820    0.37294558    0.47811822    0.66831302    0.66789329    0.58156569    0.66673224    0.64496215    0.44902632    1.86589144    1.75534929    1.54788589    1.61119088    2.09727242    2.07761858    1.72617748    1.71026157    1.53087713    1.66469840    1.85585885    1.81523450    1.47065663    1.67208171    1.79135983    1.53345521    0.49689496    0.00000000

