16
THN23_ARATH/26-71     0.00000000    0.39518259    2.31307508    1.70720244    1.74966666    1.92763495    1.79056655    1.73416229    1.99856701    1.86109924    1.84130459    2.18077494    1.71889628    1.89466805    2.07721715    1.99036890
D7L3I3_ARALL/29-73     0.39518259    0.00000000    2.09540772    1.74554242    1.68274777    2.12531955    1.98812034    2.23613644    1.96074154    2.13362689    2.08740938    2.12914778    1.96862138    2.11091173    2.06701514    1.76136994
A0A3B6LVS0_WHEAT/43-85     2.31307508    2.09540772    0.00000000    1.36912099    1.27796002    1.88029399    1.99896819    2.32072320    1.94539502    1.58929341    2.19305143    1.96025217    1.57280945    1.64843149    1.12645090    1.38245873
I1H3P1_BRADI/29-74     1.70720244    1.74554242    1.36912099    0.00000000    0.24280705    1.24394826    1.74214800    1.91974438    1.40796536    1.50858027    1.13668377    1.38553854    0.85306590    0.81592874    0.95729072    1.03702849
I1H3P2_BRADI/29-73     1.74966666    1.68274777    1.27796002    0.24280705    0.00000000    1.18589288    1.55128930    1.97534418    1.52185315    1.63949637    1.20574965    1.38561714    0.79635660    0.81743183    0.95745169    1.03842180
THN_BRARP/25-70     1.92763495    2.12531955    1.88029399    1.24394826    1.18589288    0.00000000    0.99730579    0.94104607    1.08872149    1.05573388    0.60596332    0.90399196    0.96155257    0.71854887    1.18083228    1.31632590
D7MI46_ARALL/26-70     1.79056655    1.98812034    1.99896819    1.74214800    1.55128930    0.99730579    0.00000000    0.88448838    1.19543094    1.08810312    1.27224175    1.35120914    1.65799880    1.61389422    1.72152146    2.04414240
THN22_ARATH/25-70     1.73416229    2.23613644    2.32072320    1.91974438    1.97534418    0.94104607    0.88448838    0.00000000    0.99543362    1.18057962    1.70779599    1.98525535    1.75153858    1.51485827    1.75292639    2.33532826
THN24_ARATH/25-70     1.99856701    1.96074154    1.94539502    1.40796536    1.52185315    1.08872149    1.19543094    0.99543362    0.00000000    0.89019308    1.44514168    1.57300292    1.21010020    1.47541913    1.31244303    1.63003008
THN21_ARATH/25-67     1.86109924    2.13362689    1.58929341    1.50858027    1.63949637    1.05573388    1.08810312    1.18057962    0.89019308    0.00000000    1.07076378    1.24622484    1.12495400    1.13939553    1.24546082    1.51061050
A0A0D3GH80_9ORYZ/28-72     1.84130459    2.08740938    2.19305143    1.13668377    1.20574965    0.60596332    1.27224175    1.70779599    1.44514168    1.07076378    0.00000000    0.51868265    0.88479136    0.66816451    1.32295685    1.36886684
C5WS97_SORBI/29-71     2.18077494    2.12914778    1.96025217    1.38553854    1.38561714    0.90399196    1.35120914    1.98525535    1.57300292    1.24622484    0.51868265    0.00000000    0.79465195    0.80117986    1.42976541    1.44117813
I1H3Q0_BRADI/29-73     1.71889628    1.96862138    1.57280945    0.85306590    0.79635660    0.96155257    1.65799880    1.75153858    1.21010020    1.12495400    0.88479136    0.79465195    0.00000000    0.47847586    0.83904309    1.08535582
I1H3Q6_BRADI/29-73     1.89466805    2.11091173    1.64843149    0.81592874    0.81743183    0.71854887    1.61389422    1.51485827    1.47541913    1.13939553    0.66816451    0.80117986    0.47847586    0.00000000    0.80485853    0.97953491
M7YXV1_TRIUA/32-76     2.07721715    2.06701514    1.12645090    0.95729072    0.95745169    1.18083228    1.72152146    1.75292639    1.31244303    1.24546082    1.32295685    1.42976541    0.83904309    0.80485853    0.00000000    0.39655643
T1MWT7_TRIUA/27-72     1.99036890    1.76136994    1.38245873    1.03702849    1.03842180    1.31632590    2.04414240    2.33532826    1.63003008    1.51061050    1.36886684    1.44117813    1.08535582    0.97953491    0.39655643    0.00000000

