55
H2YZJ8_CIOSA/12-342     0.00000000    0.40137744    0.33695868    0.38919499    0.44515838    0.39306326    0.43215945    0.33756484    0.38424611    0.38728223    0.34559884    0.36403661    0.64031290    0.65981580    0.71778254    0.71229002    0.71831932    0.98799974    0.76568094    0.72999320    0.76153984    0.84866724    0.64072824    0.89086843    0.91353027    0.74132198    0.71681036    0.70598478    0.68790609    0.69385750    0.58568884    0.55867711    0.61825760    0.55390834    0.59870045    0.56992120    0.61761280    0.54654689    0.59739058    0.72463887    0.72693431    0.76505583    0.43923803    0.57029167    0.52554605    0.57810008    0.63352717    0.65827857    0.69460505    0.73175667    0.51969067    0.57213148    0.53277253    0.42662021    0.38580060
T1EEL0_HELRO/111-441     0.40137744    0.00000000    0.34105037    0.36871366    0.42396010    0.38250765    0.39306368    0.35359795    0.34896952    0.33234238    0.34364232    0.37119594    0.61827403    0.63639461    0.68372645    0.66257459    0.71453774    0.93024488    0.72960994    0.67658334    0.71568529    0.87250590    0.72590345    1.01215406    1.02665563    0.84804639    0.80823539    0.78730721    0.74113684    0.78014157    0.61249731    0.50404406    0.56981653    0.52935128    0.57438618    0.51453871    0.61843946    0.54031021    0.58354375    0.66043690    0.70565114    0.70793394    0.43437383    0.55623432    0.52527738    0.51395836    0.63874199    0.70181881    0.73965371    0.69531090    0.52975070    0.57821772    0.58889792    0.39791553    0.38637620
C3ZNL0_BRAFL/119-449     0.33695868    0.34105037    0.00000000    0.32502467    0.41050404    0.32954189    0.39516963    0.29560745    0.31814508    0.30227036    0.31958304    0.32182624    0.57379699    0.60747296    0.64487874    0.65390696    0.69557095    0.93573875    0.73814251    0.70962331    0.70680469    0.83459557    0.68021083    0.96673711    0.95414174    0.74647647    0.69001541    0.70498802    0.64891238    0.67856459    0.60763932    0.49350019    0.56126761    0.52073167    0.56432604    0.49982581    0.59829327    0.53725870    0.56641153    0.65310015    0.74016222    0.79959546    0.39314116    0.50826997    0.41400744    0.46322974    0.57168591    0.66582558    0.65680328    0.67991618    0.51093801    0.51819251    0.53912300    0.37223259    0.35374952
K1QHH0_CRAGI/125-455     0.38919499    0.36871366    0.32502467    0.00000000    0.46061488    0.38840446    0.44473048    0.37205257    0.40187135    0.38453352    0.35001288    0.39279409    0.60651249    0.64319399    0.70034877    0.68839173    0.71221124    0.91844023    0.74449534    0.71871714    0.78262565    0.82022056    0.71044521    0.97768223    0.91808241    0.79098715    0.75926682    0.73471592    0.69731085    0.72788925    0.62068805    0.52220812    0.53459772    0.51975087    0.57026073    0.52464892    0.60944954    0.51458616    0.58760307    0.67643828    0.71902744    0.74595019    0.47971718    0.62345905    0.49195680    0.55390961    0.56457878    0.66616157    0.67432540    0.69862125    0.47891540    0.53876724    0.50806384    0.44494079    0.43730910
A0A2H2IGP9_CAEJA/119-449     0.44515838    0.42396010    0.41050404    0.46061488    0.00000000    0.39985689    0.47175166    0.43823173    0.44902819    0.47344069    0.43616771    0.43288914    0.70542497    0.66316600    0.71861451    0.68959213    0.73789792    0.95663542    0.78827976    0.76157158    0.77436467    0.84349988    0.77767466    0.98401939    0.95322964    0.73510630    0.72397879    0.71538409    0.76122738    0.76025907    0.69974004    0.59251988    0.59001068    0.61148939    0.65099411    0.59140490    0.67063464    0.60652132    0.65140294    0.75373987    0.77081949    0.76377802    0.50930625    0.58069888    0.58299601    0.59368677    0.60412860    0.63419562    0.71508648    0.73550567    0.57860815    0.59496542    0.55662430    0.50772071    0.49627480
T1K2B2_TETUR/110-440     0.39306326    0.38250765    0.32954189    0.38840446    0.39985689    0.00000000    0.41029318    0.31121016    0.34051684    0.38714687    0.35144033    0.40083466    0.58923118    0.65488879    0.70493713    0.67860761    0.70469275    0.91087995    0.74772823    0.70515451    0.77895276    0.86735992    0.68429624    0.93952481    0.95226413    0.77943605    0.75220023    0.67002463    0.68375449    0.69986421    0.62299875    0.52962040    0.59315020    0.55827275    0.55632781    0.56174861    0.64720042    0.58940731    0.60635334    0.69161125    0.78302888    0.77277089    0.47127166    0.58527047    0.49911781    0.52156805    0.61110713    0.69813857    0.72594816    0.73951825    0.53089286    0.56853470    0.53582753    0.44028031    0.42636274
J9K4Q2_ACYPI/119-449     0.43215945    0.39306368    0.39516963    0.44473048    0.47175166    0.41029318    0.00000000    0.25114414    0.31318429    0.33255313    0.36766880    0.39464260    0.66451792    0.66820317    0.70050998    0.72329342    0.71022890    0.89594951    0.71604627    0.70803205    0.71863373    0.82652445    0.72516139    0.98779457    0.94600745    0.78144839    0.72405812    0.70249142    0.74177462    0.78428683    0.63194384    0.55472251    0.55980956    0.52803774    0.61452108    0.58283181    0.55537389    0.59191778    0.61928183    0.70518765    0.78811826    0.76617091    0.44295964    0.54377946    0.53744275    0.57307297    0.61550201    0.67274526    0.74542106    0.69815891    0.58320295    0.60856805    0.56336181    0.43104346    0.40950271
E0VT40_PEDHC/101-431     0.33756484    0.35359795    0.29560745    0.37205257    0.43823173    0.31121016    0.25114414    0.00000000    0.26020469    0.26678368    0.26518101    0.33757483    0.59435871    0.64142934    0.67464825    0.68522193    0.68479718    0.90742142    0.70544879    0.67991078    0.72181541    0.81387975    0.69767110    0.91236828    0.90297816    0.70524019    0.65653432    0.63064894    0.67187565    0.70718702    0.62203229    0.49430319    0.53501763    0.49805193    0.58290352    0.47283319    0.57281666    0.50428330    0.57379254    0.67778574    0.75375376    0.76604827    0.40678889    0.54088265    0.48030055    0.55090323    0.62496110    0.65210600    0.66938062    0.68959870    0.51703322    0.55705140    0.51021137    0.36967334    0.39164691
D6WIQ7_TRICA/129-459     0.38424611    0.34896952    0.31814508    0.40187135    0.44902819    0.34051684    0.31318429    0.26020469    0.00000000    0.24843073    0.29737818    0.38595684    0.59392908    0.61748580    0.67055844    0.66957729    0.69760171    0.91235206    0.71887558    0.71422875    0.76410073    0.84194471    0.68147713    0.98744026    0.94626382    0.71875482    0.69120739    0.65567787    0.66571146    0.73789630    0.58023137    0.54023290    0.56920941    0.53058602    0.58722499    0.52556813    0.55612869    0.52191967    0.59235000    0.71960699    0.76956045    0.72608914    0.44342731    0.55209398    0.49485211    0.48026466    0.60483482    0.67794078    0.70362645    0.68467707    0.56059451    0.57624223    0.58123785    0.38979382    0.39481649
B4HIV9_DROSE/118-448     0.38728223    0.33234238    0.30227036    0.38453352    0.47344069    0.38714687    0.33255313    0.26678368    0.24843073    0.00000000    0.31826090    0.38764401    0.63050126    0.66132254    0.69265131    0.68228562    0.70330116    0.96274244    0.72786158    0.74305901    0.78213937    0.80626940    0.69866171    0.98130289    0.94313389    0.75669456    0.70620363    0.70144934    0.73482775    0.78746902    0.61447227    0.55901901    0.59181887    0.56529798    0.65065919    0.55672343    0.57845014    0.56763624    0.61563160    0.73048318    0.77376873    0.82668449    0.40952481    0.55833207    0.52311435    0.53204172    0.61492310    0.68938955    0.71535827    0.71056672    0.53582439    0.54213654    0.58539424    0.37520051    0.41855304
E9FTL2_DAPPU/93-423     0.34559884    0.34364232    0.31958304    0.35001288    0.43616771    0.35144033    0.36766880    0.26518101    0.29737818    0.31826090    0.00000000    0.33213943    0.63756078    0.62528138    0.66962751    0.67050707    0.69790136    0.91153790    0.74498635    0.69343979    0.72771127    0.86292990    0.72731530    0.93478988    0.94494698    0.70172667    0.68529201    0.65300787    0.66871514    0.73667865    0.64868606    0.50211313    0.57207801    0.56427802    0.57265242    0.52224901    0.62188926    0.57336670    0.58707489    0.71182194    0.77433602    0.78593761    0.48526092    0.61573459    0.47682979    0.53529738    0.62198700    0.66398815    0.68744088    0.65086430    0.52188213    0.47945472    0.48698449    0.41426268    0.41846177
A0A1X7VN82_AMPQE/113-443     0.36403661    0.37119594    0.32182624    0.39279409    0.43288914    0.40083466    0.39464260    0.33757483    0.38595684    0.38764401    0.33213943    0.00000000    0.68083080    0.71363210    0.72715407    0.73641784    0.73205992    0.93989287    0.75029841    0.73874066    0.75633632    0.84577938    0.64225696    0.97504153    0.99906645    0.75384832    0.76270144    0.73550982    0.70644448    0.78271025    0.65563435    0.53005548    0.57779853    0.53741184    0.57572894    0.52320701    0.61467022    0.52704652    0.60172734    0.68455750    0.78267545    0.74643586    0.47578101    0.59529368    0.53623438    0.59543843    0.67839396    0.72920818    0.76414732    0.69889771    0.58093485    0.55606061    0.53162312    0.42525051    0.39778810
B3DJW5_DANRE/156-486     0.64031290    0.61827403    0.57379699    0.60651249    0.70542497    0.58923118    0.66451792    0.59435871    0.59392908    0.63050126    0.63756078    0.68083080    0.00000000    0.28008761    0.32185751    0.39549019    0.40575843    0.59457207    0.48231593    0.46593247    0.49063350    0.63033494    0.54249045    0.83408777    0.74699401    0.59973325    0.61713017    0.60156064    0.53655663    0.48565622    0.44582732    0.57739458    0.66460404    0.63130828    0.60830442    0.63429750    0.67333599    0.65795055    0.66255356    0.75646446    0.74437498    0.79667681    0.61801234    0.71780140    0.62851618    0.67299589    0.77845958    0.86156307    0.83906328    0.89206813    0.67311952    0.71645915    0.72175513    0.55349366    0.60875421
G1N7B6_MELGA/158-488     0.65981580    0.63639461    0.60747296    0.64319399    0.66316600    0.65488879    0.66820317    0.64142934    0.61748580    0.66132254    0.62528138    0.71363210    0.28008761    0.00000000    0.23687597    0.37343914    0.40264841    0.55698005    0.43658875    0.40867098    0.44274017    0.62702081    0.53372308    0.76135281    0.73916100    0.61387363    0.60413610    0.59741177    0.55585350    0.53917412    0.46035104    0.57787315    0.63659722    0.63743657    0.58444621    0.67270457    0.66045672    0.66916633    0.65670325    0.75731145    0.76117403    0.82308293    0.61898359    0.73653756    0.65855628    0.65660296    0.77347906    0.85674726    0.84648912    0.84847346    0.72821324    0.73287651    0.72076394    0.58935964    0.60140694
G5C2F1_HETGA/165-489     0.71778254    0.68372645    0.64487874    0.70034877    0.71861451    0.70493713    0.70050998    0.67464825    0.67055844    0.69265131    0.66962751    0.72715407    0.32185751    0.23687597    0.00000000    0.45927514    0.45641681    0.65361042    0.54624275    0.50275284    0.55482953    0.68903554    0.61135334    0.86601134    0.81067200    0.58869443    0.62421370    0.60230765    0.59171316    0.55017485    0.49224704    0.59868623    0.67482087    0.67191765    0.59914868    0.69002617    0.72733801    0.70129617    0.68844772    0.80239208    0.83407700    0.83933731    0.68605601    0.80158350    0.71025626    0.73793263    0.81038992    0.87712583    0.88821412    0.88106748    0.77814962    0.77723490    0.77379716    0.64453846    0.63842139
I3KMV1_ORENI/169-499     0.71229002    0.66257459    0.65390696    0.68839173    0.68959213    0.67860761    0.72329342    0.68522193    0.66957729    0.68228562    0.67050707    0.73641784    0.39549019    0.37343914    0.45927514    0.00000000    0.22740929    0.45749548    0.38225113    0.35732551    0.37346612    0.68279251    0.60826071    0.82366754    0.75360077    0.63442474    0.61270876    0.61415466    0.62687135    0.56981846    0.50714151    0.68432940    0.68068659    0.65624688    0.64200378    0.66165089    0.67646559    0.71025951    0.70764367    0.78397684    0.76471429    0.78332182    0.64775826    0.80666751    0.71267144    0.66920587    0.77224020    0.84786047    0.85066387    0.86782729    0.72555582    0.76701236    0.75026478    0.68085392    0.70671822
W5L422_ASTMX/144-467     0.71831932    0.71453774    0.69557095    0.71221124    0.73789792    0.70469275    0.71022890    0.68479718    0.69760171    0.70330116    0.69790136    0.73205992    0.40575843    0.40264841    0.45641681    0.22740929    0.00000000    0.50556652    0.43049523    0.45010475    0.45582387    0.72947595    0.61019245    0.90111167    0.80166054    0.64954822    0.62962462    0.65774109    0.64380267    0.60860149    0.54445068    0.70810594    0.69687767    0.66929718    0.65960407    0.72706133    0.71978490    0.73358735    0.72909989    0.82740699    0.86744423    0.84102322    0.68181190    0.83027164    0.73953499    0.77522893    0.79287878    0.90058059    0.87950990    0.92657706    0.77525007    0.75628189    0.75439067    0.70119821    0.70343592
H3AW11_LATCH/88-422     0.98799974    0.93024488    0.93573875    0.91844023    0.95663542    0.91087995    0.89594951    0.90742142    0.91235206    0.96274244    0.91153790    0.93989287    0.59457207    0.55698005    0.65361042    0.45749548    0.50556652    0.00000000    0.50647921    0.46982489    0.47699664    0.97723202    0.83455600    1.12154329    1.01114194    0.93363399    0.90404099    0.91648260    0.85228934    0.83191502    0.71798842    0.89763371    0.90279594    0.82993000    0.84021982    0.90796554    0.94484252    0.94404880    0.91942293    1.02271145    0.97520285    1.03807700    0.88139662    1.08044635    0.95283457    0.97677508    0.96279670    1.08947165    1.07982211    1.10673089    1.00320171    1.00045533    0.98383048    0.90918789    0.91559043
G1KSP0_ANOCA/64-394     0.76568094    0.72960994    0.73814251    0.74449534    0.78827976    0.74772823    0.71604627    0.70544879    0.71887558    0.72786158    0.74498635    0.75029841    0.48231593    0.43658875    0.54624275    0.38225113    0.43049523    0.50647921    0.00000000    0.33981194    0.34943804    0.73897371    0.71109893    0.85257129    0.79481280    0.72377835    0.68761153    0.66362106    0.63452516    0.62683633    0.60809299    0.72530696    0.74772455    0.72447091    0.72488858    0.78911544    0.75714563    0.75780584    0.74082658    0.78942519    0.81990047    0.86470013    0.67621311    0.86397804    0.77649710    0.81689983    0.80431198    0.86993194    0.84904716    0.93583196    0.77605049    0.79423249    0.79156775    0.70383684    0.72942482
F6QUY4_ORNAN/21-335     0.72999320    0.67658334    0.70962331    0.71871714    0.76157158    0.70515451    0.70803205    0.67991078    0.71422875    0.74305901    0.69343979    0.73874066    0.46593247    0.40867098    0.50275284    0.35732551    0.45010475    0.46982489    0.33981194    0.00000000    0.25358692    0.71805661    0.62903734    0.83795111    0.81252143    0.68480179    0.67640309    0.66405024    0.60347290    0.62205348    0.56904416    0.68141892    0.76659880    0.68542825    0.71267477    0.73635300    0.76043925    0.77250029    0.73766805    0.80295529    0.81506701    0.84084654    0.69177404    0.84558579    0.71866081    0.73924088    0.81377031    0.89958231    0.92816059    0.94227994    0.76918108    0.77169343    0.75566983    0.65703855    0.72981150
U3ITA2_ANAPP/126-454     0.76153984    0.71568529    0.70680469    0.78262565    0.77436467    0.77895276    0.71863373    0.72181541    0.76410073    0.78213937    0.72771127    0.75633632    0.49063350    0.44274017    0.55482953    0.37346612    0.45582387    0.47699664    0.34943804    0.25358692    0.00000000    0.76147130    0.69202445    0.90464440    0.85670698    0.75575778    0.72039113    0.74744269    0.67580713    0.66027667    0.59983811    0.68909979    0.79094093    0.72091902    0.67934392    0.74980142    0.77599912    0.82021590    0.73233404    0.85246166    0.86396173    0.89712317    0.74866555    0.87559524    0.76461646    0.77920589    0.86980819    0.93497879    0.94122029    0.94052962    0.81548448    0.85526422    0.80087859    0.69487977    0.73735974
T1FYT6_HELRO/1-330     0.84866724    0.87250590    0.83459557    0.82022056    0.84349988    0.86735992    0.82652445    0.81387975    0.84194471    0.80626940    0.86292990    0.84577938    0.63033494    0.62702081    0.68903554    0.68279251    0.72947595    0.97723202    0.73897371    0.71805661    0.76147130    0.00000000    0.63831145    0.98458527    0.93189144    0.75229352    0.74593557    0.71802702    0.67605351    0.71223326    0.62980639    0.83081739    0.83213770    0.85925826    0.84110443    0.85697207    0.92084433    0.90447540    0.84501706    0.94597493    0.95646465    1.04476383    0.84070677    0.91127147    0.88698819    0.87026907    0.89309105    0.97243686    0.98289382    1.02697497    0.86936542    0.90260607    0.85518307    0.78565366    0.83026786
K1QYX8_CRAGI/178-508     0.64072824    0.72590345    0.68021083    0.71044521    0.77767466    0.68429624    0.72516139    0.69767110    0.68147713    0.69866171    0.72731530    0.64225696    0.54249045    0.53372308    0.61135334    0.60826071    0.61019245    0.83455600    0.71109893    0.62903734    0.69202445    0.63831145    0.00000000    0.93105110    0.78656783    0.65911283    0.70009385    0.61574449    0.53658440    0.60133914    0.56300424    0.68942384    0.73042133    0.67593667    0.73293486    0.69343625    0.70760989    0.71466418    0.70094573    0.83326299    0.85537870    0.87516568    0.71989926    0.85127315    0.75922070    0.78170522    0.80933890    0.91301159    0.96118905    0.95388873    0.74091858    0.80084847    0.79945140    0.66361594    0.73127523
A0A1I7VLI9_LOALO/167-497     0.89086843    1.01215406    0.96673711    0.97768223    0.98401939    0.93952481    0.98779457    0.91236828    0.98744026    0.98130289    0.93478988    0.97504153    0.83408777    0.76135281    0.86601134    0.82366754    0.90111167    1.12154329    0.85257129    0.83795111    0.90464440    0.98458527    0.93105110    0.00000000    0.55598854    0.78921709    0.85256196    0.76534030    0.80850245    0.86398397    0.81208010    0.94194570    0.98921408    1.00182700    1.02282413    0.98612587    1.01414564    1.02955827    1.01659691    1.06652347    1.04485632    1.10229914    1.00266509    1.04924220    0.90568081    0.97166968    1.10519514    1.12517753    1.09896779    1.09386834    1.05885804    1.01865404    0.97849578    0.93901744    0.98030519
G0N4S0_CAEBE/182-512     0.91353027    1.02665563    0.95414174    0.91808241    0.95322964    0.95226413    0.94600745    0.90297816    0.94626382    0.94313389    0.94494698    0.99906645    0.74699401    0.73916100    0.81067200    0.75360077    0.80166054    1.01114194    0.79481280    0.81252143    0.85670698    0.93189144    0.78656783    0.55598854    0.00000000    0.76226930    0.71217395    0.74186264    0.81105446    0.81618284    0.75542118    0.92353061    0.97511029    0.95001714    0.96432930    1.01308633    0.99372323    1.00041896    0.99034913    1.16119005    1.05694052    0.99878886    0.96622201    1.03632263    1.01736421    1.00971009    1.06887587    1.13964441    1.05967553    1.13206496    1.02129635    1.00343221    0.98991697    0.93403827    1.04792079
B4QJT1_DROSI/243-573     0.74132198    0.84804639    0.74647647    0.79098715    0.73510630    0.77943605    0.78144839    0.70524019    0.71875482    0.75669456    0.70172667    0.75384832    0.59973325    0.61387363    0.58869443    0.63442474    0.64954822    0.93363399    0.72377835    0.68480179    0.75575778    0.75229352    0.65911283    0.78921709    0.76226930    0.00000000    0.30060649    0.27332818    0.59929295    0.58027181    0.71823473    0.78085652    0.82599312    0.82605865    0.81729135    0.77834297    0.82336608    0.80613496    0.88402469    0.95993627    0.91644958    0.92301915    0.83518093    0.93394336    0.79564038    0.85754590    0.86288710    0.83263735    0.92680142    0.95248344    0.81855798    0.74945318    0.75610971    0.72969024    0.83149562
J9K5N6_ACYPI/171-501     0.71681036    0.80823539    0.69001541    0.75926682    0.72397879    0.75220023    0.72405812    0.65653432    0.69120739    0.70620363    0.68529201    0.76270144    0.61713017    0.60413610    0.62421370    0.61270876    0.62962462    0.90404099    0.68761153    0.67640309    0.72039113    0.74593557    0.70009385    0.85256196    0.71217395    0.30060649    0.00000000    0.26262790    0.59662314    0.52511223    0.64090335    0.79697438    0.79320667    0.80923393    0.79417662    0.78297525    0.78548113    0.77713379    0.86763496    0.96541658    0.92249704    0.96914828    0.75391235    0.86193179    0.76261677    0.82278003    0.88055807    0.85098208    0.88252359    0.95114060    0.81154971    0.79294068    0.78968288    0.73807772    0.74688782
T1HSL4_RHOPR/232-562     0.70598478    0.78730721    0.70498802    0.73471592    0.71538409    0.67002463    0.70249142    0.63064894    0.65567787    0.70144934    0.65300787    0.73550982    0.60156064    0.59741177    0.60230765    0.61415466    0.65774109    0.91648260    0.66362106    0.66405024    0.74744269    0.71802702    0.61574449    0.76534030    0.74186264    0.27332818    0.26262790    0.00000000    0.56628201    0.55710355    0.64113620    0.75225438    0.80537292    0.79661263    0.78763882    0.74695387    0.75137150    0.75967192    0.84789583    0.94423987    0.88774916    0.93223180    0.76845117    0.86163733    0.72515155    0.77161071    0.84069736    0.81247747    0.88380634    0.95501718    0.75034810    0.75858132    0.74626983    0.71842435    0.81075067
T1K2W2_TETUR/168-501     0.68790609    0.74113684    0.64891238    0.69731085    0.76122738    0.68375449    0.74177462    0.67187565    0.66571146    0.73482775    0.66871514    0.70644448    0.53655663    0.55585350    0.59171316    0.62687135    0.64380267    0.85228934    0.63452516    0.60347290    0.67580713    0.67605351    0.53658440    0.80850245    0.81105446    0.59929295    0.59662314    0.56628201    0.00000000    0.54892822    0.53159321    0.72379139    0.80369067    0.77804502    0.69530956    0.75609282    0.75747658    0.77166794    0.79636914    0.88286519    0.84684239    0.89179562    0.76619080    0.84961894    0.67976769    0.73325690    0.78326494    0.84185534    0.82440295    0.94239813    0.72494167    0.75783570    0.72194992    0.67576946    0.74699565
E9GZM6_DAPPU/186-517     0.69385750    0.78014157    0.67856459    0.72788925    0.76025907    0.69986421    0.78428683    0.70718702    0.73789630    0.78746902    0.73667865    0.78271025    0.48565622    0.53917412    0.55017485    0.56981846    0.60860149    0.83191502    0.62683633    0.62205348    0.66027667    0.71223326    0.60133914    0.86398397    0.81618284    0.58027181    0.52511223    0.55710355    0.54892822    0.00000000    0.60234779    0.65509353    0.71198033    0.69519722    0.65964508    0.73438007    0.74924929    0.71339343    0.71484083    0.83514474    0.79668538    0.84763528    0.74370942    0.83628852    0.78690645    0.82398332    0.88366119    0.89899571    0.85043449    0.97138868    0.79422665    0.84839180    0.79606588    0.71791139    0.70349677
C3ZPR8_BRAFL/1-331     0.58568884    0.61249731    0.60763932    0.62068805    0.69974004    0.62299875    0.63194384    0.62203229    0.58023137    0.61447227    0.64868606    0.65563435    0.44582732    0.46035104    0.49224704    0.50714151    0.54445068    0.71798842    0.60809299    0.56904416    0.59983811    0.62980639    0.56300424    0.81208010    0.75542118    0.71823473    0.64090335    0.64113620    0.53159321    0.60234779    0.00000000    0.62204713    0.67865937    0.65727629    0.61837075    0.65876277    0.67281947    0.64958084    0.67562388    0.79108919    0.82332187    0.81967012    0.67285581    0.70624612    0.67401499    0.67355153    0.77929657    0.81215288    0.84084978    0.92166825    0.72479167    0.75848778    0.71873629    0.60795393    0.66263326
G3SPB9_LOXAF/150-480     0.55867711    0.50404406    0.49350019    0.52220812    0.59251988    0.52962040    0.55472251    0.49430319    0.54023290    0.55901901    0.50211313    0.53005548    0.57739458    0.57787315    0.59868623    0.68432940    0.70810594    0.89763371    0.72530696    0.68141892    0.68909979    0.83081739    0.68942384    0.94194570    0.92353061    0.78085652    0.79697438    0.75225438    0.72379139    0.65509353    0.62204713    0.00000000    0.31246046    0.24788535    0.34238351    0.30755937    0.39708806    0.36813315    0.38751754    0.51413770    0.53722838    0.58362342    0.56385166    0.69898654    0.61384144    0.63965118    0.77493559    0.87852932    0.86746223    0.81899529    0.63719090    0.68301542    0.65129581    0.54014688    0.56737989
M3ZFX2_XIPMA/99-429     0.61825760    0.56981653    0.56126761    0.53459772    0.59001068    0.59315020    0.55980956    0.53501763    0.56920941    0.59181887    0.57207801    0.57779853    0.66460404    0.63659722    0.67482087    0.68068659    0.69687767    0.90279594    0.74772455    0.76659880    0.79094093    0.83213770    0.73042133    0.98921408    0.97511029    0.82599312    0.79320667    0.80537292    0.80369067    0.71198033    0.67865937    0.31246046    0.00000000    0.26003461    0.41410611    0.34273315    0.46519468    0.40575984    0.42485169    0.58200744    0.56540584    0.53707057    0.59516671    0.72055188    0.65040442    0.71411562    0.73010055    0.78795590    0.86390854    0.79815108    0.62444272    0.65334905    0.64340687    0.60533821    0.58576349
A0A2I3SMD3_PANTR/106-436     0.55390834    0.52935128    0.52073167    0.51975087    0.61148939    0.55827275    0.52803774    0.49805193    0.53058602    0.56529798    0.56427802    0.53741184    0.63130828    0.63743657    0.67191765    0.65624688    0.66929718    0.82993000    0.72447091    0.68542825    0.72091902    0.85925826    0.67593667    1.00182700    0.95001714    0.82605865    0.80923393    0.79661263    0.77804502    0.69519722    0.65727629    0.24788535    0.26003461    0.00000000    0.37314792    0.31189492    0.38450891    0.35568030    0.42502835    0.52931142    0.54584134    0.53886888    0.58423428    0.72233726    0.64367497    0.68581016    0.73943990    0.80297723    0.82046404    0.78086587    0.62423207    0.69748928    0.65975551    0.56740124    0.56427041
C3YUT4_BRAFL/86-416     0.59870045    0.57438618    0.56432604    0.57026073    0.65099411    0.55632781    0.61452108    0.58290352    0.58722499    0.65065919    0.57265242    0.57572894    0.60830442    0.58444621    0.59914868    0.64200378    0.65960407    0.84021982    0.72488858    0.71267477    0.67934392    0.84110443    0.73293486    1.02282413    0.96432930    0.81729135    0.79417662    0.78763882    0.69530956    0.65964508    0.61837075    0.34238351    0.41410611    0.37314792    0.00000000    0.34846850    0.47754659    0.43744876    0.41901969    0.56452816    0.55339595    0.63162087    0.60936772    0.70481578    0.64488380    0.69438579    0.69707259    0.78304975    0.76044628    0.72388829    0.64209033    0.67402087    0.68357534    0.58074850    0.52090324
K1R072_CRAGI/163-493     0.56992120    0.51453871    0.49982581    0.52464892    0.59140490    0.56174861    0.58283181    0.47283319    0.52556813    0.55672343    0.52224901    0.52320701    0.63429750    0.67270457    0.69002617    0.66165089    0.72706133    0.90796554    0.78911544    0.73635300    0.74980142    0.85697207    0.69343625    0.98612587    1.01308633    0.77834297    0.78297525    0.74695387    0.75609282    0.73438007    0.65876277    0.30755937    0.34273315    0.31189492    0.34846850    0.00000000    0.39490208    0.36071243    0.33227297    0.54584704    0.54133215    0.63113948    0.59253040    0.72238757    0.61489211    0.65507395    0.76016958    0.80522451    0.80033271    0.81490801    0.64653130    0.68651208    0.67848068    0.57667413    0.57542081
E9G1D2_DAPPU/109-438     0.61761280    0.61843946    0.59829327    0.60944954    0.67063464    0.64720042    0.55537389    0.57281666    0.55612869    0.57845014    0.62188926    0.61467022    0.67333599    0.66045672    0.72733801    0.67646559    0.71978490    0.94484252    0.75714563    0.76043925    0.77599912    0.92084433    0.70760989    1.01414564    0.99372323    0.82336608    0.78548113    0.75137150    0.75747658    0.74924929    0.67281947    0.39708806    0.46519468    0.38450891    0.47754659    0.39490208    0.00000000    0.35228617    0.41639686    0.59448550    0.62221916    0.64582105    0.60964333    0.76312776    0.71368002    0.71096487    0.76042625    0.85052618    0.84577781    0.87650846    0.70182003    0.77818021    0.73058978    0.60452298    0.61985694
T1KEU9_TETUR/271-601     0.54654689    0.54031021    0.53725870    0.51458616    0.60652132    0.58940731    0.59191778    0.50428330    0.52191967    0.56763624    0.57336670    0.52704652    0.65795055    0.66916633    0.70129617    0.71025951    0.73358735    0.94404880    0.75780584    0.77250029    0.82021590    0.90447540    0.71466418    1.02955827    1.00041896    0.80613496    0.77713379    0.75967192    0.77166794    0.71339343    0.64958084    0.36813315    0.40575984    0.35568030    0.43744876    0.36071243    0.35228617    0.00000000    0.30957483    0.51135392    0.55013528    0.62744538    0.58335463    0.71813414    0.69293839    0.70098925    0.69827166    0.82735489    0.80815000    0.80721812    0.69723496    0.72049889    0.72241656    0.56472467    0.57572922
B7P4Z5_IXOSC/104-434     0.59739058    0.58354375    0.56641153    0.58760307    0.65140294    0.60635334    0.61928183    0.57379254    0.59235000    0.61563160    0.58707489    0.60172734    0.66255356    0.65670325    0.68844772    0.70764367    0.72909989    0.91942293    0.74082658    0.73766805    0.73233404    0.84501706    0.70094573    1.01659691    0.99034913    0.88402469    0.86763496    0.84789583    0.79636914    0.71484083    0.67562388    0.38751754    0.42485169    0.42502835    0.41901969    0.33227297    0.41639686    0.30957483    0.00000000    0.55821269    0.58899250    0.68990056    0.63987247    0.73734613    0.64449475    0.72170021    0.74385089    0.88985370    0.87199855    0.86365496    0.70394574    0.76079652    0.71933839    0.58442437    0.61851121
T1G3S8_HELRO/4-334     0.72463887    0.66043690    0.65310015    0.67643828    0.75373987    0.69161125    0.70518765    0.67778574    0.71960699    0.73048318    0.71182194    0.68455750    0.75646446    0.75731145    0.80239208    0.78397684    0.82740699    1.02271145    0.78942519    0.80295529    0.85246166    0.94597493    0.83326299    1.06652347    1.16119005    0.95993627    0.96541658    0.94423987    0.88286519    0.83514474    0.79108919    0.51413770    0.58200744    0.52931142    0.56452816    0.54584704    0.59448550    0.51135392    0.55821269    0.00000000    0.59382514    0.69945539    0.73440017    0.89482622    0.79751069    0.84961292    0.80245360    0.90821533    0.94631588    0.89720351    0.84502787    0.82755153    0.82144928    0.66433508    0.66998394
G0N9I5_CAEBE/186-529     0.72693431    0.70565114    0.74016222    0.71902744    0.77081949    0.78302888    0.78811826    0.75375376    0.76956045    0.77376873    0.77433602    0.78267545    0.74437498    0.76117403    0.83407700    0.76471429    0.86744423    0.97520285    0.81990047    0.81506701    0.86396173    0.95646465    0.85537870    1.04485632    1.05694052    0.91644958    0.92249704    0.88774916    0.84684239    0.79668538    0.82332187    0.53722838    0.56540584    0.54584134    0.55339595    0.54133215    0.62221916    0.55013528    0.58899250    0.59382514    0.00000000    0.72369008    0.73714377    0.80431813    0.80837384    0.84523767    0.81878447    0.79649905    0.82489437    0.84076720    0.79238519    0.81107073    0.79940648    0.71282606    0.70658817
F6UB18_CIOIN/108-438     0.76505583    0.70793394    0.79959546    0.74595019    0.76377802    0.77277089    0.76617091    0.76604827    0.72608914    0.82668449    0.78593761    0.74643586    0.79667681    0.82308293    0.83933731    0.78332182    0.84102322    1.03807700    0.86470013    0.84084654    0.89712317    1.04476383    0.87516568    1.10229914    0.99878886    0.92301915    0.96914828    0.93223180    0.89179562    0.84763528    0.81967012    0.58362342    0.53707057    0.53886888    0.63162087    0.63113948    0.64582105    0.62744538    0.68990056    0.69945539    0.72369008    0.00000000    0.71574930    0.81419012    0.83555820    0.85038748    0.82254108    0.92033400    0.94489517    0.97664977    0.78636398    0.81324886    0.77508830    0.74484069    0.78901059
F2U1D1_SALR5/113-443     0.43923803    0.43437383    0.39314116    0.47971718    0.50930625    0.47127166    0.44295964    0.40678889    0.44342731    0.40952481    0.48526092    0.47578101    0.61801234    0.61898359    0.68605601    0.64775826    0.68181190    0.88139662    0.67621311    0.69177404    0.74866555    0.84070677    0.71989926    1.00266509    0.96622201    0.83518093    0.75391235    0.76845117    0.76619080    0.74370942    0.67285581    0.56385166    0.59516671    0.58423428    0.60936772    0.59253040    0.60964333    0.58335463    0.63987247    0.73440017    0.73714377    0.71574930    0.00000000    0.54631824    0.51463167    0.50781786    0.59034611    0.65861724    0.64721826    0.69189087    0.54812702    0.57436796    0.54065927    0.45004060    0.46092659
F4NS91_BATDJ/89-419     0.57029167    0.55623432    0.50826997    0.62345905    0.58069888    0.58527047    0.54377946    0.54088265    0.55209398    0.55833207    0.61573459    0.59529368    0.71780140    0.73653756    0.80158350    0.80666751    0.83027164    1.08044635    0.86397804    0.84558579    0.87559524    0.91127147    0.85127315    1.04924220    1.03632263    0.93394336    0.86193179    0.86163733    0.84961894    0.83628852    0.70624612    0.69898654    0.72055188    0.72233726    0.70481578    0.72238757    0.76312776    0.71813414    0.73734613    0.89482622    0.80431813    0.81419012    0.54631824    0.00000000    0.49847512    0.44661192    0.63068651    0.73707915    0.80119773    0.78062149    0.60611929    0.58109298    0.59151886    0.59089607    0.59916401
A0A015II88_RHIIW/104-434     0.52554605    0.52527738    0.41400744    0.49195680    0.58299601    0.49911781    0.53744275    0.48030055    0.49485211    0.52311435    0.47682979    0.53623438    0.62851618    0.65855628    0.71025626    0.71267144    0.73953499    0.95283457    0.77649710    0.71866081    0.76461646    0.88698819    0.75922070    0.90568081    1.01736421    0.79564038    0.76261677    0.72515155    0.67976769    0.78690645    0.67401499    0.61384144    0.65040442    0.64367497    0.64488380    0.61489211    0.71368002    0.69293839    0.64449475    0.79751069    0.80837384    0.83555820    0.51463167    0.49847512    0.00000000    0.28171525    0.57016107    0.71330833    0.71982619    0.73578426    0.44362018    0.44879926    0.45413024    0.51077420    0.53154211
I1C3M2_RHIO9/100-430     0.57810008    0.51395836    0.46322974    0.55390961    0.59368677    0.52156805    0.57307297    0.55090323    0.48026466    0.53204172    0.53529738    0.59543843    0.67299589    0.65660296    0.73793263    0.66920587    0.77522893    0.97677508    0.81689983    0.73924088    0.77920589    0.87026907    0.78170522    0.97166968    1.00971009    0.85754590    0.82278003    0.77161071    0.73325690    0.82398332    0.67355153    0.63965118    0.71411562    0.68581016    0.69438579    0.65507395    0.71096487    0.70098925    0.72170021    0.84961292    0.84523767    0.85038748    0.50781786    0.44661192    0.28171525    0.00000000    0.61146814    0.70056592    0.77376904    0.75757684    0.46623330    0.53889466    0.49686515    0.52514788    0.58532289
D2UZG6_NAEGR/87-430     0.63352717    0.63874199    0.57168591    0.56457878    0.60412860    0.61110713    0.61550201    0.62496110    0.60483482    0.61492310    0.62198700    0.67839396    0.77845958    0.77347906    0.81038992    0.77224020    0.79287878    0.96279670    0.80431198    0.81377031    0.86980819    0.89309105    0.80933890    1.10519514    1.06887587    0.86288710    0.88055807    0.84069736    0.78326494    0.88366119    0.77929657    0.77493559    0.73010055    0.73943990    0.69707259    0.76016958    0.76042625    0.69827166    0.74385089    0.80245360    0.81878447    0.82254108    0.59034611    0.63068651    0.57016107    0.61146814    0.00000000    0.45960747    0.50487573    0.72282571    0.51777350    0.50683743    0.49968610    0.64193208    0.64119900
D2VTY3_NAEGR/99-437     0.65827857    0.70181881    0.66582558    0.66616157    0.63419562    0.69813857    0.67274526    0.65210600    0.67794078    0.68938955    0.66398815    0.72920818    0.86156307    0.85674726    0.87712583    0.84786047    0.90058059    1.08947165    0.86993194    0.89958231    0.93497879    0.97243686    0.91301159    1.12517753    1.13964441    0.83263735    0.85098208    0.81247747    0.84185534    0.89899571    0.81215288    0.87852932    0.78795590    0.80297723    0.78304975    0.80522451    0.85052618    0.82735489    0.88985370    0.90821533    0.79649905    0.92033400    0.65861724    0.73707915    0.71330833    0.70056592    0.45960747    0.00000000    0.33061532    0.75801693    0.64689848    0.61799518    0.61438361    0.67893567    0.66570954
D2VZV3_NAEGR/88-427     0.69460505    0.73965371    0.65680328    0.67432540    0.71508648    0.72594816    0.74542106    0.66938062    0.70362645    0.71535827    0.68744088    0.76414732    0.83906328    0.84648912    0.88821412    0.85066387    0.87950990    1.07982211    0.84904716    0.92816059    0.94122029    0.98289382    0.96118905    1.09896779    1.05967553    0.92680142    0.88252359    0.88380634    0.82440295    0.85043449    0.84084978    0.86746223    0.86390854    0.82046404    0.76044628    0.80033271    0.84577781    0.80815000    0.87199855    0.94631588    0.82489437    0.94489517    0.64721826    0.80119773    0.71982619    0.77376904    0.50487573    0.33061532    0.00000000    0.73059951    0.68805604    0.66039118    0.64912932    0.77622393    0.71768759
H3G9R5_PHYRM/92-430     0.73175667    0.69531090    0.67991618    0.69862125    0.73550567    0.73951825    0.69815891    0.68959870    0.68467707    0.71056672    0.65086430    0.69889771    0.89206813    0.84847346    0.88106748    0.86782729    0.92657706    1.10673089    0.93583196    0.94227994    0.94052962    1.02697497    0.95388873    1.09386834    1.13206496    0.95248344    0.95114060    0.95501718    0.94239813    0.97138868    0.92166825    0.81899529    0.79815108    0.78086587    0.72388829    0.81490801    0.87650846    0.80721812    0.86365496    0.89720351    0.84076720    0.97664977    0.69189087    0.78062149    0.73578426    0.75757684    0.72282571    0.75801693    0.73059951    0.00000000    0.61689661    0.56760430    0.59369219    0.68493524    0.74852856
