40
PBPB_MYCTU/338-656     0.00000000    1.87184154    2.11425159    1.68928056    2.13351203    1.78498146    1.45723671    2.07638122    1.68395391    1.73617184    1.82283555    1.47474142    1.61366747    2.77937522    2.60183186    2.50059344    2.22039251    3.05869717    2.39460906    1.96019087    2.44425769    2.69542103    2.99481954    3.18783303    3.02019270    3.08469648    2.67599503    2.97891486    2.77557943    2.87795147    2.93077544    3.14396803    3.03156567    2.20567395    2.04639138    2.50246362    2.57991295    2.27510770    2.12703670    1.67437643
SP5D_BACSU/246-557     1.87184154    0.00000000    1.84916055    1.55773647    1.87860058    1.36243702    1.40061021    1.84562852    1.83070706    1.96153980    1.66672415    1.84348538    1.80105452    2.78268780    2.63318539    2.90403808    2.61721402    2.41280835    2.46108177    2.03882151    2.48352906    2.51728662    2.71214228    3.03639916    2.95971049    3.12437279    3.14345718    2.91455191    2.56086484    2.63303678    3.24809668    3.21915149    3.13708354    2.59007234    2.54739443    2.30795667    2.41332848    2.00129510    2.38653656    2.08011034
A9LIC1_STREE/289-609     2.11425159    1.84916055    0.00000000    1.01182759    1.47348041    1.37178510    2.05458763    2.64517353    2.04216808    2.09571086    2.17169821    2.18238903    1.87989485    3.10610415    2.97626061    2.87100758    2.32988222    2.85186232    2.89258374    2.46464706    2.87611901    2.81190522    2.86590807    3.55533490    3.52694190    3.51476933    3.74400708    3.49078118    3.46278292    3.22509233    3.35197152    3.64948803    3.76557661    2.48604706    2.64706167    2.69513343    2.90247997    2.84562026    2.81745684    2.60388838
O07106_ENTFL/295-608     1.68928056    1.55773647    1.01182759    0.00000000    1.40385256    1.28251618    1.60973632    2.33617973    1.86911734    1.88791649    1.91160548    1.83123026    1.57258436    2.65376592    2.58983757    2.66437870    2.03835526    2.65258120    2.57487200    2.26078380    2.62333795    2.52742988    2.71156978    3.15182660    3.20600291    3.14221597    2.88934857    2.92657732    2.96634064    2.83538511    2.83119025    3.03404389    2.89114314    2.69276209    2.71864476    2.81796751    2.47524588    2.41537379    2.65683216    2.35398790
Q2FZ94_STAA8/268-579     2.13351203    1.87860058    1.47348041    1.40385256    0.00000000    1.28953191    1.87651155    2.42738755    1.95725764    2.32640345    2.35545933    2.07813839    1.97124725    3.12115786    2.50013520    2.70085083    2.85379135    2.70078687    2.63269946    2.57142196    3.06440478    2.83861645    2.76228279    3.24942809    3.42987034    3.18473114    2.82298186    3.20951953    3.08718517    2.84068766    3.32380625    3.58134557    3.58016252    2.38565361    2.64546018    2.30918230    2.55021208    2.21451864    2.53768469    2.43552280
A0A6H0H259_BACIU/268-577     1.78498146    1.36243702    1.37178510    1.28251618    1.28953191    0.00000000    1.75578359    2.00691366    1.93387216    2.07173693    2.06428318    1.87216353    1.78919579    2.51735338    2.28411058    2.69886528    2.19756426    2.50705085    2.35282277    1.92658891    2.31139684    2.38602727    2.71917935    3.52639091    3.25064123    3.00075468    3.16766887    3.11793800    2.96170369    3.06994688    3.04270655    3.41341680    3.27067859    2.51507361    2.54493602    2.38452558    2.07477117    2.05275973    2.32722885    2.03483811
P73117_SYNY3/281-593     1.45723671    1.40061021    2.05458763    1.60973632    1.87651155    1.75578359    0.00000000    1.79345659    1.38343415    1.43351539    1.49350790    1.32325985    1.43216536    2.51111502    2.34268587    2.78677146    2.21341122    2.52577669    2.23428002    1.95747133    2.65300808    2.98150575    2.92107139    3.13569552    3.09180149    3.24420635    2.99875164    2.90708978    2.92908805    2.74229019    2.85502466    2.77843630    2.86809621    2.20439546    2.33761608    2.61073010    2.28341732    1.87609282    2.19726059    2.13715600
O26078_HELPY/280-589     2.07638122    1.84562852    2.64517353    2.33617973    2.42738755    2.00691366    1.79345659    0.00000000    1.83284949    2.12778050    2.06981877    1.71927864    1.92257938    3.21212229    2.79426381    2.66040337    2.58211176    2.63629644    2.22835707    2.57147059    3.31282435    3.58329368    3.53294432    4.13088545    3.72960528    4.20578324    3.43181019    3.38494452    3.97575568    4.06164217    4.15156037    4.05203167    4.35766090    2.73789622    2.46346874    3.22374729    2.81986911    2.48886438    2.70167901    2.28650680
PBP2_NEIFL/81-376     1.68395391    1.83070706    2.04216808    1.86911734    1.95725764    1.93387216    1.38343415    1.83284949    0.00000000    1.22478890    1.33559324    1.13811365    1.26061189    2.66403668    2.73618445    2.62154095    2.34861022    2.34743161    2.36755058    2.00532466    2.72064732    2.84440305    3.15268334    3.40074265    3.08938246    3.00468035    3.21401022    2.93575376    3.31113352    3.18750854    2.93077985    2.96983358    2.94420263    2.67345181    2.57139928    2.44364272    2.38709725    2.28522434    2.44628125    2.05315549
FTSI_ECOLI/260-555     1.73617184    1.96153980    2.09571086    1.88791649    2.32640345    2.07173693    1.43351539    2.12778050    1.22478890    0.00000000    0.56307597    1.05806296    1.11213365    2.59197968    2.34377373    2.58094955    2.44209858    2.62785229    2.55749370    2.03984700    2.40203526    2.88787539    3.22799756    3.59037816    3.25311301    3.13006869    3.09837612    3.17451006    3.59314803    3.22069131    2.92372449    3.20017374    3.31838125    2.12337925    2.25090443    2.66391000    2.20365996    2.14317137    2.04236198    2.03325532
FTSI_HAEIN/280-572     1.82283555    1.66672415    2.17169821    1.91160548    2.35545933    2.06428318    1.49350790    2.06981877    1.33559324    0.56307597    0.00000000    0.99929113    1.21389241    2.50200016    2.50423544    2.96918230    2.49849510    2.75096326    2.20632346    2.09816794    2.34064447    2.98583739    3.10203194    3.94064213    3.67626826    3.61924243    3.45944309    3.24145683    3.23719394    3.25204970    3.29706866    3.37594054    3.53288699    2.68840449    2.57839034    2.73106622    2.43116424    2.14530309    2.30250134    2.06716049
FTSI_PSEAE/247-547     1.47474142    1.84348538    2.18238903    1.83123026    2.07813839    1.87216353    1.32325985    1.71927864    1.13811365    1.05806296    0.99929113    0.00000000    0.72497377    2.54876665    2.26511867    2.43149672    2.28273071    2.54110498    2.12228238    1.99318216    2.60753385    2.92225836    3.01815066    3.99925578    3.28309891    3.61820486    3.34661155    3.24901687    2.98984751    3.07942120    3.06821875    3.31323316    3.13098791    2.17614825    2.33642691    2.77716763    2.58126989    2.06906328    2.20248701    2.13348423
Q51505_PSEAI/242-539     1.61366747    1.80105452    1.87989485    1.57258436    1.97124725    1.78919579    1.43216536    1.92257938    1.26061189    1.11213365    1.21389241    0.72497377    0.00000000    2.70623342    2.45530603    2.56545183    2.15457524    2.46719774    2.11273172    1.95624391    2.66642361    2.92990637    3.14375784    4.17950806    3.21378814    3.24226659    3.28066284    2.95242465    3.25188738    3.20729574    2.97940225    3.06409756    3.17827025    2.21253359    2.25723916    2.96110335    2.75157681    2.30267068    2.34201893    2.47842335
PBPI_BACSU/263-574     2.77937522    2.78268780    3.10610415    2.65376592    3.12115786    2.51735338    2.51111502    3.21212229    2.66403668    2.59197968    2.50200016    2.54876665    2.70623342    0.00000000    2.87269327    2.87712639    2.56377888    3.03179450    3.07209471    2.50115160    2.65289712    3.32982107    2.90059728    3.28782461    3.88228487    3.58846686    3.00837985    3.61969215    3.24549203    3.63915894    3.77664686    3.70835865    3.98269695    3.33381556    2.95399804    2.96575576    2.74316167    2.73803106    3.19817634    2.86568020
PBPF_BACSU/322-595     2.60183186    2.63318539    2.97626061    2.58983757    2.50013520    2.28411058    2.34268587    2.79426381    2.73618445    2.34377373    2.50423544    2.26511867    2.45530603    2.87269327    0.00000000    1.54342966    2.82984175    2.69390728    2.43920460    2.65408993    3.13947997    3.12942032    3.41975077    4.02606752    4.17547316    3.78252169    3.56248510    4.16659018    3.74118403    3.47154121    3.24072449    3.58961086    3.79744212    2.93593385    2.95678286    3.55881970    3.16612309    2.51787638    3.14000776    2.54749264
PBPA_BACSU/352-641     2.50059344    2.90403808    2.87100758    2.66437870    2.70085083    2.69886528    2.78677146    2.66040337    2.62154095    2.58094955    2.96918230    2.43149672    2.56545183    2.87712639    1.54342966    0.00000000    3.01642789    2.93287885    2.91697188    2.41852360    2.61798052    3.06593372    3.26927715    3.80320902    3.58161208    3.60714743    3.26717820    3.68974637    3.85720167    3.88970689    3.51009845    3.81926673    3.74866086    3.23047167    2.91429844    2.93454279    2.82738714    2.72239331    3.16427132    2.20835746
Q59439_ENTHR/364-671     2.22039251    2.61721402    2.32988222    2.03835526    2.85379135    2.19756426    2.21341122    2.58211176    2.34861022    2.44209858    2.49849510    2.28273071    2.15457524    2.56377888    2.82984175    3.01642789    0.00000000    1.24883925    1.11607153    2.41457116    2.41060414    2.66663409    2.47712923    3.17804920    3.33860175    3.03767569    2.86631043    3.10564521    3.13315675    3.50933164    3.47386765    3.70009485    3.71049997    3.01538871    2.67402107    3.25842967    2.67441273    2.27254956    2.47694816    2.26099623
PBP_STAAU/347-660     3.05869717    2.41280835    2.85186232    2.65258120    2.70078687    2.50705085    2.52577669    2.63629644    2.34743161    2.62785229    2.75096326    2.54110498    2.46719774    3.03179450    2.69390728    2.93287885    1.24883925    0.00000000    1.14984829    2.41255268    2.74530764    2.81933460    2.72843707    3.66557343    3.45986501    3.61450065    3.10324522    3.21510360    3.44853953    3.60466351    3.09060808    3.63843799    3.38805547    2.99922436    2.69904187    3.04686603    2.90979886    2.13951803    2.31660513    2.22883628
PBPC_BACSU/352-666     2.39460906    2.46108177    2.89258374    2.57487200    2.63269946    2.35282277    2.23428002    2.22835707    2.36755058    2.55749370    2.20632346    2.12228238    2.11273172    3.07209471    2.43920460    2.91697188    1.11607153    1.14984829    0.00000000    1.96800392    2.58977890    2.49735734    2.90515535    4.13320380    3.55539994    3.64291969    2.81733701    3.10939248    3.17824626    3.28867782    3.32881439    3.92070133    3.59081202    2.87125945    2.68459681    2.83712404    2.58465752    1.84389646    2.40599517    2.32799021
PBPA_MYCTU/160-484     1.96019087    2.03882151    2.46464706    2.26078380    2.57142196    1.92658891    1.95747133    2.57147059    2.00532466    2.03984700    2.09816794    1.99318216    1.95624391    2.50115160    2.65408993    2.41852360    2.41457116    2.41255268    1.96800392    0.00000000    1.43850916    2.82456779    3.13433023    3.45679782    3.19179862    3.77812789    3.47862038    3.22828928    2.67119445    2.47988778    2.83368621    3.20772809    3.14764574    2.40037261    2.22315986    2.71755101    2.50555923    1.84900878    2.09330116    1.86956582
B5GLC4_STRCL/273-546     2.44425769    2.48352906    2.87611901    2.62333795    3.06440478    2.31139684    2.65300808    3.31282435    2.72064732    2.40203526    2.34064447    2.60753385    2.66642361    2.65289712    3.13947997    2.61798052    2.41060414    2.74530764    2.58977890    1.43850916    0.00000000    2.48882635    2.72475077    3.85369002    3.23246079    3.35176619    2.76395904    3.17166048    3.27626453    3.17320841    3.15829006    3.62603020    3.60584841    3.20555835    2.76302624    2.88705160    2.60729277    2.29837054    2.37091141    1.93039746
Q45297_BACLI/374-591     2.69542103    2.51728662    2.81190522    2.52742988    2.83861645    2.38602727    2.98150575    3.58329368    2.84440305    2.88787539    2.98583739    2.92225836    2.92990637    3.32982107    3.12942032    3.06593372    2.66663409    2.81933460    2.49735734    2.82456779    2.48882635    0.00000000    1.08290764    1.75818288    1.87938909    2.28937336    2.08037900    2.32725086    1.88524935    1.61114723    1.35970848    1.53710875    1.41727535    3.41946569    3.27147951    2.83224622    2.74897769    2.32956896    2.44680811    2.47041941
O54282_STASC/363-580     2.99481954    2.71214228    2.86590807    2.71156978    2.76228279    2.71917935    2.92107139    3.53294432    3.15268334    3.22799756    3.10203194    3.01815066    3.14375784    2.90059728    3.41975077    3.26927715    2.47712923    2.72843707    2.90515535    3.13433023    2.72475077    1.08290764    0.00000000    1.53102919    1.96645571    2.25007104    2.13376148    2.54077053    2.04150220    1.70648453    1.63941204    1.91375604    1.79048994    3.29051501    3.37822276    3.15163309    3.10537737    2.40238348    2.52629303    2.69320085
A0A0E3ZDP6_9ENTR/42-276     3.18783303    3.03639916    3.55533490    3.15182660    3.24942809    3.52639091    3.13569552    4.13088545    3.40074265    3.59037816    3.94064213    3.99925578    4.17950806    3.28782461    4.02606752    3.80320902    3.17804920    3.66557343    4.13320380    3.45679782    3.85369002    1.75818288    1.53102919    0.00000000    1.15018689    1.45159435    1.68649959    1.64748308    2.16560945    1.75683326    1.89855117    2.04101782    1.96119032    3.43239686    3.27556906    3.52158306    3.80384005    3.12552979    3.37510143    3.09333481
A0A0W0SI66_9GAMM/23-259     3.02019270    2.95971049    3.52694190    3.20600291    3.42987034    3.25064123    3.09180149    3.72960528    3.08938246    3.25311301    3.67626826    3.28309891    3.21378814    3.88228487    4.17547316    3.58161208    3.33860175    3.45986501    3.55539994    3.19179862    3.23246079    1.87938909    1.96645571    1.15018689    0.00000000    1.07484618    1.27800620    1.25772913    2.17587607    1.94232508    1.77079707    1.91951511    1.91292916    3.17969437    3.26301093    3.20925208    3.03229153    3.10621855    3.07144139    3.00195923
Q9K319_AERHY/24-259     3.08469648    3.12437279    3.51476933    3.14221597    3.18473114    3.00075468    3.24420635    4.20578324    3.00468035    3.13006869    3.61924243    3.61820486    3.24226659    3.58846686    3.78252169    3.60714743    3.03767569    3.61450065    3.64291969    3.77812789    3.35176619    2.28937336    2.25007104    1.45159435    1.07484618    0.00000000    1.25225906    1.24605721    2.24068527    2.34574604    2.25650536    2.38667766    2.28125925    3.05604554    3.37421159    3.28379512    3.34396247    3.50311829    3.48614285    2.91497028
Q9ZHF7_RALPI/25-267     2.67599503    3.14345718    3.74400708    2.88934857    2.82298186    3.16766887    2.99875164    3.43181019    3.21401022    3.09837612    3.45944309    3.34661155    3.28066284    3.00837985    3.56248510    3.26717820    2.86631043    3.10324522    2.81733701    3.47862038    2.76395904    2.08037900    2.13376148    1.68649959    1.27800620    1.25225906    0.00000000    1.04717305    2.53021032    2.09221112    2.14962550    2.40924103    2.18476400    3.02264679    3.21053866    3.53476185    3.28611040    3.34408425    3.39010184    2.65481399
Q98LR0_RHILO/12-247     2.97891486    2.91455191    3.49078118    2.92657732    3.20951953    3.11793800    2.90708978    3.38494452    2.93575376    3.17451006    3.24145683    3.24901687    2.95242465    3.61969215    4.16659018    3.68974637    3.10564521    3.21510360    3.10939248    3.22828928    3.17166048    2.32725086    2.54077053    1.64748308    1.25772913    1.24605721    1.04717305    0.00000000    2.64432566    2.21898354    2.15621602    2.23335299    2.22653044    3.21875866    3.23491970    3.21990071    3.31889588    2.98020676    2.99607599    3.08994850
Q9F0V2_ACIBA/53-270     2.77557943    2.56086484    3.46278292    2.96634064    3.08718517    2.96170369    2.92908805    3.97575568    3.31113352    3.59314803    3.23719394    2.98984751    3.25188738    3.24549203    3.74118403    3.85720167    3.13315675    3.44853953    3.17824626    2.67119445    3.27626453    1.88524935    2.04150220    2.16560945    2.17587607    2.24068527    2.53021032    2.64432566    0.00000000    1.49537734    1.58455367    1.62405760    1.63234819    3.38437391    3.33810010    3.62092028    3.01071473    2.65915798    2.94682985    2.79409265
Q7AUV5_9BACT/35-252     2.87795147    2.63303678    3.22509233    2.83538511    2.84068766    3.06994688    2.74229019    4.06164217    3.18750854    3.22069131    3.25204970    3.07942120    3.20729574    3.63915894    3.47154121    3.88970689    3.50933164    3.60466351    3.28867782    2.47988778    3.17320841    1.61114723    1.70648453    1.75683326    1.94232508    2.34574604    2.09221112    2.21898354    1.49537734    0.00000000    1.19228579    1.26770372    1.19249731    3.77618481    3.45892624    3.44189073    3.33799432    2.76028365    2.69762510    2.88135359
Q9EY51_ACIBA/42-258     2.93077544    3.24809668    3.35197152    2.83119025    3.32380625    3.04270655    2.85502466    4.15156037    2.93077985    2.92372449    3.29706866    3.06821875    2.97940225    3.77664686    3.24072449    3.51009845    3.47386765    3.09060808    3.32881439    2.83368621    3.15829006    1.35970848    1.63941204    1.89855117    1.77079707    2.25650536    2.14962550    2.15621602    1.58455367    1.19228579    0.00000000    0.34598489    0.24287489    3.92473396    4.17161982    3.66222991    3.68621539    3.12201258    2.58169211    2.84172015
Q55926_SYNY3/76-292     3.14396803    3.21915149    3.64948803    3.03404389    3.58134557    3.41341680    2.77843630    4.05203167    2.96983358    3.20017374    3.37594054    3.31323316    3.06409756    3.70835865    3.58961086    3.81926673    3.70009485    3.63843799    3.92070133    3.20772809    3.62603020    1.53710875    1.91375604    2.04101782    1.91951511    2.38667766    2.40924103    2.23335299    1.62405760    1.26770372    0.34598489    0.00000000    0.29407755    4.05945542    3.99254722    3.78584362    3.61552475    3.26210946    2.83126496    3.10540558
A0A023ZU01_9GAMM/42-258     3.03156567    3.13708354    3.76557661    2.89114314    3.58016252    3.27067859    2.86809621    4.35766090    2.94420263    3.31838125    3.53288699    3.13098791    3.17827025    3.98269695    3.79744212    3.74866086    3.71049997    3.38805547    3.59081202    3.14764574    3.60584841    1.41727535    1.79048994    1.96119032    1.91292916    2.28125925    2.18476400    2.22653044    1.63234819    1.19249731    0.24287489    0.29407755    0.00000000    4.05846858    4.42746904    3.58340248    3.65357272    3.20711479    2.89013151    2.96711416
P96052_STRTR/367-698     2.20567395    2.59007234    2.48604706    2.69276209    2.38565361    2.51507361    2.20439546    2.73789622    2.67345181    2.12337925    2.68840449    2.17614825    2.21253359    3.33381556    2.93593385    3.23047167    3.01538871    2.99922436    2.87125945    2.40037261    3.20555835    3.41946569    3.29051501    3.43239686    3.17969437    3.05604554    3.02264679    3.21875866    3.38437391    3.77618481    3.92473396    4.05945542    4.05846858    0.00000000    0.80161088    1.47051020    1.41415968    2.16989877    2.36645462    2.46061596
PBP2_STRR6/343-671     2.04639138    2.54739443    2.64706167    2.71864476    2.64546018    2.54493602    2.33761608    2.46346874    2.57139928    2.25090443    2.57839034    2.33642691    2.25723916    2.95399804    2.95678286    2.91429844    2.67402107    2.69904187    2.68459681    2.22315986    2.76302624    3.27147951    3.37822276    3.27556906    3.26301093    3.37421159    3.21053866    3.23491970    3.33810010    3.45892624    4.17161982    3.99254722    4.42746904    0.80161088    0.00000000    1.40835494    1.38261720    2.02882933    1.94204319    2.37269313
PBPH_BACSU/372-692     2.50246362    2.30795667    2.69513343    2.81796751    2.30918230    2.38452558    2.61073010    3.22374729    2.44364272    2.66391000    2.73106622    2.77716763    2.96110335    2.96575576    3.55881970    2.93454279    3.25842967    3.04686603    2.83712404    2.71755101    2.88705160    2.83224622    3.15163309    3.52158306    3.20925208    3.28379512    3.53476185    3.21990071    3.62092028    3.44189073    3.66222991    3.78584362    3.58340248    1.47051020    1.40835494    0.00000000    0.93688057    2.08520300    2.31207061    2.52783792
PBP2A_BACSU/352-682     2.57991295    2.41332848    2.90247997    2.47524588    2.55021208    2.07477117    2.28341732    2.81986911    2.38709725    2.20365996    2.43116424    2.58126989    2.75157681    2.74316167    3.16612309    2.82738714    2.67441273    2.90979886    2.58465752    2.50555923    2.60729277    2.74897769    3.10537737    3.80384005    3.03229153    3.34396247    3.28611040    3.31889588    3.01071473    3.33799432    3.68621539    3.61552475    3.65357272    1.41415968    1.38261720    0.93688057    0.00000000    2.01131888    1.88832200    2.23612229
MRDA_HAEIN/279-618     2.27510770    2.00129510    2.84562026    2.41537379    2.21451864    2.05275973    1.87609282    2.48886438    2.28522434    2.14317137    2.14530309    2.06906328    2.30267068    2.73803106    2.51787638    2.72239331    2.27254956    2.13951803    1.84389646    1.84900878    2.29837054    2.32956896    2.40238348    3.12552979    3.10621855    3.50311829    3.34408425    2.98020676    2.65915798    2.76028365    3.12201258    3.26210946    3.20711479    2.16989877    2.02882933    2.08520300    2.01131888    0.00000000    0.66819168    1.81018828
MRDA_ECOLI/271-609     2.12703670    2.38653656    2.81745684    2.65683216    2.53768469    2.32722885    2.19726059    2.70167901    2.44628125    2.04236198    2.30250134    2.20248701    2.34201893    3.19817634    3.14000776    3.16427132    2.47694816    2.31660513    2.40599517    2.09330116    2.37091141    2.44680811    2.52629303    3.37510143    3.07144139    3.48614285    3.39010184    2.99607599    2.94682985    2.69762510    2.58169211    2.83126496    2.89013151    2.36645462    1.94204319    2.31207061    1.88832200    0.66819168    0.00000000    1.66793770
O33622_STRCH/299-660     1.67437643    2.08011034    2.60388838    2.35398790    2.43552280    2.03483811    2.13715600    2.28650680    2.05315549    2.03325532    2.06716049    2.13348423    2.47842335    2.86568020    2.54749264    2.20835746    2.26099623    2.22883628    2.32799021    1.86956582    1.93039746    2.47041941    2.69320085    3.09333481    3.00195923    2.91497028    2.65481399    3.08994850    2.79409265    2.88135359    2.84172015    3.10540558    2.96711416    2.46061596    2.37269313    2.52783792    2.23612229    1.81018828    1.66793770    0.00000000

