49
E1SLN9_FERBD/35-243     0.00000000    1.12751995    1.00357621    0.91586577    0.95958613    1.11672481    1.67578022    2.04736753    1.69207643    2.14820972    2.20115717    2.22450930    2.08439761    2.31592893    1.61386921    1.90925894    1.80236688    2.05584281    1.81859023    1.77361869    1.82921030    2.59995183    2.75721387    2.78266945    2.70895366    2.77422613    3.00808554    2.73770957    2.89844726    2.75393966    2.80900142    3.03878936    2.80282607    2.12887273    2.59888515    2.51594657    2.74063182    2.31380030    2.92465631    2.65812348    2.80409627    2.82315517    3.05526890    2.85553289    3.15519097    2.23475080    2.67919450    2.37236077    2.23117766
A1S1Y4_SHEAM/33-243     1.12751995    0.00000000    0.90163956    0.98245280    1.01169079    1.00204986    1.83713794    1.94886877    1.94469322    2.41150975    2.24829783    2.45357042    2.13060340    2.11258351    1.65396203    1.95295272    2.22769002    2.27002259    2.12668003    2.23062690    2.31363125    2.89971750    3.08293071    3.01857979    2.93882478    2.95464683    3.18821299    3.10527789    3.07770107    2.94740320    3.55586281    3.30692100    3.04088048    2.82487028    2.84405472    3.19590024    3.30100378    2.84668351    2.84429678    2.89560519    2.84684417    2.92245343    3.15593901    3.15543498    3.12751693    2.75109320    2.46551782    2.25908684    2.86610008
Q12SZ8_SHEDO/35-245     1.00357621    0.90163956    0.00000000    0.61252359    0.80239055    0.71706582    1.73374763    1.85642697    1.82705721    2.16603497    2.23452512    2.36264054    2.41667368    2.28607153    1.70608338    1.83398859    2.06829351    2.19100437    2.16759535    2.07604949    2.08279331    2.59163870    2.55094585    3.23302000    2.55968585    3.00421639    2.87777241    2.65585878    3.00269526    2.71386844    2.86527304    3.24916846    2.60740269    2.64742146    2.61083328    2.72295350    3.02102747    2.65149839    2.59125225    2.52111453    2.43775268    2.73447071    2.75798513    2.79972120    2.82816986    2.42963285    2.70781122    2.32099870    2.56024599
Q089T7_SHEFN/35-245     0.91586577    0.98245280    0.61252359    0.00000000    0.65396294    0.60016439    1.74033661    1.65660432    1.88707017    2.32657415    2.34852298    2.76855207    2.62209733    2.21614836    1.76704584    1.87625371    1.87502310    2.06915218    2.02718537    2.08381718    2.02694904    2.60423454    2.47402585    2.98766241    2.61577011    2.93261235    3.12642743    2.61771324    3.35191975    3.03777457    3.17471318    3.27147255    3.02272072    2.80694338    2.74943423    2.75497392    2.91382665    2.41977266    2.76221184    2.79178700    2.71423376    2.46752189    2.56337190    2.83334485    2.73768614    2.17619749    2.64626437    2.15154331    2.58960630
D4ZEA1_SHEVD/35-245     0.95958613    1.01169079    0.80239055    0.65396294    0.00000000    0.56456391    2.00370339    2.03546707    1.66628425    2.29225562    2.20535890    2.62819464    2.43121895    1.89952161    1.67469107    1.92702236    1.89703739    1.93498974    2.01164174    1.89811190    2.05975556    2.87974717    2.91027978    2.89565214    2.61558479    2.95092168    3.07588841    3.05286656    2.97790342    3.19480483    3.34023205    3.03070359    2.91371605    2.48990447    2.69005381    2.84720392    2.97993475    2.82502005    2.89384556    2.95134722    2.79773183    2.79684398    2.96280531    2.84553633    3.39179035    2.19185778    2.79603274    2.21358882    2.70548395
Q8EKB9_SHEON/35-245     1.11672481    1.00204986    0.71706582    0.60016439    0.56456391    0.00000000    2.24426305    2.08710185    1.91395617    2.26916258    2.40404629    2.66919790    2.68496939    2.13754207    1.88468719    2.21789608    2.12536340    2.22270221    2.33089594    2.08642694    2.30421703    2.80957501    3.01017825    3.16106872    3.02081220    3.04615097    3.10347263    2.70155075    3.24436329    3.05637175    3.35262044    2.78579247    2.95591986    2.70654894    2.60046280    2.96733483    2.75807310    2.87610625    2.60638607    2.88901578    2.68077496    2.87072862    2.85977303    2.99157505    3.43910027    2.26844837    2.70755325    2.52623403    2.76385320
Q3ILN0_PSET1/38-251     1.67578022    1.83713794    1.73374763    1.74033661    2.00370339    2.24426305    0.00000000    1.64691338    1.97893644    2.17321235    2.39315025    2.49098703    2.14401984    2.07795659    1.96919988    1.82624169    1.86377702    1.95876303    1.76382029    1.99422547    2.00350561    2.91240195    2.67458633    2.81296389    3.35564136    3.70056328    3.29990538    3.02426293    2.88717936    3.07778150    3.25982049    3.12222616    3.01907080    3.08876347    2.78475879    2.79879056    3.11100842    3.35377268    2.92243379    2.99310240    2.88376253    3.05490146    3.03626976    3.59987923    3.32783646    2.48048427    2.67719114    2.39842278    2.81157115
G4QNL3_GLANF/42-254     2.04736753    1.94886877    1.85642697    1.65660432    2.03546707    2.08710185    1.64691338    0.00000000    1.99642045    1.90597166    2.18945907    2.33480662    1.99372238    2.14095494    2.12963907    1.93101976    2.35355959    2.11462072    2.06445034    2.11161763    2.32483349    2.62617587    2.33544569    3.46509430    2.80868200    2.77694279    3.17289329    2.68561384    3.01217286    3.09100291    2.93671758    3.06510866    2.35228108    2.77849618    2.48390618    2.74207490    3.32865971    3.23363021    3.11906536    3.24847232    3.21107651    2.50715065    3.02256073    3.05744606    3.01542205    2.23051365    2.46733458    2.15032558    2.64868362
A0KFT6_AERHH/36-246     1.69207643    1.94469322    1.82705721    1.88707017    1.66628425    1.91395617    1.97893644    1.99642045    0.00000000    1.61145853    1.77736556    2.31815390    1.65758197    1.65280035    1.73054171    1.46136727    1.63007370    1.63348689    1.66295445    1.79992550    2.31835584    2.53236493    2.41227168    3.40647024    2.64728596    3.50281568    2.95049867    3.03526196    3.03717809    3.43246888    3.30942117    3.20557488    3.30151082    3.34682507    2.53400861    2.95404579    2.97951232    3.10482602    2.93163006    2.83759024    2.97576688    2.94562632    3.04268400    3.12967700    3.08547174    2.11608780    2.51387893    2.27105670    2.41680825
C4L988_TOLAT/41-249     2.14820972    2.41150975    2.16603497    2.32657415    2.29225562    2.26916258    2.17321235    1.90597166    1.61145853    0.00000000    1.61591225    1.99244632    1.58116940    1.74773985    2.03773981    1.77084692    1.97356401    1.94713222    2.02944937    2.24838900    2.20148241    2.62775937    2.20295506    2.97166260    2.68575784    2.60753193    2.57571045    2.43623161    3.33383600    3.45805504    2.94058503    3.18237560    2.45055522    3.22444207    2.52914771    3.00135789    2.99105824    3.10144570    2.99038416    2.80292528    3.42914904    2.88988553    3.05425082    2.84124195    2.83106818    2.28682292    2.00363631    2.32350878    2.22535964
Q6D2J6_PECAS/37-242     2.20115717    2.24829783    2.23452512    2.34852298    2.20535890    2.40404629    2.39315025    2.18945907    1.77736556    1.61591225    0.00000000    1.68836475    1.04310920    1.83270587    1.84349449    2.05782048    1.86802190    1.98512421    1.89268514    2.26202168    2.50640149    2.73321715    2.83290914    3.12028966    2.73353122    3.37777480    3.28878309    3.10639632    3.86381822    3.83565742    3.24505704    3.20313339    2.98522326    2.98085165    2.78351602    2.83487907    2.80603998    2.69887174    3.00498301    3.07427136    3.04348927    3.04084705    3.25516921    2.96024693    3.39480711    2.22157242    2.48174369    2.43966614    2.32973444
A6T4T9_KLEP7/34-237     2.22450930    2.45357042    2.36264054    2.76855207    2.62819464    2.66919790    2.49098703    2.33480662    2.31815390    1.99244632    1.68836475    0.00000000    1.41921228    1.96036235    1.97394578    2.06327861    2.22988487    2.47934628    2.34905848    2.59663940    2.33414733    3.12081366    3.13703741    2.57570394    3.10931133    3.15003308    2.87296787    2.51745376    3.28949208    3.85784101    3.01886455    2.99555038    2.72846696    2.99852370    2.64710277    2.82417390    3.11106238    2.75150021    3.04207836    2.89839489    2.84787804    2.37146411    3.03884212    2.99019254    3.57619944    2.46439034    2.57925944    2.50880123    2.56122211
W0LA19_9GAMM/34-242     2.08439761    2.13060340    2.41667368    2.62209733    2.43121895    2.68496939    2.14401984    1.99372238    1.65758197    1.58116940    1.04310920    1.41921228    0.00000000    1.86752244    2.05149212    1.70576715    2.02007092    2.01376133    1.93738399    2.10079174    2.46513574    2.85962162    2.56193657    2.69204427    3.23454557    3.33646939    3.25382150    3.11286116    3.24094497    3.28322920    2.85095492    3.30053082    2.84612665    3.13264138    2.73330791    2.85447811    2.68716272    2.61143085    3.06109074    2.88026082    2.78682227    2.60942095    2.81560293    2.90259774    3.16192193    2.18945398    2.32100907    2.51818917    2.46799763
M4U3E9_9GAMM/36-245     2.31592893    2.11258351    2.28607153    2.21614836    1.89952161    2.13754207    2.07795659    2.14095494    1.65280035    1.74773985    1.83270587    1.96036235    1.86752244    0.00000000    1.34158200    1.75987611    1.76884042    1.66249424    1.77316253    2.00920103    2.19111439    2.36094753    2.64439904    2.67461159    3.21435454    3.39193201    3.22053059    2.79362754    3.34599533    3.14492557    3.32297916    3.39606349    3.17268189    2.94985005    2.19017416    2.88247891    3.12971115    3.06170867    3.08406087    3.20116608    3.13000238    3.10026971    3.25296519    3.25312314    3.00409178    2.45830705    2.25587040    2.28979110    2.51552115
A1SR66_PSYIN/34-245     1.61386921    1.65396203    1.70608338    1.76704584    1.67469107    1.88468719    1.96919988    2.12963907    1.73054171    2.03773981    1.84349449    1.97394578    2.05149212    1.34158200    0.00000000    1.71537831    1.75448853    1.70892454    1.50585395    1.89581937    2.48609267    2.64997695    2.60373483    2.94172461    3.22361283    3.35683688    2.94383311    3.05496845    3.53243287    3.44667636    2.92979800    3.44333991    2.98177941    2.83067765    2.67270031    3.08599743    3.50252918    2.83544271    3.04988733    3.24421797    3.22145535    3.02874142    3.17418000    3.28514755    3.85740968    2.41169419    2.36610955    2.28418814    2.47235976
GSPN_VIBCH/36-247     1.90925894    1.95295272    1.83398859    1.87625371    1.92702236    2.21789608    1.82624169    1.93101976    1.46136727    1.77084692    2.05782048    2.06327861    1.70576715    1.75987611    1.71537831    0.00000000    0.83811476    0.92398782    1.16766465    1.05692326    2.12710354    2.91766289    2.69991713    3.01969718    3.07809064    3.37607402    3.15767363    2.77497511    2.86792707    3.36005475    3.04965984    3.46659748    2.57883649    3.05890973    2.54068007    2.70500663    3.97982112    3.31007131    3.39229547    3.18037786    3.19220665    2.61795001    2.96056264    3.69554587    3.91094994    2.41269220    2.45251792    2.06821191    2.59115813
Q87TC7_VIBPA/36-248     1.80236688    2.22769002    2.06829351    1.87502310    1.89703739    2.12536340    1.86377702    2.35355959    1.63007370    1.97356401    1.86802190    2.22988487    2.02007092    1.76884042    1.75448853    0.83811476    0.00000000    0.57800695    0.94993541    0.99693434    2.50844423    2.93127312    2.69466810    3.02822180    3.18224243    3.42590217    3.45233144    2.96442766    3.64606853    3.48394335    3.03666231    3.32176670    2.86453597    3.03495849    2.56619728    2.29779612    3.59806402    3.53272517    3.23572234    3.08311040    3.21967420    3.14376137    3.09263753    3.46539996    3.75696354    2.43577930    2.76651533    2.22983270    2.35744559
B7VHG6_VIBA3/42-254     2.05584281    2.27002259    2.19100437    2.06915218    1.93498974    2.22270221    1.95876303    2.11462072    1.63348689    1.94713222    1.98512421    2.47934628    2.01376133    1.66249424    1.70892454    0.92398782    0.57800695    0.00000000    0.98217196    0.87325949    2.28871506    2.80074540    2.34904917    3.14415117    3.29450834    3.19086848    2.99783483    2.74015173    3.65077620    3.24122331    3.17215850    3.36060338    2.95724344    2.76168741    2.57053738    2.38141155    3.72768319    3.41743216    3.37241470    3.30884879    3.27297118    3.25115152    3.32559292    3.27535663    3.70171816    2.50556936    2.40689451    2.13267460    2.39749886
Q6LLT6_PHOPR/36-247     1.81859023    2.12668003    2.16759535    2.02718537    2.01164174    2.33089594    1.76382029    2.06445034    1.66295445    2.02944937    1.89268514    2.34905848    1.93738399    1.77316253    1.50585395    1.16766465    0.94993541    0.98217196    0.00000000    1.12667693    2.25449282    2.77779110    2.57964021    3.41266174    3.34196606    3.34950304    3.38335894    2.75277436    3.80627485    3.46601555    3.03817819    3.41255641    2.69107245    2.78993276    2.48111294    2.57391675    3.94421889    3.10741104    3.00408293    3.08376169    2.99121346    2.94678091    3.36259313    3.14845156    3.77921202    2.22147018    2.82205457    2.22136592    2.65017097
Q5E1Y7_ALIF1/36-248     1.77361869    2.23062690    2.07604949    2.08381718    1.89811190    2.08642694    1.99422547    2.11161763    1.79992550    2.24838900    2.26202168    2.59663940    2.10079174    2.00920103    1.89581937    1.05692326    0.99693434    0.87325949    1.12667693    0.00000000    2.43564778    2.77061993    2.35739806    3.22497193    3.56641268    3.40990192    3.71226771    3.03417039    3.14763375    3.53135743    3.48940032    3.62316883    3.05358802    2.69460858    3.02478815    2.78278381    3.92625648    3.74153508    3.68011367    3.55539626    3.48178779    3.40414369    3.86818721    3.45425584    4.23257828    2.70019701    2.59913679    2.43246743    3.01842261
Q5QY87_IDILO/34-247     1.82921030    2.31363125    2.08279331    2.02694904    2.05975556    2.30421703    2.00350561    2.32483349    2.31835584    2.20148241    2.50640149    2.33414733    2.46513574    2.19111439    2.48609267    2.12710354    2.50844423    2.28871506    2.25449282    2.43564778    0.00000000    2.46741713    2.51894104    3.08201777    3.14520688    3.25100983    3.08629860    3.34915590    3.15674646    3.18020046    3.52812763    3.70976943    3.22499386    3.32905991    2.52963146    2.96302219    3.09574889    2.54730231    2.81797059    2.87762884    2.81439247    2.70656437    2.92548798    2.85204304    3.03626110    2.38273974    2.70767952    2.73538048    2.31579601
Q21EQ4_SACD2/43-255     2.59995183    2.89971750    2.59163870    2.60423454    2.87974717    2.80957501    2.91240195    2.62617587    2.53236493    2.62775937    2.73321715    3.12081366    2.85962162    2.36094753    2.64997695    2.91766289    2.93127312    2.80074540    2.77779110    2.77061993    2.46741713    0.00000000    0.99673093    3.74779852    3.16338408    2.61639539    3.00042512    2.54590904    3.65686791    3.29595242    3.33139646    3.32771098    3.19542652    3.32041649    2.50397953    2.92768520    2.87035152    3.22990031    2.92537901    3.30446351    3.25709260    3.11583995    3.39731581    3.11315391    2.88619519    2.52083877    2.69072064    2.63900121    2.40702678
C5BM30_TERTT/42-251     2.75721387    3.08293071    2.55094585    2.47402585    2.91027978    3.01017825    2.67458633    2.33544569    2.41227168    2.20295506    2.83290914    3.13703741    2.56193657    2.64439904    2.60373483    2.69991713    2.69466810    2.34904917    2.57964021    2.35739806    2.51894104    0.99673093    0.00000000    3.66258813    3.01494795    2.87132532    3.09196672    3.07514089    3.46021500    3.44930424    3.31811404    3.30396373    3.42735609    3.21777849    2.67697077    3.02124281    3.45273613    3.45522393    3.09599270    3.38337093    3.31622660    3.08558466    3.34662246    3.20363211    3.01692658    2.54898262    2.42076192    2.90108849    2.70806262
Q31J17_HYDCU/40-249     2.78266945    3.01857979    3.23302000    2.98766241    2.89565214    3.16106872    2.81296389    3.46509430    3.40647024    2.97166260    3.12028966    2.57570394    2.69204427    2.67461159    2.94172461    3.01969718    3.02822180    3.14415117    3.41266174    3.22497193    3.08201777    3.74779852    3.66258813    0.00000000    3.41247252    3.34395337    3.52686933    3.12257201    3.98746696    2.92251225    3.29588248    3.60353758    2.78549632    2.99684629    3.37576465    2.82031574    3.36740408    3.45095800    3.32532691    3.37791140    3.48793709    3.63572569    3.83428453    3.60481838    3.65330368    3.26221680    3.22320869    2.85998591    3.04302758
D6Z6G4_DESAT/39-247     2.70895366    2.93882478    2.55968585    2.61577011    2.61558479    3.02081220    3.35564136    2.80868200    2.64728596    2.68575784    2.73353122    3.10931133    3.23454557    3.21435454    3.22361283    3.07809064    3.18224243    3.29450834    3.34196606    3.56641268    3.14520688    3.16338408    3.01494795    3.41247252    0.00000000    2.28729895    2.57777587    3.17880012    3.25441606    3.39488724    3.43518419    3.23870308    2.80836153    3.19664640    1.89741446    2.86763680    3.31867276    3.36346733    3.05729966    2.87828451    3.03265250    2.99912879    2.89314312    3.15585987    3.32064558    2.27145204    3.06079621    2.42636561    2.85889775
W8KLR6_9GAMM/46-261     2.77422613    2.95464683    3.00421639    2.93261235    2.95092168    3.04615097    3.70056328    2.77694279    3.50281568    2.60753193    3.37777480    3.15003308    3.33646939    3.39193201    3.35683688    3.37607402    3.42590217    3.19086848    3.34950304    3.40990192    3.25100983    2.61639539    2.87132532    3.34395337    2.28729895    0.00000000    1.46200361    2.74163958    2.90778639    2.63316315    3.46024276    2.73458064    2.48777891    3.10527887    1.94571774    2.80442771    3.02382645    2.80283910    2.96550790    2.86033089    3.09494981    2.86371825    3.09995503    2.87763253    2.98229146    2.36895876    2.53708419    2.27315638    2.64916151
A1WXC7_HALHL/42-257     3.00808554    3.18821299    2.87777241    3.12642743    3.07588841    3.10347263    3.29990538    3.17289329    2.95049867    2.57571045    3.28878309    2.87296787    3.25382150    3.22053059    2.94383311    3.15767363    3.45233144    2.99783483    3.38335894    3.71226771    3.08629860    3.00042512    3.09196672    3.52686933    2.57777587    1.46200361    0.00000000    3.08778822    3.06608498    3.15151566    3.85543215    3.37746465    2.84537572    3.46584282    2.25706928    2.77843320    3.67983960    3.34440612    3.33705323    3.14995150    3.46454706    2.82836399    3.34172796    2.88316529    3.45738572    2.25165613    2.91806483    2.63154601    2.50349711
Q0VSG9_ALCBS/40-240     2.73770957    3.10527789    2.65585878    2.61771324    3.05286656    2.70155075    3.02426293    2.68561384    3.03526196    2.43623161    3.10639632    2.51745376    3.11286116    2.79362754    3.05496845    2.77497511    2.96442766    2.74015173    2.75277436    3.03417039    3.34915590    2.54590904    3.07514089    3.12257201    3.17880012    2.74163958    3.08778822    0.00000000    3.18250007    3.37764924    3.56410207    3.16321310    3.40270801    3.41729106    2.69929401    2.98000047    3.73086536    3.75262436    3.24477681    3.42253697    3.70086191    2.94647219    3.22764045    3.52781708    2.80168285    2.79965452    3.66734979    2.85901141    3.25546181
Q0ASQ3_MARMM/33-236     2.89844726    3.07770107    3.00269526    3.35191975    2.97790342    3.24436329    2.88717936    3.01217286    3.03717809    3.33383600    3.86381822    3.28949208    3.24094497    3.34599533    3.53243287    2.86792707    3.64606853    3.65077620    3.80627485    3.14763375    3.15674646    3.65686791    3.46021500    3.98746696    3.25441606    2.90778639    3.06608498    3.18250007    0.00000000    2.41559949    2.80039823    2.45148929    2.93420496    2.54118491    2.97847576    2.91473739    3.15186690    3.41456521    3.60363834    3.34880083    3.37080855    3.00581183    3.33069369    3.54439064    3.76305417    3.03681014    3.34410676    2.89795762    3.15340738
E0TBR0_PARBH/37-239     2.75393966    2.94740320    2.71386844    3.03777457    3.19480483    3.05637175    3.07778150    3.09100291    3.43246888    3.45805504    3.83565742    3.85784101    3.28322920    3.14492557    3.44667636    3.36005475    3.48394335    3.24122331    3.46601555    3.53135743    3.18020046    3.29595242    3.44930424    2.92251225    3.39488724    2.63316315    3.15151566    3.37764924    2.41559949    0.00000000    2.36172480    2.37039861    2.72409248    3.10990665    3.34155243    2.98399961    3.85096698    3.48440224    3.57563929    3.53451291    3.56313976    3.13634250    3.15357574    4.04313650    3.33579560    2.84960138    3.74755506    2.77445534    2.82969379
Q2G4Z0_NOVAD/45-239     2.80900142    3.55586281    2.86527304    3.17471318    3.34023205    3.35262044    3.25982049    2.93671758    3.30942117    2.94058503    3.24505704    3.01886455    2.85095492    3.32297916    2.92979800    3.04965984    3.03666231    3.17215850    3.03817819    3.48940032    3.52812763    3.33139646    3.31811404    3.29588248    3.43518419    3.46024276    3.85543215    3.56410207    2.80039823    2.36172480    0.00000000    1.70144502    1.87763556    2.42265588    2.79709886    2.85558616    3.60090529    3.83379504    3.35874846    2.93370395    3.13320151    3.13327539    3.71960477    3.93038052    3.66534676    3.34393520    3.97188672    3.18605882    2.91151220
Q1GWC4_SPHAL/37-233     3.03878936    3.30692100    3.24916846    3.27147255    3.03070359    2.78579247    3.12222616    3.06510866    3.20557488    3.18237560    3.20313339    2.99555038    3.30053082    3.39606349    3.44333991    3.46659748    3.32176670    3.36060338    3.41255641    3.62316883    3.70976943    3.32771098    3.30396373    3.60353758    3.23870308    2.73458064    3.37746465    3.16321310    2.45148929    2.37039861    1.70144502    0.00000000    1.80305919    2.37765822    2.98273175    3.07468117    3.10413351    2.94220791    2.96520743    3.08852711    2.99732270    2.73719407    3.21953570    3.62441648    3.62270509    2.89339392    3.44037468    2.69869225    3.06373618
M4RVR3_9SPHN/38-234     2.80282607    3.04088048    2.60740269    3.02272072    2.91371605    2.95591986    3.01907080    2.35228108    3.30151082    2.45055522    2.98522326    2.72846696    2.84612665    3.17268189    2.98177941    2.57883649    2.86453597    2.95724344    2.69107245    3.05358802    3.22499386    3.19542652    3.42735609    2.78549632    2.80836153    2.48777891    2.84537572    3.40270801    2.93420496    2.72409248    1.87763556    1.80305919    0.00000000    1.86691208    2.57946715    2.69830221    3.08675673    3.38443303    3.44928262    3.41458247    3.18099768    2.94530392    2.98535205    3.53769407    3.38942595    3.19372953    3.27011890    2.61412814    2.81312734
Q9ABP3_CAUVC/35-230     2.12887273    2.82487028    2.64742146    2.80694338    2.48990447    2.70654894    3.08876347    2.77849618    3.34682507    3.22444207    2.98085165    2.99852370    3.13264138    2.94985005    2.83067765    3.05890973    3.03495849    2.76168741    2.78993276    2.69460858    3.32905991    3.32041649    3.21777849    2.99684629    3.19664640    3.10527887    3.46584282    3.41729106    2.54118491    3.10990665    2.42265588    2.37765822    1.86691208    0.00000000    3.20557504    2.43564176    3.46880106    3.03218305    3.72286509    3.26150525    3.10046982    2.52266019    3.58309962    3.66514916    3.61967732    2.44576265    3.63228900    2.73983717    2.91451151
B8GU54_THISH/47-256     2.59888515    2.84405472    2.61083328    2.74943423    2.69005381    2.60046280    2.78475879    2.48390618    2.53400861    2.52914771    2.78351602    2.64710277    2.73330791    2.19017416    2.67270031    2.54068007    2.56619728    2.57053738    2.48111294    3.02478815    2.52963146    2.50397953    2.67697077    3.37576465    1.89741446    1.94571774    2.25706928    2.69929401    2.97847576    3.34155243    2.79709886    2.98273175    2.57946715    3.20557504    0.00000000    1.96382039    3.08966096    2.59274039    2.77444048    2.74377534    2.59949894    2.70870523    2.89609730    2.45020557    2.81811265    2.08063848    1.97680506    1.53308658    2.37587706
L0E2I3_THIND/40-247     2.51594657    3.19590024    2.72295350    2.75497392    2.84720392    2.96733483    2.79879056    2.74207490    2.95404579    3.00135789    2.83487907    2.82417390    2.85447811    2.88247891    3.08599743    2.70500663    2.29779612    2.38141155    2.57391675    2.78278381    2.96302219    2.92768520    3.02124281    2.82031574    2.86763680    2.80442771    2.77843320    2.98000047    2.91473739    2.98399961    2.85558616    3.07468117    2.69830221    2.43564176    1.96382039    0.00000000    3.02421563    2.55114434    2.83412619    2.91623309    3.09574501    2.46495815    2.91819128    2.63060923    2.98816365    2.45046991    2.45904096    1.87605548    2.31206109
U5N8W7_9BURK/48-262     2.74063182    3.30100378    3.02102747    2.91382665    2.97993475    2.75807310    3.11100842    3.32865971    2.97951232    2.99105824    2.80603998    3.11106238    2.68716272    3.12971115    3.50252918    3.97982112    3.59806402    3.72768319    3.94421889    3.92625648    3.09574889    2.87035152    3.45273613    3.36740408    3.31867276    3.02382645    3.67983960    3.73086536    3.15186690    3.85096698    3.60090529    3.10413351    3.08675673    3.46880106    3.08966096    3.02421563    0.00000000    1.08793836    1.49056964    1.65973489    1.73293727    1.78169581    1.64792664    2.33761338    2.07062896    3.11165123    2.87075622    3.00852410    3.45333182
A2SKJ9_METPP/29-245     2.31380030    2.84668351    2.65149839    2.41977266    2.82502005    2.87610625    3.35377268    3.23363021    3.10482602    3.10144570    2.69887174    2.75150021    2.61143085    3.06170867    2.83544271    3.31007131    3.53272517    3.41743216    3.10741104    3.74153508    2.54730231    3.22990031    3.45522393    3.45095800    3.36346733    2.80283910    3.34440612    3.75262436    3.41456521    3.48440224    3.83379504    2.94220791    3.38443303    3.03218305    2.59274039    2.55114434    1.08793836    0.00000000    1.55134721    1.48815624    1.62913631    1.42776367    1.64596238    1.85949378    2.26980503    2.81442407    2.86608220    2.85016168    2.82772698
E5AKE8_MYCRK/47-255     2.92465631    2.84429678    2.59125225    2.76221184    2.89384556    2.60638607    2.92243379    3.11906536    2.93163006    2.99038416    3.00498301    3.04207836    3.06109074    3.08406087    3.04988733    3.39229547    3.23572234    3.37241470    3.00408293    3.68011367    2.81797059    2.92537901    3.09599270    3.32532691    3.05729966    2.96550790    3.33705323    3.24477681    3.60363834    3.57563929    3.35874846    2.96520743    3.44928262    3.72286509    2.77444048    2.83412619    1.49056964    1.55134721    0.00000000    0.58418093    0.61496113    1.06351650    1.16824171    2.21028490    2.07858055    2.88683906    3.31809671    2.93860531    3.04803496
H7C770_BURPS/48-256     2.65812348    2.89560519    2.52111453    2.79178700    2.95134722    2.88901578    2.99310240    3.24847232    2.83759024    2.80292528    3.07427136    2.89839489    2.88026082    3.20116608    3.24421797    3.18037786    3.08311040    3.30884879    3.08376169    3.55539626    2.87762884    3.30446351    3.38337093    3.37791140    2.87828451    2.86033089    3.14995150    3.42253697    3.34880083    3.53451291    2.93370395    3.08852711    3.41458247    3.26150525    2.74377534    2.91623309    1.65973489    1.48815624    0.58418093    0.00000000    0.42734345    1.15134426    1.38188237    2.18987771    2.02868765    3.06571030    3.45167571    2.89837213    3.08611334
B2JJQ1_PARP8/47-256     2.80409627    2.84684417    2.43775268    2.71423376    2.79773183    2.68077496    2.88376253    3.21107651    2.97576688    3.42914904    3.04348927    2.84787804    2.78682227    3.13000238    3.22145535    3.19220665    3.21967420    3.27297118    2.99121346    3.48178779    2.81439247    3.25709260    3.31622660    3.48793709    3.03265250    3.09494981    3.46454706    3.70086191    3.37080855    3.56313976    3.13320151    2.99732270    3.18099768    3.10046982    2.59949894    3.09574501    1.73293727    1.62913631    0.61496113    0.42734345    0.00000000    1.07385627    1.30691616    2.17622902    2.34134729    2.88612578    3.34289155    2.96013128    3.21434059
Q8XUS2_RALSO/65-280     2.82315517    2.92245343    2.73447071    2.46752189    2.79684398    2.87072862    3.05490146    2.50715065    2.94562632    2.88988553    3.04084705    2.37146411    2.60942095    3.10026971    3.02874142    2.61795001    3.14376137    3.25115152    2.94678091    3.40414369    2.70656437    3.11583995    3.08558466    3.63572569    2.99912879    2.86371825    2.82836399    2.94647219    3.00581183    3.13634250    3.13327539    2.73719407    2.94530392    2.52266019    2.70870523    2.46495815    1.78169581    1.42776367    1.06351650    1.15134426    1.07385627    0.00000000    1.29259809    1.98600612    2.28197958    2.80726896    3.21596400    2.20203324    2.97468188
G0AE24_COLFT/44-253     3.05526890    3.15593901    2.75798513    2.56337190    2.96280531    2.85977303    3.03626976    3.02256073    3.04268400    3.05425082    3.25516921    3.03884212    2.81560293    3.25296519    3.17418000    2.96056264    3.09263753    3.32559292    3.36259313    3.86818721    2.92548798    3.39731581    3.34662246    3.83428453    2.89314312    3.09995503    3.34172796    3.22764045    3.33069369    3.15357574    3.71960477    3.21953570    2.98535205    3.58309962    2.89609730    2.91819128    1.64792664    1.64596238    1.16824171    1.38188237    1.30691616    1.29259809    0.00000000    1.96170242    2.08718688    3.04248050    2.96531945    2.87984009    3.09964029
Q7NRH6_CHRVO/38-242     2.85553289    3.15543498    2.79972120    2.83334485    2.84553633    2.99157505    3.59987923    3.05744606    3.12967700    2.84124195    2.96024693    2.99019254    2.90259774    3.25312314    3.28514755    3.69554587    3.46539996    3.27535663    3.14845156    3.45425584    2.85204304    3.11315391    3.20363211    3.60481838    3.15585987    2.87763253    2.88316529    3.52781708    3.54439064    4.04313650    3.93038052    3.62441648    3.53769407    3.66514916    2.45020557    2.63060923    2.33761338    1.85949378    2.21028490    2.18987771    2.17622902    1.98600612    1.96170242    0.00000000    2.22446142    2.72342410    2.94109905    2.81817427    3.00841885
S6B3C7_SULDS/47-258     3.15519097    3.12751693    2.82816986    2.73768614    3.39179035    3.43910027    3.32783646    3.01542205    3.08547174    2.83106818    3.39480711    3.57619944    3.16192193    3.00409178    3.85740968    3.91094994    3.75696354    3.70171816    3.77921202    4.23257828    3.03626110    2.88619519    3.01692658    3.65330368    3.32064558    2.98229146    3.45738572    2.80168285    3.76305417    3.33579560    3.66534676    3.62270509    3.38942595    3.61967732    2.81811265    2.98816365    2.07062896    2.26980503    2.07858055    2.02868765    2.34134729    2.28197958    2.08718688    2.22446142    0.00000000    3.32669880    3.40132768    3.15052936    3.71833166
Q0A614_ALKEH/44-255     2.23475080    2.75109320    2.42963285    2.17619749    2.19185778    2.26844837    2.48048427    2.23051365    2.11608780    2.28682292    2.22157242    2.46439034    2.18945398    2.45830705    2.41169419    2.41269220    2.43577930    2.50556936    2.22147018    2.70019701    2.38273974    2.52083877    2.54898262    3.26221680    2.27145204    2.36895876    2.25165613    2.79965452    3.03681014    2.84960138    3.34393520    2.89339392    3.19372953    2.44576265    2.08063848    2.45046991    3.11165123    2.81442407    2.88683906    3.06571030    2.88612578    2.80726896    3.04248050    2.72342410    3.32669880    0.00000000    2.24102310    1.52935111    2.27044269
D0KWL8_HALNC/51-269     2.67919450    2.46551782    2.70781122    2.64626437    2.79603274    2.70755325    2.67719114    2.46733458    2.51387893    2.00363631    2.48174369    2.57925944    2.32100907    2.25587040    2.36610955    2.45251792    2.76651533    2.40689451    2.82205457    2.59913679    2.70767952    2.69072064    2.42076192    3.22320869    3.06079621    2.53708419    2.91806483    3.66734979    3.34410676    3.74755506    3.97188672    3.44037468    3.27011890    3.63228900    1.97680506    2.45904096    2.87075622    2.86608220    3.31809671    3.45167571    3.34289155    3.21596400    2.96531945    2.94109905    3.40132768    2.24102310    0.00000000    1.80648415    2.06995152
W8KYC2_9GAMM/46-254     2.37236077    2.25908684    2.32099870    2.15154331    2.21358882    2.52623403    2.39842278    2.15032558    2.27105670    2.32350878    2.43966614    2.50880123    2.51818917    2.28979110    2.28418814    2.06821191    2.22983270    2.13267460    2.22136592    2.43246743    2.73538048    2.63900121    2.90108849    2.85998591    2.42636561    2.27315638    2.63154601    2.85901141    2.89795762    2.77445534    3.18605882    2.69869225    2.61412814    2.73983717    1.53308658    1.87605548    3.00852410    2.85016168    2.93860531    2.89837213    2.96013128    2.20203324    2.87984009    2.81817427    3.15052936    1.52935111    1.80648415    0.00000000    2.03533734
H8L5N4_FRAAD/44-251     2.23117766    2.86610008    2.56024599    2.58960630    2.70548395    2.76385320    2.81157115    2.64868362    2.41680825    2.22535964    2.32973444    2.56122211    2.46799763    2.51552115    2.47235976    2.59115813    2.35744559    2.39749886    2.65017097    3.01842261    2.31579601    2.40702678    2.70806262    3.04302758    2.85889775    2.64916151    2.50349711    3.25546181    3.15340738    2.82969379    2.91151220    3.06373618    2.81312734    2.91451151    2.37587706    2.31206109    3.45333182    2.82772698    3.04803496    3.08611334    3.21434059    2.97468188    3.09964029    3.00841885    3.71833166    2.27044269    2.06995152    2.03533734    0.00000000

