27
O26005_HELPY/59-248     0.00000000    1.25041075    1.44364633    1.59069045    1.58918629    1.70153812    2.31411436    1.77612562    1.45131041    1.25853606    1.27347843    1.34933025    1.44219499    1.52546371    1.32747946    1.33167912    1.12784417    1.26328293    1.70168483    2.91818037    3.03205570    2.41446592    2.27508424    1.81775690    1.60170343    2.43751788    2.13526323
O25382_HELPY/93-270     1.25041075    0.00000000    1.06331708    1.27212784    1.53583272    1.74919651    2.17737038    1.95291675    1.14484049    0.93918969    1.00889492    1.03004088    1.28795189    1.36094615    1.10391308    1.22242091    1.17812885    1.47171855    1.63658180    2.75670262    3.04265758    2.22705651    2.13736848    1.54982090    1.33138930    2.50930890    1.86913866
O26031_HELPY/157-388     1.44364633    1.06331708    0.00000000    1.30410331    1.43040098    1.41355675    1.86601004    1.74142095    1.09744605    1.01096355    1.16427361    1.09918107    1.27949861    1.33931610    1.17450681    1.19790141    1.23692163    1.49922621    1.71478256    3.01689525    2.66182926    2.14585841    2.21193808    1.49792152    1.55376597    2.12419237    2.01246991
O25410_HELPY/89-273     1.59069045    1.27212784    1.30410331    0.00000000    1.60129011    1.59292692    2.07980931    2.09894269    1.37309144    1.31909530    1.42827677    1.50827218    1.59630558    1.65615422    1.41652491    1.54017720    1.46476672    1.49873983    1.81298213    2.46911982    2.59190160    2.82469922    2.63322475    1.50254366    1.69184721    2.66626760    1.97811300
O25222_HELPY/196-367     1.58918629    1.53583272    1.43040098    1.60129011    0.00000000    1.22634139    1.93457121    1.86504817    1.57208683    1.31064244    1.37854960    1.36275940    1.60818651    1.94750779    1.39063149    1.57159492    1.61622729    1.46724018    1.98785151    3.12436471    2.60525446    2.39587429    2.77218612    1.86105913    1.64797695    2.01760334    2.35671850
O24908_HELPY/422-595     1.70153812    1.74919651    1.41355675    1.59292692    1.22634139    0.00000000    1.91054444    1.89031780    1.57775531    1.43794993    1.62603877    1.50382845    1.50283087    1.55816819    1.39170888    1.59928436    1.75035420    1.59485943    1.99114004    2.77433270    3.61916736    2.72981724    2.72067331    1.69892159    1.97644769    2.21473639    2.33379957
O25481_HELPY/105-278     2.31411436    2.17737038    1.86601004    2.07980931    1.93457121    1.91054444    0.00000000    2.13533934    1.92029315    1.90676516    1.97543056    1.95488048    2.25324530    2.20319272    1.75688249    2.06074146    2.13876807    2.20040311    2.20507100    3.45219330    4.02786775    2.28483767    2.56893865    2.52982864    2.15130267    2.86404978    2.68348806
O25355_HELPY/100-301     1.77612562    1.95291675    1.74142095    2.09894269    1.86504817    1.89031780    2.13533934    0.00000000    1.65734033    1.86901849    1.91747575    1.83756275    2.00082612    1.96976030    2.20963263    2.14808177    2.08055437    1.76168658    2.38713510    3.51310871    3.44711375    2.85052750    2.48049065    2.06196600    2.31777266    2.27284825    2.04303109
O25015_HELPY/325-483     1.45131041    1.14484049    1.09744605    1.37309144    1.57208683    1.57775531    1.92029315    1.65734033    0.00000000    0.34856964    0.42878217    0.44397664    1.16685108    1.18403535    1.38306263    1.31413395    1.05502615    1.20713191    1.44052517    2.34848492    2.47620058    2.13319285    1.99358010    1.28900873    1.34904257    2.04409514    1.62663650
O25791_HELPY/468-641     1.25853606    0.93918969    1.01096355    1.31909530    1.31064244    1.43794993    1.90676516    1.86901849    0.34856964    0.00000000    0.25987020    0.23989286    1.17148417    1.18014569    1.34297663    1.35169483    1.10282200    1.39410048    1.63813524    2.25702669    2.54656955    2.49428496    2.34900552    1.40736083    1.40246038    2.21128112    1.60723327
O24870_HELPY/542-711     1.27347843    1.00889492    1.16427361    1.42827677    1.37854960    1.62603877    1.97543056    1.91747575    0.42878217    0.25987020    0.00000000    0.30888014    1.24680086    1.34134315    1.34368889    1.42726889    1.05411102    1.37386352    1.63955446    2.37034222    2.43303459    2.36615555    2.08448099    1.36321211    1.38600502    2.27583941    1.92961040
O25086_HELPY/572-745     1.34933025    1.03004088    1.09918107    1.50827218    1.36275940    1.50382845    1.95488048    1.83756275    0.44397664    0.23989286    0.30888014    0.00000000    1.21427383    1.21794028    1.40839728    1.42946456    1.13742028    1.38365285    1.73611093    2.39747513    2.43494171    2.48580921    2.22630198    1.39668769    1.42950471    2.12248745    1.86352248
O25570_HELPY/351-515     1.44219499    1.28795189    1.27949861    1.59630558    1.60818651    1.50283087    2.25324530    2.00082612    1.16685108    1.17148417    1.24680086    1.21427383    0.00000000    0.49350801    1.17072631    0.95323538    1.13556897    1.18428507    1.51436309    2.50168386    2.62122475    2.57347621    2.69590819    1.68338633    1.52808056    2.44975279    2.05164235
O25571_HELPY/367-529     1.52546371    1.36094615    1.33931610    1.65615422    1.94750779    1.55816819    2.20319272    1.96976030    1.18403535    1.18014569    1.34134315    1.21794028    0.49350801    0.00000000    1.29396711    1.13719848    1.03198821    1.25644100    1.43001931    2.49525724    2.75927774    2.51603535    2.49094242    1.45199999    1.66739190    2.67898765    2.11709422
O25034_HELPY/325-487     1.32747946    1.10391308    1.17450681    1.41652491    1.39063149    1.39170888    1.75688249    2.20963263    1.38306263    1.34297663    1.34368889    1.40839728    1.17072631    1.29396711    0.00000000    0.71190685    1.01467226    1.20983195    1.46811675    2.38657946    2.62470600    2.27913060    2.21163761    1.62003670    1.67770315    2.29935542    2.15216208
O25771_HELPY/533-696     1.33167912    1.22242091    1.19790141    1.54017720    1.57159492    1.59928436    2.06074146    2.14808177    1.31413395    1.35169483    1.42726889    1.42946456    0.95323538    1.13719848    0.71190685    0.00000000    0.88259399    1.05913189    1.53145886    2.60002071    2.78568983    2.34696610    2.84647713    1.68944205    1.57337649    2.42706017    1.92201503
O25036_HELPY/263-431     1.12784417    1.17812885    1.23692163    1.46476672    1.61622729    1.75035420    2.13876807    2.08055437    1.05502615    1.10282200    1.05411102    1.13742028    1.13556897    1.03198821    1.01467226    0.88259399    0.00000000    0.81307179    1.31110288    2.67832196    2.84306742    2.58045642    2.41088532    1.50709261    1.62162202    2.42276809    2.14918488
O25772_HELPY/1058-1230     1.26328293    1.47171855    1.49922621    1.49873983    1.46724018    1.59485943    2.20040311    1.76168658    1.20713191    1.39410048    1.37386352    1.38365285    1.18428507    1.25644100    1.20983195    1.05913189    0.81307179    0.00000000    1.65716946    2.75739628    2.81628103    2.34515741    2.47901488    1.73098387    1.66377752    2.21511387    2.38012237
O25091_HELPY/94-254     1.70168483    1.63658180    1.71478256    1.81298213    1.98785151    1.99114004    2.20507100    2.38713510    1.44052517    1.63813524    1.63955446    1.73611093    1.51436309    1.43001931    1.46811675    1.53145886    1.31110288    1.65716946    0.00000000    2.98521415    2.88204095    2.09112342    2.37237887    1.56998388    1.80125372    2.22087160    2.40984420
O25695_HELPY/136-314     2.91818037    2.75670262    3.01689525    2.46911982    3.12436471    2.77433270    3.45219330    3.51310871    2.34848492    2.25702669    2.37034222    2.39747513    2.50168386    2.49525724    2.38657946    2.60002071    2.67832196    2.75739628    2.98521415    0.00000000    1.75830720    3.30119628    3.29668723    2.89860138    3.11119117    3.60768037    3.20183591
O26003_HELPY/88-231     3.03205570    3.04265758    2.66182926    2.59190160    2.60525446    3.61916736    4.02786775    3.44711375    2.47620058    2.54656955    2.43303459    2.43494171    2.62122475    2.75927774    2.62470600    2.78568983    2.84306742    2.81628103    2.88204095    1.75830720    0.00000000    3.31935746    3.88745569    3.00917919    2.82606980    3.09371960    3.06885914
O25706_HELPY/49-200     2.41446592    2.22705651    2.14585841    2.82469922    2.39587429    2.72981724    2.28483767    2.85052750    2.13319285    2.49428496    2.36615555    2.48580921    2.57347621    2.51603535    2.27913060    2.34696610    2.58045642    2.34515741    2.09112342    3.30119628    3.31935746    0.00000000    1.00032878    2.39357375    2.44087280    2.73110983    3.35466799
O26053_HELPY/60-211     2.27508424    2.13736848    2.21193808    2.63322475    2.77218612    2.72067331    2.56893865    2.48049065    1.99358010    2.34900552    2.08448099    2.22630198    2.69590819    2.49094242    2.21163761    2.84647713    2.41088532    2.47901488    2.37237887    3.29668723    3.88745569    1.00032878    0.00000000    1.91511208    2.53111596    2.84669826    3.06903512
O25945_HELPY/59-242     1.81775690    1.54982090    1.49792152    1.50254366    1.86105913    1.69892159    2.52982864    2.06196600    1.28900873    1.40736083    1.36321211    1.39668769    1.68338633    1.45199999    1.62003670    1.68944205    1.50709261    1.73098387    1.56998388    2.89860138    3.00917919    2.39357375    1.91511208    0.00000000    1.72905124    2.22746453    2.23125519
O24941_HELPY/114-286     1.60170343    1.33138930    1.55376597    1.69184721    1.64797695    1.97644769    2.15130267    2.31777266    1.34904257    1.40246038    1.38600502    1.42950471    1.52808056    1.66739190    1.67770315    1.57337649    1.62162202    1.66377752    1.80125372    3.11119117    2.82606980    2.44087280    2.53111596    1.72905124    0.00000000    2.13997008    1.85655753
O25735_HELPY/82-230     2.43751788    2.50930890    2.12419237    2.66626760    2.01760334    2.21473639    2.86404978    2.27284825    2.04409514    2.21128112    2.27583941    2.12248745    2.44975279    2.67898765    2.29935542    2.42706017    2.42276809    2.21511387    2.22087160    3.60768037    3.09371960    2.73110983    2.84669826    2.22746453    2.13997008    0.00000000    1.73766868
O25740_HELPY/98-277     2.13526323    1.86913866    2.01246991    1.97811300    2.35671850    2.33379957    2.68348806    2.04303109    1.62663650    1.60723327    1.92961040    1.86352248    2.05164235    2.11709422    2.15216208    1.92201503    2.14918488    2.38012237    2.40984420    3.20183591    3.06885914    3.35466799    3.06903512    2.23125519    1.85655753    1.73766868    0.00000000

