86
Q12TU7_METBU/83-312     0.00000000    1.07467425    1.31569789    1.18643611    1.19547124    1.07963238    1.08864592    0.96340277    1.28819062    1.20853280    1.10331644    1.39451655    1.22863843    1.56064357    1.76957588    1.41585962    1.68215771    1.72950204    1.66428293    1.60407635    1.55685428    1.50265992    1.39531296    1.72001932    1.40511654    1.55041782    2.11392465    1.85216823    1.94561152    2.16342589    2.05383984    2.38302507    2.69131967    2.49204588    2.41078504    2.06955939    1.71444021    1.48766083    1.71730170    1.76195577    1.90903223    1.64464608    1.47408576    1.53894479    1.64173252    1.68124315    1.66369816    1.47522973    1.46887689    1.57799216    1.50525523    1.44115998    1.62180600    1.55392768    1.41437304    1.53213832    1.50467803    1.53897542    1.59338466    1.52136613    1.43247256    2.62898309    2.83450749    2.88048998    2.67675020    2.06655234    2.27876416    2.74504571    2.84506873    1.20332256    1.29984190    1.40634132    1.27723554    1.33487336    1.28742331    1.20216577    1.46786192    1.45411886    1.31543004    1.60143664    1.48977551    1.14217550    1.16450907    1.28902373    1.13490592    1.15033452
A7I8M8_METB6/49-286     1.07467425    0.00000000    0.80959170    0.95494652    1.08549369    1.03538750    0.93920854    0.77658655    1.05310879    0.88594921    0.98056846    1.04110996    0.97679650    1.33981819    1.58701116    1.09045149    1.36978525    1.32948478    1.43888832    1.43887566    1.34011034    1.37427800    1.30109658    1.68630972    1.17809890    1.45596553    1.97933504    2.03125135    2.27614208    2.30492043    2.13214501    2.47731683    2.53018158    2.86465884    2.67573759    2.43512924    1.63046464    1.52830395    1.44590344    1.53216151    1.81044023    1.51268524    1.37784165    1.40807134    1.69558544    1.52360651    1.38199677    1.37319670    1.41367155    1.25664134    1.30450467    1.12057241    1.34955124    1.35351990    1.25149846    1.19487300    1.27600111    1.38828296    1.45070175    1.23528355    1.37305818    2.69499717    2.97629291    3.33984087    3.28660442    1.90968536    2.40985238    3.03724342    3.30046375    1.15117513    1.21423671    1.04131872    0.98960282    0.96311156    1.01719630    1.03860259    1.37584774    1.20661738    1.19576880    1.36965839    1.16191078    0.87485640    1.00033814    1.04523808    1.18137829    0.98770906
O27791_METTH/75-302     1.31569789    0.80959170    0.00000000    0.94717950    1.08930152    0.95617037    0.93417300    0.97874594    1.03615226    1.00824865    1.00182272    1.37916539    0.88083108    1.33020018    1.62929706    1.15400551    1.39227751    1.17561920    1.64081487    1.49994535    1.54736154    1.61670521    1.52011663    1.64854576    1.16537469    1.50820924    1.99903209    1.88912565    1.91202719    2.04461920    1.88307337    3.01013706    2.68737383    2.87198991    2.50415557    2.33226562    1.49925787    1.37209744    1.34460166    1.55959998    1.74049184    1.53580703    1.44919354    1.52418938    1.68234684    1.50067891    1.46455054    1.49421338    1.36030061    1.41114039    1.31941132    1.05422377    1.27313026    1.31088323    1.24502869    1.29460761    1.40583088    1.28545341    1.37894924    1.34195990    1.19403775    2.47203453    2.78966241    3.07994888    2.73626177    1.81667303    2.17118562    2.73879219    3.24798278    1.23131897    1.30724538    1.15537440    1.08601457    1.10639332    1.14525862    1.29341716    1.42596044    1.28620720    1.31923005    1.39955928    1.30140344    1.05852409    1.07653436    1.15649660    1.14087132    0.97526129
Q2NHE4_METST/76-299     1.18643611    0.95494652    0.94717950    0.00000000    0.90129404    0.96845220    0.90306613    0.94846017    0.99486677    1.07007807    1.08394697    1.30455505    1.08313820    1.44987097    1.77849874    1.25157534    1.42314383    1.31300528    1.76221736    1.53399317    1.42531877    1.45378965    1.47831220    1.86016351    1.40396201    1.59901542    2.26216159    2.04502409    2.19858265    2.24859978    2.28944418    2.86416250    2.74752201    2.84286673    2.68570865    2.67829448    1.73768116    1.45745659    1.62610639    1.55227726    1.84646802    1.62255989    1.55089785    1.58390653    1.70547953    1.81366754    1.62681112    1.44260813    1.27685873    1.52442145    1.40950986    1.30770777    1.51034254    1.55318674    1.51722239    1.34597407    1.51052767    1.47379185    1.40994370    1.37552797    1.25598075    3.10202953    3.04581101    3.04163045    3.29114987    1.90261834    2.49091376    2.91038656    2.70602436    1.11511690    1.37055649    1.19254816    1.06593682    1.33916146    1.27264827    1.39690108    1.39682322    1.26022888    1.30917002    1.30778023    1.34554505    1.03310585    1.05430698    1.21777529    1.14986553    1.20239872
Q2NFN1_METST/75-302     1.19547124    1.08549369    1.08930152    0.90129404    0.00000000    0.95247645    0.95342636    0.99124056    1.14583596    1.26288969    0.99716692    1.37058420    1.08198160    1.31142831    1.49135510    1.44599709    1.51608186    1.55024716    1.59797424    1.54579356    1.50660661    1.33322728    1.57704961    1.81617434    1.39146480    1.52869336    2.07006183    1.86838351    2.18996941    2.14617148    2.04656879    2.71321474    2.68158790    2.58283619    2.43623099    2.27130187    1.52504223    1.53195163    1.53999669    1.49160245    1.77323978    1.59345157    1.41024874    1.61870166    1.62951305    1.68041149    1.44934471    1.37045351    1.34155807    1.45071145    1.52818296    1.30838063    1.56738648    1.58562290    1.53972938    1.53920519    1.37683289    1.61639192    1.57369688    1.31305065    1.28097895    2.86192674    2.75617605    2.93561450    2.93256997    1.95358641    2.14215384    2.79832555    2.73871431    1.08599088    1.30418816    1.27729195    1.19004117    1.38972106    1.41617458    1.42128616    1.38068460    1.40595119    1.47120131    1.51250911    1.42989275    1.11632065    1.33614738    1.30012492    1.26418791    1.14088268
A8MI75_ALKOO/75-309     1.07963238    1.03538750    0.95617037    0.96845220    0.95247645    0.00000000    0.69847831    0.75451010    0.84459939    0.87032747    0.93630314    1.04375062    0.96348434    1.17154662    1.46895425    1.04878150    1.32124843    1.16062438    1.63053594    1.56149090    1.38449173    1.31250471    1.22105442    1.59710673    1.21498438    1.33568430    1.81791150    1.86921607    2.12738131    1.98208235    2.04884024    2.85919058    2.58478198    2.51617583    2.60049859    2.06542463    1.26915804    1.28762806    1.30487879    1.25811303    1.42890902    1.38587117    1.36263740    1.46730371    1.55966451    1.44552184    1.26163064    1.20433045    1.08938864    1.22394684    1.20610154    0.97115330    1.35665689    1.12988090    1.34991140    1.25973940    1.23341294    1.28663905    1.32775672    1.16172742    1.09965624    2.52036816    2.71134489    2.55277442    2.58648570    1.62918757    1.89279473    2.84147984    2.90055030    0.94534159    1.19097300    1.09103288    0.98042645    1.21365710    1.11205306    1.23340099    1.14879416    1.17623606    1.24177412    1.40522979    1.35853959    0.97195004    0.79800304    0.99870060    0.92948531    0.85224820
Q189P9_CLOD6/75-302     1.08864592    0.93920854    0.93417300    0.90306613    0.95342636    0.69847831    0.00000000    0.66501073    0.80995855    0.97062541    0.90479898    1.20439599    1.06332102    1.33933291    1.61507492    1.28710721    1.35279366    1.28652520    1.61947085    1.46143430    1.28666601    1.35335955    1.32386846    1.52784468    1.36687016    1.36447013    2.02629901    1.86915404    2.08352083    2.04761184    2.03758861    2.98508964    2.65815367    2.82521523    2.52047637    2.54789626    1.42338096    1.21761990    1.40740291    1.30039950    1.42941600    1.50551972    1.34645620    1.52301086    1.48279494    1.67621006    1.39334954    1.24611542    1.16320847    1.40593309    1.27077140    1.25275797    1.45767108    1.15251341    1.28979740    1.24823822    1.41797648    1.38219818    1.36805101    1.26346235    1.29729084    2.33309624    2.86731177    2.80237231    2.89898106    1.59081402    1.94602704    2.55624217    2.93040451    1.04214273    1.24893443    1.09002405    1.00382181    1.27523116    1.23380692    1.25403253    1.25396561    1.20114264    1.12111164    1.32665304    1.21159874    0.76578689    0.97260654    1.12338915    1.02160393    0.92856502
A0PZP3_CLONN/75-295     0.96340277    0.77658655    0.97874594    0.94846017    0.99124056    0.75451010    0.66501073    0.00000000    0.78569220    0.84783091    0.85000727    1.04940751    0.95646800    1.28941126    1.59191765    1.15617038    1.24238307    1.18162761    1.44845986    1.35169295    1.37187320    1.28832137    1.43990629    1.50864193    1.26182245    1.21917335    1.79543333    1.83487260    1.83967553    1.85442577    1.92692807    2.61660454    2.33462119    2.47065203    2.35205787    1.96956911    1.42431378    1.26019141    1.35976624    1.18359830    1.48414806    1.37339960    1.17275472    1.34559138    1.40178510    1.37823755    1.40508370    1.17485134    1.12388945    1.18317277    1.23010513    1.02926233    1.35960711    1.19979870    1.17291203    1.22496265    1.20084936    1.12289486    1.27587300    1.17402249    1.16800028    2.60667208    2.50345899    2.73363434    2.67093823    1.67135114    1.86659971    2.79246147    2.99464936    0.98675773    1.10011000    0.97838689    0.96760549    1.09622713    1.01033153    1.05889018    1.19724392    1.08954662    1.05256962    1.27105796    1.15213642    0.74288357    0.78008387    0.91807806    0.87447200    0.78542422
Q251H1_DESHY/84-316     1.28819062    1.05310879    1.03615226    0.99486677    1.14583596    0.84459939    0.80995855    0.78569220    0.00000000    0.75510906    0.82548571    1.23139005    0.99378241    1.21465992    1.51140369    1.14785725    1.55606554    1.17690162    1.64794079    1.45564914    1.48026887    1.39607323    1.30443981    1.57251863    1.22391856    1.34228017    1.88564249    1.85675759    2.09053653    1.87962944    1.81965207    2.93250887    2.91124668    2.95300117    2.50563385    2.30013642    1.43409852    1.42699169    1.30791365    1.27481411    1.35726027    1.55070398    1.37182096    1.42147527    1.59269402    1.56543588    1.40179251    1.27308264    1.22057386    1.27043786    1.18703122    1.15442174    1.36342201    1.10255243    1.33706851    1.26807036    1.27374883    1.28203505    1.31486775    1.29397271    1.16926829    2.52304275    2.45000734    2.66870646    2.49079146    1.60772688    1.94927763    2.59261154    2.76705639    1.01783901    1.12640212    0.96967885    1.02198772    1.06455862    1.10695966    1.15859667    1.27326339    1.18726246    1.22258186    1.38434309    1.21831641    0.86130399    0.88256516    0.90856155    1.09542302    0.87178312
Q2RHS5_MOOTA/75-302     1.20853280    0.88594921    1.00824865    1.07007807    1.26288969    0.87032747    0.97062541    0.84783091    0.75510906    0.00000000    0.76229811    1.15543054    0.99423935    1.11342580    1.64897744    1.03398290    1.28991811    1.19053103    1.59275936    1.45262968    1.47249465    1.30583935    1.24005063    1.45101165    1.29416297    1.32719993    1.93014814    1.71317121    2.13737951    2.03913813    1.87718222    2.71647429    2.65123307    2.60800717    2.53952634    2.31732750    1.41374245    1.35392845    1.23440293    1.45369341    1.74815094    1.45265326    1.38486567    1.45133755    1.66830830    1.44739410    1.28006246    1.26522590    1.12893101    1.30283434    1.12048018    0.90869113    1.19185665    1.13948607    1.22410886    1.26180682    1.15133274    1.23566642    1.25619991    1.28394149    1.24435204    2.62386034    2.55404282    2.55833539    2.61954874    1.72092290    1.88566917    2.56663220    3.10102642    1.15532589    1.18834465    0.91467178    1.01596405    1.10637101    0.96738981    1.06876796    1.30056266    1.25917646    1.18912160    1.45695570    1.15368791    0.95872484    0.90145404    0.90370795    1.03641468    0.86022266
Q0AXY7_SYNWW/72-300     1.10331644    0.98056846    1.00182272    1.08394697    0.99716692    0.93630314    0.90479898    0.85000727    0.82548571    0.76229811    0.00000000    1.20317921    1.03519533    1.15339050    1.67155907    0.99012601    1.41864233    1.32176465    1.48888606    1.36756780    1.51108107    1.35151426    1.45611579    1.56408656    1.22143037    1.45694730    2.04516871    1.82260621    1.93841876    1.99919651    1.83843812    2.83132015    2.62253985    2.40244068    2.33160590    2.35665410    1.26683758    1.38395983    1.38204559    1.38167222    1.64967657    1.53407345    1.46586270    1.50769720    1.69715691    1.49502022    1.40198574    1.41110332    1.27782788    1.37276870    1.27351783    1.13365963    1.41248314    1.29933344    1.55106565    1.35007474    1.19132877    1.43731594    1.46481119    1.28015903    1.17873862    2.44153138    2.79614717    2.83751168    2.50367916    1.65880360    2.01243955    2.67500287    3.02813796    1.12732672    1.26010611    1.02773282    1.28998181    1.30892392    1.11717751    1.08080508    1.28347993    1.15836977    1.27745746    1.48029180    1.35688892    0.91784741    0.95862091    1.05048105    1.04387052    0.92254419
Q73RL7_TREDE/74-294     1.39451655    1.04110996    1.37916539    1.30455505    1.37058420    1.04375062    1.20439599    1.04940751    1.23139005    1.15543054    1.20317921    0.00000000    0.93407901    1.15947489    1.47322302    1.05357901    1.51756523    1.46454524    1.41301145    1.40949442    1.39774352    1.21749632    1.35715295    1.68140884    1.24097544    1.22716900    1.80825164    1.67830489    1.75041091    1.75005695    1.67891477    2.93942944    2.44244490    2.71463110    2.43596686    2.05858279    1.52401228    1.35752867    1.38467518    1.30556755    1.61908201    1.64078670    1.41929925    1.37080158    1.54008861    1.62043135    1.52558659    1.32219667    1.35025173    1.29195676    1.30700087    1.14275611    1.20191528    1.21413624    1.19663269    1.26740235    1.15449282    1.36381362    1.34265797    1.21575577    1.26501293    2.33701847    2.52110556    2.71173205    2.87393627    1.73811195    1.98478452    2.82776294    3.16702554    1.19081850    1.16711375    1.14131788    1.15228822    1.31349658    1.14843277    1.16259029    1.39365200    1.36035499    1.41528502    1.51077074    1.42396155    1.06751260    1.08321178    1.07908364    1.20153198    1.07473913
Q39ZN4_GEOMG/82-299     1.22863843    0.97679650    0.88083108    1.08313820    1.08198160    0.96348434    1.06332102    0.95646800    0.99378241    0.99423935    1.03519533    0.93407901    0.00000000    0.90440452    1.42739256    0.89409454    1.38626955    1.27695633    1.32853297    1.27417475    1.50669415    1.43144785    1.36057283    1.49133906    1.17459959    1.35681365    1.80493729    1.88666322    1.75062019    1.77294989    1.59532617    2.40094598    2.65478253    2.48157424    2.21969798    2.43466993    1.46744323    1.50633203    1.44719339    1.37075294    1.91135379    1.64617623    1.39027255    1.45570380    1.63395613    1.55900470    1.42536943    1.20514767    1.20237230    1.46837125    1.38330341    1.07850092    1.38429614    1.35665918    1.27744847    1.26458977    1.22190227    1.40611640    1.31027990    1.37268389    1.15455199    2.74090878    2.84730354    3.18462342    2.94490923    1.96955993    2.11032261    2.47442304    2.94603043    1.17449430    1.25358970    1.08482872    1.13081727    1.23495280    1.12114467    1.13490871    1.30471110    1.25231137    1.20974916    1.34109324    1.24020359    0.91855478    0.98045727    1.06994184    1.17084501    1.02703620
Q6AMS9_DESPS/72-324     1.56064357    1.33981819    1.33020018    1.44987097    1.31142831    1.17154662    1.33933291    1.28941126    1.21465992    1.11342580    1.15339050    1.15947489    0.90440452    0.00000000    1.26028370    0.84302188    1.59518697    1.49129245    1.69621928    1.67110090    1.72179350    1.47191194    1.51760960    1.82377963    1.66742272    1.70811355    2.38801727    2.17227129    2.21012536    2.16132995    2.30536778    2.82629340    2.75762828    2.69025061    2.59763967    2.68841907    1.55722501    1.67390587    1.58959089    1.52427248    1.90888244    1.67648738    1.46478543    1.44887937    1.59832484    1.84912338    1.62161277    1.43383436    1.50123892    1.55647647    1.37425930    1.27772723    1.23016334    1.19656305    1.43746848    1.31183591    1.36242720    1.39469586    1.63194722    1.39911629    1.46364727    2.70081491    2.72536890    2.98220706    2.89173085    1.85735543    2.18208087    2.76688228    2.86710073    1.30695535    1.30046237    1.31779022    1.34719620    1.31359346    1.26557329    1.30259535    1.58412277    1.48707439    1.35368138    1.54576503    1.55333091    1.31635241    1.31308542    1.27990977    1.31863789    1.21028771
A8ZWY4_DESOH/80-300     1.76957588    1.58701116    1.62929706    1.77849874    1.49135510    1.46895425    1.61507492    1.59191765    1.51140369    1.64897744    1.67155907    1.47322302    1.42739256    1.26028370    0.00000000    1.30841918    1.90273377    1.81100741    1.95440637    1.78112020    1.83448701    1.78780156    1.81825211    1.65911322    1.59441052    1.83007292    2.11121204    2.35871846    2.30293357    2.26812486    2.19850335    2.51176615    2.91689597    2.98738692    3.16944117    2.86519623    1.99916850    1.76512185    1.65219187    1.88720353    2.10313999    2.05878222    1.69742446    1.72416116    2.10445920    1.99971556    1.85489126    1.92629324    1.69427736    1.98791789    1.89185572    1.79222808    1.79921704    1.88570648    1.90776478    1.77524777    1.89191921    1.90520097    1.62546149    1.82716602    1.75968461    3.26115727    3.16428155    3.69048054    3.21128598    2.35174988    2.67058143    3.49226081    3.93730991    1.72099642    1.91365072    1.83347316    1.69935980    1.75218464    1.67544090    1.77329113    1.63365569    1.67343542    1.75935713    1.69610979    1.58674945    1.57861612    1.60844218    1.79729320    1.78305489    1.63781185
A0LG11_SYNFM/82-299     1.41585962    1.09045149    1.15400551    1.25157534    1.44599709    1.04878150    1.28710721    1.15617038    1.14785725    1.03398290    0.99012601    1.05357901    0.89409454    0.84302188    1.30841918    0.00000000    1.35731449    1.41957143    1.41769826    1.14197364    1.57879191    1.43155413    1.38810971    1.52040134    1.43288533    1.48322148    2.09187432    1.92411155    2.04829513    1.88474085    1.92062016    2.59159615    2.38295819    2.32740384    2.36828244    2.26988955    1.44887263    1.47232251    1.44221872    1.49701907    1.84846299    1.55051336    1.39301620    1.37555203    1.62326148    1.62849254    1.53624425    1.54369847    1.45982571    1.39916177    1.30209926    1.08844251    1.33493187    1.32996161    1.30495719    1.33207970    1.23873772    1.38901092    1.52912251    1.21512002    1.25994174    2.33611625    2.59851778    2.59914290    2.66211281    1.82560574    2.01550135    2.67596057    2.74751284    1.37958783    1.35093556    1.20191704    1.29632837    1.13816112    1.26368064    1.19951292    1.59506295    1.46146966    1.59008523    1.62139365    1.62398601    1.29799915    1.22452929    1.33433489    1.25910051    1.18528922
B8CY59_HALOH/79-312     1.68215771    1.36978525    1.39227751    1.42314383    1.51608186    1.32124843    1.35279366    1.24238307    1.55606554    1.28991811    1.41864233    1.51756523    1.38626955    1.59518697    1.90273377    1.35731449    0.00000000    1.10039291    1.60821435    1.58633796    1.90530759    1.53907661    1.62512278    1.78183806    1.57715458    1.59202219    2.23065975    2.26690765    2.52113088    2.34278736    2.52961995    2.73667445    2.56318846    2.79340991    2.67111874    2.43338164    1.64708663    1.70136058    1.68212674    1.67630444    2.03497468    1.67473209    1.71744882    1.76315375    1.95450791    1.73771142    1.72406991    1.65549514    1.70652579    1.57143324    1.48295402    1.33969467    1.63196736    1.56207007    1.39127407    1.43292812    1.47956617    1.56708793    1.54302912    1.42690186    1.38388191    2.46450899    3.06564638    3.22381344    3.25491507    1.98645769    2.32718883    2.84498534    3.19972192    1.58886369    1.72645735    1.73332397    1.60081140    1.73624163    1.68656082    1.62485235    1.64978417    1.72812898    1.75808938    1.70068993    1.90965158    1.39854337    1.23448817    1.29383536    1.37476714    1.22270264
Q0AYD2_SYNWW/79-303     1.72950204    1.32948478    1.17561920    1.31300528    1.55024716    1.16062438    1.28652520    1.18162761    1.17690162    1.19053103    1.32176465    1.46454524    1.27695633    1.49129245    1.81100741    1.41957143    1.10039291    0.00000000    1.66455755    1.61627393    1.70865677    1.62559894    1.56791695    1.72904315    1.30837371    1.55408180    1.81158228    1.74810658    2.20458520    2.09063386    1.90191425    2.73216663    2.49777055    2.59136091    2.19275145    2.51035382    1.74168720    1.64199152    1.60607657    1.61571781    1.98991355    1.64560378    1.77066671    1.76465503    1.95746309    1.74911536    1.66984995    1.59413919    1.50314002    1.38255156    1.44985208    1.28505670    1.50445778    1.41597974    1.46058478    1.35241758    1.32412490    1.55978110    1.52056352    1.47176373    1.34039719    2.39605734    2.99302219    2.97340375    2.89572334    1.71919684    1.94561549    2.71524298    2.81755379    1.46224835    1.66904570    1.44886753    1.40506922    1.63318748    1.48558634    1.56389145    1.55153456    1.33486575    1.50197893    1.61821177    1.60319498    1.15503822    1.15123702    1.26748104    1.46327986    1.24478310
Q30WQ7_DESAG/79-353     1.66428293    1.43888832    1.64081487    1.76221736    1.59797424    1.63053594    1.61947085    1.44845986    1.64794079    1.59275936    1.48888606    1.41301145    1.32853297    1.69621928    1.95440637    1.41769826    1.60821435    1.66455755    0.00000000    0.71773491    1.48549332    1.48567282    1.35688805    1.67822353    1.33030139    1.33803891    2.20401778    2.04458785    2.24314687    2.07564262    1.98145201    2.76699582    2.47303327    2.71711034    2.47901432    2.35863522    1.49750648    1.45626896    1.42028221    1.41960283    1.66815576    1.38735349    1.38944805    1.35477924    1.55814173    1.22422771    1.27962783    1.34761136    1.37820486    1.20872204    1.16703377    1.18864656    1.22965837    1.27545643    1.08912871    1.19270688    1.14949266    1.15886072    1.33706900    1.37929711    1.28776783    2.11974113    2.76161305    2.66167270    2.84043184    2.03234909    2.15124025    2.87149826    2.82368546    1.65140649    1.41702671    1.44977375    1.58240011    1.42996802    1.42454880    1.38100220    1.68524706    1.72618015    1.61988862    1.64213442    1.85404123    1.48276264    1.38886836    1.54999605    1.37498693    1.54422404
Q72EC4_DESVH/77-311     1.60407635    1.43887566    1.49994535    1.53399317    1.54579356    1.56149090    1.46143430    1.35169295    1.45564914    1.45262968    1.36756780    1.40949442    1.27417475    1.67110090    1.78112020    1.14197364    1.58633796    1.61627393    0.71773491    0.00000000    1.45306194    1.41750729    1.42189983    1.60289378    1.36150533    1.49676510    2.03218166    1.97120031    2.05077553    1.84903711    1.90442662    2.74649207    2.78604456    2.77519874    2.67274016    2.40778203    1.52170659    1.36746805    1.27422270    1.41488368    1.70499507    1.46507215    1.20920817    1.12406947    1.45589550    1.39408214    1.38302895    1.23210432    1.29823802    1.17864161    1.06901989    1.07188335    1.21296545    1.26024879    1.11358604    1.12627039    1.14075793    1.11449283    1.28175733    1.25469657    1.20469661    2.30556419    2.73485023    2.86298920    2.98894630    1.98665651    2.36999368    2.94839989    3.07613070    1.53291652    1.57738883    1.40448277    1.45167966    1.40361036    1.51042401    1.53381358    1.77001076    1.71405043    1.67487523    1.77031455    1.69952681    1.48334276    1.39541730    1.53144175    1.50390004    1.52914864
A4ANZ5_MARSH/79-315     1.55685428    1.34011034    1.54736154    1.42531877    1.50660661    1.38449173    1.28666601    1.37187320    1.48026887    1.47249465    1.51108107    1.39774352    1.50669415    1.72179350    1.83448701    1.57879191    1.90530759    1.70865677    1.48549332    1.45306194    0.00000000    1.04674191    1.18114164    1.39818321    1.04485965    1.24268146    1.77336904    1.68890968    2.05015424    2.05072330    1.90883774    2.60934850    2.64788366    3.10173786    2.58676947    2.47184374    1.70764442    1.36772056    1.48899974    1.51947502    1.59399175    1.48760848    1.42370250    1.53703506    1.60048378    1.68403829    1.79765606    1.47782033    1.17916221    1.47203051    1.40503708    1.29719394    1.46444261    1.55361757    1.44950565    1.35460818    1.55216893    1.28448981    1.57185553    1.26447015    1.41375886    2.63789337    2.73012356    3.06905957    2.91720905    1.83678937    2.05301964    3.07002233    2.72876932    1.56828385    1.47282032    1.38219553    1.47907464    1.42786608    1.37763670    1.54681675    1.56272525    1.61991854    1.67801204    1.63846997    1.56244706    1.30874889    1.39438416    1.37099104    1.30904031    1.39924102
Q6LZG9_METMP/76-300     1.50265992    1.37427800    1.61670521    1.45378965    1.33322728    1.31250471    1.35335955    1.28832137    1.39607323    1.30583935    1.35151426    1.21749632    1.43144785    1.47191194    1.78780156    1.43155413    1.53907661    1.62559894    1.48567282    1.41750729    1.04674191    0.00000000    0.84285048    1.09024975    0.81820648    1.00338483    1.72699494    1.66057418    1.84118464    1.83272841    1.93388728    2.98476520    2.72121257    3.05482734    2.40407193    2.07311820    1.50996386    1.27083710    1.25069292    1.39964838    1.45276974    1.19469303    1.13853801    1.25174950    1.21141332    1.53704325    1.30962453    1.27454705    1.05263841    1.24285573    1.16783396    1.03209095    1.14682690    1.12992646    1.28164329    1.29190750    1.13065080    1.10528460    1.23525312    1.00307932    1.24030931    2.14427278    2.25723610    2.10760260    2.34190428    1.37272196    1.71789708    2.51757776    2.46832249    1.31669976    1.42664827    1.44143754    1.29439306    1.42326580    1.29541136    1.37799399    1.46635337    1.45404963    1.62589306    1.59569169    1.57022330    1.40878534    1.38873886    1.25472394    1.17884627    1.36970949
Q12WP8_METBU/81-306     1.39531296    1.30109658    1.52011663    1.47831220    1.57704961    1.22105442    1.32386846    1.43990629    1.30443981    1.24005063    1.45611579    1.35715295    1.36057283    1.51760960    1.81825211    1.38810971    1.62512278    1.56791695    1.35688805    1.42189983    1.18114164    0.84285048    0.00000000    1.12584624    0.85084601    0.96744813    1.76772006    1.65094255    1.96485511    1.73850517    1.76001258    2.54502026    2.59593762    3.10918532    2.52847269    2.49476329    1.60510541    1.04804404    1.32406210    1.44053427    1.56307256    1.27398368    1.32182385    1.37685970    1.47338148    1.34632611    1.43508098    1.20777050    0.93464770    1.20864131    0.98708607    0.92381740    1.18853594    1.16046363    1.21394779    1.10049533    1.13764274    1.16503983    1.31954564    1.05772111    1.23893226    2.31952918    2.66458097    2.51042141    2.74922222    1.72500985    1.84222044    2.55944682    2.69817918    1.33550701    1.35567172    1.26267140    1.22247462    1.37555999    1.31175727    1.35819605    1.46666263    1.37332063    1.42291209    1.58645612    1.53573948    1.30111107    1.30841395    1.35047846    1.27857417    1.32633288
O67129_AQUAE/75-304     1.72001932    1.68630972    1.64854576    1.86016351    1.81617434    1.59710673    1.52784468    1.50864193    1.57251863    1.45101165    1.56408656    1.68140884    1.49133906    1.82377963    1.65911322    1.52040134    1.78183806    1.72904315    1.67822353    1.60289378    1.39818321    1.09024975    1.12584624    0.00000000    1.41617906    1.46498010    2.11546128    2.10449901    2.29113202    2.26240560    2.09154492    2.81802749    2.59795630    3.26569924    2.88407002    2.66880546    1.66164867    1.25404519    1.63931828    1.61417474    1.70251155    1.64212372    1.61580840    1.77257040    1.74123880    1.77935726    1.61087898    1.73914799    1.48509725    1.73974549    1.62289727    1.32404241    1.59549898    1.61760087    1.73038489    1.60786528    1.61336866    1.49443132    1.47055697    1.42506789    1.52221132    2.80103827    2.88512242    2.98084214    3.05270978    2.01379800    2.01364980    3.27600757    2.97913812    1.47757615    1.63643993    1.55121693    1.53793574    1.49867072    1.41308201    1.56692551    1.70868563    1.62477511    1.76473149    1.78712167    1.66041659    1.44379946    1.38343847    1.44578240    1.32170404    1.48681510
O26741_METTH/86-315     1.40511654    1.17809890    1.16537469    1.40396201    1.39146480    1.21498438    1.36687016    1.26182245    1.22391856    1.29416297    1.22143037    1.24097544    1.17459959    1.66742272    1.59441052    1.43288533    1.57715458    1.30837371    1.33030139    1.36150533    1.04485965    0.81820648    0.85084601    1.41617906    0.00000000    0.82992481    1.66099738    1.60468537    1.85969938    1.84299530    1.58507571    2.33497477    2.49848948    2.59531512    2.29861218    2.32788388    1.53761674    1.14681409    1.44670244    1.36187654    1.63086833    1.38434900    1.38677305    1.37409604    1.53349731    1.55696993    1.52085650    1.36253902    1.16638113    1.21330772    1.09257463    0.95908254    1.33223995    1.25119103    1.16051268    1.09712743    1.29121994    1.33865981    1.27815226    1.09630682    1.18028988    2.13045921    2.73747526    2.48134820    2.75498232    1.74545811    2.02269019    2.78833026    2.51494070    1.38173867    1.41731657    1.20131897    1.27884038    1.36186640    1.27492792    1.32104683    1.36336249    1.29151366    1.55962297    1.45131652    1.38279068    1.15880134    1.12702540    1.22246321    1.22659893    1.17945880
Q2NFA0_METST/73-309     1.55041782    1.45596553    1.50820924    1.59901542    1.52869336    1.33568430    1.36447013    1.21917335    1.34228017    1.32719993    1.45694730    1.22716900    1.35681365    1.70811355    1.83007292    1.48322148    1.59202219    1.55408180    1.33803891    1.49676510    1.24268146    1.00338483    0.96744813    1.46498010    0.82992481    0.00000000    1.79207947    1.69297280    2.20499562    1.58530857    1.84605375    2.97038763    2.86620375    2.73280226    2.64699823    2.22304775    1.39998635    1.11687579    1.47584519    1.29752018    1.48366122    1.32247067    1.33344327    1.29459156    1.35723073    1.42785711    1.42199639    1.16737931    1.25910137    1.36246041    1.21359329    1.16221929    1.34350840    1.20896678    1.21304440    1.19438079    1.24916071    1.21769282    1.33780533    1.12378162    1.25535733    2.10963894    2.23852241    1.96866737    2.34638836    1.74227791    1.74873624    2.75375189    2.69867058    1.40490207    1.26429863    1.42651394    1.44807949    1.66074694    1.39539747    1.34344989    1.45897728    1.40294170    1.46552885    1.64548656    1.52754631    1.37862352    1.34183220    1.36428565    1.26075419    1.30501160
Q32BH5_SHIDS/74-331     2.11392465    1.97933504    1.99903209    2.26216159    2.07006183    1.81791150    2.02629901    1.79543333    1.88564249    1.93014814    2.04516871    1.80825164    1.80493729    2.38801727    2.11121204    2.09187432    2.23065975    1.81158228    2.20401778    2.03218166    1.77336904    1.72699494    1.76772006    2.11546128    1.66099738    1.79207947    0.00000000    0.67976394    0.93386382    1.04220173    0.90325234    2.71756415    2.88142068    2.92909365    2.77302963    2.70589823    2.19933659    1.86652700    2.07424190    1.84112447    2.04889011    1.98750365    1.91365480    1.96958905    1.97199834    2.01553112    2.05870991    2.03676507    1.80833068    1.81652635    1.70750826    1.53084251    1.85507470    1.94607305    1.58808469    1.65083771    1.92318803    1.65947242    1.99473798    1.57160119    1.64308752    3.16248055    3.71497101    3.45560874    3.64251337    2.31094135    2.63440338    3.58511243    3.17606411    1.96678050    2.12587654    1.92099108    1.97700074    1.90469262    1.95599451    2.03414431    2.00648498    2.05044239    1.99961293    2.12363252    1.92440945    2.00892042    1.80114734    1.90251480    2.15205960    1.77953851
A0L5V2_MAGMM/108-365     1.85216823    2.03125135    1.88912565    2.04502409    1.86838351    1.86921607    1.86915404    1.83487260    1.85675759    1.71317121    1.82260621    1.67830489    1.88666322    2.17227129    2.35871846    1.92411155    2.26690765    1.74810658    2.04458785    1.97120031    1.68890968    1.66057418    1.65094255    2.10449901    1.60468537    1.69297280    0.67976394    0.00000000    0.91626892    1.01862179    0.93772213    2.84414582    2.73305786    2.88587476    2.81152364    2.58641313    2.00817939    1.57816837    1.60810527    1.74008160    2.20755727    1.70109603    1.96715723    1.79253994    1.85149776    1.94512189    1.94630519    1.85800891    1.53327368    1.67435347    1.53274406    1.50073946    1.70355182    1.73713595    1.48374721    1.51457313    1.76656980    1.62572016    1.73701835    1.35119610    1.47355268    3.24958403    3.54376964    3.11265902    3.57062848    1.90532030    1.99532057    3.68297560    3.28165064    1.72034800    1.80537421    1.85941622    1.85417329    1.92997078    1.62696612    1.80951263    1.86308352    1.87400479    1.84170953    2.13917409    1.84540149    1.76397768    1.73312936    1.57782098    1.96036969    1.49051100
A6X3M0_OCHA4/74-325     1.94561152    2.27614208    1.91202719    2.19858265    2.18996941    2.12738131    2.08352083    1.83967553    2.09053653    2.13737951    1.93841876    1.75041091    1.75062019    2.21012536    2.30293357    2.04829513    2.52113088    2.20458520    2.24314687    2.05077553    2.05015424    1.84118464    1.96485511    2.29113202    1.85969938    2.20499562    0.93386382    0.91626892    0.00000000    0.82652739    0.84609645    2.51594618    3.07783450    2.51816424    2.37719678    2.89544643    2.23246035    1.76400592    2.29250582    2.00070503    2.26608162    1.99551574    1.95916092    1.86741655    1.92259870    2.10238347    2.13441406    2.19026248    1.77984668    2.06540940    1.77502346    1.70304147    1.87083642    1.88493802    1.62037333    1.79882640    1.89484487    1.76570974    1.87978760    1.81034502    1.93446659    3.33867259    3.82020804    3.65221902    3.74269506    2.64477988    3.24466870    3.65619979    3.54398535    1.83600871    1.99686807    1.98060592    2.02805624    2.06480688    1.97260586    2.20103465    1.94067228    1.97685326    1.90369484    2.05465939    2.10843559    1.89617624    1.95994941    2.16010151    2.14681802    2.01610946
Q5NL61_ZYMMO/324-581     2.16342589    2.30492043    2.04461920    2.24859978    2.14617148    1.98208235    2.04761184    1.85442577    1.87962944    2.03913813    1.99919651    1.75005695    1.77294989    2.16132995    2.26812486    1.88474085    2.34278736    2.09063386    2.07564262    1.84903711    2.05072330    1.83272841    1.73850517    2.26240560    1.84299530    1.58530857    1.04220173    1.01862179    0.82652739    0.00000000    0.76522617    2.96791486    2.66237703    2.68772349    2.63743888    2.64604253    2.05121014    1.83458293    2.13280901    1.83263196    2.31308288    1.76140440    1.77045018    1.61896737    1.65516358    2.04220135    2.03171353    1.89503687    1.71378213    2.17389812    1.85607260    1.65291495    1.82986857    1.87087811    1.79325709    1.85020382    1.92523139    1.82731291    1.74529817    1.72473987    1.89854543    3.08298437    3.34195310    3.18701422    3.58827507    2.50055460    2.75388457    3.55210181    3.67664748    1.89461740    2.09452843    2.04779295    2.02920729    2.17595067    2.02288988    2.16874114    1.89473214    1.97112348    1.92447404    1.97812495    1.99382102    1.96173419    2.05277895    2.15387409    1.73932439    1.89114719
A5FTZ6_ACICJ/78-331     2.05383984    2.13214501    1.88307337    2.28944418    2.04656879    2.04884024    2.03758861    1.92692807    1.81965207    1.87718222    1.83843812    1.67891477    1.59532617    2.30536778    2.19850335    1.92062016    2.52961995    1.90191425    1.98145201    1.90442662    1.90883774    1.93388728    1.76001258    2.09154492    1.58507571    1.84605375    0.90325234    0.93772213    0.84609645    0.76522617    0.00000000    2.62359836    3.22604635    2.89555249    2.74474296    2.71130421    1.99578443    1.85703484    2.02026908    1.84748237    2.33823673    1.93195117    2.16031824    1.81021943    2.18316784    2.12384250    2.12273966    1.98886470    1.78708832    1.96953971    1.79381004    1.58459889    1.95557361    1.87945658    1.80405993    1.83538746    1.81653357    1.98626810    1.91764922    1.77151745    1.72846270    3.37708125    3.43511242    3.17666363    3.31936246    2.58006336    2.76201061    3.59928095    3.58622769    1.93940527    2.12359922    1.89884520    1.96824042    1.82382454    1.68096324    1.87908337    1.98236474    2.03207705    2.08390916    2.16089093    1.97119857    1.87578758    1.95959956    1.92130886    1.91510659    1.93441240
Q3J0P8_RHOS4/79-292     2.38302507    2.47731683    3.01013706    2.86416250    2.71321474    2.85919058    2.98508964    2.61660454    2.93250887    2.71647429    2.83132015    2.93942944    2.40094598    2.82629340    2.51176615    2.59159615    2.73667445    2.73216663    2.76699582    2.74649207    2.60934850    2.98476520    2.54502026    2.81802749    2.33497477    2.97038763    2.71756415    2.84414582    2.51594618    2.96791486    2.62359836    0.00000000    2.92926125    3.14555254    2.79216514    3.11067155    2.65360214    2.63641289    3.10277910    2.74575482    3.20639644    2.78515183    2.88164543    2.92943622    2.91542165    2.66762634    2.70377982    3.06793321    2.42758488    3.05741218    2.72532268    2.61068573    2.98735321    2.80819941    2.57880235    2.72314599    2.93578939    2.70177856    2.85310834    2.79385251    2.87328035    3.46128209    3.62490629    4.14908008    3.41458787    3.10568837    3.33823551    4.30081853    3.62452115    2.66269075    2.68126144    2.75619331    2.93088920    3.05320167    2.53612787    2.58501164    2.56491880    2.71836886    2.59134033    2.80301434    2.71030464    2.48160797    2.50118179    2.78408117    2.60726709    2.55451291
