153
K1PG17_CRAGI/1-101     0.00000000    0.38061408    0.27365872    0.75421825    0.58840950    0.57993959    0.51617800    0.62379402    0.84372402    1.34021586    0.80264143    0.70749964    0.59826061    0.69735874    0.31423379    0.27721065    0.34377330    0.32956758    0.38074917    0.33870327    0.32503873    0.33334951    0.42514271    0.52140013    0.30589026    0.41156624    0.41683884    0.51989419    0.46043548    0.47009381    0.53376936    0.45767227    0.50344536    0.58903803    0.51724748    0.98612523    0.74576287    0.59827521    0.39843937    0.55099411    0.47130379    0.56073527    0.74773354    0.54134913    0.62825338    0.61395139    0.55472742    0.59656094    0.48100760    0.59919668    0.49136357    0.72708369    0.65395067    1.20563483    1.13963834    0.96246166    1.16641766    2.13778989    2.04437621    2.24592546    2.27297692    1.86432365    1.99479280    1.43939604    1.36834875    1.22150846    1.30891825    1.61558989    1.52992225    1.52641114    1.36071211    1.56027762    1.39271765    1.67984267    1.72521279    1.67894439    1.31536198    1.61425893    1.43811747    1.65237796    2.10936034    1.86149377    2.05869477    2.11805751    2.02493590    1.89668236    1.98660773    1.95269573    2.03589414    2.42202364    1.69117398    1.61092447    1.71188708    1.67362009    1.73722196    1.69470949    1.79995556    1.86452506    1.55265705    1.57354582    1.54051195    1.38175187    2.30534789    2.48187580    2.40264374    2.27083721    1.99141885    2.19581662    2.20979090    2.18958842    2.71714855    2.25349948    2.45606180    1.84320995    1.80414189    1.67846982    1.78389450    1.70697153    1.75337811    1.60634331    1.63509358    1.71378439    1.56017020    1.46689103    1.50569005    1.77904756    1.85253001    1.91858989    1.85770174    0.89318766    0.75493817    0.80043830    0.97136824    0.92947172    0.75140947    0.92553778    0.76309612    0.78010444    0.65461834    0.92860226    0.76019885    0.72166302    0.73303811    0.81507989    0.59855788    0.58272176    0.54213679    0.57821464    0.55189722    0.73915576    0.45771736    0.26878198    0.29465158
T1H5P8_MEGSC/1-98     0.38061408    0.00000000    0.35991185    0.89266738    0.78714082    0.68126607    0.63019366    0.80279757    1.06950756    1.51688185    0.97609196    0.94668683    0.81148910    0.90403406    0.50138699    0.48882569    0.51990974    0.55020018    0.58592804    0.47249098    0.53549725    0.55953009    0.56863750    0.66950303    0.55474789    0.62890065    0.76505844    0.76240111    0.68575348    0.76544972    0.81106887    0.75334975    0.75039054    0.82643575    0.82791777    1.33049709    1.02426270    0.82041173    0.71201434    0.81423123    0.75785024    0.82583033    0.96905333    0.79208307    0.80559233    0.89837584    0.79727534    0.76598184    0.71704685    0.81549569    0.69138599    1.02412956    0.76744116    1.27079814    1.45801640    1.18706019    1.37891229    2.44402925    2.28105689    2.55828069    2.62228771    2.06912667    2.29438721    1.67710789    1.54114150    1.29842580    1.40447635    1.82503472    1.67182703    1.71649093    1.58774265    1.80487159    1.55255481    1.79047111    2.29954140    1.98543489    1.56292279    1.78792313    1.72848699    1.96102124    2.33558046    2.07971930    2.31238639    2.39600671    2.45537100    2.30596442    2.61839627    2.34524899    2.47490951    2.75933877    1.82502896    1.98555513    1.83313380    2.01571672    1.97556362    1.96596070    1.96093428    2.04622622    1.89256297    1.73270513    1.65259400    1.45317309    2.62224570    3.00840143    2.57353169    2.48303359    2.32747955    2.63951957    2.41675484    2.48763251    3.07459117    2.64082102    2.89516223    2.11648275    2.03717914    2.00671076    2.00678223    2.00407305    2.12708225    1.88484914    1.98282916    2.08399574    1.87860967    1.83358620    1.92502471    2.31774526    2.05382851    2.10615689    2.03830863    1.20525305    1.04043521    1.03980603    1.22226315    1.13175519    1.00474283    1.02675603    1.00443263    1.12528396    0.96060188    1.14068996    0.99054730    0.99363726    0.93929564    1.01417562    0.88924662    0.89013494    0.79736451    0.81133417    0.80256203    1.04817254    0.67098538    0.47763269    0.36905435
Q1HRN4_AEDAE/1-101     0.27365872    0.35991185    0.00000000    0.67987832    0.53734981    0.53146840    0.47163243    0.64305456    0.71264432    1.17027262    0.81263458    0.73634234    0.64150418    0.81488735    0.32684869    0.28671865    0.33619792    0.33526267    0.36143765    0.31921775    0.36377701    0.29354242    0.38066246    0.47955101    0.37653934    0.43025252    0.50150883    0.58582651    0.47785308    0.54566657    0.58531976    0.50075649    0.54129217    0.53667252    0.54723033    0.95256962    0.76613703    0.52567013    0.41791144    0.61653982    0.52640171    0.68164237    0.78936450    0.62150639    0.69452817    0.71506585    0.59654958    0.57472126    0.52466772    0.58534831    0.43865587    0.66923457    0.54083561    1.09103378    1.02837702    0.85282691    0.99020102    1.79535949    1.98606121    2.03160791    2.10748417    1.76727031    1.87759596    1.43329800    1.29562447    1.20561798    1.21301126    1.63455510    1.35825853    1.49477508    1.25980512    1.50051490    1.32548108    1.50991838    1.61118086    1.54652400    1.30635644    1.67924910    1.39397413    1.55306286    1.82798538    1.58954786    1.79516913    1.87048055    1.83194678    1.74327477    1.87694395    1.90557164    1.87557343    2.22986936    1.46183670    1.49304429    1.48737029    1.50655796    1.63405275    1.66036897    1.62433464    1.67203297    1.49113238    1.26414164    1.56169536    1.27389966    2.15091300    2.26006676    2.15500259    1.91362878    1.74124959    2.02539849    1.96269130    1.87778435    2.46619277    2.02794504    2.18377499    1.66639101    1.68250240    1.57954391    1.67846478    1.69545733    1.78960997    1.57807311    1.62594712    1.74457359    1.59191868    1.51798329    1.52756201    1.87771586    1.61999659    1.58138457    1.56154704    0.93523085    0.69056805    0.69762804    0.86319067    0.76498483    0.67122355    0.64858066    0.55912253    0.77494933    0.66963620    0.84401443    0.70718645    0.63520222    0.67024742    0.80572894    0.61946156    0.58994373    0.44329166    0.44957570    0.48407490    0.79073205    0.39780451    0.30683194    0.23187237
D3ZCN5_RAT/1-104     0.75421825    0.89266738    0.67987832    0.00000000    0.61671774    0.75596903    0.72800878    0.93912022    1.12405134    1.49315961    1.08426415    1.09506198    0.84859846    1.26838593    0.53658197    0.84835948    0.73519516    0.89483462    0.83731436    0.83401698    0.90590107    0.68668729    0.91181260    0.90879906    0.87574901    1.04014607    1.09893068    1.24949342    1.13840117    1.32658571    1.22132329    1.04405993    1.23560899    1.13340902    1.18148078    1.71693924    1.23899336    1.06585623    1.00538794    1.18024164    1.09144068    1.37960271    1.37796044    1.31127906    1.15309227    1.17640247    1.28647708    1.12903166    1.16653410    1.24013800    1.09219838    1.10270645    1.25948864    1.94122426    1.80833524    1.51015091    1.68284340    2.79275168    2.84569553    2.72691383    2.89804059    2.38300601    2.55954621    2.23693059    2.14277051    1.81028119    1.76755240    2.46110903    2.02686778    2.27323093    2.04124429    2.42835218    2.06415854    2.33463183    2.37898689    2.35759214    1.95999024    2.10381742    2.07911901    2.31271106    2.65016788    2.70613833    3.12835346    2.61325145    3.13425764    2.62402353    2.95888228    2.60089113    3.15013109    3.29916927    2.03426533    2.07497618    2.02055725    2.07229452    2.16477484    2.17424441    2.18306021    2.20865835    2.15599477    2.04410019    1.97238534    1.87400436    2.90257402    2.78798967    2.73216960    2.55794154    2.55959565    2.84397879    2.48539255    2.37014941    3.06935732    2.62112605    2.85176817    2.47267902    2.20956773    2.37107893    2.39423255    2.23021261    2.58180995    2.11925547    2.20154125    2.17978910    2.17208839    2.20456382    2.07183118    2.32804128    2.19097273    2.16593385    2.44807468    1.39699815    1.48821620    1.63004658    1.79711873    1.37633471    1.13656125    1.27229271    1.20963733    1.41198571    1.41461850    1.43764462    1.25919513    1.32771536    1.21906678    1.38792607    1.14610009    1.19919882    1.12764732    1.20691558    1.24307730    1.40084119    1.14285572    0.74181014    0.75284579
G3IK92_CRIGR/1-98     0.58840950    0.78714082    0.53734981    0.61671774    0.00000000    0.63219607    0.45659413    0.55534887    0.75007576    1.17191653    0.69175141    0.75228784    0.60288770    0.84145557    0.29415308    0.68469068    0.55585407    0.66448972    0.69067536    0.59183355    0.64036877    0.53744087    0.71769884    0.74155764    0.57208204    0.74759396    0.84814598    0.92579189    0.81778027    0.95884072    0.86854548    0.86372953    0.91050617    0.85073639    0.91310756    1.21173691    0.94358700    0.79371408    0.73743367    0.91092170    0.83829753    1.04769303    1.05403098    0.97195659    0.95300260    0.93183870    1.01417927    0.92912513    0.87416437    0.91029176    0.85460949    0.99596132    1.01241917    1.63310341    1.65154831    1.39736394    1.66529997    2.35771604    2.72698924    2.53468517    2.62784385    2.47881842    2.50378091    2.04311333    1.89119308    1.73536211    1.69277457    2.38235128    2.00128122    2.16967260    1.94955921    2.29703882    1.88085833    2.11558415    2.47855957    2.25644232    2.15403571    2.15941473    2.05716550    1.92220537    2.49973865    2.06200100    2.31873966    2.46965879    2.05657823    2.54133923    2.54619221    2.24995464    2.40005165    2.60938847    1.84146100    1.94784728    1.93712413    1.93412516    2.25221478    2.15852303    2.42038291    2.00120758    1.90511750    2.00481717    1.78859664    1.69233197    2.40491859    2.81250767    2.38591070    2.33374112    2.15333627    2.27946136    2.32912228    2.32105941    2.91544059    2.42919063    2.49392185    2.30426923    2.05084539    2.28674394    2.11076007    2.04953192    2.19221478    1.77954023    1.92003883    1.87548016    1.78098092    1.77611955    1.84427110    2.10006084    2.00179041    1.93392241    2.16902197    1.23156467    1.23043951    1.40359587    1.38692593    1.27564527    1.15582582    1.12962382    1.09002772    1.20718535    1.23831733    1.44475058    1.10907705    1.12650312    1.04996378    1.08672427    0.93078577    0.88268085    0.94288241    0.95303878    1.08136872    1.24053608    0.89491445    0.61043915    0.61589006
D3ZM68_RAT/1-98     0.57993959    0.68126607    0.53146840    0.75596903    0.63219607    0.00000000    0.51692804    0.54713349    0.68089771    1.20865108    0.68629942    0.68170403    0.63081953    0.82874742    0.33955779    0.64510042    0.54048778    0.69998803    0.71009534    0.67786941    0.72794614    0.56931135    0.75949302    0.87761353    0.66173062    0.81496300    0.80386301    1.04543438    0.90311184    1.05505672    0.98663705    0.93079739    1.03532980    0.96481096    1.03917544    1.54753216    1.18975973    0.95911096    0.81156789    1.09022349    0.93180157    1.11677669    1.25867004    1.05386499    1.09123264    1.06194491    1.04711561    0.98447841    0.85963261    1.00539447    0.96864052    1.14146303    1.07972492    1.69682429    1.56426344    1.20859004    1.38843456    2.42477504    2.30382867    2.34652717    2.50705782    1.92488572    1.98721037    1.77132973    1.54000566    1.57110110    1.42154448    2.05086360    1.81079730    1.94597211    1.54817506    1.87433750    1.50708937    1.87698851    2.18366396    2.02869745    1.50172938    1.81589423    1.67124630    1.83320334    2.35435453    2.14910004    2.47016459    2.31197165    2.42777943    2.23614089    2.43798832    2.51589453    2.50228055    2.94521630    1.90722876    1.99186432    1.92093000    1.95596079    1.97555035    1.95422486    2.10578893    1.98587874    2.00508786    1.81491508    1.82201611    1.51885064    2.29683124    2.52145600    2.45635429    2.17096755    2.08603797    2.36761820    2.22763565    2.15470607    2.58549982    2.19887029    2.53486600    2.26883021    2.10460507    2.06078833    1.99653729    1.84056542    2.10286192    1.83481948    2.00826246    2.08787790    1.86056871    1.75041940    1.89017813    2.24052571    2.23079521    2.06160722    1.98035747    1.25039968    1.15054846    1.18708461    1.41344821    1.26658730    1.14914595    1.21282433    1.10300481    1.29366056    1.15476832    1.40773315    1.32182356    1.26343039    1.23971041    1.17271018    0.96745755    1.04755895    0.98425515    0.95193425    0.99487636    1.33053074    0.89384097    0.66911651    0.60955554
H2NE87_PONAB/1-96     0.51617800    0.63019366    0.47163243    0.72800878    0.45659413    0.51692804    0.00000000    0.50915917    0.68976086    1.15549226    0.72621491    0.70314585    0.53302867    0.68086899    0.26911262    0.54493317    0.47525255    0.55560937    0.59999020    0.52435780    0.60809766    0.52262609    0.58565183    0.68494055    0.56049482    0.68724629    0.75353344    0.82358063    0.71670728    0.82589588    0.78077149    0.79848318    0.84906506    0.76122786    0.84553958    1.30032724    0.86933897    0.75960899    0.68992649    0.83370194    0.76342130    0.93628700    0.98643842    0.91968430    0.84433084    0.81392857    0.86258532    0.87443517    0.77404055    0.78699617    0.73894407    0.95099384    0.86745979    1.32695106    1.28663907    1.10350027    1.37184769    2.44231092    2.56639139    2.38853617    2.56436819    2.17606466    2.27142366    1.77398604    1.77076591    1.61844431    1.64173507    2.08684731    1.94828277    1.98836927    1.75820291    1.86858766    1.68598465    1.84437435    2.26723905    1.95744814    1.82115399    1.92115742    1.69616117    1.80556531    2.14184972    2.05143340    2.30306457    2.18546843    2.01142236    1.95025842    2.24626256    2.16524626    2.24947522    2.32700924    1.92650566    1.82862393    1.84128676    1.92022265    1.96946710    1.93885387    2.15379828    1.97057972    1.99411840    1.65774667    1.52558156    1.29797063    2.45098727    2.61965036    2.58406954    2.14439264    1.97154464    2.38482410    2.27744655    2.27502754    2.54421887    2.11372919    2.65908846    2.05712203    1.85431826    1.96155040    1.87432304    1.63816696    1.96590380    1.67325188    1.68959290    1.68570236    1.71224745    1.55657604    1.63440953    1.88415871    1.86163317    1.88852533    1.92341588    1.21633266    1.00659394    1.11874578    1.22710903    0.99620918    1.08482835    0.99665006    0.90185746    1.04269552    1.02647018    1.12402705    1.06007258    0.98892277    0.86722400    0.80933974    0.76221170    0.77092900    0.82731277    0.85235636    0.93862214    1.02720957    0.73686043    0.50612987    0.52265539
L9LDY5_TUPCH/1-98     0.62379402    0.80279757    0.64305456    0.93912022    0.55534887    0.54713349    0.50915917    0.00000000    0.63211605    1.02148537    0.67141267    0.64102130    0.63089091    0.67473675    0.28903346    0.71688008    0.60083707    0.71808856    0.77074516    0.71580165    0.78326021    0.64472153    0.77443189    0.91421142    0.61083045    0.81470818    0.84021624    1.05662718    0.86526751    0.89394011    0.90408372    0.87963393    0.97089631    0.91155026    0.96068786    1.36828562    1.16547166    0.92036424    0.80936996    1.00052870    0.81728138    1.08253896    1.17045878    1.04172153    1.03118979    1.02888512    1.01136170    1.07942027    0.92059775    1.00406900    0.96456720    1.13237041    1.09576362    1.47104984    1.45277839    1.30446874    1.42858476    2.19188266    2.50803444    2.49486624    2.62247656    2.40909548    2.14054820    1.91551490    1.74955818    1.58100270    1.56872243    2.12496395    1.96085571    2.04932043    1.69802219    1.76909915    1.73764520    1.90730008    2.05826218    2.08785771    1.64721487    1.93336642    1.70091436    2.07520316    2.27917791    2.16072173    2.47325624    2.41604338    2.13928225    2.21542602    2.37980541    2.13867296    2.20068555    2.61061292    1.99622617    1.99870330    2.04048684    2.02244083    2.35371346    2.26075041    2.30960821    2.22040181    2.08312813    1.89706526    1.92836475    1.54274105    2.81009103    2.85365392    2.82070410    2.43977685    2.47719674    2.56147621    2.49131084    2.63012218    3.12150416    2.42670657    2.83114685    2.26850962    2.22308351    2.33057349    2.18890957    2.02513549    2.19648739    1.92583499    1.88839934    2.01912982    1.83509760    1.59224791    1.76907393    2.11411314    2.06819008    2.17793372    2.18884812    1.25624671    1.08659071    1.23704408    1.21951039    1.24998374    1.11866531    1.13655726    1.04281606    1.11418774    1.13738681    1.44640594    1.31908400    1.15792652    1.03825211    1.12680903    0.98361592    0.94999980    0.93807739    0.87678522    0.94287113    1.14478183    0.85456433    0.71617119    0.69540750
H0XSG8_OTOGA/4-100     0.84372402    1.06950756    0.71264432    1.12405134    0.75007576    0.68089771    0.68976086    0.63211605    0.00000000    1.03017814    0.79501774    0.94471885    0.82242237    0.93791020    0.47720190    0.90074035    0.75937918    0.86319956    0.89569880    0.87435206    0.84309449    0.82494641    0.95105014    1.12326575    0.86745891    0.94825739    1.00535389    1.22842465    1.06069927    1.26395096    1.13141929    1.12130585    1.26602684    1.24695806    1.26603460    1.82309891    1.46463758    1.19544736    1.00279815    1.27745053    1.20967747    1.34382113    1.46469532    1.30586754    1.32518821    1.34668721    1.28744221    1.25202235    1.11892979    1.29117050    1.15429368    1.21548647    1.26062918    1.82234245    1.56614409    1.24121501    1.47808939    2.50018631    2.57031676    2.71622412    3.12120492    2.27727241    2.51261011    2.10585891    1.71538214    1.83982756    1.82321593    2.50176329    2.05618171    2.31585375    1.82606491    2.15148398    1.64080743    1.84144821    2.28249637    2.12856985    1.87639455    2.01945463    1.90886610    2.18727494    2.37164190    2.30877382    2.65039974    2.07360349    1.94805398    1.94525486    2.14932019    2.22661965    2.10976657    2.30049956    1.93525272    1.95316853    1.91679053    1.84563962    1.96141904    2.05521823    2.08388686    1.82799238    2.01225205    1.92505588    1.89491518    1.53838935    2.34552553    2.89707492    2.56028032    2.41954735    2.25495758    2.58409508    2.61665799    2.51114976    3.00105893    2.17601509    2.53649103    2.26380450    2.23364067    2.22077883    2.18541912    2.11142205    2.25813257    2.06114280    1.87452288    1.95929450    1.95739625    1.74205756    1.77478161    2.30277753    2.02736244    1.83861394    2.04478137    1.41760692    1.40592324    1.37246572    1.58029149    1.55895844    1.38227867    1.42349951    1.28956266    1.41915208    1.45839998    1.45823717    1.39843729    1.36085830    1.44684813    1.30543289    1.15527772    1.12256223    1.06977255    1.10173033    1.24029594    1.33754787    1.01312370    0.86559711    0.80526599
L9KL59_TUPCH/1-99     1.34021586    1.51688185    1.17027262    1.49315961    1.17191653    1.20865108    1.15549226    1.02148537    1.03017814    0.00000000    1.02130332    1.07267389    1.12830018    1.50409978    0.84797770    1.33856749    1.33982503    1.41311350    1.42315511    1.28261620    1.47956118    1.30395818    1.60541745    1.69767306    1.23683295    1.27825453    1.35775093    1.54108135    1.38378031    1.52038720    1.52939114    1.66125276    1.74494862    1.58422386    1.71834469    2.41107048    1.94887975    1.48754902    1.34596877    1.67366655    1.55981538    1.73286175    1.70531199    1.59206693    1.50098185    1.53662183    1.68270531    1.59633113    1.47490086    1.67830833    1.60580412    1.47094944    1.60437081    2.23720542    2.02678305    1.62259117    1.85420947    3.27435949    3.12868423    3.33630858    3.44876904    2.78196741    2.71674553    2.52363949    2.59380188    2.30991029    2.20660166    3.13246786    2.70978922    2.64049407    2.42049101    2.67269874    2.26246572    2.57412946    2.99663223    2.75850787    2.39997199    2.66112174    2.46946783    2.89553432    3.18836727    2.64972239    3.14984701    2.46728186    2.66761376    3.05927320    3.52635664    3.45394778    3.28206340    3.24771029    2.05879835    2.88088658    2.51966751    2.36936255    2.56831114    2.60118106    2.50601297    2.71207723    2.83674089    2.29811169    2.91643611    2.48670110    3.62438779    3.46304731    3.61885394    3.30312886    3.01847847    3.35427731    3.29100524    3.44419365    3.81634031    3.34407808    3.74071296    2.88262161    2.58850978    2.73357991    2.75826590    2.73753114    2.86894539    2.59139534    2.36037352    2.65052417    2.61440645    2.55718954    2.55149690    2.79318227    2.47890820    2.46454505    2.66170648    2.02063122    1.84875098    1.82392533    1.77583075    1.66268512    1.61654260    1.56112507    1.53895191    1.92446397    1.80788192    1.85368232    1.58074756    1.72290429    1.76545634    1.78380137    1.44954290    1.43933812    1.39499784    1.47048523    1.66629062    1.78352284    1.47771017    1.30566388    1.30042774
M3YU54_MUSPF/1-101     0.80264143    0.97609196    0.81263458    1.08426415    0.69175141    0.68629942    0.72621491    0.67141267    0.79501774    1.02130332    0.00000000    0.78301231    0.71087168    0.96303691    0.45026825    0.85012481    0.65832395    0.88547089    0.93966151    0.83033795    0.81938068    0.79572767    0.97093530    1.06705590    0.74231292    0.82409131    0.79887781    1.01314009    0.88676735    0.98155676    0.95133131    0.98719542    1.01110612    1.01623651    1.00659017    1.68118593    1.10135570    0.92097956    0.86193441    1.05374499    0.95149363    1.12956422    1.31113016    1.08358883    1.08121937    1.01282676    1.12457185    1.06841560    0.95996768    1.02485612    1.03025209    1.20197992    1.18681713    1.65940033    1.45624077    1.42996205    1.48924214    1.98895676    2.23783655    2.46799466    2.40175778    2.36074219    2.04194684    1.76909013    1.69750765    1.63559752    1.54210601    2.10930466    1.87729702    2.07608077    1.64793186    1.90444277    1.60636926    2.28427374    2.16595392    2.35646654    1.69799125    1.82733559    1.82032951    1.81287920    2.30090877    1.98157130    2.09687284    2.18722031    2.07068416    2.15145799    2.23206770    2.29485448    2.23244576    2.46028368    1.71452375    1.93448452    1.72921391    1.55793529    1.70284083    1.79142091    1.93481412    1.90462493    2.01361104    1.89069163    1.83123649    1.57489662    2.32085931    2.67517606    2.54841870    2.55721323    2.40111047    2.52684683    2.52877480    2.48693546    3.12440572    2.39326460    2.60436274    2.23388187    2.30286503    2.19942955    1.91905421    1.76335054    2.09138983    1.73550161    1.96455736    2.03860646    1.88222713    1.84703553    1.88119069    2.20383702    2.01647369    1.95567337    2.27475540    1.21588043    1.34303823    1.53790110    1.57432304    1.34504239    1.29988790    1.33987146    1.31636344    1.35538350    1.27611511    1.57831350    1.32826103    1.20651527    1.17654489    1.24862373    0.98421807    1.00368111    0.99531613    0.93302320    1.07724929    1.35012161    1.01068969    0.84636169    0.80376546
M3Z0X9_MUSPF/1-96     0.70749964    0.94668683    0.73634234    1.09506198    0.75228784    0.68170403    0.70314585    0.64102130    0.94471885    1.07267389    0.78301231    0.00000000    0.58417907    0.94428976    0.35943116    0.82752635    0.74155220    0.85997758    0.85204400    0.75597542    0.82015628    0.73575045    0.88956930    0.97297634    0.69139337    0.83991404    0.97608021    1.03858137    0.87845457    1.02505840    1.03831918    0.95390384    1.01689248    0.91348653    1.00014989    1.38098914    1.16190705    0.94514781    0.88398922    1.01191185    0.98586614    1.18119891    1.28392502    1.14494254    1.20009383    1.11881596    1.20852148    1.12499114    1.01171736    1.09252510    1.02096208    1.16062788    1.22413417    1.61655487    1.84024191    1.35353510    1.41310359    2.66027425    2.85591569    2.76302337    3.13267887    2.50533747    2.41582940    2.44621750    2.20550916    1.83599754    1.85911498    2.61801349    2.38422605    2.59509271    1.96986320    2.34316118    1.90101101    2.41316233    2.34147755    2.37332169    2.20545741    2.45549903    2.33161796    2.36951046    2.76649259    2.32981497    2.62070927    2.44958581    2.25277371    2.22236776    2.45157767    2.57806548    2.39382082    2.69015752    2.17885329    2.15148236    2.14204477    2.13063272    2.36574740    2.25385455    2.52212310    2.41048158    2.47402052    2.10856265    2.03937876    1.86196398    2.70093418    2.62030657    2.76969819    2.16792982    2.42844674    2.41444459    2.50769342    2.37814809    2.97184519    2.52377729    2.89951007    2.26665881    2.13350434    2.26435573    2.03377867    2.04095913    2.06649807    1.90538975    1.92586363    1.95113257    1.92951076    1.74862816    1.93144600    2.30157146    2.13247791    2.10354594    2.05931267    1.32766024    1.28367223    1.48490874    1.48126540    1.31101513    1.30618079    1.29970332    1.20261759    1.38430881    1.25814593    1.35917783    1.35843558    1.28496541    1.20329108    1.25276360    1.06533023    1.07849865    0.95566192    0.91335954    1.08045294    1.22218050    0.93720705    0.78777279    0.76923576
G3U804_LOXAF/1-100     0.59826061    0.81148910    0.64150418    0.84859846    0.60288770    0.63081953    0.53302867    0.63089091    0.82242237    1.12830018    0.71087168    0.58417907    0.00000000    0.72202479    0.29192448    0.70547888    0.64473471    0.73081869    0.75614099    0.66589064    0.74595960    0.62421025    0.76858697    0.88474288    0.67618948    0.74219726    0.84234457    0.81703021    0.69718732    0.82178001    0.82185194    0.81510360    0.85541878    0.82395234    0.87019081    1.30644408    1.03362262    0.86636002    0.69971304    0.90689757    0.84985395    0.99606490    1.04300222    0.95645564    0.97770569    0.95400505    0.95413101    0.87253929    0.76231697    0.85468217    0.87012719    1.09061455    0.99451737    1.59374685    1.49698139    1.34738872    1.55034035    2.48534701    2.55548735    2.85593651    2.93842682    2.50109375    2.30421023    1.81685926    1.76394695    1.58263562    1.56707921    2.27311562    1.80564487    1.99191389    1.65429904    2.02651259    1.53809485    1.98255363    2.03359186    2.13537617    1.75549503    1.81164334    1.79936182    2.10762395    2.75816016    2.14324868    2.63695698    2.66205401    2.37658491    2.54896942    2.65303020    2.37838775    2.47412231    2.88171623    2.12631152    2.22799972    2.06801999    2.09266186    2.25335611    2.27451160    2.42394501    2.25986366    2.12596637    2.08163009    1.85379207    1.64792451    2.82858154    3.18856016    2.88771678    2.81768358    2.62544113    3.04887402    2.74365050    2.99828944    3.13899751    2.81993485    3.25173690    2.62644068    2.21873278    2.55343847    2.27469494    2.01715631    2.28186301    2.06462899    2.00389539    2.14364986    2.03618985    1.85764028    1.99889678    2.49061582    2.36808011    2.21247777    2.27083150    1.40288396    1.26205812    1.26681048    1.32047287    1.43594086    1.13954320    1.25975882    1.13048336    1.21757878    1.18734781    1.56047032    1.41417970    1.15066894    1.00096257    1.19163894    0.84913780    0.99353742    0.86984907    0.86400157    1.08369017    1.29886437    0.88041572    0.69417026    0.68952056
G3H9Y5_CRIGR/1-101     0.69735874    0.90403406    0.81488735    1.26838593    0.84145557    0.82874742    0.68086899    0.67473675    0.93791020    1.50409978    0.96303691    0.94428976    0.72202479    0.00000000    0.45477773    0.83322701    0.83323577    0.86557937    0.91287923    0.83031263    0.88033206    0.83411458    0.89128321    0.92932288    0.79140022    1.08267452    0.91388079    1.17309821    0.93972310    1.04288988    1.05587010    1.12036882    1.10193152    1.09281712    1.09766845    1.59103978    1.38776435    1.11189631    0.99786137    1.17935950    1.03748779    1.23976223    1.43128964    1.22925506    1.24227975    1.16247513    1.13082890    1.19724823    1.02750288    1.13054598    1.11552915    1.46442247    1.35231855    1.89196888    1.96998970    1.61566922    1.73470062    2.25647150    2.39617714    2.51518202    2.60779051    2.13017862    2.40451407    1.89726876    1.85069384    1.68255850    1.72353561    2.19028067    1.94933606    2.01527383    1.81617129    1.93054475    1.85110308    2.09729731    2.00045006    2.08644402    1.65238902    1.83422850    1.80577464    2.12718229    2.58821681    2.19084765    2.43334228    2.23073522    2.21597209    2.14769202    2.49382756    2.37383029    2.35357725    2.54868966    2.01421348    1.83328664    1.67628404    1.89458230    2.14634486    1.91165609    2.07872698    2.15773888    1.92665692    1.99221410    1.74793320    1.39784651    2.31407181    2.60562131    2.55962360    2.33820828    2.14482076    2.39221084    2.55528269    2.54413707    2.43282678    2.26192882    2.65925087    2.07734014    1.93674814    2.06216203    1.75422654    1.71423580    1.78364984    1.74923766    1.82985169    1.84252080    1.69974712    1.48565953    1.68165182    1.88217299    1.96104699    2.00469806    2.04688274    1.58461153    1.39168754    1.26532143    1.42292169    1.47786152    1.60452092    1.44748976    1.28806545    1.47504316    1.43748722    1.49816315    1.43410440    1.27179289    1.38605943    1.33269727    1.17251031    1.09889181    1.19442585    1.17366983    1.27309615    1.42740724    1.05792158    0.85586587    0.77381181
H0W2Q1_CAVPO/1-101     0.31423379    0.50138699    0.32684869    0.53658197    0.29415308    0.33955779    0.26911262    0.28903346    0.47720190    0.84797770    0.45026825    0.35943116    0.29192448    0.45477773    0.00000000    0.38385460    0.33291050    0.40485123    0.42385384    0.39007003    0.43512511    0.31825320    0.43005616    0.50632152    0.35090049    0.46381474    0.51728041    0.65201078    0.52308321    0.60957062    0.59716266    0.57335873    0.63814573    0.58561602    0.64353299    1.07654748    0.76741758    0.60270360    0.47696331    0.64852563    0.56430222    0.72440483    0.82296721    0.70341850    0.68703530    0.68079150    0.72012204    0.65067147    0.56307840    0.63956228    0.59683139    0.76099166    0.74156692    1.22098183    1.22677296    0.94593110    1.14378255    1.98083861    2.05877418    2.04885642    2.22635808    1.84370434    1.84598765    1.55446059    1.44817011    1.29893192    1.22741108    1.75647781    1.54373897    1.61116248    1.34674138    1.55930414    1.31744990    1.58669394    1.67049674    1.68105224    1.41851177    1.60266544    1.43685619    1.59152280    2.04443183    1.85138350    2.11417314    1.93475519    1.86257692    1.84477159    2.01761109    1.97772489    1.96350117    2.20211354    1.59697158    1.54808808    1.56139806    1.62181800    1.69369253    1.69802829    1.82561443    1.68238895    1.61582540    1.51036006    1.47532515    1.21012613    2.08890289    2.18089659    2.10360682    1.99342025    1.90660866    2.07255494    1.94749379    1.95853426    2.52274260    1.89842555    2.19929687    1.81880036    1.74048429    1.78977463    1.66653056    1.61880780    1.72701159    1.54132973    1.53602227    1.60171646    1.47221962    1.36463777    1.47986080    1.82992497    1.71238115    1.65279752    1.81267488    0.96627665    0.83739048    0.90610069    1.02552940    0.92034206    0.87911148    0.91941806    0.79890974    0.89429638    0.86626708    1.06979485    0.91775007    0.83640045    0.73519735    0.77036630    0.60256873    0.64905284    0.60492788    0.60378435    0.72071466    0.86833600    0.55382704    0.36671011    0.36549042
E5SW37_TRISP/1-101     0.27721065    0.48882569    0.28671865    0.84835948    0.68469068    0.64510042    0.54493317    0.71688008    0.90074035    1.33856749    0.85012481    0.82752635    0.70547888    0.83322701    0.38385460    0.00000000    0.28295229    0.23510321    0.37369808    0.38244302    0.40791505    0.37209165    0.41987497    0.48558518    0.36851983    0.35008849    0.47592901    0.55671861    0.51332086    0.50836562    0.55053776    0.59906586    0.62568692    0.61467613    0.58771699    1.12412789    0.73057044    0.59298840    0.42840250    0.63074876    0.60584980    0.62050868    0.72093526    0.51139130    0.64941860    0.68609675    0.64897642    0.62922585    0.56598122    0.59330783    0.51777740    0.78117352    0.59962506    1.01672253    1.13804208    0.89856730    1.07290984    2.05265419    1.74726993    1.99167269    1.97168390    1.74166924    1.80447357    1.46700897    1.43858914    1.26639692    1.25104652    1.60158348    1.44675677    1.45895083    1.32046725    1.48267432    1.31540795    1.40872507    1.52038672    1.56502583    1.38510756    1.71761201    1.43704800    1.65252648    2.11776620    1.71582031    1.98516387    2.06672225    1.99356070    1.95007709    2.07436285    1.89164320    2.12180432    2.40716234    1.62754643    1.49349242    1.53119168    1.58177322    1.63208860    1.65889188    1.72849182    1.71944590    1.53273325    1.47529348    1.47092009    1.22834381    2.31536016    2.41872299    2.41162801    2.26578136    2.06175424    2.20321745    2.27957230    2.19160245    2.64404952    2.26942458    2.53204512    1.74475793    1.76939247    1.68303362    1.59832502    1.66655104    1.71211794    1.50795349    1.48869270    1.52468492    1.40474550    1.34889655    1.36661319    1.72608902    1.72781662    1.78806137    1.62801843    0.89018727    0.63936268    0.80598310    0.92478714    0.76933749    0.77013192    0.87727217    0.79148277    0.78410167    0.55177574    0.88100722    0.80564086    0.56574530    0.75414298    0.63866584    0.55522601    0.56342831    0.47578719    0.59096562    0.64846614    0.75051536    0.48278160    0.28623211    0.28387504
E9FY06_DAPPU/1-101     0.34377330    0.51990974    0.33619792    0.73519516    0.55585407    0.54048778    0.47525255    0.60083707    0.75937918    1.33982503    0.65832395    0.74155220    0.64473471    0.83323577    0.33291050    0.28295229    0.00000000    0.31143399    0.34421975    0.31837537    0.43458292    0.31201333    0.56696651    0.65654670    0.35815767    0.39058233    0.49373777    0.57321855    0.52204609    0.57879282    0.58399035    0.59585469    0.62445174    0.65539810    0.67858031    1.14699059    0.83243402    0.67522440    0.58272448    0.60251716    0.59667203    0.58472731    0.76669259    0.59465329    0.64064953    0.54952949    0.65211958    0.61403612    0.47953157    0.55740564    0.59617451    0.69498460    0.63600161    1.09434471    1.15017008    0.89213616    1.13135951    1.94911465    1.86699823    1.91135914    2.10990117    1.85994067    1.79418843    1.40837969    1.29748501    1.22017857    1.25640627    1.60001149    1.38259495    1.52549715    1.25145184    1.55993546    1.27897979    1.47724468    1.64006354    1.60429981    1.35974212    1.56841503    1.45501634    1.76471370    2.04066057    1.75532033    2.05137136    1.98360510    1.65333605    1.72983513    1.93997793    1.94233225    1.89021410    2.33804722    1.55339272    1.58060564    1.66089679    1.71379121    1.64890778    1.67868048    1.73068656    1.58658093    1.68475522    1.49903412    1.48395692    1.25325003    2.24204925    2.35015891    2.23273495    2.05004406    1.93323987    2.02472292    2.09780048    2.01613381    2.63633096    1.94055934    2.24473905    1.78995517    1.87061293    1.74976532    1.79920163    1.67654549    1.77723989    1.55916286    1.70763760    1.72397196    1.61859659    1.55502511    1.53813846    1.88882803    1.72681251    1.63424364    1.71744381    0.82778202    0.78885718    0.88700449    0.94225264    0.87566586    0.77376208    0.91693521    0.73900649    0.82262982    0.66050444    0.95075044    0.79771296    0.75130409    0.78588078    0.74618503    0.66742542    0.71726427    0.64261280    0.62936604    0.68858141    0.79567874    0.48053504    0.42694982    0.33312382
A0A0K0J4W6_BRUMA/1-101     0.32956758    0.55020018    0.33526267    0.89483462    0.66448972    0.69998803    0.55560937    0.71808856    0.86319956    1.41311350    0.88547089    0.85997758    0.73081869    0.86557937    0.40485123    0.23510321    0.31143399    0.00000000    0.24065989    0.41254507    0.41043875    0.42535548    0.45287089    0.53530894    0.38953982    0.42248624    0.52122102    0.56811680    0.55031551    0.55132735    0.55269615    0.53854586    0.62815800    0.56399563    0.59813031    0.98832835    0.72290469    0.61757369    0.45677219    0.59160232    0.53145295    0.69301366    0.74371734    0.60551091    0.68210590    0.67202631    0.63657755    0.61317528    0.51670929    0.65429711    0.47260448    0.61846020    0.56885861    1.03055928    1.15457703    0.96359976    1.18906556    2.29958013    2.12329483    2.14779291    2.37272946    1.93459948    2.08288742    1.54113186    1.60227325    1.28938932    1.32055624    1.56802992    1.44788934    1.51340265    1.44616137    1.62218175    1.31185093    1.44955759    1.65366433    1.75284055    1.51223663    1.81968900    1.39234138    1.84540479    2.24547525    1.76079017    2.21683204    2.16203395    2.00563317    1.90322527    2.16805974    1.97139848    1.99659688    2.53096056    1.65900546    1.45296847    1.74528735    1.69427785    1.80650588    1.84801788    1.81201865    1.78418877    1.70266759    1.57210737    1.59688436    1.36562894    2.31182696    2.48931118    2.41416209    2.34073197    2.03066223    2.21919835    2.26833387    2.19341199    2.73144494    2.29997810    2.48546498    1.84685591    1.87886007    1.68682768    1.80216528    1.70972317    1.67901284    1.56626330    1.49431652    1.53256006    1.50762282    1.43195905    1.36229834    1.68775452    1.70528307    1.75064912    1.68391083    1.07613601    0.79196257    0.83376550    0.93096526    0.78454358    0.82188282    0.98183113    0.76987328    0.70780038    0.67318584    0.83639117    0.81207737    0.64421847    0.69753898    0.63260750    0.62087280    0.63808864    0.53011386    0.54587208    0.70440412    0.79984829    0.49657854    0.27688579    0.39799552
