13
DGK_BACSU/7-207     0.00000000    1.81995268    1.54058186    1.61379531    1.47245502    2.14907895    2.65701622    1.87905045    2.01036780    2.09328790    1.95645909    2.78267227    2.28696756
O51255_BORBU/3-201     1.81995268    0.00000000    1.44560327    1.34225392    1.58161205    2.05152239    2.33464587    2.35903195    2.38843893    2.26998268    1.98508393    2.52125293    2.05796068
DGK1_LACJO/4-209     1.54058186    1.44560327    0.00000000    0.57768620    1.37659320    2.34224639    2.48652875    2.21003439    2.45981498    2.05449832    2.38471090    2.47622998    2.43474055
DGK2_LACJO/4-209     1.61379531    1.34225392    0.57768620    0.00000000    1.49490960    2.28401988    2.55215929    2.24176162    2.47216066    2.15664365    1.91838500    2.31822033    2.15401095
DCK_BACSU/12-212     1.47245502    1.58161205    1.37659320    1.49490960    0.00000000    2.24468681    2.33820497    1.79517160    1.79535646    2.16949871    2.03104879    2.06786278    2.16452513
DCK1_FOWPN/12-217     2.14907895    2.05152239    2.34224639    2.28401988    2.24468681    0.00000000    1.73244977    1.32513729    1.48931181    2.36446934    2.03316639    2.28944015    2.29593691
KITM_HUMAN/53-265     2.65701622    2.33464587    2.48652875    2.55215929    2.33820497    1.73244977    0.00000000    1.25946530    1.33362087    2.15734637    2.16561943    1.89668006    2.63908611
DCK_HUMAN/24-258     1.87905045    2.35903195    2.21003439    2.24176162    1.79517160    1.32513729    1.25946530    0.00000000    0.80729422    1.90409413    1.87676561    1.86218202    2.80907456
DGUOK_HUMAN/41-275     2.01036780    2.38843893    2.45981498    2.47216066    1.79535646    1.48931181    1.33362087    0.80729422    0.00000000    2.13832435    1.91583541    1.72424557    2.68877926
VF143_IIV6/4-194     2.09328790    2.26998268    2.05449832    2.15664365    2.16949871    2.36446934    2.15734637    1.90409413    2.13832435    0.00000000    1.57060729    2.06676131    2.04996868
Q98468_PBCV1/3-188     1.95645909    1.98508393    2.38471090    1.91838500    2.03104879    2.03316639    2.16561943    1.87676561    1.91583541    1.57060729    0.00000000    2.17207134    2.14525044
KITH_ICHVA/19-213     2.78267227    2.52125293    2.47622998    2.31822033    2.06786278    2.28944015    1.89668006    1.86218202    1.72424557    2.06676131    2.17207134    0.00000000    2.16553734
Q21233_CAEEL/75-316     2.28696756    2.05796068    2.43474055    2.15401095    2.16452513    2.29593691    2.63908611    2.80907456    2.68877926    2.04996868    2.14525044    2.16553734    0.00000000

