99
A3FQ93_CRYPI/6-191     0.00000000    0.45537949    0.97788009    0.91871139    1.19739691    1.13315552    1.18952175    1.16591455    1.09277543    1.22064197    0.94233713    0.96445307    1.17999444    1.05071971    1.00414272    0.87010143    0.96266563    0.96127862    1.14773449    1.01591423    0.97143059    0.96766719    0.86989344    0.89511320    0.89776035    0.95918161    0.98303879    1.02416684    1.04955289    1.00622204    1.04118803    0.96289555    1.07160100    1.05222608    0.96576576    1.10220042    1.07254835    1.06466104    0.96272132    1.05292477    1.15168234    1.12828180    1.12543631    1.07998441    1.11877273    1.02607131    1.04319038    1.11441830    1.08937760    1.04590128    1.13994733    1.15330127    1.13103119    1.11725901    1.11704634    1.23516693    1.15833739    1.09563953    1.04782404    1.22425646    1.22022476    1.26933496    1.25436336    1.23588986    1.17759660    1.22023347    1.20419941    1.22592024    1.31904288    1.05702290    1.10495740    0.99407063    1.13025372    0.93506488    1.07125984    1.01694748    0.93143553    0.87464101    0.95426600    1.02029496    0.98898950    1.02239711    1.14806811    0.96122182    1.00977341    0.92106977    1.00732408    1.00207840    1.30665951    0.95288516    1.33386798    1.18981874    1.43760134    1.25761945    1.15379978    1.26271195    1.28219834    1.50787333    1.17328467
B6AK18_CRYMR/6-191     0.45537949    0.00000000    1.03577779    0.97544078    1.03137728    1.00098314    1.08265088    1.03527851    1.02842167    1.07983751    0.91827211    1.00343932    1.25108920    1.09910365    0.99442558    0.94561607    0.98325039    0.88765845    1.10422275    0.97426828    0.98135804    1.01686033    0.87678784    0.89711851    0.89816467    1.01399169    1.01209276    0.93630551    1.02320418    1.02376068    1.03515570    0.97804335    1.04133571    1.11461674    1.04193025    1.10303240    1.08716161    1.03189030    1.08149696    0.97467459    1.07231666    1.12734152    1.08753387    1.02631261    1.14766739    1.04380385    1.04774897    1.02707340    1.03736199    0.99062062    1.25354215    1.17574958    1.18314839    1.17193785    1.20677570    1.22308063    1.14542775    1.13517412    1.05632858    1.12512068    1.16710329    1.14530144    1.15073547    1.11693675    1.07189858    1.15044858    1.18374450    1.20441843    1.12398939    1.13707893    1.09396209    0.94558913    1.01736271    0.94430316    1.06441959    1.07517751    1.05921365    0.80301859    0.94744493    1.02710240    1.17360783    0.98933338    1.08289228    1.06880693    0.99939673    1.00727753    1.02728479    1.03525185    1.34646300    1.04249635    1.38263537    1.16332938    1.50048078    1.22854479    1.12526699    1.15125233    1.20948857    1.40529454    1.24919947
Q4UGE7_THEAN/1-187     0.97788009    1.03577779    0.00000000    0.46584248    1.21254842    1.29674914    1.29790074    1.23895161    0.98429743    1.21432523    1.00419208    0.95662641    1.28854606    1.06682195    0.99125352    0.96100915    1.02829076    0.96012902    1.11805011    0.94623671    0.97373658    0.94550281    0.91628844    1.06734498    0.97026980    1.00937119    1.18349067    0.94731739    1.05612300    1.09784735    1.05833037    0.99710282    1.07671838    1.05251412    1.02668626    1.13216068    1.19208482    1.13651590    1.01592210    1.06124833    1.10326475    1.10399479    1.09343206    1.05426778    1.07090125    1.02721516    1.07073946    1.12419458    1.07523406    1.09845410    1.03878106    1.15284683    1.13359180    1.07839299    1.23020226    1.07716291    1.12687635    1.06972735    1.01764554    1.17718449    1.08854330    1.08421716    1.07414796    1.08206661    1.02996092    1.01856337    1.07246203    1.25532901    1.20487013    1.00574866    1.01326187    0.99624989    1.05839132    1.20240106    1.05626406    1.04778485    1.05740533    1.01367074    1.07840375    1.11018547    1.11107825    1.07571200    1.24107088    0.94093028    1.06138361    1.08544662    1.04393475    1.03072949    1.31615577    0.95876366    1.39461234    1.31436026    1.53396288    0.98606399    0.90416972    1.21697750    1.25018580    1.52584148    1.58892590
A7AQS9_BABBO/6-192     0.91871139    0.97544078    0.46584248    0.00000000    1.21694836    1.26167212    1.31412663    1.24626057    1.01522156    1.30549622    1.04688621    0.92190746    1.21353033    0.99701414    0.97511903    0.97521918    1.02963605    0.85557768    0.95233976    0.89319365    0.94614981    0.86015816    0.84402696    0.99045788    0.92516810    0.98254783    1.01687063    0.88303705    0.98985543    0.96759647    1.02329734    1.01781746    1.03757343    0.97797861    1.06050685    1.06750560    1.07679488    1.08575186    1.08100491    0.94516388    1.21103125    1.12462185    1.13804491    1.11277927    1.08456421    1.02907932    1.01213723    1.17709586    1.01740822    1.04375287    1.14666708    1.19913446    1.26647655    1.20266687    1.29284920    1.14980384    1.10184808    1.01226875    0.99002491    1.10208102    1.07149065    0.98951986    1.00457379    1.05967481    0.94925712    1.00623865    1.05229444    1.09496968    1.13772683    1.06533914    1.13323530    1.08156229    1.00672570    0.95704581    1.12133514    1.05059682    1.11374499    0.98709187    1.00195444    1.10935636    1.16568677    1.09091423    1.19995736    1.07365349    1.06296376    1.00171649    1.03363497    1.14233289    1.30804556    1.08776741    1.41270249    1.34050336    1.35342241    1.07937348    0.76985270    1.20333580    1.28492776    1.56272032    1.42991987
Q7RAN4_PLAYO/7-194     1.19739691    1.03137728    1.21254842    1.21694836    0.00000000    0.32507248    0.29094627    0.29545822    1.07423532    1.23947736    1.18610433    1.23256533    1.65352706    1.39636670    1.38289829    1.35754086    1.33404391    1.28246123    1.27303482    1.32840562    1.35602026    1.31809238    1.19462412    1.15598564    1.14678780    1.27708639    1.27035642    1.15067350    1.27470528    1.30759503    1.54053513    1.34393769    1.22440010    1.26625501    1.36964073    1.38801049    1.42577083    1.48013433    1.40948553    1.32852950    1.39622205    1.39146227    1.30591273    1.31093557    1.38499694    1.20072063    1.28824501    1.30380997    1.36423361    1.39665694    1.38069150    1.30111992    1.31800681    1.19599520    1.11491787    1.39782322    1.38272702    1.30279411    1.36465215    1.40502408    1.34476079    1.27975035    1.32988539    1.31746535    1.27238084    1.19916939    1.28644586    1.27693324    1.27526247    1.36027186    1.12257721    1.18955575    1.24848722    1.26062097    1.21838993    1.18295232    1.25002698    1.08686617    1.16832283    1.14346872    1.26838210    1.32631855    1.37590707    1.36051129    1.30795029    1.16781683    1.26713078    1.40542355    1.78026364    1.33585921    1.74199162    1.16576428    1.61250560    1.42398741    1.19251656    1.46091930    1.56839045    1.45541918    1.47374910
Q8IAX6_PLAF7/7-194     1.13315552    1.00098314    1.29674914    1.26167212    0.32507248    0.00000000    0.22662480    0.20841619    1.04552236    1.13796816    1.07209166    1.15389050    1.58199237    1.36693502    1.36911124    1.34220155    1.31887098    1.20844884    1.35216385    1.26849317    1.30605298    1.21370540    1.15508196    1.25787883    1.23558273    1.21996139    1.22756690    1.19506866    1.25767093    1.32302385    1.27489351    1.31243213    1.22613498    1.20175329    1.40434667    1.36475168    1.43389462    1.46794587    1.40299550    1.30193778    1.34628101    1.26941747    1.21996716    1.21450222    1.26213685    1.09896647    1.25986296    1.25848860    1.28450425    1.25310921    1.24432549    1.28779170    1.22197853    1.18401580    1.15472560    1.33139157    1.25678295    1.22136479    1.35235851    1.49687427    1.41227273    1.26300609    1.33608372    1.33130024    1.23060625    1.28463980    1.27085458    1.27558019    1.29760597    1.46522105    1.20408627    1.14938332    1.26095767    1.23922314    1.23531264    1.19565750    1.30120094    1.08399410    1.10484325    1.02368238    1.23376976    1.43522304    1.47331646    1.31802812    1.35245665    1.13727136    1.26128456    1.39396568    1.78260923    1.28553597    1.64285443    1.24562794    1.50604183    1.27068846    1.24579583    1.41740928    1.66650064    1.59493327    1.42393035
A5JZN9_PLAVS/7-194     1.18952175    1.08265088    1.29790074    1.31412663    0.29094627    0.22662480    0.00000000    0.08342371    1.14275116    1.29717181    1.13897838    1.17709553    1.66729280    1.46295627    1.41985507    1.35942867    1.40413031    1.31432114    1.44994749    1.36245619    1.29408592    1.31300499    1.24495132    1.33823301    1.34015465    1.30769019    1.32145396    1.24946734    1.27451372    1.33509028    1.44776933    1.33894967    1.22544458    1.24488335    1.34534900    1.38620795    1.46085051    1.48522933    1.39407078    1.42257321    1.39013819    1.39231530    1.25916368    1.31223104    1.35938120    1.15782910    1.24686243    1.34528982    1.34018179    1.27431366    1.35385597    1.26461040    1.26235889    1.15878414    1.08941041    1.34901892    1.31907557    1.31210241    1.47234898    1.50127871    1.48232393    1.30079285    1.36016317    1.39757682    1.28604867    1.27678433    1.31316776    1.36572699    1.41872975    1.45876798    1.31920389    1.24145212    1.44082061    1.31806975    1.26044427    1.25157708    1.39351925    1.18709724    1.17454311    1.12044791    1.27367712    1.45198390    1.47375903    1.35901872    1.43271944    1.26430221    1.26238088    1.42804515    1.81839626    1.33559294    1.77452369    1.25957882    1.66663281    1.34838671    1.28096265    1.47497439    1.59500486    1.49039334    1.45146627
A0A384LE88_PLAKH/7-194     1.16591455    1.03527851    1.23895161    1.24626057    0.29545822    0.20841619    0.08342371    0.00000000    1.11314266    1.24351510    1.15159746    1.19692415    1.65279803    1.39913244    1.32678277    1.34969665    1.35868209    1.29982426    1.46372065    1.33793825    1.25902207    1.27222301    1.23976390    1.32101146    1.30889920    1.25007344    1.30458343    1.20208490    1.23062971    1.29687961    1.45871558    1.32426483    1.25119757    1.24805332    1.36771899    1.36683803    1.46103347    1.51714115    1.38377858    1.40585271    1.35874940    1.36142619    1.24777553    1.28598325    1.39266280    1.14697135    1.26570043    1.31106631    1.35300789    1.31437411    1.35970500    1.28359062    1.23551633    1.16588990    1.12370151    1.33712229    1.32404389    1.29311220    1.44009740    1.55314922    1.50735003    1.33237875    1.37995444    1.41589265    1.33382534    1.31929984    1.34461146    1.37505674    1.43287638    1.45540985    1.30888740    1.21033635    1.39059032    1.30685410    1.25819654    1.23366519    1.38253237    1.13469654    1.13171811    1.13928726    1.27463264    1.40909490    1.45629828    1.36185520    1.38142067    1.22997696    1.23247072    1.40069105    1.79640821    1.30657100    1.68452260    1.27437118    1.59845977    1.35611197    1.28301699    1.44768501    1.65719720    1.45987022    1.41926548
B8C0K6_THAPS/7-190     1.09277543    1.02842167    0.98429743    1.01522156    1.07423532    1.04552236    1.14275116    1.11314266    0.00000000    0.94104333    0.88754300    0.80772788    0.90164835    0.78362840    0.85854712    0.88156221    0.77057310    0.81048733    0.82766983    0.78969428    0.96441416    0.80858770    0.83584359    0.98410635    0.97612891    1.00061120    1.01063119    0.97520501    0.95583757    0.99515064    1.07514755    1.01537700    1.08226394    0.98972999    0.94483652    1.06794992    1.08965938    1.04316730    1.05638915    0.95893713    0.93586963    1.09481317    1.06208450    1.00109386    0.99649811    0.93896449    0.91840684    0.89136714    0.86352546    0.88971708    1.08470480    1.10095413    1.07020383    0.97589132    0.96101323    1.01500887    0.94746093    0.94767327    0.77200873    0.76197237    0.78205007    0.80496505    0.88555667    0.75863288    0.83008273    0.93893752    0.86110391    0.85965961    0.80214860    0.85858329    0.96364998    0.85673358    0.99229837    0.88660248    0.85217782    0.91699585    1.02713881    0.73815485    0.86566421    0.89271065    0.91334736    1.08465474    0.92714582    0.80826251    1.04006278    0.85000345    0.80250637    0.87788414    1.07374941    0.83759165    1.10524834    1.16678832    1.26647288    1.07943023    0.95257449    1.20139867    1.13948838    1.59238025    1.20688506
D6WJ61_TRICA/7-174     1.22064197    1.07983751    1.21432523    1.30549622    1.23947736    1.13796816    1.29717181    1.24351510    0.94104333    0.00000000    1.08537403    1.10646878    1.14518756    1.05756103    1.11917573    1.05598091    0.96445275    0.90536278    0.95642934    0.99435884    1.03564996    0.88100370    0.82910386    0.95958638    0.99553407    0.88456157    0.97930179    0.95123159    1.17836777    1.18394420    1.11912254    1.08452411    1.07981759    1.05396639    1.06373679    1.19009876    1.12843498    1.07595619    1.10566297    0.98609972    1.01782255    1.11251360    1.11258757    1.06410145    1.11857870    1.05640956    1.11195474    1.03660948    1.10053970    1.08331067    1.09297526    1.16842072    1.09266691    1.21324390    1.20152660    1.02659225    1.00733738    1.10064604    1.00000288    0.96016402    0.95265448    1.02145979    1.11682866    1.11481313    1.00664503    1.15223879    1.09483085    1.08572024    1.03726383    1.03781291    1.13215345    1.01863257    1.04811997    0.82547005    0.79583187    0.84355288    0.90371076    0.67169048    0.73739054    0.82634087    0.83324100    1.02558143    1.02555321    0.88643434    0.90357757    0.83602526    0.72196036    0.80078602    0.96488408    0.77039552    1.26899767    1.07588650    1.23579740    0.96874868    1.07206889    1.36183926    1.32269314    1.47858557    1.12857960
C1E6B5_MICCC/7-191     0.94233713    0.91827211    1.00419208    1.04688621    1.18610433    1.07209166    1.13897838    1.15159746    0.88754300    1.08537403    0.00000000    0.25907360    0.63810803    0.64968426    0.54863176    0.46952244    0.68578364    0.75829588    0.74455746    0.55862322    0.86543187    0.67691257    0.58286570    0.62880784    0.62349327    0.86257597    0.97178685    0.90672590    0.79637680    0.95615382    0.88089388    0.88361673    0.82961508    0.86985815    0.90705025    0.98116441    0.95499989    0.82434810    0.88210570    0.71526429    0.87883062    0.87329164    0.83689066    0.87169267    0.90371197    0.77213733    0.79910901    0.79031736    0.77047962    0.76267550    0.86321616    0.87791238    0.82748817    0.80166569    0.82429090    0.89618104    0.78345237    0.72427358    0.79497702    0.91991907    0.88586228    0.98170703    0.96761234    0.97326387    0.95477897    1.13462962    0.96636716    1.00880039    1.09260995    0.82560022    1.05095903    0.75618652    0.86529114    0.80891308    0.76977176    0.81203112    0.98354473    0.77954854    0.77689183    0.74333517    0.75736848    0.98041923    0.86726771    0.78194218    0.75927082    0.69299365    0.69226291    0.71317230    0.97823484    0.72336547    1.10647941    1.01824158    1.17231455    1.06996355    0.92239285    0.86292990    1.03212958    1.50599526    1.04449109
A4RY76_OSTLU/6-193     0.96445307    1.00343932    0.95662641    0.92190746    1.23256533    1.15389050    1.17709553    1.19692415    0.80772788    1.10646878    0.25907360    0.00000000    0.70141507    0.62624961    0.61932515    0.52882807    0.69956591    0.76605209    0.77420525    0.59802930    0.76499842    0.65709567    0.59373226    0.68834844    0.68073901    0.82154385    0.94164945    0.91740624    0.82248929    0.88126884    0.88670853    0.91451730    0.86904134    0.94498185    0.82564443    0.87515436    0.96954455    0.89508753    0.89311791    0.79204132    0.88351779    0.96017238    0.94265450    0.93806091    0.92150423    0.81801248    0.79159184    0.79767043    0.88671814    0.87418027    0.92038371    0.93786146    0.93926601    0.89941728    0.86798691    0.91092506    0.86739578    0.73411053    0.89975223    0.92653751    0.99232838    0.92504229    0.94862372    0.94549195    0.95897056    1.03365418    0.91101525    0.97265136    1.02279934    0.80738715    1.03476541    0.78087063    0.88981587    0.82377741    0.87115522    0.91032121    1.00316291    0.79088956    0.77292482    0.82072903    0.87262015    1.03157635    0.93478408    0.75894686    0.84850445    0.69972129    0.71984239    0.67850843    0.99120005    0.69332047    1.10244134    1.05698220    1.24233408    1.13428036    0.89386814    0.86535081    1.01486105    1.52355289    1.05664832
E1ZRL8_CHLVA/6-185     1.17999444    1.25108920    1.28854606    1.21353033    1.65352706    1.58199237    1.66729280    1.65279803    0.90164835    1.14518756    0.63810803    0.70141507    0.00000000    0.68310321    0.58041182    0.55263163    0.76487891    0.73121741    0.83910616    0.64688231    0.81122800    0.74804137    0.63879944    0.71739212    0.79658161    0.90327150    1.03483234    1.02260021    0.93825658    1.00417045    1.08316178    1.06718812    1.04120534    1.10093950    0.85124618    1.07845614    0.99363402    0.95310819    0.99209820    0.81921526    0.87945758    1.01866347    0.99371452    1.06399457    0.92487194    1.02565851    0.92459003    0.92541282    0.91586596    0.91522650    0.94215920    0.92001540    0.97581786    1.03306509    0.99772191    0.95158052    0.77575208    0.79664428    0.83340431    0.87958781    0.92300187    0.95769613    1.01957460    0.95642774    0.92969663    1.12344137    0.95742559    1.01407455    1.07480923    0.82388331    1.11570362    0.84402755    0.85931230    0.79498294    0.95197105    0.94143479    1.03312727    0.82291428    0.91150456    0.89931439    0.77615089    0.95992151    0.83051300    0.78554679    0.81835199    0.79873980    0.81016343    0.84131090    1.18852333    0.85344526    1.17698285    1.13239404    1.23941464    1.10820457    0.88943100    1.07304995    1.03069047    1.71812430    1.21033950
D8QUC7_SELML/7-186     1.05071971    1.09910365    1.06682195    0.99701414    1.39636670    1.36693502    1.46295627    1.39913244    0.78362840    1.05756103    0.64968426    0.62624961    0.68310321    0.00000000    0.43118930    0.41933083    0.69995592    0.66314391    0.67806614    0.71348788    0.77615525    0.66522806    0.58217897    0.78176076    0.74536277    0.74795903    0.84010670    0.95617570    0.92537206    1.03886970    0.96240099    0.95618882    1.02105740    1.07799409    0.83734534    0.94633392    0.90973788    0.80756285    0.88968580    0.74061024    0.83930201    0.82407942    0.89476539    0.88125659    0.90619327    0.90333772    0.79082570    0.79121719    0.87574725    0.84039692    0.83382504    0.88135708    0.88003384    0.89944130    0.93039479    0.90975168    0.80987321    0.85171778    0.81767404    0.87530928    0.89168508    0.95475556    1.06262593    0.94256771    0.96620897    1.10040526    0.98681989    1.03764805    1.00583778    0.85738199    0.86321692    0.86008929    0.87065315    0.74328674    0.77647008    0.78264004    0.98074184    0.76755058    0.77173269    0.81567260    0.68565221    0.92368836    0.84187217    0.78138765    0.85044763    0.73288113    0.69051744    0.67638359    0.89609437    0.66420823    1.05448215    0.99000685    1.29817268    1.08219660    0.93440549    1.17397917    0.99001359    1.34332733    1.03777594
M4DND0_BRARP/6-185     1.00414272    0.99442558    0.99125352    0.97511903    1.38289829    1.36911124    1.41985507    1.32678277    0.85854712    1.11917573    0.54863176    0.61932515    0.58041182    0.43118930    0.00000000    0.23713741    0.69000771    0.67325845    0.77945487    0.73147382    0.77184612    0.68509076    0.53050376    0.64543546    0.68550207    0.81581604    0.92808937    0.92592135    0.93883812    1.00773234    0.95947012    0.90916198    0.94917321    0.96688820    0.84165854    1.02190380    0.94585931    0.85179280    0.90240553    0.76950878    0.84448936    0.88971528    0.95412208    1.00562379    0.89553502    0.87835093    0.85222057    0.78076935    0.85793849    0.80401332    0.86138774    0.80616830    0.85879333    0.86643491    0.88133637    0.92571019    0.87960057    0.77230326    0.76524250    0.92405928    0.90948654    0.95314644    0.98573052    0.92666058    0.92406150    0.99067519    0.87244213    1.00125703    0.99797953    0.84762838    0.89058820    0.88379919    0.77322381    0.78077378    0.77535392    0.81480088    0.96695740    0.72732144    0.75513053    0.79981599    0.71680542    0.84908956    0.76671705    0.81827675    0.70566872    0.66480281    0.70155373    0.74178783    0.96276082    0.73689327    1.14940100    0.98005258    1.12924374    0.86852141    0.84576704    1.02206216    0.97721892    1.26246204    1.04210114
W1PNU8_AMBTC/7-186     0.87010143    0.94561607    0.96100915    0.97521918    1.35754086    1.34220155    1.35942867    1.34969665    0.88156221    1.05598091    0.46952244    0.52882807    0.55263163    0.41933083    0.23713741    0.00000000    0.67721534    0.66164004    0.70180906    0.69286858    0.73256568    0.67309335    0.49955140    0.66073289    0.67829449    0.79228420    0.87540349    0.92734127    0.91317672    0.99144871    0.93213092    0.87398989    0.96099244    1.04730032    0.76539638    0.94021190    0.89228857    0.80876696    0.78827601    0.70428941    0.85142765    0.94990229    0.97945568    1.00390396    0.93642550    0.89417026    0.85336147    0.75270003    0.86957442    0.84386094    0.88117196    0.90388038    0.86782845    0.86512354    0.93549155    0.92208878    0.81181843    0.79110300    0.76667826    0.91231935    0.94083234    1.00860202    0.97418655    0.95482928    0.95049428    1.06095636    0.95244103    0.98914079    1.09333841    0.79242086    0.82249931    0.89004340    0.79942666    0.73652559    0.71627645    0.74854245    0.91872995    0.67680398    0.73862102    0.72041943    0.69314838    0.83724793    0.77227263    0.75664579    0.69162379    0.62271179    0.70658657    0.67225426    0.90328846    0.66755396    1.08318403    0.94975670    1.14413929    0.87403113    0.84164157    1.07916485    0.96381709    1.25900959    1.01730483
D7G7K6_ECTSI/7-184     0.96266563    0.98325039    1.02829076    1.02963605    1.33404391    1.31887098    1.40413031    1.35868209    0.77057310    0.96445275    0.68578364    0.69956591    0.76487891    0.69995592    0.69000771    0.67721534    0.00000000    0.71775429    0.82581740    0.74006205    0.72318984    0.68514627    0.66225752    0.85065246    0.76508968    0.86754758    0.89661001    0.86664918    0.92897301    0.94600940    0.84528217    0.97756823    0.99650740    0.92591050    0.86574110    0.96614994    0.85514038    0.86813372    0.93502399    0.77318160    0.76305697    0.81974853    0.77202096    0.80358261    0.84542451    0.78390747    0.80822656    0.79779090    0.78674080    0.83609209    0.86008170    0.87065149    0.86740086    0.81381428    0.81280640    0.78463833    0.75731770    0.74363223    0.76566704    0.81993641    0.86397152    0.88643873    0.87611604    0.88564212    0.77929338    1.01194197    0.87119207    0.95589007    0.87008500    0.80162254    1.02122792    1.00437902    0.92157342    0.73846599    0.87616267    0.82400148    0.91385173    0.74327424    0.79247677    0.86519799    0.86303846    0.95348220    0.93306464    0.73980851    0.83485447    0.70614575    0.72190487    0.70717911    0.93470420    0.71473951    1.11882294    1.09466338    1.23832731    0.99948123    0.81013362    1.20515098    0.99728761    1.41407837    1.07332978
A0A015JVG6_RHIIW/6-184     0.96127862    0.88765845    0.96012902    0.85557768    1.28246123    1.20844884    1.31432114    1.29982426    0.81048733    0.90536278    0.75829588    0.76605209    0.73121741    0.66314391    0.67325845    0.66164004    0.71775429    0.00000000    0.46040723    0.45400874    0.62252828    0.48419114    0.42180195    0.63383601    0.58369839    0.75607404    0.69961709    0.72043745    0.71000386    0.70207581    0.68386336    0.69536443    0.82478529    0.75454042    0.72744321    0.83960760    0.76497214    0.70224117    0.75179945    0.72911430    0.71709643    0.83653199    0.86352382    0.76812936    0.82655760    0.79205063    0.74692180    0.79063378    0.75964381    0.70323639    0.81469602    0.82220695    0.85309927    0.89382646    0.85682888    0.78605006    0.70618860    0.69714067    0.71766190    0.78650616    0.82553473    0.77547166    0.83642377    0.82625746    0.81361831    0.92229768    0.85038949    0.97180104    0.95190924    0.73063057    0.73920331    0.82506239    0.78563310    0.54233300    0.61663904    0.66681702    0.67496668    0.53113636    0.64568441    0.68379766    0.60973058    0.80610852    0.77935360    0.55335135    0.59998815    0.48772346    0.59787671    0.62976416    0.86833806    0.60325068    0.92494705    0.99539324    1.10058090    0.78535641    0.82383892    1.05256282    0.91123253    1.23798650    1.04666194
F4P0I3_BATDJ/6-184     1.14773449    1.10422275    1.11805011    0.95233976    1.27303482    1.35216385    1.44994749    1.46372065    0.82766983    0.95642934    0.74455746    0.77420525    0.83910616    0.67806614    0.77945487    0.70180906    0.82581740    0.46040723    0.00000000    0.43419381    0.69173785    0.56607237    0.52907270    0.63477326    0.62201393    0.77908628    0.82312517    0.80727484    0.88489913    0.81912710    0.92444312    0.80451951    0.92253433    0.82762881    0.77040278    0.89484783    0.85042030    0.79137792    0.81230618    0.67796625    0.67119135    0.82254880    0.79186710    0.73169681    0.66959814    0.72642806    0.74377448    0.68364301    0.70661480    0.65933390    0.87045914    0.84741880    0.88024967    0.79695492    0.77941919    0.84488473    0.82820788    0.79128948    0.60742053    0.70871781    0.73796177    0.71273134    0.78467242    0.71977858    0.73453162    0.92799087    0.78333684    0.79110768    0.83046433    0.73838303    0.90762767    0.88556630    0.77813305    0.67713732    0.67926995    0.74934626    0.76481632    0.64783338    0.70449838    0.82411342    0.68772298    0.83234604    0.83298466    0.62511504    0.79994744    0.65239476    0.65639681    0.66812233    0.99734991    0.65204104    0.94221566    1.10402129    1.13258744    0.86873146    0.86855572    1.25466959    0.91890225    1.33856859    1.12232091
I1BSM6_RHIO9/8-187     1.01591423    0.97426828    0.94623671    0.89319365    1.32840562    1.26849317    1.36245619    1.33793825    0.78969428    0.99435884    0.55862322    0.59802930    0.64688231    0.71348788    0.73147382    0.69286858    0.74006205    0.45400874    0.43419381    0.00000000    0.65491634    0.50549554    0.51399625    0.59156707    0.58296381    0.76845472    0.74915860    0.73927333    0.68196305    0.67201877    0.70081913    0.70836608    0.76160490    0.72731263    0.63033345    0.75133498    0.76164787    0.72738467    0.65808271    0.62130158    0.71252282    0.77248713    0.76330535    0.74824282    0.73731329    0.72169109    0.67119887    0.65703134    0.67706220    0.65103750    0.74325457    0.73662602    0.77305224    0.75720452    0.78388110    0.74532189    0.69274569    0.61544489    0.51693878    0.65774009    0.64633770    0.66924544    0.72902300    0.66712924    0.67512561    0.77665193    0.67359858    0.73348398    0.72835967    0.73028378    0.84855609    0.73733473    0.71932434    0.73554975    0.69320598    0.78443500    0.78978624    0.68098462    0.73554803    0.90690874    0.74039705    0.88554477    0.74811591    0.64279524    0.76290411    0.71094856    0.64187729    0.63024537    0.95661046    0.64041011    0.99735707    1.02800526    1.02014067    0.84215337    0.68622180    1.02706030    0.92467273    1.23061094    0.86356717
A0A0D2WPD9_CAPO3/7-186     0.97143059    0.98135804    0.97373658    0.94614981    1.35602026    1.30605298    1.29408592    1.25902207    0.96441416    1.03564996    0.86543187    0.76499842    0.81122800    0.77615525    0.77184612    0.73256568    0.72318984    0.62252828    0.69173785    0.65491634    0.00000000    0.53491948    0.55117949    0.73469706    0.73870428    0.84742321    0.87993669    0.86431669    0.80400959    0.87946206    0.93020851    0.97171660    1.04152890    1.00450744    0.89523231    0.92101601    0.99038834    0.86726729    0.91321303    0.70177377    0.71028696    0.80177697    0.75581892    0.75572636    0.78155187    0.79160368    0.79763144    0.77317880    0.84316202    0.83290705    0.84256992    0.85816413    0.91358920    0.87818788    0.85606432    0.79955099    0.75411779    0.74398828    0.67431186    0.79048785    0.79050752    0.84843895    0.81729915    0.77464855    0.72206872    0.86362377    0.72252210    0.84223600    0.81224325    0.86538520    0.94859003    0.84082746    0.79295148    0.72865380    0.76742393    0.65333562    0.75206813    0.56920051    0.77785676    0.80729557    0.82473355    0.84724729    0.77298395    0.65997590    0.71766752    0.65343784    0.57126739    0.64078410    0.93948744    0.63403524    0.90270025    1.17607761    1.17608059    0.84785585    0.76036293    0.95972811    0.97663994    1.48290356    1.12281321
B3RIP5_TRIAD/8-187     0.96766719    1.01686033    0.94550281    0.86015816    1.31809238    1.21370540    1.31300499    1.27222301    0.80858770    0.88100370    0.67691257    0.65709567    0.74804137    0.66522806    0.68509076    0.67309335    0.68514627    0.48419114    0.56607237    0.50549554    0.53491948    0.00000000    0.31127991    0.65452155    0.60786684    0.82208483    0.82624907    0.74988882    0.76992444    0.79051951    0.79498298    0.85901661    0.83442420    0.79943139    0.77827705    0.83465414    0.82320984    0.78749975    0.72469257    0.65244558    0.70605992    0.77670796    0.76364851    0.79921751    0.72681335    0.71370699    0.68890782    0.72006809    0.67636729    0.72393092    0.75604304    0.81043845    0.80595756    0.79159366    0.85576369    0.76385597    0.70911068    0.72271355    0.69416064    0.74867444    0.71119853    0.71530326    0.75433554    0.67954889    0.69058089    0.85808846    0.69907885    0.81724834    0.81947637    0.62448330    0.94403537    0.72322667    0.79251638    0.52895125    0.59491870    0.57571269    0.72269657    0.55557269    0.62937382    0.69411277    0.70853380    0.81011403    0.75203576    0.54188327    0.67885895    0.45624001    0.45442381    0.46531846    0.64082068    0.49067586    0.82842587    1.04932061    1.11975394    0.72678574    0.57152483    1.09501921    0.91398412    1.32185883    0.91201493
A7S405_NEMVE/8-187     0.86989344    0.87678784    0.91628844    0.84402696    1.19462412    1.15508196    1.24495132    1.23976390    0.83584359    0.82910386    0.58286570    0.59373226    0.63879944    0.58217897    0.53050376    0.49955140    0.66225752    0.42180195    0.52907270    0.51399625    0.55117949    0.31127991    0.00000000    0.49630338    0.45024118    0.76571413    0.80185706    0.68918501    0.73194728    0.76355155    0.76166250    0.71401450    0.75429835    0.74986039    0.70403415    0.83459950    0.77767969    0.72487892    0.69929775    0.58926055    0.68565708    0.69133339    0.70691713    0.70201395    0.69281980    0.68529122    0.69867338    0.63005240    0.59463468    0.59741206    0.72232451    0.77151496    0.72637811    0.74219319    0.77700278    0.73309355    0.68276997    0.65535043    0.63693094    0.70181578    0.75219121    0.69010511    0.81212710    0.75636337    0.70872032    0.85813829    0.76604129    0.82779773    0.88495021    0.66039236    0.93601312    0.69638160    0.73908107    0.53559292    0.63366966    0.54004067    0.72255617    0.53747022    0.59240261    0.68702485    0.62967012    0.69201768    0.68754995    0.54035941    0.57729525    0.42212903    0.46999464    0.50305281    0.72516296    0.48615691    0.77280447    0.90908291    1.09435493    0.67575793    0.60967432    1.08419129    0.96291176    1.29580562    0.90325509
B6JYE7_SCHJY/8-184     0.89511320    0.89711851    1.06734498    0.99045788    1.15598564    1.25787883    1.33823301    1.32101146    0.98410635    0.95958638    0.62880784    0.68834844    0.71739212    0.78176076    0.64543546    0.66073289    0.85065246    0.63383601    0.63477326    0.59156707    0.73469706    0.65452155    0.49630338    0.00000000    0.19790582    0.51943110    0.63006417    0.70982229    0.77871711    0.75527760    0.81480616    0.72175444    0.78532395    0.78803051    0.70400074    0.86133330    0.81571001    0.76894795    0.72392628    0.67798188    0.76657319    0.80177530    0.71871632    0.72290058    0.70063619    0.71784534    0.73442569    0.74078850    0.67138937    0.73131935    0.67295920    0.78239490    0.85761128    0.79031268    0.81044786    0.81065691    0.73042906    0.71329819    0.63818055    0.75604253    0.77197804    0.83401351    0.85823941    0.77569323    0.72133851    0.93940205    0.86384911    0.88629556    0.87241924    0.84222351    0.82487511    0.83327859    0.77568732    0.69921235    0.77420025    0.82523077    0.84243432    0.65428657    0.71321619    0.86148311    0.75760666    0.78791429    0.81143556    0.82493361    0.70192453    0.73041793    0.72985170    0.69880451    0.97064036    0.62836771    1.03927330    1.07940519    1.15754797    0.83255135    0.85807736    0.98627297    0.88079132    1.40752152    0.95674288
RL13_SCHPO/8-184     0.89776035    0.89816467    0.97026980    0.92516810    1.14678780    1.23558273    1.34015465    1.30889920    0.97612891    0.99553407    0.62349327    0.68073901    0.79658161    0.74536277    0.68550207    0.67829449    0.76508968    0.58369839    0.62201393    0.58296381    0.73870428    0.60786684    0.45024118    0.19790582    0.00000000    0.61116122    0.66906859    0.69805990    0.81476577    0.75417214    0.80531743    0.70755201    0.84347428    0.81633402    0.69416245    0.82105057    0.80267615    0.70017317    0.68980323    0.65771939    0.75094722    0.78420948    0.74166419    0.74216683    0.70600970    0.74938293    0.73869348    0.78422992    0.65715874    0.71571455    0.63257458    0.80540593    0.75165843    0.75270422    0.76606122    0.79383389    0.66679780    0.70287264    0.64455184    0.76260371    0.75675687    0.77599293    0.80568394    0.75418954    0.71924723    1.01773008    0.87983926    0.91492799    0.84629681    0.79825557    0.81645524    0.80817292    0.76921670    0.68424615    0.70516906    0.75422577    0.78934968    0.65484060    0.63448704    0.78721462    0.78310140    0.72463295    0.78423670    0.77837393    0.72711008    0.69083148    0.73387843    0.65197959    0.90743249    0.59449634    0.95758574    0.96790062    1.18025858    0.84994533    0.86180129    1.03193965    0.90948493    1.32313230    0.92999469
M7PHR3_PNEMU/8-187     0.95918161    1.01399169    1.00937119    0.98254783    1.27708639    1.21996139    1.30769019    1.25007344    1.00061120    0.88456157    0.86257597    0.82154385    0.90327150    0.74795903    0.81581604    0.79228420    0.86754758    0.75607404    0.77908628    0.76845472    0.84742321    0.82208483    0.76571413    0.51943110    0.61116122    0.00000000    0.35760124    0.80701681    0.84749863    0.92166628    0.89890003    0.91593900    0.97183443    1.03120971    0.81801484    0.79402584    0.87291175    0.81201695    0.81270812    0.85093193    0.97871189    0.87285308    0.85018938    0.82456302    0.86053230    0.81651452    0.86186516    0.93946338    0.88748517    0.82380526    0.94543747    0.96138152    0.98430222    0.97570490    1.02407690    0.93252308    0.95541078    0.83403487    0.80943659    0.88013420    0.91695913    0.89899479    0.90188499    0.93065611    0.85954554    0.97787652    0.90479000    0.97429702    0.92563416    0.85150544    1.01759849    0.91428908    0.85124889    0.82396567    0.91130739    0.94670440    0.92242499    0.75742134    0.86908234    0.95015818    0.85313275    0.92584801    1.00177489    0.84782236    0.86402033    0.83011448    0.79725558    0.79936773    1.02016646    0.72503302    1.24809101    1.11034098    1.32303396    0.93652907    0.84384165    1.06139952    1.08768735    1.56375395    1.03412016
L0PC96_PNEJ8/8-186     0.98303879    1.01209276    1.18349067    1.01687063    1.27035642    1.22756690    1.32145396    1.30458343    1.01063119    0.97930179    0.97178685    0.94164945    1.03483234    0.84010670    0.92808937    0.87540349    0.89661001    0.69961709    0.82312517    0.74915860    0.87993669    0.82624907    0.80185706    0.63006417    0.66906859    0.35760124    0.00000000    0.75757610    0.85776158    0.85646740    0.80651514    0.85309221    0.98698818    0.94934841    0.82644929    0.82716387    0.87606715    0.85793621    0.82300886    0.81568804    0.88708638    0.93154794    0.88971265    0.82344587    0.89783640    0.85307731    0.85645628    0.90426780    0.87573794    0.86906354    0.94706241    0.99034711    0.91805507    0.94308258    0.94878139    1.03599209    0.95997547    0.82527959    0.72948336    0.85701800    0.85609760    0.91324822    0.86006277    0.83549852    0.85582119    0.96631384    0.90090666    0.94426819    0.91584775    0.85823873    1.03285284    0.96438806    0.91699331    0.81529356    0.87358966    0.90136863    0.91019062    0.80324184    0.84714609    1.01705912    0.95238535    0.97655856    1.04377838    0.86400149    0.88619838    0.78824763    0.90955613    0.89042537    1.08383182    0.80819870    1.36710688    1.13041739    1.25147617    1.03523014    0.84419897    1.13818060    1.10983604    1.54426768    1.02399973
R9P835_PSEHS/8-185     1.02416684    0.93630551    0.94731739    0.88303705    1.15067350    1.19506866    1.24946734    1.20208490    0.97520501    0.95123159    0.90672590    0.91740624    1.02260021    0.95617570    0.92592135    0.92734127    0.86664918    0.72043745    0.80727484    0.73927333    0.86431669    0.74988882    0.68918501    0.70982229    0.69805990    0.80701681    0.75757610    0.00000000    0.47438512    0.54718656    0.57577979    0.54660629    0.64362817    0.61061907    0.57061758    0.71118863    0.65289890    0.62770286    0.59987088    0.79432013    0.86975553    0.80974978    0.69916815    0.73860389    0.80823056    0.73316076    0.74275496    0.76406155    0.82555923    0.83436029    0.87559025    0.80548000    0.90294350    0.86766027    0.84353503    0.86043962    0.80780426    0.79594396    0.78870342    0.87300424    0.81911123    0.85298997    0.96246510    0.81230519    0.75882457    0.89253170    0.87962928    0.83694270    0.88528989    0.89828379    0.96415619    0.83335482    0.79553971    0.74272894    0.81311966    0.91455919    0.88685499    0.78947096    0.80727080    0.99804282    0.96310206    0.93314880    0.85944201    0.83579581    0.84531001    0.84256927    0.77235555    0.81542396    1.06561633    0.79242736    1.20283941    1.04272541    1.30479397    1.05481271    0.75781196    1.11229714    1.05313121    1.35224959    1.05628623
