25
Q7LX54_SACS2/17-118     0.00000000    1.11635817    1.35086863    1.14609896    1.59619883    1.47046895    1.79115404    1.78009148    1.49270062    1.30088020    1.48561182    1.42182239    1.45030351    1.61155296    2.18380375    1.91291346    2.46290563    2.04699091    2.20316677    1.58161315    1.28694033    1.29881946    1.32874366    1.79387357    1.83138981
Q7LXA2_SACS2/12-118     1.11635817    0.00000000    1.09581934    1.11962786    1.65354910    1.77380426    2.63261477    2.00326922    1.58407485    1.84541164    1.64128695    2.08937868    2.07444466    1.91972809    1.97769229    2.00716532    2.43087787    2.07403379    2.62128906    1.91444563    1.68657626    1.89645930    1.61474614    2.11529678    1.84888844
O53708_MYCTU/37-146     1.35086863    1.09581934    0.00000000    0.57316274    2.01692947    1.56016137    2.04914372    1.99260748    1.53567431    1.89291853    1.75365679    1.97269693    1.58530778    1.52316119    1.76431725    1.98897911    2.10700437    1.80456684    1.86832466    1.52258977    1.19631338    1.36869733    1.50329890    1.74604160    1.67226285
DCML_OLICO/35-144     1.14609896    1.11962786    0.57316274    0.00000000    1.74768483    1.45744493    1.74117865    1.94135181    1.50332299    1.60102899    1.81591333    1.70511982    1.70769355    1.73201252    1.79939593    2.05933388    2.02399734    1.86472345    1.94412189    1.36897088    1.08146649    1.71315597    1.38074430    1.63426184    1.58591883
XDH_EMENI/615-724     1.59619883    1.65354910    2.01692947    1.74768483    0.00000000    0.95368513    1.35578822    1.26413095    1.26285559    1.06533795    1.02512168    1.30832613    1.45535640    1.48522564    1.41738518    1.60106952    1.63718729    1.70819260    2.38776953    1.56569866    1.60897316    2.21109064    1.84155593    2.38949612    1.93690416
H9JLH6_BOMMO/1755-1862     1.47046895    1.77380426    1.56016137    1.45744493    0.95368513    0.00000000    0.88841560    0.67075906    1.00203759    0.99898378    0.91346423    1.17151967    1.11610765    1.38169053    1.29092343    1.32996735    1.48569815    1.55061937    2.55702012    1.36893607    1.44789380    1.59401001    1.82956892    2.17093573    1.58215513
H9JLH6_BOMMO/470-578     1.79115404    2.63261477    2.04914372    1.74117865    1.35578822    0.88841560    0.00000000    0.99227981    1.02129435    0.98979707    0.97027022    1.31352741    1.32787069    1.77999790    1.89022987    1.91701695    2.02121408    2.28139169    2.92721720    1.83599339    1.72980356    1.98321960    1.96654114    2.25863038    1.95821985
XDH_DROME/589-697     1.78009148    2.00326922    1.99260748    1.94135181    1.26413095    0.67075906    0.99227981    0.00000000    1.10807197    1.01358513    0.99887898    1.03861169    1.38555904    1.49191915    1.73309175    1.72680073    1.52911118    1.54110837    2.99329435    1.38928115    1.70135659    1.69235531    1.87697379    2.08130571    1.88342286
AOXA_BOVIN/594-702     1.49270062    1.58407485    1.53567431    1.50332299    1.26285559    1.00203759    1.02129435    1.10807197    0.00000000    0.77322930    0.83202260    1.22098899    1.44314164    1.44233185    1.60540605    1.71836919    1.68341647    1.71829703    2.26174162    1.46193983    1.82807891    1.86208328    1.74360151    1.62245367    1.51906327
XDH_BOVIN/587-693     1.30088020    1.84541164    1.89291853    1.60102899    1.06533795    0.99898378    0.98979707    1.01358513    0.77322930    0.00000000    0.28728261    1.06032339    1.24681912    1.47426251    1.53585769    1.44964681    1.41795115    1.48175575    2.31578252    1.50113857    1.70903666    1.97654058    1.58192229    2.09542704    2.00105885
XDH_CHICK/616-722     1.48561182    1.64128695    1.75365679    1.81591333    1.02512168    0.91346423    0.97027022    0.99887898    0.83202260    0.28728261    0.00000000    1.02268619    1.27423355    1.58540853    1.35869108    1.35627347    1.44489038    1.43052346    2.34034974    1.59827227    1.80776869    1.93570774    1.51073327    1.91172783    2.04444989
O61198_CAEEL/528-640     1.42182239    2.08937868    1.97269693    1.70511982    1.30832613    1.17151967    1.31352741    1.03861169    1.22098899    1.06032339    1.02268619    0.00000000    1.12168299    1.56101147    1.60387999    1.93252770    1.97692792    1.98515193    2.44039439    1.58092720    1.86457218    1.76031651    1.64479998    2.45144326    1.92889594
O17892_CAEEL/610-715     1.45030351    2.07444466    1.58530778    1.70769355    1.45535640    1.11610765    1.32787069    1.38555904    1.44314164    1.24681912    1.27423355    1.12168299    0.00000000    1.58925608    1.57663947    1.84178074    1.88959025    1.64732250    1.78349356    1.71355768    1.64702371    1.64488061    2.11706702    2.12817539    1.83094419
D5API4_RHOCB/17-124     1.61155296    1.91972809    1.52316119    1.73201252    1.48522564    1.38169053    1.77999790    1.49191915    1.44233185    1.47426251    1.58540853    1.56101147    1.58925608    0.00000000    1.58412812    1.93582194    1.88743475    1.73493450    2.24742029    1.72470736    1.96418895    2.32615637    2.25445543    2.42363194    2.00746374
ALDO1_MAIZE/598-708     2.18380375    1.97769229    1.76431725    1.79939593    1.41738518    1.29092343    1.89022987    1.73309175    1.60540605    1.53585769    1.35869108    1.60387999    1.57663947    1.58412812    0.00000000    0.72707802    0.77191798    0.76245883    2.17988785    2.04141298    2.24864807    2.93697442    2.06464140    2.37473468    2.25724411
ALDO2_ARATH/568-678     1.91291346    2.00716532    1.98897911    2.05933388    1.60106952    1.32996735    1.91701695    1.72680073    1.71836919    1.44964681    1.35627347    1.93252770    1.84178074    1.93582194    0.72707802    0.00000000    0.60658654    0.49207607    2.54816074    2.31599520    2.32162206    2.83102821    1.85712147    2.44403440    2.45056001
ALDO4_ARATH/581-691     2.46290563    2.43087787    2.10700437    2.02399734    1.63718729    1.48569815    2.02121408    1.52911118    1.68341647    1.41795115    1.44489038    1.97692792    1.88959025    1.88743475    0.77191798    0.60658654    0.00000000    0.47372527    2.48161901    2.05404859    2.68664020    3.58742561    1.99845052    2.66537623    2.24412474
ALDO1_ARATH/611-721     2.04699091    2.07403379    1.80456684    1.86472345    1.70819260    1.55061937    2.28139169    1.54110837    1.71829703    1.48175575    1.43052346    1.98515193    1.64732250    1.73493450    0.76245883    0.49207607    0.47372527    0.00000000    2.36447774    2.22180345    2.34707264    3.19788437    2.09954075    2.62353678    2.32765247
PAOC_ECOLI/34-138     2.20316677    2.62128906    1.86832466    1.94412189    2.38776953    2.55702012    2.92721720    2.99329435    2.26174162    2.31578252    2.34034974    2.44039439    1.78349356    2.24742029    2.17988785    2.54816074    2.48161901    2.36447774    0.00000000    1.81595408    2.15149909    2.25929935    1.92042340    2.32216860    2.20424434
Q9ZBN7_STRCO/34-141     1.58161315    1.91444563    1.52258977    1.36897088    1.56569866    1.36893607    1.83599339    1.38928115    1.46193983    1.50113857    1.59827227    1.58092720    1.71355768    1.72470736    2.04141298    2.31599520    2.05404859    2.22180345    1.81595408    0.00000000    1.28816119    1.22208730    1.09960006    1.90875254    1.40278363
C4ZMH6_THASP/25-131     1.28694033    1.68657626    1.19631338    1.08146649    1.60897316    1.44789380    1.72980356    1.70135659    1.82807891    1.70903666    1.80776869    1.86457218    1.64702371    1.96418895    2.24864807    2.32162206    2.68664020    2.34707264    2.15149909    1.28816119    0.00000000    0.64758077    1.07093649    1.31607153    1.30258582
Q6NC04_RHOPA/25-131     1.29881946    1.89645930    1.36869733    1.71315597    2.21109064    1.59401001    1.98321960    1.69235531    1.86208328    1.97654058    1.93570774    1.76031651    1.64488061    2.32615637    2.93697442    2.83102821    3.58742561    3.19788437    2.25929935    1.22208730    0.64758077    0.00000000    1.26679382    1.49506079    1.36399227
XDHD_BACSU/18-124     1.32874366    1.61474614    1.50329890    1.38074430    1.84155593    1.82956892    1.96654114    1.87697379    1.74360151    1.58192229    1.51073327    1.64479998    2.11706702    2.25445543    2.06464140    1.85712147    1.99845052    2.09954075    1.92042340    1.09960006    1.07093649    1.26679382    0.00000000    1.47302208    1.45254860
XDHD_ECOLI/186-298     1.79387357    2.11529678    1.74604160    1.63426184    2.38949612    2.17093573    2.25863038    2.08130571    1.62245367    2.09542704    1.91172783    2.45144326    2.12817539    2.42363194    2.37473468    2.44403440    2.66537623    2.62353678    2.32216860    1.90875254    1.31607153    1.49506079    1.47302208    0.00000000    1.47330807
XDHA_ECOLI/10-126     1.83138981    1.84888844    1.67226285    1.58591883    1.93690416    1.58215513    1.95821985    1.88342286    1.51906327    2.00105885    2.04444989    1.92889594    1.83094419    2.00746374    2.25724411    2.45056001    2.24412474    2.32765247    2.20424434    1.40278363    1.30258582    1.36399227    1.45254860    1.47330807    0.00000000

