35
GPDA_XYLFA/7-164     0.00000000    0.36175785    1.11269211    1.00798686    1.06427819    1.07320288    1.52529387    2.00450345    1.49834088    1.27195283    1.32572316    1.55564804    1.56314925    1.61246969    1.46516702    1.61908157    1.91307574    2.33326817    2.17875877    2.02589801    2.11608141    2.15449740    1.38084320    1.57345881    1.52809353    1.71614276    1.41508334    1.27333912    1.48450863    1.47019601    1.43292013    1.62460879    1.45334362    1.65276496    1.45440310
GPDA_XANCP/7-164     0.36175785    0.00000000    0.99968784    0.87907999    1.03347623    1.04779705    1.56456465    1.71764053    1.43116931    1.40322534    1.20541274    1.54535542    1.53412664    1.41064270    1.36439262    1.63512523    1.82350267    2.16409485    1.94654969    1.85158415    1.99914204    1.96109794    1.31761768    1.37597983    1.42696458    1.59306917    1.30789953    1.32834390    1.37216144    1.54169390    1.60391828    1.69947728    1.47556823    1.74784929    1.35084860
GPDA_COXBU/7-162     1.11269211    0.99968784    0.00000000    0.91464709    0.87755548    0.88632903    1.72714259    1.93764764    1.39147951    1.77708475    1.70426270    1.67400895    1.66875521    1.50737306    1.56331670    1.75370444    1.71518274    2.27167466    1.97047951    2.03391728    1.91055822    2.19480287    1.28333669    1.21295488    1.47110890    1.41936977    1.18414089    1.41686218    1.49343459    1.38516293    1.59295479    1.54496502    1.39184894    1.76691093    1.59240826
GPDA_SHIDS/8-164     1.00798686    0.87907999    0.91464709    0.00000000    0.47886391    0.51829374    1.61748694    1.92448703    1.34371122    1.65907970    1.55104904    1.57441364    1.65740251    1.45029599    1.53282275    1.73379946    1.92009912    2.14712462    2.17982589    2.34822655    2.11772497    2.19185411    1.33085567    1.31484002    1.44611283    1.53309523    1.37810791    1.46444248    1.51412567    1.21621837    1.65269543    1.54816507    1.38511520    1.96246113    1.67896797
GPDA_PASMU/9-166     1.06427819    1.03347623    0.87755548    0.47886391    0.00000000    0.37206366    1.84539143    1.89563514    1.26679061    1.51134658    1.79337279    1.55650684    1.82889544    1.54759648    1.53961737    1.88316387    1.97361196    2.15041318    2.08400553    2.34479608    2.09248943    2.41591433    1.41587987    1.43076263    1.67455054    1.72657837    1.45018343    1.58803149    1.64646208    1.38736861    1.64195195    1.45307930    1.45481654    2.01849984    1.76426786
GPDA_HAEIN/7-164     1.07320288    1.04779705    0.88632903    0.51829374    0.37206366    0.00000000    1.61535969    2.02055010    1.18770859    1.50563755    1.73812392    1.54202161    1.79284283    1.47153416    1.47753935    1.77267056    1.74048958    2.07734273    2.20894588    2.18591566    2.00545052    2.26318503    1.31305918    1.26003549    1.44515805    1.53355796    1.31076824    1.58014852    1.55873335    1.37579322    1.67126158    1.41035818    1.40445487    2.12156907    1.76287000
GPDA_CHLTR/4-162     1.52529387    1.56456465    1.72714259    1.61748694    1.84539143    1.61535969    0.00000000    1.95760049    1.59976325    1.65910231    1.78860932    1.72666941    1.55289626    1.68857582    1.70966041    1.85736861    2.25059435    2.47584670    2.30873092    2.70155461    2.61435056    2.65237211    1.90477719    1.61520419    2.05529035    2.20618383    1.87994825    1.67327782    1.65384902    1.82247734    1.62254175    1.54267658    1.81832973    2.53546625    1.78314243
GPDA_HELPY/2-148     2.00450345    1.71764053    1.93764764    1.92448703    1.89563514    2.02055010    1.95760049    0.00000000    1.57464426    2.38907659    1.94883197    1.79372407    1.81219735    2.15877191    2.37805331    1.79232873    2.79239664    2.97677619    2.79831200    2.50479805    2.53778248    2.64687729    1.93059343    2.03238707    2.40604903    2.22055789    2.00251452    1.80365798    1.86755725    1.86614762    2.12802526    2.19143820    1.76219414    2.48966185    2.17493036
GPDA_NEIMB/2-158     1.49834088    1.43116931    1.39147951    1.34371122    1.26679061    1.18770859    1.59976325    1.57464426    0.00000000    1.54847409    1.69609758    1.46295109    1.59352111    1.50503460    1.42567569    1.44725097    1.97752121    2.42545493    2.20394416    2.18902730    2.15772569    2.16050981    1.34500332    1.39106114    1.82614915    1.72921200    1.33606690    1.49290260    1.79741799    1.58513390    1.46889986    1.47021051    1.29143065    2.14960563    1.73561480
GPDA2_MYCTU/9-164     1.27195283    1.40322534    1.77708475    1.65907970    1.51134658    1.50563755    1.65910231    2.38907659    1.54847409    0.00000000    1.08110702    0.99500741    1.28845860    1.41093835    1.22417970    1.42834298    1.64535074    1.91494004    1.79187522    1.62492466    1.79271222    1.63629537    1.45971733    1.38628843    1.62803171    1.70050904    1.49949950    1.49446696    1.37218235    1.48199904    1.39032977    1.59836556    1.36449292    1.97219567    1.65639466
GPDA_STRCO/6-164     1.32572316    1.20541274    1.70426270    1.55104904    1.79337279    1.73812392    1.78860932    1.94883197    1.69609758    1.08110702    0.00000000    0.77073862    0.78718021    1.27579754    1.20121653    1.42263395    1.72928840    1.91651122    1.62145679    1.60437851    1.65432942    1.60717737    1.29801803    1.58374408    1.56199966    1.56393874    1.34652083    1.25854150    1.31524450    1.51082287    1.45181537    1.59062375    1.38388505    1.98275787    1.47793628
GPDA_CORDI/2-160     1.55564804    1.54535542    1.67400895    1.57441364    1.55650684    1.54202161    1.72666941    1.79372407    1.46295109    0.99500741    0.77073862    0.00000000    0.71808575    1.20127839    1.33765111    1.62255549    1.43765619    1.59796064    1.53384423    1.48406367    1.40063136    1.52649774    1.17966166    1.28633272    1.48441776    1.55687556    1.18090828    1.27842723    1.21900275    1.34930147    1.30848895    1.48405746    1.25478949    1.77291033    1.64141719
GPDA_MYCLE/11-172     1.56314925    1.53412664    1.66875521    1.65740251    1.82889544    1.79284283    1.55289626    1.81219735    1.59352111    1.28845860    0.78718021    0.71808575    0.00000000    1.38748075    1.37940711    1.53873124    1.72647350    1.88120443    1.71965446    1.70468513    1.72322124    1.61779406    1.32941894    1.68419115    1.65736348    1.74019418    1.33339066    1.38702277    1.34962424    1.40422938    1.45346712    1.59248900    1.41877039    2.11867539    1.67929409
GPDA_PSEAE/6-161     1.61246969    1.41064270    1.50737306    1.45029599    1.54759648    1.47153416    1.68857582    2.15877191    1.50503460    1.41093835    1.27579754    1.20127839    1.38748075    0.00000000    0.29094401    1.47481031    1.82042730    1.54004420    1.81448138    1.72699423    1.63005267    1.78858929    1.22384362    1.28477566    1.41673691    1.36465468    1.33554070    1.53250804    1.58500108    1.36501075    1.57596906    1.53489312    1.13859747    2.06311606    1.49234045
GPDA_PSEPK/6-161     1.46516702    1.36439262    1.56331670    1.53282275    1.53961737    1.47753935    1.70966041    2.37805331    1.42567569    1.22417970    1.20121653    1.33765111    1.37940711    0.29094401    0.00000000    1.50335630    1.93768027    1.68378671    1.80218898    1.77132656    1.77128334    1.87724256    1.40064053    1.36409988    1.56261763    1.52131537    1.57930873    1.66608746    1.69705370    1.62653862    1.56453472    1.45339891    1.25161480    2.00274309    1.68286923
Q57YW0_TRYB2/12-170     1.61908157    1.63512523    1.75370444    1.73379946    1.88316387    1.77267056    1.85736861    1.79232873    1.44725097    1.42834298    1.42263395    1.62255549    1.53873124    1.47481031    1.50335630    0.00000000    1.66577588    1.83655650    1.69170908    1.70857776    1.76131669    1.64471489    1.50588967    1.48277518    1.71889112    1.55017291    1.53631923    1.41655214    1.62658381    1.67528612    1.54897476    1.64918797    1.55293411    2.00148045    1.71135055
GPD2_YEAST/85-258     1.91307574    1.82350267    1.71518274    1.92009912    1.97361196    1.74048958    2.25059435    2.79239664    1.97752121    1.64535074    1.72928840    1.43765619    1.72647350    1.82042730    1.93768027    1.66577588    0.00000000    0.96335948    0.92411505    0.93324239    0.94781841    0.88804380    1.62966757    1.67143903    1.73235284    1.72394342    1.56271802    1.70923974    1.73664628    1.94953480    1.81293516    1.77961291    1.83049564    1.94974455    1.83859823
GPD2_SCHPO/26-200     2.33326817    2.16409485    2.27167466    2.14712462    2.15041318    2.07734273    2.47584670    2.97677619    2.42545493    1.91494004    1.91651122    1.59796064    1.88120443    1.54004420    1.68378671    1.83655650    0.96335948    0.00000000    0.50422744    0.97494059    0.73952935    0.82444004    1.87636428    1.87768489    1.89128815    1.98271393    1.80282194    1.82638449    1.85404918    1.88275554    1.89009533    1.84815475    1.74944154    1.98981295    1.91940561
GPD1_SCHPO/24-198     2.17875877    1.94654969    1.97047951    2.17982589    2.08400553    2.20894588    2.30873092    2.79831200    2.20394416    1.79187522    1.62145679    1.53384423    1.71965446    1.81448138    1.80218898    1.69170908    0.92411505    0.50422744    0.00000000    0.90763729    0.64406911    0.70408949    1.81661737    1.69524011    1.98798909    2.01509425    1.69570323    1.72985262    1.84667120    1.85739854    2.03679283    1.79489202    1.81689053    2.26813443    1.86387337
GPDH2_CAEEL/37-217     2.02589801    1.85158415    2.03391728    2.34822655    2.34479608    2.18591566    2.70155461    2.50479805    2.18902730    1.62492466    1.60437851    1.48406367    1.70468513    1.72699423    1.77132656    1.70857776    0.93324239    0.97494059    0.90763729    0.00000000    0.59600735    0.66911491    1.59480916    1.81454054    2.04483238    1.96553116    1.47491033    1.81172511    1.86945236    1.69744280    1.80333792    1.71173945    1.53675657    1.89212058    1.85940849
GPDA_TAKRU/6-175     2.11608141    1.99914204    1.91055822    2.11772497    2.09248943    2.00545052    2.61435056    2.53778248    2.15772569    1.79271222    1.65432942    1.40063136    1.72322124    1.63005267    1.77128334    1.76131669    0.94781841    0.73952935    0.64406911    0.59600735    0.00000000    0.45732461    1.48153053    1.70071652    1.87668692    1.88781007    1.56801196    1.62673557    1.68026659    1.61344721    1.73996397    1.59466860    1.66801038    2.02471101    1.74084472
B4LR59_DROVI/6-174     2.15449740    1.96109794    2.19480287    2.19185411    2.41591433    2.26318503    2.65237211    2.64687729    2.16050981    1.63629537    1.60717737    1.52649774    1.61779406    1.78858929    1.87724256    1.64471489    0.88804380    0.82444004    0.70408949    0.66911491    0.45732461    0.00000000    1.67099087    1.75252106    1.79940845    1.90549938    1.88042904    1.66934703    1.78343610    1.76887269    1.60434931    1.60831322    1.68216740    1.93941731    1.87876624
GPDA_ENTFA/4-163     1.38084320    1.31761768    1.28333669    1.33085567    1.41587987    1.31305918    1.90477719    1.93059343    1.34500332    1.45971733    1.29801803    1.17966166    1.32941894    1.22384362    1.40064053    1.50588967    1.62966757    1.87636428    1.81661737    1.59480916    1.48153053    1.67099087    0.00000000    0.56265260    0.53834666    0.46531028    0.61661352    0.75183394    0.73324952    1.04607819    1.08754562    1.17942764    1.12555853    1.61600348    1.32570689
GPDA_LACPL/4-166     1.57345881    1.37597983    1.21295488    1.31484002    1.43076263    1.26003549    1.61520419    2.03238707    1.39106114    1.38628843    1.58374408    1.28633272    1.68419115    1.28477566    1.36409988    1.48277518    1.67143903    1.87768489    1.69524011    1.81454054    1.70071652    1.75252106    0.56265260    0.00000000    0.66073246    0.67811069    0.89642471    0.93244018    0.89405934    1.25603678    1.15634088    1.22537606    1.05872652    2.00606119    1.44119282
GPDA_STRA5/5-164     1.52809353    1.42696458    1.47110890    1.44611283    1.67455054    1.44515805    2.05529035    2.40604903    1.82614915    1.62803171    1.56199966    1.48441776    1.65736348    1.41673691    1.56261763    1.71889112    1.73235284    1.89128815    1.98798909    2.04483238    1.87668692    1.79940845    0.53834666    0.66073246    0.00000000    0.26666389    0.72696409    0.87319562    0.86239563    1.37242338    1.14755778    1.27419942    1.18816658    1.72378848    1.61779865
GPDA_STRR6/6-163     1.71614276    1.59306917    1.41936977    1.53309523    1.72657837    1.53355796    2.20618383    2.22055789    1.72921200    1.70050904    1.56393874    1.55687556    1.74019418    1.36465468    1.52131537    1.55017291    1.72394342    1.98271393    2.01509425    1.96553116    1.88781007    1.90549938    0.46531028    0.67811069    0.26666389    0.00000000    0.79443022    0.85514682    0.93491642    1.43721880    1.23685792    1.44371242    1.26657761    1.77698717    1.67085718
GPDA_BACAN/3-162     1.41508334    1.30789953    1.18414089    1.37810791    1.45018343    1.31076824    1.87994825    2.00251452    1.33606690    1.49949950    1.34652083    1.18090828    1.33339066    1.33554070    1.57930873    1.53631923    1.56271802    1.80282194    1.69570323    1.47491033    1.56801196    1.88042904    0.61661352    0.89642471    0.72696409    0.79443022    0.00000000    0.68753531    0.76811103    1.08360977    1.10502205    1.23098130    1.03209760    1.59426256    1.39481375
GPDA_BACSU/3-162     1.27333912    1.32834390    1.41686218    1.46444248    1.58803149    1.58014852    1.67327782    1.80365798    1.49290260    1.49446696    1.25854150    1.27842723    1.38702277    1.53250804    1.66608746    1.41655214    1.70923974    1.82638449    1.72985262    1.81172511    1.62673557    1.66934703    0.75183394    0.93244018    0.87319562    0.85514682    0.68753531    0.00000000    0.74997209    1.09655906    1.12118852    1.17496629    1.09564700    1.66683942    1.40026323
GPDA_LISMO/5-164     1.48450863    1.37216144    1.49343459    1.51412567    1.64646208    1.55873335    1.65384902    1.86755725    1.79741799    1.37218235    1.31524450    1.21900275    1.34962424    1.58500108    1.69705370    1.62658381    1.73664628    1.85404918    1.84667120    1.86945236    1.68026659    1.78343610    0.73324952    0.89405934    0.86239563    0.93491642    0.76811103    0.74997209    0.00000000    1.03898149    0.89269471    1.09900911    1.12104896    1.75612383    1.46147999
GPDA_CLOAB/3-159     1.47019601    1.54169390    1.38516293    1.21621837    1.38736861    1.37579322    1.82247734    1.86614762    1.58513390    1.48199904    1.51082287    1.34930147    1.40422938    1.36501075    1.62653862    1.67528612    1.94953480    1.88275554    1.85739854    1.69744280    1.61344721    1.76887269    1.04607819    1.25603678    1.37242338    1.43721880    1.08360977    1.09655906    1.03898149    0.00000000    0.76236411    0.94619177    0.90854049    1.80325008    1.54725691
GPDA_CLOPE/3-159     1.43292013    1.60391828    1.59295479    1.65269543    1.64195195    1.67126158    1.62254175    2.12802526    1.46889986    1.39032977    1.45181537    1.30848895    1.45346712    1.57596906    1.56453472    1.54897476    1.81293516    1.89009533    2.03679283    1.80333792    1.73996397    1.60434931    1.08754562    1.15634088    1.14755778    1.23685792    1.10502205    1.12118852    0.89269471    0.76236411    0.00000000    1.02109173    0.92964177    1.56749147    1.56325835
GPDA_FUSNN/3-160     1.62460879    1.69947728    1.54496502    1.54816507    1.45307930    1.41035818    1.54267658    2.19143820    1.47021051    1.59836556    1.59062375    1.48405746    1.59248900    1.53489312    1.45339891    1.64918797    1.77961291    1.84815475    1.79489202    1.71173945    1.59466860    1.60831322    1.17942764    1.22537606    1.27419942    1.44371242    1.23098130    1.17496629    1.09900911    0.94619177    1.02109173    0.00000000    0.95560778    1.74121171    1.67951963
GPDA_CALS4/2-156     1.45334362    1.47556823    1.39184894    1.38511520    1.45481654    1.40445487    1.81832973    1.76219414    1.29143065    1.36449292    1.38388505    1.25478949    1.41877039    1.13859747    1.25161480    1.55293411    1.83049564    1.74944154    1.81689053    1.53675657    1.66801038    1.68216740    1.12555853    1.05872652    1.18816658    1.26657761    1.03209760    1.09564700    1.12104896    0.90854049    0.92964177    0.95560778    0.00000000    1.93936001    1.48603267
O51341_BORBU/2-166     1.65276496    1.74784929    1.76691093    1.96246113    2.01849984    2.12156907    2.53546625    2.48966185    2.14960563    1.97219567    1.98275787    1.77291033    2.11867539    2.06311606    2.00274309    2.00148045    1.94974455    1.98981295    2.26813443    1.89212058    2.02471101    1.93941731    1.61600348    2.00606119    1.72378848    1.77698717    1.59426256    1.66683942    1.75612383    1.80325008    1.56749147    1.74121171    1.93936001    0.00000000    1.35598873
GPDA_TREPA/3-176     1.45440310    1.35084860    1.59240826    1.67896797    1.76426786    1.76287000    1.78314243    2.17493036    1.73561480    1.65639466    1.47793628    1.64141719    1.67929409    1.49234045    1.68286923    1.71135055    1.83859823    1.91940561    1.86387337    1.85940849    1.74084472    1.87876624    1.32570689    1.44119282    1.61779865    1.67085718    1.39481375    1.40026323    1.46147999    1.54725691    1.56325835    1.67951963    1.48603267    1.35598873    0.00000000

