12
H2XZY7_CIOIN/851-1931     0.00000000    0.81696173    0.82277898    0.71407146    0.62267252    0.66080270    0.68785600    0.68988083    0.73685619    0.62039255    0.69243494    0.77602763
E7FGF6_DANRE/868-1948     0.81696173    0.00000000    0.67543459    0.58283566    0.59578892    0.64040178    0.66894598    0.67145283    0.75473952    0.67436238    0.69119282    0.78239480
MYH14_MOUSE/869-1949     0.82277898    0.67543459    0.00000000    0.44079674    0.56995332    0.59015885    0.61979556    0.64353174    0.72042649    0.61977164    0.66348402    0.72182978
H9GMI6_ANOCA/872-1952     0.71407146    0.58283566    0.44079674    0.00000000    0.35560386    0.40314073    0.45696995    0.50238457    0.56479020    0.44277438    0.48465943    0.59144488
F1PVV7_CANLF/939-2019     0.62267252    0.59578892    0.56995332    0.35560386    0.00000000    0.22834789    0.39934441    0.44503440    0.49424294    0.32314474    0.38017678    0.52513924
H3D8H9_TETNG/867-1947     0.66080270    0.64040178    0.59015885    0.40314073    0.22834789    0.00000000    0.45231720    0.48664013    0.54684090    0.37940526    0.43216272    0.54995817
G3NRR7_GASAC/834-1914     0.68785600    0.66894598    0.61979556    0.45696995    0.39934441    0.45231720    0.00000000    0.27876917    0.37366431    0.44189731    0.45478687    0.56704070
G3Q6K2_GASAC/841-1921     0.68988083    0.67145283    0.64353174    0.50238457    0.44503440    0.48664013    0.27876917    0.00000000    0.32240505    0.45979215    0.46420624    0.59610537
H3D9D5_TETNG/841-1924     0.73685619    0.75473952    0.72042649    0.56479020    0.49424294    0.54684090    0.37366431    0.32240505    0.00000000    0.49931948    0.49884236    0.63594950
F1MYM9_BOVIN/825-1905     0.62039255    0.67436238    0.61977164    0.44277438    0.32314474    0.37940526    0.44189731    0.45979215    0.49931948    0.00000000    0.25079322    0.44957812
B3DFS9_DANRE/846-1926     0.69243494    0.69119282    0.66348402    0.48465943    0.38017678    0.43216272    0.45478687    0.46420624    0.49884236    0.25079322    0.00000000    0.34482763
G3PQ56_GASAC/847-1926     0.77602763    0.78239480    0.72182978    0.59144488    0.52513924    0.54995817    0.56704070    0.59610537    0.63594950    0.44957812    0.34482763    0.00000000

