98
O62055_CAEEL/320-383     0.00000000    1.53293990    1.51041737    1.39245011    1.48336576    1.36748885    1.59826251    1.63181335    1.65745903    1.74013823    1.72855119    1.59325211    1.19005097    1.29975245    1.62972293    1.50095107    1.56858943    1.60022611    1.81767296    1.68963893    2.06596021    2.15034810    2.00864712    1.86142808    1.89131689    1.97525150    1.80814418    1.91786056    2.03463412    2.23733379    1.89186201    1.93973195    1.76703590    1.76502344    2.15346198    2.00111824    1.68076634    2.03017570    1.71386153    1.93469238    2.13937562    2.18196220    1.59705375    2.11359534    1.84166937    1.90734325    1.81690172    1.76997645    1.99380932    1.64697785    1.83183099    1.60111329    1.76249636    1.52512450    1.77530396    1.66527339    1.97890034    1.74760824    1.56428419    1.63595772    1.58442554    1.77557534    1.90525753    2.15177828    2.26721276    1.93144050    2.08220332    2.26753149    1.84470944    1.55247845    1.52292177    1.88589349    1.33918144    1.65177782    1.66189292    1.62639356    1.53890440    1.74934076    1.75297511    1.81451024    1.89617404    1.96239137    1.66030673    1.46788370    1.81013132    1.58971102    1.73860274    1.47890615    1.82846057    1.57650909    1.68677293    1.82389727    1.71482557    1.63687606    1.49089151    1.73317949    1.52090882    1.44562933
O62055_CAEEL/393-447     1.53293990    0.00000000    1.14048982    1.38585506    1.33195786    1.38649957    1.51035824    1.36132528    1.56084051    1.29855695    1.45443505    1.50150636    1.22724435    1.08492537    1.41639367    1.46172397    1.22169457    1.47378784    1.83444704    1.54253196    1.75629504    1.51731350    1.69414975    1.42280656    1.35829116    1.66200137    1.31228030    1.46841811    1.52321959    1.48287527    1.41372647    1.39862763    1.50550658    1.51723178    1.56045239    1.67868176    1.73770389    1.70883031    1.92619649    1.58162987    1.67393112    1.61317658    1.06127667    1.54236801    1.33881195    1.40937231    1.88714408    1.78366142    1.51968459    1.52245564    1.44492777    1.31815215    1.39868193    1.47213803    1.59989144    1.22046551    1.39481860    1.41571541    1.50457681    1.78561694    1.47140326    1.39561884    1.63272143    1.62559395    1.61451949    1.84675480    1.63219036    1.39377118    1.88890275    1.31312553    1.58787544    1.53438291    1.15105244    1.17715601    1.32381586    1.46885963    1.21485163    1.37635990    1.71265436    1.37158806    1.53457917    1.65912451    1.37099022    1.23824800    1.18910396    1.44017375    1.35424633    1.38936305    1.29303345    1.22973867    1.50234092    1.59313308    1.50448199    1.50636030    1.56118146    1.66052858    1.41435897    1.33962364
O62055_CAEEL/494-548     1.51041737    1.14048982    0.00000000    1.15349891    1.38181094    1.31169243    1.34537577    1.66830333    1.15264951    1.31250369    1.56196260    1.58698803    1.45373897    1.56069833    1.41718821    1.46470095    1.42994079    1.36329656    1.79017885    1.85240795    1.86292822    1.84803288    1.82085712    1.59151558    1.78010616    1.88880815    1.69426757    1.75942235    2.12592663    2.06546844    1.97192909    1.81524920    1.98157759    1.63766906    1.90277238    2.05814928    1.88041989    2.18655856    1.49718040    1.93692214    1.88455643    2.23830445    1.57508532    2.13952447    1.79660644    1.99785337    1.83066699    1.95205899    1.65762526    1.87955624    1.82917990    1.56490099    1.68561151    1.67402903    2.09426536    1.69055777    1.87461627    1.50643332    1.84541731    1.95004552    1.65290412    1.89153431    1.80007911    1.85346473    1.88214014    1.82987103    1.87053568    2.18301389    2.16396786    1.50045326    1.84424145    1.93263933    1.44709569    1.47938174    1.62110674    1.64366697    1.59177081    1.80548110    1.93074923    1.49256075    1.67866798    1.85632426    1.60791149    1.45672610    1.67920163    1.44153699    1.60801999    1.53189401    1.42471294    1.48837622    1.68564722    1.49009941    1.53566248    1.90258161    1.60156864    1.71897526    1.44971574    1.27398281
Q9U1U0_CAEEL/520-571     1.39245011    1.38585506    1.15349891    0.00000000    0.82841744    0.95865534    1.49343431    1.31666127    1.30063238    1.32112156    1.44909910    1.46426238    1.37021984    1.58054915    1.75866836    1.68598505    1.43791327    1.36631621    1.70765425    1.77733370    1.70097404    1.67456169    1.66586220    1.69977040    1.78266031    2.13885424    1.69168190    1.74605937    1.95764019    1.90675137    1.74766231    1.94806752    1.88670855    1.74576542    1.63524977    1.96359991    1.72728554    1.46134856    1.60224958    1.68614566    1.74188778    1.71941740    1.67488952    1.91480407    1.70273611    1.86463767    1.57682387    1.83027183    2.05417215    1.51497531    1.55992311    1.91727067    1.59360120    1.54092896    1.60949373    1.49386488    1.79822004    1.54521470    1.66727412    1.78000121    1.37585328    1.77851237    1.83344161    1.75749779    2.01535477    1.63452639    1.78864394    1.74350086    1.70779701    1.47606751    1.81511348    1.58414791    1.15549000    1.48176305    1.21287072    1.52150672    1.35762456    1.59914745    1.62523571    1.67397487    1.50755034    1.23519142    1.44662670    1.26647466    1.41057418    1.64543658    1.70105484    1.76244704    1.55685367    1.58003408    1.92128208    1.83077398    1.69832761    1.75424931    1.52567276    1.49378841    1.61442871    1.39740409
Q9U1T5_CAEEL/742-796     1.48336576    1.33195786    1.38181094    0.82841744    0.00000000    1.36866049    1.56346721    1.41492287    1.59829449    1.60339250    1.41725722    1.47840169    1.55046390    1.66769163    1.69279886    1.62295736    1.53184766    1.34865255    1.74826289    1.80828027    1.64769101    1.78992005    1.65109043    1.51013512    1.36404014    1.82243483    1.46180009    1.49199217    1.66992590    2.06422402    1.74762454    1.74189179    1.58589806    1.55099080    1.80862426    1.66646243    1.60106154    1.51900151    1.51004673    1.59294037    1.54160855    1.72213931    1.44120796    2.16790938    1.66111179    1.80991389    1.76785952    1.59737188    1.63527633    1.56666269    1.45414180    1.64398569    1.58409848    1.69071725    1.81126021    1.52222673    1.85571455    1.43566137    1.51772114    1.75450866    1.43391645    1.41739794    1.50317305    1.86694966    1.58369675    2.07147040    1.89160385    2.20474026    1.91032251    1.16863700    1.61467624    1.50264011    1.12688277    1.47709064    1.53390589    1.45873590    1.45072306    1.63284200    1.48932351    1.47818242    1.52202218    1.48541329    1.49243477    1.39864719    1.65142651    1.44226673    1.51399138    1.62627162    1.46775622    1.34203136    1.93015160    1.87721796    1.89254186    1.68456082    1.87765647    1.77708328    1.86428001    1.41007297
Q9U1T6_CAEEL/99-155     1.36748885    1.38649957    1.31169243    0.95865534    1.36866049    0.00000000    1.48350599    1.11893143    0.71924235    1.24941701    1.28635175    1.23266319    1.27999255    1.54780163    1.42492351    1.54988955    1.17083322    1.37441699    1.74959872    1.61584776    1.68487926    1.85630307    1.40572242    1.60965590    1.60210318    1.66085384    1.43306564    1.53476768    1.75176231    1.71463511    1.66698024    1.86723971    1.66625198    1.27643336    1.45269637    1.84051164    1.80282094    1.71713736    1.73822378    1.89189888    1.56903259    2.05776010    1.55312986    1.92798546    1.69452856    1.91992628    1.88202709    1.68327139    1.97327019    1.59307312    1.64633072    1.73540840    1.60898446    1.63191393    1.55605896    1.38086405    1.91198259    1.55590066    1.47342847    1.98017262    1.56105215    1.39673647    1.73451961    1.67782654    1.72094807    1.49726723    1.83305374    1.73009913    1.64482429    1.40290270    1.59273043    1.66761245    1.01620718    1.26832450    1.28195415    1.63961200    1.43320100    1.69474391    1.70730397    1.28747287    1.47759440    1.36289271    1.36375686    1.15744455    1.51972970    1.29883645    1.37694202    1.41637570    1.42960072    1.63497685    1.78002900    1.46482249    1.67455421    1.43822654    1.28567975    1.50195674    1.57825486    1.01968467
A8XV00_CAEBR/28-81     1.59826251    1.51035824    1.34537577    1.49343431    1.56346721    1.48350599    0.00000000    0.82764712    1.06933810    1.52242624    1.54039390    1.42218687    1.26928645    1.28743138    1.71980747    1.76798260    1.29367516    1.68099075    1.97547399    2.40637255    2.03717154    1.89458572    1.94917647    1.81574967    1.77839446    2.07211918    1.74593005    2.07595733    1.85166297    2.20771690    2.05453145    2.14309743    1.95515223    1.78352262    2.04623233    1.81609300    1.79506317    2.01475771    1.85109990    1.52596977    1.57579640    1.96017903    1.43624916    1.58204230    1.51860055    1.62381505    1.88069663    1.81571457    1.75630509    1.92482736    2.10647821    1.79204034    1.81176589    2.00478528    1.94425575    1.67700921    2.05433001    1.76920502    1.84478963    1.73729645    1.81543294    1.64275745    1.67000156    2.08497979    1.93785080    2.15740229    1.93426437    2.13287122    1.75860300    1.39559827    1.92011840    1.89315262    1.64405369    1.47789519    1.79481542    1.82084484    1.42695949    1.38080872    1.55987508    1.44389383    1.49054705    1.61363321    1.29146555    1.23916282    1.28638406    1.25853866    1.31866469    1.64757071    1.67309499    1.85168751    1.46932599    1.49709079    1.56997452    1.71050925    1.73660317    1.74142507    1.40126376    1.50980277
A8XV02_CAEBR/20-73     1.63181335    1.36132528    1.66830333    1.31666127    1.41492287    1.11893143    0.82764712    0.00000000    0.86709924    1.18106951    1.41338238    1.37880830    1.65220299    1.44384902    1.58095603    1.79679254    1.39962893    1.52348903    1.75485188    2.00307567    2.04261695    2.14240639    1.57129580    1.67372838    1.85081036    1.85677249    1.88026663    1.90739811    1.78866909    1.80460152    1.78296312    2.00227894    1.56537413    1.89457979    1.72560493    2.38292702    2.15451418    1.77623925    1.88626319    1.89142770    1.97906471    1.92672374    1.64697741    2.15467610    1.91102036    2.07653659    1.87178346    1.75240090    1.72219749    1.65265479    1.73839423    1.86346538    1.74491842    1.89484074    1.79347636    1.74667380    1.74454310    1.77846354    1.97694408    1.99259165    1.82951798    1.78134349    2.13707169    2.26924634    1.79474281    2.26974906    1.44012972    1.88537311    1.67895172    1.64336577    1.77720103    1.51877473    1.39017023    1.24222664    1.61063335    1.47371038    1.32875492    1.26999837    1.56612258    1.41256627    1.36380762    1.46020997    1.06176927    0.87314443    1.12912603    1.06951579    1.20892893    1.43209956    1.32848899    1.63818408    1.72437889    1.72953570    1.64444842    1.46360098    1.52484993    1.70954828    1.69042403    1.38193481
Q9U1T5_CAEEL/228-284     1.65745903    1.56084051    1.15264951    1.30063238    1.59829449    0.71924235    1.06933810    0.86709924    0.00000000    1.09680022    1.38599474    1.39562736    1.56113864    1.47173625    1.57137476    1.67506217    1.31365598    1.37066222    1.67822736    2.00832679    2.08597919    2.14029168    1.62034541    1.74806493    1.80043046    1.87083246    1.71141883    1.99623393    1.81166431    1.75001603    1.79015795    1.92460340    1.86543876    1.61213764    1.70089375    2.17545061    1.98909027    1.75909874    1.66127729    1.79178872    1.68885547    2.20530326    1.68620999    2.05334162    1.58896217    2.01918332    1.82094647    1.78674408    1.98244589    1.74096741    1.87672834    1.59567570    1.99719739    1.78113020    1.90449118    1.60871213    1.97217267    1.51936287    1.83636034    2.02876808    1.91923697    1.56738691    1.83061175    1.98708732    1.74553026    1.83157778    1.86424777    2.01130492    1.94949526    1.47422294    1.84587409    1.62762647    1.53729504    1.38126993    1.61041551    1.71650063    1.69625756    1.63557818    1.70913831    1.25902137    1.51276753    1.44303568    1.26428143    1.28814536    1.42976957    1.11034122    1.40745970    1.60416652    1.46830906    1.81795730    1.99745988    1.38117172    1.73308171    1.43377844    1.43049218    1.42289360    1.56853664    1.32615172
Q8I4B9_CAEEL/493-548     1.74013823    1.29855695    1.31250369    1.32112156    1.60339250    1.24941701    1.52242624    1.18106951    1.09680022    0.00000000    1.40774614    1.42575043    1.53682354    1.66755402    1.71710513    1.65377315    1.31716813    1.46975264    1.78997065    1.94937448    1.94605745    1.65795437    1.56976999    1.69408499    1.74408268    1.71583552    1.65339936    1.72099103    1.66592658    1.76834905    1.82136945    1.64418499    1.42516123    1.33032667    1.59902147    2.06028736    1.74060626    1.64757956    1.57428934    1.43680562    1.67840709    2.02093575    1.41666385    1.92100514    1.61568102    1.91557428    1.70102703    1.54771676    1.60012979    1.55959777    1.44773278    1.57812690    1.51585338    1.63874419    1.71678598    1.77054800    1.93103194    1.69711272    1.77527466    2.18365491    1.70546965    1.65260877    1.69382004    1.73344253    1.77879532    1.87137971    1.72146039    2.04373285    1.59053423    1.30151348    1.97385622    1.81963432    1.34972990    1.45733500    1.38693317    1.56307672    1.80017637    1.64959903    1.48282285    1.38413364    1.49251408    1.76994928    1.79530230    1.45442539    1.22808835    1.50835154    1.67615019    1.92661796    1.83710225    1.57522690    1.54035594    1.49754931    1.62341271    1.92377784    1.65513010    1.40755719    1.57313228    1.34314884
Q9U1T6_CAEEL/464-518     1.72855119    1.45443505    1.56196260    1.44909910    1.41725722    1.28635175    1.54039390    1.41338238    1.38599474    1.40774614    0.00000000    0.54498601    1.44371015    1.26093630    1.56974304    1.56164859    1.37071729    1.49334733    1.42874338    1.47244931    1.65757672    1.62075544    1.58528290    1.59750103    1.51026521    1.77869231    1.50957085    1.46185441    1.42400737    1.57684030    1.91981598    2.07519461    1.76128205    1.84066550    1.97943107    2.04950297    2.23733689    1.64265399    1.61536331    1.50566981    1.61361236    1.52918729    1.39136438    1.74808490    1.78643997    1.82256561    1.77979833    1.66119222    1.61049958    1.47841619    1.81979198    1.56323394    1.46717414    1.68059622    1.69977083    1.51053399    1.67099585    1.48400533    1.76319741    1.72842994    1.24389163    1.51864844    1.41387680    1.97211026    1.68071543    1.98280456    1.78640487    1.93747502    1.74543669    1.43308385    1.76518250    1.71677515    1.33452587    1.28138471    1.28733659    1.61600923    1.31389388    1.48067823    1.54631086    1.17566046    1.43661699    1.55549002    1.22226524    1.08855009    1.16172149    1.22131275    1.57052608    1.59899051    1.39044603    1.32092789    1.89225982    1.57395488    1.80138868    1.58264937    1.37706484    1.49385730    1.51369132    1.32898855
O45764_CAEEL/185-239     1.59325211    1.50150636    1.58698803    1.46426238    1.47840169    1.23266319    1.42218687    1.37880830    1.39562736    1.42575043    0.54498601    0.00000000    1.33308961    1.35392777    1.63582315    1.61306930    1.26570349    1.65640654    1.78158512    1.86299043    1.87938901    1.90989249    1.90205462    1.82174921    1.61430839    1.83908060    1.68131585    1.61791533    1.54646962    1.87252262    2.06922600    1.90765043    1.79111060    1.66930893    1.97793857    1.76437245    1.80541107    1.73430921    1.66572195    1.56902388    1.85710259    1.85794028    1.44385329    1.81316357    1.75670496    1.77127716    1.58679191    1.62285656    1.67131960    1.67282236    1.79466064    1.52203368    1.54491574    1.83745033    1.78854246    1.62988370    2.04013583    1.63032854    1.74931868    1.79600898    1.61228171    1.51596117    1.45204243    2.11713188    1.91267791    1.99043213    1.92112598    2.22308300    1.62526255    1.55060655    1.82796489    1.90658681    1.45654505    1.33078093    1.70788740    1.35934119    1.42932485    1.60540908    1.45465973    1.19183703    1.71972742    1.57574394    1.55112638    1.27979086    1.37555446    1.19286480    1.51530567    1.70613909    1.51892367    1.42295457    1.74008829    1.73344194    2.07630987    1.37579214    1.44962694    1.75901748    1.77286609    1.42397182
Q7JL02_CAEEL/82-139     1.19005097    1.22724435    1.45373897    1.37021984    1.55046390    1.27999255    1.26928645    1.65220299    1.56113864    1.53682354    1.44371015    1.33308961    0.00000000    1.25973639    1.38940876    1.04449251    1.39184239    1.44217020    1.55338615    1.48756916    1.53873416    1.51004817    1.68572876    1.39137894    1.49030468    1.32109747    1.43342774    1.47039595    1.30220673    1.44349518    1.46978526    1.58549282    1.40045702    1.39009335    1.67788031    1.31962123    1.37766198    1.30551970    1.03621208    1.57972406    1.11152433    1.25129127    1.00049229    1.09439477    0.90131561    1.08094435    1.46236545    1.37891455    1.52629458    1.22615774    1.47132840    1.58834871    1.49045032    1.22751018    1.29292696    1.33691877    1.41652274    1.19417629    1.19146763    1.43452621    1.04502458    1.06602204    1.18062406    1.36136775    1.55540661    1.69897303    1.54646168    1.83082199    2.05934209    1.12969374    1.60014988    1.55948899    1.22109967    1.28672987    1.37539693    1.47713702    1.46839624    1.34152237    1.06903027    1.35238872    1.61202593    1.61257972    1.44075127    1.53525229    1.47728177    1.52522767    1.25952050    1.25058935    1.48987601    1.62304116    1.73742363    1.55925746    1.48413250    1.66741417    1.62240099    1.49070587    1.34045816    1.18963532
A0NEU7_ANOGA/259-314     1.29975245    1.08492537    1.56069833    1.58054915    1.66769163    1.54780163    1.28743138    1.44384902    1.47173625    1.66755402    1.26093630    1.35392777    1.25973639    0.00000000    0.95192425    0.97282687    1.10470133    1.61073444    1.70320562    1.71727337    1.80378286    1.80216315    1.42584824    1.36907554    1.43733727    1.60851864    1.30128355    1.39100895    1.49681905    1.39094489    1.16347736    1.86501200    1.82771175    1.59611377    1.54272470    1.80135967    1.90500669    1.56892049    1.31295625    1.49482490    1.59327829    1.60962036    1.09354054    1.44466150    1.19228552    1.31874883    1.79887265    1.76771901    1.13698940    1.08301714    1.36098495    1.19990832    1.26013523    1.23012966    1.15477783    1.18746791    1.45335113    1.27955992    1.41573277    1.38767510    1.28268018    1.13427128    1.28005822    1.85210565    1.48067709    1.50135191    1.32278747    1.12537741    1.77460429    1.53158657    1.44007417    1.66883050    1.19210642    1.30218394    1.21793685    1.38983745    1.10019227    1.37372857    1.56959547    1.02376373    1.42789080    1.66586003    1.32907092    1.27647495    1.46526758    1.59665136    1.54878697    1.70641905    1.60176787    1.24458017    1.36283343    1.23831643    1.28036542    1.52600520    1.41415567    1.51645982    1.53103303    1.19015941
A8XC89_CAEBR/32-85     1.62972293    1.41639367    1.41718821    1.75866836    1.69279886    1.42492351    1.71980747    1.58095603    1.57137476    1.71710513    1.56974304    1.63582315    1.38940876    0.95192425    0.00000000    0.39731614    1.43776269    1.69882590    1.61937875    1.63363835    1.89659689    1.89539891    1.25500490    1.74234697    1.67235158    1.79314972    1.67635574    1.59115029    1.49416220    1.60346247    1.64251889    1.67191599    1.65501348    1.68057975    1.77040711    1.82492591    1.83754468    1.86126325    1.30399689    1.74342110    1.69937815    1.51167567    1.47535462    1.62667823    1.41816714    1.58105523    1.97155729    1.61358488    1.49247000    1.38500157    1.61232976    1.29050011    1.35650236    1.42870135    1.51566854    1.53867259    1.51933972    1.61638420    1.76252810    1.75536338    1.41752534    1.26320607    1.37950053    1.57876789    1.71010829    1.63423570    1.39023114    1.61021097    1.79906759    1.71431350    1.79410287    1.73754044    1.42635680    1.43585287    1.42024985    1.56606346    1.61681794    1.44060200    1.94831779    1.14372788    1.66399227    1.74417621    1.57117748    1.64039254    1.30794306    1.66661344    1.50140796    1.26982812    1.27810596    1.60239603    1.65588200    1.53794215    1.68813421    1.73225781    1.40136466    1.81498046    1.92315044    1.39057392
Q18805_CAEEL/29-82     1.50095107    1.46172397    1.46470095    1.68598505    1.62295736    1.54988955    1.76798260    1.79679254    1.67506217    1.65377315    1.56164859    1.61306930    1.04449251    0.97282687    0.39731614    0.00000000    1.30759961    1.88668969    1.71265180    1.72527759    1.77604395    1.64452591    1.58385951    1.68989225    1.24702039    1.55698384    1.52522385    1.40472865    1.31785215    1.59934208    1.67685319    1.66321936    1.78287514    1.47645612    1.81213510    1.60273247    1.59300704    1.69537878    1.24452770    1.72317828    1.47053649    1.24276945    1.44312866    1.63350079    1.22205963    1.68547574    1.83502770    1.61468560    1.50410711    1.22393042    1.58302814    1.14199120    1.21477224    1.18789756    1.35748042    1.59008945    1.43977964    1.63313554    1.55877662    1.67376213    1.22495911    1.04876274    1.14750527    1.40500151    1.61563396    1.72076045    1.51938588    1.90570942    1.67156329    1.58216104    1.77794089    1.59466148    1.26951513    1.20637543    1.37293005    1.60672102    1.57555371    1.57812775    1.83716755    1.33211497    1.72693512    1.74157037    1.46073878    1.71787249    1.53737660    1.60425457    1.53685672    1.25990419    1.24105672    1.59598239    1.58698332    1.54258389    1.70344893    1.53563490    1.30729771    1.78600335    1.69569097    1.46314002
Q19964_CAEEL/63-112     1.56858943    1.22169457    1.42994079    1.43791327    1.53184766    1.17083322    1.29367516    1.39962893    1.31365598    1.31716813    1.37071729    1.26570349    1.39184239    1.10470133    1.43776269    1.30759961    0.00000000    1.52837173    1.39494300    1.75130585    1.76965623    1.60861891    1.63442813    1.45355622    1.36314428    1.58805615    1.29949249    1.34673151    1.50158286    1.80877677    1.51274366    2.08506620    1.76156751    1.33874613    1.44524473    1.96473137    1.69645655    1.84685761    1.59508581    1.61713360    1.49830344    1.61804055    1.11896458    1.46144057    1.35375741    1.46338757    1.75443817    1.54545618    1.52267261    1.21236079    1.52713467    1.47991997    1.49836259    1.44057525    1.57803269    1.24546904    1.38711408    1.54461252    1.56637085    1.77822500    1.35732339    1.37564492    1.36251279    1.99457644    1.50420290    1.28496832    1.58717770    1.60505805    1.58828306    1.15846478    1.48652316    1.52877922    1.30157779    1.30749404    1.39582529    1.39011173    1.35213069    1.24272795    1.61788918    1.09921603    1.26560329    1.37912116    1.23881810    1.21472674    1.13411426    1.28349011    1.03475489    1.40987548    1.35206396    1.15426738    1.52070353    1.39273820    1.51119954    1.37747170    1.21386719    1.64340932    1.57796302    1.13262864
Q0KHX4_DROME/30-85     1.60022611    1.47378784    1.36329656    1.36631621    1.34865255    1.37441699    1.68099075    1.52348903    1.37066222    1.46975264    1.49334733    1.65640654    1.44217020    1.61073444    1.69882590    1.88668969    1.52837173    0.00000000    1.80517946    1.79667844    1.36758006    1.80629355    1.68259735    1.61412363    1.72162426    1.47542533    1.43208698    1.57402847    1.53133686    1.79105630    1.46121186    1.58644721    1.62210471    1.62056624    1.62782145    1.89524519    1.58954760    1.75281921    1.68167801    1.69528685    1.50937077    1.84140074    1.50041452    2.09503910    1.83393140    2.01790121    1.34465611    1.33888718    1.37103053    1.35531680    1.41391169    1.54744689    1.22322458    1.41066653    1.63412869    1.55784754    2.02352626    1.30144759    1.27407869    1.36665180    1.27634770    1.58446437    1.69818973    1.67398244    1.67034623    1.56967603    1.60112184    1.78342987    1.49671650    1.40820000    1.83723053    1.46459811    1.25821051    1.21865652    1.33983911    1.30027904    1.44823140    1.29566911    1.55078028    1.60607286    1.57964259    1.21230795    1.54660617    1.63070625    1.42512818    1.47381823    1.54676857    1.44249474    1.44333016    1.59687659    1.96128233    1.72489310    1.82096769    1.63275035    1.44779297    1.74528460    1.62641558    1.32740018
SSPO_BOVIN/822-875     1.81767296    1.83444704    1.79017885    1.70765425    1.74826289    1.74959872    1.97547399    1.75485188    1.67822736    1.78997065    1.42874338    1.78158512    1.55338615    1.70320562    1.61937875    1.71265180    1.39494300    1.80517946    0.00000000    0.86688474    1.31724500    1.41413428    0.97953556    1.07972410    1.47508869    1.39325073    1.42353366    1.10689455    1.25824472    1.44445087    1.35652066    1.50849536    1.44399612    1.24709992    1.21570187    1.52885746    1.81187592    1.24726721    1.27682394    1.48604679    1.53396567    1.41957810    1.61570327    1.63913520    1.46261767    1.53758748    1.84457361    1.51864314    1.66267826    1.53005571    1.75995478    1.37610234    1.51549730    1.79631657    1.68422282    1.55496664    1.59746684    1.65371721    1.76756577    1.80603783    1.36237000    1.50816541    1.57459879    1.62956173    1.34033451    1.29632101    1.56850972    1.22940201    1.51679407    1.56513523    1.77798733    1.51918374    1.24458370    1.20898479    1.52596545    1.51965707    1.57987761    1.62174862    1.41911061    1.51037374    1.52331203    1.65252652    1.39287955    1.50548449    1.51367339    1.33464966    1.52680913    1.62557526    1.53302143    1.44761107    2.44718272    2.24642038    1.98957739    1.76035670    1.58064209    1.68965132    1.74357133    1.47668091
SSPO_CHICK/809-868     1.68963893    1.54253196    1.85240795    1.77733370    1.80828027    1.61584776    2.40637255    2.00307567    2.00832679    1.94937448    1.47244931    1.86299043    1.48756916    1.71727337    1.63363835    1.72527759    1.75130585    1.79667844    0.86688474    0.00000000    1.26813640    1.20719809    1.03093765    1.00673749    1.43818162    1.20668067    0.99768059    1.08543044    1.21227422    1.10889447    1.08656213    1.59001649    1.64666434    1.08894011    1.36049808    1.58099517    1.80336478    1.16340434    1.40222289    1.71995659    1.95025850    1.56683591    1.80862150    2.33620994    1.75470353    2.31161586    2.14573116    1.76750996    1.40025004    1.33546221    1.86437720    1.40247910    1.42030442    1.28935704    1.50936617    1.56412626    1.48718488    1.40690445    1.57260564    1.52694397    1.66185144    1.76924165    1.83367666    1.64806759    1.40706154    1.55477776    1.41338344    1.27525255    1.77645048    1.65758071    1.49468636    1.63562112    1.02858280    1.32459390    1.27659663    1.34803184    1.62380749    1.47197494    1.40343436    1.73275051    1.65615413    1.81588190    1.48733732    1.57640570    1.90645624    1.75537225    2.00843550    1.76861591    1.68195678    1.19058518    2.05303017    2.15782393    2.03447606    1.81815867    1.47535346    1.60803937    1.86920705    1.56345622
VWF_PIG/326-381     2.06596021    1.75629504    1.86292822    1.70097404    1.64769101    1.68487926    2.03717154    2.04261695    2.08597919    1.94605745    1.65757672    1.87938901    1.53873416    1.80378286    1.89659689    1.77604395    1.76965623    1.36758006    1.31724500    1.26813640    0.00000000    0.83869651    0.97554653    1.37820928    1.25809434    1.18922157    1.08304407    1.08269177    1.32709060    1.39920125    1.09421994    1.71463669    1.54270607    1.27690651    1.26571452    1.30543922    1.43999506    1.46526370    1.26448560    1.58081950    1.23488677    1.23671793    1.66282776    1.89359913    1.49592434    1.83697280    1.72540682    1.36338499    1.71387083    1.53578332    1.74560238    1.56080683    1.44178214    1.24522024    1.22697127    1.53009110    1.49235725    1.42391306    1.27415519    1.44778176    1.39590032    1.57204585    1.57738579    1.61211885    1.46857840    1.71312653    1.56847744    1.59332243    1.87588028    1.42553564    1.60845659    1.52540675    1.21212971    1.28249479    1.43307974    1.31440945    1.52754240    1.88746397    1.72122134    1.97063853    1.77425675    1.67099550    1.71123035    1.72323772    1.84287312    1.81474798    1.93155235    1.68025691    1.39404671    1.41148656    2.11849478    1.97180106    2.05513934    1.44027971    1.69649920    2.11811946    1.73758060    1.66580044
H3DPH5_TETNG/622-679     2.15034810    1.51731350    1.84803288    1.67456169    1.78992005    1.85630307    1.89458572    2.14240639    2.14029168    1.65795437    1.62075544    1.90989249    1.51004817    1.80216315    1.89539891    1.64452591    1.60861891    1.80629355    1.41413428    1.20719809    0.83869651    0.00000000    1.07193241    1.23322950    1.40348868    1.48066114    1.05959314    1.14569771    1.45206366    1.15097987    1.10024973    1.80894365    1.70039690    1.40325513    1.47245493    1.35164733    1.86577022    1.25409030    1.57509757    1.69050754    1.27210025    1.58367643    1.78519598    1.88366599    1.30933889    1.72016584    1.79819337    1.65887990    1.55440478    1.55911989    1.59121220    1.57964840    1.37773262    1.61814330    1.58665022    1.90529942    1.66386920    1.74645574    1.22519433    1.71933264    1.44351359    1.44234640    1.65983240    1.82150239    1.69685660    1.89095994    1.59536875    1.12685685    1.88811427    1.30714467    1.78979716    1.42750777    1.10358488    1.56387954    1.30586419    1.48419831    1.42292053    1.83681759    1.36390394    1.93981148    1.91098571    1.87917384    1.64847236    1.88896504    1.62595066    1.96986911    1.76515442    1.99052071    1.52452543    1.43350694    2.32067196    2.27093462    2.15187774    1.61505470    1.70271451    1.74998317    1.88791150    1.56409382
VWF_BOVIN/294-347     2.00864712    1.69414975    1.82085712    1.66586220    1.65109043    1.40572242    1.94917647    1.57129580    1.62034541    1.56976999    1.58528290    1.90205462    1.68572876    1.42584824    1.25500490    1.58385951    1.63442813    1.68259735    0.97953556    1.03093765    0.97554653    1.07193241    0.00000000    0.92035438    1.17537354    1.12774845    1.17504513    1.30180378    1.10214234    1.40845866    0.96158982    1.59407533    1.38799151    1.22766994    1.30835862    1.56911083    1.64426219    1.19292406    1.12778525    1.57082445    1.09781988    1.04506059    1.53689484    1.84842081    1.53495494    1.62871150    1.92965545    1.63854830    1.50649233    1.37219484    1.53127956    1.19307027    1.17038493    1.41460406    1.28172989    1.41664815    1.31520823    1.35395096    1.56159713    1.78619514    1.65212131    1.49319822    1.57305413    1.53277534    1.02629909    1.51632875    1.36495038    1.48406059    1.53929284    1.48436290    1.65699769    1.58088227    1.20253155    1.42045431    1.43487103    1.33378700    1.52849421    1.87173624    1.49561743    1.43166469    1.53330254    1.82344612    1.55631368    1.52481510    1.52713196    1.58739885    1.78276179    1.65459529    1.69746810    1.28772692    2.00996749    2.00200650    2.02757987    1.72017256    1.52869092    1.91535525    1.89230593    1.60420692
A7RWN6_NEMVE/759-813     1.86142808    1.42280656    1.59151558    1.69977040    1.51013512    1.60965590    1.81574967    1.67372838    1.74806493    1.69408499    1.59750103    1.82174921    1.39137894    1.36907554    1.74234697    1.68989225    1.45355622    1.61412363    1.07972410    1.00673749    1.37820928    1.23322950    0.92035438    0.00000000    0.86329852    0.98456707    1.01673103    1.09908919    1.03452155    1.27065750    0.97714968    1.72592367    1.31899431    1.24091698    1.29736893    1.56960404    1.80786711    1.29246034    1.43109397    1.52846620    1.28053469    1.51819456    1.38540521    1.81947645    1.60035377    1.70749465    1.76039837    1.66507987    1.58222976    1.17152140    1.62876921    1.23777448    1.33454620    1.12365328    1.54359560    1.48112352    1.51588579    1.49943428    1.41099563    1.65397656    1.34936171    1.53316044    1.68545685    1.79098763    1.27272332    1.51004053    1.58124891    1.38741168    1.84990394    1.56881024    1.26835276    1.48429674    1.11084468    1.10778097    1.31152028    1.21894894    1.36096015    1.58581515    1.36406079    1.40013924    1.39400449    1.77182815    1.27373125    1.34945819    1.92960128    1.64716190    1.67597963    1.95481096    1.80667572    1.35173647    2.29977488    1.89528790    1.79164429    1.44335236    1.58861977    1.53704713    1.86425119    1.63583930
H3CEA6_TETNG/262-317     1.89131689    1.35829116    1.78010616    1.78266031    1.36404014    1.60210318    1.77839446    1.85081036    1.80043046    1.74408268    1.51026521    1.61430839    1.49030468    1.43733727    1.67235158    1.24702039    1.36314428    1.72162426    1.47508869    1.43818162    1.25809434    1.40348868    1.17537354    0.86329852    0.00000000    0.67559249    0.88614273    0.82490579    0.78364919    1.16750258    1.16580211    1.69944698    1.45736318    1.15884321    1.32818162    1.55546807    1.40374726    1.41069763    1.39016223    1.47302893    1.28446344    1.31388809    1.32444580    1.69380828    1.36227342    1.48812316    1.68864074    1.51852616    1.38937547    1.20917057    1.41154397    1.07847913    1.17661739    1.31903332    1.34441266    1.34968910    1.26910150    1.21991932    1.31365260    1.59757799    1.27466237    1.19650597    1.53966106    1.52544661    1.09888145    1.30577138    1.25050314    1.55006353    1.61694701    1.52794525    1.54817472    1.47083324    1.33960108    1.07944862    1.08629669    1.39621078    1.46553455    1.74017651    1.63056060    1.36523330    1.58575412    1.64093085    1.58875263    1.54422929    1.42089604    1.34456983    1.47622011    1.67904364    1.59796399    1.05559684    1.62177411    1.56207082    1.41140902    1.43884762    1.61293529    1.81193280    1.96268957    1.33362827
MUC5B_HUMAN/329-385     1.97525150    1.66200137    1.88880815    2.13885424    1.82243483    1.66085384    2.07211918    1.85677249    1.87083246    1.71583552    1.77869231    1.83908060    1.32109747    1.60851864    1.79314972    1.55698384    1.58805615    1.47542533    1.39325073    1.20668067    1.18922157    1.48066114    1.12774845    0.98456707    0.67559249    0.00000000    0.67319963    0.73547156    0.74563489    1.23792398    1.22901271    1.79770882    1.34509806    1.31022981    1.63262087    1.51379535    1.73621283    1.32853828    1.38556691    1.47081910    1.28074913    1.43441196    1.33437961    1.75348995    1.49979267    1.61876248    1.87824806    1.47205242    1.54116619    1.22608986    1.81202505    1.21326133    1.49014501    1.20436522    1.37564073    1.61266914    1.41196512    1.19955177    1.33826951    1.66538594    1.44118896    1.28326145    1.51413967    1.34402008    1.35133800    1.47523785    1.46303770    1.68027681    1.87022763    1.67435614    1.44535066    1.71670414    1.29602158    1.25919706    1.23653001    1.23448248    1.54890161    1.67981975    1.50262268    1.52449901    1.85275433    1.68170837    1.69921675    1.59835770    1.75719017    1.77119860    1.55103209    1.41994329    1.34974880    1.33777769    1.96179738    1.74781391    1.75630515    1.49877253    1.53714728    1.85288951    1.78020249    1.75419605
MUC6_CHICK/257-312     1.80814418    1.31228030    1.69426757    1.69168190    1.46180009    1.43306564    1.74593005    1.88026663    1.71141883    1.65339936    1.50957085    1.68131585    1.43342774    1.30128355    1.67635574    1.52522385    1.29949249    1.43208698    1.42353366    0.99768059    1.08304407    1.05959314    1.17504513    1.01673103    0.88614273    0.67319963    0.00000000    0.38818198    0.81533918    1.06894350    1.10623652    1.71929890    1.63041424    1.28617293    1.35449137    1.66375253    1.55546668    1.22677261    1.55913793    1.33954546    1.21467837    1.53482503    1.29588006    1.82828309    1.14761413    1.50230637    1.66019371    1.53949068    1.45843373    1.17869578    1.77730780    1.28323090    1.39308017    1.31675709    1.42725099    1.36518130    1.31751273    1.24864540    1.26471765    1.47349049    1.34014095    1.20173964    1.58537719    1.61587956    1.29431296    1.32224253    1.31833718    1.39928176    1.71964178    1.41483444    1.43307279    1.33127218    1.12003767    1.31611947    1.19062118    1.22312479    1.18942984    1.42230876    1.40579499    1.38456431    1.65133115    1.66109315    1.65957567    1.56694629    1.59806374    1.57102012    1.34382113    1.56928401    1.28994289    1.04008674    1.88004989    1.81420964    1.65055401    1.43804449    1.16588602    1.48079040    1.59224563    1.23491264
MUC6_MOUSE/344-399     1.91786056    1.46841811    1.75942235    1.74605937    1.49199217    1.53476768    2.07595733    1.90739811    1.99623393    1.72099103    1.46185441    1.61791533    1.47039595    1.39100895    1.59115029    1.40472865    1.34673151    1.57402847    1.10689455    1.08543044    1.08269177    1.14569771    1.30180378    1.09908919    0.82490579    0.73547156    0.38818198    0.00000000    0.72865809    1.19486582    1.31392566    1.44155790    1.35381610    1.17087767    1.06715916    1.41343498    1.33531141    1.14225621    1.55092045    1.30838322    1.46605692    1.39784131    1.31516185    1.70489190    1.15640270    1.51279770    1.67485070    1.28418122    1.50800432    1.27227151    1.69559425    1.27941189    1.30604141    1.30636168    1.53584152    1.48764690    1.58003437    1.31186759    1.21538256    1.55610152    1.21723521    1.06784005    1.45426202    1.38386652    1.52052969    1.43495162    1.35568709    1.45227916    1.52878091    1.22256416    1.25601399    1.39063885    1.13863585    1.28362132    1.26458155    1.26108255    1.25246506    1.57822399    1.43023369    1.36211467    1.46214721    1.46434549    1.62702173    1.59546520    1.50316843    1.39321067    1.40651968    1.57551851    1.32771074    1.23715671    1.86942217    1.92840397    1.71892815    1.54344902    1.45614999    1.71452155    1.73483804    1.36600972
