122
Q2RYE9_RHORT/30-149     0.00000000    1.72388725    1.90593570    1.65359250    2.48717078    1.81864571    1.73201806    2.94500091    2.62348379    2.56878326    2.04732924    2.51323676    1.86624785    1.92101149    1.81321852    2.05177583    2.00685853    1.88150407    1.99041889    2.03388610    2.50424810    1.67369380    2.17859548    1.95331689    1.79271185    2.01441113    2.15331029    2.01615947    1.59058603    1.56046008    1.81977456    1.61473523    1.76654790    1.84166471    1.85335026    1.81483910    1.97143537    2.60922478    2.16905482    2.25875395    2.29548061    2.09052457    2.16135168    2.31552630    2.00873873    1.72486617    2.14537895    2.03005876    1.78608144    2.15535729    1.81955872    2.33685823    1.76258253    2.06424174    2.24504511    1.96071642    2.22732378    1.90660047    1.78775443    1.82294031    1.88894120    1.87900030    1.82236252    1.93523394    1.86769609    1.91729774    1.97492252    2.04741746    2.23482489    1.97061781    2.01689607    2.15668054    2.06262493    2.24890728    2.10813695    2.04204301    2.11640970    2.07809395    2.55067306    2.07145378    2.03368323    2.17964298    1.91960015    2.10552299    2.13485931    1.98910636    1.91047912    1.99526123    2.01442974    2.32521014    1.98213078    2.11526644    2.17009965    2.06153382    2.05134345    1.92660113    2.08004354    1.97416201    1.99826146    1.89417106    2.16998923    2.28012845    2.12437299    1.89287744    1.80567211    1.78600668    1.97681602    2.18613988    1.90241683    1.98305792    2.33733117    2.01794958    1.87591340    2.00065362    1.84546550    1.76515470    1.84527328    1.91504028    1.82890289    2.05677434    2.25181737    2.02431433
Q5LQ02_RUEPO/28-144     1.72388725    0.00000000    1.40064337    1.29565231    1.74190999    1.55814796    1.59432536    2.12217360    2.13983353    2.00193403    1.85371134    2.08990255    1.51587671    1.36311319    1.37778325    1.45219834    1.53165954    1.46348293    1.81132344    1.75634355    1.90956059    1.31644346    1.85270495    2.02641426    2.22562725    2.06110324    1.96269598    2.05067632    1.87597788    1.64530153    2.17791320    1.67119437    1.85226897    1.77536116    1.68980651    1.63814651    1.61757912    2.05444169    1.82900666    2.18056826    1.91151401    2.13048211    1.93774485    2.01759878    1.83100462    1.57157302    2.14100152    2.02834472    1.75432504    1.81538156    1.94383966    2.03196274    1.52056295    2.02854912    2.21304603    1.59701924    1.92942545    1.81136086    1.61278571    1.55349002    1.49072405    1.60973139    1.60344714    1.98428898    1.80416998    2.16799456    1.84336763    1.56586180    1.69961978    1.89125440    1.53125974    1.76721023    1.85500810    2.03540688    1.78556968    1.84292137    1.96470065    1.83111975    2.19045567    1.76070324    1.79532784    1.78661353    1.88393173    1.76256694    2.05446767    1.83880375    1.87024789    1.93640702    1.82534789    1.97198408    1.64375379    1.55015875    1.76793372    1.80091944    1.85920688    1.61870982    1.70230085    1.70984199    1.65785326    1.70719963    1.71977756    1.87817168    1.53846290    1.66825567    1.29293142    1.33057867    1.23263862    1.37951343    1.44296256    1.29868790    1.50924090    1.47925661    1.56485726    1.42735704    1.65423567    1.88342801    1.97131312    1.86655520    1.62129689    2.16805245    1.82843153    2.64163718
D5ANE2_RHOCB/36-150     1.90593570    1.40064337    0.00000000    1.70748563    2.57513191    1.87001728    2.01991476    2.12623479    2.28158027    2.17693116    1.93618748    2.12922286    1.97713474    1.64512081    1.66119437    1.85609976    1.93555978    2.20491779    2.23186630    1.88342052    2.19346183    2.03585324    2.28461724    2.32656698    2.08205883    2.74793894    2.45151641    2.44911093    1.99596904    1.71291107    2.03341359    1.83425898    2.56599374    2.20549206    2.38355611    2.04231526    2.01121663    2.22300448    2.71374889    2.59953935    2.46716063    2.61414636    2.23217523    2.23907231    2.09221678    2.06566039    2.27050741    2.60347644    2.07819859    2.31347627    1.88534994    2.54220099    2.20293848    2.13968271    2.60006371    2.16792598    2.34285452    2.24857858    2.26074554    2.30773531    2.20285067    2.07516265    2.12196758    2.42703132    2.49752432    2.65863712    1.87766976    1.95010560    2.57763916    2.23276895    2.12674168    2.55486031    2.27759002    2.51954107    2.34258122    2.46419362    2.63907221    1.96541860    2.13658478    2.41297997    2.36259847    2.36393158    2.46002026    2.56579906    2.36421731    2.47527310    2.09462234    2.55867531    2.64340367    2.27320068    2.61135414    2.43704619    2.25141841    2.43282196    2.46350855    2.54263197    2.50748466    2.60766817    2.19472546    2.43795356    2.22465821    2.69240830    2.20891985    2.18794582    1.84965006    1.51078517    2.05566056    2.29513366    2.12292226    1.99848862    1.82404736    2.41513433    2.08065492    2.12528400    2.48743736    2.75115801    2.39155138    2.51505201    2.40044420    2.07450872    2.16777474    2.18936509
Q11MI3_CHESB/33-151     1.65359250    1.29565231    1.70748563    0.00000000    1.77760639    1.71008793    1.60707056    2.06921888    2.17502912    1.70756335    1.77661229    1.74432828    1.57523661    1.63161439    1.71143339    1.79991060    1.81550341    1.86235567    1.85408251    1.68356719    2.07391623    1.58455085    1.82785044    2.24497759    1.85884708    2.39327405    2.44543328    2.01493050    2.40684520    1.94374674    2.17659737    1.55060669    1.90529739    1.94735225    2.01426048    1.83886941    1.80751520    1.70653719    2.03398066    2.10687603    1.94428346    2.08039992    1.72133786    2.06357372    1.57442055    1.44242487    1.91755353    2.15941326    1.63193309    1.83678541    2.13359108    1.88827713    1.90834628    1.92439528    2.26527271    1.74124914    1.95174578    1.87909789    1.83859226    1.95917944    1.95271580    1.98888179    1.94512554    1.90305303    1.75821939    2.43023051    1.88784922    1.87466095    1.86242784    1.63807546    1.82275165    2.01812402    2.06058907    2.19794047    2.10815922    2.31649703    2.09098415    1.92636002    2.40624249    2.19005852    2.16153275    1.99037027    2.25499093    2.10031106    1.99087293    1.90619121    2.25156911    2.29857245    1.85634256    2.11631899    1.77501408    1.82715725    1.80403780    1.91130343    1.84620037    1.73517409    1.91114621    1.95135461    1.83775383    1.71365526    1.80901240    2.26126457    2.43746274    2.32369302    1.44989308    1.74300203    1.89823951    1.41325523    1.71881206    1.66379059    1.53474456    1.55106543    2.20814990    1.90251333    1.75770848    1.89470966    1.86413328    1.75309641    2.08849972    2.26280980    2.02745165    1.94046880
Q11EA2_CHESB/39-166     2.48717078    1.74190999    2.57513191    1.77760639    0.00000000    1.86481755    2.30449810    2.72181926    2.83003005    2.65022671    2.56122887    2.25375637    2.27397934    1.83539626    2.21221386    2.06767316    2.12059752    2.11089751    2.40572737    2.22863830    2.42483598    2.04786546    2.43213616    2.67144069    2.54571289    2.91782883    3.23745757    2.41991904    2.58141053    2.44678377    2.77190938    2.27220182    2.79309129    2.04873142    2.55086984    2.55170968    2.49816862    3.19890105    2.84431284    2.65506022    2.53627481    2.68117447    2.98468072    3.26034445    3.31752292    2.64859633    2.52956821    2.76786342    2.76972006    3.05976557    2.57796973    2.29264970    3.21507546    3.10884973    2.75366988    2.49555381    2.81199217    2.68875962    2.93198516    2.48703543    2.48277714    2.62395222    2.39955962    2.38434040    2.35578009    3.10880346    2.19536113    2.12755160    2.75638581    2.32979207    2.46202718    2.75156560    3.08898514    2.93344305    2.71796739    2.77536377    2.74953322    2.66676487    2.85618257    2.42577980    2.51263552    2.35808505    2.57895034    2.53633870    2.63289459    2.61417594    2.64825335    2.47348204    2.28473265    2.95329533    2.75311819    2.49705297    2.51877030    2.59815025    2.66172046    2.75994750    2.15665487    2.36570809    2.77811977    2.55962816    3.07565964    2.29250541    2.40381586    2.87868187    2.15300605    2.37512049    2.28102926    2.33985788    2.20005288    2.55884376    2.86028117    2.46817525    2.59569924    2.64245389    2.41089203    2.53179978    2.73723843    2.25552283    2.24192295    2.49294709    2.13294890    2.76945312
F2IV66_POLGS/23-146     1.81864571    1.55814796    1.87001728    1.71008793    1.86481755    0.00000000    0.92161166    1.75734540    1.87607368    1.54082705    1.46323481    1.52427336    1.22430382    1.28193256    1.25559726    1.48704648    1.32237937    1.53217041    1.44902186    1.57357897    2.06505627    1.22004879    1.54313144    1.83858812    2.18886074    2.23007678    2.26127572    2.37627159    1.77500931    1.60931311    1.94838533    1.48616144    1.95363188    1.48251969    1.93620470    1.98907480    1.80303112    2.16273509    2.19982870    1.88133575    2.06479471    2.19321329    2.13675831    1.86611097    2.16914986    1.58200728    2.05235645    1.81696276    2.01341048    1.99329316    2.36934659    2.31663299    1.80422696    1.76898790    2.10567699    1.63548502    1.86455966    1.60478501    1.74505074    1.51030983    1.51117811    1.64011677    1.50358398    1.67055280    1.61833934    2.65006454    1.66496965    1.69650143    2.13589380    1.72934027    2.07448772    2.12524407    2.41050963    2.25682413    2.30031464    2.13222881    1.91342760    2.26776113    2.49041470    2.07699173    2.26287781    1.69728820    1.98764330    2.14932843    2.14848376    1.97786542    1.90216096    1.78831522    2.00564159    1.56458487    1.76914798    1.52935990    1.60888138    1.72065711    1.80484337    1.74184305    1.60366823    1.76919125    1.89254767    2.15432835    1.84966129    1.71995135    1.69234807    1.64011893    1.60296561    1.56085007    1.47189520    1.62822775    1.62381443    1.59530748    1.80286242    1.71524729    1.56966407    1.88658390    1.82387775    1.79178506    2.12377700    2.09791927    2.16532238    1.99935786    2.07240131    2.44750500
A8I559_AZOC5/25-141     1.73201806    1.59432536    2.01991476    1.60707056    2.30449810    0.92161166    0.00000000    1.96507350    1.71940286    1.66362002    1.40227139    1.32844875    1.18622322    1.24507195    1.41080914    1.43776407    1.45144955    1.46471871    1.29626819    1.24493592    1.98525261    1.15696298    1.23915111    2.13794951    1.99057748    1.88990973    2.03872886    2.17628861    1.62201345    1.46130925    1.78634887    1.29897863    2.02487283    1.53500289    1.57062508    2.03225298    1.84091011    1.67700689    2.28536840    1.99565267    2.19163511    2.07251779    1.86632758    1.87588560    2.36554450    1.37329096    2.02241672    1.87439901    1.57514807    1.97336272    2.38749343    2.09241980    1.40798994    1.57949033    2.40989072    1.39734117    1.55026150    1.36941683    1.57376894    1.40001832    1.55610841    1.43655378    1.46225653    1.42786876    1.85475391    2.23513629    1.64427021    1.65992569    1.82204039    1.88996225    2.03707548    2.07630123    2.47192814    2.15849606    2.36048776    2.38662570    1.94694824    2.09054064    2.62154184    2.18768950    2.20812846    1.76449619    2.20356624    2.03071298    2.32457296    1.63080310    1.99521076    2.02749533    1.82588999    1.36973079    1.49062127    1.55407230    1.70777242    1.77094075    1.93909449    1.70812729    1.87605148    1.68672560    1.80425882    2.10973487    1.75415577    2.22195362    1.95380279    1.91289206    1.74479111    1.63172534    1.77071188    1.97740511    2.06767284    1.74665814    1.75657007    2.00430929    2.13265306    2.06592113    1.71891805    1.74932646    1.97885083    1.88374579    1.90959101    2.18799275    2.06819728    2.00390145
C555_BRADU/31-145     2.94500091    2.12217360    2.12623479    2.06921888    2.72181926    1.75734540    1.96507350    0.00000000    0.52424091    1.11274079    1.25603248    1.01103747    1.58052881    1.79193504    1.73870692    2.17531034    1.97605797    1.91529664    1.79527212    2.06140276    2.43230328    1.62158346    1.74071489    2.43187062    2.55604450    2.68630441    2.64573019    2.99202806    2.09112035    2.12567555    2.03718152    2.34301145    2.39398128    2.58848697    2.26412330    2.22173600    2.22005918    2.72779696    2.82618615    2.60531450    2.71323178    2.66692534    2.29089361    1.90386273    2.22232078    1.97911300    2.60960377    2.03881011    2.44364938    2.59189290    1.81133146    2.31809041    2.11366196    2.29774216    3.04641775    2.17771707    2.52454253    2.35670076    2.26865180    2.12610272    2.14873841    2.41201978    2.31442671    2.43516926    2.51935395    2.71311166    1.97850583    2.29857013    2.32711530    2.26430432    2.83921662    2.95725795    2.86339171    2.85832617    2.98028633    3.40762440    3.27705574    2.99362104    3.53129417    2.83360834    2.95850899    2.87638610    2.74994767    2.94893659    2.80690691    2.71167445    2.27208892    2.13038978    2.60586514    2.27347652    2.18883148    2.06585200    1.97200706    2.18524562    2.36027654    2.22018818    2.73120768    2.89447175    2.71033721    2.66529228    2.31856060    2.68609060    2.31019353    2.22143085    1.72128789    2.17829553    1.89642379    2.33616671    2.79210396    2.02667093    2.74069236    2.67777793    2.41042928    2.15714321    2.96028276    2.50954709    2.61561709    2.89675415    2.77302967    2.56595308    2.45929455    2.53009695
F7QQF9_9BRAD/23-145     2.62348379    2.13983353    2.28158027    2.17502912    2.83003005    1.87607368    1.71940286    0.52424091    0.00000000    0.94736160    1.01932136    0.93174365    1.64510388    1.76169816    1.75131304    2.09777831    1.88438494    1.76202428    1.51534288    1.79680510    2.22987842    1.45793805    1.69226769    2.18954173    2.42375191    2.52712065    2.65339295    2.48761112    2.10433646    2.05961545    2.37986538    2.08997902    2.05411499    2.51952508    1.99344503    2.16194918    2.18577001    2.35957551    2.78516517    2.64194006    2.59233558    2.52511136    2.31806012    2.06846640    2.22558929    1.94239950    2.62638268    2.25116817    2.45454225    2.55862940    1.92080748    2.24462439    2.02792831    2.54086229    3.07019237    2.43025891    2.47101715    2.47691130    2.42957744    2.47501788    2.45383580    2.49629842    2.56386164    2.53399705    2.73772475    2.68006883    1.90507165    2.08085053    2.48292961    2.59196752    2.39927858    2.54580607    2.87219629    2.69737523    2.92453824    3.31974258    2.95952984    2.84836976    3.34470092    2.82010039    2.99300608    2.46879253    2.49694918    2.88513571    2.90353865    2.67563527    2.31516205    2.55297981    2.60061452    2.43384462    2.29395747    1.95755077    2.03908743    2.02631703    2.47429405    2.34520893    2.67812778    2.77341207    2.79049897    2.57798402    2.62672241    2.55958954    2.05784842    1.93236487    1.98918972    2.45794772    2.48982224    2.72190761    2.86560716    1.94049320    2.48872097    2.51651174    2.44456160    2.17278436    2.45867652    2.43652512    2.67306395    2.87005353    3.39792845    2.38314884    2.88984301    2.89622859
A4YY58_BRASO/25-147     2.56878326    2.00193403    2.17693116    1.70756335    2.65022671    1.54082705    1.66362002    1.11274079    0.94736160    0.00000000    0.76225468    0.46740992    1.34472754    1.63108892    1.39149969    1.76013424    1.66417209    1.94163843    1.57207614    1.70248204    2.24626919    1.26763426    1.56588344    2.18451302    2.75598968    2.32417573    3.02359126    2.84687522    2.28819683    2.02041875    2.07665340    1.51100572    1.57928477    2.12756446    2.31629920    2.47323498    1.90227029    2.33456576    2.72283525    2.52788233    2.53982694    2.65492189    2.25172449    2.06778147    2.33283168    1.68885123    2.34071563    2.31055418    2.38556489    2.49091506    2.11846340    2.25622661    1.74539742    2.04440949    2.53716160    1.87124866    2.13325271    2.19848893    2.10150530    2.17980195    1.95390287    2.00014078    2.00431760    2.20998176    2.12329517    2.60619482    1.83529632    1.76023022    2.16677102    2.28631283    2.28165263    2.79999949    3.11960138    2.61847399    2.62082464    2.44239409    2.36334456    2.33053201    3.11613639    2.74494916    2.98779249    2.63522945    2.54520914    2.63606424    2.45742734    2.41600325    2.02530201    2.04110602    2.54630499    2.01766582    1.97818579    1.79272975    1.99798322    1.91238783    2.19515154    2.06086312    2.95274809    2.57591711    2.67402961    2.52677618    2.43745091    2.09701806    2.17025817    1.84852080    1.83579251    1.86439007    1.97856287    2.23023632    2.16451250    2.23664100    2.23973319    1.95871851    2.29817933    2.31470258    2.45859821    2.48062011    2.48344519    2.33463895    2.46719113    2.26036671    2.56624952    2.77330605
C556_RHOPA/23-145     2.04732924    1.85371134    1.93618748    1.77661229    2.56122887    1.46323481    1.40227139    1.25603248    1.01932136    0.76225468    0.00000000    0.44232806    1.43664664    1.53673481    1.31274516    1.73745019    1.69749849    1.75411158    1.60555871    1.71245160    2.25001020    1.36862379    1.52584475    2.41532108    1.99052207    2.20236300    2.59864423    2.44469134    2.12615294    2.25109528    2.44334680    1.74419995    1.97127016    2.04416492    1.97245221    1.90817936    2.13292167    2.31977696    2.48450783    2.16402253    2.19918799    2.28744143    1.99355468    1.93515336    2.07979551    1.59683438    2.03990412    2.03159740    2.31162397    2.42161527    2.07435216    2.37290974    1.66858148    2.13783656    2.58713700    2.12632764    2.13426650    2.27445155    2.19990999    2.11324694    1.86804187    2.03371597    1.98216848    2.20265170    2.39915084    2.61582723    2.13556532    2.07546460    2.07489188    1.88562228    2.21846173    2.56856614    3.08929330    2.53000415    2.71442419    2.72631754    2.65272134    2.50092848    2.95264979    2.71322148    2.81911749    2.18778862    2.36672551    2.33549814    2.47893823    2.38117854    2.04992557    1.90586857    2.06805819    1.90752468    2.05398867    1.98032813    2.02847238    1.88249071    2.27767760    2.18094824    2.53283145    2.57439466    2.41219124    2.35660341    1.91900401    2.28514182    1.93630312    1.86586739    1.77331154    1.90789181    2.08252900    2.02985924    2.06643749    2.02846442    2.42484113    2.15670581    2.26303549    1.96580367    2.16677741    1.96518120    2.03589993    2.06492464    2.40665812    2.08831938    2.68428301    2.58087373
Q219D4_RHOPB/23-146     2.51323676    2.08990255    2.12922286    1.74432828    2.25375637    1.52427336    1.32844875    1.01103747    0.93174365    0.46740992    0.44232806    0.00000000    1.21949072    1.61395911    1.54273100    1.73258262    1.58692070    1.72935506    1.33953407    1.66855438    2.05945994    1.22034947    1.53432543    2.30817916    2.30732240    2.26065625    2.61135108    2.45262199    2.07983738    1.88013070    1.99023164    1.56076212    1.90175912    1.96759005    1.84163192    2.00551863    1.85354574    2.25311008    2.71386102    2.48001131    2.43525321    2.51374022    2.18501342    2.08052561    2.31019133    1.61744069    2.36684375    2.23069022    2.28460296    2.54890599    1.93861777    2.33637371    1.70070487    2.10520533    2.70018557    1.99533978    2.26707145    2.26139883    2.17128803    2.19114397    2.02668701    2.11940689    2.03143116    2.11900175    2.26312011    2.57832430    1.90337714    1.92373200    2.17648557    2.01908315    2.17867049    2.68113304    2.90367229    2.49319369    2.58796163    2.66836295    2.39618990    2.38349168    2.84918147    2.59838653    2.75148468    2.26514513    2.35084872    2.28967169    2.38526458    2.31300585    1.79452005    2.06878625    2.32367757    1.87496448    1.80122596    1.78846222    1.92163127    1.77663221    2.01172729    2.13811315    2.70294767    2.62695395    2.57248402    2.31542180    2.23245574    2.32474039    2.19760826    1.82735296    1.87430023    1.85317374    2.19336263    2.21968393    2.19422623    2.01064718    2.37742825    2.15870978    2.20179641    1.96441467    2.35648051    2.14552938    2.18772655    2.16960319    2.64998857    2.11117429    2.35974033    2.59444498
A6X2F3_OCHA4/22-142     1.86624785    1.51587671    1.97713474    1.57523661    2.27397934    1.22430382    1.18622322    1.58052881    1.64510388    1.34472754    1.43664664    1.21949072    0.00000000    1.05595685    1.11430960    1.10975766    1.11867643    1.51071570    1.13932916    1.33324254    1.79105238    1.09543964    1.41872098    1.94298841    2.16081021    1.83497647    2.40320921    2.05223114    1.40205442    1.67322564    1.66197917    1.42723840    1.59741135    1.75826468    1.56663918    1.70085942    1.69651718    1.90294110    1.88236145    1.97423513    1.92822670    1.76778016    2.12092430    1.96152131    2.11338990    1.75816528    2.05414868    1.81723565    1.84171727    2.20848806    1.92714450    1.86992733    1.34214746    1.68350669    1.90751174    1.75113323    1.79082595    1.51893028    1.71192498    1.35680800    1.42442945    1.40561208    1.51980621    1.71410839    1.59140440    2.01140909    1.71404880    1.67201730    2.05245618    1.74277060    1.84737171    1.79735266    2.27337626    1.96657793    1.93902891    2.14088502    1.95791147    1.91495490    2.11632879    1.99719155    2.04135537    1.71646778    1.86183987    2.01475433    2.02386801    1.93447302    1.95849635    2.19503770    1.73465352    1.73888490    1.81413199    1.30796006    1.38112079    1.50636049    1.39385768    1.46978109    1.83762104    1.60542592    1.67166140    1.91792599    1.93935043    2.41732100    1.94922495    1.56864416    1.34043621    1.59989726    1.57645409    1.90673276    1.81299740    1.61540952    1.67619262    1.93564173    1.83318054    1.97572748    1.64132815    1.89212597    1.96848735    1.69851108    2.38654533    1.90056962    2.08050419    1.92116226
C556_AGRFC/27-143     1.92101149    1.36311319    1.64512081    1.63161439    1.83539626    1.28193256    1.24507195    1.79193504    1.76169816    1.63108892    1.53673481    1.61395911    1.05595685    0.00000000    0.55636676    0.55542354    0.63739447    1.33998665    1.29706686    1.17753327    1.95332751    1.43486384    1.65963283    2.01179521    2.01103611    2.16771369    2.06684521    2.33790956    1.41238813    1.61195492    1.68913842    1.69456518    1.54648630    1.59380293    1.65566157    1.72343334    1.74688508    2.36102131    2.17817066    2.17843644    2.26270719    2.17508759    2.09510300    2.00389070    2.34233987    1.86187352    2.27809959    2.36139487    1.89767011    2.19026939    1.92176506    1.97914362    1.71181021    2.28350362    2.17109607    1.63432929    2.25704332    1.99651400    1.84157908    1.87183335    1.80828535    1.90071850    1.79613319    1.86638834    1.91946756    2.25849362    1.49881312    1.58220564    2.10332921    1.75688940    1.66866949    2.17041281    2.34405552    2.02009985    2.15959873    2.31189120    1.99093584    2.13117881    2.04907477    1.92727318    1.84511879    1.59797900    1.67667933    1.89285997    1.81340268    1.91205562    1.92518791    1.92340721    1.94397107    1.78460912    1.82384349    1.58724554    1.72057853    1.78406622    1.88965357    1.73986034    1.83663225    1.90947805    1.68161532    2.10295858    1.93024418    1.91828740    1.56386838    1.85368135    1.11457893    1.44858368    1.26771479    1.34919024    1.78378594    1.30747466    1.54836822    1.33318470    1.31400377    1.56444803    1.40364787    1.68231899    1.84864425    1.86760247    1.89087200    2.58081658    2.04564966    1.94516329
B9JTV4_AGRVS/39-154     1.81321852    1.37778325    1.66119437    1.71143339    2.21221386    1.25559726    1.41080914    1.73870692    1.75131304    1.39149969    1.31274516    1.54273100    1.11430960    0.55636676    0.00000000    0.55048333    0.59759864    1.48909579    1.56308140    1.40006421    2.05598829    1.30185519    1.76316237    2.19562547    1.70727815    2.13630308    2.32343846    2.13609521    1.50310997    1.44869246    1.64780818    1.67554117    1.58684958    1.40225966    1.68471870    1.49042791    1.48893934    2.23331462    1.97449722    2.04976969    1.91083471    2.09074882    2.00268926    1.85019889    2.03849495    1.82482044    2.12736383    1.80065060    2.07742062    2.14285907    1.87921513    1.97865603    1.51450116    1.73611390    1.91439302    1.53718278    1.86789840    1.73038046    1.65477075    1.73804283    1.72127198    1.65820021    1.83921122    1.84007724    1.99122260    1.94068616    1.48634064    1.58224989    1.79964800    1.43738530    1.77494759    2.13383926    2.20755856    2.12153833    2.14690816    2.09898025    2.14762246    2.12749197    2.58304714    1.74809373    2.17081845    1.82206060    2.00751510    1.91884161    2.06032579    1.98046049    1.74934415    1.55519204    1.93284559    1.79829692    2.01323233    1.41367701    1.63510666    1.52040922    1.70102116    1.53129705    2.05310755    2.02524965    1.61259509    2.18108472    1.61912689    2.11708317    1.44839917    1.71621299    1.11252826    1.54060210    1.42520817    1.78032003    1.72360232    1.37117416    1.57293290    1.34917131    1.44385932    1.61833104    1.51943616    1.75712113    1.58395468    1.83065261    1.73933673    2.19775641    2.35388976    2.11412199
B9JBG6_AGRRK/28-144     2.05177583    1.45219834    1.85609976    1.79991060    2.06767316    1.48704648    1.43776407    2.17531034    2.09777831    1.76013424    1.73745019    1.73258262    1.10975766    0.55542354    0.55048333    0.00000000    0.51503545    1.50081656    1.43629163    1.18726059    1.97885688    1.43553360    1.81122711    2.48652120    2.27707944    2.25475124    2.51908210    2.32976923    1.61224200    1.80443686    1.90494374    1.94064720    1.84241120    1.59312150    2.07393787    1.92535539    1.94247526    2.26804404    2.30245401    2.51170198    2.15634864    2.22380915    1.96980988    2.45151099    2.31646657    1.74918377    2.31257534    2.25104834    2.05930877    2.21000134    2.02417209    1.86432584    1.94597557    2.31408040    2.17540693    1.68241425    2.02514320    1.76767644    1.99288909    1.79614988    1.97414555    1.81117052    1.80719612    1.85465016    1.88096045    2.32102560    1.56071796    1.79930541    2.00756375    2.10078748    1.75088746    2.23962006    2.35301233    1.90245868    2.42774367    2.17420146    2.04226112    2.05521441    2.03440379    1.96535276    1.97389405    1.85507788    1.92428409    2.22412594    2.06706272    2.03858314    2.16133466    1.97095926    1.87490632    1.85693232    2.12571504    1.59436638    1.77361181    1.83274458    1.72563774    1.64866068    1.93483299    1.99765688    1.82305356    2.30105521    1.97255351    2.26335041    1.56017948    1.74425644    1.36224251    1.74515492    1.60182629    1.65420179    1.87873016    1.40044854    1.68239628    1.62956631    1.38486630    1.66451158    1.77754357    1.86348545    1.89919387    1.86973819    1.92144592    2.82889124    2.32120238    2.23806916
Q92RB8_RHIME/27-145     2.00685853    1.53165954    1.93555978    1.81550341    2.12059752    1.32237937    1.45144955    1.97605797    1.88438494    1.66417209    1.69749849    1.58692070    1.11867643    0.63739447    0.59759864    0.51503545    0.00000000    1.55105193    1.32946947    1.39989949    1.78121007    1.34419998    1.53098965    2.07607665    2.41003971    2.13816048    2.32006878    2.27542177    1.61518604    1.73602446    1.93751233    1.78416055    2.16890909    1.84831400    1.74005792    1.83869786    1.71511998    1.99746941    2.03069156    2.12262506    2.01148866    2.20462221    2.02908019    1.98966494    2.34521719    1.96485392    2.51576053    2.19541707    2.10924929    2.32453059    2.08354584    2.14811959    1.64308639    1.81318918    1.94078454    1.69029752    2.21034159    2.01953474    1.95054541    1.84056303    1.82980291    1.85323503    1.97595690    1.90616354    2.07755982    2.22583344    1.63179490    1.71126357    2.01791752    2.16277476    1.83385068    2.15315430    2.20338682    2.02386084    2.23788155    2.19686203    2.03033313    2.04794749    2.09857130    2.01239622    2.09788901    1.81126548    1.87144788    2.25623343    1.96652064    1.99482792    2.06419080    2.10529150    1.93621879    1.86446435    1.87478302    1.57764932    1.67471597    1.64220785    1.76449887    1.65076998    1.68504834    1.69495079    1.86374535    2.14085701    1.75660779    1.87493744    1.53030357    1.59683644    1.35850050    1.86476397    1.46764060    1.62510095    1.88575326    1.45299465    1.70068021    1.78829386    1.33007260    1.71962366    1.47467061    1.88079094    1.94601677    1.90030035    2.25801726    2.68456471    2.23068337    2.33050549
V5SCB8_9RHIZ/25-142     1.88150407    1.46348293    2.20491779    1.86235567    2.11089751    1.53217041    1.46471871    1.91529664    1.76202428    1.94163843    1.75411158    1.72935506    1.51071570    1.33998665    1.48909579    1.50081656    1.55105193    0.00000000    0.91395443    0.95539057    1.63985438    0.86552020    1.14482719    1.85498887    1.85815802    1.89264829    2.08348561    1.77127196    1.61589944    1.70975711    2.19935288    1.81487715    1.74134808    1.82963812    1.88511843    1.82161322    1.46203412    2.10071232    2.17623215    2.29495562    2.00037802    2.13580304    2.01212050    2.14236597    2.03922212    1.78442947    2.17107333    1.91718805    1.86248905    1.85499578    1.97579562    2.05704785    1.83940888    2.06493230    2.18050846    1.92732649    1.80338636    1.92140762    1.95589132    1.94126869    1.95340428    1.85769257    2.04640526    1.73460611    2.03510586    2.01991034    1.75224002    1.69396087    1.94884853    1.75070149    1.85763227    2.34911039    2.47157164    2.15614951    2.09932970    2.64880756    2.50525499    2.10265578    2.63870326    1.98963196    2.00447766    1.82128987    2.13904594    2.02139101    2.47381885    1.85363442    2.18628667    2.01233779    2.05837817    1.74814934    2.01896329    1.55991051    1.73725553    1.62224396    1.76566218    1.66234340    1.79866568    1.97134269    1.92420008    1.91198114    2.26973610    1.73657217    1.76316958    1.66666818    1.46599306    1.72084327    1.66842551    1.85286291    2.29915560    1.55041288    2.11694590    1.82427342    1.81931152    1.75641955    1.64988177    1.89748075    1.88823443    1.96332915    1.79536473    1.90771357    2.15424791    2.49365226
D7A0E3_STAND/27-145     1.99041889    1.81132344    2.23186630    1.85408251    2.40572737    1.44902186    1.29626819    1.79527212    1.51534288    1.57207614    1.60555871    1.33953407    1.13932916    1.29706686    1.56308140    1.43629163    1.32946947    0.91395443    0.00000000    0.73972614    1.57534764    0.82036014    0.95527783    1.86849677    1.98351876    1.98560686    2.09353246    1.89357601    1.56642606    1.35038234    1.61213264    1.36440115    1.79115896    1.40394459    1.28685358    1.42893346    1.76756821    1.93607421    2.27467099    2.08406531    2.26657279    2.15794646    1.91750721    2.03573762    2.12822569    1.82869423    2.47121236    2.06328359    1.90686289    2.00008145    2.04080178    2.06143605    1.56614228    1.76007889    2.05701108    1.74058330    1.91446631    1.64616225    1.79983746    1.54847947    1.59214953    1.66652163    1.50553349    1.84900921    1.85227788    2.41695033    1.60817412    1.60522731    2.22438035    1.93699438    2.22874301    2.43334947    2.65941238    2.50598758    2.39540308    2.52843386    2.21672605    2.07982880    2.63473255    2.53998399    2.76414966    2.42962683    2.38064221    2.60991600    2.52668237    2.36020561    1.78510049    2.29554581    1.96742879    1.62704574    1.85254208    1.26722615    1.45750304    1.48007830    1.38199133    1.45185851    1.75995457    2.01400259    1.74328689    1.95245359    1.78690492    1.82069942    1.94540522    1.57151833    1.55571840    1.86139533    1.61312866    1.72474614    2.09453559    1.62520517    2.30690395    1.93658465    1.63023505    1.84973544    1.45933393    1.77194441    1.83098486    1.94027671    2.11482659    2.03735007    1.97471378    2.22875077
B0U7P9_METS4/31-148     2.03388610    1.75634355    1.88342052    1.68356719    2.22863830    1.57357897    1.24493592    2.06140276    1.79680510    1.70248204    1.71245160    1.66855438    1.33324254    1.17753327    1.40006421    1.18726059    1.39989949    0.95539057    0.73972614    0.00000000    1.47289834    0.82958522    0.83831840    1.97390290    2.00484363    2.07816700    2.60048793    2.24230275    1.79924167    1.55316092    2.24859103    1.86503472    2.06988211    1.90240943    1.84023420    1.89196707    1.73088364    2.32100342    1.99445918    2.12502842    2.25386116    2.08001935    2.43254015    2.34787015    2.45554667    1.71521181    2.54434681    2.57220238    2.25663895    2.40438203    2.18356100    2.20785576    2.24029000    1.89712500    2.26400916    2.12291919    2.36423589    2.19698746    2.42618362    2.25467010    2.23401138    2.17933419    2.27615080    2.11581265    2.48511458    2.35578037    1.93688063    1.88362367    2.39673673    2.17613221    2.22720869    2.51656900    2.69843669    2.46220230    2.51169639    2.42251319    2.19453033    2.33395089    2.72216158    2.74064747    2.66519937    2.47944670    2.48249753    2.81658762    2.73293802    2.41542168    2.54862617    2.52210850    2.10415601    1.89804803    2.40969560    1.84015200    2.05654248    2.20302909    1.93657287    2.08614362    2.11029149    2.28332225    1.93803276    2.18962034    2.27454361    2.31728593    2.03022239    1.98717617    1.52693272    1.94370290    2.02111993    2.07582275    2.59890124    1.49076814    2.08650260    1.83276517    1.78535347    1.78489282    1.75161892    1.89643643    1.90191173    1.96610342    2.11435841    2.41284295    2.15866383    2.37291996
Q4FLB0_PELUB/28-144     2.50424810    1.90956059    2.19346183    2.07391623    2.42483598    2.06505627    1.98525261    2.43230328    2.22987842    2.24626919    2.25001020    2.05945994    1.79105238    1.95332751    2.05598829    1.97885688    1.78121007    1.63985438    1.57534764    1.47289834    0.00000000    1.32725963    1.56167064    2.35849709    2.07121329    2.16269799    2.12918475    1.94258111    1.92196668    2.09365140    2.58576301    1.89814519    2.30787940    2.12773036    2.04714583    2.22744135    2.15491826    2.42957259    2.31603020    2.04678294    2.46564673    2.40748428    2.07121098    2.54952589    2.37649708    1.95049735    2.31977696    2.96611887    2.16680385    2.40906897    2.49124585    2.79127509    1.70163722    1.93988106    2.41465065    1.84388837    1.87629275    2.18685531    2.24764850    2.28177655    1.95252986    2.20304352    2.23240969    2.28557937    2.32773750    2.37559907    2.16520301    1.89033540    2.63518974    2.38418589    2.23212145    2.07910762    2.20255825    2.21991353    2.07131218    2.27617330    2.33262000    2.16060474    2.33449146    2.42319019    2.32007029    2.63694402    2.46111444    2.52082319    2.36819357    2.35689955    2.35712247    2.33385348    2.20422215    2.09585673    2.36222090    2.18425425    1.97055556    2.31756027    1.94180168    2.27627532    1.95257714    2.15116662    2.17413526    2.46175454    2.15739984    2.07393304    2.11514437    2.18730304    1.91945506    2.40671776    2.25742892    2.16814364    2.99329570    1.91333632    2.00682266    2.10916364    2.18045476    2.22666429    2.01632363    2.14719443    2.17709096    2.06777386    2.04626861    1.92069285    2.49399947    2.45692790
CYCP_RHOPA/24-142     1.67369380    1.31644346    2.03585324    1.58455085    2.04786546    1.22004879    1.15696298    1.62158346    1.45793805    1.26763426    1.36862379    1.22034947    1.09543964    1.43486384    1.30185519    1.43553360    1.34419998    0.86552020    0.82036014    0.82958522    1.32725963    0.00000000    0.60717275    1.60693524    1.93745526    1.76465455    1.92548975    1.99063661    1.66929205    1.61855859    1.87231051    1.54067751    1.84706246    1.57884331    1.48958989    1.49934697    1.49625139    2.07486265    2.13005487    1.62684085    1.97624289    1.79845211    1.95179683    1.81660209    1.97344822    1.30646189    1.96184041    1.67685883    1.66729236    1.86153694    1.96202531    2.02959560    1.49664923    1.53728110    1.84744749    1.48858555    1.64595580    1.56225433    1.63850033    1.58748680    1.36140002    1.35757138    1.58828134    1.69250097    1.81300511    1.90615323    1.80096231    1.73468460    2.01427270    1.76226171    1.59999326    1.99211809    1.93220826    1.86642739    1.94181473    1.77316328    1.77815586    1.92455323    2.12859732    2.00731340    2.23824284    1.98821454    1.69159841    1.95772308    2.12801341    1.83805941    1.79402787    1.72304004    1.71087978    1.62623546    1.68933307    1.42133379    1.42478912    1.48400059    1.57026984    1.66756142    1.79567106    1.81503292    1.81170507    2.00740289    1.67635546    1.88141173    1.65931018    1.35113672    1.69325704    1.95986078    1.78458229    2.04334664    2.10224759    1.68292967    1.97914380    1.58326938    1.66993445    1.70338280    1.57127379    1.75970712    1.58968129    1.57094524    1.78452763    1.70491340    1.88878033    2.25451071
B2IBP8_BEII9/23-141     2.17859548    1.85270495    2.28461724    1.82785044    2.43213616    1.54313144    1.23915111    1.74071489    1.69226769    1.56588344    1.52584475    1.53432543    1.41872098    1.65963283    1.76316237    1.81122711    1.53098965    1.14482719    0.95527783    0.83831840    1.56167064    0.60717275    0.00000000    1.83868961    1.82016383    1.80228348    1.96962252    1.99611691    2.00771063    1.72469608    2.24176410    1.83604213    2.14964989    1.73894393    1.54774832    2.17848828    2.05924323    2.01105804    2.01759930    1.79200709    2.14258749    2.12688606    2.02539529    1.82026162    2.29456434    1.78711435    2.34414832    2.23046757    2.09536009    1.95904515    2.07296093    2.35205542    1.95769369    1.63533315    2.13001410    1.98881799    2.15583532    1.93722463    2.11767068    1.89293260    1.92023350    1.81291074    2.12848463    2.12878949    2.41613721    2.43150222    2.03538202    2.13740910    2.32197858    2.05444838    2.02648993    2.18199367    2.18923909    2.03365604    2.18781120    2.18101883    2.16413097    2.15268884    2.30102804    2.26135494    2.69852795    2.41491159    2.34953841    2.46990979    2.46823158    2.14294851    2.61977404    2.29293294    1.86853482    1.84211162    2.41290522    1.98902308    2.04593269    1.96980473    2.06695458    1.92787735    1.98391378    2.30516476    2.24566698    2.26322814    2.27482911    1.94924508    2.19626429    2.17914029    2.23038240    2.64823645    2.35333321    2.67235650    3.14192114    1.74323701    2.29678826    1.88933514    2.03054791    2.05971508    1.49614366    2.07559487    1.89963314    2.07180049    1.98359121    1.74902982    2.29516094    2.46881577
