102
Q8I7P1_9CNID/1611-1718     0.00000000    2.56577957    2.47328575    3.07375886    2.46654108    2.60061049    2.87644102    2.85876934    2.95493208    3.36200311    2.65926163    2.39499221    2.48555344    2.58444105    2.80361052    3.03946829    2.93302205    2.67145779    2.67993753    2.81738498    2.60193437    2.62640581    2.79397535    2.86509918    2.33897775    2.68877889    2.52048349    3.21501224    2.69308245    2.64285684    2.60250214    2.66468613    3.29150909    2.73885308    2.70397187    2.95721644    3.04675265    3.27433416    2.15495458    2.87831953    2.88006815    2.54869930    2.69130691    2.63845838    2.72320770    2.14088289    2.15896152    2.78470255    2.48266988    2.23614927    2.51593034    2.34730934    2.38357006    2.41496629    2.35759579    2.43988224    2.62359528    2.41912668    2.27356348    2.13675899    2.61153563    2.49652213    2.95398621    2.92744727    3.01243756    2.94177293    3.03107065    2.66175684    3.30872038    2.58725493    3.00711274    2.77763057    2.80602399    2.86484943    3.33740048    2.56235100    2.91204841    2.61165959    2.53785261    3.50710550    2.86243958    3.07138005    2.14743899    2.79775709    2.72569314    2.59203505    2.90840865    2.28717713    2.37521977    2.26679843    2.78810031    2.46129629    2.79739451    2.45322586    2.75852823    2.64019551    2.75252457    2.19239284    2.69926345    2.51077003    2.13427291    2.79298937
Q5NKN5_CARRO/1605-1719     2.56577957    0.00000000    2.00997366    2.71438334    2.16465828    2.23460587    2.41802310    2.42497707    2.69145567    2.82353473    2.88781022    1.89821612    2.66327251    2.48745848    2.86765533    2.80251251    2.79438884    2.68803959    2.43635673    2.61787869    2.32992914    2.37162103    2.36840271    2.64548331    2.57144662    2.17139320    2.19999859    2.12335153    2.50758854    2.85943976    2.59738946    2.59583419    2.23620841    2.45109644    2.83744572    2.64986032    2.64307194    2.81717574    2.56448871    2.54437272    2.58841828    2.61147405    2.54344713    2.71163500    2.73002875    2.51736054    2.40713955    2.62908374    2.61481782    2.94131583    2.87087184    3.04807262    3.17063277    2.64104342    2.91467204    2.80647894    2.93234044    3.10511390    2.54042603    2.34581594    2.88640665    2.49815025    3.30885222    3.41755326    3.21520741    3.51048548    3.68993300    3.28275766    3.05479492    3.47436389    3.08321035    2.62697812    2.08857156    2.26714418    2.04185217    2.19742636    2.30305423    2.55365104    2.25303940    3.02989542    2.90800329    3.16284852    2.61907199    2.37763029    2.75299189    2.41352494    2.54512808    2.07765653    2.47176724    2.48605626    2.93483825    2.30648399    2.53624835    2.41711336    2.80818329    2.60237740    2.96181734    2.27786504    2.42029412    2.69548047    1.92368643    2.12188658
Q969A4_BRABE/1602-1713     2.47328575    2.00997366    0.00000000    2.15971935    2.02634380    1.85431594    2.11189442    2.32607389    1.92788501    2.25046361    2.30732912    1.82337636    2.33977767    2.03444414    2.27212699    2.61462142    2.45369464    1.75589332    1.85288512    2.32123619    2.12162406    1.77501777    1.90093407    2.06022463    2.14247827    1.77798233    1.65625292    1.89186019    1.63218598    1.89766642    1.85886657    1.73923958    1.89882815    2.03839475    2.19602847    2.02250598    1.82516147    2.08519576    2.09771534    1.89680743    2.20011159    1.84044749    1.83250559    1.86358084    1.93030031    2.21048404    2.08430435    1.99697956    2.52362665    2.61737943    2.48597586    2.75602535    3.68622125    2.88457541    2.76346334    2.57514143    2.66053356    2.98898802    3.31074580    3.16568181    3.64605108    3.39518136    3.72219741    3.88696537    3.60935902    3.86175427    3.77105214    3.13159130    2.94564100    3.36064850    3.13073852    2.97893551    2.63007189    2.43822966    2.24187566    2.24945905    2.39394060    2.62417641    2.23087244    3.00522367    2.95186910    3.11828674    2.70547396    2.64858800    2.81780297    1.97055363    2.88905873    2.33246322    2.31638804    2.41513222    2.87306176    2.37775689    2.80506902    2.31799663    2.59456256    2.51646685    2.54395015    2.17091601    2.52552936    2.30722564    2.27973565    2.54066871
O44344_STRPU/1565-1680     3.07375886    2.71438334    2.15971935    0.00000000    2.31210802    2.30547481    2.19909489    2.68815199    2.39547747    2.84643193    3.15955400    2.19438986    2.95992296    2.61742683    2.71476922    2.79185642    2.76005013    2.74972784    2.67139793    2.87028025    2.71310586    2.81396985    2.39826212    2.35635092    2.60559924    2.52883655    2.51548505    2.82759692    2.82583534    2.42880835    2.32840542    2.71012880    2.47913231    2.14833564    2.35059902    2.17349668    2.17569042    2.32995475    2.44471639    2.48422692    2.47987347    2.25630280    2.27780040    2.16767674    2.40898062    2.30672808    2.30846528    2.64891484    2.85581046    2.82504884    3.15261252    2.85789030    2.99042724    3.14131405    2.86721320    3.11235166    2.91202293    3.28759966    2.92280529    2.77247795    2.95488444    2.90093795    3.08245601    3.27929993    3.72685399    3.67672255    3.40228266    3.51810237    3.91428622    3.05508346    2.85361576    2.85941886    2.66667290    2.51204086    2.49982035    2.96745016    2.48604919    2.82152545    2.72307045    3.13491390    3.43034690    3.61295781    2.69808541    2.88231383    3.15619059    2.54394791    3.17291896    2.77806385    2.55322712    2.84039732    3.21332755    2.91536803    3.33932779    3.41909774    2.92741623    2.81745245    2.91003453    2.78947730    3.75366816    3.05665251    2.51939546    2.24481064
Q6VPV1_PIG/1548-1659     2.46654108    2.16465828    2.02634380    2.31210802    0.00000000    0.28207417    0.27214255    1.29263652    1.34416040    1.98397671    2.10310935    1.59996857    1.72691984    1.89088919    2.22305318    1.85471935    1.69007484    1.94249291    1.43281245    1.73937766    1.75623572    1.54562038    1.56429647    1.71090285    1.79218823    1.97416374    1.82491181    1.86984124    1.93850713    1.99066060    1.81829287    2.10345465    1.99897170    1.45326579    1.90619544    1.87076793    1.88355005    1.82455491    1.50058373    1.95552302    2.25489707    1.74954562    1.99596394    1.99522436    1.91095426    2.09095962    2.10413996    1.64414877    2.39867168    2.55163010    2.60877664    2.59271551    3.03526487    3.11997037    3.38461218    3.13515958    3.18623345    3.00445067    2.80614102    2.50890416    3.13307231    2.69581894    3.44803135    3.46251639    3.76019986    3.19021323    3.33773968    3.37171419    2.59088083    3.11083925    3.03392369    3.05154152    3.29271875    3.01828447    2.82119547    2.71926354    3.32165616    3.11606534    3.04877965    2.76741525    2.73527905    2.99469189    2.90844428    2.65138356    2.91483281    2.72741753    2.59288449    2.32195987    2.49665708    2.54351098    3.25832185    2.47948295    3.01529486    2.78064872    2.59159141    2.28364533    2.57808523    2.12090811    2.29070290    2.68706592    2.48115713    2.99184536
Q99KX9_MOUSE/254-364     2.60061049    2.23460587    1.85431594    2.30547481    0.28207417    0.00000000    0.28599828    1.28127157    1.25862041    1.86115247    2.32550669    1.54824241    1.72354280    1.87152197    2.47580673    2.02282531    2.03905409    2.12737908    1.67229933    1.93984384    2.00218104    1.46657500    1.61607537    1.96352025    1.80753820    1.97817121    1.95140914    1.85152098    2.05021828    1.98353844    2.02397298    2.19010473    2.09419130    1.71093489    1.94812222    2.04736150    1.98940674    1.98342321    1.79029143    2.03606137    2.16998694    1.83124525    2.08910623    2.07108158    2.03856183    2.33079420    2.36808094    1.84352267    2.79412126    3.04431526    3.00282448    2.73285080    3.50332987    3.74976979    3.80035898    3.39604396    3.62119828    3.08346818    3.18489804    2.89719811    3.55736863    3.23754065    3.30338492    3.40091913    4.07029920    3.45836893    3.50740577    3.43088090    2.70976189    3.21096189    2.98775858    2.88959324    2.92665433    2.70411256    2.64517701    2.41296232    2.78764650    2.84479258    2.65808171    2.67294346    2.74299705    2.91460768    2.79984779    2.68732219    2.83697860    2.69957422    3.00452362    2.42080918    2.65155498    2.67144306    3.84701401    2.77493396    3.26887136    2.94878532    2.47033507    2.70207976    2.71307827    2.20389089    2.41095957    2.70704338    2.49542340    2.58445581
CO5_HUMAN/1550-1661     2.87644102    2.41802310    2.11189442    2.19909489    0.27214255    0.28599828    0.00000000    1.28968177    1.29005094    2.06791707    2.58730292    1.78443341    1.68279435    1.94969925    2.65666730    2.10717054    2.12546699    2.13484984    1.70971588    1.68509784    1.89969160    1.64272811    1.58534565    1.96202082    1.92338181    2.13942334    2.01184972    2.12765732    2.29240496    2.33599098    2.15836552    2.35388255    2.35561733    1.86857932    2.02936007    2.21518882    2.15732414    2.34171898    1.87420597    2.08916197    2.12432593    1.88601762    2.19495435    2.27947503    2.11310408    2.48389089    2.53790402    2.03208747    2.85402918    3.03542176    3.08235751    2.85999501    3.38039305    3.49026719    3.23198166    3.26808191    3.13308377    3.38267744    3.42224144    3.12507298    3.58070936    3.51652136    4.05320475    4.08930867    4.26747173    3.64791950    3.76225035    3.88198291    2.93775535    3.45062335    3.54952331    3.41102230    3.45934126    3.33537815    2.85632600    2.79868299    3.50699256    3.07593339    3.20862443    2.69436816    2.83584908    3.14435291    3.06005735    2.84391926    3.06367740    2.66976263    2.88154821    2.52923829    3.03905431    3.02723714    3.84514675    3.02254277    3.47169291    3.35261530    2.67333525    2.86591152    2.88769649    2.38159484    2.73464629    2.76044398    2.63750657    2.78910246
Q8AYN9_CYPCA/1560-1672     2.85876934    2.42497707    2.32607389    2.68815199    1.29263652    1.28127157    1.28968177    0.00000000    1.07092982    2.14810611    2.56389394    2.02409638    2.38050488    2.25702961    2.51797499    2.31070042    2.51832106    2.15590058    2.12838261    1.95605412    2.21288383    1.94405751    2.02332636    2.31588078    2.20751145    2.17498665    2.03625815    2.07107209    2.41778039    2.46549168    2.25653326    2.20042078    2.17655262    2.11696884    1.99496110    2.14932472    2.14633837    2.51261410    2.07242531    2.08897590    2.25521981    2.03677271    2.21959846    2.15854809    2.20385222    2.62786209    2.42789422    2.14837734    2.75117882    2.79105415    2.87002889    3.04758235    3.40550762    3.00717574    3.04863117    3.04578145    3.11097276    3.88585902    3.75713423    3.44602650    4.15586235    3.83572367    4.62427379    4.49599463    3.71452065    3.73005508    4.19517896    3.42142640    3.28118584    3.03712638    3.05784764    3.04791825    3.06300140    3.31330151    3.05054717    2.89644269    3.02798925    2.92722833    3.02838819    3.10928429    3.38217767    3.24840238    2.41111051    3.17566517    3.22475788    2.55161389    2.47343241    2.45554964    2.81241916    2.80423104    3.34574158    2.86071794    3.32182378    2.77905308    3.11017847    3.05986278    2.89779054    2.16215110    2.36242817    2.66753619    2.40894293    3.00620797
Q4SXM5_TETNG/1606-1718     2.95493208    2.69145567    1.92788501    2.39547747    1.34416040    1.25862041    1.29005094    1.07092982    0.00000000    2.43604483    2.24431936    2.03667788    2.00786632    2.02291063    2.12613511    2.10836230    2.21101166    2.07503474    2.02740399    2.16208164    2.02843631    1.55877668    1.70221885    2.13979650    2.07843773    2.20182316    2.29904926    2.24152749    2.40643201    2.27668961    2.17844404    2.36369325    2.07588958    1.98595354    2.38736363    1.99253558    1.95765146    2.35144270    2.24915517    2.27766327    2.22254356    2.17237973    2.36237813    2.26104478    2.46882223    2.48976255    2.48907417    2.23507055    2.67161804    2.74942364    2.80164305    2.76045965    2.53960601    2.50630677    2.70642618    2.83994708    2.63499853    3.34831535    3.18795444    2.98884638    3.32665747    3.42648425    3.59213746    3.66636832    3.57534738    3.38695440    3.37897565    3.88882679    3.21813547    3.08154874    3.29616611    3.15555209    3.09307369    3.14771214    3.01307041    2.54712117    3.00541586    2.77717908    2.68253002    3.16427118    2.95279024    3.19532994    2.88301618    2.71251430    3.28097800    2.90484990    2.86862747    2.40310597    2.65984446    2.60180033    3.31263173    2.61823113    2.85335411    2.41886544    2.77833641    2.94071519    2.74799200    2.64451538    2.53076591    2.97407643    2.59240358    3.05710913
CO3_EPTBU/1496-1605     3.36200311    2.82353473    2.25046361    2.84643193    1.98397671    1.86115247    2.06791707    2.14810611    2.43604483    0.00000000    2.08371995    1.70299061    1.73468323    2.17406653    1.87963572    1.93727123    1.81395406    1.83762871    2.09308480    1.72414022    1.92046436    1.74001763    1.88348599    1.98632049    2.03753920    2.23642667    2.13383225    2.44303016    2.36167870    2.73020236    2.40182450    2.57149590    2.24986657    2.26950386    2.33602576    2.05764182    2.38266962    2.46712246    2.27964562    2.10452089    2.03330301    2.14785210    2.27793536    2.32923971    1.88349897    2.40968680    2.29817555    1.71059095    2.77710842    2.87669315    2.63289280    3.28014523    3.81965289    2.99449879    3.32853478    2.99263202    3.30443014    2.86877456    2.93395048    2.86261993    3.45945539    3.24614945    3.45907364    3.40794249    3.50517142    3.33522330    3.56985675    4.07086485    4.08204822    2.82573052    4.04300489    3.68710133    3.80794579    3.85098079    3.64426558    3.74647742    3.96215988    4.20531785    3.96551973    3.71657312    4.17581660    4.38181016    2.62649783    3.33620265    3.17814402    2.64718356    3.12096634    2.75824999    3.06297375    3.03140034    2.83783311    2.92842394    3.20278208    2.98492805    2.87142470    2.82126484    3.18642690    2.70056532    3.18463891    3.06400510    2.94421170    3.14225499
Q8WPD8_CIOIN/1602-1707     2.65926163    2.88781022    2.30732912    3.15955400    2.10310935    2.32550669    2.58730292    2.56389394    2.24431936    2.08371995    0.00000000    2.53533581    2.44285165    2.89749123    2.68012793    2.65481475    2.70016919    2.23614460    2.51609415    2.20738002    2.05517680    2.51485358    2.51725927    3.08632824    2.76744797    2.65733013    2.97828529    2.89867493    2.45849826    3.04850878    2.53123918    2.56410100    2.37369899    2.61836914    3.50392681    2.96016080    3.04088087    3.45935364    2.04168942    2.08156352    2.34311838    2.34324016    2.26211966    2.27729847    2.27952522    2.40866156    2.41184235    2.10191367    2.79074584    2.55541748    2.67408370    2.85536615    2.75251059    2.29944198    2.72566434    2.60133071    2.55783881    2.97465995    3.42699012    3.05172907    3.72597933    3.41195397    3.80726273    3.76018752    3.91187950    3.99498664    3.99481188    3.06990655    3.09801167    3.37713194    2.74404337    2.99076418    3.32291030    2.93526168    2.98913333    3.11786634    3.24361532    3.06156123    3.18163114    2.65497750    3.11374880    3.23238608    2.48872999    3.53991416    3.14776129    2.74981331    3.29611490    2.67499029    2.93328558    2.88402528    3.04643041    2.82395341    3.20037286    2.86644660    2.87805068    2.98694631    2.94821958    2.69029336    3.62556608    3.08020254    2.86280608    3.53375257
CO3_LETCA/1543-1654     2.39499221    1.89821612    1.82337636    2.19438986    1.59996857    1.54824241    1.78443341    2.02409638    2.03667788    1.70299061    2.53533581    0.00000000    1.39934534    1.46262097    1.44857204    1.83727941    1.89292520    1.50273985    1.53283780    1.65750454    1.57552273    1.47068847    1.40484012    1.78847430    1.94826020    1.80397199    1.68720344    1.90147019    1.94067777    2.37476175    2.08394919    1.99357604    1.87432414    1.90800110    2.19925534    2.12740214    2.03465857    2.34456594    1.96257224    1.89956614    2.01984309    1.70805695    1.89913475    2.02194063    1.86192243    2.15540814    2.05005526    1.89477247    2.95479901    2.93047182    2.69180327    3.36584606    3.47010553    3.07165602    3.45272571    3.07731989    3.40532161    2.91295347    2.60903454    2.47593523    2.96794463    2.66417290    3.33459818    3.30405365    3.09380458    3.35546954    3.55500152    3.22423925    3.30730889    3.07369576    3.89728159    3.43055490    3.59209429    3.41100564    3.48663283    3.18536237    3.34532282    3.30401224    3.16681680    3.40164473    3.57146234    3.81228904    2.26655936    2.72640703    2.91760809    2.17125300    2.51610156    2.17794342    2.28591731    2.46210637    3.14299393    2.83186049    3.01204510    3.23814231    2.49022875    2.28131897    2.61838129    2.16305506    2.65046738    2.95307997    2.29006110    2.60557368
Q9I933_CYPCA/1566-1681     2.48555344    2.66327251    2.33977767    2.95992296    1.72691984    1.72354280    1.68279435    2.38050488    2.00786632    1.73468323    2.44285165    1.39934534    0.00000000    1.15995965    1.47057811    1.34883453    1.29275955    1.47946640    1.29969085    1.53641360    1.43291908    1.65994875    1.59082247    1.82515081    1.82790466    2.41671806    2.23657441    2.35240455    2.38994079    2.45055235    2.18486414    2.18056894    2.53064499    2.04957950    2.35900493    2.30500820    2.17747816    2.60668955    1.88150736    2.04706901    2.04891352    1.81303276    1.62371208    1.87579444    1.80264086    2.18474932    2.17826172    2.13109546    3.30912943    3.23092081    3.04728246    3.69578607    3.95181384    3.16801306    3.53038123    3.73449911    3.51556833    3.01664734    3.00787115    2.75751291    3.16244167    3.00818752    3.37169811    3.62322114    3.23097639    3.92278560    3.61905131    4.04735856    3.66222810    3.73191624    3.88581779    3.41420780    3.77469202    3.66183387    3.93680057    3.40521050    3.87496084    3.53726470    3.71962094    3.47105521    3.89435791    3.94535581    2.64812425    3.76853459    3.38539872    2.46910519    3.52014368    2.31635571    2.74813211    2.90769946    3.80538399    2.90776824    3.09881145    3.18941777    3.24388368    2.89123405    3.21852459    2.73937538    3.28430213    3.13273623    3.14536701    2.86619151
Q91741_XENLA/1554-1664     2.58444105    2.48745848    2.03444414    2.61742683    1.89088919    1.87152197    1.94969925    2.25702961    2.02291063    2.17406653    2.89749123    1.46262097    1.15995965    0.00000000    1.43456370    1.26024934    1.24926124    1.23599999    1.34031693    1.46625493    1.48528237    1.36556119    1.50534487    1.77246500    1.74782059    2.61402410    2.56702446    2.25632969    2.42096669    2.47629055    2.42587753    2.08978187    2.07442493    1.90091608    2.17123800    2.08091671    1.90518783    2.14649110    2.12719180    2.04803378    2.12959316    2.04172280    2.32926738    2.46355363    2.15589684    2.09588942    2.06423878    2.22959793    3.16840135    2.80782052    2.99874928    2.98207052    3.37749432    2.72909204    3.03711144    2.95486718    3.22547210    3.61711105    2.87309682    2.67961753    3.09751483    3.00751447    3.05095593    3.26865187    3.45697198    3.62748109    3.61261767    4.25412777    3.50299206    3.19119972    4.20053934    3.79057775    3.44878784    3.37049384    3.21417067    3.17076011    3.38697975    3.30312643    3.14592701    3.20762735    3.26275747    3.40181737    2.62073091    2.93019322    3.43852995    2.46225017    3.24455111    2.29024166    2.90061671    2.87610415    3.38720363    2.78392907    3.21673459    3.28292307    3.09076036    2.67779883    3.07001567    2.54819226    2.72295987    3.33595291    2.69390802    3.31563349
Q076D6_CHICK/1536-1646     2.80361052    2.86765533    2.27212699    2.71476922    2.22305318    2.47580673    2.65666730    2.51797499    2.12613511    1.87963572    2.68012793    1.44857204    1.47057811    1.43456370    0.00000000    0.95388870    1.05829106    1.28099296    1.36562564    1.65078776    1.50341993    1.48829673    1.71546278    1.74964088    1.95496865    2.13243688    2.08560464    2.28627025    2.16583807    2.26644125    1.93928975    2.29119121    1.93427978    1.95833534    2.34615895    2.20493452    2.09504469    2.56937234    2.32368085    2.31661749    2.48438910    2.08990092    2.34742356    2.54263326    2.27160181    2.26347382    2.36660752    2.21699615    2.89774306    2.62797158    2.68277180    2.84002504    3.29953950    2.97054992    3.50992783    3.28544185    3.85939656    2.85566326    2.82612427    2.60207661    3.10899919    2.98886942    3.35445815    3.53953976    3.83337698    4.25061863    4.36472282    3.57882382    3.25490842    3.03129899    3.92101865    3.29450796    3.72106742    3.53073258    3.78693170    3.60426531    3.64339899    3.63987981    3.43413741    3.95847132    3.56006218    3.70717514    2.40742241    3.08454736    3.25404908    2.53689455    2.77037859    2.66796549    2.69063687    2.69443652    3.04153529    2.88394478    2.87257312    2.90467258    2.98646423    2.54361287    2.83644068    2.55377062    3.23638991    3.31158179    2.65611251    2.82627852
CO4A_HUMAN/1615-1725     3.03946829    2.80251251    2.61462142    2.79185642    1.85471935    2.02282531    2.10717054    2.31070042    2.10836230    1.93727123    2.65481475    1.83727941    1.34883453    1.26024934    0.95388870    0.00000000    0.32939351    1.24847173    0.99491362    1.29054506    1.33543067    1.10361098    1.30640119    1.73478777    1.74806829    2.34892939    2.40776171    2.05598082    1.96507798    1.87616816    1.71532534    1.90878466    1.96655574    1.99713931    2.17476125    2.09333694    2.04279299    2.42179396    2.15837340    1.79429371    2.12737294    1.84664489    2.17168465    2.16526059    1.98057962    2.09167558    2.29779535    2.00400532    2.55681634    2.46779807    2.58183662    2.74838348    3.68075375    2.67963761    3.24182639    2.91191603    3.15233068    3.84888865    3.64490337    3.24938775    3.99633422    3.79847416    3.50148912    3.62033351    4.42587809    4.85396040    4.91793850    3.51565406    3.11404352    3.13536918    3.51192014    2.99693350    3.34684206    3.24662150    3.56642993    3.20133165    3.39193449    3.46991808    3.35582136    3.45110199    3.43428075    3.66509397    2.35095174    3.62091665    3.75490216    2.58720448    2.67767511    2.80707960    2.68857380    2.55788113    3.56740740    2.88813104    2.76596696    2.81913810    3.03067177    2.30551204    2.99633835    2.56939931    3.10448579    3.02204541    2.79295556    2.87319742
Q62238_MOUSE/465-575     2.93302205    2.79438884    2.45369464    2.76005013    1.69007484    2.03905409    2.12546699    2.51832106    2.21101166    1.81395406    2.70016919    1.89292520    1.29275955    1.24926124    1.05829106    0.32939351    0.00000000    1.15351890    1.05529849    1.32547142    1.26028382    1.21308888    1.27729233    1.75334240    1.77834655    2.40053491    2.45237295    1.92426469    1.87538494    1.85149345    1.71748518    1.97623969    1.95853718    1.80396518    2.05244468    1.95158165    1.92580499    2.31199162    2.03701945    1.91460887    2.05791588    1.91183776    2.19413753    2.21028487    2.01033143    1.98017934    2.17178660    2.01574408    2.89424658    2.54153649    2.58636111    2.82460835    3.72129969    3.20110898    3.76227437    3.55766679    3.39330576    4.04797470    4.14041122    3.65517031    4.45982676    4.11982843    3.90512012    4.11623742    5.06124554    5.75022736    5.89123243    3.17502085    3.13585991    3.25729352    3.70895883    3.06590132    3.35424575    3.17927840    3.58401667    3.28448860    3.23054293    3.32263937    3.26518709    3.54180753    3.15197204    3.42314317    2.41861095    3.52228168    3.43487292    2.69108322    3.14718776    2.81730342    2.65740736    2.72085690    3.55682421    2.63104686    2.76166887    2.60193215    2.90207866    2.41447840    2.91039757    2.80157495    3.20689846    3.13093486    2.80622499    2.79606605
Q76KI4_TRISC/1564-1675     2.67145779    2.68803959    1.75589332    2.74972784    1.94249291    2.12737908    2.13484984    2.15590058    2.07503474    1.83762871    2.23614460    1.50273985    1.47946640    1.23599999    1.28099296    1.24847173    1.15351890    0.00000000    1.15052517    1.22674588    1.18530153    1.48259710    1.14497704    1.63398026    1.64604536    1.83095939    1.82247403    1.91942238    1.87340495    1.96219812    1.89993029    1.66871985    1.83721483    1.70289568    1.99157166    1.91241843    1.76707103    2.09437496    1.85455399    1.46949085    1.93506548    1.60643242    1.69672960    1.69420478    1.65217252    1.81057962    1.74979837    1.60301946    2.70339832    2.57406301    2.63135413    2.79922169    4.01016033    2.89317934    3.24475585    2.96311003    3.31169652    3.17613097    3.33957764    3.07751498    3.61977853    3.39417763    3.76353347    3.97581373    3.63691289    4.11670548    4.03348554    3.45993813    3.52865763    2.86528688    4.11470942    3.70872478    3.59207913    3.32812581    3.19737967    3.27317093    3.22895565    3.47753483    3.43840042    3.76580391    3.57487300    3.69169679    2.63781103    3.43130041    3.61337248    2.43350418    2.65855343    2.22191955    2.38562594    2.35016961    3.19922894    2.54733336    2.89938136    2.68601761    3.03655797    2.13205720    2.25781467    2.15649010    3.01549203    2.74352686    2.28278051    2.88893099
Q70TF5_ONCMY/1595-1705     2.67993753    2.43635673    1.85288512    2.67139793    1.43281245    1.67229933    1.70971588    2.12838261    2.02740399    2.09308480    2.51609415    1.53283780    1.29969085    1.34031693    1.36562564    0.99491362    1.05529849    1.15052517    0.00000000    0.79106073    0.79360680    0.79227222    0.57138627    1.76507399    1.88893548    2.07336765    1.97995914    1.67712680    1.67988547    1.74154497    1.47518699    1.55913932    1.80033128    1.77018448    1.95197611    1.95051935    1.73337610    2.00469049    1.94543518    1.78318873    1.97163965    1.71243924    1.98323173    2.05516209    1.81418383    1.85133706    2.14329848    2.02417912    2.82291662    2.79736442    2.84127663    3.20522332    3.34227262    2.77524768    3.09464172    3.25584617    2.93488245    2.94136277    2.62860435    2.48693101    3.00841235    2.90600538    2.71474602    2.95249699    3.09442082    3.84093690    3.80824655    3.39796330    3.38476796    2.66108668    3.01667131    2.72000280    2.90516215    2.92320259    3.03386569    2.55398653    2.78728174    2.59357580    2.78319316    3.14937254    3.05802647    3.10630998    2.25164981    2.71640044    2.78180598    2.60757437    2.62533199    2.38062104    2.60571821    2.68358496    3.42844241    2.56930599    3.07782965    3.36832236    2.83428100    2.32802912    2.75230392    2.32416787    2.48766998    2.78359786    2.39059685    2.67234058
Q7SZG2_TAKRU/1574-1684     2.81738498    2.61787869    2.32123619    2.87028025    1.73937766    1.93984384    1.68509784    1.95605412    2.16208164    1.72414022    2.20738002    1.65750454    1.53641360    1.46625493    1.65078776    1.29054506    1.32547142    1.22674588    0.79106073    0.00000000    0.34664282    1.03124971    0.76549171    1.51882978    1.86819129    2.18094431    2.10920671    2.18991549    1.94019571    1.83884016    1.84961652    1.90782364    1.94759541    1.75058846    2.14381684    1.94483620    1.82754521    2.03469933    2.03398519    1.97219767    2.18374820    1.94531843    2.00732939    2.21062625    1.93247098    1.96563573    2.11166808    2.02165078    2.90262689    2.72079041    2.59278430    3.12737387    3.47108740    2.44984997    2.62915741    2.90150900    2.72789993    3.40394271    3.26901598    2.91398754    3.26830951    3.62245725    3.34047184    3.42080726    3.51468412    3.94114774    3.72127297    3.45721283    3.51918133    2.65536043    3.11563944    2.82213802    2.72998118    2.82805303    2.75829660    2.27584320    2.68811456    2.68120374    2.70184981    2.88317607    2.77152673    2.72647144    2.81320991    3.67776715    3.62852994    3.13066465    3.01964307    2.96401743    3.20850921    3.04354243    3.79862539    3.03200392    3.19021352    3.25303248    3.55609262    2.70866613    2.76100139    2.72138580    3.44910466    3.44483219    2.92671879    2.94298042
Q4RHV3_TETNG/135-245     2.60193437    2.32992914    2.12162406    2.71310586    1.75623572    2.00218104    1.89969160    2.21288383    2.02843631    1.92046436    2.05517680    1.57552273    1.43291908    1.48528237    1.50341993    1.33543067    1.26028382    1.18530153    0.79360680    0.34664282    0.00000000    0.97248968    0.62901126    1.73511116    1.90894307    2.03454033    2.00878513    2.08533192    1.83336451    1.67177042    1.75374074    1.78033843    2.10978248    1.75332003    2.34256053    2.00008248    1.88978113    2.33803178    1.95338426    1.80358443    2.03086291    1.95533700    2.02442872    2.02651750    1.91053849    1.70955698    1.95949542    1.96355181    2.64960698    2.60287398    2.49469594    2.86910120    3.24790622    2.51714620    2.92714503    3.07375625    2.82693820    3.21926047    2.49855968    2.32222005    2.89671392    2.98379523    3.22108803    3.65815607    3.43497485    3.97265006    3.67927265    2.63896475    3.41845659    2.94406936    3.39096534    3.11955288    3.18377031    2.95235599    3.10836548    2.77021810    3.01653102    3.03110422    3.04323180    3.42859347    3.43334920    3.61187608    2.80672483    3.69924212    3.40822594    3.11545104    2.86003238    2.63762199    2.89454514    2.86205753    3.64310372    2.81638509    3.03270339    3.07261629    3.51465866    2.59527225    2.76469344    2.59042060    2.96828727    3.30378889    2.38338698    2.82730881
Q9I932_CYPCA/1587-1697     2.62640581    2.37162103    1.77501777    2.81396985    1.54562038    1.46657500    1.64272811    1.94405751    1.55877668    1.74001763    2.51485358    1.47068847    1.65994875    1.36556119    1.48829673    1.10361098    1.21308888    1.48259710    0.79227222    1.03124971    0.97248968    0.00000000    0.80925545    1.96158151    2.09654262    2.04745081    2.29270154    2.12544577    2.09602885    2.16456957    2.01947062    2.01078253    2.05131879    1.99754037    2.36593903    2.09133204    1.94243718    2.30984140    2.54157972    2.23237120    2.34913770    2.14205120    2.47627733    2.42340307    2.37349910    2.52706298    2.40417572    2.23859034    2.78554390    2.77639065    2.81636781    2.97948989    3.53138725    2.81631225    3.09705798    3.18306125    3.01806347    3.06304847    2.92695977    2.70765450    3.16263455    3.14087123    2.69314945    2.86349044    3.09038208    3.70164969    3.42633823    3.34120335    3.57648188    2.92056375    3.71659411    3.18959606    3.14611377    3.25166125    3.38792431    2.85531149    3.11763727    3.18620495    3.07026040    3.06200879    3.16576657    3.15708173    2.35047471    3.07035472    3.56372645    2.69339137    2.94079647    2.43432126    2.76719704    2.70704119    3.04484226    2.76055730    3.18066399    3.54184017    2.86149425    2.69667355    3.03796237    2.46165301    2.44030865    2.68149369    2.82093588    2.63126075
Q9IBG9_ORYLA/1588-1699     2.79397535    2.36840271    1.90093407    2.39826212    1.56429647    1.61607537    1.58534565    2.02332636    1.70221885    1.88348599    2.51725927    1.40484012    1.59082247    1.50534487    1.71546278    1.30640119    1.27729233    1.14497704    0.57138627    0.76549171    0.62901126    0.80925545    0.00000000    1.73360783    1.83377674    1.97947421    1.95486381    1.80536393    1.69146356    1.79512428    1.63338048    1.68466504    1.96661180    1.85382946    2.05952098    2.08071447    1.85095598    2.18508186    2.10176655    1.70615492    1.93033121    1.55111413    1.76000255    1.89231057    1.83527994    1.90713310    2.19704856    2.02100563    3.09734647    3.18680685    2.87688160    3.37473824    3.73039430    2.54210923    2.89299807    2.96711123    2.78803711    2.94694555    2.53329431    2.59170417    2.81127444    2.71830677    2.77886158    3.08089235    3.47721993    3.68246001    3.62975619    3.04959519    3.71764776    2.62500945    3.21499157    2.97836368    2.59161794    2.68610671    2.76074806    2.39360205    2.80985063    2.64609967    2.59124540    3.45771807    3.56679150    3.79062618    2.56088557    2.84453170    3.01678704    2.84899997    2.89695119    2.61075013    3.02807008    2.97620198    3.89349784    2.90730310    3.14874591    3.65143345    2.93935040    2.81206088    3.02551206    2.71965156    3.05512485    3.25567170    2.68970276    2.45507761
Q4SVH8_TETNG/1716-1828     2.86509918    2.64548331    2.06022463    2.35635092    1.71090285    1.96352025    1.96202082    2.31588078    2.13979650    1.98632049    3.08632824    1.78847430    1.82515081    1.77246500    1.74964088    1.73478777    1.75334240    1.63398026    1.76507399    1.51882978    1.73511116    1.96158151    1.73360783    0.00000000    0.87583751    1.29010521    1.23993000    1.58128339    1.58428570    1.77277385    1.58196691    1.69600224    1.57659834    1.41204440    1.78637856    1.52283535    1.54852497    1.58915221    1.30999203    1.36248684    1.60932945    1.28549254    1.55188781    1.43095070    1.42753709    1.67867030    1.69146640    1.39456729    2.64340609    2.37080998    2.76511527    2.87531872    3.26975029    2.50176750    3.18519819    2.94243051    2.94509528    4.14067853    3.94456871    3.55878762    4.03185506    3.85859637    3.45051398    3.51680252    3.94428888    3.83143403    4.02219016    3.34250126    3.30260556    2.74425095    3.64934661    3.01568151    3.38885478    3.15298080    3.23248256    2.90847658    3.12067178    3.25186885    2.98529902    3.37375029    4.08098975    4.08724929    3.14160343    3.57816598    3.80577445    2.67565791    3.21912975    2.77033566    2.83592143    3.08307810    2.95536629    2.93127699    3.29663631    3.03601891    3.04178099    2.49466964    3.11812946    2.65783653    3.29688086    3.76450658    3.02565711    3.21565364
A5PMP6_DANRE/1549-1662     2.33897775    2.57144662    2.14247827    2.60559924    1.79218823    1.80753820    1.92338181    2.20751145    2.07843773    2.03753920    2.76744797    1.94826020    1.82790466    1.74782059    1.95496865    1.74806829    1.77834655    1.64604536    1.88893548    1.86819129    1.90894307    2.09654262    1.83377674    0.87583751    0.00000000    1.29742099    1.38721728    1.83222382    1.52844847    1.58625181    1.47256252    1.59903673    1.58476552    1.56059891    1.60327810    1.60202562    1.67564287    1.77671270    1.32189042    1.30571801    1.59318315    1.28104919    1.42394258    1.49846395    1.40044816    1.71650482    1.56492006    1.49997796    2.37075000    2.57656131    2.87420343    2.49200483    2.81261724    2.68977983    3.08169730    2.76685065    3.13138336    3.14339948    3.02333725    2.67067848    2.93055509    3.09839377    3.10499429    3.30070258    3.65543762    3.68543483    3.69901968    3.31426227    3.00483971    2.65116853    3.28256395    3.12511495    3.22722183    3.07479628    2.79586677    2.76973230    2.86974133    2.93322521    2.67520298    3.00699817    3.24597542    3.39904687    2.80792871    2.94848904    3.03224427    2.39176129    2.69973952    2.45075710    2.60970140    2.88050085    2.81164083    2.58377001    3.24102974    2.91793182    2.70595012    2.63624215    2.68641614    2.30349849    2.70747842    3.12316685    2.31594335    2.96993769
Q9DDV9_ONCMY/1553-1662     2.68877889    2.17139320    1.77798233    2.52883655    1.97416374    1.97817121    2.13942334    2.17498665    2.20182316    2.23642667    2.65733013    1.80397199    2.41671806    2.61402410    2.13243688    2.34892939    2.40053491    1.83095939    2.07336765    2.18094431    2.03454033    2.04745081    1.97947421    1.29010521    1.29742099    0.00000000    0.29552890    1.01640461    0.86415997    0.88533212    0.92847841    0.96616082    1.18730262    1.18910739    1.27105250    0.97320070    1.12369503    1.37361414    1.56669097    1.33441137    1.44198916    1.21650603    1.22094401    1.25412762    1.21810591    1.59190415    1.44835754    1.50801304    2.54460095    2.89588780    2.84117837    3.09162282    3.69984341    2.69864000    2.96018531    2.80431872    2.82314303    2.88423091    3.12321634    2.91649817    3.09089017    3.12334268    3.59429300    3.75862769    3.67854748    3.73083360    3.86816498    2.94128571    3.62815717    3.00257130    3.32563241    3.28913797    3.31988718    3.39284882    2.80859545    2.69165872    2.73430448    2.79869999    2.77933076    3.41024128    3.86791361    4.22838333    2.33114965    3.20432787    3.31632396    2.60047228    2.77722725    2.32200110    2.58706498    3.05639552    3.13282620    2.73500752    2.84326311    2.81589025    3.04844194    2.77513285    2.89260945    2.36654085    2.81296805    2.69946423    2.56513765    3.38660943
Q98977_ONCMY/1484-1594     2.52048349    2.19999859    1.65625292    2.51548505    1.82491181    1.95140914    2.01184972    2.03625815    2.29904926    2.13383225    2.97828529    1.68720344    2.23657441    2.56702446    2.08560464    2.40776171    2.45237295    1.82247403    1.97995914    2.10920671    2.00878513    2.29270154    1.95486381    1.23993000    1.38721728    0.29552890    0.00000000    1.03800869    0.97690626    0.99504655    0.99282651    1.03263157    1.18276372    1.27834361    1.37982613    1.07272179    1.21619534    1.39477403    1.61414914    1.42339037    1.49435556    1.14857531    1.20808965    1.31252099    1.19739706    1.61630244    1.53958469    1.56084778    2.71257608    2.79847118    2.83721904    3.09529146    3.65663424    2.54045768    2.84598683    2.70151808    2.75947893    2.74893216    2.92673324    2.79539018    2.92013018    2.91504947    3.30906332    3.36101888    3.28849389    3.32611100    3.46762905    2.78282969    3.21369514    2.87815909    3.29495995    3.21298590    3.17253357    3.26686784    2.54483378    2.55306147    2.49809463    2.61396624    2.53158849    3.33006742    3.78260656    4.03332322    2.45205298    2.69328380    2.89863472    2.32220974    2.41459111    2.40953087    2.46644470    2.72487394    3.21218030    2.63825619    3.03812803    2.67161161    2.96492508    2.54123852    2.70410414    2.28070062    2.59186373    2.55331784    2.15115649    3.15731275
