133
F1SVH1_METKA/780-935     0.00000000    1.00318348    1.56093820    1.45583792    1.91778998    1.64823214    1.83961886    1.50087885    1.64607469    2.54449256    2.40651944    2.06990146    2.37224536    2.44672687    2.78691736    2.28278571    3.04904874    2.57821407    2.92587076    3.33540483    2.83470446    2.81462529    2.88184711    3.44440186    4.27504662    3.19853067    3.03076027    2.96960463    4.03282120    3.73540787    1.73771331    1.58906413    1.70628235    1.93379298    1.81694932    1.39682330    1.72474202    1.81664124    1.77966762    1.64461005    1.86242436    1.96594559    1.63984398    1.77577005    1.93175404    1.70072435    1.56345416    1.63977373    1.55613328    1.59221294    1.76980309    2.80109796    2.89529889    3.19633844    3.06721819    2.77742964    2.69777912    2.53237679    3.43922275    3.60998899    3.70187667    3.68650054    3.11955582    2.91170013    3.35343967    2.63722534    3.71483414    3.67509255    3.09493519    4.92039424    2.81360095    3.45758064    3.47283787    4.05060081    4.15766929    2.78454821    4.32620504    3.33322464    4.11249700    4.52743012    3.83719143    3.69667949    3.30806286    3.42128782    2.75833833    2.80483286    3.45739912    6.23341668    3.19394434    4.07250287    5.24590691    5.14098432    3.73512305    3.29652393    3.21616627    2.83064659    3.92585577    4.58127242    3.62654241    3.13759705    3.74620995    3.96591669    3.69447299    3.51143866    3.60047579    4.08582268    4.78363485    3.79999945    3.86429988    4.06842471    3.83866539    4.45512083    3.51112879    2.90983305    4.01001493    3.77705540    3.41324418    3.12410802    3.87484452    3.78552287    4.31764884    4.32971041    2.42628011    3.10309019    2.91447135    2.13327850    2.06959360    2.70517965    2.23452259    2.23545469    2.51492003    2.35360292    3.36857313
RGYR1_AQUAE/597-728     1.00318348    0.00000000    0.74258461    1.01203030    1.21237294    1.03339922    0.96449681    0.80122289    0.90167322    2.09159720    2.82758575    2.21427564    2.72964138    2.72324790    2.95335743    2.50909654    2.66413124    2.85830682    2.95229292    2.99887931    2.59638612    2.56640078    2.55234867    3.58942724    3.64638277    3.13297853    2.91247764    2.77734976    4.11890545    3.45457019    1.59817633    1.38723945    1.57687790    1.43889796    1.59423466    1.35339745    1.37494632    1.53255456    1.36316289    1.39156744    1.48818614    1.47135208    1.52149880    1.43846633    1.33477701    1.43650934    1.17966039    1.31423567    1.78821040    1.77084713    2.00091202    2.96619687    2.65756507    3.15801675    2.74347104    2.96045231    2.77499839    2.55621851    2.88341482    3.60711833    3.73122650    3.70056772    3.14822061    3.07448041    3.36529299    2.63409527    3.52676211    3.83132136    3.56060790    4.28762142    3.09271102    3.77059847    3.88183877    3.86744863    4.59803098    2.53225108    4.34485298    2.99762068    3.87026803    5.25167276    3.81574636    3.25154311    2.83787919    3.00369943    2.68761897    2.82832443    3.70121461    4.77505471    3.18133025    3.68470436    4.30445702    4.30812105    3.67887713    2.94483784    2.97610782    2.96834051    4.27770983    4.39918233    3.76989780    3.00060848    3.46382623    4.76491356    3.99842576    3.24728350    3.66962884    4.15234405    4.33319220    3.96916795    3.76068003    3.96789681    3.54617065    4.00310254    3.67997795    2.94734950    3.41115944    3.23599118    3.77352437    3.36211893    4.12932967    3.86850463    3.67684972    3.70777652    2.75792097    3.30116050    3.85342426    2.67747939    2.76783764    2.92328222    2.79687854    2.59402384    2.76858621    2.36428454    2.93583226
RGYR2_AQUAE/588-743     1.56093820    0.74258461    0.00000000    1.37650516    1.70859710    1.31361573    1.18037663    1.10480831    1.16783803    2.26508901    2.86092737    2.42350542    2.70213498    2.71591089    2.92984161    2.84691253    2.51265466    2.89643424    3.33404718    2.75380634    2.59460302    2.66677966    2.44900651    3.64564146    3.66360812    3.25539952    3.11134805    3.00574373    3.52476292    3.50745326    1.58934207    1.58837962    1.74925053    1.83344836    1.73284733    1.33208567    1.72581789    2.10641331    1.39361228    1.56712800    1.75778160    1.65477068    1.54805287    1.64682722    1.52744043    1.67104403    1.38144493    1.59032702    1.65579238    1.79805850    1.51174040    2.97178195    2.73987155    3.39052035    3.52830108    3.34308963    3.23908092    2.73872409    3.29068296    3.73438589    3.59389789    3.95278575    2.63856372    3.32358577    3.20156010    3.02001787    3.26204358    3.23529372    3.79957402    4.30393552    3.63809724    3.94756221    3.78802356    4.07665005    4.20366942    2.79796709    3.73528623    3.14367276    3.80087166    4.15038016    3.85383880    4.02026757    3.15037675    3.25161697    2.93322636    3.04256703    3.17546863    4.25965307    3.20246030    3.68535591    4.77800833    4.73445807    3.64592854    3.04506824    2.96197366    3.15119847    4.58327803    4.77100439    4.12443653    3.25789411    3.55298029    4.02359076    4.14575601    3.76972137    3.85332881    3.73484444    4.64813428    3.98242134    3.76487580    3.68425503    3.72210612    4.04354181    3.81351016    3.29977939    3.56582777    3.50117750    3.93303588    3.46702903    3.90644144    4.05488817    4.27043108    4.40519101    2.75482080    3.19856403    3.55081807    2.43740513    2.69517368    3.07157083    2.66726493    2.84426475    3.10870297    2.62147787    3.32967522
RGYR_THEMA/543-699     1.45583792    1.01203030    1.37650516    0.00000000    1.29868081    0.93706705    1.28338609    1.15221500    1.46637373    2.11246695    2.58588920    2.37291861    2.76067960    2.98563022    2.95584993    2.79391560    2.93072430    2.78201846    2.63132717    2.81296349    2.64795354    2.34611978    2.58437798    3.53795387    3.45729918    2.59448758    3.18230712    2.79664986    2.87886441    3.12825356    1.68894436    1.59595565    1.49007764    1.97988035    1.71784331    1.22418790    1.72772398    1.73091730    1.48381946    1.54785500    1.75145401    1.74182423    1.51106212    1.55611735    1.51049897    1.41405824    1.37448451    1.47858565    2.00082347    1.82876297    1.89728441    2.56858368    2.67078472    3.10581441    2.48409814    2.62726097    2.66195814    2.15797654    2.94031302    3.55207063    3.11475044    3.02347839    2.77919698    3.30475793    3.46768797    3.01441089    3.35564055    3.23453623    3.60019256    3.69465203    3.21159280    2.72522359    3.89298003    3.49657674    3.55460516    2.94154519    3.43677959    2.76925814    3.39290252    3.23749640    3.52124186    3.25631053    2.81089866    2.61304268    2.76270294    2.93436139    3.41437010    4.70538661    2.87099522    3.58309457    4.52212632    4.49281440    3.40218266    2.77600253    2.86526095    2.57313421    3.63167419    3.91739817    3.22771708    2.74004035    3.00084844    3.63642895    3.27945044    3.05784118    3.31054810    3.24214267    3.97629972    3.33801349    2.74342705    2.77546319    3.17819385    3.59545627    3.00661041    3.32442237    3.16680251    3.04697548    2.73327463    2.85167898    3.34479323    3.62527633    4.40888549    3.75195269    2.50222069    2.86152797    3.41796669    2.36640178    2.56170380    2.65634230    2.05994971    2.25483438    2.72896381    2.45090542    2.23637340
RGYR_SACSH/581-743     1.91778998    1.21237294    1.70859710    1.29868081    0.00000000    1.10160940    1.28007391    1.30711165    1.40453815    2.35395183    3.12136953    3.45744513    2.47718462    2.97709417    3.49139963    2.59739499    3.50846148    3.16745594    2.79681929    2.94827024    2.70146756    2.83259608    2.64247445    3.35347719    3.69116736    3.17951661    2.65528648    2.69289402    3.23478234    3.21440736    1.72246654    1.67287310    1.75186436    2.21177612    1.96443481    1.22657848    1.50434730    1.39834386    1.33439469    1.43350152    1.68827791    1.60838827    1.24901861    1.57905231    1.36035505    1.65769796    1.74163124    1.67217781    1.81508109    2.01830807    1.79642469    2.78439064    2.68499132    3.67257353    2.94333425    2.36551144    2.41308476    2.38587035    3.58470613    4.28600986    3.24105953    3.15812945    3.20058648    3.15398334    3.06343179    2.49736912    2.85917012    2.92017688    3.43548741    4.09954804    3.09685828    3.39359290    2.80661598    3.16200835    3.72584368    2.88772435    4.21113245    2.78549732    3.82247220    4.25359477    3.74688574    2.97269589    2.70174737    2.96168733    2.59708722    2.90505343    2.83587053    4.01723159    2.92638362    3.29850908    4.25402486    3.65309699    2.92274094    2.64432484    2.77862140    2.71288693    3.44494031    3.89658430    3.01782863    2.86037048    2.99398801    3.11458538    3.23315715    2.63682408    2.97238131    3.00150648    3.35863597    3.29596594    3.10147599    3.14688010    3.40254067    3.46550374    3.21382006    3.21154748    3.55632528    3.48686133    2.39899469    2.69697808    3.37727782    3.64722286    3.66551035    3.16594334    2.41998857    3.28557480    3.82600760    2.05180880    2.50018532    2.70128439    2.43052474    2.28396026    2.43512425    2.67164262    3.19896962
RGYR_ARCFU/507-661     1.64823214    1.03339922    1.31361573    0.93706705    1.10160940    0.00000000    1.24452562    1.18353809    1.44465419    1.97901604    2.74613156    2.41832742    2.57290407    2.38719379    2.13206265    2.33595297    2.67661116    2.85698034    2.72046961    2.88406096    2.56146571    2.66218183    2.32447445    2.85511986    3.49941552    2.44586208    3.15630721    2.78291721    3.00003703    3.46809970    1.36131123    1.84681669    1.33658588    2.32479847    2.05793711    1.14459550    1.66593683    1.59875231    1.52773217    1.42223496    1.59365461    1.64278926    1.44652889    1.63323966    1.26844644    1.35737786    1.39407448    1.35792150    1.56676886    1.57203585    1.75440817    2.44295160    2.57151227    3.35935164    2.65464564    2.87948573    2.68195966    2.33756455    3.10240743    2.93896888    2.81891127    2.94858399    2.73327784    2.82821147    3.24074955    2.64759241    2.92039022    2.67653430    3.24289879    3.78442397    3.27716056    3.34989759    3.29167626    3.21025257    3.86319394    2.72245685    4.39980218    2.92067272    3.81845481    5.31250115    3.57674844    3.03750082    2.68157219    2.70508494    2.58196291    2.43257849    3.85932743    5.17015176    2.76804873    3.65416999    5.00573130    4.65099915    2.74692420    3.50758283    3.26652028    3.20560244    3.34377776    3.75398338    3.14419046    2.92113544    3.15414629    3.98137794    3.38103905    3.48660577    2.99053631    3.44547330    4.01886980    3.57199479    3.25383898    3.34607116    4.06328423    3.91663938    3.52287579    2.91004441    3.47974856    3.50992610    3.02435987    3.45291611    3.85780837    3.97754008    4.14353375    4.07899072    2.94592291    3.31885561    4.18964422    2.58639414    2.74080339    3.14305120    1.84488814    2.31195210    2.44799247    2.10364549    2.58738162
RGYR_SULAC/626-789     1.83961886    0.96449681    1.18037663    1.28338609    1.28007391    1.24452562    0.00000000    0.85145136    1.10525611    2.18499083    2.62367989    2.51932569    2.68101727    2.59319064    2.48760602    2.25480659    2.60830703    3.08927066    2.49976113    3.08230948    2.68236880    2.74034506    2.42151821    3.62593716    3.49571274    2.82393007    2.75739984    2.63390002    2.65772197    3.66226077    1.53045777    1.70508021    1.59492342    2.07973810    1.97719694    1.26167216    1.66645025    1.98429119    1.54565193    1.53691229    1.55186505    1.53985330    1.50597426    1.92058743    1.49183161    1.69276340    1.47392895    1.63848304    1.95961763    1.85565929    1.80160606    2.73107375    2.94683185    3.25986772    3.40652856    3.35776635    3.24956541    3.00376617    3.90347192    4.34556281    3.21810434    3.57008023    3.12245971    3.86178880    3.49073740    2.69862808    3.22970347    3.06151892    3.75802730    3.74379145    2.78643626    3.14220355    3.79677828    3.84722335    3.91849172    3.23068098    3.80214982    3.35675490    3.75815515    3.35584879    3.82769325    3.84629029    2.64147912    2.90840728    2.68379115    3.00793245    3.84573435    5.27431727    3.20299184    3.96730369    5.41598615    5.39397473    3.68490551    3.48734259    3.32212449    2.86432536    2.98445848    4.98612197    4.08504914    3.32346709    3.62677217    4.04906886    3.90002787    3.70984607    3.86555242    3.68838746    3.73994411    3.92718725    3.52730581    3.47906348    3.62315636    4.18174954    3.98293549    3.16501987    2.96029655    3.38200680    3.68971018    3.02324632    3.65900565    4.49063577    4.05677073    4.30484529    2.50661004    3.03848989    3.13584517    2.12528344    2.44162312    2.98635622    2.63777078    2.45460120    2.79485898    2.31569325    2.75678826
RGYR_PYRHO/641-803     1.50087885    0.80122289    1.10480831    1.15221500    1.30711165    1.18353809    0.85145136    0.00000000    0.90254141    1.95371616    2.62405986    2.23714998    2.75402203    2.87844671    2.89973136    2.28678565    2.73672861    3.24362131    2.96212464    2.94304263    2.64025034    2.55239232    2.50645304    3.30711847    3.30615964    2.98817531    2.95524872    2.74934481    2.82936488    3.08505093    1.75598861    1.62814137    1.57320974    1.92370403    1.85154796    1.14537064    1.52933903    1.82310910    1.44852247    1.70709090    1.65284459    1.62731506    1.53672350    1.73253908    1.63621629    1.68272046    1.51985079    1.58257285    1.89090868    1.91976116    1.76469959    2.99910966    2.64539788    3.23805785    3.10469192    3.06789990    2.86130597    2.76428630    3.01533562    3.61902876    2.76651077    3.02994849    2.88090519    3.09667693    3.24828617    2.43967711    3.02455510    2.96158802    3.47879851    3.90412026    2.88541501    3.42888097    3.37846281    3.44557314    3.94536975    2.84217691    3.95792938    2.95556928    3.82356482    3.91697699    4.03295222    3.24131762    2.67657401    2.94825429    2.81182916    2.83743372    3.60377006    5.05566221    3.39051394    3.53869139    4.64881977    4.69855226    3.57827984    2.85659430    2.84961658    2.87030605    3.56172963    4.05506876    3.46949919    2.69928045    3.03117885    3.71473584    3.34082039    2.96856146    3.22991532    3.30790383    3.48649658    3.27771809    3.13530815    2.92439813    3.20631344    3.29499518    3.30030011    2.95727948    2.51128332    3.12243762    3.32412272    3.00894043    3.06520456    3.88613898    4.26188991    3.40060493    2.67145461    3.05342522    3.73455887    2.06515623    2.25665691    2.84525764    2.49031583    2.52051435    2.92457006    2.69766170    3.11376781
RGYR_METJA/551-712     1.64607469    0.90167322    1.16783803    1.46637373    1.40453815    1.44465419    1.10525611    0.90254141    0.00000000    1.94798115    2.40034472    2.23308932    2.73196109    2.33100191    2.47706290    2.21971065    2.42524824    3.18161488    2.45412199    3.16706561    2.64404748    2.92240611    2.25201636    4.02744557    3.49557570    2.90608559    2.82431446    3.36877624    3.14745511    3.45882326    1.70951075    1.53321086    1.67457433    2.27636860    1.91560732    1.55056297    1.59793485    2.02953181    1.42996418    1.58099186    1.68582811    1.57486434    1.47208212    1.47117976    1.63776922    1.72934480    1.75646928    1.87826876    2.06324691    1.83144371    1.96278849    2.70042293    2.63054558    3.17732104    2.86864774    2.73818286    2.77171149    2.65463991    3.36195096    3.90340243    3.61713345    3.54907586    3.24735911    3.55301285    3.60122831    2.88070103    4.45823839    4.44974833    3.83412202    4.93774233    3.44407366    3.47802410    3.95837678    3.80521555    5.69539481    2.89255968    5.01984966    3.69717295    4.64428887    5.27658635    4.61482491    3.47948196    3.38805691    3.23150683    3.87941682    3.37039025    3.23995933    5.30639768    3.57982130    4.16859530    5.73574127    5.07519502    4.20850058    3.03499621    3.10959658    3.03569333    3.91261650    5.03337965    4.61343741    4.04215727    4.47064248    3.87086946    4.38150380    3.92872249    4.94736546    4.22435906    4.01764769    4.00682988    4.35647189    3.85471812    4.36183584    5.10463289    4.18333909    3.70400295    3.69350205    4.32434167    3.81252583    3.01604982    4.50993535    4.62982882    3.56039056    4.48831864    2.87135685    3.35634983    3.27026321    2.27626851    2.99876677    2.62999492    2.93980786    2.78656209    2.90063543    2.89669640    3.03842957
TOP1_METJA/7-141     2.54449256    2.09159720    2.26508901    2.11246695    2.35395183    1.97901604    2.18499083    1.95371616    1.94798115    0.00000000    1.21907149    1.14190233    1.91007543    2.25388895    2.33801250    2.21955904    2.19473084    2.82732235    2.81529793    1.86245052    2.41279934    2.16867347    2.23510543    3.28956001    3.14201405    2.22829201    1.96444231    1.95610055    2.11224894    2.51620096    1.79085626    2.23728650    2.11614962    2.38787507    2.29245862    1.87023599    2.06294660    2.39468926    1.95052750    2.13345628    1.91304645    1.84573590    2.10362815    2.20917287    1.81006981    1.77680850    1.77264726    1.90467348    2.37727787    2.75156979    2.63995948    2.73461242    3.07078792    4.15215967    3.80849182    3.44331666    3.65250276    3.05958529    3.19959335    3.48084816    3.37293902    3.43704907    2.67146790    3.24878627    3.56847683    3.61362301    4.44528227    4.74961300    4.77015294    4.65128246    4.32385422    4.44693798    4.29803353    3.99464544    4.99282429    3.25061234    4.12650083    3.01388015    4.33690396    3.70226935    3.61960015    4.06758371    2.96219445    2.95033618    2.89945467    3.07642615    2.49032226    4.67771842    3.08628050    3.24529311    4.66035103    4.92680891    3.23186407    3.31285041    3.36139631    4.14338410    5.58674057    5.01958779    4.22940951    4.21197437    4.04947989    3.96056380    3.89803565    4.26723289    4.55455896    3.94563960    4.90942129    4.00720561    4.49728608    3.64276357    4.21809145    4.46775901    3.85174595    4.63745231    3.30708555    4.03622034    3.70972950    3.78825095    4.34268294    4.35878184    5.63847447    4.73868301    3.12501008    3.53867888    3.49254375    2.75406839    2.74051778    4.00511627    3.43831228    3.56063958    3.40632858    2.74691543    3.43962557
TOP1_METTH/10-146     2.40651944    2.82758575    2.86092737    2.58588920    3.12136953    2.74613156    2.62367989    2.62405986    2.40034472    1.21907149    0.00000000    1.34143457    2.06778103    3.18019034    3.15382076    2.54176167    3.27503287    2.98652583    2.97277419    3.83070226    2.97882395    3.40552229    3.06324904    4.50782575    3.53156493    3.10193278    3.09942266    2.86212067    3.65721305    3.67612847    3.17135007    2.89380231    2.98356435    2.37861285    2.52147933    2.40625021    2.84750531    3.11459995    2.94543902    3.33013856    2.65334125    2.81553566    2.55884565    3.38860309    2.79465206    2.65199216    2.51144830    2.75882042    3.05343732    3.04174517    2.69437035    2.74094873    3.54460880    5.36138392    4.18167318    3.48115749    4.14861381    4.37035965    4.45259062    4.45126069    3.73344963    3.85656816    3.84574784    3.67933933    3.31999649    3.95098931    4.57570116    4.79481503    4.79377449    5.48586362    4.06876875    3.73770265    5.15915237    3.77794873    4.35924815    3.95609780    4.34420763    3.41096689    4.01588826    2.85427154    4.11658678    3.76324517    3.56431351    3.24867964    2.94020714    3.10985713    3.07811206    6.49205086    3.74833340    3.53083918    4.70753887    4.53600216    3.00625598    3.27713086    3.67752443    3.63665248    4.13914204    4.63884586    4.30110112    3.67423412    3.74472531    4.60416731    4.16146738    4.34633979    4.73509200    4.21537388    4.30209923    4.30300453    4.28402916    3.80108530    3.83380967    4.18244693    3.82629520    4.89842506    3.95192558    4.33559031    3.76399950    3.32386622    4.07119934    4.03010399    5.55682349    4.72893131    4.33892155    3.66684630    3.43026199    2.78355031    2.93856794    3.91571443    3.87585068    3.08299400    3.53534338    3.04121198    4.39779920
TOP1_PYRHO/2-139     2.06990146    2.21427564    2.42350542    2.37291861    3.45744513    2.41832742    2.51932569    2.23714998    2.23308932    1.14190233    1.34143457    0.00000000    2.29719398    3.13756864    3.26583247    2.70707386    3.09524714    2.90252065    3.09062232    3.10950362    3.23005545    3.21292478    3.12524254    3.22437667    3.64836613    2.41696191    3.07047262    2.87801514    2.68567490    3.62162640    2.51677318    2.09065434    2.47901867    2.43337280    2.33192534    1.94643198    2.50573887    3.30525958    2.29154259    2.44632885    2.96791942    2.85617820    2.39565653    2.38820188    2.35645058    2.07194300    2.19631187    2.21982869    2.65829273    2.80108466    2.58689974    3.21658762    3.46874903    3.97344716    4.30369561    3.89335005    3.93971424    3.31198070    3.83733887    3.90259217    3.76737318    3.97690712    3.22144200    3.10448055    4.13666746    3.49544190    4.06736572    4.20267251    3.86055604    4.44583896    4.28087808    4.80063368    4.72633013    4.09140912    4.94523913    3.70010571    3.99316398    3.92278147    4.68388285    3.17061305    3.82937505    3.71112387    3.30894764    3.33645028    3.34722572    2.76499686    3.57024971    4.45722842    3.51045703    3.69577226    5.48557791    5.11781980    3.86267148    4.19199242    4.54767975    3.70875577    4.35008578    4.81427683    4.41003377    3.94778333    3.95611051    4.59701698    4.28605804    4.32329176    4.40228109    4.20395801    3.90508467    4.45724464    4.46611040    3.97032022    4.26528813    4.26882438    4.22049303    4.60574594    3.95852732    4.52796525    3.84557137    4.01612224    4.60326319    5.04941961    4.68279586    4.85593631    3.60837767    2.87876415    2.94447375    3.24022459    2.78099901    4.19175465    3.50951113    3.78512780    3.85298976    3.59397624    4.18458241
TOP1_ARCFU/5-139     2.37224536    2.72964138    2.70213498    2.76067960    2.47718462    2.57290407    2.68101727    2.75402203    2.73196109    1.91007543    2.06778103    2.29719398    0.00000000    1.54883393    2.11855272    1.71257535    1.82496360    1.88059901    2.20871469    2.69813713    2.15042993    2.81590000    2.68647856    4.37042077    4.57273348    3.01753153    2.98304850    2.81454999    2.82619486    3.40225394    2.56569318    2.13160768    2.00949915    2.20787253    2.35169807    1.77006158    1.73722774    2.01382588    2.02606544    2.37120353    1.95762286    2.07369809    2.24437019    2.28908694    2.27336750    2.03126693    2.07310062    2.14830927    2.35625209    2.10786029    2.33609821    3.13034382    3.98499615    5.03460713    3.25507421    3.28504963    3.52759584    2.71170586    4.02298355    5.18425147    4.75565521    5.31018405    3.76557903    4.53025811    3.32232402    3.45802684    3.11629023    3.34555521    4.05072394    4.24168801    3.80871361    4.67883577    4.47208432    4.02477052    3.92432737    4.17005533    4.18548509    3.16958507    4.01155062    4.10229979    4.26240396    2.85297014    2.64013301    2.95893638    3.20899701    3.88188542    3.80836403    4.63486498    3.37516997    3.14050024    4.55555817    4.69618933    3.87280499    3.59326896    3.93534755    2.41711251    3.66355816    4.33215606    3.39049165    3.38647720    3.33872366    3.40436715    3.35150117    3.25255728    3.62607880    3.27162021    4.02944283    3.87191436    3.56583751    3.79125510    3.10272390    3.45393913    3.55236824    3.85149223    3.99781153    3.77022422    3.45147654    4.07774091    3.32182631    3.81988790    5.20083423    3.61284869    3.74826492    3.17317800    3.18520944    2.71514327    2.70752148    2.94291385    2.82593711    3.53463525    3.25546728    2.79218662    3.75026803
TOP3_SCHPO/3-150     2.44672687    2.72324790    2.71591089    2.98563022    2.97709417    2.38719379    2.59319064    2.87844671    2.33100191    2.25388895    3.18019034    3.13756864    1.54883393    0.00000000    0.91404447    1.31146318    1.05659954    1.64112859    1.78139871    2.53655477    3.03826985    3.02642019    2.77697173    2.89625302    3.10330155    2.72642044    2.80845530    2.73344405    3.21759748    3.19165008    2.27415233    2.19221438    1.82917469    2.34472795    2.37082598    1.89904455    1.96894050    2.24459481    2.25545614    2.27423126    1.94892238    2.09138948    1.82929202    2.42533200    2.29268106    2.05998916    2.29191877    2.44999709    2.41406721    2.53854763    2.66384874    2.46848327    3.69711573    4.41354875    3.24329655    3.23800114    3.32013194    3.12248242    3.71683010    3.98135103    4.44086882    4.41646854    3.81945133    3.63343326    3.19673202    3.58653247    3.58503520    3.78543910    4.17156371    4.57187168    3.36201191    4.70763587    4.18738173    4.61833067    4.33140123    3.96902121    4.78457449    3.68590520    5.46994684    5.34544578    4.61231209    4.03949649    4.00857409    4.26315798    3.85263103    3.36636113    4.58634768    6.27253963    4.84099754    3.92299089    5.25412800    5.16528578    4.70293988    3.51816529    3.44550737    3.05041194    3.76237827    6.09536030    3.97609714    4.76445541    4.69426873    3.44845585    3.72093333    3.94207029    4.82295229    4.08029620    5.22185204    4.04437303    4.65524861    4.58507654    3.94098227    4.53098567    3.85458492    3.39787457    4.74454661    4.26748710    4.65163435    5.30273945    4.18768142    4.45317392    4.19552651    3.62117617    4.09833834    3.31104873    3.04645317    2.42855481    3.26850967    2.96883864    2.94429570    3.30260147    3.22960579    2.60539890    3.28375800
TOP3_YEAST/3-156     2.78691736    2.95335743    2.92984161    2.95584993    3.49139963    2.13206265    2.48760602    2.89973136    2.47706290    2.33801250    3.15382076    3.26583247    2.11855272    0.91404447    0.00000000    1.40060857    1.60075791    1.75264549    1.63569469    2.29981835    2.57429938    3.02540657    2.87095034    3.35009682    3.02916723    3.28610313    2.77976806    2.78820066    2.85337972    3.28131585    2.36418102    3.06188132    2.18259656    2.69341046    2.54264981    1.94650272    2.14063256    2.57314730    2.55597191    2.48123451    2.05232710    1.90746218    2.09635204    2.35654496    2.49415503    2.33002040    2.35935668    2.45334592    2.56741621    2.71961301    2.67124371    3.65405542    3.70878027    5.06796132    3.05202099    2.86579829    2.91684885    2.96275079    4.12381626    4.05676070    4.08955154    4.00718774    3.09265076    2.96891624    3.50165125    3.31271322    4.57612889    4.90109897    4.77836751    5.23723451    5.18428749    4.86032987    4.48877629    4.16917926    5.76829014    4.07497347    5.03815319    4.07109694    4.89584841    4.25168015    4.16217835    4.99583074    2.92801083    3.02347616    2.80448787    3.00815315    4.19464811    7.82724739    3.88614463    4.33138825    5.78661219    4.25927445    4.33758216    4.28442010    4.48457085    3.55968363    4.27535065    4.82584685    3.62306053    3.94861186    3.76694739    3.99083584    4.05649578    3.89179910    3.90635554    3.70001950    4.53140751    5.05114824    4.05236363    3.84628947    4.27159604    4.52268882    3.75946533    4.71375017    4.71489543    4.28986457    5.42557235    4.33032783    4.19426695    4.06103376    4.81299374    4.49476713    4.24302271    3.47061063    3.22758042    3.15751292    3.04976541    4.25885569    3.37736471    3.62965616    3.49428724    2.29701766    3.81919107
TOP3_CAEEL/4-149     2.28278571    2.50909654    2.84691253    2.79391560    2.59739499    2.33595297    2.25480659    2.28678565    2.21971065    2.21955904    2.54176167    2.70707386    1.71257535    1.31146318    1.40060857    0.00000000    1.04202699    1.69867980    1.44964879    2.35796981    2.90002969    2.61418028    2.82123019    4.12179508    3.39484501    2.76020937    2.47538780    2.51122750    2.73629528    2.72478578    2.04084783    2.65195071    2.53622918    2.69695657    3.05877202    1.69546796    2.19939268    2.89833479    2.42898650    2.65813139    2.64748314    2.61104071    2.81050165    2.63331705    2.65905243    2.37596292    2.46459903    2.57011874    2.60922595    2.69821981    2.39824412    2.67836870    3.19340840    4.86641114    4.02570441    2.74405579    3.39468187    3.05698974    3.49667058    4.55074366    3.05353521    3.14995097    3.16286862    4.21450428    3.04911482    2.89283716    3.39803244    3.58302340    4.12497559    3.67093949    3.57209330    4.01955505    3.49971582    3.26001937    4.22026281    3.18173175    4.99451076    4.01146728    4.22790440    4.08452428    4.75652909    3.54342152    3.53161632    3.82009094    3.44330584    3.46629687    3.82880642    6.92111820    3.80587330    3.84076571    5.12991846    4.88269345    3.62592555    4.04219338    4.34784231    2.69046349    3.63339357    3.84051386    3.19296044    2.92895147    3.00243849    3.79889877    2.98451166    3.14731344    3.43468012    3.15438389    3.44663842    3.40177994    3.19085318    2.97360493    3.15956613    3.36412360    3.62713077    3.74371536    3.74154625    3.67275864    3.08949512    2.66563031    3.27997847    3.48375438    4.14482995    2.93358125    3.23755193    3.09894483    2.88095651    2.59289438    2.49451492    2.89403864    3.22263919    3.20040161    3.00346103    2.92591968    3.92994926
TOP3A_MOUSE/36-181     3.04904874    2.66413124    2.51265466    2.93072430    3.50846148    2.67661116    2.60830703    2.73672861    2.42524824    2.19473084    3.27503287    3.09524714    1.82496360    1.05659954    1.60075791    1.04202699    0.00000000    1.31576450    1.54762612    2.95297023    2.51842755    3.25574829    3.18935713    3.45778344    2.96893211    2.31257537    2.60018320    2.78871658    3.86890960    3.75554793    2.60673390    2.91640023    2.41421608    2.81520504    2.60312272    1.91745283    2.69285044    2.70430721    2.64914164    3.01446097    2.49682174    2.60783300    2.50690999    2.47110661    2.61152965    2.56297927    2.61929065    2.67024721    2.73407923    2.53895873    2.58901469    2.85125611    3.52732384    3.68479015    3.32973981    3.26522710    3.79391103    2.83806996    3.73528931    3.88078494    3.45995156    3.92397850    3.13257719    3.77930809    3.53426834    3.20205764    3.21520642    3.36334496    4.55011214    3.68153651    3.85028109    4.44369817    3.76164591    3.78699375    3.66990074    3.31258562    3.94662119    3.75434012    3.50396475    4.24579747    4.40311024    3.86794817    3.34824263    3.47584290    3.27643635    3.39768750    3.48926091    5.43282038    3.38826818    3.30901337    4.62489644    3.77579682    3.46524806    3.54859423    3.77751749    2.55032174    4.10424522    4.43109270    3.30996575    3.60926912    3.55978031    3.55595252    3.17056414    3.24817609    3.86116035    3.54098262    4.88042402    4.15422672    3.47149075    4.06368561    3.49474405    3.54503634    3.28704164    3.03316044    3.49831975    3.75444670    3.63190623    3.96118081    4.17765911    4.20080100    4.47665917    3.73037282    4.18699728    3.56217141    2.67574673    3.00589150    2.90122438    2.72433757    3.03894357    3.59930869    3.24270697    3.32962086    3.24181783
TOP3B_DROME/4-154     2.57821407    2.85830682    2.89643424    2.78201846    3.16745594    2.85698034    3.08927066    3.24362131    3.18161488    2.82732235    2.98652583    2.90252065    1.88059901    1.64112859    1.75264549    1.69867980    1.31576450    0.00000000    0.71871201    2.72665318    2.84503181    2.72279061    2.99431410    4.48772664    3.16289587    2.93895428    3.48941290    3.34799735    3.12276333    3.16765288    2.80697574    3.05823764    2.13822374    2.59541743    2.53262817    2.10939986    2.58999363    2.77279208    2.57637798    2.58791391    2.44667312    2.50545311    2.34279759    2.21445357    2.57077680    2.70587835    2.36416474    2.40610557    2.41131328    2.28159803    2.37598649    3.28097906    4.12730263    5.03260457    3.45815691    2.86928982    3.33482676    4.06118821    3.62258682    3.82696995    3.84025621    3.59207680    3.04202669    3.00764707    3.79363176    3.65936147    3.51666659    3.81534975    4.00348108    3.96927966    3.62432753    3.87968076    4.01827365    3.83420705    4.12686048    3.02863930    3.53481661    3.31309533    3.58575955    3.28668400    3.64880211    3.78838855    2.89726769    3.25212631    3.02771461    2.99634668    3.88808748    5.11566549    3.56035591    3.50215056    4.10923432    4.71988655    3.82283525    3.33753290    3.66603783    3.41530231    3.32727513    4.65665956    4.05721260    3.96625015    3.89831956    4.11305320    3.93621912    3.86588669    4.15995318    3.88797830    4.61252356    4.51542013    4.04958510    3.98085210    3.51421865    4.29493896    3.89467703    3.93862549    4.27393126    4.71386366    4.02933084    4.44872760    4.29459117    3.86975110    4.14230388    4.04488631    3.42302064    3.41713321    3.05171181    3.02868671    4.06958055    3.73378844    3.46073165    3.46518457    2.90547704    2.76414431    3.71767043
TOP3B_HUMAN/4-155     2.92587076    2.95229292    3.33404718    2.63132717    2.79681929    2.72046961    2.49976113    2.96212464    2.45412199    2.81529793    2.97277419    3.09062232    2.20871469    1.78139871    1.63569469    1.44964879    1.54762612    0.71871201    0.00000000    2.46548262    2.97707200    2.86048822    2.79655738    5.08682306    4.12492265    3.12164845    3.14715322    2.67580723    3.61981974    2.70016230    2.26423081    2.79409698    2.29350934    2.28219963    2.31322928    2.04460448    2.71338505    2.92710001    2.44314124    2.56224208    2.47795667    2.45978376    2.28441998    2.36982367    2.78150528    2.70977296    2.50017031    2.41419509    2.99955213    3.32420038    3.09273547    3.55875794    4.23022470    4.69030531    3.50787640    2.89022958    3.41209843    3.89348113    3.93778520    3.97219485    3.60233314    3.89187985    3.21191210    3.29133725    4.04508639    3.56738534    3.81709375    4.33044866    4.13544495    3.30399626    3.93402853    4.26917275    3.85619077    3.44054459    4.17314623    2.92517428    3.88165886    3.30841340    4.14788031    3.75675049    3.69629146    3.80313131    2.67674963    2.92903387    2.96556345    2.83928014    3.57847637    5.56823374    3.23027156    3.13317918    4.88349689    4.44901291    3.61385723    3.75921581    4.00562392    3.47956941    3.03605504    4.54686673    3.79490970    4.12739549    3.95909717    4.39393875    4.01300397    3.61746321    4.05216701    3.58125844    4.44234423    4.57535542    4.09955592    3.76344629    3.51180839    3.96371298    3.45270802    3.86772963    4.75377086    4.69960207    4.33843441    4.35108339    4.56702615    4.61435718    4.51640510    3.83943830    3.82127894    3.66551075    3.10526089    3.06605190    3.48770421    4.33342241    3.03749615    3.46554065    2.96024904    2.88203181    2.81540141
TOP3_BACSU/4-135     3.33540483    2.99887931    2.75380634    2.81296349    2.94827024    2.88406096    3.08230948    2.94304263    3.16706561    1.86245052    3.83070226    3.10950362    2.69813713    2.53655477    2.29981835    2.35796981    2.95297023    2.72665318    2.46548262    0.00000000    1.46761446    1.09701809    1.04717611    3.04934630    2.92521525    2.36183650    1.34025061    1.45709775    1.67112362    1.82346850    2.40816222    2.88067924    2.24508416    2.79202275    2.57647313    1.86962840    2.26361438    2.35449416    2.03501507    2.54652856    2.38853476    2.29254373    2.23269448    2.32362385    2.41395846    2.27537139    2.13643078    2.21269048    3.02695046    3.25516697    3.13804274    4.25637904    2.75122089    3.99088681    3.20692618    2.58003548    2.69533076    2.69137271    2.52808244    3.05938588    3.27206294    3.32198535    2.47417974    2.91829308    5.12713031    4.57315313    3.38838640    3.35680210    3.26882114    4.07659182    4.09968172    5.26568690    4.81367349    4.58072761    6.17825700    3.02361643    5.90242141    3.24328522    3.67688057    5.52690014    5.24398668    3.32968703    3.27445023    3.34681576    3.65362104    3.91270740    4.05811258    5.58911091    3.44803445    3.55301124    5.97796016    5.88280692    3.97481310    3.18035498    3.62433681    3.09138321    4.53548057    4.21629521    3.48582779    3.73634994    3.65828350    3.46926964    3.52444470    3.43888183    3.30065822    3.72513682    4.73651616    3.36916187    3.86483286    3.50105574    3.93166731    3.23007860    3.43393442    3.70281755    3.28008298    3.53322671    3.65206432    3.61866175    5.03662514    3.80854361    4.48468102    4.92814705    3.50865204    2.60182933    3.05725759    3.19306840    3.17080427    4.75240768    2.82569654    4.21876477    4.34449508    2.76847153    3.96301165
A0A0H2XKQ0_STAA3/3-142     2.83470446    2.59638612    2.59460302    2.64795354    2.70146756    2.56146571    2.68236880    2.64025034    2.64404748    2.41279934    2.97882395    3.23005545    2.15042993    3.03826985    2.57429938    2.90002969    2.51842755    2.84503181    2.97707200    1.46761446    0.00000000    1.17050166    1.05719283    3.58459234    3.87702844    3.13098701    1.92047706    1.86103120    1.96531201    2.10409395    2.55848846    2.75815466    2.16502675    2.76932593    2.88952025    1.96002995    2.43270509    2.22859005    2.41741644    2.65501095    2.53174162    2.20171195    1.75199566    2.03275032    2.04460306    2.22552850    2.21369608    2.29054944    2.46012737    2.05731900    2.25210504    3.03825227    2.75240066    2.72229267    2.73652275    2.59242419    2.41168620    2.64230087    2.95714302    3.71259237    3.10588474    3.42607591    2.75410859    2.72581796    3.78807789    3.35831284    3.99966172    4.01840194    3.64936465    4.28702717    3.36023765    5.24624502    4.39203205    3.89605244    3.51349500    3.39267659    4.01413686    2.97562739    3.18060678    3.96584328    3.73618964    3.43255413    2.67941743    2.63597461    3.02593607    4.05740044    3.12587728    4.84515206    3.43651379    3.48287030    4.28423001    3.93512800    3.10802739    3.35903545    3.93390114    3.15951779    4.98650729    4.47650550    4.38839121    3.86877029    3.95380947    4.28432539    4.41188696    3.86894393    4.05978250    4.04441400    4.93060328    4.28660768    4.52845186    3.84230672    3.99922529    4.42052207    4.14841724    4.17338630    3.81492283    4.11666278    3.86007489    3.48312334    4.16822268    3.88123682    3.94880837    4.03467453    3.04299129    3.17572331    2.57044160    3.01616307    2.92640522    3.03804414    2.73364887    2.97424277    2.95256470    2.58707099    2.99095557
