113
MUTL_SYNWW/207-325     0.00000000    1.24291454    1.62214447    1.32089482    1.54215229    1.63969473    1.79133423    1.68989417    1.79655119    1.45127888    1.52017315    1.47107528    1.70654411    1.61643171    1.71087120    1.72705167    1.76175594    1.41486635    1.75309560    1.76063409    1.75256094    1.65924748    1.83289931    1.85373813    1.89028279    1.64265854    1.72643897    1.73606293    1.79982426    1.65819671    1.80580648    1.86607761    2.05972972    1.87261463    1.71803223    1.66224396    1.53915158    1.79187438    1.81438114    1.58130007    1.69406881    1.49424896    1.76100035    2.15900846    2.68331965    2.75883075    2.48847868    2.06456750    1.35139115    1.50324370    1.58096976    1.30024003    1.60014071    1.81875739    1.43842012    2.25985458    2.00604692    2.05768545    1.90640741    1.79220473    1.80081806    2.46430146    2.07445367    1.91941496    2.11890727    1.91734920    1.60695615    1.93808128    1.89430689    1.88839992    1.85127814    1.78734394    1.77124570    2.09962199    1.77662627    1.94206612    2.05454886    1.72371717    1.97413728    1.47202349    1.63636243    1.53725810    1.71048236    1.61599671    1.73693572    1.92473741    1.68351635    1.37615751    1.52793097    1.86581708    1.67162996    1.72524103    1.49436053    1.34127683    1.66993929    1.31437324    1.37863787    1.75436371    1.67354579    1.54530496    1.58823493    1.47862275    1.62434872    1.57703066    1.62698554    1.51312374    1.46832961    1.36345780    1.58517360    1.28007684    1.44015155    1.67103950    1.53294772
Q1MQP5_LAWIP/215-333     1.24291454    0.00000000    1.28129061    1.59182299    1.47310400    1.31759335    1.48512011    1.52538843    1.55195447    1.67960661    1.60033486    1.72095930    1.65774537    1.41290707    1.41317918    1.56710642    1.38744265    1.27790304    1.35998078    1.50406456    1.62631695    1.35012359    1.68765483    1.52970597    1.32396492    1.64847050    1.52377611    1.84355354    1.38809132    1.55434353    1.59737759    1.58918074    1.66217140    1.45240617    1.51717183    1.41882364    1.41472604    1.30917897    1.50025965    1.43618218    1.39867009    1.40069521    1.40947573    1.76789515    2.42115094    2.04116283    2.18610719    1.89606841    1.63058736    1.63167017    1.63479790    1.49996015    2.13934895    1.62195560    1.54999007    2.39021164    2.41279302    2.15120787    1.90618948    2.16714183    1.91637967    2.55081417    2.02389991    1.76569039    2.31314888    2.03775818    1.43688732    1.75688751    1.94428993    1.80110029    1.97120006    1.66722486    1.92849384    2.33872001    2.18367668    2.15023367    1.98022837    1.84325933    1.92899417    1.63004790    1.65452022    1.70340341    1.49980872    1.48439116    1.66156601    1.53067846    1.56402378    1.64129435    1.79735825    1.80587825    1.73927398    1.53844463    1.89553924    1.89576399    1.78878438    1.48431860    1.37076029    1.65717167    1.52539505    1.49145196    1.72261489    1.66989326    1.68516850    1.53774364    1.49664301    1.54133542    1.58591879    1.47974326    1.50668152    1.27314928    1.68561285    1.53004597    1.65529212
A8ZSP6_DESOH/209-327     1.62214447    1.28129061    0.00000000    1.13398450    1.34049884    1.21807894    1.10254604    1.35507885    1.12976209    1.29001818    1.46202927    1.44113112    1.41696125    1.30989109    1.59743052    1.58707746    1.48250392    1.35624166    1.39379477    1.72633237    1.41285450    1.36875933    1.39941957    1.25833044    1.77374582    1.49929235    1.46779219    1.66943753    1.58350047    1.81239515    1.74664760    1.64952572    1.93317796    1.49620827    1.50236265    1.56300800    1.53719621    1.61397343    1.38439256    1.36524594    1.51460250    1.55463638    1.79404165    1.78897151    2.58856332    2.45572233    1.65308057    2.03613852    1.50702999    1.66041421    1.45157082    1.65243207    2.03193043    1.83195921    1.46466365    2.64075214    2.46004599    2.39440876    1.89565143    2.15599319    2.04784749    3.16815109    1.97978025    1.80031305    1.95029559    2.01646025    1.55872929    1.74152131    2.05051076    2.10588420    2.21035954    1.71918290    1.82233635    2.11369304    1.93942650    2.09378653    2.06671750    1.94872941    1.93843144    1.64797482    1.57791634    1.75722524    1.41419529    1.34912918    1.40198859    1.53162286    1.48733122    1.92296277    1.56941101    1.43392081    1.32577987    1.49591961    1.85918396    1.61522923    1.57557016    1.28845121    1.24360316    1.45688054    1.43947391    1.34317725    1.63235671    1.64112561    1.83030015    1.49376439    1.77661828    1.42712225    1.42388778    1.83618777    1.74431025    1.39995142    1.97056034    1.96178571    1.82023485
Q7UMZ3_RHOBA/220-338     1.32089482    1.59182299    1.13398450    0.00000000    1.35582892    1.30042496    1.36712917    1.39326496    1.32090646    1.52623497    1.29186718    1.34567452    1.36296914    1.45584859    1.59842130    1.49372554    1.35497809    1.52214672    1.56167101    1.36727633    1.68187440    1.46838071    1.41511331    1.21570953    1.57946454    1.48819209    1.57174338    1.46330829    1.64703090    1.74812902    1.50246893    1.51785936    1.70606597    1.62487756    1.43590973    1.39310474    1.38281887    1.37716035    1.55873838    1.39347981    1.25750794    1.37752853    1.56278171    1.90336602    2.29799204    2.31674465    2.09592051    2.09396056    1.47470225    1.63129156    1.51761331    1.42264707    1.72809780    1.97287964    1.33874669    2.27171466    2.24130091    2.04323584    1.86096562    2.10572058    2.07487983    2.67969873    1.98685482    1.99590514    2.30721981    2.17747332    1.77379917    1.88737363    2.22624593    1.86413931    2.10889672    1.86429124    1.53089665    1.80935278    2.04279995    1.92908548    1.83779094    1.91714465    1.96269100    1.45804096    1.43572975    1.35897586    1.62420668    1.49620719    1.48201320    1.55655030    1.65232339    1.59693186    1.79893003    1.53426343    1.67929397    1.60256914    1.46519111    1.62223891    1.64302979    1.25866454    1.32613897    1.58539939    1.60349943    1.46478320    1.52343994    1.32234140    1.44919178    1.58678861    1.51976357    1.38983285    1.28247041    1.60223846    1.20825834    1.29068653    1.34049470    1.35094202    1.55905743
MUTL_PELCD/210-329     1.54215229    1.47310400    1.34049884    1.35582892    0.00000000    0.69311724    0.83399010    1.28085694    1.19906166    1.36935600    1.44077038    1.30316955    1.64810701    1.22364646    1.33145740    1.33993011    1.31183555    1.37293510    1.36814611    1.06224480    1.13452726    1.12568275    1.16030551    1.38864186    1.12699888    1.02550920    1.21278964    1.15209808    0.96648916    1.48538518    1.21926024    1.15800947    1.17203410    1.03807808    1.08715833    0.96399974    1.25709972    1.38797107    1.27639805    1.14559267    1.15109001    1.03076376    1.17086833    1.87491153    2.52988964    2.07026516    1.80830104    1.91327645    1.68489180    1.70169829    1.43892747    1.72085999    1.57222272    1.57107897    1.05715622    2.62913656    2.22189418    2.25359206    2.23157068    2.66877858    2.53415455    3.43192354    2.00262630    1.99478917    2.66917371    1.82353425    1.31553524    1.50316072    1.91756828    1.86152190    1.92490868    1.59816192    1.69472310    1.88251096    2.09260922    1.89768707    1.63461823    1.56547290    1.59368548    1.33597684    1.34952253    1.49405022    1.20291983    1.44364892    1.47671425    1.49638427    1.41386680    1.29093592    1.45183310    1.30690172    1.65467591    1.19783905    1.63081655    1.24517924    1.47205790    1.38758317    1.08259162    1.34169199    1.22898917    1.22654266    1.53162309    1.58674797    1.65357328    1.65166756    1.65493284    1.57773415    1.48202624    1.70022214    1.30036589    1.55907378    1.39056127    1.60404795    1.74406978
MUTL_GEOSL/209-327     1.63969473    1.31759335    1.21807894    1.30042496    0.69311724    0.00000000    0.58422361    0.89211317    1.04856658    1.10322163    1.31727941    1.24048587    1.40763231    1.24137987    1.35875366    1.25486591    1.38844616    1.23322542    1.47576581    1.15364733    1.11772763    1.14956702    1.14858365    1.35650013    1.31335882    1.20119756    1.11894994    1.26903534    1.08890612    1.51883378    1.18572129    1.29131415    1.22058085    0.97061683    1.13151219    0.99018590    1.21307335    1.19021059    1.13406046    1.04387009    1.07449218    1.00800252    1.34634867    1.66194365    2.33915828    2.13505757    2.13393370    1.90384911    1.43867207    1.55320914    1.58909920    1.58076536    1.71916946    1.56281604    0.92963047    2.48713843    2.74040161    2.48935844    2.01751474    2.10178586    1.92009018    3.31288686    1.68751204    2.02669152    2.22554707    1.78175193    1.33964606    1.60248559    1.68463602    1.69240871    1.72745799    1.45824618    1.63280956    1.76219320    1.89013367    1.61510998    1.66085265    1.70554806    1.57738532    1.23043101    1.45313136    1.30063561    1.31288288    1.50524075    1.45025842    1.56133743    1.51728546    1.48509034    1.52102880    1.20109647    1.24529288    1.33253797    1.51830101    1.38658457    1.36418611    1.24509621    1.07914405    1.21057899    1.21194425    1.22003861    1.40286142    1.47439880    1.50095289    1.48546060    1.41747460    1.38443850    1.26231202    1.56340564    1.65365983    1.26690677    1.54172283    1.45468083    1.37188250
MUTL_PELPD/209-327     1.79133423    1.48512011    1.10254604    1.36712917    0.83399010    0.58422361    0.00000000    1.08164075    1.25327381    1.31246798    1.51025615    1.32812576    1.39475399    1.23926890    1.35231142    1.20635318    1.49221387    1.17120452    1.51025696    1.18984964    1.30835374    1.10496476    1.24573094    1.27130730    1.41653677    1.10931707    1.27014065    1.27332027    1.16904474    1.59605787    1.48255765    1.31151048    1.20415558    1.12702820    1.12605406    1.16136768    1.28096697    1.31188539    1.22973940    1.36874193    1.47088713    1.15141906    1.21343375    1.63940660    2.41029777    2.27802817    2.00393991    2.09032981    1.63510762    1.64979146    1.63737136    1.75234223    1.68978493    1.68426436    1.43738581    1.98308175    2.54488205    2.62273377    1.97281194    2.02414869    2.10853290    3.06015424    1.69110547    1.63969571    2.04516681    1.68313249    1.25938042    1.78227155    1.88356983    1.94040481    1.70353557    1.57776112    1.75699104    1.80928924    1.91499454    1.63911477    1.79929629    1.65592581    1.63165532    1.42325654    1.47402156    1.67219056    1.67279188    1.64749658    1.67348976    1.70576608    1.63990384    1.65601348    1.51051926    1.32062518    1.51506823    1.52486631    1.46571178    1.43978747    1.57293493    1.33280560    1.25400011    1.45368865    1.55412952    1.42480270    1.46991850    1.56710365    1.66728159    1.65367937    1.73427002    1.47403028    1.39525073    1.45283266    1.52715097    1.35840522    1.43992295    1.77260799    1.44915353
MUTL_SYNAS/210-328     1.68989417    1.52538843    1.35507885    1.39326496    1.28085694    0.89211317    1.08164075    0.00000000    1.03841490    1.15538435    1.28549065    1.33205173    1.33177484    1.33667584    1.25579570    1.11964124    1.42333262    1.47609711    1.55884677    1.23429764    1.29167624    1.38626962    1.57308648    1.53538369    1.62314283    1.44447233    1.63523089    1.35499373    1.24767440    1.64427149    1.37834046    1.20512375    1.33597650    1.23164137    1.46622510    1.27160835    1.34732555    1.17889325    1.21266011    1.34582032    1.38505653    1.29197995    1.35842110    2.32454781    2.76601581    2.59172983    2.37514864    1.74641351    1.41194308    1.67650477    1.61933130    1.63083392    2.07648933    1.78163916    1.24893121    2.40074098    2.57068165    2.41498252    2.28938320    2.27840286    2.04232462    3.73550067    2.29684125    1.86003097    2.03014432    2.18171807    1.57527792    1.76461587    1.75047804    1.76590178    2.07735678    1.77562500    1.78718929    2.11216732    2.01300239    1.98673906    2.30575322    1.77964130    1.76127059    1.78345988    1.43748379    1.57047419    1.61142699    1.44558455    1.36781401    1.69870033    1.56881501    1.60746075    1.52271984    1.31046265    1.47640695    1.63091274    1.80082434    1.45908743    1.39071077    1.42204304    1.53307650    1.44082274    1.44730407    1.46249968    1.66859090    1.69565897    1.64680845    1.54125425    1.65924513    1.58065304    1.45980623    1.74558408    1.71571943    1.68798924    1.71059131    1.54766543    1.52925878
MUTL_ANADF/209-327     1.79655119    1.55195447    1.12976209    1.32090646    1.19906166    1.04856658    1.25327381    1.03841490    0.00000000    0.85303126    1.47815575    1.41628997    1.43811904    1.52831286    1.68840812    1.69326252    1.46571730    1.62228079    1.82096790    1.41371885    1.14443324    1.33268684    1.29104225    1.38544401    1.60259981    1.58750374    1.51405841    1.50400879    1.38600552    1.86504437    1.37888115    1.33969748    1.53501879    1.36499027    1.50307226    0.99599236    1.35782483    1.26697762    1.32912966    1.31298828    1.18750947    1.17209283    1.53699199    1.98810954    2.56329896    2.56375883    1.94325297    2.21579380    1.66918899    1.75636291    1.41818304    1.78235543    1.72929289    1.79719217    1.24089291    2.95596346    2.86138963    2.33785854    2.44935399    2.46240305    2.43619418    4.12485007    2.34266099    2.34383724    2.71012567    2.33104570    1.56156114    1.97037847    2.02829297    2.04432323    2.28791411    2.11696578    1.95375459    2.20318039    2.28117660    2.12999325    2.10914083    1.82359935    2.10788557    1.74495893    1.47979946    1.87433839    1.71732250    1.66189205    1.74635086    1.85372748    1.81064438    1.80866248    1.73176921    1.49964158    1.60962611    1.63681509    1.85446043    1.54422898    1.69942629    1.52635233    1.47894033    1.46782427    1.40065920    1.43226427    1.83148046    2.04102711    2.05539117    1.65038425    1.92961734    1.65180853    1.72022348    1.74828607    1.83495993    1.29223640    1.83149244    1.61754462    1.93497156
E3FVQ8_STIAD/210-327     1.45127888    1.67960661    1.29001818    1.52623497    1.36935600    1.10322163    1.31246798    1.15538435    0.85303126    0.00000000    1.43745941    1.39679952    1.55420565    1.32918179    1.42081518    1.30657495    1.48765661    1.18175575    1.51723355    1.48914453    1.54255763    1.44021447    1.63287278    1.65716590    1.86321720    1.80717127    1.76636042    1.56190896    1.40745038    1.60920666    1.27594783    1.50522374    1.54383807    1.33985693    1.39156540    1.31782360    1.28451410    1.33292205    1.40908302    1.36160810    1.41872372    1.35679012    1.54962005    1.93958191    2.68686942    2.50745456    2.03925112    1.89777413    1.70779124    1.83861360    1.45593361    1.51166911    1.66009693    1.73971467    1.35661326    2.84147901    2.75981122    2.78050408    2.39406599    2.95935341    2.66271984    3.58440418    2.42059365    2.16616126    2.27707936    1.83591456    1.47343091    1.76183658    1.67144447    1.94895373    1.92269904    1.83028324    1.73494900    2.07566098    2.14909705    2.29655014    2.42126317    1.94520774    2.18016084    1.61979601    1.46261511    1.49215386    1.69852794    1.59972578    1.62541719    1.69823089    1.59692514    1.74919264    1.60438463    1.51221880    1.71038740    1.69274879    1.99745780    1.47076420    1.63774618    1.50904715    1.46236684    1.57779708    1.37845796    1.18467031    1.60295335    1.82804602    1.85375995    1.52922676    1.72477450    1.76177500    1.64111967    1.88649882    1.51887341    1.58106567    1.73346044    1.61956617    1.88981083
MUTL_ACICJ/206-324     1.52017315    1.60033486    1.46202927    1.29186718    1.44077038    1.31727941    1.51025615    1.28549065    1.47815575    1.43745941    0.00000000    0.73164705    0.94261444    1.42885528    1.56575431    1.42953574    1.22047889    1.23331645    1.28029357    0.97132534    1.56915857    1.33918720    1.70580080    1.38579992    1.60329152    1.60199685    1.78369562    1.49064619    1.62349540    1.79804597    1.30062967    1.52081024    1.55704946    1.63493120    1.13958364    1.54372709    1.46130609    1.34007093    1.65975093    1.39903190    1.38193865    1.22828191    1.50360776    1.76075063    2.45914448    2.34220769    2.33399922    2.07788622    1.76550271    1.82132408    1.37396614    1.64740150    1.67195758    1.90821273    1.26971723    2.58483238    2.56808930    2.43830887    2.16899461    2.20904699    2.19189443    3.30179733    2.28621369    2.23502506    2.49042166    2.25391837    1.57463022    1.45351876    1.77357582    1.59437719    1.97410728    1.85883100    1.83769110    1.93367269    2.16145799    2.06773186    2.04091407    1.66430644    1.66489119    1.21015167    1.20180936    1.67518614    1.31949507    1.40654218    1.39927240    1.56089036    1.60040267    1.45300444    1.50243533    1.51383059    1.84140657    1.51674459    1.70016393    1.31793114    1.41455859    1.47970169    1.41195024    1.54382844    1.44445821    1.31005388    1.45550912    1.61754492    1.55342173    1.46560610    1.73041584    1.73262510    1.74248250    1.67114346    1.43512232    1.44761388    1.77037937    1.90119284    1.77178025
Q0BUZ1_GRABC/216-334     1.47107528    1.72095930    1.44113112    1.34567452    1.30316955    1.24048587    1.32812576    1.33205173    1.41628997    1.39679952    0.73164705    0.00000000    0.66629171    1.25875408    1.44875216    1.38579275    1.01892209    1.05680457    1.40336244    0.93286130    1.42409640    1.24559824    1.38567731    1.52555321    1.48620403    1.62743217    1.65012886    1.51506334    1.69956784    1.92055296    1.66061879    1.63342291    1.82279137    1.52824373    1.22025985    1.31851771    1.19929230    1.20592444    1.63395551    1.13268896    1.10647921    1.13016297    1.33814050    1.71155217    2.05205516    2.03954351    2.13106263    2.28309910    1.67803090    1.65187817    1.27512697    1.48549400    1.66003141    1.80109838    1.22280824    2.56625780    2.65040095    2.38697579    2.06328817    2.25887665    1.98093755    3.31816973    2.07059543    2.08586443    2.37864374    2.08637913    1.85115156    1.80794452    1.88604725    1.95794562    1.87955878    1.70101127    1.83961652    1.99769144    2.15535593    1.93720903    2.02038769    1.78078691    1.66313238    1.34536928    1.48804102    1.68049951    1.56469656    1.82842288    1.59319945    1.88146695    1.68844836    1.39445139    1.39092532    1.37033447    1.57049405    1.48334300    1.61781576    1.44371261    1.30477632    1.71517747    1.48561205    1.61883105    1.44139226    1.54470397    1.38293428    1.72526469    1.84036790    1.61196215    1.95868023    1.83010130    1.74985261    1.46827627    1.57496355    1.47136872    1.84148786    1.82072038    1.68339741
Q5FRI3_GLUOX/215-332     1.70654411    1.65774537    1.41696125    1.36296914    1.64810701    1.40763231    1.39475399    1.33177484    1.43811904    1.55420565    0.94261444    0.66629171    0.00000000    1.46982036    1.77825757    1.65864221    1.09512254    1.16741445    1.41159295    1.19391683    1.46438185    1.57034167    1.62558707    1.72326525    1.62531057    1.51175602    1.70125048    1.89044770    1.89546097    2.01176167    1.85464646    1.92251798    1.92992491    1.84214268    1.49958432    1.63575097    1.41844850    1.31400174    1.52831527    1.59192517    1.29211051    1.49836883    1.57507744    1.92897782    2.03895237    2.21718298    2.17991809    2.32709937    1.49497831    1.63682256    1.31639841    1.70301219    1.81765108    1.79150767    1.40249949    2.48565620    2.80203207    2.44806272    1.97727240    2.10337992    2.09282940    3.63129161    2.29611104    1.96980676    2.49475887    1.96261063    2.00202374    1.71060077    2.03983397    1.85448328    2.00426572    1.95854995    2.02876487    2.25530979    2.13936381    2.05444250    2.03992262    1.84837116    1.94611151    1.50880901    1.65228356    1.76958355    1.84455122    1.73048990    1.91003346    1.85738653    1.83869727    1.61114877    1.58282430    1.53785222    1.66981766    1.55833352    1.68051896    1.61990497    1.58389231    1.86318759    1.68876564    1.85328103    1.49893584    1.73485119    1.50627597    1.78294081    1.78383623    1.51167130    1.81778294    1.73650521    1.71621015    1.62604456    1.42885609    1.47773050    1.94988584    2.03181543    1.79927479
MUTL_EHRCR/208-328     1.61643171    1.41290707    1.30989109    1.45584859    1.22364646    1.24137987    1.23926890    1.33667584    1.52831286    1.32918179    1.42885528    1.25875408    1.46982036    0.00000000    0.78718294    0.87964488    1.04830023    1.11090935    1.27808658    0.97685767    1.23511769    1.13326718    1.23143248    1.11523763    1.35790647    1.36784430    1.31810588    1.27956801    1.44995828    1.63823164    1.46142423    1.39997748    1.34845529    1.21399147    1.33592730    1.32436796    1.24213639    1.13002659    1.32229511    1.25294246    1.33126077    1.26636207    1.38467118    1.78444216    2.32401302    2.18499069    2.06238316    1.86998193    1.64094182    1.53068430    1.71282098    1.72247494    1.91299328    2.06649578    1.36297522    2.42419787    2.14764089    2.03784826    2.45682881    2.27398040    2.16551933    3.02074375    2.02589691    1.61652604    1.81233836    1.76739762    1.49298177    1.80558620    2.06648524    1.94541477    1.97750077    1.71757054    1.75863951    2.12261641    2.16994057    1.92681641    1.64050459    1.75311863    1.83038166    1.58827898    1.73799298    1.61063359    1.66096231    1.81701883    1.81522507    2.01876698    1.90809000    1.62603960    1.77842080    1.45424064    1.79340830    1.61239646    1.47317226    1.70317827    1.95442571    1.57767632    1.39307101    1.70594170    1.44321654    1.50425553    1.47445968    1.50487027    1.52878729    1.54777950    1.44595750    1.42914321    1.48298733    1.46322140    1.44394595    1.48003163    1.54241080    1.78885988    1.58848997
MUTL_ANAPZ/208-328     1.71087120    1.41317918    1.59743052    1.59842130    1.33145740    1.35875366    1.35231142    1.25579570    1.68840812    1.42081518    1.56575431    1.44875216    1.77825757    0.78718294    0.00000000    0.61274441    1.28400941    1.24235442    1.36578400    1.09836041    1.55466907    1.21670881    1.35656257    1.14187912    1.44034975    1.54425098    1.63746880    1.44046154    1.69508424    1.69539592    1.64020201    1.55439832    1.59097018    1.44169605    1.25238965    1.23472965    1.20061659    1.22658584    1.23278668    1.49791608    1.34352867    1.19253398    1.23406852    1.82946020    2.25688349    1.75126727    2.32958362    1.78150496    1.56730370    1.72576652    1.67821828    1.77546430    1.65395593    2.01485319    1.37529696    2.61940536    2.49908508    2.11276062    2.74208292    2.79792512    2.42070985    3.42765100    2.21623877    2.05372391    2.43084459    2.04797844    1.58753293    1.68159705    1.88053394    1.72421686    1.89628435    1.76340855    1.64596075    1.88511319    2.06072014    2.00673478    1.91888452    1.60810849    1.61928173    1.56368435    1.66100824    1.58523989    1.71808672    1.78264878    1.81494186    1.96477112    1.85571644    1.59058333    1.78294473    1.52292474    1.57093917    1.64736657    1.66673909    1.55284378    1.64274801    1.58071478    1.32548810    1.67157916    1.68386593    1.55989135    1.56472123    1.50403642    1.74942115    1.52809154    1.44665925    1.56898375    1.58146831    1.72885968    1.61640122    1.49296998    1.46825890    1.63884749    1.55590027
B9KI10_ANAMF/217-332     1.72705167    1.56710642    1.58707746    1.49372554    1.33993011    1.25486591    1.20635318    1.11964124    1.69326252    1.30657495    1.42953574    1.38579275    1.65864221    0.87964488    0.61274441    0.00000000    1.10513213    1.16179549    1.20423523    1.09929559    1.49349179    1.26920613    1.35113601    1.14095245    1.44071702    1.54747508    1.64606285    1.39656052    1.48777256    1.48907899    1.44400507    1.44342890    1.57006110    1.20394500    1.12182853    1.31598195    1.22698193    1.22504440    1.08820147    1.26869318    1.28391969    1.18280138    1.18924383    1.75534792    2.19811553    1.88061564    2.28349011    1.85146400    1.71129397    1.70370180    1.65130861    1.82995647    1.46277407    1.86298932    1.35021585    2.44041037    2.36486754    2.18170738    2.60489249    2.70800320    2.39150325    3.47598230    2.30284604    1.74247382    2.17513111    1.78683083    1.40267082    1.54627425    1.76888770    1.53469630    1.94612332    1.67221107    1.45132341    1.66624557    2.06111799    1.82089165    1.87393369    1.48512015    1.56786238    1.45193912    1.72791381    1.52315690    1.75086883    1.67112276    1.85444656    1.94521762    1.79174641    1.58167122    1.77789327    1.20209111    1.52905485    1.47920557    1.64588346    1.59493767    1.73476098    1.50951182    1.42132635    1.43169676    1.62162424    1.51397894    1.55431182    1.57204869    1.62333243    1.71505944    1.66360568    1.67314502    1.55404967    1.60383618    1.50814091    1.45585715    1.49521587    1.54506111    1.73423830
Q2NAP0_ERYLH/214-332     1.76175594    1.38744265    1.48250392    1.35497809    1.31183555    1.38844616    1.49221387    1.42333262    1.46571730    1.48765661    1.22047889    1.01892209    1.09512254    1.04830023    1.28400941    1.10513213    0.00000000    0.85559606    1.03357122    0.71408849    1.41407324    1.07610857    1.17002404    1.05916021    1.21740003    1.30133306    1.22368473    1.21691192    1.43511794    1.59004931    1.24937503    1.24823906    1.61912738    1.21634150    1.15228164    1.11727660    1.15199571    0.89482688    1.25969744    1.14078508    0.96843806    0.90573135    1.06628955    1.78933513    2.04740614    2.01501120    2.62300169    2.08254230    1.68939830    1.57222570    1.31588546    1.79149695    1.73147363    1.87821423    1.39085668    2.94438047    2.38434536    2.32206060    2.32122731    2.69846180    2.47806960    3.74359100    2.27209339    2.21597028    2.29821365    1.96101068    2.11521009    2.00706817    2.05732998    1.83260052    2.22740371    1.97421085    2.10669872    2.27277364    2.29104045    1.89632668    2.10973980    1.83422715    2.24167466    1.61682262    1.77346551    1.79407995    1.80234935    2.08246408    1.91617636    2.01452521    1.93317319    1.65447550    2.05394615    1.59168195    2.01959023    1.86457522    1.54283664    1.83798255    1.82889721    1.75480289    1.44206676    1.65655049    1.52267562    1.49822276    1.52639917    1.73196379    1.88132354    1.53675206    1.55932568    1.60641607    1.69158151    1.62525371    1.43248910    1.80391906    1.69687177    1.78601104    1.82671818
A5CFB6_ORITB/216-334     1.41486635    1.27790304    1.35624166    1.52214672    1.37293510    1.23322542    1.17120452    1.47609711    1.62228079    1.18175575    1.23331645    1.05680457    1.16741445    1.11090935    1.24235442    1.16179549    0.85559606    0.00000000    0.61196832    0.78628530    1.40003810    1.16657142    1.27469113    1.27890037    1.26020389    1.22194043    1.41945926    1.36074653    1.33282689    1.28384829    1.23871602    1.30322686    1.27415051    1.14863218    1.08541550    1.32410731    1.26863390    1.17274851    1.30925423    1.27752880    1.29517771    1.05260457    1.17166827    1.83333681    2.27231390    2.10388886    2.39378207    1.83266122    1.42395830    1.68091942    1.38748003    1.45039355    1.51650967    1.89476163    1.36519427    2.30494001    2.05322298    2.13954890    2.20570278    2.60597349    2.37620381    2.68328497    2.00877091    1.93216938    2.16452655    1.70473966    1.59329523    1.74871285    1.80049963    1.96088554    1.78065671    1.58627579    1.79864567    2.09542937    2.28665592    1.95687502    1.82446005    1.75558313    1.87755907    1.64486827    1.72067349    1.69151799    1.55361977    1.64501652    1.62060810    1.90668299    1.76584335    1.78315438    1.70397380    1.60453147    1.92213765    1.77603908    1.56400615    1.59216007    1.70149361    1.45322140    1.32902412    1.51914515    1.60870227    1.39063093    1.63815589    1.49472865    1.67100871    1.28991820    1.29792731    1.41379903    1.52340158    1.40862360    1.52973119    1.45994802    1.73049958    1.59963756    1.53133654
MUTL_RICPR/213-329     1.75309560    1.35998078    1.39379477    1.56167101    1.36814611    1.47576581    1.51025696    1.55884677    1.82096790    1.51723355    1.28029357    1.40336244    1.41159295    1.27808658    1.36578400    1.20423523    1.03357122    0.61196832    0.00000000    0.91288205    1.43883765    1.14814531    1.32883396    1.28625538    1.20686576    1.37235193    1.49196908    1.55129155    1.28687206    1.23167657    1.28413928    1.34820234    1.45688615    1.19138281    0.97193026    1.29163036    1.37816110    1.21567693    1.22216008    1.35690640    1.12984070    1.27925294    1.26024704    2.06863913    2.31161852    2.03392973    2.21005126    1.90430991    1.51840582    1.79354082    1.51146771    1.58046958    1.41301099    1.94071363    1.43404911    2.64646460    2.03706443    2.18716512    2.24190574    2.64113004    2.50050450    3.08591931    2.40274033    2.29273544    2.50860150    2.04258391    1.56171721    1.81042702    1.94426805    1.83438437    2.07921522    1.84941641    1.81572109    2.25902485    2.26630536    2.27698242    2.02383480    1.88825321    2.08528697    1.81236949    1.58933601    1.68994553    1.65776557    1.41716789    1.71308362    1.83224246    1.65817595    1.69158526    1.90849897    1.42025349    1.90209374    1.81066118    1.45673981    1.68738525    1.72145826    1.56779666    1.54941251    1.76693627    1.57964331    1.51501885    1.62053997    1.52600196    1.83496941    1.48838894    1.50490827    1.35058867    1.48235992    1.66488556    1.41907964    1.64210573    1.74792336    1.66101405    1.71986717
MUTL_BRUA2/211-327     1.76063409    1.50406456    1.72633237    1.36727633    1.06224480    1.15364733    1.18984964    1.23429764    1.41371885    1.48914453    0.97132534    0.93286130    1.19391683    0.97685767    1.09836041    1.09929559    0.71408849    0.78628530    0.91288205    0.00000000    0.95339188    1.01792425    1.09329585    1.16738978    1.13563455    1.31580748    1.20558624    1.22438020    1.30679222    1.52965933    1.21093347    1.26467711    1.25006210    1.16394807    0.92680710    0.95345995    1.20334615    1.13444796    1.06055604    0.99633124    1.06130278    0.88465061    0.99234754    1.85742323    2.26165516    2.03761417    2.36860654    1.79675398    1.62672280    1.67684089    1.30847758    1.42361585    1.44690102    1.78712410    1.22855861    2.74246509    2.43966991    2.12218236    2.55597426    2.50747763    2.40737059    3.02130127    2.02608690    2.13966322    2.49121197    2.00490518    1.54227057    1.78923319    2.23826625    1.96794258    2.09511975    1.92751229    2.21292718    2.44812954    2.48179086    2.35711734    2.10146885    1.88317291    2.11303708    1.24701871    1.44326047    1.65905999    1.47857537    1.84774689    1.55355647    1.88896815    1.63948337    1.52703032    1.83772411    1.45653196    1.80982694    1.70614400    1.52086618    1.66736366    1.49463666    1.58155855    1.44423705    1.46524467    1.38390397    1.41226226    1.63018573    1.61381206    1.58511523    1.63554441    1.65811586    1.43620374    1.55381605    1.53788386    1.28098775    1.53440664    1.64858123    1.63665525    1.67650276
MUTL_SYNFM/209-327     1.75256094    1.62631695    1.41285450    1.68187440    1.13452726    1.11772763    1.30835374    1.29167624    1.14443324    1.54255763    1.56915857    1.42409640    1.46438185    1.23511769    1.55466907    1.49349179    1.41407324    1.40003810    1.43883765    0.95339188    0.00000000    1.12861859    1.37705238    1.48688403    1.56354170    1.30684577    1.33416282    1.76709385    1.31562273    1.96532863    1.39930714    1.42599088    1.68892558    1.32939441    1.41258869    1.25634109    1.58101310    1.53400729    1.28489375    1.31938866    1.47367118    1.20610614    1.28091116    1.97186046    2.08739963    2.30642110    1.77580056    2.05896656    1.56171466    1.47760609    1.34959841    1.75967501    1.74940301    1.66474760    1.19850354    2.36663213    2.11975540    2.25128613    2.26473651    2.13140923    2.17269981    3.07770878    2.06950495    2.30568947    2.46135988    2.32680265    1.29339243    1.64958155    1.69119674    1.78202812    1.81719593    1.60175816    1.70480821    1.90843567    2.06044401    2.01661046    2.05512429    1.57938658    1.74141859    1.64017869    1.25889989    1.50852625    1.49979137    1.43378676    1.51399419    1.56180970    1.46346837    1.56081123    1.48647064    1.34575205    1.54261867    1.27806679    1.71218902    1.38468416    1.68104961    1.43010647    1.58075492    1.67654724    1.39427417    1.29707121    1.77448218    1.78202634    1.81948219    1.48205201    1.69153389    1.60285855    1.30091285    1.69596364    1.53021059    1.66303818    1.73083553    1.60495439    1.55263764
A0L6G5_MAGMM/217-335     1.65924748    1.35012359    1.36875933    1.46838071    1.12568275    1.14956702    1.10496476    1.38626962    1.33268684    1.44021447    1.33918720    1.24559824    1.57034167    1.13326718    1.21670881    1.26920613    1.07610857    1.16657142    1.14814531    1.01792425    1.12861859    0.00000000    1.14690950    1.07512437    1.22268798    1.41336247    1.29671681    1.34668271    1.32441504    1.47296506    1.31707028    1.53328686    1.33876085    1.29808115    1.31077208    1.17003466    1.09245682    1.12444241    1.17030042    1.16610451    1.07832868    0.95452156    1.05887999    1.90133668    2.26190143    2.17494644    1.98463072    2.19756143    1.75799291    1.74947496    1.31465190    1.63720997    1.76428210    1.76553349    1.22963142    2.27748319    2.05689432    2.58650770    2.23653428    2.59314929    2.10423584    2.89712787    1.86266340    2.04881246    2.29508306    2.04049875    1.67450911    1.81998991    2.19326136    2.21117229    2.21371938    1.94747628    1.85815014    2.07193542    2.16145473    1.84773541    2.03370475    1.76902884    1.82935153    1.45041713    1.59470738    1.51587548    1.66869839    1.56712587    1.54360749    1.50102753    1.67681023    1.48011137    1.63729910    1.67963203    1.61996779    1.62431738    1.65372700    1.44362628    1.71093192    1.56398031    1.26791505    1.71001521    1.45994100    1.51223485    1.36297200    1.37134555    1.45621183    1.62421679    1.44512517    1.53029854    1.39833078    1.48760510    1.49736482    1.44105781    1.51403150    1.60422112    1.72975274
Q0AB62_ALKEH/214-332     1.83289931    1.68765483    1.39941957    1.41511331    1.16030551    1.14858365    1.24573094    1.57308648    1.29104225    1.63287278    1.70580080    1.38567731    1.62558707    1.23143248    1.35656257    1.35113601    1.17002404    1.27469113    1.32883396    1.09329585    1.37705238    1.14690950    0.00000000    0.71732493    0.89527157    0.93349397    0.83779707    0.85513196    0.92668496    1.48273012    0.89202490    1.00557100    1.05219482    0.85280883    0.74512915    0.69169554    1.00405795    0.81811311    0.99411649    0.76584487    0.81615006    0.69554818    0.95642577    2.27351308    2.60600003    2.26041803    2.29632164    2.38018704    1.56397370    1.44656011    1.30314813    1.43105917    1.59460220    1.94906780    1.34818017    2.59113663    2.44714072    2.37093478    2.68305517    2.66233595    2.57783667    3.21044426    2.25682672    2.55471782    2.55577208    2.54272510    1.93055774    1.91835242    2.25136108    2.05002835    2.23808166    2.04895237    1.88678494    2.27550957    2.32464782    2.28743583    2.15364333    1.76957841    2.01479446    1.59146284    1.78719698    1.75122125    1.87676191    1.82051820    1.90667830    1.75208537    1.74551308    1.68798230    1.80835621    1.60427125    1.79642366    1.59294744    1.66592316    1.72545178    1.60189518    1.51591083    1.41957156    1.96024367    1.96408602    1.75666787    1.52588194    1.66687142    1.66013900    1.75748901    1.73817560    1.45781755    1.63209777    1.57171200    1.55379674    1.39876351    1.72394749    1.40152857    1.90371310
Q31GP4_HYDCU/224-342     1.85373813    1.52970597    1.25833044    1.21570953    1.38864186    1.35650013    1.27130730    1.53538369    1.38544401    1.65716590    1.38579992    1.52555321    1.72326525    1.11523763    1.14187912    1.14095245    1.05916021    1.27890037    1.28625538    1.16738978    1.48688403    1.07512437    0.71732493    0.00000000    0.89657327    1.05817731    0.91506572    0.86429084    1.10810575    1.29034510    1.04547236    1.00630946    1.12811085    1.05000667    0.84121103    0.78934424    1.08130122    0.97831108    1.23791717    1.00834377    1.09772844    0.75115708    0.88038238    1.82820506    2.60840363    2.38809007    2.25286534    2.24451300    1.56032938    1.63335899    1.18370371    1.48860346    1.53394207    2.27757367    1.42765789    2.64414538    2.33465260    2.14265582    2.17244309    2.61705101    2.32931119    2.95804098    2.08450032    2.10557088    2.48021947    2.56312483    1.85146225    1.65362927    2.16029798    1.73339297    2.25951628    1.79950274    1.82465552    1.92637386    1.94660241    1.89232914    2.05823475    1.62027141    1.79380404    1.66559658    1.63496364    1.70591123    1.66150938    1.81341179    1.81073798    1.76754579    1.88496919    1.59576959    1.84375205    1.53768609    1.90203328    1.65349075    1.56168640    1.66784499    1.82490486    1.46592761    1.46641444    2.14124588    1.87449169    1.64428171    1.66918438    1.69877830    1.68932108    1.67354595    1.54663136    1.43227234    1.66012337    1.69452224    1.54096757    1.45151792    1.58501824    1.36286721    1.70583843
