26
POLG_PVMA/45-297     0.00000000    3.91002216    3.10027478    3.44556402    3.67155444    3.60859481    2.71147173    2.74767946    2.79984192    2.84893463    2.91934448    3.16663216    3.33451614    3.42933128    3.26461385    3.21053237    2.67879499    2.37997335    3.44325080    2.92418035    3.25525183    2.83346761    3.02119386    3.18994044    3.71101363    3.19941146
POLG_RGMVD/13-255     3.91002216    0.00000000    3.09737137    2.98481696    3.96347978    4.07559261    3.42368476    3.52036076    3.82116480    4.03517673    4.27487798    3.80424613    3.91684463    3.69719615    3.49113308    3.89823108    3.09394987    3.98963682    3.74041325    3.96380657    4.04130686    3.75768091    3.78998517    3.72847464    3.77850890    4.28783142
Q82933_9POTV/2-236     3.10027478    3.09737137    0.00000000    1.81764369    3.33224071    3.10721352    3.46628312    2.98160996    4.30469374    4.39630025    4.15584358    3.89974814    4.39855893    3.89059100    3.64322959    3.53733062    3.53935936    3.68190488    3.26146452    3.45756534    3.58195517    3.99947673    3.46057529    4.18763067    3.24476189    3.54716080
O73463_MDMV/2-232     3.44556402    2.98481696    1.81764369    0.00000000    3.42040612    3.21308334    3.51343792    2.82096651    3.45374835    3.49493285    4.94255915    3.54455988    3.86792144    3.83451994    4.20346697    3.92977236    3.19492489    3.32288447    3.62626336    3.76687897    2.91903213    3.13449171    3.08859676    3.46778069    3.64005950    4.30136337
P90213_9POTV/300-546     3.67155444    3.96347978    3.33224071    3.42040612    0.00000000    0.50019671    2.79506829    2.24169991    3.46009832    3.48950681    3.55943856    4.04353414    4.00852149    3.82087570    3.70418500    3.39376999    3.70069213    3.68368664    3.24677606    2.52704376    2.49077059    2.88174318    2.59779863    2.39828911    3.66712462    3.55628142
POLG_PRSVH/300-546     3.60859481    4.07559261    3.10721352    3.21308334    0.50019671    0.00000000    2.86256023    2.18715659    3.63753401    3.26480812    3.39825195    4.27730407    4.13571837    4.05042604    3.48157291    3.60645441    3.54684310    3.98366609    3.32141569    2.79892273    2.54518543    2.85184171    2.57558841    2.60412750    3.18317817    3.34894931
Q85074_9POTV/144-397     2.71147173    3.42368476    3.46628312    3.51343792    2.79506829    2.86256023    0.00000000    0.47809109    2.88376811    3.23843563    3.75256902    3.75404561    3.69022115    4.02819673    3.74102168    3.19813748    3.57735136    2.82013217    3.48737758    2.70874706    2.41618290    2.31382826    3.01755276    3.36596802    3.21384885    3.33795306
POLG_PSBMV/143-396     2.74767946    3.52036076    2.98160996    2.82096651    2.24169991    2.18715659    0.47809109    0.00000000    2.81192177    3.08327092    3.26901480    3.58673935    3.60311119    3.84174587    3.52412723    3.03335199    3.57956941    3.01313027    3.38272593    2.77645256    2.15681111    2.02307262    2.61224931    3.08749682    3.16670869    3.04803109
Q65892_BYMV/40-283     2.79984192    3.82116480    4.30469374    3.45374835    3.46009832    3.63753401    2.88376811    2.81192177    0.00000000    0.37007950    2.91447139    2.58678752    2.59160047    2.50056414    3.36611880    3.23642350    2.76713448    2.82828879    3.08775304    2.57100111    2.60758778    2.59129648    3.09210537    4.75535479    3.65712477    3.42412038
Q65852_BYMV/40-283     2.84893463    4.03517673    4.39630025    3.49493285    3.48950681    3.26480812    3.23843563    3.08327092    0.37007950    0.00000000    3.12113654    2.50665790    2.64084262    2.53127364    3.63041048    3.47798925    2.58040634    2.91305109    3.32919313    2.74169655    2.57811944    2.71904755    3.28822828    4.40259905    4.09228489    3.55184086
POLG_PEMVM/73-321     2.91934448    4.27487798    4.15584358    4.94255915    3.55943856    3.39825195    3.75256902    3.26901480    2.91447139    3.12113654    0.00000000    2.68941822    2.69944417    2.96075824    2.59552840    2.53060877    2.55417565    3.19894976    4.13429420    3.56934135    3.07665998    3.01009332    4.25535248    2.81283823    3.93715471    3.55980869
POLG_ZYMVC/70-309     3.16663216    3.80424613    3.89974814    3.54455988    4.04353414    4.27730407    3.75404561    3.58673935    2.58678752    2.50665790    2.68941822    0.00000000    0.55899275    0.59680159    2.09165169    2.00094540    1.96563955    3.01356228    3.55877621    3.03015620    3.13105910    2.94925317    3.80467394    3.92226500    3.34954956    3.78130161
POLG_ZYMVR/71-312     3.33451614    3.91684463    4.39855893    3.86792144    4.00852149    4.13571837    3.69022115    3.60311119    2.59160047    2.64084262    2.69944417    0.55899275    0.00000000    0.42677709    2.18272430    2.23802050    2.26739749    3.22856670    3.75431989    3.16909417    3.13438245    2.84333340    3.82912366    3.72576318    3.79288916    3.89860160
POLG_ZYMVS/71-312     3.42933128    3.69719615    3.89059100    3.83451994    3.82087570    4.05042604    4.02819673    3.84174587    2.50056414    2.53127364    2.96075824    0.59680159    0.42677709    0.00000000    2.24069497    2.10588684    2.14003664    3.07897847    3.63701779    3.29977717    3.24303753    3.04315173    3.64500536    3.75927955    3.53021822    3.87664924
POLG_BCMNN/77-316     3.26461385    3.49113308    3.64322959    4.20346697    3.70418500    3.48157291    3.74102168    3.52412723    3.36611880    3.63041048    2.59552840    2.09165169    2.18272430    2.24069497    0.00000000    1.47026970    1.36862497    3.30332019    4.19295726    3.08521862    3.18303353    3.19210932    3.98384467    3.31184864    3.90490899    4.07861391
POLG_SBMVG/69-307     3.21053237    3.89823108    3.53733062    3.92977236    3.39376999    3.60645441    3.19813748    3.03335199    3.23642350    3.47798925    2.53060877    2.00094540    2.23802050    2.10588684    1.47026970    0.00000000    1.30800276    3.52617854    3.75608452    3.53692907    3.35056490    3.53952862    3.84101265    3.40491971    4.04860457    4.50231223
Q85057_9POTV/204-442     2.67879499    3.09394987    3.53935936    3.19492489    3.70069213    3.54684310    3.57735136    3.57956941    2.76713448    2.58040634    2.55417565    1.96563955    2.26739749    2.14003664    1.36862497    1.30800276    0.00000000    3.00108176    3.16080721    3.38742171    3.26157467    3.43046233    3.68286405    3.63778312    3.88249428    4.08419962
POLG_TVMV/30-273     2.37997335    3.98963682    3.68190488    3.32288447    3.68368664    3.98366609    2.82013217    3.01313027    2.82828879    2.91305109    3.19894976    3.01356228    3.22856670    3.07897847    3.30332019    3.52617854    3.00108176    0.00000000    2.39395322    2.32223460    2.11453682    2.17791389    2.90085881    3.03817476    3.00027566    2.59433233
POLG_TEV/53-303     3.44325080    3.74041325    3.26146452    3.62626336    3.24677606    3.32141569    3.48737758    3.38272593    3.08775304    3.32919313    4.13429420    3.55877621    3.75431989    3.63701779    4.19295726    3.75608452    3.16080721    2.39395322    0.00000000    2.92565920    2.79811204    2.70806493    2.52090779    3.64376932    2.70024076    3.30946010
POLG_PEMVC/44-286     2.92418035    3.96380657    3.45756534    3.76687897    2.52704376    2.79892273    2.70874706    2.77645256    2.57100111    2.74169655    3.56934135    3.03015620    3.16909417    3.29977717    3.08521862    3.53692907    3.38742171    2.32223460    2.92565920    0.00000000    1.33228466    1.35050035    2.60479758    3.08962248    3.11532415    2.38272731
POLG_PVYN/41-283     3.25525183    4.04130686    3.58195517    2.91903213    2.49077059    2.54518543    2.41618290    2.15681111    2.60758778    2.57811944    3.07665998    3.13105910    3.13438245    3.24303753    3.18303353    3.35056490    3.26157467    2.11453682    2.79811204    1.33228466    0.00000000    0.32538543    1.81592016    2.30361641    2.38959947    2.44838447
POLG_PVYHU/41-283     2.83346761    3.75768091    3.99947673    3.13449171    2.88174318    2.85184171    2.31382826    2.02307262    2.59129648    2.71904755    3.01009332    2.94925317    2.84333340    3.04315173    3.19210932    3.53952862    3.43046233    2.17791389    2.70806493    1.35050035    0.32538543    0.00000000    1.92332377    2.34204874    2.24314173    2.24933474
O39734_9POTV/410-663     3.02119386    3.78998517    3.46057529    3.08859676    2.59779863    2.57558841    3.01755276    2.61224931    3.09210537    3.28822828    4.25535248    3.80467394    3.82912366    3.64500536    3.98384467    3.84101265    3.68286405    2.90085881    2.52090779    2.60479758    1.81592016    1.92332377    0.00000000    2.32133102    2.25382184    2.65395890
POLG_TUMVJ/107-361     3.18994044    3.72847464    4.18763067    3.46778069    2.39828911    2.60412750    3.36596802    3.08749682    4.75535479    4.40259905    2.81283823    3.92226500    3.72576318    3.75927955    3.31184864    3.40491971    3.63778312    3.03817476    3.64376932    3.08962248    2.30361641    2.34204874    2.32133102    0.00000000    2.76190645    2.18702294
POLG_LMV0/179-436     3.71101363    3.77850890    3.24476189    3.64005950    3.66712462    3.18317817    3.21384885    3.16670869    3.65712477    4.09228489    3.93715471    3.34954956    3.79288916    3.53021822    3.90490899    4.04860457    3.88249428    3.00027566    2.70024076    3.11532415    2.38959947    2.24314173    2.25382184    2.76190645    0.00000000    2.53245865
POLG_PPVD/59-307     3.19941146    4.28783142    3.54716080    4.30136337    3.55628142    3.34894931    3.33795306    3.04803109    3.42412038    3.55184086    3.55980869    3.78130161    3.89860160    3.87664924    4.07861391    4.50231223    4.08419962    2.59433233    3.30946010    2.38272731    2.44838447    2.24933474    2.65395890    2.18702294    2.53245865    0.00000000

