22
SYA_ARCFU/64-592     0.00000000    0.93988382    1.01094797    0.98757314    2.60666530    2.35529571    2.68761781    2.51697057    2.55135000    2.56860925    2.73512343    2.79127727    2.55949300    2.76419701    2.66121330    2.65978915    2.64312132    3.15412672    2.56518408    2.56941121    2.56362048    2.44766461
SYA_PYRFU/61-605     0.93988382    0.00000000    0.83771534    0.78208950    2.96262205    2.32234103    2.79763059    2.74358147    2.69306397    2.69508919    2.79101272    2.89934625    2.71637129    2.82878274    2.81763920    2.75960354    2.65130014    3.26141859    2.73683749    2.65142518    2.54130399    2.52996318
SYA_METTH/58-581     1.01094797    0.83771534    0.00000000    0.76089137    2.69114320    2.51661035    2.69168199    2.42890294    2.59155803    2.62353393    2.73860995    2.89587972    2.78303023    2.96560260    2.71483614    2.71611208    2.59986941    2.95972975    2.48519155    2.49025182    2.61920736    2.46000756
SYA_METJA/61-582     0.98757314    0.78208950    0.76089137    0.00000000    2.71498746    2.43060123    2.67437579    2.63132259    2.58006762    2.61905805    2.67830421    2.89808375    2.62321659    2.82320326    2.84630172    2.74839047    2.74349665    3.09744118    2.52229480    2.72147772    2.61001605    2.66306623
SYA_CHLTR/5-553     2.60666530    2.96262205    2.69114320    2.71498746    0.00000000    1.02003407    1.02758419    0.99487005    0.95922040    1.13282721    1.20057068    1.13707791    1.20849208    1.24447569    1.20421702    1.29834074    1.22473565    1.57340370    1.15670417    1.31222965    1.19705989    1.30417123
SYA_AQUAE/7-551     2.35529571    2.32234103    2.51661035    2.43060123    1.02003407    0.00000000    0.79957292    0.83716093    0.78600923    0.97467783    1.03527583    1.10824021    1.12182236    1.24616497    1.09279651    1.14638529    1.14043464    1.44192691    0.95748343    1.10909739    1.00733555    0.87977389
B7J7B1_ACIF2/6-555     2.68761781    2.79763059    2.69168199    2.67437579    1.02758419    0.79957292    0.00000000    0.64781901    0.55173701    0.86923436    0.99643730    1.14401994    1.15618625    1.19055190    1.12063256    1.15964629    1.12206569    1.40276717    1.02480278    1.07249913    0.90439642    0.98204036
SYA_HAEIN/6-555     2.51697057    2.74358147    2.42890294    2.63132259    0.99487005    0.83716093    0.64781901    0.00000000    0.29576008    0.80306500    0.94680872    1.00765949    1.15434866    1.18582467    1.12401088    1.12576572    1.11572086    1.38882288    0.95280575    1.11277411    0.94244334    0.97288634
SYA_ECOLI/7-556     2.55135000    2.69306397    2.59155803    2.58006762    0.95922040    0.78600923    0.55173701    0.29576008    0.00000000    0.81123751    0.88686096    0.94409154    1.04668129    1.05920291    1.03046024    0.98539342    1.00805672    1.33696503    0.95769557    1.06451037    0.90384941    0.94176923
SYA_RICPR/8-559     2.56860925    2.69508919    2.62353393    2.61905805    1.13282721    0.97467783    0.86923436    0.80306500    0.81123751    0.00000000    1.09427393    1.26428560    1.26125180    1.40646481    1.32104836    1.32169627    1.33939343    1.51835928    1.09688392    1.25373292    1.14155265    1.22974049
SYA_HELPY/2-546     2.73512343    2.79101272    2.73860995    2.67830421    1.20057068    1.03527583    0.99643730    0.94680872    0.88686096    1.09427393    0.00000000    1.31252938    1.27841190    1.40824605    1.30903186    1.30847136    1.34967968    1.50097903    1.16440609    1.32084037    1.21182349    1.07727975
SYA_ARATH/63-638     2.79127727    2.89934625    2.89587972    2.89808375    1.13707791    1.10824021    1.14401994    1.00765949    0.94409154    1.26428560    1.31252938    0.00000000    0.64350361    0.68296182    0.64245984    0.65455192    0.64927104    1.59315959    1.18639668    1.22895457    1.20775828    1.23803570
SYA_YEAST/38-617     2.55949300    2.71637129    2.78303023    2.62321659    1.20849208    1.12182236    1.15618625    1.15434866    1.04668129    1.26125180    1.27841190    0.64350361    0.00000000    0.50266062    0.63187068    0.65597389    0.62350281    1.65357763    1.24512114    1.32872071    1.24802376    1.31103015
SYA_SCHPO/14-598     2.76419701    2.82878274    2.96560260    2.82320326    1.24447569    1.24616497    1.19055190    1.18582467    1.05920291    1.40646481    1.40824605    0.68296182    0.50266062    0.00000000    0.71186722    0.69135412    0.65524542    1.55883577    1.24487057    1.31184647    1.37132006    1.37419323
SYAC_CAEEL/8-598     2.66121330    2.81763920    2.71483614    2.84630172    1.20421702    1.09279651    1.12063256    1.12401088    1.03046024    1.32104836    1.30903186    0.64245984    0.63187068    0.71186722    0.00000000    0.52500856    0.52355232    1.62723105    1.19057425    1.24709281    1.27260186    1.28766712
SYAC_HUMAN/9-597     2.65978915    2.75960354    2.71611208    2.74839047    1.29834074    1.14638529    1.15964629    1.12576572    0.98539342    1.32169627    1.30847136    0.65455192    0.65597389    0.69135412    0.52500856    0.00000000    0.40100637    1.67092137    1.20425308    1.30612729    1.29133472    1.26305526
SYAC_BOMMO/9-597     2.64312132    2.65130014    2.59986941    2.74349665    1.22473565    1.14043464    1.12206569    1.11572086    1.00805672    1.33939343    1.34967968    0.64927104    0.62350281    0.65524542    0.52355232    0.40100637    0.00000000    1.65659448    1.18917320    1.29885136    1.21215538    1.22406318
SYA_MYCPN/7-559     3.15412672    3.26141859    2.95972975    3.09744118    1.57340370    1.44192691    1.40276717    1.38882288    1.33696503    1.51835928    1.50097903    1.59315959    1.65357763    1.55883577    1.62723105    1.67092137    1.65659448    0.00000000    1.23614625    1.45738764    1.50491170    1.50519440
SYA_BACSU/8-558     2.56518408    2.73683749    2.48519155    2.52229480    1.15670417    0.95748343    1.02480278    0.95280575    0.95769557    1.09688392    1.16440609    1.18639668    1.24512114    1.24487057    1.19057425    1.20425308    1.18917320    1.23614625    0.00000000    1.16360412    0.92523390    0.99114108
SYA_MYCTU/5-574     2.56941121    2.65142518    2.49025182    2.72147772    1.31222965    1.10909739    1.07249913    1.11277411    1.06451037    1.25373292    1.32084037    1.22895457    1.32872071    1.31184647    1.24709281    1.30612729    1.29885136    1.45738764    1.16360412    0.00000000    1.06482070    1.09483825
SYA_SYNY3/12-554     2.56362048    2.54130399    2.61920736    2.61001605    1.19705989    1.00733555    0.90439642    0.94244334    0.90384941    1.14155265    1.21182349    1.20775828    1.24802376    1.37132006    1.27260186    1.29133472    1.21215538    1.50491170    0.92523390    1.06482070    0.00000000    0.86367864
SYA_THET8/5-566     2.44766461    2.52996318    2.46000756    2.66306623    1.30417123    0.87977389    0.98204036    0.97288634    0.94176923    1.22974049    1.07727975    1.23803570    1.31103015    1.37419323    1.28766712    1.26305526    1.22406318    1.50519440    0.99114108    1.09483825    0.86367864    0.00000000

