62
Q82B44_STRAW/116-328     0.00000000    1.74038615    1.78809976    1.81740911    2.15451497    1.95283094    2.10498095    1.86785892    2.04311750    2.47525347    3.00280309    2.00525482    1.79595961    2.10179906    2.20382645    2.95569798    2.88051932    2.45228122    3.54536057    2.12451362    2.03443123    2.19855665    1.98381749    2.29347848    1.67822745    2.38705448    2.20798829    2.05128561    2.31321304    2.10007330    2.35326798    2.22512286    1.83697641    2.16242604    2.64447918    2.10822844    2.16782510    2.45365271    2.20122420    2.39583339    2.12978624    2.15656999    1.87427504    2.37752233    2.31453402    1.81114550    2.59733196    2.34200313    2.12252647    2.56529013    2.15603072    1.94429692    2.05647782    1.67763242    1.87652377    2.20407680    2.01785535    2.67289721    2.24537035    2.35209074    1.84718407    1.84936035
Q8XP50_CLOPE/109-309     1.74038615    0.00000000    1.42413114    1.42392601    1.78088873    1.74523371    1.82382928    1.76275085    1.96596486    1.95028375    2.94747767    1.97684542    2.09945424    2.40742299    2.78732788    2.32469139    2.52003632    2.32650797    2.90828977    2.14706972    1.69447579    2.05779323    2.13768359    2.33201792    1.64310096    1.94670564    2.07539343    1.82494662    2.10661294    2.47385755    2.21683506    1.97177282    2.00423029    1.96991763    2.61393527    1.88782483    2.13530882    1.81712955    1.86679552    2.47396909    2.13065011    2.09366687    1.60958455    2.08894982    2.03417706    1.94327046    2.49944709    2.19407191    2.37705858    2.25133811    1.68437169    1.95979970    1.71675479    1.85689825    1.67491269    2.01531665    2.14962365    2.49653519    2.56007561    2.60886447    2.33623562    2.01204569
B8I0V7_RUMCH/52-254     1.78809976    1.42413114    0.00000000    1.34443355    1.94320594    1.90023600    1.82868847    1.73249582    2.05882776    2.05486332    2.46194828    2.04298745    2.08734469    1.76298306    2.81006400    2.86423300    2.92165599    2.30295858    2.85614180    2.38047649    1.81429746    2.07780493    1.79533992    2.06513446    2.07248974    1.65889351    2.19330195    1.86233723    1.97196707    2.17984582    1.86381377    1.83902036    1.76713213    1.88970332    2.48947459    2.08553899    2.02843660    1.91171439    1.97735333    2.17666632    1.70827798    1.71390880    2.02683140    2.16297772    2.02301268    1.92966778    2.28627722    2.06243065    2.23108097    2.48651233    2.06153554    1.88723344    1.94058398    1.76147602    1.79929176    1.76224544    1.80890040    1.80366323    2.50468156    2.24578236    2.13341871    2.18022315
Q816X3_BACCR/105-303     1.81740911    1.42392601    1.34443355    0.00000000    1.98612216    2.09504097    1.98529213    1.83724060    1.89375587    1.84767981    2.25654792    1.77328885    2.26009996    2.03056890    2.55943188    2.81309402    2.68518003    2.17907653    3.35248281    2.62014324    1.94291340    1.93772999    1.74792553    2.04193121    2.04208226    2.12576545    2.25165554    1.79637347    2.06626522    2.15797041    1.90200199    2.06541116    2.17412129    1.80571340    2.15016833    2.00134460    1.98068786    1.98725979    1.68638482    2.33771919    1.78447756    2.01428534    1.75382154    1.67065868    1.83554460    1.91083116    2.56645524    2.10465550    2.05617613    2.12523010    1.83679871    1.73767181    1.71600394    1.68322123    2.00939372    1.73779316    1.95243534    2.06471819    2.39323124    2.47967998    2.18678980    2.04769370
Q18AN8_CLOD6/486-667     2.15451497    1.78088873    1.94320594    1.98612216    0.00000000    1.50447071    1.44291714    1.71800494    1.56209790    1.58813483    1.67506027    1.65989738    1.67451663    1.96509671    2.85525171    2.30184554    2.08969551    1.88002241    2.23851453    1.84896667    1.42814934    1.62257601    1.70353219    1.76980297    1.39708010    1.48163159    1.83585969    1.43427730    1.84171197    1.87513115    1.44381994    1.55624635    1.63189190    1.54377185    2.55030790    2.22913310    1.96527617    1.97478209    1.69576798    1.87053286    1.56994834    1.77661881    1.53855163    1.89733934    1.69700897    1.56201169    2.19997661    1.92777925    1.87636913    1.82799149    1.57635594    1.59361378    1.43835770    1.57500065    1.52785401    1.48737673    1.59807244    1.69402518    1.93669654    1.68729181    1.48543372    1.49755830
A9KSW1_LACP7/279-457     1.95283094    1.74523371    1.90023600    2.09504097    1.50447071    0.00000000    1.61884220    1.55800412    1.66223956    1.65042813    2.03019823    1.56097440    1.96056966    2.25948494    2.32560966    2.24039026    2.58060184    2.31960579    2.28224838    1.98857717    1.82874408    1.93675601    1.65653693    1.83950452    1.82595330    1.80426391    1.85916726    1.63878387    2.26628679    2.19094687    1.76653518    1.58524031    1.92457609    1.71530332    2.86965133    2.04075048    1.92384245    1.93393716    1.89385953    1.81563542    1.55154669    1.75140146    1.79373565    1.79496250    1.73863162    1.84941742    2.81853544    1.75729678    2.10441772    2.24627736    1.55201433    1.59604129    1.78287919    1.50954362    1.54424716    1.58482723    1.79855142    2.16291504    2.07513332    2.08194726    1.81611449    1.59053794
B8I4Q9_RUMCH/815-990     2.10498095    1.82382928    1.82868847    1.98529213    1.44291714    1.61884220    0.00000000    1.41398837    1.96495429    1.78385675    2.03625745    1.65994942    1.72677065    1.41036422    2.54735200    2.16943838    2.23226209    2.25600927    2.38840461    1.77453700    1.81602264    1.93069240    1.90164120    1.61981694    1.69904610    1.67625914    1.63404326    1.69436422    1.71338898    1.76288400    1.53069257    1.57730644    1.64339143    1.76271456    2.42283793    1.83274052    1.73530202    1.67357234    1.94271922    1.86564407    1.51500562    1.45734262    1.57716873    1.86133653    1.89461422    1.88727227    2.70982999    1.89233630    2.45688066    2.23979156    1.66696378    1.59849797    1.59057265    1.54432178    1.37488159    1.67999750    1.72359827    1.71340748    2.11314149    1.98018245    1.82391556    1.78915553
A8F7U0_PSELT/27-198     1.86785892    1.76275085    1.73249582    1.83724060    1.71800494    1.55800412    1.41398837    0.00000000    1.62350623    1.68879296    2.11470802    1.45377539    1.75134168    1.77945563    3.36807183    2.60943910    2.47540992    1.89855025    2.41551964    1.98365416    1.65005361    1.98340597    1.75983898    2.02847560    1.57320473    1.72591423    1.67379391    1.59217665    1.58069333    1.71593023    1.48558538    1.87531528    1.96650235    1.70034921    2.45975254    2.50309959    1.68994813    2.20952926    1.81045962    2.25770887    1.57145143    1.78493211    1.79126742    1.95067664    2.05290090    1.61083268    2.71482549    1.50815891    2.04052333    2.12193856    2.03248817    1.46944055    1.61204180    1.63004447    1.43178964    1.98082083    1.52917668    1.80580783    2.00129890    2.03455829    1.91801798    1.52800060
R6MZX5_9CLOT/5-182     2.04311750    1.96596486    2.05882776    1.89375587    1.56209790    1.66223956    1.96495429    1.62350623    0.00000000    1.45601154    1.67471447    1.47080313    1.79078148    1.92462810    2.55223106    2.73764405    2.27876473    2.08848505    2.17878757    2.27852898    1.56666717    1.72882127    1.51835502    1.98035635    1.94813046    2.05343988    1.95212272    2.03647233    1.95794888    2.36005946    1.85553613    1.70887289    1.94657403    1.65040745    2.32194310    2.29003170    1.70537530    1.74947760    1.69022423    2.35827845    1.62544241    2.08913058    1.38837499    2.11048825    1.71387528    1.61074605    2.38771744    1.79451534    1.66674795    1.98885366    1.58306562    1.38094798    1.60136117    1.45677896    1.46959370    1.56214893    1.50344612    1.92318032    1.71207112    1.68604537    1.58351290    1.29751958
Q73LZ8_TREDE/115-329     2.47525347    1.95028375    2.05486332    1.84767981    1.58813483    1.65042813    1.78385675    1.68879296    1.45601154    0.00000000    1.29979441    1.44442389    1.89051126    1.96717238    2.73327751    2.27137503    2.31967198    2.23318026    2.97048815    2.29416597    1.42870317    1.71766715    1.70959646    1.85698941    1.62708403    1.61021453    1.59063893    1.48832442    2.36841266    2.31686226    1.87737187    1.63919291    1.80442513    1.44756467    2.99075537    2.25630180    1.86743920    1.84562542    1.68247878    1.91652525    1.55256320    1.67884589    1.61529596    1.93733888    1.62587237    1.83901846    2.63111989    1.90870939    2.03586490    2.41427417    1.89532872    1.47869589    1.65676327    1.33898057    1.25228917    1.69176118    1.61912434    2.06790690    2.04386363    1.86192830    1.83025657    1.70654395
O51610_BORBU/108-323     3.00280309    2.94747767    2.46194828    2.25654792    1.67506027    2.03019823    2.03625745    2.11470802    1.67471447    1.29979441    0.00000000    2.09061441    1.89090262    1.97429793    2.91522975    2.29556195    3.02134236    3.10765733    3.07922577    2.56174521    1.61726901    1.98800863    1.71659091    2.03936415    1.90502713    1.61602631    1.85851891    1.68260412    2.29876010    2.58695091    1.93005019    2.13512883    2.27531104    1.79081236    3.49112899    2.69411734    1.98016984    2.02753512    2.36962491    1.88029380    1.69078940    1.49229782    1.85388576    2.09651278    1.97953888    1.92216740    2.80944288    1.83981071    2.16715282    2.51267493    1.71949412    1.50147199    1.74913140    1.47217641    1.84531901    1.89337345    1.89427976    2.38982067    2.08850951    2.39153203    1.86774151    1.73197368
A5I6J1_CLOBH/742-945     2.00525482    1.97684542    2.04298745    1.77328885    1.65989738    1.56097440    1.65994942    1.45377539    1.47080313    1.44442389    2.09061441    0.00000000    1.54787887    2.06028962    2.47235251    2.17953258    2.00571070    1.98960097    2.39492522    2.13358747    1.29261084    1.53762663    1.50804850    2.17332699    1.55743517    1.35255089    1.59513522    1.53301494    1.89700377    2.18168259    1.73566490    1.77817249    1.66613047    1.57567860    2.34424007    1.95295600    1.75716853    1.99798061    1.55978357    1.99903644    1.58654310    1.57404594    1.69300048    1.81645998    1.70018443    1.54659814    2.17733793    1.90804117    1.83259806    1.85067752    1.84967661    1.40823441    1.75580569    1.46694323    1.35617735    1.56646093    1.67082629    1.98313692    1.94312233    1.78069166    1.84655289    1.62784652
Q9RRC5_DEIRA/161-334     1.79595961    2.09945424    2.08734469    2.26009996    1.67451663    1.96056966    1.72677065    1.75134168    1.79078148    1.89051126    1.89090262    1.54787887    0.00000000    1.48622845    2.42193414    2.36672726    2.45154884    2.24145389    2.21025883    2.24602701    1.52623847    1.89874891    1.72100968    2.15332553    1.75823953    1.70644999    1.71063287    1.65840905    1.76562304    1.88859176    1.85180850    1.65498678    1.89597697    1.83813447    2.57709825    2.08035935    1.85119068    1.75020112    1.59950586    2.13739920    1.84700830    1.80386805    1.50452399    1.76661738    1.57771121    1.54258434    2.32636956    1.83100025    1.84559076    1.95414626    2.05908157    1.65524974    1.51909088    1.54266616    1.44536442    1.77078564    1.71971162    1.77166422    1.85037161    2.29662479    1.95517029    1.69207496
Q31QC3_SYNE7/389-561     2.10179906    2.40742299    1.76298306    2.03056890    1.96509671    2.25948494    1.41036422    1.77945563    1.92462810    1.96717238    1.97429793    2.06028962    1.48622845    0.00000000    2.80454685    2.38314415    2.65472045    2.28963215    2.70307040    2.11423857    1.80636326    2.08690245    1.70310254    1.77214895    1.92376797    2.04541201    2.06932602    1.81974242    1.96177088    1.89749169    1.83294548    1.94458245    1.98323798    1.77869098    2.66765229    2.19276955    1.99922898    2.32496226    1.87697301    2.12799553    1.36481498    1.81180819    1.94978729    1.85712169    1.57276536    1.77333236    2.17795485    1.86465012    1.84496610    1.97468723    1.64524662    1.69149165    1.59951024    1.84500135    1.50512780    1.84273620    1.79030654    2.06055663    1.96734459    2.10326760    1.76983867    2.01750697
Q03S01_LACBA/51-222     2.20382645    2.78732788    2.81006400    2.55943188    2.85525171    2.32560966    2.54735200    3.36807183    2.55223106    2.73327751    2.91522975    2.47235251    2.42193414    2.80454685    0.00000000    1.71763423    3.06688642    2.74414266    2.97569064    2.72842371    2.58119085    2.70529442    2.57412430    3.13122476    2.67374861    2.42913400    2.74746944    2.32430935    3.35677366    3.29650872    2.71446891    2.53930500    3.13472839    2.59517102    3.34832531    2.43265762    2.48258402    2.62230658    2.60307985    2.66572827    2.34829011    2.43779607    2.43366368    2.46472174    2.79489746    2.52021175    3.53693488    2.91502523    2.74035858    2.85760926    2.34994181    2.42554077    2.77445964    2.49018591    2.74524795    2.58576002    2.69537453    3.43343697    2.44621259    2.91021205    2.92046365    2.58565959
PH_STAA8/181-363     2.95569798    2.32469139    2.86423300    2.81309402    2.30184554    2.24039026    2.16943838    2.60943910    2.73764405    2.27137503    2.29556195    2.17953258    2.36672726    2.38314415    1.71763423    0.00000000    2.21706418    2.24183274    2.64213569    2.38370132    2.10469989    2.45331814    2.58741821    2.76870133    2.46044305    2.56421167    2.65410799    2.58447801    2.88019982    3.15506421    2.65614706    2.33750702    2.44374963    2.36822364    3.02411580    2.74646687    2.43061095    2.43337729    2.55045316    2.42380790    2.28891307    2.62483170    2.58554043    2.71701493    2.25967593    2.63372174    2.40394627    2.72350350    2.69521717    3.03821358    2.10841488    2.24461009    2.60987287    2.94000233    2.41227081    2.36585856    2.54552228    3.24461177    2.72512941    2.20066927    2.71299757    2.33430167
R5TN65_9FIRM/5-172     2.88051932    2.52003632    2.92165599    2.68518003    2.08969551    2.58060184    2.23226209    2.47540992    2.27876473    2.31967198    3.02134236    2.00571070    2.45154884    2.65472045    3.06688642    2.21706418    0.00000000    1.89120553    2.55873765    1.81811247    1.68597560    2.22505167    2.22589790    2.79413849    2.24751007    2.08935587    2.74226418    2.44205737    2.29517157    2.56686265    2.94488268    2.51610595    2.50735533    2.27016407    2.55176125    2.69130176    2.53832090    2.66185703    2.30834707    2.64926132    2.54523468    2.80443606    2.14028960    2.52841997    2.51850900    2.45708750    2.88115857    2.39282274    3.05965009    2.31405944    2.43066238    2.24119563    2.11786111    2.50404877    1.92790861    2.03276497    2.03419706    2.45695507    2.39663432    1.99246677    2.18627150    2.17872798
Q183X8_CLOD6/3-169     2.45228122    2.32650797    2.30295858    2.17907653    1.88002241    2.31960579    2.25600927    1.89855025    2.08848505    2.23318026    3.10765733    1.98960097    2.24145389    2.28963215    2.74414266    2.24183274    1.89120553    0.00000000    2.01183780    1.58226318    2.06914675    2.06544029    2.14073377    2.48763225    1.94733570    2.52470530    2.69715667    2.37468401    2.70075194    2.42430981    2.53144249    2.25067826    2.39732740    2.18162330    2.51878941    1.94719198    2.27665186    2.61906800    2.39402413    2.30906363    2.28180546    2.57589608    2.39025543    2.66921411    2.32177306    2.29366945    2.47576569    2.90495980    2.78777864    2.92532099    2.09529917    2.11832523    2.04762706    2.26151857    1.96406665    2.11985332    2.38169808    2.00675100    2.56597983    2.24082291    1.89737221    1.97180148
Q6LSI5_PHOPR/4-180     3.54536057    2.90828977    2.85614180    3.35248281    2.23851453    2.28224838    2.38840461    2.41551964    2.17878757    2.97048815    3.07922577    2.39492522    2.21025883    2.70307040    2.97569064    2.64213569    2.55873765    2.01183780    0.00000000    1.95852962    2.21398264    1.85959724    2.58880048    2.40268131    2.58083283    2.47423394    2.64555460    2.39136375    2.80982640    3.05027169    2.41000242    2.44279779    2.38339061    2.22205433    3.32692560    2.97983606    2.51316113    2.80853414    2.97791770    2.60088391    2.34796987    2.38518139    3.05035447    3.11352286    2.34329593    2.49807915    2.70123715    2.07271962    2.44471908    2.27283254    2.39033803    2.74101198    2.10879463    2.03597379    1.97972071    2.31352162    2.21886522    2.46824233    2.60013504    1.88914816    2.38515046    2.29513708
Q187L1_CLOD6/3-170     2.12451362    2.14706972    2.38047649    2.62014324    1.84896667    1.98857717    1.77453700    1.98365416    2.27852898    2.29416597    2.56174521    2.13358747    2.24602701    2.11423857    2.72842371    2.38370132    1.81811247    1.58226318    1.95852962    0.00000000    1.68894335    1.97767144    2.31975031    2.53287354    1.84026416    2.26591131    2.26697131    2.29168760    2.32454667    2.53847163    2.24845976    1.92079072    2.17833734    2.16199307    2.99847971    2.40659088    2.62719801    2.82948324    2.37466916    2.72766537    1.85952869    1.84641086    2.17205952    2.56118189    2.67808993    2.10071616    2.25167314    2.40294939    2.36971181    2.63738603    2.17391485    1.93547833    2.08141143    2.16031234    1.73958299    2.13291671    1.69949495    2.11146207    2.81664534    2.04227887    1.88369709    2.15265350
R5KJW1_9CLOT/62-237     2.03443123    1.69447579    1.81429746    1.94291340    1.42814934    1.82874408    1.81602264    1.65005361    1.56666717    1.42870317    1.61726901    1.29261084    1.52623847    1.80636326    2.58119085    2.10469989    1.68597560    2.06914675    2.21398264    1.68894335    0.00000000    1.23509235    1.63648305    1.81295726    1.55302753    1.45811244    1.85887374    1.53797623    1.82491897    1.78952509    1.78955060    1.61161654    1.57994388    1.56188949    2.48075218    2.23776704    1.74664461    1.84833693    1.68173382    1.97001888    1.71533243    1.67159879    1.83826746    1.92321926    1.54982295    1.55613933    1.96133468    1.76308058    1.90075284    1.88859218    1.53226841    1.52720376    1.54405622    1.57183844    1.36582421    1.60385873    1.57742507    1.80756338    1.79364318    1.77967811    1.51322032    1.49358146
R7FPN2_9FIRM/5-173     2.19855665    2.05779323    2.07780493    1.93772999    1.62257601    1.93675601    1.93069240    1.98340597    1.72882127    1.71766715    1.98800863    1.53762663    1.89874891    2.08690245    2.70529442    2.45331814    2.22505167    2.06544029    1.85959724    1.97767144    1.23509235    0.00000000    1.74316868    1.97651148    1.88834909    1.98024734    2.18113335    1.61439673    1.96570687    2.11946388    1.99891125    1.61682709    1.78427074    1.73006724    2.23636065    1.77318545    2.21377820    1.92265222    2.01039241    1.78113969    2.01807110    1.67392346    1.82219774    2.17161668    1.70380086    1.95521859    2.20734919    1.74792453    1.88088315    2.16680777    2.07592998    1.85933094    1.96847902    1.51483741    1.44429522    1.53333990    1.55745054    1.80460312    2.10471355    1.89135421    1.62836521    1.64472810
Q6MJS0_BDEBA/26-247     1.98381749    2.13768359    1.79533992    1.74792553    1.70353219    1.65653693    1.90164120    1.75983898    1.51835502    1.70959646    1.71659091    1.50804850    1.72100968    1.70310254    2.57412430    2.58741821    2.22589790    2.14073377    2.58880048    2.31975031    1.63648305    1.74316868    0.00000000    1.55349192    1.55168273    1.25325619    1.57560543    1.62460389    1.78776452    2.07696513    1.91086469    1.88512069    1.77968144    1.79371510    2.29802724    2.03215371    1.72824595    1.79122579    1.51637373    1.85631993    1.66799208    1.49611675    1.80906848    1.52038544    1.54065540    1.81141906    2.28073549    1.68875601    1.65913213    2.04598385    1.55209016    1.49842755    1.64585333    1.51594848    1.54305856    1.48836022    1.62758998    1.89776516    1.56005893    2.14002320    1.62187800    1.66689634
Q2LTS4_SYNAS/37-231     2.29347848    2.33201792    2.06513446    2.04193121    1.76980297    1.83950452    1.61981694    2.02847560    1.98035635    1.85698941    2.03936415    2.17332699    2.15332553    1.77214895    3.13122476    2.76870133    2.79413849    2.48763225    2.40268131    2.53287354    1.81295726    1.97651148    1.55349192    0.00000000    1.52433247    1.50139121    1.54833364    1.52951097    1.82124930    1.78422122    1.75275447    1.84542718    1.70562765    1.64877365    2.61927451    1.80345021    1.72214271    1.88618741    1.76779250    2.01411663    1.57365687    1.79081569    1.99471294    1.99742784    1.81408214    1.93254536    2.50890035    1.69065762    2.24893221    2.08051888    1.61886394    1.56964265    1.63735591    1.49633841    1.67212980    1.69755422    1.72619668    1.82746423    2.02480850    2.32784283    1.84641497    1.71274497
Q04G91_OENOB/125-301     1.67822745    1.64310096    2.07248974    2.04208226    1.39708010    1.82595330    1.69904610    1.57320473    1.94813046    1.62708403    1.90502713    1.55743517    1.75823953    1.92376797    2.67374861    2.46044305    2.24751007    1.94733570    2.58083283    1.84026416    1.55302753    1.88834909    1.55168273    1.52433247    0.00000000    1.45822759    1.46751857    1.47464316    1.77115054    1.98193340    1.56740557    1.48947452    1.65067854    1.45003826    2.17837085    2.10466369    1.71622285    1.78308415    1.55880048    1.96379629    1.90424522    1.84447022    1.59382193    1.62452070    1.62366224    1.39927241    2.33237762    2.05025159    1.98340228    1.97876389    1.80991153    1.32995155    1.43718539    1.45414275    1.47409935    1.57262521    1.54824781    2.11249729    1.88538861    1.92337859    1.58258774    1.46428351
A5N4X3_CLOK5/47-233     2.38705448    1.94670564    1.65889351    2.12576545    1.48163159    1.80426391    1.67625914    1.72591423    2.05343988    1.61021453    1.61602631    1.35255089    1.70644999    2.04541201    2.42913400    2.56421167    2.08935587    2.52470530    2.47423394    2.26591131    1.45811244    1.98024734    1.25325619    1.50139121    1.45822759    0.00000000    1.26682076    1.46128746    1.64730046    1.88423902    1.56484409    1.67600420    1.65578696    1.58909281    2.32214288    1.99859339    1.47876192    1.59121917    1.38622993    2.09513545    1.39081659    1.27681950    1.50999929    1.50252352    1.62189706    1.66651348    2.32250597    1.77891180    1.95432618    1.93647098    1.75051513    1.51518893    1.43242174    1.43777618    1.45150901    1.42041142    1.31789481    1.97682383    2.18129793    2.09931131    1.94110774    1.77441863
A4J7N3_DESRM/56-235     2.20798829    2.07539343    2.19330195    2.25165554    1.83585969    1.85916726    1.63404326    1.67379391    1.95212272    1.59063893    1.85851891    1.59513522    1.71063287    2.06932602    2.74746944    2.65410799    2.74226418    2.69715667    2.64555460    2.26697131    1.85887374    2.18113335    1.57560543    1.54833364    1.46751857    1.26682076    0.00000000    1.47260170    1.60357482    1.76011161    1.55395559    1.79908834    1.80123727    1.52369725    2.68592971    1.78033662    1.61486526    1.69026850    1.67403846    1.99492295    1.52328243    1.33556223    1.57281448    1.91481742    1.61025942    1.75300992    2.39255893    1.91757316    1.82115660    2.14389127    1.87533990    1.46765851    1.64331045    1.70929723    1.38825924    1.56361956    1.45680679    2.01154585    1.74352789    1.91608013    1.72233864    1.72253712
A8MIX1_ALKOO/49-238     2.05128561    1.82494662    1.86233723    1.79637347    1.43427730    1.63878387    1.69436422    1.59217665    2.03647233    1.48832442    1.68260412    1.53301494    1.65840905    1.81974242    2.32430935    2.58447801    2.44205737    2.37468401    2.39136375    2.29168760    1.53797623    1.61439673    1.62460389    1.52951097    1.47464316    1.46128746    1.47260170    0.00000000    1.64838289    1.57764599    1.61271826    1.64911688    1.51012643    1.46443881    2.40685030    2.11275416    1.68828702    1.60115819    1.57348339    1.61505685    1.38849444    1.32699216    1.43898688    1.65353575    1.56917039    1.66097812    2.57106665    1.77237117    2.05134445    2.04168010    1.72882512    1.55085735    1.51758558    1.48853783    1.48727252    1.42685051    1.62707337    2.06113459    1.66463306    2.14193879    1.86005996    1.75795977
A8ZXB5_DESOH/55-253     2.31321304    2.10661294    1.97196707    2.06626522    1.84171197    2.26628679    1.71338898    1.58069333    1.95794888    2.36841266    2.29876010    1.89700377    1.76562304    1.96177088    3.35677366    2.88019982    2.29517157    2.70075194    2.80982640    2.32454667    1.82491897    1.96570687    1.78776452    1.82124930    1.77115054    1.64730046    1.60357482    1.64838289    0.00000000    1.79540965    1.98189606    1.95131128    2.00689285    2.12650996    2.33577111    2.37039049    2.17873660    2.37680047    2.01093249    2.32375079    1.79587896    1.97936120    1.62735556    2.15908096    1.88513271    1.83818043    2.68425876    1.91594903    1.86733991    2.00183743    1.86107328    1.59281736    2.07016628    1.64787591    1.57457083    1.62969730    1.93141025    1.89215063    2.57673051    2.15164284    2.09933337    2.02446332
Q1INP2_KORVE/300-482     2.10007330    2.47385755    2.17984582    2.15797041    1.87513115    2.19094687    1.76288400    1.71593023    2.36005946    2.31686226    2.58695091    2.18168259    1.88859176    1.89749169    3.29650872    3.15506421    2.56686265    2.42430981    3.05027169    2.53847163    1.78952509    2.11946388    2.07696513    1.78422122    1.98193340    1.88423902    1.76011161    1.57764599    1.79540965    0.00000000    2.12617218    1.99762176    2.14029527    1.94615316    2.33367979    2.09843133    2.18399349    2.37109473    2.06708563    2.12175225    1.85932026    1.90274243    1.66244203    1.98046734    1.99987255    1.93516204    2.47521768    1.78072539    2.06506985    2.12162869    1.69595355    1.64926525    2.19063282    2.01033145    1.78431152    1.94444574    2.13775283    2.22521682    2.21944004    2.60981657    1.60231351    2.03369671
Q898S7_CLOTE/57-230     2.35326798    2.21683506    1.86381377    1.90200199    1.44381994    1.76653518    1.53069257    1.48558538    1.85553613    1.87737187    1.93005019    1.73566490    1.85180850    1.83294548    2.71446891    2.65614706    2.94488268    2.53144249    2.41000242    2.24845976    1.78955060    1.99891125    1.91086469    1.75275447    1.56740557    1.56484409    1.55395559    1.61271826    1.98189606    2.12617218    0.00000000    1.59221959    1.51416730    1.77322209    2.83503877    2.33153632    1.76816869    2.07444812    1.73751292    2.08067827    1.40637800    1.72889883    1.78573699    1.74547626    1.89867981    1.75742249    2.40670486    2.07708628    2.03712236    2.20472538    1.69620410    1.63779606    1.56524984    1.45169892    1.45935697    1.57972011    1.73096044    1.94440038    2.14800341    1.78071115    1.59303843    1.84023150
A4CK99_ROBBH/34-251     2.22512286    1.97177282    1.83902036    2.06541116    1.55624635    1.58524031    1.57730644    1.87531528    1.70887289    1.63919291    2.13512883    1.77817249    1.65498678    1.94458245    2.53930500    2.33750702    2.51610595    2.25067826    2.44279779    1.92079072    1.61161654    1.61682709    1.88512069    1.84542718    1.48947452    1.67600420    1.79908834    1.64911688    1.95131128    1.99762176    1.59221959    0.00000000    1.36323745    1.54593894    2.04113106    2.11899830    1.70501133    1.91654640    1.56220961    2.35353203    1.66485467    1.61419589    1.77415281    1.89281249    1.90242050    1.85229383    2.28945860    1.86528916    2.21054256    2.23897986    1.73279264    1.49298455    1.72297298    1.41117361    1.51001921    1.51212205    1.62786107    1.85469568    2.15552502    1.77568830    1.90759325    1.70951293
Q899C4_CLOTE/144-318     1.83697641    2.00423029    1.76713213    2.17412129    1.63189190    1.92457609    1.64339143    1.96650235    1.94657403    1.80442513    2.27531104    1.66613047    1.89597697    1.98323798    3.13472839    2.44374963    2.50735533    2.39732740    2.38339061    2.17833734    1.57994388    1.78427074    1.77968144    1.70562765    1.65067854    1.65578696    1.80123727    1.51012643    2.00689285    2.14029527    1.51416730    1.36323745    0.00000000    1.69393001    3.24781724    2.27113471    1.90617938    1.80564060    1.70829961    2.05694039    1.75256598    1.49597701    1.76184634    1.87983822    1.99793755    1.74108299    2.39349468    1.93949097    1.99196860    1.75174591    1.68074062    1.85369881    1.64315760    1.68924178    1.58670190    1.39983479    1.65561444    1.77961562    2.19646137    1.80137080    1.78217974    1.87927928
Q8F0Q8_LEPIN/141-356     2.16242604    1.96991763    1.88970332    1.80571340    1.54377185    1.71530332    1.76271456    1.70034921    1.65040745    1.44756467    1.79081236    1.57567860    1.83813447    1.77869098    2.59517102    2.36822364    2.27016407    2.18162330    2.22205433    2.16199307    1.56188949    1.73006724    1.79371510    1.64877365    1.45003826    1.58909281    1.52369725    1.46443881    2.12650996    1.94615316    1.77322209    1.54593894    1.69393001    0.00000000    2.64265888    1.82811903    1.62308485    1.65686337    1.56738913    1.70625547    1.48246322    1.36625054    1.55120773    1.59776396    1.57449217    1.37992193    2.05570258    1.84260105    2.04360644    1.96593543    1.36650637    1.32829326    1.46974009    1.28463262    1.43028902    1.57345953    1.53692527    1.79330455    1.84848166    1.97397500    1.88760338    1.54381825
Q89VV6_BRADU/18-229     2.64447918    2.61393527    2.48947459    2.15016833    2.55030790    2.86965133    2.42283793    2.45975254    2.32194310    2.99075537    3.49112899    2.34424007    2.57709825    2.66765229    3.34832531    3.02411580    2.55176125    2.51878941    3.32692560    2.99847971    2.48075218    2.23636065    2.29802724    2.61927451    2.17837085    2.32214288    2.68592971    2.40685030    2.33577111    2.33367979    2.83503877    2.04113106    3.24781724    2.64265888    0.00000000    1.64909672    2.11091701    2.25899281    2.11875273    2.84488082    2.33368538    2.75352814    2.39789811    2.65563358    2.58578737    2.14517814    3.45730439    2.97317116    2.27627717    2.75888594    2.48999317    2.33583801    2.60311907    2.08511665    2.09662982    2.39681636    2.84201454    2.63697498    2.52860175    2.25614927    3.02185339    2.79647132
A6VP10_ACTSZ/21-216     2.10822844    1.88782483    2.08553899    2.00134460    2.22913310    2.04075048    1.83274052    2.50309959    2.29003170    2.25630180    2.69411734    1.95295600    2.08035935    2.19276955    2.43265762    2.74646687    2.69130176    1.94719198    2.97983606    2.40659088    2.23776704    1.77318545    2.03215371    1.80345021    2.10466369    1.99859339    1.78033662    2.11275416    2.37039049    2.09843133    2.33153632    2.11899830    2.27113471    1.82811903    1.64909672    0.00000000    1.84048498    1.62326040    1.67857641    2.23541317    2.02910011    1.91320857    1.96279803    2.39346037    1.97736446    1.92528152    2.60891474    2.23889798    2.27956683    2.63224635    1.88517014    1.78564309    1.84702171    1.94758210    1.79296659    2.04183953    2.17176733    2.02815075    2.13596497    2.47969287    2.26631301    2.01643119
O67592_AQUAE/134-352     2.16782510    2.13530882    2.02843660    1.98068786    1.96527617    1.92384245    1.73530202    1.68994813    1.70537530    1.86743920    1.98016984    1.75716853    1.85119068    1.99922898    2.48258402    2.43061095    2.53832090    2.27665186    2.51316113    2.62719801    1.74664461    2.21377820    1.72824595    1.72214271    1.71622285    1.47876192    1.61486526    1.68828702    2.17873660    2.18399349    1.76816869    1.70501133    1.90617938    1.62308485    2.11091701    1.84048498    0.00000000    1.43704505    1.20919023    1.83510056    1.56823631    1.46455596    1.67493307    1.60020860    1.67510742    1.66223854    2.13563400    2.03464589    2.07741791    2.50011638    1.76804945    1.37653219    1.40322825    1.62379248    1.36873094    1.74759698    1.70993009    1.84139807    1.89421613    2.13748888    2.15286656    1.79397432
AMIB_BUCAI/7-226     2.45365271    1.81712955    1.91171439    1.98725979    1.97478209    1.93393716    1.67357234    2.20952926    1.74947760    1.84562542    2.02753512    1.99798061    1.75020112    2.32496226    2.62230658    2.43337729    2.66185703    2.61906800    2.80853414    2.82948324    1.84833693    1.92265222    1.79122579    1.88618741    1.78308415    1.59121917    1.69026850    1.60115819    2.37680047    2.37109473    2.07444812    1.91654640    1.80564060    1.65686337    2.25899281    1.62326040    1.43704505    0.00000000    1.38020034    1.98740384    1.69683270    1.64571242    1.63355758    2.04041783    1.93279338    1.65046772    2.29866364    2.21251590    2.05814302    2.20432409    1.75477131    1.64697524    1.96716227    1.50641600    1.69281299    1.76710324    2.00204718    2.15899885    2.14092816    2.59767864    2.12596622    1.84954330
A0A3N4B859_YERPE/190-404     2.20122420    1.86679552    1.97735333    1.68638482    1.69576798    1.89385953    1.94271922    1.81045962    1.69022423    1.68247878    2.36962491    1.55978357    1.59950586    1.87697301    2.60307985    2.55045316    2.30834707    2.39402413    2.97791770    2.37466916    1.68173382    2.01039241    1.51637373    1.76779250    1.55880048    1.38622993    1.67403846    1.57348339    2.01093249    2.06708563    1.73751292    1.56220961    1.70829961    1.56738913    2.11875273    1.67857641    1.20919023    1.38020034    0.00000000    1.79185466    1.52213358    1.61154985    1.37966747    1.42895601    1.52079174    1.43246106    2.26555629    2.02092355    1.84431381    2.14218446    1.57282578    1.50500199    1.56723315    1.46775682    1.31011346    1.58617085    1.58754396    1.75677986    1.84257201    1.98975552    1.93475147    1.66929071
A6TNB4_ALKMQ/3-181     2.39583339    2.47396909    2.17666632    2.33771919    1.87053286    1.81563542    1.86564407    2.25770887    2.35827845    1.91652525    1.88029380    1.99903644    2.13739920    2.12799553    2.66572827    2.42380790    2.64926132    2.30906363    2.60088391    2.72766537    1.97001888    1.78113969    1.85631993    2.01411663    1.96379629    2.09513545    1.99492295    1.61505685    2.32375079    2.12175225    2.08067827    2.35353203    2.05694039    1.70625547    2.84488082    2.23541317    1.83510056    1.98740384    1.79185466    0.00000000    1.86180535    1.58061012    1.82043294    1.95537636    1.68759260    1.90471162    2.32883170    1.83764475    2.16804894    2.17484014    2.10767457    1.78134577    1.82014010    1.98613904    2.11935646    1.93445298    1.87847480    2.40213545    2.15250205    2.31676672    2.12491073    1.88177647
Q8ETR2_OCEIH/45-230     2.12978624    2.13065011    1.70827798    1.78447756    1.56994834    1.55154669    1.51500562    1.57145143    1.62544241    1.55256320    1.69078940    1.58654310    1.84700830    1.36481498    2.34829011    2.28891307    2.54523468    2.28180546    2.34796987    1.85952869    1.71533243    2.01807110    1.66799208    1.57365687    1.90424522    1.39081659    1.52328243    1.38849444    1.79587896    1.85932026    1.40637800    1.66485467    1.75256598    1.48246322    2.33368538    2.02910011    1.56823631    1.69683270    1.52213358    1.86180535    0.00000000    1.35943107    1.45528423    1.97222308    1.62496174    1.55994214    2.23662556    1.80372521    1.89748150    1.99796894    1.54176061    1.51873084    1.60850444    1.50532256    1.35229376    1.59809602    1.51455942    1.77841920    2.17850144    1.89381537    1.72789452    1.80043126
R5TUS7_9FIRM/59-235     2.15656999    2.09366687    1.71390880    2.01428534    1.77661881    1.75140146    1.45734262    1.78493211    2.08913058    1.67884589    1.49229782    1.57404594    1.80386805    1.81180819    2.43779607    2.62483170    2.80443606    2.57589608    2.38518139    1.84641086    1.67159879    1.67392346    1.49611675    1.79081569    1.84447022    1.27681950    1.33556223    1.32699216    1.97936120    1.90274243    1.72889883    1.61419589    1.49597701    1.36625054    2.75352814    1.91320857    1.46455596    1.64571242    1.61154985    1.58061012    1.35943107    0.00000000    1.89110573    1.74840799    1.86712963    1.54851373    2.23242187    1.76804531    2.00958671    2.07052555    1.72321225    1.47844509    1.62419598    1.45414079    1.47065130    1.74872705    1.51126655    1.89591851    1.76157464    2.10000827    2.04673002    1.64419681
E0TDU6_PARBH/209-421     1.87427504    1.60958455    2.02683140    1.75382154    1.53855163    1.79373565    1.57716873    1.79126742    1.38837499    1.61529596    1.85388576    1.69300048    1.50452399    1.94978729    2.43366368    2.58554043    2.14028960    2.39025543    3.05035447    2.17205952    1.83826746    1.82219774    1.80906848    1.99471294    1.59382193    1.50999929    1.57281448    1.43898688    1.62735556    1.66244203    1.78573699    1.77415281    1.76184634    1.55120773    2.39789811    1.96279803    1.67493307    1.63355758    1.37966747    1.82043294    1.45528423    1.89110573    0.00000000    1.15350470    1.30060407    1.39050786    1.92417300    1.63577000    1.72471387    1.92597544    1.57680196    1.34089081    1.54233296    1.31813382    1.34281097    1.51818257    1.56427916    1.78014410    1.67270114    1.86629859    1.59776087    1.74303846
Q213N5_RHOPB/201-418     2.37752233    2.08894982    2.16297772    1.67065868    1.89733934    1.79496250    1.86133653    1.95067664    2.11048825    1.93733888    2.09651278    1.81645998    1.76661738    1.85712169    2.46472174    2.71701493    2.52841997    2.66921411    3.11352286    2.56118189    1.92321926    2.17161668    1.52038544    1.99742784    1.62452070    1.50252352    1.91481742    1.65353575    2.15908096    1.98046734    1.74547626    1.89281249    1.87983822    1.59776396    2.65563358    2.39346037    1.60020860    2.04041783    1.42895601    1.95537636    1.97222308    1.74840799    1.15350470    0.00000000    1.07542096    1.75682591    2.53012002    2.03398117    1.79882965    2.25178018    1.70080246    1.58295050    1.63921771    1.62654622    1.72589427    1.68763745    1.91352660    1.81079592    1.89846023    2.15961573    1.79315274    1.72703630
