88
E7BLE0_PARAH/569-955     0.00000000    0.37189274    0.97770581    0.95071268    0.93808289    0.94692387    1.17835510    1.22092050    0.98328073    1.00024475    0.89076861    1.09034574    0.91906265    1.37247784    1.45314388    1.24684427    1.19165881    2.32048950    2.21404604    2.20370649    2.12062784    2.14256440    2.09497078    2.06489677    2.06770817    2.07451346    2.20813492    2.14825909    2.16155451    2.28229192    1.98778761    2.06861562    1.97492489    1.94965396    2.05860693    1.95886973    2.04096280    2.01769331    1.87228065    1.97390107    1.96122356    2.01426189    2.23787722    1.86516578    1.89370249    2.06723034    1.86079765    2.07970690    1.89353784    2.13218027    2.31327009    2.12550393    2.10480034    2.25580074    1.54061165    1.67276203    1.60920400    1.85851763    1.72789214    2.06087554    1.97469961    1.91903758    1.58237146    1.60088069    1.62506827    1.68479043    1.82635843    1.69329923    1.65654310    1.93381499    1.82138212    2.27310906    2.25727861    2.44547124    2.13344596    1.97193338    2.30205522    1.99172617    1.86838458    2.01486889    1.86534455    1.92055781    2.18475640    1.54909592    0.91020292    0.98934220    0.82730050    1.08123236
B1VIA7_CORU7/73-459     0.37189274    0.00000000    0.92428728    0.93077190    0.87025756    0.83120989    1.07434158    1.10153958    0.86727793    0.91725729    0.78642812    0.96076567    0.77689599    1.28972444    1.32251606    1.07679536    1.13855277    2.09287649    1.96531079    2.00674372    1.93067820    1.94340815    1.85404920    1.85030765    1.93197522    1.92347322    1.94435410    1.93512857    1.96824193    2.07346527    1.98032638    1.93921502    1.90625925    1.75114852    1.98326251    1.81995610    1.87936232    1.92363487    1.77713466    1.81816614    1.89202375    1.89168429    1.99508166    1.66657309    1.79311934    1.93425245    1.87442878    2.05162805    1.77576591    1.96297287    2.26903884    1.96825019    2.12139619    2.22836871    1.43290484    1.58130958    1.57206943    1.76505090    1.65421158    1.85036442    1.81867505    1.76493983    1.42273617    1.47485978    1.50898654    1.51135438    1.69002350    1.59802979    1.52918818    1.71449287    1.59582340    2.16280207    2.00998607    2.04688003    1.87655363    1.89526214    2.04433431    1.75756313    1.64912159    1.80583568    1.63356093    1.86633240    2.05254631    1.46356175    0.81846346    0.82965559    0.76388005    0.94396523
G2IU74_SPHSK/576-962     0.97770581    0.92428728    0.00000000    0.64060800    0.64523019    0.78692112    1.11238993    1.06932142    0.84131990    0.86235521    0.77986168    0.89067602    0.75857886    1.04949751    1.30663444    1.02941357    1.02405772    1.96084637    1.91987710    1.83353467    1.87706363    1.80279439    1.73673200    1.88498251    1.75716287    1.83332896    1.87522976    1.85238243    1.93151118    2.11492189    1.92571868    1.98917236    1.96475599    1.84098611    1.90126523    1.86819713    1.99305279    1.97675618    1.77644191    1.76014577    1.79544973    1.98807826    2.03164321    1.89605590    1.66537937    1.96186059    1.94072040    1.95896183    1.96737789    2.14056447    2.32173749    2.15445538    2.03930639    2.20056106    1.36192691    1.58163939    1.63049657    1.72616301    1.71897502    1.71583011    1.86210339    1.74474367    1.61230185    1.52701164    1.52168055    1.50678651    1.55429534    1.50344616    1.49140721    1.73702568    1.58478032    2.07913280    1.92615458    2.02720543    1.83406648    1.79207640    1.98838980    1.71687256    1.54807506    1.80124484    1.52360709    1.77076705    1.74153370    1.37093049    0.78884832    0.76848787    0.75278782    0.87844842
A6X810_OCHA4/579-965     0.95071268    0.93077190    0.64060800    0.00000000    0.31375502    0.79401096    1.03840288    1.06208812    0.83034472    0.85390029    0.82453107    0.84899237    0.74832414    1.15896137    1.30524472    1.07103249    1.06593391    1.97766903    1.99215758    1.95800851    1.85611382    1.89481164    1.84517607    1.84467863    1.82580402    1.93722184    1.92204043    1.84620266    1.88859768    2.00337599    2.01677066    2.04871691    1.94492354    1.88929052    2.05634895    1.96973595    2.14057463    2.10521296    1.79269147    1.82513126    1.87269881    1.93063265    2.01010073    1.88803677    1.74998451    2.01822678    1.82908428    2.04569161    1.87019684    2.20711558    2.23925052    2.05330449    2.08338025    2.22087496    1.24510409    1.51159752    1.46933173    1.76555967    1.72097259    1.83155997    1.72779761    1.81225851    1.50324676    1.41755271    1.47978493    1.49347125    1.54568966    1.47014754    1.42794683    1.60336319    1.46164757    2.09800586    1.85532284    1.92975206    1.73241616    1.69530573    1.88092318    1.57131472    1.55531160    1.68141736    1.57315785    1.75173728    1.98425615    1.24921068    0.74377946    0.79450075    0.66610746    0.82436620
G7ZI34_AZOL4/575-961     0.93808289    0.87025756    0.64523019    0.31375502    0.00000000    0.79912516    1.04729720    1.07760269    0.84281012    0.86577093    0.85053868    0.89811324    0.79121410    1.23533177    1.29803774    1.11538030    1.12152932    1.92466800    1.96235230    1.90314815    1.80479461    1.84431049    1.87480014    1.79434306    1.76038650    1.84784188    1.76745963    1.83289496    1.88707703    2.06633011    1.93404121    2.03864220    1.88600859    1.91651634    2.00026604    1.92455450    1.99446911    1.94798689    1.74790983    1.78775461    1.86936727    1.78519383    1.94706280    1.85723615    1.76778195    1.95140360    1.83049658    2.02576999    1.83915348    2.11613012    2.09734779    2.09785446    2.08519125    2.23121984    1.26741124    1.55818700    1.53173794    1.74540978    1.72505368    1.90049763    1.76958608    1.78663180    1.50668759    1.42968915    1.53263767    1.60471709    1.56328972    1.51323233    1.49418237    1.65910285    1.56503139    2.10919338    1.95801317    2.03080253    1.75062437    1.82982349    2.01587974    1.68853419    1.61010403    1.70284573    1.64254956    1.79531099    1.92459544    1.39035368    0.82148096    0.90216974    0.73615402    0.88352263
A5FU84_ACICJ/580-967     0.94692387    0.83120989    0.78692112    0.79401096    0.79912516    0.00000000    0.78549301    0.79494590    0.64950236    0.82973882    0.75409639    0.80890736    0.66988119    1.18023461    1.21935125    1.06714154    1.07283898    2.19537374    2.19838697    2.20104336    1.99168645    2.06197020    1.99962759    2.03258809    2.00303084    1.97514254    2.02904110    1.95365702    2.02699406    2.16141391    2.04590892    2.09627493    2.02190398    1.89280315    1.96938133    1.88539879    2.01497972    2.00198502    1.73970068    1.87623742    1.88915371    1.95605849    1.81765337    1.94049790    1.73999137    2.03807182    1.86428740    2.07715012    1.97827478    2.07470249    2.38523500    2.02816096    2.03754923    2.19454237    1.20209789    1.57461993    1.55004790    1.61195061    1.61081665    1.68137262    1.51608792    1.67045702    1.53136153    1.43135072    1.39170923    1.45684517    1.56839765    1.53034657    1.42543448    1.64410178    1.55240905    2.14399910    1.97829578    2.18177690    2.01507867    1.95777135    2.13050549    1.74133521    1.73025112    1.73402328    1.60012518    1.76675790    1.91356853    1.44171814    0.71218999    0.70725688    0.64262752    0.82769955
E8RW05_ASTEC/586-972     1.17835510    1.07434158    1.11238993    1.03840288    1.04729720    0.78549301    0.00000000    0.76399747    1.00217090    1.04997601    0.95428704    1.04709843    0.93510243    1.35918437    1.40528928    1.21844535    1.24464840    2.17310460    2.30183759    2.23603620    2.04338097    2.22622895    2.27296677    2.26792338    2.09933191    2.06415985    2.13357506    2.08036373    2.20525983    2.40275282    2.16791098    2.18977446    2.12236395    2.14294917    2.29393734    2.22658586    2.29609424    2.13854474    2.08157372    2.06610785    2.08527162    2.29654897    2.04133383    2.09190000    2.11138950    2.15243608    2.01710683    2.21878627    2.09125522    2.29377270    2.24425909    2.07384760    2.19216944    2.26624826    1.49123803    1.61915403    1.60004323    1.77071754    1.80015770    1.84634456    1.80177509    1.89252782    1.55242064    1.55693311    1.58769291    1.57958657    1.89146001    1.58078520    1.52929416    1.69130836    1.64270725    2.43950619    2.17070259    2.23210228    2.11592999    2.05079529    2.25243950    1.91010851    1.90820027    1.99521092    1.80754658    1.86189296    2.00428886    1.53395731    0.95991762    0.98724987    0.93091857    1.12214764
A5VHD5_SPHWW/575-961     1.22092050    1.10153958    1.06932142    1.06208812    1.07760269    0.79494590    0.76399747    0.00000000    1.06850854    1.11559967    0.97551403    1.09334796    0.95954174    1.35983110    1.44037664    1.24906882    1.26726459    2.30292682    2.23754411    2.15897187    2.11893328    1.95848185    1.98345067    2.07104601    2.04280900    1.99916978    1.94525273    2.08884994    2.18109442    2.37210091    1.87968800    1.97160804    1.85053773    1.83272409    1.92380918    1.77668531    1.83017503    1.84956429    1.79076370    1.91377329    1.89909736    2.02680338    1.96951984    1.70491103    1.68765031    1.90673540    2.18913825    2.31941805    2.27455248    2.32448026    2.41895164    2.16734923    2.11135207    2.43715877    1.44080978    1.66413399    1.63311971    1.73400199    1.70272931    1.83834199    1.67513847    1.84403066    1.56370579    1.59534624    1.58444118    1.65074665    1.79353869    1.54000743    1.59320088    1.69354080    1.68507357    1.98150620    2.07883208    2.04186649    1.91128385    1.81317351    2.09641349    1.77374777    1.76368866    1.80489899    1.72268892    1.74327203    1.99326039    1.64547778    0.97966622    0.95714044    0.91074610    1.13684135
D4YY99_SPHJU/579-960     0.98328073    0.86727793    0.84131990    0.83034472    0.84281012    0.64950236    1.00217090    1.06850854    0.00000000    0.64166420    0.64849308    0.80852095    0.68007258    1.09270414    1.16463785    1.01285747    1.04589335    1.95475514    1.95898267    1.90155098    1.88391268    1.72568317    1.75111006    1.74958290    1.80497522    1.80408048    1.84749740    1.77695858    1.84441945    1.89914521    2.04202886    2.02452605    1.99080901    1.79009886    1.88201840    1.83785759    1.96599304    2.00898960    1.70018878    1.73353139    1.79955122    1.80704125    1.94551969    1.85329952    1.83191420    2.02565418    1.83969626    1.94754050    1.78571514    1.99409769    2.25272221    2.00219747    1.98488798    2.22178157    1.31885707    1.65164175    1.60178765    1.81164401    1.70471962    1.89925662    1.74628116    1.86641400    1.44786798    1.50905943    1.42380445    1.49709046    1.81488038    1.54517785    1.55030854    1.67550981    1.72059477    2.44623934    2.25359356    2.23786064    2.15816535    1.92365883    2.16721973    1.89844470    1.82216847    2.07909147    1.88540909    1.97222989    1.87645591    1.48676639    0.62347455    0.66410388    0.65435915    0.85189031
A6X8A0_OCHA4/580-966     1.00024475    0.91725729    0.86235521    0.85390029    0.86577093    0.82973882    1.04997601    1.11559967    0.64166420    0.00000000    0.78006558    0.85388598    0.69207690    1.23016410    1.13995205    0.97981077    1.00401390    1.85819686    1.94877366    1.92228717    1.78025745    1.80230066    1.89328354    1.90705757    1.70846341    1.78540896    1.80513817    1.96197912    2.02548891    2.02433122    1.88290811    1.98096011    1.87108342    1.76232951    1.93485995    1.87918654    1.92359841    1.87469792    1.71786684    1.81215923    1.88590111    1.94850365    1.93642807    1.85696694    1.74376901    1.88928613    1.85312392    2.05201578    1.84210349    1.97420181    2.24263383    2.06581841    2.08201937    2.29110731    1.40051387    1.66359203    1.61363668    1.87024835    1.72019948    1.91022723    1.85211201    1.93990324    1.54841564    1.50975466    1.47463145    1.60102003    1.79283189    1.60601817    1.55113437    1.67376526    1.60590684    2.34031472    2.24085676    2.20048351    2.01390700    1.99381542    2.13104500    1.86101355    1.80050954    1.98305418    1.82090185    1.90115387    1.85750817    1.54288715    0.73391846    0.72334121    0.79010766    0.83059327
M1WQU2_PSEP2/581-966     0.89076861    0.78642812    0.77986168    0.82453107    0.85053868    0.75409639    0.95428704    0.97551403    0.64849308    0.78006558    0.00000000    0.65991311    0.45406779    0.95489827    1.05537707    0.82054094    0.87263763    1.91677934    1.88421238    1.87846032    1.82146539    1.75463798    1.82361170    1.80718290    1.73316393    1.75725070    1.79619721    1.77377253    1.93509185    2.08618411    1.71091587    1.72136635    1.68642916    1.56934328    1.73323449    1.65738746    1.77462048    1.85406763    1.54627871    1.48997941    1.58425682    1.64978892    1.71357507    1.59517324    1.62582878    1.78835268    1.82611627    1.93107994    1.80588283    2.04524264    2.31642949    2.09127064    2.01172465    2.25287529    1.29342734    1.42689960    1.41074027    1.78877296    1.59285998    1.84184258    1.75658957    1.67851185    1.34642967    1.33589776    1.36883654    1.35226413    1.54815430    1.36073466    1.42536691    1.60763968    1.54219057    2.23651706    2.04484165    2.09832487    1.89603730    1.87297381    2.10857565    1.77251124    1.62026148    1.91852247    1.72751505    1.78421241    1.78482347    1.31479261    0.50829940    0.48310753    0.67986136    0.86346149
Q6EZM4_BACAN/583-968     1.09034574    0.96076567    0.89067602    0.84899237    0.89811324    0.80890736    1.04709843    1.09334796    0.80852095    0.85388598    0.65991311    0.00000000    0.54259685    0.91456411    1.00290766    0.79955875    0.84032419    2.07807724    2.02033474    1.99332008    1.90904905    1.85946362    1.88970358    1.96951583    1.81258062    1.84093463    1.76631688    1.98666878    2.02827610    2.22675699    1.79518594    1.94975300    1.86452830    1.70005020    1.87320775    1.75456113    1.83699682    2.01498840    1.67154955    1.70648591    1.76662676    1.85676963    1.82189363    1.76992906    1.72249933    1.92403178    1.86207844    1.93151307    1.85780795    1.98041377    2.12865912    2.06652221    1.97211324    2.19209581    1.31956972    1.53938712    1.56504956    1.76058326    1.76254530    1.84364045    1.80528988    1.85825427    1.48398982    1.42685698    1.49202602    1.54798031    1.55097460    1.41403029    1.46811321    1.57563932    1.63660421    2.20851671    2.13394702    2.11920484    1.94312684    2.06582878    2.16476826    1.71245333    1.66356610    1.84381998    1.73455774    1.62157020    1.71658290    1.22609410    0.64153353    0.68665216    0.77912065    0.90466750
B2JBS0_NOSP7/582-968     0.91906265    0.77689599    0.75857886    0.74832414    0.79121410    0.66988119    0.93510243    0.95954174    0.68007258    0.69207690    0.45406779    0.54259685    0.00000000    0.91529950    0.97269852    0.74638537    0.82843764    1.94776125    1.88568041    1.82458730    1.78166108    1.73822529    1.72939604    1.83463018    1.68736812    1.74235087    1.69800991    1.85836975    1.93090122    2.11561653    1.74952533    1.80161702    1.78061466    1.58340277    1.86061618    1.69674105    1.80165609    1.92855768    1.54753539    1.53741600    1.63493844    1.81253717    1.78135090    1.69105205    1.57754005    1.79704958    1.66924383    1.89485475    1.70034885    1.81175185    2.15914372    1.88925252    1.86063709    2.06712435    1.20013019    1.31201284    1.27782029    1.60752917    1.48290844    1.65816381    1.54875153    1.57734696    1.36329418    1.28665802    1.25715209    1.31685560    1.41657734    1.29394862    1.27340706    1.43915714    1.45791194    2.10092769    1.90646009    2.07405863    1.84391498    1.82014042    2.00383949    1.52191759    1.49693673    1.76628539    1.56310584    1.78176211    1.78508563    1.16414266    0.47376799    0.50953983    0.58192533    0.81109592
Q97TK7_CLOAB/265-651     1.37247784    1.28972444    1.04949751    1.15896137    1.23533177    1.18023461    1.35918437    1.35983110    1.09270414    1.23016410    0.95489827    0.91456411    0.91529950    0.00000000    0.83364039    0.55475923    0.56612577    2.03654451    1.91131209    1.91910032    1.87198865    1.83429482    1.97321139    1.93161597    1.83957940    1.86789775    1.83503450    1.94334480    2.12908379    2.28322660    1.84625406    1.93589544    1.91366504    1.68892847    1.87045784    1.68337760    1.84470234    1.99102829    1.59695557    1.68957707    1.69370975    1.71271764    1.75642093    1.80477780    1.68479849    1.92357761    1.75939266    1.86522022    1.78763751    2.04184839    2.18655446    1.89000134    1.90422228    2.11759232    1.38243647    1.29544986    1.33444476    1.71410240    1.55643910    1.76173123    1.62910043    1.71185301    1.49141979    1.33552314    1.44973962    1.42280942    1.41064961    1.31603496    1.38157144    1.51626821    1.53625960    2.42458164    1.90987816    2.24710268    2.07609951    1.84281994    2.13497362    1.62913545    1.58049962    1.71885881    1.56023625    1.72941923    1.55177712    1.27900973    0.93714603    0.97530824    1.07272274    1.15361126
K8E581_CARML/566-953     1.45314388    1.32251606    1.30663444    1.30524472    1.29803774    1.21935125    1.40528928    1.44037664    1.16463785    1.13995205    1.05537707    1.00290766    0.97269852    0.83364039    0.00000000    0.67037205    0.67243305    1.97723240    1.95879156    1.97919243    1.97992339    1.89350976    2.02326204    1.89797521    1.82286622    1.95933188    1.87456504    1.93462093    2.14431352    2.03378911    2.00660413    1.89248428    1.93966731    1.77022077    2.04689176    1.99576146    2.06767797    2.19256831    1.81887888    1.84810591    1.93142909    1.92399439    2.01448113    1.75397394    1.79141210    2.04000001    1.82431346    2.04537875    1.94008874    2.03406334    2.04275245    1.95329044    1.95418654    2.07065036    1.53855081    1.60829636    1.56305825    1.85109408    1.77607808    1.87318869    1.79222289    1.89259466    1.60686565    1.57115113    1.55399896    1.57722717    1.61308352    1.53028470    1.60221583    1.76265512    1.78041832    2.50857928    2.33127748    2.25569849    2.13684780    2.12190980    2.34980332    1.78617721    1.76844607    1.85843634    1.78963515    1.71908376    1.80189611    1.59726368    1.05145134    1.06898653    1.24608649    1.28189695
D3G1Y3_ALKPO/581-967     1.24684427    1.07679536    1.02941357    1.07103249    1.11538030    1.06714154    1.21844535    1.24906882    1.01285747    0.97981077    0.82054094    0.79955875    0.74638537    0.55475923    0.67037205    0.00000000    0.32319615    1.81942405    1.91306065    1.87295206    1.81469081    1.72489562    1.90070161    1.84974196    1.76141213    1.81241551    1.76434883    1.93580991    2.01653139    2.07052063    1.69593998    1.65807432    1.66383372    1.50408310    1.56282456    1.58250737    1.73374545    1.81591612    1.48582736    1.52403162    1.60301866    1.56984083    1.70672742    1.52967002    1.55228510    1.62743220    1.62332745    1.70455924    1.63406213    1.94092287    1.99078145    1.76688173    1.82855557    1.95189968    1.26631563    1.36952227    1.39970918    1.49893802    1.39621605    1.67862815    1.53105326    1.61981200    1.26955173    1.24860253    1.29517822    1.23863709    1.39324637    1.25383023    1.22420795    1.45883523    1.40243705    2.25702622    2.07784053    2.16975433    2.02796928    1.89802525    2.07619908    1.63157949    1.56912656    1.74518645    1.55571448    1.60648485    1.55380799    1.24516465    0.77516406    0.85779615    0.92977642    1.03696860
B9ECB5_MACCJ/582-968     1.19165881    1.13855277    1.02405772    1.06593391    1.12152932    1.07283898    1.24464840    1.26726459    1.04589335    1.00401390    0.87263763    0.84032419    0.82843764    0.56612577    0.67243305    0.32319615    0.00000000    1.82549699    1.88138882    1.86312676    1.77469146    1.71122034    1.86315472    1.74101541    1.74004509    1.75180216    1.81193259    1.87348074    2.00683284    2.03758476    1.77894430    1.69703190    1.69859106    1.61176848    1.65109804    1.61101345    1.73167828    1.82148937    1.52067241    1.56305865    1.55967553    1.62301330    1.69027273    1.67757778    1.52667624    1.73083179    1.71436967    1.83685906    1.77307826    2.04797999    2.23517028    1.97365373    1.95664471    2.11614873    1.30602906    1.26380820    1.29204162    1.62216759    1.48293063    1.65950067    1.54908229    1.64493908    1.30882350    1.25308373    1.27362597    1.24371455    1.41208290    1.27551258    1.20327238    1.49058187    1.39214752    2.35423652    2.07042555    2.09703157    1.95902266    1.89020398    2.08322665    1.61528174    1.61779994    1.61411267    1.49079332    1.63200163    1.61110502    1.24042994    0.84593243    0.89990786    0.99017506    1.14842476
A9B935_HERA2/6-395     2.32048950    2.09287649    1.96084637    1.97766903    1.92466800    2.19537374    2.17310460    2.30292682    1.95475514    1.85819686    1.91677934    2.07807724    1.94776125    2.03654451    1.97723240    1.81942405    1.82549699    0.00000000    0.58640640    0.55048413    0.56983888    0.54648371    0.71551792    0.67623407    0.51209275    0.51306270    0.49932991    0.75969964    0.80708797    0.93035772    1.88171651    1.84553195    1.94338328    1.76569328    2.01874223    1.86717881    1.85457856    1.89818251    1.87256375    1.96430101    1.95654002    1.92959301    1.99388745    1.93942748    1.86188931    1.96305213    2.15626832    2.42221730    2.20421977    2.59561336    2.50580761    2.54726894    2.39840662    2.59992426    2.24427909    2.13855140    2.21310600    2.50041682    2.35037512    2.66462340    2.46619911    2.54458685    2.23332977    2.29126912    2.17243161    2.16844757    2.34160632    2.43005076    2.33630177    2.47294319    2.47476568    2.79770170    2.63600011    2.61592108    2.54721225    2.63178870    2.66829957    2.30792060    2.22567528    2.34830546    2.18285036    2.36625108    2.19801605    2.08174508    1.94995684    1.99564080    1.99811593    2.11688937
A0R804_PELPD/570-957     2.21404604    1.96531079    1.91987710    1.99215758    1.96235230    2.19838697    2.30183759    2.23754411    1.95898267    1.94877366    1.88421238    2.02033474    1.88568041    1.91131209    1.95879156    1.91306065    1.88138882    0.58640640    0.00000000    0.30279560    0.54319700    0.49705631    0.59592855    0.57444083    0.53186426    0.51170914    0.50299077    0.77895861    0.80852083    0.92780546    1.69602220    1.64806335    1.68089473    1.61439968    1.73995624    1.57778632    1.55116002    1.69363230    1.69141471    1.68270828    1.68655534    1.86650199    1.91238541    1.74312121    1.70617655    1.67880601    2.01790614    2.36111483    2.15323491    2.38170519    2.41609719    2.26790932    2.40471326    2.36587136    2.10687905    2.02468776    2.02543044    2.46800656    2.28987139    2.57917221    2.62439921    2.76397068    2.04947343    2.08809525    2.05209244    1.96786718    2.14620386    2.05162984    2.04976456    2.16817004    2.16091596    2.60370028    2.55261642    2.70343959    2.53148904    2.42184392    2.74850461    2.21657311    2.22455864    2.41251829    2.22908586    2.30775191    2.09902244    1.93283655    1.92351531    1.92313959    2.05532166    2.18441729
A0R834_PELPD/541-929     2.20370649    2.00674372    1.83353467    1.95800851    1.90314815    2.20104336    2.23603620    2.15897187    1.90155098    1.92228717    1.87846032    1.99332008    1.82458730    1.91910032    1.97919243    1.87295206    1.86312676    0.55048413    0.30279560    0.00000000    0.51989355    0.44838864    0.60369262    0.57184736    0.51527606    0.49697734    0.48483877    0.72636088    0.76505962    0.91375812    1.70187681    1.67332876    1.65123659    1.63626886    1.74674768    1.64388764    1.64414699    1.70824475    1.67355769    1.60022336    1.66777424    1.92125006    1.92086499    1.86828145    1.71817365    1.77243661    2.04082333    2.36941496    2.14372878    2.38433323    2.46621657    2.22664735    2.33393428    2.32774997    2.16687995    2.00971632    1.99190374    2.52946258    2.35723939    2.47254869    2.54399080    2.65014156    2.11901775    2.15847312    2.06168854    1.99769923    2.29970575    2.22138982    2.08993835    2.26470057    2.29745320    2.57066292    2.57484631    2.76535694    2.59510248    2.57086236    2.62258273    2.21543145    2.13066890    2.31167104    2.17665147    2.17019478    2.03630269    1.88566081    1.93610895    1.92772268    2.03924885    2.17776350
C4ZPK6_THASP/588-977     2.12062784    1.93067820    1.87706363    1.85611382    1.80479461    1.99168645    2.04338097    2.11893328    1.88391268    1.78025745    1.82146539    1.90904905    1.78166108    1.87198865    1.97992339    1.81469081    1.77469146    0.56983888    0.54319700    0.51989355    0.00000000    0.49767497    0.59774797    0.57105569    0.49457347    0.56125002    0.50468018    0.73019049    0.74377324    0.84971248    1.87660245    1.78171691    1.83409025    1.69561212    1.82342030    1.69440926    1.64847903    1.77562664    1.75842839    1.68806122    1.71048692    1.80502034    1.83470724    1.86298467    1.72032821    1.84510833    2.08188958    2.38582205    2.20370926    2.37959854    2.60100581    2.25573647    2.46822834    2.59793092    2.11898091    2.00277895    1.96964942    2.39475509    2.25081256    2.31719207    2.38431318    2.56915562    2.07823488    2.08155450    2.04578796    2.01558952    2.22300728    2.16718787    2.02897773    2.24349264    2.16315327    2.59559061    2.57895564    2.56062225    2.40346651    2.53841073    2.65697712    2.29535338    2.13748683    2.42398218    2.15344335    2.30195175    2.08865521    1.92619842    1.92760096    1.90307390    2.02657675    1.97812457
B3EBW5_GEOLS/571-960     2.14256440    1.94340815    1.80279439    1.89481164    1.84431049    2.06197020    2.22622895    1.95848185    1.72568317    1.80230066    1.75463798    1.85946362    1.73822529    1.83429482    1.89350976    1.72489562    1.71122034    0.54648371    0.49705631    0.44838864    0.49767497    0.00000000    0.47519058    0.41469677    0.41645299    0.40448911    0.35230240    0.63701655    0.71444809    0.92757360    1.82075947    1.76730520    1.76681075    1.59847762    1.77387327    1.68811743    1.66214567    1.80311195    1.73590595    1.65038637    1.74356450    1.77962413    1.93084025    1.79122702    1.62511549    1.77404869    2.18649497    2.40168314    2.12959651    2.45045531    2.37171260    2.24217593    2.40057142    2.37635157    1.98073788    1.94188417    1.93601865    2.38060709    2.20513138    2.30167574    2.45117977    2.47231345    2.03986478    2.06521784    2.00315078    1.94446282    2.24689014    2.16203318    2.01170234    2.26312679    2.16168075    2.50404192    2.50532734    2.53612654    2.39756894    2.33867471    2.58026847    2.09630553    2.05513655    2.18932045    2.08191501    2.25552790    2.13497943    1.92219144    1.74550529    1.73962856    1.93588121    1.96509796
V4JUP8_9GAMM/2-382     2.09497078    1.85404920    1.73673200    1.84517607    1.87480014    1.99962759    2.27296677    1.98345067    1.75111006    1.89328354    1.82361170    1.88970358    1.72939604    1.97321139    2.02326204    1.90070161    1.86315472    0.71551792    0.59592855    0.60369262    0.59774797    0.47519058    0.00000000    0.26261580    0.65418354    0.61642437    0.61999755    0.73330437    0.72914576    0.91391970    1.96214051    1.94177490    1.86930719    1.85573014    1.85717270    1.89483182    1.86814953    2.01444009    1.85286426    1.93298019    1.89695407    2.09127138    2.05060068    1.88293235    1.79543768    1.91521368    2.09364536    2.44723893    2.07712952    2.37487265    2.42563317    2.08511639    2.26209844    2.36910241    1.94942304    2.11051406    2.05207446    2.39932050    2.29822373    2.29651952    2.42854121    2.47654002    2.17543578    2.18507735    1.99356967    2.00738541    2.34942825    2.27730599    2.18192499    2.31192511    2.23191996    2.46133932    2.34465266    2.51399972    2.39348305    2.34140423    2.66264108    2.24739437    2.21444957    2.35141742    2.12777546    2.34315237    2.16877516    1.95588026    1.90996258    1.73031700    1.90313584    2.13939520
A5VHB4_SPHWW/565-954     2.06489677    1.85030765    1.88498251    1.84467863    1.79434306    2.03258809    2.26792338    2.07104601    1.74958290    1.90705757    1.80718290    1.96951583    1.83463018    1.93161597    1.89797521    1.84974196    1.74101541    0.67623407    0.57444083    0.57184736    0.57105569    0.41469677    0.26261580    0.00000000    0.62267387    0.57694599    0.57012820    0.69894322    0.70696383    0.87668648    2.01051597    1.93048063    1.89361700    1.86384643    1.88375341    1.92306452    1.82493581    2.01998937    1.87141926    1.89677611    1.89437792    1.93082132    1.99680623    1.87091871    1.81869315    1.94589325    2.06039634    2.40601333    2.04022300    2.41692714    2.36658748    2.19290242    2.35930124    2.43340888    2.09400301    2.03477561    2.00001912    2.29628889    2.21451011    2.41063784    2.35158441    2.43277676    2.22524996    2.14536901    2.00163069    2.04608867    2.34230591    2.27482088    2.13506613    2.37981041    2.16381641    2.51892173    2.37912848    2.53939281    2.38808345    2.35436821    2.63751169    2.21456783    2.18983449    2.28081633    2.14812503    2.34764288    2.26304426    2.02144346    2.03118259    1.79478430    1.94006273    2.07631830
K9Y2D6_STAC7/590-979     2.06770817    1.93197522    1.75716287    1.82580402    1.76038650    2.00303084    2.09933191    2.04280900    1.80497522    1.70846341    1.73316393    1.81258062    1.68736812    1.83957940    1.82286622    1.76141213    1.74004509    0.51209275    0.53186426    0.51527606    0.49457347    0.41645299    0.65418354    0.62267387    0.00000000    0.42808551    0.34559793    0.67506625    0.71712883    0.88233954    1.72865295    1.72165804    1.69758855    1.53502208    1.73470445    1.72774486    1.66420749    1.72990553    1.65644289    1.67968698    1.68552812    1.81327556    1.89015872    1.71461352    1.62004310    1.76376309    2.18141361    2.43248410    2.22222198    2.49958483    2.51194487    2.28884229    2.42429581    2.43567796    2.04558241    1.91192858    1.99870002    2.37224644    2.28123999    2.30122463    2.41194791    2.59920713    2.03457540    2.09360636    2.07763851    2.00842003    2.24183659    2.15723582    2.04487648    2.17155368    2.20520548    2.67388888    2.34658155    2.40777930    2.20698194    2.37862761    2.63352966    2.04981786    2.06165560    2.25856398    2.11671650    2.26826088    2.05276295    1.76677720    1.73804247    1.74400459    1.88153948    1.90669642
K9U2T7_CHRTP/580-969     2.07451346    1.92347322    1.83332896    1.93722184    1.84784188    1.97514254    2.06415985    1.99916978    1.80408048    1.78540896    1.75725070    1.84093463    1.74235087    1.86789775    1.95933188    1.81241551    1.75180216    0.51306270    0.51170914    0.49697734    0.56125002    0.40448911    0.61642437    0.57694599    0.42808551    0.00000000    0.35415987    0.65086447    0.68967690    0.91933534    1.83914430    1.82914159    1.82881538    1.68175357    1.80987959    1.70712389    1.73662127    1.83425365    1.75249664    1.77387920    1.81558279    1.91369473    1.89408294    1.81288658    1.68529494    1.80337689    2.16953220    2.48314376    2.21691502    2.66222883    2.61560925    2.30168458    2.43388192    2.54058033    1.93539154    1.97627039    2.06055600    2.32172906    2.26299624    2.40678883    2.53178590    2.59165935    1.97537870    2.09049951    2.08227325    1.98920317    2.28938700    2.22261816    2.10620143    2.21321108    2.23517583    2.57388994    2.36368515    2.42576320    2.33255826    2.32927875    2.49548024    2.13024780    2.09761804    2.26612837    2.10145479    2.18480344    1.95089321    1.76363135    1.80190654    1.72021539    2.00162246    1.96473956
B2IU27_NOSP7/612-1001     2.20813492    1.94435410    1.87522976    1.92204043    1.76745963    2.02904110    2.13357506    1.94525273    1.84749740    1.80513817    1.79619721    1.76631688    1.69800991    1.83503450    1.87456504    1.76434883    1.81193259    0.49932991    0.50299077    0.48483877    0.50468018    0.35230240    0.61999755    0.57012820    0.34559793    0.35415987    0.00000000    0.65045990    0.70564286    0.90880769    1.73094781    1.77892783    1.80435656    1.53196596    1.80729996    1.64929632    1.71099853    1.72581841    1.62869477    1.64874958    1.66795742    1.77828765    1.83900634    1.79942301    1.57185777    1.74807070    2.19796850    2.44855517    2.27756008    2.42387123    2.47848259    2.34178308    2.43707664    2.47154918    2.09369382    2.05788961    2.06276850    2.49388121    2.27392187    2.48714432    2.45046642    2.61064417    2.00916370    2.09827300    2.09681767    2.12320334    2.18066374    2.17949198    2.04550159    2.17147041    2.25667030    2.51843623    2.31789267    2.37220028    2.27902327    2.27206610    2.51728099    1.93650315    1.92971618    2.17386244    2.06945876    2.20079291    2.00867926    1.81095444    1.80977251    1.78243816    1.92913079    1.98168127
V6K059_STRNV/586-976     2.14825909    1.93512857    1.85238243    1.84620266    1.83289496    1.95365702    2.08036373    2.08884994    1.77695858    1.96197912    1.77377253    1.98666878    1.85836975    1.94334480    1.93462093    1.93580991    1.87348074    0.75969964    0.77895861    0.72636088    0.73019049    0.63701655    0.73330437    0.69894322    0.67506625    0.65086447    0.65045990    0.00000000    0.73715425    0.90976546    1.84429017    1.84592364    1.83485962    1.73547788    1.94253255    1.89239611    1.84922378    2.00321603    1.73632984    1.88050168    1.87151682    1.95688441    2.03731617    1.84949985    1.69429282    1.98620520    2.14175413    2.34001025    2.26379754    2.44361199    2.62076332    2.51617809    2.45645209    2.47248369    1.93095488    2.10473141    2.08130419    2.56451910    2.43473913    2.42736054    2.55602033    2.59697619    2.13303267    2.17628823    2.03839358    2.11452733    2.32511729    2.21749581    2.12696931    2.28227406    2.26638974    2.43457263    2.45939301    2.49850060    2.34837889    2.32368200    2.62503772    2.20645250    2.24922383    2.24182477    2.04188954    2.14888110    2.11023587    1.96141826    1.81859545    1.77986276    1.90990553    2.06276231
Q2JAF8_FRACC/406-795     2.16155451    1.96824193    1.93151118    1.88859768    1.88707703    2.02699406    2.20525983    2.18109442    1.84441945    2.02548891    1.93509185    2.02827610    1.93090122    2.12908379    2.14431352    2.01653139    2.00683284    0.80708797    0.80852083    0.76505962    0.74377324    0.71444809    0.72914576    0.70696383    0.71712883    0.68967690    0.70564286    0.73715425    0.00000000    0.47126156    1.95450439    1.86232467    1.84203056    1.81806134    1.96424363    1.90478652    1.90683622    1.98080974    1.87642591    1.94105521    1.92675961    1.98672670    2.07873528    1.95046568    1.81329579    1.96221550    2.17321501    2.54021554    2.26319458    2.52427683    2.55673727    2.46004090    2.44034166    2.52465221    2.03417327    2.10618383    2.13950217    2.46087310    2.32853102    2.39290258    2.46469058    2.59483889    2.12359011    2.12547320    2.07527674    2.18017677    2.28617685    2.25678482    2.13711601    2.42505636    2.30361670    2.56296638    2.55279473    2.60872985    2.58688916    2.42577243    2.80369893    2.53598208    2.48756943    2.44164500    2.27926215    2.29374708    2.03999788    1.99658500    2.04800093    1.94043743    1.85018459    2.06533352
D2AQZ9_STRRD/602-992     2.28229192    2.07346527    2.11492189    2.00337599    2.06633011    2.16141391    2.40275282    2.37210091    1.89914521    2.02433122    2.08618411    2.22675699    2.11561653    2.28322660    2.03378911    2.07052063    2.03758476    0.93035772    0.92780546    0.91375812    0.84971248    0.92757360    0.91391970    0.87668648    0.88233954    0.91933534    0.90880769    0.90976546    0.47126156    0.00000000    1.96287848    1.94084510    1.92935821    2.04380626    2.24110864    2.11522441    2.16591071    2.31421861    2.09955176    2.14865590    2.19944738    2.24682555    2.18437829    2.08194040    1.99514493    2.13323533    2.28261711    2.67642271    2.49431994    2.63601627    2.82662702    2.77893951    2.76085063    2.78332119    2.13787752    2.48324054    2.45807709    2.62590066    2.49576045    2.78264284    2.73558597    2.88672695    2.33968605    2.30032706    2.38726780    2.35817825    2.60269808    2.43021564    2.28148338    2.44307339    2.31763498    2.75399784    2.74952317    2.69603403    2.67416082    2.47675172    2.66367070    2.57602672    2.62627701    2.64334674    2.40914737    2.45367547    2.19247827    2.31048068    2.18549747    2.11158377    2.01156953    2.21718653
Q12AN9_POLSJ/582-968     1.98778761    1.98032638    1.92571868    2.01677066    1.93404121    2.04590892    2.16791098    1.87968800    2.04202886    1.88290811    1.71091587    1.79518594    1.74952533    1.84625406    2.00660413    1.69593998    1.77894430    1.88171651    1.69602220    1.70187681    1.87660245    1.82075947    1.96214051    2.01051597    1.72865295    1.83914430    1.73094781    1.84429017    1.95450439    1.96287848    0.00000000    0.41232338    0.43562279    0.71081797    0.99676610    0.96748961    0.99337149    0.98788359    1.05177726    1.09468288    1.10496058    1.17170280    1.25425218    0.96084835    0.77881397    0.92627406    2.23332201    2.21677719    2.17380806    2.59440138    2.55401439    2.51869705    2.57514458    2.60191009    1.89598700    1.88075303    1.85515095    2.12395399    2.12020840    2.20097190    2.13627052    2.29573068    1.87609152    1.84824086    1.86959766    2.06268468    2.12983759    1.96820788    2.12797066    2.23809195    2.32139930    2.49517891    2.49529828    2.51966771    2.34609614    2.47478009    2.56515237    2.28313895    2.31760010    2.49853986    2.34592800    2.35325159    2.44917069    1.91662675    1.66821251    1.79843025    1.94405253    1.90705617
