8
RSMB_SYNY3/245-444     0.00000000    1.45806097    1.36084338    1.34610280    1.68892735    1.65183111    1.31470385    1.48468510
RSMB_COXBU/231-427     1.45806097    0.00000000    0.97179429    0.93742149    1.88285082    1.75045213    1.46883760    1.51617866
RSMB_HAEIN/251-447     1.36084338    0.97179429    0.00000000    0.63446405    1.60356635    1.51294748    1.42098987    1.34192889
RSMB_ECOLI/239-427     1.34610280    0.93742149    0.63446405    0.00000000    1.61929294    1.52514873    1.20312328    1.35362556
Y1407_MYCTU/259-454     1.68892735    1.88285082    1.60356635    1.61929294    0.00000000    2.00585883    1.57696886    1.71343662
TRM4_METJA/76-272     1.65183111    1.75045213    1.51294748    1.52514873    2.00585883    0.00000000    0.98805229    0.96730981
NOP2_HUMAN/377-585     1.31470385    1.46883760    1.42098987    1.20312328    1.57696886    0.98805229    0.00000000    0.45740680
NOP2_YEAST/338-547     1.48468510    1.51617866    1.34192889    1.35362556    1.71343662    0.96730981    0.45740680    0.00000000

