132
I3JFK8_ORENI/391-531     0.00000000    0.36092993    0.41187439    0.30292278    0.66526904    0.58130639    0.51574459    0.54536579    0.61892032    0.56374375    0.59616857    0.59214396    0.73123418    0.76004922    0.70052575    0.73232372    0.82598412    0.68703243    0.89254598    0.90237828    0.96628442    0.93785660    0.58370613    0.91503531    0.81448923    0.81390230    0.81065866    0.74763735    0.80711822    0.71820494    0.80940978    0.73904181    0.73196463    0.69507393    0.75022037    0.83597133    0.90380421    0.88137244    0.92519552    0.79699469    0.78570079    0.74773517    0.56699034    1.05516183    1.32008384    1.38396494    1.63781979    1.48147499    1.19249098    1.35063098    1.25195701    1.22112254    1.38291125    1.10245682    0.98807431    1.06879969    1.38551855    1.26742759    1.08108184    1.08709154    1.09687088    1.13621872    1.20151163    1.03149256    1.14755445    1.32219407    1.73406995    1.01239913    1.27599648    1.31222807    1.50978883    1.31019821    1.34859731    1.27644738    1.27283629    1.09428964    1.12333692    1.15591111    1.01692476    1.23574038    0.94262090    1.00795374    0.94379234    1.02873667    1.06448859    0.93836509    1.26206082    1.31855044    0.69822338    1.33132188    0.70235163    1.15213259    1.04668369    0.78667572    0.73071163    0.81851128    0.97798274    0.76180191    0.71948523    0.73233064    1.21019164    1.17787729    1.35584000    1.11693715    1.27706869    1.10281229    1.19929600    1.69082026    1.49642537    1.43757856    1.37232706    1.37239080    1.24433221    1.29210965    1.35400309    1.16222091    1.44531947    1.24965036    1.23203676    1.16764643    1.43239346    1.41587313    1.40271107    1.67899210    1.57148111    1.58148491    1.36491999    1.35981237    1.23273778    1.73588629    1.17822407    1.00479657
I3IV71_ORENI/370-510     0.36092993    0.00000000    0.43621926    0.26410239    0.59344318    0.60611213    0.59112254    0.61132116    0.57342383    0.59760809    0.56893023    0.51831300    0.62167934    0.71748260    0.67714027    0.73813103    0.78086335    0.68629325    0.84445507    0.78495515    0.91052878    0.94573822    0.56995206    0.83989059    0.80529195    0.82413370    0.82611752    0.82299176    0.71478981    0.71679398    0.71413288    0.60391678    0.63705166    0.69411810    0.68787021    0.81283279    0.86778416    0.85539011    0.97518237    0.81824134    0.80229911    0.73896440    0.60551891    1.08095745    1.41870975    1.43376453    1.54495307    1.40976941    1.26284150    1.33532817    1.22779249    1.25016062    1.38498803    1.12650957    1.04923300    1.19381919    1.48435442    1.12191280    1.14516328    1.15033842    1.10816032    1.20263613    1.21500433    1.14652472    1.19940818    1.46670582    1.64843421    1.05506374    1.31492969    1.32608833    1.56007939    1.34065272    1.29001521    1.31798201    1.25822995    1.17480560    1.09497212    1.10791165    0.97925028    1.21300930    1.01333087    1.13150652    0.92364813    0.99249199    1.03348782    0.85174855    1.31947015    1.29774249    0.80318943    1.48004112    0.70431808    1.17379512    0.97268919    0.77340311    0.70194457    0.79069435    0.91152698    0.72758626    0.67844952    0.77950269    1.15236926    1.14705736    1.24419939    1.17382989    1.42961184    1.24813114    1.18063845    1.76165273    1.66079441    1.60683004    1.48868582    1.52770269    1.45108129    1.54670824    1.49564914    1.33301253    1.63717213    1.44824820    1.49444519    1.46392919    1.64012312    1.66749986    1.48706288    1.78745264    1.69149243    1.64937766    1.57462283    1.48114675    1.26474318    1.95219974    1.11519746    0.98845362
F1R632_DANRE/377-510     0.41187439    0.43621926    0.00000000    0.33927399    0.67269566    0.70324233    0.67563194    0.68686941    0.69884093    0.63462401    0.66376113    0.70519846    0.80997195    0.86972511    0.84604533    0.85291468    0.85258831    0.79221119    0.95168658    0.86864642    0.94751099    1.03800112    0.67791380    0.90207958    0.81507771    0.85896692    0.83319468    0.83777965    0.83192137    0.72831329    0.83689269    0.72965401    0.80486376    0.76156182    0.70634211    0.87859419    0.88678083    0.82848277    0.89269888    0.82357696    0.81612960    0.73522822    0.68450083    1.12358768    1.40133000    1.35952694    1.55162721    1.35819687    1.26237289    1.27163133    1.23702283    1.23731664    1.39953446    0.97224191    1.04843434    1.10516313    1.38929470    1.12698374    1.03030391    1.13384954    1.19609982    1.14680622    1.16371367    1.06909454    1.19017712    1.35846847    1.75702132    1.07526306    1.26437437    1.24652470    1.45848779    1.18554784    1.32116835    1.24421418    1.32117904    1.18121821    1.12102848    1.23984053    1.11710540    1.10081268    1.09706887    1.08230359    1.02259308    0.94423094    1.09739952    0.96098638    1.24194694    1.34895643    0.75085673    1.34253652    0.68885380    1.23164644    0.97811539    0.84994300    0.80496853    0.82932344    0.93636354    0.77395281    0.70247923    0.74450753    1.10878389    1.14336703    1.39587152    1.25296689    1.42593189    1.34977801    1.27523794    1.74860127    1.71032904    1.64850474    1.54899275    1.65198374    1.44318640    1.44523183    1.60198442    1.46377440    1.68936633    1.51736133    1.50083142    1.48235036    1.70518104    1.64265662    1.57470433    1.94581412    1.82261229    1.75175745    1.64321491    1.49518363    1.48155091    2.12738555    1.19401896    1.01994125
W5KG96_ASTMX/391-528     0.30292278    0.26410239    0.33927399    0.00000000    0.66258150    0.63304456    0.61193713    0.60978234    0.65337370    0.59670816    0.63003524    0.63297081    0.78301860    0.69320105    0.68646981    0.74743928    0.70773719    0.70851879    0.85431413    0.79655387    1.00458550    0.91732958    0.60702427    0.82595529    0.81205947    0.93472631    0.84504578    0.85564039    0.84932865    0.80940311    0.73299982    0.62771083    0.66756797    0.66473945    0.74659871    0.85793270    0.88173247    0.86735897    0.92453188    0.81057949    0.82432513    0.74497118    0.58870323    1.08531154    1.38005209    1.40519563    1.60303118    1.35494032    1.30759965    1.44179243    1.25628478    1.25686567    1.41161085    1.17754938    0.96883700    1.06939223    1.40594349    1.17378272    1.04918390    1.08326045    1.09611463    1.19253684    1.16597002    1.01625774    1.13315845    1.39725261    1.76458800    1.12873199    1.24183644    1.21843942    1.51987195    1.26698473    1.34434410    1.28799048    1.30867743    1.17104414    1.20906433    1.22581157    0.98106041    1.28718366    1.00346856    1.07309143    1.00690029    0.99008367    0.99952596    0.90814023    1.20112793    1.32291080    0.77737854    1.43515441    0.67335010    1.26807780    0.99440458    0.76833676    0.74356537    0.78071118    0.94767547    0.75534117    0.62820137    0.74334178    1.17835918    1.13571438    1.36506744    1.21829489    1.35591428    1.25663104    1.22357117    1.77637491    1.58542201    1.55290480    1.43710354    1.52040839    1.45748540    1.54462243    1.50882227    1.38349165    1.72424910    1.45589042    1.48552941    1.41707640    1.58624154    1.66875485    1.43910351    1.75763635    1.67884219    1.73990407    1.55806658    1.44072948    1.23651949    1.97218660    1.13087216    1.00687223
W5K713_ASTMX/343-474     0.66526904    0.59344318    0.67269566    0.66258150    0.00000000    0.25146211    0.46372787    0.50800671    0.45167255    0.55811535    0.58355036    0.51774374    0.77281996    0.81157379    0.75536471    0.73363070    0.70619643    0.70036824    0.98804791    0.88192234    0.90663230    0.99877444    0.68069566    0.85069219    0.79564772    0.92772364    0.89520756    0.91867229    0.98277052    0.89469482    0.70343292    0.63458925    0.61274499    0.63048631    0.66514125    0.82623519    0.88936292    0.85280652    0.97301584    0.81594249    0.78764598    0.87075785    0.67779002    1.13312127    1.41478600    1.44322398    1.69477557    1.45689355    1.31248790    1.26080768    1.46744534    1.28413543    1.51588289    1.16361285    1.06665242    1.32187169    1.37593804    1.27262635    1.18525089    1.24661830    1.38840694    1.22299911    1.21507321    1.08708720    1.25892680    1.50932128    1.91071618    1.34296999    1.44121909    1.28973051    1.56588300    1.35316201    1.30788861    1.28235387    1.26492828    1.26349900    1.19443584    1.24805188    1.05142296    1.17957266    1.07545598    1.11393996    0.88542339    1.01854258    0.95111152    0.80608363    1.18864675    1.25358781    0.87266827    1.37321189    0.61423803    1.25416731    1.03634048    0.76757672    0.69983695    0.77463495    0.90946303    0.71377643    0.78010480    0.69564462    1.09774793    1.09882455    1.41479220    1.24530047    1.54235205    1.39377409    1.45771652    1.70990109    1.72428544    1.63976130    1.54879690    1.55602621    1.41797275    1.42240429    1.58362400    1.40612418    1.67579591    1.47413415    1.56920158    1.54311316    1.79659195    1.52410322    1.54517710    1.64134584    1.63137847    1.82330403    1.57726181    1.56630125    1.29993877    1.99374162    0.90549529    0.96547133
M4ANX3_XIPMA/352-484     0.58130639    0.60611213    0.70324233    0.63304456    0.25146211    0.00000000    0.44028902    0.40692828    0.51825924    0.54379000    0.53398972    0.50228003    0.82797995    0.76120739    0.78621618    0.68509949    0.74437942    0.63112926    0.90184089    0.86784697    0.94050487    0.88485491    0.63817916    0.81965473    0.73684819    0.86020947    0.80561148    0.82936844    0.87128645    0.82086387    0.67836275    0.61580291    0.64952484    0.66645346    0.70650738    0.81237306    0.81716499    0.83025352    0.84396091    0.75768128    0.78746808    0.81371150    0.62957557    1.10237121    1.49169921    1.42718436    1.66606927    1.45734702    1.30083114    1.18640543    1.59511359    1.26830201    1.55572315    1.13069342    1.08315612    1.24394971    1.39858983    1.19473621    1.18999520    1.25594424    1.35793298    1.20236764    1.27235676    1.17369004    1.24855817    1.54539315    1.98074352    1.26951506    1.37247697    1.44484220    1.62272992    1.38331921    1.44063061    1.37384955    1.16787903    1.17564193    1.17992110    1.27205486    1.01032876    1.21763791    0.96647813    1.11936020    0.87428848    1.02402979    0.92537096    0.76012933    1.08032577    1.11922171    0.81122518    1.38066284    0.64913354    1.19316102    1.08360574    0.71874844    0.62587040    0.76164445    0.93475535    0.69823923    0.75614711    0.76185922    1.17785795    1.10308459    1.24342815    1.21910476    1.40544725    1.35340240    1.36493606    1.73470843    1.64494199    1.63605848    1.55310568    1.51997809    1.35308262    1.49306923    1.47960068    1.32098760    1.52378668    1.42369710    1.51819944    1.44271602    1.69409852    1.36990436    1.49100940    1.66234749    1.60055130    1.65845932    1.51157232    1.50961896    1.28324281    1.81131901    0.84733737    0.91297656
H2ZUV0_LATCH/354-490     0.51574459    0.59112254    0.67563194    0.61193713    0.46372787    0.44028902    0.00000000    0.40020247    0.49335406    0.47386665    0.56068752    0.46173355    0.77676707    0.81992292    0.78527451    0.69705205    0.80757068    0.69132934    0.93572859    1.01493651    1.04010694    1.02225166    0.67131439    0.89554377    0.86727813    0.96381484    0.89444646    0.89341912    0.95432184    0.87752731    0.74086214    0.74917352    0.69178964    0.68188003    0.76663006    0.87841988    0.87791959    0.94783021    1.02437427    0.91689682    0.83795417    0.88464467    0.66056931    1.11650088    1.48629173    1.57243480    1.90051231    1.61039192    1.27391550    1.42661218    1.47351162    1.34508478    1.62000060    1.20137247    1.12706044    1.22329696    1.45827529    1.24737585    1.10512423    1.15791515    1.29917432    1.16532519    1.17893675    1.07965670    1.35851446    1.69324921    1.82756563    1.36275577    1.49655046    1.55098069    1.81450410    1.55409078    1.57198921    1.43333893    1.29929218    1.24882172    1.27996492    1.39003605    1.01439696    1.17019262    0.99196458    1.07201103    0.92282320    0.98253826    1.01431306    0.80971671    1.20638261    1.25219959    0.80355207    1.25693178    0.72964511    1.27309091    1.12280595    0.81525654    0.76723655    0.85423901    0.92058666    0.73024937    0.70695533    0.73222673    1.11847132    1.14691462    1.21318008    1.19159959    1.29751248    1.21648141    1.31151371    1.72750346    1.63434371    1.49447416    1.48132232    1.48577370    1.35262004    1.38472032    1.37369830    1.33834293    1.53107892    1.44820511    1.56965322    1.46408246    1.60821621    1.47909717    1.61793345    1.73925669    1.73772643    1.62595984    1.58795639    1.55057484    1.40391138    2.02945910    0.99998070    1.04088457
G1KA77_ANOCA/354-486     0.54536579    0.61132116    0.68686941    0.60978234    0.50800671    0.40692828    0.40020247    0.00000000    0.38425786    0.27818939    0.36911831    0.32885860    0.69792866    0.69148714    0.66941851    0.63018976    0.67872098    0.59822858    0.81525668    0.92199395    1.00837557    0.91874595    0.56715219    0.81948621    0.70618103    0.82775397    0.79405081    0.77722333    0.89351337    0.80219289    0.61996116    0.64168589    0.53777930    0.63527026    0.64205522    0.72860103    0.80102704    0.83367173    0.76849616    0.70321210    0.70751549    0.78845208    0.59464396    1.08773883    1.44280643    1.35607724    1.71068436    1.38321199    1.38422221    1.27079687    1.36503430    1.14994556    1.35035310    1.21040995    0.95144923    1.09949185    1.40462643    1.17745737    1.17854002    1.21262473    1.34704786    1.16030591    1.19128990    1.08126036    1.25573885    1.47640954    1.80738671    1.22941618    1.35808076    1.40209198    1.54072064    1.37146443    1.39801462    1.31866922    1.13964129    1.21536161    1.18957834    1.32968989    1.04971715    1.12958238    0.91126068    1.04176103    0.89931175    1.06365014    0.85441264    0.84480049    1.27522149    1.29971469    0.75274432    1.33738764    0.65664971    1.19856994    1.12210282    0.81102057    0.75880138    0.80661393    0.98227843    0.76229725    0.72143578    0.71317312    1.14769788    1.15516224    1.19672152    1.08106112    1.37727861    1.26409421    1.33313130    1.68463389    1.70228240    1.55358010    1.50739326    1.43010023    1.39510547    1.38018647    1.39236889    1.25936735    1.51356882    1.36723004    1.35382097    1.31042961    1.68073892    1.53437042    1.57418256    1.71955018    1.68604030    1.70379196    1.58821737    1.51781127    1.15891479    2.00087539    1.08456297    1.06915073
B2GUG2_XENTR/354-486     0.61892032    0.57342383    0.69884093    0.65337370    0.45167255    0.51825924    0.49335406    0.38425786    0.00000000    0.35276793    0.37202011    0.35151314    0.74473123    0.75966573    0.75353553    0.73381481    0.74505052    0.72858989    0.96855615    0.98747024    1.08995166    1.08551326    0.66692024    0.85925702    0.79174546    0.86818267    0.80475481    0.78506593    0.90794796    0.78662013    0.76750207    0.73151864    0.67453182    0.74955781    0.73817467    0.77296624    0.86528886    0.80290066    0.81736183    0.78787453    0.71999597    0.88745686    0.60408988    1.16652985    1.40629556    1.54260282    1.92588701    1.49925344    1.27289959    1.40818589    1.44294466    1.22315929    1.35247601    1.26487924    1.01040830    1.32057649    1.45759311    1.37163529    1.24811893    1.28748875    1.41466133    1.25211005    1.28268017    1.19480394    1.29881909    1.60534463    1.82771877    1.34066941    1.43769915    1.33505478    1.54117942    1.29400018    1.35985140    1.34720337    1.10276913    1.17758819    1.20371616    1.24298790    1.03936340    0.98136957    1.10177927    1.15926209    0.97227543    1.10649783    0.94737030    0.79581170    1.23583830    1.22661978    0.95408418    1.45501590    0.68342400    1.25078770    1.12747762    0.85668228    0.72947054    0.86466870    0.96780534    0.71478420    0.74334733    0.75581656    1.13998921    1.11274026    1.39210705    1.25938827    1.53442079    1.35608846    1.43324323    1.80688801    1.75057656    1.67341460    1.61669870    1.59389434    1.47824495    1.48315547    1.53502904    1.48680156    1.71223661    1.48442310    1.58037603    1.46178119    1.84372952    1.59053183    1.76462527    1.91110973    1.84014454    1.76393198    1.75183279    1.72082365    1.35858619    2.14710669    1.15170711    1.05937624
G5BQI6_HETGA/354-486     0.56374375    0.59760809    0.63462401    0.59670816    0.55811535    0.54379000    0.47386665    0.27818939    0.35276793    0.00000000    0.27270362    0.25955796    0.67237109    0.56841428    0.59650392    0.59264374    0.64940844    0.55662809    0.75657749    0.84176983    0.90539715    0.87353962    0.53301736    0.71456150    0.69138752    0.76121522    0.73559219    0.71386142    0.69722698    0.70864020    0.60056567    0.61012373    0.53226285    0.58634489    0.58691084    0.69153228    0.76084380    0.77677338    0.73667157    0.63415408    0.63585882    0.75836214    0.57029210    1.02633109    1.41841936    1.55262573    1.91127020    1.51971449    1.30956020    1.31050708    1.25803294    1.05087172    1.23921403    1.22080725    0.87643965    1.16336274    1.45956306    1.22077160    1.13782297    1.20948152    1.37157136    1.16164303    1.28044663    1.06238104    1.12088704    1.52066368    1.75127917    1.12191610    1.25783688    1.20057735    1.34875912    1.13205223    1.22799557    1.16545282    1.04079417    1.08143373    1.02773206    1.23344654    0.89615276    0.99582070    1.02395838    1.09127549    0.75004902    0.96872179    0.79067302    0.78040971    1.22727854    1.19094550    0.72460171    1.33013289    0.65061891    1.18130325    1.09765387    0.75817908    0.69415408    0.75707038    0.95273620    0.73805646    0.66851249    0.72170889    1.14541269    1.13409696    1.38374548    1.18089271    1.39247628    1.25892841    1.26405673    1.61210111    1.60384445    1.59359073    1.44243852    1.44714495    1.39033786    1.45426470    1.43822432    1.32252827    1.55492306    1.39787106    1.40763176    1.39401801    1.67829923    1.45869163    1.65744487    1.74990106    1.66147467    1.79136258    1.64983131    1.56772290    1.10673074    2.04043693    1.03782164    0.96313396
F7FGW6_ORNAN/347-479     0.59616857    0.56893023    0.66376113    0.63003524    0.58355036    0.53398972    0.56068752    0.36911831    0.37202011    0.27270362    0.00000000    0.28406651    0.70330379    0.73608936    0.73926663    0.67151493    0.70922817    0.63563639    0.85925462    0.92199480    1.04325744    1.00198551    0.63666921    0.84588613    0.81542902    0.86261759    0.84688567    0.75784413    0.78829346    0.79633554    0.66646984    0.67966276    0.61679759    0.70011825    0.67004863    0.73961107    0.86114257    0.76972621    0.77081333    0.65194733    0.68513765    0.80146779    0.66122451    1.07610807    1.34472867    1.57760916    1.89671243    1.48352044    1.49388830    1.31584511    1.33691098    1.14592809    1.23903984    1.14744138    1.02580521    1.25547810    1.46867962    1.25918735    1.13615654    1.21896038    1.37829698    1.17999547    1.20010437    1.15177773    1.17109821    1.50844269    1.80523965    1.21674482    1.40191792    1.36756436    1.56127044    1.38890354    1.48041933    1.36767461    1.09133414    1.10040890    1.20408433    1.34766692    1.05855925    1.08527277    1.07967742    1.19467704    0.80590325    1.02425477    0.89007484    0.85358519    1.25650475    1.29345711    0.77823641    1.34208371    0.70806634    1.34279488    1.10356312    0.83611205    0.77241067    0.81278825    0.88239271    0.74935768    0.76187253    0.77644446    1.29881608    1.22951905    1.41957928    1.18761419    1.33864334    1.13717260    1.26496090    1.68523337    1.54922298    1.61224226    1.47090745    1.51186590    1.41641596    1.42546178    1.55602784    1.33463956    1.55415894    1.36800652    1.40987717    1.36720873    1.75332922    1.48356282    1.57007152    1.71645897    1.68414550    1.77787261    1.56524095    1.48294232    1.26339566    2.06129927    1.14322276    1.03362044
F7EDP7_MONDO/354-486     0.59214396    0.51831300    0.70519846    0.63297081    0.51774374    0.50228003    0.46173355    0.32885860    0.35151314    0.25955796    0.28406651    0.00000000    0.70716947    0.66994973    0.65058986    0.70575017    0.72925013    0.60700498    0.74164540    0.81522884    0.94110815    0.88477311    0.57014451    0.74227979    0.71451234    0.78463197    0.75921991    0.72097673    0.75784923    0.71684709    0.65180311    0.65904367    0.57294169    0.62948427    0.65389608    0.71648979    0.83446920    0.80150130    0.85577331    0.73797197    0.65838236    0.76340104    0.58532819    0.98182032    1.37880881    1.50334791    1.85485894    1.46966964    1.36638419    1.33218244    1.34116313    1.08628622    1.32036631    1.16310956    0.98794368    1.27030604    1.44995324    1.22679637    1.13211698    1.14449981    1.27299508    1.13214924    1.19319527    1.11185192    1.18052949    1.47218234    1.76287350    1.29341836    1.45371013    1.46999071    1.72150558    1.43077729    1.54948282    1.49009136    1.04360843    1.19920645    1.15855485    1.26659459    0.96489293    0.98342019    0.98598086    1.16099175    0.85265748    1.02407559    0.87120632    0.72757257    1.18288155    1.24079942    0.80678917    1.27930317    0.69151253    1.18815001    1.06187925    0.79860139    0.67869817    0.78693622    0.89505257    0.69369302    0.68473932    0.77163786    1.28486955    1.17648021    1.34228178    1.22531390    1.30369201    1.13737410    1.27649458    1.71158540    1.60479877    1.60117488    1.50241894    1.51436695    1.41653016    1.50783365    1.59476630    1.33851844    1.56017212    1.41879468    1.55577522    1.45152010    1.75695100    1.41515335    1.64387161    1.73414824    1.60873043    1.72680312    1.56562143    1.49716711    1.16017415    1.90816693    1.10665449    0.98307647
F6TDC2_XENTR/361-498     0.73123418    0.62167934    0.80997195    0.78301860    0.77281996    0.82797995    0.77676707    0.69792866    0.74473123    0.67237109    0.70330379    0.70716947    0.00000000    0.31940747    0.31433957    0.49014496    0.46369956    0.37480722    0.58936105    0.62001877    0.69337696    0.80199749    0.50439874    0.86604307    0.83011605    0.87146491    0.79483793    0.87816289    0.93397726    0.74190696    0.57161042    0.54961965    0.51737305    0.60265277    0.61535631    0.64509984    0.84347958    0.82834683    0.89707530    0.73807762    0.64568130    0.85250748    0.77423041    1.28281174    1.63423336    1.50160193    1.71882703    1.42332166    1.30519278    1.40507119    1.55889276    1.41309952    1.54489481    1.27344919    1.39849183    1.35609913    1.57156171    1.45965102    1.47384084    1.38300146    1.52407355    1.39523974    1.43691367    1.42354083    1.29439112    1.59067220    1.88662205    1.30555913    1.52958100    1.61459711    2.00102715    1.57870945    1.72402849    1.68994398    1.35454807    1.32112886    1.37614199    1.30169743    1.11048220    1.26063708    0.95834813    1.17419908    1.05449614    1.11836030    1.10708823    0.99444409    1.30009065    1.16850177    0.86595251    1.50314886    0.79267479    1.26110542    1.07433008    0.73482837    0.78762412    0.87176207    1.04523675    0.80323631    0.80222303    0.84495982    1.23648914    1.28873640    1.58099781    1.32513047    1.52439167    1.44200168    1.32873412    1.58991680    1.66420675    1.57788892    1.43261367    1.50225786    1.39212375    1.44401461    1.36336065    1.33618021    1.72717349    1.31840494    1.29344451    1.37319744    1.60608916    1.53001094    1.52525549    1.69319801    1.63811147    1.74677917    1.60372241    1.60963958    1.36700644    2.00690922    1.26546161    1.01531267
A0A5G2QPE1_PIG/361-502     0.76004922    0.71748260    0.86972511    0.69320105    0.81157379    0.76120739    0.81992292    0.69148714    0.75966573    0.56841428    0.73608936    0.66994973    0.31940747    0.00000000    0.11710027    0.38048956    0.37133580    0.32369631    0.55559010    0.69596704    0.84852069    0.74535363    0.42695795    0.80447520    0.73465831    0.82182629    0.76182348    0.77039437    0.92355931    0.78049960    0.53354394    0.54572460    0.40910407    0.57040411    0.55541175    0.61496281    0.76258629    0.73585114    0.76672689    0.58935892    0.52933584    0.87316057    0.78320069    1.16241896    1.59177655    1.70748954    1.60744511    1.41068907    1.44309057    1.32756360    1.52492245    1.33161579    1.50421108    1.50801667    1.22843548    1.16386260    1.45699195    1.39402385    1.35016457    1.31666684    1.40373235    1.39719011    1.38368485    1.19947584    1.10642649    1.49240943    1.91652905    1.27499672    1.47569121    1.48464069    2.01338110    1.61893612    1.64350106    1.55478848    1.17335531    1.15135091    1.20673420    1.20148065    1.12830890    1.24517060    0.93166967    1.20597138    0.98382655    1.23290213    0.93431902    0.92816464    1.20757185    1.14637522    0.91135401    1.47834613    0.83212698    1.34781669    1.06665745    0.75841063    0.68035185    0.84332172    1.03906719    0.84054322    0.83378008    0.88056358    1.30273317    1.29158335    1.58641841    1.22961914    1.44001997    1.34532743    1.25127254    1.57415362    1.55314904    1.56277066    1.36844723    1.40254535    1.37270697    1.46874826    1.42389969    1.31735747    1.70170526    1.36112100    1.34784111    1.38477079    1.67330615    1.55480572    1.43291156    1.59328757    1.58439966    1.69497149    1.60277498    1.54410944    1.28286967    1.81011541    1.19720772    1.06605753
F7F9H3_ORNAN/361-502     0.70052575    0.67714027    0.84604533    0.68646981    0.75536471    0.78621618    0.78527451    0.66941851    0.75353553    0.59650392    0.73926663    0.65058986    0.31433957    0.11710027    0.00000000    0.38266103    0.35583850    0.28189779    0.50914398    0.65139576    0.79444484    0.74545874    0.41151175    0.80226681    0.71645963    0.77962533    0.73714953    0.76372749    0.87636269    0.75102285    0.49174663    0.53380181    0.44718699    0.50979088    0.54543457    0.59792617    0.76524803    0.74368094    0.79871291    0.60244787    0.51977548    0.84626835    0.69913623    1.12779928    1.56164294    1.67450722    1.59371457    1.41027910    1.39320829    1.30592285    1.49959573    1.31934727    1.47663185    1.43534816    1.21678688    1.19417196    1.40195930    1.42159360    1.31778296    1.21675177    1.33815835    1.28906471    1.26501312    1.19904016    1.10609801    1.42155615    1.90963954    1.27789695    1.48021267    1.39212213    1.80145272    1.54381115    1.55726958    1.46002250    1.18111974    1.12882255    1.15003470    1.16315765    1.12891097    1.23424830    0.93471712    1.19207160    0.93282295    1.14813879    0.88750434    0.95498262    1.21964574    1.15209720    0.88451303    1.43724070    0.76576234    1.25247720    1.01163588    0.76581958    0.66408862    0.80272725    0.97152520    0.76471715    0.76504204    0.81173873    1.25838260    1.21578242    1.55398972    1.19776205    1.46038613    1.29820185    1.20573679    1.52208704    1.48919499    1.46453167    1.37474201    1.41603044    1.30140818    1.41144925    1.38508461    1.28539401    1.62891350    1.31800860    1.30127753    1.31272746    1.62673035    1.52478156    1.47654175    1.61951344    1.63616929    1.68966514    1.54247740    1.51805178    1.24914411    1.85428927    1.14365850    1.05390461
H2ZXK7_LATCH/262-404     0.73232372    0.73813103    0.85291468    0.74743928    0.73363070    0.68509949    0.69705205    0.63018976    0.73381481    0.59264374    0.67151493    0.70575017    0.49014496    0.38048956    0.38266103    0.00000000    0.42539440    0.38751912    0.60610512    0.69799092    0.86584322    0.80684358    0.50182917    0.79380408    0.78931545    0.82212829    0.82840607    0.85314935    0.96425861    0.80433160    0.46873338    0.43584015    0.39460776    0.49590512    0.49270321    0.67111576    0.78045169    0.80981400    0.77480669    0.66267435    0.63776462    0.82432531    0.69406236    1.14024355    1.58288975    1.57762534    1.75474999    1.51740585    1.45137778    1.36268608    1.54605896    1.45431145    1.64455096    1.41082397    1.21953608    1.24573668    1.66353879    1.45789951    1.38514871    1.34064318    1.53817888    1.44532552    1.37889708    1.39095894    1.15976502    1.63553905    1.91296287    1.43029308    1.57166743    1.46689496    1.90440465    1.66814619    1.71427455    1.68127020    1.24831034    1.20648163    1.31278565    1.28582082    1.09255770    1.22357698    1.03849898    1.11643303    0.90521694    1.05906985    0.94844235    0.94046121    1.23886647    1.20516902    0.79936820    1.34624150    0.73881205    1.41758013    1.12811613    0.76401764    0.61424140    0.79089060    0.99616997    0.76646360    0.82145077    0.79760273    1.46645785    1.33388026    1.62789861    1.38299375    1.31908185    1.34607403    1.25708937    1.51319324    1.58738372    1.63101991    1.52486083    1.53739493    1.38291481    1.51789724    1.45337350    1.45268536    1.81328225    1.41422630    1.47389837    1.44277406    1.65079596    1.63577007    1.56987541    1.79109670    1.79302781    1.69092647    1.67238224    1.52988636    1.34941245    1.89474336    1.23017523    1.06944950
A5PMP0_DANRE/359-498     0.82598412    0.78086335    0.85258831    0.70773719    0.70619643    0.74437942    0.80757068    0.67872098    0.74505052    0.64940844    0.70922817    0.72925013    0.46369956    0.37133580    0.35583850    0.42539440    0.00000000    0.28920423    0.73873329    0.79862583    0.81869912    0.88823385    0.50558480    0.85592787    0.80800289    0.81692686    0.81011494    0.84562020    0.88252665    0.81431602    0.54697529    0.48592571    0.44880455    0.53772633    0.55840054    0.66936189    0.80288960    0.82711220    0.80917305    0.69065843    0.62940596    0.95890063    0.80490128    1.14042688    1.69556154    1.65680969    1.70172929    1.45502198    1.53078328    1.36727207    1.53732724    1.40485659    1.56788814    1.54610409    1.20549353    1.27606811    1.54993373    1.44814558    1.37424132    1.31431455    1.51800524    1.44687207    1.43264657    1.34739434    1.17104510    1.59762986    1.98488703    1.43107275    1.53092536    1.31575795    1.76161625    1.47628528    1.53749716    1.55020028    1.30247797    1.23658429    1.29997779    1.33349043    1.24435576    1.29945130    1.12200909    1.35302497    1.00688249    1.28262667    1.03982065    1.05250070    1.21539506    1.24146910    0.77989268    1.53650529    0.85051970    1.44720850    1.05559697    0.82122950    0.81360705    0.91119037    1.13068896    0.89930217    0.88717070    0.88534824    1.28910093    1.30950562    1.65760111    1.30422146    1.47362617    1.31646936    1.35713755    1.58347436    1.58443610    1.62364196    1.47717393    1.47315370    1.50987561    1.54029522    1.57569527    1.37333026    1.79314679    1.36133299    1.53043329    1.51519544    1.72955576    1.70480748    1.63070915    1.82338340    1.75136653    1.74942758    1.69168640    1.56912443    1.26246864    1.94077726    1.18399283    1.16364202
W5NF88_LEPOC/370-511     0.68703243    0.68629325    0.79221119    0.70851879    0.70036824    0.63112926    0.69132934    0.59822858    0.72858989    0.55662809    0.63563639    0.60700498    0.37480722    0.32369631    0.28189779    0.38751912    0.28920423    0.00000000    0.53831442    0.63407283    0.71340946    0.66008196    0.34400670    0.75266875    0.64987241    0.71087808    0.68231909    0.68761877    0.73954561    0.64964584    0.50920985    0.50377506    0.41886513    0.41732922    0.49379114    0.54854842    0.74852986    0.74979793    0.77523837    0.60018073    0.53774751    0.82939628    0.64293580    1.08770352    1.68869899    1.64893978    1.65071530    1.33116467    1.39507386    1.39218032    1.55253517    1.37787759    1.49701680    1.39145472    1.22776244    1.34312683    1.42807978    1.40433380    1.38613167    1.39039415    1.56348443    1.39793255    1.48361164    1.26801515    1.22195004    1.53865739    1.84335647    1.30583819    1.44515669    1.50705332    1.96595594    1.58816907    1.59906766    1.55351958    1.26938117    1.19071392    1.19392389    1.25303306    1.11889564    1.24736902    1.09516357    1.31277858    0.93417019    1.18556458    1.00599841    1.00802772    1.35666775    1.27774609    0.80586927    1.43508921    0.79353404    1.48939233    1.18391156    0.77376844    0.70530833    0.87193061    1.06792876    0.86389563    0.79205544    0.90517393    1.38229058    1.30938996    1.50907899    1.30375257    1.48982111    1.36218125    1.29292411    1.55253320    1.70820907    1.54087848    1.42977252    1.43453862    1.42260907    1.40575307    1.49284126    1.31291128    1.67228465    1.33934368    1.46442395    1.32670441    1.66810297    1.68037406    1.63489695    1.83562558    1.75297044    1.69327122    1.56906001    1.52659793    1.28027170    1.96996146    1.16552646    1.14695325
W5NF66_LEPOC/361-502     0.89254598    0.84445507    0.95168658    0.85431413    0.98804791    0.90184089    0.93572859    0.81525668    0.96855615    0.75657749    0.85925462    0.74164540    0.58936105    0.55559010    0.50914398    0.60610512    0.73873329    0.53831442    0.00000000    0.34669756    0.48748101    0.42274522    0.52653558    0.95986438    0.87044193    0.98387517    0.82122807    0.97666141    1.03189895    0.89070173    0.55250638    0.62189953    0.56559692    0.67257013    0.63768997    0.73294735    0.83717173    0.78033500    0.89029672    0.70558501    0.69642424    0.97455970    0.85055586    1.23251072    1.80349201    1.55708789    1.85218863    1.55404008    1.41892756    1.45347445    1.55833960    1.31749993    1.52904011    1.41304720    1.38540959    1.39860562    1.77001472    1.39525358    1.43534339    1.26973055    1.49654250    1.35915215    1.36200475    1.31684334    1.22662446    1.66778507    1.89759145    1.48881850    1.51320008    1.70165017    1.98049722    1.71556329    1.81321021    1.67951461    1.35970410    1.45921216    1.49979589    1.38322659    1.05851262    1.30068418    0.98565902    1.19695275    1.11546078    1.14620210    1.06033720    1.14876788    1.49287915    1.35133071    1.00644657    1.59436650    1.00139249    1.47087455    1.34228118    1.08191291    0.86426251    1.00143715    1.12164674    0.92906736    1.01354107    1.05576133    1.40881630    1.28791228    1.50265979    1.39711216    1.36810325    1.29598824    1.35659856    1.55321845    1.80997044    1.68998685    1.55980291    1.69653827    1.46212495    1.56151191    1.47811939    1.53073429    1.86411402    1.44652108    1.47871060    1.59048042    1.74336792    1.64045086    1.65776176    1.77847878    1.73344842    1.73844100    1.65845882    1.53752956    1.30458460    1.94208318    1.37301943    1.29384800
I3JJZ3_ORENI/362-503     0.90237828    0.78495515    0.86864642    0.79655387    0.88192234    0.86784697    1.01493651    0.92199395    0.98747024    0.84176983    0.92199480    0.81522884    0.62001877    0.69596704    0.65139576    0.69799092    0.79862583    0.63407283    0.34669756    0.00000000    0.38335310    0.44988123    0.62216014    0.95211166    0.89591562    0.92152647    0.86657525    1.03845107    1.01546369    0.84783845    0.59754559    0.59156574    0.63861352    0.71023283    0.67421313    0.79850222    0.78336734    0.88895390    0.90029542    0.82909210    0.73055530    0.91667906    0.90971589    1.35540334    1.50514370    1.54978495    1.73927823    1.46231114    1.33759821    1.40835011    1.73221578    1.46442415    1.62996569    1.39595453    1.30343192    1.48300340    1.56842719    1.31934085    1.38628364    1.29542795    1.42602591    1.38335144    1.43394169    1.27725596    1.20147219    1.57858908    1.80406784    1.33511227    1.52314218    1.49062886    1.99807958    1.59217225    1.70080028    1.61292519    1.56457581    1.53866044    1.46864706    1.36982649    1.10039445    1.29951482    1.13156232    1.25258326    1.08577771    1.10365914    1.03505382    1.08303863    1.26838625    1.21865022    1.01151723    1.60681021    0.85894730    1.28706235    1.22282459    0.94977794    0.73695930    0.90123484    1.06731033    0.83649653    0.88873963    0.88879816    1.30507465    1.32275873    1.45788125    1.30599652    1.42410122    1.37199006    1.38236942    1.52560997    1.78198959    1.66248467    1.49862316    1.58616346    1.51133940    1.51951912    1.45197811    1.54360247    1.93941415    1.42612742    1.44055845    1.59592243    1.82173690    1.67994844    1.66796540    1.73083186    1.74104320    1.81053757    1.54552361    1.58119788    1.33632367    1.91476309    1.28816187    1.19986536
M3ZVA7_XIPMA/361-498     0.96628442    0.91052878    0.94751099    1.00458550    0.90663230    0.94050487    1.04010694    1.00837557    1.08995166    0.90539715    1.04325744    0.94110815    0.69337696    0.84852069    0.79444484    0.86584322    0.81869912    0.71340946    0.48748101    0.38335310    0.00000000    0.33491526    0.75925271    0.94423045    0.93839846    0.96054439    0.88109865    1.03924788    1.04291907    0.84078056    0.83090452    0.76162712    0.75674279    0.76016490    0.72060686    0.94640593    0.98855642    1.05853286    1.07289142    0.98262746    0.92661565    1.06222114    1.01815113    1.48433833    1.59688342    1.47172496    1.84705822    1.52916641    1.42799774    1.32017336    1.56247361    1.37495337    1.63990297    1.40521293    1.34937096    1.39908488    1.56675258    1.30962219    1.42528997    1.35251526    1.41689618    1.28810732    1.42089817    1.21487176    1.14280013    1.68180084    1.56138602    1.47321579    1.60738562    1.67908199    1.84978709    1.56589242    1.67942868    1.60701916    1.66441745    1.50028474    1.45613792    1.38408404    1.12048947    1.30899974    1.23644495    1.29207663    1.15533060    1.12464412    1.22753003    1.32426739    1.32310690    1.33530874    1.02460779    1.68942582    0.95701013    1.38373244    1.16967549    1.01780338    0.91788532    0.92139848    1.25403466    0.98767957    0.94541426    1.04243902    1.24421592    1.30521357    1.39370534    1.34172064    1.41797186    1.30104938    1.46701422    1.41420566    1.63026340    1.63016480    1.56487229    1.61015217    1.44230229    1.48525814    1.35856612    1.51338787    1.97815006    1.48800371    1.38189167    1.63409334    1.67737834    1.57507252    1.50224844    1.74720797    1.61754293    1.71282351    1.58921469    1.58178004    1.34273515    2.01112986    1.32203499    1.30411024
