34
Q852T1_TOBAC/49-320     0.00000000    0.27907584    0.27121781    0.37831838    0.44275360    0.37529159    0.51463191    0.42708344    0.59310930    0.67358943    0.76430940    0.72885131    0.69594163    0.95547262    1.41673720    2.60961839    3.20661604    3.49193453    2.59286335    2.38979242    1.32972098    1.30361495    0.94598564    1.15216818    1.08448568    1.00317289    0.92799207    1.24764724    0.82986619    0.80716687    0.32579952    0.43498092    0.49028336    0.33181801
A0A0J8CWI5_BETVV/51-321     0.27907584    0.00000000    0.28665422    0.41677193    0.46563657    0.38322337    0.58616951    0.50186013    0.62585035    0.75772781    0.74125461    0.76133322    0.72354918    0.97568801    1.46821239    2.74340714    3.27751810    3.59158554    2.67066964    2.39380746    1.48010582    1.41296664    0.94931003    1.10124716    1.05434829    0.99475292    0.93902070    1.28042725    0.84417354    0.85483118    0.33832669    0.46067346    0.56206711    0.31969613
VPEG_ARATH/59-330     0.27121781    0.28665422    0.00000000    0.36818087    0.41928490    0.36771695    0.50970678    0.44466477    0.58028365    0.71443159    0.70915188    0.72918560    0.71601716    0.90594142    1.41666859    2.71478962    3.24034020    3.46585832    2.70578294    2.46142632    1.39905311    1.33134741    0.92738897    1.14172426    1.06939810    1.02441251    0.91769810    1.27164531    0.84245486    0.84421588    0.27331605    0.42500784    0.55127322    0.25956545
VPE1_ORYSJ/62-334     0.37831838    0.41677193    0.36818087    0.00000000    0.29538787    0.25033115    0.68969677    0.56894101    0.64420179    0.74393133    0.74645503    0.73252322    0.74415492    0.95805322    1.28337318    2.50518099    3.06968253    3.05618091    2.45913317    2.39254459    1.52306230    1.37830186    0.90962229    1.10921725    1.08980901    1.05123301    0.93804243    1.26559457    0.84968296    0.85210225    0.43179944    0.50618182    0.60393040    0.42895571
O24539_VICNA/53-325     0.44275360    0.46563657    0.41928490    0.29538787    0.00000000    0.25512253    0.67431049    0.60285260    0.68218115    0.78414118    0.80174661    0.76044043    0.76636702    0.93899514    1.40560623    2.67965864    3.11445546    3.14002451    2.64919914    2.50997300    1.57286410    1.34604918    0.88584299    1.06742549    1.06756918    1.07646479    1.02255935    1.26873218    0.88527907    0.88954350    0.46726650    0.50477487    0.62397066    0.47649635
Q9LLQ4_SESIN/54-326     0.37529159    0.38322337    0.36771695    0.25033115    0.25512253    0.00000000    0.61448436    0.54700047    0.62940845    0.75920537    0.74714066    0.75180712    0.71739330    0.96445041    1.39054971    2.59044081    3.15572859    2.91822854    2.50737530    2.34142083    1.43851319    1.33624286    0.86665830    1.04395776    1.13594462    1.02348954    0.95750511    1.31074837    0.89084103    0.85993550    0.37491175    0.48156691    0.59120861    0.40881928
Q9SMD0_SOLLC/39-316     0.51463191    0.58616951    0.50970678    0.68969677    0.67431049    0.61448436    0.00000000    0.33058291    0.58917242    0.79085898    0.82993167    0.90194048    0.78639262    1.00104759    1.35735282    2.76265564    3.31671911    3.41106704    2.79815853    2.61418601    1.59617990    1.45848836    1.10202875    1.22100344    1.14143268    1.06257801    1.00227611    1.28058655    0.94094425    0.88747246    0.55113133    0.72952516    0.66348849    0.60266933
Q9XG75_TOBAC/40-306     0.42708344    0.50186013    0.44466477    0.56894101    0.60285260    0.54700047    0.33058291    0.00000000    0.55829010    0.71144318    0.74260571    0.76431421    0.71595978    0.88651179    1.35696321    2.70451683    3.18464807    3.42014467    2.60837765    2.47279367    1.55047429    1.38152487    0.99308414    1.07818184    1.08987384    0.94988467    0.88233744    1.21900061    0.83349978    0.80931737    0.49206914    0.59646210    0.57820387    0.51874613
VPED_ARATH/46-316     0.59310930    0.62585035    0.58028365    0.64420179    0.68218115    0.62940845    0.58917242    0.55829010    0.00000000    0.68431843    0.71004291    0.76854985    0.72071092    0.86580483    1.23925135    2.40980835    3.00196767    3.01465218    2.42428330    2.27695588    1.53639939    1.20783976    1.02324439    0.99055835    0.98337876    0.98270232    0.94175175    1.06887517    0.74414618    0.79161652    0.56292389    0.69387262    0.68614977    0.60986968
Q6PRC7_IXORI/38-293     0.67358943    0.75772781    0.71443159    0.74393133    0.78414118    0.75920537    0.79085898    0.71144318    0.68431843    0.00000000    0.45746240    0.45233363    0.39999697    0.71334777    1.14172710    2.14494251    2.71499965    2.79268275    2.10714953    2.04693627    1.41526492    1.22670355    0.92034770    0.90498212    1.02464440    0.84352693    0.84995889    1.05421955    0.72828852    0.71912723    0.72503948    0.69284002    0.69678671    0.70147900
LGMN_HUMAN/29-286     0.76430940    0.74125461    0.70915188    0.74645503    0.80174661    0.74714066    0.82993167    0.74260571    0.71004291    0.45746240    0.00000000    0.31760736    0.24710068    0.81324220    1.13542238    2.40679509    2.96484318    2.91431469    2.32061916    2.24812327    1.35869673    1.29361569    0.85824679    0.78637915    0.98609255    0.91183081    0.85383310    1.02576412    0.75975731    0.75353899    0.73517943    0.74795390    0.77428952    0.74634691
Q4RED0_TETNG/30-283     0.72885131    0.76133322    0.72918560    0.73252322    0.76044043    0.75180712    0.90194048    0.76431421    0.76854985    0.45233363    0.31760736    0.00000000    0.24594952    0.84401828    1.13809753    2.19703468    2.59543270    2.75497206    2.21540310    2.02916626    1.31741682    1.35166580    0.81147492    0.78439637    0.94196104    0.87034474    0.82203713    1.01840776    0.74086066    0.74077400    0.77572065    0.68431641    0.79627717    0.72218031
Q6NYJ7_DANRE/32-288     0.69594163    0.72354918    0.71601716    0.74415492    0.76636702    0.71739330    0.78639262    0.71595978    0.72071092    0.39999697    0.24710068    0.24594952    0.00000000    0.82477239    1.13733800    2.20304918    2.63841422    2.89218729    2.15186176    2.02814623    1.35839648    1.22025173    0.86098567    0.81990816    0.94555197    0.87911534    0.80296021    1.06427140    0.73933167    0.71679403    0.73481404    0.67625105    0.72908069    0.66544530
Q2UVF3_HAECO/29-287     0.95547262    0.97568801    0.90594142    0.95805322    0.93899514    0.96445041    1.00104759    0.88651179    0.86580483    0.71334777    0.81324220    0.84401828    0.82477239    0.00000000    1.37050732    2.27671691    2.90302232    2.86545071    2.12437492    2.10824235    1.41224067    1.35628723    0.88705657    0.91020256    0.91518741    0.87927486    0.88541066    1.14901944    0.84099085    0.85467301    0.96958483    0.98903685    0.93001079    0.95600265
Q08BI0_DANRE/27-278     1.41673720    1.46821239    1.41666859    1.28337318    1.40560623    1.39054971    1.35735282    1.35696321    1.23925135    1.14172710    1.13542238    1.13809753    1.13733800    1.37050732    0.00000000    3.09497877    3.00363263    3.18791107    2.77306550    2.65000825    1.63708773    1.58335937    1.53189340    1.51656088    1.44934090    1.41288562    1.36694128    1.37699203    1.16985638    1.26781084    1.46428113    1.38638103    1.21431795    1.50552301
A0A080VK93_PSEAI/341-579     2.60961839    2.74340714    2.71478962    2.50518099    2.67965864    2.59044081    2.76265564    2.70451683    2.40980835    2.14494251    2.40679509    2.19703468    2.20304918    2.27671691    3.09497877    0.00000000    1.35782216    1.46826988    0.49186056    0.47078153    2.86370897    2.81505184    2.83906896    2.66143266    2.69380076    2.86540139    2.80394113    2.78428947    2.63361510    2.43835780    2.57667565    2.92953178    2.74742182    2.82334795
Q8P9N6_XANCP/124-392     3.20661604    3.27751810    3.24034020    3.06968253    3.11445546    3.15572859    3.31671911    3.18464807    3.00196767    2.71499965    2.96484318    2.59543270    2.63841422    2.90302232    3.00363263    1.35782216    0.00000000    1.41189426    1.43823693    1.38521525    2.90870891    2.83418481    3.09496747    2.69134079    3.15621344    3.10273776    3.03563481    3.49670624    3.02508410    3.01582317    3.09543744    2.90041133    2.76155640    3.35379372
Q6FEB2_ACIAD/229-477     3.49193453    3.59158554    3.46585832    3.05618091    3.14002451    2.91822854    3.41106704    3.42014467    3.01465218    2.79268275    2.91431469    2.75497206    2.89218729    2.86545071    3.18791107    1.46826988    1.41189426    0.00000000    1.27340005    1.30924288    3.55056018    2.91263035    3.34099156    2.85996182    3.58126547    3.40495408    3.07660285    3.58640690    3.35850928    3.19643127    3.49443727    3.29533050    3.20443792    3.84912034
A0A1K2CI68_9PSED/335-570     2.59286335    2.67066964    2.70578294    2.45913317    2.64919914    2.50737530    2.79815853    2.60837765    2.42428330    2.10714953    2.32061916    2.21540310    2.15186176    2.12437492    2.77306550    0.49186056    1.43823693    1.27340005    0.00000000    0.28271617    2.72466305    2.61636868    2.62856956    2.57697052    2.71481759    2.55034684    2.64665318    2.58073328    2.49573553    2.41926061    2.53772560    2.57443989    2.57728961    2.77809740
Q88QE3_PSEPK/400-640     2.38979242    2.39380746    2.46142632    2.39254459    2.50997300    2.34142083    2.61418601    2.47279367    2.27695588    2.04693627    2.24812327    2.02916626    2.02814623    2.10824235    2.65000825    0.47078153    1.38521525    1.30924288    0.28271617    0.00000000    2.63436589    2.47290278    2.62803385    2.32332939    2.49438118    2.40676621    2.42808919    2.48472596    2.41034776    2.31134407    2.39993114    2.40075178    2.30636411    2.57425935
A2FXM6_TRIVA/13-267     1.32972098    1.48010582    1.39905311    1.52306230    1.57286410    1.43851319    1.59617990    1.55047429    1.53639939    1.41526492    1.35869673    1.31741682    1.35839648    1.41224067    1.63708773    2.86370897    2.90870891    3.55056018    2.72466305    2.63436589    0.00000000    0.83650847    1.30740017    1.42792678    1.48089555    1.38397567    1.33065124    1.52838030    1.41523189    1.49465830    1.39902783    1.35916625    1.40797246    1.53984705
Q6EHZ7_TRIVA/12-258     1.30361495    1.41296664    1.33134741    1.37830186    1.34604918    1.33624286    1.45848836    1.38152487    1.20783976    1.22670355    1.29361569    1.35166580    1.22025173    1.35628723    1.58335937    2.81505184    2.83418481    2.91263035    2.61636868    2.47290278    0.83650847    0.00000000    1.26275102    1.34816333    1.34788761    1.20673457    1.15674799    1.19385738    1.26410992    1.17006757    1.33322216    1.24318823    1.30912923    1.31396890
Q0MYV8_EMIHU/33-301     0.94598564    0.94931003    0.92738897    0.90962229    0.88584299    0.86665830    1.10202875    0.99308414    1.02324439    0.92034770    0.85824679    0.81147492    0.86098567    0.88705657    1.53189340    2.83906896    3.09496747    3.34099156    2.62856956    2.62803385    1.30740017    1.26275102    0.00000000    0.74416706    1.00386210    0.83720065    0.74669678    1.04109181    0.84162363    0.89854960    0.95381921    0.88744619    0.93552990    0.93922342
D0MXB3_PHYIT/25-298     1.15216818    1.10124716    1.14172426    1.10921725    1.06742549    1.04395776    1.22100344    1.07818184    0.99055835    0.90498212    0.78637915    0.78439637    0.81990816    0.91020256    1.51656088    2.66143266    2.69134079    2.85996182    2.57697052    2.32332939    1.42792678    1.34816333    0.74416706    0.00000000    1.04905181    0.90893174    0.89735365    1.14008304    0.98170199    1.01872719    1.10173187    1.05497582    1.07355777    1.14126487
A0CQC7_PARTE/19-285     1.08448568    1.05434829    1.06939810    1.08980901    1.06756918    1.13594462    1.14143268    1.08987384    0.98337876    1.02464440    0.98609255    0.94196104    0.94555197    0.91518741    1.44934090    2.69380076    3.15621344    3.58126547    2.71481759    2.49438118    1.48089555    1.34788761    1.00386210    1.04905181    0.00000000    0.77984749    0.69525133    1.16510204    1.00570497    1.03107227    1.04053552    1.06887331    1.02784602    1.08284475
Q22P32_TETTS/20-285     1.00317289    0.99475292    1.02441251    1.05123301    1.07646479    1.02348954    1.06257801    0.94988467    0.98270232    0.84352693    0.91183081    0.87034474    0.87911534    0.87927486    1.41288562    2.86540139    3.10273776    3.40495408    2.55034684    2.40676621    1.38397567    1.20673457    0.83720065    0.90893174    0.77984749    0.00000000    0.30282601    1.09249497    0.84608990    0.83165513    1.05067652    1.05043037    0.88380552    1.07827021
Q22P33_TETTS/20-285     0.92799207    0.93902070    0.91769810    0.93804243    1.02255935    0.95750511    1.00227611    0.88233744    0.94175175    0.84995889    0.85383310    0.82203713    0.80296021    0.88541066    1.36694128    2.80394113    3.03563481    3.07660285    2.64665318    2.42808919    1.33065124    1.15674799    0.74669678    0.89735365    0.69525133    0.30282601    0.00000000    1.00366658    0.79302283    0.80769593    0.98438230    0.96815790    0.82295042    1.01100866
Q711M2_FASHE/21-278     1.24764724    1.28042725    1.27164531    1.26559457    1.26873218    1.31074837    1.28058655    1.21900061    1.06887517    1.05421955    1.02576412    1.01840776    1.06427140    1.14901944    1.37699203    2.78428947    3.49670624    3.58640690    2.58073328    2.48472596    1.52838030    1.19385738    1.04109181    1.14008304    1.16510204    1.09249497    1.00366658    0.00000000    0.79986421    0.76821909    1.28676744    1.20405828    1.17266285    1.26516963
HGLB_SCHMA/37-291     0.82986619    0.84417354    0.84245486    0.84968296    0.88527907    0.89084103    0.94094425    0.83349978    0.74414618    0.72828852    0.75975731    0.74086066    0.73933167    0.84099085    1.16985638    2.63361510    3.02508410    3.35850928    2.49573553    2.41034776    1.41523189    1.26410992    0.84162363    0.98170199    1.00570497    0.84608990    0.79302283    0.79986421    0.00000000    0.24701577    0.88793794    0.86072728    0.86072085    0.96684410
HGLB_SCHJA/31-285     0.80716687    0.85483118    0.84421588    0.85210225    0.88954350    0.85993550    0.88747246    0.80931737    0.79161652    0.71912723    0.75353899    0.74077400    0.71679403    0.85467301    1.26781084    2.43835780    3.01582317    3.19643127    2.41926061    2.31134407    1.49465830    1.17006757    0.89854960    1.01872719    1.03107227    0.83165513    0.80769593    0.76821909    0.24701577    0.00000000    0.86470609    0.82018488    0.89751905    0.90143970
VPE_VICSA/56-325     0.32579952    0.33832669    0.27331605    0.43179944    0.46726650    0.37491175    0.55113133    0.49206914    0.56292389    0.72503948    0.73517943    0.77572065    0.73481404    0.96958483    1.46428113    2.57667565    3.09543744    3.49443727    2.53772560    2.39993114    1.39902783    1.33322216    0.95381921    1.10173187    1.04053552    1.05067652    0.98438230    1.28676744    0.88793794    0.86470609    0.00000000    0.41602968    0.53320655    0.30356827
Q6L4R2_ORYSJ/41-319     0.43498092    0.46067346    0.42500784    0.50618182    0.50477487    0.48156691    0.72952516    0.59646210    0.69387262    0.69284002    0.74795390    0.68431641    0.67625105    0.98903685    1.38638103    2.92953178    2.90041133    3.29533050    2.57443989    2.40075178    1.35916625    1.24318823    0.88744619    1.05497582    1.06887331    1.05043037    0.96815790    1.20405828    0.86072728    0.82018488    0.41602968    0.00000000    0.41241794    0.36968600
Q9LWZ3_ORYSJ/41-304     0.49028336    0.56206711    0.55127322    0.60393040    0.62397066    0.59120861    0.66348849    0.57820387    0.68614977    0.69678671    0.77428952    0.79627717    0.72908069    0.93001079    1.21431795    2.74742182    2.76155640    3.20443792    2.57728961    2.30636411    1.40797246    1.30912923    0.93552990    1.07355777    1.02784602    0.88380552    0.82295042    1.17266285    0.86072085    0.89751905    0.53320655    0.41241794    0.00000000    0.49311758
Q9SBX2_MAIZE/45-317     0.33181801    0.31969613    0.25956545    0.42895571    0.47649635    0.40881928    0.60266933    0.51874613    0.60986968    0.70147900    0.74634691    0.72218031    0.66544530    0.95600265    1.50552301    2.82334795    3.35379372    3.84912034    2.77809740    2.57425935    1.53984705    1.31396890    0.93922342    1.14126487    1.08284475    1.07827021    1.01100866    1.26516963    0.96684410    0.90143970    0.30356827    0.36968600    0.49311758    0.00000000

