33
LBP_MOUSE/38-212     0.00000000    0.61522886    0.35073247    0.76316208    0.91959107    0.72310782    0.90813658    2.22879185    2.54823993    3.00499911    2.47568063    1.99613867    2.45136000    2.21014532    2.32948138    2.67633530    2.54533145    2.66742084    2.58963788    2.37843665    3.16990552    3.72696160    4.09177598    3.84839625    3.53057719    3.40211452    4.24999722    3.81632658    4.21199941    3.20634508    3.19173681    3.11954389    3.64417074
LBP_RABIT/39-213     0.61522886    0.00000000    0.50275337    1.05140288    1.06970133    0.97906214    1.16353637    2.65672671    2.76509321    3.01702657    2.68443718    2.15934893    2.49003659    2.28717928    2.48969216    3.31807055    3.10412880    2.99394906    2.90002721    2.83471210    3.58528335    4.03062211    3.94222491    3.82736757    3.34857881    3.17499245    4.18649353    3.76642193    3.86991578    3.48422128    3.37291458    3.12263084    3.93662155
LBP_HUMAN/38-212     0.35073247    0.50275337    0.00000000    0.77648032    0.87554529    0.74917037    0.94173206    2.28168401    2.51630227    2.76785708    2.36505540    2.10946665    2.40122475    2.17109309    2.40216156    2.92693199    2.88170959    2.79859257    2.79417413    2.61582173    3.12171571    3.84375420    3.81695972    3.53675783    3.42724038    3.33414712    4.29569624    3.67602285    4.06904965    3.21485847    3.11544189    3.01833898    3.68903343
BPI_HUMAN/44-220     0.76316208    1.05140288    0.77648032    0.00000000    0.48929578    0.49491071    0.60695700    2.27394380    2.30888143    2.52315144    2.45717343    1.95461296    2.06519627    1.80685355    2.38215369    2.34145580    2.45409751    2.52216910    2.72472374    2.70168037    2.90504937    3.76011284    3.99517144    3.94645106    3.43645768    3.47637486    3.97501998    3.62402561    3.96678513    3.44225242    3.34450887    3.27503780    3.86644796
BPI_RABIT/3-178     0.91959107    1.06970133    0.87554529    0.48929578    0.00000000    0.51464461    0.71113112    2.35278355    2.75578359    3.04609988    2.99422733    1.75696122    2.14876912    2.06625637    2.55449778    2.60729063    2.71895311    2.93272471    2.85217348    2.73190835    3.55092986    4.15519449    4.12266204    3.73617448    3.58905901    3.83578402    4.12682910    3.76485374    4.19462742    3.66346852    3.63298006    3.54169715    4.52368685
BPI_BOVIN/39-215     0.72310782    0.97906214    0.74917037    0.49491071    0.51464461    0.00000000    0.59123224    2.25091868    2.64494030    3.04767896    2.61744114    1.98507446    2.14438756    2.05149897    2.64896131    2.66820912    2.83334444    3.17508614    2.94227699    2.84424910    3.68875807    4.16844591    3.74963710    3.82491222    3.32075118    3.34357662    4.07347484    3.84953568    4.20645116    3.59226561    3.55978562    3.43699403    3.97001115
BPI_MOUSE/40-215     0.90813658    1.16353637    0.94173206    0.60695700    0.71113112    0.59123224    0.00000000    2.46140903    3.04157366    2.91400057    2.37185811    2.19199609    2.27551993    2.04520122    2.86805253    2.88728190    3.08419379    3.22718379    2.80953963    2.72543303    3.37203012    4.22399302    4.27667570    4.00146862    3.26497800    3.44958360    4.06226652    3.80710600    4.16350047    3.42571254    3.51023188    3.45171448    4.29761653
CETP_HUMAN/36-210     2.22879185    2.65672671    2.28168401    2.27394380    2.35278355    2.25091868    2.46140903    0.00000000    2.87492899    2.70968355    2.80116389    2.61427463    3.42552369    2.97068501    3.04188337    3.39447561    3.56692151    2.97259744    3.16220240    3.46426893    3.99414630    4.34044167    3.88427474    3.63504066    3.38313627    4.28848519    5.05334021    3.70619322    4.19901457    4.07456684    4.52411674    3.98941048    4.36345877
O17768_CAEEL/47-230     2.54823993    2.76509321    2.51630227    2.30888143    2.75578359    2.64494030    3.04157366    2.87492899    0.00000000    2.61065476    2.52764891    2.86904949    2.94045481    2.73529740    3.12471328    3.02654529    3.23711294    3.52095589    3.91080607    3.44677441    3.53563688    3.35735657    3.58637134    3.25736562    2.68369773    3.06444723    3.82457725    3.35298090    3.51047774    3.66796879    3.37775136    3.48254577    3.70021798
Y1049_ARATH/37-211     3.00499911    3.01702657    2.76785708    2.52315144    3.04609988    3.04767896    2.91400057    2.70968355    2.61065476    0.00000000    1.02791847    3.52550351    3.42861570    3.41344551    3.01475632    3.24357596    3.84241704    4.50599936    4.31891983    3.97519685    3.71631024    3.48873225    4.01326157    3.93374981    3.70032627    3.98958394    3.42334146    3.06285490    3.42094335    3.92553887    4.20594358    4.00013933    4.78206980
Y2070_ARATH/75-244     2.47568063    2.68443718    2.36505540    2.45717343    2.99422733    2.61744114    2.37185811    2.80116389    2.52764891    1.02791847    0.00000000    2.96536648    2.77416954    2.83453151    3.22465986    3.84889975    4.26020972    3.96735427    3.86286910    3.86856170    3.69716497    3.69889217    4.36334530    4.29534824    3.06603835    3.53987235    3.76298660    3.69555267    3.57797114    3.72725657    3.87995789    3.62025571    4.24860715
PLTP_HUMAN/30-199     1.99613867    2.15934893    2.10946665    1.95461296    1.75696122    1.98507446    2.19199609    2.61427463    2.86904949    3.52550351    2.96536648    0.00000000    2.20251274    2.05671487    2.97138587    2.94240840    2.99224430    2.95755513    3.21986862    3.23852105    2.76772370    3.32398823    3.55166075    3.37109294    2.92832348    2.99418420    3.10829612    3.21783148    3.28364894    2.84796583    2.83081233    2.61851063    3.05907070
BPIFC_MOUSE/38-219     2.45136000    2.49003659    2.40122475    2.06519627    2.14876912    2.14438756    2.27551993    3.42552369    2.94045481    3.42861570    2.77416954    2.20251274    0.00000000    0.32324229    2.47650671    2.54652999    2.67265431    3.04904744    2.64398045    2.37407737    3.79385396    4.22501303    4.03081548    4.37844861    3.50085282    2.95835368    3.21290816    3.44510153    3.48975925    4.00988045    3.58228866    3.27881446    3.53422445
BPIFC_HUMAN/38-217     2.21014532    2.28717928    2.17109309    1.80685355    2.06625637    2.05149897    2.04520122    2.97068501    2.73529740    3.41344551    2.83453151    2.05671487    0.32324229    0.00000000    2.56544004    2.51813621    2.60864077    2.78460155    2.56444422    2.33015225    3.30615161    4.08771069    3.85692666    4.32765222    3.36231908    3.05038768    3.20464454    3.25076498    3.56519420    3.80297411    3.57461403    3.22385935    3.49546267
NRF5_CAEEL/41-195     2.32948138    2.48969216    2.40216156    2.38215369    2.55449778    2.64896131    2.86805253    3.04188337    3.12471328    3.01475632    3.22465986    2.97138587    2.47650671    2.56544004    0.00000000    2.44091451    2.48432007    3.52747674    3.37508633    3.37511944    4.03523105    4.03470336    4.40197038    4.20673134    2.69933431    3.58468338    4.52255184    3.17181569    4.17642807    3.56038843    3.70538973    3.39443294    4.18092427
BPIB2_MOUSE/36-194     2.67633530    3.31807055    2.92693199    2.34145580    2.60729063    2.66820912    2.88728190    3.39447561    3.02654529    3.24357596    3.84889975    2.94240840    2.54652999    2.51813621    2.44091451    0.00000000    0.47208127    3.07130346    3.29430052    2.89153039    3.15952793    2.90595225    4.08576197    3.81041451    2.67034985    3.77315782    3.99038406    3.27621827    4.02835034    3.70584142    3.48048172    3.28925249    3.42810867
BPIB2_HUMAN/33-191     2.54533145    3.10412880    2.88170959    2.45409751    2.71895311    2.83334444    3.08419379    3.56692151    3.23711294    3.84241704    4.26020972    2.99224430    2.67265431    2.60864077    2.48432007    0.47208127    0.00000000    2.85474466    2.99537918    2.72792255    3.18960170    3.15309811    3.54717479    3.33078953    2.88815989    3.63566306    3.53734081    2.85937478    3.56062044    3.33564038    3.51665246    3.11580330    3.15050529
BPIB6_HUMAN/22-184     2.66742084    2.99394906    2.79859257    2.52216910    2.93272471    3.17508614    3.22718379    2.97259744    3.52095589    4.50599936    3.96735427    2.95755513    3.04904744    2.78460155    3.52747674    3.07130346    2.85474466    0.00000000    1.63478091    1.97882066    3.06720371    3.32519530    3.72173386    3.37996197    3.62660039    3.43549627    3.78595814    3.34595363    3.73615557    2.74848173    2.78831169    2.79148653    2.83137787
BPIB4_RAT/197-344     2.58963788    2.90002721    2.79417413    2.72472374    2.85217348    2.94227699    2.80953963    3.16220240    3.91080607    4.31891983    3.86286910    3.21986862    2.64398045    2.56444422    3.37508633    3.29430052    2.99537918    1.63478091    0.00000000    0.99035601    3.31688253    3.08460765    2.87363428    2.60147567    2.92243078    3.19726068    3.53394207    2.68026189    2.95571223    2.27959148    2.33383138    2.32531944    2.46372341
BPIB3_RAT/35-206     2.37843665    2.83471210    2.61582173    2.70168037    2.73190835    2.84424910    2.72543303    3.46426893    3.44677441    3.97519685    3.86856170    3.23852105    2.37407737    2.33015225    3.37511944    2.89153039    2.72792255    1.97882066    0.99035601    0.00000000    3.76882130    3.25270834    2.99360181    2.82715099    2.56600252    2.79841021    2.79795986    2.76984132    2.99467337    2.86371067    2.82600661    2.69523097    2.99472320
BPIA3_MOUSE/47-219     3.16990552    3.58528335    3.12171571    2.90504937    3.55092986    3.68875807    3.37203012    3.99414630    3.53563688    3.71631024    3.69716497    2.76772370    3.79385396    3.30615161    4.03523105    3.15952793    3.18960170    3.06720371    3.31688253    3.76882130    0.00000000    2.84004265    2.76533910    2.87400366    2.97052151    3.05273532    3.19264370    2.93689450    3.33434548    2.08942106    2.05282637    2.04846797    2.08112071
LATH_HORSE/38-206     3.72696160    4.03062211    3.84375420    3.76011284    4.15519449    4.16844591    4.22399302    4.34044167    3.35735657    3.48873225    3.69889217    3.32398823    4.22501303    4.08771069    4.03470336    2.90595225    3.15309811    3.32519530    3.08460765    3.25270834    2.84004265    0.00000000    3.11661913    2.70934574    2.77830862    2.72664078    2.64234812    2.76107687    3.14015804    2.09932347    2.27780006    2.07141756    2.30564641
BPIB1_BOVIN/43-209     4.09177598    3.94222491    3.81695972    3.99517144    4.12266204    3.74963710    4.27667570    3.88427474    3.58637134    4.01326157    4.36334530    3.55166075    4.03081548    3.85692666    4.40197038    4.08576197    3.54717479    3.72173386    2.87363428    2.99360181    2.76533910    3.11661913    0.00000000    0.62377951    2.21989466    2.05349448    2.55521470    2.47677423    2.50739941    1.84523705    1.86610549    2.01500244    2.01689835
BPIB1_HUMAN/43-211     3.84839625    3.82736757    3.53675783    3.94645106    3.73617448    3.82491222    4.00146862    3.63504066    3.25736562    3.93374981    4.29534824    3.37109294    4.37844861    4.32765222    4.20673134    3.81041451    3.33078953    3.37996197    2.60147567    2.82715099    2.87400366    2.70934574    0.62377951    0.00000000    2.20818116    2.05748899    2.21531977    2.28287527    2.42070273    1.78758097    1.86517535    1.97189720    1.98162030
SPL2A_BOVIN/43-219     3.53057719    3.34857881    3.42724038    3.43645768    3.58905901    3.32075118    3.26497800    3.38313627    2.68369773    3.70032627    3.06603835    2.92832348    3.50085282    3.36231908    2.69933431    2.67034985    2.88815989    3.62660039    2.92243078    2.56600252    2.97052151    2.77830862    2.21989466    2.20818116    0.00000000    1.51046657    2.25565160    1.80462466    2.09234896    2.33004337    2.28255101    2.24660810    2.04714688
BPIA2_HUMAN/57-227     3.40211452    3.17499245    3.33414712    3.47637486    3.83578402    3.34357662    3.44958360    4.28848519    3.06444723    3.98958394    3.53987235    2.99418420    2.95835368    3.05038768    3.58468338    3.77315782    3.63566306    3.43549627    3.19726068    2.79841021    3.05273532    2.72664078    2.05349448    2.05748899    1.51046657    0.00000000    2.01857441    1.48604614    1.63195096    2.05378059    2.13028481    2.15586717    2.30194201
Q63550_RAT/29-191     4.24999722    4.18649353    4.29569624    3.97501998    4.12682910    4.07347484    4.06226652    5.05334021    3.82457725    3.42334146    3.76298660    3.10829612    3.21290816    3.20464454    4.52255184    3.99038406    3.53734081    3.78595814    3.53394207    2.79795986    3.19264370    2.64234812    2.55521470    2.21531977    2.25565160    2.01857441    0.00000000    1.36855361    1.47557291    2.95808786    2.96405578    2.45784582    3.14259154
BPIA2_MOUSE/45-214     3.81632658    3.76642193    3.67602285    3.62402561    3.76485374    3.84953568    3.80710600    3.70619322    3.35298090    3.06285490    3.69555267    3.21783148    3.44510153    3.25076498    3.17181569    3.27621827    2.85937478    3.34595363    2.68026189    2.76984132    2.93689450    2.76107687    2.47677423    2.28287527    1.80462466    1.48604614    1.36855361    0.00000000    0.40898989    2.20633823    2.46093506    2.18203056    2.48842924
BPIA2_RAT/45-214     4.21199941    3.86991578    4.06904965    3.96678513    4.19462742    4.20645116    4.16350047    4.19901457    3.51047774    3.42094335    3.57797114    3.28364894    3.48975925    3.56519420    4.17642807    4.02835034    3.56062044    3.73615557    2.95571223    2.99467337    3.33434548    3.14015804    2.50739941    2.42070273    2.09234896    1.63195096    1.47557291    0.40898989    0.00000000    2.83831622    2.85599140    2.38090808    2.69865243
BPIA1_BOVIN/58-233     3.20634508    3.48422128    3.21485847    3.44225242    3.66346852    3.59226561    3.42571254    4.07456684    3.66796879    3.92553887    3.72725657    2.84796583    4.00988045    3.80297411    3.56038843    3.70584142    3.33564038    2.74848173    2.27959148    2.86371067    2.08942106    2.09932347    1.84523705    1.78758097    2.33004337    2.05378059    2.95808786    2.20633823    2.83831622    0.00000000    0.31704132    0.45238134    0.67496949
BPIA1_HUMAN/58-234     3.19173681    3.37291458    3.11544189    3.34450887    3.63298006    3.55978562    3.51023188    4.52411674    3.37775136    4.20594358    3.87995789    2.83081233    3.58228866    3.57461403    3.70538973    3.48048172    3.51665246    2.78831169    2.33383138    2.82600661    2.05282637    2.27780006    1.86610549    1.86517535    2.28255101    2.13028481    2.96405578    2.46093506    2.85599140    0.31704132    0.00000000    0.30011421    0.54776962
BPIA1_RAT/75-248     3.11954389    3.12263084    3.01833898    3.27503780    3.54169715    3.43699403    3.45171448    3.98941048    3.48254577    4.00013933    3.62025571    2.61851063    3.27881446    3.22385935    3.39443294    3.28925249    3.11580330    2.79148653    2.32531944    2.69523097    2.04846797    2.07141756    2.01500244    1.97189720    2.24660810    2.15586717    2.45784582    2.18203056    2.38090808    0.45238134    0.30011421    0.00000000    0.57895125
BPIA5_MOUSE/76-248     3.64417074    3.93662155    3.68903343    3.86644796    4.52368685    3.97001115    4.29761653    4.36345877    3.70021798    4.78206980    4.24860715    3.05907070    3.53422445    3.49546267    4.18092427    3.42810867    3.15050529    2.83137787    2.46372341    2.99472320    2.08112071    2.30564641    2.01689835    1.98162030    2.04714688    2.30194201    3.14259154    2.48842924    2.69865243    0.67496949    0.54776962    0.57895125    0.00000000

