126
A6QTG8_AJECN/17-54     0.00000000    1.30206688    1.06083137    0.87902940    1.11374640    1.20856766    1.20148838    0.82465708    0.99370732    0.95936608    0.99665941    1.08591392    1.06410569    0.95031694    1.26988213    1.23181791    1.22393768    1.08569321    1.24872169    1.16500610    1.30587190    1.87748301    1.47288207    1.39238767    1.43637774    1.22523648    1.37699821    1.30347327    1.08101606    1.50323079    0.97612700    1.10236081    1.48571906    1.82175908    1.48399335    2.15702954    2.10219336    1.63004207    1.51575103    1.95071157    1.88771997    1.85897511    1.91478479    1.96245383    1.83935328    2.01102619    1.69214265    1.92423968    1.59668750    1.89476468    1.79416890    1.63422630    1.94151807    1.53929549    1.35333400    1.47473893    1.29645665    1.76522152    1.20034440    1.28899752    1.06203072    1.32100071    1.50747959    1.55664923    1.47097146    1.16722272    1.25863763    0.93243671    1.29142956    1.62856501    1.60509464    1.32569313    1.32987490    1.36273777    1.29780262    1.60771600    1.39444784    1.58369148    1.47154736    1.31633456    1.40518866    0.85874650    1.55546155    1.34613729    1.20177617    1.24419472    1.75960051    1.34546164    1.28256253    1.30498447    1.32130714    0.95387454    1.15283626    1.04867792    1.42596944    1.29070496    1.04021534    1.41974601    1.27378121    0.93414137    1.46800153    1.39151613    1.49214294    1.63395968    1.52461568    1.56491358    1.44030634    1.61584259    2.31329827    1.20619009    1.24338877    1.91331883    1.43003910    1.21221845    1.77205084    0.96319566    1.70790371    1.21276628    1.21294242    1.06431267    0.75970951    1.38301176    1.68387561    1.55409141    1.60141488    1.22771019
Q0V3B6_PHANO/70-106     1.30206688    0.00000000    1.22987740    1.51226629    1.33869597    1.33392772    1.34981230    1.45072360    1.71872597    1.42346364    1.59905105    1.16084441    1.17126613    1.64254804    1.83099077    1.46802976    1.72143744    1.40729882    1.50188456    1.68765580    1.61584869    2.26312503    2.13365061    1.42266523    1.60024636    1.90543769    1.86589988    1.69703744    1.26939625    1.58636635    1.55739937    1.40776304    1.42149743    2.24161507    1.65774701    2.08940178    2.25710329    2.33927861    1.86682021    1.70897351    2.04301588    1.96578027    1.54113958    1.89461939    1.88327359    2.13983326    2.09766168    1.84532512    1.54855881    1.91657303    2.09852601    1.93125009    1.94834212    2.19982622    1.80550224    1.82736081    1.84084176    2.49523249    1.73856698    1.82369400    1.49680182    1.58825766    2.06565473    2.22084060    1.69047302    1.48603700    1.52093531    1.88961833    1.58107153    1.84826077    2.01493845    1.91779534    1.29153329    1.72964232    1.51396203    1.76969232    1.54651043    1.88027121    1.66718953    1.74524906    1.77300683    1.59718893    1.94268537    1.60276898    1.56960748    1.77866063    2.07412292    1.64262524    1.73394987    1.99007505    1.39550574    1.94587741    1.34279197    1.75403613    2.02000036    1.26733197    1.49909542    1.72874770    1.68413728    1.41665061    1.62028379    1.61460772    1.73150464    1.67776723    1.87603922    1.77938703    1.88548975    2.02080744    2.17213420    1.64728507    1.49462463    1.60984814    1.71130148    1.57204891    1.86043279    1.80928992    2.10881347    1.41912454    1.53618882    1.67217292    1.40207928    2.05136094    1.63224599    2.03891667    2.03634561    1.40726435
Q0TW51_PHANO/22-62     1.06083137    1.22987740    0.00000000    0.96388863    1.44167859    1.26221257    1.34769189    1.13617730    0.79115686    1.02312648    1.33456899    1.12521973    1.23655994    1.15442366    1.80526034    1.63165012    1.56878847    1.17423016    1.16752958    1.63420397    1.67818531    1.61258899    1.66050594    1.57482706    1.49971459    1.43323863    1.49559672    1.25089474    1.34797337    1.40262374    1.60413225    1.14823136    1.41037143    1.96998025    1.59604136    1.93612531    1.98692098    1.68123966    1.72689573    1.68309618    1.49669247    1.46218104    1.74926431    1.82967228    1.47141714    1.57537641    1.65257972    1.97334234    1.72524534    2.15476948    1.72826173    1.21291541    1.42328452    1.34128842    1.25736867    1.37093165    1.44147338    1.68127344    1.08225642    1.08079252    1.37026312    1.86087747    1.68020283    1.68921554    1.44540714    1.39456938    1.61441506    1.43491990    1.31526740    1.48510460    1.72719220    1.70428644    1.34364676    1.78813584    1.14157062    1.62563592    1.38603700    1.65811400    1.47560927    1.90455804    1.72573253    1.24351920    1.49027533    1.20865709    1.25765801    1.30642925    1.70568899    1.36109720    1.57635097    1.44561611    1.45514717    1.34082148    1.70197922    1.20596705    1.60545826    0.99360015    1.24422121    1.39562914    0.99817769    1.22835054    1.97893212    1.16536490    1.42423292    1.63713597    1.94998488    1.40262429    1.45284690    1.75242736    2.50083625    1.62225831    1.29792418    2.24861396    1.56606494    1.23236775    1.87490345    1.11721761    1.51057530    1.32087863    1.29933566    0.99429500    1.10497949    1.26033624    1.36800791    1.59597258    1.94047567    1.39298629
Q2HHV6_CHAGB/11-48     0.87902940    1.51226629    0.96388863    0.00000000    0.85235214    1.10055446    1.28946494    1.17856074    1.02598790    0.99290529    1.04196306    1.22133745    1.23612064    1.32514442    1.55743442    1.54888405    1.39975461    1.40664201    1.41029848    1.58817505    1.52618844    2.01069236    1.24180569    1.85995549    1.25498046    1.86246085    2.01380382    1.87269995    1.24111078    1.61803417    1.62172175    1.19389699    1.61756606    2.22566951    2.13522489    2.07828154    2.34557447    1.96903382    1.69895276    2.27886835    1.82436363    1.67325311    1.80746052    2.17916348    1.87049526    2.31811075    1.92894809    2.06917510    1.90549504    2.44360656    2.10392600    1.83187904    1.64089488    1.44341776    1.42870803    1.72312924    1.45223711    1.98713503    1.55126129    1.20346486    1.00210491    1.74078166    1.79065667    1.46814405    1.69350891    1.25019893    1.35162180    1.01750211    1.30263321    1.67362077    1.50272126    1.22253596    1.35737912    1.43170243    1.18918674    1.45786089    1.64875897    1.46175466    1.41992835    1.61397953    1.15832429    1.33533396    1.55563544    1.60564924    0.95439042    1.19975600    1.80332349    1.48726128    1.29374740    1.38670500    1.30622540    1.39648638    1.87544568    1.43653493    1.58204607    1.40301696    1.45533007    1.38539113    1.16340646    1.21652951    1.55532915    1.17228984    1.78216632    1.54723770    2.23012501    1.61772205    1.30720512    1.73947145    2.57767629    1.67678859    1.85282021    1.85233599    1.62568929    1.44541969    1.96757892    1.21228771    2.10843483    1.53622739    1.61294247    1.17508601    1.14184516    1.25947533    1.77605407    1.55409338    1.94727140    1.24825860
Q2GM11_CHAGB/13-50     1.11374640    1.33869597    1.44167859    0.85235214    0.00000000    1.15206618    0.91121898    1.44634493    1.46082990    1.35200793    1.23382992    1.31648970    1.35679711    0.95388463    1.40772723    1.36916690    1.53024967    1.73664400    1.49628602    1.39592726    1.44134564    1.92205585    1.27449309    1.33578634    1.05250056    1.49788728    1.99242089    1.39987516    1.27896640    1.34256865    1.50281664    1.21709731    1.26208476    1.93532261    1.75790775    1.83222728    2.71214491    1.99172786    1.83882837    2.28606901    1.87795281    1.82592275    1.57941346    2.22050634    2.11217027    1.93711713    1.91275501    1.87315131    1.71198502    2.37703594    1.95356958    1.99905033    1.62094730    2.01730423    1.75243583    1.71474457    1.69206462    1.66016895    1.35553619    1.53046781    1.57784395    1.43858126    1.44010973    1.57259850    1.59970765    1.28968119    0.98530246    1.14953106    1.64467664    1.41085762    1.51835562    1.43561049    1.28589177    1.24575753    1.47896556    1.61369566    1.52643429    1.56031588    1.47412541    1.81669207    1.50852994    1.12561703    1.33559994    1.33395213    1.00459786    1.30052263    1.69445906    1.41378659    1.12466002    1.51590746    1.14780959    1.38787780    1.12333558    1.30898397    1.49006134    1.30455827    1.51487096    1.55654963    1.22297752    1.16244294    1.40429662    1.23873662    2.21472171    1.66732963    2.23972131    1.85167949    1.75583156    1.44558570    2.02675641    1.64810163    1.23484775    1.75926015    1.06509310    1.16005338    1.51955423    1.37518418    1.28760922    0.82030209    1.17782501    1.38357347    0.99730709    1.83159653    1.70833535    1.70725515    2.18879228    1.25029920
Q2GQI8_CHAGB/61-100     1.20856766    1.33392772    1.26221257    1.10055446    1.15206618    0.00000000    0.85937864    1.20960282    1.58883613    1.24884556    1.34637380    1.31438212    1.02818702    1.49226440    1.43622889    1.60609665    1.55412518    1.65314998    1.36253406    1.60569389    1.70677343    1.39897679    1.69324811    1.50207707    1.49826547    1.60210868    1.79609543    1.61339683    1.95825940    1.76439862    1.87623646    1.51783047    1.55611793    2.13399231    1.84543743    2.21111628    1.89741544    1.61271545    1.55056259    1.72417966    2.00238617    2.14237388    1.88784815    2.18583582    1.98321318    1.83700984    1.83771756    2.05281941    2.12802769    1.71524581    1.71748287    1.94224652    1.60234701    1.92346412    1.77913020    1.44776666    1.66920950    2.00006259    1.47695933    1.72966845    1.84036311    1.68741866    1.59850345    1.52380892    1.71067754    1.59498616    1.44201168    1.40443751    1.56456040    1.70390156    1.45110066    1.44299727    1.44512951    1.44716418    1.76552810    1.64468667    1.67985909    1.89686447    2.24614289    1.84582633    1.67837621    1.52597835    1.85611038    1.54517184    1.25399172    1.55624975    1.92306706    1.98070052    1.37533905    1.65695394    1.44800762    1.78490351    1.95661081    1.45188193    1.77589089    1.40416413    1.43454403    1.76451788    1.23921667    1.09442564    1.39559351    1.52756229    2.13003768    1.30227154    1.81091344    1.50913557    1.62183600    1.73934197    1.60560753    1.66369706    1.54243038    1.49002134    1.66470696    1.76912686    1.69835914    1.40511234    1.38175584    0.93995816    1.78905668    1.19994323    1.41322784    2.04763988    1.71424531    1.89659927    2.27627864    1.67544162
GACZ_DICDI/71-107     1.20148838    1.34981230    1.34769189    1.28946494    0.91121898    0.85937864    0.00000000    1.30118235    1.09540868    0.93693481    1.09640662    1.03405695    1.11610129    1.35379663    1.27870014    1.19893752    1.28479372    1.43541537    1.54890054    1.65394944    1.50225381    1.97136437    1.65848219    1.34643055    1.35033331    1.63295808    1.84198261    1.12824809    1.39082756    1.70003991    1.34945290    1.34319083    1.26511249    2.39654153    1.68902143    2.25904983    2.17247439    1.82216840    1.88531287    2.33035166    1.99582695    1.81754415    2.09380297    2.12019880    2.09267090    2.42274029    1.96964275    1.64580571    1.76764185    1.74086829    1.86464127    1.94628748    1.33655874    1.65341651    1.50837714    1.50253920    1.48529782    2.06329333    1.48976849    1.53140767    1.59927029    1.32229156    1.45118850    1.39424425    1.29660729    1.39752811    1.03917954    1.06417507    1.38271372    1.67613873    1.16359386    1.13226675    1.29821255    1.56854795    1.44181737    1.42522682    1.66749490    1.99468722    1.33713475    1.51948917    1.45075016    0.98082876    1.21755821    1.11572896    1.06786739    1.56084054    1.50503868    1.53829242    1.24772642    1.65725493    1.08835580    1.62362073    1.64484972    1.08719874    1.50188133    1.06074238    1.17954477    1.92430610    1.64580542    1.21921064    1.35694004    1.20607363    1.73203726    1.15115528    2.10457699    1.24130277    1.61776142    1.41434104    1.74569802    1.64163065    1.48682849    1.55707913    1.40156589    1.44531353    1.44613987    1.35584158    1.45820693    1.02239393    1.40107515    1.62483624    1.30531625    1.66821695    1.49067737    1.73909858    2.29279566    1.38834313
A0CC82_PARTE/8-44     0.82465708    1.45072360    1.13617730    1.17856074    1.44634493    1.20960282    1.30118235    0.00000000    1.07456307    0.89527036    1.15224922    0.97611304    1.38847023    0.94290868    0.84699002    1.22136482    1.24971702    0.95038219    1.40069488    1.41138760    1.19401974    1.73078720    1.59902433    1.16505185    1.15129496    1.32628139    1.62244195    1.36636696    1.45600067    1.38560665    1.17664697    1.38563673    1.29789175    1.96272925    1.67859143    2.04612456    1.64049642    1.68306786    1.64777632    1.63525027    1.74277935    1.69162869    1.65627288    1.84525916    1.54283728    1.95985776    1.78062209    1.64664534    1.93917937    1.70713985    1.64465200    1.37193551    1.52003393    1.51605719    1.44948153    1.56291617    1.56259764    1.61023420    1.16396095    1.27968100    0.82174640    1.23050220    1.12434415    1.75956922    1.31281716    1.13043837    1.13849263    1.07578175    0.89576340    1.17213342    1.35092290    1.28094907    1.34014149    1.57756004    1.61036790    1.75750214    1.40771510    1.62555938    1.40381822    1.35356635    1.47779548    1.11136861    1.83648222    1.26102769    1.26426986    1.26384289    1.34052425    1.17536376    1.32970376    1.44453163    1.17130275    1.07985637    1.19576975    0.95478208    1.16174098    1.19613579    1.17952582    1.40905386    0.86553796    0.77801395    1.17227445    1.19641603    1.69680585    1.18190541    1.38274234    1.25519678    1.55322844    1.65207580    1.69315154    0.96333223    1.35854686    1.54287022    1.69768861    1.07999933    1.51601540    1.03692236    1.62560466    0.98125502    1.30260582    1.40040024    0.98433695    0.91323707    1.07222679    1.42345525    1.66759680    1.35495586
Q7QDR8_ANOGA/5-42     0.99370732    1.71872597    0.79115686    1.02598790    1.46082990    1.58883613    1.09540868    1.07456307    0.00000000    0.83390554    0.97269440    1.02235696    0.99737348    1.17889252    1.41402117    1.10235936    1.17997953    1.15948165    1.11397999    1.61019561    1.54183511    1.68124069    1.40466048    1.90745884    1.25652184    1.33937594    1.31477053    1.33097696    1.34195145    1.56115287    1.55459256    1.42512763    1.10589987    1.96163363    1.29966138    2.22984863    1.64769394    1.82032716    1.46868282    1.74488560    1.73280367    1.57758495    1.89639470    1.80278447    1.63545951    1.78710614    1.70999616    1.53219185    1.72373764    1.72252046    1.56387044    1.30464318    1.19434211    1.24739850    0.98980178    1.56925192    1.33274739    1.48693584    1.36417993    1.00598041    1.09081771    1.06751371    1.11893813    1.24507821    1.68654528    1.46139789    1.17813016    1.01255127    1.05801243    1.23131151    1.42779566    1.11802014    1.32565380    1.32414785    1.17477668    1.34898186    0.99949119    1.59609354    1.11339965    1.39321546    1.49794942    1.10371519    1.15393489    1.17091419    1.22348843    1.32053712    1.40634286    1.30357330    1.27794757    1.19064226    1.17712971    1.02095885    1.57422011    1.17358737    1.56518624    0.89010727    0.87385277    1.44563699    1.07331278    1.07004500    1.58648704    1.52164804    1.89755865    1.34824183    1.57721510    1.19938121    1.43423185    1.37140512    2.17116823    1.18549771    1.32519698    2.03691944    1.35827802    1.35291174    1.51883335    0.98303228    1.44876173    1.09620155    1.51813528    1.44586309    1.33362208    1.15704668    1.34822622    1.13818218    1.57449382    1.22942063
Q8T3Z4_DROME/7-43     0.95936608    1.42346364    1.02312648    0.99290529    1.35200793    1.24884556    0.93693481    0.89527036    0.83390554    0.00000000    0.80688535    0.78667203    0.94049178    1.13856297    1.40028148    1.03439719    0.73423351    0.75788787    1.54066944    1.46152171    1.19071523    1.93198860    1.68257054    1.17479107    1.09794997    1.50117163    1.11327804    1.28051095    1.16186153    1.44401551    1.30002267    1.13914736    1.24658468    1.78506065    1.30374230    1.91093545    1.85071180    1.79274936    1.78152679    1.91948498    1.60337972    1.66040685    1.72735828    1.82749420    1.50421014    1.78839134    2.02917491    1.50117838    1.83589624    1.57413538    1.30984408    1.58127851    1.25542762    1.29104133    1.16404081    1.39203400    1.18833052    1.49073071    1.20518896    0.94588676    0.98384462    1.33443910    1.11990560    1.42182355    1.18884276    1.13094899    1.17206823    1.14198653    0.99081115    1.46250096    1.44936240    1.41509993    1.26018368    1.62999417    1.12335292    1.16090198    1.15890178    1.34242789    1.06670043    1.24018411    1.24901163    1.16689076    1.34218231    1.10477435    1.21335841    1.26330639    1.34350055    1.30839245    1.01479681    1.12372941    1.11262151    1.00134133    1.37875214    0.93346011    1.37994557    0.93702278    1.01719845    1.62269601    1.35519368    0.99876942    1.44765183    1.32482877    1.29086321    1.36559382    1.87875792    1.17308546    1.30504688    1.65983480    2.25929106    1.29039517    1.14619120    1.57263027    1.63041793    1.33668654    1.81421599    1.16311522    1.36171448    1.02887224    1.16769952    0.84394066    0.98487957    1.04052487    1.17396286    1.35572929    1.50553620    1.11106864
H3DJY4_TETNG/136-173     0.99665941    1.59905105    1.33456899    1.04196306    1.23382992    1.34637380    1.09640662    1.15224922    0.97269440    0.80688535    0.00000000    0.79211081    0.89629548    1.28444747    1.41539361    1.14714154    1.00539015    0.81543070    1.04909127    1.30202367    1.54524851    1.60848890    1.27750444    1.21072474    1.37812097    1.64690582    1.59567070    1.55511641    1.18723582    1.04951002    1.30947262    1.18175937    1.28370584    1.22502463    1.29900450    2.23218045    1.64047463    1.64993026    1.65821251    2.01891909    1.69614108    1.99799445    2.07805832    2.14024561    1.94317609    1.92033263    1.89876671    1.40396048    1.57765644    1.63821506    1.46651463    1.77074537    1.32248935    1.48114475    1.58458506    1.46533497    1.36176883    1.57668761    1.29090055    1.18239735    1.06818746    1.67169564    1.66642576    1.76608992    1.55224080    1.49982858    1.76886507    1.44479434    0.96575205    1.68199414    1.61042255    1.68935314    1.49493531    1.46949721    0.98737335    0.96108703    1.32740388    1.57890570    1.48071767    1.51067349    1.41574204    1.32747829    1.69237051    1.54532722    1.39987390    1.06271395    1.66313873    1.60074382    1.27550182    1.05270562    1.53696752    1.18408693    1.53123653    1.19446004    1.54258670    1.40102436    1.23670187    2.05263066    1.33528082    1.41499612    1.61253337    1.53924895    1.58277232    1.50611140    1.99994644    1.17405877    1.82342498    1.74722181    2.15188067    1.53156713    1.41726974    1.39446869    1.66053042    1.30562215    1.69557942    1.18800915    1.59557708    1.24349818    1.20153046    1.18734221    1.26748489    1.37343003    1.46572653    1.48659020    1.99576741    1.15101502
PDCD2_MOUSE/134-171     1.08591392    1.16084441    1.12521973    1.22133745    1.31648970    1.31438212    1.03405695    0.97611304    1.02235696    0.78667203    0.79211081    0.00000000    0.69625929    0.94913379    1.18319048    0.98754806    1.26884359    0.97876713    1.04468959    1.32332631    1.28312574    1.34965292    1.36096959    0.96110768    1.07786866    1.48726757    1.25533550    1.23727080    0.91517969    1.25135673    1.32357577    1.14799043    1.16877277    1.63280312    1.35314256    2.03883057    1.99876905    2.00199279    1.60758347    1.98296606    1.70311715    1.81853593    1.63958025    1.75976994    1.84160706    1.88606640    1.87243057    1.11324056    1.39336803    1.25081075    1.19547660    1.40386073    1.23480654    1.75529051    1.72151510    1.45299802    1.20060946    1.42800648    1.47638192    1.08189932    1.09799385    1.32588443    1.13062364    1.64514316    1.33452733    0.99782150    1.07176009    1.50626805    1.16880057    1.26571422    1.70627915    1.47901373    1.27551775    1.89837159    1.45682302    1.37591938    1.45625800    1.46515068    1.09119187    1.52555909    1.53008831    1.19230562    1.52512769    1.28130601    1.31029161    1.63922788    1.58096189    1.57032590    1.41534073    1.58156051    1.27191622    1.23738665    1.29926222    1.13882946    1.30820550    0.98547215    1.02858713    1.74858165    1.47746510    1.31787527    1.58747918    1.39212435    1.67091102    1.36847659    1.81458668    0.94114443    1.64770520    1.72846174    1.72068776    0.98043605    1.07015683    1.54530145    1.53013349    1.19161287    1.49718765    1.31958109    1.59071462    0.96267509    1.54989088    1.43463395    1.12853460    1.31201665    1.07694683    1.42349085    1.43213206    1.09024023
Q21826_CAEEL/146-182     1.06410569    1.17126613    1.23655994    1.23612064    1.35679711    1.02818702    1.11610129    1.38847023    0.99737348    0.94049178    0.89629548    0.69625929    0.00000000    1.23096231    1.47455946    1.07078946    1.17501949    1.07857804    1.05179809    1.29456486    1.24046276    1.35594218    1.19936069    1.07814845    1.05224044    1.34487681    1.47721844    1.48578557    0.90634884    1.04110775    1.29818043    1.12613381    1.01388993    1.74340559    1.35724082    1.98792767    1.78369064    1.83893629    1.44935989    2.11115951    1.34862247    1.54812262    1.58851791    1.48123877    1.65320192    1.77356257    1.82208232    1.30079872    1.53650832    1.40511228    1.29974263    1.54025398    1.25057607    1.52988158    1.64611241    1.47395848    1.05816323    1.40572265    1.45692486    1.46894948    1.21034309    1.30160975    1.18682377    1.30195364    1.52833692    1.20208033    1.45904734    1.59170708    1.04731618    1.24068187    1.34695892    1.42235883    0.95635503    1.31996911    1.10020713    1.28951159    1.28144072    1.24080034    1.19892886    1.16098008    1.25924512    1.34632378    1.76272655    1.20974485    1.25377994    1.54593312    1.79546670    1.68946839    1.33062795    1.54623079    1.40353526    1.18074703    1.35729868    1.06975574    1.58966698    0.89792166    0.93254595    1.62269458    1.38171967    1.27087464    1.43512562    1.16590900    1.59371750    1.34447702    1.94425557    1.36655666    1.39452446    1.65658907    1.96457263    1.11163251    1.17423242    1.20867199    1.15149842    1.40758387    1.59746442    1.15716305    1.47203800    1.00235192    1.48113492    1.19743982    1.10029297    1.40679772    1.20516665    0.95647245    1.38545374    1.22770061
EGLN1_HUMAN/21-58     0.95031694    1.64254804    1.15442366    1.32514442    0.95388463    1.49226440    1.35379663    0.94290868    1.17889252    1.13856297    1.28444747    0.94913379    1.23096231    0.00000000    0.81156311    1.10555547    1.45615343    1.42292236    1.03299568    1.23101637    1.32594453    1.64602979    1.41949736    1.20187557    0.90078148    1.37129231    1.41932014    1.12877236    1.02628851    1.34410624    1.11986166    0.97140283    0.97129080    1.80038054    1.34168725    1.42825548    2.13269130    2.27011215    1.93579708    2.07515018    1.61819268    1.46696565    1.54508413    1.95622865    1.83393520    1.59452702    1.83695886    1.90011021    1.49103179    1.86507440    1.29511267    1.53628448    1.34587425    1.72405317    1.61058260    1.23015074    1.45345330    1.32434311    1.55807565    1.29874732    1.21254760    1.30002897    1.08604912    1.52027038    1.25913892    0.88624991    0.92267821    1.20251412    1.52395778    1.07891011    1.42055546    1.26450321    1.22101672    1.26832234    1.85884170    1.78814913    1.31663109    0.99312271    1.16359027    1.46313778    1.10178824    0.76604470    1.45296479    0.98947152    1.06227154    1.04965173    1.60364624    1.31677370    1.29350490    1.60454217    1.13807293    1.00569043    1.37731657    1.09569145    1.18384603    1.19728405    1.27165506    1.53332725    1.13181997    1.23725825    1.53697050    1.19658199    1.78542857    1.37561767    1.61976152    1.04815461    1.57529417    1.37012863    1.44146853    0.96430361    0.94088970    1.62251303    1.32681268    0.97681463    1.48303546    1.21763933    1.36556158    1.06339837    1.58196562    1.25889480    0.84885699    1.21710111    1.27161585    1.41045125    1.55912047    1.00902854
A2E1S4_TRIVA/44-81     1.26988213    1.83099077    1.80526034    1.55743442    1.40772723    1.43622889    1.27870014    0.84699002    1.41402117    1.40028148    1.41539361    1.18319048    1.47455946    0.81156311    0.00000000    1.17620006    1.26720187    1.42339806    1.39195297    1.35569508    1.63293569    1.78600553    1.58468721    1.13388849    1.19297861    1.59659001    1.55141935    1.51173484    1.28005917    1.72105532    1.33653166    1.65338853    1.35564372    2.26893020    2.00872088    2.07671337    1.99137337    1.99285097    1.87039838    2.09001262    2.13940405    1.84080908    1.84818750    2.02357297    2.16146525    2.05020277    2.05146580    1.68440052    1.64271064    1.68082477    1.83955298    1.35598669    1.49152018    1.94982446    1.76723958    1.72234823    1.73940204    1.71713527    1.82669302    1.65679752    1.25377074    1.41906817    1.37941199    1.89549806    1.16128059    1.19277123    1.16378313    1.31074129    1.20464297    1.16734839    1.74108198    1.31074802    1.50393760    1.57685800    2.03854897    1.71199149    1.80534288    1.83199161    1.63792490    1.62616846    1.53769844    1.19174422    1.87082777    1.45864236    1.42164170    1.42517288    1.40775520    1.48466545    1.60016380    1.61448458    1.34326361    1.11709424    1.42928331    1.44035629    1.62509371    1.34670103    1.47717691    1.80560943    1.20661856    1.10164722    1.37782747    1.41029973    2.15624656    1.26153013    1.56270715    1.29631966    1.63275108    1.32908283    1.45093969    0.95350898    1.30760662    1.87009927    1.56109992    1.45000772    1.85001414    1.42474776    1.87165129    1.45543391    1.72810442    1.76898940    1.22646032    1.16637288    1.68840765    1.46456328    1.54329479    1.23587524
Q0U6U0_PHANO/64-101     1.23181791    1.46802976    1.63165012    1.54888405    1.36916690    1.60609665    1.19893752    1.22136482    1.10235936    1.03439719    1.14714154    0.98754806    1.07078946    1.10555547    1.17620006    0.00000000    0.73626465    0.93681815    1.33067819    1.22690297    1.44048872    1.86911844    1.20363088    0.94465845    0.89531190    1.13055095    1.31888634    0.96792435    0.97729716    1.38370747    1.14789716    0.93644729    1.03659201    1.70397074    1.31170449    1.72246150    1.40655918    1.91684841    1.51578270    1.88599414    1.36191752    1.50456191    1.77519218    1.89333028    1.72019687    1.74878071    1.70296342    1.70593511    1.63826769    1.34541424    1.29589794    1.41446791    1.08656689    1.33881991    1.49747363    1.06473801    1.14494398    1.30794186    1.35946713    0.95778675    0.98665749    0.75846291    1.02213517    1.22715877    1.07699374    0.83373598    0.96942591    0.99823084    1.23533335    1.04056223    1.02457031    0.94287898    1.00032212    1.05735545    1.35964640    1.15042268    1.10073002    1.16301188    1.30960030    1.19876815    1.08693008    1.09077353    1.10794869    1.03810899    1.03519831    1.15871640    1.67998410    1.42785809    1.08804364    1.02571129    0.83696314    0.95764144    1.26676717    0.86314443    1.09727296    0.80087520    1.04059531    1.03025568    1.29847867    0.75369127    1.32069942    1.11081610    1.48797285    1.15307299    1.70386564    0.92468500    1.31494239    1.03729243    1.67429897    0.91210116    1.11643682    1.29371538    1.29975568    1.28279093    1.42640082    1.08398499    1.37597103    0.91758094    1.41576714    1.06800696    0.94779564    1.25497055    1.26283275    1.21560408    1.29505134    0.76876171
ANKY2_HUMAN/320-357     1.22393768    1.72143744    1.56878847    1.39975461    1.53024967    1.55412518    1.28479372    1.24971702    1.17997953    0.73423351    1.00539015    1.26884359    1.17501949    1.45615343    1.26720187    0.73626465    0.00000000    0.63161322    1.72644611    1.44331861    1.79158196    1.49333284    1.25946853    1.25888169    1.03299018    1.61890217    1.46368941    1.38453922    1.15534686    1.30063567    1.22253943    1.19105093    1.26471300    1.81980667    1.78481646    2.10260018    1.47217680    1.78374606    1.70071311    1.70503275    1.73107817    1.92871978    1.74012616    2.00201801    1.71782237    2.03308872    2.06546588    1.46006195    1.51305721    1.17917490    1.32719067    1.41036266    1.18429554    1.30573366    1.27605994    1.09436247    1.16244520    1.66494360    1.11803960    1.12318134    1.01051215    1.06920608    1.35119005    1.26108135    1.23061583    1.16066819    1.19545392    1.03648472    0.73784216    1.12361256    1.33043450    1.30534668    0.97011150    1.24766699    1.30784666    1.19655504    1.25788652    1.26080001    1.50036585    1.17691609    1.25225870    1.10273108    1.17215637    1.28049702    1.06508646    1.08953634    1.63815177    1.19523648    0.93168530    1.08635175    1.24768848    1.01825817    1.46394264    1.02574670    1.48734965    0.96866491    0.97809896    1.20038951    1.08441476    0.85005188    1.21521232    1.25356392    1.36081971    1.38794094    1.68119955    1.32797520    1.20924884    1.50692859    1.93928011    1.08920591    1.04957598    1.46891401    1.47524010    1.35634762    1.60714107    1.04164999    1.47052161    1.27182283    1.18315832    1.03135960    0.95161685    1.10929797    1.40073549    1.36680629    1.01209223    0.90730252
Q9VTB0_DROME/333-370     1.08569321    1.40729882    1.17423016    1.40664201    1.73664400    1.65314998    1.43541537    0.95038219    1.15948165    0.75788787    0.81543070    0.97876713    1.07857804    1.42292236    1.42339806    0.93681815    0.63161322    0.00000000    1.30533978    1.23491290    1.29341722    1.39055855    1.27456520    0.96030964    1.13180721    1.45110658    1.07889283    1.23171707    1.08689237    1.33136597    1.19878261    0.98215390    1.08688886    1.61314593    1.55956653    1.90882665    1.45940511    1.49495276    1.57206255    1.92808233    1.63953454    1.84443672    1.67224750    1.96876425    1.70543284    1.82754146    1.51189752    1.26482104    1.62596754    1.42000128    1.13401094    1.49689488    1.32782690    1.24940046    1.08243775    1.42421554    1.46890532    1.65184870    1.07208070    1.06235980    0.97345341    1.41771946    1.03713554    1.45344560    1.24813070    1.15359759    1.37614429    1.18783610    0.78719970    1.36342989    1.38409750    1.25412553    1.02919833    1.34694414    1.08921098    1.12170110    1.09250256    1.19319366    1.27139163    1.28658737    1.33269608    1.13891234    1.25558173    1.19909249    1.40634387    1.00927259    1.71503181    1.39062116    1.09333958    1.13282073    1.21173556    0.93810926    1.32821061    1.11145437    1.47951610    0.80948732    0.86694150    1.23803029    0.95975338    1.02397043    1.56046546    1.31005660    1.41166067    1.25930243    1.50641381    1.32435433    1.36642881    1.59056216    1.96710250    1.30009971    1.15925741    1.56032079    1.47536095    1.02837894    1.53767571    1.16570977    1.35619391    1.32455337    0.91067534    0.98062165    0.98460016    0.96365288    1.15135146    1.12959888    1.41647097    0.99453585
E9AHP7_LEIIN/637-677     1.24872169    1.50188456    1.16752958    1.41029848    1.49628602    1.36253406    1.54890054    1.40069488    1.11397999    1.54066944    1.04909127    1.04468959    1.05179809    1.03299568    1.39195297    1.33067819    1.72644611    1.30533978    0.00000000    0.74539860    1.39292320    1.35324593    1.11070009    1.36171524    1.46208086    1.50314257    1.81869257    1.86064565    1.28737435    1.59325318    1.64701262    1.21322846    1.37645269    1.72406006    1.50268174    2.21913834    1.72689898    2.00301491    1.63393444    1.97671011    1.99596306    1.62696291    1.88990928    1.92795339    1.96052298    1.73756725    1.58926966    1.52473208    1.70259191    1.95184258    1.63105215    1.74887828    1.37220431    1.16767181    1.58972594    1.50921065    1.25701346    1.38222437    1.61969257    1.41503444    1.49235071    1.48005110    1.24977413    1.34844803    1.73714664    1.52613460    1.50815343    1.41095622    1.33359319    1.40607615    1.43958464    1.57203643    1.24341922    1.49211662    1.56667697    1.45212521    1.37092263    1.18681181    1.49862769    1.29615293    1.74918453    1.46537064    1.78501782    1.47698144    1.34176887    1.71890397    1.76868570    1.76890397    1.58654759    1.49731338    1.60270959    1.48642316    1.74330208    1.69962171    1.56433741    1.33011582    1.47118266    1.66946151    1.32141061    1.24064957    1.62859899    1.45793393    2.08076274    1.21777303    2.18372083    1.38355192    1.50984907    1.47776158    1.80874614    1.38144907    1.52385802    1.61911572    1.48102077    1.68167872    1.47294609    1.48414313    1.39253679    1.37595927    1.68972975    1.28690158    1.33385945    1.73114680    1.70419877    1.59247263    1.87108455    1.46341393
Q386N6_TRYB2/489-528     1.16500610    1.68765580    1.63420397    1.58817505    1.39592726    1.60569389    1.65394944    1.41138760    1.61019561    1.46152171    1.30202367    1.32332631    1.29456486    1.23101637    1.35569508    1.22690297    1.44331861    1.23491290    0.74539860    0.00000000    1.37266380    1.65191733    1.07306281    1.46351740    1.17592135    1.37086433    1.50121309    1.37189642    1.49377200    1.44142710    1.50037730    1.28637457    1.60931446    1.83912613    1.66424028    2.41556535    1.74039000    1.76983462    1.72404358    2.07316247    1.91807225    1.95203728    1.91385337    1.88179704    2.11028448    1.63436994    1.60945253    1.95943394    2.03527490    1.59736050    1.63533374    2.36735957    1.68270711    1.69872642    1.53066258    1.56616565    1.43473214    1.87908505    1.53508463    1.64864364    1.56495075    1.42003091    1.49437354    1.42867994    1.50149345    1.29785334    1.68901618    1.47766452    1.56229315    1.39840312    1.58145353    1.54080982    1.50524192    1.45790772    1.30903596    1.67304753    1.44046903    1.31682593    1.52036994    1.00008891    1.61547547    1.14676303    1.40755123    1.44842188    1.34077618    1.69385736    1.99925308    1.65398692    1.28085437    1.39776614    1.37397442    1.06490352    1.49990445    1.16546256    1.54614701    1.25898389    1.31671570    2.17639122    1.75259757    1.24726574    1.95161773    1.79173535    1.94810380    1.50393161    1.94770633    1.58856804    1.43158802    1.67546026    1.94457101    1.58773599    1.40284054    1.67868543    1.34741899    1.72729834    1.73203072    1.35087206    1.86603930    1.63554938    1.66715768    1.46524616    1.30435396    1.50386276    1.59243835    1.61244187    1.79415352    1.45362248
A7T730_NEMVE/32-73     1.30587190    1.61584869    1.67818531    1.52618844    1.44134564    1.70677343    1.50225381    1.19401974    1.54183511    1.19071523    1.54524851    1.28312574    1.24046276    1.32594453    1.63293569    1.44048872    1.79158196    1.29341722    1.39292320    1.37266380    0.00000000    1.50725090    1.85699556    1.24052243    1.53067391    1.83554568    1.73871242    1.24573570    1.15215562    1.54087811    1.28063593    1.20170000    1.48577907    2.18678200    1.97706534    1.59492755    1.88904374    1.64168377    2.10035575    1.81262466    1.52133675    1.88723309    1.68857271    1.65052382    1.75348454    1.80019449    1.61445807    2.11600017    1.99608406    2.39996671    1.56641428    1.65998871    1.54718106    1.90285375    1.49473983    1.33917529    2.11918552    1.46056304    1.48842857    1.69033998    1.70025522    1.48102058    1.38139895    1.90166223    1.33784816    1.38502577    1.48612125    1.72502247    1.51231230    1.39866907    1.65581147    1.64418119    1.32153564    1.72730911    1.70841573    1.67689769    1.75325473    1.71131469    1.69058881    1.54068560    1.54038022    1.20995925    1.72610724    1.32315009    1.25789998    1.17155521    1.57325626    1.46324824    1.67229373    1.68286460    1.47762668    1.50012819    1.21691219    1.48338427    1.84617356    1.41958436    1.60029606    2.31415075    1.43968206    1.55372154    1.57228156    1.13391905    1.45888808    1.54873747    2.08658337    1.54111934    1.41386200    1.56005059    2.09836979    1.76461607    1.73234063    1.89762965    1.44012829    1.55955819    1.92073437    1.67055945    1.87383095    1.13245251    2.09314694    1.54367782    1.45792750    1.66985899    1.26794816    1.40439752    1.97350337    1.53959563
A4H3V4_LEIBR/1470-1510     1.87748301    2.26312503    1.61258899    2.01069236    1.92205585    1.39897679    1.97136437    1.73078720    1.68124069    1.93198860    1.60848890    1.34965292    1.35594218    1.64602979    1.78600553    1.86911844    1.49333284    1.39055855    1.35324593    1.65191733    1.50725090    0.00000000    0.94217509    1.35630356    1.49983100    1.82551514    1.45972168    1.77926785    1.73642531    1.39461515    1.45294167    1.58106684    1.35097467    1.70676610    1.61692941    1.63451449    1.39951061    1.30567982    1.76782140    1.26357376    1.57551618    1.30714547    1.05014055    1.38797534    1.43451681    1.45032783    1.44664355    1.74423670    1.98424432    1.62056364    1.70479377    1.66148148    1.48840635    1.77990266    1.90622005    1.66176908    1.62949135    1.60334891    1.49042313    1.57368069    1.63769948    1.73540789    1.57615568    1.30093148    1.51148786    1.71440428    1.88075670    1.99865603    1.35428430    1.46167348    1.99782757    1.81901420    1.54020477    1.75558482    1.71130950    1.59791091    1.49925850    1.39333264    1.63852658    1.50274055    1.72511271    1.36114481    1.58665969    1.47863218    1.47988242    1.47612431    1.87203831    1.49092226    1.67141314    2.10355918    1.55715213    1.60866041    1.82582420    1.51948447    2.32340725    1.50629716    1.26079497    1.96113358    1.25723671    1.43314226    1.52126996    1.58395456    1.88982687    1.52595462    1.85321964    1.57576112    1.69853890    1.56178646    1.61901890    1.52267573    1.57709804    1.86157631    1.41757112    1.48387999    1.64184497    1.18573410    1.50349299    1.26071099    1.98458877    1.52716989    1.59128446    1.76174982    1.58868324    1.29060484    1.46152253    1.78522341
