72
M2QU03_CERS8/1-146     0.00000000    0.27339931    0.24198773    0.37599954    0.43631872    0.43029132    0.45484898    0.54643497    0.53226586    0.55646778    0.77537823    0.57986138    0.55396079    0.55729785    0.68307515    0.80291599    0.67476003    0.84045928    0.72422584    0.73283608    0.80989936    0.82806438    0.80978587    0.86179738    0.64816445    0.76025982    0.64430507    0.75789459    0.76795396    0.69047975    0.59051332    0.62271623    0.79619365    0.59721854    0.64566024    0.67144537    0.70099653    0.37092272    0.33953020    0.66892117    0.54472022    0.63162920    0.46094534    0.50784052    0.42857294    0.55520454    0.53265701    0.64493455    0.80840733    0.76087750    1.03071792    1.35551083    0.56315612    1.02348917    1.35080003    1.36036541    0.97231594    0.91174018    0.96028772    0.97105112    0.54976738    0.56909183    0.50092869    0.60197984    0.42113339    0.55822735    0.46154025    0.55270941    0.41746191    0.60162960    0.49587894    0.53561491
R9ALC9_WALI9/1-146     0.27339931    0.00000000    0.31563840    0.48926341    0.54604387    0.59241321    0.51256464    0.66809764    0.66095625    0.63450287    0.74128798    0.67794612    0.63758917    0.66121422    0.68542531    0.80445053    0.71643389    0.78724072    0.70318794    0.76165608    0.83662841    0.86232290    0.86272554    0.83758191    0.69255025    0.79372828    0.74005615    0.77912387    0.79405175    0.74545440    0.63763641    0.66511585    0.79508541    0.63442008    0.68478992    0.69336834    0.76887530    0.44002930    0.48057821    0.78813250    0.62405986    0.66717899    0.53926305    0.56502559    0.61829620    0.68206285    0.68250124    0.71956511    0.80678897    0.79259439    1.12864732    1.23885345    0.61837688    0.99138320    1.34426599    1.30893297    1.08499182    0.97330436    1.02313078    0.99688027    0.59709111    0.66203054    0.54539101    0.62354323    0.50920274    0.60416175    0.57330454    0.62891964    0.49761410    0.69855083    0.58961284    0.55504579
I2FZ91_USTH4/1-146     0.24198773    0.31563840    0.00000000    0.44127470    0.45840370    0.48387357    0.47290799    0.64192087    0.62696841    0.64740768    0.80239950    0.61289437    0.61392294    0.64755054    0.71335218    0.85780456    0.70444178    0.93079571    0.74632135    0.74797510    0.76770088    0.80142925    0.79708816    0.82457968    0.66025944    0.74511957    0.70422443    0.78125651    0.82311040    0.78051693    0.61879291    0.65269315    0.81164632    0.62146866    0.69740120    0.69116318    0.74023550    0.43993102    0.45507582    0.74389304    0.64677672    0.66110812    0.51517875    0.58222751    0.55903174    0.75639411    0.65747965    0.74537052    0.82244851    0.74929198    1.01769965    1.27576735    0.57846504    1.08174486    1.29300627    1.40694548    1.13282784    1.04250521    1.01399142    1.05104137    0.62773800    0.63856894    0.50687702    0.69201987    0.49447693    0.63704435    0.47709737    0.52773361    0.46285349    0.62088921    0.52684647    0.58734304
M7PAX1_PNEMU/1-145     0.37599954    0.48926341    0.44127470    0.00000000    0.34400581    0.41327025    0.37837674    0.56552107    0.46682002    0.47443192    0.67932817    0.48955730    0.51819068    0.57592791    0.72027639    0.81256918    0.69709524    0.75616344    0.67129365    0.69434560    0.80280341    0.80440174    0.79527542    0.86975659    0.47325545    0.77619720    0.65172642    0.80460999    0.69079599    0.73658763    0.58176256    0.64170144    0.78863931    0.62051722    0.64934025    0.67840226    0.71726827    0.41564596    0.37977026    0.71617281    0.59424211    0.71477358    0.55347868    0.55957054    0.49646886    0.63062723    0.63725852    0.67907115    0.84462264    0.98029706    1.13291389    1.19042856    0.66568186    1.14086845    1.45972474    1.57644478    1.03540055    1.03923085    1.08886407    0.91797561    0.62676285    0.57308084    0.55752618    0.66606617    0.41995440    0.61830363    0.53558610    0.62028456    0.52280154    0.67487579    0.62800644    0.64036021
B6K1W4_SCHJY/1-144     0.43631872    0.54604387    0.45840370    0.34400581    0.00000000    0.41149657    0.42509265    0.66366102    0.51590628    0.52124135    0.68634289    0.46803151    0.56546481    0.56655480    0.63605596    0.74220990    0.66512283    0.71028376    0.64672524    0.70383155    0.74161736    0.72490033    0.73794144    0.75348861    0.53535323    0.71947908    0.58908947    0.80282702    0.66702555    0.68086638    0.64465294    0.62519491    0.74724385    0.61059794    0.54078769    0.65868540    0.68601917    0.46573903    0.48351226    0.63208505    0.63642587    0.69069114    0.57132615    0.56307589    0.53413089    0.60773982    0.59111220    0.62720885    0.83711171    0.79379958    0.97737717    1.25133453    0.58762192    1.00520685    1.32713999    1.38832032    1.06124423    0.97141682    1.03488663    0.94122659    0.64914254    0.60287896    0.57533609    0.63544799    0.50126596    0.65047863    0.52903647    0.54452585    0.56135316    0.61860708    0.62346529    0.58332429
S8AHR8_DACHA/1-145     0.43029132    0.59241321    0.48387357    0.41327025    0.41149657    0.00000000    0.24343333    0.42713710    0.39350390    0.42877573    0.54831167    0.39975202    0.44670065    0.55921834    0.59941720    0.75438963    0.71457419    0.79824752    0.70050693    0.75778516    0.75662408    0.76172267    0.79777547    0.84435567    0.59366160    0.76939423    0.70608717    0.74958600    0.74833677    0.74177207    0.64905690    0.71602541    0.84600195    0.63894883    0.65214415    0.73639942    0.78219650    0.50047874    0.48161037    0.70633877    0.63947575    0.74663121    0.53400344    0.62422180    0.58871916    0.62418299    0.62467361    0.67720958    0.80721249    0.77920684    1.12934427    1.31920575    0.66915360    1.21423386    1.42563596    1.47266686    1.03359735    0.83412436    0.92458631    0.83686793    0.61939246    0.65621686    0.54755714    0.69090377    0.49795289    0.67030263    0.49995308    0.47810571    0.55639251    0.63226480    0.67807794    0.64194049
B8NSE9_ASPFN/1-146     0.45484898    0.51256464    0.47290799    0.37837674    0.42509265    0.24343333    0.00000000    0.32000239    0.33736521    0.33999534    0.41698276    0.27729735    0.30500828    0.47825139    0.56189084    0.68173842    0.69050065    0.74618480    0.67430672    0.75507825    0.76768753    0.75051622    0.79579536    0.81480546    0.51203790    0.71557358    0.67480523    0.75693074    0.69699452    0.75698806    0.63489169    0.70455022    0.84248769    0.61401410    0.67805503    0.64312566    0.81710895    0.47236987    0.43086484    0.67866506    0.57397467    0.68576416    0.59607677    0.61493776    0.56993350    0.63063338    0.61360525    0.74731004    0.82399097    0.75196119    1.07532487    1.20650798    0.63432839    1.14146870    1.36306071    1.45201419    1.14528281    0.96744306    0.97733979    0.94799963    0.59954383    0.62923680    0.56425798    0.61585672    0.46375611    0.67128296    0.55724586    0.61769038    0.55729186    0.61663339    0.62682144    0.63707805
K2SG70_MACPH/12-148     0.54643497    0.66809764    0.64192087    0.56552107    0.66366102    0.42713710    0.32000239    0.00000000    0.46623786    0.52368041    0.47211215    0.50009340    0.48247105    0.63933461    0.70569303    0.85056014    0.92969572    0.92805383    0.79447089    0.88042104    0.98385387    0.96092434    0.94832790    0.97741573    0.74128087    0.93424229    0.84756132    0.86129844    0.89180226    0.90775725    0.79948379    0.76334377    0.90321679    0.80275913    0.88032783    0.90031388    0.89303858    0.61015169    0.54428255    0.85438007    0.75710695    0.76366097    0.62377933    0.69632669    0.60509489    0.64520214    0.65477281    0.86496212    0.86839456    0.74234965    1.28784369    1.42852086    0.82211738    1.26844190    1.53939949    1.54269900    1.17641306    1.07268494    1.03519688    1.07128071    0.64838747    0.71118377    0.66625217    0.75779354    0.60438174    0.72455381    0.65352761    0.66847858    0.60485338    0.75032609    0.63225665    0.72743178
N1JDA4_BLUG1/1-146     0.53226586    0.66095625    0.62696841    0.46682002    0.51590628    0.39350390    0.33736521    0.46623786    0.00000000    0.29498099    0.43994634    0.24907819    0.29489005    0.54315725    0.72288625    0.84065211    0.78404385    0.82374626    0.74583147    0.78050780    0.84682135    0.83539147    0.90396854    0.93647943    0.60335145    0.89393469    0.74141283    0.84970221    0.70759701    0.76454902    0.69695919    0.70073306    0.76972806    0.67985370    0.71083769    0.79606574    0.83150517    0.63848205    0.57859343    0.81400644    0.81325381    0.77201052    0.70824357    0.73484356    0.65905635    0.69640981    0.79296952    0.87594476    0.99807694    0.84047195    1.17302495    1.22816460    0.75587396    1.20162053    1.36077253    1.64394910    1.34917318    1.12474290    1.18408119    1.13535795    0.84125363    0.77921214    0.69570875    0.76897755    0.62476184    0.81753886    0.74430096    0.75682735    0.74030190    0.83376181    0.80269170    0.84219139
L8GBC8_PSED2/1-145     0.55646778    0.63450287    0.64740768    0.47443192    0.52124135    0.42877573    0.33999534    0.52368041    0.29498099    0.00000000    0.33092120    0.26015301    0.31014054    0.56102288    0.69248302    0.83916126    0.77293060    0.81800045    0.72151919    0.77980383    0.89292737    0.81475131    0.92186839    0.92200115    0.64714962    0.88840874    0.80090327    0.90560811    0.74108333    0.85535026    0.82579996    0.83549275    0.91865027    0.76943466    0.74659299    0.83678095    0.94185144    0.63237713    0.54511886    0.88493696    0.75371318    0.82114475    0.75853337    0.71673775    0.67778299    0.77592172    0.79108509    0.82623441    1.01148089    0.92185057    1.10705683    1.27243205    0.72733932    1.23139246    1.44176927    1.60513488    1.42298556    1.13573335    1.06595665    1.08702514    0.83537754    0.82272581    0.70478924    0.81314083    0.62763481    0.77632275    0.73536428    0.82855585    0.72419697    0.80366980    0.83252924    0.80167269
A7E5L5_SCLS1/1-145     0.77537823    0.74128798    0.80239950    0.67932817    0.68634289    0.54831167    0.41698276    0.47211215    0.43994634    0.33092120    0.00000000    0.38878486    0.43484159    0.75250138    0.69476683    0.88298051    0.85893655    1.00458391    0.77541442    0.77521607    0.88010584    0.86294465    0.89596250    0.94982945    0.83578759    0.98582704    0.93708363    1.08421666    0.97007240    1.00118764    0.86259328    0.97361508    1.02598431    0.89230715    0.94370857    1.00288291    1.06382669    0.82257477    0.72868128    0.91392420    0.83883820    0.89544067    0.90638986    0.92178491    0.92178870    0.91505943    0.85450542    0.93522993    1.06324783    1.01703062    1.35364909    1.45043008    0.85108069    1.33457097    1.38121485    1.47014312    1.46090148    1.26842493    0.95342079    1.21219908    0.86512278    0.88728612    0.76524742    0.92905536    0.75812985    0.90306674    0.93629818    0.89183075    0.87029977    0.88111306    0.92440048    0.91744927
A0A0C4DRU3_MAGP6/1-146     0.57986138    0.67794612    0.61289437    0.48955730    0.46803151    0.39975202    0.27729735    0.50009340    0.24907819    0.26015301    0.38878486    0.00000000    0.21155239    0.54469828    0.66246649    0.75870927    0.72637182    0.78989927    0.69521181    0.77265793    0.79177201    0.81499638    0.85695257    0.89245486    0.56103120    0.81966057    0.75205346    0.88110737    0.74269664    0.78350826    0.73097242    0.75659288    0.84929816    0.70310407    0.70304099    0.75826792    0.82559524    0.65876058    0.58773655    0.83806565    0.74843317    0.77783888    0.72024282    0.75442056    0.71195303    0.76755624    0.81380688    0.89592907    0.98330812    0.83010568    1.15933049    1.31108449    0.69223851    1.30870098    1.41684572    1.66421853    1.39106471    1.15557850    1.10518246    1.11140703    0.80504249    0.77712854    0.69752714    0.80604584    0.59622735    0.77369032    0.73865779    0.71358143    0.72973435    0.76198713    0.79010743    0.79926141
M7TDC1_EUTLA/1-147     0.55396079    0.63758917    0.61392294    0.51819068    0.56546481    0.44670065    0.30500828    0.48247105    0.29489005    0.31014054    0.43484159    0.21155239    0.00000000    0.47221243    0.61142240    0.76385127    0.76419392    0.83270982    0.71165815    0.81979297    0.84840125    0.90635680    0.97944224    0.95826700    0.64381218    0.77958691    0.72926329    0.82392556    0.70931771    0.79471559    0.74563782    0.78878427    0.86985429    0.65134198    0.75149398    0.76842690    0.79779653    0.62384153    0.57803905    0.87834259    0.80937587    0.87203151    0.81200402    0.77460059    0.69644111    0.70845594    0.73444051    0.81713926    1.03410294    0.84664994    1.08907947    1.32433195    0.75345350    1.27198783    1.51579195    1.60058744    1.39579971    1.17627289    1.07026346    1.16635412    0.78247545    0.81227385    0.74306701    0.81524535    0.63965592    0.81382112    0.77518789    0.78248111    0.78250413    0.81810176    0.83350919    0.82343041
Q6CE64_YARLI/1-145     0.55729785    0.66121422    0.64755054    0.57592791    0.56655480    0.55921834    0.47825139    0.63933461    0.54315725    0.56102288    0.75250138    0.54469828    0.47221243    0.00000000    0.59646372    0.76003205    0.78615168    0.86298187    0.74881692    0.83931335    0.87171411    0.84913069    0.91859879    0.84840451    0.60865187    0.86453224    0.77327905    0.91429827    0.81913949    0.78066547    0.83739871    0.74545898    0.83808627    0.71184274    0.79610539    0.67868465    0.85125156    0.62826552    0.56492996    0.78620776    0.71421021    0.87004249    0.74419571    0.75697880    0.66449602    0.65270153    0.67755805    0.68203484    0.94103350    0.84019291    1.11499771    1.27938853    0.77210229    1.15379802    1.52896066    1.50124519    1.24584839    1.04850345    1.16755365    1.19523359    0.64451978    0.72150789    0.75066083    0.83812735    0.60288651    0.85077569    0.76646442    0.80923568    0.73529246    0.86240762    0.72651618    0.70626335
K0KGB6_WICCF/1-149     0.68307515    0.68542531    0.71335218    0.72027639    0.63605596    0.59941720    0.56189084    0.70569303    0.72288625    0.69248302    0.69476683    0.66246649    0.61142240    0.59646372    0.00000000    0.63433101    0.72883628    0.81753535    0.59330138    0.78829760    0.68091533    0.76701494    0.81299630    1.00913087    0.66160402    0.80777169    0.67965790    0.72360667    0.71223529    0.72296959    0.69747052    0.72500249    0.74402386    0.60018933    0.68387369    0.62997479    0.76267176    0.62161608    0.68954207    0.72263061    0.68915794    0.86158238    0.79828866    0.80833511    0.75776275    0.70903355    0.70357563    0.73363348    0.95464630    0.86827880    1.22376617    1.33746043    0.72954834    1.12471258    1.40231526    1.31164491    1.32360408    1.20573670    1.14079738    1.15590295    0.77307084    0.86467834    0.78689856    0.92947382    0.66321204    0.80493983    0.76714082    0.76069729    0.76463830    0.79361846    0.81152529    0.77374284
C4XWC0_CLAL4/1-144     0.80291599    0.80445053    0.85780456    0.81256918    0.74220990    0.75438963    0.68173842    0.85056014    0.84065211    0.83916126    0.88298051    0.75870927    0.76385127    0.76003205    0.63433101    0.00000000    0.45448261    0.44557580    0.43832825    0.56302724    0.50101666    0.54817450    0.60574141    0.79753923    0.70693082    0.83072389    0.78181843    0.98125671    0.83139462    0.84071630    0.77689884    0.77201396    0.86631872    0.74633085    0.81567111    0.81532872    0.90638695    0.75251288    0.77269448    0.83703135    0.85913148    0.95877537    0.83478301    0.93237031    0.92097819    0.93528001    0.90116430    1.01330081    1.08979435    0.87584434    1.31251895    1.48655734    0.75884677    1.21094553    1.37353718    1.55694345    1.37726234    1.32798507    1.10419522    1.19143941    0.71963957    0.91084767    0.73470117    0.80744481    0.80402310    0.94524758    0.81849060    0.84641229    0.76769083    0.86773199    0.75159724    0.77865778
Q6BLR6_DEBHA/1-149     0.67476003    0.71643389    0.70444178    0.69709524    0.66512283    0.71457419    0.69050065    0.92969572    0.78404385    0.77293060    0.85893655    0.72637182    0.76419392    0.78615168    0.72883628    0.45448261    0.00000000    0.35171102    0.38728524    0.54185760    0.54747645    0.51716425    0.62643604    0.76282427    0.67251294    0.92417657    0.74422079    0.95711179    0.78532339    0.89007865    0.73569864    0.79318630    0.89744984    0.72999187    0.77149354    0.75351243    0.83920294    0.71121742    0.77588222    0.90177524    0.92529257    0.89411988    0.76400064    0.85502912    0.77761743    0.80581306    0.84321729    0.92395377    1.05628846    0.84175988    1.19113609    1.34275740    0.76221777    1.20531916    1.52850510    1.61066764    1.38757386    1.27625884    1.15600883    1.20978732    0.85945263    0.94183584    0.78489457    0.85209417    0.78751188    0.89092934    0.71534925    0.84143422    0.73952377    0.87210163    0.66757953    0.76887235
G8Y7K5_PICSO/1-147     0.84045928    0.78724072    0.93079571    0.75616344    0.71028376    0.79824752    0.74618480    0.92805383    0.82374626    0.81800045    1.00458391    0.78989927    0.83270982    0.86298187    0.81753535    0.44557580    0.35171102    0.00000000    0.47383891    0.60911340    0.56195442    0.52210253    0.72776325    0.81843451    0.60098745    0.85680985    0.76724044    0.96724529    0.78026261    0.82574890    0.76351320    0.77562127    0.90774331    0.77569168    0.81752886    0.80954079    0.82304699    0.77836712    0.87504245    0.92578028    0.94013317    1.01612626    0.86535632    0.88886279    0.83427296    0.88015416    0.88047224    0.94088216    1.05990217    0.93776205    1.22443534    1.40319955    0.79486015    1.21328950    1.65739083    1.57723400    1.38025787    1.43331118    1.32256399    1.28760958    0.89180581    1.00418232    0.83458591    0.89463778    0.86738238    1.02000464    0.87162855    0.95652940    0.83364404    0.95744485    0.78910233    0.82247361
A5DK09_PICGU/9-153     0.72422584    0.70318794    0.74632135    0.67129365    0.64672524    0.70050693    0.67430672    0.79447089    0.74583147    0.72151919    0.77541442    0.69521181    0.71165815    0.74881692    0.59330138    0.43832825    0.38728524    0.47383891    0.00000000    0.45724190    0.54853850    0.59657145    0.57107888    0.89996426    0.63856320    0.83027652    0.73039404    0.88072781    0.77782409    0.89400588    0.77536587    0.81186316    0.89272865    0.71464945    0.78213277    0.75031215    0.79377016    0.68863735    0.71225768    0.82073032    0.79647715    0.90416274    0.78423191    0.83719821    0.82212347    0.82339553    0.92769483    0.99653812    1.01439537    0.79167967    1.16038023    1.59457594    0.71855912    1.04673680    1.44893466    1.46421165    1.27990225    1.31695619    1.02747159    1.03427414    0.76430179    0.89909554    0.74369997    0.86366628    0.68250476    0.75943653    0.70933115    0.70918591    0.70132386    0.83030710    0.73947473    0.74510523
G3BET2_CANTC/1-141     0.73283608    0.76165608    0.74797510    0.69434560    0.70383155    0.75778516    0.75507825    0.88042104    0.78050780    0.77980383    0.77521607    0.77265793    0.81979297    0.83931335    0.78829760    0.56302724    0.54185760    0.60911340    0.45724190    0.00000000    0.63314777    0.62703649    0.60791752    0.76128519    0.70844749    0.84691656    0.84650426    1.03621245    0.91023125    0.91026156    0.77696093    0.73680048    0.85800066    0.76729181    0.83291673    0.91075037    0.82881193    0.72391711    0.77291274    0.80897887    0.93959419    0.92989174    0.83878938    0.81807654    0.84356809    0.90173258    0.86091856    0.97351596    1.04305753    1.00369255    1.30838663    1.44760024    0.78822678    1.19353411    1.52711413    1.65243448    1.24125531    1.24779771    1.07653482    1.08877146    0.86912981    0.99547148    0.75066076    0.91341505    0.73055941    0.87469058    0.84717821    0.86056465    0.78226819    0.88573618    0.86641911    0.85745278
A3GHM1_PICST/7-157     0.80989936    0.83662841    0.76770088    0.80280341    0.74161736    0.75662408    0.76768753    0.98385387    0.84682135    0.89292737    0.88010584    0.79177201    0.84840125    0.87171411    0.68091533    0.50101666    0.54747645    0.56195442    0.54853850    0.63314777    0.00000000    0.41770555    0.44839083    0.73365143    0.67920470    0.95125259    0.83503822    1.10418480    0.85565567    0.96397777    0.87068118    0.89796202    0.93811432    0.79456794    0.84305630    0.86188678    0.89370865    0.74700981    0.85914764    0.81654853    0.88057931    0.90422700    0.84894729    0.88758625    0.84558389    0.94944635    0.87373389    0.97227704    1.12999308    0.90863423    1.21323142    1.53227439    0.72477416    1.15665958    1.51614422    1.65934222    1.41515166    1.35290532    1.15249486    1.28679577    0.80153444    0.96482232    0.82443257    0.91587968    0.81864337    0.90214222    0.83088682    0.77808833    0.76226893    0.91469567    0.86345162    0.87907524
G3AS44_SPAPN/1-147     0.82806438    0.86232290    0.80142925    0.80440174    0.72490033    0.76172267    0.75051622    0.96092434    0.83539147    0.81475131    0.86294465    0.81499638    0.90635680    0.84913069    0.76701494    0.54817450    0.51716425    0.52210253    0.59657145    0.62703649    0.41770555    0.00000000    0.34290380    0.60968327    0.74851530    0.92947240    0.83242949    1.06758581    0.87254263    0.99085356    0.80429682    0.84406780    1.01094574    0.88648935    0.97178877    0.90072197    0.97711309    0.82410041    0.89431331    0.84112402    0.96328289    0.83832524    0.79603656    0.83653799    0.81167482    0.85745166    0.81371989    0.89371515    1.05649879    0.93823107    1.30685408    1.32911544    0.85785312    1.20681022    1.56767734    1.37364828    1.47339972    1.44148242    1.19377497    1.21991913    0.89770281    0.93062830    0.83222363    1.00646385    0.88536911    0.97924444    0.96620214    0.92065955    0.87109299    0.98170817    0.86658948    0.89511548
C5MBD0_CANTT/1-148     0.80978587    0.86272554    0.79708816    0.79527542    0.73794144    0.79777547    0.79579536    0.94832790    0.90396854    0.92186839    0.89596250    0.85695257    0.97944224    0.91859879    0.81299630    0.60574141    0.62643604    0.72776325    0.57107888    0.60791752    0.44839083    0.34290380    0.00000000    0.65600772    0.75875911    1.06444634    0.95296003    1.22941454    0.92503580    1.07472110    0.92052252    0.99632306    1.10993098    0.87546674    1.01108079    0.97862854    0.99414154    0.87223195    0.83747351    0.83420797    0.92170938    0.95973715    0.92421834    0.95851866    0.97412141    0.96334552    0.92601651    1.02366623    1.15771510    0.93691882    1.44155041    1.47071597    0.85779886    1.21382366    1.50791942    1.42931431    1.49906949    1.39576573    1.10685156    1.23945621    0.92448374    1.00853893    0.84158094    1.04458341    0.86335618    0.95986777    0.97003762    0.91037170    0.85864102    0.97404769    0.91667173    0.95758822
G8BCD3_CANPC/9-167     0.86179738    0.83758191    0.82457968    0.86975659    0.75348861    0.84435567    0.81480546    0.97741573    0.93647943    0.92200115    0.94982945    0.89245486    0.95826700    0.84840451    1.00913087    0.79753923    0.76282427    0.81843451    0.89996426    0.76128519    0.73365143    0.60968327    0.65600772    0.00000000    0.81973970    1.00077567    0.96921033    1.18976333    1.05653960    1.17661411    1.04206265    1.04304131    1.20237611    1.12233269    1.00627965    0.98555076    1.11400182    0.92644430    0.98592688    0.91545285    1.01420013    1.06366883    0.98248313    0.96503834    1.08207141    1.15366444    0.99747380    1.14042007    1.27941699    1.04995145    1.44315926    1.48732094    0.94395247    1.30702607    1.56485600    1.60358422    1.51481876    1.53536235    1.19432108    1.40310183    0.96002441    1.04608837    0.91142355    1.14546744    0.95122920    1.16837475    0.97825063    0.99077839    1.00434456    1.13055318    0.96783193    1.03049544
C4R2Q7_KOMPG/4-139     0.64816445    0.69255025    0.66025944    0.47325545    0.53535323    0.59366160    0.51203790    0.74128087    0.60335145    0.64714962    0.83578759    0.56103120    0.64381218    0.60865187    0.66160402    0.70693082    0.67251294    0.60098745    0.63856320    0.70844749    0.67920470    0.74851530    0.75875911    0.81973970    0.00000000    0.73978180    0.67290174    0.83359548    0.67353406    0.68236840    0.50970573    0.55613456    0.65148819    0.59757956    0.64364886    0.60338026    0.65394113    0.56350060    0.63995354    0.80082391    0.74612875    0.87869714    0.71624121    0.74183143    0.68566736    0.71420134    0.73430981    0.80254468    1.03768412    0.90496542    1.04827046    1.20296535    0.66449007    1.09775294    1.42072001    1.49825745    1.13754067    1.18435369    1.13935684    1.10522176    0.75340202    0.78744855    0.70366554    0.80745983    0.67788464    0.88443118    0.72263599    0.77425583    0.70704898    0.74928177    0.70885325    0.66783820
Q75EM8_ASHGO/5-146     0.76025982    0.79372828    0.74511957    0.77619720    0.71947908    0.76939423    0.71557358    0.93424229    0.89393469    0.88840874    0.98582704    0.81966057    0.77958691    0.86453224    0.80777169    0.83072389    0.92417657    0.85680985    0.83027652    0.84691656    0.95125259    0.92947240    1.06444634    1.00077567    0.73978180    0.00000000    0.67649102    0.60216483    0.65103020    0.67585322    0.68657133    0.70640740    0.72554492    0.64796889    0.57557083    0.64129011    0.74506940    0.71605057    0.81254279    0.90174965    0.81297157    0.98741467    0.87879042    1.01982158    0.93316269    1.00055959    0.90781779    0.94367463    1.11534898    1.01119220    1.17499156    1.45722201    0.84603694    1.24240688    1.55194613    1.48026970    1.32218170    1.21599398    1.20361985    1.17966327    0.85072009    0.84812573    0.81952260    1.00184523    0.78280163    1.04087297    0.86488072    0.87935661    0.83310491    0.90148935    0.87711737    0.86666987
Q6CTZ6_KLULA/1-155     0.64430507    0.74005615    0.70422443    0.65172642    0.58908947    0.70608717    0.67480523    0.84756132    0.74141283    0.80090327    0.93708363    0.75205346    0.72926329    0.77327905    0.67965790    0.78181843    0.74422079    0.76724044    0.73039404    0.84650426    0.83503822    0.83242949    0.95296003    0.96921033    0.67290174    0.67649102    0.00000000    0.54167488    0.39149639    0.51370738    0.41761445    0.37309659    0.51011645    0.44467025    0.43239776    0.51432084    0.42576870    0.52570540    0.70577267    0.72611199    0.74599099    0.84902839    0.76688107    0.84995400    0.69303136    0.64112959    0.63539185    0.70994453    0.96293757    0.98325913    1.10461116    1.17697583    0.80002799    1.09990216    1.54113052    1.34085376    1.09542191    1.04733075    1.13079520    1.21243881    0.79553278    0.74757058    0.76272307    0.84714357    0.66140330    0.87668596    0.72355969    0.81723386    0.73001058    0.78060302    0.75351379    0.79184454
G8JPV2_ERECY/37-184     0.75789459    0.77912387    0.78125651    0.80460999    0.80282702    0.74958600    0.75693074    0.86129844    0.84970221    0.90560811    1.08421666    0.88110737    0.82392556    0.91429827    0.72360667    0.98125671    0.95711179    0.96724529    0.88072781    1.03621245    1.10418480    1.06758581    1.22941454    1.18976333    0.83359548    0.60216483    0.54167488    0.00000000    0.45781321    0.57471558    0.62865767    0.61942017    0.74348628    0.66189947    0.63450501    0.63869796    0.62551945    0.72763866    0.85772493    1.04006671    1.03035661    0.96414654    0.85059063    1.00831599    0.90011164    0.79879884    0.89456631    0.92891143    0.90896324    1.01211245    1.08590103    1.32685642    0.94582263    1.30767772    1.58250541    1.47670207    1.23634732    1.19536904    1.34047216    1.24365236    0.93047458    0.88456007    0.93272200    1.02866773    0.84589756    0.94510444    0.88464555    0.96411914    0.83295869    0.93214112    0.87890412    0.91985054
C5DBZ1_LACTC/1-153     0.76795396    0.79405175    0.82311040    0.69079599    0.66702555    0.74833677    0.69699452    0.89180226    0.70759701    0.74108333    0.97007240    0.74269664    0.70931771    0.81913949    0.71223529    0.83139462    0.78532339    0.78026261    0.77782409    0.91023125    0.85565567    0.87254263    0.92503580    1.05653960    0.67353406    0.65103020    0.39149639    0.45781321    0.00000000    0.53279917    0.50369562    0.46850731    0.66099506    0.45304111    0.48779032    0.44689195    0.45997735    0.69725667    0.87423715    0.86328348    0.89667228    0.94082181    0.89483490    0.94595567    0.85577296    0.80932851    0.82157925    0.88344639    1.09985955    1.09043315    1.17293608    1.21072214    0.85096601    1.19312862    1.60620448    1.35493055    1.24828462    1.13036625    1.36514102    1.24627823    0.89343219    0.86392777    0.87854287    0.93637556    0.77539367    0.89619506    0.88626590    0.96561670    0.83901098    0.94191947    0.86679439    0.94465535
G8BT51_TETPH/1-157     0.69047975    0.74545440    0.78051693    0.73658763    0.68086638    0.74177207    0.75698806    0.90775725    0.76454902    0.85535026    1.00118764    0.78350826    0.79471559    0.78066547    0.72296959    0.84071630    0.89007865    0.82574890    0.89400588    0.91026156    0.96397777    0.99085356    1.07472110    1.17661411    0.68236840    0.67585322    0.51370738    0.57471558    0.53279917    0.00000000    0.51676325    0.48163021    0.52002291    0.50224669    0.50605138    0.52722616    0.45123474    0.69230524    0.73694186    0.95712866    0.92378483    1.07613182    0.90130344    0.99972253    0.82836672    0.84591038    0.88419773    0.95249084    0.97587047    0.93998608    1.12957881    1.08755617    0.94676566    1.22932005    1.51862833    1.47826186    1.26251249    1.12715778    1.28079298    1.33485371    0.91303812    0.87850963    0.83204991    1.01055477    0.80228202    0.89557831    0.85734241    0.95056743    0.81798418    0.88725473    0.82761450    0.91233843
G0WFQ0_NAUDC/1-155     0.59051332    0.63763641    0.61879291    0.58176256    0.64465294    0.64905690    0.63489169    0.79948379    0.69695919    0.82579996    0.86259328    0.73097242    0.74563782    0.83739871    0.69747052    0.77689884    0.73569864    0.76351320    0.77536587    0.77696093    0.87068118    0.80429682    0.92052252    1.04206265    0.50970573    0.68657133    0.41761445    0.62865767    0.50369562    0.51676325    0.00000000    0.32212549    0.49271083    0.39269054    0.45047336    0.37822320    0.40045456    0.61735949    0.76060719    0.82472681    0.90577237    0.90163716    0.77407475    0.88666938    0.75005467    0.72215822    0.74085775    0.88085943    0.93325430    0.95620880    1.24045233    1.14405116    0.67114660    1.22870002    1.46401315    1.42123670    1.15449691    1.10651768    1.21539027    1.24560976    0.75920107    0.74666739    0.74696747    0.99005701    0.72333581    0.85036347    0.76026972    0.83415104    0.71474694    0.81541968    0.76842635    0.79857755
H2AWY2_KAZAF/1-155     0.62271623    0.66511585    0.65269315    0.64170144    0.62519491    0.71602541    0.70455022    0.76334377    0.70073306    0.83549275    0.97361508    0.75659288    0.78878427    0.74545898    0.72500249    0.77201396    0.79318630    0.77562127    0.81186316    0.73680048    0.89796202    0.84406780    0.99632306    1.04304131    0.55613456    0.70640740    0.37309659    0.61942017    0.46850731    0.48163021    0.32212549    0.00000000    0.35282747    0.37272575    0.41326079    0.44041384    0.45801404    0.57510160    0.75665745    0.78877101    0.80708363    0.91480986    0.74233404    0.84320874    0.73149554    0.70254256    0.76097223    0.84138710    0.96511516    0.92452103    1.18045611    1.18194151    0.75147139    1.22789241    1.47188804    1.39586971    1.11646049    1.11929188    1.23964980    1.24369753    0.77651770    0.81172901    0.74061395    0.90788287    0.74420010    0.84426980    0.72018807    0.80306040    0.73358193    0.85898130    0.74307160    0.78924473
J7S9F3_KAZNA/8-156     0.79619365    0.79508541    0.81164632    0.78863931    0.74724385    0.84600195    0.84248769    0.90321679    0.76972806    0.91865027    1.02598431    0.84929816    0.86985429    0.83808627    0.74402386    0.86631872    0.89744984    0.90774331    0.89272865    0.85800066    0.93811432    1.01094574    1.10993098    1.20237611    0.65148819    0.72554492    0.51011645    0.74348628    0.66099506    0.52002291    0.49271083    0.35282747    0.00000000    0.43694024    0.54340346    0.57458445    0.58149976    0.71653506    0.87513737    0.98496330    0.99583963    1.11207205    0.90917604    0.97481475    0.89490025    0.88719126    0.97596315    1.08574568    1.10354166    1.08960766    1.36045278    1.16347828    0.98642305    1.30637520    1.43553702    1.68712368    1.24410356    1.19881629    1.26035626    1.29704364    0.97210880    0.96600256    0.82589466    1.16394137    0.84001171    0.95937208    0.88946752    0.93783513    0.86223753    0.98509527    0.80403065    0.82070920
BUD31_YEAST/1-155     0.59721854    0.63442008    0.62146866    0.62051722    0.61059794    0.63894883    0.61401410    0.80275913    0.67985370    0.76943466    0.89230715    0.70310407    0.65134198    0.71184274    0.60018933    0.74633085    0.72999187    0.77569168    0.71464945    0.76729181    0.79456794    0.88648935    0.87546674    1.12233269    0.59757956    0.64796889    0.44467025    0.66189947    0.45304111    0.50224669    0.39269054    0.37272575    0.43694024    0.00000000    0.40182689    0.40499448    0.44816709    0.63444709    0.69011218    0.66214523    0.82501301    0.87872998    0.77343703    0.83843037    0.71978306    0.70765784    0.74619738    0.86018726    0.93376411    0.91473090    1.06609965    1.14416238    0.76700176    1.10532612    1.47194936    1.49661673    1.08872812    1.00991902    1.11593954    1.16156871    0.79339179    0.79350304    0.62854059    0.90794007    0.70046570    0.81981891    0.78088054    0.87106669    0.64917955    0.79935411    0.74903413    0.73715184
G8ZN83_TORDC/1-154     0.64566024    0.68478992    0.69740120    0.64934025    0.54078769    0.65214415    0.67805503    0.88032783    0.71083769    0.74659299    0.94370857    0.70304099    0.75149398    0.79610539    0.68387369    0.81567111    0.77149354    0.81752886    0.78213277    0.83291673    0.84305630    0.97178877    1.01108079    1.00627965    0.64364886    0.57557083    0.43239776    0.63450501    0.48779032    0.50605138    0.45047336    0.41326079    0.54340346    0.40182689    0.00000000    0.41241761    0.44198128    0.66380295    0.79415800    0.80147735    0.79403663    0.84162542    0.74335918    0.80600776    0.69121600    0.70257954    0.73817644    0.76289914    1.06957297    0.95897760    1.12973160    1.18165495    0.76151581    1.14887348    1.40343513    1.44379140    1.15061024    1.09325651    1.19148239    1.17581772    0.85259284    0.85480649    0.82361303    0.95615266    0.70542128    0.85038658    0.73283300    0.80678447    0.74280189    0.77602322    0.73506258    0.79521651
I2H940_TETBL/1-155     0.67144537    0.69336834    0.69116318    0.67840226    0.65868540    0.73639942    0.64312566    0.90031388    0.79606574    0.83678095    1.00288291    0.75826792    0.76842690    0.67868465    0.62997479    0.81532872    0.75351243    0.80954079    0.75031215    0.91075037    0.86188678    0.90072197    0.97862854    0.98555076    0.60338026    0.64129011    0.51432084    0.63869796    0.44689195    0.52722616    0.37822320    0.44041384    0.57458445    0.40499448    0.41241761    0.00000000    0.38080996    0.68802367    0.82375447    0.88016403    0.84369705    0.97022641    0.89266016    0.96070583    0.81015299    0.80951007    0.85598289    0.92805896    1.06701760    0.95626780    1.19298138    1.24765087    0.77880468    1.04898971    1.56847957    1.44024884    1.27912266    1.19141779    1.18738165    1.22210049    0.87505999    0.86086794    0.88425443    1.06179668    0.74860267    0.84909827    0.78077631    0.87482387    0.81369429    0.88094829    0.80767975    0.86321922
A7TG16_VANPO/1-155     0.70099653    0.76887530    0.74023550    0.71726827    0.68601917    0.78219650    0.81710895    0.89303858    0.83150517    0.94185144    1.06382669    0.82559524    0.79779653    0.85125156    0.76267176    0.90638695    0.83920294    0.82304699    0.79377016    0.82881193    0.89370865    0.97711309    0.99414154    1.11400182    0.65394113    0.74506940    0.42576870    0.62551945    0.45997735    0.45123474    0.40045456    0.45801404    0.58149976    0.44816709    0.44198128    0.38080996    0.00000000    0.65398073    0.79605570    0.87214186    0.92770806    1.02032507    0.85657186    0.95876998    0.80693894    0.76677948    0.75219106    0.84484190    1.08628511    0.97608262    1.22811773    1.25635295    0.87676020    1.16693359    1.68062309    1.50487125    1.24803281    1.23598860    1.36068168    1.36027534    0.95050462    0.90077201    0.87581234    1.02761782    0.83324385    0.96009955    0.89399839    0.92704664    0.80645178    0.84592865    0.87836353    0.97745356
S2J3G7_MUCC1/1-145     0.37092272    0.44002930    0.43993102    0.41564596    0.46573903    0.50047874    0.47236987    0.61015169    0.63848205    0.63237713    0.82257477    0.65876058    0.62384153    0.62826552    0.62161608    0.75251288    0.71121742    0.77836712    0.68863735    0.72391711    0.74700981    0.82410041    0.87223195    0.92644430    0.56350060    0.71605057    0.52570540    0.72763866    0.69725667    0.69230524    0.61735949    0.57510160    0.71653506    0.63444709    0.66380295    0.68802367    0.65398073    0.00000000    0.24333190    0.60286788    0.52697321    0.56684718    0.48454220    0.52092420    0.45444386    0.53591930    0.45013269    0.62556387    0.86411542    0.78616436    0.98065383    1.26715672    0.63417633    1.15596929    1.31863680    1.30659557    0.92806269    0.89871593    0.95745829    0.83584201    0.54835394    0.54113960    0.42679098    0.56492683    0.38321792    0.48972311    0.43167179    0.51012638    0.41313898    0.54261372    0.51431830    0.54984500
