15
SAPC_SARPE/10-39     0.00000000    0.33651881    0.61355938    0.73023317    0.91439116    0.72808527    0.29390033    0.61676167    0.90103735    0.68843931    0.79251548    1.39286132    1.09551725    1.43858991    1.42956460
SAPE_SARPE/64-93     0.33651881    0.00000000    0.40079642    0.46594383    0.88791425    0.71920211    0.03613700    0.35408191    0.50184655    0.54156749    0.60670377    1.22663067    0.96274998    1.21802710    1.24219370
DEFI_ANOGA/72-101     0.61355938    0.40079642    0.00000000    0.55518566    1.15695444    0.97822413    0.45776197    0.68649706    0.54857188    0.77270634    0.68752897    1.36769536    1.17655631    1.50176199    1.43092494
DEFI_DROME/62-91     0.73023317    0.46594383    0.55518566    0.00000000    0.76941183    0.74543781    0.52428959    0.66702369    0.60914378    0.86134690    0.80304191    1.55876650    1.26557898    1.44767198    1.47496253
DEFI_PYRAP/10-42     0.91439116    0.88791425    1.15695444    0.76941183    0.00000000    0.54389270    0.93646446    1.03771156    1.30062215    1.33070580    1.17818624    1.66184165    1.94827694    2.17494708    2.19887157
DEFI_PALPR/10-42     0.72808527    0.71920211    0.97822413    0.74543781    0.54389270    0.00000000    0.75963332    1.03919309    1.24619658    0.89121769    0.90317568    1.61506538    1.56118597    1.96313995    1.91230987
DEFI_PROTE/64-93     0.29390033    0.03613700    0.45776197    0.52428959    0.93646446    0.75963332    0.00000000    0.35236900    0.51351128    0.49155001    0.55461507    1.24433110    0.99237561    1.26481875    1.28563144
DEFI_TENMO/51-84     0.61676167    0.35408191    0.68649706    0.66702369    1.03771156    1.03919309    0.35236900    0.00000000    0.43651155    0.60486425    0.72972874    1.75404366    1.13411952    1.29354608    1.21242824
DEFA_ZOPAT/10-43     0.90103735    0.50184655    0.54857188    0.60914378    1.30062215    1.24619658    0.51351128    0.43651155    0.00000000    0.72542109    0.78021046    1.95522426    1.06221777    1.37544342    1.36317707
DEFI_APIME/53-82     0.68843931    0.54156749    0.77270634    0.86134690    1.33070580    0.89121769    0.49155001    0.60486425    0.72542109    0.00000000    0.55035529    1.91715842    1.15217891    1.25571035    1.44792526
DEFI_TRYDI/10-42     0.79251548    0.60670377    0.68752897    0.80304191    1.17818624    0.90317568    0.55461507    0.72972874    0.78021046    0.55035529    0.00000000    1.95576493    1.25285731    1.28416357    1.54918407
SAPB_SARPE/54-87     1.39286132    1.22663067    1.36769536    1.55876650    1.66184165    1.61506538    1.24433110    1.75404366    1.95522426    1.91715842    1.95576493    0.00000000    1.75621346    1.95675089    1.81734777
DEF4_LEIHE/1-36     1.09551725    0.96274998    1.17655631    1.26557898    1.94827694    1.56118597    0.99237561    1.13411952    1.06221777    1.15217891    1.25285731    1.75621346    0.00000000    0.53155670    0.43410174
DEFI_MYTGA/1-36     1.43858991    1.21802710    1.50176199    1.44767198    2.17494708    1.96313995    1.26481875    1.29354608    1.37544342    1.25571035    1.28416357    1.95675089    0.53155670    0.00000000    0.52752979
DEFI_AESCY/1-37     1.42956460    1.24219370    1.43092494    1.47496253    2.19887157    1.91230987    1.28563144    1.21242824    1.36317707    1.44792526    1.54918407    1.81734777    0.43410174    0.52752979    0.00000000

