8
E9LK77_SHEEP/1-172     0.00000000    0.04917295    0.11082892    0.26638426    0.25535720    0.30795677    1.30361578    0.86569770
KRB2D_SHEEP/1-182     0.04917295    0.00000000    0.09546508    0.29531351    0.27176445    0.31940188    1.22920249    0.86391249
KRB2C_SHEEP/1-152     0.11082892    0.09546508    0.00000000    0.27239340    0.29178175    0.29459362    1.19811559    0.85921109
KRA11_HUMAN/1-177     0.26638426    0.29531351    0.27239340    0.00000000    0.04951146    0.22528350    1.31819408    0.77536463
KRA13_HUMAN/1-177     0.25535720    0.27176445    0.29178175    0.04951146    0.00000000    0.24264702    1.20168922    0.84718453
O70148_RAT/1-188     0.30795677    0.31940188    0.29459362    0.22528350    0.24264702    0.00000000    1.12348919    0.68386408
KRA3A_SHEEP/1-130     1.30361578    1.22920249    1.19811559    1.31819408    1.20168922    1.12348919    0.00000000    1.07174763
Q28707_RABIT/1-126     0.86569770    0.86391249    0.85921109    0.77536463    0.84718453    0.68386408    1.07174763    0.00000000

