31
T1S_SALTY/225-410     0.00000000    3.34902845    2.94480910    3.06924249    3.82432012    2.42923108    3.80231217    3.95324190    4.07592861    4.90514558    5.06130249    4.42877882    4.31734607    3.72932601    3.53491352    3.87515932    2.82513083    3.77741734    3.18008966    3.21409433    3.04008670    3.45524417    3.49655665    4.10885632    2.79086760    3.75811213    3.48452415    5.61985971    3.83269902    3.64931548    2.85255766
T1SH_HAEIN/266-440     3.34902845    0.00000000    3.63167676    3.36041793    3.20016820    3.07006246    4.19047174    3.82629852    3.66540023    4.14468019    4.77495847    4.25835469    4.39256780    3.94803669    3.90054664    3.65766987    3.30732679    3.22388876    3.74899131    2.99628652    2.82848393    2.38073025    2.11127348    2.39122091    2.99161249    3.54604181    3.39422576    4.36284680    3.70846513    3.46434379    2.43267213
O25519_HELPY/109-276     2.94480910    3.63167676    0.00000000    1.04041634    2.48731586    1.74691382    1.85994448    1.96643631    3.75435466    4.04886292    4.43485550    3.71560530    4.94324226    3.60310252    2.24803395    3.00038874    2.66775171    2.83676147    2.57823811    2.43660102    2.72206457    2.83603591    3.03013189    4.24724523    2.87322370    3.41033650    2.62264548    4.00289132    2.82442167    3.71702052    2.94329115
O25479_HELPY/241-404     3.06924249    3.36041793    1.04041634    0.00000000    1.36848844    1.30238288    1.76892459    1.91999372    3.58254054    3.62358482    4.28096367    4.09310064    4.46542151    3.09568105    2.53250298    3.27995131    2.22368815    2.50691993    3.29331417    1.92687988    3.04450517    3.14865524    2.72468447    4.07098799    2.56880066    3.44048525    2.49983526    3.41767794    2.92362686    3.15093361    2.73619892
O27024_METTH/222-387     3.82432012    3.20016820    2.48731586    1.36848844    0.00000000    1.41484962    2.47165034    2.43608055    3.72581394    3.57885808    3.89862530    4.09095173    4.44463781    2.93966978    3.87737740    3.78673701    2.79038858    2.60141750    3.32542497    2.97196842    2.31387516    2.27653478    2.58551755    3.22963746    3.08184205    3.16718928    2.41528701    3.70060924    2.39597671    2.76075428    2.28791739
T1SI_HAEIN/16-176     2.42923108    3.07006246    1.74691382    1.30238288    1.41484962    0.00000000    2.30109822    2.64227998    3.56252844    3.00024473    4.29332565    4.37827044    4.11563994    3.44181410    3.07565483    3.36576262    2.22119527    3.54657576    3.11042679    2.34831923    2.92935557    2.90677545    3.05549008    3.71428997    3.10165186    3.21769387    2.84023461    3.45585496    3.66676979    3.34232724    2.70556836
T1SH_MYCPN/62-225     3.80231217    4.19047174    1.85994448    1.76892459    2.47165034    2.30109822    0.00000000    0.50107290    3.70584494    3.13369241    3.66756790    3.58681293    3.43817797    3.73788966    2.57563979    2.72952436    2.88931120    2.73716906    3.14686648    3.46144706    2.76679259    3.10640103    3.00005241    4.15992832    3.49323996    4.12006585    2.82805882    4.26931414    3.47380585    3.19072793    2.90536797
T1SG_MYCPN/114-279     3.95324190    3.82629852    1.96643631    1.91999372    2.43608055    2.64227998    0.50107290    0.00000000    3.18386260    3.02929289    3.14646685    3.24414908    3.38768651    3.28013396    2.53568035    2.68972366    3.08021781    2.63337258    2.96440773    3.68849711    2.99408298    3.39767509    3.21014448    3.14487258    3.30893533    4.20886351    3.40306232    4.19689436    2.90157751    3.96693143    3.53718078
Q1WR64_LACS1/216-380     4.07592861    3.66540023    3.75435466    3.58254054    3.72581394    3.56252844    3.70584494    3.18386260    0.00000000    2.98908309    2.26018113    2.93979962    2.95346250    3.86485564    3.55075263    3.53269875    3.83527642    4.27605515    3.95140769    4.97292228    5.29223042    4.71871571    4.89487696    4.72956233    4.16327526    4.94052348    4.23370248    4.65881508    4.22799621    4.86523357    4.94964645
Q88AU8_PSESM/13-174     4.90514558    4.14468019    4.04886292    3.62358482    3.57885808    3.00024473    3.13369241    3.02929289    2.98908309    0.00000000    1.96136577    3.34562193    4.15181429    4.05594943    4.25284842    3.76291160    4.27405509    5.66972038    3.84902153    4.81337212    5.03096931    4.93406520    4.41952574    5.19455705    3.84927267    4.59465446    5.05477200    5.05410738    4.03079037    5.64069529    3.99779249
Q88AU8_PSESM/192-354     5.06130249    4.77495847    4.43485550    4.28096367    3.89862530    4.29332565    3.66756790    3.14646685    2.26018113    1.96136577    0.00000000    3.20863580    4.05476859    4.19727800    4.44721554    4.08723947    5.63780354    4.38745372    5.26588837    5.76298943    5.97235887    5.48237903    5.91743023    5.90073635    5.18953099    7.53291301    5.33537506    4.52272041    5.20069220    4.68567074    5.33050641
Q1WR64_LACS1/1-159     4.42877882    4.25835469    3.71560530    4.09310064    4.09095173    4.37827044    3.58681293    3.24414908    2.93979962    3.34562193    3.20863580    0.00000000    2.99808281    3.92698185    3.36888021    3.31439345    4.33756122    3.55741428    3.96677929    3.94401291    3.50231131    3.53296982    4.24165758    3.82575964    4.51192553    4.47215528    3.66621358    4.49456584    4.10178931    5.49120226    4.22233704
O26006_HELPY/204-368     4.31734607    4.39256780    4.94324226    4.46542151    4.44463781    4.11563994    3.43817797    3.38768651    2.95346250    4.15181429    4.05476859    2.99808281    0.00000000    4.41284090    4.20500041    4.13157429    5.41341568    5.79151120    4.06146557    5.57411861    4.98564600    4.64182446    4.90909802    5.69395832    4.14331045    4.41938000    4.01090963    6.60639749    4.23756295    5.23546980    5.05490280
T1SH_HAEIN/1-179     3.72932601    3.94803669    3.60310252    3.09568105    2.93966978    3.44181410    3.73788966    3.28013396    3.86485564    4.05594943    4.19727800    3.92698185    4.41284090    0.00000000    3.17781553    3.47459036    3.42873385    4.03511645    3.71962199    3.35965175    3.66724376    3.72391221    3.63144410    3.36034304    3.06189864    3.48458085    3.41573427    4.41952130    3.22464350    3.58583490    3.36935788
T1SA_MYCPN/147-310     3.53491352    3.90054664    2.24803395    2.53250298    3.87737740    3.07565483    2.57563979    2.53568035    3.55075263    4.25284842    4.44721554    3.36888021    4.20500041    3.17781553    0.00000000    0.34930701    2.82121105    3.19113339    3.91250205    3.29961223    3.42287305    3.51992923    3.63103362    3.73039432    3.61333363    3.58870971    2.73328872    4.00315112    3.19091891    4.11878046    3.16055375
T1SB_MYCPN/179-342     3.87515932    3.65766987    3.00038874    3.27995131    3.78673701    3.36576262    2.72952436    2.68972366    3.53269875    3.76291160    4.08723947    3.31439345    4.13157429    3.47459036    0.34930701    0.00000000    3.07682812    2.79320629    4.00522201    3.41657410    3.53500625    3.87145824    3.53602562    3.43496052    3.96372901    4.00279041    2.98179955    4.30001137    3.05109868    3.96738961    3.18450252
T1SI_HAEIN/195-369     2.82513083    3.30732679    2.66775171    2.22368815    2.79038858    2.22119527    2.88931120    3.08021781    3.83527642    4.27405509    5.63780354    4.33756122    5.41341568    3.42873385    2.82121105    3.07682812    0.00000000    2.78360102    3.22755016    2.65746406    3.03437748    3.03269279    2.78193640    3.86923143    2.85377222    3.25375858    3.36632070    4.08969968    2.95067316    3.46650290    2.70486527
Y1531_METJA/22-203     3.77741734    3.22388876    2.83676147    2.50691993    2.60141750    3.54657576    2.73716906    2.63337258    4.27605515    5.66972038    4.38745372    3.55741428    5.79151120    4.03511645    3.19113339    2.79320629    2.78360102    0.00000000    4.10195209    2.81018578    2.34354568    2.88844122    3.09914197    3.25033689    3.34099052    3.92150990    2.41143496    4.28746990    2.47575402    3.01826196    2.34338548
T1SX_MYCPN/10-171     3.18008966    3.74899131    2.57823811    3.29331417    3.32542497    3.11042679    3.14686648    2.96440773    3.95140769    3.84902153    5.26588837    3.96677929    4.06146557    3.71962199    3.91250205    4.00522201    3.22755016    4.10195209    0.00000000    3.56463088    2.64442635    2.46527440    2.69450186    3.63025036    3.15543904    2.98697618    3.14945736    5.06484107    3.03701882    3.14474244    2.82506381
O25479_HELPY/13-194     3.21409433    2.99628652    2.43660102    1.92687988    2.97196842    2.34831923    3.46144706    3.68849711    4.97292228    4.81337212    5.76298943    3.94401291    5.57411861    3.35965175    3.29961223    3.41657410    2.65746406    2.81018578    3.56463088    0.00000000    1.95104338    2.48103356    2.49360797    3.88358994    2.88007642    3.92921184    3.04934249    3.43964695    3.01264118    3.24825828    2.22992308
T1S1_METJA/225-407     3.04008670    2.82848393    2.72206457    3.04450517    2.31387516    2.92935557    2.76679259    2.99408298    5.29223042    5.03096931    5.97235887    3.50231131    4.98564600    3.66724376    3.42287305    3.53500625    3.03437748    2.34354568    2.64442635    1.95104338    0.00000000    0.75510710    1.13504994    1.93098569    2.70928108    2.81505133    2.07402528    3.05737563    2.36550628    1.97998038    1.24889398
O27024_METTH/15-193     3.45524417    2.38073025    2.83603591    3.14865524    2.27653478    2.90677545    3.10640103    3.39767509    4.71871571    4.93406520    5.48237903    3.53296982    4.64182446    3.72391221    3.51992923    3.87145824    3.03269279    2.88844122    2.46527440    2.48103356    0.75510710    0.00000000    1.23436506    2.13528847    3.04842289    2.96657485    2.60671349    3.53974593    2.99924311    2.52278190    1.72031581
T1SH_METJA/22-201     3.49655665    2.11127348    3.03013189    2.72468447    2.58551755    3.05549008    3.00005241    3.21014448    4.89487696    4.41952574    5.91743023    4.24165758    4.90909802    3.63144410    3.63103362    3.53602562    2.78193640    3.09914197    2.69450186    2.49360797    1.13504994    1.23436506    0.00000000    1.42667289    2.68945325    3.43804712    2.85218022    4.09329293    2.64244206    2.66393848    1.66462573
O25209_HELPY/1-179     4.10885632    2.39122091    4.24724523    4.07098799    3.22963746    3.71428997    4.15992832    3.14487258    4.72956233    5.19455705    5.90073635    3.82575964    5.69395832    3.36034304    3.73039432    3.43496052    3.86923143    3.25033689    3.63025036    3.88358994    1.93098569    2.13528847    1.42667289    0.00000000    2.71334156    4.40568805    3.21581649    4.23713368    3.26557229    3.98601873    2.20291436
Q1GA73_LACDA/197-372     2.79086760    2.99161249    2.87322370    2.56880066    3.08184205    3.10165186    3.49323996    3.30893533    4.16327526    3.84927267    5.18953099    4.51192553    4.14331045    3.06189864    3.61333363    3.96372901    2.85377222    3.34099052    3.15543904    2.88007642    2.70928108    3.04842289    2.68945325    2.71334156    0.00000000    1.63889796    2.70987588    3.92641320    3.01048231    2.39514312    2.09651661
Q9CHS0_LACLA/229-396     3.75811213    3.54604181    3.41033650    3.44048525    3.16718928    3.21769387    4.12006585    4.20886351    4.94052348    4.59465446    7.53291301    4.47215528    4.41938000    3.48458085    3.58870971    4.00279041    3.25375858    3.92150990    2.98697618    3.92921184    2.81505133    2.96657485    3.43804712    4.40568805    1.63889796    0.00000000    2.49205282    4.00689983    2.89503804    2.58599996    2.74736879
O28563_ARCFU/140-319     3.48452415    3.39422576    2.62264548    2.49983526    2.41528701    2.84023461    2.82805882    3.40306232    4.23370248    5.05477200    5.33537506    3.66621358    4.01090963    3.41573427    2.73328872    2.98179955    3.36632070    2.41143496    3.14945736    3.04934249    2.07402528    2.60671349    2.85218022    3.21581649    2.70987588    2.49205282    0.00000000    3.43775616    2.31982259    2.22412085    1.96442553
T1S_SALTY/7-187     5.61985971    4.36284680    4.00289132    3.41767794    3.70060924    3.45585496    4.26931414    4.19689436    4.65881508    5.05410738    4.52272041    4.49456584    6.60639749    4.41952130    4.00315112    4.30001137    4.08969968    4.28746990    5.06484107    3.43964695    3.05737563    3.53974593    4.09329293    4.23713368    3.92641320    4.00689983    3.43775616    0.00000000    2.77174323    4.39396929    3.09480637
Y1218_METJA/22-191     3.83269902    3.70846513    2.82442167    2.92362686    2.39597671    3.66676979    3.47380585    2.90157751    4.22799621    4.03079037    5.20069220    4.10178931    4.23756295    3.22464350    3.19091891    3.05109868    2.95067316    2.47575402    3.03701882    3.01264118    2.36550628    2.99924311    2.64244206    3.26557229    3.01048231    2.89503804    2.31982259    2.77174323    0.00000000    2.55157344    2.25219491
Y1218_METJA/220-404     3.64931548    3.46434379    3.71702052    3.15093361    2.76075428    3.34232724    3.19072793    3.96693143    4.86523357    5.64069529    4.68567074    5.49120226    5.23546980    3.58583490    4.11878046    3.96738961    3.46650290    3.01826196    3.14474244    3.24825828    1.97998038    2.52278190    2.66393848    3.98601873    2.39514312    2.58599996    2.22412085    4.39396929    2.55157344    0.00000000    1.78093187
T1S1_METJA/17-197     2.85255766    2.43267213    2.94329115    2.73619892    2.28791739    2.70556836    2.90536797    3.53718078    4.94964645    3.99779249    5.33050641    4.22233704    5.05490280    3.36935788    3.16055375    3.18450252    2.70486527    2.34338548    2.82506381    2.22992308    1.24889398    1.72031581    1.66462573    2.20291436    2.09651661    2.74736879    1.96442553    3.09480637    2.25219491    1.78093187    0.00000000

