10
COAE_SYNY3/9-189     0.00000000    1.51129314    1.28082736    1.50030391    1.33963135    1.57036219    1.65912432    1.44938835    1.25724242    1.26881186
COAE_MYCLE/2-180     1.51129314    0.00000000    1.68284349    1.61388636    1.37095103    1.64860073    2.04777311    1.53175512    1.55414362    1.57245869
COAE_HAEIN/3-181     1.28082736    1.68284349    0.00000000    0.97359100    0.75443865    1.11848510    1.41363391    1.78905874    1.33697337    1.54368121
COAE_PSEPK/9-185     1.50030391    1.61388636    0.97359100    0.00000000    0.81276415    1.44991384    1.31434879    1.55897967    1.56753255    1.50736846
COAE_ECOLI/3-180     1.33963135    1.37095103    0.75443865    0.81276415    0.00000000    1.12506600    1.33695410    1.61024191    1.37835546    1.43371165
A5EXN3_DICNV/1-178     1.57036219    1.64860073    1.11848510    1.44991384    1.12506600    0.00000000    1.55166204    2.07535745    1.49177636    1.42718438
COAE_NEIG1/4-182     1.65912432    2.04777311    1.41363391    1.31434879    1.33695410    1.55166204    0.00000000    1.66554433    2.00989852    1.70066652
COAE_THET8/9-181     1.44938835    1.53175512    1.78905874    1.55897967    1.61024191    2.07535745    1.66554433    0.00000000    1.43585843    1.37022830
CAB5_YEAST/2-188     1.25724242    1.55414362    1.33697337    1.56753255    1.37835546    1.49177636    2.00989852    1.43585843    0.00000000    1.01345402
YNP5_CAEEL/12-195     1.26881186    1.57245869    1.54368121    1.50736846    1.43371165    1.42718438    1.70066652    1.37022830    1.01345402    0.00000000

