11
DNLJ_AQUAE/30-348     0.00000000    1.35131283    0.88113794    1.05795941    1.22965071    1.42067418    1.13250967    1.16267676    1.20066109    1.55139786    1.13826757
DNLJ_BORBU/3-309     1.35131283    0.00000000    1.34151138    1.59475144    1.54636687    1.66599132    1.30679698    1.32600050    1.44596483    1.85504785    1.60170308
DNLJ_BACSU/4-314     0.88113794    1.34151138    0.00000000    0.94764353    1.14206077    1.11516335    0.92412894    0.84248486    1.12244819    1.28219601    0.94651767
DNLJ_THET8/5-322     1.05795941    1.59475144    0.94764353    0.00000000    1.10295347    1.22936863    1.07646110    1.00134636    1.30767926    1.51236404    1.11005907
DNLJ_MYCLE/11-328     1.22965071    1.54636687    1.14206077    1.10295347    0.00000000    1.23848399    1.11926360    1.09682880    1.30491997    1.47703764    1.27288358
DNLJ_ZYMMO/29-346     1.42067418    1.66599132    1.11516335    1.22936863    1.23848399    0.00000000    1.05679236    1.02748429    1.27361621    1.49788475    1.44514029
DNLJ_HAEIN/2-319     1.13250967    1.30679698    0.92412894    1.07646110    1.11926360    1.05679236    0.00000000    0.56221179    1.16888079    1.33979635    1.02703344
DNLJ_ECOLI/2-318     1.16267676    1.32600050    0.84248486    1.00134636    1.09682880    1.02748429    0.56221179    0.00000000    1.12396430    1.44360205    1.00652932
DNLJ_MYCPN/1-307     1.20066109    1.44596483    1.12244819    1.30767926    1.30491997    1.27361621    1.16888079    1.12396430    0.00000000    1.37490496    1.17072881
DNLJ_HELPY/2-310     1.55139786    1.85504785    1.28219601    1.51236404    1.47703764    1.49788475    1.33979635    1.44360205    1.37490496    0.00000000    1.30126499
DNLJ_SYNY3/1-317     1.13826757    1.60170308    0.94651767    1.11005907    1.27288358    1.44514029    1.02703344    1.00652932    1.17072881    1.30126499    0.00000000

