13
Q7N5Q2_PHOLL/3-84     0.00000000    0.83126582    0.77908189    1.19378511    0.78562124    1.66878966    1.26980672    1.35152408    0.80841689    0.84619648    0.89978697    0.89312526    0.86672471
A0A380PFS2_YERPE/3-84     0.83126582    0.00000000    0.69638390    0.99207539    0.72339787    1.39865742    1.05423359    0.92721157    0.81694440    0.86352648    1.10703762    0.86329369    0.83624261
Q87UR3_PSESM/3-89     0.77908189    0.69638390    0.00000000    1.18190812    1.22133373    1.35722222    0.94319366    1.32953521    0.94824137    1.06137106    1.08063689    1.10175861    0.83719300
H2IYJ9_RAHAC/3-83     1.19378511    0.99207539    1.18190812    0.00000000    1.09150783    1.30504947    1.15996949    1.24940873    1.45156349    1.19502083    1.45212933    1.25487466    1.16755469
D3VBU0_XENNA/2-83     0.78562124    0.72339787    1.22133373    1.09150783    0.00000000    1.24189950    1.05205893    1.21263399    0.94254978    0.87387315    0.87007772    0.79784182    0.84939856
A8AJ95_CITK8/7-91     1.66878966    1.39865742    1.35722222    1.30504947    1.24189950    0.00000000    0.84972115    1.73481245    1.51675559    1.36731945    1.37734988    1.65484136    1.17831373
A8AJ97_CITK8/4-90     1.26980672    1.05423359    0.94319366    1.15996949    1.05205893    0.84972115    0.00000000    1.67566857    1.48159769    1.14070609    1.73468451    1.38125853    0.92828880
Q88NA7_PSEPK/3-85     1.35152408    0.92721157    1.32953521    1.24940873    1.21263399    1.73481245    1.67566857    0.00000000    1.15956067    1.16014375    1.07001928    0.99817637    1.33125672
H2IPE3_RAHAC/3-83     0.80841689    0.81694440    0.94824137    1.45156349    0.94254978    1.51675559    1.48159769    1.15956067    0.00000000    0.68786207    0.77339397    0.93773807    0.82105146
IMM2_PSEAE/1-85     0.84619648    0.86352648    1.06137106    1.19502083    0.87387315    1.36731945    1.14070609    1.16014375    0.68786207    0.00000000    0.92634394    0.84750435    1.14546068
A6TIJ8_KLEP7/4-83     0.89978697    1.10703762    1.08063689    1.45212933    0.87007772    1.37734988    1.73468451    1.07001928    0.77339397    0.92634394    0.00000000    0.94578089    1.08157779
Q7N858_PHOLL/1-82     0.89312526    0.86329369    1.10175861    1.25487466    0.79784182    1.65484136    1.38125853    0.99817637    0.93773807    0.84750435    0.94578089    0.00000000    0.75744272
Q7N855_PHOLL/3-84     0.86672471    0.83624261    0.83719300    1.16755469    0.84939856    1.17831373    0.92828880    1.33125672    0.82105146    1.14546068    1.08157779    0.75744272    0.00000000

