94
A0A133N5Q2_ENTFC/1-113     0.00000000    1.08128558    1.07637672    0.99769150    1.19297032    1.50504627    1.60739454    1.61645449    1.62709262    1.79870529    1.45329685    1.18108014    1.32059490    1.25785525    1.30312379    1.31337829    2.69462989    2.78033304    1.89837484    2.05614999    2.05550931    1.92530305    1.76392790    2.11644122    2.04047174    1.70917998    1.65585793    1.83926540    1.77394661    2.08519557    1.73785483    1.75792308    1.99243891    2.26608111    1.97099995    2.04337644    1.88790725    2.14753337    1.82735847    2.02226481    1.72166191    1.60223731    1.89467602    2.18121180    1.75103736    1.92561461    1.74244770    2.30598584    2.03935933    2.58870505    2.04224396    1.93080252    2.01816890    1.92558422    1.82527510    1.94372523    2.56443147    2.51362561    2.49917302    2.27561385    2.41220043    3.10053535    3.97225425    3.43454394    2.68363518    3.19833825    3.11970139    3.22123331    3.62249011    3.09020365    3.01757782    3.24990750    3.33703778    3.10656709    4.23332274    3.67719050    3.56443172    3.56025620    3.99314074    3.49965309    3.44664775    3.70141815    4.31790246    3.84952802    3.95067623    3.40064757    3.37947964    3.39772437    3.29297052    3.65042936    1.25147561    1.89974030    2.02011253    2.09506939
Q38ZP8_LACSS/1-113     1.08128558    0.00000000    0.93963574    1.13082864    1.29961829    1.49453366    1.59467059    1.72371604    1.60739343    1.56937049    1.63801327    1.46571926    1.34802497    1.52116543    1.65057579    1.26352074    2.09199295    2.19979655    2.43876825    2.46165818    2.43913856    2.44790208    1.87845067    2.05375420    2.15494924    1.68346440    1.94547817    2.24643570    2.11702993    2.43357248    2.44350989    2.28733701    2.39180800    2.57234664    2.21100381    2.56004155    2.23349471    1.84564186    2.00351673    2.03361654    1.99689890    1.81972241    1.86862311    1.94823545    1.69960574    1.92629776    2.28332663    2.80879364    2.65963273    2.84514724    2.14864798    2.18064814    2.82445671    2.33185698    2.86647664    2.85094965    2.74524050    2.64090712    2.83545003    3.20026195    2.30945308    4.38169036    4.57077181    4.17178976    2.88011212    3.83487537    3.47763929    3.76383958    3.43235781    3.47166333    3.05687618    3.36903449    3.59685647    3.42389580    3.90862840    4.41776913    3.43117279    3.85286297    4.21122554    4.04321518    3.55961620    4.02580795    4.07130432    3.61486900    4.04662510    3.67387992    4.14741774    3.81393733    3.32108035    3.03963540    1.52672961    1.73657425    1.78913547    2.48082262
C9A0Z9_ENTGE/2-114     1.07637672    0.93963574    0.00000000    1.47927931    1.28848211    1.49412473    1.83790019    1.70437008    1.61647619    1.60956121    1.53273621    1.59572188    1.65207136    1.41220943    1.52660566    1.53005274    2.29121650    2.44139517    1.99217856    2.31810631    1.93676523    1.88090379    1.87757519    2.10386916    2.37084221    2.04190780    1.75054663    2.51576185    2.16558688    2.11071071    2.19925577    2.24094636    2.39408802    2.02813403    2.48695208    2.36049897    2.26385582    1.98539910    2.00511869    1.99829145    2.03644442    1.87620150    1.84988173    2.10093912    1.95341103    1.73803962    2.24110412    2.34712011    2.43637992    2.98204978    2.22441365    2.57073629    2.50207273    2.41675437    2.85191865    2.59036550    2.97048491    2.98292806    2.34693510    2.94480783    2.49859069    4.37941131    4.45143002    3.75332454    2.93562450    3.44286342    3.34422352    3.36638147    3.01045688    3.33746960    3.22632693    3.22801782    3.11006023    3.51926109    4.08955947    3.94052630    3.44480042    4.26763858    4.07939538    3.42624658    3.29581820    3.95461473    4.31657932    4.25453494    3.97243563    3.59249429    3.65657280    3.05199877    3.27196906    3.22092841    1.42335848    1.60033512    1.84771798    2.04583888
Q1WRG6_LACS1/1-116     0.99769150    1.13082864    1.47927931    0.00000000    1.00566970    1.48408652    1.50849025    1.57630736    1.84952516    1.88336044    1.66551014    1.02086208    1.32813449    1.11752278    1.28121404    1.37910376    2.50450891    2.28895258    1.94668767    2.30462001    2.18919345    2.08220069    1.94001719    2.24627900    2.02431132    1.88335994    1.97431497    1.95323187    1.97574989    1.93784351    2.10173588    2.03145921    2.06368792    2.37894538    1.97701760    2.25024757    2.07624913    2.14524452    2.15739830    2.09986199    2.04571084    2.08311398    1.94820888    1.75535326    1.89545496    2.07680880    1.94768415    2.96093412    2.93249453    2.12749754    2.30897121    2.19523415    2.08743132    2.18709604    2.45860595    1.99932376    2.81039089    2.56160554    2.79105097    2.29505926    2.61352909    3.11956771    3.57815642    3.59004816    2.95767072    3.31049031    3.26297254    3.24552911    3.39479272    2.56581240    2.76007042    3.50155397    3.41174040    3.08275740    3.73822252    3.75385364    3.55487837    3.50332674    4.08012114    3.30562478    3.65060715    4.10144434    3.63415676    3.59301134    3.70139418    2.96431366    3.07131078    3.19657090    3.47873848    3.81433707    1.73781944    2.19496226    2.32872176    1.73966738
C0XGG4_LACHI/10-120     1.19297032    1.29961829    1.28848211    1.00566970    0.00000000    1.27441811    1.54858465    1.56222621    1.91952498    1.59454287    1.66104353    1.45236775    1.39673808    1.36291875    1.36393992    1.26480954    2.34077114    1.99980836    1.86825875    2.19986321    2.33474326    1.76858312    1.46385533    2.00036047    2.23025570    1.92913272    1.91709890    1.86083700    1.85699328    2.02306558    1.79875631    1.68697012    1.71125428    1.86179902    1.69616140    1.60299614    1.88371492    1.88744941    1.68628907    2.05510648    1.94675626    1.65873126    1.65174838    1.67224209    1.64230002    1.65272488    1.71621287    2.33525377    2.23281861    2.10949583    2.40163327    2.54469154    2.14539898    2.28070894    2.10171720    2.00938406    2.22647870    2.64927504    2.60353503    2.16152352    2.21319370    3.37347612    4.26528054    3.67373428    3.38604408    3.91038466    3.37787970    3.64574126    3.00443764    2.94398538    3.09242874    3.46032697    3.60123726    3.24415049    4.08364367    3.99130054    3.68303872    3.44737548    4.17637145    3.14175300    3.74234071    4.44724642    3.64379677    3.56661867    3.82061315    3.04002848    3.05883319    3.02654264    3.30246756    4.46941473    1.29775355    2.13657544    2.43185433    2.18849204
Q03S06_LACBA/1-112     1.50504627    1.49453366    1.49412473    1.48408652    1.27441811    0.00000000    1.08140985    1.10893266    1.55539034    1.51280534    1.48023824    1.40560843    1.37402526    1.57909585    1.48456421    1.44758596    2.31266854    2.80112226    2.35879564    2.95690561    2.73054858    2.38419416    1.92407005    2.50217257    2.59910710    2.16983660    2.12217313    2.28212073    2.02175011    2.80535993    2.23981020    2.35697631    2.48647387    2.19185735    2.57626036    2.77344466    2.28268178    2.58642785    2.11278488    2.24969973    2.19044368    1.84598834    2.34098021    2.42488095    2.15922729    2.47374249    1.92954862    2.43342857    2.66129025    3.14953201    2.88816245    2.76340059    2.66527501    2.61308690    2.97463127    2.71265666    3.33901000    2.85419552    2.63630699    2.54855087    3.11574842    3.68545215    5.86372057    4.74418689    3.36366297    3.91562608    3.40985929    4.16755072    3.89673592    3.70668624    4.02878794    3.86821895    3.62245278    3.67375099    4.82151271    3.87535241    3.42997988    5.33622912    5.39361200    4.07779083    4.56501526    5.20579685    5.14861711    5.72344366    4.63739509    4.60607774    4.75424730    3.92720998    3.60896495    4.77925964    1.69841170    1.70217916    1.82470990    2.36892878
C9AM41_ENTFC/1-113     1.60739454    1.59467059    1.83790019    1.50849025    1.54858465    1.08140985    0.00000000    0.64672531    1.91830394    1.66529152    1.63712615    1.56454756    1.52082401    1.59117189    1.46206367    1.58991949    1.91917102    2.40584200    2.17134875    2.08001599    2.27811141    2.21884449    1.94984234    2.08280612    2.33353925    2.17902031    2.42967631    2.30227913    2.33391337    2.73636734    2.21407867    2.45128803    2.63918583    2.71168956    2.13528529    2.29919226    2.68988595    2.80378805    2.58479177    2.51964093    2.69786398    2.43040433    2.42007704    2.89932222    2.53493265    2.43179906    2.15839004    2.88838785    2.76763156    3.81962461    2.89330144    3.26139553    2.41259834    2.58074575    2.36672647    2.78216633    3.34979042    2.34612935    2.65590833    2.86092234    3.09167265    4.28423739    4.69823005    4.30416738    3.02602930    3.87916843    3.27579396    4.02904381    3.32462742    3.00448690    2.86204503    3.16015930    3.38713757    3.07774105    3.80744904    3.79999292    3.42759081    3.61132262    4.16018665    3.24741320    3.58653949    5.00229274    3.95044246    4.04191493    4.11121291    3.02512542    3.41799851    3.22261133    3.09030673    4.46781785    1.65777860    2.06969289    2.14564066    2.15805515
A0A0C9PSI9_LACPA/1-113     1.61645449    1.72371604    1.70437008    1.57630736    1.56222621    1.10893266    0.64672531    0.00000000    1.92530738    1.63373705    1.79789460    1.48325669    1.71687419    1.58351353    1.37709013    1.87163746    2.30311402    2.74296236    1.52692116    1.69857925    1.78031397    1.63878321    1.83974510    1.93818043    2.40075965    2.09199169    2.19193302    2.24013822    2.34237976    2.81496398    2.10352932    2.26104007    2.52926143    2.75248191    2.47035635    2.61508695    2.42261329    2.68683406    2.67141264    2.53383208    2.27789451    2.70791427    2.28373627    2.67904625    2.50430214    2.22344001    2.06795785    2.37693596    2.69695101    3.50604633    2.64225489    3.14802193    2.35627646    2.45073657    2.46596581    2.85319895    3.05998437    2.64949697    2.66113754    2.85459806    3.00954506    4.61192970    4.40929172    3.66400646    2.60478918    3.46481536    3.20805574    3.55569397    3.12938780    2.63655762    2.31635750    3.20217767    2.94918768    2.72584447    3.25485782    3.98837976    3.84048071    4.03317516    3.59694234    3.17028229    2.96826351    3.87087786    4.03138841    4.26413970    4.16068688    3.45055447    3.28047363    3.07660151    3.06615165    3.65806226    1.38883920    1.81271731    1.98137186    2.21074585
E6LDW4_ENTI1/1-117     1.62709262    1.60739343    1.61647619    1.84952516    1.91952498    1.55539034    1.91830394    1.92530738    0.00000000    1.33941978    1.14260180    2.01322767    1.97123472    1.79446177    1.89144010    2.00919656    3.02385098    2.74809593    2.28921744    2.83617625    2.22429603    2.07352886    2.38080344    2.76185567    2.08712635    2.04082935    2.04706390    2.46242548    1.88067997    2.62143190    2.70402860    2.48342178    2.53039905    2.49395238    2.65279933    3.06616669    2.37440027    2.40585608    2.29506075    2.33539167    2.57739675    2.29442717    2.41742323    3.03592747    2.63768163    2.39356602    2.02232126    3.17810992    3.01695244    2.60401266    2.41015782    2.10220460    2.50054760    2.27242038    2.02496145    2.68664438    3.04250943    2.57454682    2.50706966    2.97272982    3.54695088    3.66894945    4.66804493    4.82388951    3.26016809    3.57424671    3.59537330    3.67160592    3.24600116    3.45655703    3.18056763    3.45169258    3.63905570    3.59604416    4.27079688    4.31192022    4.82770447    5.28321928    4.94606956    4.32930635    4.16093376    4.77915157    4.47759196    4.70142893    4.56611339    3.97058671    4.43443499    4.08146261    3.59516203    4.57398727    1.57659453    2.25372747    2.27621043    2.23386395
C9A9L4_ENTCA/1-117     1.79870529    1.56937049    1.60956121    1.88336044    1.59454287    1.51280534    1.66529152    1.63373705    1.33941978    0.00000000    0.43175529    1.81349269    1.80605961    1.64232522    1.78323189    1.49419526    2.96439692    2.58253055    2.48945072    2.68820185    2.68845304    2.91579212    2.05461652    2.82406403    2.66172254    2.15693309    2.22565320    2.54587382    2.26161695    2.85518451    3.05540671    2.96921758    3.30035955    2.73417195    3.28956687    3.37129028    2.82039344    2.63779312    2.59313060    2.52412424    2.55354205    2.56745544    2.27201367    2.90026839    2.37308576    2.21329912    2.52834415    2.71158866    2.70159685    3.35054968    3.40954631    2.94121291    2.90476396    2.85801249    2.41896722    2.75077784    3.71275967    2.57517743    2.71372051    3.06745895    3.12879806    4.86097916    4.90650786    4.18638791    3.42563641    4.05269137    3.67362380    4.13197594    3.19499336    3.52703715    2.80917006    3.43376153    3.05634649    3.20316458    4.29139194    4.67421653    4.07250935    4.68672323    4.76449729    3.73419691    3.87631702    4.24121310    4.21752573    4.16670802    4.21513292    3.73011290    4.02391153    3.76411250    3.84133000    3.59120934    1.56821712    1.95871801    2.16517535    2.24912670
T0VI96_9ENTE/1-119     1.45329685    1.63801327    1.53273621    1.66551014    1.66104353    1.48023824    1.63712615    1.79789460    1.14260180    0.43175529    0.00000000    1.95010494    1.85129144    1.63800362    1.87292408    1.54098219    2.99532234    2.50309383    2.20682637    2.42153302    2.18397634    2.09032278    2.16003444    2.43863275    2.32702500    2.11429486    2.26292942    2.50518163    2.18701547    2.46024556    3.19194200    3.08926770    3.15901748    2.85813293    3.08336699    3.28803074    2.86030516    2.55778715    2.43064032    2.56461344    2.39995801    2.65263362    2.31515169    2.45567278    2.49617231    2.34807371    2.33207454    2.53983919    2.59855166    3.28387534    3.26869119    2.99728024    2.69612609    2.60455868    2.30207360    2.39074781    3.68050899    2.47145510    2.62106469    2.76538514    3.46311820    4.75527152    4.21499201    3.93549992    3.44657215    3.98070972    3.63595615    4.23765000    3.48819171    3.41254930    3.01075002    3.31925170    3.25926238    3.20017073    3.41690098    3.99549060    3.40990360    4.31813550    4.80478746    3.54619003    4.20573184    4.52866515    4.21936327    4.16071554    4.15347489    3.54967758    3.85499409    3.54215663    3.65489131    3.32307465    1.43230367    1.85880752    1.99435455    2.17895513
C7XU58_9LACO/1-113     1.18108014    1.46571926    1.59572188    1.02086208    1.45236775    1.40560843    1.56454756    1.48325669    2.01322767    1.81349269    1.95010494    0.00000000    0.63195333    0.69390796    0.63806696    0.85324712    2.33011313    2.85312936    1.74713250    2.39420798    1.75475292    1.96110021    1.67410052    1.80013761    1.86504811    1.66457134    1.69071302    2.40950275    2.11746532    2.32149057    1.79695418    1.63935105    1.81560296    2.62457597    2.02709125    2.32658211    2.33180518    2.47843847    2.45991662    2.44733557    2.44742084    2.09264844    2.18703193    2.44476548    2.15223355    2.16785304    2.04033060    2.82891244    2.72826296    2.82197748    1.84487654    2.12069200    2.11754019    2.38938054    2.05322170    2.10123449    2.47520061    2.19446301    2.94204207    2.23316914    3.12537861    4.49406082    3.77537744    3.87018776    2.87256279    2.85323894    2.43640494    2.69124298    3.24449089    2.37003580    2.83335590    4.29976649    3.77786577    2.66395157    3.72264450    4.06057569    3.63770141    3.76235910    3.62709605    3.36705200    3.91094777    4.11739646    4.12566336    4.15531404    3.63037282    3.06387982    3.18129241    2.65620867    3.44444372    3.64566925    1.23444881    2.16087342    2.16682711    1.87766543
D0DRA3_LIMFE/1-113     1.32059490    1.34802497    1.65207136    1.32813449    1.39673808    1.37402526    1.52082401    1.71687419    1.97123472    1.80605961    1.85129144    0.63195333    0.00000000    0.73041651    0.69536196    0.68488434    2.76906401    3.09862063    2.69866100    3.04097212    2.39293788    2.40695315    1.87505938    2.25891330    2.15091795    1.66856698    1.95646151    2.49427663    1.98374594    2.34793580    1.72825042    1.86989914    1.90006789    2.38274808    2.24166475    2.32907913    2.38104080    2.09624092    2.25440891    2.39832760    2.25098989    1.79430241    2.14393472    2.32120361    2.04436251    2.29481163    2.27619091    2.77540414    2.83412684    2.94406867    2.50089693    2.46005275    2.44528196    2.59406584    2.43976153    2.72032989    3.41949105    2.52031096    3.05257387    2.79709741    3.34371496    4.04104371    4.33244200    3.73410440    2.84273626    3.21771683    2.71030416    3.18874692    3.54478555    3.05692117    3.42021478    4.28870680    3.80823005    2.42949425    3.58211574    3.94800830    3.48107500    3.40747880    3.77128789    2.92915770    3.73636428    4.25318657    4.24200737    3.98148602    3.82281411    3.07218006    3.13276044    2.90537302    3.13862128    3.87987112    1.51002322    1.95821207    2.12136096    1.75763709
B3XQ96_LACR1/1-113     1.25785525    1.52116543    1.41220943    1.11752278    1.36291875    1.57909585    1.59117189    1.58351353    1.79446177    1.64232522    1.63800362    0.69390796    0.73041651    0.00000000    0.52776485    0.68805358    2.29184063    2.44562068    1.67602176    2.11763308    1.85724194    1.89091883    1.99172154    2.13370120    2.09173149    1.78537849    2.21654984    2.56718924    2.16206400    2.34966194    1.80836408    1.88072216    1.91128665    2.41798804    1.92608123    2.20402766    2.51844715    2.25701611    2.45964152    2.41841742    2.74886163    2.16595573    2.44606344    2.37876655    2.39610878    2.45898607    2.40404436    2.74259738    2.79184431    2.57385697    1.82924022    2.04839602    2.03762991    2.12762658    1.93551165    1.94187016    2.75652485    2.31171491    2.73944998    2.35396518    2.51279322    3.29191679    4.26576594    4.01453870    2.61054865    3.27560730    2.78580301    2.92876669    3.29172298    2.79993520    3.15333955    4.16776548    3.88415429    3.02339894    4.03833882    4.11013266    3.92305430    4.03082069    4.48923209    4.12778244    4.17327260    4.54629082    3.92383869    3.47730078    4.29694343    3.36684950    3.35700772    3.34465153    3.29108507    3.74538255    1.35767554    2.23609264    2.21072677    1.87058638
C8P8L7_9LACO/1-113     1.30312379    1.65057579    1.52660566    1.28121404    1.36393992    1.48456421    1.46206367    1.37709013    1.89144010    1.78323189    1.87292408    0.63806696    0.69536196    0.52776485    0.00000000    0.62585085    2.47171796    2.77083737    1.73178202    2.64244077    1.97535085    1.83391474    1.98194759    2.36679170    2.26166911    1.78458651    2.22637438    2.79017299    2.42728001    2.67529724    1.93169231    1.94835848    2.10918661    2.80156357    2.49690626    2.61044982    2.71424260    2.38363970    2.22944626    2.45197008    2.51395892    2.15453541    2.27862387    2.75955025    2.27880081    2.37969098    2.32729803    2.71046081    2.68282673    2.64474865    2.30744502    2.42268022    2.42369399    2.43209416    2.07101499    2.41938603    2.83421708    2.41035891    2.74071147    2.48106243    2.82501336    4.44742179    4.25629053    3.60761975    2.74198705    2.95469322    2.72174490    3.10721644    3.19214223    2.61959553    2.92407366    3.75091415    3.85382878    2.53714431    3.41515223    3.39324418    3.60026075    3.72436242    4.02785060    3.03079520    3.35689429    3.50372317    3.62075099    3.63338562    3.20739625    2.72586669    2.88701798    2.50593992    3.25688138    3.40830144    1.42605920    2.01713622    2.09475161    1.91220189
C2EVH8_9LACO/17-131     1.31337829    1.26352074    1.53005274    1.37910376    1.26480954    1.44758596    1.58991949    1.87163746    2.00919656    1.49419526    1.54098219    0.85324712    0.68488434    0.68805358    0.62585085    0.00000000    2.15306072    2.38586010    2.21394755    2.55963373    2.35467948    2.15818993    1.85246032    2.08872171    2.08399193    1.67247303    2.13778613    2.44003402    2.13268190    2.07593382    2.16760075    2.04584334    2.16977957    2.34408315    2.01169004    2.18513901    2.55245914    2.32748379    2.23180269    2.42809288    2.56167773    2.00225969    2.26534821    2.48109406    2.32758696    2.22605000    2.40113971    3.04133312    2.73783945    2.87781718    2.55812469    2.39667296    2.49106425    2.30764216    2.41944433    2.29004397    2.83835806    2.40761823    2.67647791    2.67914653    2.65498179    4.52530766    3.86084533    3.68010459    3.11711961    3.55299437    2.90997514    3.15596950    3.64997815    2.96896058    3.18517887    3.83573672    4.07784623    2.94116870    3.52308332    3.62593391    3.72140620    3.65539744    4.22289730    3.32400875    3.90752546    3.96234338    3.11640643    2.94411399    3.64228129    3.06723082    3.22044081    3.28584776    3.32028698    3.97152109    1.52574336    1.74401534    1.92547091    1.88658942
F2I6P5_AERUA/1-106     2.69462989    2.09199295    2.29121650    2.50450891    2.34077114    2.31266854    1.91917102    2.30311402    3.02385098    2.96439692    2.99532234    2.33011313    2.76906401    2.29184063    2.47171796    2.15306072    0.00000000    0.73065427    2.00216371    2.37462328    2.39386755    2.30234827    2.04772906    1.90981092    2.38354991    2.72533008    3.29235639    2.99092118    3.30023746    2.91390854    2.36720073    2.27902839    2.29740206    2.93013247    2.49367937    2.45526938    3.70508884    3.74152981    3.35796766    3.35124514    2.97497193    3.06383296    3.24922793    2.60035744    2.58704122    3.33994577    2.44997423    2.97793999    3.18738538    2.52232405    2.96936650    2.88634993    2.41709386    2.39018618    2.99682051    2.29286950    3.18770685    2.70058269    3.57875013    3.22425172    2.88248592    5.11577801    4.02087420    3.79153443    2.99505665    3.73633107    3.16569541    3.14384858    3.49751484    3.25592792    3.66152092    3.90205947    4.09182569    3.75560986    3.14980428    5.01355585    4.76913962    3.78717446    3.57450215    3.82349788    3.56621239    4.06424102    2.98202150    3.23435131    3.52248977    3.33788464    3.32869927    3.64257883    3.16277997    3.73735184    2.40258570    2.86065716    2.90542089    2.82639155
D4YIF2_9LACT/6-110     2.78033304    2.19979655    2.44139517    2.28895258    1.99980836    2.80112226    2.40584200    2.74296236    2.74809593    2.58253055    2.50309383    2.85312936    3.09862063    2.44562068    2.77083737    2.38586010    0.73065427    0.00000000    1.88441643    2.37269616    1.91026242    2.16257485    2.08585491    2.33164899    2.39410257    3.09190181    3.86600962    3.49406713    3.81640108    2.86562969    3.24615903    2.90133518    3.07891865    3.11651582    3.14591803    3.25309035    4.01360512    3.74182413    3.45655580    3.38337872    3.05602112    3.63879445    2.85932459    2.51650973    2.55789887    3.10254510    3.46420623    3.26250290    3.55201152    2.47261722    3.09098344    2.97682441    2.81455570    2.58863655    2.51100506    2.15564338    2.99754890    2.49145997    3.66246135    2.67137107    2.82673061    5.48722711    4.74483258    3.67911209    3.66321674    5.07945221    4.40883741    4.58751220    3.54484306    3.63539218    3.78611413    3.88963843    4.53357406    4.33188013    3.99458147    5.72142372    5.70228306    4.58696563    3.71789360    3.87753849    3.54854519    3.99776443    3.29613393    3.96655902    4.75911278    4.08656984    3.96443066    3.75297859    3.66679783    4.66232316    2.39686953    2.83738010    3.05756085    2.97151204
C4L536_EXISA/1-105     1.89837484    2.43876825    1.99217856    1.94668767    1.86825875    2.35879564    2.17134875    1.52692116    2.28921744    2.48945072    2.20682637    1.74713250    2.69866100    1.67602176    1.73178202    2.21394755    2.00216371    1.88441643    0.00000000    0.73122860    0.71522101    0.62354228    1.16822764    1.60119378    2.37995835    2.31270886    2.66019065    2.45169216    2.48070454    2.82159683    2.64098833    2.44988177    2.42617808    3.00814415    2.57856151    2.56245814    3.43311170    3.05626734    2.88850479    2.65112795    2.92116307    2.98457606    2.93905471    2.95593760    2.66231893    2.83498457    2.86087274    2.82732557    3.00761106    1.67342259    1.41815016    1.49130293    1.58817698    1.48202199    1.52678030    1.50604847    1.59661188    1.62003757    1.71252969    1.49934234    2.16724984    3.56705290    3.74458303    3.58538918    2.63010296    3.19055816    3.25075596    3.19149629    2.96826609    3.00532942    2.45240743    3.07870658    2.69119442    3.30416057    3.52299561    2.70530775    2.73366053    3.56090877    3.62466417    3.15448909    3.19156970    3.20433425    2.86898842    3.45740051    2.93890296    2.60108821    2.53531938    2.28327777    2.84088902    2.35113841    2.30970616    2.56947508    2.91809699    2.27765334
D7UXG6_LISGR/1-105     2.05614999    2.46165818    2.31810631    2.30462001    2.19986321    2.95690561    2.08001599    1.69857925    2.83617625    2.68820185    2.42153302    2.39420798    3.04097212    2.11763308    2.64244077    2.55963373    2.37462328    2.37269616    0.73122860    0.00000000    0.66694031    0.71779031    1.20035722    1.60648747    2.30729123    2.45683310    3.08641679    2.11598346    2.61038042    2.81867886    2.86968210    2.73908424    2.68522006    3.00491213    2.79241949    2.61453356    2.82698163    2.98481495    2.84507077    2.80470792    3.34257321    3.27620855    2.78850628    3.10233797    2.93296893    2.89177532    3.23892434    3.27207533    3.58500470    2.12339633    1.88581635    1.80265150    1.51957425    1.37127475    1.82449234    1.84839816    2.00257700    1.78218000    1.92955606    1.78014387    2.12599212    3.22808411    3.46859347    3.69896038    3.05365730    3.63735147    3.45592679    3.51712118    2.90945719    3.34531587    2.76334375    3.17193547    3.22488375    3.29635182    3.47017242    3.07815069    3.00021985    3.53585457    3.72104299    3.68792173    2.99645542    3.07874308    3.20483052    3.20990776    2.79042043    2.81136080    2.58109199    2.74686784    2.80473801    2.45021722    2.50992486    3.18712891    3.58104485    2.75279887
Q8Y8U3_LISMO/1-105     2.05550931    2.43913856    1.93676523    2.18919345    2.33474326    2.73054858    2.27811141    1.78031397    2.22429603    2.68845304    2.18397634    1.75475292    2.39293788    1.85724194    1.97535085    2.35467948    2.39386755    1.91026242    0.71522101    0.66694031    0.00000000    0.66311768    1.21029135    1.63131190    2.09089053    2.00331319    2.55713865    2.09984869    2.22625854    2.98187945    2.97665013    2.74661803    2.88420053    3.14695940    2.58801644    3.16381529    3.51050124    3.34545265    3.17342875    3.09948357    3.27698115    3.23589241    3.16310300    2.87479057    2.57299153    2.53702264    2.99086518    3.39421876    3.29473903    2.04030894    1.39396611    1.55305936    1.42070578    1.26594860    1.31997419    1.71986771    1.87774105    1.39485758    1.67391999    1.37463326    2.21870143    3.65568110    3.02046002    3.21261296    2.59520437    3.40952420    2.91464351    3.19782514    2.41733603    2.98221137    2.45390766    3.33438371    3.37180214    2.50976200    3.42045972    3.11970105    2.95278470    4.47057481    3.81609589    3.35730335    3.03011286    3.26923537    3.64726341    3.26529335    3.55601815    2.95174460    2.71050173    2.62927836    3.09870739    2.77624931    2.07629464    2.67105811    2.74217217    2.21395713
B1YM21_EXIS2/1-105     1.92530305    2.44790208    1.88090379    2.08220069    1.76858312    2.38419416    2.21884449    1.63878321    2.07352886    2.91579212    2.09032278    1.96110021    2.40695315    1.89091883    1.83391474    2.15818993    2.30234827    2.16257485    0.62354228    0.71779031    0.66311768    0.00000000    1.06186269    1.29673114    2.28954974    2.37616657    2.61998994    2.35134420    2.40425719    3.03476626    2.60114483    2.25185407    2.18010646    2.81991112    2.62864015    2.37340827    3.03197370    3.38369060    2.79962012    3.21989800    3.01746121    3.14445564    2.65372890    2.87424967    2.47738113    3.01248229    2.79432164    2.80778164    2.97533450    1.94008439    1.79152022    1.77471355    1.52376161    1.37533665    1.37324351    1.58878901    1.81865588    1.59083359    1.56328029    1.73060049    2.43704418    3.12937121    3.20300635    3.28512249    2.80697303    3.21977841    2.82238881    3.25197158    2.91332903    2.48278721    2.42580838    2.81243220    3.15265894    2.16290186    3.20549100    2.72592673    2.87194149    3.46718700    3.33670107    2.75991133    2.74154295    3.12477953    3.41767191    3.20120631    2.78213998    2.53152541    2.46910356    2.24092209    2.23327300    2.76662209    1.76073748    2.46907762    2.77259415    1.97318055
A8U5I6_9LACT/1-107     1.76392790    1.87845067    1.87757519    1.94001719    1.46385533    1.92407005    1.94984234    1.83974510    2.38080344    2.05461652    2.16003444    1.67410052    1.87505938    1.99172154    1.98194759    1.85246032    2.04772906    2.08585491    1.16822764    1.20035722    1.21029135    1.06186269    0.00000000    1.00539551    2.14872195    2.14840506    2.42286345    2.47286969    1.92490258    2.49129732    2.56465122    2.45888691    2.62861598    2.48842002    2.78787144    2.50918347    2.75510118    2.52378368    2.34129053    2.51574940    2.47269571    2.30453716    2.48113293    2.54160255    2.18446711    2.56006168    2.28476605    2.97624651    3.09367154    1.98179007    1.66796149    1.65067362    2.07685833    1.71982661    1.99786091    1.88921192    2.01000453    1.89509592    2.09271660    1.78910245    2.36002928    3.29887509    3.45207017    3.90929378    3.74689118    3.62487253    3.24938976    3.92858609    2.94527407    2.92542994    3.60696926    4.27921297    3.73411306    2.97272277    3.53480166    3.60349892    3.51733584    3.65322523    3.06365063    3.81823604    3.45585556    3.57854492    3.70368992    3.85312073    3.10078702    3.05608497    2.79866739    2.93148922    2.87967957    3.37580049    2.02471160    2.84987509    2.90073820    2.33436015
A8U5I7_9LACT/1-108     2.11644122    2.05375420    2.10386916    2.24627900    2.00036047    2.50217257    2.08280612    1.93818043    2.76185567    2.82406403    2.43863275    1.80013761    2.25891330    2.13370120    2.36679170    2.08872171    1.90981092    2.33164899    1.60119378    1.60648747    1.63131190    1.29673114    1.00539551    0.00000000    2.52820754    2.23337094    2.76704334    2.67828422    2.63642262    2.36814459    2.45265268    2.34614817    2.34329740    2.95705660    1.99302783    2.30612470    3.10331293    2.74748229    2.55408292    2.48647764    2.32202792    2.30148228    2.36514512    2.32849545    2.14499619    2.62601579    2.61117963    2.84564026    3.08707765    2.58367801    2.49835902    2.37686393    2.17490048    2.05332860    2.13047211    2.07348194    2.45863813    2.50092903    2.70810317    2.20385816    2.36554251    4.07639790    3.12377533    3.78596536    3.36458092    3.87554964    3.05455036    3.63119930    3.57025732    2.95105652    3.06160359    4.09310833    3.59203541    3.61463539    3.31836261    4.10762388    4.19722660    4.08796997    4.07105055    4.20614147    3.54069125    3.97362633    2.97545282    2.98322573    3.04075178    3.46261901    3.07401534    2.91741428    3.04364870    4.12153058    1.93245313    2.93330414    2.86129084    2.35769139
C8NFH3_9LACT/1-121     2.04047174    2.15494924    2.37084221    2.02431132    2.23025570    2.59910710    2.33353925    2.40075965    2.08712635    2.66172254    2.32702500    1.86504811    2.15091795    2.09173149    2.26166911    2.08399193    2.38354991    2.39410257    2.37995835    2.30729123    2.09089053    2.28954974    2.14872195    2.52820754    0.00000000    0.96696765    2.20865531    2.22625993    2.73602006    2.64356109    2.52902461    2.47685720    2.33792809    3.41417155    2.49975397    2.85834373    2.70582651    2.51687491    2.51178252    2.29011884    2.52079392    2.50733460    2.40489227    2.67913232    2.57630843    2.42331207    2.53663535    2.60647002    2.78430138    2.76202658    2.32520348    2.24384744    2.11664332    2.11733132    2.16411911    2.19906327    2.18534007    2.23245144    3.63036091    2.61854748    2.23983355    4.38546992    4.26819496    3.54207216    3.22089690    3.61480045    3.17230256    3.20059003    3.13666189    3.27561608    3.31882355    3.77660714    4.01774370    3.28681814    3.63004889    3.59578598    3.28510760    3.75287269    3.36833777    3.67704674    3.70019374    3.62803908    3.87566952    3.31111628    4.27292791    3.40305933    3.78352897    3.69663174    4.38824273    2.99090538    2.11642759    2.41207596    2.39393711    2.79152325
C5NYP5_9BACL/1-121     1.70917998    1.68346440    2.04190780    1.88335994    1.92913272    2.16983660    2.17902031    2.09199169    2.04082935    2.15693309    2.11429486    1.66457134    1.66856698    1.78537849    1.78458651    1.67247303    2.72533008    3.09190181    2.31270886    2.45683310    2.00331319    2.37616657    2.14840506    2.23337094    0.96696765    0.00000000    2.11101693    2.23781432    2.27194359    2.07513328    2.01128573    1.81930617    1.72467085    2.68283545    2.04761914    2.73277789    2.51761881    2.37221607    2.06168269    2.00248856    2.20793478    2.18786875    2.06249682    2.39467100    2.22737020    2.00520208    2.45075544    2.74833357    2.68589003    2.67940311    2.28407255    2.26742831    2.34279224    2.30760566    2.20874740    2.30809423    2.29253822    2.50592553    3.25323492    2.62671969    2.64241307    4.19046704    5.81467967    4.23189152    3.39672034    4.12476780    3.63423311    3.69152779    3.34778398    3.45235997    3.34930478    5.16641510    5.04371130    3.90154759    3.95738776    3.77772156    3.90542999    4.13050047    4.75988080    4.84894268    4.55831644    4.73791330    4.06504795    3.48898236    4.09126722    3.85541732    4.42795377    4.09265966    4.55388109    3.66290525    1.93827663    2.30750096    2.13233119    2.29309630
E2YWM3_ENTFL/39-150     1.65585793    1.94547817    1.75054663    1.97431497    1.91709890    2.12217313    2.42967631    2.19193302    2.04706390    2.22565320    2.26292942    1.69071302    1.95646151    2.21654984    2.22637438    2.13778613    3.29235639    3.86600962    2.66019065    3.08641679    2.55713865    2.61998994    2.42286345    2.76704334    2.20865531    2.11101693    0.00000000    0.80456554    0.62054927    1.50854981    1.69087505    1.55920749    1.59566264    1.81257397    1.90629534    1.97265763    1.52895384    1.46316233    1.57862702    1.72786602    1.50800026    1.60795972    1.83134420    1.74729411    1.67599391    1.58329714    1.58208508    2.01809588    1.81659638    2.55674804    2.67620267    2.46835319    2.82133940    2.89367814    2.48580252    2.35138775    3.26990818    2.62526846    2.63358749    2.64177828    2.68465678    3.21657968    3.86325390    3.39936575    3.15292372    2.80199289    2.90583193    2.92488166    3.00570216    3.23232449    3.00610887    3.50895016    3.42371887    3.09410593    4.48309652    4.01478124    3.65479548    4.02087203    4.02370032    3.79833335    3.83790447    4.57305673    3.83882239    3.97359571    3.72655748    3.18106646    2.92018327    2.81091871    3.49288130    3.88353469    1.81194450    2.42900770    2.62039602    2.51446985
C9CHA4_ENTCS/1-109     1.83926540    2.24643570    2.51576185    1.95323187    1.86083700    2.28212073    2.30227913    2.24013822    2.46242548    2.54587382    2.50518163    2.40950275    2.49427663    2.56718924    2.79017299    2.44003402    2.99092118    3.49406713    2.45169216    2.11598346    2.09984869    2.35134420    2.47286969    2.67828422    2.22625993    2.23781432    0.80456554    0.00000000    0.47132156    1.92329680    1.85444367    2.00629191    1.97378152    1.93157125    1.87372594    2.20305949    2.15058804    1.73704447    1.73341963    1.83475265    1.78513113    1.90528742    1.95042801    2.01969908    1.87815002    1.83603264    1.83385867    2.51046474    2.30042646    2.83728339    2.60659945    2.54092918    2.62978887    2.70473017    2.98735832    2.56679850    2.87551991    2.87643565    2.75328773    2.50005777    2.33759622    3.05708117    4.62604243    3.64564185    3.34580561    3.48579141    3.45841173    3.54084484    3.02522195    3.52020504    2.89989470    3.47240160    3.82595906    3.59342246    4.60918046    4.01602369    3.94586235    4.79680447    4.54420484    4.28837994    4.86365631    5.32421067    4.37063045    3.21696427    3.40273466    3.53737617    3.66744969    3.50632390    3.91845195    3.48466058    2.45183254    2.63119956    2.94453355    2.70244226
T0UDL0_9ENTE/1-109     1.77394661    2.11702993    2.16558688    1.97574989    1.85699328    2.02175011    2.33391337    2.34237976    1.88067997    2.26161695    2.18701547    2.11746532    1.98374594    2.16206400    2.42728001    2.13268190    3.30023746    3.81640108    2.48070454    2.61038042    2.22625854    2.40425719    1.92490258    2.63642262    2.73602006    2.27194359    0.62054927    0.47132156    0.00000000    1.72657422    1.90978648    1.83316876    1.74704086    1.86774110    2.26670536    2.23033725    1.87926935    1.65426201    1.67556840    1.78872307    1.59246426    1.76868884    1.77034652    2.07722989    1.89256813    1.75290614    1.71418160    2.22923831    2.09718711    2.87588540    3.09937107    2.56688349    2.64362716    2.72275309    2.85872912    2.58262717    3.05545705    3.12407740    2.66367687    2.62786382    3.02592940    2.82943843    4.59352763    4.29132269    3.46219827    3.71754864    3.76267327    3.95857557    3.10829183    3.65665091    3.48760262    3.93605709    4.07029433    4.04492686    5.63235035    4.29268305    4.08953386    4.90386176    5.00272739    4.59490880    4.84366557    5.52081312    5.31105411    4.84373453    3.85170953    3.52809828    3.69706007    3.59816503    4.16342867    3.33544119    2.12618204    2.80624190    2.97102588    2.51268105
