76
Q9W5T4_DROME/225-252     0.00000000    2.26858684    1.27112085    2.20239968    1.82207979    2.24637444   20.00000000    4.02465754    1.28004214    2.00361373    2.32419441    2.59942545    2.31736656    1.59110979    2.31459141    1.89731826    3.09342117    2.35318387    3.50707549    1.39906729    2.02553908    2.30287101    2.01713004    1.67281993    2.16813604    1.86619585    2.31720078    2.73885241    1.86525607    1.57647529    3.70603889    1.84953234    2.18998512    1.85859775    1.57672138    1.79875419    2.64522380    2.65348032    3.42864438    1.44954817    1.78582853    1.91572709    2.29456490    2.71199478    2.05978102    2.95079094    3.20830055    2.53395622    1.67471205    2.12925992    1.77764785    2.26846599    2.43087349    2.04770531    3.23077282    2.18642648    3.64485517    2.12924464    2.55549101    1.94316522    2.99155985    3.20187300    2.88925052    3.02201549    1.78541169    1.68070459    1.51978475    1.61247186    2.17373581    1.94185240    1.73146219    2.52650622    2.55814224    2.10026044    1.48054391    1.22863570
Q9RIX1_STRCO/438-464     2.26858684    0.00000000    1.20809458    2.55928056    1.93324483    1.44141363    3.98470267    3.03618650    1.79469559    1.57669643    2.34139424    2.52246019    2.02353729    1.84301704    1.24987952    1.73813494    2.36490352    4.03586340    2.84043149    2.58676049    1.64423748    2.59831088    1.91698770    2.36200484    2.80399858    2.45484520    1.48837293    2.31023953    2.34678950    2.09831066    2.47543624    1.83707499    2.52108124    1.93143657    1.29162601    1.95694230    2.56732740    2.53315101    2.31154973    1.73628501    2.15434207    1.70726276    1.81675587    2.79228952    2.14999196    2.32203412    2.22278064    1.68200990    1.39217817    1.74011153    1.46565518    1.58712139    1.69225679    2.55685382    1.97873747    2.39227407    1.59512570    2.05019279    2.39992792    1.61237962    1.52987081    2.57074341    2.17738895    2.86232851    2.24483195    2.34643787    1.84771166    2.16691193    2.44179744    2.11714075    2.27327524    3.95850062    2.99276892    2.21307729    1.85254857    2.31468472
Q9RIX1_STRCO/174-201     1.27112085    1.20809458    0.00000000    1.79287467    1.58719969    1.95157720    6.75120727    5.01332637    1.89796190    2.37927287    2.07775523    3.91402191    2.95802926    1.59138500    1.67352421    1.64168152    3.10549867    5.12456732    4.06861668    2.01425401    2.12239234    2.67178634    2.57315435    2.34713250    3.04225448    3.00360227    2.51955755    3.46826197    2.80287462    3.42568268    4.58962638    2.58472559    2.82914861    3.00423244    2.29339934    2.77766249    3.16916291    2.86915984    2.71184921    1.89805299    2.90688472    2.24626906    2.09953518    3.26867873    2.37849574    2.43545606    3.41597261    2.47593537    1.83458329    2.33780998    2.69725257    2.15022312    2.04053760    3.07386391    3.15644711    2.46627209    3.40781693    2.33147600    2.07777957    1.50694867    2.15370010    3.29488995    3.25146085    4.90515798    3.11784846    2.76867620    2.54255557    3.08492774    3.32182829    2.12223003    2.59685459    4.21537452    3.67676550    2.86074953    3.00549773    2.54252978
TRI32_HUMAN/469-496     2.20239968    2.55928056    1.79287467    0.00000000    1.42654850    1.33161466    5.66161634    2.25617070    1.64673315    2.01786146    2.71843553    2.05720885    2.12741804    1.56939326    2.33486447    2.14720703    2.48635046    3.11676393    2.55623632    1.92995709    1.85217176    2.29312304    2.27158695    2.21246336    1.91162019    2.23420019    2.32452340    2.95486042    2.41040638    2.16314186    2.15277423    1.70515227    2.11756203    2.38187114    1.77937989    2.54972958    2.44717900    2.67055851    2.79242249    2.75453117    2.36224114    2.52010299    2.87000744    3.25544053    2.16124496    2.19281611    2.17032178    2.98131337    1.91927381    1.84991031    2.06900067    2.28505995    2.35047031    1.72451369    2.14041667    2.34041900    2.66453922    2.48679701    2.26251425    1.38118106    1.76265951    1.85273905    2.45576850    2.44495636    2.37077984    1.75339173    1.94580490    1.63140462    1.69963405    1.68953196    1.42670999    1.88889385    2.23448650    1.97131009    1.89932624    2.35592618
LIN41_CAEEL/987-1014     1.82207979    1.93324483    1.58719969    1.42654850    0.00000000    1.63049546    3.60299573    2.34283383    1.07358508    1.45907488    1.66671379    2.25834923    1.83191486    1.98139965    2.21411096    2.37593503    1.49687751    2.80752024    1.80347116    1.74562275    1.86555651    1.18125448    1.47405256    1.61504712    1.75304465    1.57039437    1.74813317    1.58866220    1.66301865    1.27384511    2.48288323    1.52702903    1.53368708    1.37388852    1.55463902    1.65950059    1.88468679    2.27844087    2.65805628    1.19455077    1.04562260    1.30416815    2.61005783    2.20387896    2.07779992    2.20832306    2.49007381    2.31731405    1.66364426    2.12922938    2.08573298    2.17430900    2.26127911    1.32818631    2.58814337    2.40544016    2.48000483    1.65994587    1.49705789    1.49293102    1.64541974    2.13745358    2.67575775    3.26439449    1.42164918    1.69819404    1.52621648    1.69952766    1.51583493    1.85030792    1.73876895    2.81273015    2.42186457    1.73655456    1.52670928    1.61080819
Q9I6H2_PSEAE/134-161     2.24637444    1.44141363    1.95157720    1.33161466    1.63049546    0.00000000    3.00052616    1.67303143    1.51087626    1.21924619    1.58816205    1.31965951    1.72675042    1.12577912    1.40267746    1.62413646    1.55917967    1.76631897    1.58201741    1.25518886    1.61043401    1.66409085    1.47902780    1.83736337    1.78178661    1.25054688    1.80653155    1.76837577    3.00713311    1.69156273    1.69573428    1.38693088    1.82168976    1.42431476    1.31743408    2.16289948    1.55912623    2.01834765    2.18691128    2.04297896    2.04182479    2.02492644    2.22945132    2.11226971    2.27046473    2.32241958    2.08522285    1.56413453    1.03793927    1.57149081    1.47458864    1.68696478    1.54077039    2.14200717    1.90685174    1.64053724    2.01766099    1.65972089    1.66414946    1.18258725    1.29064884    2.18101808    2.25179581    2.25717956    1.92273652    1.78204108    1.43580778    1.39329725    1.28475792    2.79716683    2.28698540    2.67138722    2.34747163    1.35763633    1.22936352    1.75723700
TRI32_HUMAN/520-550    20.00000000    3.98470267    6.75120727    5.66161634    3.60299573    3.00052616    0.00000000   20.00000000    4.06386415    4.09024983    4.77479664    6.04742742    9.25422791    5.22311790    5.64773176    6.76487846    6.81457601    8.67565248    7.29491464    5.02960239    7.85417208    3.38889514    9.56671346    5.06450836    5.99333878    4.08162124    3.97862285    2.82320537    6.38565969    8.28414334    4.75708011    4.07899891    7.63854588    4.10654557    3.85226986    8.94715183    7.79420166    5.99630673    3.35965806    5.58894187    4.77547145    3.24927520    7.30704424    7.44573616    7.41939148    8.11771762   10.49924600    4.28088054    3.50969093    4.79914690    5.24373295    5.34144301    5.12383594    4.58724369    5.94156017    6.36922976    5.26415512    2.86054305    3.07566151    4.48861527    3.34062569    5.57639591    4.18869246    6.17632506    6.90858997    4.59639526    5.03629516    4.39520030    6.12802042    8.36411436    6.30730532    6.37053345    5.38722744    4.20484653    6.58515058    6.43782332
Q19818_CAEEL/979-1006     4.02465754    3.03618650    5.01332637    2.25617070    2.34283383    1.67303143   20.00000000    0.00000000    1.86558135    1.89848188    2.98011523    1.80069751    2.66966400    3.18494536    2.48060991    2.83601307    2.40218978    3.35242563    2.40091511    2.64560504    2.85986782    1.76368926    2.04392088    2.49270381    1.63028527    2.10714415    3.03143921    3.16703001    2.23651469    2.09499401    2.21862884    1.99760734    1.97818726    1.77705694    1.82329681    2.03804069    1.98568924    2.17939202    3.20825492    2.16336021    2.30572396    2.00059984    2.84008880    2.64331316    3.54039563    3.35414234    3.14423907    3.09970827    2.62927199    3.19982553    1.81713656    3.02432567    2.99741877    3.31153315    2.34854412    2.96395603    4.29089989    3.50273870    3.10362204    2.08122709    2.19803592    3.72153844    4.01672514    3.96096377    1.93697138    1.69093820    1.94204042    1.79161177    1.42967512    4.08398763    3.20392065    3.70946340    3.59707197    2.19036035    2.21838420    2.95107789
NHL1_CAEEL/712-739     1.28004214    1.79469559    1.89796190    1.64673315    1.07358508    1.51087626    4.06386415    1.86558135    0.00000000    1.39848236    1.68664733    1.80833113    1.39682104    1.51468074    1.75461014    1.90757036    1.93517867    2.23675102    2.00425742    0.98981090    1.40765241    1.18466778    0.99616999    1.80397674    1.34926864    1.38453244    1.94881771    1.97521624    2.48753174    1.73338953    1.95506432    1.55556772    1.93401947    1.21458961    1.30541899    1.34967103    1.54071345    1.83535553    2.21258597    1.34764440    1.34608463    1.37730290    2.23063951    1.65672799    2.45723050    2.29623766    2.56519840    2.08287796    1.41723230    2.17357754    1.97763712    1.69195773    2.15613580    2.00732259    2.27998252    1.82355889    2.43463098    1.48520980    1.54957439    1.29438375    1.57666413    2.52270167    2.31181346    3.30134049    1.35250754    1.23296695    1.29652328    1.04882808    1.31985601    1.76632991    2.05923430    2.15307049    1.76167584    1.34526272    1.34478694    1.33196000
NHL1_CAEEL/947-974     2.00361373    1.57669643    2.37927287    2.01786146    1.45907488    1.21924619    4.09024983    1.89848188    1.39848236    0.00000000    1.59135098    1.41202859    1.43645305    1.27805124    1.20337728    1.32269999    1.32447706    2.26908562    1.37620982    1.07675168    0.90386315    1.24695003    1.33021159    1.66456562    1.21328627    1.15228378    1.65486705    1.29651190    2.11619621    1.39307643    2.08664733    1.30424083    1.66780449    1.14214884    0.89959321    1.07636203    1.87376360    2.47504896    2.84733679    1.65652234    1.21413675    1.64557412    1.65605952    2.40621268    2.40931790    2.51695568    2.75526464    1.60460093    1.32624584    2.25400483    1.49549792    1.55559942    1.77273334    2.50673412    2.92416351    1.99169197    1.65731096    1.11817499    1.85798206    1.34839775    1.50543566    2.71405752    2.64759029    3.29707498    0.87234600    1.10704665    1.23003466    1.05484264    1.26318396    1.32781552    1.40512537    2.16047251    1.64681305    0.99139897    0.94164296    1.33679936
NCL1_CAEEL/720-747     2.32419441    2.34139424    2.07775523    2.71843553    1.66671379    1.58816205    4.77479664    2.98011523    1.68664733    1.59135098    0.00000000    1.26385562    1.36953685    1.73599070    1.35912051    1.30239231    0.98370776    2.04670969    0.94884350    0.91930126    1.16376393    1.35220675    1.62424749    1.33281326    1.77137576    1.30833333    1.52451584    1.46320323    3.08268144    1.77423188    1.79714962    1.50656940    1.26005802    1.55763270    1.13717583    1.56244279    1.56831325    1.84391972    1.68625345    1.11424090    1.38266536    1.66992353    2.07277081    2.21557560    2.04316410    2.07246271    2.73890713    1.79671003    1.95061620    2.56411736    2.55399813    2.30093193    2.14631301    2.46733857    2.83489834    1.85933186    1.62139609    1.59913825    1.63050544    1.80710146    2.23827538    2.17166704    2.14294735    1.53738877    1.38491444    1.19455730    1.32542777    1.61068934    1.41973055    2.09154182    2.48633016    2.73072171    1.94050179    1.50445037    1.55664794    1.32300212
TRIM2_HUMAN/575-602     2.59942545    2.52246019    3.91402191    2.05720885    2.25834923    1.31965951    6.04742742    1.80069751    1.80833113    1.41202859    1.26385562    0.00000000    0.69170723    1.35381587    1.56761638    1.71928188    1.49492858    2.38735990    1.66981341    1.77391513    1.80036582    2.32173010    1.88367535    2.01069182    1.56886866    1.19995046    1.43557075    2.12014945    3.05942055    1.63915943    1.36684196    1.19305801    1.69766143    1.35081347    1.32133356    2.34628413    1.86047838    1.80636520    2.22810299    2.08386112    1.98632623    1.88511593    2.03519240    2.06526100    2.11003341    2.04336384    2.68952519    1.37440134    1.48549108    2.16733402    1.33823807    2.00209946    2.07490310    2.49598863    2.40412315    2.46566606    2.33948997    2.05184093    2.23156643    2.04680442    2.26926325    2.18680033    2.45848084    2.38012269    1.34196716    1.77858325    1.18819943    1.20842575    1.42259028    2.54085220    2.64999547    3.39398758    2.98056734    1.62588178    1.05379624    1.58734130
NCL1_CAEEL/677-704     2.31736656    2.02353729    2.95802926    2.12741804    1.83191486    1.72675042    9.25422791    2.66966400    1.39682104    1.43645305    1.36953685    0.69170723    0.00000000    1.40017849    1.42853736    1.51351495    1.77354620    2.70744312    1.73372904    1.35904386    1.18831965    1.66833957    2.10423725    1.49017143    1.63770058    1.38943431    2.19325532    2.92258496    2.70247087    1.78075892    1.51839152    1.21523340    1.74407960    1.97635737    1.36261542    1.82484503    1.59765446    1.65527440    2.38806693    1.63792997    1.74108388    1.94239276    1.61610096    2.40931176    2.44493695    2.07589706    2.34090558    1.97797369    1.46983091    2.41829558    1.89626248    1.66428305    1.83206624    2.46116955    2.69853331    2.54703514    1.34869400    2.31361640    2.28533103    1.87249212    2.65662797    2.33859607    2.73860395    2.70125728    1.14837780    1.63467392    1.17302174    0.88686778    1.30163888    1.79485612    2.45827034    3.42104884    2.81716996    1.42114737    1.10248335    1.30125274
Q9W378_DROME/980-1010     1.59110979    1.84301704    1.59138500    1.56939326    1.98139965    1.12577912    5.22311790    3.18494536    1.51468074    1.27805124    1.73599070    1.35381587    1.40017849    0.00000000    1.10042358    1.14413578    1.94281335    2.53079943    1.84648531    1.28494894    1.26186912    2.16199344    2.02530415    1.75240628    1.57936082    1.36122811    1.74173535    2.25250759    2.77892457    2.01603911    2.06697887    1.60086716    2.19643451    1.66313159    1.28618727    1.77765910    1.84690906    2.30303251    2.30420139    2.32186645    2.11981803    2.84602272    2.39069262    3.36015420    2.17503355    3.30939213    2.87613484    2.41491811    1.74273589    1.34898196    1.37186438    1.69843473    1.70607718    2.41874307    2.30616347    2.75427416    2.03218393    2.16500687    2.04194516    1.74885990    2.03917305    2.08866619    2.43629346    2.65171133    1.61169654    1.69021380    1.49026818    1.31858365    1.78597850    1.90858551    1.61308528    2.30256420    1.92173476    1.48233215    1.12727327    1.32607266
BRAT_DROME/827-856     2.31459141    1.24987952    1.67352421    2.33486447    2.21411096    1.40267746    5.64773176    2.48060991    1.75461014    1.20337728    1.35912051    1.56761638    1.42853736    1.10042358    0.00000000    0.22923583    1.36313271    1.86224439    1.14160391    1.31403822    1.07354716    2.05293648    1.44244297    1.98214416    1.38765849    1.49427913    1.97502823    1.80183634    2.47867381    2.23432301    1.60683174    1.22459261    1.69660966    1.46023860    1.01065951    1.68704878    2.00820797    1.89671894    1.60870255    1.60234941    1.78961846    2.25290565    2.14470795    2.32111970    1.55263616    2.15258159    2.15945463    1.67039360    1.30083835    1.69406340    1.87468436    2.06278931    2.25883179    2.82583610    2.82582364    2.39788200    1.76508149    1.85095360    1.81721744    1.46515558    1.73192872    2.56897429    2.47938305    2.42612082    1.75905228    1.70618959    1.49344987    1.52621480    1.86417128    2.20568739    2.06341181    2.85899453    2.04836197    1.49100198    1.22336518    1.40211317
NCL1_CAEEL/633-662     1.89731826    1.73813494    1.64168152    2.14720703    2.37593503    1.62413646    6.76487846    2.83601307    1.90757036    1.32269999    1.30239231    1.71928188    1.51351495    1.14413578    0.22923583    0.00000000    1.28465086    1.52264284    1.05185043    1.23107608    0.93641260    2.17114190    1.19815378    1.59902870    1.55933222    1.51563278    1.77780286    2.07782665    2.36523816    2.24809975    1.71175236    1.44027739    1.74087953    1.45486221    0.88750247    1.76298244    1.66717597    1.97825453    1.77903585    1.62174679    1.77262303    2.08988042    1.88450655    2.31774027    1.47181397    2.02671513    2.29783583    1.48701926    1.50143747    1.79044803    2.28617639    2.01020960    2.20378061    3.34503825    3.43266645    2.54197197    2.21052204    2.03022273    2.25992008    1.60258157    2.03720223    2.38748922    2.52309455    2.48393529    1.76201865    1.43878185    1.42115372    1.61933490    1.74580376    2.02991736    2.14499553    3.11713227    2.38140630    1.49587985    1.24230439    1.27455148
TRIM2_HUMAN/622-649     3.09342117    2.36490352    3.10549867    2.48635046    1.49687751    1.55917967    6.81457601    2.40218978    1.93517867    1.32447706    0.98370776    1.49492858    1.77354620    1.94281335    1.36313271    1.28465086    0.00000000    1.46144326    0.21290461    0.92817248    0.95443190    1.48986813    1.25407430    1.27345887    1.15706268    0.98067535    1.40751387    1.23071193    1.94154968    1.41577447    1.90239896    1.16097659    1.68862266    1.21734683    0.92636842    1.49159184    1.48002561    2.23619955    2.38904634    1.53873974    1.10276585    1.69028841    2.38820929    1.91986421    1.58148243    1.76216178    2.51453666    1.21661595    1.65550542    1.73399666    1.55995884    1.48588709    1.68807401    2.03615746    2.50292464    1.72957212    1.36799140    1.28983731    1.50132632    1.71394568    1.64795339    2.13550258    1.74291290    1.84315600    1.24844541    1.11187336    1.27437552    1.58983190    1.60185865    1.89470195    1.94855646    2.28021591    1.61049670    1.30080501    0.94101387    1.23533457
TRI32_HUMAN/428-455     2.35318387    4.03586340    5.12456732    3.11676393    2.80752024    1.76631897    8.67565248    3.35242563    2.23675102    2.26908562    2.04670969    2.38735990    2.70744312    2.53079943    1.86224439    1.52264284    1.46144326    0.00000000    1.16987765    1.44731044    1.44950528    2.26364117    1.63326579    1.53774688    1.99758986    1.79387645    3.02598913    1.75517022    3.04091113    2.14037209    1.83526446    2.49556887    1.51553803    1.50063079    1.37379523    2.08097124    1.61537041    2.65219027    3.07928275    2.98337151    2.25668193    2.60886059    3.29078774    2.80495313    3.15606418    3.47454617    2.72459558    2.95656634    2.30541775    2.80727531    2.45209778    2.15257765    2.06205652    2.48793004    4.06525698    2.59358548    3.64725124    1.91874084    2.39148945    1.49020542    1.95856145    2.79250252    2.45573233    2.77999922    2.48674743    2.16841462    1.49124564    2.01316335    2.04529680    2.91033751    2.23088661    2.93092071    2.27868261    1.94663701    1.88410500    1.73796303
TRIM3_RAT/622-649     3.50707549    2.84043149    4.06861668    2.55623632    1.80347116    1.58201741    7.29491464    2.40091511    2.00425742    1.37620982    0.94884350    1.66981341    1.73372904    1.84648531    1.14160391    1.05185043    0.21290461    1.16987765    0.00000000    0.94167506    0.87759257    1.53801904    1.22625520    1.33390572    1.24386741    1.19924268    1.43553213    1.20413520    2.18232631    1.59763418    1.82764677    1.41508591    1.41417771    1.17000034    0.80371861    1.61840807    1.43730951    2.10550998    2.00008001    1.57056114    1.26625177    1.85293234    2.45074887    1.81866567    1.55366188    1.89049768    2.56550165    1.38879996    1.48622108    1.57661231    1.64843610    1.58364939    1.57680071    1.86847119    2.50067767    1.87555510    1.29929398    1.31040616    1.29270512    1.56801957    1.50994735    2.31378359    1.98369291    1.64214831    1.35437204    1.06020526    1.25223482    1.48257932    1.55895579    1.92066468    1.92929068    2.10731665    1.45992519    1.15796085    1.14050330    1.43025164
LIN41_CAEEL/939-966     1.39906729    2.58676049    2.01425401    1.92995709    1.74562275    1.25518886    5.02960239    2.64560504    0.98981090    1.07675168    0.91930126    1.77391513    1.35904386    1.28494894    1.31403822    1.23107608    0.92817248    1.44731044    0.94167506    0.00000000    0.50044566    1.11026601    1.03417553    0.91571087    1.24862488    0.90241244    1.59857795    1.33939101    1.90490149    1.79145754    1.60619811    1.38663756    1.59632733    1.39223600    0.61872239    1.05600024    1.10464288    1.88724986    2.35688199    1.26336493    1.01505087    1.32835977    2.04808511    1.92814646    1.63548321    1.79080431    2.06226185    1.33424577    1.16046377    1.96346636    1.54091719    1.18236389    1.42346853    1.85014106    2.63966358    1.78869370    1.47520847    0.76218647    1.06688945    1.22997065    1.40258925    2.05509231    1.88237195    2.00502407    0.90485944    0.59033569    0.88592678    0.99876424    0.93723402    1.22662857    1.58080318    1.85232719    1.35497387    0.60065975    0.77840332    0.92089899
WECH_DROME/644-671     2.02553908    1.64423748    2.12239234    1.85217176    1.86555651    1.61043401    7.85417208    2.85986782    1.40765241    0.90386315    1.16376393    1.80036582    1.18831965    1.26186912    1.07354716    0.93641260    0.95443190    1.44950528    0.87759257    0.50044566    0.00000000    1.25199239    1.07651500    1.20293587    1.10947848    1.17548424    1.81814707    1.60163872    1.66343241    1.60706450    1.70946253    1.44189568    1.53338980    1.46958444    0.65361426    1.13599936    1.28661000    2.00718272    2.55490937    1.73858855    1.28209648    1.39834661    1.49956079    2.09728572    1.77055096    1.88384642    1.99494053    1.16604208    1.30780662    1.79250871    1.12733556    0.94041225    1.06205489    2.28766086    2.10132474    1.84701056    1.08103851    1.19409912    1.25153687    1.24182667    1.63177985    2.37381126    2.01043631    1.85319855    1.19823072    0.91896498    0.94364805    1.08657975    1.11555464    1.14370447    1.34502070    1.93881608    1.65841615    0.87445768    0.83610109    0.84357581
NHL1_CAEEL/759-785     2.30287101    2.59831088    2.67178634    2.29312304    1.18125448    1.66409085    3.38889514    1.76368926    1.18466778    1.24695003    1.35220675    2.32173010    1.66833957    2.16199344    2.05293648    2.17114190    1.48986813    2.26364117    1.53801904    1.11026601    1.25199239    0.00000000    0.81689456    1.43387449    1.21456555    1.41153812    2.40343959    1.80851576    2.51952423    1.48751300    2.09335571    1.52348434    1.50794379    1.25211546    1.19048956    1.14907132    1.60123513    2.41791107    2.91805772    1.53465497    1.15673178    1.23699305    2.13432005    3.65023869    3.01229583    2.61845507    2.81110686    1.94476077    1.66695543    2.60893794    1.99847406    1.57548610    2.11351531    2.02270585    3.14756238    2.47757279    2.78919918    1.71457015    1.59040392    1.43836091    1.75412360    2.44432807    3.16691984    2.89880615    1.12462103    0.90100294    1.65467261    1.08846329    1.13664588    1.56679192    1.89430477    2.34595696    1.81673572    1.31468808    1.03484457    1.30386359
NHL1_CAEEL/852-880     2.01713004    1.91698770    2.57315435    2.27158695    1.47405256    1.47902780    9.56671346    2.04392088    0.99616999    1.33021159    1.62424749    1.88367535    2.10423725    2.02530415    1.44244297    1.19815378    1.25407430    1.63326579    1.22625520    1.03417553    1.07651500    0.81689456    0.00000000    1.24985947    1.34277142    1.29428657    1.45143371    1.64262444    1.95831197    1.30986702    1.26574806    1.38870302    1.55654991    1.16579544    1.05699202    1.21500513    1.48632779    1.69187148    2.30674352    1.22443092    0.97770114    1.54612436    2.44157651    2.09806078    2.36057938    1.95433401    1.71602720    1.56550377    1.09538474    1.96461995    1.30725968    1.33332928    1.42537087    1.72027698    2.05715013    1.84486583    1.74930432    0.98348966    1.65805383    1.58210317    2.01117302    2.58069837    2.19733332    2.25001671    1.19367546    1.20031944    1.26593091    1.15838616    1.10671930    2.15984136    1.94711309    2.43109576    1.93619712    0.96762926    1.07514287    1.17031447
Q9W5T4_DROME/482-510     1.67281993    2.36200484    2.34713250    2.21246336    1.61504712    1.83736337    5.06450836    2.49270381    1.80397674    1.66456562    1.33281326    2.01069182    1.49017143    1.75240628    1.98214416    1.59902870    1.27345887    1.53774688    1.33390572    0.91571087    1.20293587    1.43387449    1.24985947    0.00000000    1.76043246    1.14113314    1.79474279    1.93281861    1.67145204    1.72089605    1.69808884    1.52056489    1.38672021    1.48506826    1.15010868    1.77855663    1.55530004    2.08688355    2.95240624    1.36571996    1.24297595    1.11934761    2.49885099    2.36463351    1.57947234    2.21519708    2.10708945    1.52393542    1.34617671    2.14994243    1.83983445    2.08520040    2.05304299    1.60629112    3.17710883    2.20100838    1.69585631    0.91733053    0.98554499    0.93027140    1.79766286    1.41160822    1.63901418    1.68396160    1.28327012    1.08295681    1.54929119    1.44351608    1.80724649    1.96884030    2.29472849    2.56905957    2.05735180    1.24680724    1.34555737    1.32949626
TRIM3_RAT/486-513     2.16813604    2.80399858    3.04225448    1.91162019    1.75304465    1.78178661    5.99333878    1.63028527    1.34926864    1.21328627    1.77137576    1.56886866    1.63770058    1.57936082    1.38765849    1.55933222    1.15706268    1.99758986    1.24386741    1.24862488    1.10947848    1.21456555    1.34277142    1.76043246    0.00000000    0.47435818    2.20451547    1.85238514    1.87316243    1.17311935    2.14691147    1.48004649    1.72830364    0.95968447    0.79765308    1.11093032    1.64180519    1.75653701    2.32397223    1.68081118    0.99173595    1.41665461    1.68740114    2.69927891    2.21124499    2.67599848    2.85424203    2.82550683    1.76634617    2.05077309    1.34868670    1.62626097    2.02396364    2.42597021    1.85902062    1.75585474    1.40323701    1.53464159    1.40627806    1.45989844    1.38421483    1.37730835    1.97352116    2.03698228    1.39683049    1.08989324    1.28941763    1.27196051    1.46674783    1.42002032    1.21839588    1.58952149    1.12343347    1.09972226    0.98676454    1.17483419
TRIM2_HUMAN/486-513     1.86619585    2.45484520    3.00360227    2.23420019    1.57039437    1.25054688    4.08162124    2.10714415    1.38453244    1.15228378    1.30833333    1.19995046    1.38943431    1.36122811    1.49427913    1.51563278    0.98067535    1.79387645    1.19924268    0.90241244    1.17548424    1.41153812    1.29428657    1.14113314    0.47435818    0.00000000    1.87210046    1.41008975    1.96795532    1.41455036    1.54609455    0.99248884    1.28814402    1.05033475    0.77628283    1.29615214    1.54106666    1.37798716    1.92670546    1.28264383    1.07148699    1.38647631    1.62971805    2.33708698    2.05550354    2.56347310    2.36357554    1.64171109    1.39474967    1.60230409    1.16491105    1.57060594    1.76846378    2.14293885    2.35172733    1.40251108    1.33376742    1.11834744    1.23795373    1.28194176    1.39244215    1.43035828    1.75473175    1.79098438    1.10158533    1.10714918    0.88641223    1.13840609    1.37248282    1.51925255    1.74083206    2.41770487    1.63309758    0.87788044    0.83168443    1.03950657
Q9W378_DROME/1068-1094     2.31720078    1.48837293    2.51955755    2.32452340    1.74813317    1.80653155    3.97862285    3.03143921    1.94881771    1.65486705    1.52451584    1.43557075    2.19325532    1.74173535    1.97502823    1.77780286    1.40751387    3.02598913    1.43553213    1.59857795    1.81814707    2.40343959    1.45143371    1.79474279    2.20451547    1.87210046    0.00000000    0.68645515    1.98431657    1.11283058    1.52525190    1.49100801    1.86568199    1.67122623    1.18258409    2.39227707    2.33476335    2.27893986    2.33090503    1.69773410    1.77278974    1.72973950    2.77025110    1.93294150    1.98118379    2.29841231    2.40585922    1.65075523    1.70128956    1.66014421    1.54044435    1.64331557    1.67441771    1.68013375    3.43701894    2.07847127    1.58622262    1.47085776    1.68920891    2.15406730    1.94878665    2.28896869    1.90966566    1.92039582    1.69904808    1.75744807    1.57101547    2.22180515    2.03092255    3.11917220    2.23935575    3.36680899    2.53384370    1.72631762    1.59868634    1.77365005
Q19818_CAEEL/891-917     2.73885241    2.31023953    3.46826197    2.95486042    1.58866220    1.76837577    2.82320537    3.16703001    1.97521624    1.29651190    1.46320323    2.12014945    2.92258496    2.25250759    1.80183634    2.07782665    1.23071193    1.75517022    1.20413520    1.33939101    1.60163872    1.80851576    1.64262444    1.93281861    1.85238514    1.41008975    0.68645515    0.00000000    1.80886721    1.07891043    1.66598829    1.84644369    1.87031675    1.58914163    1.38340056    2.70729552    3.19951714    3.25996909    3.46341004    2.03477488    1.93765240    1.99633381    4.24407413    2.28933279    3.30548653    2.79424739    1.89382708    2.34718223    1.96229852    2.08088902    1.75185524    1.93508997    1.88046155    1.86530756    3.29384520    2.10392801    1.82169738    1.20624532    1.62662736    1.88568887    1.69831878    2.19261209    1.72950955    2.09594667    1.59761273    1.78603904    1.82655355    2.34604960    2.26804964    2.88693446    2.57152341    2.63126455    1.88388922    1.67752789    1.72901918    2.47431890
Q9RY92_DEIRA/430-457     1.86525607    2.34678950    2.80287462    2.41040638    1.66301865    3.00713311    6.38565969    2.23651469    2.48753174    2.11619621    3.08268144    3.05942055    2.70247087    2.77892457    2.47867381    2.36523816    1.94154968    3.04091113    2.18232631    1.90490149    1.66343241    2.51952423    1.95831197    1.67145204    1.87316243    1.96795532    1.98431657    1.80886721    0.00000000    1.08408832    1.85786011    2.11811786    1.52992198    1.85067412    1.71280038    1.45393199    2.86130136    2.98215081    3.22812062    2.56106701    1.65272328    1.79612588    2.15814521    1.88512045    1.63386431    1.88269338    2.67669015    1.97132971    2.13311008    1.85487790    1.59133398    1.98813200    1.95801136    1.85411641    1.81246589    1.90304452    2.37058882    1.57833542    1.85057468    1.87481953    1.66525919    1.88422115    1.86157490    2.01422905    1.51222016    1.52204868    1.37046080    1.96971203    1.97938344    1.97670897    1.43299550    2.28045314    2.17256722    1.69576853    1.62819088    1.89487498
LIN41_CAEEL/1120-1147     1.57647529    2.09831066    3.42568268    2.16314186    1.27384511    1.69156273    8.28414334    2.09499401    1.73338953    1.39307643    1.77423188    1.63915943    1.78075892    2.01603911    2.23432301    2.24809975    1.41577447    2.14037209    1.59763418    1.79145754    1.60706450    1.48751300    1.30986702    1.72089605    1.17311935    1.41455036    1.11283058    1.07891043    1.08408832    0.00000000    1.35416321    1.06015002    1.39489088    1.09395300    1.34257985    1.36576747    1.98997667    2.38708988    3.27067503    2.07665148    1.47291578    1.73046076    2.98693338    2.01453437    2.18838265    2.18855739    2.03793191    1.99010157    1.48773118    1.65252431    0.98464190    1.29425192    1.24856742    1.64959214    2.12064045    1.41977880    1.77389563    1.21140155    2.06851134    1.49284656    1.69486481    1.57837518    1.59833452    1.85068254    1.13664177    1.46013951    1.13827716    1.25708250    1.39598634    1.93042992    1.78671179    3.07402945    2.69016254    1.33131463    0.87985861    1.50816311
Q9RY92_DEIRA/384-410     3.70603889    2.47543624    4.58962638    2.15277423    2.48288323    1.69573428    4.75708011    2.21862884    1.95506432    2.08664733    1.79714962    1.36684196    1.51839152    2.06697887    1.60683174    1.71175236    1.90239896    1.83526446    1.82764677    1.60619811    1.70946253    2.09335571    1.26574806    1.69808884    2.14691147    1.54609455    1.52525190    1.66598829    1.85786011    1.35416321    0.00000000    1.00146257    1.35756185    1.94662620    1.31961069    1.97789390    2.05608503    1.87814152    2.77925158    2.06469029    2.06023863    2.42339634    2.92146113    2.36625219    2.68950336    2.00604298    1.92841519    1.44124795    1.78416611    2.47982682    1.93454018    2.15519817    2.18028087    1.55053832    3.47435773    2.31908911    2.02366628    1.44718920    2.37874083    2.02462867    2.61981542    1.86633520    1.76799344    1.81969916    1.59555496    1.46363895    1.31281514    1.54650871    1.80578521    3.45317355    2.25797744    3.05398768    1.98630297    1.28746147    1.68673709    1.67912870
TRIM2_HUMAN/533-560     1.84953234    1.83707499    2.58472559    1.70515227    1.52702903    1.38693088    4.07899891    1.99760734    1.55556772    1.30424083    1.50656940    1.19305801    1.21523340    1.60086716    1.22459261    1.44027739    1.16097659    2.49556887    1.41508591    1.38663756    1.44189568    1.52348434    1.38870302    1.52056489    1.48004649    0.99248884    1.49100801    1.84644369    2.11811786    1.06015002    1.00146257    0.00000000    1.58682025    1.51692462    0.87783796    1.51747325    1.28268060    1.49794398    1.91965099    1.19246049    1.51026012    1.69191843    1.59694212    2.67485672    2.31635175    2.30146179    3.45448746    1.54082269    1.17053759    1.22499708    1.15089897    1.29262602    1.34916696    1.86740905    2.56689356    2.37335572    1.59583071    1.52953389    2.10790560    1.20955457    1.95770703    2.36910191    1.92970903    1.98523250    1.21392454    1.06048496    1.12178410    0.99327318    1.38921867    2.07493331    1.75346906    2.89298699    2.23083686    1.06454628    0.77537989    1.20461113
TRI32_HUMAN/616-643     2.18998512    2.52108124    2.82914861    2.11756203    1.53368708    1.82168976    7.63854588    1.97818726    1.93401947    1.66780449    1.26005802    1.69766143    1.74407960    2.19643451    1.69660966    1.74087953    1.68862266    1.51553803    1.41417771    1.59632733    1.53338980    1.50794379    1.55654991    1.38672021    1.72830364    1.28814402    1.86568199    1.87031675    1.52992198    1.39489088    1.35756185    1.58682025    0.00000000    0.99678377    1.42655958    1.40226184    1.88495256    1.98278945    2.46404656    1.58373641    1.81206566    1.62714868    2.17250957    2.76564042    2.56470034    2.74218458    2.35224569    2.41347883    2.44809722    2.15404497    1.99227216    2.23151521    2.50299697    2.00760945    3.60985244    2.79769299    2.87202868    1.75967211    1.73780891    1.39750590    1.67605018    2.58639266    2.37843284    2.28678273    1.77984912    1.88884053    1.36989829    1.56816283    1.72911213    2.57324039    1.62264167    2.96663005    2.52634067    1.86245191    1.46530413    1.53583894
TRIM2_HUMAN/713-740     1.85859775    1.93143657    3.00423244    2.38187114    1.37388852    1.42431476    4.10654557    1.77705694    1.21458961    1.14214884    1.55763270    1.35081347    1.97635737    1.66313159    1.46023860    1.45486221    1.21734683    1.50063079    1.17000034    1.39223600    1.46958444    1.25211546    1.16579544    1.48506826    0.95968447    1.05033475    1.67122623    1.58914163    1.85067412    1.09395300    1.94662620    1.51692462    0.99678377    0.00000000    1.07883909    1.18958602    1.44499001    2.14127247    2.02344782    1.26661025    1.15028616    1.18785601    2.32377325    1.74478982    1.73006754    2.03804880    1.74314986    1.71349663    1.61071127    2.07493265    1.65179205    2.01629382    2.29818273    2.35291824    2.09910062    2.21478846    2.38386834    1.09847615    1.25638030    0.95297264    0.70569034    1.71937042    1.95528172    2.14167193    1.56457978    1.27064376    1.12376729    1.37981617    1.46032778    2.50588015    1.57596650    2.55846531    1.76462556    1.45587734    1.01553113    1.14213973
NCL1_CAEEL/586-613     1.57672138    1.29162601    2.29339934    1.77937989    1.55463902    1.31743408    3.85226986    1.82329681    1.30541899    0.89959321    1.13717583    1.32133356    1.36261542    1.28618727    1.01065951    0.88750247    0.92636842    1.37379523    0.80371861    0.61872239    0.65361426    1.19048956    1.05699202    1.15010868    0.79765308    0.77628283    1.18258409    1.38340056    1.71280038    1.34257985    1.31961069    0.87783796    1.42655958    1.07883909    0.00000000    0.80181409    0.93524084    1.39712063    1.62139360    0.89436847    0.72615048    0.94330046    1.29226029    1.93207138    1.45806834    1.77593553    2.12674847    1.09975656    0.94238061    1.05012629    0.94476348    1.09334135    1.09606715    1.65235828    1.89973184    1.86383430    1.15919017    0.91298202    1.12692516    1.12584937    0.89059659    1.76414071    1.48512362    1.36166127    0.90132430    0.60375073    0.77832603    0.94331820    1.01111845    1.60062797    1.23068267    1.79134603    1.29822537    0.54544529    0.49393453    0.71593586
TRI32_HUMAN/371-398     1.79875419    1.95694230    2.77766249    2.54972958    1.65950059    2.16289948    8.94715183    2.03804069    1.34967103    1.07636203    1.56244279    2.34628413    1.82484503    1.77765910    1.68704878    1.76298244    1.49159184    2.08097124    1.61840807    1.05600024    1.13599936    1.14907132    1.21500513    1.77855663    1.11093032    1.29615214    2.39227707    2.70729552    1.45393199    1.36576747    1.97789390    1.51747325    1.40226184    1.18958602    0.80181409    0.00000000    0.98555456    1.27585242    1.77069937    1.39561208    1.11355597    1.32329930    1.75169765    1.81696567    1.67899764    2.06069505    2.83858242    2.16891850    1.82680512    1.38134879    1.35150295    1.19865107    1.71943305    1.99748393    1.63591262    2.05230179    1.62666443    1.60257464    1.81388152    1.96963263    1.75299392    2.38312810    2.43642993    2.17282465    1.03295108    0.90857164    1.20380390    0.97748614    0.85368924    1.16996553    0.94936245    1.50217250    1.06908538    0.95331300    0.64893021    0.87808032
