38
Q9XAM7_STRCO/5-234     0.00000000    0.41488192    0.60001756    0.56609288    0.74905168    0.95929811    0.86210091    1.00640908    1.11593269    1.18490787    1.47689329    1.21138300    4.78672198    4.41844758    4.32287839    4.86795639    4.95610848    3.99159712    4.52744385    4.49282350    4.49762232    4.04448599    5.19490937    4.08464454    4.21789505    5.00183571    5.00215997    2.28174947    2.48980783    2.31783581    2.79860951    2.69290679    2.13617203    0.78832063    0.74508700    0.79838630    0.68633833    0.78423442
SCOA_MYCTU/6-233     0.41488192    0.00000000    0.48827228    0.51823380    0.74807075    0.99699391    0.86374456    0.95821393    1.09705753    1.14302360    1.38244656    1.09382887    4.43701201    4.00291973    4.02683160    4.47625640    4.02979510    3.50002000    3.88730365    3.71971314    4.43719036    3.95686338    5.04657869    4.24884392    4.26960395    4.96923654    5.02841705    2.18462037    2.22528795    2.39700803    2.60536281    2.68842099    2.28330161    0.80977240    0.67059747    0.63465638    0.57472912    0.77510487
Q9RZ86_DEIRA/5-217     0.60001756    0.48827228    0.00000000    0.38316532    0.43650568    0.83222225    0.78359135    0.92035456    0.96890770    1.10725397    1.22119337    1.08954676    4.87248954    4.38546626    4.27031144    5.23624651    4.50229365    3.63593631    4.16106023    4.02353799    4.53204356    4.26791795    5.36559543    4.32135653    4.25594788    5.25573427    4.82019844    2.55497096    2.37456239    2.39240905    2.28006698    2.41241661    2.02713709    0.63823603    0.50469060    0.57435698    0.35939675    0.61946058
SCOA_XANCP/13-225     0.56609288    0.51823380    0.38316532    0.00000000    0.42543177    0.94235626    0.83371062    0.88840280    1.09173854    1.17515102    1.22780435    1.06429039    4.89553305    4.57522814    4.42327862    5.41513444    4.56804723    3.69540272    4.31859155    4.48628403    4.41007818    4.15399990    5.40715236    4.34003535    4.26424649    5.24146597    4.89977889    2.55246411    2.26379991    2.34831366    2.29728730    2.45831614    2.04921534    0.65685904    0.53139379    0.52152348    0.50426868    0.60590664
A5VGV2_SPHWW/10-217     0.74905168    0.74807075    0.43650568    0.42543177    0.00000000    0.90841414    0.86026940    1.00748688    1.05295682    1.11516709    1.18640735    1.12920339    5.41429875    4.83990663    4.90793570    5.30084178    5.11595737    3.85324720    4.61605305    4.48800760    4.51078309    4.18421926    5.37514317    5.13029464    4.93028297    5.66744222    5.46291956    2.45957774    2.21898529    2.58150739    2.45355484    2.60750683    2.17382352    0.74843103    0.63568065    0.64555318    0.54501464    0.70499388
PCAI_ACIAD/6-219     0.95929811    0.99699391    0.83222225    0.94235626    0.90841414    0.00000000    0.39869530    1.17837303    1.12336930    1.15375189    1.22886764    1.16409230    4.76449486    4.34551790    4.35166560    4.77206878    4.69582559    3.90431659    4.71827809    4.29859052    4.75313278    4.15922244    5.14284290    5.19147296    5.07339934    5.59432057    5.09684120    2.25187794    2.39319628    2.55587284    2.70147633    2.54920709    2.01203668    1.01899709    0.96564002    1.03679721    0.86773430    0.90939231
Q88FX5_PSEPK/6-218     0.86210091    0.86374456    0.78359135    0.83371062    0.86026940    0.39869530    0.00000000    1.12059189    1.02389370    1.07511926    1.25293998    1.07139631    4.47647012    3.94442169    3.98389522    4.55593929    4.49950092    3.62979675    4.55971297    4.18384186    4.38318927    3.89513705    4.96429438    4.77744897    4.64589478    4.99421390    4.51308951    2.43362176    2.62791495    2.54218291    2.60531862    2.82732390    2.07333362    0.95701066    0.87974706    0.97242057    0.87085284    0.96949758
Q9RZA0_DEIRA/23-234     1.00640908    0.95821393    0.92035456    0.88840280    1.00748688    1.17837303    1.12059189    0.00000000    1.00749881    1.22140456    1.29002461    1.25685237    4.57561399    4.65765853    4.46279245    5.09097160    4.59057907    4.14704128    4.85021500    4.77664921    4.36407143    4.13907624    5.37310078    4.49708433    4.47210911    5.52225014    4.97692936    2.20848941    2.23073975    2.26283076    2.50259576    2.40842016    2.14545792    1.15231745    0.94565918    1.01856128    0.93779546    1.13757780
ATOD_ECOLI/5-216     1.11593269    1.09705753    0.96890770    1.09173854    1.05295682    1.12336930    1.02389370    1.00749881    0.00000000    0.48517912    0.86991791    0.85649191    4.60591858    3.74559299    3.71012013    4.02610880    4.11979708    3.64120104    4.18380704    4.16449196    4.20329906    4.08178396    5.00489798    4.46781795    4.17427813    4.67917165    4.41381002    2.38958464    2.52799167    2.28064439    2.84008775    2.31273131    1.89845031    1.10535469    1.14813903    1.22781660    0.94162986    1.08467339
ATOD_HAEIN/5-216     1.18490787    1.14302360    1.10725397    1.17515102    1.11516709    1.15375189    1.07511926    1.22140456    0.48517912    0.00000000    0.74651823    0.86097509    4.90612507    4.19090821    3.91702567    4.43516499    4.37701864    3.95832680    4.27677116    4.42527657    4.90252370    4.50243266    5.77611395    4.61707651    4.37250216    5.03474821    4.93591687    2.45172872    2.51137859    2.33674699    2.48423087    2.37562282    2.13701222    1.17110879    1.22729672    1.32962253    1.04418341    1.22515701
CTFA_CLOAB/5-216     1.47689329    1.38244656    1.22119337    1.22780435    1.18640735    1.22886764    1.25293998    1.29002461    0.86991791    0.74651823    0.00000000    0.98864292    5.16542477    4.06109160    4.20056133    4.73725497    4.01257684    3.72092997    4.25624957    4.51156745    4.75326330    4.65697465    6.17726222    5.33911239    4.61459300    4.93790993    4.62333755    2.68022442    2.94364098    2.30849989    2.73005000    2.19987701    2.11637675    1.27477249    1.20639280    1.39801675    1.12359747    1.12309362
YODS_BACSU/7-219     1.21138300    1.09382887    1.08954676    1.06429039    1.12920339    1.16409230    1.07139631    1.25685237    0.85649191    0.86097509    0.98864292    0.00000000    3.95817664    3.65672505    3.71349741    4.20973493    3.93642455    3.38016387    3.79179352    3.95205772    4.03090159    3.67355398    4.57159815    4.34850514    3.99026468    5.86561517    5.54447800    2.18798439    2.75920714    2.45440513    2.51475430    2.25758171    2.03362369    1.09103622    1.15805636    1.26801372    0.99044947    1.12765581
PCAJ_ACIAD/8-206     4.78672198    4.43701201    4.87248954    4.89553305    5.41429875    4.76449486    4.47647012    4.57561399    4.60591858    4.90612507    5.16542477    3.95817664    0.00000000    0.97427130    0.98983868    1.00798769    0.95669052    0.86465949    1.24699098    1.10403021    2.54982054    2.30462534    2.84353430    3.00930812    3.13969852    3.74657674    3.78205297    6.57491910    5.22839676    7.95876057    5.06815569    5.57292138    6.73346232    4.79104641    4.57691010    5.09291169    5.02064603    4.76059889
SCOB_HELPY/2-198     4.41844758    4.00291973    4.38546626    4.57522814    4.83990663    4.34551790    3.94442169    4.65765853    3.74559299    4.19090821    4.06109160    3.65672505    0.97427130    0.00000000    0.31125599    0.63622457    0.56837448    0.61747504    0.79401304    0.79124241    1.78189285    1.88489996    2.20148156    2.42120076    2.32213636    2.92726197    2.95929541    6.63656757    6.28280088    6.52627888    4.94063390    5.34667131    6.52092696    4.22493413    4.54400445    4.78794058    4.30886065    4.42617635
SCOB_BACSU/5-202     4.32287839    4.02683160    4.27031144    4.42327862    4.90793570    4.35166560    3.98389522    4.46279245    3.71012013    3.91702567    4.20056133    3.71349741    0.98983868    0.31125599    0.00000000    0.60876000    0.57241649    0.60332029    0.77519974    0.85851728    1.94610264    1.94747641    2.40785295    2.45708373    2.17840097    2.98987903    3.03395098    6.16544487    5.85528991    7.05331092    5.20282803    5.37541193    6.21458350    4.08912776    4.37744913    4.82273569    4.33533684    4.38030763
SCOT_CAEEL/300-499     4.86795639    4.47625640    5.23624651    5.41513444    5.30084178    4.77206878    4.55593929    5.09097160    4.02610880    4.43516499    4.73725497    4.20973493    1.00798769    0.63622457    0.60876000    0.00000000    0.43118824    0.57786470    0.95789678    0.80106213    2.40409949    2.29745211    2.47022816    2.84318539    2.75021504    3.46007555    3.67679641    6.92248100    6.73535730    7.31538299    5.28282054    6.20454944    7.26836160    5.02286432    5.06979387    5.86793644    5.16717855    5.15412105
SCOT1_HUMAN/302-501     4.95610848    4.02979510    4.50229365    4.56804723    5.11595737    4.69582559    4.49950092    4.59057907    4.11979708    4.37701864    4.01257684    3.93642455    0.95669052    0.56837448    0.57241649    0.43118824    0.00000000    0.52466610    0.90693940    0.78792721    2.16101385    1.96620588    2.25136915    2.38994906    2.32956957    2.77575998    2.84747756    7.12635478    6.47062016    7.46841952    5.33330545    5.91681308    7.45877872    4.18837067    4.38395765    5.14745422    4.39962583    4.36837687
SCOB_MYCTU/9-204     3.99159712    3.50002000    3.63593631    3.69540272    3.85324720    3.90431659    3.62979675    4.14704128    3.64120104    3.95832680    3.72092997    3.38016387    0.86465949    0.61747504    0.60332029    0.57786470    0.52466610    0.00000000    0.82996394    0.72333374    2.14441492    2.04427020    2.40880228    2.72456598    2.45892038    3.13517576    3.05637568    6.10840980    5.22915037    6.23157238    4.42190742    5.00587476    5.50893491    3.85351447    3.78093379    4.27288045    3.72828703    3.86860996
ATOA_HAEIN/4-200     4.52744385    3.88730365    4.16106023    4.31859155    4.61605305    4.71827809    4.55971297    4.85021500    4.18380704    4.27677116    4.25624957    3.79179352    1.24699098    0.79401304    0.77519974    0.95789678    0.90693940    0.82996394    0.00000000    0.71887350    2.38358412    2.10037576    2.51483423    2.53197278    2.52473863    2.58399839    2.60089509    6.33618025    5.18911496    6.52379918    6.12237798    5.41342159    6.52567702    4.15651290    4.24987598    4.87080535    4.33523278    4.24738646
CTFB_CLOAB/9-205     4.49282350    3.71971314    4.02353799    4.48628403    4.48800760    4.29859052    4.18384186    4.77664921    4.16449196    4.42527657    4.51156745    3.95205772    1.10403021    0.79124241    0.85851728    0.80106213    0.78792721    0.72333374    0.71887350    0.00000000    2.04532415    1.94645851    2.42404085    2.36143138    2.59053366    2.54857815    2.77338950    6.70515803    6.39707091    7.35989289    5.52001839    5.90987814    8.11017365    4.02738289    4.24146950    4.92864517    4.27766580    4.23697662
S6BGT4_PSERE/8-217     4.49762232    4.43719036    4.53204356    4.41007818    4.51078309    4.75313278    4.38318927    4.36407143    4.20329906    4.90252370    4.75326330    4.03090159    2.54982054    1.78189285    1.94610264    2.40409949    2.16101385    2.14441492    2.38358412    2.04532415    0.00000000    0.34328320    0.54389759    1.33625891    1.30079304    1.69528999    1.76698184    7.39099353    5.55758362    6.37245047    4.73711194    4.69977002    5.55703318    4.48711737    4.81607911    4.69688909    4.47530698    4.37088909
Q8PDH3_XANCP/7-217     4.04448599    3.95686338    4.26791795    4.15399990    4.18421926    4.15922244    3.89513705    4.13907624    4.08178396    4.50243266    4.65697465    3.67355398    2.30462534    1.88489996    1.94747641    2.29745211    1.96620588    2.04427020    2.10037576    1.94645851    0.34328320    0.00000000    0.53719391    1.34529736    1.36551954    1.78854010    1.74206776    6.61919269    5.54032091    7.26351991    4.97595905    4.92853071    5.68145829    3.94249179    4.19421109    4.02062487    4.40271739    3.99956968
Q92TL1_RHIME/7-217     5.19490937    5.04657869    5.36559543    5.40715236    5.37514317    5.14284290    4.96429438    5.37310078    5.00489798    5.77611395    6.17726222    4.57159815    2.84353430    2.20148156    2.40785295    2.47022816    2.25136915    2.40880228    2.51483423    2.42404085    0.54389759    0.53719391    0.00000000    1.39219756    1.38026777    1.98992490    1.89210952   20.00000000    5.45510238    7.30653753    5.16127692    5.19326816    6.76426898    5.11944872    5.72001354    5.03175813    5.57052584    4.93421556
GCTB_ACIFV/10-224     4.08464454    4.24884392    4.32135653    4.34003535    5.13029464    5.19147296    4.77744897    4.49708433    4.46781795    4.61707651    5.33911239    4.34850514    3.00930812    2.42120076    2.45708373    2.84318539    2.38994906    2.72456598    2.53197278    2.36143138    1.33625891    1.34529736    1.39219756    0.00000000    0.36210930    1.96667331    1.68146205    7.13607716    5.05222749    7.70830737    4.98708824    5.07015944    5.54933780    4.14958119    4.52124104    4.26052708    4.40405228    4.58862454
Q8RGS9_FUSNN/11-226     4.21789505    4.26960395    4.25594788    4.26424649    4.93028297    5.07339934    4.64589478    4.47210911    4.17427813    4.37250216    4.61459300    3.99026468    3.13969852    2.32213636    2.17840097    2.75021504    2.32956957    2.45892038    2.52473863    2.59053366    1.30079304    1.36551954    1.38026777    0.36210930    0.00000000    2.10788759    1.90697599    7.44934790    5.86631451    6.92664629    4.92202605    4.88396009    5.66137029    4.22139486    4.50761039    4.41892685    4.33789376    4.58187587
Q973S5_SULTO/3-202     5.00183571    4.96923654    5.25573427    5.24146597    5.66744222    5.59432057    4.99421390    5.52225014    4.67917165    5.03474821    4.93790993    5.86561517    3.74657674    2.92726197    2.98987903    3.46007555    2.77575998    3.13517576    2.58399839    2.54857815    1.69528999    1.78854010    1.98992490    1.96667331    2.10788759    0.00000000    0.44162062    7.35466241    5.12661666    7.16613613    4.80869303    6.05349554    5.99045999    5.11009836    5.60572379    5.01775770    5.18555114    4.60395499
Q97Z51_SACS2/6-206     5.00215997    5.02841705    4.82019844    4.89977889    5.46291956    5.09684120    4.51308951    4.97692936    4.41381002    4.93591687    4.62333755    5.54447800    3.78205297    2.95929541    3.03395098    3.67679641    2.84747756    3.05637568    2.60089509    2.77338950    1.76698184    1.74206776    1.89210952    1.68146205    1.90697599    0.44162062    0.00000000    7.33250749    5.28075205    7.38188200    5.00438616    5.73223031    6.04456067    4.67289302    4.95317570    4.90467701    4.91916707    4.39831613
IPDA_MYCTU/6-233     2.28174947    2.18462037    2.55497096    2.55246411    2.45957774    2.25187794    2.43362176    2.20848941    2.38958464    2.45172872    2.68022442    2.18798439    6.57491910    6.63656757    6.16544487    6.92248100    7.12635478    6.10840980    6.33618025    6.70515803    7.39099353    6.61919269   20.00000000    7.13607716    7.44934790    7.35466241    7.33250749    0.00000000    2.17329380    2.28567056    4.09645176    4.26695863    2.72750411    2.65711478    2.40236517    2.59536112    2.67321285    2.59890803
GCTA_ACIFV/4-241     2.48980783    2.22528795    2.37456239    2.26379991    2.21898529    2.39319628    2.62791495    2.23073975    2.52799167    2.51137859    2.94364098    2.75920714    5.22839676    6.28280088    5.85528991    6.73535730    6.47062016    5.22915037    5.18911496    6.39707091    5.55758362    5.54032091    5.45510238    5.05222749    5.86631451    5.12661666    5.28075205    2.17329380    0.00000000    1.68664800    3.46390941    3.52637551    2.95786941    2.62477455    2.73788675    2.54890329    2.21581867    2.70711543
Y1199_ARCFU/148-369     2.31783581    2.39700803    2.39240905    2.34831366    2.58150739    2.55587284    2.54218291    2.26283076    2.28064439    2.33674699    2.30849989    2.45440513    7.95876057    6.52627888    7.05331092    7.31538299    7.46841952    6.23157238    6.52379918    7.35989289    6.37245047    7.26351991    7.30653753    7.70830737    6.92664629    7.16613613    7.38188200    2.28567056    1.68664800    0.00000000    3.66746924    3.22442391    2.49009696    2.33261008    2.35405160    2.34273990    2.25398397    2.52155781
Q8F685_LEPIN/8-247     2.79860951    2.60536281    2.28006698    2.29728730    2.45355484    2.70147633    2.60531862    2.50259576    2.84008775    2.48423087    2.73005000    2.51475430    5.06815569    4.94063390    5.20282803    5.28282054    5.33330545    4.42190742    6.12237798    5.52001839    4.73711194    4.97595905    5.16127692    4.98708824    4.92202605    4.80869303    5.00438616    4.09645176    3.46390941    3.66746924    0.00000000    3.21735505    3.21393634    2.77120414    2.68459822    2.55791634    2.51752881    2.79105171
Q9Y916_AERPE/14-262     2.69290679    2.68842099    2.41241661    2.45831614    2.60750683    2.54920709    2.82732390    2.40842016    2.31273131    2.37562282    2.19987701    2.25758171    5.57292138    5.34667131    5.37541193    6.20454944    5.91681308    5.00587476    5.41342159    5.90987814    4.69977002    4.92853071    5.19326816    5.07015944    4.88396009    6.05349554    5.73223031    4.26695863    3.52637551    3.22442391    3.21735505    0.00000000    1.97338608    2.89814576    2.73658269    2.82348132    2.71347278    2.56605215
YDIF_ECOLI/15-253     2.13617203    2.28330161    2.02713709    2.04921534    2.17382352    2.01203668    2.07333362    2.14545792    1.89845031    2.13701222    2.11637675    2.03362369    6.73346232    6.52092696    6.21458350    7.26836160    7.45877872    5.50893491    6.52567702    8.11017365    5.55703318    5.68145829    6.76426898    5.54933780    5.66137029    5.99045999    6.04456067    2.72750411    2.95786941    2.49009696    3.21393634    1.97338608    0.00000000    2.29159663    2.42552428    2.36505367    2.10186552    2.33899852
SCOT_DROME/37-266     0.78832063    0.80977240    0.63823603    0.65685904    0.74843103    1.01899709    0.95701066    1.15231745    1.10535469    1.17110879    1.27477249    1.09103622    4.79104641    4.22493413    4.08912776    5.02286432    4.18837067    3.85351447    4.15651290    4.02738289    4.48711737    3.94249179    5.11944872    4.14958119    4.22139486    5.11009836    4.67289302    2.65711478    2.62477455    2.33261008    2.77120414    2.89814576    2.29159663    0.00000000    0.48306666    0.57343562    0.66949046    0.63903615
SCOT1_HUMAN/43-272     0.74508700    0.67059747    0.50469060    0.53139379    0.63568065    0.96564002    0.87974706    0.94565918    1.14813903    1.22729672    1.20639280    1.15805636    4.57691010    4.54400445    4.37744913    5.06979387    4.38395765    3.78093379    4.24987598    4.24146950    4.81607911    4.19421109    5.72001354    4.52124104    4.50761039    5.60572379    4.95317570    2.40236517    2.73788675    2.35405160    2.68459822    2.73658269    2.42552428    0.48306666    0.00000000    0.38253637    0.55885244    0.57423278
SCOT_CAEEL/40-271     0.79838630    0.63465638    0.57435698    0.52152348    0.64555318    1.03679721    0.97242057    1.01856128    1.22781660    1.32962253    1.39801675    1.26801372    5.09291169    4.78794058    4.82273569    5.86793644    5.14745422    4.27288045    4.87080535    4.92864517    4.69688909    4.02062487    5.03175813    4.26052708    4.41892685    5.01775770    4.90467701    2.59536112    2.54890329    2.34273990    2.55791634    2.82348132    2.36505367    0.57343562    0.38253637    0.00000000    0.56173841    0.70910242
SCOA_BACSU/5-216     0.68633833    0.57472912    0.35939675    0.50426868    0.54501464    0.86773430    0.87085284    0.93779546    0.94162986    1.04418341    1.12359747    0.99044947    5.02064603    4.30886065    4.33533684    5.16717855    4.39962583    3.72828703    4.33523278    4.27766580    4.47530698    4.40271739    5.57052584    4.40405228    4.33789376    5.18555114    4.91916707    2.67321285    2.21581867    2.25398397    2.51752881    2.71347278    2.10186552    0.66949046    0.55885244    0.56173841    0.00000000    0.45644792
SCOA_HELPY/5-216     0.78423442    0.77510487    0.61946058    0.60590664    0.70499388    0.90939231    0.96949758    1.13757780    1.08467339    1.22515701    1.12309362    1.12765581    4.76059889    4.42617635    4.38030763    5.15412105    4.36837687    3.86860996    4.24738646    4.23697662    4.37088909    3.99956968    4.93421556    4.58862454    4.58187587    4.60395499    4.39831613    2.59890803    2.70711543    2.52155781    2.79105171    2.56605215    2.33899852    0.63903615    0.57423278    0.70910242    0.45644792    0.00000000

