103
EBH_STAEQ/7650-7704     0.00000000    0.91498847    0.80357817    0.92267111    0.86393055    1.22054282    1.70291523    1.22426536    0.90612678    1.35374376    1.41176580    1.38847833    1.30031066    1.50937485    1.41368979    1.38455303    1.53136610    1.37870847    1.18416832    1.35283763    1.34204411    1.21444501    1.32965051    1.26719282    1.20863327    1.32146405    1.49693373    1.26438982    1.33887659    1.41406038    1.24660295    1.99088961    1.40039108    1.87918978    2.04010646    1.26241916    1.43853039    1.54189634    1.83839263    1.49246355    1.30818168    1.43075513    1.80856831    1.19123219    1.28036712    1.23892667    1.62905186    1.42011885    1.14648106    1.26147622    1.63977557    1.98737930    2.00074278    2.82785520    2.37969771    3.32735745    2.92809238    2.71894797    2.20960340    4.37972746    3.67911276    3.49461502    2.84118325    3.42390861    3.46530248    2.61293963    2.23393481    1.82442772    1.48726379    1.80730956    2.04346530    1.75475605    1.65902637    1.09674140    1.62816087    1.20432427    1.66826732    1.44876005    1.06917995    1.48091892    1.21451728    1.70122578    1.49944930    2.28493933    2.03596895    1.34496185    1.50638984    1.43062399    1.76396392    1.49463625    1.00182072    1.32587285    1.30885096    0.91894834    1.01952549    1.21439047    1.22158099    1.13018545    1.18083926    1.18629304    1.52857739    1.35644365    1.59238563
EBH_STAA8/7932-7986     0.91498847    0.00000000    0.65131239    0.65112394    0.77330581    1.41812539    1.15359037    1.30266749    0.92757108    0.90183684    1.05528272    1.18190421    1.19229780    1.13808811    1.34729020    1.10400766    1.14205537    0.93942842    1.00297254    0.90649212    1.00820790    1.06305954    1.09705128    1.43671507    1.26984981    1.42722515    1.54966131    1.46845070    1.06252336    1.25270752    1.13533231    1.40955502    1.51422595    1.08934125    1.69941751    1.20759328    1.14819725    1.24700830    1.33426261    1.20694121    1.29628450    1.51307854    1.87153146    1.53338424    1.49713821    1.42512251    1.23334991    1.09545743    0.95317694    1.27332605    1.40757641    1.83688874    1.94668089    2.35391209    2.22676593    1.89292054    1.84354691    1.90925204    1.62324012    2.26065701    2.31859822    3.11018711    2.60549387    2.26443685    2.20948613    2.87375120    2.64666885    1.44231203    1.31117579    1.75467689    2.05435400    2.02219596    1.22981010    0.93686292    1.38279581    0.99135060    1.55207272    1.40026254    1.38960814    1.17386049    1.23559497    1.10701751    1.42597172    1.68128707    1.96521301    1.16432905    1.01755237    1.10077747    1.30156704    1.10763156    0.92378283    1.09365003    1.20813767    1.10212563    1.09810531    1.15130225    0.98904883    0.77891533    1.20544563    1.46025651    1.29171158    1.01962775    1.49782555
EBH_STAA8/7680-7734     0.80357817    0.65131239    0.00000000    0.26775979    0.71670908    1.00579973    0.96230978    1.11127970    0.54841170    1.00874981    0.98167679    0.89529448    1.29628824    1.38105456    1.37202619    1.00290909    1.04856466    0.89489495    1.00709812    1.00652173    1.05618003    0.77056364    1.06023951    0.96183303    1.19279853    1.28868546    1.07034183    1.08434446    0.99982614    1.19838995    0.91743969    1.28411994    1.18677517    1.19639631    1.42884669    1.13970353    0.95250716    1.31833575    1.24824824    1.17093946    1.15526677    1.22356282    1.55245365    1.20020613    1.05196998    1.19964517    1.24885817    1.10162672    1.07427038    1.27585373    1.63370200    1.60351595    1.71724219    2.38264652    1.98573015    2.68852049    2.58195570    2.43841913    2.13507915    2.73715117    2.23056916    2.63851146    2.10549211    1.91200470    2.17781030    2.08007548    2.02360605    1.50115729    1.10863298    1.50912736    1.67520541    1.62340293    1.32228258    0.92071409    1.25072433    0.89562519    1.36402302    1.25634788    1.02650077    1.24592293    1.13804441    1.36679946    1.20894441    1.58608803    1.84877884    1.10917417    0.95555313    1.15703930    1.00045331    1.01608045    0.79559403    0.85168194    0.85212909    0.80425346    0.70976996    0.91988387    0.87636428    0.85184612    0.89646080    0.92455063    0.95376718    0.98365431    1.55401476
EBH_STAA8/7806-7860     0.92267111    0.65112394    0.26775979    0.00000000    0.78053192    1.07374178    1.09404122    1.11308084    0.66793331    0.97712912    0.88004119    0.93580089    1.26266363    1.47372370    1.52175168    1.07966291    1.00667322    1.08756757    1.02439404    1.06056400    1.02954377    0.96617064    1.01253746    1.28128184    1.11185372    1.55847704    1.05766369    1.24953473    1.09543686    1.32137257    1.01134604    1.38499542    1.36972744    1.45740558    1.58390734    1.42216341    1.20956870    1.33581666    1.57427984    1.50821038    1.39521801    1.56684012    2.03533559    1.32885414    1.26158755    1.45149534    1.33372893    1.24345626    1.05684858    1.43050099    1.32892258    1.83593393    1.90986466    2.50064286    2.02878898    2.98541697    2.68508618    2.52263714    2.23035582    2.13882149    2.25902510    2.49022385    2.23663399    2.05922440    2.35908710    2.08431974    2.18588396    1.54708826    1.01518423    1.56186556    1.63003135    1.61774253    1.59641513    1.04416390    1.34986268    0.93107876    1.12472481    1.47280776    1.21940966    1.33188156    1.06992554    1.64529763    1.37550266    1.91153437    2.28982164    1.04675752    1.10944577    1.22047755    0.98858586    0.97750239    1.03229736    0.89500711    0.99202579    0.98741026    0.83643341    0.88914673    0.99651961    0.97305923    0.95336457    0.96934656    1.03355754    1.09924144    1.52937297
EBH_STAEQ/6392-6446     0.86393055    0.77330581    0.71670908    0.78053192    0.00000000    1.15867208    1.15795744    1.12355508    1.07464701    1.25324525    0.96153792    0.98379403    1.40378557    1.33827853    1.45807182    1.13432728    0.96511708    1.00184539    1.08727394    1.28018399    0.99658948    1.18112027    1.10010122    1.21335824    1.24744784    1.36375029    1.39204824    1.27198095    1.25666427    1.18741184    1.17391522    1.23174236    1.15755592    1.51279749    1.47972893    1.19047910    1.18620852    1.40442792    1.45942003    1.10906202    1.39514457    1.51338918    1.61704079    1.29049908    1.24095360    1.25650734    1.25890574    1.08917416    1.19836343    1.23250452    1.44545465    2.04769028    1.88163827    2.10264008    2.16801148    2.52621339    2.09909011    2.17449234    2.05489780    3.04689211    2.37223438    2.83855675    2.43689325    2.79080256    2.64203907    2.06054393    2.37784294    1.47305968    1.26759610    1.43962064    1.47640281    1.33511788    1.33837067    0.90620499    1.28320353    1.13808865    1.48545863    1.58624496    1.12370342    1.22062119    1.08853336    1.59768949    1.42824503    1.87302629    1.60401593    0.87643171    1.10256347    0.82608270    1.11502513    1.00524070    0.98497837    1.04858463    1.09165325    1.03754349    1.13857226    0.95523833    0.92603675    0.95713781    0.97106100    0.95981900    1.21102120    1.20472472    1.21266551
EBH_STAEQ/6140-6194     1.22054282    1.41812539    1.00579973    1.07374178    1.15867208    0.00000000    1.21891092    1.14577647    1.31320447    1.88371880    1.46928159    1.19341328    1.67898454    1.97748819    1.65879963    1.60048679    1.57582961    1.59755334    1.60977571    1.55988755    1.34739253    1.58788509    1.36389405    1.30082128    1.57743069    1.58361805    1.53978004    1.51637930    1.13593049    1.42760134    1.34173404    1.72039939    1.48616383    2.13379984    2.18671283    1.58916252    1.94788145    2.58683893    2.19220431    1.51044387    1.55263119    1.56753202    1.86080629    1.32245534    1.44144602    1.21277667    1.63863768    1.42418052    1.50792266    1.27725750    1.42824097    2.22102143    2.52380127    1.97540135    2.01829600    2.84050329    2.68093599    2.77337234    2.44574944    2.71042332    2.23765835    2.54039275    1.97108688    2.61726631    2.63594136    2.17398556    1.89898838    2.33162107    1.74273719    1.71190190    1.87642909    1.67879457    1.74120119    1.01116082    1.66644308    1.74084519    1.40951454    1.40355898    1.85696765    1.90431722    1.92720103    2.24301802    2.11768402    2.24557503    2.00368103    1.38755857    1.03007489    1.27911106    1.55524470    1.17048751    1.34569816    1.29676296    1.42513874    1.25209332    1.06340519    1.22189840    1.47681565    1.55710559    1.39204057    1.43104298    1.35553831    1.79964120    1.80205279
EBH_STAEQ/7524-7578     1.70291523    1.15359037    0.96230978    1.09404122    1.15795744    1.21891092    0.00000000    1.37262265    1.05628365    1.39878843    1.33955008    1.05420237    1.79538938    1.79814407    2.13925560    1.39911476    1.58569469    1.29669948    1.52689314    1.88335472    1.38169694    1.41020739    1.68241312    1.32840957    1.80229652    1.44282744    1.63744300    1.75609722    1.51515359    1.84317634    1.66586624    1.38158414    1.39845412    2.01049704    2.12525082    1.86404001    1.64058431    2.03730804    1.82447959    1.54832250    1.68978116    1.63849591    1.83835087    1.81924390    1.84941859    1.83535886    1.56286690    1.63470337    1.64809056    2.11573651    2.39563475    2.78975656    1.68930650    1.91523329    1.96488532    2.11610345    2.08355219    2.09100949    1.84232134    2.53453831    1.78058481    1.84764627    1.88576779    2.01387974    1.77383728    2.22515754    2.49153261    2.14784327    1.85129292    1.60036384    1.89641587    1.70828866    1.84636411    1.28505949    1.73089538    1.54837738    1.80326982    1.79021448    1.77781066    1.68535917    1.60069092    1.66815195    2.02476682    2.22789427    2.05378427    1.05240312    1.25441791    1.12641915    1.28133137    1.30683001    1.44801693    1.61101042    1.60874541    1.14539018    1.41471159    1.59277463    1.17903187    1.31528854    1.12721799    1.60495812    1.07801957    1.49772356    1.74583085
EBH_STAEQ/5889-5943     1.22426536    1.30266749    1.11127970    1.11308084    1.12355508    1.14577647    1.37262265    0.00000000    1.23588610    1.69794493    1.21797932    1.32745548    1.68990932    1.48645182    1.53218544    1.79259589    1.36427971    1.21686904    1.63860357    1.49343789    1.00626550    1.14790613    1.58495585    1.69735122    1.81302353    1.54114566    1.55684321    1.56053386    1.15552803    1.53671147    1.41542706    1.87255133    1.56659633    2.37074784    1.79336724    1.43706713    1.41214943    1.81952403    2.06807980    1.74444163    1.28770266    1.69059853    1.80539356    1.27848827    1.22047298    1.37460731    1.33893613    1.22820599    1.67306417    1.34070939    1.46407287    2.59663678    2.39946648    2.56386647    2.16572824    2.29990900    1.84207484    1.83926917    1.55485696    2.10507733    2.44043070    2.31763764    2.21841654    2.70747999    2.28179297    2.70962688    2.65912963    2.28204527    1.67337762    1.72273209    2.01851838    1.62738001    1.64986243    1.26383859    1.80117539    1.60745786    1.33751354    1.22240856    1.17152999    1.58469763    1.32601215    1.37199449    1.19960033    1.77255613    1.56545142    1.11024210    1.14236729    1.47889532    1.73665175    1.03170919    1.04412599    1.72803666    1.62548879    0.88932693    1.34651420    1.50037062    1.18853747    1.33589435    1.47143076    1.37329556    1.63538585    1.47241259    1.66143028
EBH_STAA8/7554-7608     0.90612678    0.92757108    0.54841170    0.66793331    1.07464701    1.31320447    1.05628365    1.23588610    0.00000000    0.73472364    1.00552352    0.78945643    1.40003475    1.32797101    1.34019918    1.14499884    1.04452132    0.91849773    1.12448352    1.18537442    1.19692185    1.11063793    1.06848398    0.95163846    1.15188823    1.42299304    1.06325371    1.21514419    1.00324688    1.38975550    1.04989849    1.37950051    1.27551753    1.35334162    1.55377403    1.19428126    1.20756787    1.52210016    1.54340903    1.19984321    1.35346317    1.32381387    1.55392757    1.35055601    1.20917794    1.20626751    1.45280968    1.52025617    1.19871446    1.61764420    2.06065526    1.62321921    1.74751413    2.29850410    2.04882520    2.29992020    2.18424945    2.25007158    1.89154697    2.82271723    2.00572626    2.17277266    1.77167749    2.44295707    2.49608698    2.40016287    2.04160231    1.45156829    1.18009865    1.37762340    1.62549840    1.49470315    1.41211401    0.98629201    1.26270782    1.07922050    1.24164721    1.25328363    1.18949885    1.39472627    1.16111465    1.56520424    1.47729321    1.70741160    1.55646844    1.04717419    1.33853901    1.39037735    1.08765206    1.23624035    1.17607660    1.30092609    1.26548509    0.97928058    0.80212145    1.22943566    1.27217084    1.01273546    0.90773263    1.19539604    1.08135659    0.94276285    1.34092066
EBH_STAEQ/7398-7452     1.35374376    0.90183684    1.00874981    0.97712912    1.25324525    1.88371880    1.39878843    1.69794493    0.73472364    0.00000000    0.92478463    1.18672735    1.38465546    1.46723112    1.32237809    1.15974291    1.40682258    1.12495830    1.44470410    1.30771951    1.50128356    1.40371147    1.59114605    1.10579673    1.29469774    1.42119185    1.45395683    1.23324381    1.49091594    1.60498399    1.72453688    1.44799733    1.64001746    1.42084788    1.76724666    1.41506079    1.39064219    1.64668851    1.57177494    1.44288258    1.52103838    1.47776251    1.85113502    1.35261506    1.39132610    1.43962088    1.24268761    1.32819209    1.20057836    1.37967485    1.77299455    2.19189286    1.88363154    1.89796738    2.93826784    3.04738422    2.28528937    2.13219439    2.21468395    2.74759064    1.93501805    2.17089602    1.89830568    2.50590121    3.20376569    2.61838990    2.15113555    1.50432812    1.48945339    1.80407998    1.44556378    1.68719914    1.33291506    1.12562257    1.48740334    1.19282669    1.41354361    1.35347475    1.22327936    1.42833062    1.14092352    1.73034733    1.50364306    1.67088569    1.39228155    1.01391736    1.17824823    1.35624687    1.17133598    1.61994553    1.13692461    1.27253797    1.29711279    1.25986622    0.92919128    1.50282912    1.28810294    1.06579315    1.51051867    1.44947436    1.43518604    1.13824610    1.18726145
EBH_STAEQ/7776-7830     1.41176580    1.05528272    0.98167679    0.88004119    0.96153792    1.46928159    1.33955008    1.21797932    1.00552352    0.92478463    0.00000000    1.06021737    1.32342853    1.26379615    1.42898234    0.99850923    1.11137484    1.13331086    1.35875677    0.93429698    1.30249997    1.54211642    1.18792150    1.41814957    1.42317830    1.64084168    1.51667115    1.54947141    1.43126445    1.59353590    1.34133855    1.50077048    1.40305864    2.07995908    1.62357462    1.39011734    1.25313044    1.80621223    1.55386281    1.42354425    1.49698249    1.48048394    1.71643456    1.49130228    1.42838260    1.49467638    1.08008636    1.09036076    1.25074936    1.33849097    1.81212091    2.07898772    2.02485156    1.93596719    2.32229080    2.79907332    2.41576399    2.22599852    2.27826440    2.87555457    2.17590541    2.50031688    2.44626242    2.23882367    2.14884163    2.25744435    1.80828073    1.61680826    1.12440016    1.58122138    1.63807592    1.63163210    1.28459867    1.24175814    1.37871575    1.13417895    1.23991044    1.56320102    1.51555962    1.80784766    1.41462008    1.47129506    1.64494986    1.53514644    1.73349356    1.05266349    1.14038288    1.02531695    1.00489225    1.17324480    1.00006942    1.15245728    1.21525085    1.21744713    1.01836008    1.55835262    1.33324435    1.29006722    1.17857798    1.32585163    1.14986242    1.09140310    1.34806276
EBH_STAEQ/5512-5566     1.38847833    1.18190421    0.89529448    0.93580089    0.98379403    1.19341328    1.05420237    1.32745548    0.78945643    1.18672735    1.06021737    0.00000000    1.24097678    1.36918480    1.52375505    1.43978394    1.04131347    1.16314001    1.48060644    1.24723741    1.16043474    1.12177822    1.28457177    1.19836061    1.33180007    1.59070329    1.42992471    1.51419908    1.21213198    1.73172513    1.38522390    1.56248011    1.21272381    1.40991477    1.66648605    1.15948305    1.41456796    1.40690426    1.52738224    1.53347307    1.53408814    1.27443274    1.40915692    1.16304065    1.01441330    1.27720718    1.57695544    1.43761295    1.17690574    1.19907452    1.55982335    1.63826838    1.78546368    1.80549641    1.88354926    2.17306948    1.95402951    2.43856691    1.87137832    2.34770750    2.12493646    1.94514784    1.53215475    2.19341174    2.07173447    1.90292559    1.99832533    1.52707787    1.32210456    1.39796469    1.45195050    1.19688770    1.11188980    0.97686763    1.55675168    1.08161513    1.21525378    1.68329608    1.68221825    1.74286286    1.25763633    1.52416324    1.77557310    1.79131425    1.68850848    1.15550227    1.11909793    1.02778746    1.09550816    1.37661814    1.36998512    1.57946166    1.62394451    1.16399360    0.94431730    1.33297365    1.25977272    1.18155082    1.01958108    1.39328561    1.10529922    1.24725306    1.52858883
EBH_STAA8/5948-6002     1.30031066    1.19229780    1.29628824    1.26266363    1.40378557    1.67898454    1.79538938    1.68990932    1.40003475    1.38465546    1.32342853    1.24097678    0.00000000    1.20036118    1.11961788    1.05939778    1.13633522    0.94274435    0.93760930    0.96664292    1.14507930    1.12519523    0.82584799    0.93583968    1.14534872    1.24590078    1.20078076    1.26662123    1.12890632    1.12915098    0.96055591    1.29315490    1.07701673    1.68624094    1.79226867    0.78809738    1.08373082    0.88125381    0.81471510    1.04303163    0.97048800    0.68263080    0.93983881    0.80809614    1.06518925    0.87754449    0.98733691    0.89920842    1.25193829    1.23354027    1.38107658    1.20164694    2.15467704    1.83232309    2.36359865    2.53454637    2.47409708    2.19853652    2.22025687    3.22846264    2.85738554    3.09459891    2.29343376    2.96671408    2.56017388    2.00178545    2.03296439    2.24599536    2.08805594    1.46028100    1.36775425    1.25323000    1.11954731    1.10988007    1.39736415    1.23175031    1.58315013    1.56637770    1.26440134    1.52315795    1.47692097    2.12769437    1.50303917    1.73367608    1.98258710    1.18628236    1.35663665    0.94630423    1.37194680    1.09180034    0.82358772    1.50304254    1.69872042    1.25818058    1.21211074    1.38448845    1.13038227    1.12386158    1.41695778    1.40382288    1.77611973    1.60972338    1.48166286
EBH_STAA8/3479-3533     1.50937485    1.13808811    1.38105456    1.47372370    1.33827853    1.97748819    1.79814407    1.48645182    1.32797101    1.46723112    1.26379615    1.36918480    1.20036118    0.00000000    0.98477590    1.11665182    0.79233976    0.88002082    0.85657482    0.90113724    1.19493450    1.01477786    0.79699136    1.12120870    1.00547278    1.11522494    0.97033346    1.01382482    0.98895957    0.95268743    0.82913879    1.09503829    1.19034426    1.22346798    1.33828851    0.92641132    0.96339692    1.18226547    1.16828041    0.95224441    1.03504944    0.91422423    0.87224866    1.06858232    0.95039764    0.93248231    1.03462008    0.97390298    1.21513430    1.15388630    1.55592582    1.49362340    1.78500716    1.78473593    2.76572418    2.54550946    2.38802329    2.33411454    2.30608862    2.68738194    1.79051542    2.19246119    2.39201063    2.74269205    2.88121438    2.18839507    1.85903745    1.97860615    1.80437281    1.38309923    1.37406329    1.31630310    1.29654333    1.55323853    1.53806126    1.06116634    1.28128373    1.12381365    1.34276915    1.54783371    1.31355967    1.34676651    1.46833828    1.44344642    1.27194352    1.48590814    1.72117279    1.33197173    1.42719685    1.30949159    1.20241605    1.67311245    1.89586131    1.55722219    1.51055955    1.65866514    1.12940730    1.27428598    1.45867330    1.71817700    1.73979538    1.46274996    1.55896384
EBH_STAA8/6326-6380     1.41368979    1.34729020    1.37202619    1.52175168    1.45807182    1.65879963    2.13925560    1.53218544    1.34019918    1.32237809    1.42898234    1.52375505    1.11961788    0.98477590    0.00000000    0.77327458    0.95865942    0.95263118    0.98530045    0.96481259    1.21154496    1.02732027    0.83656779    1.18504655    1.00294350    1.15779593    1.08811182    1.12042409    1.04272483    1.03328204    0.94523729    1.24888649    1.12179394    1.45565306    1.62808650    0.72013811    0.88820463    1.05462010    1.11962666    0.97539133    0.97306435    0.91028020    0.98955912    0.84187353    1.08743637    1.04080301    0.64290093    0.81065772    1.33124052    1.23114102    1.53210630    1.85191910    1.95292427    2.00881772    2.70003213    2.92671966    2.99916161    2.41005812    2.20728148    2.82239233    2.11087143    2.25907987    1.91423925    2.01454257    2.05878126    1.94373797    1.60200124    1.82442406    1.61125481    1.44314253    1.29194048    1.04824486    1.35789285    1.21531879    1.06983534    1.20545756    1.23872191    1.28999435    1.50604225    1.16307614    1.49464566    1.53273382    1.97131456    1.89196401    1.64032040    1.81389291    1.53853305    1.91271113    1.95232560    1.52334604    1.18187567    1.73227240    1.67447553    1.19728506    1.46508539    1.90087347    1.32599106    1.36232092    1.47728229    1.78459832    1.92245138    1.65435855    1.28379035
EBH_STAA8/7051-7105     1.38455303    1.10400766    1.00290909    1.07966291    1.13432728    1.60048679    1.39911476    1.79259589    1.14499884    1.15974291    0.99850923    1.43978394    1.05939778    1.11665182    0.77327458    0.00000000    0.85785930    0.70702192    0.66385497    0.77108411    0.97000329    1.06136637    0.71704161    0.79305352    0.65736071    0.95857762    0.80574877    0.75643721    1.04969485    0.97142877    0.81121013    0.97387381    1.00854951    1.56792339    1.21685806    0.85578114    1.14160580    1.26545467    1.17243268    1.09478884    1.06541605    1.00116127    1.15796595    0.96037191    1.08158926    1.06553974    0.93295341    0.79876467    1.25427914    1.21351570    1.50727441    1.82069451    1.20158554    1.48664985    2.17849722    2.47831850    1.97241654    1.92450893    1.87135727    1.86615025    1.50955648    2.01792835    1.50104133    1.92376976    1.76312631    1.29382717    1.55219023    1.53469907    1.41903413    1.62845127    1.44214980    1.35109101    1.21269454    1.25483255    1.36376646    1.33759892    1.40284517    1.19986645    1.20460291    1.33707339    1.12865217    1.76436681    1.34319023    1.60906201    1.86217037    1.34485035    1.57544361    1.63564296    1.47971567    1.39749015    1.09769821    1.23835153    1.32082509    1.54171203    1.54005301    1.77542298    1.22199682    1.08359178    1.43259480    1.21135867    1.39162747    1.50272608    1.53751153
EBH_STAA8/3353-3407     1.53136610    1.14205537    1.04856466    1.00667322    0.96511708    1.57582961    1.58569469    1.36427971    1.04452132    1.40682258    1.11137484    1.04131347    1.13633522    0.79233976    0.95865942    0.85785930    0.00000000    0.47878518    0.66591085    0.77754942    0.83580272    0.84390996    0.60825786    0.96313398    0.75282708    0.85927350    0.67656440    0.78356147    1.07957469    1.01533405    0.93336389    1.18909659    1.17948621    0.96560459    1.23178107    0.93819568    1.01980783    0.92657933    0.90883198    0.79362392    0.99506108    1.00047911    1.21532455    0.95882042    0.93396392    0.92929081    0.84775303    0.94923051    1.20689726    1.33925361    1.33181346    1.58156084    2.08475972    1.93312887    2.67943240    2.03769030    2.15994015    2.09429078    2.06839181    2.47456948    2.18181319    1.78640979    1.65784610    2.45306389    2.59308174    1.87091720    1.79937485    1.78417153    1.47817573    1.40990087    1.75887400    1.45307850    1.15380377    1.32270585    1.15251658    1.10439737    1.40331572    1.57858096    1.24794509    1.24803466    1.00255790    1.52688402    1.49797044    1.55162465    1.51731556    1.35451625    1.61529527    1.28070352    1.30442735    1.43076937    1.07657455    1.64776273    1.65888674    1.17348386    1.25775107    1.19669570    1.01334761    1.20264148    1.08142485    1.67806306    1.33644165    1.36620522    1.21556521
EBH_STAA8/6074-6128     1.37870847    0.93942842    0.89489495    1.08756757    1.00184539    1.59755334    1.29669948    1.21686904    0.91849773    1.12495830    1.13331086    1.16314001    0.94274435    0.88002082    0.95263118    0.70702192    0.47878518    0.00000000    0.63583432    1.01533279    0.65625067    0.79833471    0.63253110    0.96260075    0.79276387    1.04895853    0.83428735    0.95654303    0.95534292    1.04582583    0.80883694    0.99010461    0.84705176    1.13982966    1.54102113    0.94004489    0.98409667    1.00765143    1.01133255    0.77664069    0.87401509    1.03446993    1.15214716    0.86219855    1.06365435    0.84766520    0.84271176    0.80869538    1.22666099    1.36165915    1.25073130    1.59311402    1.91499727    2.12675405    2.35424761    1.82254728    2.03502352    1.78686514    2.00031881    2.34838981    1.94292044    1.82335811    1.59798985    1.96465391    2.13322171    2.14940751    1.80632825    1.34440363    1.26453847    1.23888052    1.54340063    1.35055852    0.94166781    1.15763944    1.27876301    1.34470233    1.40406642    1.38921108    1.06460967    1.12156851    1.04213438    1.27360706    1.51980771    1.36708536    1.33885439    1.29080562    1.54489551    1.22015242    1.25974762    1.34981504    0.82438987    1.40012092    1.45014231    1.17156932    1.25227930    1.29797905    1.14587527    1.08824061    1.16973997    1.69921444    1.19669727    1.40904468    1.26358747
EBH_STAA8/6452-6506     1.18416832    1.00297254    1.00709812    1.02439404    1.08727394    1.60977571    1.52689314    1.63860357    1.12448352    1.44470410    1.35875677    1.48060644    0.93760930    0.85657482    0.98530045    0.66385497    0.66591085    0.63583432    0.00000000    0.59121669    0.75652396    0.69246793    0.58407610    1.02963676    0.71715934    0.81296702    0.80353170    0.72552878    0.95046874    0.93103135    0.77289902    1.07537851    1.11630243    1.23536513    1.45325464    0.98310037    0.89187939    1.05949903    1.03823808    0.84193704    0.76275170    0.77527742    1.02501696    0.86377212    0.88709436    1.00148869    0.86411717    0.97669693    1.23304923    1.07514186    1.25279525    1.33393620    1.60670315    2.29189836    2.85528431    2.79038045    2.41093287    2.31675485    2.34927918    2.52726200    1.85353646    1.96873081    2.03365552    2.62696543    2.53377074    2.13540117    2.03969835    1.98533751    1.74496248    1.37705413    1.60005201    1.14111305    1.21367344    1.13125368    0.99809790    0.90973719    1.37487678    1.31698355    1.13162686    1.32947178    1.30252752    1.68008705    1.29243228    1.44406895    1.70297964    1.54481478    1.91456833    1.57170902    1.58871778    1.24823034    0.98455997    1.37669663    1.47680675    1.22768591    1.47671905    1.59007572    1.15651049    1.16268359    1.21573000    1.17767902    1.38636002    1.34342020    1.33489001
EBH_STAA8/6925-6979     1.35283763    0.90649212    1.00652173    1.06056400    1.28018399    1.55988755    1.88335472    1.49343789    1.18537442    1.30771951    0.93429698    1.24723741    0.96664292    0.90113724    0.96481259    0.77108411    0.77754942    1.01533279    0.59121669    0.00000000    0.94695329    0.97551002    0.67540918    0.96009820    0.89426091    1.00478957    0.96355033    1.00050463    0.98865873    1.02255239    0.80389113    1.26501174    1.05798489    1.47357666    1.32383343    0.86386809    0.99636619    1.14892106    1.05308357    0.98048562    1.04949080    1.02302227    1.19380226    0.99607456    1.07998509    1.13811904    1.05565603    0.86222138    1.20119582    1.41678888    1.31476433    1.44546198    1.91727605    2.09043704    2.36669187    3.02703623    2.36057984    2.31552081    2.34099876    2.74289362    2.08368236    2.03388073    1.67311805    2.64214340    2.49757056    2.14064246    1.77151897    1.66153013    1.54039523    1.53650127    1.48925449    1.60172391    1.16197807    1.16407008    1.25455651    1.30457438    1.14038053    1.30342151    1.48876887    1.73277743    1.29938806    1.52587572    1.41712873    1.65601498    1.93183224    1.47244619    1.41719609    1.71656063    1.63142813    1.47433309    1.07302638    1.14337390    1.49435703    1.39172752    1.41814590    1.56998912    1.32438768    1.18777013    1.54614534    1.35760675    1.71787864    1.38214217    1.61491844
EBH_STAEQ/3874-3928     1.34204411    1.00820790    1.05618003    1.02954377    0.99658948    1.34739253    1.38169694    1.00626550    1.19692185    1.50128356    1.30249997    1.16043474    1.14507930    1.19493450    1.21154496    0.97000329    0.83580272    0.65625067    0.75652396    0.94695329    0.00000000    0.80673110    0.76287006    1.05744974    1.04599177    1.07826232    0.96808685    1.07241331    1.00924942    1.15827378    1.00784572    1.32292371    1.03278380    1.30146710    1.19759426    1.24906358    1.18465391    1.28683716    1.30013550    0.95646813    1.15918184    1.12544814    1.22241137    1.04105315    1.41145267    1.13294980    1.07991039    1.03292773    1.58488152    1.49420117    1.05439621    1.83630888    2.25602519    2.26418118    2.99720278    2.39841695    2.37535478    2.20335933    2.40440212    2.69160378    3.03510598    2.52453529    2.00609568    2.44281889    2.26143898    2.12392292    2.25841338    1.88243869    1.68319532    1.64077960    1.94820318    1.50260169    1.37758160    1.10131495    1.52131201    1.26506904    1.23568484    1.43959120    1.34297165    1.53596557    1.12831328    1.48012044    1.12337843    1.57812431    1.71443887    1.28981689    1.65380938    1.64496170    1.84120447    1.35244803    1.25220140    1.82666693    1.92971735    1.37920439    1.61139425    1.82769125    0.93205920    1.15071866    1.18152023    1.50360417    1.50503874    1.46835219    1.93929015
EBH_STAA8/6799-6853     1.21444501    1.06305954    0.77056364    0.96617064    1.18112027    1.58788509    1.41020739    1.14790613    1.11063793    1.40371147    1.54211642    1.12177822    1.12519523    1.01477786    1.02732027    1.06136637    0.84390996    0.79833471    0.69246793    0.97551002    0.80673110    0.00000000    0.82482507    1.20243168    0.92214548    0.88703548    0.98309192    1.04830173    1.08744984    1.22288769    1.09840642    1.15678229    1.18502355    1.12897579    1.57443123    0.96350346    0.94161438    0.97038751    1.31478335    0.94362445    0.89613768    1.07791623    1.11618501    0.99116787    0.98222647    1.18589264    1.03353642    1.03567313    1.36767054    1.29576936    1.69453273    1.58509024    1.85680591    2.52611775    2.47172724    2.58080720    2.73218532    2.48326177    2.35063897    2.65175820    2.58889502    2.55805743    2.38008191    2.56404353    2.30473001    2.37570927    2.80360677    2.01434039    1.75357625    1.56472668    1.92309023    1.63567787    1.41939630    1.09198534    1.57520196    1.10465157    1.23582582    1.37322062    1.43591913    1.19700772    1.21944719    1.40582270    1.46222163    1.46930497    1.78466886    1.40744462    1.43706371    1.57124115    1.60865007    1.12145112    0.98856987    1.87258561    1.80547575    0.91085689    1.32419658    1.40892302    0.92008752    1.38102095    1.27819414    1.26159003    1.40603468    1.41549958    1.17366031
EBH_STAA8/7177-7231     1.32965051    1.09705128    1.06023951    1.01253746    1.10010122    1.36389405    1.68241312    1.58495585    1.06848398    1.59114605    1.18792150    1.28457177    0.82584799    0.79699136    0.83656779    0.71704161    0.60825786    0.63253110    0.58407610    0.67540918    0.76287006    0.82482507    0.00000000    1.15235047    0.76561983    0.93288557    0.96200204    0.96224262    1.00954695    0.89755999    0.78425961    1.02602068    1.12812991    1.43020192    1.46796652    0.86308008    1.05656839    1.36497650    0.92598485    0.81297374    0.96954358    0.94061207    0.95421718    0.97998683    1.04274058    0.82971173    0.85328319    0.96352149    1.55574519    1.27755440    1.50734456    1.40005402    2.04148825    2.54622996    3.21565322    2.72373937    3.24946101    2.85085634    3.01256556    3.40160044    2.42031892    2.71775708    2.30108987    2.33325252    2.55701530    2.32090395    2.56516457    2.07301077    1.95828443    1.73491625    1.50804749    1.42542906    1.50977272    1.09995913    1.35086332    1.23756708    1.10301625    1.30646832    1.25165852    1.42098454    1.17714973    1.84330221    1.52417863    1.53149587    1.45016759    1.42444641    1.73769583    1.54482597    1.22861704    1.37678770    1.07076246    1.34800415    1.52613653    1.37990308    1.54043594    1.77138095    1.27138273    1.26657828    1.08748194    1.48532361    1.49700652    1.70155351    1.55861021
EBH_STAA8/3605-3659     1.26719282    1.43671507    0.96183303    1.28128184    1.21335824    1.30082128    1.32840957    1.69735122    0.95163846    1.10579673    1.41814957    1.19836061    0.93583968    1.12120870    1.18504655    0.79305352    0.96313398    0.96260075    1.02963676    0.96009820    1.05744974    1.20243168    1.15235047    0.00000000    0.65713542    0.66237135    0.61116410    0.80562757    0.75064284    0.85223441    0.81206421    1.09635999    1.03187882    1.11822703    1.16950989    0.83369615    1.11338891    1.05542369    1.13352410    1.15745700    1.09316337    0.69855611    1.11187901    0.92043297    1.00661652    0.97359536    1.18931284    0.92256915    1.35707995    1.57056989    1.27962242    1.66402911    1.45983502    1.70630954    2.13747801    2.71734406    2.52484074    2.40029680    2.35711387    2.94212952    1.93926828    2.24571870    1.53239975    2.03156045    2.09064368    1.61582747    1.32251754    1.92098450    1.60523827    1.46468700    1.42701370    1.35919014    1.24428374    1.19519829    1.35011689    1.37081759    1.68237728    1.43144198    1.25234635    1.65061015    1.26507247    1.85331815    1.42398417    1.96262811    1.66493533    1.22930783    1.71459356    1.16019822    1.47411482    1.54949484    1.02450678    1.32774824    1.50449029    1.47760305    1.24623862    1.37042132    1.17594949    1.10080545    1.36844884    1.09820702    1.31146468    1.53914322    1.44891998
EBH_STAA8/3731-3785     1.20863327    1.26984981    1.19279853    1.11185372    1.24744784    1.57743069    1.80229652    1.81302353    1.15188823    1.29469774    1.42317830    1.33180007    1.14534872    1.00547278    1.00294350    0.65736071    0.75282708    0.79276387    0.71715934    0.89426091    1.04599177    0.92214548    0.76561983    0.65713542    0.00000000    0.61564732    0.65401445    0.72368402    0.81600253    0.79035624    0.72017235    1.02980661    0.86840447    1.26737259    1.38973836    0.92562891    1.01057968    1.12389817    1.08595170    1.04578549    0.95160215    0.80233255    1.15593094    0.85707850    0.92796799    0.91311901    0.94036673    0.73176292    1.17390621    1.31415155    1.26662920    1.55696509    1.42873672    1.89877359    2.87945518    2.68738731    2.60452072    1.86643197    2.24010515    2.69026745    1.78753859    2.01661851    1.67469193    1.93219612    2.15442821    1.76316532    1.47098884    1.70304392    1.66521243    1.47482496    1.36061590    1.30860519    1.33738640    1.45848161    1.60239891    1.23625812    1.46899806    1.54233868    1.34401251    1.30053285    1.46285555    1.85563238    1.51185543    1.85607220    1.67871085    1.20959429    2.14867676    1.70115669    1.93629839    1.78004109    1.16070385    1.51756713    1.89170228    1.52317457    1.66345120    1.45018724    1.40434269    1.30300636    1.24371000    1.47772372    1.36629691    1.89909598    1.46914901
EBH_STAA8/3857-3911     1.32146405    1.42722515    1.28868546    1.55847704    1.36375029    1.58361805    1.44282744    1.54114566    1.42299304    1.42119185    1.64084168    1.59070329    1.24590078    1.11522494    1.15779593    0.95857762    0.85927350    1.04895853    0.81296702    1.00478957    1.07826232    0.88703548    0.93288557    0.66237135    0.61564732    0.00000000    0.42042180    0.48271464    1.08624038    0.78030842    1.10486970    1.03417208    1.07038712    1.29783932    1.45827852    1.22945234    1.60505768    1.65185982    1.67887356    1.24054730    1.12187157    0.83400294    1.14605411    1.22728448    1.12888493    1.20772282    1.15413373    1.09297006    1.33819737    1.44231694    2.03502273    1.89905552    1.75205683    2.05524052    2.64195346    2.82947340    2.45023595    1.98348829    2.04533568    3.29770739    2.17563658    2.23179819    1.85563478    2.53184882    2.66898477    2.09668309    1.81706241    2.43516177    2.12494380    1.81577420    1.61578816    1.49702786    1.63312502    1.54760282    1.57170987    1.30813374    1.51743194    1.47469758    1.37488682    1.79744944    1.38692106    1.83170915    1.45974574    1.70022940    1.70455812    1.49477561    1.60851000    1.58251352    1.78792649    1.69855902    1.17402051    1.57782835    1.52859681    1.56186303    1.44261885    1.74300948    1.36874697    1.83053584    1.69494861    1.19600374    1.70236279    1.86750559    1.42036735
EBH_STAA8/4739-4793     1.49693373    1.54966131    1.07034183    1.05766369    1.39204824    1.53978004    1.63744300    1.55684321    1.06325371    1.45395683    1.51667115    1.42992471    1.20078076    0.97033346    1.08811182    0.80574877    0.67656440    0.83428735    0.80353170    0.96355033    0.96808685    0.98309192    0.96200204    0.61116410    0.65401445    0.42042180    0.00000000    0.32037050    0.87314619    0.89996782    0.83828270    1.06346861    1.11815570    1.63402749    1.41881169    1.36367315    1.29319456    1.57429843    1.59850745    1.35794685    1.04757140    0.79734386    1.13148146    1.13004733    1.07674684    0.95184472    1.13309519    1.00994632    1.43276935    1.43537208    1.66971196    1.59476466    1.68735465    2.05363321    2.65928002    2.39753466    2.61594527    2.29228741    2.19288104    2.54774022    1.77171436    1.93617507    1.74918436    2.74934212    2.60963002    1.82421458    1.57294765    2.10830223    1.54364941    1.50226124    1.48383607    1.30709906    1.48696098    1.62515502    1.50785427    1.17898951    1.27891806    1.40743381    1.24410450    1.48218472    1.16811864    1.94948721    1.37633137    1.81342392    1.74031044    1.26596378    1.87466105    1.44628267    1.51673010    1.66384231    1.16668803    1.36061345    1.38071403    1.46901134    1.37495604    1.40544103    1.33059146    1.41406401    1.23948656    1.21438006    1.47095205    1.60921960    1.15575068
