148
H3FD63_PRIPA/675-728     0.00000000    1.57330864    1.25245396    1.46663964    1.58018745    2.22313083    2.18580903    1.85135749    1.99765554    1.73900085    1.98998262    1.76178542    1.86740265    1.94555076    1.98873064    1.99249621    1.88930502    1.30388720    1.91977987    2.00336116    1.53028997    1.78064867    1.94749427    1.86121425    1.97239458    1.82372233    1.72238690    1.64966642    1.38912366    1.46391101    1.33444070    1.90320495    1.65750569    1.32345220    1.92561516    1.80097251    1.74181366    2.43085858    2.03828747    1.86056636    1.63875240    1.66993560    2.09292895    1.97310098    2.03790756    2.48653767    2.18539422    2.07191298    1.86032894    1.49995362    2.07359692    1.71614928    1.68535114    1.67974855    1.64478257    1.86778366    1.59803338    1.45216652    1.45658512    1.43787800    1.53708873    1.60051983    1.51545710    1.68269171    1.86332779    1.68498397    1.83433553    1.55818321    1.88399324    2.04493346    1.52166529    1.56224897    1.38316503    1.63643060    1.47527774    1.83339421    1.91397712    1.93031492    1.84650591    1.79251389    1.92754976    1.82819637    1.63977176    1.94742979    1.39846160    2.05194887    1.92012348    1.63681264    1.73778122    2.27935313    1.99019722    1.88620146    1.95468060    2.21690561    1.87132955    1.86039370    1.61403472    1.68814351    1.57396442    1.49657081    1.54551001    1.58845740    1.91503151    1.87731442    1.89478557    2.06909861    2.07995816    2.28797028    1.75455373    1.98886240    1.88879123    1.81795360    1.87589339    1.82602328    1.64755169    1.99848976    2.07880221    1.93954744    2.31099915    2.37844868    2.28879969    2.27924737    2.26407247    2.32678505    1.94608669    2.43668436    2.36086686    2.02301099    2.08888816    2.21579567    2.46826113    2.77175991    2.17450792    1.70118249    2.04988787    2.10648217    2.64768144    1.89926015    2.28987889    2.36282939    2.46801829    2.26695034    2.13019160    2.46510420    2.13158575    2.19658367    1.84502305    2.79620414
H3FD63_PRIPA/1067-1122     1.57330864    0.00000000    1.25408648    1.59986957    1.57932567    1.76053332    1.90536603    1.79297407    1.89605761    2.05506222    2.00331499    1.95771722    1.85390787    2.13010494    2.05188906    2.07479791    2.42197788    1.73628860    1.97176345    2.02724368    1.33850731    1.68521522    1.57433761    1.80903186    1.81003617    1.52797735    1.45461902    1.79975822    1.67620008    1.64852019    1.47783715    1.87320211    1.84542021    1.93122701    2.03498553    2.10113544    1.98331869    1.79135542    1.83419272    1.63829639    1.84062807    1.64831575    1.61602662    1.59892535    1.59447697    1.91329699    1.88208563    1.65630904    1.65061201    1.42874592    1.34701043    1.54388994    1.58280251    1.62608551    1.43120156    1.63385260    1.54217825    1.60242484    1.52742187    1.68771745    1.17926107    1.47725427    1.53772505    1.59853397    1.76463962    1.64068555    1.35756009    1.32742068    1.54643807    1.68019440    1.25794513    1.09962629    1.31871271    1.58828707    1.42268721    1.38065145    1.59783681    1.34184111    1.47839688    1.60970941    1.46119595    1.30738408    1.22573366    1.60805174    2.00968224    2.28907531    1.79552413    1.47520994    1.59922492    2.15827970    1.90745237    2.09312580    2.02606571    2.53306832    2.04244629    2.11951255    1.67992364    1.63353525    1.42754821    1.54157475    1.52201262    1.55325567    1.96474683    1.82323778    1.52617591    1.69490247    1.71438301    2.16453986    1.96738790    1.69551580    1.81217771    1.76682552    1.56729244    1.53970791    1.93709736    2.41159084    1.93532411    2.04066209    2.35595644    2.31511654    1.93786998    2.35979031    2.08946501    2.08837893    1.86248330    2.26877893    2.33376728    2.33295252    2.13550265    2.34253227    2.23398798    2.42183377    2.12713808    2.05047740    2.23048185    2.08766637    2.05912871    1.96753011    2.14074083    2.03076203    2.05721477    1.93521233    2.12762410    2.25773632    2.05245172    1.94332213    2.04898194    2.15631336
K7GY10_CAEJA/661-715     1.25245396    1.25408648    0.00000000    1.74967237    1.47954685    1.84852715    1.77126797    1.83774829    2.00420969    1.86582578    1.99571539    1.76715120    1.55245424    2.04154307    1.85301501    1.89632911    2.08402702    1.39712465    1.54648733    1.59874100    1.39670105    1.42094314    1.63339598    1.78040656    1.83761052    1.60297324    1.63789394    1.60993567    1.59348589    1.47503893    1.56122293    1.93434895    1.84010262    1.69790744    2.32698075    2.25043918    1.77732819    1.70748060    1.87371146    1.44460588    1.64919280    1.50911195    1.45123475    1.52652484    1.45865251    1.99212098    1.77195655    1.84763550    2.07245479    1.56607332    1.52013620    1.51550108    1.53277529    1.50789859    1.62502060    1.47806674    1.52977843    1.27728150    1.56307489    1.28778562    1.43134987    1.67297388    1.82619358    1.80610139    1.80442584    1.70328008    1.52466979    1.57068582    1.47712989    1.81715200    1.27780138    1.34782047    1.22774620    1.34515151    1.36261346    1.69501805    1.82764205    1.62773621    1.65556124    1.51503384    1.53707423    1.69190660    1.51166510    1.59821561    1.58255899    2.20866255    1.81170577    1.86003402    1.60220127    1.95814699    1.34530757    1.52705576    1.53151198    1.87031373    1.87558281    1.55168494    1.69563789    1.43589215    1.26978947    1.66359004    1.56045098    1.76363972    2.08464863    1.91518014    1.87605000    1.35001280    1.68492099    2.05334000    1.72320944    1.87429804    1.78188679    1.84197772    1.77709979    1.77264808    1.44540092    2.30804469    2.12835380    2.35577318    2.32398541    2.03536318    2.15642599    2.16603705    2.06149633    1.80301666    1.73518713    1.95478427    2.03402605    1.75582763    2.15764817    2.14801557    2.29558022    2.17684830    2.09681668    2.28114430    2.22421700    2.22145482    1.83838569    1.92415329    2.30287187    2.03663974    1.97849746    2.00743308    1.96150730    1.91334507    2.19553043    1.98333934    2.06924554    2.33499864
A0A2H2IEQ3_CAEJA/1232-1283     1.46663964    1.59986957    1.74967237    0.00000000    1.01718780    1.17191005    1.43548845    1.29036172    1.20263824    1.24539815    1.27831712    1.68265708    1.66942567    1.59907365    1.52778457    1.63661596    1.30276078    1.08009979    1.87368650    1.89047698    1.59241405    1.31907139    2.19329903    1.81093363    1.62797072    1.45924224    1.78678638    1.77193444    1.73753525    1.51597435    1.31134824    1.61689203    1.30056808    1.45670590    1.52632475    1.41455418    1.41491694    1.96157218    1.66690268    1.24305977    1.43259881    1.29860899    1.68210545    1.57109848    1.68195985    1.72049546    1.95448192    1.64695641    2.01424085    1.57858135    1.93887363    1.41656689    1.47206512    1.40630673    1.40380811    1.65624594    1.35349003    1.59976450    1.51841509    1.52820561    1.37534371    1.50774689    1.62388665    1.79843150    1.28511542    1.49978263    1.17614535    1.33750312    1.60688503    1.65710082    1.13331091    1.40726141    1.12585599    1.34020523    1.26627003    1.33868907    1.47593360    1.24896650    1.41632290    1.29681883    1.49814473    1.19884484    1.27369844    1.34129865    1.71818264    1.91118169    2.06480437    1.64888700    1.94383456    1.93363109    2.08223611    2.05986597    2.01947450    1.49113365    1.65568301    1.77859592    2.08658965    1.80282984    1.59793638    2.16133898    1.79408418    1.87055576    2.04807551    1.48111361    1.80146783    1.90169296    2.31182347    2.12936740    1.46543108    1.43718820    1.47392904    1.35347276    1.51621023    1.50145180    1.35212444    1.50627159    1.66321905    1.45203129    1.62245078    1.42633471    1.78862704    1.76053831    1.92882949    1.91028175    1.68251726    1.98639713    2.13583240    1.93456171    1.65760718    1.88988699    1.90422146    1.96046530    1.72248557    1.95129880    1.57752873    2.01851627    2.21685083    1.85839565    1.95268965    1.53608972    1.56940785    1.42113248    1.69922892    2.21307368    1.90814662    1.89222532    1.83716106    1.80888974
A0A2H2IEQ3_CAEJA/1287-1338     1.58018745    1.57932567    1.47954685    1.01718780    0.00000000    1.48627996    1.48834803    1.35511376    1.18739613    1.33330228    1.31706114    1.58858777    1.89015077    1.48075947    1.37209535    1.42318456    1.45608884    1.07631215    1.77577541    1.79004686    1.36670380    1.57801083    1.88303482    1.75251150    1.74952682    1.46048532    1.66603753    1.40971530    1.69949446    1.16682032    1.12305517    1.49350892    1.43533052    1.57438912    1.64344433    1.44410596    1.60234426    1.54911761    1.41710371    1.19745153    1.21174739    1.23299896    1.64354924    1.52690475    1.54520966    1.29104426    1.75307575    1.27624009    1.50958201    1.38209421    1.57186292    1.50734044    1.39482659    1.33084627    1.37127364    1.69348762    1.74294988    1.42702552    1.53070406    1.51973676    1.28519058    1.66232704    1.83737922    1.96025131    1.73424812    1.49880211    1.34827238    1.34725250    1.38674446    1.39356857    1.16525814    1.23368275    1.13367078    1.28032299    1.46661381    1.49401739    1.57129477    1.55094825    1.49356803    1.29930889    1.58064088    1.30226595    1.66876004    1.64271632    1.24290475    1.80488595    1.60956333    1.82605269    1.93997108    2.16645316    1.65216754    2.00099688    1.71828695    1.75030195    1.56056322    1.51036916    2.11834803    1.77553630    1.73004259    1.92922301    1.90406559    1.91029785    1.83138249    2.01925440    1.69971578    1.75475614    1.77044407    2.18208262    1.64089137    1.73195261    1.88681023    1.62587872    1.60171427    1.73758403    1.55857012    1.83752903    1.65175648    1.52580955    1.99914111    1.83531712    1.93112764    1.77399015    1.66934145    1.81880476    1.61548774    2.29553354    2.51195498    2.49065442    1.57719532    1.72538157    1.69623303    1.90698443    2.01502288    1.86235003    1.36662578    1.86087894    1.79594840    1.92259771    2.07076579    1.95068967    2.10612514    2.00403311    1.61640776    1.74937906    1.70689969    1.74321553    1.76193102    2.53821607
O62504_CAEEL/1162-1213     2.22313083    1.76053332    1.84852715    1.17191005    1.48627996    0.00000000    1.42214875    1.30158222    1.35018056    1.57177144    1.55318043    1.82386177    1.69722403    1.88434258    1.62227201    1.87101730    1.56465515    1.24944303    2.37910759    2.28956053    1.58080689    1.42009443    1.76467308    1.45840093    1.46143094    1.72919793    1.95248790    1.92536820    1.77229679    1.60037606    1.64402129    1.58957897    1.82110676    1.84636577    1.58269380    1.64701721    1.79765478    1.65126711    1.43887838    1.52958861    1.71822576    1.79121240    1.76833968    1.77103754    1.90814797    1.78504327    1.92754924    1.59895491    2.02255459    2.28864008    2.16216008    1.91856783    1.73666536    1.74619511    1.66184832    1.81107061    1.78622157    1.53137364    1.82202214    1.97368976    1.39647573    1.53363169    1.78780412    1.95745119    1.73731665    1.61691979    1.35019689    1.37447551    1.56935761    1.58389274    1.35932491    1.43135058    1.52832287    1.43724520    1.38411633    1.47280307    1.62925800    1.51884623    1.58502056    1.62168591    1.69715411    1.30582422    1.64122833    1.58989173    1.86294398    1.65152773    2.19493042    2.01535868    1.63834662    1.89740698    2.10098406    2.24889592    2.36213308    2.36622730    2.03309580    1.90584957    2.26954364    1.85333333    1.88454846    1.98838383    1.92845230    1.99925337    2.43302173    1.80574730    1.63224998    1.69301531    2.26236485    1.72105216    1.86598212    1.75578991    1.86216534    1.71841810    1.98263808    1.90840744    1.52464064    2.13592467    2.29229604    1.88041281    2.10327600    1.78216475    1.99563201    1.99706417    1.87822883    1.86274054    1.65190623    2.11961233    2.12323358    2.12049340    1.69111897    1.46819230    1.87455682    1.66461629    1.77519638    1.78251994    1.70943013    2.11556531    2.25327645    1.53940333    2.18195577    1.81869649    1.89869406    1.43093142    1.96646307    1.85331855    2.14235006    1.96948206    1.74456139    2.18640641
YN81_CAEEL/1225-1276     2.18580903    1.90536603    1.77126797    1.43548845    1.48834803    1.42214875    0.00000000    1.00502536    1.54485981    1.40956103    1.64404441    1.76923869    1.38456353    1.60516639    1.51194246    1.42195190    1.30727053    1.15775586    1.65888219    1.70071971    1.46569928    1.50232706    1.86617809    1.72688920    1.73245436    1.61704858    1.98290138    2.11128477    1.64616119    1.93980870    2.07343137    2.18407681    1.46265781    1.74607101    1.67738838    1.68586869    1.93568406    1.93511673    1.56458054    1.21267153    1.78932690    1.90233822    1.97691112    1.62729885    1.63283058    1.89229986    1.58925829    1.37950532    2.34864670    1.81398447    2.37425165    1.56771081    1.60775961    1.54069740    1.42228988    1.69770572    2.02852753    1.55306258    1.82068513    1.71697654    1.40313944    1.56306944    1.77240447    1.73875238    1.73646642    2.02314521    1.53917885    1.66446898    1.50720168    1.58100143    1.54501734    1.43974437    1.59684947    1.51075636    1.26374527    1.26856458    1.07381794    1.09876930    1.33754775    1.10532260    1.48157573    1.38554178    1.07451697    1.17205809    1.91236718    1.59331987    2.02853831    1.52553345    1.66268221    1.71999948    1.68728772    1.78498296    1.92402842    1.55354658    2.06077697    1.82163901    2.19246279    1.74894017    1.58598446    2.09654841    1.74258475    1.66484712    2.18774080    1.78257569    1.62092852    1.39114055    1.61028551    1.87288302    1.80630712    1.97194407    1.33333531    1.56754875    1.48914259    1.50856534    1.73422608    1.68074222    2.29143136    1.86412908    1.97001608    1.32336374    1.78507864    1.65295933    1.71644820    1.59577219    1.50107458    1.42220912    1.50702620    1.41798533    1.43109774    1.44046887    1.47948863    1.77351234    1.64489107    1.43337494    1.37675094    2.34796148    1.95514924    1.54697924    2.02002198    1.86160811    1.91867719    1.69580786    1.75213825    1.88452428    1.57892901    1.67896590    1.74986044    2.31475646
E3NK74_CAERE/1149-1200     1.85135749    1.79297407    1.83774829    1.29036172    1.35511376    1.30158222    1.00502536    0.00000000    1.19495830    1.40064955    1.23541508    1.45868462    1.54203166    1.53128140    1.41215459    1.66035279    1.73081767    1.49223503    1.73467175    1.94751660    1.95066832    1.69618603    1.64388411    1.79222464    1.78318129    1.75403763    1.98161269    2.05937747    1.53317781    1.63525854    1.53165050    1.85481254    1.82003487    1.99389190    1.90673657    1.88113379    1.56263798    1.65827960    1.55371028    1.18005756    1.57670088    1.63722099    1.77136264    1.39939726    1.48749542    1.44373775    1.46045899    1.62267155    1.92146372    1.62086930    1.82657909    1.56383855    1.55009755    1.55732382    1.52619423    1.73550076    1.97499764    1.71134417    1.42896273    1.46281265    1.27155770    1.56934513    1.72795873    1.81259504    1.83678759    2.03294771    1.33939017    1.35815587    1.48838180    1.53087246    1.24188539    1.28324959    1.55774472    1.46910373    1.39053242    1.41550867    1.37823151    1.26111654    1.50197306    1.35352856    1.59011179    1.27170913    1.44343590    1.30315863    1.54589576    1.81377607    1.97603872    1.61259778    1.67569929    2.02269087    2.03835449    2.03317404    2.14288799    2.16362363    2.01093546    1.56890476    1.90387257    1.68343636    1.70766609    1.84245080    1.50011476    1.58427182    1.87129543    1.80116845    1.51578814    1.36348652    1.72147696    2.06061611    1.89163814    2.14345297    1.43872791    1.49819315    1.57217938    1.53085911    1.43473963    1.71262819    1.94373238    1.46243719    1.84746980    1.31272768    1.66022074    1.82589330    1.59921930    1.89899222    1.22121653    2.30197172    2.17444996    2.03105980    1.48686128    1.61255556    1.90069360    1.86649371    1.72983321    1.52931811    1.51772537    2.10474714    1.93706264    1.43251792    2.06458831    2.04127883    2.16689103    1.88461274    1.76658731    1.74853457    2.08443229    1.76651840    1.89253698    2.59320174
G0MYS4_CAEBE/1293-1344     1.99765554    1.89605761    2.00420969    1.20263824    1.18739613    1.35018056    1.54485981    1.19495830    0.00000000    0.58558896    0.30679503    1.62497822    1.60332352    1.28119258    1.18241689    1.25764980    1.62357092    1.33329703    1.52056216    1.55264312    1.56782577    1.26248322    1.78310171    1.53372894    1.47368947    1.78123908    1.83490669    2.15204526    1.64169720    1.51814584    1.70020811    1.53292650    1.64368494    1.58402343    1.55441767    1.86994632    1.38063411    1.75131287    1.49397165    1.34954617    1.33693030    1.39563498    1.75846366    1.64792864    1.69134807    1.63700187    2.01818547    1.39936840    2.44680886    1.83739155    2.11667766    1.44344523    1.48279818    1.49048699    1.50137653    1.60618676    1.71448927    1.39665177    1.64859130    1.66999648    1.37634687    1.75107475    2.06601487    1.87280003    1.56930982    1.77658592    1.42919746    1.43576870    1.68143640    1.46159425    1.29798924    1.25207465    1.52952262    1.23627088    1.34505481    1.22403323    1.37154018    1.43023626    1.47165035    1.33976089    1.49360149    1.29044232    1.27679456    1.31269664    1.83114478    1.96055701    1.79924910    2.13331752    1.94866908    1.56885973    1.77426552    2.04459274    2.11363149    2.13953187    1.56794174    2.11951874    2.12122345    1.86391054    1.64402518    1.71906387    1.73917956    1.92680780    1.54026818    2.30330653    1.68313678    1.53171932    2.07944267    1.84795623    1.81763872    1.89424717    1.90311518    1.74019525    1.61437765    1.52775201    1.57668710    1.56153202    2.22964626    1.95347656    1.97470312    1.56976572    1.82819424    1.68735694    1.87726500    1.95546725    1.72908936    2.07038239    1.92581410    1.95868729    1.49346942    1.80856558    1.53401553    1.74342240    1.62749629    1.79996609    1.40630500    1.65523154    1.89572691    1.59873444    1.94858365    1.91892052    1.87723427    2.00092258    1.70648322    2.00666977    1.52320777    1.40730642    1.95184050    2.21913510
K7GW95_CAEJA/1184-1235     1.73900085    2.05506222    1.86582578    1.24539815    1.33330228    1.57177144    1.40956103    1.40064955    0.58558896    0.00000000    0.59048204    1.65988263    1.57557074    1.57750816    1.47409313    1.69239308    1.46628098    1.25039371    1.90976500    1.83754688    1.74049948    1.68578342    1.99907429    2.01919370    2.03214821    1.58607579    2.17797007    2.27388445    2.05206151    1.84236721    2.00176282    1.87381011    1.60766472    1.79478815    1.77085679    1.79616782    1.68020675    2.05125856    1.75234238    1.45040651    1.57477573    1.59529749    1.82944563    1.76284367    1.75330508    1.88022971    1.63534374    1.53874683    2.21501937    1.57313697    2.22537064    1.43180783    1.53499161    1.46550233    1.47830835    1.60106221    1.81876516    1.52009090    1.71535463    1.60078786    1.35654367    1.84105823    2.02108301    1.91722402    1.80963246    2.43184897    1.45753854    1.51342918    1.67108715    1.63453049    1.34622563    1.49644356    1.45523380    1.34824801    1.07817143    1.14692212    1.19418355    1.19843726    1.40457223    1.30844064    1.34689817    1.39926728    1.33163942    1.15907374    1.80705494    2.32203140    2.10322022    2.18851250    2.14396505    2.05012865    1.79066131    1.98465312    2.11706800    1.73743041    1.90833436    1.74608442    1.89604442    2.02934332    1.94035560    1.88958007    1.78573950    1.95113056    1.73361340    2.12726326    1.70517586    1.50837534    1.92310894    1.85942284    1.73868573    1.88585640    1.93092284    1.67213695    1.90848842    1.71229392    1.57860555    1.62634957    2.40040228    1.99808634    2.14268667    1.44577356    1.94278517    1.69517224    1.98912856    2.02096233    1.99261349    1.88102935    1.92748732    1.93872154    1.54575181    1.83445705    1.62306624    1.82858932    1.72429067    1.87413297    1.46627887    2.02597801    2.06227295    1.94954839    2.12725235    2.39613599    2.29405648    2.09115240    1.66991855    2.09676764    1.61751823    1.62310582    1.83568483    2.06066522
E3ML45_CAERE/1293-1344     1.98998262    2.00331499    1.99571539    1.27831712    1.31706114    1.55318043    1.64404441    1.23541508    0.30679503    0.59048204    0.00000000    1.66332028    1.83514743    1.55311364    1.54659483    1.68979567    1.72160336    1.12269854    1.95725398    1.95100261    1.92044150    1.49895829    2.15638913    1.69443970    1.56998267    1.80171187    1.94422177    2.15141436    1.95288689    1.82256787    1.73708063    1.31684971    1.86220903    1.82564994    1.67054750    1.57868338    1.38322141    2.01340017    1.56955569    1.44462121    1.44695029    1.61876936    1.75596069    1.59159733    1.58085866    1.92216450    2.03682379    1.44487788    2.51144371    1.81384109    1.97804698    1.61756431    1.68875435    1.61963119    1.62910348    1.77315266    1.62143378    1.58880500    1.90324100    1.79577497    1.67937058    1.81449881    2.19233607    1.94635214    1.50654650    2.11606362    1.75595100    1.58904778    1.85550637    1.53126392    1.49801048    1.44183661    1.76888100    1.53724020    1.51804919    1.39114331    1.59164953    1.56834272    1.45982805    1.45311100    1.80947834    1.58785984    1.45598862    1.30571957    1.93101337    2.10109088    2.10479530    2.04835429    2.12365582    1.58800449    2.17379209    2.13568497    2.27086049    2.06961700    1.82132349    2.15847843    2.14703704    2.06069020    1.71857781    1.77423514    1.76774911    1.74361554    1.84921502    2.23718054    1.74568461    1.64463355    2.08791620    1.73725148    1.79972728    1.93513434    2.04833405    1.79855593    1.72076455    1.55403238    1.42147671    1.73608416    2.24754073    2.06304328    2.16934078    1.45541143    1.86111592    1.68090802    2.09087234    2.11882066    1.77878909    2.02403443    1.81125808    1.82942863    1.55943246    1.90511313    1.56859453    1.63076320    1.66504642    1.66509298    1.48230614    1.79127622    1.87521478    1.51241504    1.66632374    1.90282978    1.84533120    1.77435003    1.71744633    1.94465441    1.54145454    1.42043222    1.87820053    2.41653906
H3F860_PRIPA/787-853     1.76178542    1.95771722    1.76715120    1.68265708    1.58858777    1.82386177    1.76923869    1.45868462    1.62497822    1.65988263    1.66332028    0.00000000    1.70489770    1.72478582    1.61053416    1.74122119    1.55768914    1.48406021    1.79044975    1.73285523    2.10208158    1.65385542    1.61991617    1.56976689    1.43344334    1.85367754    1.78717926    2.15317829    1.97418768    1.55100772    1.94675933    2.17559382    2.11284740    2.32207026    2.48405511    2.31711022    2.36435586    2.24087763    1.99846134    1.77632062    1.74344614    1.66201342    2.10806221    2.23062723    2.07101578    2.17166232    1.98388281    1.49340662    2.46008073    1.72239510    1.99041395    1.89943773    1.99527721    2.00646187    1.93329293    2.05262594    2.15286157    1.81503835    1.47932750    1.60518054    1.29327993    1.26872368    1.49548683    1.37580686    1.65379970    2.01332829    1.38676502    1.49863787    1.51137947    1.64283612    1.35448345    1.28900737    1.59871107    1.38709857    1.56777815    1.43896170    1.38078129    1.29608897    1.29939645    1.32817179    1.43847931    1.35085825    1.31134753    1.54801571    1.90188975    1.95165596    1.80214065    1.70679526    1.97679483    2.06046168    1.99871849    2.29205125    2.24241949    1.89920263    2.11727462    1.82257025    2.06333398    1.76326067    1.68742287    2.06410947    1.83701494    1.75779743    2.05195967    2.19690192    1.79793509    1.79447675    1.89096505    1.67461970    1.71595686    1.87683590    1.75367314    1.64246512    1.62358137    1.64658554    1.67182895    1.95683816    2.10589076    1.86029547    2.24826322    1.54361452    1.64480612    1.56379094    1.72695757    1.98333566    1.55467806    1.74919589    1.94609326    1.94355806    1.81000591    1.78292439    2.02041185    1.99167230    1.84018713    2.07556564    1.76479507    2.03137275    2.24313127    1.68822623    1.77047382    2.30335913    2.18547584    1.72990925    2.01040923    2.41764942    2.14696781    1.61830234    2.12866473    2.79942066
G0MYS4_CAEBE/1223-1274     1.86740265    1.85390787    1.55245424    1.66942567    1.89015077    1.69722403    1.38456353    1.54203166    1.60332352    1.57557074    1.83514743    1.70489770    0.00000000    1.39984110    1.31367219    1.54399793    1.64217555    1.49432867    1.92121343    1.90733546    1.43287346    1.84589703    2.16666340    1.95778359    1.84198707    1.44181885    1.86662856    2.35947721    2.17752116    1.74505332    1.93998058    2.14178121    2.12680886    2.25510974    2.12814882    2.47229450    2.39139162    2.11275592    2.06883300    1.59478879    1.99687784    2.18347708    2.29800932    1.84346750    1.99661652    1.97854543    2.30544601    1.56178640    2.12171107    1.73456134    2.02252229    1.58831170    1.53221240    1.52685621    1.50434667    1.51675658    2.23560203    1.73965629    1.75383764    1.52532422    1.43244960    1.51071466    1.62423630    1.26604480    1.69926034    1.61747966    1.44018857    1.41813701    1.55038637    1.63154745    1.44732661    1.42200965    1.49471321    1.67272643    1.37101905    1.50195592    1.76754694    1.46813209    1.72353691    1.50010042    1.64100573    1.53183934    1.40489446    1.54015387    2.33198229    1.88961575    2.21639396    1.94243803    1.72268810    1.98395623    2.04339376    2.30377769    2.31059939    2.15630331    1.71404457    2.23855148    1.86847179    1.67349227    1.73119930    1.84533294    1.45778617    1.74383429    2.32875265    2.13133427    1.91040716    1.74926605    2.17136658    2.37138919    1.90410569    1.97022151    1.64916025    1.72993305    1.71125354    1.68915930    1.96525238    1.85225840    2.26749912    2.20304638    2.37706343    1.93072243    2.14670489    1.86695238    2.03123444    1.96338236    1.61641509    2.28870854    2.10718251    1.94765025    1.87800822    1.83678658    2.04577133    1.80378712    1.84994170    1.98070488    2.07189498    2.55544868    2.25949523    1.72838560    2.16309174    2.11806974    1.94818676    1.71867623    1.71192528    2.03878859    1.82431645    1.70558920    1.99001223    2.80712398
A0A2H2I1Q9_CAEJA/410-461     1.94555076    2.13010494    2.04154307    1.59907365    1.48075947    1.88434258    1.60516639    1.53128140    1.28119258    1.57750816    1.55311364    1.72478582    1.39984110    0.00000000    0.26521348    0.42822256    1.52626878    1.83874807    1.78254439    1.83683245    1.64866973    1.56699032    2.23986429    2.14627559    1.99687322    1.59882877    1.91580686    2.31389173    2.03813980    1.97407671    1.98984419    1.97587266    1.84720735    2.00729683    1.58929802    2.20146329    1.79911825    2.39348495    2.22073355    1.59026827    1.64834799    1.79021392    1.89179724    1.61736773    1.60634858    1.91489120    1.84997201    1.63549963    2.16986831    1.53911346    2.28686979    1.67642911    1.55901080    1.51869998    1.52715112    1.68947514    1.62763495    1.70395787    1.73618056    1.84464710    1.54092772    1.72206103    1.81321583    1.85684975    2.10250687    1.60213728    1.37742740    1.74347449    1.71425781    1.61483146    1.35006486    1.38387880    1.82385803    1.64158683    1.57217526    1.68906450    1.86001033    1.66739973    1.77104310    1.66438341    1.90128545    1.78928019    1.66256604    1.57107800    1.66137954    2.13025951    1.90147226    2.05915367    2.07459003    1.54817241    1.63002438    1.79547984    1.73007478    1.91517804    1.52026395    1.99809656    2.42170573    2.13807352    1.83661395    2.22132424    1.95172858    2.03850120    1.96043551    2.02626364    1.93373560    1.98038892    2.27378381    2.18502432    1.96987798    1.97391339    1.94214717    1.57999189    1.58290484    1.51417105    2.35258401    1.78115876    2.39388740    2.23994161    1.89775013    1.89358416    1.94488508    1.67926967    2.21916497    2.28707215    1.76110330    2.15751497    2.38853243    2.30425169    1.90833564    2.27012322    2.17993566    1.95119910    2.17348476    2.10340530    1.58643621    2.09623508    1.97194121    2.14935986    2.03175285    2.15106867    2.26902942    2.38403160    2.32822929    2.18449651    1.74605108    1.70392965    2.08349515    2.76928017
E3NK74_CAERE/1093-1144     1.98873064    2.05188906    1.85301501    1.52778457    1.37209535    1.62227201    1.51194246    1.41215459    1.18241689    1.47409313    1.54659483    1.61053416    1.31367219    0.26521348    0.00000000    0.28308083    1.48337640    1.62939901    1.74671949    1.90072177    1.47225468    1.47834934    1.99126977    2.01942134    1.87895330    1.78748145    1.76215223    2.05114786    2.04116252    1.89317818    2.00561831    1.84342981    1.78796935    1.90746223    1.48430016    1.93083969    1.70525685    2.20254699    1.98564862    1.45247344    1.72917014    1.87056031    1.82040555    1.56362835    1.39442285    1.75856271    1.96723642    1.56280962    2.06212022    1.70820807    2.18301397    1.51084036    1.46004899    1.42127972    1.39576484    1.63002440    1.83946566    1.55251986    1.52045394    1.60168474    1.42158197    1.55862120    1.73104422    1.72730773    1.65369617    1.41767305    1.20123095    1.47054471    1.36667660    1.23266423    1.07444917    1.30117178    1.50624456    1.35872116    1.30456063    1.48237486    1.49632006    1.45073312    1.44476546    1.37937729    1.58920117    1.53122109    1.44054325    1.46384642    1.67679730    2.00372929    1.89921191    2.02972036    1.82903289    1.79125319    1.50756284    1.69142053    1.66150319    1.85583077    1.49946870    1.98414620    2.53765394    2.09141568    1.97755498    1.99366043    1.80135080    1.82384282    1.88405272    2.10067510    1.68050481    1.63966087    1.91355443    2.13170662    1.81574792    1.85035610    1.68243698    1.46128908    1.51924886    1.43067227    2.12076401    1.76953904    2.11204880    2.04678651    1.99549525    1.80288717    1.86658674    1.50582642    1.91776612    1.93097604    1.63816333    2.02735995    2.20521441    2.07211427    1.83285258    2.23789182    2.03620687    1.92785865    2.11116968    2.09803979    1.49239683    2.02257926    1.76480651    2.04340664    2.17955103    2.01898614    2.16941956    2.33708896    2.12799889    1.84358905    1.84126401    1.60110493    1.87245423    2.42091028
U4PMC3_CAEEL/1190-1241     1.99249621    2.07479791    1.89632911    1.63661596    1.42318456    1.87101730    1.42195190    1.66035279    1.25764980    1.69239308    1.68979567    1.74122119    1.54399793    0.42822256    0.28308083    0.00000000    1.43506634    1.58480099    1.69293975    1.88235508    1.58918698    1.72655910    2.07741951    2.10647563    1.95958400    1.88686242    1.91567524    2.27743145    2.16173548    1.98773179    2.18064338    1.96373415    1.79102743    2.01039880    1.68970485    2.24140159    1.79454119    2.38320475    2.17871762    1.54445997    1.62237747    1.73878002    1.78470564    1.54127924    1.42496962    1.78199000    1.84870460    1.50133360    2.48264507    1.70587348    2.23560714    1.69326483    1.60633965    1.56455642    1.48236514    1.81907516    1.86526953    1.66817820    1.61626223    1.69002365    1.56276546    1.84318109    1.98630893    1.84874335    1.98204647    1.52176757    1.28771598    1.48283230    1.40419928    1.37064688    1.17854060    1.43471689    1.77820127    1.64138437    1.54824066    1.65001574    1.61273942    1.68624310    1.68862360    1.52351378    1.80112103    1.72164432    1.53774531    1.65420781    1.90259848    2.10197537    1.95593622    1.93442280    2.06586887    1.65988100    1.50931425    1.64064953    1.61174139    1.78099912    1.59451254    1.99135065    2.48803555    1.89843580    1.89503236    2.00382385    1.80434511    1.84355990    1.85487298    2.16904032    1.80188031    1.96309528    2.14623538    2.10269729    1.84134962    1.81886007    1.83786392    1.63666756    1.47738597    1.55943683    2.21018816    1.77447607    2.26809646    2.38623956    1.98614807    1.74947128    1.90475314    1.55878364    1.92273365    2.07599012    1.66131067    2.01303408    2.15832459    2.06861870    1.84333119    2.23593492    1.98628333    2.00133602    2.09000980    2.25810090    1.58577086    1.95455353    1.84734665    2.16622324    2.14689725    2.01065189    2.13903784    2.34753627    2.20055456    2.12062328    1.94291689    1.70709614    2.14422270    2.51972727
H3DS48_PRIPA/2859-2927     1.88930502    2.42197788    2.08402702    1.30276078    1.45608884    1.56465515    1.30727053    1.73081767    1.62357092    1.46628098    1.72160336    1.55768914    1.64217555    1.52626878    1.48337640    1.43506634    0.00000000    1.56541075    2.02699539    2.08048156    2.29767795    1.92693552    2.09206042    2.06451884    2.04991725    1.64617455    2.28943175    2.16281483    2.07586202    1.90455186    1.96150110    2.20367256    1.60165891    1.83448164    1.97902266    1.76070138    1.91637742    2.24071528    1.87208763    1.60494276    1.86512692    1.97526825    2.39401908    2.32731300    2.22516924    1.71108920    1.79369437    1.78617851    2.09390113    1.97035242    2.51294663    2.08290717    2.04893161    2.02583256    2.04609737    2.09323812    2.15715404    1.80868905    1.95796180    1.98707128    1.79504356    1.85165220    1.93196165    2.13983035    2.18849282    2.06800782    1.59792889    1.82854938    1.77017940    2.11427973    1.60859132    1.89199358    1.50491442    2.02212776    2.01254719    1.74723125    2.06145599    1.73373632    2.02154111    1.82865882    2.07265531    1.93621587    1.68088473    1.84610846    1.85735172    1.73593737    1.97032753    2.00170612    1.91454046    1.71679039    1.98494269    2.36643058    2.16372010    1.87005180    2.04517980    1.85728813    2.77765737    2.20316183    2.06615333    2.31675897    1.86376585    1.91373269    2.13571759    1.96501558    1.70966768    2.18723483    2.59231879    1.87510631    2.44734707    2.51204477    1.91138250    2.01274148    1.96909688    2.09947888    1.58591346    1.80193545    2.27394261    1.88606806    2.06019226    1.79884232    1.94458062    1.82941203    1.91270293    1.90535172    1.67125545    1.95557793    1.90620360    1.93788317    1.61479264    1.96829885    1.88728109    1.87529482    1.70457309    1.76056097    1.86769863    1.94460753    1.92566178    1.88366339    1.94136247    1.99407509    1.60722518    1.88550438    2.08221419    2.05674713    2.05690986    2.07687146    2.10371405    2.44910033
H3FD63_PRIPA/383-434     1.30388720    1.73628860    1.39712465    1.08009979    1.07631215    1.24944303    1.15775586    1.49223503    1.33329703    1.25039371    1.12269854    1.48406021    1.49432867    1.83874807    1.62939901    1.58480099    1.56541075    0.00000000    1.64764634    1.68240440    1.00642889    1.44000031    1.73394045    1.29512298    1.33902528    1.56499459    1.57181835    1.70268567    1.61240950    1.30969893    1.28625688    1.53485092    1.67518922    1.61246324    1.59422321    1.52628418    1.66960073    1.77702696    1.53171016    1.46865862    1.51954205    1.57879742    1.82826933    1.46103782    1.45835454    1.62669374    1.86186620    1.18081719    1.79717555    1.58707533    1.63607508    1.40737456    1.49972630    1.43402438    1.32202675    1.56973162    1.59975121    1.56410913    1.30887037    1.25212993    1.23416500    1.37783551    1.60382539    1.62515551    1.33862030    1.52911102    1.12734568    1.14761660    1.30500595    1.18371165    1.03479580    1.19158525    1.22387435    1.38538370    1.19713568    1.37936123    0.99916248    1.13062042    1.30735567    1.17293403    1.45416624    1.31885900    1.49445531    1.66245718    1.74226054    1.99658156    1.68184894    1.46780754    1.73383085    1.93958558    1.88352793    1.96288318    1.66533064    2.01425457    1.83396347    1.77306362    1.92387431    1.57905702    1.46771913    1.67075315    1.47385007    1.49689541    1.83487565    1.74894073    1.52917457    1.62802586    1.70922379    2.01850594    1.50729181    1.54830686    1.67737246    1.69039983    1.70085582    1.68403717    1.61056480    1.93185156    2.06010470    1.54700967    2.02223803    1.65120023    1.87534118    2.16428477    2.16600106    1.88739261    1.66374822    1.96590581    1.98327828    1.75344993    1.64707520    1.77643714    1.35560596    1.75725228    1.51619306    1.57059051    1.58792488    1.76761008    2.41841776    1.57843969    1.67148029    1.46466756    1.61361854    1.48126571    1.93919206    2.22015656    1.91871492    1.72085268    1.92762017    2.25284956
Q22378_CAEEL/813-874     1.91977987    1.97176345    1.54648733    1.87368650    1.77577541    2.37910759    1.65888219    1.73467175    1.52056216    1.90976500    1.95725398    1.79044975    1.92121343    1.78254439    1.74671949    1.69293975    2.02699539    1.64764634    0.00000000    0.24034107    1.56935356    1.50956536    2.03194750    1.65591787    1.66242978    2.01777743    1.75119438    1.81489456    1.61446341    1.79843966    1.66067083    1.96802818    1.58435211    1.51658232    2.07077800    2.10725746    1.55168202    2.21523494    1.80011457    1.80152123    1.56833513    1.56989797    1.97839363    1.70367441    1.70712748    2.31544815    2.11229316    1.43635767    2.43556647    2.10554085    1.52745963    2.12945136    2.07003154    2.07185320    2.08225378    2.23041614    2.06615044    1.82655728    1.74501524    1.89793838    1.57580822    1.86618300    1.72568884    1.79183886    2.36769777    1.97938780    2.06186585    1.98671576    1.94608734    1.93761479    1.83409621    1.93644925    1.95543221    1.69331566    1.74135610    1.60265490    1.58320877    1.92836596    2.01419843    1.84008443    2.16683140    1.60197173    1.53100630    1.81726185    1.93137339    1.85364085    1.62802124    1.69701512    1.63054814    2.03791288    1.66007251    2.35546625    2.25450481    2.63443220    2.17279640    2.13869401    1.95585726    1.55527090    1.45368733    1.82804004    1.56381547    1.74588593    2.00043350    2.02921624    1.93208370    2.02380353    2.21726315    1.88652803    1.82763601    1.92426200    1.88730459    1.87661804    1.89171576    1.92404569    1.98341291    1.80941130    2.12797683    1.92436055    2.40186462    2.06279042    2.21513068    2.26476365    2.16496227    2.19661475    1.66177839    2.03658348    2.13115317    2.26028825    1.94150675    2.07084108    1.81383712    1.93786238    2.63391503    1.96581534    1.99545174    1.91041821    2.23689297    2.11579135    2.48618482    2.27284967    2.23120583    2.43809055    2.21062170    2.32696196    2.31021899    2.13445770    2.08102237    2.39186806
