107
Q115U6_TRIEI/3-240     0.00000000    1.76426699    1.85107144    4.51940804    4.09662507    3.88799792    4.31435926    4.10058772    4.53103454    4.34030674    4.37983759    3.82697624    3.97917695    4.51991409    4.47800940    3.83903110    3.85718365    4.14028974    4.34570092    4.25136549    4.27993319    3.88064348    3.66609100    5.04719898    4.79176383    5.72675296    4.67036479    5.41040964    5.56954974    5.07473407    4.57929857    4.27123807    3.98693250    3.93138950    4.05744664    3.56041044    4.21441129    3.83306789    4.90109704    4.40329231    4.29240677    4.85694081    3.18919602    3.37051356    3.55738992    4.29233462    4.25889056    4.30967607    3.54988979    4.33045604    4.10073881    3.19198051    4.04420292    3.32693687    3.81599779    3.91158641    4.14063206    4.29975373    4.32385340    4.92610854    4.11588036    3.95115279    4.08889616    4.31821526    3.96337369    3.93606371    4.00688238    3.25993972    4.16064336    3.92112974    2.84008129    3.30120991    3.25184457    3.36220634    3.02778469    2.80503421    3.38033476    2.65032877    3.57131419    3.54078718    2.64505157    2.23685461    3.19689472    3.12130579    2.94554805    3.32764157    3.06722570    2.70905450    2.21380063    2.64089268    2.77098839    2.71623349    2.47297048    2.67018332    2.64692506    2.99225256    2.81106332    3.14028948    2.91851451    2.61029826    2.72634237    2.31374210    2.85697282    1.99731558    2.90674634    2.69689253    2.57491260
Q2JE13_FRACC/6-245     1.76426699    0.00000000    1.12894406    4.65845734    3.62831196    4.34462173    3.85311168    3.94127009    4.04265575    4.27935748    4.38952802    4.75544604    3.80252527    4.93370576    4.31123103    3.86329798    4.41717718    4.23893812    3.81975118    4.16450478    4.36734694    4.10252371    3.90349824    4.99308110    4.31891528    6.24105627    4.81823069    5.62133788    5.25578007    4.94741941    3.90660574    4.76939820    3.85337857    4.48204501    4.22256089    3.76051621    3.88243349    3.94971188    4.70403099    4.14138972    4.65961208    4.95998878    3.15579306    3.10979851    2.45350609    3.36707548    3.90990277    4.50176595    3.25992537    3.66388621    2.86058357    2.98436144    3.30704804    3.10761121    4.73097860    3.98085186    4.04869123    4.11248128    4.45503766    4.07966521    3.59485731    3.61028188    3.82220680    3.68414904    3.66251529    3.76389361    3.86079452    3.08724715    3.19633008    3.61891132    2.72207517    2.95599474    2.99059215    2.95563162    3.03270400    2.85378736    3.09357386    2.76154737    2.93031023    2.88545579    2.63219044    2.58440498    3.08669377    2.56641259    2.61213739    2.64339363    2.28244561    2.51908296    2.17498902    2.58662912    2.90437102    2.53078313    2.44696253    2.49342779    2.41504668    2.68192554    2.77423428    2.73835815    2.25377891    2.53267869    2.25361446    2.40950972    2.46526490    2.24163725    2.66267183    2.52353466    2.53386639
Q9L1L3_STRCO/9-238     1.85107144    1.12894406    0.00000000    4.05228572    3.47449676    3.94187556    3.46582228    3.41897324    4.42581636    3.51967164    4.00851735    4.18890651    3.98005144    3.65409935    4.08625781    3.56658840    3.87612840    4.15647770    3.89208359    4.20442992    3.84088300    3.82977512    3.63813063    6.32388871    5.22408889    4.90815019    4.36928462    5.54877865    5.04030150    5.03109921    4.08415226    5.22198962    4.27388120    3.78041324    3.98754379    3.40525990    4.41474411    3.60106933    4.02991713    3.64521011    4.19623717    4.13336947    2.66981068    2.72716690    2.79288127    4.16376309    3.81030068    3.71671096    3.03193089    2.88378217    2.97070311    2.78328793    3.50815608    2.79933955    4.06074598    3.73974260    3.84059112    3.08647870    3.28325252    4.50607553    3.54794727    3.26249951    3.27739043    3.54572085    3.48075679    3.84197067    3.26612889    2.52361934    3.09461608    3.37589002    2.78048923    2.87549496    2.79003280    2.47224076    2.63221019    2.82336174    3.38900273    2.79270436    2.82894767    2.53498623    2.53686521    2.31533129    2.54103132    2.48835761    2.93606676    2.55870080    2.31474229    2.54466226    2.07110909    2.33013354    2.81448904    2.32596210    2.11058896    2.87267659    2.31443615    2.79427854    2.81470371    2.62740720    2.79894543    2.54311839    2.32010714    2.22058414    1.95607056    1.97035938    2.69576816    2.99832360    2.13211227
Q92T51_RHIME/18-261     4.51940804    4.65845734    4.05228572    0.00000000    1.30350701    1.68800700    1.68150765    1.19559770    1.37939238    1.31484074    1.41261245    1.33224935    1.23603189    1.30598114    1.35630011    1.47104556    1.22725877    1.37968814    1.38798427    1.01172588    1.41764547    1.45908111    1.21963471    2.25937789    2.59517913    3.09071576    1.96640164    2.61289037    3.10547633    2.55976031    2.32241264    2.32531323    2.57788811    2.62720239    2.84047250    2.73818022    2.64411652    2.60428481    2.68219110    2.75760081    2.37434279    4.36055371    4.35788038    3.88455436    3.04244720    3.74843546    3.29768233    4.04259278    3.65886657    3.36890166    3.61429914    3.70297488    3.82820189    3.33008926    4.34266832    3.74231561    4.18444582    4.30626789    4.43213149    4.84967666    4.31970760    5.23737650    3.89405699    3.42111248    3.49189365    3.60466306    3.63664096    3.89634830    4.50749821    4.27476150    4.12120883    4.44841233    4.27813654    3.91975162    4.60681752    4.80783030    4.49622687    2.99204202    4.34484915    3.47714517    3.92143433    3.27604927    4.47289653    4.38203162    3.50865757    4.29102694    4.40726928    4.17888364    3.33822938    3.59359545    3.77200810    3.99267780    3.37934675    3.36007358    3.31221945    3.65461766    3.60475035    3.98502012    4.09785592    3.42329753    3.60544680    3.64650578    4.69627798    3.57283482    3.96191822    4.38076720    3.28357769
Q729W7_DESVH/25-271     4.09662507    3.62831196    3.47449676    1.30350701    0.00000000    1.23659686    1.21631846    0.90889383    0.91528601    1.09718762    1.13888052    1.27211442    0.99100866    1.07378322    1.06211620    1.17311160    1.14612825    1.19313468    1.14869460    1.01752733    1.18815768    1.30060728    1.21151032    2.91749941    2.84498963    2.89555719    2.18653536    2.67316571    2.91413666    2.82058523    2.73199469    2.92343020    2.70822909    2.61599439    2.71524887    2.85147417    2.70387595    2.64726512    2.64372260    2.66988892    2.40248773    4.27039332    4.77915615    3.58285870    2.99355076    3.53774308    3.80370398    4.60262628    3.57908701    3.30463290    2.90603176    3.60381726    3.37133550    3.14191931    5.04842302    4.27884544    3.96678105    3.93594098    4.27570056    4.19527912    4.10160190    4.60722988    3.91138464    3.86415356    3.35566009    3.30929625    3.83980416    3.42327740    3.73151106    3.64175104    3.43504114    3.32526974    3.93058197    3.23773651    3.84541837    4.41479016    4.54540905    2.65729764    3.78893861    3.17255972    3.89177538    3.64478958    4.17747527    3.99006462    3.25149610    3.98660158    4.47056916    3.80307204    3.35433106    3.56691661    3.58554416    3.89845692    3.26794845    3.20434351    2.80441298    3.30831517    3.53501429    3.44383911    4.01202193    3.83170235    3.33281074    3.26288615    3.68200790    3.67796573    3.40371450    3.93172699    2.94105046
Q2S4Q1_SALRD/37-277     3.88799792    4.34462173    3.94187556    1.68800700    1.23659686    0.00000000    1.76043513    1.35297635    1.37042103    1.64541343    1.54745782    1.69352284    1.56064034    1.40810328    1.54483071    1.69942839    1.58947630    1.69484162    1.52586576    1.41235516    1.67902114    1.80109806    1.58027050    3.29759854    3.29080143    3.24354075    2.82283802    3.14844377    3.11948460    2.89694823    2.88468826    3.00225164    3.23830258    3.05839044    3.14690878    3.09718643    3.34538817    3.01010442    3.23159816    3.05653542    2.61461814    4.52001637    4.45431142    4.18585297    3.55997096    3.85977901    4.73112316    4.03552791    3.73341783    4.27281777    3.61677685    4.03608539    4.22569039    3.42664114    5.72847719    4.39813837    5.07900731    5.22102187    5.18094423    4.98288840    4.53868938    5.66502670    5.14374048    4.45242586    4.31786704    3.90220538    4.14391453    4.49873484    3.97973646    3.13126072    3.69282337    3.66085922    3.97322049    3.87985752    4.36819661    4.73410607    5.67734085    3.26960738    3.87031000    3.80056993    4.18766659    3.76253964    4.57475741    4.13183527    3.71570535    5.16866160    4.85622439    4.17283037    4.27526397    4.13705027    3.25590160    5.02276274    3.58256209    3.90379715    3.34197883    4.28430327    4.19700876    3.61364993    4.13663768    4.26053998    4.32074192    3.74470146    3.68412485    4.00733219    4.22279761    4.40715629    3.79086562
Q7URV0_RHOBA/38-302     4.31435926    3.85311168    3.46582228    1.68150765    1.21631846    1.76043513    0.00000000    1.26694635    1.23187417    1.38346055    1.50755201    1.58167774    1.39119763    1.31591423    1.49260328    1.43801687    1.29044788    1.44113799    1.53794255    1.29738559    1.28550538    1.85435510    1.29445623    3.39183121    3.28442779    2.94748299    2.78114181    2.83098967    2.67383433    2.94376760    2.91012311    3.17434229    2.44553042    2.80756060    2.81265037    2.74744506    2.62465103    2.46785555    2.92593282    2.94097976    2.74260530    5.06264683    4.56957465    3.73031367    3.05137441    3.92640442    3.79822582    4.53631485    3.88251998    3.79064641    3.68101141    4.00996942    3.59437249    3.14837275    4.93177796    4.58871061    4.45022536    4.42447484    4.52494579    4.48759577    3.82774849    4.80768008    3.96330454    4.47617932    3.95154030    3.50488059    3.57386799    3.85588380    3.95517641    3.68116176    3.59934455    4.20642272    3.76564500    3.31407897    3.97156572    4.32427613    4.24218579    3.69969341    4.55419330    3.70672099    3.33018211    3.17266559    4.01943984    3.70017762    3.32435702    4.57406373    4.09992639    4.04704045    3.71481620    3.44748616    3.90963975    3.82393450    3.13870382    3.25621322    2.96437125    3.21386806    3.84166517    2.90387413    4.77032890    3.64560851    3.43237512    3.31335970    3.67438865    2.94457190    4.09437883    3.57060189    3.02889771
A7HK05_FERNB/29-276     4.10058772    3.94127009    3.41897324    1.19559770    0.90889383    1.35297635    1.26694635    0.00000000    0.79694463    0.93435269    0.98899644    1.03347332    0.87648059    0.86985523    0.99788990    1.07795664    0.96681350    1.06311164    1.03010441    1.03991644    1.25473060    1.46769933    1.13139547    2.83860153    2.69129988    2.99316722    2.44553696    3.05600188    2.95256036    2.93326134    2.63909970    2.58828652    3.06672846    2.84685947    3.00334978    3.07343425    2.74738081    2.72099143    2.21080140    2.69420770    2.39602614    4.86513241    4.36571173    4.24836050    3.59132677    3.82409147    3.88388048    4.77414483    4.01515127    4.05974026    3.70355128    3.54175876    3.65540685    3.37023705    4.94384778    4.03401759    4.48037605    4.31099525    4.55315935    5.41923475    4.36381046    4.06804022    3.84364560    4.66663152    3.73838296    3.77601977    3.85228417    3.97679853    3.79212593    3.51526540    4.03320079    4.21660746    3.84258747    3.91394832    4.40988038    5.18032054    5.10490487    3.06763271    4.25956541    3.92663160    3.78886425    3.57161678    5.03790681    4.83497819    3.83102246    4.27654255    4.38677988    4.07285739    3.64973053    3.86900512    3.76785273    3.68587770    3.19883032    3.56542711    2.98829348    3.39725859    3.86312897    3.81779766    4.24489551    3.87067184    3.97372169    3.69934845    3.83367196    3.99061864    4.14230216    4.07164125    3.67163215
A1BED0_CHLPD/24-271     4.53103454    4.04265575    4.42581636    1.37939238    0.91528601    1.37042103    1.23187417    0.79694463    0.00000000    1.06323668    0.96175869    1.04673674    0.86640233    0.88556757    0.96614256    1.26734902    1.00847254    1.16966571    1.13321087    0.98953201    1.25781504    1.66166862    1.33617382    3.29967330    2.74402839    3.16799254    2.57960276    3.30638994    3.22289624    2.85908564    2.94338240    2.89896720    2.71930574    2.64384181    3.02245435    3.11196087    2.88604835    2.65508061    2.41988409    3.11265200    2.54028810    4.24472581    4.24672084    4.00896405    3.58282240    3.93175743    4.41375508    4.78993934    4.02571394    3.50899283    3.86791274    4.04758206    3.37442215    3.08598899    5.24768914    4.42048676    4.87480896    5.13158645    5.32943888    5.45343560    3.88295654    4.68915452    4.22696617    4.49053526    3.62523010    3.89937030    3.85668182    4.08091388    3.80232930    4.10226608    3.70256908    3.96784941    4.27566509    3.48954514    4.57788380    6.21451386    5.22231240    3.30912683    4.30026909    4.41976553    3.99575516    3.85004744    4.98149651    4.57325588    3.41468137    5.05559646    4.42240114    4.59480491    4.38575945    4.08098441    4.44925979    4.31042530    3.60689621    3.01136127    3.22724446    3.52725437    4.35927256    3.33179577    4.45558626    3.74071002    4.20723658    3.76004863    4.11927625    4.09422852    4.11290149    4.06000971    3.29019775
A9KIE8_LACP7/30-277     4.34030674    4.27935748    3.51967164    1.31484074    1.09718762    1.64541343    1.38346055    0.93435269    1.06323668    0.00000000    0.98127140    1.10468115    0.87143696    1.04162687    1.08401553    1.31412969    1.07251880    1.20827669    1.44850222    1.00609641    1.28550601    1.40243613    1.20256251    2.69775732    2.66779996    2.79879349    2.46640141    2.77144589    3.22673848    3.04346861    2.79204022    2.87946010    3.19988154    3.46849869    3.14161300    3.44391523    3.23278037    2.55933835    2.80902640    3.02667425    2.46687949    4.31035156    4.97168723    4.44582553    3.26581204    4.58909002    4.27223030    4.63819377    4.12588025    4.20061809    3.79699163    4.34037387    4.21115375    3.67243687    4.33585591    4.14471510    4.09188106    4.96098547    5.09677933    4.26699500    4.53259935    4.94070450    4.23462476    4.37185636    4.17280153    3.85930686    4.21456751    4.11832904    4.13516101    4.49426835    3.61648716    4.21538806    3.75414229    4.00836888    4.53884810    4.62743067    5.27897208    3.37484661    4.52076638    3.87654311    3.78311037    3.50356381    4.39315991    4.34408685    3.66331917    4.10998780    4.21896915    4.04687583    3.67074010    3.64463507    3.90561492    4.44192075    3.17458139    3.47805071    3.44697430    3.70534279    3.84311051    4.33007015    4.36815401    3.86767312    3.66526418    3.68926251    4.47289349    4.23542996    4.37993377    4.86065430    3.30523324
Q23U21_TETTS/24-271     4.37983759    4.38952802    4.00851735    1.41261245    1.13888052    1.54745782    1.50755201    0.98899644    0.96175869    0.98127140    0.00000000    1.00446844    0.79963975    0.94179808    1.03534955    1.16801863    1.10726499    1.34443694    1.39602193    0.97120365    1.27867949    1.31760662    1.29475561    2.85946155    3.07713285    3.31638862    2.58402960    3.27754196    3.31252607    3.03747610    2.80601787    2.80480302    3.12116522    2.85621214    3.05059492    3.09315539    2.85394652    2.72888417    2.52172186    3.02532152    2.71870296    4.42252743    4.73585911    4.87689042    3.75666018    4.00209398    4.39897838    5.01072275    3.91049902    4.40438112    4.35552135    4.37940914    4.50737795    3.40922641    4.59214322    4.24043332    3.85494755    4.52008363    4.75201963    5.15518004    4.95614494    4.77446362    4.93279001    4.51510105    3.90093330    3.68829847    4.06196864    4.77459692    3.94676126    4.32360095    4.03331033    4.47862268    4.17969619    3.86188881    4.36054236    4.31356554    4.68411876    3.41031492    4.27969687    3.90793498    3.83351977    4.30440165    4.47262046    5.08612761    3.44809762    4.25143079    4.53854436    4.08090535    4.31131189    3.86551132    3.52556394    4.56137363    3.27152252    3.87790341    3.09438318    3.80249770    3.83967184    3.57487240    4.38582439    4.37515712    4.03262136    3.61241096    4.20890993    4.36686543    4.54319975    3.90936452    3.67575239
A7HJP7_FERNB/21-264     3.82697624    4.75544604    4.18890651    1.33224935    1.27211442    1.69352284    1.58167774    1.03347332    1.04673674    1.10468115    1.00446844    0.00000000    0.84658563    1.00605513    1.15729839    1.44110167    1.07176755    1.34156940    1.34345995    1.01565766    1.31426287    1.52431696    1.41001077    2.89923512    2.76258750    3.43957217    2.32537690    2.87462033    2.92633354    2.87731755    2.79271480    2.47937968    3.17674618    2.53121990    3.11319981    3.00823748    2.93758068    2.66148147    2.70312467    3.13488957    2.49602334    4.87447106    4.72465216    4.58081320    4.09175558    4.36385945    4.50348554    4.86127056    3.44072612    4.07437158    4.23438003    4.37848575    4.69627477    3.62919573    4.43532586    4.26780674    3.86757793    4.87894916    4.94066699    5.41160188    4.61699401    4.80933414    4.00311342    4.41125478    3.44315015    3.26443968    3.94103845    4.03590744    4.03549643    3.98361924    4.54196442    4.95520338    4.33677492    4.08222971    4.31063403    5.07559283    4.36717788    3.39654843    4.44699560    4.28937636    3.86545177    3.87338156    4.45041655    4.33395861    3.85078389    3.93997651    4.52784028    4.24382413    3.75074488    4.00623883    3.82810460    4.31342446    3.25450178    3.19328796    3.36256111    3.54213309    3.47163944    3.27339131    3.92033981    3.91959477    4.27454201    3.45997737    4.29203318    3.79736414    4.23415224    3.70137432    3.36741310
A3DEQ4_HUNT2/24-271     3.97917695    3.80252527    3.98005144    1.23603189    0.99100866    1.56064034    1.39119763    0.87648059    0.86640233    0.87143696    0.79963975    0.84658563    0.00000000    0.82006113    0.98559869    1.15314757    0.88811387    1.16464182    1.17982737    0.94292657    1.02192430    1.43154244    1.15032040    2.45596337    2.56731261    2.93782628    2.12746780    2.80678743    2.86091529    2.73032442    2.52894098    2.39454365    2.94298231    2.77800152    3.05137943    3.03949388    2.72800649    2.55096353    2.56672498    3.05068567    2.32941724    4.83281180    4.93174670    4.63664816    3.66302188    3.66321834    4.02771636    5.09994984    3.82098712    3.86235047    3.59024445    3.88409799    3.73618910    3.11925655    4.50453167    4.44569354    4.17890687    5.01584129    5.37646535    5.64399749    3.98139259    4.86429709    4.12952033    4.34772975    3.54631854    3.58033854    3.99351136    4.21133204    3.84379689    3.75382901    4.15860702    4.68590952    4.29450643    3.65974941    4.28729485    4.39152809    4.92826831    3.29073673    4.13395473    4.47772143    3.50772680    3.87504580    4.94746474    4.78639500    3.77199332    3.87522578    3.66110042    3.72991166    3.53094138    3.71031631    3.61501674    4.01716404    3.16623812    3.04390262    3.03474300    3.35348367    3.67901421    3.52408831    4.09500745    3.45302066    3.94988445    3.77151428    3.83915454    3.94694744    4.53208475    4.32505747    3.54972747
Q7MWP2_PORGI/24-271     4.51991409    4.93370576    3.65409935    1.30598114    1.07378322    1.40810328    1.31591423    0.86985523    0.88556757    1.04162687    0.94179808    1.00605513    0.82006113    0.00000000    1.05138701    1.09491519    1.04415488    1.19697585    1.17294340    1.12278607    1.26591529    1.75452300    1.35176954    2.88666476    3.10562163    3.04647158    2.47278576    3.21912337    3.32891467    2.96878604    2.49547562    2.88998701    2.88791728    3.13448472    3.03916575    3.12351047    3.10380105    2.64679227    2.61149634    2.92784847    2.71889393    4.28087953    4.68245813    4.21046058    3.51176918    4.31812063    3.90672199    4.21710483    3.78956546    3.87882941    3.53969622    3.90592755    3.61932520    3.24133802    4.61121202    4.38760408    4.53536772    4.50135904    4.60862295    4.77331402    4.61492242    4.80309506    4.09824022    4.32152256    3.86035044    3.91959127    3.81340589    3.90762433    3.81292393    3.96424775    4.53855384    5.07177770    4.01812486    3.91279210    4.28831518    4.48916120    5.14561261    3.06595098    4.16718689    3.70953851    3.47049805    3.00001879    3.79246640    4.22977084    3.41350911    3.90236836    3.79313417    4.10065400    3.68008911    3.95258453    3.57052209    3.98113955    3.27916971    3.26716825    2.86211678    3.70431328    3.77460164    3.45994933    3.91243513    3.71721356    4.18100518    3.52803675    3.89430844    3.64427072    4.06585359    4.14906396    3.10562614
Q17IS2_AEDAE/36-290     4.47800940    4.31123103    4.08625781    1.35630011    1.06211620    1.54483071    1.49260328    0.99788990    0.96614256    1.08401553    1.03534955    1.15729839    0.98559869    1.05138701    0.00000000    1.14099141    1.11751325    1.25567294    1.31173009    1.17039362    1.39062245    1.74730981    1.43069802    2.74123468    2.59241164    3.16986496    2.53772230    2.83305902    2.79608374    2.80827180    2.67496836    2.51322077    2.85144214    2.61921189    2.73106159    2.87775791    2.79908680    2.70545352    2.60253881    3.01092438    2.25981989    4.80804557    4.49057255    4.78513883    4.05913339    3.84618135    4.55489835    5.15806634    3.63844873    3.92784003    4.02004501    4.07700446    4.01996094    3.22498672    4.48940800    4.36985332    4.57192514    5.09110914    5.13107591    5.16449387    4.45070269    4.90850745    4.38961832    4.47186884    3.69389550    3.60075030    3.96506800    4.41542071    3.64295541    3.53815663    4.02834984    4.08269855    4.32514219    4.23333539    3.93730613    5.00012262    4.74785344    3.63770654    4.42845122    4.32400005    3.78871155    4.13844699    4.62780126    4.67376930    3.68610957    3.99024402    4.17516820    4.32621157    4.31158911    4.10777987    3.93997587    4.39893453    3.12122403    3.52218999    3.28602190    3.45795551    3.50590443    3.37502618    4.48386816    4.27873313    4.44180768    3.39771210    4.17233315    4.26129579    4.79754362    3.87257876    3.91405315
O61217_CAEEL/44-297     3.83903110    3.86329798    3.56658840    1.47104556    1.17311160    1.69942839    1.43801687    1.07795664    1.26734902    1.31412969    1.16801863    1.44110167    1.15314757    1.09491519    1.14099141    0.00000000    1.14030809    1.15163267    1.39475111    1.20783555    1.39056264    1.49060973    1.36886204    3.24298951    2.78745431    3.51065599    2.47363942    2.58386401    2.88910330    2.83494796    2.54906903    2.84354691    2.91851578    2.71688617    2.51899782    2.73439738    2.79290444    2.49846874    2.36627211    2.83840978    2.46579935    4.78807639    4.65338757    4.09653155    3.55919745    3.67203306    4.33188588    4.91478325    3.63884762    3.89280600    3.52727790    3.87691238    3.70837524    3.09251485    4.29690172    3.81708331    4.05944730    4.84699657    5.30875163    4.93878348    4.09191126    4.46035550    4.43580281    4.09110786    3.83039812    3.78148777    4.10008943    3.90768798    4.20753412    3.98547252    3.98334792    3.81556545    3.43153691    3.48353140    4.36781652    4.45895396    4.36416274    3.01995776    3.79774142    3.50035041    3.36711773    3.45446392    4.43020021    4.24860371    3.34697707    4.55469790    4.07843742    3.49923176    3.70178812    3.38584330    3.49051637    4.20443604    3.12380773    3.13666047    3.02739154    3.90579912    3.48213585    3.63700291    4.23827946    3.54053896    3.57984292    3.38727350    3.51981658    3.53846480    3.95278601    3.58914352    3.47557751
Q0UGU0_PHANO/30-311     3.85718365    4.41717718    3.87612840    1.22725877    1.14612825    1.58947630    1.29044788    0.96681350    1.00847254    1.07251880    1.10726499    1.07176755    0.88811387    1.04415488    1.11751325    1.14030809    0.00000000    0.89499980    1.27318270    1.03626842    1.26576461    1.48529478    1.21194633    3.13076729    2.60211257    3.02583493    2.20478015    2.67752298    2.84855334    2.84321285    2.68534786    2.93448803    2.93392287    2.74406129    2.76377594    2.73398518    2.62745107    2.57944010    2.49350774    2.79323812    2.58097208    4.40892420    4.49260601    4.49408449    3.43977553    3.76481714    4.06296753    5.39632355    3.73755364    4.23154210    4.34771767    4.23472388    3.80237692    3.33507393    4.80303009    4.77451198    4.68673948    4.10483179    5.07711126    4.99805373    4.55373916    4.97359429    4.65479158    4.90657075    3.71610426    3.77797833    3.65977605    4.37037258    3.81039078    4.16355711    4.13004408    4.45236270    4.24766720    3.91254933    4.80175043    4.75456582    4.68005448    3.26715270    4.06296614    3.91458056    3.90794507    3.61542276    4.85624744    4.26044497    4.00178963    4.35506125    4.23029252    4.28486988    4.17616050    3.87317941    3.68505237    4.36193157    3.11732698    3.19483525    3.22733157    3.79502238    3.65218854    3.39427985    3.87659830    4.04965462    3.85828168    3.25523038    3.82270699    3.65869687    4.08991217    4.16609909    3.48361711
Q6FNV3_CANGA/37-309     4.14028974    4.23893812    4.15647770    1.37968814    1.19313468    1.69484162    1.44113799    1.06311164    1.16966571    1.20827669    1.34443694    1.34156940    1.16464182    1.19697585    1.25567294    1.15163267    0.89499980    0.00000000    1.40114890    1.17351943    1.40249629    1.67081694    1.32102037    2.99556013    2.95292146    3.25583682    2.44552124    2.88259709    3.04494421    2.80679583    2.90579326    3.08132195    2.94410346    2.73189928    2.80066619    2.99515626    2.86030261    2.92973504    2.66873226    3.08788934    2.67987701    4.34199257    4.58434282    4.33864036    3.80340394    4.15161129    4.69752098    5.23742858    4.08668448    4.91944210    4.12086500    4.28560655    4.19667410    3.65103630    5.25152756    4.48152509    4.27028110    4.40326768    4.72697517    4.48473818    4.45343180    5.21306766    4.28394784    4.38510366    3.76899986    3.69766272    4.12886499    4.30329902    4.77455023    4.05517980    4.24191500    4.62791932    4.09932525    4.54715748    5.13764420    5.10237095    5.20471792    2.94305144    3.90766071    3.74810858    4.17456359    3.68846950    4.58950875    4.85865761    4.20694205    4.43044617    4.26447934    4.44550121    4.39032517    4.22838928    4.21373290    4.91676390    3.18546578    3.10818102    3.41054811    3.97940354    4.00827598    3.70211936    3.68126940    3.70672284    4.23344160    3.85266043    4.72154113    3.69535939    4.43854801    3.84995269    3.92542141
Q11M20_CHESB/25-272     4.34570092    3.81975118    3.89208359    1.38798427    1.14869460    1.52586576    1.53794255    1.03010441    1.13321087    1.44850222    1.39602193    1.34345995    1.17982737    1.17294340    1.31173009    1.39475111    1.27318270    1.40114890    0.00000000    1.02343432    1.45653501    1.63451948    1.50821284    3.12674968    2.93820691    3.20539704    2.79308160    3.69486040    3.27956820    2.96506413    2.90480841    2.71528130    3.11268829    3.03078587    3.34706504    3.01619887    2.77757628    2.94877078    2.74872983    3.22210492    3.09323000    4.67940167    4.50386733    4.49586900    3.27713088    3.57792871    3.89574962    3.99342712    3.93627120    3.66184857    3.72166688    4.34032723    3.60222640    3.33786223    5.90128732    4.16327974    4.35661876    5.43615268    5.43891782    4.59092433    4.10576237    4.56837904    4.28649449    3.82070886    3.19459005    3.44480254    4.07246877    4.00227199    3.68819467    3.63613533    4.25833338    4.19810345    4.23192597    3.25916176    3.46741098    4.80925368    4.21361634    2.90919679    4.13152235    3.96189729    3.66579958    3.43344585    5.07365714    4.16862669    3.41507050    4.43696748    4.20756991    4.17295576    3.70228793    3.81793861    4.62134640    4.13017817    3.63626142    3.39301221    3.34244539    3.25277491    3.39088671    3.50643134    4.10338460    3.50628714    3.72353381    3.41296535    3.69038007    3.16561390    4.24004099    4.15353462    3.11507645
A7H830_ANADF/27-278     4.25136549    4.16450478    4.20442992    1.01172588    1.01752733    1.41235516    1.29738559    1.03991644    0.98953201    1.00609641    0.97120365    1.01565766    0.94292657    1.12278607    1.17039362    1.20783555    1.03626842    1.17351943    1.02343432    0.00000000    1.06334566    1.31027834    1.11051013    2.77430648    2.42090104    2.47519945    2.13165092    2.57209698    2.70936070    2.34624964    2.43874600    2.42410191    2.76334934    2.60136239    3.00106796    3.00327620    2.62773533    2.60773469    2.64526440    2.84026621    2.45386690    4.50203094    4.77097635    4.05422735    3.37817974    3.97873042    4.03882778    4.58913009    3.73975490    3.54171260    4.01362876    4.03489237    3.36020847    3.06594079    5.18335407    4.07524443    4.22063180    4.87208854    4.94502664    4.76853309    4.03961737    4.81829635    4.49780133    4.14253520    3.66015745    3.69811834    3.96888490    4.62734477    3.56941113    4.07538849    3.86001319    3.94549841    4.03823913    3.38350125    4.04923628    4.93194169    4.46189229    2.87915422    4.67306583    3.69098571    4.18799046    3.68410234    4.48842523    4.25448231    3.34664964    4.70423661    3.85095658    4.04395318    3.90301608    3.83867419    3.90624242    4.53766790    3.51454453    3.22452702    3.14616094    3.45130444    3.88453077    3.61858819    4.51591815    3.94721205    3.93044263    3.44654500    4.29691634    4.16722357    4.12957405    3.51956020    3.25744062
Q2S0P3_SALRD/10-258     4.27993319    4.36734694    3.84088300    1.41764547    1.18815768    1.67902114    1.28550538    1.25473060    1.25781504    1.28550601    1.27867949    1.31426287    1.02192430    1.26591529    1.39062245    1.39056264    1.26576461    1.40249629    1.45653501    1.06334566    0.00000000    1.40699880    1.38309708    2.88771448    2.96475768    2.89677867    2.54389901    2.89934518    3.09832817    2.75321585    2.72074982    2.54178709    2.65905748    2.98222887    3.49067655    2.90978255    3.08952856    2.96758697    2.92607695    2.98349101    2.47978858    5.15620873    4.61748076    4.84689599    3.90952977    3.98829493    4.44782701    5.08299204    3.64051318    4.12586356    4.03594788    4.24128488    4.47568032    3.14996027    4.24024961    3.80156538    3.88584863    4.70442702    4.78484000    5.00097055    4.42712848    4.73868752    3.56971331    4.08938584    3.72524821    3.92057697    3.71292347    3.46501670    3.89334401    4.53805469    3.85302415    4.43679767    4.41019032    4.07395483    4.15472199    4.15411423    5.04696877    3.38517647    4.18629750    3.97906996    4.10735157    4.51268927    4.64924320    4.63376082    3.91293341    4.35939787    4.35946552    4.52542757    3.50485779    3.95877971    4.27367231    4.19302379    3.27479827    3.60323704    3.22135579    3.61020400    4.04896480    3.90217451    4.56822638    3.71016350    4.07376246    3.79654081    3.57556886    3.95436218    4.34524210    4.58196785    3.49674058
Q83H43_TROWT/46-284     3.88064348    4.10252371    3.82977512    1.45908111    1.30060728    1.80109806    1.85435510    1.46769933    1.66166862    1.40243613    1.31760662    1.52431696    1.43154244    1.75452300    1.74730981    1.49060973    1.48529478    1.67081694    1.63451948    1.31027834    1.40699880    0.00000000    1.02372334    2.99810402    2.58482357    3.22877766    2.34955640    3.05199618    3.19383247    2.78652147    2.35117051    2.56286302    3.05992863    2.47777155    2.85982408    3.06042957    2.86268941    2.22337430    2.51885462    2.74211512    2.21708576    4.58019843    3.94540388    4.87538464    3.67948870    3.82599112    4.45160652    5.39871497    4.10673047    4.21356985    4.33822345    3.65580741    4.09884211    3.63181465    4.99242572    4.66401869    4.41921069    3.66482874    4.10718570    4.44756156    3.95681265    4.16770170    4.69536405    3.66360081    4.02703606    3.65275646    4.49736712    4.05523464    4.62463743    4.66409579    3.80876654    3.98987679    4.12928527    3.40004982    4.55717943    4.31057373    4.28366138    3.57793957    4.22483062    4.27299064    4.38051845    4.42485257    4.79117701    4.61869702    4.02911217    5.12186713    5.29448973    4.34318330    3.97539144    4.04453512    3.46085752    4.78478990    4.02735964    3.31949986    3.76321007    3.90319911    4.07022842    4.27381541    4.39933084    4.49109660    4.06118093    3.41472896    4.29995259    3.83969611    4.05122121    3.53977983    3.20850472
B2HDW1_MYCMM/30-266     3.66609100    3.90349824    3.63813063    1.21963471    1.21151032    1.58027050    1.29445623    1.13139547    1.33617382    1.20256251    1.29475561    1.41001077    1.15032040    1.35176954    1.43069802    1.36886204    1.21194633    1.32102037    1.50821284    1.11051013    1.38309708    1.02372334    0.00000000    2.56925237    2.85612507    3.12281009    2.12266943    2.62627363    3.08999803    2.65752418    2.13097401    2.33504460    2.46918240    2.48830339    2.98253348    3.30111566    2.96684699    2.52164970    2.59445015    2.45231184    2.25460517    4.77872833    4.50271152    4.23575949    4.02951881    3.73978788    4.10705546    5.06207243    4.02175987    4.49468184    3.75034212    3.91180127    4.24173051    3.42629372    4.97656440    4.90354734    5.33429693    3.67913616    3.98030004    3.99248938    3.56362084    3.66245529    4.40910217    3.71962787    3.38214551    3.55872087    3.68736178    4.32667412    5.14278012    4.21586469    3.52456142    3.39576191    4.30102035    3.63715906    4.18163140    5.05840067    4.40349731    3.36334939    4.26293393    4.42770639    3.52994456    3.67011968    4.22531151    3.80822070    3.12748543    4.57787105    4.33971819    3.45221931    3.66336992    4.27327017    4.02771028    4.43314745    3.66764097    2.96765940    2.64194055    3.70876767    3.79938932    4.00283896    5.05786815    3.65955630    3.87975821    3.66390368    4.04209836    3.16103982    4.46819254    3.76601437    3.02600598
A0L8V4_MAGMM/6-235     5.04719898    4.99308110    6.32388871    2.25937789    2.91749941    3.29759854    3.39183121    2.83860153    3.29967330    2.69775732    2.85946155    2.89923512    2.45596337    2.88666476    2.74123468    3.24298951    3.13076729    2.99556013    3.12674968    2.77430648    2.88771448    2.99810402    2.56925237    0.00000000    1.33359992    2.10417148    1.63066704    2.62392168    3.08642890    2.55107319    1.70027140    1.68557435    2.04430451    2.03955640    1.98407571    2.07515970    2.24448522    1.94072109    1.64082803    1.78879074    1.74663280    5.41498495    4.21266580    3.94408631    4.73283365    4.38094308    3.82529889    4.69928075    4.53346037    4.46168193    4.15287728    4.58683283    4.67491405    3.76974810    3.39058349    3.27444279    3.81729749    4.67438783    4.00778148    5.24296751    4.05036021    5.57551120    3.97008569    3.52464914    3.48429077    3.72179782    4.37760953    4.78630978    4.32055451    4.48701925    4.47005613    5.13380038    3.52966044    3.99941006    5.47081980    5.65995614    3.86680879    4.19569331    3.82331209    4.61967564    5.21123429    4.02679597    4.89152136    4.86161418    3.58699926    3.85431984    4.44099501    4.38352304    3.55352309    3.61145548    3.77461396    3.73775716    3.76404257    4.19941873    3.61856791    4.24779137    4.57779793    3.97832257    4.55481944    4.04033954    4.10478982    4.71186292    5.38349534    4.06202917    3.95495912    3.73023190    3.82682682
Q2LVG5_SYNAS/3-233     4.79176383    4.31891528    5.22408889    2.59517913    2.84498963    3.29080143    3.28442779    2.69129988    2.74402839    2.66779996    3.07713285    2.76258750    2.56731261    3.10562163    2.59241164    2.78745431    2.60211257    2.95292146    2.93820691    2.42090104    2.96475768    2.58482357    2.85612507    1.33359992    0.00000000    2.66391055    1.65502769    2.88384687    2.83427215    2.30334879    1.63494540    1.74473736    2.13593253    2.01742426    1.81411847    1.95037412    2.02451748    2.05787711    1.73339323    2.04517933    1.71788626    4.62068888    4.00386293    3.45031726    4.39111205    4.50734309    3.79836469    4.70681175    3.83097413    3.87160277    4.29339772    4.17687220    4.04008937    3.37734395    4.06923657    3.84964743    4.35965927    4.89221309    5.15068625    6.10430679    3.79117385    5.09472453    3.25895262    4.62028281    3.48805607    3.34494153    4.32441380    4.25094285    4.06893968    3.32438269    4.31087678    4.41463500    4.29718755    4.13388709    4.58957795    5.50862514    4.74325709    3.87439906    3.97797196    3.93277552    4.46042742    4.78015836    4.95725682    4.65913359    4.14715716    4.47799655    4.07201831    4.62089527    3.57052916    4.16633352    3.40789345    4.39048068    3.95492127    3.75369656    3.96203773    4.10082958    4.48329463    4.45541824    5.13491053    4.11503165    4.12968121    5.00327389    5.17102642    3.77136054    3.88255796    3.47217502    3.65426814
Q2S0L6_SALRD/3-247     5.72675296    6.24105627    4.90815019    3.09071576    2.89555719    3.24354075    2.94748299    2.99316722    3.16799254    2.79879349    3.31638862    3.43957217    2.93782628    3.04647158    3.16986496    3.51065599    3.02583493    3.25583682    3.20539704    2.47519945    2.89677867    3.22877766    3.12281009    2.10417148    2.66391055    0.00000000    2.28137780    3.52216114    3.80819647    2.60066564    2.16196348    2.38799706    2.25851495    2.51858152    2.25168206    2.72949559    2.35253414    2.60996730    2.50749809    2.70224612    2.41836139    5.47202776    4.53318197    4.20006806    3.78374482    5.06125478    4.16736137    4.78198159    4.82687482    4.37508909    4.23505833    5.13380992    4.91159013    4.11469171    4.52346658    4.51325201    4.56017429    5.07233273    4.88408213    4.62641426    4.48070483    6.00015599    3.86072739    4.18566508    4.16123328    4.27415191    5.04416195    5.30367132    4.21078553    4.39178870    3.65015503    4.58687658    4.19713353    4.83278220    4.00607007    5.25748008    4.32480320    4.09320758    4.19455876    4.06062400    5.53889674    3.84388442    4.71360520    4.76216637    4.23905488    5.77745941    4.44884556    5.70043060    4.27294143    4.87182318    4.14227398    4.79522384    4.61217984    4.43030448    4.09695368    4.99649158    6.32070907    4.88536205    5.83303288    4.60972925    4.94554236    4.57527300    4.45303972    4.28180807    4.58052731    3.74804446    3.66610879
