94
Q1MQA8_LAWIP/103-258     0.00000000    0.90328442    1.12572453    1.24377731    1.15684705    1.46841398    1.20255050    1.14588729    1.19580584    1.17035037    1.10090192    1.07910471    2.63381964    2.27913051    2.43005293    2.35729846    2.21650122    2.21258094    2.50876242    2.73529771    2.62001547    2.31686682    2.45740688    2.27068745    2.20035094    2.28797214    2.27755166    2.26349863    2.22182382    2.26885433    2.26278024    2.65351090    2.50806962    2.59674285    2.62667289    2.56648109    2.47889217    2.42948259    2.42236492    2.41349229    2.23074567    2.15362386    2.29803230    2.46284120    2.48050424    2.64750753    2.47320815    2.60970664    2.64707830    2.74763522    2.94030903    3.13749383    2.57474990    2.83084865    1.27677556    1.21737204    1.15782403    1.07830883    0.99971253    1.04814938    1.11253140    1.07719281    0.97155157    0.90224175    0.83231189    0.95574445    0.99709272    0.83074467    0.92260108    0.93241812    0.77317544    0.80646271    0.96509255    1.08198776    1.08741156    1.08218322    1.06596519    1.21258251    1.12618941    1.11128863    1.11491456    1.29606221    1.18444042    1.30150584    1.23294809    1.34221901    1.21555313    1.58427385    1.27468043    1.06601190    1.26278095    1.25998223    1.46177542    1.55977733
Q8R9T2_CALS4/89-243     0.90328442    0.00000000    1.02883456    0.94060332    0.91263667    1.10549122    1.07064974    0.81109609    0.87826682    1.00021558    0.80138604    0.76158067    2.37167223    1.79876326    2.01969267    2.04014968    1.89417241    1.85373615    1.94343739    2.63837651    2.62627087    2.37879779    2.50232622    2.47067986    2.58140405    2.40367029    2.33479090    2.47159117    2.32039398    2.28279879    2.35291718    2.37938775    2.19233228    1.94583608    2.24187629    2.30360632    2.04503575    2.18561045    2.24363300    2.39603466    2.07776589    2.04895486    2.05794627    2.15235494    2.23622392    2.22576516    2.15223694    2.75296334    2.32208056    2.54796960    2.48168953    2.77486374    2.38622312    2.67285567    1.08944325    0.89137553    0.88040202    0.69065024    0.85142210    0.71953021    0.93751457    0.85160980    0.92610921    0.87832231    0.84502512    0.86303636    0.89772480    0.87210040    0.87288016    0.90874289    0.88245271    0.93129252    1.01079524    0.83238766    0.90704116    0.78930703    0.77509808    0.94045731    0.85983667    0.83349933    0.93655136    0.83192257    0.94649802    0.84635101    1.01747825    1.21693153    0.94980462    1.27860499    0.94941349    0.84596267    0.89441820    1.03137277    1.31321195    1.31703805
B8I256_RUMCH/90-243     1.12572453    1.02883456    0.00000000    0.75552608    0.80382270    1.19492913    1.24312926    0.85221184    1.14794713    0.98321941    0.82376336    1.04119259    2.53465969    2.05719626    2.18477630    2.09174573    2.16350133    1.99292342    2.20678539    2.35921355    2.29456843    2.16954254    2.27101297    2.33222409    2.43507122    2.41258976    2.23271904    2.27927230    1.95303462    2.01845042    2.12960378    2.35476993    2.10858647    2.09518347    2.18872772    2.15963331    2.10228055    2.14656596    2.10220775    2.33345861    1.76802768    2.11529620    2.28690850    1.77307396    2.18316072    2.18218293    2.41602344    2.64888162    2.65648184    2.52304895    2.39913736    2.56559449    2.38793617    2.47237490    1.17236089    1.12847368    1.16893024    1.03696174    1.13547356    1.12318693    1.20126228    1.17427456    1.15395161    1.20352070    0.97884220    0.98491488    1.15248548    1.13782218    1.21041178    1.15641349    1.03266584    1.15521828    1.10258053    1.16313810    1.16618503    1.12523791    1.08420349    1.03265010    0.96184977    1.09978537    1.31466821    1.20895394    1.03258838    1.02420729    1.05225038    1.28302347    1.09811307    1.35332068    1.12784534    1.13928154    1.13732677    1.33204383    1.13631691    1.39867910
A3DCX6_HUNT2/89-243     1.24377731    0.94060332    0.75552608    0.00000000    0.56503742    1.08965330    1.06333914    0.83077136    0.91921376    1.06448389    0.95296421    1.07942730    2.49259032    2.10991754    2.27374952    2.21960450    2.30717866    2.13365302    2.36328232    2.54916599    2.69657972    2.57754073    2.62596473    2.40442815    2.57876123    2.48798335    2.47238507    2.43427683    2.25275962    2.28561607    2.27997253    2.36130926    2.31565922    2.30945747    2.35629432    2.60246145    2.52727386    2.26493664    2.29708956    2.51232241    1.97341309    1.99863951    2.24250688    1.86543158    2.15577647    2.20035711    2.42946604    2.96535703    2.88248471    2.74551449    2.86744866    2.62723074    2.76167698    2.92174677    0.99095609    0.88698200    0.96157448    0.99356010    1.00803598    0.86259284    0.97933977    1.09622720    0.97671656    1.00557706    1.06414425    1.03177840    1.11104665    1.06221572    1.07768953    1.05180854    1.05388462    1.12763669    1.29462883    0.98218388    1.15215001    1.07254409    0.97657173    1.03749827    0.93542030    1.03502733    1.09434590    0.94894797    1.02168360    0.89651375    1.02266357    1.26406317    1.16702391    1.32336521    1.12558710    1.06448668    0.98205954    1.28671818    1.22564156    1.38611977
G8M0Q9_HUNCD/74-225     1.15684705    0.91263667    0.80382270    0.56503742    0.00000000    0.91877922    0.97814353    0.84554820    1.02585363    1.04492082    0.97291259    1.00182887    2.47470260    1.95223837    2.09197042    1.95984794    1.95408351    1.93639031    2.15009391    2.53067000    2.59514882    2.66043007    2.54289626    2.25729607    2.50009169    2.42285497    2.28621060    2.36603450    2.15461574    2.11986881    2.20709562    2.03813002    2.12597844    2.07935946    2.13171626    2.26186361    2.21429184    1.83528357    1.98227920    2.11333026    1.70168983    2.01600592    2.21296874    2.15637915    2.25633576    2.18521576    2.32604830    2.79332456    2.53286506    2.71809170    2.47413827    2.49660503    2.53985856    2.69286768    1.01457809    0.96588873    1.11527661    1.10426569    0.97338510    0.91217033    1.05516588    1.07812324    0.97662047    1.21061768    1.04807776    1.05228773    1.18977086    1.07547745    1.11348811    1.08277906    1.08182687    1.08573852    1.18558440    0.98995644    1.17471386    0.92166583    1.02377155    1.00875929    0.94023759    1.11794619    1.16330741    1.07860926    1.20058119    0.97157660    1.06801675    1.20017828    1.00754957    1.15178826    1.09907434    0.98164859    1.11352552    1.22839081    1.20854218    1.35434334
L7VNT5_THES1/95-247     1.46841398    1.10549122    1.19492913    1.08965330    0.91877922    0.00000000    1.12598726    1.04731884    0.95367157    1.09269249    0.98750367    1.15286631    2.34123263    2.32592537    2.58040530    2.45595117    2.35712812    2.12121309    2.25633396    2.52975729    2.76196802    2.93222727    2.95490730    2.99825696    2.76264693    2.58125563    2.52059376    2.48848607    2.37597186    2.29905111    2.44846163    2.71544771    2.60518766    2.41572807    2.56672036    2.64198210    2.45418143    2.29136826    2.49611361    2.53659971    2.16470651    2.36055518    2.30624092    2.37162093    2.54158162    2.47682488    2.75372396    3.12751514    2.66717655    2.80064609    2.61124653    2.85643429    2.74710710    3.08401673    1.15436178    0.96726268    1.04134054    1.07247900    1.09463508    1.01262823    1.10292322    1.14874112    1.13182577    1.11600655    1.06659447    1.11379444    1.14772429    1.07475792    1.17726889    1.15828226    1.04155537    1.11643163    1.14018314    1.19009546    1.15372871    1.07702560    1.17720080    1.17454542    1.07754679    1.13296313    1.14399743    1.10751270    1.23613259    1.17041244    1.26444409    1.25769929    1.09851938    1.34949616    1.22436178    1.19278100    1.23823145    1.16963409    1.15450609    1.34927093
E3PSX0_ACESD/10-164     1.20255050    1.07064974    1.24312926    1.06333914    0.97814353    1.12598726    0.00000000    0.67443583    0.92176399    1.01446207    0.90361071    0.84285160    2.18708808    2.14759489    2.22773451    2.22413819    2.15203349    2.14921681    2.27237201    2.17807015    2.58427235    2.41823669    2.60269034    2.19437494    2.16425665    2.14681374    2.16716926    2.26491697    2.08475640    1.93914684    2.17552887    2.41537722    2.40090745    2.13704302    2.37535738    2.24731553    2.27474693    2.20008775    2.22059542    2.13352885    2.07390319    1.98197614    1.98405354    2.04329745    2.21511019    2.18695230    2.12675910    2.47241654    2.30266183    2.41833755    2.63879270    2.59672930    2.39443708    2.56711282    1.06164862    0.81425701    0.82459715    1.01415350    0.91367733    0.90894900    0.82213005    1.08271751    0.97443219    1.02110293    1.02300089    1.00363010    1.07983117    0.97155191    1.02986070    1.01398614    0.86944436    0.96210473    1.01453168    1.00236583    1.02467412    0.99678801    0.97938539    0.93105345    0.89924675    0.99288047    0.94668658    0.96774304    1.01333307    0.92282930    1.03549719    1.36668802    0.97658117    1.54391470    0.98970687    1.02208425    1.00784186    0.95890350    1.34432725    1.49463944
K0B161_GOTA9/89-243     1.14588729    0.81109609    0.85221184    0.83077136    0.84554820    1.04731884    0.67443583    0.00000000    0.72968939    0.91475941    0.75478478    0.72879874    2.06925527    1.91639758    2.12715303    2.12166472    2.15788849    2.05571304    2.22463932    2.07603361    2.20665759    2.19543843    2.14326984    2.17713172    2.25091263    2.11362330    2.13741100    2.16918511    2.20519099    2.02137599    2.07781444    2.27757630    2.34126378    2.10008000    2.37347247    1.96088526    2.33187532    2.08319910    2.07732318    2.06039711    1.81403921    1.98361356    1.96860717    2.10095750    2.18061659    1.95493761    2.11727112    2.54693913    2.41885804    2.37503650    2.10251998    2.44745485    2.23712729    2.51294430    0.87415234    0.71578788    0.76879287    0.76817530    0.77620853    0.80022390    0.76740988    0.89415279    0.89967843    0.92912180    0.84754703    0.82901868    0.94794795    0.92702968    0.98017292    0.93808812    0.85816378    0.93239874    0.97747053    0.78597105    0.84139216    0.87071442    0.81397811    0.88949355    0.84024390    0.95268663    0.94694192    0.81978999    0.80120559    0.79338584    0.91998372    1.11737038    0.88810972    1.30324060    0.86614000    0.82401728    0.80095943    1.12947831    1.19661331    1.18816976
A6TRW6_ALKMQ/97-251     1.19580584    0.87826682    1.14794713    0.91921376    1.02585363    0.95367157    0.92176399    0.72968939    0.00000000    0.52750593    0.68930920    0.68236859    2.27825834    2.05635147    2.49809669    2.33984456    2.25694821    2.11150397    2.30203840    2.20260772    2.40491900    2.35958563    2.47603257    2.32399530    2.36268598    2.19934154    2.20415354    2.22265812    2.16618898    2.18200941    2.37504940    2.49456033    2.66031874    2.18692698    2.56253978    2.43030909    2.31315062    2.16848056    2.45029760    2.24950342    2.12597232    1.89923629    2.24629240    2.24619027    2.43108133    2.28767579    2.42468553    3.07768750    2.70952524    2.89728824    2.38287918    2.56962794    2.43720595    2.43416261    0.96634344    0.88796083    0.94647562    0.78201776    0.79857416    0.72659745    0.84962978    0.98232274    0.95973193    0.81350535    0.88842304    0.98068988    0.94129937    0.88928766    0.93854654    0.90759167    0.91902116    0.96348057    0.96713640    0.82566577    0.89952673    0.84128761    0.74060376    0.78616508    0.85536303    0.85368641    0.84455316    0.86867287    0.99820565    0.89489820    0.85508197    1.35017732    1.02845093    1.48693780    1.10698000    1.02476120    1.00915044    1.11492954    1.26974774    1.29721329
A8MH86_ALKOO/97-251     1.17035037    1.00021558    0.98321941    1.06448389    1.04492082    1.09269249    1.01446207    0.91475941    0.52750593    0.00000000    0.70744026    0.78443457    2.16952429    2.00719545    2.15064448    2.06729220    1.94787870    1.80727310    2.08529289    2.19919966    2.35059904    2.28616369    2.35573819    2.36839796    2.37410726    2.11574872    2.14019201    2.34428759    2.02593767    2.08297502    2.24706673    2.21393046    2.23911821    2.02206114    2.29883251    2.11144294    2.07623121    2.18890332    2.38000395    2.28105002    1.89290010    1.94788952    2.12951542    2.14916285    2.15374978    2.12618879    2.14258712    2.43179686    2.30345604    2.26175280    2.26474343    2.57943511    2.30016553    2.56774562    1.01494367    0.96191668    1.01553970    0.85726722    0.91020901    0.79358335    0.92266026    0.92163198    0.98745762    0.84494720    0.91581505    1.10193938    0.95638280    0.94746217    1.00576864    1.04148250    1.00629521    0.94388988    1.01032753    0.85926191    0.89161604    0.79159557    0.80080225    0.78591870    0.80188321    0.86305920    0.87107124    0.89418254    0.98010010    0.94140054    0.97126749    1.32649474    1.16597587    1.45401599    1.12163922    1.07118827    1.16197378    1.12231029    1.27845928    1.27441453
Q182S3_CLOD6/84-238     1.10090192    0.80138604    0.82376336    0.95296421    0.97291259    0.98750367    0.90361071    0.75478478    0.68930920    0.70744026    0.00000000    0.59289836    2.47693517    1.96918443    2.07952748    2.19491023    1.92458257    1.90557011    2.14408102    2.16001969    2.19764660    2.24756515    2.31378364    2.33202462    2.31236410    1.97846522    2.05895412    2.21029429    2.04988676    2.10992934    1.88153285    2.34180738    2.36547220    2.14575364    2.28779176    2.38074890    2.17661437    2.08616496    2.09025331    2.06313032    1.87234584    1.96144640    2.06038901    1.88060241    2.23952107    2.07451750    2.32806020    2.60381661    2.14321318    2.33810104    2.52414443    2.64797906    2.42179265    2.57561421    0.95783320    0.78547394    0.88997830    0.80294805    0.83209854    0.92052016    0.95937280    0.98973198    1.00104740    0.82248444    0.91051963    0.91070694    0.97640257    0.95039774    1.09018191    1.06729824    0.92810660    0.88374577    0.97015563    0.93999587    0.99538649    0.89204803    0.83236082    0.83838228    0.91826840    0.95338843    0.92290155    0.87816082    0.84364448    0.91708509    1.00491783    1.24590834    1.02389683    1.39018456    0.99504930    0.91422202    0.96096284    1.13003698    1.08526334    1.23547525
W8TKQ0_PEPAC/88-241     1.07910471    0.76158067    1.04119259    1.07942730    1.00182887    1.15286631    0.84285160    0.72879874    0.68236859    0.78443457    0.59289836    0.00000000    2.31036911    2.06259076    2.05497840    2.07236356    1.78885344    1.98138963    2.17634158    2.39167363    2.32333988    2.26182513    2.41204712    2.37776821    2.30562197    2.02611385    2.10924758    2.28388473    2.12477089    2.17112555    2.12149002    2.44304444    2.36202412    2.06912928    2.18847462    2.19859669    2.39698161    2.19690759    2.15531987    2.23537113    1.96393849    2.02933697    2.18727258    2.27957243    2.22635998    2.30314467    2.40870252    2.36432558    2.12876924    2.25595174    2.66394384    2.92261531    2.48249303    2.61154461    0.89738998    0.86565697    0.85921338    0.78302089    0.78363873    0.86544711    0.92311724    0.87291548    0.95925704    0.87953177    0.84871815    0.92205702    0.93650619    0.91671874    0.96610876    0.90105119    0.80778027    0.85047081    0.86023798    0.72896914    0.81983835    0.78941379    0.75422924    0.99175030    0.91960851    0.89975429    0.89036186    0.87651810    0.87953145    0.84290106    0.97716223    1.19848692    0.85303803    1.54446833    1.00132796    0.93141749    1.00034324    1.00203801    1.20258590    1.33790811
D6Z460_DESAT/37-217     2.63381964    2.37167223    2.53465969    2.49259032    2.47470260    2.34123263    2.18708808    2.06925527    2.27825834    2.16952429    2.47693517    2.31036911    0.00000000    2.18280427    2.43069599    2.26807272    2.24368219    2.23706723    2.06784853    1.77723239    1.67689192    1.97279497    1.81105749    1.96417042    1.91861763    1.89352709    1.92258701    1.90635252    2.00545097    1.74996330    1.96269270    2.32284019    2.08755995    2.11314518    2.14374354    2.22317247    2.15473554    2.11901231    2.25402970    2.12686695    1.84525270    2.16420952    1.89772657    2.10732571    1.87507132    1.76089171    1.99978841    2.39030166    2.14455906    2.38161599    2.50471378    2.36461407    2.32449101    2.41871658    2.18772878    2.14054387    2.15344782    2.14243370    2.18485477    1.98273391    2.11681592    2.08830642    2.05977480    2.31875443    2.32815738    2.38088903    2.49337853    2.38667495    2.53708470    2.28619184    2.23736286    2.43567687    2.25412029    2.21001856    2.04180538    2.29419555    2.39321475    2.08406030    2.04679089    2.17878427    2.19729418    2.12259051    1.95117459    2.12021072    2.16158384    2.29187431    2.35091781    2.60866679    2.09036547    2.12487452    2.06491923    2.20065708    2.25789977    2.72352219
L0KYE6_METHD/54-207     2.27913051    1.79876326    2.05719626    2.10991754    1.95223837    2.32592537    2.14759489    1.91639758    2.05635147    2.00719545    1.96918443    2.06259076    2.18280427    0.00000000    0.38155728    0.44269188    0.43712124    0.45467785    0.49387890    1.27892110    1.38251937    1.38961446    1.54234653    1.53725494    1.52420518    1.48560054    1.47095630    1.56174519    1.46158486    1.47453793    1.33833558    1.54367180    1.75732229    1.49367721    1.51084841    1.49752894    1.34235654    1.30343127    1.38887883    1.38869680    1.38064569    1.39481318    1.24292173    1.22192663    1.17782849    1.12206416    1.35298209    2.13163496    1.97868323    1.93183881    2.21048566    2.28446257    2.06853772    2.22778296    1.98143702    1.88569477    2.02368541    2.10356348    2.06815926    1.90761191    1.98838781    2.21061953    1.98742351    2.16073551    2.05995066    2.22050422    2.14579281    2.23760335    2.15350557    2.23409025    2.24500196    2.25939504    2.31415976    1.91230191    2.23294452    2.07503397    1.85754412    2.04539088    1.97621732    1.99595392    2.17247579    1.96302501    2.10552273    1.84253946    1.75681040    2.20586717    2.23399910    2.51268559    2.28600807    2.06515156    2.06154045    2.20425915    2.19615673    2.50024636
Q12TD7_METBU/54-206     2.43005293    2.01969267    2.18477630    2.27374952    2.09197042    2.58040530    2.22773451    2.12715303    2.49809669    2.15064448    2.07952748    2.05497840    2.43069599    0.38155728    0.00000000    0.37702791    0.41726752    0.45910484    0.51991491    1.39702387    1.47710391    1.56132326    1.54456287    1.70136928    1.68695725    1.70701216    1.57407061    1.65260917    1.55378062    1.67166490    1.59257943    1.65009506    1.98553264    1.53739514    1.71172636    1.66768536    1.56535124    1.36428766    1.45328068    1.67749149    1.38129586    1.48283371    1.27962976    1.26298514    1.16165762    1.08540600    1.29083304    1.93298486    1.70902194    1.69715828    2.39826522    2.39223492    2.18063649    2.24015326    2.20157033    2.13772794    2.38068262    2.30367039    2.35046084    2.14114831    2.28399837    2.43208609    2.38964058    2.34217225    2.45371934    2.45994204    2.56691317    2.63075792    2.48941070    2.51887364    2.64319862    2.36159722    2.45690165    2.04533097    2.38067282    2.19917737    2.20753074    2.15936700    2.11998821    2.34653357    2.30662137    2.21898405    2.16015665    2.07149377    1.85295990    2.15379271    2.28543792    2.69650198    2.45103918    2.21764650    2.24891706    2.53927090    2.37567833    2.81544580
D5EAF8_METMS/54-206     2.35729846    2.04014968    2.09174573    2.21960450    1.95984794    2.45595117    2.22413819    2.12166472    2.33984456    2.06729220    2.19491023    2.07236356    2.26807272    0.44269188    0.37702791    0.00000000    0.50894317    0.53301921    0.59827958    1.22842901    1.29995789    1.42709024    1.39607969    1.37994957    1.32635474    1.45747773    1.31280975    1.30044698    1.39246667    1.36803731    1.45283470    1.65330715    1.82502958    1.53970021    1.70610851    1.57660474    1.51303781    1.39018055    1.51796427    1.61896078    1.38656010    1.42702143    1.19858531    1.25753737    1.17450249    1.03715757    1.38445102    1.76812714    1.60057512    1.59316711    2.06986691    2.26942163    2.14034234    2.17086436    2.21592869    2.22477952    2.33584166    2.29783959    2.34649292    1.89876647    2.13756672    2.18060961    2.14193316    2.26364196    2.27228849    2.28435186    2.24138566    2.44282485    2.25657187    2.35414113    2.42951652    2.28101644    2.21419624    1.95513766    2.19225111    1.89751260    2.07027548    2.16347927    1.97128445    2.14687957    2.18701870    2.09428961    2.21911806    1.84550518    1.83171724    1.96637869    2.25242622    2.36296803    2.48872041    2.30706123    2.27595580    2.34483113    2.32225480    2.72918495
Q8TSV6_METAC/54-206     2.21650122    1.89417241    2.16350133    2.30717866    1.95408351    2.35712812    2.15203349    2.15788849    2.25694821    1.94787870    1.92458257    1.78885344    2.24368219    0.43712124    0.41726752    0.50894317    0.00000000    0.47423666    0.51293822    1.33180661    1.42272846    1.57108935    1.58850774    1.65712205    1.76146885    1.70535036    1.59105915    1.69302948    1.53000412    1.53960832    1.58146042    1.63212611    1.78837587    1.58688929    1.57543398    1.65592730    1.53325735    1.32792506    1.54638046    1.42876018    1.38615588    1.56543655    1.27440535    1.29404124    1.21912237    1.20224395    1.32967937    1.77898816    1.72191626    1.64076521    2.30205674    2.61425863    1.95751665    2.24565176    2.00137165    1.92837866    2.09086858    1.99952745    2.05326627    1.94507663    2.05235755    2.14954108    2.17272534    2.17620712    2.07115289    2.31119990    2.20118965    2.28843379    2.20499066    2.26208919    2.39188331    2.17268396    2.24166637    1.89596201    2.13482647    1.72780304    1.79590621    2.06627435    1.88943723    1.99930208    1.89260811    1.98242542    2.17138957    1.86192587    1.69834922    1.89272642    2.08881534    2.57959574    2.17886683    2.09198701    2.22058206    2.38437156    2.34235625    2.64158433
D7E8B4_METEZ/54-207     2.21258094    1.85373615    1.99292342    2.13365302    1.93639031    2.12121309    2.14921681    2.05571304    2.11150397    1.80727310    1.90557011    1.98138963    2.23706723    0.45467785    0.45910484    0.53301921    0.47423666    0.00000000    0.34600137    1.30390137    1.40909173    1.37552351    1.54257596    1.58050030    1.51937881    1.62839798    1.60596372    1.61440418    1.53130425    1.53526078    1.55312576    1.52284548    1.72616322    1.74705991    1.76109566    1.70093092    1.59415752    1.41246396    1.50926330    1.47253926    1.31509838    1.37989561    1.16743116    1.16057537    1.08845978    1.12259397    1.35954215    1.85926214    1.82514062    1.71596067    2.27335160    2.25181070    2.01716662    2.18184638    1.96713050    1.94436353    2.09838931    2.08904623    2.08512648    1.88888695    2.01073035    2.09951229    2.09709247    2.18072873    2.03164453    2.19487291    2.17841488    2.29220218    2.23062569    2.32072840    2.37447471    2.24243231    2.15965104    1.89176842    2.23098201    1.94739627    1.99895010    1.99628652    1.91374495    1.94697443    2.02729948    1.92387066    2.23905430    1.84787405    1.72505942    1.75706626    2.18055738    2.60312822    2.15911779    1.94690577    2.05391526    2.29858823    2.06933328    2.40917720
F7XQG5_METZD/54-207     2.50876242    1.94343739    2.20678539    2.36328232    2.15009391    2.25633396    2.27237201    2.22463932    2.30203840    2.08529289    2.14408102    2.17634158    2.06784853    0.49387890    0.51991491    0.59827958    0.51293822    0.34600137    0.00000000    1.34032443    1.33245279    1.52017330    1.51153847    1.63531427    1.57916922    1.64306877    1.61672415    1.57975777    1.56793892    1.53332155    1.49732298    1.57590071    1.63047002    1.72159249    1.62075218    1.61028062    1.53339599    1.38158979    1.43985943    1.59208775    1.47049040    1.54674969    1.21715545    1.19003258    1.03621722    1.14012755    1.41869925    2.07945874    1.94541451    1.91091678    2.18821629    2.12412643    1.95295967    1.98550398    2.30389278    2.08812156    2.21271661    2.40209200    2.28760693    2.03624320    2.17261904    2.37168647    2.37723704    2.39325387    2.27041459    2.38577632    2.45638823    2.53445973    2.39975234    2.50863452    2.57312868    2.47181025    2.35680886    2.20518422    2.39193234    2.21955700    2.16694291    2.18711839    2.16613963    2.24578788    2.36347045    2.11540052    2.33289294    1.98715529    1.95419094    1.88381315    2.31900838    2.79954583    2.22858880    2.23302308    2.19165632    2.32088379    2.30330001    2.71184269
D1YXT6_METPS/64-218     2.73529771    2.63837651    2.35921355    2.54916599    2.53067000    2.52975729    2.17807015    2.07603361    2.20260772    2.19919966    2.16001969    2.39167363    1.77723239    1.27892110    1.39702387    1.22842901    1.33180661    1.30390137    1.34032443    0.00000000    0.42978182    0.80744904    0.82151989    0.80963733    0.97607985    0.92284426    0.89767950    0.91640848    1.00019067    0.86216480    1.04122309    1.42866667    1.54522943    1.60243673    1.39886917    1.31861139    1.63142490    1.54351827    1.80344457    1.59205185    1.51132483    1.53406825    1.32974295    1.66104133    1.55312504    1.41342022    1.42522614    1.87297040    2.03402480    1.97524991    2.03965860    2.19233706    1.95607784    2.03910823    2.21155696    2.32940727    2.31041474    2.39810887    2.24012541    2.34360545    2.18741382    2.34664242    2.33101611    2.39656301    2.44350334    2.48054612    2.53511626    2.64591837    2.70225907    2.38639760    2.40671654    2.35476921    2.49158465    2.19450000    2.38034931    2.45221836    2.47790944    2.30284581    2.16965298    2.23826885    2.27136036    2.48651198    2.15503867    2.36774286    2.03482420    2.37333985    2.53434644    2.50912986    2.43390747    2.46919600    2.06108105    2.56456738    2.28413054    2.85354898
Q0W0I5_METAR/64-218     2.62001547    2.62627087    2.29456843    2.69657972    2.59514882    2.76196802    2.58427235    2.20665759    2.40491900    2.35059904    2.19764660    2.32333988    1.67689192    1.38251937    1.47710391    1.29995789    1.42272846    1.40909173    1.33245279    0.42978182    0.00000000    0.86313005    0.79937369    0.85497820    1.01097405    1.07616093    0.96429658    0.94448731    1.01566370    0.96739772    1.12313114    1.44796425    1.45726301    1.60595000    1.48942040    1.40654327    1.69462585    1.58311230    1.60828722    1.73546361    1.42360196    1.66874597    1.42581547    1.54953455    1.65113260    1.48435315    1.44011353    1.79427198    1.84199102    1.75107033    2.00868694    2.15750983    1.98434265    2.00182727    2.49173812    2.49077417    2.58175851    2.53472860    2.32239657    2.40545731    2.35023978    2.55730653    2.36614047    2.37965572    2.36934386    2.36242451    2.47553659    2.44571137    2.54387964    2.61612841    2.30996242    2.54183941    2.43040034    2.33176852    2.37153083    2.53939008    2.59500480    2.41096949    2.35824303    2.24269757    2.35013457    2.54499225    2.43573662    2.34313411    2.00342963    2.31730470    2.49586544    2.69563865    2.56041813    2.44881342    2.30452032    2.73558378    2.44130871    2.87254044
G7WKR3_METH6/74-228     2.31686682    2.37879779    2.16954254    2.57754073    2.66043007    2.93222727    2.41823669    2.19543843    2.35958563    2.28616369    2.24756515    2.26182513    1.97279497    1.38961446    1.56132326    1.42709024    1.57108935    1.37552351    1.52017330    0.80744904    0.86313005    0.00000000    0.45489591    0.47223445    0.86985443    0.97339303    0.85743482    0.93337949    1.01694928    0.92038862    1.08847481    1.51485272    1.76244435    1.63731485    1.49475755    1.63055660    1.60868541    1.64734107    1.67486109    1.72439419    1.43799908    1.47210172    1.21145775    1.47910328    1.39926683    1.50672632    1.60141725    1.74953120    1.83887211    1.86441079    2.20095164    2.33247697    2.37886584    2.17457658    2.20909589    2.27617930    2.35295730    2.32509855    2.26514679    2.24690447    2.30576670    2.48396233    2.16341024    2.50092494    2.61714435    2.36493250    2.54865735    2.41678039    2.62940273    2.54777729    2.34638154    2.36130611    2.35412258    2.11822466    2.32878077    2.26281715    2.18877652    2.24267883    2.10108120    2.07939230    2.40825976    2.54952023    2.26663840    2.19942818    2.03574091    2.26813891    2.42712029    2.43854161    2.39318155    2.40386224    2.19388013    2.27617689    2.30514247    2.83908041
F4BX80_METSG/59-213     2.45740688    2.50232622    2.27101297    2.62596473    2.54289626    2.95490730    2.60269034    2.14326984    2.47603257    2.35573819    2.31378364    2.41204712    1.81105749    1.54234653    1.54456287    1.39607969    1.58850774    1.54257596    1.51153847    0.82151989    0.79937369    0.45489591    0.00000000    0.39636349    0.99833480    1.02596358    1.00322628    1.02785376    1.28434651    1.02326677    1.17089990    1.46536682    1.46465162    1.53572303    1.39478822    1.60727048    1.59613581    1.52369186    1.51810525    1.42637930    1.27698639    1.56407478    1.16739513    1.48799173    1.42385242    1.24550669    1.36750958    1.78644061    1.77820133    1.84638653    1.96563837    2.32663222    2.25240213    2.10611441    2.12021522    2.23348592    2.47578820    2.31657511    2.21156577    2.30126590    2.39912619    2.56836595    2.18571888    2.53710422    2.58793715    2.47508404    2.46972380    2.54967922    2.77998335    2.61602548    2.48619656    2.64475395    2.43710528    2.14306302    2.51909224    2.43581201    2.33937312    2.42869722    2.20744916    2.29522957    2.52896268    2.53446941    2.33858073    2.00278435    2.18477891    2.32667508    2.31849245    2.58206665    2.38459996    2.42369961    2.32325440    2.39371145    2.20871508    2.74473812
A0B5F2_METTP/10-164     2.27068745    2.47067986    2.33222409    2.40442815    2.25729607    2.99825696    2.19437494    2.17713172    2.32399530    2.36839796    2.33202462    2.37776821    1.96417042    1.53725494    1.70136928    1.37994957    1.65712205    1.58050030    1.63531427    0.80963733    0.85497820    0.47223445    0.39636349    0.00000000    1.00284721    1.05535515    0.95995475    0.99033991    1.22205837    1.12125872    1.01355051    1.54233886    1.57828024    1.59789269    1.38842769    1.56296406    1.58895086    1.54452410    1.67033620    1.64508911    1.36329747    1.46947979    1.20988501    1.59280485    1.50605769    1.40988850    1.68539634    1.84070899    2.07639083    1.95290063    2.00087237    2.09519684    2.18878486    1.96380547    2.06719799    2.27191401    2.22526146    2.34255844    2.24500524    2.31562716    2.35759669    2.26596150    2.18599297    2.61642894    2.61448620    2.51248800    2.32884335    2.43703372    2.59220371    2.47984659    2.33607864    2.38171755    2.38485104    2.01783560    2.24785408    2.18031430    2.29502636    2.12211859    1.95366589    2.27354710    2.44657803    2.30769010    2.05152361    2.16802281    2.13149364    2.28816981    2.26901404    2.48870315    2.31627740    2.40252298    2.10040767    2.45485699    2.36877125    2.70840215
B8GF09_METPE/60-213     2.20035094    2.58140405    2.43507122    2.57876123    2.50009169    2.76264693    2.16425665    2.25091263    2.36268598    2.37410726    2.31236410    2.30562197    1.91861763    1.52420518    1.68695725    1.32635474    1.76146885    1.51937881    1.57916922    0.97607985    1.01097405    0.86985443    0.99833480    1.00284721    0.00000000    0.66716141    0.43123485    0.45542569    0.57639473    0.60117326    0.77853483    1.64843974    1.87544900    1.72447235    1.74143144    1.67294618    1.68559427    1.64461590    1.75558616    1.64869493    1.39644497    1.46177559    1.39887018    1.55577719    1.43262686    1.52085400    1.58758238    2.04347652    2.03004601    2.03377948    2.30775396    2.47393665    2.32170455    2.12317012    2.15547983    2.52884001    2.45814208    2.23435684    2.14211638    2.28608381    2.53427517    2.39269961    2.03781757    2.29578484    2.36197377    2.36263085    2.33794069    2.25774362    2.27966113    2.17676256    2.23705889    2.24873338    1.93758092    2.03652401    2.20317256    2.26215147    2.37751083    2.46663317    2.20481938    2.05266740    2.24043032    2.47352780    2.43020186    2.13504517    2.12694376    2.43761715    2.18111294    2.35443206    2.37581540    2.32209426    2.34126827    2.46111414    2.59980685    2.86981451
Q2FN45_METHJ/58-211     2.28797214    2.40367029    2.41258976    2.48798335    2.42285497    2.58125563    2.14681374    2.11362330    2.19934154    2.11574872    1.97846522    2.02611385    1.89352709    1.48560054    1.70701216    1.45747773    1.70535036    1.62839798    1.64306877    0.92284426    1.07616093    0.97339303    1.02596358    1.05535515    0.66716141    0.00000000    0.57346119    0.66348016    0.97878336    0.89553797    1.01445129    1.61885425    1.81570233    1.74183954    1.48080309    1.62261648    1.66525927    1.74899961    1.88412640    1.67368392    1.50484573    1.52696076    1.37963509    1.63746075    1.59893890    1.45856802    1.69979186    1.82565513    1.81165655    1.76123649    2.49880140    2.36067072    2.21306468    2.06730293    2.25244575    2.51495863    2.48389222    2.25143205    2.12661734    2.18133901    2.35316107    2.34344217    2.16303103    2.32685589    2.42748644    2.44661518    2.36231364    2.35819593    2.38903831    2.19000902    2.38086131    2.14494081    2.10705195    2.12050498    2.08081383    2.25478413    2.02132751    2.36568233    2.15831532    2.01487982    2.28524954    2.33467326    2.04972526    2.09014552    2.04328584    2.21713891    2.19212040    2.56032421    2.40864983    2.17759691    2.32208043    2.45792113    2.23425792    2.77015720
L0HEJ2_METFS/62-215     2.27755166    2.33479090    2.23271904    2.47238507    2.28621060    2.52059376    2.16716926    2.13741100    2.20415354    2.14019201    2.05895412    2.10924758    1.92258701    1.47095630    1.57407061    1.31280975    1.59105915    1.60596372    1.61672415    0.89767950    0.96429658    0.85743482    1.00322628    0.95995475    0.43123485    0.57346119    0.00000000    0.24621906    0.59526628    0.60712082    0.79755519    1.66329160    1.83369712    1.50884582    1.67197512    1.67095309    1.70881807    1.66853496    1.69992835    1.59805165    1.44081826    1.54897491    1.45496811    1.55242150    1.49810706    1.48030054    1.50832641    1.75329342    1.80061057    1.83950239    2.30736671    2.42691084    2.32081089    2.24095358    2.22742401    2.47387926    2.33399726    2.04518101    2.03893296    2.04150178    2.32473787    2.18726885    1.93421811    1.95501237    2.12223820    2.13504313    2.17902550    2.11303086    2.13957743    2.05518719    2.05508743    1.82983534    1.87868146    1.83667490    1.98457082    2.01913634    2.13637135    2.32126934    2.04319756    1.90153983    2.04882314    2.14102308    2.15899213    2.11593699    2.01350997    2.12961236    2.07113062    2.35579077    2.38387468    2.29805861    2.27292399    2.41038704    2.38328757    2.66517311
A7I9E5_METB6/64-217     2.26349863    2.47159117    2.27927230    2.43427683    2.36603450    2.48848607    2.26491697    2.16918511    2.22265812    2.34428759    2.21029429    2.28388473    1.90635252    1.56174519    1.65260917    1.30044698    1.69302948    1.61440418    1.57975777    0.91640848    0.94448731    0.93337949    1.02785376    0.99033991    0.45542569    0.66348016    0.24621906    0.00000000    0.64337617    0.60174112    0.74568567    1.66582011    1.77417007    1.58849781    1.60021461    1.64799551    1.66491585    1.67412077    1.68871533    1.61965520    1.41055436    1.57079065    1.38516736    1.49053016    1.43831091    1.49085422    1.64011939    1.93685781    1.89522281    1.95968484    2.03902264    2.37831981    2.32187320    2.11533895    2.21680557    2.46934760    2.45897926    2.20155852    2.09900956    2.17259287    2.49224195    2.35518545    2.01821891    2.02461784    2.26414468    2.25527909    2.29638384    2.15619955    2.22421731    2.12780884    2.02939724    1.96128783    1.99789675    2.04519973    2.11108811    2.14227542    2.13101601    2.43453157    2.07695814    2.07710624    2.26813505    2.25781727    2.23784627    2.27127158    2.02891691    2.21072096    2.18288200    2.44451974    2.32800423    2.48111617    2.35399788    2.53138883    2.44891338    2.76500961
E1RJP8_METP4/51-204     2.22182382    2.32039398    1.95303462    2.25275962    2.15461574    2.37597186    2.08475640    2.20519099    2.16618898    2.02593767    2.04988676    2.12477089    2.00545097    1.46158486    1.55378062    1.39246667    1.53000412    1.53130425    1.56793892    1.00019067    1.01566370    1.01694928    1.28434651    1.22205837    0.57639473    0.97878336    0.59526628    0.64337617    0.00000000    0.30915436    0.86139421    1.65589422    1.96771271    1.66515040    1.80885646    1.69988626    1.80847262    1.86407686    1.87443162    1.75072792    1.47950157    1.54941820    1.52965869    1.54772583    1.61012280    1.50717624    1.57970138    1.84859540    1.87359803    1.84707064    2.54290193    2.70796728    2.50083059    2.35845043    2.04237327    2.30006540    2.29255004    2.09041037    2.00531499    1.86437314    2.24427510    2.19341255    2.16881972    2.12360009    2.24105704    2.28318895    2.21949053    2.21500481    2.40842369    2.18093582    2.17152554    2.12979601    1.95994673    1.98358066    1.99532332    1.95321796    2.03462387    2.15897587    1.96217518    1.90942635    1.95859401    2.11245444    2.25632611    2.11937973    1.90617000    2.29793890    2.07599800    2.23756130    2.30799957    2.25463761    2.10471383    2.51575760    2.44389276    2.60126481
