7
F7CHI9_MONDO/42-176     0.00000000    0.33528637    0.25000152    0.34058701    1.43212657    1.56613731    0.40648362
F6UQ47_HORSE/42-181     0.33528637    0.00000000    0.12164723    0.64952744    1.43755119    1.55906638    0.69407421
ESR1_PIG/42-181     0.25000152    0.12164723    0.00000000    0.51612461    1.31749826    1.40118387    0.55796840
G1NJ86_MELGA/42-175     0.34058701    0.64952744    0.51612461    0.00000000    1.28914960    1.27198830    0.25734611
H3D3Z3_TETNG/48-188     1.43212657    1.43755119    1.31749826    1.28914960    0.00000000    0.36521316    1.12004843
G3P1N4_GASAC/44-184     1.56613731    1.55906638    1.40118387    1.27198830    0.36521316    0.00000000    1.17029494
Q25C14_XENTR/42-175     0.40648362    0.69407421    0.55796840    0.25734611    1.12004843    1.17029494    0.00000000

