71
Q0A5I5_ALKEH/1-74     0.00000000    2.28638527    2.10699915    3.29233850    3.29257927    3.91836950    2.83494037    2.54513840    2.67657994    2.63240573    3.80401917    2.05458631    1.95109123    2.23372666    2.37393247    2.15778489    2.34426113    2.55948104    2.68960153    2.03121484    2.50923417    3.49131632    3.09270727    2.67452185    3.42978926    2.94222269    3.46363958    3.01534897    3.71559007    3.37253621    3.67132375    3.62570326    4.21713338    2.28449617    2.46184035    2.95394032    3.83338352    2.16435157    2.35456727    2.62525772    3.46541083    2.42590955    2.30811256    2.63776608    3.63813385    3.79214837    3.26555299    2.32110356    2.49671838    2.67154516    2.79814995    2.84552159    2.71959742    2.56828899    3.62192239    3.41428861    3.34828363    3.57920842    3.01540962    2.90383027    3.36640868    3.77344495    2.52480601    3.26933634    2.47813529    2.63683646    3.57780849    2.74654420    3.48572302    4.07020872    2.76657257
A7HZ68_PARL1/7-79     2.28638527    0.00000000    1.30224740    1.30425802    4.07499921    3.63442458    3.33949739    2.65347277    3.84848645    3.03120029    3.80321381    3.33704504    3.07927289    3.27143797    3.15195930    3.01049052    3.15940892    2.82378395    2.93361034    3.06026734    2.73637703    2.67003476    2.78011125    2.37689108    4.54927950    3.77482430    3.04963911    2.89982218    3.36592906    3.40630667    3.66733863    3.74430332    2.98811969    2.86159084    3.26532627    3.65828072    3.56072734    2.74553370    3.02285405    2.68949481    2.63466696    3.29259044    3.42629833    3.35187602    3.20000006    4.17817574    3.94720228    2.86576103    3.08108568    3.38627521    3.59454556    3.47865577    3.63737731    3.63077663    4.10508711    3.25944239    3.49949464    3.83488203    4.11338454    3.81263391    3.27096268    4.37898369    3.34765474    4.19004010    3.07014134    3.19842693    2.86935243    3.15914834    3.55597482    3.54557005    3.45522341
Q88JZ5_PSEPK/7-79     2.10699915    1.30224740    0.00000000    1.12163814    3.16017752    3.56218497    2.52929084    2.66338014    3.11009421    1.99175841    5.11421652    2.94171610    4.13730054    3.54682224    3.87149071    3.29237214    3.43709694    2.40326906    2.28144765    3.34591004    3.24778752    3.41048979    3.06302906    3.18139759    4.58076998    4.08276961    3.59339130    4.04603993    4.10016139    3.70569953    3.62788261    4.61707451    4.64084153    2.46566420    3.13602727    3.11439787    2.87803056    3.27887798    3.06860432    3.45080576    3.60891161    3.62437833    3.90711107    3.10997047    4.15297551    4.95517675    4.65224190    3.24673524    3.82200868    3.61046191    4.46655999    3.84211421    3.78286989    3.33016871    4.47786467    4.33957197    3.42963736    5.00013106    4.39941362    4.12621639    3.26083056    4.26040147    3.38989361    2.75847014    3.27681215    3.76691880    3.42527526    4.76964839    3.95694756    3.98986286    3.95747459
Q5NZI4_AROAE/7-79     3.29233850    1.30425802    1.12163814    0.00000000    2.74074170    3.03998373    2.86275467    2.57696026    4.21926787    2.63845834    4.44528407    3.34695674    3.60524540    3.15449454    3.64123303    3.95137043    3.56695231    2.83974738    3.75648110    3.31513407    2.75211400    3.62243794    3.51557275    4.92602371    4.24857624    6.04343754    3.27057510    5.57723171    4.71480080    4.38884749    3.81579977    4.02761765    5.67874246    3.02018328    3.78100889    3.41767848    3.51563584    3.29501119    3.46385366    2.70732282    3.73932534    3.52895877    3.71075182    3.73802116    3.28071008    3.31942557    3.65447892    2.79502924    2.66485585    2.86301453    4.00686634    4.08832750    3.03428137    3.75820029    4.31625005    3.80121126    3.70706617    4.23336041    3.55540161    3.71827417    2.92819263    4.31586595    3.29015604    2.69169967    3.59700166    4.19638265    3.57059685    4.57763835   20.00000000    4.28402128    2.70374174
Q8YUZ9_NOSS1/1-76     3.29257927    4.07499921    3.16017752    2.74074170    0.00000000    2.44238781    2.47844785    2.10090513    3.14846551    2.39633445    3.92735796    2.75453225    3.41715678    3.34291296    4.18259421    4.01959816    3.68503177    3.53076805    3.76368634    3.42958697    2.96264893    3.65682016    3.71506936    3.85830051    3.92286096    3.63275149    4.45617116    4.66456188    4.16965093    6.50411000    3.29239523    3.95389093    3.50504670    3.59228129    4.83145033    4.55897922    4.48366765    2.56702725    2.95689724    2.62958310    2.89605357    4.18274826    2.41751890    2.39727394    2.60667252    3.36186702    3.74929453    2.28289601    2.73760706    3.38893479    3.50064127    3.92455432    2.89640164    3.15413963    4.06762206    4.20134801    2.83001161    3.97582917    2.46558126    3.04867280    2.44220852    4.35419262    3.13050572    3.54780343    3.31336010    2.55969284    2.24230254    3.03253874    3.70046949    3.36061261    3.67222212
Q3ARA3_CHLCH/1-69     3.91836950    3.63442458    3.56218497    3.03998373    2.44238781    0.00000000    2.52011489    2.95084449    3.92736658    2.91284703    4.68055193    5.27794082    6.40932915    7.30897422    6.91827000    6.34484222    5.71315660    5.43302279    4.89435126    4.10553039    5.00029882    5.79057988    3.64803074    5.54715646    5.14424658    4.67588050    6.35689929    8.32033866    6.73292556    7.69605156    4.22228681    4.78805614    5.78590181    2.70951990    4.37617673    3.70557505    3.71333190    2.46731198    2.94952024    2.91783787    3.64666176    1.97414889    2.69340221    1.88852500    3.76266859    2.47990748    2.91066463    2.43168886    2.12357051    2.24397561    3.33756342    2.50018532    2.47896713    2.77022584    2.32863253    2.77036317    2.41139794    3.05568922    2.48222640    2.63856706    2.62284556    4.67540513    2.55155025    3.27477279    2.91745885    3.14684249    3.13660745    2.92986315    3.86361178    3.02736968    3.65263542
Q8RAX6_CALS4/1-73     2.83494037    3.33949739    2.52929084    2.86275467    2.47844785    2.52011489    0.00000000    1.90575455    2.53702822    2.71566033    3.05150288    4.97673414    4.87850030    3.80768108    4.53262947    4.10652292    3.00783330    3.55197187    3.35379348    3.10017145    3.78956642    3.53696746    2.54858666    3.71184699    3.30127688    3.98675071    2.90050681    2.50222634    3.26776766    3.98494033    2.87583156    2.53612085    3.43364902    3.82360026    4.34247651    3.46838036    2.81124291    2.95876738    3.53871168    3.60084286    4.69402824    3.29725000    4.78837722    3.93708389    5.79083028    4.99979689    4.58884727    3.04385648    3.74198575    4.61723884    4.63653449    4.34632057    4.53261185    4.36497477    5.26755772    4.89125491    4.91685695    4.10565496    3.58793173    4.23474185    4.75378192    5.80287197    3.94843128    2.73675140    2.64505707    3.04473680    2.26198832    2.36833334    2.57373005    3.00239849    3.43027913
A1VIA9_POLNA/12-89     2.54513840    2.65347277    2.66338014    2.57696026    2.10090513    2.95084449    1.90575455    0.00000000    2.14225140    2.35229834    4.47603613    3.26821489    2.86255414    3.15801856    4.12095940    4.08440099    3.10600466    2.64579930    3.55761887    2.58599340    2.43908621    3.69275444    3.72090798    2.13211927    3.23165577    3.66115170    2.89694185    2.92542779    3.22059751    3.13690339    3.16152406    3.29144572    5.13488328    2.96886920    3.43347720    3.31342652    4.23819063    2.58337977    2.18928570    1.84212221    2.64170560    3.28021238    3.85592671    2.89960123    3.85928221    3.88713118    2.33147130    1.90253349    2.37550757    2.68734768    2.36784154    2.25590421    2.08807949    2.83893638    2.94239485    3.09689651    2.39111206    3.40357756    2.11772918    2.39625252    2.70129218    3.85021835    3.04149414    2.70560718    1.66535797    2.86896173    2.24139753    2.75489273    2.00301366    2.46597395    2.17326074
Q8YV80_NOSS1/2-75     2.67657994    3.84848645    3.11009421    4.21926787    3.14846551    3.92736658    2.53702822    2.14225140    0.00000000    1.45562808    3.33685656    3.23324750    3.54161804    2.65355394    3.64405373    2.69789011    3.05741264    4.42550338    2.39732994    2.95302531    3.28966469    2.07226958    3.16400113    2.56037784    2.39845284    2.89862855    2.30348267    2.71169701    2.76280448    2.27030845    2.83315696    2.18885233    2.52892146    2.43385187    2.85512713    2.85948258    2.90853363    2.76027953    2.22874885    2.12878221    3.39370778    2.06329060    3.34680783    2.86800310    3.87160090    4.07417141    2.82750919    2.79308546    2.40241624    3.23825811    2.47045522    3.15062715    2.99232562    2.55442529    3.30868266    4.79349203    2.73435909    3.16156623    2.95461162    3.65747411    3.72238032    3.53993004    2.55087606    2.33505559    2.11209862    2.55269537    2.19524280    2.66658319    2.24499543    3.05155467    2.73465155
A5G3C0_GEOUR/1-74     2.63240573    3.03120029    1.99175841    2.63845834    2.39633445    2.91284703    2.71566033    2.35229834    1.45562808    0.00000000    3.32988881    3.66617516    4.35036847    3.27789808    4.28740898    3.31111203    3.29314291    3.55635967    2.85720797    2.55974144    2.99823888    2.84336337    2.56676150    2.15028662    2.79309903    2.44541745    2.85293603    2.61793649    3.20811365    2.67918230    3.00581508    2.64502570    2.49316901    2.37254808    3.83528784    3.75212890    3.61868041    2.04418103    1.80503053    1.77847667    1.95892948    2.66934597    1.95537579    1.70327765    3.33919464    3.71490823    2.35051176    1.92211822    2.17292801    2.44122574    2.03092283    2.61912091    2.13754383    1.66593634    3.02147168    3.56255431    2.28878673    2.71327005    2.23424464    2.74825379    2.21266936    3.64715639    2.05446767    2.78609597    2.02041011    3.38733607    2.42253486    3.37220082    2.33687350    3.94869058    2.17090750
Q0AZM5_SYNWW/1-74     3.80401917    3.80321381    5.11421652    4.44528407    3.92735796    4.68055193    3.05150288    4.47603613    3.33685656    3.32988881    0.00000000    2.17735248    2.40683220    2.24149999    2.24514945    2.26095856    3.34718783    2.54756398    2.47506415    1.74876954    2.11438452    3.84233659    3.44061134    3.49136500    2.57768202    3.15340063    3.98582049    2.97382534    4.09895049    3.28057116    2.88972547    2.31529388    3.14996435    2.85252688    3.25650031    4.44197158    3.62782650    2.71553688    2.86188430    3.46437694    2.57335248    2.21341801    3.02231037    3.33235999    3.96926911    2.88440128    2.78935325    2.70784158    2.47147106    2.41717902    2.96278119    2.74054885    2.51890186    2.73568879    3.54227627    2.75849085    2.90309210    3.41475630    2.58700929    3.48296239    2.78106766    3.40266102    3.16866825    3.92068625    3.55695083    3.20078956    3.27223351    5.66863570    3.41335914    5.59144816    3.93013833
A5GAD7_GEOUR/18-91     2.05458631    3.33704504    2.94171610    3.34695674    2.75453225    5.27794082    4.97673414    3.26821489    3.23324750    3.66617516    2.17735248    0.00000000    1.14018953    1.59678392    1.83630971    1.48756887    2.24176588    1.72543108    1.77861387    1.67001549    1.44676112    2.77623100    3.75268575    2.64928660    2.87094686    2.86998631    3.24506625    2.73496936    2.59005686    2.61670748    2.16714280    2.58027154    3.45047316    2.37469100    2.23489907    2.47659203    3.25887786    2.71694225    3.01256136    2.97733691    3.56889854    2.82269757    2.45215888    2.88010131    3.38730916    3.23743423    3.03889219    2.51414768    2.56150830    2.58684546    2.93978887    2.58949751    3.19294753    2.98841754    3.40078126    3.37460863    2.65858710    4.05620887    2.77545494    2.96310888    3.18710932    3.53534127    2.76688062    3.02287399    3.41939022    2.72623343    2.90821853    4.84564194    4.43462032    4.43004820    3.09291846
Q3AS06_CHLCH/5-78     1.95109123    3.07927289    4.13730054    3.60524540    3.41715678    6.40932915    4.87850030    2.86255414    3.54161804    4.35036847    2.40683220    1.14018953    0.00000000    1.09002711    1.11251409    1.05847589    1.80892068    1.77031962    1.43858865    1.51925897    1.41380221    2.52080216    4.57672339    3.47022338    3.25626141    3.89253416    3.36873978    3.75072183    4.29839104    3.51657330    3.21160593    2.23410981    4.35176855    2.33090962    2.65750373    2.93189357    3.39883011    2.55170768    2.91959926    3.20814169    3.57877290    3.03792214    2.66013751    2.90500697    3.57657559    3.33481188    3.28895727    2.79513141    2.90295500    2.89304273    3.11099948    2.94509398    3.43241295    3.47832037    4.14077800    2.79506885    3.07257828    5.03318596    2.69757140    3.36455293    2.74239342    3.48849420    2.70310189    3.33520131    3.97611107    3.40360835    4.28758475    4.12312254    3.60326050    4.23064573    3.07625974
Q3A3M7_PELCD/5-78     2.23372666    3.27143797    3.54682224    3.15449454    3.34291296    7.30897422    3.80768108    3.15801856    2.65355394    3.27789808    2.24149999    1.59678392    1.09002711    0.00000000    0.96561872    0.86405857    2.06009649    1.87363942    1.79678114    1.58676388    1.69862822    2.65193811    4.39536053    3.16838804    2.51386722    2.54702831    2.72130237    2.42788959    2.45364569    3.20064586    2.82180813    1.99860923    3.21444949    2.69925104    2.56216997    2.60816791    2.73627434    2.29427533    2.71594149    2.70864476    3.09221380    2.39832144    2.60530467    3.19537369    4.00851939    2.69503153    2.84500102    1.83601748    2.30526835    2.76338968    2.56823707    2.71532162    2.74381947    3.12465957    3.80525165    2.37307439    2.66315957    3.68637169    2.59355998    2.90899320    2.69433805    3.04015657    2.68752486    3.62933911    3.71369429    2.73508264    3.11447994    4.56631649    4.09323136    4.09678096    3.48722446
B4SDY6_PELPB/5-78     2.37393247    3.15195930    3.87149071    3.64123303    4.18259421    6.91827000    4.53262947    4.12095940    3.64405373    4.28740898    2.24514945    1.83630971    1.11251409    0.96561872    0.00000000    1.16563524    2.00775375    1.85501435    1.68921379    1.88274957    1.86437368    2.85383996    4.65181807    3.67739391    3.14566527    3.58939561    3.62137033    3.22798771    3.22185450    3.50533150    3.34526988    2.52304559    3.27344213    2.93335958    2.74563476    2.95345384    2.88185827    2.65096846    3.23346208    3.34242235    3.55478669    3.06934674    2.87176296    3.44762901    3.42113847    3.19943301    3.77780209    2.82869610    3.27188446    3.08181107    2.74191330    3.14377964    2.81704366    3.34359106    4.16762235    3.14939697    3.11352344    4.41839510    3.22854532    3.00866583    2.94644543    3.74704273    2.85118036    3.30319422    5.02788849    3.75685268    3.37870099    4.06754530    3.66623040    3.69839884    2.78121805
Q1MP08_LAWIP/5-77     2.15778489    3.01049052    3.29237214    3.95137043    4.01959816    6.34484222    4.10652292    4.08440099    2.69789011    3.31111203    2.26095856    1.48756887    1.05847589    0.86405857    1.16563524    0.00000000    1.79210254    2.18168006    1.69069220    1.38293854    1.53737270    2.74279958    3.79175754    2.76987039    2.51171411    2.38980382    3.53126461    2.33437223    2.86085860    2.38763827    3.18620903    2.30407024    3.33277116    2.64002489    2.71268101    2.56827595    2.84251194    2.05827428    2.86497479    2.89162306    3.31621830    2.54328262    2.55912974    2.57670865    4.40104743    3.95997522    3.12742422    2.27288818    2.85802116    2.87742210    2.62358252    2.55263162    2.82095278    3.27037386    3.74687552    3.42861915    3.38621881    3.66112504    3.19492813    3.94343553    2.83885471    3.74564226    1.95292503    3.91408192    4.08761384    3.81690642    3.26991182    4.29756231    3.57089829    3.92329006    3.29874567
A5GA73_GEOUR/8-81     2.34426113    3.15940892    3.43709694    3.56695231    3.68503177    5.71315660    3.00783330    3.10600466    3.05741264    3.29314291    3.34718783    2.24176588    1.80892068    2.06009649    2.00775375    1.79210254    0.00000000    1.71183436    1.75464175    1.26663952    1.69369160    2.34059441    2.38677085    3.25941514    2.89063408    3.22706317    3.12551391    2.64154340    2.72647743    2.83206891    2.53688010    2.24630713    3.03337791    2.30015403    3.04139047    2.50447728    2.80274588    2.14435326    2.32129003    2.47071618    2.57167471    3.60606591    3.41048954    2.86525221    3.07942350    3.73962022    3.07474450    2.45877253    2.67605121    2.95356524    2.79738735    2.85032812    2.66105209    2.85268912    3.31940422    3.99522600    2.89958370    2.96908619    2.50336453    3.99663911    2.48396454    3.75148727    2.65671173    2.57295385    3.34371202    3.97877657    3.65281485    3.33760501    3.35346061    3.80790977    3.11711526
Q3AS52_CHLCH/4-71     2.55948104    2.82378395    2.40326906    2.83974738    3.53076805    5.43302279    3.55197187    2.64579930    4.42550338    3.55635967    2.54756398    1.72543108    1.77031962    1.87363942    1.85501435    2.18168006    1.71183436    0.00000000    1.49033508    1.56116398    1.42237905    3.31287821    3.96354889    3.49201742    3.01283988    3.30757306    4.18518847    3.49893091    3.26669863    3.93052774    3.01754131    2.89172606    2.53435893    2.33839182    2.77940427    2.47063113    2.58717910    2.58350439    2.42469187    2.72550104    2.81465747    2.41773682    3.08405339    2.69079335    2.67873102    2.59266146    2.33935845    2.25675540    2.36464508    2.07647395    2.54336492    2.15451422    2.02147812    1.87559073    2.63104312    2.83584883    1.76180851    2.48347589    1.91754608    2.01527294    1.68648991    2.47658594    3.03194894    3.42044567    4.05981751    4.74793168    3.65852579    3.50669325    4.05754173    3.23962778    3.56335039
W8KQY9_9GAMM/8-78     2.68960153    2.93361034    2.28144765    3.75648110    3.76368634    4.89435126    3.35379348    3.55761887    2.39732994    2.85720797    2.47506415    1.77861387    1.43858865    1.79678114    1.68921379    1.69069220    1.75464175    1.49033508    0.00000000    1.69078464    1.85677055    2.58356815    2.90972562    2.81956279    2.82893598    3.57697932    2.83620141    3.12477666    2.92858839    2.49971839    2.51605083    2.23049001    2.66034325    2.33511774    3.81603632    3.01084035    3.04483211    2.62383874    2.45467734    2.74037168    2.92017502    2.48915079    2.82204870    2.57079246    3.58595085    3.02364151    2.27649885    2.34257865    2.28206225    2.35092904    3.01451269    2.54226894    2.18076097    2.33298214    3.50049696    3.94602726    2.64713514    4.46482209    2.36943720    3.79934607    2.31875536    3.67948584    3.12102240    3.07573740    4.35434599    3.96758696    3.17532717    3.11243133    3.27734895    3.98049063    3.17412986
A5G9X2_GEOUR/8-81     2.03121484    3.06026734    3.34591004    3.31513407    3.42958697    4.10553039    3.10017145    2.58599340    2.95302531    2.55974144    1.74876954    1.67001549    1.51925897    1.58676388    1.88274957    1.38293854    1.26663952    1.56116398    1.69078464    0.00000000    0.85859523    2.97933572    2.74819106    2.74286552    2.52552088    2.85218468    2.84072509    2.36647932    2.82008165    2.90768229    2.73265721    2.20839165    3.50870678    1.95629135    2.57256121    2.67735071    3.16789068    1.72602663    1.74270009    1.64987483    2.07425628    2.46552477    2.40530568    2.39291131    2.39825395    2.06509644    1.74716149    1.76032880    2.04735510    1.98360686    1.73902760    1.74104842    1.98277988    2.23763204    2.89971232    2.03860827    2.32629138    3.12277149    1.39160178    2.47629813    1.67138400    2.60224003    2.07525651    2.86060900    3.11550827    3.52790448    2.99717593    3.90664675    3.41879459    3.54528520    3.00842308
Q8KCZ1_CHLTE/23-91     2.50923417    2.73637703    3.24778752    2.75211400    2.96264893    5.00029882    3.78956642    2.43908621    3.28966469    2.99823888    2.11438452    1.44676112    1.41380221    1.69862822    1.86437368    1.53737270    1.69369160    1.42237905    1.85677055    0.85859523    0.00000000    2.59023466    3.18758345    2.56238012    2.20419864    2.85642126    3.43735496    2.37231814    2.89021031    3.00602716    3.20491702    2.05263004    3.03204704    2.02438783    2.46058276    3.63238096    3.95808056    2.50872186    1.94571327    2.13181643    2.24026806    3.46928814    2.98116583    3.13628727    2.79290659    2.74610775    2.02891415    1.97782533    2.28597308    2.53484195    2.23264507    2.60168980    2.33466697    2.47910561    2.91164738    2.21351859    2.30648192    2.46727207    1.73170303    2.81529539    2.32040848    2.93635949    2.01558918    3.31260808    3.12227206    3.43135501    2.47434249    3.07583958    3.81842778    4.63248141    2.95596555
A7HJE8_FERNB/5-77     3.49131632    2.67003476    3.41048979    3.62243794    3.65682016    5.79057988    3.53696746    3.69275444    2.07226958    2.84336337    3.84233659    2.77623100    2.52080216    2.65193811    2.85383996    2.74279958    2.34059441    3.31287821    2.58356815    2.97933572    2.59023466    0.00000000    2.49016441    1.72734451    2.07698434    2.40016194    2.55435659    2.19849673    2.14055864    1.93990245    2.40204721    2.83104115    3.61785228    2.32905419    2.18610440    2.71545688    2.43544316    2.46476553    2.63185665    3.06443972    2.30947838    3.44583061    3.79657959    3.36356478    2.97745319    4.18774984    3.76594600    2.76053877    2.80735652    3.51857591    3.12716889    4.33591586    3.24606303    3.07264316    2.83853333    4.37341326    3.14036683    3.58970153    3.64484556    4.15604398    3.72611116    5.06296130    2.55834784    3.02773935    2.89880964    3.97925902    3.53754198    2.78459983    2.76941507    3.47770060    3.24286870
Q82VL3_NITEU/3-75     3.09270727    2.78011125    3.06302906    3.51557275    3.71506936    3.64803074    2.54858666    3.72090798    3.16400113    2.56676150    3.44061134    3.75268575    4.57672339    4.39536053    4.65181807    3.79175754    2.38677085    3.96354889    2.90972562    2.74819106    3.18758345    2.49016441    0.00000000    2.05432513    2.77190916    2.98796963    2.57384815    2.35296225    2.86261279    3.17101753    2.10262724    2.22019917    2.87149891    2.56524750    3.60926399    3.32252288    3.33912663    2.52756838    3.00742835    3.25478165    2.62181477    3.52252053    2.82320073    2.72763848    2.96038088    4.05084453    3.46994134    2.48392968    3.23665463    2.95743360    3.70494188    3.64688844    2.77310803    2.77335207    3.20993191    3.57203345    2.85787389    3.53728600    2.82051336    3.90234670    3.28717606    4.45962694    3.08253570    3.90561082    3.79772750    4.62257655    3.36904574    3.19917206    3.85185609    3.77749523    3.20131913
A1AYB3_PARDP/1-71     2.67452185    2.37689108    3.18139759    4.92602371    3.85830051    5.54715646    3.71184699    2.13211927    2.56037784    2.15028662    3.49136500    2.64928660    3.47022338    3.16838804    3.67739391    2.76987039    3.25941514    3.49201742    2.81956279    2.74286552    2.56238012    1.72734451    2.05432513    0.00000000    1.60882855    1.76878081    1.69751623    1.45943686    1.45330847    1.51709186    2.35325321    2.84541117    2.58951543    2.20228199    2.66213458    3.12838401    3.66906443    2.63066437    2.46907543    2.44917285    2.09426303    3.98291772    2.43138804    2.32350966    4.34404260    5.12415404    3.28642170    2.23893162    2.86465104    2.87291613    2.27996327    3.26551834    2.19247857    2.33719517    3.74413045    4.19669809    2.09832464    4.49022658    2.81388653    2.73282528    3.28717998    3.90705858    2.36509835    4.35561663    2.03445919    3.94582868    2.23639871    3.23793179    2.73253070    4.17165833    2.40564368
A1VNA4_POLNA/1-72     3.42978926    4.54927950    4.58076998    4.24857624    3.92286096    5.14424658    3.30127688    3.23165577    2.39845284    2.79309903    2.57768202    2.87094686    3.25626141    2.51386722    3.14566527    2.51171411    2.89063408    3.01283988    2.82893598    2.52552088    2.20419864    2.07698434    2.77190916    1.60882855    0.00000000    1.25730340    1.14953376    1.10250557    1.37946531    1.44887059    2.66400203    2.13971270    2.51258610    2.36660677    2.84895573    3.47552555    4.33575953    2.46380570    2.38121994    2.08482218    1.95001509    3.15570938    2.47844349    2.65484889    2.79386083    3.81571101    2.41714318    1.53033616    1.79267129    2.18026477    1.89553667    2.16162783    1.83652928    1.75957233    2.64653626    2.42381665    1.98345595    2.73235878    1.42201696    2.72185689    2.41120868    2.51521294    2.22875625    3.25552051    4.63083947    3.25657027    2.65681486    3.50043239    2.33489743    4.83654915    3.55689062
A9BWR5_DELAS/1-73     2.94222269    3.77482430    4.08276961    6.04343754    3.63275149    4.67588050    3.98675071    3.66115170    2.89862855    2.44541745    3.15340063    2.86998631    3.89253416    2.54702831    3.58939561    2.38980382    3.22706317    3.30757306    3.57697932    2.85218468    2.85642126    2.40016194    2.98796963    1.76878081    1.25730340    0.00000000    2.04531749    1.63551970    1.56984736    1.47737464    3.10179964    2.25564368    2.35113064    3.02330763    2.83881698    3.40965961    3.67640654    2.20765993    3.10948395    2.52592711    2.98033548    2.52616118    2.49737606    2.74163011    5.16422066    3.94429787    3.53043841    2.09202410    3.20375824    3.35620082    2.16008341    2.71406624    2.26456374    2.60807766    3.39240933    4.50123350    2.29575883    4.14831850    3.35029559    3.42647900    3.60395506    3.94356483    2.70955825    4.07374328    2.98756273    2.82855180    2.94593419    3.19014596    2.21147234    4.63901179    3.01288243
Q8Y121_RALSO/1-74     3.46363958    3.04963911    3.59339130    3.27057510    4.45617116    6.35689929    2.90050681    2.89694185    2.30348267    2.85293603    3.98582049    3.24506625    3.36873978    2.72130237    3.62137033    3.53126461    3.12551391    4.18518847    2.83620141    2.84072509    3.43735496    2.55435659    2.57384815    1.69751623    1.14953376    2.04531749    0.00000000    1.00515144    1.10768475    1.85820051    3.89808997    2.59696102    3.45809635    3.48225635    2.60881081    3.27267533    3.78092175    3.08910467    3.54383469    2.61148896    2.50925749    3.82864703    3.10207279    4.04624456    3.59349458    3.74905914    3.13102383    2.67089206    3.36261929    4.43429495    3.02031848    3.93457753    3.30865651    3.71651172    3.71292958    3.46297046    3.09291990    5.30701941    2.94870042    4.65223127    4.45895863    4.40369010    3.20868999    2.78022569    4.18630626    3.71188276    3.27784361    3.93643957    2.28348657    5.93145450    2.88629939
Q7NI03_GLOVI/2-73     3.01534897    2.89982218    4.04603993    5.57723171    4.66456188    8.32033866    2.50222634    2.92542779    2.71169701    2.61793649    2.97382534    2.73496936    3.75072183    2.42788959    3.22798771    2.33437223    2.64154340    3.49893091    3.12477666    2.36647932    2.37231814    2.19849673    2.35296225    1.45943686    1.10250557    1.63551970    1.00515144    0.00000000    0.81775264    1.18198349    2.81303873    2.31906170    2.77945680    2.48764795    2.55706112    3.79637534    4.11034329    2.91741274    2.52120566    2.58852361    1.92774964    4.40825003    3.03555719    3.22946442    2.93627049    6.49128993    3.64007410    2.23661276    2.61495848    3.04203161    2.78268328    3.66759640    2.79524148    2.79717018    3.58744045    4.24502707    2.62809883    3.76389285    2.20520592    3.45492276    4.00931661    4.02950220    2.72244371    3.33552339    2.82524677    3.51519373    2.91648051    3.42271229    2.25898230    4.26347720    2.91098524
A5GBX7_GEOUR/12-83     3.71559007    3.36592906    4.10016139    4.71480080    4.16965093    6.73292556    3.26776766    3.22059751    2.76280448    3.20811365    4.09895049    2.59005686    4.29839104    2.45364569    3.22185450    2.86085860    2.72647743    3.26669863    2.92858839    2.82008165    2.89021031    2.14055864    2.86261279    1.45330847    1.37946531    1.56984736    1.10768475    0.81775264    0.00000000    1.13662431    2.57919494    2.43729730    2.93299037    2.24060464    1.86795001    2.76525987    2.99866931    2.88811143    2.49610195    2.72043875    2.89949972    3.30576432    3.35353576    3.34647466    3.16570586    5.30302506    3.64358100    2.14971220    3.53039975    3.57177825    2.61818008    2.78009502    2.38600600    2.67901575    3.81052697    4.52174958    2.41930450    4.56568794    3.45147282    3.23137996    3.91553326    3.32668982    3.20939937    3.73194322    3.58029496    4.22270322    2.93343405    3.50905308    3.08721973    4.52275360    2.04509174
Q1QFA2_NITHX/11-83     3.37253621    3.40630667    3.70569953    4.38884749    6.50411000    7.69605156    3.98494033    3.13690339    2.27030845    2.67918230    3.28057116    2.61670748    3.51657330    3.20064586    3.50533150    2.38763827    2.83206891    3.93052774    2.49971839    2.90768229    3.00602716    1.93990245    3.17101753    1.51709186    1.44887059    1.47737464    1.85820051    1.18198349    1.13662431    0.00000000    2.26847610    2.16050900    3.79313296    3.03767843    2.79046158    3.19560219    3.59574754    3.00260234    2.21536573    2.33446490    2.90766671    3.50758743    4.28442907    2.45420215    4.46861825    4.75883682    3.81113663    2.85601135    3.12941465    3.48813552    2.22751084    2.70163025    2.84933734    2.61115068    2.87950554    5.15787571    3.06702143    3.76601525    3.70821198    4.01119536    4.30846325    4.72719639    2.36824787    3.31633204    2.48603844    3.77038892    2.93979892    3.46769130    2.44736822    3.39604182    2.56110849
Q1QFA3_NITHX/2-74     3.67132375    3.66733863    3.62788261    3.81579977    3.29239523    4.22228681    2.87583156    3.16152406    2.83315696    3.00581508    2.88972547    2.16714280    3.21160593    2.82180813    3.34526988    3.18620903    2.53688010    3.01754131    2.51605083    2.73265721    3.20491702    2.40204721    2.10262724    2.35325321    2.66400203    3.10179964    3.89808997    2.81303873    2.57919494    2.26847610    0.00000000    1.91394882    1.89585550    2.13088382    2.48885666    2.63235112    2.60973013    2.63123364    1.94718634    2.40583445    2.15779144    3.09452712    3.46589241    2.34342659    2.73850488    3.18779308    3.13811436    2.11868608    2.93831271    2.30403816    2.81044395    2.44891089    1.99615963    2.51334717    3.50938671    3.07463332    2.35524994    3.46405425    2.54882538    2.58122665    2.01604381    3.81370807    2.68498707    3.33433544    2.93444252    3.81399036    3.08073627    4.44443650    3.41591208    3.76539667    3.54456690
Q02AM0_SOLUE/9-77     3.62570326    3.74430332    4.61707451    4.02761765    3.95389093    4.78805614    2.53612085    3.29144572    2.18885233    2.64502570    2.31529388    2.58027154    2.23410981    1.99860923    2.52304559    2.30407024    2.24630713    2.89172606    2.23049001    2.20839165    2.05263004    2.83104115    2.22019917    2.84541117    2.13971270    2.25564368    2.59696102    2.31906170    2.43729730    2.16050900    1.91394882    0.00000000    1.72786276    2.21280521    2.62398084    2.74074348    2.65713989    3.26281091    2.25881226    2.79084893    2.21213227    2.49622492    3.11537889    2.25191256    3.59232386    3.67834716    2.94559321    2.09774691    2.39352462    2.83709845    2.61567234    2.52327802    2.33385501    2.84457543    2.93462679    2.91122382    2.28690713    2.78550272    2.62621384    2.75390109    3.06524265    3.07675173    2.94981724    3.46366958    2.73201712    3.13588120    2.94574169    3.10483065    3.22396116    4.64105347    3.17708653
A5V171_ROSS1/3-74     4.21713338    2.98811969    4.64084153    5.67874246    3.50504670    5.78590181    3.43364902    5.13488328    2.52892146    2.49316901    3.14996435    3.45047316    4.35176855    3.21444949    3.27344213    3.33277116    3.03337791    2.53435893    2.66034325    3.50870678    3.03204704    3.61785228    2.87149891    2.58951543    2.51258610    2.35113064    3.45809635    2.77945680    2.93299037    3.79313296    1.89585550    1.72786276    0.00000000    2.55217794    3.75247892    2.93598670    3.38758486    3.02890079    3.66033596    2.40101455    2.38116847    3.36242209    2.63135738    2.48118138    2.81142626    4.25843808    3.06300100    2.13005770    2.65060960    2.82453382    2.57853297    3.11862940    2.27098871    1.94607179    3.25623060    3.46310608    1.90858232    3.16077296    2.43060571    1.88430802    2.51953139    4.01252031    3.67638397    3.38311768    4.17506588    4.19394133    2.00980222    4.17261771    3.63571930    4.70010823    4.15677235
Q2RG18_MOOTA/60-129     2.28449617    2.86159084    2.46566420    3.02018328    3.59228129    2.70951990    3.82360026    2.96886920    2.43385187    2.37254808    2.85252688    2.37469100    2.33090962    2.69925104    2.93335958    2.64002489    2.30015403    2.33839182    2.33511774    1.95629135    2.02438783    2.32905419    2.56524750    2.20228199    2.36660677    3.02330763    3.48225635    2.48764795    2.24060464    3.03767843    2.13088382    2.21280521    2.55217794    0.00000000    1.59789171    1.89655111    2.14473367    1.77193579    1.75891759    2.08941634    1.73029462    1.91561240    1.89677323    1.42345775    1.95673917    2.41286952    2.04284823    1.72478198    1.78960544    1.48986305    1.76096324    1.57605018    1.71749207    1.70317959    2.24148501    2.11784873    1.93894918    2.45666851    1.97514211    2.56044510    2.30587897    2.22773421    1.98783082    2.80117677    2.72934133    3.18245404    2.90814447    3.19351595    2.93187336    3.92706526    2.46986947
Q2RKQ8_MOOTA/2-70     2.46184035    3.26532627    3.13602727    3.78100889    4.83145033    4.37617673    4.34247651    3.43347720    2.85512713    3.83528784    3.25650031    2.23489907    2.65750373    2.56216997    2.74563476    2.71268101    3.04139047    2.77940427    3.81603632    2.57256121    2.46058276    2.18610440    3.60926399    2.66213458    2.84895573    2.83881698    2.60881081    2.55706112    1.86795001    2.79046158    2.48885666    2.62398084    3.75247892    1.59789171    0.00000000    1.49412415    1.64095217    2.58860200    2.44845698    3.50923378    2.70908286    2.82395861    3.82694645    3.55737954    3.63532152    4.03821108    3.25710362    2.35833873    3.00753092    3.04138969    2.42711564    2.26793182    2.43648339    2.83981240    3.52344106    3.17660821    2.42624374    3.02309411    3.43135128    3.93496892    3.34395967    3.15474511    2.99322445    3.11789883    2.67084250    3.97711137    3.49939536    2.96306840    4.29319923    2.94351295    3.16624149
Q3A951_CARHZ/2-77     2.95394032    3.65828072    3.11439787    3.41767848    4.55897922    3.70557505    3.46838036    3.31342652    2.85948258    3.75212890    4.44197158    2.47659203    2.93189357    2.60816791    2.95345384    2.56827595    2.50447728    2.47063113    3.01084035    2.67735071    3.63238096    2.71545688    3.32252288    3.12838401    3.47552555    3.40965961    3.27267533    3.79637534    2.76525987    3.19560219    2.63235112    2.74074348    2.93598670    1.89655111    1.49412415    0.00000000    0.72287340    3.30123429    3.07608357    3.53698210    3.76221320    3.43054260    4.62760318    4.02654073    3.60888694    3.96238731    3.09606364    3.03512058    3.21930605    3.38446932    2.91446826    3.13674162    3.65313659    3.56845265    3.58819069    4.50593960    3.03395572    3.88216107    3.39970533    4.69981631    3.31423841    4.04367882    3.12765194    3.76732125    2.91348686    3.90811347    2.98853479    3.39599029    3.70873020    2.74619983    3.26104667
Q8R721_CALS4/2-77     3.83338352    3.56072734    2.87803056    3.51563584    4.48366765    3.71333190    2.81124291    4.23819063    2.90853363    3.61868041    3.62782650    3.25887786    3.39883011    2.73627434    2.88185827    2.84251194    2.80274588    2.58717910    3.04483211    3.16789068    3.95808056    2.43544316    3.33912663    3.66906443    4.33575953    3.67640654    3.78092175    4.11034329    2.99866931    3.59574754    2.60973013    2.65713989    3.38758486    2.14473367    1.64095217    0.72287340    0.00000000    3.21559025    2.95395372    3.81524753    4.88278863    3.13459198    4.40652008    3.51266108    3.43358715    3.55535287    4.25865037    3.42524197    3.85746725    3.27237251    3.36182795    3.76377439    3.67452039    3.72269274    3.67325723    4.62727031    3.43177930    3.82288209    4.11736861    4.59255476    3.18478021    4.68020010    3.54678873    3.63280808    2.90518689    3.91148788    3.26781365    3.89709092    3.70952187    2.75580789    3.19015801
RELF_MYCTU/1-72     2.16435157    2.74553370    3.27887798    3.29501119    2.56702725    2.46731198    2.95876738    2.58337977    2.76027953    2.04418103    2.71553688    2.71694225    2.55170768    2.29427533    2.65096846    2.05827428    2.14435326    2.58350439    2.62383874    1.72602663    2.50872186    2.46476553    2.52756838    2.63066437    2.46380570    2.20765993    3.08910467    2.91741274    2.88811143    3.00260234    2.63123364    3.26281091    3.02890079    1.77193579    2.58860200    3.30123429    3.21559025    0.00000000    0.90382392    1.28837505    1.36746374    1.84635651    1.47934135    1.28871803    2.42026651    1.97201716    2.01217658    1.38689952    2.08906563    1.76034955    1.43946856    1.75338702    1.95294962    1.81703209    2.24430945    1.67880371    1.88903395    2.56522752    1.81643391    2.25296367    1.93467448    2.26768001    1.70930396    3.55945666    3.10735172    2.09526163    2.49408406    2.81130445    2.55475116    4.32885681    2.03563656
RELB_MYCTU/1-73     2.35456727    3.02285405    3.06860432    3.46385366    2.95689724    2.94952024    3.53871168    2.18928570    2.22874885    1.80503053    2.86188430    3.01256136    2.91959926    2.71594149    3.23346208    2.86497479    2.32129003    2.42469187    2.45467734    1.74270009    1.94571327    2.63185665    3.00742835    2.46907543    2.38121994    3.10948395    3.54383469    2.52120566    2.49610195    2.21536573    1.94718634    2.25881226    3.66033596    1.75891759    2.44845698    3.07608357    2.95395372    0.90382392    0.00000000    0.77895581    1.00352193    2.10292942    1.76040669    1.13376581    2.13136758    1.64060629    1.84688785    1.59330919    2.00518258    1.49704713    1.81135065    1.49259116    1.53684544    1.62347785    2.22168370    1.91977479    1.77318505    2.53888666    1.63727922    2.26787781    1.71019630    2.45840314    1.68084312    3.26846173    2.33568005    1.96768201    2.16435091    2.79674639    3.52885404    4.18819022    1.86653883
