55
D2PN13_KRIFD/47-185     0.00000000    2.37949587    2.69036473    2.19636098    2.10220584    1.91204282    2.38626151    2.47776930    2.18775260    2.58568659    2.65316412    2.65588116    2.33313135    2.21142383    2.28303494    2.02017867    2.18155409    2.64898719    2.31091920    3.05918006    3.13698703    3.06050706    2.88820675    3.01815490    3.60592879    3.00752586    3.10232249    2.05267292    2.14505778    2.52379955    2.50498060    2.01702701    2.18579028    2.79727943    2.00826657    1.73698617    2.43148784    2.73368072    2.38644516    2.12148856    2.26331966    2.69829688    3.09278671    2.91062781    2.85759071    3.35123616    3.84296311    2.30176615    2.11055209    3.20616832    3.02877528    3.00193005    2.91118067    2.63557783    2.23391962
F2ICU7_FLUTR/20-138     2.37949587    0.00000000    2.60980001    2.13706114    2.08625997    2.90207711    3.41286445    2.34332724    2.46292482    2.25134470    2.70989565    2.81065866    3.07187547    2.84908313    3.18235996    2.68711308    2.88874609    2.91539209    2.55984598    3.07008620    2.80504546    2.59382427    2.92825098    2.80543954    2.71063369    3.01836703    2.76246761    2.93768193    2.79718574    2.72125056    2.76244780    2.57426204    2.49814092    2.52629396    2.23051341    2.42602983    2.84234732    3.31317589    3.63897169    3.33507565    3.22638236    2.68376631    3.44961151    3.64684077    3.45529514    3.07129966    2.92682146    3.37189637    3.41211226    2.59936991    2.22950036    2.46187979    2.21870571    2.45520366    2.47003644
Q1GCZ5_RUEST/132-261     2.69036473    2.60980001    0.00000000    2.60373643    3.01360741    3.00543341    3.13915474    3.03903158    2.57041387    2.80285719    2.68263646    2.99725693    2.62733744    3.35067080    3.28241602    2.53695342    3.38603831    2.95360596    2.61632615    3.05574503    3.43438203    3.18465016    3.15607462    3.17654014    3.56083383    2.92104777    2.90086601    3.21651861    2.46982137    3.35663493    3.10890968    3.54336011    3.29397374    3.01633391    2.49996328    2.99979629    3.26034939    3.45787872    3.03201337    2.88023778    3.08434775    3.51755370    3.05301344    3.45647081    3.10532152    3.26425538    3.11712072    2.90965254    3.06145812    2.76839357    2.73755571    3.07148201    3.32471900    3.15206627    2.40393812
Q6LUT4_PHOPR/138-262     2.19636098    2.13706114    2.60373643    0.00000000    1.44205918    2.30396747    2.30053160    2.50047146    2.15395904    2.40826164    2.43096041    2.56204096    2.54685585    3.04459255    2.46648357    2.66172548    3.15371709    2.89455158    3.30044439    2.30748234    3.17753762    3.08514141    3.14747797    2.81928047    4.00947239    2.85819402    2.80170523    2.54442192    2.35597967    3.01011998    3.12747419    2.66809881    2.71967100    2.63193599    2.07037960    2.47191257    2.56092050    2.26944534    2.75078591    2.59419783    2.28109000    2.14669178    2.68773331    2.58999827    3.05043633    3.44275105    3.61449952    2.77593972    2.38423438    2.18500729    2.34981246    2.82707575    2.50342448    2.33412693    2.51062584
Q9KUB0_VIBCH/139-255     2.10220584    2.08625997    3.01360741    1.44205918    0.00000000    2.05891627    2.89735651    2.21250550    1.73457235    1.95716724    2.10306109    2.50615737    2.37093312    3.02405224    2.59425501    2.06001428    2.65774189    3.79362131    3.06905753    2.58940377    2.63754556    3.19015182    3.54879240    2.95357220    3.42055097    3.38758091    2.62124254    2.40204311    2.67295505    2.99313005    3.21003066    2.44447322    2.83620979    2.12197325    2.03446713    2.37431297    2.57167344    2.20550932    2.67158046    2.27826691    2.36236684    2.36113701    2.46088169    2.37476564    2.52414176    2.58900121    2.77503556    2.41470325    2.54793909    2.33380349    2.30774032    2.45323672    2.57336303    2.04717260    2.43763761
Q2S5L7_SALRD/210-341     1.91204282    2.90207711    3.00543341    2.30396747    2.05891627    0.00000000    1.85070233    2.03829227    1.63905628    1.80514674    2.08877071    1.89289408    2.18205214    2.09022713    2.32244219    2.17129910    2.28421665    2.93453395    2.35684088    2.82701499    2.80288678    3.03936374    2.75912689    2.90312694    2.76563418    3.03793595    2.41246272    2.46704167    2.25537072    2.79589761    2.71497642    2.46439207    2.45609689    2.41258201    1.82535429    1.82252983    1.81910041    2.78262702    2.87465622    2.37108253    2.15225025    2.58931435    2.69200745    2.75706361    3.11103054    2.95013384    3.17051669    1.91306209    1.88549447    1.82477582    1.88309707    1.98328982    1.87729452    1.83633693    1.62943354
Q63XP0_BURPS/226-339     2.38626151    3.41286445    3.13915474    2.30053160    2.89735651    1.85070233    0.00000000    2.50417857    2.10626413    2.49529960    2.15811590    2.40055560    2.41435541    1.99041322    2.15446542    2.32288055    3.12826547    3.10747961    3.56452833    2.91654644    3.51033155    3.26725953    3.22831013    3.31559518    3.71961303    3.11187048    3.05049823    2.29948626    2.12629718    2.94215949    2.41311033    2.13274090    2.82916588    2.65139248    2.34861403    2.91077444    2.62576471    3.13632665    3.09592457    3.01914550    2.84436656    3.17187570    3.28330089    3.03530739    3.40384384    3.60396081    3.40209318    2.90752942    2.53926592    2.61908140    2.87565629    2.93970596    2.81737301    3.02388602    2.48711617
Q5LDC3_BACFN/22-149     2.47776930    2.34332724    3.03903158    2.50047146    2.21250550    2.03829227    2.50417857    0.00000000    2.02404630    2.00319581    2.48965180    2.52340395    2.04818435    2.38738115    1.95213353    2.21400800    2.32391327    2.54548771    2.19757313    3.21949746    2.76131477    2.59224165    3.09292817    2.87799913    3.01781508    3.01537278    2.58498430    2.92334998    2.73995759    3.20634269    2.93208722    2.52679746    2.53564692    2.33234320    2.49532239    2.50613773    2.82032502    3.14428954    3.17403383    3.20610887    3.23292106    3.32795444    3.59642182    3.02179056    3.08096274    3.22553951    3.14887613    2.90255868    2.93149158    1.99810253    2.25078454    2.61206356    2.54388763    2.30029880    2.22641603
Q2G5M0_NOVAD/88-216     2.18775260    2.46292482    2.57041387    2.15395904    1.73457235    1.63905628    2.10626413    2.02404630    0.00000000    1.10815889    1.45675300    1.63918050    1.83846701    2.32612766    1.96666012    2.18543654    2.04595862    2.18931743    2.23384089    2.45150898    2.98813188    3.06192973    2.92301969    3.30040712    2.72071728    3.40688167    2.26520410    2.43258744    2.24150872    2.76830803    2.60905555    2.33824678    2.69951979    2.84351129    2.12756686    1.64101359    2.10075424    2.29611137    2.35724588    1.92623854    2.43637187    2.60834738    2.53007471    2.77810480    2.38940739    3.33994436    2.91423853    2.40410679    2.50083261    1.93666612    2.01661839    2.32159498    2.05066196    2.10440661    1.87178090
Q8P6S5_XANCP/57-185     2.58568659    2.25134470    2.80285719    2.40826164    1.95716724    1.80514674    2.49529960    2.00319581    1.10815889    0.00000000    1.99611227    2.20795546    2.11939734    2.32873106    2.34830678    1.68567336    1.97948494    2.36348273    2.15616195    2.56432120    2.52730217    2.89699910    2.55612951    2.85046411    2.78985905    3.11848200    2.29881166    2.64983434    2.49857307    2.53200892    2.67196740    2.04459867    2.63663454    2.80493331    1.71651139    1.89409394    1.83144149    2.25573053    2.52179954    2.41759211    2.49857152    2.26172436    2.18096532    2.43851396    2.44462786    3.00425545    2.77610681    2.20891489    2.22108298    2.17940058    1.84719665    2.34201996    2.19497813    1.97974944    1.56659382
Q9L1V1_STRCO/11-138     2.65316412    2.70989565    2.68263646    2.43096041    2.10306109    2.08877071    2.15811590    2.48965180    1.45675300    1.99611227    0.00000000    0.97182584    1.02355088    2.09769654    1.83936007    2.29705329    2.32845504    3.26675263    2.26596927    3.00175094    2.98150651    3.25169791    3.06565340    3.17032484    3.30805026    3.67336558    2.08483923    1.81796756    1.88273427    2.43602132    2.16515018    2.25399669    1.97176623    2.45505972    1.69772187    2.24937122    1.78582443    2.48780251    2.91067399    2.39143864    2.06405033    2.75991562    2.57882432    2.43029869    2.47854884    2.89841916    2.77087560    2.06785353    2.24121598    2.37132316    1.95274349    2.07184262    2.46935349    2.20771105    1.91088846
C9Z117_STRSW/13-145     2.65588116    2.81065866    2.99725693    2.56204096    2.50615737    1.89289408    2.40055560    2.52340395    1.63918050    2.20795546    0.97182584    0.00000000    0.95571332    2.44940248    2.02269698    2.63544959    2.35776003    3.60003079    2.30364999    3.20407006    2.93757847    3.49767120    3.44042861    3.60712876    3.47193933    3.67131586    2.79520912    2.18973361    2.30252389    2.45903856    2.94699475    2.51502056    2.33183853    2.96566266    2.25218926    2.25124277    2.28314333    2.82779844    2.66394980    2.47207146    2.30485543    3.03031516    3.10529645    3.09748765    3.43583399    3.81777133    3.54747837    2.59364437    2.82063882    2.53806945    2.17226408    2.26894141    2.75372378    2.44960352    2.17343393
D7BVV9_STRBB/7-142     2.33313135    3.07187547    2.62733744    2.54685585    2.37093312    2.18205214    2.41435541    2.04818435    1.83846701    2.11939734    1.02355088    0.95571332    0.00000000    2.10577128    1.94559386    2.61357935    2.46431747    2.98727912    2.66848680    2.88920418    2.92058508    2.73652181    3.59543094    3.33393601    3.31948910    2.99981647    2.66490039    2.58477848    2.46340740    2.64355753    2.76975861    2.70146631    2.50409750    2.34532701    1.93466805    2.24196196    2.38329361    2.83423576    2.57942896    2.41505887    2.54512036    3.36541705    2.90694156    2.79745676    3.19411086    3.83403844    3.48022047    2.47326510    2.67438277    2.71889250    2.38541364    2.49964490    3.12885106    2.09223199    2.11982079
C1CUP2_DEIDV/59-189     2.21142383    2.84908313    3.35067080    3.04459255    3.02405224    2.09022713    1.99041322    2.38738115    2.32612766    2.32873106    2.09769654    2.44940248    2.10577128    0.00000000    0.61139355    2.11239017    2.19035465    3.44635491    2.39090243    3.06203917    2.67962108    2.86639806    3.08606292    3.30580594    2.95654705    3.17420599    2.80645912    2.71072403    3.17350607    2.86817259    2.69964656    2.27985765    2.37465727    2.78043895    2.80456952    2.21352871    3.71379106    3.11483542    3.67765553    2.94885700    3.77764515    3.69232288    3.39139126    3.13526521    3.60110271    3.56408902    3.46485141    3.00026834    3.22168064    3.32001091    3.17283598    3.18214083    2.87898021    3.19987995    2.70456812
Q1J0J6_DEIGD/34-164     2.28303494    3.18235996    3.28241602    2.46648357    2.59425501    2.32244219    2.15446542    1.95213353    1.96666012    2.34830678    1.83936007    2.02269698    1.94559386    0.61139355    0.00000000    2.07590767    2.22707735    3.27548861    2.07832090    2.84118023    2.86714836    2.95685904    3.37931097    3.24375884    3.07593334    3.46773696    2.36085073    2.39177966    2.85625725    3.07921908    2.98176002    2.58272544    2.30578676    2.37534735    2.40895112    2.12360304    3.17692932    3.22244585    3.61322892    2.96700678    3.48249020    2.99325577    3.04115251    2.51161088    3.07571999    3.03162536    3.17065398    3.07068593    2.76232125    2.92573309    2.71859051    2.85383556    2.60866984    2.70937490    2.70592188
D5QFE8_KOMHA/46-167     2.02017867    2.68711308    2.53695342    2.66172548    2.06001428    2.17129910    2.32288055    2.21400800    2.18543654    1.68567336    2.29705329    2.63544959    2.61357935    2.11239017    2.07590767    0.00000000    2.10090338    2.77010250    2.42459052    2.66918232    2.83288651    2.77842714    2.40969387    2.17921516    2.96560317    2.35116032    2.43904096    1.89751176    2.15461602    2.02278973    2.62454466    2.54541385    2.23041788    2.34482776    2.48162451    1.93884536    2.51219928    2.52780465    2.80006043    2.67954021    2.80917835    2.59213227    2.76436298    2.64207865    2.94337814    3.09232643    3.24152120    2.44078570    2.29750584    3.12817639    2.41714027    2.60298718    2.78884282    2.65979955    2.03784586
E8V3D3_TERSS/24-157     2.18155409    2.88874609    3.38603831    3.15371709    2.65774189    2.28421665    3.12826547    2.32391327    2.04595862    1.97948494    2.32845504    2.35776003    2.46431747    2.19035465    2.22707735    2.10090338    0.00000000    1.97360358    1.34745519    2.79748555    2.70219545    2.97567740    2.60157960    2.49661421    2.32899908    2.59387527    2.49388615    1.98894808    2.03213971    2.29188260    2.49922801    2.42584471    2.30466515    2.69321639    2.25219581    1.75839456    2.40096799    2.42549406    2.76272662    2.52711881    2.72511778    2.68955064    2.54953166    2.52015070    3.01452060    2.53042040    2.63174787    2.59300953    2.34366931    2.55289288    1.92285846    2.61018788    2.36581059    2.69934398    1.67761095
C6Y384_PEDHD/22-155     2.64898719    2.91539209    2.95360596    2.89455158    3.79362131    2.93453395    3.10747961    2.54548771    2.18931743    2.36348273    3.26675263    3.60003079    2.98727912    3.44635491    3.27548861    2.77010250    1.97360358    0.00000000    2.56399743    2.98254120    3.70832724    3.64496628    3.10980539    3.45089045    2.68716397    2.59518489    1.94251884    2.68995835    2.75385947    2.99001763    2.73367903    3.25345797    3.15864332    2.60540243    2.57017368    2.44855670    2.87350129    3.11600681    2.76652318    2.57913238    3.07970442    4.18445201    3.35415075    3.48385962    3.62004109    3.48822162    3.28085156    3.31774856    3.82746578    2.96207939    2.36985563    2.67572597    3.08421322    3.30073506    2.32132413
C1F7Z3_ACIC5/68-206     2.31091920    2.55984598    2.61632615    3.30044439    3.06905753    2.35684088    3.56452833    2.19757313    2.23384089    2.15616195    2.26596927    2.30364999    2.66848680    2.39090243    2.07832090    2.42459052    1.34745519    2.56399743    0.00000000    2.71388202    2.47072778    3.13988517    2.77166062    2.80972633    2.81463258    2.85465056    2.49824070    2.35006731    2.34555061    1.98234370    2.43779501    2.44534780    2.39377413    2.68448154    2.24098975    2.05672234    3.07027332    2.52081153    2.59956235    2.39977827    2.79065637    2.64979359    2.32543342    2.60224424    2.77721005    2.18356966    2.36286884    2.79856909    2.56164098    2.37358979    2.05343548    2.05924979    2.45677524    2.71897045    2.22199408
A7HKB9_FERNB/10-131     3.05918006    3.07008620    3.05574503    2.30748234    2.58940377    2.82701499    2.91654644    3.21949746    2.45150898    2.56432120    3.00175094    3.20407006    2.88920418    3.06203917    2.84118023    2.66918232    2.79748555    2.98254120    2.71388202    0.00000000    2.22500196    2.24071402    2.51672196    2.62889268    2.40347639    2.43089938    2.15780209    3.31456162    2.58217977    3.32105036    2.50634841    2.73489606    3.03246906    2.78471581    2.70145342    2.61674338    3.19763379    2.48377542    2.84450615    2.61501072    3.31131896    2.92373176    3.02094886    2.64719386    2.87204412    3.85503558    3.92967959    3.03424418    3.24763949    2.97255550    2.67242123    2.64365403    2.57363615    2.67542463    2.32859444
R6QQA7_9CLOT/53-201     3.13698703    2.80504546    3.43438203    3.17753762    2.63754556    2.80288678    3.51033155    2.76131477    2.98813188    2.52730217    2.98150651    2.93757847    2.92058508    2.67962108    2.86714836    2.83288651    2.70219545    3.70832724    2.47072778    2.22500196    0.00000000    1.69969695    1.32316822    1.51963668    1.38858655    2.44404440    2.47191025    2.65474218    2.78695600    2.36291932    2.24613915    2.01941558    2.15636752    2.38032141    2.38382627    2.48045963    3.21168488    3.50945721    3.10707621    3.05413860    3.61922278    3.67097300    3.62991617    4.15074150    3.77605248    3.57688367    3.46529296    3.60354324    3.69645937    2.24078641    2.63419277    2.60729534    2.55569061    2.58437084    2.48927545
R6PJJ6_9CLOT/37-177     3.06050706    2.59382427    3.18465016    3.08514141    3.19015182    3.03936374    3.26725953    2.59224165    3.06192973    2.89699910    3.25169791    3.49767120    2.73652181    2.86639806    2.95685904    2.77842714    2.97567740    3.64496628    3.13988517    2.24071402    1.69969695    0.00000000    1.11900962    0.99880064    1.14203504    1.79287670    2.48339550    2.92803774    2.75640053    3.03725386    2.41737716    2.33492128    2.45259240    2.66185275    2.78881227    2.81575875    3.53411487    2.69231615    3.10195486    3.07060146    3.58240000    3.09703203    3.46834354    2.76351745    3.16836707    3.31669004    3.29444990    3.26448114    3.31137771    2.77930751    2.48159354    2.71113704    3.07904309    3.00095075    2.72302857
R5QX65_9FIRM/49-191     2.88820675    2.92825098    3.15607462    3.14747797    3.54879240    2.75912689    3.22831013    3.09292817    2.92301969    2.55612951    3.06565340    3.44042861    3.59543094    3.08606292    3.37931097    2.40969387    2.60157960    3.10980539    2.77166062    2.51672196    1.32316822    1.11900962    0.00000000    0.49567344    0.96474463    1.55884660    2.09487609    2.47391860    2.41559407    2.53555251    2.17720669    2.52576301    2.66451715    2.95728882    3.05631886    2.88700977    3.51810739    2.95365602    2.98335730    2.90414824    3.34422117    2.99050646    3.69732073    3.13162396    3.11721043    3.14804248    3.24037141    4.01563428    3.17943238    2.80308902    2.75086486    2.79997687    2.80726875    2.84824751    3.01135410
R6PMF8_9CLOT/38-179     3.01815490    2.80543954    3.17654014    2.81928047    2.95357220    2.90312694    3.31559518    2.87799913    3.30040712    2.85046411    3.17032484    3.60712876    3.33393601    3.30580594    3.24375884    2.17921516    2.49661421    3.45089045    2.80972633    2.62889268    1.51963668    0.99880064    0.49567344    0.00000000    1.07945870    1.50718199    2.11092318    2.72377149    2.55242254    2.54444078    2.40188225    2.65392470    2.55091650    2.67358133    2.97602216    2.85691077    3.20918309    2.99728022    2.96140275    2.90709262    3.46063305    3.01587800    2.97303749    2.62749626    3.37023103    2.64236034    2.71360624    4.11604695    2.97553410    2.53629810    2.23454476    2.63740280    2.65775905    2.58612105    2.93098586
Q8XKW3_CLOPE/45-186     3.60592879    2.71063369    3.56083383    4.00947239    3.42055097    2.76563418    3.71961303    3.01781508    2.72071728    2.78985905    3.30805026    3.47193933    3.31948910    2.95654705    3.07593334    2.96560317    2.32899908    2.68716397    2.81463258    2.40347639    1.38858655    1.14203504    0.96474463    1.07945870    0.00000000    1.59833622    2.43001753    2.81412720    2.61186281    2.80744712    2.09143616    2.34528718    3.10601318    2.97606648    2.82949971    2.94727864    3.41643543    3.20830076    2.75943822    2.51214474    3.97065862    3.24297283    3.12773459    3.28562085    3.43104613    3.13198120    3.01882380    3.39052671    3.29572292    2.55496986    2.55521476    2.56305734    2.90259830    3.02029401    2.67427413
D5E696_MYCCM/43-183     3.00752586    3.01836703    2.92104777    2.85819402    3.38758091    3.03793595    3.11187048    3.01537278    3.40688167    3.11848200    3.67336558    3.67131586    2.99981647    3.17420599    3.46773696    2.35116032    2.59387527    2.59518489    2.85465056    2.43089938    2.44404440    1.79287670    1.55884660    1.50718199    1.59833622    0.00000000    2.31885709    3.22387912    3.13463656    2.97647912    2.47654858    2.65676457    3.03597303    2.90160519    3.27395254    2.64284174    3.91686870    3.46878864    3.84595134    3.39283746    4.24538882    3.71956398    3.80666181    3.22328176    3.89852948    3.94177157    3.88569947    4.32128938    3.60986639    3.09238093    2.63270815    2.97037013    2.78192347    2.76550275    2.61947406
A6L220_BACV8/22-143     3.10232249    2.76246761    2.90086601    2.80170523    2.62124254    2.41246272    3.05049823    2.58498430    2.26520410    2.29881166    2.08483923    2.79520912    2.66490039    2.80645912    2.36085073    2.43904096    2.49388615    1.94251884    2.49824070    2.15780209    2.47191025    2.48339550    2.09487609    2.11092318    2.43001753    2.31885709    0.00000000    1.83195901    2.00349515    2.37786036    2.07326702    2.09052498    1.58999920    2.03578028    2.38388126    2.62031925    2.71328394    2.61302966    2.88917650    2.50103022    3.20100398    2.95175718    3.46287482    2.87000390    2.89205444    3.09724364    3.09301291    2.53754383    3.25017895    2.44594223    2.22466474    2.45543913    1.97839197    2.42798880    1.84802332
D7C3H5_STRBB/39-188     2.05267292    2.93768193    3.21651861    2.54442192    2.40204311    2.46704167    2.29948626    2.92334998    2.43258744    2.64983434    1.81796756    2.18973361    2.58477848    2.71072403    2.39177966    1.89751176    1.98894808    2.68995835    2.35006731    3.31456162    2.65474218    2.92803774    2.47391860    2.72377149    2.81412720    3.22387912    1.83195901    0.00000000    0.65879610    1.57039474    2.14430250    1.79756948    1.62847010    1.99567396    1.79399284    1.91482704    2.36321296    2.85492242    2.59790034    2.44551853    2.40210192    2.96069596    2.79877708    2.76538057    3.29097418    3.22680835    2.99928154    2.59718687    2.64096223    2.75398115    2.34595871    2.38076210    3.03049222    3.03048262    2.05060620
B5HDK1_STRE2/128-264     2.14505778    2.79718574    2.46982137    2.35597967    2.67295505    2.25537072    2.12629718    2.73995759    2.24150872    2.49857307    1.88273427    2.30252389    2.46340740    3.17350607    2.85625725    2.15461602    2.03213971    2.75385947    2.34555061    2.58217977    2.78695600    2.75640053    2.41559407    2.55242254    2.61186281    3.13463656    2.00349515    0.65879610    0.00000000    1.64337572    1.82435951    1.70813513    1.69819673    2.22937821    1.85521829    2.11078388    2.04724164    2.53627012    1.96232509    1.98439043    2.09205143    2.35620237    2.81202561    2.50245164    2.98960664    2.87921122    2.82486819    2.11344739    2.17882447    2.48195880    2.32950404    2.49357977    2.61117570    2.61591777    1.88341697
A4FQA2_SACEN/43-182     2.52379955    2.72125056    3.35663493    3.01011998    2.99313005    2.79589761    2.94215949    3.20634269    2.76830803    2.53200892    2.43602132    2.45903856    2.64355753    2.86817259    3.07921908    2.02278973    2.29188260    2.99001763    1.98234370    3.32105036    2.36291932    3.03725386    2.53555251    2.54444078    2.80744712    2.97647912    2.37786036    1.57039474    1.64337572    0.00000000    2.25021522    1.73375189    1.51568353    2.43361614    2.03198576    1.93123308    2.40055816    2.73236442    2.48265825    1.83516764    2.37057121    2.71889203    2.81502041    2.99124579    2.98598670    3.05712637    3.32201787    2.68758756    2.38121102    2.88091039    2.23885574    2.25192648    2.97464325    2.86126175    2.34946776
E8RS99_ASTEC/41-182     2.50498060    2.76244780    3.10890968    3.12747419    3.21003066    2.71497642    2.41311033    2.93208722    2.60905555    2.67196740    2.16515018    2.94699475    2.76975861    2.69964656    2.98176002    2.62454466    2.49922801    2.73367903    2.43779501    2.50634841    2.24613915    2.41737716    2.17720669    2.40188225    2.09143616    2.47654858    2.07326702    2.14430250    1.82435951    2.25021522    0.00000000    0.87453237    1.51720533    2.01320839    2.96378630    2.65577457    2.89455967    2.99901340    2.93456000    2.56346892    2.78306235    2.99078238    3.16138442    3.33080698    3.07008062    2.97370924    2.89028069    2.65991623    2.61759657    2.43896670    2.60173261    2.55078011    2.32622224    2.82558797    2.05473149
Q8P938_XANCP/38-178     2.01702701    2.57426204    3.54336011    2.66809881    2.44447322    2.46439207    2.13274090    2.52679746    2.33824678    2.04459867    2.25399669    2.51502056    2.70146631    2.27985765    2.58272544    2.54541385    2.42584471    3.25345797    2.44534780    2.73489606    2.01941558    2.33492128    2.52576301    2.65392470    2.34528718    2.65676457    2.09052498    1.79756948    1.70813513    1.73375189    0.87453237    0.00000000    1.62605561    2.24637929    2.45205590    1.92228503    2.11336057    3.19858070    3.08297500    2.66393543    2.82013850    2.98386780    3.29953708    3.67293845    3.16685900    3.94331695    3.44195703    2.62835989    2.71635432    2.59028305    2.84496084    2.66047126    2.70285860    2.73873129    2.00082002
D2Q4H7_KRIFD/32-169     2.18579028    2.49814092    3.29397374    2.71967100    2.83620979    2.45609689    2.82916588    2.53564692    2.69951979    2.63663454    1.97176623    2.33183853    2.50409750    2.37465727    2.30578676    2.23041788    2.30466515    3.15864332    2.39377413    3.03246906    2.15636752    2.45259240    2.66451715    2.55091650    3.10601318    3.03597303    1.58999920    1.62847010    1.69819673    1.51568353    1.51720533    1.62605561    0.00000000    2.40633257    2.24039999    2.14718016    2.57400462    2.32513168    2.39329389    2.29890036    2.57701870    2.87216902    2.82705223    2.70714000    2.65951864    2.79789994    3.04230758    2.47657811    2.46332317    2.57419075    2.46863331    2.51039091    2.51852537    3.31842950    2.26315827
Q8A7A4_BACTN/20-139     2.79727943    2.52629396    3.01633391    2.63193599    2.12197325    2.41258201    2.65139248    2.33234320    2.84351129    2.80493331    2.45505972    2.96566266    2.34532701    2.78043895    2.37534735    2.34482776    2.69321639    2.60540243    2.68448154    2.78471581    2.38032141    2.66185275    2.95728882    2.67358133    2.97606648    2.90160519    2.03578028    1.99567396    2.22937821    2.43361614    2.01320839    2.24637929    2.40633257    0.00000000    2.25344976    2.31314463    2.63395864    2.62296334    3.28508857    3.00607340    2.65572191    3.06648276    3.17669387    2.99455610    3.07948634    2.71255756    2.75356326    3.09233834    3.01841775    2.38004049    2.53651802    2.42525079    2.75674670    2.53881417    1.99740988
A4FGE7_SACEN/45-177     2.00826657    2.23051341    2.49996328    2.07037960    2.03446713    1.82535429    2.34861403    2.49532239    2.12756686    1.71651139    1.69772187    2.25218926    1.93466805    2.80456952    2.40895112    2.48162451    2.25219581    2.57017368    2.24098975    2.70145342    2.38382627    2.78881227    3.05631886    2.97602216    2.82949971    3.27395254    2.38388126    1.79399284    1.85521829    2.03198576    2.96378630    2.45205590    2.24039999    2.25344976    0.00000000    1.11168447    1.09259734    2.14695528    2.47188775    2.09576320    1.95427665    2.21588477    2.32557633    2.42291062    2.51112434    2.97474150    2.87451036    1.70114482    1.98633861    2.00564543    2.03310837    2.03977620    2.33931641    2.00908851    1.73825868
G0FWJ4_AMYMS/36-171     1.73698617    2.42602983    2.99979629    2.47191257    2.37431297    1.82252983    2.91077444    2.50613773    1.64101359    1.89409394    2.24937122    2.25124277    2.24196196    2.21352871    2.12360304    1.93884536    1.75839456    2.44855670    2.05672234    2.61674338    2.48045963    2.81575875    2.88700977    2.85691077    2.94727864    2.64284174    2.62031925    1.91482704    2.11078388    1.93123308    2.65577457    1.92228503    2.14718016    2.31314463    1.11168447    0.00000000    1.15212231    2.25697825    2.61688935    2.29047442    2.27129721    2.69507086    2.66212394    2.66273167    2.47340796    3.74780811    3.25472625    1.98686615    2.13125511    2.05764013    1.97054785    1.97471254    2.04265703    1.55648300    1.46968936
C6WPZ1_ACTMD/24-159     2.43148784    2.84234732    3.26034939    2.56092050    2.57167344    1.81910041    2.62576471    2.82032502    2.10075424    1.83144149    1.78582443    2.28314333    2.38329361    3.71379106    3.17692932    2.51219928    2.40096799    2.87350129    3.07027332    3.19763379    3.21168488    3.53411487    3.51810739    3.20918309    3.41643543    3.91686870    2.71328394    2.36321296    2.04724164    2.40055816    2.89455967    2.11336057    2.57400462    2.63395864    1.09259734    1.15212231    0.00000000    2.19607034    2.71069643    2.42966920    2.59228376    2.76358277    2.91355761    3.52641748    3.06304481    3.31436906    3.03359506    2.03037952    2.34037512    2.35388990    2.12248970    2.39942200    2.47771505    1.82395359    2.04331868
D3EFM0_GEOS4/266-394     2.73368072    3.31317589    3.45787872    2.26944534    2.20550932    2.78262702    3.13632665    3.14428954    2.29611137    2.25573053    2.48780251    2.82779844    2.83423576    3.11483542    3.22244585    2.52780465    2.42549406    3.11600681    2.52081153    2.48377542    3.50945721    2.69231615    2.95365602    2.99728022    3.20830076    3.46878864    2.61302966    2.85492242    2.53627012    2.73236442    2.99901340    3.19858070    2.32513168    2.62296334    2.14695528    2.25697825    2.19607034    0.00000000    1.14334100    1.13041643    1.70830372    1.30449658    1.54260858    1.39116324    1.35163631    1.82436476    1.95496193    1.51503580    1.53213636    2.95148237    2.34126754    2.47567342    2.72582197    3.09030981    2.11405598
A6KZM2_BACV8/22-148     2.38644516    3.63897169    3.03201337    2.75078591    2.67158046    2.87465622    3.09592457    3.17403383    2.35724588    2.52179954    2.91067399    2.66394980    2.57942896    3.67765553    3.61322892    2.80006043    2.76272662    2.76652318    2.59956235    2.84450615    3.10707621    3.10195486    2.98335730    2.96140275    2.75943822    3.84595134    2.88917650    2.59790034    1.96232509    2.48265825    2.93456000    3.08297500    2.39329389    3.28508857    2.47188775    2.61688935    2.71069643    1.14334100    0.00000000    0.39095130    1.53595661    1.39438152    1.56379773    1.73432632    1.52047537    2.35079896    2.49888420    1.50473062    1.53552774    2.99768255    2.53772070    2.83831636    2.90798230    2.78794830    2.49909935
A0A174P9Z9_9BACE/25-150     2.12148856    3.33507565    2.88023778    2.59419783    2.27826691    2.37108253    3.01914550    3.20610887    1.92623854    2.41759211    2.39143864    2.47207146    2.41505887    2.94885700    2.96700678    2.67954021    2.52711881    2.57913238    2.39977827    2.61501072    3.05413860    3.07060146    2.90414824    2.90709262    2.51214474    3.39283746    2.50103022    2.44551853    1.98439043    1.83516764    2.56346892    2.66393543    2.29890036    3.00607340    2.09576320    2.29047442    2.42966920    1.13041643    0.39095130    0.00000000    1.43866677    1.42086910    1.44777442    1.66769492    1.34864078    2.01365711    2.08997676    1.49843596    1.41362125    2.75864241    2.19769699    2.41722925    2.89826389    2.71815377    2.04733457
H2136_AKKM8/110-229     2.26331966    3.22638236    3.08434775    2.28109000    2.36236684    2.15225025    2.84436656    3.23292106    2.43637187    2.49857152    2.06405033    2.30485543    2.54512036    3.77764515    3.48249020    2.80917835    2.72511778    3.07970442    2.79065637    3.31131896    3.61922278    3.58240000    3.34422117    3.46063305    3.97065862    4.24538882    3.20100398    2.40210192    2.09205143    2.37057121    2.78306235    2.82013850    2.57701870    2.65572191    1.95427665    2.27129721    2.59228376    1.70830372    1.53595661    1.43866677    0.00000000    1.46072662    1.82337866    2.08914038    1.80575682    1.84514948    2.34682546    1.58646237    1.53440542    2.99656724    1.96408803    2.22144140    2.93718893    2.94111515    2.17530599
R6QLA0_9CLOT/442-570     2.69829688    2.68376631    3.51755370    2.14669178    2.36113701    2.58931435    3.17187570    3.32795444    2.60834738    2.26172436    2.75991562    3.03031516    3.36541705    3.69232288    2.99325577    2.59213227    2.68955064    4.18445201    2.64979359    2.92373176    3.67097300    3.09703203    2.99050646    3.01587800    3.24297283    3.71956398    2.95175718    2.96069596    2.35620237    2.71889203    2.99078238    2.98386780    2.87216902    3.06648276    2.21588477    2.69507086    2.76358277    1.30449658    1.39438152    1.42086910    1.46072662    0.00000000    0.76756416    0.99359675    1.13244585    1.74675056    1.89134649    1.60422631    1.51722870    2.75483592    2.29007032    2.31596356    2.50085889    2.70923647    2.40715357
R5Q9W5_9FIRM/441-563     3.09278671    3.44961151    3.05301344    2.68773331    2.46088169    2.69200745    3.28330089    3.59642182    2.53007471    2.18096532    2.57882432    3.10529645    2.90694156    3.39139126    3.04115251    2.76436298    2.54953166    3.35415075    2.32543342    3.02094886    3.62991617    3.46834354    3.69732073    2.97303749    3.12773459    3.80666181    3.46287482    2.79877708    2.81202561    2.81502041    3.16138442    3.29953708    2.82705223    3.17669387    2.32557633    2.66212394    2.91355761    1.54260858    1.56379773    1.44777442    1.82337866    0.76756416    0.00000000    0.94136811    1.54348568    1.75057659    1.84173355    1.62181505    1.25411616    2.72239916    2.09648114    2.33535575    3.06872700    2.86616678    2.43518109
Q8XKN0_CLOPE/423-549     2.91062781    3.64684077    3.45647081    2.58999827    2.37476564    2.75706361    3.03530739    3.02179056    2.77810480    2.43851396    2.43029869    3.09748765    2.79745676    3.13526521    2.51161088    2.64207865    2.52015070    3.48385962    2.60224424    2.64719386    4.15074150    2.76351745    3.13162396    2.62749626    3.28562085    3.22328176    2.87000390    2.76538057    2.50245164    2.99124579    3.33080698    3.67293845    2.70714000    2.99455610    2.42291062    2.66273167    3.52641748    1.39116324    1.73432632    1.66769492    2.08914038    0.99359675    0.94136811    0.00000000    1.59605026    1.69992045    1.97557014    1.46098295    1.37606182    3.11204676    2.53110210    2.75683160    2.98565559    3.48603776    2.78318918
E6SS94_BACT6/25-148     2.85759071    3.45529514    3.10532152    3.05043633    2.52414176    3.11103054    3.40384384    3.08096274    2.38940739    2.44462786    2.47854884    3.43583399    3.19411086    3.60110271    3.07571999    2.94337814    3.01452060    3.62004109    2.77721005    2.87204412    3.77605248    3.16836707    3.11721043    3.37023103    3.43104613    3.89852948    2.89205444    3.29097418    2.98960664    2.98598670    3.07008062    3.16685900    2.65951864    3.07948634    2.51112434    2.47340796    3.06304481    1.35163631    1.52047537    1.34864078    1.80575682    1.13244585    1.54348568    1.59605026    0.00000000    1.88271682    1.80463615    1.53199223    1.90596723    2.72952912    2.47322675    2.53615664    3.13954045    3.07496538    2.57433128
R6PGA2_9CLOT/436-561     3.35123616    3.07129966    3.26425538    3.44275105    2.58900121    2.95013384    3.60396081    3.22553951    3.33994436    3.00425545    2.89841916    3.81777133    3.83403844    3.56408902    3.03162536    3.09232643    2.53042040    3.48822162    2.18356966    3.85503558    3.57688367    3.31669004    3.14804248    2.64236034    3.13198120    3.94177157    3.09724364    3.22680835    2.87921122    3.05712637    2.97370924    3.94331695    2.79789994    2.71255756    2.97474150    3.74780811    3.31436906    1.82436476    2.35079896    2.01365711    1.84514948    1.74675056    1.75057659    1.69992045    1.88271682    0.00000000    0.30185161    2.11566775    2.11904791    3.05867989    2.00342201    2.53397788    2.93632558    2.92511507    2.91488723
R7GJT7_9FIRM/432-557     3.84296311    2.92682146    3.11712072    3.61449952    2.77503556    3.17051669    3.40209318    3.14887613    2.91423853    2.77610681    2.77087560    3.54747837    3.48022047    3.46485141    3.17065398    3.24152120    2.63174787    3.28085156    2.36286884    3.92967959    3.46529296    3.29444990    3.24037141    2.71360624    3.01882380    3.88569947    3.09301291    2.99928154    2.82486819    3.32201787    2.89028069    3.44195703    3.04230758    2.75356326    2.87451036    3.25472625    3.03359506    1.95496193    2.49888420    2.08997676    2.34682546    1.89134649    1.84173355    1.97557014    1.80463615    0.30185161    0.00000000    2.37641331    2.56902809    2.76742727    1.93125118    2.40645058    2.62318870    2.45839090    2.70376506
D3Q4E7_STANL/34-158     2.30176615    3.37189637    2.90965254    2.77593972    2.41470325    1.91306209    2.90752942    2.90255868    2.40410679    2.20891489    2.06785353    2.59364437    2.47326510    3.00026834    3.07068593    2.44078570    2.59300953    3.31774856    2.79856909    3.03424418    3.60354324    3.26448114    4.01563428    4.11604695    3.39052671    4.32128938    2.53754383    2.59718687    2.11344739    2.68758756    2.65991623    2.62835989    2.47657811    3.09233834    1.70114482    1.98686615    2.03037952    1.51503580    1.50473062    1.49843596    1.58646237    1.60422631    1.62181505    1.46098295    1.53199223    2.11566775    2.37641331    0.00000000    1.03959490    2.70696468    2.10223805    1.98089331    2.54833401    2.28939245    2.01273739
C7QC65_CATAD/14-136     2.11055209    3.41211226    3.06145812    2.38423438    2.54793909    1.88549447    2.53926592    2.93149158    2.50083261    2.22108298    2.24121598    2.82063882    2.67438277    3.22168064    2.76232125    2.29750584    2.34366931    3.82746578    2.56164098    3.24763949    3.69645937    3.31137771    3.17943238    2.97553410    3.29572292    3.60986639    3.25017895    2.64096223    2.17882447    2.38121102    2.61759657    2.71635432    2.46332317    3.01841775    1.98633861    2.13125511    2.34037512    1.53213636    1.53552774    1.41362125    1.53440542    1.51722870    1.25411616    1.37606182    1.90596723    2.11904791    2.56902809    1.03959490    0.00000000    2.59785027    2.32250112    2.46001334    2.47124531    2.43155693    2.05117199
C7M4J8_CAPOD/31-163     3.20616832    2.59936991    2.76839357    2.18500729    2.33380349    1.82477582    2.61908140    1.99810253    1.93666612    2.17940058    2.37132316    2.53806945    2.71889250    3.32001091    2.92573309    3.12817639    2.55289288    2.96207939    2.37358979    2.97255550    2.24078641    2.77930751    2.80308902    2.53629810    2.55496986    3.09238093    2.44594223    2.75398115    2.48195880    2.88091039    2.43896670    2.59028305    2.57419075    2.38004049    2.00564543    2.05764013    2.35388990    2.95148237    2.99768255    2.75864241    2.99656724    2.75483592    2.72239916    3.11204676    2.72952912    3.05867989    2.76742727    2.70696468    2.59785027    0.00000000    1.31376070    1.37159628    1.90217627    2.06262070    1.94627283
