26
Q9VUS6_DROME/26-94     0.00000000    0.79688370    0.61038994    0.88546840    0.74451597    1.05870427    1.66643779    1.96897385    2.09460776    1.73793847    1.94289493    2.22675308    1.88123932    1.85984355    1.89883395    1.71330750    1.69186445    1.78148994    1.18644408    1.04625251    1.14062090    0.85512925    1.19337011    1.38331353    0.63025406    0.69425546
B4HIH9_DROSE/25-91     0.79688370    0.00000000    0.53736992    0.89587372    1.03528861    1.08416973    1.65663431    2.20541834    2.04070803    1.82291327    2.03047005    2.33857086    2.10305087    1.95871237    1.73176569    1.48878516    1.61229805    1.81496933    1.13525001    1.00489063    1.12348404    0.98559543    1.10420938    1.11158687    0.79238533    0.60092491
B3MAB9_DROAN/26-93     0.61038994    0.53736992    0.00000000    0.78576290    0.92431639    1.26698393    1.68365862    1.98246203    2.21294254    1.96256184    2.10854465    2.35557403    1.93490489    1.88646665    2.01683897    1.86633874    1.56223888    1.81290634    1.22797673    0.69324312    1.08882081    0.83652719    0.98626220    1.08689853    0.60950642    0.57746152
B4L0I0_DROMO/28-95     0.88546840    0.89587372    0.78576290    0.00000000    0.72202864    1.28555080    1.56699248    1.99726936    2.07864530    1.75081378    1.98386066    2.24225557    1.82532865    2.00371134    1.96687769    1.67332761    1.76150571    1.77400750    1.22786303    0.78396472    1.17228407    0.94597360    1.30501845    1.36822387    0.78676465    0.83271681
B4MX63_DROWI/27-81     0.74451597    1.03528861    0.92431639    0.72202864    0.00000000    1.01544611    1.31723777    1.45585953    1.69784730    1.88982317    1.84574222    1.90770960    1.82868666    1.68923187    1.59722002    1.24948530    1.43363580    1.60820021    1.05557491    0.98310883    1.09824251    0.93708035    1.00357934    1.08806280    0.59658723    0.82162467
Q9VUT2_DROME/31-98     1.05870427    1.08416973    1.26698393    1.28555080    1.01544611    0.00000000    1.92095180    2.32812998    1.98400252    1.89472142    2.00241415    2.12586081    1.95326310    1.89413395    1.91029881    1.91751586    1.91999604    1.94598710    1.45333626    1.23235026    1.40919049    1.06025695    1.25014485    1.32544343    1.13956469    1.00088256
Q2M009_DROPS/24-92     1.66643779    1.65663431    1.68365862    1.56699248    1.31723777    1.92095180    0.00000000    0.69838639    1.04838540    1.26556844    1.14766026    1.23054527    1.13681256    1.22212239    0.74211943    0.73265697    0.36663462    2.00314570    1.48706279    1.49962215    1.82717776    1.55357023    1.71526608    2.00160056    1.67930031    1.74929490
B4MX62_DROWI/24-92     1.96897385    2.20541834    1.98246203    1.99726936    1.45585953    2.32812998    0.69838639    0.00000000    0.99633169    1.25855244    1.12004854    1.04514621    1.12497682    0.96572686    0.91379530    0.95137639    0.82482825    2.24073059    1.49473947    1.81246239    2.11821400    2.01662368    2.16397763    2.00576738    1.86347076    2.06475046
B4MXX3_DROWI/25-92     2.09460776    2.04070803    2.21294254    2.07864530    1.69784730    1.98400252    1.04838540    0.99633169    0.00000000    0.49765904    0.84346202    1.20038975    0.85417635    0.81527494    1.27108976    1.21891677    1.25969891    2.12575824    1.94772323    2.21004209    2.41797889    2.28771570    2.75922192    2.68354368    2.08098561    1.81706190
Q24077_DROME/24-91     1.73793847    1.82291327    1.96256184    1.75081378    1.88982317    1.89472142    1.26556844    1.25855244    0.49765904    0.00000000    0.74633747    1.32878486    1.00041633    0.81420549    1.27097273    1.34675750    1.41323473    2.27027921    1.85087432    1.89774190    2.09634515    1.95740370    2.08870088    2.34282088    1.65107263    1.52093550
Q9VUS9_DROME/24-91     1.94289493    2.03047005    2.10854465    1.98386066    1.84574222    2.00241415    1.14766026    1.12004854    0.84346202    0.74633747    0.00000000    0.60818021    0.34835089    0.33912579    1.50458350    1.47496804    1.30359225    2.25346737    1.99110054    2.10848160    2.34266763    2.09734304    2.31550142    2.62454829    2.17798987    2.03263369
Q9VUT1_DROME/22-89     2.22675308    2.33857086    2.35557403    2.24225557    1.90770960    2.12586081    1.23054527    1.04514621    1.20038975    1.32878486    0.60818021    0.00000000    0.82751732    0.80245389    1.71115234    1.52578700    1.31445013    2.22305765    1.90904344    2.39108382    2.67269620    2.47101465    2.63554922    2.93957550    2.57183203    2.17258785
B4MX61_DROWI/26-93     1.88123932    2.10305087    1.93490489    1.82532865    1.82868666    1.95326310    1.13681256    1.12497682    0.85417635    1.00041633    0.34835089    0.82751732    0.00000000    0.48780275    1.49879427    1.40210740    1.18548061    1.94381800    1.97435029    1.95794551    2.41183372    2.03990916    2.38520693    2.49593990    2.05054584    2.00087440
B3M9X4_DROAN/24-91     1.85984355    1.95871237    1.88646665    2.00371134    1.68923187    1.89413395    1.22212239    0.96572686    0.81527494    0.81420549    0.33912579    0.80245389    0.48780275    0.00000000    1.33325163    1.34720585    1.27811407    2.01099665    1.99832423    2.01698500    2.45478499    2.13146978    2.36656296    2.43944094    2.03848454    1.84194801
B3MAC0_DROAN/27-95     1.89883395    1.73176569    2.01683897    1.96687769    1.59722002    1.91029881    0.74211943    0.91379530    1.27108976    1.27097273    1.50458350    1.71115234    1.49879427    1.33325163    0.00000000    0.64691992    0.65633550    1.82240698    1.78047109    1.67588870    1.82414441    1.83965612    1.97581635    1.79173550    1.76410771    1.77242762
Q9VUS3_DROME/24-92     1.71330750    1.48878516    1.86633874    1.67332761    1.24948530    1.91751586    0.73265697    0.95137639    1.21891677    1.34675750    1.47496804    1.52578700    1.40210740    1.34720585    0.64691992    0.00000000    0.53993611    1.87967889    1.64116477    1.89878444    2.01188232    1.72135678    2.01487386    1.99600653    1.63328269    1.74924245
Q27241_DROME/24-92     1.69186445    1.61229805    1.56223888    1.76150571    1.43363580    1.91999604    0.36663462    0.82482825    1.25969891    1.41323473    1.30359225    1.31445013    1.18548061    1.27811407    0.65633550    0.53993611    0.00000000    1.73121196    1.39982161    1.43076253    1.65568601    1.41608459    1.68143091    1.83834431    1.58520419    1.62541244
M9NFE3_DROME/27-94     1.78148994    1.81496933    1.81290634    1.77400750    1.60820021    1.94598710    2.00314570    2.24073059    2.12575824    2.27027921    2.25346737    2.22305765    1.94381800    2.01099665    1.82240698    1.87967889    1.73121196    0.00000000    1.29817213    1.74914000    1.80646409    1.66461162    1.72194826    1.60828523    1.58254276    1.83155581
B4HII6_DROSE/26-94     1.18644408    1.13525001    1.22797673    1.22786303    1.05557491    1.45333626    1.48706279    1.49473947    1.94772323    1.85087432    1.99110054    1.90904344    1.97435029    1.99832423    1.78047109    1.64116477    1.39982161    1.29817213    0.00000000    1.20036469    1.09795361    1.06114880    1.05942445    0.95527006    1.18074537    1.31865192
B4MX60_DROWI/28-95     1.04625251    1.00489063    0.69324312    0.78396472    0.98310883    1.23235026    1.49962215    1.81246239    2.21004209    1.89774190    2.10848160    2.39108382    1.95794551    2.01698500    1.67588870    1.89878444    1.43076253    1.74914000    1.20036469    0.00000000    0.54815597    0.45435802    0.72292318    0.80836860    0.77847887    0.85714844
Q2M1E3_DROPS/27-93     1.14062090    1.12348404    1.08882081    1.17228407    1.09824251    1.40919049    1.82717776    2.11821400    2.41797889    2.09634515    2.34266763    2.67269620    2.41183372    2.45478499    1.82414441    2.01188232    1.65568601    1.80646409    1.09795361    0.54815597    0.00000000    0.37902995    0.63288297    0.63866131    1.00767008    1.18144121
B3M9X3_DROAN/28-95     0.85512925    0.98559543    0.83652719    0.94597360    0.93708035    1.06025695    1.55357023    2.01662368    2.28771570    1.95740370    2.09734304    2.47101465    2.03990916    2.13146978    1.83965612    1.72135678    1.41608459    1.66461162    1.06114880    0.45435802    0.37902995    0.00000000    0.45133210    0.61215149    0.85071205    0.84933740
Q9VUT0_DROME/28-95     1.19337011    1.10420938    0.98626220    1.30501845    1.00357934    1.25014485    1.71526608    2.16397763    2.75922192    2.08870088    2.31550142    2.63554922    2.38520693    2.36656296    1.97581635    2.01487386    1.68143091    1.72194826    1.05942445    0.72292318    0.63288297    0.45133210    0.00000000    0.36514488    0.94962965    1.01674380
B4HII4_DROSE/28-94     1.38331353    1.11158687    1.08689853    1.36822387    1.08806280    1.32544343    2.00160056    2.00576738    2.68354368    2.34282088    2.62454829    2.93957550    2.49593990    2.43944094    1.79173550    1.99600653    1.83834431    1.60828523    0.95527006    0.80836860    0.63866131    0.61215149    0.36514488    0.00000000    1.02949652    1.11414216
B4H905_DROPE/26-92     0.63025406    0.79238533    0.60950642    0.78676465    0.59658723    1.13956469    1.67930031    1.86347076    2.08098561    1.65107263    2.17798987    2.57183203    2.05054584    2.03848454    1.76410771    1.63328269    1.58520419    1.58254276    1.18074537    0.77847887    1.00767008    0.85071205    0.94962965    1.02949652    0.00000000    0.44710725
Q2M1E1_DROPS/33-100     0.69425546    0.60092491    0.57746152    0.83271681    0.82162467    1.00088256    1.74929490    2.06475046    1.81706190    1.52093550    2.03263369    2.17258785    2.00087440    1.84194801    1.77242762    1.74924245    1.62541244    1.83155581    1.31865192    0.85714844    1.18144121    0.84933740    1.01674380    1.11414216    0.44710725    0.00000000

