6
O83619_TREPA/490-693     0.00000000    0.80370690    0.77213544    0.96609560    1.33813875    1.32275417
O83994_TREPA/317-514     0.80370690    0.00000000    0.47858923    0.86658100    1.25904166    1.26263039
O88138_TREPA/400-598     0.77213544    0.47858923    0.00000000    0.76678930    1.29770980    1.43114561
F7IWA5_TREPA/555-758     0.96609560    0.86658100    0.76678930    0.00000000    1.46939043    1.27124524
O83055_TREPA/436-660     1.33813875    1.25904166    1.29770980    1.46939043    0.00000000    1.39033242
O83867_TREPA/319-505     1.32275417    1.26263039    1.43114561    1.27124524    1.39033242    0.00000000

