8
DNPEP_YEAST/25-478     0.00000000    0.71222184    0.94295762    0.97288991    2.57622305    1.62009982    1.35029753    1.41693376
DNPEP_SCHPO/15-453     0.71222184    0.00000000    0.85443859    0.97456464    2.52893374    1.42721069    1.36678512    1.47936880
DNPEP_MOUSE/22-460     0.94295762    0.85443859    0.00000000    0.78167567    2.63414053    1.61538694    1.30397852    1.44521692
DNPEP_CAEEL/22-459     0.97288991    0.97456464    0.78167567    0.00000000    2.36922977    1.83739447    1.31637504    1.39305270
APEA_BORBU/28-456     2.57622305    2.52893374    2.63414053    2.36922977    0.00000000    2.76129272    2.87270759    2.63727233
AMPL_YEAST/59-501     1.62009982    1.42721069    1.61538694    1.83739447    2.76129272    0.00000000    1.67744057    1.98749104
APEB_MYCLE/11-421     1.35029753    1.36678512    1.30397852    1.31637504    2.87270759    1.67744057    0.00000000    1.51955849
APEB_BORBU/15-419     1.41693376    1.47936880    1.44521692    1.39305270    2.63727233    1.98749104    1.51955849    0.00000000

