97
LPXK_HYDCU/16-329     0.00000000    1.32854033    1.07720884    1.13976553    1.09967406    1.09183113    1.05187657    1.07423810    1.16549322    1.18456548    1.53843074    1.47020453    1.28781835    1.13803573    1.25977295    1.19115195    1.13448132    1.05677559    1.21613041    1.18338071    1.10464141    1.12632235    1.24123374    1.47187753    1.31563711    1.25648164    1.28175543    1.18069290    1.26606821    1.26116205    1.16786369    1.28419337    1.31338143    1.94293543    1.51870481    1.59793069    1.67552595    1.53936559    1.54487522    1.38195479    1.62948748    1.69823776    1.70568250    1.91389186    1.76823744    1.77308333    1.89086845    1.79372859    1.90413376    1.72997273    1.96061757    1.69958372    1.72767647    1.53201293    1.61085568    1.68549712    1.77340914    1.85188939    1.75787790    1.70659132    1.65995134    1.83599222    1.89547853    1.93069158    1.93928162    1.92683230    1.63151166    1.74412954    2.03950831    1.82618677    1.99150427    2.02158264    2.15691240    2.03156246    1.99989151    1.94529708    2.07190912    2.02735396    2.10427788    2.14695533    1.95321799    2.00867779    2.03018904    2.14986508    2.19132680    2.10281034    2.15146039    2.12447715    2.12380479    2.21996848    2.16426455    1.32206089    1.61233238    1.33087489    1.47835827    1.27786249    1.32720064
LPXK_SACD2/19-354     1.32854033    0.00000000    1.03579656    1.25470682    1.27059027    1.10879209    1.09009153    1.10079737    1.11099901    1.15125448    1.44636533    1.20304025    1.17234382    1.12141089    1.15005566    1.18142058    1.20168322    1.07428547    1.19936085    1.08309718    1.09491636    1.10906922    1.27851990    1.45935118    1.18136986    1.25854584    1.15939992    1.30734177    1.10828474    1.26136600    1.22878816    1.25843515    1.31318258    1.90535804    1.28391180    1.25416876    1.35197956    1.28972574    1.38716190    1.25229748    1.45158260    1.42447194    1.43012357    1.51359656    1.49953422    1.62508938    1.48699014    1.71110660    1.65190884    1.70784657    1.83551528    1.73621104    1.64641476    1.69841567    1.68266324    1.69462240    1.56996388    1.75320323    1.54475881    1.70586135    1.65657706    1.69538991    1.80357810    1.85673519    1.71473405    1.86478703    1.78182965    1.75278303    1.87480258    1.78712300    1.73373932    1.94533433    1.91659154    1.85308336    2.03957999    1.99777514    2.34273455    2.32640034    2.20626654    1.94688383    1.84501370    1.66749110    1.96774294    1.94951484    1.97230594    1.85399316    2.00140818    1.89664812    2.07250636    2.26743788    2.04847856    1.26242276    1.46645689    1.20979677    1.54993925    1.24508136    1.33803447
LPXK_PSET1/15-318     1.07720884    1.03579656    0.00000000    1.06621727    0.97690191    1.02990172    0.90884304    0.99022253    1.13593427    1.11097191    1.20913543    1.25955897    1.14775960    1.05118001    1.11341890    1.17710119    1.16791326    1.03976605    1.10542592    1.16004443    1.12733155    1.18747134    1.14785949    1.27052036    1.16775892    1.20897286    1.13165560    1.23911326    1.21761958    1.15821112    1.12717323    1.20406856    1.23243988    1.67339965    1.27534155    1.41933034    1.42660279    1.44649838    1.55738138    1.34844657    1.47598666    1.34206608    1.41434957    1.65247147    1.57857940    1.65173525    1.66883006    1.61106298    1.93322811    1.67480691    1.97187017    1.85030554    1.68604257    1.75021464    1.66329027    1.71217142    1.60119662    1.87904566    1.74659264    1.67248593    1.64694276    1.64157868    1.93352202    1.93521764    1.74068284    1.77229920    1.81746965    1.70582007    1.78229715    1.65365860    1.68616113    1.69133786    1.80268965    1.68513767    1.92342579    1.57299806    1.81660373    1.62364102    1.77395894    1.66697881    1.68584211    1.73597847    1.83682995    1.81729983    1.73773088    1.63833349    1.93646205    1.81061812    1.86205107    1.95338716    1.85449044    1.40218961    1.73610384    1.30139675    1.52957445    1.15397290    1.13032514
LPXK_AERHH/12-320     1.13976553    1.25470682    1.06621727    0.00000000    0.81769438    0.86411791    0.86769808    0.97747585    1.06068461    0.74344012    1.37999826    1.10844500    0.78068453    0.71128714    0.81735921    0.86119777    0.84685732    0.76582204    1.07167466    1.04937009    0.96125808    1.05494151    1.16147495    1.42333600    1.12106004    1.12598060    1.14110656    1.14176423    1.09718158    1.10005545    0.98722626    1.09062375    1.13323542    1.85048307    1.11510869    1.22796196    1.33088014    1.39411881    1.23528713    1.17521370    1.41463683    1.47593743    1.39016114    1.30282749    1.31738858    1.39801065    1.43819200    1.59427765    1.66594040    1.69067659    1.59027278    1.54834427    1.45756188    1.47995594    1.59506354    1.47617049    1.54221735    1.48286130    1.52578397    1.58970261    1.46681243    1.60031480    1.71644151    1.55760146    1.49197468    1.85823124    1.52864739    1.69219858    1.70620484    1.69743127    1.66293089    1.97729528    2.02676076    1.90694184    1.90798166    1.84809535    1.83980116    1.73339190    1.83329973    1.62916176    1.76561461    1.82549771    1.84243146    1.96966625    2.00983135    1.91182229    2.00490132    2.36837486    2.19150882    2.05454800    2.00877708    1.14033602    1.31435157    1.02095080    1.28958233    1.03017343    1.14163735
LPXK_PSYIN/10-316     1.09967406    1.27059027    0.97690191    0.81769438    0.00000000    0.92016901    0.95900098    0.94098938    1.00095475    0.90886328    1.26687361    1.16224229    1.04700983    0.92757000    0.95240345    0.80806067    0.84713312    0.93062176    1.03892136    0.99558393    0.96148308    0.91079009    1.19322397    1.55019648    1.33243195    1.38194074    1.31090534    1.10551402    1.25902095    1.10389807    0.97615137    1.23322804    1.22591209    1.79820741    1.23749772    1.44312992    1.39882951    1.38023505    1.45110012    1.29962961    1.52657929    1.54606122    1.65352360    1.74663611    1.58808583    1.67882375    1.65981321    1.70810407    1.89322386    1.76511360    1.95448291    1.89250693    1.73235609    1.64633031    1.67120879    1.71157693    1.74670222    1.70274508    1.72878325    1.63537394    1.57465755    1.83057992    1.99410538    1.92236495    1.79300909    2.00905252    1.91380315    1.86802493    1.98749766    1.62087444    1.86525250    1.76014986    1.97919846    1.69251688    1.76458429    1.66088779    1.68342751    1.77057767    1.69877140    1.76426498    1.77119557    1.80491734    1.93758035    2.02254018    1.99031835    1.91475895    2.03095859    1.98259669    2.05318550    1.86941857    1.89748699    1.28462932    1.49133656    1.12529710    1.35131997    1.35037066    1.24090345
LPXK_HAEDU/10-320     1.09183113    1.10879209    1.02990172    0.86411791    0.92016901    0.00000000    0.63996021    0.69437196    0.60299240    0.74281666    1.05717739    0.91764306    0.90778427    0.76582696    0.78775792    0.79955778    0.84323841    0.80519360    1.02554400    1.00262783    0.86793890    0.91383897    1.22795877    1.11751799    1.02877479    1.00417216    1.02262024    1.07804694    1.15800678    1.11252425    1.07002106    1.25257086    1.18608394    1.88679440    1.33409033    1.32390547    1.32656070    1.24338228    1.29582671    1.25410702    1.35941730    1.35992691    1.39974891    1.51165683    1.39989279    1.58219053    1.52188702    1.72576337    1.72897424    1.71133614    1.88954861    1.88985569    1.67546148    1.75701846    1.77935076    1.71807795    1.69377015    1.79672875    1.67792673    1.77288219    1.63402651    1.68273368    1.93485074    1.80638334    1.70468595    1.74436897    1.87319410    1.64175574    1.84925498    1.91614640    1.87222669    1.89910974    1.94237045    1.95880386    1.86835685    1.79886962    1.86287374    1.83194327    1.83047698    1.60779558    1.82042082    1.82876923    1.83080365    1.90861486    1.92013144    1.71939256    2.02981462    1.88141533    2.02954186    1.95350213    1.93771688    1.20889085    1.39042873    1.11296931    1.44096282    1.23947701    1.31289859
LPXK_HAEIN/11-312     1.05187657    1.09009153    0.90884304    0.86769808    0.95900098    0.63996021    0.00000000    0.44006250    0.56121060    0.74752244    1.10023102    0.95728971    0.83572587    0.74141738    0.74256706    0.79751301    0.80003133    0.77028528    0.88688792    0.97015096    0.90391036    0.92655432    0.98149555    1.18169275    0.95658410    0.99526732    0.97969868    1.01855155    0.98200093    1.03814885    0.98463181    1.09562588    1.11012083    1.66872368    1.30623368    1.21007659    1.24950995    1.20052581    1.22489735    1.23611106    1.28558595    1.30419185    1.35283736    1.38952271    1.44259862    1.46703598    1.43389556    1.64130519    1.66059044    1.56002397    1.78428161    1.69117769    1.67439789    1.73129043    1.57801840    1.55202589    1.53717072    1.61695395    1.60621959    1.55583347    1.43749113    1.55953966    1.75980356    1.80575588    1.65752115    1.79958070    1.83571705    1.52754806    1.75142118    1.54955149    1.57668124    1.94486907    1.77188860    1.59145708    1.72721578    1.69355225    1.79137819    1.64962088    1.64351028    1.52670003    1.52266582    1.51057339    1.62698506    1.82713285    1.76246324    1.76292825    1.81114351    1.86626150    1.89310172    1.66214942    1.83539336    1.24316154    1.36445659    1.14140047    1.36467314    1.13710300    1.22649218
LPXK_PASMU/10-319     1.07423810    1.10079737    0.99022253    0.97747585    0.94098938    0.69437196    0.44006250    0.00000000    0.52849366    0.82805219    1.22350207    0.96566796    0.88493273    0.78944743    0.80106490    0.87245917    0.82789787    0.85230462    1.10532574    1.05046358    1.01158253    1.01031902    1.09715895    1.13489569    1.02379137    1.07155870    1.02043496    1.07585069    1.08849270    1.08353411    1.03758361    1.06227155    1.05463890    1.57751468    1.30070564    1.19728623    1.25294324    1.25814433    1.32984972    1.21264275    1.23686126    1.33617668    1.36435703    1.45409902    1.41100689    1.47975746    1.45216466    1.67667693    1.81570754    1.56840811    1.96725462    1.86794058    1.72875554    1.83190094    1.80207601    1.65673456    1.66478069    1.84160614    1.65878829    1.71077377    1.47064240    1.57942170    2.08805230    1.84352445    1.72273557    2.22459934    1.81597298    1.63718905    1.93218217    1.57094902    1.66985549    1.87328787    1.92641830    1.78538720    1.74873258    1.80600407    1.81501152    1.82838148    1.75807092    1.53591676    1.68337294    1.55836536    1.73285526    1.81731396    1.69024447    1.73042063    1.84760849    1.82887600    1.85050609    1.81700685    1.71208420    1.17194424    1.37250834    1.19009206    1.34248507    1.15475166    1.18299126
LPXK_HISS2/14-320     1.16549322    1.11099901    1.13593427    1.06068461    1.00095475    0.60299240    0.56121060    0.52849366    0.00000000    0.86087782    1.16159690    0.97943556    0.98951298    0.85294093    0.91717216    0.92250852    0.93427874    0.92516729    1.03369093    1.15488922    1.10313687    1.07473744    1.16045483    1.29891403    1.09511214    1.01641052    1.08528731    1.14410047    1.11375192    1.14542044    1.04865737    1.16195993    1.15885369    1.76415632    1.43320432    1.35742161    1.31897914    1.25783361    1.41994146    1.45375683    1.31916950    1.36687995    1.45030924    1.43517201    1.42620607    1.58275062    1.48809048    1.81000648    1.82500966    1.65125040    2.01451056    1.96879378    1.82102574    1.87703101    1.85339236    1.66858013    1.70083449    1.77769217    1.79407032    1.81169626    1.59774732    1.72521273    2.15305306    1.83219491    1.75016226    2.21409284    1.86158682    1.62042548    1.91542197    1.79507910    1.95283417    1.95584191    1.94589412    1.86593162    2.02890081    1.85567199    1.97007211    1.88441963    1.82067871    1.70937619    1.84356730    1.65705017    1.77596207    1.85824589    1.82514201    1.92151059    2.09693825    2.07136590    2.16994140    2.01331381    1.86374186    1.23864003    1.57285921    1.22053865    1.41925028    1.21026732    1.24481898
LPXK_PECAS/12-322     1.18456548    1.15125448    1.11097191    0.74344012    0.90886328    0.74281666    0.74752244    0.82805219    0.86087782    0.00000000    1.03030435    0.76441617    0.47572257    0.39959757    0.48340565    0.70343483    0.68000501    0.67225793    1.11981696    0.95011707    0.92361992    0.96405314    1.02574401    1.24875166    1.06360321    1.02540663    1.02096934    1.13543750    1.10360817    1.03291288    1.07355763    1.23503064    1.13430318    1.96838658    1.13028649    1.19180612    1.43140154    1.33454360    1.19765975    1.06596119    1.27202549    1.28594218    1.38180670    1.32442575    1.25185638    1.34162315    1.50371343    1.74975471    1.74287435    1.55493993    1.75882130    1.55268811    1.47521198    1.57355979    1.62805020    1.44379042    1.57162531    1.57272279    1.49494133    1.49013188    1.34988117    1.52660439    1.76641256    1.72850357    1.59877158    1.83343731    1.66836777    1.52961149    1.49979495    1.70166555    1.69340583    1.74648350    1.99628274    1.73048041    1.77934199    1.68573364    1.79185708    1.83612283    1.77077993    1.53880163    1.69104138    1.68530692    1.66045433    1.76303085    1.96931847    1.73487328    2.00155535    2.12253399    2.09390882    1.90537973    1.96250655    1.13094726    1.22290829    0.92776563    1.18417451    1.15116102    1.17408240
LPXK_WIGBR/35-344     1.53843074    1.44636533    1.20913543    1.37999826    1.26687361    1.05717739    1.10023102    1.22350207    1.16159690    1.03030435    0.00000000    0.83665096    1.21030604    1.12676429    1.08038540    1.26707528    1.21943061    1.19270895    1.44280402    1.38061871    1.38237399    1.25933283    1.38978990    1.46066324    1.61450910    1.57307230    1.57667901    1.63524572    1.28859228    1.44892457    1.43553197    1.68018398    1.63029722    2.05839643    1.55359740    1.70556264    1.85108032    1.75559582    1.67461963    1.61320577    1.57739037    1.70822731    1.70081622    1.86093313    1.76943968    1.74746970    1.90307188    1.98445441    2.02784701    1.90051812    2.29220859    2.05147493    2.13232334    2.11460685    2.02747849    2.10133231    2.04452831    2.18976293    1.96663288    2.03908797    2.03203698    2.20986007    2.19286685    2.19541477    2.13806230    2.17643399    2.29317324    1.82495734    2.22159963    2.01370766    2.38717521    2.17258849    2.13554275    1.95025625    1.91693169    2.07356197    2.11760378    2.07923792    2.08017304    1.90371551    1.96750758    1.91471960    1.99100681    2.16423997    1.99052333    1.89657909    1.96263401    1.80561519    1.93838900    1.77536321    2.07488043    1.68514384    1.79522394    1.60535503    1.60367982    1.70505710    1.68803843
LPXK_BLOFL/12-324     1.47020453    1.20304025    1.25955897    1.10844500    1.16224229    0.91764306    0.95728971    0.96566796    0.97943556    0.76441617    0.83665096    0.00000000    0.88264421    0.76953476    0.80737921    1.04995938    1.03157311    0.95109263    1.29911987    1.18574615    1.14794186    1.09512349    1.29721816    1.34105007    1.21753487    1.22040430    1.24598817    1.34801992    1.36089299    1.27841701    1.17764767    1.38741925    1.42120432    1.94808629    1.35583714    1.39924125    1.62885553    1.47198769    1.46721312    1.31026257    1.58305100    1.64660724    1.67884486    1.58943027    1.46053231    1.61932578    1.78362748    1.77817877    1.88359215    1.69051827    2.02320740    1.97943655    1.76820381    1.90234572    1.87620468    1.83760430    1.77890367    1.89704866    1.70321389    1.89649660    1.73652687    1.86791319    1.89611697    1.99576523    1.70295487    2.11770242    2.01977034    1.53693317    1.88791454    1.82539589    2.01827430    2.03445177    2.00007111    1.91312678    1.97879533    1.83462352    2.10781150    2.02306508    2.06640193    1.61396356    1.82976840    1.79444117    1.96320546    1.96188445    2.05183435    1.83886083    2.09988687    1.88127773    1.93418171    1.82234410    2.12725345    1.51448745    1.53376319    1.26025136    1.43734446    1.36055016    1.33280045
LPXK_SALTY/13-319     1.28781835    1.17234382    1.14775960    0.78068453    1.04700983    0.90778427    0.83572587    0.88493273    0.98951298    0.47572257    1.21030604    0.88264421    0.00000000    0.42318663    0.54097677    0.68512771    0.75316256    0.68332275    1.22566213    0.96127391    0.97306152    0.97305801    1.18609941    1.22201740    1.07146887    1.03397374    1.07570527    1.22611448    1.08787664    1.15291042    1.04773354    1.22276551    1.08583439    1.78817354    1.14950137    1.15430478    1.30676444    1.21758881    1.17180526    1.05616192    1.38331073    1.28446228    1.40253680    1.29137264    1.30758965    1.38844140    1.43704239    1.56312528    1.72659803    1.50536135    1.71790143    1.62701093    1.61898123    1.54884515    1.60545865    1.36016481    1.44439802    1.43328614    1.40633589    1.39150063    1.31844611    1.48281387    1.57988145    1.59693668    1.52738242    1.65675746    1.52880933    1.59195769    1.57364879    1.74660149    1.64187961    1.73562660    1.87323190    1.71058771    1.84975262    1.78634263    2.05479484    1.90285822    2.01965401    1.54176942    1.66375134    1.69525789    1.90552713    1.83852547    1.83584812    1.77955232    1.95415843    2.01574955    2.09551886    1.99342897    2.14527003    1.06144149    1.28201159    0.99947124    1.33540008    1.12347310    1.26429375
LPXK_YERPE/13-317     1.13803573    1.12141089    1.05118001    0.71128714    0.92757000    0.76582696    0.74141738    0.78944743    0.85294093    0.39959757    1.12676429    0.76953476    0.42318663    0.00000000    0.47358636    0.71030100    0.67153655    0.70411219    1.05572109    0.90291342    0.97492531    0.92335362    1.09917229    1.19662593    1.04100563    0.93734665    1.03202656    1.08972293    1.12850815    1.12713816    0.94318466    1.14522047    1.05065939    1.86958847    1.19133751    1.25833356    1.41531392    1.34444104    1.17993741    1.09998767    1.38178391    1.28301410    1.31565804    1.15386796    1.24519591    1.33652153    1.45207930    1.63835237    1.74166920    1.60119585    1.81642123    1.67192381    1.68363210    1.65418696    1.72957394    1.45167673    1.56868347    1.63572115    1.47245337    1.57841530    1.44925189    1.56952355    1.73244770    1.63962218    1.65038577    1.67806638    1.74959773    1.66204142    1.71054252    1.74255484    1.61057273    1.74488282    1.96305537    1.84265841    1.71749690    1.79315156    1.88159294    1.78025306    1.77506537    1.48918702    1.73240280    1.58655789    1.80370122    1.98285377    1.91062411    1.86257286    1.88682007    2.09369553    2.05449102    1.87787331    2.10681424    1.23592809    1.26567169    0.92495835    1.29744139    1.10607977    1.16309329
LPXK_PHOLL/12-321     1.25977295    1.15005566    1.11341890    0.81735921    0.95240345    0.78775792    0.74256706    0.80106490    0.91717216    0.48340565    1.08038540    0.80737921    0.54097677    0.47358636    0.00000000    0.64554443    0.72747693    0.70269818    1.15640924    0.95768009    1.02386752    0.93158350    1.15559826    1.41364147    1.10201388    1.09956263    1.12995301    1.21987007    1.14647196    1.10213704    1.03515686    1.18327654    1.12991541    1.84881252    1.17040803    1.25975140    1.41191881    1.36750988    1.27816069    1.13898179    1.36226291    1.33563505    1.35336860    1.35727784    1.38372868    1.42585669    1.64164088    1.59646167    1.64778568    1.51500941    1.74439227    1.63633059    1.54457462    1.61618379    1.75612033    1.39867519    1.65844917    1.58749429    1.47520853    1.43418831    1.33382084    1.44137677    1.76954995    1.72094763    1.53699438    1.67635835    1.71365568    1.63693313    1.58329821    1.68124612    1.61726183    1.77755105    2.02949244    1.71015137    1.68849725    1.71866853    1.94188145    1.83573677    1.73668871    1.57283703    1.64367976    1.66912105    1.62056312    1.93644273    1.90576645    1.57483084    1.91904342    2.03916827    2.10425775    1.81409547    2.03609172    1.32887930    1.35584847    0.99136206    1.31602148    1.12958302    1.22884217
LPXK_VIBCH/18-324     1.19115195    1.18142058    1.17710119    0.86119777    0.80806067    0.79955778    0.79751301    0.87245917    0.92250852    0.70343483    1.26707528    1.04995938    0.68512771    0.71030100    0.64554443    0.00000000    0.51011411    0.51899032    1.07894414    0.96313643    0.93249982    0.89637006    1.18197865    1.35130882    1.07217980    0.99442986    0.99663990    1.17892863    1.13782581    1.09847388    1.11879908    1.08977998    1.04022833    1.89337762    1.31341362    1.18812328    1.26373990    1.17402627    1.11463523    1.04753848    1.34013958    1.32013761    1.38154807    1.45225801    1.47489643    1.52594342    1.56620526    1.61880337    1.67094046    1.61431735    1.72643310    1.69729764    1.58843772    1.60542959    1.63729852    1.40583055    1.52980279    1.54693309    1.45760662    1.46974623    1.36337744    1.46992553    1.70674801    1.73635625    1.57198581    1.67241469    1.60862464    1.57097320    1.72044252    1.57489344    1.58029359    1.77235661    1.77963656    1.94311057    1.83320467    1.75895250    1.78830956    1.77155646    1.79764374    1.48493404    1.75641695    1.70752526    1.84021598    1.94841884    1.83889911    1.98145162    1.88671890    1.90086837    1.96347381    2.11615138    1.96982788    1.26119480    1.29647844    1.07436848    1.31770981    1.21696114    1.27130688
LPXK_ALIF1/16-324     1.13448132    1.20168322    1.16791326    0.84685732    0.84713312    0.84323841    0.80003133    0.82789787    0.93427874    0.68000501    1.21943061    1.03157311    0.75316256    0.67153655    0.72747693    0.51011411    0.00000000    0.45004160    1.13054936    1.12542601    1.05020186    1.03630467    1.18487005    1.30010419    1.07717368    1.07503430    1.09097438    1.19380694    1.21273517    1.22284929    1.18826358    1.27008803    1.16242449    1.93962316    1.44342004    1.33209094    1.59781906    1.48150926    1.34025280    1.23438271    1.48307167    1.48481416    1.51933674    1.66786138    1.69037752    1.69441017    1.72397860    1.58692085    1.67393146    1.53036865    1.73907532    1.69373117    1.73922505    1.73740362    1.66210160    1.52004170    1.58818635    1.63508222    1.46884028    1.63342851    1.47523035    1.52386768    1.61932846    1.73742475    1.50053462    1.85134405    1.68385488    1.58596261    1.81559357    1.69692716    1.77378859    1.98750543    2.01085779    1.96679369    1.86775420    1.77217573    1.79791283    1.86261765    1.80506220    1.63540349    1.71781319    1.79895567    1.89051474    1.85549024    1.96390712    1.78273893    2.00671736    1.91886559    2.04969178    1.98635364    1.89880946    1.30325272    1.31572015    1.16091473    1.31412487    1.36679050    1.30276000
LPXK_PHOPR/27-330     1.05677559    1.07428547    1.03976605    0.76582204    0.93062176    0.80519360    0.77028528    0.85230462    0.92516729    0.67225793    1.19270895    0.95109263    0.68332275    0.70411219    0.70269818    0.51899032    0.45004160    0.00000000    1.01641676    0.91770781    0.88686923    0.87413812    1.09300543    1.26363144    1.02456652    0.96928449    0.92550863    1.11624094    1.06638751    1.13687747    1.02863259    1.13562782    1.06400606    1.96612669    1.34654597    1.25916436    1.32982084    1.26908851    1.18167258    1.01136945    1.39137222    1.33558439    1.40940522    1.37211259    1.43568455    1.53141369    1.46515596    1.65465587    1.54472558    1.59138427    1.64446996    1.66513039    1.59516818    1.58624315    1.56441948    1.48448184    1.46951136    1.54122549    1.50386696    1.56669079    1.40265841    1.40282887    1.65276072    1.63693978    1.50171225    1.77563987    1.70234227    1.63274506    1.67846975    1.69190149    1.69984320    1.84007217    1.83099941    1.87694931    1.69342723    1.84481803    1.80015564    1.83380159    1.88650071    1.68502081    1.83550793    1.72157732    1.85639997    1.79933063    1.71573696    1.93815949    2.07806548    2.03916192    1.97782430    2.00850324    2.14154562    1.23044497    1.34850466    1.04228846    1.27788731    1.12788903    1.15802867
LPXK_IDILO/15-322     1.21613041    1.19936085    1.10542592    1.07167466    1.03892136    1.02554400    0.88688792    1.10532574    1.03369093    1.11981696    1.44280402    1.29911987    1.22566213    1.05572109    1.15640924    1.07894414    1.13054936    1.01641676    0.00000000    0.94599804    1.10754743    1.03328422    1.18318261    1.40657237    1.25796763    1.16779218    1.13234315    1.24304336    1.06200101    1.17287815    1.04161092    1.18993047    1.18366428    1.78741673    1.27004733    1.20832258    1.41105944    1.34173596    1.28431951    1.28570464    1.44888344    1.37458141    1.37710063    1.43369786    1.31963360    1.37744462    1.67356779    1.68808047    1.68179035    1.57782946    1.83848319    1.62249426    1.64293353    1.53725372    1.59659175    1.66208335    1.72991990    1.85518622    1.58147048    1.65798765    1.62792270    1.71549973    1.93947257    1.76107816    1.72520468    1.89051178    1.83103237    1.64007665    1.81660341    1.57854093    1.62997794    1.76439901    1.62256885    1.65651863    1.67664520    1.74846103    1.91621482    1.84766655    1.75225102    1.71118541    1.57980022    1.70748231    1.74165302    2.02256052    1.95628155    2.01257345    1.99294494    2.07379600    2.18071580    1.80406009    1.93777167    1.27952250    1.45976684    1.12707189    1.35711170    1.22583662    1.21874160
LPXK_SHEAM/15-336     1.18338071    1.08309718    1.16004443    1.04937009    0.99558393    1.00262783    0.97015096    1.05046358    1.15488922    0.95011707    1.38061871    1.18574615    0.96127391    0.90291342    0.95768009    0.96313643    1.12542601    0.91770781    0.94599804    0.00000000    0.81267911    0.66537060    1.09363241    1.42273410    1.03221752    1.05252492    1.00661434    1.21420266    1.20678587    1.02955254    0.93847938    1.03707028    1.02092384    1.80142635    1.35172219    1.25733323    1.34597114    1.26102990    1.27682860    1.24822010    1.31805412    1.17722126    1.22130767    1.25368620    1.10668097    1.20555581    1.38321827    1.75000157    1.62872128    1.59067869    1.75856358    1.52777043    1.49753499    1.54611819    1.55142170    1.55985954    1.57496728    1.68200968    1.59029784    1.52207542    1.48441015    1.66248852    1.60386147    1.89065087    1.60328029    1.83628501    1.84987993    1.73028224    1.76826957    1.61837123    1.71796446    1.78647265    1.92862656    1.69278594    1.72959800    1.71617840    1.96795252    2.01838569    1.94304503    1.78562622    1.65942651    1.77547903    1.65891817    2.01109121    2.06447273    1.86779643    1.87976830    2.00294912    1.87645744    2.03269407    2.13906798    1.07318988    1.42859555    0.97917085    1.32218813    1.13706674    1.18136608
LPXK_SHEDO/15-324     1.10464141    1.09491636    1.12733155    0.96125808    0.96148308    0.86793890    0.90391036    1.01158253    1.10313687    0.92361992    1.38237399    1.14794186    0.97306152    0.97492531    1.02386752    0.93249982    1.05020186    0.88686923    1.10754743    0.81267911    0.00000000    0.54401822    1.12427157    1.46701644    1.13232243    1.21006395    1.08599865    1.28774621    1.15449443    1.13843646    1.06580361    1.20961850    1.14604390    1.90300269    1.21210553    1.30328270    1.35677655    1.35003721    1.32059971    1.15812922    1.42255342    1.48464599    1.49345065    1.60752022    1.44267400    1.51476144    1.59481340    1.64099322    1.62992014    1.68221078    1.89658261    1.54760705    1.43004669    1.55407115    1.49828261    1.43304394    1.42103805    1.50096666    1.53637060    1.43891487    1.39759795    1.59300978    1.85082844    1.98787020    1.72815436    1.65796395    1.73733221    1.79097652    1.64838400    1.60494732    1.78026858    1.82233527    1.92302358    1.77524102    1.73375248    1.69036045    1.94205806    1.91736892    1.88644290    1.76560853    1.67929215    1.77737765    1.77920582    1.98312687    2.16534022    2.01215344    1.89914870    1.98674822    1.93877342    1.97553759    2.10698934    1.22057767    1.40646884    1.14935608    1.39409885    1.22643861    1.31322703
LPXK_SHEFN/15-322     1.12632235    1.10906922    1.18747134    1.05494151    0.91079009    0.91383897    0.92655432    1.01031902    1.07473744    0.96405314    1.25933283    1.09512349    0.97305801    0.92335362    0.93158350    0.89637006    1.03630467    0.87413812    1.03328422    0.66537060    0.54401822    0.00000000    1.12134399    1.36957228    1.22203250    1.16519235    1.17284083    1.23027193    1.11498935    1.03060692    1.02626006    1.16750443    1.06531697    1.88351294    1.32457910    1.31659186    1.36705158    1.31158750    1.29900518    1.22223224    1.35233840    1.42382165    1.47623070    1.55953457    1.45207508    1.44768576    1.44337117    1.63671339    1.72525007    1.69914975    1.80882661    1.63667238    1.47523787    1.53972179    1.64677761    1.63148744    1.50869211    1.64997195    1.61288149    1.60154735    1.54268056    1.65224335    1.78133483    1.98873017    1.59441271    1.75539813    1.76818615    1.72667062    1.75201760    1.61251717    1.73617475    1.58991665    1.80984830    1.69378226    1.61147138    1.58010251    1.82326371    1.88287509    1.82591000    1.78154918    1.71941623    1.65888464    1.77232546    1.80246806    2.15058516    1.75653875    1.81984656    1.85166877    1.85527010    1.88828643    2.05780766    1.26238985    1.31709473    1.07058344    1.39899529    1.32016723    1.18264045
LPXK_HAHCH/15-329     1.24123374    1.27851990    1.14785949    1.16147495    1.19322397    1.22795877    0.98149555    1.09715895    1.16045483    1.02574401    1.38978990    1.29721816    1.18609941    1.09917229    1.15559826    1.18197865    1.18487005    1.09300543    1.18318261    1.09363241    1.12427157    1.12134399    0.00000000    1.15588522    1.04129668    1.09907925    1.09875893    1.10216545    1.08009936    1.02862696    0.98801953    1.15257678    1.15820745    1.64124124    1.31323763    1.35716786    1.38788871    1.32379059    1.23873094    1.15607401    1.28818915    1.34513387    1.36060604    1.31226791    1.34950831    1.41568030    1.32717247    1.56761879    1.72709526    1.51244032    1.92933451    1.68396510    1.70501493    1.70318211    1.77949536    1.56282393    1.58195784    1.70946816    1.74797640    1.56434737    1.52077738    1.69046169    1.62652168    1.85095237    1.80539069    1.93394208    1.84615472    1.68748540    1.82137645    1.74813431    1.79317393    1.93782688    1.94867694    1.92842191    2.04862264    1.84683087    1.85206361    1.87255097    1.91972320    1.83825381    1.84873826    1.74742077    1.92595707    2.05916075    1.96924572    1.89959634    1.98843381    1.99466874    1.89985641    2.06702514    2.09278731    1.20746314    1.48255654    1.06985614    1.33912273    1.03092568    1.16024805
Q6F9X1_ACIAD/17-329     1.47187753    1.45935118    1.27052036    1.42333600    1.55019648    1.11751799    1.18169275    1.13489569    1.29891403    1.24875166    1.46066324    1.34105007    1.22201740    1.19662593    1.41364147    1.35130882    1.30010419    1.26363144    1.40657237    1.42273410    1.46701644    1.36957228    1.15588522    0.00000000    1.29449679    1.16847913    1.22293426    1.31944499    1.32564811    1.31683224    1.37791910    1.52123323    1.40266582    1.85988688    1.50108241    1.38232840    1.60361852    1.43815060    1.54715306    1.44754387    1.56856907    1.63158501    1.58517370    1.62880786    1.67194176    1.53566887    1.68737928    1.92562348    1.90174288    1.82202854    2.19408254    2.01782149    2.12268557    2.03554972    1.93791497    1.90262335    1.85090185    1.88311015    2.02115303    1.99899398    1.72795917    1.66175199    1.84550080    2.07881612    1.86235255    2.10070072    1.99397012    1.69866627    1.90993224    1.79853735    1.85752606    1.94419751    1.95487344    1.81687038    1.94084797    2.05275022    1.94246654    2.10166982    1.97622991    1.84200161    1.84900820    1.80104756    1.95829614    2.10265285    1.80687370    2.01062551    2.09074531    1.93111787    1.90628261    1.99086409    1.96522531    1.27931741    1.57435219    1.54008944    1.62064737    1.21975769    1.38400398
LPXK_PSEAE/19-326     1.31563711    1.18136986    1.16775892    1.12106004    1.33243195    1.02877479    0.95658410    1.02379137    1.09511214    1.06360321    1.61450910    1.21753487    1.07146887    1.04100563    1.10201388    1.07217980    1.07717368    1.02456652    1.25796763    1.03221752    1.13232243    1.22203250    1.04129668    1.29449679    0.00000000    0.27434277    0.35192618    1.00746022    1.26239422    1.13669739    1.17863731    1.15324621    1.20815667    1.93573752    1.24942560    1.33221794    1.45927325    1.40458075    1.21955081    1.15098317    1.44011630    1.45484953    1.43694746    1.30403098    1.41436209    1.45403936    1.39196847    1.60735448    1.60769981    1.53561317    1.81447709    1.66120692    1.65544365    1.55706209    1.57394298    1.52463614    1.48253657    1.56722804    1.73852383    1.57066009    1.46298502    1.60163643    1.67496763    1.69052539    1.62545156    1.77390029    1.75892605    1.74032902    1.70391971    1.81935413    1.55949584    1.75481626    2.06192731    1.97760356    1.86836406    1.88306736    2.04646573    2.03892319    1.96432692    1.61260722    1.74714219    1.76511096    2.01330861    2.07323098    1.75614988    2.08553172    1.94296193    2.28777004    2.09145665    2.07868232    2.00523769    1.11184020    1.39748257    1.19714276    1.22557123    0.92123294    1.10751622
LPXK_PSEMY/17-327     1.25648164    1.25854584    1.20897286    1.12598060    1.38194074    1.00417216    0.99526732    1.07155870    1.01641052    1.02540663    1.57307230    1.22040430    1.03397374    0.93734665    1.09956263    0.99442986    1.07503430    0.96928449    1.16779218    1.05252492    1.21006395    1.16519235    1.09907925    1.16847913    0.27434277    0.00000000    0.26980075    0.98637286    1.17374510    1.20367608    1.19078460    1.15355485    1.18613757    1.95653424    1.30545117    1.37202335    1.51441431    1.47417840    1.24058795    1.15985186    1.44373331    1.41213488    1.40412307    1.34183289    1.41441215    1.53082623    1.48839525    1.60576647    1.72495848    1.60912593    1.83731724    1.76601343    1.82045032    1.74406233    1.76933619    1.52438723    1.49740966    1.55015896    1.67973655    1.54930813    1.51758621    1.56133247    1.70612140    1.65791363    1.62912634    1.79578927    1.68501643    1.67194716    1.65758863    1.80988364    1.76693156    1.86456863    2.12515148    2.01998846    1.85550535    2.01295992    2.10085431    2.02690109    1.87418464    1.65781948    1.75575322    1.75538444    1.95477137    2.08516995    1.67102671    2.10426752    2.03455914    2.32928874    2.21099188    2.14903716    2.00582770    1.18869003    1.47212303    1.19069126    1.31075109    0.95765214    1.17303957
LPXK_PSEPK/17-327     1.28175543    1.15939992    1.13165560    1.14110656    1.31090534    1.02262024    0.97969868    1.02043496    1.08528731    1.02096934    1.57667901    1.24598817    1.07570527    1.03202656    1.12995301    0.99663990    1.09097438    0.92550863    1.13234315    1.00661434    1.08599865    1.17284083    1.09875893    1.22293426    0.35192618    0.26980075    0.00000000    1.04782687    1.10384981    1.13270025    1.14667923    1.19668996    1.20170986    1.85571899    1.28928116    1.30789877    1.39929443    1.34145459    1.31339081    1.18199977    1.40597479    1.41627453    1.42203507    1.39441259    1.37146954    1.46659705    1.50835122    1.60484754    1.78877948    1.59497628    1.82437032    1.72492791    1.73398644    1.63170225    1.63244665    1.46575718    1.45483860    1.57635674    1.62349201    1.53141629    1.41802420    1.46285835    1.66371505    1.71877956    1.57459812    1.75611866    1.68243331    1.64223351    1.57807364    1.70582259    1.72130394    1.78820934    2.01111659    1.94912224    1.82105654    1.84080972    2.01644330    1.97246666    1.91962375    1.66088409    1.79635149    1.63200111    1.96502357    2.03174330    1.64812809    2.02913043    1.88771638    2.10063032    2.01275582    2.07633168    2.01302131    1.21499574    1.45257109    1.23071268    1.22576612    0.98902833    1.13339571
LPXK_ALCBS/18-324     1.18069290    1.30734177    1.23911326    1.14176423    1.10551402    1.07804694    1.01855155    1.07585069    1.14410047    1.13543750    1.63524572    1.34801992    1.22611448    1.08972293    1.21987007    1.17892863    1.19380694    1.11624094    1.24304336    1.21420266    1.28774621    1.23027193    1.10216545    1.31944499    1.00746022    0.98637286    1.04782687    0.00000000    1.07995285    1.06963549    1.06264193    1.11437793    1.14663041    1.85059331    1.27875406    1.35483259    1.38454226    1.33622079    1.30293541    1.18997401    1.47271416    1.43279533    1.53058518    1.54277718    1.45985357    1.69347567    1.62393724    1.58148306    1.89292087    1.62901864    1.84872835    1.69510301    1.69463103    1.64638090    1.79154487    1.55654188    1.67525969    1.84794482    1.65157232    1.69550012    1.54310627    1.64189642    1.87353520    1.87569627    1.75343378    1.90827914    1.76217114    1.71732389    1.95072686    1.63044560    1.84127954    1.87350309    2.17390493    1.88279738    1.95573953    1.85904954    2.01368247    1.98123344    2.08656451    1.80129777    1.88931056    1.89987249    1.94606055    2.25972759    1.95084684    2.10514584    1.77018326    2.47545725    2.15502298    2.10480695    2.21768811    1.18762009    1.46197574    1.13435917    1.26741063    1.02232172    1.14621497
LPXK_LEGPH/15-318     1.26606821    1.10828474    1.21761958    1.09718158    1.25902095    1.15800678    0.98200093    1.08849270    1.11375192    1.10360817    1.28859228    1.36089299    1.08787664    1.12850815    1.14647196    1.13782581    1.21273517    1.06638751    1.06200101    1.20678587    1.15449443    1.11498935    1.08009936    1.32564811    1.26239422    1.17374510    1.10384981    1.07995285    0.00000000    1.13536128    1.11754715    1.37874804    1.34214703    1.65836299    1.22620143    1.31721997    1.32909865    1.28288519    1.35042126    1.32977368    1.39519878    1.41582372    1.43416291    1.55151905    1.51266518    1.51093040    1.47786383    1.59273512    1.57366514    1.42598448    1.90208511    1.67749630    1.73969303    1.65157677    1.72950665    1.53428498    1.68491714    1.84122821    1.73414430    1.57707534    1.53302911    1.68944031    1.95908858    1.69478894    1.69130489    1.86739778    1.82937814    1.71494748    1.80173218    1.61730190    1.76037315    1.85874105    1.83515452    1.62200349    1.72762439    1.91832629    1.93402228    1.80417471    1.82136104    1.80652444    1.77215604    1.65859866    1.84953838    1.86464823    1.77940717    2.00080848    1.78206746    2.00189522    1.88344086    1.81476322    2.01216032    1.15199149    1.34136467    1.14779498    1.27863395    1.13309640    1.36186271
