27
G3UYD0_MOUSE/112-186     0.00000000    0.36879343    0.37566978    0.26527036    0.54953779    0.89330657    0.86625369    0.88993299    0.80242166    0.92514781    1.88373999    1.46166461    1.36874551    1.27584520    1.15963881    1.43666179    1.23605300    1.39002818    1.43873168    1.28515610    1.53811141    1.64943574    1.51103537    1.44085481    0.43669128    0.42583118    0.42988973
H0W2Y5_CAVPO/176-250     0.36879343    0.00000000    0.32791829    0.48942127    0.78091683    1.01139286    0.96280686    1.01464214    0.98825860    1.08702353    1.82440969    1.53397718    1.38554465    1.50888255    1.54421766    1.49156655    1.38093059    1.36904139    1.53547997    1.33463147    1.50770501    1.66780103    1.51802228    1.45693877    0.67296942    0.67270196    0.54134620
GT2D2_MOUSE/104-178     0.37566978    0.32791829    0.00000000    0.54598353    0.73098450    1.11959966    1.07648122    1.02487161    1.02661654    1.22807840    1.59719170    1.51989823    1.48411867    1.45854049    1.45650533    1.67587965    1.41044293    1.40136748    1.52397151    1.55820198    1.61284537    1.70909663    1.72552744    1.66953206    0.60437004    0.66424839    0.54429017
H3BGF8_LATCH/30-104     0.26527036    0.48942127    0.54598353    0.00000000    0.38637474    0.84483556    0.77688927    0.75220079    0.82833069    0.92449628    1.94911848    1.26318989    1.09363611    1.26229210    1.16169018    1.47107197    1.17500527    1.30024228    1.17546262    1.23734091    1.37092304    1.49851283    1.54070400    1.38984241    0.55235171    0.45304302    0.47262071
W5M2H8_LEPOC/109-183     0.54953779    0.78091683    0.73098450    0.38637474    0.00000000    0.69899261    0.71065464    0.82524110    0.93637021    1.14968574    2.02571882    1.29262559    1.27157215    1.16338690    1.17333118    1.34168832    1.16913934    1.29283498    1.13500037    1.23694250    1.47976042    1.48309607    1.65308585    1.34662452    0.59539613    0.64042698    0.63563438
H2MKG9_ORYLA/135-209     0.89330657    1.01139286    1.11959966    0.84483556    0.69899261    0.00000000    0.26942084    0.41540452    0.44633772    0.62977434    1.68041934    1.15632362    1.30910534    1.48241000    1.36085399    1.21878314    1.37160975    1.29307131    1.32546565    1.38442177    1.41040192    1.52837537    1.88824483    1.59335925    0.94546131    0.87290299    0.85567621
W5M2F8_LEPOC/135-209     0.86625369    0.96280686    1.07648122    0.77688927    0.71065464    0.26942084    0.00000000    0.35508457    0.39131947    0.59114908    1.56202288    1.05841064    1.16911733    1.31280910    1.27281475    1.15189286    1.31018211    1.14214276    1.25304375    1.41057478    1.24757222    1.48282451    1.64279659    1.41725678    0.95490210    0.93853947    0.89427628
H3BGC9_LATCH/125-199     0.88993299    1.01464214    1.02487161    0.75220079    0.82524110    0.41540452    0.35508457    0.00000000    0.27766872    0.46081234    1.79701831    1.13508662    1.31657560    1.33935943    1.27118177    1.18159172    1.15470964    1.05308567    1.28832569    1.38610640    1.25266464    1.40030768    1.60342537    1.50149636    0.97202877    0.99762968    1.01504467
K7DZD1_MONDO/152-226     0.80242166    0.98825860    1.02661654    0.82833069    0.93637021    0.44633772    0.39131947    0.27766872    0.00000000    0.26882995    1.51163867    1.20470163    1.34109910    1.30743373    1.31013987    1.13504014    1.18590059    1.18457806    1.33582350    1.36205345    1.27366502    1.45491650    1.62568268    1.52315530    0.93543666    1.03188388    1.00313428
Q6PD35_MOUSE/128-202     0.92514781    1.08702353    1.22807840    0.92449628    1.14968574    0.62977434    0.59114908    0.46081234    0.26882995    0.00000000    1.61360514    1.45374674    1.65562489    1.61033788    1.50922649    1.31149685    1.37617698    1.37396091    1.61265985    1.59447849    1.44482429    1.63299668    1.80617302    1.64527441    1.07618121    1.17054509    1.23441338
F1QV83_DANRE/214-285     1.88373999    1.82440969    1.59719170    1.94911848    2.02571882    1.68041934    1.56202288    1.79701831    1.51163867    1.61360514    0.00000000    1.22697061    1.32853685    1.77365897    1.71917560    1.45749850    1.52318378    1.59623616    1.63649694    1.59457808    1.41638843    1.69449827    1.84523612    1.69803793    1.96575390    1.75193322    1.58410872
G3QCE2_GASAC/824-898     1.46166461    1.53397718    1.51989823    1.26318989    1.29262559    1.15632362    1.05841064    1.13508662    1.20470163    1.45374674    1.22697061    0.00000000    0.28554884    1.11119077    0.94719923    1.22689386    0.95427782    1.02873240    1.20968272    0.96303996    1.04982814    1.15950753    1.13775002    1.01402968    1.43441038    1.35348173    1.59002475
W5M2F8_LEPOC/827-901     1.36874551    1.38554465    1.48411867    1.09363611    1.27157215    1.30910534    1.16911733    1.31657560    1.34109910    1.65562489    1.32853685    0.28554884    0.00000000    1.29282309    1.17941051    1.23285529    1.01405317    1.10255866    1.25373991    0.87665424    0.98958975    0.94410353    0.98361517    0.84862786    1.34218584    1.25284380    1.41133081
H0YZX0_TAEGU/878-952     1.27584520    1.50888255    1.45854049    1.26229210    1.16338690    1.48241000    1.31280910    1.33935943    1.30743373    1.61033788    1.77365897    1.11119077    1.29282309    0.00000000    0.25763782    0.87634426    0.99626900    1.03583029    1.07498634    0.83186023    0.80093870    0.85715947    1.17918096    1.00027423    1.25800454    1.17239270    1.40175920
U3JX80_FICAL/469-543     1.15963881    1.54421766    1.45650533    1.16169018    1.17333118    1.36085399    1.27281475    1.27118177    1.31013987    1.50922649    1.71917560    0.94719923    1.17941051    0.25763782    0.00000000    0.81835796    0.86712218    0.97123705    1.03638283    0.71609430    0.90583564    0.90598213    1.13863104    0.94290989    1.13923626    1.13089625    1.24221032
H3BGC9_LATCH/567-641     1.43666179    1.49156655    1.67587965    1.47107197    1.34168832    1.21878314    1.15189286    1.18159172    1.13504014    1.31149685    1.45749850    1.22689386    1.23285529    0.87634426    0.81835796    0.00000000    0.44535339    0.43512539    0.57090918    0.83898244    0.79913192    0.81139227    0.94469865    0.92114752    1.23393004    1.32045357    1.37797847
W5M2F8_LEPOC/580-654     1.23605300    1.38093059    1.41044293    1.17500527    1.16913934    1.37160975    1.31018211    1.15470964    1.18590059    1.37617698    1.52318378    0.95427782    1.01405317    0.99626900    0.86712218    0.44535339    0.00000000    0.25949110    0.42286423    0.80449494    0.93922897    0.92522121    0.83087899    0.72431910    1.12969936    1.26432130    1.35221392
H2MKG9_ORYLA/594-668     1.39002818    1.36904139    1.40136748    1.30024228    1.29283498    1.29307131    1.14214276    1.05308567    1.18457806    1.37396091    1.59623616    1.02873240    1.10255866    1.03583029    0.97123705    0.43512539    0.25949110    0.00000000    0.30948574    0.85858976    0.83431665    0.82207656    0.92759307    0.95408431    1.30350158    1.53558732    1.46627322
H3CGH0_TETNG/529-603     1.43873168    1.53547997    1.52397151    1.17546262    1.13500037    1.32546565    1.25304375    1.28832569    1.33582350    1.61265985    1.63649694    1.20968272    1.25373991    1.07498634    1.03638283    0.57090918    0.42286423    0.30948574    0.00000000    0.87414510    0.94230076    0.95310322    1.11209866    1.04154088    1.37796726    1.45557946    1.43687627
U3JX80_FICAL/574-648     1.28515610    1.33463147    1.55820198    1.23734091    1.23694250    1.38442177    1.41057478    1.38610640    1.36205345    1.59447849    1.59457808    0.96303996    0.87665424    0.83186023    0.71609430    0.83898244    0.80449494    0.85858976    0.87414510    0.00000000    0.73309866    0.74039453    0.69303730    0.57346673    1.26323450    1.29855975    1.44617707
H0YZX0_TAEGU/771-845     1.53811141    1.50770501    1.61284537    1.37092304    1.47976042    1.41040192    1.24757222    1.25266464    1.27366502    1.44482429    1.41638843    1.04982814    0.98958975    0.80093870    0.90583564    0.79913192    0.93922897    0.83431665    0.94230076    0.73309866    0.00000000    0.25565054    0.83542274    0.78452106    1.53623497    1.48286382    1.74002192
U3JX80_FICAL/366-440     1.64943574    1.66780103    1.70909663    1.49851283    1.48309607    1.52837537    1.48282451    1.40030768    1.45491650    1.63299668    1.69449827    1.15950753    0.94410353    0.85715947    0.90598213    0.81139227    0.92522121    0.82207656    0.95310322    0.74039453    0.25565054    0.00000000    0.81297185    0.69575747    1.47258717    1.48798151    1.67475036
W5P219_SHEEP/264-336     1.51103537    1.51802228    1.72552744    1.54070400    1.65308585    1.88824483    1.64279659    1.60342537    1.62568268    1.80617302    1.84523612    1.13775002    0.98361517    1.17918096    1.13863104    0.94469865    0.83087899    0.92759307    1.11209866    0.69303730    0.83542274    0.81297185    0.00000000    0.33117709    1.54171872    1.44036533    1.64484007
U3JX80_FICAL/742-816     1.44085481    1.45693877    1.66953206    1.38984241    1.34662452    1.59335925    1.41725678    1.50149636    1.52315530    1.64527441    1.69803793    1.01402968    0.84862786    1.00027423    0.94290989    0.92114752    0.72431910    0.95408431    1.04154088    0.57346673    0.78452106    0.69575747    0.33117709    0.00000000    1.31229608    1.31619601    1.46094641
H9GEJ6_ANOCA/7-78     0.43669128    0.67296942    0.60437004    0.55235171    0.59539613    0.94546131    0.95490210    0.97202877    0.93543666    1.07618121    1.96575390    1.43441038    1.34218584    1.25800454    1.13923626    1.23393004    1.12969936    1.30350158    1.37796726    1.26323450    1.53623497    1.47258717    1.54171872    1.31229608    0.00000000    0.52273273    0.50597198
H0YZX0_TAEGU/112-186     0.42583118    0.67270196    0.66424839    0.45304302    0.64042698    0.87290299    0.93853947    0.99762968    1.03188388    1.17054509    1.75193322    1.35348173    1.25284380    1.17239270    1.13089625    1.32045357    1.26432130    1.53558732    1.45557946    1.29855975    1.48286382    1.48798151    1.44036533    1.31619601    0.52273273    0.00000000    0.23551517
U3JX80_FICAL/112-186     0.42988973    0.54134620    0.54429017    0.47262071    0.63563438    0.85567621    0.89427628    1.01504467    1.00313428    1.23441338    1.58410872    1.59002475    1.41133081    1.40175920    1.24221032    1.37797847    1.35221392    1.46627322    1.43687627    1.44617707    1.74002192    1.67475036    1.64484007    1.46094641    0.50597198    0.23551517    0.00000000

