9
Q4H3R6_CIOIN/57-98     0.00000000    0.85629477    1.48658882    0.90914109    0.75790211    1.11051998    1.38724144    1.10306787    0.85741357
A7S4F1_NEMVE/87-128     0.85629477    0.00000000    1.18806106    0.92051405    0.73492058    1.10197833    1.28049192    1.15555021    1.13925067
Q8I4D7_CAEEL/34-74     1.48658882    1.18806106    0.00000000    1.43574250    1.12555974    1.19208982    1.25915913    1.26811885    1.26122046
CREM_HUMAN/99-140     0.90914109    0.92051405    1.43574250    0.00000000    0.29419863    1.31545666    1.00140664    0.96710381    0.87789950
E9QHQ2_DANRE/96-136     0.75790211    0.73492058    1.12555974    0.29419863    0.00000000    1.09203923    0.79624900    0.72854135    0.68206425
B0W9J4_CULQU/157-196     1.11051998    1.10197833    1.19208982    1.31545666    1.09203923    0.00000000    0.91013363    0.90015281    0.72500204
F8VYN3_HUMAN/43-82     1.38724144    1.28049192    1.25915913    1.00140664    0.79624900    0.91013363    0.00000000    0.65208014    0.53928484
Q7T351_DANRE/82-123     1.10306787    1.15555021    1.26811885    0.96710381    0.72854135    0.90015281    0.65208014    0.00000000    0.33395883
H3DAQ2_TETNG/81-120     0.85741357    1.13925067    1.26122046    0.87789950    0.68206425    0.72500204    0.53928484    0.33395883    0.00000000

