121
A0A144A6G1_PLAF7/59-205     0.00000000    2.77498379    2.39120052    2.53281736    3.07862042    3.10243524    2.93098589    2.54082103    2.47880947    2.41123015    1.95548745    2.51096525    2.25628590    2.29547133    2.12657177    2.19942484    2.07432834    2.11039624    2.03184880    2.14627870    2.69177538    2.79395602    2.04039799    2.09739742    2.06610578    2.90250279    2.69549427    3.10907622    2.85960265    2.98357087    2.82942152    3.49927280    2.82162319    2.75988697    2.61047533    2.88369643    2.88874792    3.07261999    3.08272463    2.61684133    2.84492652    2.36704144    1.89988734    2.52512821    2.76286069    2.70644687    2.75643375    2.31101496    2.17404191    2.28174500    2.68654504    2.79920464    2.70747231    2.74818173    2.89128000    2.71496719    3.09582039    2.30173940    2.00054622    2.38104488    2.46344415    2.65665883    2.38997995    2.12229640    2.25506744    2.43343047    2.68219124    1.83931448    2.35268918    1.80463131    1.87080077    2.10929301    2.04706379    1.85314314    2.16902433    2.02251822    2.32732751    1.98570010    1.76684128    1.69766291    1.63263196    1.81676964    1.73454039    1.87958773    2.12709540    2.15224895    2.05597105    2.39001331    2.49269362    2.06751341    2.22377905    2.18386367    2.18212021    2.08838484    2.23051428    2.26835344    2.25920698    1.89932917    2.12206267    2.12546113    2.72267573    2.69902133    2.24098193    2.43327106    2.18031699    2.64590629    2.59185162    3.24961267    3.15068119    2.35829230    3.04809475    2.67470090    2.72214576    3.16360149    1.84564812    1.97632203    2.49465467    1.96846172    2.37216939    2.12687619    2.03900080
Q26557_SCHMA/180-308     2.77498379    0.00000000    0.23197802    2.56553242    2.57680388    2.48935653    2.38998653    2.74252122    2.73627381    2.30149403    2.13243592    2.48006340    2.05479201    2.12693187    2.82464475    2.08436150    1.87259237    1.86724151    1.89440647    1.90021729    2.42381126    2.24383716    2.10872723    2.29272247    2.13882069    3.16553469    3.06150986    2.75052224    2.93754127    3.00359966    2.30983016    3.65299105    2.86887701    2.40438942    2.66249365    3.56360032    3.74567162    3.20449217    3.04253513    2.82704257    2.77975028    3.15764740    2.36854851    2.35638807    2.85835915    2.71807057    3.30158725    2.47510248    2.48443862    2.04077085    2.41548483    2.89099792    2.59854139    2.48817765    2.56680977    3.09255609    2.05660584    2.61192534    2.38870170    2.46929897    2.61444553    2.03531515    1.68976991    2.32333697    2.15898579    2.51033649    2.76066472    2.09910727    2.15594654    1.89776233    2.06994508    2.08074374    2.20239636    2.12608278    2.08168542    2.29060996    2.22990881    2.15527256    2.07210568    2.25153453    1.92869114    2.30356006    1.88775442    1.95028882    2.33787329    2.58597531    2.21543620    2.05433909    2.11791362    2.40179154    2.18776989    2.34076134    2.31631090    2.35015287    2.24948666    2.71050131    2.38013908    2.25123740    2.19902407    2.53371434    2.29459113    2.36500159    3.18701247    3.03019988    2.60117119    3.55720408    3.15342971    2.65318315    2.25712254    2.26125881    2.59798369    2.29783983    2.87694733    2.87087894    2.01026719    2.23516853    2.24976226    2.34049685    2.88044107    2.41041498    2.88347880
Q86RB4_SCHJA/135-263     2.39120052    0.23197802    0.00000000    2.66209534    2.49905060    2.55926799    2.31636617    2.90220192    2.84999744    2.33307984    2.16252053    2.56364805    2.11666299    2.11130355    2.50191715    2.01956318    1.76036828    1.79818999    1.87868237    1.93256459    2.47409387    2.42954533    2.05252185    2.24971002    2.09020532    3.21148857    3.08928065    2.79691247    2.93612244    2.91656006    2.19378159    3.74286362    3.02151284    2.52542760    2.60377343    3.23818490    3.62460071    3.48369412    3.03081318    2.88486282    2.79672813    3.07964664    2.33227523    2.61951071    2.62537665    2.68641653    3.33453679    2.49544734    2.54073181    2.18910258    2.46843592    2.84242402    2.42526220    2.40751111    2.52380455    2.66696602    2.34508322    2.67093291    2.42871035    2.44485505    2.61791056    2.04163108    1.77038250    2.37061060    2.30575266    2.41544164    2.56407276    2.06182694    2.09561756    1.82329153    2.03151421    2.07982445    2.00833554    2.07679570    2.04246053    2.25686904    2.18585500    1.94662572    1.83295529    2.11602106    1.82702830    2.07619803    1.78826961    1.85318987    2.02603657    2.25181339    1.98265143    1.99887538    2.01798756    2.06081703    2.09187439    2.26247102    2.45198265    2.34196973    2.28220877    2.68174003    2.41056962    2.22038663    2.06211497    2.68108921    2.38217230    2.48683130    3.05924169    3.08120332    2.60565771    3.18704298    3.02382244    2.61230880    2.30644400    2.35891496    2.52526601    2.31382638    2.96385700    2.91592786    2.07556166    2.17040588    2.22752876    2.18979771    2.78387716    2.32109882    2.78154970
Q7QI08_ANOGA/455-595     2.53281736    2.56553242    2.66209534    0.00000000    1.12655961    1.11847727    3.14672487    3.15578489    3.13121917    2.59250054    2.68099290    2.64247920    2.41207241    2.59999234    2.65743888    2.50068439    3.19369577    2.47499382    2.53074480    2.58933189    3.02740821    2.43057978    2.53977553    2.40209862    2.51266172    3.42954330    3.33957906    2.99080766    3.30621934    3.39529669    3.54776383    3.27342446    4.11370260    3.68958018    3.55475402    4.09301124    3.79151845    3.20363368    4.10890087    3.27988879    3.38327750    2.74949291    2.50348893    2.23931276    2.76955081    2.41910317    2.66349191    2.19637804    2.05212528    2.37081637    2.51357389    2.94131548    3.19572136    3.25201373    2.90732869    3.14036023    2.63578238    2.77228116    2.72477530    2.49220724    2.73897201    2.49660514    2.26964977    2.09267879    2.20664503    2.24830977    2.94718104    2.02520850    2.18548667    2.25688031    2.06822983    2.14906761    2.19558221    2.24391047    2.32723027    2.17917429    2.29983339    2.06405970    1.87902890    1.93210438    2.07366001    2.01703929    1.90870955    2.07397580    2.21024235    2.37432113    2.00572814    2.17675079    2.20634448    2.08030776    1.95211287    2.00412113    1.76476991    1.91644932    2.08798532    2.00933879    1.93759723    2.06916049    2.00377051    2.42323444    2.91878041    2.74983914    2.27830861    2.21234150    2.21119221    2.51039744    2.50259847    2.98947212    2.67924741    2.70823069    2.86727910    2.99382947    2.86052095    2.53869917    2.24207130    2.22256778    2.84653618    2.29643560    3.51431786    3.05694908    2.98778205
FAS1_DROME/478-618     3.07862042    2.57680388    2.49905060    1.12655961    0.00000000    0.86690010    2.95813416    4.10351316    3.40835372    3.65930098    3.02194209    2.91726347    2.75072150    2.57498691    2.97600771    3.05537565    3.20620663    2.90633666    3.07139004    3.15858185    2.87779571    2.83173126    3.43819214    3.59526585    3.59918262    4.41617516    4.28346774    4.02667443    4.52559996    4.74319991    4.25055682    4.64403658    4.08750592    3.97892155    4.06279843    4.11068641    4.84724178    3.99692838    4.48495897    3.94283138    4.46524683    3.52142258    2.92512542    3.02055006    2.47053842    3.07337097    3.93688768    3.43580305    2.79177679    2.69133691    2.34167866    3.11141123    3.00491750    3.33275385    2.98238555    3.25799604    2.64346739    2.90392771    2.76486872    3.18485409    3.30886512    3.26241078    2.64348499    2.99386957    2.72301387    2.77064508    3.60553339    2.55545840    3.03767436    2.64683585    2.35044364    2.97526665    2.88223712    2.71478308    3.22132353    2.87350029    2.58655218    2.57275059    2.58338049    2.82385111    2.68661262    2.42950883    2.48845754    2.77231294    2.77114804    2.72566008    2.62614806    2.58599746    3.21222520    3.25103036    2.72616550    2.21586123    2.40770193    2.40627541    2.77134940    2.63329463    2.21697338    2.34719884    2.16146398    4.10619497    3.50598471    3.38102983    2.63051132    3.06304586    2.76850532    2.74462279    3.17673622    3.37400223    4.03652112    3.57576392    4.00052873    3.95590005    2.76965779    3.67563049    3.35149301    2.94678501    3.45914438    3.10324619    3.49211540    3.17724320    3.49298785
FAS1_SCHAM/485-624     3.10243524    2.48935653    2.55926799    1.11847727    0.86690010    0.00000000    2.99647571    3.49487712    3.39915614    2.95280579    2.19028191    2.42467131    2.34030747    2.10412521    2.58939923    3.19154142    3.13352733    2.84985358    2.73176593    2.20110046    2.09801640    2.58249276    2.93561396    2.62502788    2.73477923    4.13234114    4.59457115    4.31629740    4.46490861    4.64944237    3.72750057    3.63440271    3.49166869    2.95775039    2.96514839    3.67948993    4.16446077    3.00407534    3.83529173    3.47691175    3.40082466    2.88580850    2.64594287    2.34744128    2.37710246    2.68500985    2.51902343    2.72880134    2.41206141    2.47513329    2.46239881    3.36782843    2.36305165    2.61136523    2.41558463    2.86242954    2.60681447    2.84919760    2.80305023    3.32327839    3.31033618    2.72218531    2.61842617    2.78567808    2.44349844    2.75785618    3.06628767    2.37573218    2.67378707    2.32701197    2.30594525    2.48921975    2.37564329    2.02826425    2.27614378    2.81655947    2.85248980    2.35494488    2.41341639    2.41187963    2.57849404    2.57856659    2.39459420    2.29989516    2.98277191    2.39303696    2.79417475    2.52883764    2.90500296    2.78825992    2.40782053    2.08746115    2.22865132    2.22496935    2.51228172    2.40706220    2.25267974    2.51378919    2.33053056    3.19917480    3.02042214    3.07299330    2.36746616    2.71033038    2.44114301    2.85203265    2.70045641    3.52299441    3.14174726    2.79720887    3.11400071    2.98306885    2.83524005    2.65073932    2.95694583    2.75131986    3.11980975    2.60406267    3.17802819    3.02954382    3.28795466
Q8A055_BACTN/45-176     2.93098589    2.38998653    2.31636617    3.14672487    2.95813416    2.99647571    0.00000000    2.04492676    2.28515455    2.33562084    2.24814627    2.25040011    2.32903845    2.31192409    2.45522955    2.00777417    2.18175982    2.22046312    2.10877401    2.17462548    2.15182877    2.15612310    1.89785068    2.15973892    1.90713268    2.79263900    2.39773895    2.45038313    2.52868410    2.47173150    2.34694315    2.88524150    2.45297946    2.31393625    2.32122257    2.69278847    2.87041784    2.68774174    2.93203537    2.75639177    2.82022593    2.15902406    1.80603211    2.00449009    2.38241570    3.26139930    2.47409442    2.15581076    2.30036828    2.47505087    2.64206881    3.02505999    2.67112699    2.60908436    2.38362865    2.76806422    2.12731202    2.16242405    2.70286524    2.58707736    2.55260134    2.12232653    1.80892188    1.53315844    1.92039179    1.97639689    2.04921931    2.02622039    1.95659237    1.97110195    1.92296815    2.08188629    1.87089839    2.04103714    1.99574746    2.12084927    2.11293738    1.81017510    2.00401334    1.95684120    2.12154276    1.91192536    1.90984733    1.90457392    1.98162581    2.17449451    2.34506415    2.03214582    1.97956619    2.09713866    1.70319728    2.13957927    2.09295346    1.94768154    2.34349855    2.35578216    1.93682723    1.85888023    1.98070129    2.61544833    2.25114549    2.41930299    2.94958816    3.07734833    2.79990425    2.43551372    2.73113951    2.93704088    2.73201680    2.37682901    2.71355822    2.52127840    1.92585139    2.70155710    1.80094659    2.02136233    2.39171271    1.97945068    2.87129641    2.62711153    2.82039323
STAB2_HUMAN/1148-1267     2.54082103    2.74252122    2.90220192    3.15578489    4.10351316    3.49487712    2.04492676    0.00000000    2.53573883    2.07951667    1.90324621    2.34112625    1.91487276    2.20406482    2.39347138    1.96135730    2.14919127    2.17519110    2.22696140    2.33761202    2.46568626    2.34449505    2.03897495    2.07569568    2.06146871    3.09842614    3.02444134    2.90444757    2.92088000    2.67081935    2.64264239    2.49482929    3.01695014    2.42683164    2.60619024    2.81541949    3.40572232    3.39428407    3.22117495    2.88719265    3.03662772    2.62864216    2.39093205    2.21633413    2.46106949    1.95778604    2.03015193    2.52774093    2.17641011    2.45015495    2.70984522    2.59420225    2.38957005    2.47063858    2.45025151    2.56975976    2.63943709    2.41334195    2.38183911    3.01693196    3.09579339    2.10951464    1.96852635    1.69526866    1.88877155    2.39405917    2.30966470    1.86999351    1.83172949    2.30869286    2.22850208    1.79771170    1.92894770    2.00477330    1.97065890    1.77873151    2.30604759    2.21851466    2.12936664    1.68265433    2.14631162    2.44097830    1.69522891    2.20196746    2.02635362    2.17879549    2.05930382    1.95852303    2.14584421    2.10883279    1.98865839    2.20492753    2.10318195    2.32860615    2.33574916    2.26665860    2.13518476    2.09795848    2.27281527    2.00928512    2.33315930    2.75663765    2.04091089    2.03555680    2.26739949    2.55664556    2.87662823    3.08860976    2.64305070    2.94298198    2.42269328    2.86536519    2.41815459    2.72970213    1.95834517    2.28927717    2.56302024    2.38079150    2.41263951    2.43594313    2.40423014
L7IAV4_MAGOY/37-178     2.47880947    2.73627381    2.84999744    3.13121917    3.40835372    3.39915614    2.28515455    2.53573883    0.00000000    1.58390937    1.84693524    2.55924545    2.32548345    2.45192605    2.28376287    2.01683066    2.20573271    2.30909944    2.03415795    2.01873787    1.99852740    2.47498762    2.28988667    2.24497562    2.04956131    2.51743616    2.66486629    2.95471538    3.05913737    3.16956783    2.69468447    2.50648854    2.35356974    2.37885960    2.75946851    2.59317683    3.08831186    3.09894121    3.18357221    2.64272873    2.81828388    2.39666199    2.17320807    2.14235774    2.23258319    2.19835246    2.94154600    2.59872985    2.35865498    1.90903297    2.31820640    2.90226919    2.52124213    2.08375080    2.12993999    2.46826296    2.18686570    2.68554289    2.45122725    2.73425590    2.95495209    2.15586997    2.09463082    2.23234282    2.22273668    2.15076212    2.35496363    1.97737387    2.02203188    2.44589028    2.33251828    1.99276040    2.17296838    1.89475123    1.92171960    1.98885081    2.28248539    2.04575784    1.87293179    2.08145859    2.18940911    2.05731304    1.94871584    2.08202783    2.07650566    2.29637873    2.08567386    1.87335340    1.94208155    1.80252394    1.93634494    2.10111250    2.09382283    2.25246799    2.40499056    2.24383028    2.18979587    2.02005359    2.66515642    2.51616928    2.48106764    2.85444972    2.22819146    2.61893316    2.30648339    2.20130605    2.63040385    2.23974456    2.75740943    2.34763090    2.40987464    2.41152627    2.19805819    1.88255070    2.21782164    2.16246978    2.29478438    1.98771311    3.10585797    2.75991794    3.13426390
Q7S426_NEUCR/190-307     2.41123015    2.30149403    2.33307984    2.59250054    3.65930098    2.95280579    2.33562084    2.07951667    1.58390937    0.00000000    1.91580238    2.76753803    1.92681865    1.87759566    2.28717586    2.00064228    2.04113745    1.90448226    1.71038218    1.84607967    2.14358111    2.22012006    1.88442971    1.76493705    1.83946299    2.45243776    2.53199380    2.33205812    2.15548884    2.32514670    2.38472811    2.15334705    1.90307646    2.12066629    2.20051589    2.26604919    2.50639784    2.54291624    2.45674798    2.31039294    2.51691012    2.30045285    2.13533847    2.23574125    2.07926749    3.14787752    2.53864596    2.20271015    2.36870528    2.37735666    2.64457662    2.31877652    2.30863396    2.53812202    2.36579167    2.80218655    2.13680669    2.04860413    2.13381760    2.14602438    2.11122384    1.73410179    1.58967340    1.73988646    1.76503893    2.11253281    1.92937352    1.59925093    1.75534215    2.47726284    2.32117270    1.52911023    1.80612242    1.85479968    1.75210427    1.60145599    1.66913387    1.47146758    1.54930038    1.72362288    1.76209720    1.79589809    1.63318846    1.63126348    1.62781289    1.99960461    1.88737004    1.57398004    1.79342897    1.67880942    1.54782431    1.86014824    1.62735698    1.92846649    2.14579329    1.95586734    1.88371923    1.86403085    2.32624935    2.27866769    2.15273541    2.54963569    2.47966646    2.24263888    2.31692085    2.49712706    2.63466180    1.84792427    3.16175649    2.49974001    2.35855209    2.63063328    2.47729539    2.60892468    1.77208524    1.57713185    2.03894352    1.64925094    2.64094088    2.27156172    2.32297201
L7IAV4_MAGOY/188-309     1.95548745    2.13243592    2.16252053    2.68099290    3.02194209    2.19028191    2.24814627    1.90324621    1.84693524    1.91580238    0.00000000    2.17447086    1.56794647    1.72121304    1.72691812    1.77425830    1.87322601    1.84529935    1.82757789    1.88287112    1.62186187    2.08264373    1.83185813    1.65718598    1.71514624    2.36811615    2.10175259    2.44784618    2.58088581    2.44850600    2.13149347    2.19680726    2.40256473    2.21078153    2.02389442    2.53461773    2.58895919    2.19081517    2.13855028    2.36570141    2.39132718    1.95733642    1.71185138    1.86560124    1.94092020    2.15554553    2.24906954    2.09279745    1.93318612    2.18064809    1.94688248    2.22331997    2.06537935    1.87547677    2.06909713    2.44694995    1.82275987    1.95421635    2.01364887    2.44064834    2.37270379    1.53985727    1.38091170    1.48757469    1.19024231    1.89788082    1.69510346    1.48730626    1.72840706    1.37127855    1.60333813    1.63283563    1.56794404    1.43624210    1.61576602    1.66259651    1.73337781    1.67891742    1.79666288    1.61344975    1.77368843    1.62930287    1.57561688    1.72463335    1.69441993    1.74162823    1.73404085    1.76923231    1.45852402    1.68854314    1.51193310    1.84308021    1.71719647    1.85067460    1.86195669    1.93125538    1.73454998    1.58231404    1.99510827    2.19969973    2.22465186    2.18704512    2.16746979    2.09845248    2.15984739    2.57003421    2.30345236    2.08529002    2.16711100    2.00107451    1.94953819    1.91953218    1.88392307    1.87207838    1.64740737    1.75013618    2.10418108    1.82544759    2.17035311    2.18688921    2.23532371
STAB1_HUMAN/1595-1710     2.51096525    2.48006340    2.56364805    2.64247920    2.91726347    2.42467131    2.25040011    2.34112625    2.55924545    2.76753803    2.17447086    0.00000000    1.35604829    1.40529698    2.38709105    1.88217235    2.24750328    2.26220062    2.10218122    2.16350112    1.87961245    2.02850194    2.19660761    1.99301063    1.97147290    2.69918974    2.83420607    2.95961083    2.73703612    2.80614528    2.39279334    2.53349243    3.02705221    2.51426943    2.77068384    3.26913262    3.01386401    2.66606299    2.87222235    2.54159695    2.75065373    2.29404130    1.89051125    1.78540403    2.42221413    2.35019706    2.63199182    2.38762488    2.35712422    1.91276700    2.36093745    2.45698338    2.23016952    2.33717794    2.39195188    2.32395620    2.21163388    1.99118050    2.04504206    2.61913354    2.68848182    2.26221766    2.03710646    1.83411071    2.53469137    1.60146449    1.84895513    1.61241285    1.81496638    2.12154823    2.31429629    1.42114903    1.73602592    1.60080590    1.91474090    1.98170783    1.81052533    1.71742551    1.76088579    1.58041069    1.78168278    1.70413234    1.58219682    1.74700560    1.88174588    1.93912423    1.89416698    1.93774884    1.94938141    2.14290661    1.54418766    1.84655352    1.66494443    1.53949250    1.71712782    1.79379800    1.60370770    1.54147643    1.85549668    2.22657055    2.65396524    2.62091242    2.01336503    1.75528757    1.80224761    2.17006078    2.36327289    2.27924306    2.44185649    2.01966894    2.56949596    2.32452701    2.23012113    3.07085055    1.88680402    2.17786978    2.79532089    2.05557843    2.64720832    2.67848403    2.83741365
STAB2_RAT/471-590     2.25628590    2.05479201    2.11666299    2.41207241    2.75072150    2.34030747    2.32903845    1.91487276    2.32548345    1.92681865    1.56794647    1.35604829    0.00000000    0.30752650    1.84019879    1.77181298    1.94139821    1.92824404    1.87591131    1.83652347    1.63529329    2.11974471    1.74463466    1.88483276    1.66875467    2.35877785    2.44040234    2.33572360    2.55079417    2.62943173    2.38659278    2.34965182    2.24556816    2.20917394    2.09516738    2.69525972    2.79391335    2.34635912    2.25929162    2.36461363    2.41013589    1.89515706    1.63277985    1.45408579    2.28573398    1.97549943    2.49336362    2.12469302    2.02557144    2.17907263    2.37336074    2.39549419    2.36401042    2.23125908    2.14755385    3.05244597    2.19406741    2.29457494    2.04032488    2.35131904    2.01775494    1.51546273    1.47481944    1.59043721    1.77386196    2.01738435    1.89785914    1.20492492    1.36682302    1.54182977    1.58085057    1.43719690    1.39415659    1.39465424    1.33537816    1.58058698    1.40506663    1.52974861    1.49116915    1.43414839    1.57278313    1.56633638    1.37322529    1.50340743    1.70748559    1.70905311    1.64822584    1.57028538    1.40159859    1.75056810    1.56706828    1.62371653    1.50107898    1.56303395    1.66910504    1.70264150    1.51370126    1.35558012    1.79699753    2.12741138    2.35048005    2.67907584    2.10443672    1.73511191    1.97374210    2.50802915    2.30009749    2.01857013    2.72746291    2.47751529    2.95525306    2.75743865    2.17191562    2.43515734    1.73466948    1.66724433    1.78356418    1.65241697    2.17883729    2.20268406    2.21618542
STAB2_HUMAN/1607-1726     2.29547133    2.12693187    2.11130355    2.59999234    2.57498691    2.10412521    2.31192409    2.20406482    2.45192605    1.87759566    1.72121304    1.40529698    0.30752650    0.00000000    1.97433194    1.96280390    2.08272612    2.11406484    2.04561509    1.89032595    1.54513392    2.22156078    1.72163016    1.86961519    1.69895080    2.30171639    2.49863439    2.52723741    2.61933330    2.63978184    2.50466074    2.47334136    2.33685832    2.27577750    2.28345127    2.90684655    3.20494553    2.19665261    2.15833280    2.19187846    2.41972567    1.85854195    1.62684848    1.71677222    2.43620932    2.01120604    2.42312064    2.03926329    1.86724094    2.10501266    2.31354358    2.43407964    2.35625886    2.31330810    2.25599282    2.90670828    2.19754924    2.19934575    1.96374367    2.28222632    1.95680742    1.54081171    1.47197598    1.70289849    1.85116379    1.99741402    1.85837373    1.40201264    1.49704744    1.56869255    1.63027606    1.61765733    1.47400975    1.39232162    1.43659500    1.76669529    1.67816504    1.55500548    1.56248445    1.63378953    1.50726828    1.60301897    1.52968002    1.67683070    1.83116492    1.82948800    1.85309305    1.69207057    1.49978235    1.90966415    1.61157344    1.51884084    1.50146867    1.60659777    1.69638649    1.77099303    1.58906944    1.50152270    1.81526738    2.20067200    2.51915807    2.71096414    2.05736405    1.85393498    1.93860761    2.60678892    2.47763737    2.09233108    2.81501615    2.66615305    3.03670281    2.73223978    2.31420816    2.62333415    1.87223962    1.85853084    2.15080655    1.86375404    2.42543740    2.48417286    2.59975224
POSTN_HUMAN/507-630     2.12657177    2.82464475    2.50191715    2.65743888    2.97600771    2.58939923    2.45522955    2.39347138    2.28376287    2.28717586    1.72691812    2.38709105    1.84019879    1.97433194    0.00000000    1.69306762    1.76805444    1.69056284    1.70257622    1.58833513    1.68414702    1.98623116    1.35700402    1.27180061    1.24391669    2.35003937    2.58478583    2.47718242    2.56630262    2.56167888    2.32761341    2.65282005    2.43984240    2.49104947    2.41171807    2.52312310    2.49208522    2.37334168    2.56372852    2.12128315    1.98073461    2.04261988    1.61162501    1.78423150    1.92214841    2.08188035    2.24754516    2.39203547    2.03630130    1.79323923    2.05971239    2.47812986    2.02511190    2.06458729    1.83814389    2.11846386    2.16802237    1.97667106    1.59837624    2.45982015    2.25719557    1.81117994    1.95377649    1.67929178    1.80113684    1.52652869    1.90595018    1.44303048    1.51741339    1.89289121    1.53949952    1.68149518    1.42496330    1.70066336    1.55250995    1.48409304    1.74527913    1.45097380    1.36895988    1.33923115    1.51676063    1.55174897    1.37023707    1.49165694    1.62735754    1.52767769    1.49831607    1.60620280    1.54119635    1.53446782    1.47124521    1.77563333    1.70214524    1.79547876    1.98505507    1.95784138    1.72825613    1.61440976    1.58475585    2.21453882    2.57268564    2.70391083    1.99909421    1.94242664    1.89291557    2.07126923    2.03208955    1.98581359    1.90150950    2.08754620    2.43912524    2.12025970    1.82010433    2.22962219    1.57473054    1.62611476    1.96262452    1.45302863    2.20972279    2.09045365    2.06671687
POSTN_HUMAN/245-367     2.19942484    2.08436150    2.01956318    2.50068439    3.05537565    3.19154142    2.00777417    1.96135730    2.01683066    2.00064228    1.77425830    1.88217235    1.77181298    1.96280390    1.69306762    0.00000000    0.82151432    0.84469942    0.82167975    1.50103285    1.75443622    1.47491504    1.32036865    1.51663621    1.29675835    2.15243119    2.39872014    2.42490491    2.49555573    2.45963103    2.11701431    2.18132192    2.27271688    2.28360124    2.20348340    2.83921170    2.84737830    2.65251591    2.64399439    2.60851186    2.32093246    2.22194012    1.75955190    1.74323122    1.91181501    1.87748795    2.23992159    2.12412752    1.95665757    2.01181489    2.51650000    1.96088622    2.23979485    2.05255392    1.88488374    2.66961474    1.82342162    1.95642550    1.83663869    2.05719767    2.23351268    1.65587038    1.51697973    1.50278432    1.57882930    1.42224700    1.75021094    1.43835271    1.22049625    1.37167168    1.35973508    1.63146062    1.45495357    1.61247221    1.53127625    1.43674611    1.50725301    1.43923803    1.36187252    1.46279565    1.37968146    1.39430642    1.32107227    1.33183905    1.72311271    1.46864463    1.45997086    1.46593674    1.46059219    1.62824994    1.38242168    1.63530533    1.53892741    1.68880933    1.98981060    1.70283788    1.53116094    1.44297328    1.30223492    2.06176749    2.32097520    2.46187828    1.98311815    1.82626324    1.71777881    2.17512915    1.99855266    2.18115347    2.10247952    2.20742028    2.44742777    2.18004918    1.96909994    1.80102121    1.66679557    1.60686288    1.88791156    1.56906324    2.56566978    2.04960222    2.25949443
Q7T1R2_DANRE/244-366     2.07432834    1.87259237    1.76036828    3.19369577    3.20620663    3.13352733    2.18175982    2.14919127    2.20573271    2.04113745    1.87322601    2.24750328    1.94139821    2.08272612    1.76805444    0.82151432    0.00000000    0.43441650    0.47538416    1.31262968    1.67000970    1.51241678    1.20295848    1.24878164    1.32156894    2.42267698    2.46430968    2.51565270    2.59170477    2.85501031    2.14961490    2.18607598    2.17462306    2.05566065    2.23334782    2.83316386    2.80902833    2.46626034    2.55843486    2.63041027    2.60880013    2.31610130    1.88796491    2.22673867    1.91259071    1.84723546    2.52648625    1.90994453    1.72062911    1.85128532    2.08697747    1.99029346    1.87300219    1.78925853    1.72746300    2.23346646    1.66050253    1.48025617    2.15839312    2.48560923    2.37292329    1.51083120    1.47640673    1.42407420    1.77652002    1.29881490    1.56211374    1.21520672    1.15511485    1.35051605    1.40222669    1.58059724    1.25699113    1.50933639    1.51947491    1.19850832    1.39354083    1.35789262    1.25466566    1.27889520    1.35930687    1.39074622    1.45802281    1.30349812    1.57690799    1.44719668    1.45268952    1.34364851    1.30305654    1.54013952    1.59253931    1.52886140    1.58012091    1.60683625    1.67378414    1.50499197    1.57901218    1.33739177    1.45221399    1.61476333    1.90782304    1.84157886    2.00966347    1.89641650    1.82220446    2.07827294    1.96979562    1.93402449    2.20915020    2.17107107    2.45712048    2.26438953    1.80000267    1.63413978    1.79391503    1.81369146    1.96842984    1.76667961    2.04552392    1.89954238    1.78788407
BGH3_PIG/251-373     2.11039624    1.86724151    1.79818999    2.47499382    2.90633666    2.84985358    2.22046312    2.17519110    2.30909944    1.90448226    1.84529935    2.26220062    1.92824404    2.11406484    1.69056284    0.84469942    0.43441650    0.00000000    0.23508711    1.40552493    1.74607884    1.46937041    1.25497964    1.35411038    1.35193982    2.39149091    2.42076309    2.57746935    2.41892366    2.74892943    2.18959270    2.31476938    2.21111062    2.19717609    2.25526690    3.25131787    3.07676834    2.73105331    2.61070881    2.90840729    2.76840515    2.33206080    2.26971125    2.31239458    1.86720844    1.89627713    2.36120537    1.81849425    1.57812886    2.05796312    1.92845222    2.35044871    2.17206443    1.94836795    1.72337640    2.40810942    1.69896936    1.54581179    1.89036813    2.21770209    2.22166806    1.54044321    1.51809050    1.51605141    1.69080387    1.29396224    1.57283010    1.24484480    1.13487001    1.45917867    1.38959557    1.65458574    1.31826768    1.46365877    1.52858147    1.28555454    1.33902805    1.45717978    1.30162562    1.37365290    1.39047856    1.33857484    1.34348497    1.33635085    1.52220112    1.47749457    1.39419336    1.38250536    1.33615906    1.52232896    1.40470955    1.65532449    1.68390507    1.59607560    1.76500926    1.57698131    1.56437875    1.22948847    1.47522436    1.66124209    1.94383527    1.83103804    1.99233026    1.82985420    1.92717336    2.14172057    2.19631083    2.04573245    2.04648635    2.14269638    2.27943938    2.23278024    1.81324810    1.73688819    1.79566721    1.78931476    2.08326429    1.69414542    2.21734836    2.06223779    1.95137873
O42390_CHICK/243-365     2.03184880    1.89440647    1.87868237    2.53074480    3.07139004    2.73176593    2.10877401    2.22696140    2.03415795    1.71038218    1.82757789    2.10218122    1.87591131    2.04561509    1.70257622    0.82167975    0.47538416    0.23508711    0.00000000    1.24092628    1.64009694    1.59204173    1.25998359    1.34362808    1.37944277    2.32809049    2.37642254    2.50992453    2.63850769    2.75013856    2.28103508    2.37520904    2.06137901    2.09411113    2.17025767    2.76956583    2.69119451    2.67164980    2.66819971    2.76961504    2.70619976    2.30173369    2.06632515    2.06354990    1.92861319    1.91915557    2.10996675    1.87262015    1.46884746    1.92159110    2.02117567    2.13608875    2.25512564    2.03910402    1.77439786    2.64927287    1.75338115    1.57388221    1.97639679    2.17758354    2.14321969    1.55123429    1.49476221    1.41694012    1.50857171    1.36054582    1.62777167    1.22752650    1.05058606    1.53554981    1.45701160    1.78865783    1.31307480    1.40402939    1.54254061    1.24365026    1.29285412    1.41102218    1.25366401    1.41509975    1.45232577    1.38136073    1.40754035    1.39368781    1.57514142    1.55633740    1.50449735    1.44907926    1.36055957    1.59502537    1.42460099    1.62813748    1.69548541    1.69639636    1.92887751    1.57082214    1.66365707    1.30948339    1.49391927    1.67435643    2.03868387    2.00336591    1.95173919    1.89969653    1.88707639    2.03203043    2.10340165    1.99829754    1.95807117    2.00864761    2.08294074    2.04579130    1.86260771    1.55516537    1.75367027    1.89804307    2.08089831    1.65620315    2.28771447    2.03001830    1.95470451
Q8N0B2_APLCA/351-474     2.14627870    1.90021729    1.93256459    2.58933189    3.15858185    2.20110046    2.17462548    2.33761202    2.01873787    1.84607967    1.88287112    2.16350112    1.83652347    1.89032595    1.58833513    1.50103285    1.31262968    1.40552493    1.24092628    0.00000000    1.35311302    1.58590669    1.48728873    1.51423888    1.48896328    2.94370414    2.92992660    2.69425261    2.93499094    3.08094564    2.47441416    2.80964975    2.92298951    2.46341769    2.45491381    2.60074177    3.15178163    2.56470004    2.78390582    2.92585741    2.72001916    1.98555184    1.64088379    1.91982688    1.87300935    1.77547719    1.87349485    1.74686230    1.60250539    1.94144097    2.06827959    2.10343098    1.88825662    1.98079788    2.05478719    1.94199361    1.79877996    1.76563466    1.69481242    2.22578021    2.15073707    1.52446711    1.55723586    1.74838879    1.79679760    1.93071863    1.90375259    1.34269332    1.32829543    1.73900167    1.55601576    1.76519562    1.40630536    1.65463824    1.53216866    1.56242391    1.73275228    1.25081745    1.38147338    1.30615809    1.44376387    1.32466249    1.42313406    1.31308759    1.49549579    1.56624280    1.56926076    1.31646472    1.41308293    1.50600417    1.27969131    1.67589644    1.91468299    1.74091935    2.00344172    2.03104834    1.76914472    1.55804286    1.61174535    2.05431670    2.68212655    2.62844516    1.79002313    2.06301543    1.81017024    2.11360614    2.21994795    2.20864044    2.14999677    2.03963288    2.21490475    2.25750075    2.13366613    1.69684013    1.78529029    1.92236569    1.85552597    1.49995810    2.21158964    2.49249761    2.41682267
O61457_DROME/438-569     2.69177538    2.42381126    2.47409387    3.02740821    2.87779571    2.09801640    2.15182877    2.46568626    1.99852740    2.14358111    1.62186187    1.87961245    1.63529329    1.54513392    1.68414702    1.75443622    1.67000970    1.74607884    1.64009694    1.35311302    0.00000000    0.78275221    1.52653043    1.48767476    1.65083273    2.44398458    2.41390254    2.49703876    2.72355627    2.72103948    2.33662962    2.46929481    2.92058285    2.51346258    2.52519313    3.24722987    3.11590348    2.08757562    2.83890671    2.89506163    3.08209660    2.22808621    1.51587639    1.48902193    1.95616580    2.45072488    2.75671562    2.54622947    2.17362853    1.91744768    1.90962174    2.48556695    2.25320839    1.99898175    1.98163249    2.38398416    1.76609986    1.70312617    1.92687692    2.49864845    2.60102477    1.83133769    1.76946449    1.93873583    1.85610103    2.11419224    1.99608623    1.54140761    1.46658795    1.79595918    1.88503391    1.95989802    1.36634271    1.35061647    1.72956622    1.81540693    1.71085762    1.47601248    1.66858650    1.61123835    1.78614793    1.83471878    1.55709454    1.50473091    2.00293253    2.03384803    1.92615953    1.67575000    1.63401472    1.79772160    1.70053538    1.79513027    1.73816517    1.83530526    2.16871475    1.81956949    1.85074871    1.69790863    2.06046870    2.46578973    2.22820976    2.40969884    1.86464258    2.08401467    2.12229439    2.35566312    2.36257062    2.45844022    2.64963479    1.91479911    2.07860216    2.12433581    2.33642359    2.69979369    1.69308144    1.68254262    1.75431240    1.77543859    2.56291154    2.68528360    2.73209247
Q7PHD5_ANOGA/273-423     2.79395602    2.24383716    2.42954533    2.43057978    2.83173126    2.58249276    2.15612310    2.34449505    2.47498762    2.22012006    2.08264373    2.02850194    2.11974471    2.22156078    1.98623116    1.47491504    1.51241678    1.46937041    1.59204173    1.58590669    0.78275221    0.00000000    1.50825040    1.71964513    1.58375509    3.13063562    2.78292749    2.92226003    3.05286909    3.11025084    2.69045511    2.93471459    2.77941988    2.39023977    2.72250212    3.29666640    2.98485469    3.21703092    3.36654351    3.14101317    3.21470452    2.24068070    1.97903071    1.85932512    2.27358711    2.43429403    2.86535799    2.84098961    2.38411728    2.11016572    2.10095846    2.66022769    2.36044640    1.91653329    2.01501058    2.46203784    1.93105370    1.90203818    1.96485333    2.25431507    2.39713415    2.38344605    1.83236465    2.07495483    2.06290789    1.97604542    1.93978209    1.85818264    1.57881237    1.83288622    2.02420691    1.87516354    1.53628098    1.62127964    1.56263586    1.64424955    1.61559883    1.32229890    1.63229556    1.75047619    1.61029156    1.68570522    1.55943246    1.36375931    1.89736218    1.74787620    1.84755740    1.81626810    1.80409462    1.84532683    1.73874577    1.96672271    1.83420696    1.71920008    2.20553166    1.94212613    1.73588422    1.69613911    1.89146025    2.28963495    2.32194993    2.46997649    1.85717642    2.16361185    2.10913251    2.01887834    2.00943517    2.73163068    2.24710075    2.10380713    2.42331985    2.37736796    2.38314004    2.41323344    1.90773289    1.93433570    1.95411127    2.02414117    2.97953644    3.00297916    2.96070773
BGH3_PIG/513-634     2.04039799    2.10872723    2.05252185    2.53977553    3.43819214    2.93561396    1.89785068    2.03897495    2.28988667    1.88442971    1.83185813    2.19660761    1.74463466    1.72163016    1.35700402    1.32036865    1.20295848    1.25497964    1.25998359    1.48728873    1.52653043    1.50825040    0.00000000    0.49069209    0.29742696    2.11257001    2.46399291    2.05113891    2.30561303    2.14067097    1.82941906    2.12053280    2.03126612    1.80165708    1.96395238    2.82114189    2.62257482    2.24484694    2.31688365    2.25324415    2.37557447    1.87330830    1.66633980    1.81472007    1.61780449    2.10609472    2.34310015    2.03960540    1.90597848    1.73391340    1.71764624    1.68180614    1.90148915    1.85741924    1.75307824    1.98339093    1.75478674    1.32034492    1.80388979    2.41307633    2.35538617    1.41509095    1.43173583    1.23866464    1.55340356    1.26150498    1.55904720    1.25875399    1.17699920    1.26748870    1.31996281    1.31458506    0.99457099    1.54743439    1.19558039    1.14599966    1.10057713    1.13651401    1.05876696    1.02320243    1.11036837    1.14966371    0.99536953    1.11880854    1.24289330    1.20457061    1.10238862    1.36900156    1.13064460    1.29628749    1.02563155    1.34917864    1.32364976    1.21131785    1.43154549    1.32607291    1.15457746    1.06911155    1.28719773    2.22151476    2.52278586    2.48283491    2.03232819    1.66602720    1.78419807    2.17060252    2.06437147    1.96066125    2.26368491    2.04313373    2.35870212    2.10053024    1.64538133    1.70217165    1.51887145    1.23914614    1.63971163    1.28883979    2.22631751    1.92120122    2.01000206
