23
Q9EMG3_AMEPV/12-205     0.00000000    1.46356633    1.47570022    1.48201385    1.61784807    1.74214612    1.81334171    1.70569133    1.74469280    3.23749192    3.58170075    3.27864709    3.44462425    3.06723968    1.72398093    1.74651453    2.02481500    1.72591498    1.94232695    1.85728597    1.84377275    1.90864507    1.94604031
Q9J5B0_FOWPN/1-197     1.46356633    0.00000000    1.15345092    1.09637943    1.23833576    1.45807134    1.36046443    1.22995311    1.55113201    2.88520980    3.79507455    3.41199491    2.97573514    2.74196299    1.86225859    1.84216657    2.21298499    2.04993054    2.02390569    2.08676322    2.04060558    2.05646147    2.01610830
F9_VACCW/1-192     1.47570022    1.15345092    0.00000000    0.68637866    0.71918081    0.89237801    0.96171855    0.99383121    1.09961860    2.41573689    2.97598712    3.28821851    2.67722258    3.29086018    1.74367312    1.64627602    2.48337335    1.98588457    2.03420053    2.04052788    2.01787903    1.95755511    2.08228293
Q6TUY8_YMTV5/1-194     1.48201385    1.09637943    0.68637866    0.00000000    0.62220090    0.83548497    0.72860358    1.19768525    1.42451406    2.78618295    2.95820071    3.08960827    2.81760245    2.81419866    1.92814661    1.78800027    2.38476631    2.13338733    2.28181989    2.21371059    2.06335126    2.11949388    2.27206444
Q08FX0_DPV83/3-195     1.61784807    1.23833576    0.71918081    0.62220090    0.00000000    0.65454131    0.50308560    1.19173359    1.31913407    3.05022188    2.96892517    3.75386195    3.15803560    3.09491785    2.00041756    2.00867134    2.34211512    2.13925960    2.23402201    2.47040052    2.33392957    2.23275789    2.42800992
Q9Q8S3_MYXVL/1-195     1.74214612    1.45807134    0.89237801    0.83548497    0.65454131    0.00000000    0.70964023    1.17974180    1.40228662    2.95373493    2.67506255    3.30998889    3.02477082    3.09742852    1.91441023    1.90286535    2.18423514    2.14540055    2.24650913    2.24154057    2.07435287    1.99575253    2.25382398
Q77G94_SWPV1/1-195     1.81334171    1.36046443    0.96171855    0.72860358    0.50308560    0.70964023    0.00000000    1.35162511    1.67500206    2.73100847    2.54036321    3.68279714    2.75777256    2.93835980    2.00076035    1.85634890    2.38578955    2.15431398    2.21258299    2.24096160    2.34144474    2.15357040    2.32082202
Q76SZ4_MCV1/2-195     1.70569133    1.22995311    0.99383121    1.19768525    1.19173359    1.17974180    1.35162511    0.00000000    0.88367109    2.82528877    2.69817335    2.54100085    2.60522588    2.55106283    1.78444420    1.86523943    2.02042797    1.79320430    1.78202317    2.05407139    1.92641144    1.96682744    1.96821219
Q070L5_CPRVZ/6-188     1.74469280    1.55113201    1.09961860    1.42451406    1.31913407    1.40228662    1.67500206    0.88367109    0.00000000    3.21177618    3.00483853    2.95282119    2.42640867    2.66329663    1.99472022    2.00550031    2.21611686    1.82559716    1.88851011    2.17639113    2.11506470    2.04888297    2.08854377
E248R_ASFB7/4-216     3.23749192    2.88520980    2.41573689    2.78618295    3.05022188    2.95373493    2.73100847    2.82528877    3.21177618    0.00000000    2.84631431    3.54628994    2.67605209    2.90739422    2.54876182    2.65034003    3.08340841    2.58878125    2.71274920    2.71674200    2.87665181    2.91474303    3.01684543
VF118_IIV3/1-207     3.58170075    3.79507455    2.97598712    2.95820071    2.96892517    2.67506255    2.54036321    2.69817335    3.00483853    2.84631431    0.00000000    1.00179516    1.12386368    1.31433545    2.40058819    2.53456452    2.72218661    2.81095856    2.61701489    2.86630465    2.91801397    3.13128893    3.07454713
VF118_IIV6/1-203     3.27864709    3.41199491    3.28821851    3.08960827    3.75386195    3.30998889    3.68279714    2.54100085    2.95282119    3.54628994    1.00179516    0.00000000    1.31470753    1.28246755    2.31287023    2.20846592    2.37001825    2.44587456    2.36708177    2.61028213    2.34710962    2.56762571    2.47913929
Q8QUV3_ISKNN/1-207     3.44462425    2.97573514    2.67722258    2.81760245    3.15803560    3.02477082    2.75777256    2.60522588    2.42640867    2.67605209    1.12386368    1.31470753    0.00000000    1.02814928    2.19322679    2.10569232    2.64098085    2.45209388    2.28950436    2.56579042    2.40256184    2.46293066    2.56851837
053R_FRG3G/1-207     3.06723968    2.74196299    3.29086018    2.81419866    3.09491785    3.09742852    2.93835980    2.55106283    2.66329663    2.90739422    1.31433545    1.28246755    1.02814928    0.00000000    2.12520283    2.17617557    2.48460473    2.33039871    2.18032743    2.62136589    2.47207711    2.41608213    2.45269713
Q98237_MCV1/1-201     1.72398093    1.86225859    1.74367312    1.92814661    2.00041756    1.91441023    2.00076035    1.78444420    1.99472022    2.54876182    2.40058819    2.31287023    2.19322679    2.12520283    0.00000000    0.33127492    0.90848730    0.57242257    0.58023538    0.56094197    0.50914350    0.53616511    0.48274916
L1_FOWPN/1-201     1.74651453    1.84216657    1.64627602    1.78800027    2.00867134    1.90286535    1.85634890    1.86523943    2.00550031    2.65034003    2.53456452    2.20846592    2.10569232    2.17617557    0.33127492    0.00000000    0.95061507    0.56972294    0.61975939    0.67102597    0.58287306    0.58975515    0.57028618
Q9EMI9_AMEPV/1-205     2.02481500    2.21298499    2.48337335    2.38476631    2.34211512    2.18423514    2.38578955    2.02042797    2.21611686    3.08340841    2.72218661    2.37001825    2.64098085    2.48460473    0.90848730    0.95061507    0.00000000    0.95635934    1.05338395    1.02606197    0.94329211    0.91672532    0.93376153
Q070G9_CPRVZ/1-202     1.72591498    2.04993054    1.98588457    2.13338733    2.13925960    2.14540055    2.15431398    1.79320430    1.82559716    2.58878125    2.81095856    2.44587456    2.45209388    2.33039871    0.57242257    0.56972294    0.95635934    0.00000000    0.66127181    0.81560816    0.68772051    0.71238054    0.69688403
Q6TVS3_ORFSA/1-202     1.94232695    2.02390569    2.03420053    2.28181989    2.23402201    2.24650913    2.21258299    1.78202317    1.88851011    2.71274920    2.61701489    2.36708177    2.28950436    2.18032743    0.58023538    0.61975939    1.05338395    0.66127181    0.00000000    0.52793293    0.54031605    0.53585052    0.48836071
L1_VAR67/1-201     1.85728597    2.08676322    2.04052788    2.21371059    2.47040052    2.24154057    2.24096160    2.05407139    2.17639113    2.71674200    2.86630465    2.61028213    2.56579042    2.62136589    0.56094197    0.67102597    1.02606197    0.81560816    0.52793293    0.00000000    0.38272066    0.36921283    0.37068648
Q9Q8P1_MYXVL/1-201     1.84377275    2.04060558    2.01787903    2.06335126    2.33392957    2.07435287    2.34144474    1.92641144    2.11506470    2.87665181    2.91801397    2.34710962    2.40256184    2.47207711    0.50914350    0.58287306    0.94329211    0.68772051    0.54031605    0.38272066    0.00000000    0.28298704    0.26163886
Q6TUV3_YMTV5/1-201     1.90864507    2.05646147    1.95755511    2.11949388    2.23275789    1.99575253    2.15357040    1.96682744    2.04888297    2.91474303    3.13128893    2.56762571    2.46293066    2.41608213    0.53616511    0.58975515    0.91672532    0.71238054    0.53585052    0.36921283    0.28298704    0.00000000    0.17481343
Q08FT3_DPV83/1-201     1.94604031    2.01610830    2.08228293    2.27206444    2.42800992    2.25382398    2.32082202    1.96821219    2.08854377    3.01684543    3.07454713    2.47913929    2.56851837    2.45269713    0.48274916    0.57028618    0.93376153    0.69688403    0.48836071    0.37068648    0.26163886    0.17481343    0.00000000

