67
Q5CX98_CRYPI/215-739     0.00000000    0.38350839    0.57091734    0.58442448    0.58659132    0.48586879    0.62925366    0.70785340    0.77066158    1.22742514    1.16641745    1.08873099    1.25030507    1.25191754    1.29237368    1.47509907    1.47970577    1.36426588    1.32351990    2.14758903    2.07610406    2.04758749    2.02809890    2.14024704    2.10688847    2.21676080    2.05405934    1.90648141    1.98080831    1.97633537    2.02524480    2.18817568    2.19666260    2.28905675    1.96586933    1.82799444    1.97169997    1.94056353    1.75826683    1.89955347    1.91395149    1.75746876    1.88950888    1.81551092    1.85788636    1.83880883    1.87183721    2.21386679    1.72536903    1.73201314    1.79800256    1.06857863    0.96491782    1.17179166    1.13858891    1.92950925    1.89831636    1.89425821    1.60133448    1.55294235    1.49896955    0.72272604    0.77996963    0.49239991    0.45373639    0.47552983    0.46018873
Q8IL94_PLAF7/255-779     0.38350839    0.00000000    0.49441003    0.54273571    0.53825879    0.47115065    0.62221444    0.66203824    0.71970762    1.15918445    1.16201565    1.08326615    1.22965660    1.21321496    1.28494702    1.48510226    1.38293260    1.31486947    1.35834736    2.16410461    2.19957030    2.08096216    2.07684357    2.22002939    2.13741342    2.19967516    2.15335939    1.91454857    1.99658859    2.00749882    2.02931013    2.18782916    2.17408995    2.29777512    1.78897122    1.71785458    1.85862711    1.88666334    1.76064599    1.82958460    1.94360087    1.74364986    1.91128530    1.84751022    1.92259632    1.80005306    1.88150760    2.10605788    1.76100891    1.67755440    1.65865337    1.04841175    0.93762717    1.23342318    1.11876416    1.79089239    1.73130097    1.87605803    1.57798080    1.54142407    1.51225867    0.71533368    0.70352720    0.38743651    0.37913899    0.45806015    0.40239020
Q6CAF2_YARLI/214-739     0.57091734    0.49441003    0.00000000    0.45198628    0.53579731    0.53182637    0.64314537    0.66700193    0.74366544    1.14859782    1.17599208    1.14880850    1.28155072    1.24647189    1.34950186    1.42646196    1.43495393    1.29681952    1.32965452    2.10322388    2.15654255    1.96346335    2.03588666    2.19257426    2.05524647    2.20673399    2.22267566    1.68482789    1.82828231    1.83454844    2.04879093    2.06593354    2.16379942    2.26339065    1.74291903    1.59162326    1.80395731    1.79640688    1.73210648    1.82451311    1.70513876    1.65465865    1.74801685    1.67642130    1.68448463    1.61951936    1.64303012    2.04873390    1.70866089    1.69015361    1.78264133    1.00625421    1.00450439    1.11663633    1.09595105    1.77978217    1.74264017    1.74659372    1.49284035    1.49588815    1.43841418    0.78951967    0.77550324    0.55564035    0.50783511    0.49604556    0.53285529
A5DLE3_PICGU/219-741     0.58442448    0.54273571    0.45198628    0.00000000    0.47413575    0.52475393    0.64916622    0.66085395    0.72515378    1.24666777    1.25153710    1.16275677    1.35788835    1.31159569    1.41364124    1.40556971    1.46650803    1.33555064    1.35222740    2.19146061    2.15146602    2.06996920    2.03428107    2.23474118    2.11044315    2.18770023    2.05100161    1.85765548    1.99513619    1.98128299    2.05820302    2.13249363    2.14587572    2.23187837    1.83854565    1.63325472    1.89989695    1.87285385    1.80011640    1.92812049    1.76332242    1.78555074    1.86552539    1.81011671    1.84820910    1.73568127    1.80853021    1.99787498    1.75046808    1.68802467    1.76483420    1.08131074    1.04204227    1.14423345    1.11274053    1.78232369    1.80262896    1.78866328    1.55299043    1.57924615    1.47772575    0.74127413    0.73767796    0.50129232    0.49632695    0.47136589    0.54225765
Q75BW6_ASHGO/237-767     0.58659132    0.53825879    0.53579731    0.47413575    0.00000000    0.58326339    0.68384956    0.69646054    0.74654297    1.24413174    1.20546636    1.14131994    1.35046185    1.29906953    1.44123427    1.37897564    1.44631095    1.29211522    1.38429920    2.18915940    2.15503477    2.14416199    2.07552474    2.21215771    2.12105099    2.24401252    2.23061222    1.87659799    1.92258793    1.91765696    2.06616059    2.09075119    2.16214566    2.17149591    1.80056834    1.71145653    1.83891284    1.91860429    1.80977171    1.93161123    1.92029092    1.82156513    1.92012600    1.87015277    1.85071405    1.81670318    1.83999559    2.14855029    1.70451253    1.67419080    1.78888726    1.00655928    0.95367437    1.21265329    1.11608901    1.77986792    1.72695982    1.81636061    1.43933173    1.52317391    1.51419226    0.79759659    0.83745035    0.57011435    0.51261539    0.51484968    0.56224442
RIR1_VACCW/216-736     0.48586879    0.47115065    0.53182637    0.52475393    0.58326339    0.00000000    0.62154800    0.71008054    0.70849605    1.21822792    1.14786058    1.09884575    1.24530596    1.23544026    1.31715225    1.39286726    1.35747100    1.31496383    1.36004618    2.20535914    2.16090990    2.06097018    2.10734215    2.26356510    2.16372724    2.30887940    2.14754070    1.70398313    1.85431572    1.81877245    2.03111942    2.19703263    2.18243159    2.24408325    1.84181108    1.70763384    1.96807749    1.93846024    1.80144841    1.89720474    1.85944184    1.82332145    1.90844964    1.94473614    1.92897938    1.82212402    1.85177606    2.08679369    1.79556071    1.69776595    1.80310553    1.02141655    0.92956047    1.17062848    1.09524469    1.83861903    1.73664779    1.82004209    1.45097047    1.58246844    1.50199755    0.70997718    0.72999934    0.43703515    0.50206883    0.51324123    0.43687673
RIR1_ENCCU/210-730     0.62925366    0.62221444    0.64314537    0.64916622    0.68384956    0.62154800    0.00000000    0.80808727    0.74854254    1.20782843    1.22395398    1.17767315    1.29754508    1.24123492    1.38920005    1.48242755    1.41602741    1.35893817    1.31533954    2.16950259    2.15518577    1.87330298    1.96006571    2.02379688    2.00441757    2.09017161    2.09106197    1.89295184    1.97423178    1.94230341    2.06819291    2.00556399    2.14412680    2.23195016    1.82268087    1.68400033    1.88511784    1.81872079    1.83733423    1.87850834    1.82944017    1.83092233    1.81076791    1.83989113    1.80131435    1.79845747    1.89667528    2.08345960    1.76531674    1.73196170    1.73017570    1.03044006    1.04784558    1.19343325    1.06913507    1.66839550    1.64123667    1.60398021    1.51018710    1.45357254    1.41697069    0.79076243    0.80028503    0.63582101    0.62606418    0.63200487    0.58586655
Q8QNA7_ESV1K/210-732     0.70785340    0.66203824    0.66700193    0.66085395    0.69646054    0.71008054    0.80808727    0.00000000    0.83276597    1.17759014    1.15678310    1.10977059    1.32040511    1.24304675    1.42033827    1.45706881    1.50562311    1.33609779    1.35187791    2.06844677    2.01148497    1.95321644    1.97097261    2.09357325    2.08473362    2.11172500    2.01161349    1.82363620    1.93446581    1.97518355    2.04501894    2.24588341    2.25726759    2.20443473    1.77311539    1.71290509    1.80518850    1.84429715    1.70191298    1.77715777    1.82994953    1.60302309    1.85580637    1.81082860    1.89587038    1.82156212    1.84709967    2.16956102    1.79418904    1.77117381    1.76729878    1.00459285    0.99872637    1.18814946    1.16037355    1.91445741    1.76614050    1.84044890    1.65990902    1.64008773    1.62043564    0.83849981    0.87454371    0.64454741    0.67934802    0.65668104    0.68881177
O41111_PBCV1/230-748     0.77066158    0.71970762    0.74366544    0.72515378    0.74654297    0.70849605    0.74854254    0.83276597    0.00000000    1.24413545    1.22826048    1.13138610    1.31873458    1.33990126    1.38228980    1.47686879    1.44990719    1.30926544    1.32109875    2.09975261    2.16986176    1.95109960    1.98107150    1.96784630    2.10572301    2.21553432    2.14776499    1.90871458    1.85362202    1.80743587    2.04892751    2.01856659    2.19608069    2.16353168    1.81688550    1.74293061    1.82200790    1.80254618    1.77183135    1.87702954    1.80712981    1.75369585    1.77440174    1.68716942    1.74591695    1.66567923    1.70735953    2.14679899    1.69541828    1.71790312    1.76431368    0.96072068    0.88485458    1.30202741    1.14245367    1.83136919    1.67883816    1.72217242    1.60687894    1.58967309    1.47092798    0.86528531    0.92360463    0.74970217    0.75214158    0.75038122    0.71982144
Q9HMU3_HALSA/219-754     1.22742514    1.15918445    1.14859782    1.24666777    1.24413174    1.21822792    1.20782843    1.17759014    1.24413545    0.00000000    0.68875027    0.67772096    0.94867181    0.94663111    1.20931938    1.31948018    1.37513208    1.03481343    1.24330484    2.13834798    2.25954560    1.93820282    2.03677487    2.20158574    2.14275333    2.17479774    2.25391346    1.55165308    1.76023130    1.72783202    1.71633815    2.18091975    2.17858933    2.24044357    1.83467111    1.76052270    1.84749519    1.89666145    1.84627484    1.96736734    1.81586968    1.74779243    1.96323927    1.95359117    1.88901287    1.87455269    1.92869892    2.14259797    1.86413465    1.88876135    1.90470683    0.99416551    1.01587364    1.47828587    1.46194284    2.15733096    2.08134399    2.09085919    1.84145044    1.91447716    1.90836807    1.25638063    1.37907695    1.18141936    1.18879922    1.23596732    1.09379846
A9B0A4_HERA2/220-755     1.16641745    1.16201565    1.17599208    1.25153710    1.20546636    1.14786058    1.22395398    1.15678310    1.22826048    0.68875027    0.00000000    0.49860758    0.95707808    0.96375739    1.13302175    1.21538362    1.27173435    1.14470316    1.18998382    2.25344782    2.29584739    1.96256580    2.12925170    2.31478242    2.20288651    2.26126109    2.28664865    1.64599327    1.82627229    1.82313172    1.99923666    1.99156976    2.03337932    1.94224374    1.80852528    1.70983875    1.81780287    1.85504380    1.78041931    1.81805713    1.64228382    1.64907468    1.86376307    1.89278202    1.81458240    1.78166886    1.78860208    2.02631849    1.90292663    1.78455858    1.66672649    0.98341313    0.96827979    1.49353019    1.44003918    2.15665631    1.90316054    1.95375321    1.76488098    1.73786186    1.79055873    1.28294436    1.30200877    1.13258250    1.17431932    1.18561376    1.10625111
Q6FE75_ACIAD/338-873     1.08873099    1.08326615    1.14880850    1.16275677    1.14131994    1.09884575    1.17767315    1.10977059    1.13138610    0.67772096    0.49860758    0.00000000    0.96462729    0.97852132    1.16963011    1.26105253    1.26136909    1.03699625    1.17713501    2.17463076    2.27634627    2.01099080    2.21679003    2.28336091    2.30695383    2.24491639    2.27930654    1.68919835    1.72182317    1.72044254    1.98252763    2.14724286    2.09753615    2.04196338    1.71572663    1.71501774    1.85108563    1.79816218    1.76734549    1.91291907    1.72023330    1.61277524    1.76552510    1.84255615    1.84343284    1.72153075    1.77074882    2.08348228    1.92456579    1.67418028    1.74463162    0.93467871    0.88857130    1.43430438    1.48067948    2.19487680    2.03893869    2.17220004    1.84781277    1.90030356    1.89746634    1.24423493    1.22828739    1.01396845    1.07325568    1.16796871    1.08179927
RIR1_HELPY/214-765     1.25030507    1.22965660    1.28155072    1.35788835    1.35046185    1.24530596    1.29754508    1.32040511    1.31873458    0.94867181    0.95707808    0.96462729    0.00000000    0.40737671    1.05461911    1.09836279    1.00609034    1.25473352    1.30380975    2.07617038    2.17588643    1.91817371    1.99816404    2.20131393    2.09249284    2.24584845    2.21644255    1.69135039    1.96228895    1.93974942    1.98115683    2.08453530    2.15715653    2.09126979    1.70097755    1.60473794    1.81422235    1.70664303    1.62296646    1.80803241    1.56755377    1.55329209    1.68190683    1.68709254    1.63321346    1.63483332    1.64112707    1.97563196    1.90495724    1.80935246    1.92994839    1.35658055    1.20165684    1.75912998    1.66077556    2.21104704    1.98471995    2.06996717    1.82402245    1.87693635    1.75210362    1.28065618    1.39964680    1.26662055    1.31048022    1.31998118    1.18694455
Q0PCA1_CAMJE/213-766     1.25191754    1.21321496    1.24647189    1.31159569    1.29906953    1.23544026    1.24123492    1.24304675    1.33990126    0.94663111    0.96375739    0.97852132    0.40737671    0.00000000    1.06837391    1.06952032    1.01728532    1.25911584    1.30933575    2.04270526    2.27969817    1.99283077    2.09207578    2.21651740    2.24007983    2.33951065    2.27603957    1.78778114    2.01397270    2.04954944    2.03489548    2.25719661    2.18942069    2.19586639    1.73361346    1.55654733    1.62077634    1.68459586    1.68447716    1.79741714    1.67582449    1.57642588    1.70012964    1.72962317    1.59100300    1.66018907    1.69889767    2.05863466    1.94114293    1.87584597    1.94480795    1.32929285    1.19499406    1.72045117    1.64359305    2.13774127    1.93293652    2.03987058    1.78523496    1.89747779    1.75802591    1.21844048    1.32537917    1.22025872    1.24693007    1.27520578    1.22248102
RIR1_AQUAE/233-785     1.29237368    1.28494702    1.34950186    1.41364124    1.44123427    1.31715225    1.38920005    1.42033827    1.38228980    1.20931938    1.13302175    1.16963011    1.05461911    1.06837391    0.00000000    0.99912093    0.98393972    1.47221399    1.29992146    2.15167186    2.22709026    2.00633092    2.08734365    2.24152969    2.18779769    2.31380120    2.37551292    1.74042957    1.81991484    1.84009328    2.12468560    2.04460570    2.26328117    2.22470907    1.57659704    1.68196348    1.65470812    1.57598056    1.54006090    1.56006386    1.61588244    1.58581273    1.63330720    1.62281338    1.68024867    1.59259586    1.65067610    1.89825914    1.90865415    1.65424179    1.63945503    1.52772717    1.39667239    1.73604039    1.77177775    2.21879978    2.01297640    2.01071966    1.75882616    1.97449246    1.97938340    1.33726171    1.55765967    1.32130994    1.39227015    1.40947919    1.30917192
Q8P3T3_XANCP/289-812     1.47509907    1.48510226    1.42646196    1.40556971    1.37897564    1.39286726    1.48242755    1.45706881    1.47686879    1.31948018    1.21538362    1.26105253    1.09836279    1.06952032    0.99912093    0.00000000    0.80948284    1.48202585    1.54350949    2.35859682    2.54261216    2.09608691    2.19154200    2.20154452    2.18497887    2.36915891    2.29642720    1.95952863    2.28340731    2.22331179    2.21859858    2.20133148    2.50960484    2.44429794    1.65786328    1.57313904    1.63139114    1.57888741    1.53757350    1.55153980    1.66691819    1.59948809    1.54735453    1.58846115    1.57878638    1.48501452    1.58200244    2.18602206    1.85613799    1.87229462    1.83782761    1.46300505    1.41152288    1.84578111    1.72415182    2.21164868    2.01180759    2.05212260    1.79867914    1.87058831    1.88594884    1.46770204    1.61125812    1.41887750    1.39943814    1.36033267    1.33848063
R5QAY1_9FIRM/233-746     1.47970577    1.38293260    1.43495393    1.46650803    1.44631095    1.35747100    1.41602741    1.50562311    1.44990719    1.37513208    1.27173435    1.26136909    1.00609034    1.01728532    0.98393972    0.80948284    0.00000000    1.48841875    1.48977359    2.33758871    2.42023927    2.05470063    2.18798993    2.24561398    2.14872585    2.15118859    2.32496332    1.96052708    2.08846124    2.06861035    2.26776258    2.15504965    2.44170006    2.34790354    1.62095099    1.62338833    1.60183314    1.54779378    1.55165339    1.52684839    1.61371858    1.60163978    1.43292213    1.47873569    1.49923474    1.51283879    1.57251718    2.32479406    1.99452931    1.79906379    1.75921989    1.52865951    1.47806381    1.79009933    1.71148144    2.23876190    2.01541267    1.95555957    1.84075801    1.95993291    1.89898047    1.42380349    1.62890601    1.34213050    1.49091992    1.45811417    1.41947840
B0RGP9_CLAMS/225-758     1.36426588    1.31486947    1.29681952    1.33555064    1.29211522    1.31496383    1.35893817    1.33609779    1.30926544    1.03481343    1.14470316    1.03699625    1.25473352    1.25911584    1.47221399    1.48202585    1.48841875    0.00000000    1.08991873    2.20329881    2.22249493    1.98620331    2.07360093    2.03142686    2.09384915    2.27001343    2.13954874    1.81870281    1.72930157    1.72704543    1.83629081    2.13363472    1.99425977    2.05592538    1.79344416    1.69303787    1.90176231    1.77656362    1.74768526    1.87203569    1.72757770    1.71465737    1.93192652    1.87704567    1.91954018    1.74804901    1.76597153    2.06255250    1.66602235    1.72031409    1.88906956    1.21002397    1.20518554    1.44873201    1.63727926    2.16506802    2.07019102    2.16001553    1.83048304    1.86202146    1.76323752    1.37637557    1.49669219    1.36911859    1.38075096    1.40364326    1.33226063
B4UA32_HYDS0/244-901     1.32351990    1.35834736    1.32965452    1.35222740    1.38429920    1.36004618    1.31533954    1.35187791    1.32109875    1.24330484    1.18998382    1.17713501    1.30380975    1.30933575    1.29992146    1.54350949    1.48977359    1.08991873    0.00000000    2.14614745    2.15843329    1.94938009    1.94745193    2.19497504    2.00189375    2.13876713    2.11886547    1.48279702    1.53056058    1.54566900    1.92639622    1.86019160    1.88041110    1.80491040    1.85434792    1.75162816    1.98215839    1.90929841    1.79495364    1.85866528    1.77076674    1.90640171    1.94936998    1.87502726    1.85380746    1.87462463    1.85963641    1.99201537    1.87744640    1.81898269    1.87073588    1.23546876    1.24355555    1.51138694    1.48679576    2.31982977    2.04451926    2.11903371    1.95083865    2.00142413    2.00401711    1.40663724    1.45335136    1.34654423    1.32119051    1.36532283    1.29871044
Q897Z5_CLOTE/186-776     2.14758903    2.16410461    2.10322388    2.19146061    2.18915940    2.20535914    2.16950259    2.06844677    2.09975261    2.13834798    2.25344782    2.17463076    2.07617038    2.04270526    2.15167186    2.35859682    2.33758871    2.20329881    2.14614745    0.00000000    0.32894300    0.88311698    0.95868679    1.15696264    0.97717039    1.00826700    1.00370296    1.58584885    1.69816930    1.68127513    1.98876744    1.97366083    2.00054903    2.03508173    2.28996735    2.27695813    2.27091810    2.22294099    2.24126968    2.28664886    2.37521204    2.21249976    2.42690063    2.47332570    2.43584863    2.30266582    2.41619343    2.77926699    2.57238687    2.40833291    2.46391974    2.05873274    2.15768241    2.26757407    2.22203102    2.79142496    2.75556254    2.74819920    2.45684714    2.68800182    2.69599263    2.11829636    2.40862272    2.23779172    2.12752870    2.34998182    2.17058971
Q97K72_CLOAB/177-767     2.07610406    2.19957030    2.15654255    2.15146602    2.15503477    2.16090990    2.15518577    2.01148497    2.16986176    2.25954560    2.29584739    2.27634627    2.17588643    2.27969817    2.22709026    2.54261216    2.42023927    2.22249493    2.15843329    0.32894300    0.00000000    0.93399410    0.99793776    1.22984612    1.04472588    1.03037214    0.98874198    1.55498281    1.66035338    1.61072447    2.03870524    1.86771351    2.03171992    2.01920785    2.29164680    2.34950519    2.40675172    2.32517880    2.20114988    2.32914241    2.46085212    2.31173225    2.57879892    2.68775422    2.51519848    2.40999540    2.45325383    2.83637124    2.53729895    2.51931700    2.53502598    2.09579854    2.19802444    2.28542035    2.36498143    2.84131778    2.72945554    2.73722785    2.34616505    2.68100579    2.53222601    2.15486027    2.34253005    2.24921019    2.18065029    2.38812672    2.21754523
NRDJ_BDEBA/170-707     2.04758749    2.08096216    1.96346335    2.06996920    2.14416199    2.06097018    1.87330298    1.95321644    1.95109960    1.93820282    1.96256580    2.01099080    1.91817371    1.99283077    2.00633092    2.09608691    2.05470063    1.98620331    1.94938009    0.88311698    0.93399410    0.00000000    0.72660329    0.98259715    0.80253378    0.73840560    0.73910683    1.58978063    1.69066457    1.64529699    1.87658560    1.65071807    1.94363096    1.93074554    2.21758871    2.48968439    2.19527317    2.25610167    2.10503270    2.10773641    2.30726658    2.18973670    2.42627113    2.45305362    2.36685360    2.35849182    2.32952055    2.70541889    2.70021029    2.73187477    2.59802429    1.91340745    1.91727061    2.11704061    2.15392380    2.99794333    2.53872476    2.56128846    2.14048303    2.26440638    2.38516662    2.06108958    2.20601098    2.06514214    2.02503344    2.22688816    1.96905365
B5H8W6_STRE2/158-697     2.02809890    2.07684357    2.03588666    2.03428107    2.07552474    2.10734215    1.96006571    1.97097261    1.98107150    2.03677487    2.12925170    2.21679003    1.99816404    2.09207578    2.08734365    2.19154200    2.18798993    2.07360093    1.94745193    0.95868679    0.99793776    0.72660329    0.00000000    0.56878187    0.30434633    0.65410394    0.71510306    1.53419711    1.46703411    1.43329789    1.87552742    1.78000731    1.88882584    1.86198846    2.25144389    2.44908713    2.11408728    2.04937919    2.15203759    2.22238684    2.23479065    2.13920525    2.43334397    2.49554523    2.25109726    2.38248496    2.37997180    2.89788728    2.52998344    2.59229832    2.47890236    2.07278313    2.03882813    2.35045449    2.22994215    2.73947949    2.57527480    2.59279692    2.45447460    2.50378672    2.55040197    2.11589354    2.28419729    2.16269746    2.09858149    2.26197501    2.06329483
Q0RG44_FRAAA/136-679     2.14024704    2.22002939    2.19257426    2.23474118    2.21215771    2.26356510    2.02379688    2.09357325    1.96784630    2.20158574    2.31478242    2.28336091    2.20131393    2.21651740    2.24152969    2.20154452    2.24561398    2.03142686    2.19497504    1.15696264    1.22984612    0.98259715    0.56878187    0.00000000    0.43826760    0.80255298    0.90519016    1.60478263    1.80242251    1.80551909    2.11066655    1.78351661    1.94568150    2.08501332    1.98425649    2.14287333    2.13606026    2.04303359    2.13332931    2.06940661    2.20101519    2.15599663    2.38682783    2.50064265    2.33747699    2.31534986    2.29411165    2.59903425    2.60904717    2.45161304    2.42422714    2.05394586    2.13130002    2.40444104    2.29529082    2.77156506    2.55355839    2.45414933    2.18809387    2.49272054    2.35886450    2.32733789    2.45386159    2.22401630    2.25086295    2.40892110    2.26148269
Q0RDY5_FRAAA/154-689     2.10688847    2.13741342    2.05524647    2.11044315    2.12105099    2.16372724    2.00441757    2.08473362    2.10572301    2.14275333    2.20288651    2.30695383    2.09249284    2.24007983    2.18779769    2.18497887    2.14872585    2.09384915    2.00189375    0.97717039    1.04472588    0.80253378    0.30434633    0.43826760    0.00000000    0.64696347    0.73400578    1.57616166    1.58624342    1.58560491    1.93306944    1.77008435    1.89115526    1.96912789    2.16736648    2.39210096    2.26235598    2.15751347    2.13910356    2.17962238    2.20862831    2.18931198    2.56258245    2.62593359    2.40254028    2.37422581    2.33534479    2.76187317    2.63737946    2.67700188    2.50751669    2.12226448    2.19130086    2.31653267    2.22812993    2.79955792    2.52628134    2.39024508    2.36481028    2.50980754    2.60687231    2.26486175    2.42641226    2.23525874    2.09391626    2.39239305    2.18376281
A7HCF4_ANADF/158-698     2.21676080    2.19967516    2.20673399    2.18770023    2.24401252    2.30887940    2.09017161    2.11172500    2.21553432    2.17479774    2.26126109    2.24491639    2.24584845    2.33951065    2.31380120    2.36915891    2.15118859    2.27001343    2.13876713    1.00826700    1.03037214    0.73840560    0.65410394    0.80255298    0.64696347    0.00000000    0.47232692    1.65493968    1.72056968    1.65663839    1.90272292    1.84405202    2.06602079    2.02435821    2.23982558    2.46016076    2.26559069    2.31063143    2.18203650    2.26999814    2.30696497    2.17226379    2.38435466    2.50524604    2.38416654    2.25724700    2.35471639    2.96728074    2.77007257    2.53027240    2.46602932    1.97019638    2.17574368    2.27994830    2.42548641    2.76958073    2.86078048    2.90447668    2.40403931    2.57689774    2.49504318    2.31689052    2.46988129    2.24470227    2.20102523    2.38523298    2.22687289
Q1ISM3_KORVE/192-747     2.05405934    2.15335939    2.22267566    2.05100161    2.23061222    2.14754070    2.09106197    2.01161349    2.14776499    2.25391346    2.28664865    2.27930654    2.21644255    2.27603957    2.37551292    2.29642720    2.32496332    2.13954874    2.11886547    1.00370296    0.98874198    0.73910683    0.71510306    0.90519016    0.73400578    0.47232692    0.00000000    1.69066230    1.74384938    1.66308416    1.87431792    1.91156066    1.98827182    2.09783625    2.24538048    2.23715004    2.12623589    2.30598130    2.04157697    2.09543235    2.27993078    2.13844974    2.37237103    2.40715027    2.46060620    2.38055693    2.40201682    2.73456632    2.80880828    2.54979363    2.51005841    2.11444618    2.07923755    2.20408915    2.36637556    2.97464914    2.88281160    2.89717323    2.46067268    2.65718689    2.60169802    2.21264162    2.35714477    2.25270302    2.09411690    2.32396115    2.17795750
A4YHG9_METS5/194-772     1.90648141    1.91454857    1.68482789    1.85765548    1.87659799    1.70398313    1.89295184    1.82363620    1.90871458    1.55165308    1.64599327    1.68919835    1.69135039    1.78778114    1.74042957    1.95952863    1.96052708    1.81870281    1.48279702    1.58584885    1.55498281    1.58978063    1.53419711    1.60478263    1.57616166    1.65493968    1.69066230    0.00000000    0.93961522    0.92100721    1.24017335    1.35960935    1.58512753    1.62171695    1.65985795    1.77198976    1.88613590    1.87174481    1.94852436    2.04441613    1.84834545    1.85343266    1.92851308    1.89804879    1.95538278    1.91583769    1.87995879    2.30068828    2.22069176    2.16788671    2.21214723    1.72303596    1.64299173    1.89319297    2.07337918    2.71962106    2.45792514    2.41139438    2.36337292    2.35882127    2.32208092    1.55095622    1.97718141    1.74620097    1.88428849    1.89796935    1.82586835
NDRZ_PYRFU/744-1607     1.98080831    1.99658859    1.82828231    1.99513619    1.92258793    1.85431572    1.97423178    1.93446581    1.85362202    1.76023130    1.82627229    1.72182317    1.96228895    2.01397270    1.81991484    2.28340731    2.08846124    1.72930157    1.53056058    1.69816930    1.66035338    1.69066457    1.46703411    1.80242251    1.58624342    1.72056968    1.74384938    0.93961522    0.00000000    0.12904632    1.35153676    1.52641077    1.72265023    1.69771258    2.01808589    2.13249121    1.97727793    2.21098653    2.18227046    2.19846175    2.24576137    2.08855045    2.11870334    2.02539744    1.97543666    2.17699413    2.18740147    2.43228649    2.27948491    2.28880790    2.29309560    1.89399455    1.87458705    1.78861321    2.28387738    2.89881274    2.73791030    2.68580407    2.60922683    2.61966127    2.53495413    1.80287341    2.05731679    1.99485884    2.03880936    1.96786421    1.92274503
Q5JJ43_THEKO/744-1607     1.97633537    2.00749882    1.83454844    1.98128299    1.91765696    1.81877245    1.94230341    1.97518355    1.80743587    1.72783202    1.82313172    1.72044254    1.93974942    2.04954944    1.84009328    2.22331179    2.06861035    1.72704543    1.54566900    1.68127513    1.61072447    1.64529699    1.43329789    1.80551909    1.58560491    1.65663839    1.66308416    0.92100721    0.12904632    0.00000000    1.30350713    1.49367392    1.67202547    1.66625050    1.95064907    2.04807401    2.00091740    2.16298894    2.15308633    2.22056357    2.17797702    2.01613897    2.10911162    1.99252442    1.98177052    2.09340782    2.13371903    2.45632478    2.23788685    2.25861910    2.26031635    1.81984523    1.83230733    1.79310523    2.21967088    2.91253060    2.62877718    2.67267757    2.53919338    2.60849704    2.50157648    1.82231082    2.04844772    2.00189740    2.08137188    1.98780646    1.90021001
Q5V1R5_HALMA/175-772     2.02524480    2.02931013    2.04879093    2.05820302    2.06616059    2.03111942    2.06819291    2.04501894    2.04892751    1.71633815    1.99923666    1.98252763    1.98115683    2.03489548    2.12468560    2.21859858    2.26776258    1.83629081    1.92639622    1.98876744    2.03870524    1.87658560    1.87552742    2.11066655    1.93306944    1.90272292    1.87431792    1.24017335    1.35153676    1.30350713    0.00000000    1.46120118    1.45367355    1.51281141    2.02800846    2.05247021    2.22840758    2.17881099    2.12253324    2.26527115    2.32849800    2.12509433    2.02312655    1.94079797    1.89525296    2.00809971    2.07223461    2.57962475    2.28643074    2.24907094    2.34982611    1.98323983    2.03040458    2.23169651    2.44277599    3.02536477    2.92357203    2.77727668    2.58991611    2.68697628    2.73266547    1.88338410    2.32486566    2.01487157    2.21848126    2.07776797    2.09311793
Q11ZE1_POLSJ/91-613     2.18817568    2.18782916    2.06593354    2.13249363    2.09075119    2.19703263    2.00556399    2.24588341    2.01856659    2.18091975    1.99156976    2.14724286    2.08453530    2.25719661    2.04460570    2.20133148    2.15504965    2.13363472    1.86019160    1.97366083    1.86771351    1.65071807    1.78000731    1.78351661    1.77008435    1.84405202    1.91156066    1.35960935    1.52641077    1.49367392    1.46120118    0.00000000    1.16859316    1.16309623    2.11377561    2.18438808    2.23346553    2.40530698    2.21602178    2.65732922    2.19954974    2.25341264    2.38380854    2.23829408    2.27878853    2.21270889    2.37272316    2.68426677    2.51631970    2.55952655    2.46123915    2.07369795    2.09282373    2.33284177    2.34087639    3.05687484    2.61338322    2.66167461    2.54468492    2.55821352    2.69748947    2.22476306    2.30840164    2.11212251    2.14710281    2.14362866    2.20822710
A0LDD1_MAGMM/105-643     2.19666260    2.17408995    2.16379942    2.14587572    2.16214566    2.18243159    2.14412680    2.25726759    2.19608069    2.17858933    2.03337932    2.09753615    2.15715653    2.18942069    2.26328117    2.50960484    2.44170006    1.99425977    1.88041110    2.00054903    2.03171992    1.94363096    1.88882584    1.94568150    1.89115526    2.06602079    1.98827182    1.58512753    1.72265023    1.67202547    1.45367355    1.16859316    0.00000000    0.46364000    2.01144990    2.00730849    2.47837379    2.35133962    2.31317278    2.46663617    2.25518824    2.19815270    2.13871170    2.21909176    2.15650301    2.19661545    2.44610497    2.78140980    2.59538223    2.67840959    2.62241037    2.10072606    2.28768521    2.36743079    2.47922163    3.07341592    3.04086214    2.90898428    2.71184111    2.90355974    2.69419803    2.08158420    2.33091851    2.17668906    2.30062915    2.17450816    2.24097420
A4VFR5_PSEU5/136-681     2.28905675    2.29777512    2.26339065    2.23187837    2.17149591    2.24408325    2.23195016    2.20443473    2.16353168    2.24044357    1.94224374    2.04196338    2.09126979    2.19586639    2.22470907    2.44429794    2.34790354    2.05592538    1.80491040    2.03508173    2.01920785    1.93074554    1.86198846    2.08501332    1.96912789    2.02435821    2.09783625    1.62171695    1.69771258    1.66625050    1.51281141    1.16309623    0.46364000    0.00000000    1.98435057    1.96776877    2.57048007    2.32557612    2.30929904    2.47207796    2.34295748    2.37174018    2.37674252    2.34514301    2.25706125    2.35956955    2.35371349    2.79928937    2.55390024    2.75054847    2.59592148    2.00794754    2.17487983    2.42420049    2.38792188    3.26889556    3.16078059    3.01427535    2.75587406    2.96449137    2.94931816    2.18240718    2.30559869    2.17262262    2.30230983    2.22567088    2.17254224
Q1IXG5_DEIGD/111-634     1.96586933    1.78897122    1.74291903    1.83854565    1.80056834    1.84181108    1.82268087    1.77311539    1.81688550    1.83467111    1.80852528    1.71572663    1.70097755    1.73361346    1.57659704    1.65786328    1.62095099    1.79344416    1.85434792    2.28996735    2.29164680    2.21758871    2.25144389    1.98425649    2.16736648    2.23982558    2.24538048    1.65985795    2.01808589    1.95064907    2.02800846    2.11377561    2.01144990    1.98435057    0.00000000    0.40843104    0.94913849    0.83664560    0.99647079    0.89619743    1.19163641    1.08497551    1.06375451    1.04920168    1.10117639    1.05320010    1.10721458    2.16073812    2.17300499    2.04484684    1.99173596    1.78258678    1.80994831    1.88980306    2.11809315    2.16812204    2.17229666    2.12446458    2.17188677    2.05130051    2.16711161    1.84684555    1.97004350    1.76417455    1.83253971    1.97772571    1.81453056
Q9RZL7_DEIRA/167-687     1.82799444    1.71785458    1.59162326    1.63325472    1.71145653    1.70763384    1.68400033    1.71290509    1.74293061    1.76052270    1.70983875    1.71501774    1.60473794    1.55654733    1.68196348    1.57313904    1.62338833    1.69303787    1.75162816    2.27695813    2.34950519    2.48968439    2.44908713    2.14287333    2.39210096    2.46016076    2.23715004    1.77198976    2.13249121    2.04807401    2.05247021    2.18438808    2.00730849    1.96776877    0.40843104    0.00000000    0.91038466    0.83425795    0.95759196    0.96022159    1.10667773    1.03299715    0.99702443    1.00808607    1.04482927    0.98612686    1.05183749    2.25814674    1.97278589    1.93929611    1.94930362    1.81845371    1.68858432    1.78347313    1.99011444    2.13565139    2.09312693    2.10551127    2.08310363    2.08296612    2.05541332    1.73331334    1.76487522    1.69940479    1.74173575    1.80471775    1.71632988
Q184I5_CLOD6/163-683     1.97169997    1.85862711    1.80395731    1.89989695    1.83891284    1.96807749    1.88511784    1.80518850    1.82200790    1.84749519    1.81780287    1.85108563    1.81422235    1.62077634    1.65470812    1.63139114    1.60183314    1.90176231    1.98215839    2.27091810    2.40675172    2.19527317    2.11408728    2.13606026    2.26235598    2.26559069    2.12623589    1.88613590    1.97727793    2.00091740    2.22840758    2.23346553    2.47837379    2.57048007    0.94913849    0.91038466    0.00000000    0.65895597    0.60589066    0.67800788    0.96227511    0.96200689    0.78732753    0.81580974    0.86283481    0.84182600    0.91481405    2.25688106    2.07934537    2.03629261    2.01095225    2.02152940    1.82487192    1.94960305    2.17397757    2.50548210    2.23434455    2.38858788    2.22055371    2.15326502    2.19773616    1.85377845    1.92086140    1.82668337    1.88660803    2.06516397    1.82943088
A8FDJ4_BACP2/168-685     1.94056353    1.88666334    1.79640688    1.87285385    1.91860429    1.93846024    1.81872079    1.84429715    1.80254618    1.89666145    1.85504380    1.79816218    1.70664303    1.68459586    1.57598056    1.57888741    1.54779378    1.77656362    1.90929841    2.22294099    2.32517880    2.25610167    2.04937919    2.04303359    2.15751347    2.31063143    2.30598130    1.87174481    2.21098653    2.16298894    2.17881099    2.40530698    2.35133962    2.32557612    0.83664560    0.83425795    0.65895597    0.00000000    0.55676482    0.64208350    1.03099333    0.97991977    0.81320075    0.87018637    0.84557490    0.82584935    0.91328910    2.26427352    2.14726848    2.09193560    2.17874389    1.95069488    1.81172385    1.98255108    2.05183041    2.34752484    2.30438942    2.12096491    2.26785684    2.13063435    2.11843025    1.77193970    1.88390638    1.92448540    1.94664436    2.00379847    1.80216363
D1MPU6_BACAN/160-679     1.75826683    1.76064599    1.73210648    1.80011640    1.80977171    1.80144841    1.83733423    1.70191298    1.77183135    1.84627484    1.78041931    1.76734549    1.62296646    1.68447716    1.54006090    1.53757350    1.55165339    1.74768526    1.79495364    2.24126968    2.20114988    2.10503270    2.15203759    2.13332931    2.13910356    2.18203650    2.04157697    1.94852436    2.18227046    2.15308633    2.12253324    2.21602178    2.31317278    2.30929904    0.99647079    0.95759196    0.60589066    0.55676482    0.00000000    0.37688063    0.93748569    0.89297666    0.79147003    0.76171830    0.84222846    0.73465105    0.82764618    2.19984969    2.17519660    2.05520351    2.03565786    1.74901604    1.69772703    1.82936612    2.03047358    2.27982886    2.19350192    2.14544486    1.96341434    2.00765753    1.96719349    1.82432548    1.88729715    1.75551540    1.78703155    1.91957319    1.78303452
Q2G078_STAA8/189-706     1.89955347    1.82958460    1.82451311    1.92812049    1.93161123    1.89720474    1.87850834    1.77715777    1.87702954    1.96736734    1.81805713    1.91291907    1.80803241    1.79741714    1.56006386    1.55153980    1.52684839    1.87203569    1.85866528    2.28664886    2.32914241    2.10773641    2.22238684    2.06940661    2.17962238    2.26999814    2.09543235    2.04441613    2.19846175    2.22056357    2.26527115    2.65732922    2.46663617    2.47207796    0.89619743    0.96022159    0.67800788    0.64208350    0.37688063    0.00000000    1.07769460    0.97283134    0.85448917    0.85722619    0.89560077    0.87643141    0.90395760    2.36669287    2.20734882    2.13367881    1.95942880    1.79137162    1.71658553    1.97676908    2.11723020    2.30248754    2.31402654    2.19995440    2.03452359    2.03636229    2.05608883    1.81544131    2.05823309    1.83734450    1.95142664    2.08302405    1.88833052
F8WJY8_MYCGA/169-692     1.91395149    1.94360087    1.70513876    1.76332242    1.92029092    1.85944184    1.82944017    1.82994953    1.80712981    1.81586968    1.64228382    1.72023330    1.56755377    1.67582449    1.61588244    1.66691819    1.61371858    1.72757770    1.77076674    2.37521204    2.46085212    2.30726658    2.23479065    2.20101519    2.20862831    2.30696497    2.27993078    1.84834545    2.24576137    2.17797702    2.32849800    2.19954974    2.25518824    2.34295748    1.19163641    1.10667773    0.96227511    1.03099333    0.93748569    1.07769460    0.00000000    0.44656605    0.75498154    0.81713086    0.82969287    0.75967118    0.89972095    2.23145138    2.11659194    2.04624105    2.11740581    1.92608396    1.78020318    1.83249945    2.13271764    2.19446586    2.17757504    2.17527793    2.19943141    2.19273874    2.11574679    1.97393562    1.86602232    1.93043195    1.91869860    1.97903292    1.87082311
