129
K1Q9X0_CRAGI/27-156     0.00000000    1.60934453    1.71031817    1.78693380    1.99475935    2.01515736    1.46779498    1.53421314    1.49565864    1.40141528    1.78084367    1.91352377    1.54693544    1.76325066    1.62347477    1.60487577    1.46941206    1.56435044    1.66319207    1.81203915    2.06232598    2.01792457    2.50269914    1.89638513    1.76948955    2.03073249    1.83770706    1.84730401    1.99742225    1.97687138    2.16598009    2.11045088    2.19379551    2.26798870    2.05556814    1.95910874    2.03647767    2.31493563    2.17308019    2.26229590    2.14023760    2.08386430    2.37159546    2.37397126    2.32647647    2.56094832    1.47111956    1.92103553    1.61338276    1.63029616    2.16622928    1.55540963    1.41003558    1.83702838    2.09368781    1.61560837    1.53990371    1.33005363    1.56510410    1.51983650    1.90496131    1.88128681    1.68187499    1.58226713    1.55143781    1.58479983    1.39124990    1.37070310    1.43223735    1.65796501    1.53656312    1.67739604    1.60863724    1.51117532    1.57447305    1.84772838    1.62699011    1.77642556    1.81251946    1.89641210    2.05588016    2.02376539    2.00102618    1.78700765    2.03972197    2.10626214    1.80902766    1.48849588    2.00683026    2.11356057    1.94402957    1.92017772    1.72912978    1.86033207    2.11825326    1.90049078    2.02757315    2.20564464    1.77746841    1.84195938    1.83755019    1.99759749    1.82235556    1.85748718    1.84753516    1.62410815    1.65387540    1.68710868    1.90790474    1.86963972    1.92572930    1.83885506    2.02343345    1.84090462    1.96999250    1.82912241    2.04944791    1.97239237    1.92963508    1.53573765    1.79761425    1.74479769    1.77806736    2.06319619    1.62225222    1.98878067    1.59414676    2.13000763    2.46787198
W5M452_LEPOC/32-156     1.60934453    0.00000000    1.34847446    1.43644784    1.14497185    1.21412879    1.16310819    1.21588741    1.33123994    1.27973635    1.18732943    1.49541098    1.28208907    1.26518173    1.17952288    1.22412078    1.50471020    1.19513407    1.25906540    1.43801934    1.49591270    1.63378104    2.63962602    1.61835264    1.53630409    1.58467696    1.52512769    1.71913160    2.23365507    1.90387803    2.28517340    2.44361526    2.16500292    2.29894906    2.14314662    1.98036177    1.99543404    2.72672527    2.84376208    1.84910561    2.20529426    1.91982231    2.64625194    2.62884506    2.21080160    2.34090417    1.44012587    1.46513698    1.30968589    1.33064131    2.03098622    1.17159545    1.22696410    1.41152817    1.70724003    1.59226684    1.50332827    1.25613300    1.52860669    1.59568515    1.56784777    1.63817697    1.69534856    1.75387900    1.57500759    1.75907579    1.57130945    1.43673918    1.65812588    1.63800739    1.52092406    1.41541473    1.56157324    1.33273539    1.62933042    1.61724708    1.44092994    1.50910579    1.58806856    1.65134363    1.66397219    1.68929914    1.66972909    1.61745325    1.51888397    1.78043890    1.46695626    1.72464511    1.71764172    1.40917846    1.64398710    1.63090199    1.37810952    1.47579681    1.75797406    1.25938494    1.76654752    2.51807907    1.51903499    1.77893957    1.71903970    1.77121291    1.75210214    1.90491249    1.92437952    1.49615412    1.74045339    1.37020599    1.84168470    1.75709901    1.76888721    1.82125392    1.70769205    1.74372197    1.54314342    1.35192781    1.38989191    1.47200910    1.47031761    1.51200819    1.28986859    1.64628935    1.42947826    1.48343859    1.48394194    1.67272087    1.40180933    1.30055727    1.48807754
H2ZHI6_CIOSA/28-154     1.71031817    1.34847446    0.00000000    0.68007100    1.15955833    1.18445049    1.25850602    1.75750781    1.56151350    1.62099082    1.54224078    2.09207237    1.39129594    1.66786294    1.60716729    1.59908597    1.41617996    1.44369788    1.35125650    1.44262266    1.94496943    1.60951459    2.43670522    1.59330561    1.35428493    1.37002234    1.32333906    1.80576198    2.55670236    2.22703714    2.52337596    2.61998530    2.61797024    2.83748535    1.97630317    2.29539473    2.05234748    2.41472507    2.40174678    2.14421655    2.64770694    2.09232110    2.60513327    2.71111697    2.51933017    3.35104197    1.43194896    1.47044595    1.35175660    1.56919668    1.83792995    1.44477932    1.13784618    1.57262880    1.63532337    1.92207862    1.59009398    1.49360332    1.55525553    1.48069080    1.41196261    1.47838214    1.59939458    2.03990543    1.74665273    1.71632925    1.67037986    1.71921740    1.76231939    1.56184943    1.62973935    1.47471808    1.73113737    1.24089230    1.49947022    1.84677000    1.58115631    1.75645189    1.73949118    1.57044844    1.60307198    1.74320798    1.73488701    1.74423576    1.81435765    2.04271215    1.73009448    1.47543020    1.44284488    1.77578140    1.90101479    1.58271440    1.52686950    1.89764459    1.82274772    1.67513475    1.84011952    2.62942201    1.70311474    1.54624430    1.90126894    1.85494738    1.98307663    2.05008105    1.95112401    1.72909414    2.00618882    1.70225548    1.77026975    2.13558351    2.15733021    2.00625335    1.96609824    2.30182106    1.56229515    1.57255177    1.53105227    1.41465349    1.63631780    1.53316568    1.70323535    1.66029984    1.77848766    1.49684495    1.52382716    1.71559300    1.34816744    1.69071885    1.69804318
A0A1W2WGU2_CIOIN/29-156     1.78693380    1.43644784    0.68007100    0.00000000    1.37418980    1.30917019    1.46110409    1.72363479    1.57791198    1.63206969    1.42522890    2.13946316    1.47424310    1.70568320    1.45580468    1.55663348    1.48613173    1.47083880    1.20751893    1.51715440    1.92693751    1.81230629    2.38800815    1.61604630    1.55308000    1.40327134    1.39292581    1.92576667    2.58860705    2.40609629    2.26020292    2.57611906    2.59590396    2.43112256    2.11720862    2.38904419    2.11544127    2.57637553    2.50543985    2.05889234    2.50761092    2.23514251    2.85354358    2.97872243    2.49834408    2.85662997    1.27389495    1.45873652    1.44610349    1.50490746    2.08885851    1.48518278    1.38943430    1.69170051    2.02526047    1.98374900    1.51442130    1.33542292    1.53404519    1.34176136    1.56484432    1.53284134    1.53341890    1.81494301    1.69703660    1.60703734    1.49413818    1.66754645    1.64622298    1.55018357    1.65463259    1.45165045    1.70222169    1.24134097    1.50215376    1.78763071    1.57178602    1.58048092    1.61044205    1.49072262    1.62595516    1.57525498    1.72176598    1.79380307    1.75808694    2.01218305    1.51007959    1.66778585    1.68307061    1.93799001    1.80875844    1.47336572    1.67021372    1.78092615    1.74334865    1.73631549    2.27249605    2.39070323    1.92393350    1.57771176    1.69135545    2.07985999    1.84064064    1.93797959    1.65354913    1.75911106    1.69909651    1.68213098    1.96799975    2.13630462    2.35993376    1.87818073    1.80718673    2.14718002    1.69378138    1.60153577    1.48746799    1.47160009    1.73931727    1.58074767    1.60972181    1.83773730    1.81421391    1.66388067    1.68861241    1.94853441    1.39830027    1.69828773    1.92037904
F6PTA9_CIOIN/27-158     1.99475935    1.14497185    1.15955833    1.37418980    0.00000000    0.76872980    1.53204208    1.32957293    1.61247139    1.51017924    1.41579511    1.96325806    1.30216868    1.55620988    1.68702194    1.88521626    1.48554003    1.31557395    1.20714584    1.41414273    1.92358094    1.70444340    2.98942643    1.80821438    1.75084321    1.97541707    1.77649030    2.00458428    2.58587676    2.52557653    2.43208609    2.65059459    2.51525134    2.53862798    2.05259809    1.95232607    1.84394402    2.80605211    2.29383947    2.11944506    2.62120430    2.41724400    2.71562292    2.84259460    2.36227148    2.64694977    1.95824897    1.77663519    1.59425622    1.41960265    1.76076649    1.19173090    1.38493058    1.67667918    1.82746278    2.14898243    1.65135650    1.34171979    1.63494307    1.61506518    1.54748056    1.88717527    2.11386526    2.04397252    1.71206904    1.98597199    1.80635448    1.83556576    1.60782688    1.59679594    1.64471850    1.81824960    2.02733400    1.63298948    1.69858335    2.13604280    1.59991513    1.45810872    1.52244647    1.53875622    1.56875413    1.69988156    1.65185293    1.67172186    1.63428548    2.16605959    1.78409444    1.58303016    2.06661709    1.83433846    2.11366981    1.86290710    1.90485307    2.15809686    1.82465116    1.87210226    1.85652823    2.57524799    1.54270073    1.40970045    1.54817801    2.03470689    1.95866025    2.03487161    1.94437916    1.66993577    2.08620090    1.48916354    1.77861194    1.96922225    1.51428062    1.80393773    1.89020089    1.92267447    1.48088090    1.46325638    1.44266679    1.33183296    1.64449010    1.48644190    1.54519313    1.63422727    1.67018509    1.38523741    1.48004615    2.00577198    1.49022854    1.71270167    1.78666591
H2ZHI4_CIOSA/26-157     2.01515736    1.21412879    1.18445049    1.30917019    0.76872980    0.00000000    1.42718825    1.49440867    1.66266196    1.36664859    1.44061728    1.82902403    1.39613276    1.76011102    1.45104793    1.98700999    1.72985179    1.53042223    1.45087816    1.39840889    1.93576989    2.01441026    2.69743721    1.77535685    1.81574167    2.08437732    2.22562377    1.98267390    2.59465551    2.33765406    2.81425348    3.03894387    3.12359918    3.30422271    2.31116818    2.28081395    2.25502201    2.77193872    2.53828660    2.64249647    2.92256952    2.27711329    3.08931255    3.20836357    2.52548516    3.04984336    1.90797047    1.86558578    1.51878007    1.55896802    1.80860018    1.26569806    1.40764232    1.69035341    1.93205944    1.98850357    1.61217884    1.41985554    1.63192726    1.54152450    1.50037003    1.70084279    1.66378296    1.63452250    1.57689308    1.62355496    1.52865260    1.56657919    1.46597951    1.45409411    1.49083547    1.52693698    1.73333386    1.47406460    1.78999221    1.98144500    1.61779969    1.67501356    1.59648242    2.06089149    1.93226451    1.93863503    2.14538832    2.06427547    1.96809530    1.85729706    1.73734988    1.74000048    1.82023065    1.99984599    2.48474772    1.79091328    1.89813328    1.85788843    1.78032622    1.65558972    1.93058117    2.12714127    1.76997407    1.46724248    1.67960685    2.22015716    2.12082078    2.17567905    2.07797352    1.99696905    2.44597003    1.59819958    1.83137025    2.00929077    1.75142438    1.95353841    1.91109600    1.82834741    1.56525861    1.50814195    1.56693279    1.45089606    1.72269817    1.47640358    1.62169799    1.61454113    1.64847611    1.55659667    1.55241046    1.70809860    1.51989152    1.63208292    1.70496783
C3Y4H6_BRAFL/33-154     1.46779498    1.16310819    1.25850602    1.46110409    1.53204208    1.42718825    0.00000000    1.06301990    1.20872488    1.13419487    1.19996104    1.51471385    0.99715202    1.44443409    1.19339400    1.37013288    1.33478825    1.28549910    1.37105182    1.44166101    1.60848419    1.64119125    2.12884694    1.53237964    1.44919216    1.43998879    1.38860711    2.04598192    2.21751657    1.86318080    2.25424028    2.43706756    2.53422359    2.48804976    2.27184961    2.45399246    2.14832545    2.22624451    2.19683782    1.66277751    1.87563639    1.73501137    2.09149316    2.02279331    2.06980733    2.03916294    1.34400208    1.61692999    1.46381822    1.46993423    1.84875274    1.51435946    1.31918591    1.73698379    1.76389482    1.69136723    1.58851002    1.27316939    1.41178428    1.46534371    1.49086870    1.71862984    1.64628070    1.91764795    1.70061447    1.81496359    1.56184867    1.52666769    1.58356333    1.57171977    1.83154074    1.68343921    1.94147189    1.49843192    1.69366331    1.51452826    1.57627571    1.53387774    1.53972043    1.63283173    1.66108797    1.52020077    1.58370717    1.41409826    1.43741281    1.83394925    1.52082269    1.35411755    1.70240144    1.39578935    1.43066975    1.54078566    1.52231607    1.68289908    1.59866934    1.77583024    1.77020659    2.27597364    1.56913085    1.77036859    1.76454995    1.93065315    1.87658589    1.83704164    1.87369001    1.70572154    2.14281280    1.75831747    1.68758282    1.76610056    1.76542851    1.68670818    1.51847779    1.91396178    1.55748844    1.54001052    1.77934346    1.60869262    1.64658698    1.41564987    1.73390295    1.87706288    1.62408914    1.74105684    1.50411299    1.78974736    1.47584500    1.69345376    1.65313410
C3YBZ6_BRAFL/87-213     1.53421314    1.21588741    1.75750781    1.72363479    1.32957293    1.49440867    1.06301990    0.00000000    0.85583367    0.57403386    1.15173386    1.38631630    1.09297539    1.36487071    1.32986335    1.46585535    1.43927903    1.25406053    1.30759986    1.44132079    1.61437852    1.79588373    2.05436327    1.72124262    1.52224134    1.68242323    1.68434661    1.71923530    2.22505226    2.00552334    2.03861218    2.29204753    2.15905547    2.12567388    1.81017796    1.95041264    1.85108017    2.31261556    2.05641214    1.76352568    1.78239385    1.85020810    2.45035192    2.26974373    2.05040089    1.86480617    1.32506252    1.66506010    1.33582632    1.31810127    1.57444219    1.36883964    1.20583652    1.32522368    1.58168030    1.68168078    1.20971383    1.12640083    1.32604748    1.39076250    1.21367645    1.47406524    1.49045130    1.73010993    1.66426535    1.66957181    1.64610334    1.38337259    1.40708768    1.40382365    1.44249824    1.29941347    1.39527579    1.24808617    1.20287388    1.12893541    1.53352248    1.54269240    1.58576926    1.36670441    1.46559548    1.47332091    1.37982555    1.30635005    1.14302624    1.36516639    1.25031769    1.44694878    1.47939632    1.47661863    1.38271315    1.40833997    1.33672332    1.57489120    1.50198154    1.67607058    1.60655756    2.05892905    1.70413258    1.58454191    1.35252350    1.62603714    1.73568943    1.83604046    1.75563901    1.57336830    1.78801493    1.49205630    1.56196431    1.53903902    1.50480408    1.73523908    1.38796203    1.55796677    1.57327171    1.40890797    1.64968143    1.63826872    1.34982157    1.33387430    1.35565106    1.38089570    1.36472109    1.44857611    1.54641748    1.81731756    1.48916390    1.95469683    2.11860890
C3YNM6_BRAFL/37-164     1.49565864    1.33123994    1.56151350    1.57791198    1.61247139    1.66266196    1.20872488    0.85583367    0.00000000    0.61667893    1.30836891    1.37142846    1.15985229    1.46523434    1.11082830    1.53598769    1.45673184    1.42522919    1.59606126    1.69163681    1.51575082    1.82700299    2.05159837    1.61041923    1.46060737    1.42713576    1.32727268    1.53463960    2.03464773    1.98793016    2.12451044    2.26612475    2.05665080    2.08986897    1.65400572    1.78269855    1.56818160    1.78097759    2.07509382    1.57021331    1.61382611    1.66416346    2.06834052    1.96986958    1.80662527    1.96045952    1.15533782    1.41729485    1.23442543    1.27976638    1.55445597    1.22863461    1.15044635    1.34437490    1.88012275    1.65252901    1.28087357    1.23638823    1.33588401    1.27206783    1.44593151    1.59955110    1.41727007    1.88912453    1.63460692    1.79718502    1.77474255    1.59959414    1.58329327    1.49635759    1.50576682    1.25362089    1.60052114    1.21633396    1.18000173    1.17235848    1.37390418    1.55731528    1.41174986    1.34479856    1.26108054    1.28692217    1.29331409    1.27140329    1.25032904    1.37869044    1.25167817    1.24331870    1.49479798    1.56364646    1.45920681    1.30528731    1.28040885    1.49752909    1.56529262    1.56530874    1.83647171    1.87591281    1.79558040    1.48944351    1.56344160    1.87316106    1.71758759    1.61940037    1.87689832    1.63643464    1.86628503    1.38245943    1.64537858    1.47083491    1.55766076    1.73143863    1.58391963    1.83761561    1.67038831    1.66498491    1.77861666    1.62216936    1.28248586    1.23832005    1.22200470    1.39990560    1.33945033    1.50720815    1.28210080    1.81317140    1.52448071    1.92186482    2.09902625
C3YEZ5_BRAFL/34-158     1.40141528    1.27973635    1.62099082    1.63206969    1.51017924    1.36664859    1.13419487    0.57403386    0.61667893    0.00000000    1.08206377    1.23301125    0.90797033    1.30212563    1.18672571    1.24764780    1.43036312    1.38330496    1.45577232    1.36000092    1.60301637    1.72654006    2.11924150    1.60269117    1.49281672    1.72414476    1.70973140    1.67254779    1.86291166    1.84073921    2.07580181    2.37154052    2.25857241    2.17853472    1.69949499    1.86608520    1.76474646    2.04748069    2.02464598    1.63304162    1.75453334    1.73883320    2.23021847    2.19336125    2.02888319    1.89410319    1.44147962    1.53323892    1.38737876    1.29421448    1.42621652    1.30255035    1.17330862    1.35967694    1.84906481    1.57749532    1.43487537    1.27568378    1.48440200    1.38017033    1.57027886    1.63845662    1.46847119    1.75874473    1.56313011    1.61509559    1.68206602    1.38955793    1.40895443    1.35420890    1.37142827    1.26523601    1.54738589    1.04450069    1.10659709    1.27150174    1.55297163    1.64282218    1.63249058    1.46970990    1.36551377    1.44047118    1.38784608    1.40596587    1.33351646    1.39136710    1.30858750    1.30029122    1.42859010    1.59173393    1.68218858    1.42857008    1.52040734    1.48386045    1.53628631    1.60218730    1.65994280    2.00130360    1.51732017    1.49581208    1.40262538    1.60340349    1.50264438    1.61558422    1.60055154    1.39298903    1.70380703    1.31996078    1.44839659    1.48801377    1.61543471    1.58773483    1.35109618    1.58392998    1.43510702    1.46344677    1.55873387    1.54259221    1.42391464    1.20828203    1.30339025    1.53917080    1.45739472    1.49775939    1.51711533    1.68031424    1.36089018    1.80156213    1.92804377
C3ZK65_BRAFL/11-132     1.78084367    1.18732943    1.54224078    1.42522890    1.41579511    1.44061728    1.19996104    1.15173386    1.30836891    1.08206377    0.00000000    1.31973344    1.19006032    1.53780681    1.16004867    1.49649077    1.41636913    1.31545679    1.50023004    1.42319955    1.60927159    1.59962067    2.42699989    1.40354078    1.44753387    1.63727958    1.35482001    1.68654921    2.09556525    2.11744112    2.01714854    2.13625511    2.04820676    2.21290649    1.85892768    1.74553966    1.90958342    2.26693070    2.53162797    1.82500334    2.13079317    1.92995539    2.52991816    2.46820497    2.33524902    2.23047527    1.49714717    1.72268519    1.36019651    1.24266448    1.74727349    1.29426877    1.30797337    1.45415760    1.62684667    1.78413779    1.41240484    1.45037132    1.56562701    1.41645193    1.56887626    1.80341014    1.81655134    1.77038912    1.71933022    1.76240660    1.70819461    1.64250897    1.73052484    1.57374272    1.69218075    1.54952338    1.58122380    1.19496179    1.44129118    1.37913821    1.51742640    1.50251349    1.67314491    1.35799552    1.42562236    1.48725380    1.53322907    1.30562663    1.20622115    1.74312438    1.45663768    1.40268440    1.71835145    1.67013273    1.73996023    1.61862359    1.54801484    1.76191527    1.48984901    1.57058569    1.77356237    2.34818558    1.44011731    1.64992937    1.56891548    1.72380164    1.64237164    1.70263836    1.72434396    1.57857740    1.95570213    1.41702038    1.69390456    1.57394810    1.71084294    1.57215452    1.58994776    2.06369119    1.48227351    1.49271190    1.55347488    1.53935615    1.61742026    1.68204646    1.53336691    1.72799140    1.61079464    1.29720274    1.58098313    1.72388573    1.31608325    1.47178133    1.41046735
C3ZIT2_BRAFL/24-145     1.91352377    1.49541098    2.09207237    2.13946316    1.96325806    1.82902403    1.51471385    1.38631630    1.37142846    1.23301125    1.31973344    0.00000000    1.41758567    1.85777819    1.40932551    1.72893027    1.40769795    1.71795681    1.57891354    1.67418814    1.93850398    2.25661532    2.20835763    1.87900264    1.74053020    1.82152592    1.74649740    1.92296031    2.51121704    2.41314387    2.22918877    2.21481464    2.30877685    2.27068079    1.86636282    1.93637109    1.96745503    2.35022925    2.15185581    2.10823825    2.32208382    2.06595977    2.37615617    2.42170816    2.35470340    2.68906973    1.58772361    1.85251446    1.67692025    1.45175366    2.43957484    1.50945069    1.28470203    1.57015883    2.06364037    1.63373357    1.66859201    1.47657926    1.38869584    1.42260548    1.64527133    1.59102261    1.65191166    1.66914793    1.58987419    1.81244413    1.49462659    1.37894918    1.54921002    1.49822067    1.57576151    1.74390533    1.73441523    1.62706240    1.64606634    1.80867220    1.81550296    1.83220725    1.92169424    1.52412309    1.44955867    1.60452057    1.39400829    1.58104970    1.54393963    1.62393992    1.37219057    1.67577749    1.65896738    1.93765318    1.96895522    1.77196879    1.84718457    2.09283278    1.74726406    1.74679837    1.79254809    2.36619397    2.10932075    1.90680317    1.82632465    2.16950305    2.10612328    2.02083990    1.87503725    1.85804013    2.04403793    1.83740051    2.13572605    2.19760556    2.23405680    1.77088704    2.14410113    2.18807964    2.01684413    1.81479699    1.94617883    1.79483993    1.79044598    1.96901749    1.65055214    1.47577811    1.78780757    1.52193869    1.92504534    1.97358866    1.64319724    2.05608517    2.03139242
F7AMU0_CIOIN/28-155     1.54693544    1.28208907    1.39129594    1.47424310    1.30216868    1.39613276    0.99715202    1.09297539    1.15985229    0.90797033    1.19006032    1.41758567    0.00000000    1.02651003    0.87307984    1.52893869    1.30473783    1.14555931    1.22859044    1.20522459    1.55850686    1.96922075    2.32678804    1.51212572    1.36137663    1.49135785    1.56759560    1.49273556    2.06273678    1.89833413    2.48268077    2.60282768    2.43204333    2.44320277    2.02687156    2.01724280    2.16138714    2.26806374    2.06850630    1.86469984    2.03364415    1.88212886    2.48169037    2.40957351    2.21513611    2.30380634    1.30388992    1.79350972    1.54013708    1.41942210    1.73222435    1.41579134    1.24323480    1.61044733    1.85226766    1.61624735    1.40222155    1.33294982    1.48236078    1.54609054    1.44599860    1.62550546    1.77123256    1.80778022    1.58668656    1.65098959    1.60488909    1.42611061    1.56986716    1.44797557    1.46848129    1.49977221    1.69367742    1.47431416    1.60543882    1.46821160    1.49599424    1.63706445    1.50569257    1.37930926    1.55009747    1.58000765    1.48207094    1.39173159    1.46755414    1.58896666    1.53407567    1.50957658    1.46574130    1.61207640    1.63926761    1.84190812    1.67805256    1.74355085    1.70932076    1.92737844    1.68549368    2.52440974    2.00404084    1.70115286    1.56936881    1.95122177    1.92402445    1.87982936    1.96973497    1.90198670    2.18476443    1.73678101    1.81878479    1.74195840    1.72326198    1.94597006    1.82565391    1.89297785    1.80922607    1.58048270    1.66343304    1.67445379    1.43962965    1.23733569    1.49267124    1.74108079    1.55677348    1.78392995    1.57364348    1.75486471    1.37710886    1.63211960    1.78308017
H2YQ76_CIOSA/30-163     1.76325066    1.26518173    1.66786294    1.70568320    1.55620988    1.76011102    1.44443409    1.36487071    1.46523434    1.30212563    1.53780681    1.85777819    1.02651003    0.00000000    0.64649635    1.36488496    1.41305703    1.11591937    1.20718001    1.38671604    1.95475332    1.98950986    2.71889771    2.10872177    1.51231248    1.51115883    1.61315169    2.13913005    2.93500610    2.69905521    2.88720404    2.90526752    2.81742765    2.68935043    2.80297004    2.69494098    2.53505832    3.31868431    3.04130101    2.84027457    2.25057991    2.74664352    3.26458590    3.30574670    3.11057034    3.15280760    1.59936556    1.87066838    1.50947722    1.50528596    1.98717613    1.45769386    1.55330845    1.81835344    2.09677217    1.74620125    1.69714001    1.50422214    1.40077045    1.53086124    1.90064483    1.86845448    1.55629571    1.94939350    1.73025575    1.88401904    1.80327621    1.72725522    1.76133571    1.83452424    1.70911160    1.59184477    1.81725591    1.61171327    1.69682970    1.64574478    1.68599175    1.74227240    1.90253375    1.51698400    1.71801523    1.65668674    1.57883674    1.48440008    1.53505439    1.85739363    1.61254171    1.66939332    1.83843329    1.90280046    2.08342664    1.92986140    1.90457800    1.83992621    1.84454943    2.24039427    2.27921331    2.54999047    2.00280601    2.11727558    1.98310103    2.67639903    2.25216132    2.31566905    2.12324797    1.82164718    2.10365982    1.63654069    1.78629639    1.83761010    1.69028317    2.02936972    1.75390080    1.79400935    1.89435624    1.86170705    1.83751205    2.10309698    1.65403774    1.70780031    1.64223165    1.81458732    1.59593717    1.86673957    1.90591926    2.19140060    1.73340872    1.81221131    2.03769313
F6QY06_CIOIN/31-164     1.62347477    1.17952288    1.60716729    1.45580468    1.68702194    1.45104793    1.19339400    1.32986335    1.11082830    1.18672571    1.16004867    1.40932551    0.87307984    0.64649635    0.00000000    1.29505833    1.27198478    0.99034846    1.05444617    1.21911081    2.03972342    2.10621395    2.51956789    1.96763810    1.39437543    1.50270608    1.54018180    1.91377573    2.47342198    2.28300167    2.87399291    2.92515426    2.62485223    2.80650732    2.68318318    2.56634949    2.57095441    2.92647172    2.51388530    2.14218231    2.34408766    2.22952721    2.89104474    2.95256417    2.57477802    2.76375275    1.45250908    1.67053919    1.26352968    1.19951982    1.95848512    1.27624042    1.08644008    1.43628006    1.85028301    1.36076712    1.68405134    1.58622976    1.30105213    1.41611238    1.59708612    1.94557860    1.66117735    1.79759239    1.78489453    1.83552659    1.65349824    1.64096589    1.79689962    1.67367275    1.65606666    1.62301361    1.87503420    1.43238741    1.41410707    1.28552283    1.54418271    1.75716913    1.68872012    1.45892115    1.60088090    1.55836295    1.46322775    1.49205063    1.52145802    1.61189597    1.42682733    1.49860915    1.70381335    1.96805535    1.68806010    1.90946879    1.82136742    1.71026932    1.83928072    1.99210341    1.83749920    2.29359491    1.73466015    1.69677604    1.72613150    2.20715491    2.01006659    1.99734275    1.76980232    1.74975475    2.00796530    1.62483928    1.69551859    1.59090452    1.61842108    1.93663582    1.75624232    2.00483454    1.40975311    1.45523522    1.67382903    1.64138286    1.39709282    1.35285400    1.40195404    1.66320975    1.47291138    1.74688843    1.57617520    1.89687836    1.32226866    1.64090660    1.87794053
K7EFZ3_ORNAN/35-159     1.60487577    1.22412078    1.59908597    1.55663348    1.88521626    1.98700999    1.37013288    1.46585535    1.53598769    1.24764780    1.49649077    1.72893027    1.52893869    1.36488496    1.29505833    0.00000000    0.98271340    1.00780585    1.03390053    1.10241886    1.85043530    1.99972789    1.90777055    1.62145650    1.89068933    1.95014157    2.02442975    1.86935075    2.10687525    2.10168447    2.15001132    2.14816149    1.93717996    2.10259600    1.85265551    1.85224525    1.94792031    2.42890719    2.47009062    1.96131525    2.08378669    2.11909000    2.71136679    2.74894432    2.52416749    2.50700851    1.73841917    2.05953996    1.62899593    1.74416593    1.79812198    1.80771332    1.69648829    1.92051175    1.76796100    1.73309729    1.80081704    1.66614524    1.66670592    1.55014217    2.05539119    1.75004619    1.81174410    1.95128398    1.84957699    2.05535354    1.74527604    1.62807993    1.95602493    1.88174870    1.79979100    1.86016415    1.70676758    1.52473327    1.71035990    1.99657837    1.83665073    2.01318865    2.21098814    1.67900613    1.79008105    1.82772043    1.90049677    1.67795315    1.84293161    2.03950259    1.69684411    1.60756751    2.35825274    2.04033148    1.95271762    1.77768094    1.69713337    1.67586019    1.93676163    1.93598055    1.89493876    2.06737947    1.89985547    1.86299046    1.79173854    2.04602789    1.79688720    1.83358170    1.98398392    1.86164036    1.73872215    1.53803480    1.85135149    1.74687866    2.05036452    1.86856617    1.68048884    2.05356122    1.63925224    1.65940654    1.83339481    1.89949993    2.17113009    1.86277788    1.81391944    1.89833564    1.84875643    1.88757732    2.10424409    2.05961718    1.64923774    2.08638981    2.53963458
H2LLL6_ORYLA/29-151     1.46941206    1.50471020    1.41617996    1.48613173    1.48554003    1.72985179    1.33478825    1.43927903    1.45673184    1.43036312    1.41636913    1.40769795    1.30473783    1.41305703    1.27198478    0.98271340    0.00000000    0.66613434    0.64630231    0.62363294    1.93238260    1.54881789    1.84293052    1.54886447    1.61742840    1.89126352    1.84188643    1.65963339    2.20655757    2.29326157    2.14500806    2.25687817    2.10927804    1.87438951    1.83923973    1.67078797    1.82741709    2.54225577    2.40967689    1.92831792    2.42302721    2.12579509    2.42010208    2.34600178    2.24527287    2.49228980    1.35849308    1.93295785    1.43960155    1.49023584    1.70326258    1.43738808    1.35556588    1.70834713    2.02238645    1.60865760    1.54338608    1.52851685    1.47474087    1.32148021    1.55399519    1.47946851    1.59138565    1.82632820    1.65110802    1.79380569    1.68076892    1.35454649    1.56636146    1.57955774    1.61490043    1.70718329    1.64000388    1.32284137    1.59174342    1.68993661    1.58709310    1.62243750    1.82266730    1.58493154    1.64610041    1.71976338    1.71600068    1.58621498    1.45011889    1.93529289    1.62657507    1.36752374    1.57251527    1.86683818    1.71391033    1.65359059    1.58370524    1.72940313    1.62191177    1.71238785    1.78321216    2.16669825    1.86644401    1.63823701    1.68578745    2.06557125    1.88384030    2.03059242    1.91290436    1.81106911    1.84039306    1.57644045    1.94094207    1.88337418    1.81928575    1.85811203    1.82250788    1.86297878    1.27105846    1.39893140    1.44870348    1.60617598    1.69846188    1.31123862    1.45575127    1.59753691    1.45737739    1.37085347    1.61861976    1.75054114    1.48171566    1.87714491    1.98226266
W5NDP3_LEPOC/33-155     1.56435044    1.19513407    1.44369788    1.47083880    1.31557395    1.53042223    1.28549910    1.25406053    1.42522919    1.38330496    1.31545679    1.71795681    1.14555931    1.11591937    0.99034846    1.00780585    0.66613434    0.00000000    0.42785837    0.59703447    1.73001909    1.52215418    2.29654849    1.69865345    1.56998610    1.77063510    1.77453522    1.79598689    2.30340190    2.29261072    2.20056155    2.21450155    1.97410194    1.97075284    1.95117967    1.86475985    1.87444631    2.72898188    2.38730618    1.80030690    2.03405669    2.03688881    2.57664362    2.71752077    2.07232527    2.32281502    1.54482654    1.93453116    1.64534122    1.57776745    1.67659792    1.44529314    1.46583468    1.81690597    1.64453891    1.57922988    1.52423296    1.60814800    1.42848177    1.55853966    1.48407961    1.67492599    1.68693733    1.76231543    1.63532429    1.86054958    1.47026184    1.39275794    1.53905298    1.61623858    1.71172958    1.47980262    1.57990525    1.29246557    1.62549601    1.68190046    1.39138228    1.36633302    1.59245130    1.50927087    1.77728784    1.79663591    1.56978158    1.55419619    1.64016267    1.87795238    1.64282212    1.63611181    1.70092923    1.47765613    1.93617748    1.91887723    1.70555184    1.38872672    1.78404383    1.72956712    1.87922725    2.43728269    2.07909243    2.13882856    1.74997243    2.23831208    2.11489353    2.32924534    2.02187355    1.86204527    1.97042621    1.62376968    1.97942227    1.87150590    1.85497691    2.00486530    2.07942601    2.03426482    1.49105137    1.49542450    1.63855968    1.69323499    1.56348788    1.35404753    1.53245009    1.61911617    1.42582906    1.63606187    1.50921785    1.60949786    1.41765896    1.54019651    1.70131535
A2CEY7_DANRE/30-151     1.66319207    1.25906540    1.35125650    1.20751893    1.20714584    1.45087816    1.37105182    1.30759986    1.59606126    1.45577232    1.50023004    1.57891354    1.22859044    1.20718001    1.05444617    1.03390053    0.64630231    0.42785837    0.00000000    0.66007714    1.89063698    1.70218433    2.08682762    1.53889271    1.55566491    1.60344646    1.66953014    1.73399637    2.24060772    2.12303548    2.25884070    2.44527552    2.26084644    2.15770466    2.00890451    1.99956905    1.98724234    2.73839391    2.21414349    1.87231537    2.03677055    1.81202248    2.26389441    2.39225606    1.87731634    2.45584900    1.33662205    1.81804317    1.50041309    1.37196397    1.63850247    1.41274525    1.29257773    1.68263623    1.73759049    1.59480381    1.65302740    1.46844173    1.36607577    1.38190574    1.46672038    1.47070063    1.60639907    1.82422721    1.69862344    1.76183775    1.45514725    1.40320329    1.57589576    1.40085689    1.53120418    1.38657649    1.51282729    1.37153271    1.56340296    1.86132189    1.35669720    1.42217365    1.54972555    1.60614610    1.79823280    1.69863086    1.68066401    1.61718717    1.57752834    1.75343020    1.43808360    1.57700466    1.71302819    1.60247345    2.04750247    1.79111861    1.71704874    1.58526967    1.75960378    1.55525493    1.68628078    2.27711564    1.92888017    1.74123503    1.57931503    1.98582060    1.89273166    2.02786923    1.88019187    1.68247550    1.59983322    1.23462375    1.93280529    1.73957071    1.68486053    2.01126758    1.95957683    1.91292522    1.38032946    1.28250169    1.42519302    1.44389721    1.53387213    1.33305491    1.49728330    1.45352397    1.47714404    1.57876367    1.38280153    1.69132309    1.29422192    1.63131045    1.68990594
M4ARM3_XIPMA/27-149     1.81203915    1.43801934    1.44262266    1.51715440    1.41414273    1.39840889    1.44166101    1.44132079    1.69163681    1.36000092    1.42319955    1.67418814    1.20522459    1.38671604    1.21911081    1.10241886    0.62363294    0.59703447    0.66007714    0.00000000    1.75452520    1.80168865    2.73380275    1.75964263    1.71149125    2.09165701    2.21677162    1.79226099    2.24828260    2.22519623    2.25278119    2.12337002    2.23654520    2.28051989    2.09680116    2.07636560    1.96469642    2.72595153    2.45755909    2.03801719    2.36665570    2.45524106    2.80714291    2.93910269    2.48487585    2.52611660    1.53325737    2.11163916    1.69767597    1.78890009    1.70549527    1.46103858    1.52455978    1.84835756    1.72513072    1.61109081    1.75252818    1.58816226    1.71814841    1.76290216    1.64893959    1.66827897    1.77568275    2.11573569    1.92119553    2.03988366    1.67225539    1.52477919    1.78492532    1.58164039    1.78000182    1.62915480    1.74863556    1.66311608    1.75899170    1.91787844    1.45398556    1.54383601    1.68701588    1.58498900    1.76005415    1.76301326    1.74514136    1.68762264    1.72133281    2.10680777    1.81886825    1.85422160    2.01416123    2.10571939    2.38385069    2.13261505    2.09693212    1.89161657    1.83655143    2.09361303    1.88603414    2.42726205    2.16262046    2.14390306    1.90125589    2.46693156    2.12140787    2.06594757    2.11697069    1.98028812    1.94423925    1.59886224    2.06054950    1.91120762    1.90428861    1.99957915    2.35343124    2.22545565    1.44601143    1.62239778    1.73367289    1.74073505    1.62290018    1.56746228    1.61036115    1.73805101    1.63343743    1.59298462    1.93336939    2.00045476    1.48900537    1.70631679    1.82038386
T1FPP9_HELRO/57-190     2.06232598    1.49591270    1.94496943    1.92693751    1.92358094    1.93576989    1.60848419    1.61437852    1.51575082    1.60301637    1.60927159    1.93850398    1.55850686    1.95475332    2.03972342    1.85043530    1.93238260    1.73001909    1.89063698    1.75452520    0.00000000    1.62073151    2.04000509    1.83503455    1.46212937    1.80364731    1.60596334    1.91721433    1.90586979    2.13077331    2.27021386    2.38959796    2.33163583    2.27642827    2.02708307    1.98301689    1.95060637    2.26993470    2.29891877    1.90178879    1.95390840    1.70826156    2.49053860    2.38450492    1.76826404    2.06089795    1.65935760    1.88302296    1.57860834    1.68368601    1.98708648    1.62200253    1.51555420    1.67180303    1.71888981    1.83321230    1.51905015    1.49315177    1.60148205    1.78166395    1.88501596    1.64187097    1.61788976    1.57588056    1.48898110    1.79639576    1.51051473    1.45325072    1.47414795    1.53018746    1.48227997    1.62467436    1.69788635    1.46222688    2.06117791    1.59743013    1.50132833    1.71481831    1.70148198    1.58132345    1.59126679    1.72088224    1.67873705    1.55661554    1.64193735    1.72803071    1.67992031    1.91062753    1.97734258    1.76592457    1.83833848    1.82613352    1.80718866    1.74067903    1.96020271    2.23123886    1.99193621    2.61645030    1.88515221    1.98037903    2.21707212    2.30651438    2.20686476    2.01791163    2.02387062    2.09201349    2.11458770    1.90052579    2.47849303    2.09467487    1.83295988    1.39735789    2.11416157    2.08871691    2.16199302    2.10536163    2.15398121    1.97586542    1.75677720    1.75601894    1.58399638    1.70735497    1.68635870    1.70619807    1.96000935    1.96935085    1.73981750    1.77924351    1.81501507
