27
ULP2_CAEEL/553-791     0.00000000    2.04344247    2.44411011    2.46722357    2.52871435    2.87901423    2.41024188    2.29294810    4.28658808    3.24356571    3.63826229    4.61374977    4.31088949    4.74639298    4.30905026    4.47804332    4.80345229    4.91992069    5.59321538    5.66037229    5.70737931    5.23649440    4.73641506    4.83173760    2.73996092    2.49926710    2.50822299
ULP2_SCHPO/361-595     2.04344247    0.00000000    1.73308067    1.67674892    1.86659470    1.96371810    1.94559343    1.52104367    3.75250387    2.91124045    3.18530082    3.90963655    3.95487205    3.42267040    3.97624233    3.70121986    4.46396527    3.74356234    3.97845214    4.08079293    4.16205255    3.74691417    3.04222773    3.05890133    2.24197036    1.72920772    1.59215594
ULP2_YEAST/456-675     2.44411011    1.73308067    0.00000000    2.08639689    2.30172294    2.63625270    2.40677217    2.00588733    3.39091735    2.89647919    3.99807434    4.18938431    4.23099989    3.60946525    3.85786798    3.54997205    3.85532147    4.02133907    4.81575537    4.48044372    4.74660269    4.45199038    3.97803768    4.03912031    2.66224425    2.29802634    2.05462797
SENP3_HUMAN/400-572     2.46722357    1.67674892    2.08639689    0.00000000    1.52662496    1.83797161    1.42834384    1.36672341    3.33284066    2.70199755    2.84548254    3.53420866    3.47120200    3.40426666    3.34832536    3.11526677    3.95399780    4.05410236    3.39117726    3.38130515    3.67878721    3.40900546    2.98557484    2.49523640    2.34736693    1.78236282    1.67721470
ULP1B_ARATH/153-340     2.52871435    1.86659470    2.30172294    1.52662496    0.00000000    1.76224514    1.19549299    1.44074460    3.42713047    2.84327675    3.07505994    3.38034853    3.32924756    3.03052534    3.10823384    3.42985756    4.28022149    2.93720130    3.95876786    4.05687119    3.66858618    4.13465031    3.26461252    3.30311144    2.32853180    1.82742587    1.81582916
ULP1_YEAST/447-620     2.87901423    1.96371810    2.63625270    1.83797161    1.76224514    0.00000000    1.28550145    1.57571847    3.60595283    2.49874885    3.55005127    3.51110850    3.02183567    3.73416862    3.76357237    3.70247074    3.82424456    3.40286393    4.06726539    4.26101342    3.75384347    3.49084934    3.55623823    3.77915161    2.63769557    2.02046964    2.21056115
ULP1_SCHPO/391-567     2.41024188    1.94559343    2.40677217    1.42834384    1.19549299    1.28550145    0.00000000    1.06366862    3.11817159    2.84868807    2.85913943    3.53362308    3.08569115    3.28374291    3.37619587    2.87112732    3.83126592    3.39493007    3.92264661    3.62180138    3.76633339    3.66663763    3.51550674    3.22185048    2.29734041    2.04320312    2.29861169
Q9VWK5_DROME/1331-1511     2.29294810    1.52104367    2.00588733    1.36672341    1.44074460    1.57571847    1.06366862    0.00000000    3.31617072    2.70676310    2.64632686    3.49738833    3.27668205    3.16128951    3.51936138    3.30789511    4.03295362    3.42014173    4.06043155    3.96031154    3.39876043    3.50393181    3.16981356    2.70009493    1.92075457    1.85633466    1.76624043
ELAD_ECOLI/164-363     4.28658808    3.75250387    3.39091735    3.33284066    3.42713047    3.60595283    3.11817159    3.31617072    0.00000000    3.61528410    3.47110219    4.80269593    4.55665826    4.36018156    4.76654195    4.44277851    4.52666998    4.05480351    4.28733621    4.62828222    4.18829011    4.71217202    4.21133751    3.76066013    3.39265942    3.85734627    3.51561060
NEP2_SCHPO/90-279     3.24356571    2.91124045    2.89647919    2.70199755    2.84327675    2.49874885    2.84868807    2.70676310    3.61528410    0.00000000    2.53231048    4.07311193    4.66158566    3.67131474    3.40293758    3.11279767    3.33428653    3.59464720    4.02972857    4.39223813    4.29196052    3.62843341    3.79343747    3.75812001    3.49393130    2.65795067    2.74787440
Q9R9E9_PSESX/521-711     3.63826229    3.18530082    3.99807434    2.84548254    3.07505994    3.55005127    2.85913943    2.64632686    3.47110219    2.53231048    0.00000000    5.00221610    5.39017587    4.04114856    5.71003088    5.23076170    5.73269767    4.53708293    6.16158686    7.06283465    3.99087018    5.18253531    3.62828374    3.68134569    3.50574774    3.10631520    3.14872738
Q9STN4_ARATH/771-986     4.61374977    3.90963655    4.18938431    3.53420866    3.38034853    3.51110850    3.53362308    3.49738833    4.80269593    4.07311193    5.00221610    0.00000000    0.55384526    3.27330829    2.72574134    2.86456707    3.55377293    3.30342319    2.72696355    2.55254329    2.61559024    2.91927952    2.37274310    2.47768299    3.53000017    3.69352168    4.07891042
Q9ZQL7_ARATH/713-926     4.31088949    3.95487205    4.23099989    3.47120200    3.32924756    3.02183567    3.08569115    3.27668205    4.55665826    4.66158566    5.39017587    0.55384526    0.00000000    3.41454774    2.98138394    3.06867880    3.62589328    3.16579612    2.63515040    2.48652171    2.71899248    2.88505545    2.56631065    2.68005236    3.38222874    3.58686194    3.83092089
O81440_ARATH/635-835     4.74639298    3.42267040    3.60946525    3.40426666    3.03052534    3.73416862    3.28374291    3.16128951    4.36018156    3.67131474    4.04114856    3.27330829    3.41454774    0.00000000    2.53271893    2.73231927    3.87649080    2.95080347    3.19521641    2.67641523    3.05289834    2.90031079    2.87801779    2.99349892    3.50976433    4.29624114    3.88203644
Q9SW62_ARATH/577-788     4.30905026    3.97624233    3.85786798    3.34832536    3.10823384    3.76357237    3.37619587    3.51936138    4.76654195    3.40293758    5.71003088    2.72574134    2.98138394    2.53271893    0.00000000    1.32537603    1.79814171    2.54724331    2.10429043    2.27963595    2.53619037    2.56139225    2.16236235    2.08737085    4.11749345    4.18471837    4.11969140
Q9SK40_ARATH/703-919     4.47804332    3.70121986    3.54997205    3.11526677    3.42985756    3.70247074    2.87112732    3.30789511    4.44277851    3.11279767    5.23076170    2.86456707    3.06867880    2.73231927    1.32537603    0.00000000    0.58900977    2.49595888    2.22400659    2.21116306    2.66364760    2.57150637    2.16390741    2.23033721    3.87277968    4.14321475    4.30141581
Q9ZQK2_ARATH/956-1160     4.80345229    4.46396527    3.85532147    3.95399780    4.28022149    3.82424456    3.83126592    4.03295362    4.52666998    3.33428653    5.73269767    3.55377293    3.62589328    3.87649080    1.79814171    0.58900977    0.00000000    3.85349407    2.50733947    2.62133090    3.02970553    3.35195652    2.75601003    3.07476710    4.50301495    4.35677747    4.48619031
Q9XED0_ARATH/726-915     4.91992069    3.74356234    4.02133907    4.05410236    2.93720130    3.40286393    3.39493007    3.42014173    4.05480351    3.59464720    4.53708293    3.30342319    3.16579612    2.95080347    2.54724331    2.49595888    3.85349407    0.00000000    2.15610612    2.11620271    2.22779655    2.56611786    2.50253428    2.29370329    3.97633141    3.64369217    3.80801575
O65702_ARATH/175-382     5.59321538    3.97845214    4.81575537    3.39117726    3.95876786    4.06726539    3.92264661    4.06043155    4.28733621    4.02972857    6.16158686    2.72696355    2.63515040    3.19521641    2.10429043    2.22400659    2.50733947    2.15610612    0.00000000    0.36066441    1.64670561    1.61228196    1.79874141    2.04049415    4.62678498    4.80983208    4.11216690
Q9SHW2_ARATH/648-855     5.66037229    4.08079293    4.48044372    3.38130515    4.05687119    4.26101342    3.62180138    3.96031154    4.62828222    4.39223813    7.06283465    2.55254329    2.48652171    2.67641523    2.27963595    2.21116306    2.62133090    2.11620271    0.36066441    0.00000000    1.66675849    1.61562729    1.77667704    1.98592470    4.12959710    4.48627839    4.05470342
O81428_ARATH/472-675     5.70737931    4.16205255    4.74660269    3.67878721    3.66858618    3.75384347    3.76633339    3.39876043    4.18829011    4.29196052    3.99087018    2.61559024    2.71899248    3.05289834    2.53619037    2.66364760    3.02970553    2.22779655    1.64670561    1.66675849    0.00000000    1.97302476    1.60413068    1.77653784    4.24105577    4.64655126    4.23926258
Q9XIH2_ARATH/1003-1217     5.23649440    3.74691417    4.45199038    3.40900546    4.13465031    3.49084934    3.66663763    3.50393181    4.71217202    3.62843341    5.18253531    2.91927952    2.88505545    2.90031079    2.56139225    2.57150637    3.35195652    2.56611786    1.61228196    1.61562729    1.97302476    0.00000000    0.84749491    1.26146168    3.72586961    4.11731294    4.18734346
Q9SL11_ARATH/807-1021     4.73641506    3.04222773    3.97803768    2.98557484    3.26461252    3.55623823    3.51550674    3.16981356    4.21133751    3.79343747    3.62828374    2.37274310    2.56631065    2.87801779    2.16236235    2.16390741    2.75601003    2.50253428    1.79874141    1.77667704    1.60413068    0.84749491    0.00000000    0.19370190    3.21661677    3.93679654    3.64216640
Q9ZSH5_ARATH/367-537     4.83173760    3.05890133    4.03912031    2.49523640    3.30311144    3.77915161    3.22185048    2.70009493    3.76066013    3.75812001    3.68134569    2.47768299    2.68005236    2.99349892    2.08737085    2.23033721    3.07476710    2.29370329    2.04049415    1.98592470    1.77653784    1.26146168    0.19370190    0.00000000    3.37203368    3.93522930    3.65301287
O44984_CAEEL/48-302     2.73996092    2.24197036    2.66224425    2.34736693    2.32853180    2.63769557    2.29734041    1.92075457    3.39265942    3.49393130    3.50574774    3.53000017    3.38222874    3.50976433    4.11749345    3.87277968    4.50301495    3.97633141    4.62678498    4.12959710    4.24105577    3.72586961    3.21661677    3.37203368    0.00000000    2.29487883    2.30317320
ULP1C_ARATH/345-554     2.49926710    1.72920772    2.29802634    1.78236282    1.82742587    2.02046964    2.04320312    1.85633466    3.85734627    2.65795067    3.10631520    3.69352168    3.58686194    4.29624114    4.18471837    4.14321475    4.35677747    3.64369217    4.80983208    4.48627839    4.64655126    4.11731294    3.93679654    3.93522930    2.29487883    0.00000000    0.42164653
ULP1D_ARATH/357-567     2.50822299    1.59215594    2.05462797    1.67721470    1.81582916    2.21056115    2.29861169    1.76624043    3.51561060    2.74787440    3.14872738    4.07891042    3.83092089    3.88203644    4.11969140    4.30141581    4.48619031    3.80801575    4.11216690    4.05470342    4.23926258    4.18734346    3.64216640    3.65301287    2.30317320    0.42164653    0.00000000

