85
Q3A5H4_PELCD/6-127     0.00000000    2.93213573    3.88110484    3.09989923    3.08813389    2.39826107    3.56655398    2.78478764    2.90008392    2.75324329    3.12412335    2.88505098    2.88130578    3.02781419    4.00157496    3.90640359    2.41013278    2.68248291    2.25207262    3.18715902    2.48372733    2.63512428    2.78253860    2.26532003    3.46449636    3.59926660    3.08626054    2.81174331    2.41681181    2.83867351    2.11915673    2.70941645    2.69599863    2.17156320    2.74494154    2.34583288    2.37574822    2.58611315    2.85825065    3.27337464    3.58175950    3.65437523    3.57578410    3.66896233    3.38675104    4.05019321    3.53091121    3.27005897    4.03664724    3.00017366    2.82489003    3.60928519    3.33561918    3.25646081    3.22880146    2.69783262    5.14611678    3.18162628    2.92229144    3.55357146    3.48728974    3.61504820    3.56717943    3.91918989    3.83462886    3.59552118    4.19598831    3.09696675    4.17941622    3.29585952    3.47343688    3.38217476    3.44329943    2.87048718    3.59509317    3.09114196    3.88928083    3.02880960    3.88190251    3.03377953    3.48903358    3.44951146    3.03975254    3.95938643    3.27985324
A6UV61_META3/9-127     2.93213573    0.00000000    2.45336046    2.76613094    2.77845396    2.84673043    3.12978288    2.87755955    3.36395962    3.35767326    3.29589653    3.51737802    2.77662176    2.39951661    3.29990722    3.21866410    2.18064349    2.89585340    2.82804662    3.86857671    2.59047785    2.17570741    2.37960133    2.81801891    2.90297952    2.90264470    2.82846148    3.31601185    3.02764835    2.46422486    2.03433227    2.50333226    2.57847745    2.44886955    2.85619858    2.20384429    2.03987058    2.62732427    2.99591597    2.80062373    3.55680562    3.13195237    3.01617198    3.16762269    3.38545945    2.95714326    3.20422122    3.44510316    3.41350728    2.53104719    3.16281176    3.36260785    3.13237325    2.51952795    3.40704845    2.51256389    3.22412802    3.26766744    2.90578268    3.74660017    3.77789294    3.61454521    3.55441888    4.35815781    4.02974461    3.69404670    3.35545770    4.15946830    3.73771050    4.04019012    4.68345568    3.53771327    3.91531926    3.82531674    3.58642710    4.02503075    3.26634901    3.62233471    3.62034020    3.26552524    4.31329537    4.33056448    3.95471941    4.21789842    2.47689637
Y1487_METJA/3-127     3.88110484    2.45336046    0.00000000    3.39201104    3.96965737    2.76836683    4.06517002    2.90101007    4.17038175    4.23259895    4.55290672    3.84167033    3.46002177    3.65047379    3.25297945    3.22954603    3.20749132    3.49250270    3.14569718    3.99071254    3.01307707    3.48068402    2.73723106    3.13567091    4.30093957    4.14705770    3.30692720    3.92622695    3.73770021    2.92119077    3.05197343    3.00320470    2.67062286    2.68649997    2.82595634    3.28523236    3.25687480    3.67473781    3.14444762    2.91670723    3.43715622    3.56267449    3.73712099    4.14160593    4.19822973    4.41934375    3.35064736    3.94057529    3.93502104    3.01556620    3.93239265    4.35829472    4.08252734    3.85584284    4.13986135    2.97281649    4.82523197    3.60418681    3.55519315    3.38314783    3.77618370    3.37175413    3.51941282    4.44137614    3.70860501    2.94868011    3.88810570    4.20774520    4.51449788    4.67603640    4.75703935    4.39384052    5.45310797    3.60461987    4.34156301    4.11373256    4.67710076    4.79044696    4.07540759    4.11353527    4.55820293    4.12425151    3.20263586    4.51664370    4.11486288
F8JNE0_STREN/14-127     3.09989923    2.76613094    3.39201104    0.00000000    2.14065799    2.67469319    3.30698259    1.91218327    2.80962097    2.27740469    2.80828158    2.61281554    2.95604160    2.38472894    2.99811963    3.27379523    2.36546883    2.24682216    2.30310613    2.73192898    2.32673109    2.15303370    1.99799652    2.02035625    3.14538511    2.22560372    2.38743545    2.11256280    1.98992089    1.79076986    1.90325343    2.47891053    2.48038963    2.05347285    2.00751798    2.41953032    2.82209760    2.33532213    2.26885647    3.69901717    3.67987886    4.06970822    3.50283635    2.97368236    3.91704137    3.80356800    3.75251369    3.74771532    2.94870582    2.95866642    3.32637652    3.14314184    3.31002104    3.37919713    4.13729028    3.27450983    3.72845626    2.84621914    2.86484316    3.32415997    3.42566804    3.17702072    3.41206631    4.32784968    2.90136915    2.95914037    3.41996976    3.44507766    3.48556008    3.70482528    4.15226492    4.08255391    4.00413061    3.26396171    4.23596749    3.90887732    3.90619314    4.22245119    3.26311444    3.49702595    4.44434115    4.49314516    4.28619001    4.06933504    2.16271444
Q01S20_SOLUE/5-126     3.08813389    2.77845396    3.96965737    2.14065799    0.00000000    1.97084852    2.78392433    2.45051484    2.88451698    2.98185860    2.80154558    2.88902648    3.28930131    1.80872019    3.05237606    3.40154592    2.19475286    2.54120116    2.28999693    2.63446329    2.88966628    2.13513979    2.18965413    2.25204507    2.56206430    2.15286766    2.41528846    2.53278749    2.54323626    2.13986382    2.25498201    2.09196542    2.17337932    2.42270247    2.61578372    3.05985838    2.79150163    3.13546082    2.55635039    4.26363321    4.00701180    3.85477953    3.36184499    4.28506058    3.90505325    4.24555398    4.81177362    3.98266521    4.14458613    4.11174281    5.10254011    4.60164253    4.06050370    4.88676111    5.83823504    4.30459442    5.57586227    3.83721199    3.92163191    4.65364118    4.91312510    3.81839425    4.31994348    4.93192734    4.49291086    4.04183322    5.36605636    4.59727005    5.69017419    4.59383343    5.27584103    4.11013838    4.60345406    4.07516803    3.89212913    4.31560887    4.02011624    4.82283141    3.86615709    3.96943425    5.19145422    6.58896328    6.12382778    6.04380744    3.48741425
Q74AB3_GEOSL/330-450     2.39826107    2.84673043    2.76836683    2.67469319    1.97084852    0.00000000    2.10561891    2.03386228    2.29743403    2.45959315    2.71651364    2.17639905    2.73082696    2.00967562    2.30552705    2.84461302    2.56153605    2.85826419    2.24156777    3.21434010    2.76854131    2.85437642    2.21109923    2.11866628    3.20944104    2.23314493    2.44153464    2.12555146    2.45655784    2.15631599    2.27576961    1.99762993    2.02736477    1.90759258    2.07123862    3.02139695    2.32179662    2.51519339    2.60718515    3.21740699    4.73418140    3.62032125    2.95875757    3.91675289    3.91579455    4.56601595    3.28039445    3.26817862    4.81093803    3.71744876    3.99175962    4.09735852    3.52504505    3.95142930    5.14916659    3.00006747    7.06571253    3.99848729    3.38995581    4.04703846    3.95138977    3.51275107    3.91939902    4.22305233    4.45119054    5.31401206    5.48099495    3.76067478    4.92478146    3.69896658    4.43319222    4.30451284    4.25410489    3.30771034    3.72977468    3.46889336    3.86905217    4.09527595    3.76447501    3.61022421    5.03063326    4.63913369    4.56337334    4.54569361    3.06095491
V6KVQ0_STRRC/29-143     3.56655398    3.12978288    4.06517002    3.30698259    2.78392433    2.10561891    0.00000000    2.36490421    2.87074120    2.81203236    3.03225966    3.18698724    3.33944722    3.12972548    3.82641503    4.33195964    2.59345505    3.11890971    2.47341325    3.18279524    2.35252704    2.81191851    2.43365980    2.83138783    3.81067474    3.92678166    2.34478839    2.75144510    2.63067040    2.37972803    2.87473790    2.81340517    2.59947597    2.37498176    2.58197358    3.43669500    2.84234494    3.14368515    2.59785612    4.11171541    3.92564490    4.30350604    3.64971304    3.78653438    4.92336980    4.37752302    4.01075333    4.03173474    5.52214850    3.54932171    4.19262260    4.21727889    3.48074104    3.93690758    4.12967469    2.98009539    5.32237990    4.48335863    3.54396890    4.01593620    4.10377987    4.21652436    4.69267112    4.53667465    4.07063049    4.33393669    4.98191961    5.35065822    4.64942607    4.25545080    3.83924123    4.12191147    4.43004786    4.31604564    4.64867456    4.99362963    4.64241370    4.53952242    3.94095146    3.68772273    5.53333934    5.78153085    4.97978062    4.98904111    3.89555019
J9ZDC0_LEPFM/13-130     2.78478764    2.87755955    2.90101007    1.91218327    2.45051484    2.03386228    2.36490421    0.00000000    2.29021633    2.06268046    2.86928809    2.27488933    2.31640403    2.28946664    2.30974393    3.17978991    2.54144794    2.38669821    2.01208737    2.30316780    2.05560916    2.08866354    2.16240328    2.11646407    3.17804214    2.85566973    2.49454643    1.82580534    2.08840161    1.73595620    1.93371695    1.97701638    1.83112421    1.81207287    1.58336230    2.23211800    2.14194466    2.57781852    2.54743778    3.02854184    3.19205839    3.43866725    3.29044475    2.89087599    3.72699183    4.68319591    3.78091128    3.57523917    3.81126858    2.98999945    3.76846481    3.66305467    3.35979186    3.52013407    3.82025628    2.76835444    4.07546901    3.02968317    3.12411917    3.13107885    3.51489934    3.39638325    3.63043469    4.41420947    3.69725250    3.10670846    4.23716123    3.27539455    3.85820614    4.17936301    4.23322257    3.54988713    3.83051267    3.80409099    2.99819774    3.32224630    4.00671763    3.86821869    3.00690821    3.69291726    4.32644558    4.09468398    3.90503576    3.91584990    2.57006769
A3DKA2_HUNT2/3-124     2.90008392    3.36395962    4.17038175    2.80962097    2.88451698    2.29743403    2.87074120    2.29021633    0.00000000    0.91750668    0.96986318    1.01721295    1.21376366    1.14515795    4.09791216    2.99660025    2.57340300    2.85436589    2.26513859    3.17832709    3.08190334    2.98043599    2.46033911    2.37278591    3.91742702    2.94450180    2.84342587    2.10875191    2.10958567    2.42823494    1.97892365    2.84541984    2.48856061    2.83191318    2.63974430    3.14164106    2.94187392    3.17819334    2.91097521    3.56411390    4.47281253    5.04602607    3.46119863    4.16582581    4.76945495    4.26580482    3.92986441    3.96614077    3.64529585    3.04716448    4.05316670    4.44438914    4.64594654    4.43027083    5.09514981    4.04555839    4.58050490    4.08853246    3.64798803    4.00972970    4.14456805    4.81517054    4.82978684    4.94524867    3.66080228    4.92362723    4.79952032    4.16192039    4.69060032    3.51416182    3.69559352    4.48804292    4.70019287    4.74019869    5.11759277    4.43809519    4.29652623    4.27916729    4.18770869    3.99166862    4.74291959    5.05123746    4.62660184    5.27099887    2.76681574
A5GA91_GEOUR/31-153     2.75324329    3.35767326    4.23259895    2.27740469    2.98185860    2.45959315    2.81203236    2.06268046    0.91750668    0.00000000    1.27883338    1.15480073    1.32646657    1.04617159    3.11119079    2.94143706    2.41609110    2.56684444    2.44186681    3.00788502    2.83591780    2.50736578    2.27709737    2.09507232    3.52909292    3.02899098    2.62422134    2.32338998    2.14605425    2.61669234    2.49803256    2.68235173    2.77557835    2.91127951    2.41361844    3.16460397    2.97025943    2.64744007    3.44582886    4.07688387    4.57267705    4.87118231    4.09659206    4.43529918    4.99307855    5.46021697    3.95063880    3.90625151    4.35548863    3.40450346    4.00973819    4.79443558    4.16602689    4.19368231    4.56816568    3.41073925    5.72419423    3.96084581    4.35236509    4.34959336    4.66647449    4.56544342    4.68169358    5.47630227    4.38236407    4.41206376    4.54346439    4.68080559    4.91636286    4.49675576    3.77063372    3.96729570    4.32876697    3.68913053    4.38708083    4.43814279    5.04262997    3.75157730    4.16564264    3.97527042    3.82791130    5.30183003    4.77586722    4.32508920    2.74283169
Q896L1_CLOTE/3-123     3.12412335    3.29589653    4.55290672    2.80828158    2.80154558    2.71651364    3.03225966    2.86928809    0.96986318    1.27883338    0.00000000    0.89826663    1.11021460    1.08834140    3.51969863    3.76487942    2.95562386    3.52017531    2.59551850    3.41406941    2.86353931    2.68958278    2.64199291    2.64072505    3.82700445    2.73703657    2.62732579    2.41691345    2.46433462    2.81964249    2.21563034    2.94356914    2.66675505    2.72444752    2.49111386    3.28467226    3.47273651    3.61205223    2.97205394    3.95378251    3.66894475    5.52185864    4.27057157    4.32836044    4.63956972    5.02815418    4.59740928    3.92775961    4.03803113    3.67137566    3.78093401    4.54013695    4.08810155    3.95086536    4.95123920    3.92160540    4.39746327    3.70081970    4.09589303    3.96297156    4.04250705    4.27266670    4.61177866    5.03114349    3.53365804    4.91370748    7.35818960    4.51396844    3.99361720    3.84725031    4.05364544    4.61375800    4.67249199    3.62245437    4.30778864    4.58851110    4.91788386    4.57209128    4.37987810    4.11297629    4.10762288    5.38551802    4.78692351    5.47868951    3.01904610
A6TNY0_ALKMQ/3-124     2.88505098    3.51737802    3.84167033    2.61281554    2.88902648    2.17639905    3.18698724    2.27488933    1.01721295    1.15480073    0.89826663    0.00000000    0.98716912    0.86624349    3.32019767    2.94021471    2.86587410    3.03585860    2.43529432    3.11372640    2.80748707    2.74623943    2.24306483    2.56417740    4.10224455    2.96173167    2.29609999    2.17889932    2.52553977    2.85223354    2.29656659    2.98472196    2.51294529    2.42635933    2.15352632    2.66655474    2.78106345    3.14877097    3.38267112    3.99429609    3.92631502    4.92706508    3.83317033    4.06233301    4.76980525    4.64482688    4.29633785    3.80671756    3.53521589    3.44848849    4.38454778    4.35034873    4.27078637    4.38195366    4.69662799    3.86950124    4.95857977    3.80031609    3.95352849    4.20170450    3.85452322    3.90333736    4.34931325    4.02240454    3.42212509    5.16485613    7.13725504    4.23907463    4.50303928    3.29473944    3.96960598    4.00280620    3.87971281    3.47034306    4.01636147    4.14898561    4.08484535    4.18495062    3.85853715    3.87690322    3.84474841    4.44576906    4.01161081    5.00484815    3.30232512
A9KR64_LACP7/3-124     2.88130578    2.77662176    3.46002177    2.95604160    3.28930131    2.73082696    3.33944722    2.31640403    1.21376366    1.32646657    1.11021460    0.98716912    0.00000000    0.99142060    2.81164273    3.08575316    2.70651257    2.74162164    2.22073354    3.13199120    2.82653108    2.72185985    2.89987762    2.99597093    3.48218435    2.99683990    2.40049760    2.95905670    2.52566706    3.06224177    2.34800198    3.55101582    2.59623934    2.72101204    2.66427013    2.91264490    3.30897225    3.49422156    3.20756274    3.54495487    3.99351663    5.14838106    3.54414933    4.04460769    4.29952609    4.17889772    3.76300666    3.73126974    3.63283499    3.33075913    4.29242818    4.24979841    3.88301525    4.51685869    4.88473817    4.19546486    3.78355951    3.72173017    4.32602162    3.61895562    4.35820742    4.41296048    4.81302154    5.36130446    3.94212917    4.73302279    9.26911089    4.03255399    4.97897678    3.69137814    3.84303282    4.74069143    4.09185420    4.53761203    4.54266633    4.36716980    4.61625885    4.30621898    4.07984942    4.33840759    4.69646890    5.32516215    5.02994189    5.68670402    2.94323797
Q24MV6_DESHY/5-124     3.02781419    2.39951661    3.65047379    2.38472894    1.80872019    2.00967562    3.12972548    2.28946664    1.14515795    1.04617159    1.08834140    0.86624349    0.99142060    0.00000000    2.57820384    2.85840727    2.27300144    2.78859608    2.22707627    2.85621043    2.67520216    2.64893039    2.20061739    2.33529253    3.08958319    3.16701619    2.78279804    2.86012418    2.27735140    2.20309408    2.33050437    2.55887807    2.23639698    2.43986741    2.44026707    2.72194431    2.90412547    3.33095962    3.05144369    3.19747122    4.20356796    4.49665791    3.70244301    3.78564093    4.33123506    4.43859014    4.24702413    4.60886932    3.65627838    3.57384879    3.73437072    4.00659170    4.69510441    3.99337926    4.29468485    3.81297108    4.41822371    3.57950575    3.74327809    4.06372384    3.79054458    4.47230067    4.16300387    5.02416425    4.63242607    4.08304827    5.85143870    3.94359115    4.06518712    4.73848072    4.41113365    4.58287300    4.87170610    3.96757238    4.43552688    4.13924152    4.09908695    4.13504761    4.20140246    3.97867075    4.21868156    5.10939600    4.95600060    5.45268070    2.29707237
Q2IGE2_ANADE/3-124     4.00157496    3.29990722    3.25297945    2.99811963    3.05237606    2.30552705    3.82641503    2.30974393    4.09791216    3.11119079    3.51969863    3.32019767    2.81164273    2.57820384    0.00000000    2.59413781    2.56852215    3.09733525    2.24008871    3.45035034    3.23437824    3.44632139    2.92037170    3.44847429    4.51584418    3.08634224    2.64794794    2.97907640    2.62058586    2.82644616    3.16800684    2.48044142    3.30171008    3.19692258    2.98802622    3.46769110    3.03707598    3.99955339    2.72006016    3.41380770    4.39117061    4.08098675    3.35533564    3.63510960    3.94255364    3.87956357    3.29503531    3.42282225    4.04634875    3.77368117    4.48156126    4.11100810    3.37566099    3.91207486    4.27779355    3.36549923    4.76162316    4.52410801    3.51199613    3.67038021    4.09496395    4.19378627    4.20171366    4.57148258    4.09577241    4.55461406    5.08872120    3.91886022    4.75549539    3.61224274    3.66542870    4.43413517    4.26156808    3.88898411    3.56556730    3.42716178    3.39743054    3.63493802    3.40638833    3.21747193    5.29242162    3.95834352    4.68214925    4.30496380    4.13972017
A2BKT4_HYPBU/2-121     3.90640359    3.21866410    3.22954603    3.27379523    3.40154592    2.84461302    4.33195964    3.17978991    2.99660025    2.94143706    3.76487942    2.94021471    3.08575316    2.85840727    2.59413781    0.00000000    3.49984878    2.98776661    3.60407386    4.75729144    3.93956358    3.17998222    3.04304330    3.29796724    4.73487830    3.35611505    3.01477023    3.32149752    3.62221628    2.74560260    2.34469118    3.01095237    2.53075450    3.07170605    3.59740234    3.25493228    3.30078910    3.04573794    3.76687618    3.69390695    5.03838840    4.07252278    4.08014413    3.17028940    4.76069660    3.04350297    3.11628438    4.12367982    3.42047414    3.44314184    3.85731589    4.95678164    3.71703171    4.51653820    5.41869651    3.96556412    4.72378034    3.63662152    3.40188378    3.20600761    3.28042890    3.31327340    3.74028370    4.21377640    4.32027177    3.58872526    4.90954034    4.00566429    4.93533665    4.07092065    5.16190647    3.66264335    4.21205369    3.41201457    3.48707328    4.18590843    3.40217009    3.23637863    3.86319182    3.31143278    4.97654057    5.43129540    4.51783899    3.61736660    3.65791170
D6Z2R0_DESAT/19-140     2.41013278    2.18064349    3.20749132    2.36546883    2.19475286    2.56153605    2.59345505    2.54144794    2.57340300    2.41609110    2.95562386    2.86587410    2.70651257    2.27300144    2.56852215    3.49984878    0.00000000    1.95376818    1.71848745    1.90257439    2.13451749    1.85496256    1.74471006    2.10591332    2.21425862    1.74411518    1.94478441    2.10350634    1.73680118    1.75655380    1.69693041    2.05887408    2.12247901    2.15263145    2.37818747    2.07757358    2.17391123    2.23838856    2.08876801    3.14936231    3.59694159    3.93068887    3.15920171    3.70459714    3.30450508    4.33034960    3.35715042    3.84273957    3.14917179    2.96497490    4.27738728    3.94672354    3.44691307    3.24833110    3.56319836    2.89941949    4.20135359    3.12796575    2.83740586    3.13308678    3.54112439    3.27672369    3.00977315    3.98559592    3.77710877    3.25114042    3.50912701    4.05775751    4.19068301    3.07575752    5.58981837    3.50660962    3.75459850    3.51952521    3.74679292    3.05205624    3.57376147    3.56530659    3.80213718    3.41426787    3.58740294    4.59686444    4.36909512    4.49421144    2.46246625
A5GCH1_GEOUR/18-138     2.68248291    2.89585340    3.49250270    2.24682216    2.54120116    2.85826419    3.11890971    2.38669821    2.85436589    2.56684444    3.52017531    3.03585860    2.74162164    2.78859608    3.09733525    2.98776661    1.95376818    0.00000000    1.77880931    2.60980328    2.20939531    2.48783560    2.11872867    2.44787345    2.42240692    2.27485736    2.32368122    2.00901691    2.36271872    2.29668438    2.03592162    2.27639168    1.80959214    2.02128075    2.04041487    2.22594992    2.22317624    2.38495132    2.67539128    3.62604989    4.55759373    4.51863253    2.79698787    3.16338111    4.10668140    4.46719598    3.18587302    2.97953652    3.94931638    3.31927588    3.91999992    4.20109891    3.21691347    3.95663766    4.07156457    2.84930645    4.50094390    3.69354319    3.83944742    3.95042612    3.70705034    3.77589903    3.54665740    3.91442880    3.74934329    3.87396696    5.42350223    4.45522387    4.79576834    3.66958495    4.86578326    5.10680966    5.13509027    4.60289896    5.05902558    5.38498593    4.30958368    5.25501303    4.50293275    4.51927854    6.81030687    6.82951858    5.74282577    4.98880715    2.98025159
A8ZVQ0_DESOH/19-156     2.25207262    2.82804662    3.14569718    2.30310613    2.28999693    2.24156777    2.47341325    2.01208737    2.26513859    2.44186681    2.59551850    2.43529432    2.22073354    2.22707627    2.24008871    3.60407386    1.71848745    1.77880931    0.00000000    2.01557135    2.00326611    2.18156227    1.85266534    1.97379617    2.48599098    1.99762785    2.06137119    2.09934570    1.83933638    1.84708438    1.89360798    1.76996234    2.28782015    1.84680583    2.06440567    2.35444456    2.11386179    2.59096802    2.13536697    3.62780103    4.05308339    4.59879065    3.59358038    3.38388881    4.02654051    4.36932018    3.64057483    3.23040677    4.11673197    3.05564815    3.95512611    4.22088965    4.45985102    3.60593245    3.91533392    3.35249393    4.14307846    3.33615794    3.58490996    4.15994630    4.35504270    4.07866816    4.17565129    4.77721210    4.15078011    3.94373600    4.99848064    4.00421411    3.94080571    3.86288808    4.14029690    3.64747907    4.01296180    3.46795201    3.18984283    3.47716137    3.65631256    3.36784747    3.22303760    3.47799952    3.77371667    4.16534431    3.44565819    4.36854784    2.26187143
Q97K49_CLOAB/13-135     3.18715902    3.86857671    3.99071254    2.73192898    2.63446329    3.21434010    3.18279524    2.30316780    3.17832709    3.00788502    3.41406941    3.11372640    3.13199120    2.85621043    3.45035034    4.75729144    1.90257439    2.60980328    2.01557135    0.00000000    2.07872334    2.74851229    2.35026804    2.39749921    2.90765785    2.43787021    2.30538925    2.83340845    2.26286218    2.26337406    2.02863963    2.56274071    2.35409755    1.98643948    2.37924840    2.99336576    3.21941460    2.46340572    2.61936575    3.90741746    3.95814795    4.05948019    3.56573061    4.26018592    4.24554887    5.18118433    4.20399918    4.83212532    4.57441097    3.45744693    4.46015309    3.72481302    5.16515976    4.28364468    4.78296745    3.63433200    4.15404200    4.27740925    4.44856762    4.54304435    5.17291577    4.50328187    3.69840073    5.58949401    4.73924621    4.69590149    4.28817978    4.25227426    5.34489270    3.51720026    4.77387128    4.85346907    5.21607922    5.51277669    5.10527116    4.93557953    5.24077348    5.71749642    4.47320088    4.77427751    4.01356748    4.90102115    5.62530161    4.48496618    3.20641803
Q97HK1_CLOAB/24-148     2.48372733    2.59047785    3.01307707    2.32673109    2.88966628    2.76854131    2.35252704    2.05560916    3.08190334    2.83591780    2.86353931    2.80748707    2.82653108    2.67520216    3.23437824    3.93956358    2.13451749    2.20939531    2.00326611    2.07872334    0.00000000    2.22647356    2.13037207    1.88096919    3.13520791    2.65905099    1.84876137    2.48509037    2.30750897    2.51367758    2.07819975    2.27869469    2.22965412    1.88574803    1.93232066    2.95628303    2.65386089    2.68870099    2.39742015    2.78309868    3.32936961    3.53724699    3.09878685    3.74232399    4.11954869    5.38212485    3.77941673    3.41335534    3.47851731    2.83914444    3.65199289    3.48793762    3.38422347    3.03539518    3.60712095    2.66335414    4.08585625    3.31070684    3.03463662    3.32343720    3.95915967    3.19834879    3.25129617    4.02473777    3.21806699    3.20503881    3.50843486    4.06786226    4.08949564    4.06310699    4.03000837    3.72782836    3.35949833    3.36797765    3.18650989    3.24499505    3.79333766    3.87738798    2.92327383    3.25709409    3.80034179    4.42072254    3.31677152    4.13999430    2.32893103
A1BIS9_CHLPD/14-132     2.63512428    2.17570741    3.48068402    2.15303370    2.13513979    2.85437642    2.81191851    2.08866354    2.98043599    2.50736578    2.68958278    2.74623943    2.72185985    2.64893039    3.44632139    3.17998222    1.85496256    2.48783560    2.18156227    2.74851229    2.22647356    0.00000000    1.21974586    1.23073416    1.87545612    1.91814378    2.02752904    1.70307918    1.64234497    1.93533655    1.92115046    1.82065894    2.05396664    2.27901454    2.10701065    2.62118708    2.01914611    2.76916540    2.54345459    3.10560370    3.08953637    3.53891837    3.07469112    3.33820022    3.82358233    5.05030840    4.49025528    3.98263188    3.58984963    2.80976960    3.65431221    3.62272079    3.20273346    2.93112329    4.35956509    2.71964580    3.53995384    3.05986368    3.30596233    2.99854106    3.64833600    3.07784153    3.22630589    4.31583650    3.22849478    3.48559843    3.29011240    4.40742337    3.74657085    4.06245060    5.27087892    3.74463200    4.38366842    3.78117361    4.05903081    3.65690273    4.30710950    4.10618592    3.48185358    3.65910419    3.43380955    3.74071124    3.81343617    3.86856369    2.74949724
B9M4Z8_GEODF/13-136     2.78253860    2.37960133    2.73723106    1.99799652    2.18965413    2.21109923    2.43365980    2.16240328    2.46033911    2.27709737    2.64199291    2.24306483    2.89987762    2.20061739    2.92037170    3.04304330    1.74471006    2.11872867    1.85266534    2.35026804    2.13037207    1.21974586    0.00000000    0.80279585    2.60667176    1.97096231    2.00748724    1.72822267    1.62432628    1.76459633    1.73987994    1.85924484    2.14445862    2.00119015    2.22154268    2.44767739    2.14833019    2.61669285    2.58055060    3.73700419    3.64573522    3.53170496    3.02373994    2.91293691    4.36654891    4.94604044    3.56737623    3.44178036    3.30379810    2.78543304    4.10323337    4.21634930    3.26883548    3.16733135    3.72980954    2.74044769    4.64328140    3.20814650    3.05393488    3.57052285    3.45638169    3.49378920    3.42736350    4.78718559    3.35059277    3.28973669    3.38272665    4.32700715    3.84396280    5.08378037    5.06235531    3.64681348    4.48430307    4.10489199    4.07759759    3.78544412    4.65247345    3.86457709    3.98095854    3.60658291    3.70532440    4.60694947    3.62017326    4.36822577    2.39740470
B9M7Y5_GEODF/16-138     2.26532003    2.81801891    3.13567091    2.02035625    2.25204507    2.11866628    2.83138783    2.11646407    2.37278591    2.09507232    2.64072505    2.56417740    2.99597093    2.33529253    3.44847429    3.29796724    2.10591332    2.44787345    1.97379617    2.39749921    1.88096919    1.23073416    0.80279585    0.00000000    2.70597133    2.02344413    2.17281673    2.05272956    1.75799598    1.94117361    1.87448944    1.77810196    2.02355766    2.21002635    2.58215281    2.81495642    2.45139378    2.80494121    2.66413680    4.23505296    4.29638539    4.52821964    3.40698176    3.64749575    3.68382109    4.63147446    3.51598549    2.85736169    3.39163665    2.97475436    3.74843328    3.81334066    3.60677356    3.41297688    4.09679206    3.00306495    4.94911829    4.00868044    3.76153390    3.98132398    4.59758373    4.10751290    4.00924325    4.98789499    4.16081471    3.77863398    4.14253781    4.43326086    3.79570521    4.77829310    5.58098693    3.92608787    4.24440481    4.03982646    4.28645740    3.53507314    4.08708429    3.42402467    3.58315780    3.97581033    4.32460236    3.82867648    4.32096371    4.89052860    2.71786863
Q1IP80_KORVE/23-139     3.46449636    2.90297952    4.30093957    3.14538511    2.56206430    3.20944104    3.81067474    3.17804214    3.91742702    3.52909292    3.82700445    4.10224455    3.48218435    3.08958319    4.51584418    4.73487830    2.21425862    2.42240692    2.48599098    2.90765785    3.13520791    1.87545612    2.60667176    2.70597133    0.00000000    2.20760126    2.86492102    3.27326945    2.41555933    3.16329761    2.46811818    2.06843830    2.26026588    2.44436017    2.97975511    3.01369180    3.23632521    3.33138307    2.69645496    3.81718826    6.59741512    6.09505356    4.34992589    6.05033590    3.69107660    6.12825812    4.52584887    4.99289825    5.18167516    4.35942455    6.28510549    5.95810484    5.99967497    5.47768396    5.60651693    3.70403863    5.60694369    5.87978041    5.19180419    4.72765117    6.07806923    5.83169552    4.31574276    6.75158202    5.71759747    5.93622720    7.33438682    5.44345495    6.20700872    4.54924547    7.11242758   20.00000000   14.19815425    9.19167190   20.00000000    8.17574991   10.58745187   12.81097048    6.54044525    6.51667420   20.00000000   20.00000000    9.54056031    7.14887641    3.67482354
B3E4V8_GEOLS/18-145     3.59926660    2.90264470    4.14705770    2.22560372    2.15286766    2.23314493    3.92678166    2.85566973    2.94450180    3.02899098    2.73703657    2.96173167    2.99683990    3.16701619    3.08634224    3.35611505    1.74411518    2.27485736    1.99762785    2.43787021    2.65905099    1.91814378    1.97096231    2.02344413    2.20760126    0.00000000    1.92334315    1.93645778    1.92247902    1.99018525    1.80042433    2.05413535    1.96593030    2.30137353    2.37347033    2.76031366    2.91406053    2.57381088    2.33449268    3.64993538    4.20294045    4.03778011    3.03440317    3.42182904    4.13713915    4.73601817    3.54347367    2.84306829    3.92327268    4.09941573    4.12474485    4.57989989    3.88276023    3.71921775    5.70889969    3.70385861    4.59715371    3.69528767    4.45220490    4.63909218    4.25165534    3.98919558    3.94478317    5.16843654    4.13644434    4.34139401    4.91022130    3.99524507    6.08587157    4.06972912    4.72204828    4.52926559    4.08975873    3.74855695    4.11614356    3.22283737    3.98729000    4.08056909    3.38421818    3.09082647    4.90149643    4.86184771    4.31702097    5.22812770    2.60003945
Q7UX65_RHOBA/64-184     3.08626054    2.82846148    3.30692720    2.38743545    2.41528846    2.44153464    2.34478839    2.49454643    2.84342587    2.62422134    2.62732579    2.29609999    2.40049760    2.78279804    2.64794794    3.01477023    1.94478441    2.32368122    2.06137119    2.30538925    1.84876137    2.02752904    2.00748724    2.17281673    2.86492102    1.92334315    0.00000000    1.79986836    1.91892382    2.07086465    1.99373863    2.24597961    2.20928585    1.78141550    2.17645932    3.17995531    3.18900540    2.86738098    2.26484693    2.88466655    3.38029999    3.64012953    2.70529723    3.65068897    3.57800815    5.03023467    3.05998559    3.48287171    3.51520492    3.02148733    3.29053926    2.92222835    2.98303971    2.79766934    3.97965019    3.08423947    3.55584439    2.98582938    2.85456391    3.51717904    2.87985646    3.38720329    2.82581615    3.56210263    2.96492663    3.35979350    4.07262667    3.26845221    3.46431228    3.09879532    3.92480568    4.37937116    4.68264307    3.77971875    4.15286426    4.62782430    3.84306228    4.11000338    3.46495838    3.85842331    4.25000991    4.80850105    3.71293590    4.26853861    2.31698878
Q726T7_DESVH/15-136     2.81174331    3.31601185    3.92622695    2.11256280    2.53278749    2.12555146    2.75144510    1.82580534    2.10875191    2.32338998    2.41691345    2.17889932    2.95905670    2.86012418    2.97907640    3.32149752    2.10350634    2.00901691    2.09934570    2.83340845    2.48509037    1.70307918    1.72822267    2.05272956    3.27326945    1.93645778    1.79986836    0.00000000    1.77124799    1.88444465    1.65456227    1.86806604    2.36350592    1.89665834    2.11763032    2.40659253    2.67134517    2.40293949    2.31353793    3.32975692    3.78467262    4.35225765    3.49467172    2.83433358    4.03911266    6.34813644    4.40806770    3.37943875    3.61311348    3.08683684    4.41039722    4.64080823    3.87137192    3.82715175    5.14221377    3.43523978    4.08513734    3.04487047    4.07190793    4.07709112    3.64656669    3.84064621    4.36098881    3.75866703    3.61171006    4.25790264    5.67775295    4.11959061    4.79277815    3.15124537    4.54920874    3.06454295    4.19050113    4.33028672    4.09559734    3.88641235    3.46902490    4.05833580    3.69940873    4.16417218    4.21534679    4.25683101    4.08463744    4.66829550    3.41501040
B9M639_GEODF/27-148     2.41681181    3.02764835    3.73770021    1.98992089    2.54323626    2.45655784    2.63067040    2.08840161    2.10958567    2.14605425    2.46433462    2.52553977    2.52566706    2.27735140    2.62058586    3.62221628    1.73680118    2.36271872    1.83933638    2.26286218    2.30750897    1.64234497    1.62432628    1.75799598    2.41555933    1.92247902    1.91892382    1.77124799    0.00000000    1.64579543    1.58742648    1.75329990    1.96027546    2.06519063    2.08990941    2.23281914    2.39952725    2.51878218    1.83527512    3.31514023    2.99535687    3.87449085    3.21583148    3.23173282    3.57554133    3.79557304    3.78516063    3.23866065    3.02225929    3.04065707    3.60259037    3.78152249    3.77677843    2.91817202    3.34279429    2.56896206    4.23094682    3.17579066    2.60299034    3.54538158    3.37372733    3.25704349    3.12968694    3.69696850    3.04818635    3.38079739    4.77569008    3.45919465    4.15462892    4.17401747    4.22713321    3.96922950    3.99502560    3.77304366    3.86231085    3.47584208    4.47768604    4.31916931    3.66452233    3.54766298    3.73444550    3.70503414    4.08226420    4.87655846    2.58829563
B9M7H2_GEODF/10-125     2.83867351    2.46422486    2.92119077    1.79076986    2.13986382    2.15631599    2.37972803    1.73595620    2.42823494    2.61669234    2.81964249    2.85223354    3.06224177    2.20309408    2.82644616    2.74560260    1.75655380    2.29668438    1.84708438    2.26337406    2.51367758    1.93533655    1.76459633    1.94117361    3.16329761    1.99018525    2.07086465    1.88444465    1.64579543    0.00000000    1.13596213    1.55664545    1.66530938    1.67932596    1.80684981    2.47640624    2.60695320    2.55877492    2.50978662    3.94714953    3.95178214    5.45715754    3.59831056    3.74343169    3.27393729    3.80489063    3.27190048    2.98918034    3.99434873    3.56147717    2.91302814    3.57160494    3.38996553    3.59699795    4.36889041    2.98309742    4.08425630    3.26654469    3.34928371    3.60678898    3.71387620    3.30981959    3.27585789    4.11818102    3.28230238    3.14365701    3.90190585    3.25796550    3.72152831    4.21161714    4.52674552    3.55421908    3.29401693    3.37243551    3.17554215    3.26886247    3.59902086    3.63758744    3.05237018    2.86140461    4.20057745    3.34459170    3.61901851    4.14229040    2.14271342
Q9X1M3_THEMA/17-125     2.11915673    2.03433227    3.05197343    1.90325343    2.25498201    2.27576961    2.87473790    1.93371695    1.97892365    2.49803256    2.21563034    2.29656659    2.34800198    2.33050437    3.16800684    2.34469118    1.69693041    2.03592162    1.89360798    2.02863963    2.07819975    1.92115046    1.73987994    1.87448944    2.46811818    1.80042433    1.99373863    1.65456227    1.58742648    1.13596213    0.00000000    1.49685126    1.50596335    1.61533379    1.78841342    2.37939869    2.37653373    2.41922098    2.07908211    3.45637071    4.22974285    3.98525528    3.99824898    3.35719950    3.02805896    3.82078815    3.18788298    2.90221543    3.44310194    3.59415085    3.97289280    3.86616531    3.28134451    3.60235080    4.55945875    2.85035005    4.24732655    3.71973902    3.19076294    2.96416728    4.16284873    4.15738177    3.56290907    4.41124405    3.91574748    3.66890249    4.91344286    3.48695748    4.33009057    3.59241121    4.48909780    3.19271131    3.31993561    3.38549883    3.64792639    2.96135742    3.30868969    3.78084037    3.10980101    2.93750621    4.37442548    4.65026853    4.45375774    4.23059145    1.88162104
Q8TWY6_METKA/11-128     2.70941645    2.50333226    3.00320470    2.47891053    2.09196542    1.99762993    2.81340517    1.97701638    2.84541984    2.68235173    2.94356914    2.98472196    3.55101582    2.55887807    2.48044142    3.01095237    2.05887408    2.27639168    1.76996234    2.56274071    2.27869469    1.82065894    1.85924484    1.77810196    2.06843830    2.05413535    2.24597961    1.86806604    1.75329990    1.55664545    1.49685126    0.00000000    1.48926506    1.79193061    2.17096184    2.67332514    2.52454641    2.78396963    2.67210734    3.66065813    3.90368347    3.93860729    3.36555403    3.70313762    4.00888423    4.45528056    3.71892743    3.30098804    3.29195947    3.31351188    4.07606568    4.03169520    3.56750918    3.58023988    3.91361008    2.83626370    5.03987046    3.99999639    3.27251324    3.49460605    4.27440658    3.72611804    3.29354679    4.15270307    3.95207469    3.85149896    4.13041638    4.61232706    4.96095586    4.01369686    4.92181384    3.61585537    4.00676554    4.08120709    3.63273537    3.99397459    3.51625393    3.73151571    3.63627137    3.79235727    4.29252663    3.36689449    3.74245902    3.61112114    3.34188253
O27812_METTH/11-133     2.69599863    2.57847745    2.67062286    2.48038963    2.17337932    2.02736477    2.59947597    1.83112421    2.48856061    2.77557835    2.66675505    2.51294529    2.59623934    2.23639698    3.30171008    2.53075450    2.12247901    1.80959214    2.28782015    2.35409755    2.22965412    2.05396664    2.14445862    2.02355766    2.26026588    1.96593030    2.20928585    2.36350592    1.96027546    1.66530938    1.50596335    1.48926506    0.00000000    1.33121668    1.81960704    2.19935416    2.67903970    2.65309107    2.08795945    3.81822284    5.14508824    4.53371931    3.56898996    3.60274813    3.98743555    5.50378356    4.21596013    3.75402817    4.88183052    2.97816250    4.86702887    4.73870377    3.39234294    3.94386532    5.12131475    2.87498286    4.82524578    3.82375420    3.99053741    3.55471179    3.43828552    3.76514591    3.70402726    4.45410696    4.27345266    3.44810281    5.19749868    4.00103218    5.18761979    3.64682162    4.65289962    4.06354580    4.61549575    4.36416796    4.27511184    3.32366531    4.14631611    3.95828901    3.47135991    3.37949330    6.24372373    5.57562074    5.12260211    4.44460608    3.31835040
