34
Q8THG8_METAC/13-154     0.00000000    0.67673901    0.71425578    1.02490546    0.58413487    0.83095889    1.04546153    0.96773710    1.41455753    1.54871476    1.15455494    1.27273015    1.36381058    1.33042794    1.36148875    1.32940837    1.21997906    1.29752469    1.27637738    1.24401310    1.23011418    0.97513412    1.11360429    1.06160955    0.86168305    1.01840076    0.89637502    1.12494283    1.25336587    1.36631323    1.21479637    1.32140118    1.25633217    1.24612019
D7E8Y0_METEZ/14-155     0.67673901    0.00000000    0.68039839    0.79398617    0.53502113    0.82273737    1.17354613    1.15711384    1.52156296    1.53519037    1.18548044    1.28072637    1.33659022    1.37577959    1.42957252    1.40079876    1.29394398    1.34652700    1.36717730    1.36379457    1.33342321    1.13535903    1.07699282    1.29425454    1.03203245    1.29671825    1.10890673    1.15103326    1.35516905    1.34862197    1.30377213    1.37793526    1.30608074    1.33441584
Q12TF5_METBU/13-154     0.71425578    0.68039839    0.00000000    0.67045147    0.60684840    0.86230917    1.29244641    1.28588696    1.59973206    1.57195875    1.21403746    1.34426912    1.31004827    1.42118368    1.48871628    1.36340674    1.21315698    1.40271313    1.32966395    1.31227357    1.30323023    1.04107633    1.11299157    1.12625349    1.01869797    1.16588151    1.07894983    1.11935744    1.30867861    1.21078702    1.22515144    1.29021078    1.26063251    1.39060855
D5EAD9_METMS/13-154     1.02490546    0.79398617    0.67045147    0.00000000    0.70400642    0.99074799    1.19539209    1.30187022    1.43901690    1.40130387    1.20246133    1.25858219    1.25547503    1.24223235    1.26036046    1.27069207    1.25177836    1.18030948    1.33893071    1.39469432    1.25540322    1.43122987    1.35972028    1.41543238    1.17977942    1.34261469    1.10576111    1.16766366    1.25051114    1.19691089    1.20557195    1.24382213    1.12478357    1.37755549
F7XL11_METZD/12-153     0.58413487    0.53502113    0.60684840    0.70400642    0.00000000    0.81232031    1.20462685    1.09652789    1.27418085    1.52158779    1.07783338    1.07223414    1.28626902    1.31104835    1.34715274    1.20400021    1.26983982    1.35630326    1.31183330    1.36654373    1.37971776    0.95048350    1.01934864    1.08648757    1.05063248    1.21438378    1.18767192    1.08142181    1.32258339    1.17698256    1.27976376    1.31748460    1.25946176    1.36209585
L0KYV7_METHD/13-154     0.83095889    0.82273737    0.86230917    0.99074799    0.81232031    0.00000000    1.13842055    1.08184145    1.53512654    1.38974253    1.27191043    1.31324656    1.44161091    1.44439381    1.32104659    1.23882900    1.24376095    1.27868973    1.20883608    1.26077099    1.18934376    1.11708933    1.18646461    1.18483496    1.20241064    1.17305121    1.20841344    1.10272402    1.10993962    1.27345403    1.26002213    1.25604273    1.17307015    1.10266605
F1SVE8_METKA/13-163     1.04546153    1.17354613    1.29244641    1.19539209    1.20462685    1.13842055    0.00000000    0.84998630    1.23020477    1.11695077    0.94914740    0.92596907    0.96824182    1.03524891    1.12018682    0.98147791    0.82765506    1.02482687    1.04391362    1.03505893    0.95907397    1.32083192    1.49176563    1.34913531    1.08574443    1.19387735    1.23972347    1.04703407    1.28443611    1.20986542    1.35521647    1.28395927    1.28336258    1.35400499
E3GZ54_METFV/2-135     0.96773710    1.15711384    1.28588696    1.30187022    1.09652789    1.08184145    0.84998630    0.00000000    0.86188023    0.76943733    0.55139211    0.51533859    1.15687198    1.14122526    1.09787032    1.00106842    0.88028584    1.15864407    1.21304699    1.16056643    1.00253499    1.05578143    1.17622134    1.10734566    1.22374371    1.46917640    1.60966855    1.31896391    1.49374030    1.41818693    1.31974514    1.22720784    1.23198570    1.22630100
D3E053_METRM/2-141     1.41455753    1.52156296    1.59973206    1.43901690    1.27418085    1.53512654    1.23020477    0.86188023    0.00000000    0.62394287    0.65616309    0.71400214    1.16786129    1.22272704    1.16700091    1.20669999    1.21916946    1.41075005    1.22938922    1.31913117    1.39952880    1.34152101    1.33526545    1.31739147    1.51928657    1.90423573    1.65335725    1.50317259    1.81366611    1.72697389    1.60010226    1.67308481    1.58185985    1.63048179
R9SP78_9EURY/2-142     1.54871476    1.53519037    1.57195875    1.40130387    1.52158779    1.38974253    1.11695077    0.76943733    0.62394287    0.00000000    0.73342861    0.73307535    1.11427140    1.25307884    1.17767745    1.10844426    1.20382648    1.32509015    1.49682343    1.32666680    1.34774701    1.29330459    1.40105316    1.41112705    1.63427154    1.75934295    1.76548793    1.45225936    1.75206133    1.68374055    1.69688439    1.78906923    1.53762048    1.70674451
U6EC36_9EURY/2-136     1.15455494    1.18548044    1.21403746    1.20246133    1.07783338    1.27191043    0.94914740    0.55139211    0.65616309    0.73342861    0.00000000    0.37709844    0.98581388    1.11974093    1.05808398    1.03891575    0.96590319    1.01731254    1.05459303    1.31033429    1.24324521    1.18656095    1.13886387    1.13514708    1.30257341    1.47758913    1.57087053    1.25174787    1.32148590    1.40151357    1.27773485    1.30584884    1.40559059    1.17044618
MCRD_METTH/2-135     1.27273015    1.28072637    1.34426912    1.25858219    1.07223414    1.31324656    0.92596907    0.51533859    0.71400214    0.73307535    0.37709844    0.00000000    1.12853832    1.14671326    1.02249008    1.01191529    0.99392288    1.00059369    1.12382367    1.24064609    1.20780115    1.27029741    1.19849326    1.17996938    1.28288153    1.36141028    1.56419751    1.23893730    1.32977779    1.32621844    1.12252285    1.09026460    1.22480848    1.26165870
A6UWG9_META3/3-148     1.36381058    1.33659022    1.31004827    1.25547503    1.28626902    1.44161091    0.96824182    1.15687198    1.16786129    1.11427140    0.98581388    1.12853832    0.00000000    0.44636697    0.54631015    0.40303178    0.75509498    1.17877554    1.25926457    1.17550047    1.12210382    1.47686252    1.61205040    1.56216825    1.22623108    1.33933685    1.42647318    1.32701890    1.54474302    1.28116632    1.41809415    1.60601399    1.33794533    1.37563421
D7DUH2_METV3/3-148     1.33042794    1.37577959    1.42118368    1.24223235    1.31104835    1.44439381    1.03524891    1.14122526    1.22272704    1.25307884    1.11974093    1.14671326    0.44636697    0.00000000    0.39339157    0.53743103    0.89641203    1.02844565    1.26529550    1.23699078    1.05927038    1.46920793    1.54997128    1.46695192    1.22291489    1.24591122    1.46043678    1.26988655    1.56656809    1.19625251    1.43807230    1.43446170    1.25431945    1.27394875
Q6LWZ8_METMP/3-148     1.36148875    1.42957252    1.48871628    1.26036046    1.34715274    1.32104659    1.12018682    1.09787032    1.16700091    1.17767745    1.05808398    1.02249008    0.54631015    0.39339157    0.00000000    0.57357752    0.97200294    1.19500240    1.13877577    1.29885442    1.05930676    1.41037560    1.48182926    1.43455721    1.22212797    1.26469559    1.37340740    1.22442871    1.55465492    1.25503024    1.46490943    1.43142249    1.39891373    1.26831331
MCRD_METJA/5-153     1.32940837    1.40079876    1.36340674    1.27069207    1.20400021    1.23882900    0.98147791    1.00106842    1.20669999    1.10844426    1.03891575    1.01191529    0.40303178    0.53743103    0.57357752    0.00000000    0.67464343    1.00412088    1.13189639    1.12493573    1.10808569    1.52066626    1.53074111    1.44374982    1.19361143    1.25255761    1.45710803    1.25800354    1.48875180    1.30044786    1.50226830    1.40926079    1.26700423    1.42190296
MCRW_METJA/16-162     1.21997906    1.29394398    1.21315698    1.25177836    1.26983982    1.24376095    0.82765506    0.88028584    1.21916946    1.20382648    0.96590319    0.99392288    0.75509498    0.89641203    0.97200294    0.67464343    0.00000000    0.78800634    0.84799682    0.69659624    0.66087424    1.51086232    1.44842940    1.41320714    1.11893639    1.11054731    1.31504238    1.15530256    1.41081536    1.33327869    1.37232900    1.39773934    1.58223844    1.29312888
Q2NI01_METST/20-168     1.29752469    1.34652700    1.40271313    1.18030948    1.35630326    1.27868973    1.02482687    1.15864407    1.41075005    1.32509015    1.01731254    1.00059369    1.17877554    1.02844565    1.19500240    1.00412088    0.78800634    0.00000000    0.59064425    0.84178705    0.78356876    1.80525196    1.51227845    1.76882040    1.34163744    1.60667010    1.59946311    1.15029462    1.26426959    1.16889771    1.25434540    1.18865274    1.28796975    1.27244822
U6EEL5_9EURY/8-156     1.27637738    1.36717730    1.32966395    1.33893071    1.31183330    1.20883608    1.04391362    1.21304699    1.22938922    1.49682343    1.05459303    1.12382367    1.25926457    1.26529550    1.13877577    1.13189639    0.84799682    0.59064425    0.00000000    0.95697024    0.82527822    1.71960482    1.60518211    1.76523055    1.43817520    1.52093197    1.66338498    1.29056998    1.47369827    1.40925069    1.43916632    1.40099793    1.39257037    1.48887662
MCRW_METFV/11-160     1.24401310    1.36379457    1.31227357    1.39469432    1.36654373    1.26077099    1.03505893    1.16056643    1.31913117    1.32666680    1.31033429    1.24064609    1.17550047    1.23699078    1.29885442    1.12493573    0.69659624    0.84178705    0.95697024    0.00000000    0.56323548    1.59595137    1.49151333    1.69573652    1.41888673    1.43993174    1.55025269    1.17867773    1.49584558    1.30250495    1.42659094    1.44173871    1.44344158    1.32594997
MCRW_METTH/9-157     1.23011418    1.33342321    1.30323023    1.25540322    1.37971776    1.18934376    0.95907397    1.00253499    1.39952880    1.34774701    1.24324521    1.20780115    1.12210382    1.05927038    1.05930676    1.10808569    0.66087424    0.78356876    0.82527822    0.56323548    0.00000000    1.60227273    1.60868738    1.58419592    1.28185150    1.27154419    1.40734582    1.18840488    1.47613283    1.28806025    1.49752893    1.36559176    1.33067434    1.23885598
D1YW09_METPS/17-154     0.97513412    1.13535903    1.04107633    1.43122987    0.95048350    1.11708933    1.32083192    1.05578143    1.34152101    1.29330459    1.18656095    1.27029741    1.47686252    1.46920793    1.41037560    1.52066626    1.51086232    1.80525196    1.71960482    1.59595137    1.60227273    0.00000000    0.38642701    0.38768239    1.20904645    1.27453156    1.26093460    1.33692849    1.57362976    1.54584912    1.65535441    1.62434780    1.38193723    1.37404003
Q0W5P0_METAR/19-159     1.11360429    1.07699282    1.11299157    1.35972028    1.01934864    1.18646461    1.49176563    1.17622134    1.33526545    1.40105316    1.13886387    1.19849326    1.61205040    1.54997128    1.48182926    1.53074111    1.44842940    1.51227845    1.60518211    1.49151333    1.60868738    0.38642701    0.00000000    0.44755227    1.30975184    1.47652399    1.41814407    1.34746116    1.55277286    1.59846278    1.52369869    1.53695820    1.58119759    1.39379404
D1YVW3_METPS/13-150     1.06160955    1.29425454    1.12625349    1.41543238    1.08648757    1.18483496    1.34913531    1.10734566    1.31739147    1.41112705    1.13514708    1.17996938    1.56216825    1.46695192    1.43455721    1.44374982    1.41320714    1.76882040    1.76523055    1.69573652    1.58419592    0.38768239    0.44755227    0.00000000    1.18752399    1.31601439    1.36871605    1.24595557    1.58187534    1.44448625    1.55502957    1.46743749    1.39987425    1.33002680
A0B6N8_METTP/14-155     0.86168305    1.03203245    1.01869797    1.17977942    1.05063248    1.20241064    1.08574443    1.22374371    1.51928657    1.63427154    1.30257341    1.28288153    1.22623108    1.22291489    1.22212797    1.19361143    1.11893639    1.34163744    1.43817520    1.41888673    1.28185150    1.20904645    1.30975184    1.18752399    0.00000000    0.42170503    0.48556076    1.08578934    1.27893483    1.20184769    1.08861892    1.13486002    1.16713697    1.11105594
F4BXY3_METSG/11-152     1.01840076    1.29671825    1.16588151    1.34261469    1.21438378    1.17305121    1.19387735    1.46917640    1.90423573    1.75934295    1.47758913    1.36141028    1.33933685    1.24591122    1.26469559    1.25255761    1.11054731    1.60667010    1.52093197    1.43993174    1.27154419    1.27453156    1.47652399    1.31601439    0.42170503    0.00000000    0.57563461    1.25703937    1.33018284    1.31302667    1.18118212    1.31564858    1.20033624    1.11431667
G7WN22_METH6/11-153     0.89637502    1.10890673    1.07894983    1.10576111    1.18767192    1.20841344    1.23972347    1.60966855    1.65335725    1.76548793    1.57087053    1.56419751    1.42647318    1.46043678    1.37340740    1.45710803    1.31504238    1.59946311    1.66338498    1.55025269    1.40734582    1.26093460    1.41814407    1.36871605    0.48556076    0.57563461    0.00000000    1.22820305    1.23856181    1.31976175    1.13697310    1.34547002    1.19913279    1.12834749
E1RDX7_METP4/10-149     1.12494283    1.15103326    1.11935744    1.16766366    1.08142181    1.10272402    1.04703407    1.31896391    1.50317259    1.45225936    1.25174787    1.23893730    1.32701890    1.26988655    1.22442871    1.25800354    1.15530256    1.15029462    1.29056998    1.17867773    1.18840488    1.33692849    1.34746116    1.24595557    1.08578934    1.25703937    1.22820305    0.00000000    0.73820348    0.68238018    0.79256283    0.73548468    0.74030745    0.84441014
L0HF34_METFS/11-149     1.25336587    1.35516905    1.30867861    1.25051114    1.32258339    1.10993962    1.28443611    1.49374030    1.81366611    1.75206133    1.32148590    1.32977779    1.54474302    1.56656809    1.55465492    1.48875180    1.41081536    1.26426959    1.47369827    1.49584558    1.47613283    1.57362976    1.55277286    1.58187534    1.27893483    1.33018284    1.23856181    0.73820348    0.00000000    0.90326261    0.81648095    0.69380932    0.83223457    0.82902581
Q2FSN3_METHJ/9-147     1.36631323    1.34862197    1.21078702    1.19691089    1.17698256    1.27345403    1.20986542    1.41818693    1.72697389    1.68374055    1.40151357    1.32621844    1.28116632    1.19625251    1.25503024    1.30044786    1.33327869    1.16889771    1.40925069    1.30250495    1.28806025    1.54584912    1.59846278    1.44448625    1.20184769    1.31302667    1.31976175    0.68238018    0.90326261    0.00000000    0.74658099    0.63419132    0.63743495    0.89113776
L0HJW7_METFS/10-148     1.21479637    1.30377213    1.22515144    1.20557195    1.27976376    1.26002213    1.35521647    1.31974514    1.60010226    1.69688439    1.27773485    1.12252285    1.41809415    1.43807230    1.46490943    1.50226830    1.37232900    1.25434540    1.43916632    1.42659094    1.49752893    1.65535441    1.52369869    1.55502957    1.08861892    1.18118212    1.13697310    0.79256283    0.81648095    0.74658099    0.00000000    0.33665780    0.70299822    0.80507749
A7I5U2_METB6/9-150     1.32140118    1.37793526    1.29021078    1.24382213    1.31748460    1.25604273    1.28395927    1.22720784    1.67308481    1.78906923    1.30584884    1.09026460    1.60601399    1.43446170    1.43142249    1.40926079    1.39773934    1.18865274    1.40099793    1.44173871    1.36559176    1.62434780    1.53695820    1.46743749    1.13486002    1.31564858    1.34547002    0.73548468    0.69380932    0.63419132    0.33665780    0.00000000    0.61480257    0.74870697
B8GE90_METPE/9-147     1.25633217    1.30608074    1.26063251    1.12478357    1.25946176    1.17307015    1.28336258    1.23198570    1.58185985    1.53762048    1.40559059    1.22480848    1.33794533    1.25431945    1.39891373    1.26700423    1.58223844    1.28796975    1.39257037    1.44344158    1.33067434    1.38193723    1.58119759    1.39987425    1.16713697    1.20033624    1.19913279    0.74030745    0.83223457    0.63743495    0.70299822    0.61480257    0.00000000    0.84738966
A2STS2_METLZ/8-149     1.24612019    1.33441584    1.39060855    1.37755549    1.36209585    1.10266605    1.35400499    1.22630100    1.63048179    1.70674451    1.17044618    1.26165870    1.37563421    1.27394875    1.26831331    1.42190296    1.29312888    1.27244822    1.48887662    1.32594997    1.23885598    1.37404003    1.39379404    1.33002680    1.11105594    1.11431667    1.12834749    0.84441014    0.82902581    0.89113776    0.80507749    0.74870697    0.84738966    0.00000000

