6
TX22B_PLETR/17-61     0.00000000    1.34196670    1.48609729    1.45996358    1.80091467    1.65469311
TX23A_AGEAP/4-48     1.34196670    0.00000000    0.33078710    1.32028290    1.70200995    1.55522758
TX23B_AGEAP/39-83     1.48609729    0.33078710    0.00000000    1.27192738    1.92113817    1.56619735
TX20A_PHONI/40-82     1.45996358    1.32028290    1.27192738    0.00000000    1.18882560    0.70978913
TX21B_PHONI/39-80     1.80091467    1.70200995    1.92113817    1.18882560    0.00000000    1.13478167
TX20B_PHONI/39-81     1.65469311    1.55522758    1.56619735    0.70978913    1.13478167    0.00000000

