30
PMT1_CANAL/359-534     0.00000000    0.68173556    1.27287075    0.73785389    0.80311472    1.18975530    1.30480881    2.17024091    2.57065401    2.53477779    2.70607466    2.60628570    2.52973114    3.01840372    2.92399395    2.94711369    3.79632378    4.19058618    3.87459102    3.84423807    3.44048737    3.42844518    3.25941375    3.23316511    3.83929512    0.59753983    0.52225982    0.47365711    0.62156300    0.53303229
Q6C5U6_YARLI/339-516     0.68173556    0.00000000    1.08336637    0.51471717    0.45145646    1.15516732    1.47957014    1.91868850    2.56903525    2.71372936    2.67996191    2.64918022    2.67266536    3.10429600    2.59577028    3.03441019    3.34646328    3.35169672    3.22967975    3.47163429    3.06895149    3.37215162    3.20723145    3.22565232    3.55179491    0.77307032    0.63206045    0.67047148    0.82388170    0.64762164
PMT1_SCHPO/329-505     1.27287075    1.08336637    0.00000000    0.98144296    1.08232202    1.47712267    1.39903891    2.44827421    3.76513929    4.04141601    4.31031329    3.89657381    3.92699469    3.91533596    3.03016949    3.51727383    3.23452867    4.07163567    3.65461652    3.54185284    3.34851732    3.73558489    3.44346576    3.06866298    3.27227239    1.33553997    1.18672282    1.20508661    1.20733247    1.27681371
Q6J9T9_ASPFM/358-545     0.73785389    0.51471717    0.98144296    0.00000000    0.32992264    1.23520703    1.55331287    2.11110436    2.63862918    3.06206176    2.80262152    2.84358235    2.84694679    3.30586496    2.95246750    3.36603624    3.57534857    4.19133782    3.73589299    3.91187170    3.91441628    4.14070666    3.91186567    3.81031368    4.31776077    0.78378147    0.71015411    0.70385231    0.77255371    0.67907053
V5IRE4_NEUCR/369-558     0.80311472    0.45145646    1.08232202    0.32992264    0.00000000    1.31350839    1.53589174    2.23493688    2.64112348    2.82924845    2.72056160    2.79050766    2.76569663    3.24570701    3.03062170    3.33073889    3.71803259    3.69997903    3.41211027    3.77402553    3.56433026    3.94090797    3.78615257    3.47968662    3.96374730    0.69690933    0.74254254    0.72977165    0.78494692    0.63916699
G5EB59_EMENI/353-528     1.18975530    1.15516732    1.47712267    1.23520703    1.31350839    0.00000000    0.66874671    2.07360157    3.00791536    3.05963356    2.78700592    2.83512160    2.89000375    3.65381901    2.69043862    3.43741530    3.94509991    3.47147584    3.64079640    3.25251886    3.04235997    3.22032171    2.93412449    3.14612776    3.30133582    1.25311376    1.18459508    1.20894537    1.31261533    1.17726845
Q6CAY4_YARLI/355-531     1.30480881    1.47957014    1.39903891    1.55331287    1.53589174    0.66874671    0.00000000    2.03885075    2.90966360    2.89181593    2.95540849    3.11344748    3.01464603    3.25256224    2.75840380    3.57798398    4.24089630    3.06233192    3.20868067    2.84700057    2.61825518    2.83121962    2.71856654    2.83456073    3.03787454    1.32095593    1.32611701    1.38772010    1.24710580    1.29692224
Q6FK90_CANGA/355-531     2.17024091    1.91868850    2.44827421    2.11110436    2.23493688    2.07360157    2.03885075    0.00000000    2.93917657    2.94650960    3.12235623    3.25992502    3.18057340    3.95240874    3.33949254    3.34737919    4.17771230    3.02570236    3.01331607    3.19649027    3.14595683    3.62775443    3.20949399    3.30758204    3.26652840    2.41384835    2.24791486    2.16949893    2.20608253    2.21102438
RYR2_RABIT/226-406     2.57065401    2.56903525    3.76513929    2.63862918    2.64112348    3.00791536    2.90966360    2.93917657    0.00000000    0.54150603    0.52506436    0.54589717    0.48834023    1.03361349    0.97894617    1.00106740    2.72439994    2.91790846    2.88818417    2.76590389    2.74461009    2.78165488    2.70643500    2.41919808    2.91706766    2.74868478    2.59403148    2.91407897    2.87793341    2.67582190
RYR3_HUMAN/216-398     2.53477779    2.71372936    4.04141601    3.06206176    2.82924845    3.05963356    2.89181593    2.94650960    0.54150603    0.00000000    0.52216669    0.42373682    0.45470304    1.21896115    1.10732577    1.13033852    2.79784218    2.57093019    2.74384244    2.61270621    2.60696140    2.68038706    2.51041988    2.41293186    2.73960501    2.70241920    2.67685907    2.91282074    2.73457059    2.82601419
O13054_MAKNI/219-399     2.70607466    2.67996191    4.31031329    2.80262152    2.72056160    2.78700592    2.95540849    3.12235623    0.52506436    0.52216669    0.00000000    0.42636003    0.34163751    1.27826775    1.10521787    1.10399423    2.96782865    2.81549057    3.00413118    2.98455148    2.99345929    3.04222736    2.95961198    2.72269129    3.05045209    2.86031604    2.59897611    3.09199209    2.95974960    2.79341180
RYR1_PIG/212-391     2.60628570    2.64918022    3.89657381    2.84358235    2.79050766    2.83512160    3.11344748    3.25992502    0.54589717    0.42373682    0.42636003    0.00000000    0.26042583    1.16620969    1.10714228    1.03236819    2.70160993    2.79222152    2.97659253    2.82017202    2.99229477    3.05542761    3.04338314    2.78714544    2.99434646    2.88862928    2.61575883    3.00522721    2.92976238    2.80529408
Q91313_LITCT/214-394     2.52973114    2.67266536    3.92699469    2.84694679    2.76569663    2.89000375    3.01464603    3.18057340    0.48834023    0.45470304    0.34163751    0.26042583    0.00000000    1.16965659    1.11557885    0.98897759    2.73406681    2.73029317    2.83059127    2.68169737    2.84803528    2.82228407    2.84799634    2.66209896    2.85191582    2.99224289    2.67525055    3.04080876    2.98905396    2.96732559
Q8TA74_HEMPU/220-400     3.01840372    3.10429600    3.91533596    3.30586496    3.24570701    3.65381901    3.25256224    3.95240874    1.03361349    1.21896115    1.27826775    1.16620969    1.16965659    0.00000000    1.03740365    1.30810561    2.69981421    3.26977863    3.09551242    3.03517258    2.79162574    2.84987648    2.69070745    2.75934519    2.96981418    3.51749149    3.16881080    3.45262690    3.26824454    3.26932777
P91905_CAEEL/220-400     2.92399395    2.59577028    3.03016949    2.95246750    3.03062170    2.69043862    2.75840380    3.33949254    0.97894617    1.10732577    1.10521787    1.10714228    1.11557885    1.03740365    0.00000000    0.79663169    2.62877605    2.64159235    2.60342837    2.65404882    2.48032295    2.50801486    2.45365337    2.39296121    2.53073598    3.09759226    2.83068321    3.19133922    3.12059554    3.26441249
RYR_DROME/211-392     2.94711369    3.03441019    3.51727383    3.36603624    3.33073889    3.43741530    3.57798398    3.34737919    1.00106740    1.13033852    1.10399423    1.03236819    0.98897759    1.30810561    0.79663169    0.00000000    3.04824564    2.87231958    2.94072455    3.24137098    2.86777063    3.03714895    2.87162132    2.70256592    3.06976743    3.41110081    2.97193239    3.32833655    3.34365952    3.39768788
Q6BFC5_PARTE/240-444     3.79632378    3.34646328    3.23452867    3.57534857    3.71803259    3.94509991    4.24089630    4.17771230    2.72439994    2.79784218    2.96782865    2.70160993    2.73406681    2.69981421    2.62877605    3.04824564    0.00000000    2.67682065    2.54906876    2.36782838    2.39763669    2.66083046    2.40477418    2.59521325    2.60515206    4.46072511    3.96294916    4.16697497    4.44159430    4.75417799
ITPR_CAEEL/320-549     4.19058618    3.35169672    4.07163567    4.19133782    3.69997903    3.47147584    3.06233192    3.02570236    2.91790846    2.57093019    2.81549057    2.79222152    2.73029317    3.26977863    2.64159235    2.87231958    2.67682065    0.00000000    0.40142001    1.19969200    1.13774017    1.09913822    1.28884714    1.32970115    1.31705408    3.78491588    3.65477193    3.61799205    4.02816031    3.81128962
Q9GS15_CAEBR/327-562     3.87459102    3.22967975    3.65461652    3.73589299    3.41211027    3.64079640    3.20868067    3.01331607    2.88818417    2.74384244    3.00413118    2.97659253    2.83059127    3.09551242    2.60342837    2.94072455    2.54906876    0.40142001    0.00000000    1.26764604    1.15051841    1.18466641    1.24980111    1.35000613    1.32589521    3.70824689    3.61708246    3.67438416    3.88336806    3.66715037
ITPR_DROME/239-453     3.84423807    3.47163429    3.54185284    3.91187170    3.77402553    3.25251886    2.84700057    3.19649027    2.76590389    2.61270621    2.98455148    2.82017202    2.68169737    3.03517258    2.65404882    3.24137098    2.36782838    1.19969200    1.26764604    0.00000000    0.36993776    0.49428468    0.51536279    0.58684417    0.63987824    4.00254367    3.38441070    3.76185014    3.75408546    3.53205034
O77089_PANAR/234-422     3.44048737    3.06895149    3.34851732    3.91441628    3.56433026    3.04235997    2.61825518    3.14595683    2.74461009    2.60696140    2.99345929    2.99229477    2.84803528    2.79162574    2.48032295    2.86777063    2.39763669    1.13774017    1.15051841    0.36993776    0.00000000    0.27347822    0.28870018    0.39376298    0.48921581    3.58942728    3.04015999    3.29703901    3.46018742    3.33299465
ITPR_PATPE/231-419     3.42844518    3.37215162    3.73558489    4.14070666    3.94090797    3.22032171    2.83121962    3.62775443    2.78165488    2.68038706    3.04222736    3.05542761    2.82228407    2.84987648    2.50801486    3.03714895    2.66083046    1.09913822    1.18466641    0.49428468    0.27347822    0.00000000    0.30383716    0.37866350    0.49114301    3.96661445    3.39967979    3.46082330    3.78918262    3.74532699
ITPR1_HUMAN/232-433     3.25941375    3.20723145    3.44346576    3.91186567    3.78615257    2.93412449    2.71856654    3.20949399    2.70643500    2.51041988    2.95961198    3.04338314    2.84799634    2.69070745    2.45365337    2.87162132    2.40477418    1.28884714    1.24980111    0.51536279    0.28870018    0.30383716    0.00000000    0.33488273    0.37861815    3.78169482    3.14795979    3.42489515    3.62957361    3.49489253
Q6W3E4_RAT/232-432     3.23316511    3.22565232    3.06866298    3.81031368    3.47968662    3.14612776    2.83456073    3.30758204    2.41919808    2.41293186    2.72269129    2.78714544    2.66209896    2.75934519    2.39296121    2.70256592    2.59521325    1.32970115    1.35000613    0.58684417    0.39376298    0.37866350    0.33488273    0.00000000    0.32419471    3.59428837    3.10409217    3.25235987    3.51855507    3.25558378
ITPR3_RAT/233-432     3.83929512    3.55179491    3.27227239    4.31776077    3.96374730    3.30133582    3.03787454    3.26652840    2.91706766    2.73960501    3.05045209    2.99434646    2.85191582    2.96981418    2.53073598    3.06976743    2.60515206    1.31705408    1.32589521    0.63987824    0.48921581    0.49114301    0.37861815    0.32419471    0.00000000    3.99686489    3.43811564    3.80938867    4.00138967    3.68521512
Q6FL03_CANGA/354-530     0.59753983    0.77307032    1.33553997    0.78378147    0.69690933    1.25311376    1.32095593    2.41384835    2.74868478    2.70241920    2.86031604    2.88862928    2.99224289    3.51749149    3.09759226    3.41110081    4.46072511    3.78491588    3.70824689    4.00254367    3.58942728    3.96661445    3.78169482    3.59428837    3.99686489    0.00000000    0.50810936    0.50662018    0.57897007    0.49426204
Q759J8_ASHGO/342-519     0.52225982    0.63206045    1.18672282    0.71015411    0.74254254    1.18459508    1.32611701    2.24791486    2.59403148    2.67685907    2.59897611    2.61575883    2.67525055    3.16881080    2.83068321    2.97193239    3.96294916    3.65477193    3.61708246    3.38441070    3.04015999    3.39967979    3.14795979    3.10409217    3.43811564    0.50810936    0.00000000    0.35301651    0.52169278    0.38852227
Q6CPY0_KLULA/347-524     0.47365711    0.67047148    1.20508661    0.70385231    0.72977165    1.20894537    1.38772010    2.16949893    2.91407897    2.91282074    3.09199209    3.00522721    3.04080876    3.45262690    3.19133922    3.32833655    4.16697497    3.61799205    3.67438416    3.76185014    3.29703901    3.46082330    3.42489515    3.25235987    3.80938867    0.50662018    0.35301651    0.00000000    0.57410865    0.33415811
PMT5_YEAST/339-517     0.62156300    0.82388170    1.20733247    0.77255371    0.78494692    1.31261533    1.24710580    2.20608253    2.87793341    2.73457059    2.95974960    2.92976238    2.98905396    3.26824454    3.12059554    3.34365952    4.44159430    4.02816031    3.88336806    3.75408546    3.46018742    3.78918262    3.62957361    3.51855507    4.00138967    0.57897007    0.52169278    0.57410865    0.00000000    0.45345225
PMT1_YEAST/343-520     0.53303229    0.64762164    1.27681371    0.67907053    0.63916699    1.17726845    1.29692224    2.21102438    2.67582190    2.82601419    2.79341180    2.80529408    2.96732559    3.26932777    3.26441249    3.39768788    4.75417799    3.81128962    3.66715037    3.53205034    3.33299465    3.74532699    3.49489253    3.25558378    3.68521512    0.49426204    0.38852227    0.33415811    0.45345225    0.00000000

