18
A7I5U0_METB6/5-251     0.00000000    0.28183963    0.45740441    0.41774092    0.30032921    0.53379836    0.64724258    0.71379859    0.68721229    0.74546328    0.60650843    0.67431334    0.66191485    0.65746239    0.76035211    0.72380148    0.68574703    0.79692375
B8GE92_METPE/5-251     0.28183963    0.00000000    0.34060805    0.27369640    0.25049638    0.51201816    0.56403667    0.66703696    0.67724093    0.70153280    0.60499472    0.62626487    0.60064429    0.61941406    0.73079041    0.69137742    0.69791682    0.71604075
L0HFR7_METFS/6-251     0.45740441    0.34060805    0.00000000    0.28062743    0.39037628    0.65647791    0.71566102    0.79843111    0.75065483    0.78598148    0.74638626    0.79730351    0.78484245    0.78522664    0.77935387    0.72649771    0.76115070    0.74732029
E1RJD6_METP4/4-249     0.41774092    0.27369640    0.28062743    0.00000000    0.28310553    0.62845554    0.63667765    0.73753269    0.74278502    0.74630354    0.63966009    0.71304968    0.63641687    0.69978544    0.66066736    0.65963989    0.67511745    0.68944974
Q2FSN1_METHJ/5-249     0.30032921    0.25049638    0.39037628    0.28310553    0.00000000    0.54503671    0.59755305    0.70220937    0.74899859    0.75922836    0.63837561    0.62404862    0.64130223    0.67267773    0.76124060    0.68957849    0.72081122    0.76545004
Q0W340_METAR/5-249     0.53379836    0.51201816    0.65647791    0.62845554    0.54503671    0.00000000    0.50524143    0.51161824    0.63189307    0.60067162    0.57104010    0.55988711    0.59278469    0.67219416    0.71916825    0.70272352    0.69335907    0.72983469
F7XLI3_METZD/5-246     0.64724258    0.56403667    0.71566102    0.63667765    0.59755305    0.50524143    0.00000000    0.49115990    0.78126014    0.84315878    0.63724963    0.63711619    0.65816460    0.70861676    0.77037223    0.66680904    0.67837718    0.73882702
A0B6N7_METTP/5-253     0.71379859    0.66703696    0.79843111    0.73753269    0.70220937    0.51161824    0.49115990    0.00000000    0.81035218    0.75768934    0.66589023    0.73922314    0.79587652    0.79406257    0.83108871    0.80373469    0.83205167    0.84708189
M9SFZ4_METAX/6-251     0.68721229    0.67724093    0.75065483    0.74278502    0.74899859    0.63189307    0.78126014    0.81035218    0.00000000    0.35841993    0.45832480    0.69618563    0.71813052    0.70618366    0.65770505    0.67597379    0.62926566    0.70267583
R9T7E3_METII/5-250     0.74546328    0.70153280    0.78598148    0.74630354    0.75922836    0.60067162    0.84315878    0.75768934    0.35841993    0.00000000    0.48099880    0.59843533    0.62813034    0.54976707    0.62023652    0.62618199    0.62525314    0.67565049
Q8TXL0_METKA/5-250     0.60650843    0.60499472    0.74638626    0.63966009    0.63837561    0.57104010    0.63724963    0.66589023    0.45832480    0.48099880    0.00000000    0.36008048    0.43833458    0.51113970    0.48933287    0.42989235    0.52137744    0.53654151
E3GZ52_METFV/2-247     0.67431334    0.62626487    0.79730351    0.71304968    0.62404862    0.55988711    0.63711619    0.73922314    0.69618563    0.59843533    0.36008048    0.00000000    0.24164910    0.41386133    0.51569750    0.46790731    0.51343520    0.59081245
MCRG_METTH/2-247     0.66191485    0.60064429    0.78484245    0.63641687    0.64130223    0.59278469    0.65816460    0.79587652    0.71813052    0.62813034    0.43833458    0.24164910    0.00000000    0.27152992    0.53017191    0.56201542    0.53582079    0.56757749
R9SN08_9EURY/2-247     0.65746239    0.61941406    0.78522664    0.69978544    0.67267773    0.67219416    0.70861676    0.79406257    0.70618366    0.54976707    0.51113970    0.41386133    0.27152992    0.00000000    0.54514825    0.57706834    0.48870622    0.52813754
U6EEZ4_9EURY/5-250     0.76035211    0.73079041    0.77935387    0.66066736    0.76124060    0.71916825    0.77037223    0.83108871    0.65770505    0.62023652    0.48933287    0.51569750    0.53017191    0.54514825    0.00000000    0.28959430    0.30063227    0.34715657
MCRZ_METFV/5-250     0.72380148    0.69137742    0.72649771    0.65963989    0.68957849    0.70272352    0.66680904    0.80373469    0.67597379    0.62618199    0.42989235    0.46790731    0.56201542    0.57706834    0.28959430    0.00000000    0.23749090    0.29458758
MCRZ_METTH/5-250     0.68574703    0.69791682    0.76115070    0.67511745    0.72081122    0.69335907    0.67837718    0.83205167    0.62926566    0.62525314    0.52137744    0.51343520    0.53582079    0.48870622    0.30063227    0.23749090    0.00000000    0.29929918
Q2NHZ9_METST/6-250     0.79692375    0.71604075    0.74732029    0.68944974    0.76545004    0.72983469    0.73882702    0.84708189    0.70267583    0.67565049    0.53654151    0.59081245    0.56757749    0.52813754    0.34715657    0.29458758    0.29929918    0.00000000

