103
A0A0D2WXI6_CAPO3/1323-1412     0.00000000    1.76976180    1.06727943    0.90945080    0.98551512    0.93555557    1.05613951    0.91642464    0.95575793    1.40981095    1.06417334    1.06504940    1.15639355    1.54353350    1.17589245    1.28132927    1.19640266    1.11067955    1.23521063    1.21479283    1.02790296    1.03606863    0.98741943    0.96884893    0.95824871    1.13429526    1.03340925    1.05933742    0.98221418    1.12313231    0.86566977    1.09902379    1.03394034    1.04042640    1.07573177    1.17169458    1.00856150    1.16235914    1.69176675    1.73694916    1.60970823    1.45536741    1.79095746    1.89134125    1.74397206    1.70068419    1.49783744    1.68169634    1.57565612    1.37327074    1.90263023    0.92772483    1.37273331    1.37715025    1.82080678    1.47179866    1.65762787    1.45839278    1.27840213    1.48770699    1.35537215    1.46147728    1.77676133    1.75985121    1.85840344    1.67639044    1.80923893    1.48914810    1.48849432    1.73295955    1.94066864    1.53749156    2.01621857    1.95942599    1.56428672    1.45328433    1.71368371    1.72637187    1.59833110    1.60600976    1.29076648    1.79532018    1.60337521    1.33159979    1.61183302    1.60943717    1.72608979    1.83103234    1.57475057    1.67641675    1.76884402    1.80739623    1.79137906    1.77166032    1.55929886    1.63533243    1.54586965    1.54228788    1.58167287    1.57880673    1.71656102    1.46411463    1.60522298
D0NJT8_PHYIT/547-637     1.76976180    0.00000000    1.55367995    1.55464558    1.76429558    1.52041000    1.65871976    1.72294253    1.53418164    1.79710972    1.59242113    1.64016824    1.75999948    1.99729417    1.94613756    1.68582171    1.48136431    1.86666366    1.86836059    2.03245981    1.86520566    1.51632023    1.75117993    2.06529851    1.84539940    1.75655319    1.79043392    1.64107896    1.66567873    1.54227450    1.57500895    1.78703556    1.59808060    1.64070577    1.88025132    1.98979049    2.07670675    2.19835323    2.80035811    2.72006002    1.75921513    1.97049446    2.33908963    2.33819062    2.51619644    2.45210366    1.91903214    1.97445869    2.13345807    2.14780499    2.63282470    1.71475140    1.75970522    1.75674866    1.99202719    2.13160375    1.86098121    1.83063693    1.87829631    2.14968242    1.83436028    1.73847262    2.03052693    2.12085738    2.12466987    1.75663146    2.05984704    1.73416417    1.82170492    1.95901861    2.62830152    1.83400451    1.99852786    2.29552124    1.75343841    1.73872286    1.94373824    2.07280167    1.95169251    1.93008926    1.75822551    2.60753736    2.19432404    1.67783467    1.87099206    1.72481872    2.35513865    2.36631220    2.07025416    2.45045664    2.46707844    2.36398956    2.01358106    2.10863105    2.14652699    2.15577646    1.92879044    2.23677043    2.04796002    2.21367656    2.22177400    1.80545304    1.83280858
B3RK74_TRIAD/936-1025     1.06727943    1.55367995    0.00000000    0.79553297    0.78860491    0.84077284    0.79141114    0.77413143    0.71059206    1.23043765    0.95006588    0.94447483    0.99608450    1.32933194    0.97954368    1.34841619    1.15283738    1.18425878    0.91720924    1.07934858    1.28066871    1.07013370    1.04200494    1.10257062    1.03150448    1.10267853    0.88392778    1.03147428    0.99188591    1.06926675    0.99799862    1.08900869    1.10236918    1.13709607    1.17686057    1.27023191    1.16237354    1.45757706    1.96585593    1.82082005    1.66338709    1.61523454    1.75052487    2.04791534    2.15855970    2.00697557    1.66383337    1.71539202    1.70004283    1.48149822    2.21860159    0.92037295    1.11361770    1.48441967    1.69219942    1.90504339    1.63314750    1.22306374    1.23823830    1.36247074    1.25786351    1.27671204    1.56829377    1.50254690    1.69021630    1.26853228    1.45663417    1.32440285    1.29892223    1.32347364    1.78938871    1.25880986    1.54294572    1.49041820    1.36483456    1.37469826    1.49944426    1.52968148    1.40401227    1.46783331    1.16264500    1.54822309    1.70590670    1.35700176    1.62324223    1.55357688    1.81626759    1.77020007    1.71100575    1.73652448    1.78233001    1.71275561    1.69500616    1.78705689    1.61827892    1.72254431    1.61468535    1.52202148    1.70271096    1.84774695    1.55542836    1.49306570    1.35746823
D6WF72_TRICA/852-942     0.90945080    1.55464558    0.79553297    0.00000000    0.30871793    0.46149290    0.38966697    0.28319783    0.28010326    0.87276064    0.60347307    0.63743480    0.73158234    1.06423440    0.91971942    1.02238331    0.87302611    0.63902829    0.67082377    0.85837351    1.21625331    1.04172970    1.05006659    1.12193844    1.00278252    1.08645227    1.22757122    0.88385568    1.00164581    1.11832838    1.11967781    1.12930264    1.00380541    1.04164671    1.28543414    1.38339582    0.97549073    1.24435860    2.09091826    1.97926721    1.58386658    1.70514693    1.62738835    1.91452044    1.94765497    2.01168053    1.71538105    1.94603604    1.65891352    1.49136880    1.84724159    1.14108758    1.00341464    1.45616497    1.71565080    1.69370051    1.56842360    1.57548876    1.39001151    1.54074642    1.40702385    1.44624797    1.83031433    1.70225538    2.02242003    1.47612582    1.74896891    1.49813818    1.45251893    1.58764221    1.80375779    1.49308197    1.79244127    1.67178328    1.55701750    1.42325901    1.54808277    1.67475726    1.58092434    1.52738827    1.23204685    1.89726334    1.68825405    1.33007978    1.42037711    1.68523042    1.80396943    1.98318234    1.80923421    1.94069709    1.96598738    1.73296291    1.75540173    1.64951127    1.61510397    1.59961926    1.45116640    1.70425848    1.78042261    1.78097589    1.46177892    1.84356731    1.52051516
B4LN92_DROVI/854-944     0.98551512    1.76429558    0.78860491    0.30871793    0.00000000    0.53211403    0.53299391    0.40517832    0.32941144    1.00622238    0.75834612    0.79937421    0.79420401    1.05645443    0.92590538    1.07595871    0.90797049    0.77779056    0.77744565    0.88558154    1.26010564    1.02171631    1.02952295    1.12808784    0.93782907    1.05494017    1.20337520    0.82336496    0.90466712    1.15146120    1.10426923    1.20832340    0.96248609    1.01784334    1.16745322    1.44619169    1.18642788    1.33299590    2.00749349    1.86505378    1.65884109    1.75687907    1.71726266    2.00723660    2.10845400    1.96445241    1.79917568    2.06549006    1.80654745    1.61589620    1.89593555    1.10956199    1.11531321    1.41552229    1.67636355    1.71522142    1.74547339    1.64451682    1.41203649    1.53741316    1.41428032    1.47320676    1.78713179    1.49988339    1.85920988    1.50347952    1.70539874    1.47377990    1.37234256    1.53310790    1.89138032    1.47132775    1.62806544    1.61634782    1.49451416    1.41352102    1.55140073    1.47513981    1.53750219    1.61005742    1.31349013    1.75598458    1.80840202    1.37483327    1.55728348    1.80357827    1.85270120    2.10473530    1.88917823    1.98943404    1.93076338    1.69738505    1.73056806    1.72610996    1.70948230    1.67077521    1.69969848    1.72466868    1.89555623    1.85160738    1.59878526    1.76996641    1.57869911
T1K6F3_TETUR/914-1004     0.93555557    1.52041000    0.84077284    0.46149290    0.53211403    0.00000000    0.33851293    0.39929137    0.47735424    0.84126124    0.71869725    0.75891259    0.88778271    1.11225153    0.89532180    1.17915445    1.00580720    0.87141844    0.67387573    0.79942292    1.13483915    1.06427386    1.08324588    1.20416930    0.96289461    1.26723291    1.30720184    1.14757617    1.00090926    1.15912178    0.99157365    1.10483541    1.01262517    1.03556267    1.25348593    1.49880228    1.17145590    1.44474947    1.80095224    1.88302107    1.69170939    1.67513231    1.75765155    2.10679438    2.19612365    2.06080679    1.76151159    1.89866659    1.85759553    1.55826620    2.19813169    1.03370239    1.17144001    1.56425914    1.65824605    1.64405827    1.71476450    1.61210716    1.52571353    1.51663229    1.50582733    1.44612243    1.70622961    1.68849358    1.92071688    1.47240921    1.58346675    1.43774516    1.33036388    1.57891636    1.84443271    1.49270427    1.62004199    1.66425826    1.33235433    1.23512162    1.30757600    1.39980627    1.28981873    1.24119309    1.28926492    1.84667835    1.60028116    1.34303705    1.52447835    1.59214713    1.93970985    2.08681136    1.89139831    2.10581324    2.06353675    1.85089065    1.58914504    1.71265617    1.63213582    1.70372477    1.48853510    1.79918803    1.85904553    1.81384872    1.87989361    1.97950014    1.64956281
B7PA36_IXOSC/457-547     1.05613951    1.65871976    0.79141114    0.38966697    0.53299391    0.33851293    0.00000000    0.32350969    0.41423736    0.90694992    0.64395739    0.62842036    0.76900597    1.05776361    0.94597650    1.09391713    0.90435622    0.81688505    0.58143750    0.77433647    1.17910983    1.01585115    1.08242273    1.20000562    1.06777908    1.11389301    1.21211835    1.00082410    0.95957555    1.08516396    1.07364983    1.17389265    1.07400471    1.12203219    1.20291635    1.35552194    1.15744298    1.35972054    2.00894545    1.95652943    1.65642358    1.97196462    1.87954998    2.25873695    2.32019535    2.28560779    1.87767471    2.04457065    1.96201016    1.71511113    1.92449737    1.10276226    1.19256377    1.63715436    1.62937984    1.86231659    1.64618916    1.73460597    1.35104055    1.46845670    1.52189831    1.43114723    1.75198992    1.58808125    1.94718377    1.42557889    1.57978498    1.42782447    1.40921603    1.58346250    1.81117969    1.51166837    1.63723855    1.80066354    1.43291243    1.40632497    1.56078604    1.67912541    1.46520406    1.38738500    1.22825329    1.94780774    1.87299278    1.25219875    1.50538010    1.62561226    1.85004883    2.00106632    1.75673634    1.95300010    1.91256478    1.72242790    1.84010221    1.61650950    1.69417551    1.63344766    1.62317181    1.62699981    1.70817990    1.64883557    1.62125892    1.88423620    1.54507177
E9FTU9_DAPPU/852-942     0.91642464    1.72294253    0.77413143    0.28319783    0.40517832    0.39929137    0.32350969    0.00000000    0.24732108    0.96708800    0.63495947    0.66796319    0.70071926    0.95598514    0.94782988    0.98482505    0.79385120    0.70519923    0.51387442    0.84385512    1.14933100    1.00814900    1.00191397    1.05366278    0.88932021    1.02915227    1.14703704    0.84861470    0.89821184    1.01363255    1.02563205    1.03200629    1.00019052    0.97379970    1.17638903    1.24756175    1.12453743    1.23654120    2.01342099    2.04148231    1.53709694    1.73245364    1.64651361    2.01922946    2.05435042    2.03133033    1.74911495    1.93120004    1.61901554    1.43355612    1.90987243    1.01549411    1.11862023    1.37152363    1.39278427    1.56038131    1.62178730    1.53515733    1.21210031    1.29720916    1.32007315    1.56071408    1.77485761    1.50718479    1.83783794    1.44178105    1.62272631    1.49993940    1.29105707    1.53766468    1.81203062    1.42934701    1.66883120    1.65748083    1.37155176    1.27298457    1.45057089    1.47452237    1.36733108    1.28621083    1.14507798    1.64906817    1.67460615    1.14105005    1.43971342    1.70788634    1.67985757    1.90782511    1.66481875    1.73978558    1.78390287    1.67797663    1.80300154    1.56316749    1.58707525    1.53407649    1.44696415    1.63622979    1.77299433    1.68039857    1.61524487    1.67705113    1.48027821
H9JUT4_BOMMO/800-890     0.95575793    1.53418164    0.71059206    0.28010326    0.32941144    0.47735424    0.41423736    0.24732108    0.00000000    0.90308662    0.62724104    0.63364939    0.66605402    1.00991130    0.90504057    0.97211986    0.84660557    0.77422095    0.67175648    0.83632288    1.15728035    1.10995941    1.10339285    1.15396703    0.97078042    1.01669176    1.16819727    0.86769647    0.92021392    1.02919073    1.05063115    1.12220612    0.97354876    1.05495461    1.21860787    1.38296192    1.20637380    1.43372593    2.19960944    2.17560441    1.78003931    1.89139988    1.80086980    2.11972966    2.13634590    2.19388813    1.84485044    2.03006462    1.75302042    1.56397119    2.01524297    0.94784883    1.04313549    1.44570614    1.66597679    1.73869142    1.70414225    1.48941615    1.43133816    1.38605827    1.34332157    1.57085739    1.69469192    1.54274218    1.91438388    1.38037557    1.57770386    1.40650817    1.29953340    1.38613281    1.88872633    1.41818898    1.70923756    1.66868574    1.38307645    1.35499862    1.45835334    1.44209431    1.43316754    1.43393289    1.19434671    1.80005383    1.66979973    1.29645754    1.53849634    1.68578756    1.67442401    1.86840717    1.67596729    1.74853488    1.80609302    1.62729298    1.71034302    1.70491954    1.60237282    1.59062591    1.40882701    1.58397540    1.70996985    1.72709705    1.56504581    1.66626292    1.49255335
H2XSF3_CIOIN/850-940     1.40981095    1.79710972    1.23043765    0.87276064    1.00622238    0.84126124    0.90694992    0.96708800    0.90308662    0.00000000    0.61602820    0.67229175    0.69688896    1.11492828    0.82169006    0.99434406    0.88981372    1.09360433    0.84883199    1.07884470    1.51248087    1.06427940    1.26410237    1.30135627    1.44690224    1.35364366    1.63180954    1.27630076    1.14696081    1.30554815    1.21260840    1.16964980    1.06062551    1.27485944    1.40881540    1.49396445    1.45039155    1.59925762    2.03082072    2.43008038    2.01159708    1.76597344    1.82858296    2.17556994    2.39340281    2.36575575    1.78483911    2.07103725    1.96586030    1.98251309    2.41866487    1.28029567    1.24357710    1.63570336    1.84205999    1.86839330    1.91266384    1.71548142    1.60215910    1.60678581    1.72360938    1.43279082    1.71273051    1.72151029    1.74570279    1.67439881    1.80482665    1.73071910    1.66141722    1.54168211    1.81882229    1.48683823    1.70350001    1.62800412    1.66703949    1.70214351    1.92878775    1.74335934    1.72659849    1.68636848    1.27237062    1.65603304    1.87117065    1.44418570    1.29110486    1.44266449    1.65855061    1.74416268    1.49455841    1.74879611    1.75020537    1.51113557    1.57937562    1.65663763    1.51628757    1.58278975    1.46342192    1.63277816    1.80336880    1.95446462    1.60172071    1.83857205    1.48420815
G3S6N8_GORGO/856-944     1.06417334    1.59242113    0.95006588    0.60347307    0.75834612    0.71869725    0.64395739    0.63495947    0.62724104    0.61602820    0.00000000    0.18227315    0.26372756    0.66608842    0.52874046    0.48215270    0.39474381    0.86303084    0.78371993    0.81068245    1.21274001    1.10181732    1.10089175    1.16452941    1.13308753    1.13225783    1.20575387    1.09379932    0.98346103    1.02394742    1.07995065    1.09236622    1.01583930    1.17836365    1.16874548    1.30442056    1.07662200    1.50821655    2.20329207    2.22368567    1.85436266    1.84535250    1.72123520    1.98265619    2.10216287    2.15025259    1.84108713    1.93705397    1.87498738    1.64320536    2.18347162    1.03005605    1.05017237    1.38272599    1.62268806    1.74238573    1.76326470    1.58075280    1.36768871    1.46754648    1.34435199    1.32905508    1.77101995    1.58229649    1.70840075    1.39616726    1.40359562    1.42149529    1.28947833    1.37716357    1.79697091    1.30877917    1.51818682    1.64863241    1.57318253    1.43621594    1.53332087    1.52889013    1.51299214    1.35867504    1.05593889    1.89086568    1.75505467    1.25098758    1.16495872    1.41874102    1.67025692    1.64057133    1.51550348    1.62973152    1.55033116    1.46829771    1.55726410    1.56802862    1.44562276    1.43820234    1.44328539    1.49847505    1.60682515    1.61727323    1.46079567    1.57994352    1.27207571
W5N4D0_LEPOC/833-922     1.06504940    1.64016824    0.94447483    0.63743480    0.79937421    0.75891259    0.62842036    0.66796319    0.63364939    0.67229175    0.18227315    0.00000000    0.33587039    0.78991965    0.64068303    0.65628195    0.55396294    0.75215023    0.73571256    0.76136591    1.21264491    1.15322070    1.17678360    1.19706497    1.15386623    1.23696284    1.20274581    1.09187568    0.97949869    1.12627598    1.16296727    1.21003032    1.06393559    1.24805935    1.34852180    1.32751404    1.19789326    1.46882816    2.23820491    2.24282593    1.82728653    1.95542886    1.83112128    2.19059401    2.30449216    2.30010940    1.92251589    2.04979996    2.10295835    1.75098593    2.18691613    1.08756554    1.15506335    1.51190712    1.64763255    1.66283704    1.57213071    1.71572282    1.44572230    1.52310404    1.48219354    1.39549792    1.74795155    1.58069755    1.70022991    1.49034229    1.50742370    1.54171776    1.37322616    1.48996483    1.97943062    1.39967024    1.43771428    1.54080987    1.51589953    1.43151839    1.51748758    1.60386667    1.51440296    1.34727254    1.11776590    1.79700286    1.84565033    1.23097409    1.23852142    1.43113182    1.61920595    1.77876721    1.55321352    1.72241077    1.65250148    1.51262125    1.60037484    1.53422641    1.46494058    1.45703371    1.32801313    1.43442315    1.53690411    1.59388304    1.42922260    1.64839772    1.30512130
I3J7R3_ORENI/851-941     1.15639355    1.75999948    0.99608450    0.73158234    0.79420401    0.88778271    0.76900597    0.70071926    0.66605402    0.69688896    0.26372756    0.33587039    0.00000000    0.46889395    0.73441952    0.63667767    0.53597102    0.96650369    0.79824280    1.04031200    1.24455473    1.16309493    1.13251026    1.18196275    1.16149690    1.16824267    1.29142853    1.03933472    1.02095032    1.02930366    1.04111191    1.06181670    0.92729631    1.08080213    1.09061202    1.35790934    1.27303804    1.49297034    2.43254926    2.36417163    1.95053492    1.93952600    1.80879457    2.16121041    2.28073291    2.22986676    1.79372870    1.92833744    1.84402916    1.60299532    2.05533196    0.96593645    1.16122477    1.36905100    1.53999841    1.70308892    1.77966490    1.65037510    1.44508281    1.50266436    1.44095877    1.46529284    1.85880050    1.50625140    1.76573228    1.46912841    1.52269235    1.53469266    1.38056422    1.28674905    2.06512472    1.36549269    1.51571033    1.56876249    1.52936389    1.48385752    1.72856574    1.51604828    1.56597077    1.48122070    1.12288095    1.82092381    1.74169283    1.28355253    1.17136453    1.38390427    1.61044821    1.71954917    1.53787883    1.71221614    1.61099565    1.48797234    1.47771588    1.63550400    1.38480816    1.41116215    1.45607999    1.36117100    1.54254260    1.46975830    1.38097281    1.45531711    1.35334823
H3BGR5_LATCH/833-923     1.54353350    1.99729417    1.32933194    1.06423440    1.05645443    1.11225153    1.05776361    0.95598514    1.00991130    1.11492828    0.66608842    0.78991965    0.46889395    0.00000000    1.00816759    0.88776511    0.75140072    1.09772132    0.93433495    1.33807539    1.67942136    1.58037979    1.58967963    1.70537490    1.68382360    1.55474027    1.78222727    1.47875572    1.47535686    1.53693534    1.56092988    1.42724405    1.35592592    1.48220470    1.54148404    1.59245946    1.73638146    1.78128615    2.56405179    3.04011649    2.15700052    2.32436669    2.01801052    2.35562804    2.43597005    2.44491278    2.10321868    2.34294758    1.97275608    1.89922534    2.39959924    1.50469133    1.44794745    1.60826339    1.58919384    1.83354199    1.70032741    2.00445868    1.62327329    1.75813851    1.72577868    1.78538086    2.31942426    1.71416157    2.05906418    1.59933847    1.67440740    1.66388308    1.53193509    1.72769668    1.94997894    1.59767624    1.80112499    1.77807112    1.64693906    1.55663313    1.82837560    1.74392810    1.73428750    1.61746346    1.48091406    2.11703867    1.96663602    1.43736820    1.46518548    1.68705688    1.55456972    1.85394643    1.52764932    1.84379059    1.57806200    1.40860197    1.78381764    1.83872861    1.60653202    1.57815704    1.94628174    1.68981657    1.84420262    1.79591482    1.53455141    2.04819236    1.73310209
H3DQ89_TETNG/860-949     1.17589245    1.94613756    0.97954368    0.91971942    0.92590538    0.89532180    0.94597650    0.94782988    0.90504057    0.82169006    0.52874046    0.64068303    0.73441952    1.00816759    0.00000000    0.57148501    0.50813351    1.04906522    0.88355802    1.02098416    1.28957812    1.15487067    1.25109981    1.43295947    1.11520846    1.36083167    1.17442551    1.26313942    1.18572984    1.28194774    1.23245542    1.22865751    1.14036203    1.39951094    1.43794208    1.33572752    1.29895303    1.65859063    2.08402903    2.00298381    1.75676253    1.69696116    1.72738039    1.83755569    2.03186470    1.95487924    1.79293948    1.71884402    1.89816188    1.68449360    1.90785496    1.08303277    1.28897896    1.65710427    1.62641256    1.69324934    1.67824056    1.40622255    1.44605427    1.53620107    1.37933846    1.39425470    1.51188313    1.56522594    1.67762500    1.38726579    1.45154315    1.41077004    1.22272627    1.43701190    1.72810363    1.41358360    1.54941553    1.63655859    1.49662044    1.28644481    1.48101206    1.39466749    1.36928981    1.40905232    1.27912896    1.65231696    1.73722786    1.38077284    1.22036414    1.17056239    1.27786796    1.36281164    1.27707573    1.43592793    1.31276909    1.31168909    1.26171482    1.41395344    1.23675271    1.31731458    1.19992972    1.21740893    1.30558950    1.41019233    1.22998302    1.42174291    1.10276107
F8W5K5_DANRE/857-947     1.28132927    1.68582171    1.34841619    1.02238331    1.07595871    1.17915445    1.09391713    0.98482505    0.97211986    0.99434406    0.48215270    0.65628195    0.63667767    0.88776511    0.57148501    0.00000000    0.35589109    1.11763086    0.97846094    1.35004933    1.62514851    1.31102975    1.44664947    1.55400277    1.34383232    1.48305025    1.66698990    1.34940173    1.44035870    1.36806902    1.39831300    1.43386471    1.35660876    1.40419559    1.52363988    1.63904555    1.48581034    1.63586793    2.69877465    2.63977923    2.00900087    2.08173810    1.91823018    2.15345423    2.36538604    2.25188215    2.04098625    2.04716021    1.96503224    1.79070361    2.28781436    1.20106362    1.37154586    1.62869242    1.81533653    1.88551046    1.82188517    1.85452439    1.74363300    1.98425245    1.62403129    1.80951652    2.01706944    1.98951287    2.03832415    1.72459256    1.94158973    1.77685101    1.61666009    1.76836342    2.24258681    1.66958609    1.82852096    1.95073076    1.90704542    1.52239155    1.78564907    1.68341320    1.58193722    1.67857644    1.41978531    1.98275435    1.74485349    1.75176594    1.33607190    1.36640667    1.57076912    1.80226321    1.43853084    1.71692289    1.60740151    1.65341892    1.47511084    1.63867036    1.48775683    1.52458138    1.46546941    1.59146529    1.70577972    1.62406542    1.54072109    1.63023855    1.42040474
W5KV56_ASTMX/796-885     1.19640266    1.48136431    1.15283738    0.87302611    0.90797049    1.00580720    0.90435622    0.79385120    0.84660557    0.88981372    0.39474381    0.55396294    0.53597102    0.75140072    0.50813351    0.35589109    0.00000000    0.87467966    0.83422055    1.10766173    1.30700742    1.19620555    1.29182232    1.34439698    1.16957497    1.22021333    1.45823164    1.19218896    1.16809962    1.28338766    1.22432000    1.26387251    1.19072830    1.26143718    1.23796515    1.35256954    1.32534347    1.58791150    2.36767743    2.40110541    1.84973239    1.96085118    1.84366846    2.01851503    2.25782273    2.11645846    1.86567231    1.99695147    1.82426784    1.61416394    2.24682382    1.21700404    1.22518489    1.29502950    1.58451326    1.86709823    1.61560954    1.63755640    1.44242748    1.58680173    1.37759948    1.55432404    2.03634867    1.65268753    1.79148694    1.41248522    1.66858216    1.44145145    1.27923252    1.47547133    1.80711767    1.35326018    1.48839067    1.70125845    1.40423425    1.14899529    1.50699590    1.52282641    1.46083800    1.34292204    1.14005357    2.00372334    1.71242852    1.35058892    1.17462758    1.23083614    1.51200595    1.58665174    1.46674385    1.57781605    1.45396684    1.48078565    1.35145363    1.43821573    1.33814946    1.42979817    1.36792142    1.44531236    1.59715147    1.63301438    1.42101655    1.41445137    1.20073748
T1G0J6_HELRO/851-942     1.11067955    1.86666366    1.18425878    0.63902829    0.77779056    0.87141844    0.81688505    0.70519923    0.77422095    1.09360433    0.86303084    0.75215023    0.96650369    1.09772132    1.04906522    1.11763086    0.87467966    0.00000000    0.78332529    1.19644223    1.40677958    1.29582317    1.18723840    1.33359383    1.22040627    1.36295471    1.46229897    1.07454842    1.08854853    1.41034780    1.21780082    1.29657709    1.16806932    1.23741152    1.44572053    1.32717310    1.35821467    1.53486458    2.10593743    2.25500782    1.81048894    1.89254078    1.74935512    2.06634084    2.16413644    2.14701201    1.73479437    2.01992356    1.86292789    1.66107868    2.01243699    1.46072419    1.33691441    1.35357616    1.76951612    1.84439622    1.56520413    1.58747543    1.37550432    1.52545561    1.44756594    1.53127896    2.08558410    1.75628189    2.11185886    1.57227743    1.77635635    1.55938307    1.41186223    1.69141081    2.08726022    1.58855807    1.54559559    1.56167997    1.32925741    1.35397928    1.50322598    1.58994886    1.41885880    1.27527423    1.34173262    1.90098744    1.75417636    1.49044803    1.53477255    1.62106598    1.77037586    1.90357312    1.82774349    1.87346999    1.97683112    1.98939375    1.70670596    1.80729878    1.71573357    1.71799422    1.58003734    1.77591032    1.99673374    1.89804353    1.71446882    1.68095555    1.53883823
K1RSE7_CRAGI/643-734     1.23521063    1.86836059    0.91720924    0.67082377    0.77744565    0.67387573    0.58143750    0.51387442    0.67175648    0.84883199    0.78371993    0.73571256    0.79824280    0.93433495    0.88355802    0.97846094    0.83422055    0.78332529    0.00000000    0.96222122    1.26664755    1.01182100    1.11875416    1.32171695    1.26121300    1.16148419    1.21357136    1.09277180    1.07054222    1.20956707    1.27913176    1.34866614    1.15591386    1.15166403    1.39216673    1.38391697    1.48499343    1.47852110    2.10808036    2.16205495    2.10531768    1.93457248    1.78349349    2.15231419    2.39564513    2.27474600    2.20068326    2.33440222    1.68621922    1.87290410    2.17817130    1.16851668    1.29355113    1.52231069    1.48373541    1.66097318    1.64707941    1.64007229    1.51823469    1.55863941    1.51626515    1.50873900    1.80013221    1.71984280    2.06559569    1.31443741    1.39930310    1.40851147    1.32801348    1.42218097    1.97057430    1.38052651    1.63861716    1.70160424    1.54799376    1.50786073    1.77642853    1.69413728    1.57249988    1.47720318    1.33873974    1.80350157    1.66619990    1.45007380    1.28633186    1.61484543    1.60411690    1.88561644    1.75655004    1.87428214    1.86960879    1.77642040    1.74258026    1.64793627    1.59712143    1.61608282    1.60115917    1.51844308    1.72866261    1.78807841    1.55900010    1.69751651    1.52264292
B7WN66_CAEEL/853-943     1.21479283    2.03245981    1.07934858    0.85837351    0.88558154    0.79942292    0.77433647    0.84385512    0.83632288    1.07884470    0.81068245    0.76136591    1.04031200    1.33807539    1.02098416    1.35004933    1.10766173    1.19644223    0.96222122    0.00000000    1.21842104    1.26645702    1.41595015    1.28957749    1.13258082    1.27706597    1.20297968    1.33091370    1.17057408    1.48190773    1.42737715    1.54039508    1.33508295    1.28642521    1.53267690    1.65959210    1.30317239    1.63343138    2.09853270    2.23138540    1.92301123    2.01260978    1.85503477    2.25995920    2.14773274    2.14309295    2.09317982    2.26179215    2.04393310    1.80579477    2.14423382    1.28637154    1.49413913    1.44415739    1.81306776    1.54207805    1.59723076    1.54703916    1.36394637    1.58591711    1.33996725    1.36656972    1.94751708    1.91501931    2.00079334    1.69492191    1.81884448    1.72641467    1.68281058    1.82715983    2.50627739    1.76273886    1.78428027    2.04829368    1.71197853    1.61371091    1.56276807    1.68635288    1.70598667    1.66020323    1.41355279    1.98417373    1.93272344    1.44940398    1.52576862    1.77719499    1.93234238    1.93646189    1.79780473    2.02709450    2.07236853    1.90051181    1.75994004    1.74554912    1.75516136    1.66672885    1.64721179    1.83264872    1.71458956    1.61973064    1.70041455    1.87790955    1.59788327
D5EWU7_PRER2/262-352     1.02790296    1.86520566    1.28066871    1.21625331    1.26010564    1.13483915    1.17910983    1.14933100    1.15728035    1.51248087    1.21274001    1.21264491    1.24455473    1.67942136    1.28957812    1.62514851    1.30700742    1.40677958    1.26664755    1.21842104    0.00000000    0.74285892    0.87461234    0.90396240    0.73206135    0.86158801    0.85792226    0.97777458    0.86095827    1.05868523    0.88560367    0.99900082    0.89269745    0.81558276    1.21113464    1.24763878    1.24621891    1.36312883    1.77446982    1.71437862    1.31685601    1.23493114    1.51719291    1.57071821    1.67756086    1.56238296    1.25471605    1.36794901    1.33118057    1.11352565    1.43063672    1.05723110    1.11976476    1.49871827    1.76644954    1.84154904    1.77740277    1.56018895    1.37123367    1.41860610    1.23079588    1.30901412    1.94360424    1.87188714    2.03926032    1.52902822    1.57393866    1.61790632    1.53812989    1.62790851    2.08240342    1.74853851    1.63594882    1.78186446    1.84244061    1.77733367    1.79215391    1.89522035    1.74692034    1.60153035    1.07482329    1.87115779    1.69377808    1.21027809    1.34288715    1.28645281    1.43560421    1.37540309    1.43112991    1.56753480    1.39666948    1.30150389    1.42883162    1.60597007    1.30471440    1.39151628    1.32986996    1.26574259    1.53946786    1.48877013    1.47596912    1.44304128    1.26226266
R7FG97_9FIRM/2-92     1.03606863    1.51632023    1.07013370    1.04172970    1.02171631    1.06427386    1.01585115    1.00814900    1.10995941    1.06427940    1.10181732    1.15322070    1.16309493    1.58037979    1.15487067    1.31102975    1.19620555    1.29582317    1.01182100    1.26645702    0.74285892    0.00000000    0.31937903    0.60280513    0.63084638    0.73048586    0.69733897    0.66090363    0.59406072    0.82984806    0.64620761    0.83755917    0.69524704    0.51643106    1.13900339    1.14602273    1.18722030    1.15976746    1.35818110    1.44543295    1.32284816    1.23499590    1.34808750    1.60931785    1.65301962    1.59004649    1.28076762    1.45166558    1.46049362    1.39557840    1.52957276    0.91500156    1.12357034    1.14698191    1.69844151    1.74207888    1.68786314    1.53138267    1.34341497    1.45863313    1.30751517    1.31160533    1.66638044    1.63701123    1.72959538    1.38634067    1.52442520    1.39869815    1.38475699    1.59118222    1.88647250    1.46567392    1.50126530    1.61914424    1.46859306    1.49130296    1.64668024    1.65882370    1.57276613    1.47032492    1.07436696    1.61955270    1.61226681    0.94719254    1.16375840    1.13645427    1.45914066    1.59091479    1.30962883    1.51010743    1.43706581    1.37756440    1.22211391    1.21891700    1.02555516    1.28069476    1.28444319    1.21321726    1.40195972    1.41232844    1.20210447    1.13071040    1.21797755
R6AXU6_9CLOT/2-92     0.98741943    1.75117993    1.04200494    1.05006659    1.02952295    1.08324588    1.08242273    1.00191397    1.10339285    1.26410237    1.10089175    1.17678360    1.13251026    1.58967963    1.25109981    1.44664947    1.29182232    1.18723840    1.11875416    1.41595015    0.87461234    0.31937903    0.00000000    0.60556855    0.57989682    0.69242892    0.56798729    0.59019311    0.61543420    0.76392084    0.55190006    0.62782754    0.69686077    0.49626433    0.97092611    1.01247704    0.92764714    1.21366818    1.49257918    1.42995879    1.24259536    1.23353497    1.19911620    1.52464161    1.62610348    1.57858998    1.24907486    1.41868862    1.36862361    1.32815877    1.64490149    0.82064286    1.15225607    1.06217360    1.67381833    1.83291442    1.63982064    1.35175305    1.19741540    1.33719932    1.21118235    1.20814934    1.75624451    1.59278585    1.68079386    1.19162986    1.44303991    1.24480547    1.07533975    1.36468464    1.66917412    1.23377308    1.37513718    1.28896467    1.44295021    1.24841471    1.56737265    1.56761908    1.47715626    1.30154311    1.03568589    1.70387309    1.64100666    0.86583477    1.15200943    1.23034124    1.54877291    1.66982576    1.33412859    1.51397571    1.37406638    1.42155661    1.37059610    1.37276438    1.18465909    1.37729039    1.38285311    1.19157380    1.49966333    1.42910704    1.28993345    1.22475138    1.21826761
R6CXN9_9BACE/6-96     0.96884893    2.06529851    1.10257062    1.12193844    1.12808784    1.20416930    1.20000562    1.05366278    1.15396703    1.30135627    1.16452941    1.19706497    1.18196275    1.70537490    1.43295947    1.55400277    1.34439698    1.33359383    1.32171695    1.28957749    0.90396240    0.60280513    0.60556855    0.00000000    0.53967380    0.60473552    0.54230152    0.55469971    0.61918175    0.69169170    0.57736486    0.75556194    0.70590088    0.49077531    0.98670044    0.87175190    1.07342081    1.11076537    1.69811043    1.60509830    1.40535454    1.37822082    1.38883529    1.63133700    1.70242153    1.66571616    1.43834886    1.62936523    1.59818704    1.45736703    1.90058521    0.94120061    1.25949052    1.17445991    1.72917484    2.04174500    1.76929554    1.57384818    1.29683104    1.37623855    1.27787291    1.25189300    1.76698535    1.58042683    1.64374326    1.42932527    1.83613315    1.55230269    1.34958625    1.70691791    2.23570106    1.58293453    1.87198081    1.79472455    1.54251240    1.51872965    1.76347386    1.67662415    1.64246499    1.69648888    1.16195263    1.58225714    1.48560741    1.08274006    1.38043251    1.51573493    1.71811599    1.82050914    1.59331881    1.67647526    1.69838767    1.74622362    1.41052893    1.47147214    1.43700475    1.56911480    1.60921941    1.44194858    1.65566114    1.63239857    1.53030655    1.55551922    1.40865336
Q8A5J2_BACTN/8-98     0.95824871    1.84539940    1.03150448    1.00278252    0.93782907    0.96289461    1.06777908    0.88932021    0.97078042    1.44690224    1.13308753    1.15386623    1.16149690    1.68382360    1.11520846    1.34383232    1.16957497    1.22040627    1.26121300    1.13258082    0.73206135    0.63084638    0.57989682    0.53967380    0.00000000    0.72595178    0.67178004    0.58787935    0.48248411    0.84956280    0.62046151    0.73399258    0.69974683    0.55820259    0.93605866    1.08926315    0.92574489    1.29700033    1.52885324    1.46566141    1.49457447    1.41370792    1.52647571    1.65857309    1.76142238    1.59368250    1.56463457    1.48981972    1.51058100    1.39509417    1.78685222    0.79057875    1.13264528    1.21928405    1.69205591    1.89453459    1.55848012    1.57824382    1.45356407    1.50731432    1.23901963    1.32682168    1.69298536    1.65230138    1.88781246    1.49003121    1.74002096    1.61284073    1.37596170    1.78534586    2.07576789    1.67700351    1.67371818    1.77609973    1.47371296    1.49895845    1.68589048    1.56561960    1.66742221    1.65366497    1.02826001    1.82486147    1.60240772    1.09279276    1.14180824    1.34402133    1.62088442    1.64773596    1.48536187    1.54578877    1.50149477    1.59093496    1.17445281    1.35841828    1.24856684    1.29573562    1.28272645    1.27291417    1.59077870    1.42547976    1.39032080    1.35804451    1.38945438
R7EN21_9BACE/4-94     1.13429526    1.75655319    1.10267853    1.08645227    1.05494017    1.26723291    1.11389301    1.02915227    1.01669176    1.35364366    1.13225783    1.23696284    1.16824267    1.55474027    1.36083167    1.48305025    1.22021333    1.36295471    1.16148419    1.27706597    0.86158801    0.73048586    0.69242892    0.60473552    0.72595178    0.00000000    0.53842253    0.41917292    0.40250029    0.65955283    0.63194401    0.72526796    0.69771047    0.64232477    1.01558022    1.03709531    1.20060890    1.39458528    1.88113730    1.81235240    1.68579178    1.49067048    1.73544642    1.68092801    1.91056153    1.87225852    1.60735678    1.64676972    1.62774084    1.48515449    1.93400852    1.07572163    1.11403082    1.33515329    1.76120398    1.92882978    1.58275784    1.40540182    1.33229163    1.42891811    1.43591115    1.39828449    1.73647569    1.55039832    1.67739411    1.27359259    1.53230073    1.29635325    1.33259997    1.47800478    1.91003094    1.31294420    1.64406504    1.51252640    1.51701336    1.58228033    1.77904734    1.64150929    1.60440885    1.65604893    0.96348297    1.86852123    1.71655876    1.29016394    1.23048437    1.52726647    1.85222892    1.78853872    1.80150849    1.67801043    1.68647164    1.68082149    1.48603147    1.52694102    1.57771589    1.63625192    1.50882712    1.36062250    1.60235173    1.64030020    1.40864319    1.33246308    1.34505096
F9Z802_ODOSD/5-95     1.03340925    1.79043392    0.88392778    1.22757122    1.20337520    1.30720184    1.21211835    1.14703704    1.16819727    1.63180954    1.20575387    1.20274581    1.29142853    1.78222727    1.17442551    1.66698990    1.45823164    1.46229897    1.21357136    1.20297968    0.85792226    0.69733897    0.56798729    0.54230152    0.67178004    0.53842253    0.00000000    0.57464536    0.61435331    0.65781614    0.53704470    0.73196208    0.64367009    0.61638621    0.96306940    0.98928876    1.08698987    1.38742277    1.43753185    1.38038890    1.28700125    1.28310643    1.31854009    1.57957108    1.58841805    1.57145341    1.31657781    1.31829883    1.51434164    1.37760266    1.85840921    0.97885239    1.06679986    1.26753210    1.87953771    1.77023123    1.78122559    1.65434601    1.46886012    1.40554635    1.30277834    1.29697001    1.75684328    1.49066391    1.65619580    1.37631303    1.58797784    1.50484371    1.35071394    1.57891567    1.95268347    1.43072447    1.80113701    1.75687814    1.62720433    1.58049233    1.62933741    1.66158400    1.59731107    1.63470519    1.01857164    1.77381459    1.49775299    1.13303506    1.34659224    1.55327091    1.71805960    1.76694671    1.48032333    1.66477457    1.73174670    1.66372213    1.66760834    1.55104984    1.52737816    1.62165832    1.61149880    1.50660322    1.56813511    1.39082845    1.55360664    1.34131409    1.52033987
