38
F6SMU3_XENTR/8-68     0.00000000    0.73398067    0.90014589    0.90481526    0.88906025    1.57394333    1.61078495    1.13803429    1.30186251    1.36357543    1.37577287    1.85071814    1.67197334    1.45334858    1.77368880    1.60739088    1.60699431    1.66148079    2.00801951    1.58609125    1.15151749    1.17043130    1.20540996    1.44741684    1.00316135    0.83076530    0.97930461    1.07682447    0.83539480    1.00264342    1.55608606    1.08185699    1.03317552    1.62749765    0.96051351    0.99529187    1.07307322    0.99931659
M3XHW5_LATCH/8-68     0.73398067    0.00000000    0.60163248    0.49025325    0.78125198    1.23227014    1.19643602    1.44883577    1.58945745    1.51028450    1.43468391    2.34608211    1.71310765    1.65811003    2.07544495    1.87653071    1.67135137    1.74987430    2.30146362    1.65579734    0.81197621    0.94188570    0.84615402    0.86903845    0.98620544    0.91343856    1.00155817    1.11726902    0.96954575    1.17418554    1.45792513    0.88812424    0.87206599    1.36710276    0.87057210    0.93666874    0.95456126    0.86406172
PSME1_RAT/8-68     0.90014589    0.60163248    0.00000000    0.24691784    0.95036989    1.44359540    1.46938999    1.54864178    1.70919397    1.61713562    1.57166354    2.18540263    1.40777235    1.60620005    1.67756193    1.79375209    1.69235886    1.70467215    2.46535176    1.72242083    0.92237662    1.06037318    0.95571086    1.16564187    0.97781530    0.79446541    0.95036735    1.12385053    0.81043882    1.05893064    1.16858877    1.07282642    1.00983087    1.48612483    1.12159925    1.12117641    1.12592531    0.94577676
F7GBS5_MONDO/8-68     0.90481526    0.49025325    0.24691784    0.00000000    0.85851967    1.53029486    1.51630496    1.83619137    1.76812355    1.74941816    1.78871628    2.52594893    1.58188649    1.66713689    1.74572292    2.11697989    1.83654055    1.88203917    2.44086715    1.82202638    0.95295798    1.16439380    1.05883133    1.18815098    1.06835029    0.87448581    1.03725137    1.17586195    0.83790969    1.18125406    1.37685262    1.05755878    1.04025455    1.45904664    1.01313958    1.02244821    1.10507717    0.95488196
H9G4B7_ANOCA/8-68     0.88906025    0.78125198    0.95036989    0.85851967    0.00000000    1.21040148    1.26563775    1.26138649    1.51757031    1.37970681    1.22983467    2.07186055    1.35741166    1.31163704    1.54463015    1.61899159    1.62900329    1.54981316    1.98441706    1.29119326    1.14406559    1.27197503    1.14877306    1.36247313    0.99391447    0.89413107    0.97164476    1.32701536    1.05667180    1.22605444    1.56700167    1.07417774    1.09494178    1.88161557    1.01745786    0.84453736    0.98385345    0.89229508
H2YEN4_CIOSA/6-66     1.57394333    1.23227014    1.44359540    1.53029486    1.21040148    0.00000000    0.33523733    1.15722904    1.70081088    1.86893535    1.47165487    2.38156826    1.63892456    1.30089922    1.95125546    1.32476042    1.76674164    1.58200311    1.76495571    1.22851551    1.23296791    1.07846169    1.22674873    1.53563096    1.51824957    1.43102672    1.45059145    1.50496430    1.58598568    1.59934772    1.73166615    1.66469923    1.28181181    2.05194883    1.43173164    1.48770073    1.29186008    1.48139353
F6S376_CIOIN/8-68     1.61078495    1.19643602    1.46938999    1.51630496    1.26563775    0.33523733    0.00000000    1.20140922    1.75214013    1.73403080    1.31638149    2.25501143    1.80183136    1.59449964    2.01923892    1.41942871    1.81765366    1.68690514    1.87606320    1.21162885    1.26016198    1.25708648    1.33145570    1.46637869    1.42106573    1.30302756    1.38071444    1.41131644    1.61067948    1.45664135    1.72093104    1.43450344    1.20580637    1.79581429    1.24082532    1.19935210    1.22028859    1.38508275
K1RFU6_CRAGI/12-70     1.13803429    1.44883577    1.54864178    1.83619137    1.26138649    1.15722904    1.20140922    0.00000000    1.52627664    0.99618827    1.06859596    1.52064696    1.37720643    1.26842651    1.37261742    1.26800036    1.38668043    1.32171184    1.51377256    1.04509881    1.35019669    1.46941938    1.26688953    1.64404774    1.83888032    1.54001138    1.65324650    1.40665120    1.59261228    1.38717585    1.70227023    1.59758973    1.24413380    1.92120425    1.33935693    1.53293772    1.58994000    1.53794146
B4MYF2_DROWI/3-63     1.30186251    1.58945745    1.70919397    1.76812355    1.51757031    1.70081088    1.75214013    1.52627664    0.00000000    0.97515328    0.93152888    1.44407470    0.96387080    1.09647532    0.79457207    1.51770880    1.50289871    1.30817448    1.70695036    1.61404670    1.62897383    1.68310270    1.71459238    2.01135565    1.60509184    1.66763562    1.69629897    1.80722599    1.50527356    1.76449807    1.79391149    1.46444604    1.71979226    1.74202147    1.45864664    1.44249348    1.60400553    1.24764700
A0A7M7G933_NASVI/3-63     1.36357543    1.51028450    1.61713562    1.74941816    1.37970681    1.86893535    1.73403080    0.99618827    0.97515328    0.00000000    0.35070382    0.74364876    0.68251685    0.70552712    0.49509697    1.57797670    1.54472932    1.45152637    1.66584348    1.31503869    1.33775675    1.45372287    1.34631527    1.70536026    1.70651933    1.68010917    1.52900510    1.57821387    1.34430435    1.41543075    1.81365801    1.47656150    1.65785231    1.73398222    1.29680422    1.51638377    1.38305708    1.25044562
A0A212EHZ3_DANPL/2-62     1.37577287    1.43468391    1.57166354    1.78871628    1.22983467    1.47165487    1.31638149    1.06859596    0.93152888    0.35070382    0.00000000    0.64556218    0.56905489    0.72629928    0.50354801    1.24955688    1.77990062    1.49541968    1.41133382    1.32891053    1.49147428    1.40104311    1.44163900    1.59589180    1.56578031    1.45245807    1.45285469    1.58169170    1.43951325    1.45895086    1.83999516    1.31238892    1.53797335    1.53951628    1.38645394    1.44525872    1.42022583    1.31024043
D2A5G8_TRICA/15-75     1.85071814    2.34608211    2.18540263    2.52594893    2.07186055    2.38156826    2.25501143    1.52064696    1.44407470    0.74364876    0.64556218    0.00000000    0.75890717    1.01881221    0.85198815    1.85339251    1.81726408    1.63312544    2.03975407    1.83284337    2.24111831    2.25278399    1.91631641    2.02549211    2.17735824    2.16021944    2.01420977    2.24712330    2.00771641    2.25761254    2.86138367    2.13282001    2.28702150    2.44542256    2.19730692    2.21784069    1.89520043    1.67289287
Q7QF52_ANOGA/17-77     1.67197334    1.71310765    1.40777235    1.58188649    1.35741166    1.63892456    1.80183136    1.37720643    0.96387080    0.68251685    0.56905489    0.75890717    0.00000000    0.79659475    0.51100232    1.44626857    1.48941176    1.32098944    1.59563117    1.39837669    1.66213926    1.62261247    1.47774990    1.89502454    1.90239426    1.77350594    1.58034090    1.74929585    1.15725536    1.55906695    1.50834923    1.41200232    1.90678694    1.65653704    1.64358295    1.78706552    1.48326505    1.51906997
E9FVH4_DAPPU/2-62     1.45334858    1.65811003    1.60620005    1.66713689    1.31163704    1.30089922    1.59449964    1.26842651    1.09647532    0.70552712    0.72629928    1.01881221    0.79659475    0.00000000    0.73026042    1.43862858    1.79332118    1.29590712    1.51526331    1.50739231    1.30167145    1.24618393    1.20778490    1.63378841    1.82439398    1.78105323    1.85157796    1.55323137    1.41988235    1.63762219    1.59507486    1.18001589    1.50936025    1.96032617    1.51399567    1.59826027    1.43572304    1.50454092
B4R4A2_DROSI/3-63     1.77368880    2.07544495    1.67756193    1.74572292    1.54463015    1.95125546    2.01923892    1.37261742    0.79457207    0.49509697    0.50354801    0.85198815    0.51100232    0.73026042    0.00000000    1.57088593    1.76027765    1.71089643    1.50764535    1.49087610    1.48153657    1.60525240    1.55582066    1.88076284    2.05824567    1.99711536    1.94147892    1.82540262    1.64281335    1.65947913    1.72291045    1.64001413    1.93072462    1.89411271    1.92599314    1.91381897    1.81448530    1.56710595
A0A7M7P9U6_STRPU/3-63     1.60739088    1.87653071    1.79375209    2.11697989    1.61899159    1.32476042    1.41942871    1.26800036    1.51770880    1.57797670    1.24955688    1.85339251    1.44626857    1.43862858    1.57088593    0.00000000    1.59811723    1.55254389    1.56009606    1.15864530    1.65958372    1.89099937    1.74180824    2.08368124    1.97683399    1.67439796    1.79775144    1.97675325    1.68032875    1.78030439    2.30402171    1.77091322    1.89904808    1.76001436    1.75176919    1.60763469    1.85962558    1.86192781
A8XHF2_CAEBR/7-69     1.60699431    1.67135137    1.69235886    1.83654055    1.62900329    1.76674164    1.81765366    1.38668043    1.50289871    1.54472932    1.77990062    1.81726408    1.48941176    1.79332118    1.76027765    1.59811723    0.00000000    0.23310925    1.72055799    1.33311075    1.66100416    1.77311537    1.42144826    1.58865748    1.87361503    1.80724635    1.75310180    1.91237229    1.79197179    2.05459601    1.91453636    1.97532893    2.01283147    2.18078615    1.60181703    1.50925406    1.70388309    1.39978018
A0A2H2IKP2_CAEJA/7-69     1.66148079    1.74987430    1.70467215    1.88203917    1.54981316    1.58200311    1.68690514    1.32171184    1.30817448    1.45152637    1.49541968    1.63312544    1.32098944    1.29590712    1.71089643    1.55254389    0.23310925    0.00000000    1.77815114    1.35669556    1.73380457    1.86348420    1.50832868    1.70427301    1.58374627    1.54995345    1.50055068    1.80250273    1.88271341    2.02587565    1.91327395    1.90912540    1.95359776    2.28347145    1.61778347    1.52833476    1.62297582    1.49828674
A0A068Y4L6_ECHMU/3-62     2.00801951    2.30146362    2.46535176    2.44086715    1.98441706    1.76495571    1.87606320    1.51377256    1.70695036    1.66584348    1.41133382    2.03975407    1.59563117    1.51526331    1.50764535    1.56009606    1.72055799    1.77815114    0.00000000    1.41731880    1.70956734    1.76451251    1.92750420    1.78662542    2.61282341    2.25831660    2.51999938    2.34234707    2.29994830    2.52172629    2.82790909    2.48846719    2.22172060    2.25056718    2.22722267    2.08990964    2.23668284    2.15495284
T1FNM4_HELRO/17-77     1.58609125    1.65579734    1.72242083    1.82202638    1.29119326    1.22851551    1.21162885    1.04509881    1.61404670    1.31503869    1.32891053    1.83284337    1.39837669    1.50739231    1.49087610    1.15864530    1.33311075    1.35669556    1.41731880    0.00000000    1.51754727    1.68550294    1.75621048    1.94050122    1.92876350    1.64421491    1.51593983    1.58192344    1.68421920    1.52893866    2.16932076    1.66006753    1.37320515    1.63283987    1.50446134    1.61819470    1.64876707    1.62253234
G3NHP5_GASAC/9-69     1.15151749    0.81197621    0.92237662    0.95295798    1.14406559    1.23296791    1.26016198    1.35019669    1.62897383    1.33775675    1.49147428    2.24111831    1.66213926    1.30167145    1.48153657    1.65958372    1.66100416    1.73380457    1.70956734    1.51754727    0.00000000    0.32778621    0.35388204    0.59332824    1.32462224    1.07160230    1.22841874    1.37037902    1.29187020    1.47526938    1.62411173    1.41121951    0.93621251    1.52170997    1.20114391    1.23957805    1.27535028    1.24713793
G3NQL6_GASAC/34-94     1.17043130    0.94188570    1.06037318    1.16439380    1.27197503    1.07846169    1.25708648    1.46941938    1.68310270    1.45372287    1.40104311    2.25278399    1.62261247    1.24618393    1.60525240    1.89099937    1.77311537    1.86348420    1.76451251    1.68550294    0.32778621    0.00000000    0.51224177    0.70653668    1.44451329    1.25870861    1.28801500    1.57020868    1.29164222    1.57119544    1.88892320    1.53793170    1.08725133    1.57270388    1.33355085    1.34730911    1.27646400    1.37517586
F7G122_CALJA/20-80     1.20540996    0.84615402    0.95571086    1.05883133    1.14877306    1.22674873    1.33145570    1.26688953    1.71459238    1.34631527    1.44163900    1.91631641    1.47774990    1.20778490    1.55582066    1.74180824    1.42144826    1.50832868    1.92750420    1.75621048    0.35388204    0.51224177    0.00000000    0.53189482    1.27835061    1.19228507    1.25791423    1.13065431    1.22448083    1.25005215    1.30392326    1.19007999    0.97522108    1.50146815    1.16408964    1.24060488    1.28628318    1.32523715
G1KG62_ANOCA/11-71     1.44741684    0.86903845    1.16564187    1.18815098    1.36247313    1.53563096    1.46637869    1.64404774    2.01135565    1.70536026    1.59589180    2.02549211    1.89502454    1.63378841    1.88076284    2.08368124    1.58865748    1.70427301    1.78662542    1.94050122    0.59332824    0.70653668    0.53189482    0.00000000    1.66116827    1.32264398    1.55576840    1.72180869    1.52916407    1.66869438    1.91627135    1.79076284    1.22942461    1.56359853    1.17701831    1.49580424    1.32074179    1.43118550
G3VD57_SARHA/180-240     1.00316135    0.98620544    0.97781530    1.06835029    0.99391447    1.51824957    1.42106573    1.83888032    1.60509184    1.70651933    1.56578031    2.17735824    1.90239426    1.82439398    2.05824567    1.97683399    1.87361503    1.58374627    2.61282341    1.92876350    1.32462224    1.44451329    1.27835061    1.66116827    0.00000000    0.39640328    0.46699760    0.79866585    0.79228705    0.82332949    1.28894775    0.87867291    1.02511764    1.62366302    1.14605700    0.86570826    0.81218937    0.55237150
PSME2_RAT/11-71     0.83076530    0.91343856    0.79446541    0.87448581    0.89413107    1.43102672    1.30302756    1.54001138    1.66763562    1.68010917    1.45245807    2.16021944    1.77350594    1.78105323    1.99711536    1.67439796    1.80724635    1.54995345    2.25831660    1.64421491    1.07160230    1.25870861    1.19228507    1.32264398    0.39640328    0.00000000    0.24532045    0.84315991    0.92427385    0.85945396    1.32412137    0.88916476    0.92244403    1.61882626    0.96068438    0.86233319    0.80377151    0.61373163
F7EAY8_CALJA/11-71     0.97930461    1.00155817    0.95036735    1.03725137    0.97164476    1.45059145    1.38071444    1.65324650    1.69629897    1.52900510    1.45285469    2.01420977    1.58034090    1.85157796    1.94147892    1.79775144    1.75310180    1.50055068    2.51999938    1.51593983    1.22841874    1.28801500    1.25791423    1.55576840    0.46699760    0.24532045    0.00000000    0.97714306    0.93197005    0.91417072    1.42464694    0.91627422    1.01777374    1.69374743    1.08474690    0.96516472    0.73609998    0.67904586
I3JHK6_ORENI/11-71     1.07682447    1.11726902    1.12385053    1.17586195    1.32701536    1.50496430    1.41131644    1.40665120    1.80722599    1.57821387    1.58169170    2.24712330    1.74929585    1.55323137    1.82540262    1.97675325    1.91237229    1.80250273    2.34234707    1.58192344    1.37037902    1.57020868    1.13065431    1.72180869    0.79866585    0.84315991    0.97714306    0.00000000    0.59151114    0.44214077    0.76842323    0.54313732    0.98691568    1.55812063    1.07875785    1.04231840    0.89659452    0.95333983
G3NA57_GASAC/11-71     0.83539480    0.96954575    0.81043882    0.83790969    1.05667180    1.58598568    1.61067948    1.59261228    1.50527356    1.34430435    1.43951325    2.00771641    1.15725536    1.41988235    1.64281335    1.68032875    1.79197179    1.88271341    2.29994830    1.68421920    1.29187020    1.29164222    1.22448083    1.52916407    0.79228705    0.92427385    0.93197005    0.59151114    0.00000000    0.38671091    0.75994648    0.55559087    1.00376067    1.27024034    0.92321040    0.80105002    0.87021291    0.78354452
H2ME11_ORYLA/11-69     1.00264342    1.17418554    1.05893064    1.18125406    1.22605444    1.59934772    1.45664135    1.38717585    1.76449807    1.41543075    1.45895086    2.25761254    1.55906695    1.63762219    1.65947913    1.78030439    2.05459601    2.02587565    2.52172629    1.52893866    1.47526938    1.57119544    1.25005215    1.66869438    0.82332949    0.85945396    0.91417072    0.44214077    0.38671091    0.00000000    0.67832124    0.50939991    0.88282854    1.46147028    1.07271064    0.99516420    1.01123787    0.89514958
H3CTG1_TETNG/11-71     1.55608606    1.45792513    1.16858877    1.37685262    1.56700167    1.73166615    1.72093104    1.70227023    1.79391149    1.81365801    1.83999516    2.86138367    1.50834923    1.59507486    1.72291045    2.30402171    1.91453636    1.91327395    2.82790909    2.16932076    1.62411173    1.88892320    1.30392326    1.91627135    1.28894775    1.32412137    1.42464694    0.76842323    0.75994648    0.67832124    0.00000000    0.88906252    1.32019611    1.92076429    1.42982049    1.33737895    1.23986881    1.29091367
Q9PUC4_DANRE/11-71     1.08185699    0.88812424    1.07282642    1.05755878    1.07417774    1.66469923    1.43450344    1.59758973    1.46444604    1.47656150    1.31238892    2.13282001    1.41200232    1.18001589    1.64001413    1.77091322    1.97532893    1.90912540    2.48846719    1.66006753    1.41121951    1.53793170    1.19007999    1.79076284    0.87867291    0.88916476    0.91627422    0.54313732    0.55559087    0.50939991    0.88906252    0.00000000    0.83008674    1.52224472    1.02458084    0.98963794    1.01320130    0.90139948
H2ZUH8_LATCH/10-70     1.03317552    0.87206599    1.00983087    1.04025455    1.09494178    1.28181181    1.20580637    1.24413380    1.71979226    1.65785231    1.53797335    2.28702150    1.90678694    1.50936025    1.93072462    1.89904808    2.01283147    1.95359776    2.22172060    1.37320515    0.93621251    1.08725133    0.97522108    1.22942461    1.02511764    0.92244403    1.01777374    0.98691568    1.00376067    0.88282854    1.32019611    0.83008674    0.00000000    1.71826841    0.96747742    1.28215389    1.13635607    1.01086875
A0A0D2WG67_CAPO3/21-81     1.62749765    1.36710276    1.48612483    1.45904664    1.88161557    2.05194883    1.79581429    1.92120425    1.74202147    1.73398222    1.53951628    2.44542256    1.65653704    1.96032617    1.89411271    1.76001436    2.18078615    2.28347145    2.25056718    1.63283987    1.52170997    1.57270388    1.50146815    1.56359853    1.62366302    1.61882626    1.69374743    1.55812063    1.27024034    1.46147028    1.92076429    1.52224472    1.71826841    0.00000000    1.34845885    1.36163795    1.50936683    1.44132876
Q9PTH5_DANRE/8-67     0.96051351    0.87057210    1.12159925    1.01313958    1.01745786    1.43173164    1.24082532    1.33935693    1.45864664    1.29680422    1.38645394    2.19730692    1.64358295    1.51399567    1.92599314    1.75176919    1.60181703    1.61778347    2.22722267    1.50446134    1.20114391    1.33355085    1.16408964    1.17701831    1.14605700    0.96068438    1.08474690    1.07875785    0.92321040    1.07271064    1.42982049    1.02458084    0.96747742    1.34845885    0.00000000    0.64072787    0.65929416    0.64160684
I3JMY4_ORENI/8-66     0.99529187    0.93666874    1.12117641    1.02244821    0.84453736    1.48770073    1.19935210    1.53293772    1.44249348    1.51638377    1.44525872    2.21784069    1.78706552    1.59826027    1.91381897    1.60763469    1.50925406    1.52833476    2.08990964    1.61819470    1.23957805    1.34730911    1.24060488    1.49580424    0.86570826    0.86233319    0.96516472    1.04231840    0.80105002    0.99516420    1.33737895    0.98963794    1.28215389    1.36163795    0.64072787    0.00000000    0.35922604    0.36609174
Q4SZX5_TETNG/8-67     1.07307322    0.95456126    1.12592531    1.10507717    0.98385345    1.29186008    1.22028859    1.58994000    1.60400553    1.38305708    1.42022583    1.89520043    1.48326505    1.43572304    1.81448530    1.85962558    1.70388309    1.62297582    2.23668284    1.64876707    1.27535028    1.27646400    1.28628318    1.32074179    0.81218937    0.80377151    0.73609998    0.89659452    0.87021291    1.01123787    1.23986881    1.01320130    1.13635607    1.50936683    0.65929416    0.35922604    0.00000000    0.30712270
H2LP64_ORYLA/8-67     0.99931659    0.86406172    0.94577676    0.95488196    0.89229508    1.48139353    1.38508275    1.53794146    1.24764700    1.25044562    1.31024043    1.67289287    1.51906997    1.50454092    1.56710595    1.86192781    1.39978018    1.49828674    2.15495284    1.62253234    1.24713793    1.37517586    1.32523715    1.43118550    0.55237150    0.61373163    0.67904586    0.95333983    0.78354452    0.89514958    1.29091367    0.90139948    1.01086875    1.44132876    0.64160684    0.36609174    0.30712270    0.00000000

