37
A1B2G9_PARDP/117-212     0.00000000    1.49806307    1.89825072    2.14975216    2.27581403    2.17750144    1.84451501    2.18821682    2.14431014    2.30067184    1.84398055    2.57065033    2.46611448    2.68920030    2.06433157    2.59923335    1.97662907    1.87289989    2.26346080    2.56975749    2.15194773    2.32472613    2.25418345    2.37733157    2.44103565    2.56337108    2.28923516    2.50911773    2.16804840    1.63947423    1.99796987    2.27857901    2.56834801    2.29486851    2.02263770    2.51885109    2.23849132
P96397_MYCTU/121-220     1.49806307    0.00000000    1.61928022    1.91000290    1.42184485    1.65703539    1.56803535    1.65199998    1.93025534    1.69229701    1.55833109    2.10203732    2.00436759    2.47653109    1.98141201    2.25674544    2.24623334    1.51584836    2.13553189    1.73627485    1.93910078    2.04966893    1.52896733    1.91081161    2.18795785    2.11242297    1.88535576    1.94346766    2.18434249    1.49313221    1.71257371    1.66399329    2.63515463    2.09342480    1.74332599    2.42053522    1.91480523
A8ZRT4_DESOH/160-263     1.89825072    1.61928022    0.00000000    1.69200003    1.45102850    1.87279653    1.72771142    2.14427385    2.35720496    1.72906160    1.77533801    2.60218841    2.43611447    2.47044668    2.46067928    2.54174157    2.70280747    2.28572168    2.77106611    2.10942830    2.36781578    2.01604448    2.31823006    2.40538259    2.74462530    2.19042315    2.91805243    2.35922163    2.20680539    1.80722219    1.96420611    1.94581349    2.67741171    2.31131890    2.27788506    2.90849344    2.32071626
A3HT17_9BACT/123-218     2.14975216    1.91000290    1.69200003    0.00000000    1.57274926    1.71287217    1.59229178    1.47306320    2.37259281    1.41218721    1.43808710    2.46047364    2.45319858    1.65872938    2.29615967    2.23072766    2.09858357    1.58667326    2.10625180    2.48152633    2.01730609    2.18932164    2.21072020    2.14029858    2.72885800    2.50860762    2.13323220    1.99309268    2.50242906    1.84280162    1.53554240    2.20038272    2.18179169    2.31280183    1.91340548    2.77724466    2.74023904
Q7MW70_PORGI/172-269     2.27581403    1.42184485    1.45102850    1.57274926    0.00000000    1.45895178    1.51869114    1.62391316    2.13139186    1.59261996    1.48595077    2.15021246    2.13755418    2.12984990    1.94733280    2.40862949    1.72281500    1.74553486    2.19084651    1.78951080    2.15303993    2.24191485    2.08913340    2.19166162    1.93564423    1.97579396    2.26409234    1.98674276    2.39309082    1.60695682    1.60451627    2.38332528    2.74828465    2.50820497    2.10860173    2.82751362    1.94783643
CAIA_SHIDS/123-215     2.17750144    1.65703539    1.87279653    1.71287217    1.45895178    0.00000000    1.48432662    1.86860399    2.30339753    1.60875669    2.03947276    1.97146760    2.30359807    1.99130712    1.92371775    2.34977635    2.31645789    1.78335468    2.85460821    2.00547753    2.00801066    1.73312804    2.08399700    1.96841065    2.43385347    2.31921255    2.08006830    1.82647106    2.16896473    1.77555129    1.73699420    2.47954505    2.77152764    2.52602700    1.85763074    2.06188613    2.03519326
A1WMY3_VEREI/121-210     1.84451501    1.56803535    1.72771142    1.59229178    1.51869114    1.48432662    0.00000000    1.96374165    2.05127480    1.81637940    1.73040399    2.59585247    2.02529412    1.97665597    2.06825073    2.53184587    2.52823846    1.91387209    2.38243281    2.02281673    2.22808764    2.48078381    2.05904302    2.21488079    2.92813142    2.12721776    2.34844028    1.94293251    1.96168187    1.60330541    1.73868259    1.60844479    2.40214142    2.57246045    2.31783629    1.86068794    2.62173886
Q2S1T0_SALRD/206-309     2.18821682    1.65199998    2.14427385    1.47306320    1.62391316    1.86860399    1.96374165    0.00000000    1.57679710    1.39263703    1.65117337    2.45115070    2.70528753    2.25908922    1.86418869    2.15711882    2.54486035    1.91503111    2.55931832    2.42030933    1.75287245    2.12572307    1.55678420    1.86556007    2.49269256    1.85676193    2.29178750    2.06659627    2.28299576    2.29047352    1.58680296    2.59215909    2.65257676    2.87533531    1.91273251    2.29274946    1.94744799
Q63N11_BURPS/752-844     2.14431014    1.93025534    2.35720496    2.37259281    2.13139186    2.30339753    2.05127480    1.57679710    0.00000000    1.58066080    1.93393645    1.93435002    2.55046542    2.32230736    1.78414773    2.31392257    3.18189196    2.05201255    2.75631872    2.77402856    1.98025246    2.37081635    2.06909011    2.08764681    3.56487407    2.50143133    2.32845609    2.19241541    2.20939341    2.10010287    2.07770615    1.95222873    2.74360510    2.67882274    2.15410737    2.32414934    2.33753219
GCDH_DICDI/163-255     2.30067184    1.69229701    1.72906160    1.41218721    1.59261996    1.60875669    1.81637940    1.39263703    1.58066080    0.00000000    1.24049173    2.05291879    1.95277878    1.74135741    1.85480527    1.99187255    2.59174791    1.66272791    2.04090598    2.34045576    1.74631845    2.13308753    2.00817847    1.74679853    2.51341764    2.25708401    2.82147768    1.84823051    2.39188518    1.68591822    1.59307948    1.96834308    2.63531148    2.12672700    2.38659379    2.18554120    2.89952289
A5UXB9_ROSS1/125-220     1.84398055    1.55833109    1.77533801    1.43808710    1.48595077    2.03947276    1.73040399    1.65117337    1.93393645    1.24049173    0.00000000    2.13701886    1.98623962    2.26061568    2.15744213    2.12511132    2.26470096    1.54157392    2.01468122    2.16306364    2.05148351    1.71581922    1.86823604    1.86479792    2.85219856    2.70600936    2.03554200    1.83054721    2.44446010    1.83622095    1.81392866    1.81169042    2.85471274    1.97536013    1.93320555    2.07693789    2.33823565
A9B922_HERA2/125-218     2.57065033    2.10203732    2.60218841    2.46047364    2.15021246    1.97146760    2.59585247    2.45115070    1.93435002    2.05291879    2.13701886    0.00000000    2.17855960    2.41446664    1.97692382    2.68209806    3.06624724    2.27644992    2.68239051    2.26862723    2.66150199    2.19454636    2.72879953    2.44593030    2.43977746    2.46226716    2.43551981    2.54921028    3.09186716    2.10961299    1.99418592    2.48152794    2.68712760    2.28366386    2.66934075    3.48129092    2.78281398
Q973I4_SULTO/112-202     2.46611448    2.00436759    2.43611447    2.45319858    2.13755418    2.30359807    2.02529412    2.70528753    2.55046542    1.95277878    1.98623962    2.17855960    0.00000000    1.55481783    2.40641264    2.19776440    2.78728444    2.30227027    2.20414537    1.90405755    2.36508752    3.45790070    2.88345190    3.03790075    3.09554487    2.91658333    3.07160262    1.99705053    2.62179971    2.44460296    2.07789817    2.24556034    2.64216253    2.68253290    2.53810874    3.31364762    3.13886193
A0A6L8NU31_BACAN/125-217     2.68920030    2.47653109    2.47044668    1.65872938    2.12984990    1.99130712    1.97665597    2.25908922    2.32230736    1.74135741    2.26061568    2.41446664    1.55481783    0.00000000    2.11791705    2.18110417    2.87886923    2.16488081    2.64483780    2.59967491    2.39893814    2.22470260    2.40333661    2.20591751    3.76715087    3.05108495    2.49320560    1.96979735    2.03128440    2.22343503    1.93641009    1.95826186    2.69515820    2.33605029    2.54004702    3.16898820    3.30958723
A1SJX2_NOCSJ/218-307     2.06433157    1.98141201    2.46067928    2.29615967    1.94733280    1.92371775    2.06825073    1.86418869    1.78414773    1.85480527    2.15744213    1.97692382    2.40641264    2.11791705    0.00000000    2.12648876    3.76154142    2.35393542    2.72719264    3.02657920    2.04324913    2.56373302    2.43707958    1.92103775    2.58337269    2.62704556    2.46634430    1.83183658    2.15720629    2.21263203    1.78756179    2.46879035    2.98802878    2.70038596    2.29015532    2.63643375    1.99344190
A4VFV0_PSEU5/156-250     2.59923335    2.25674544    2.54174157    2.23072766    2.40862949    2.34977635    2.53184587    2.15711882    2.31392257    1.99187255    2.12511132    2.68209806    2.19776440    2.18110417    2.12648876    0.00000000    3.27226094    2.36856468    3.12003642    2.79378793    2.17670706    2.34366884    2.85972607    2.32675728    2.68129081    2.96796103    2.63516836    2.39950121    2.57566626    2.35829564    2.51870804    2.70659492    2.86478867    2.50427942    2.64984605    3.40171025    2.77547531
Q97XW3_SACS2/162-263     1.97662907    2.24623334    2.70280747    2.09858357    1.72281500    2.31645789    2.52823846    2.54486035    3.18189196    2.59174791    2.26470096    3.06624724    2.78728444    2.87886923    3.76154142    3.27226094    0.00000000    1.32583265    2.12688011    2.70316996    2.17482944    2.26144577    1.97443765    2.44393934    2.75925364    2.71785142    2.40856217    2.47376428    2.21338628    2.05804229    2.07831388    2.85087215    3.10652809    2.35376524    2.76800968    3.40612288    2.80574581
Q9EX14_STRCO/201-297     1.87289989    1.51584836    2.28572168    1.58667326    1.74553486    1.78335468    1.91387209    1.91503111    2.05201255    1.66272791    1.54157392    2.27644992    2.30227027    2.16488081    2.35393542    2.36856468    1.32583265    0.00000000    2.01856457    2.31796011    2.39943361    2.02036766    2.08076938    2.09501261    2.54682257    2.62993579    2.40107577    2.17266066    1.82873513    1.66868247    1.70025573    2.32126931    3.18189674    2.03838398    2.43411183    2.39737972    2.48479877
Q8ZVY0_PYRAE/123-229     2.26346080    2.13553189    2.77106611    2.10625180    2.19084651    2.85460821    2.38243281    2.55931832    2.75631872    2.04090598    2.01468122    2.68239051    2.20414537    2.64483780    2.72719264    3.12003642    2.12688011    2.01856457    0.00000000    1.88311519    2.30124319    2.53767415    2.11471536    1.88232034    3.42759239    2.84156203    2.65741267    2.02177707    2.66808707    1.90913209    2.35660693    2.27889628    2.47349997    2.18191023    2.96002694    3.54780551    2.85763924
Q6L0T7_PICTO/122-217     2.56975749    1.73627485    2.10942830    2.48152633    1.78951080    2.00547753    2.02281673    2.42030933    2.77402856    2.34045576    2.16306364    2.26862723    1.90405755    2.59967491    3.02657920    2.79378793    2.70316996    2.31796011    1.88311519    0.00000000    1.93182614    2.20358329    1.96043892    2.20720183    2.62068960    2.74823813    2.43195055    2.28696848    2.82833007    1.81718710    2.23811454    1.89445871    3.04273660    2.26905128    2.45192012    2.22250579    2.28841273
A5DD38_PICGU/176-285     2.15194773    1.93910078    2.36781578    2.01730609    2.15303993    2.00801066    2.22808764    1.75287245    1.98025246    1.74631845    2.05148351    2.66150199    2.36508752    2.39893814    2.04324913    2.17670706    2.17482944    2.39943361    2.30124319    1.93182614    0.00000000    1.72631133    1.87003182    1.66331712    3.01077113    2.20482151    2.37202376    1.91577617    2.69048589    1.85922339    2.09603435    2.53825512    3.38284387    2.27848190    2.19061024    2.18003370    2.20172808
A4FH69_SACEN/127-224     2.32472613    2.04966893    2.01604448    2.18932164    2.24191485    1.73312804    2.48078381    2.12572307    2.37081635    2.13308753    1.71581922    2.19454636    3.45790070    2.22470260    2.56373302    2.34366884    2.26144577    2.02036766    2.53767415    2.20358329    1.72631133    0.00000000    2.11097622    1.66856606    2.57636796    2.29880593    2.56843325    1.78785956    2.22687306    2.37750116    1.83624576    2.19161420    2.60317034    2.44895970    2.08190515    2.61040176    2.34704858
Q3IE95_PSET1/124-218     2.25418345    1.52896733    2.31823006    2.21072020    2.08913340    2.08399700    2.05904302    1.55678420    2.06909011    2.00817847    1.86823604    2.72879953    2.88345190    2.40333661    2.43707958    2.85972607    1.97443765    2.08076938    2.11471536    1.96043892    1.87003182    2.11097622    0.00000000    1.47842100    2.67498740    1.97304565    2.20316119    1.61828137    1.87944950    1.60769962    1.31897417    1.63339844    2.36574341    2.02024181    1.93460757    2.73260846    2.05086143
A1SP92_NOCSJ/132-230     2.37733157    1.91081161    2.40538259    2.14029858    2.19166162    1.96841065    2.21488079    1.86556007    2.08764681    1.74679853    1.86479792    2.44593030    3.03790075    2.20591751    1.92103775    2.32675728    2.44393934    2.09501261    1.88232034    2.20720183    1.66331712    1.66856606    1.47842100    0.00000000    2.29279372    1.56619445    2.65332121    1.98573877    2.12687392    1.99381468    1.76450858    1.78529794    2.32788768    2.07676360    2.44635373    2.66156576    2.32798068
Q6CN55_KLULA/176-282     2.44103565    2.18795785    2.74462530    2.72885800    1.93564423    2.43385347    2.92813142    2.49269256    3.56487407    2.51341764    2.85219856    2.43977746    3.09554487    3.76715087    2.58337269    2.68129081    2.75925364    2.54682257    3.42759239    2.62068960    3.01077113    2.57636796    2.67498740    2.29279372    0.00000000    1.73808368    2.70866865    3.02913243    3.18359265    2.24946187    2.31577706    2.49080521    3.60404571    3.30854202    2.45949669    3.23161691    2.83053616
A1C9Z2_ASPCL/146-248     2.56337108    2.11242297    2.19042315    2.50860762    1.97579396    2.31921255    2.12721776    1.85676193    2.50143133    2.25708401    2.70600936    2.46226716    2.91658333    3.05108495    2.62704556    2.96796103    2.71785142    2.62993579    2.84156203    2.74823813    2.20482151    2.29880593    1.97304565    1.56619445    1.73808368    0.00000000    2.81679953    2.37778884    2.52728857    2.54223382    2.03526752    2.04588237    3.10603620    3.26477094    2.36416516    3.03335538    2.15270616
Q5ZTD6_LEGPH/125-222     2.28923516    1.88535576    2.91805243    2.13323220    2.26409234    2.08006830    2.34844028    2.29178750    2.32845609    2.82147768    2.03554200    2.43551981    3.07160262    2.49320560    2.46634430    2.63516836    2.40856217    2.40107577    2.65741267    2.43195055    2.37202376    2.56843325    2.20316119    2.65332121    2.70866865    2.81679953    0.00000000    2.08095412    2.30735241    1.78726444    1.99041357    2.04760192    2.66880738    2.29325197    2.40987374    3.26500629    2.19109953
A7HS00_PARL1/122-215     2.50911773    1.94346766    2.35922163    1.99309268    1.98674276    1.82647106    1.94293251    2.06659627    2.19241541    1.84823051    1.83054721    2.54921028    1.99705053    1.96979735    1.83183658    2.39950121    2.47376428    2.17266066    2.02177707    2.28696848    1.91577617    1.78785956    1.61828137    1.98573877    3.02913243    2.37778884    2.08095412    0.00000000    1.07711905    1.67018507    1.63464623    1.95358534    2.45770248    2.13695920    2.31619406    3.15093710    2.75303700
A1T6I3_MYCVP/122-217     2.16804840    2.18434249    2.20680539    2.50242906    2.39309082    2.16896473    1.96168187    2.28299576    2.20939341    2.39188518    2.44446010    3.09186716    2.62179971    2.03128440    2.15720629    2.57566626    2.21338628    1.82873513    2.66808707    2.82833007    2.69048589    2.22687306    1.87944950    2.12687392    3.18359265    2.52728857    2.30735241    1.07711905    0.00000000    1.74346624    1.67991110    2.30215371    2.62727834    1.91782060    2.15573498    3.05513484    2.73952503
Q13GQ8_PARXL/124-222     1.63947423    1.49313221    1.80722219    1.84280162    1.60695682    1.77555129    1.60330541    2.29047352    2.10010287    1.68591822    1.83622095    2.10961299    2.44460296    2.22343503    2.21263203    2.35829564    2.05804229    1.66868247    1.90913209    1.81718710    1.85922339    2.37750116    1.60769962    1.99381468    2.24946187    2.54223382    1.78726444    1.67018507    1.74346624    0.00000000    1.25092559    1.62922894    1.87493729    2.02541152    2.17462808    2.49687495    2.31624102
Q6N9D7_RHOPA/123-222     1.99796987    1.71257371    1.96420611    1.53554240    1.60451627    1.73699420    1.73868259    1.58680296    2.07770615    1.59307948    1.81392866    1.99418592    2.07789817    1.93641009    1.78756179    2.51870804    2.07831388    1.70025573    2.35660693    2.23811454    2.09603435    1.83624576    1.31897417    1.76450858    2.31577706    2.03526752    1.99041357    1.63464623    1.67991110    1.25092559    0.00000000    2.22498307    2.39397866    2.53613392    2.12296665    2.44612473    2.35846302
A8LI01_DINSH/117-213     2.27857901    1.66399329    1.94581349    2.20038272    2.38332528    2.47954505    1.60844479    2.59215909    1.95222873    1.96834308    1.81169042    2.48152794    2.24556034    1.95826186    2.46879035    2.70659492    2.85087215    2.32126931    2.27889628    1.89445871    2.53825512    2.19161420    1.63339844    1.78529794    2.49080521    2.04588237    2.04760192    1.95358534    2.30215371    1.62922894    2.22498307    0.00000000    2.23342013    1.86722798    2.01692788    2.36976006    2.39470591
E3FQP3_STIAD/78-175     2.56834801    2.63515463    2.67741171    2.18179169    2.74828465    2.77152764    2.40214142    2.65257676    2.74360510    2.63531148    2.85471274    2.68712760    2.64216253    2.69515820    2.98802878    2.86478867    3.10652809    3.18189674    2.47349997    3.04273660    3.38284387    2.60317034    2.36574341    2.32788768    3.60404571    3.10603620    2.66880738    2.45770248    2.62727834    1.87493729    2.39397866    2.23342013    0.00000000    2.05070855    2.87212559    3.63756460    3.36268418
MBTN_MYCTU/117-211     2.29486851    2.09342480    2.31131890    2.31280183    2.50820497    2.52602700    2.57246045    2.87533531    2.67882274    2.12672700    1.97536013    2.28366386    2.68253290    2.33605029    2.70038596    2.50427942    2.35376524    2.03838398    2.18191023    2.26905128    2.27848190    2.44895970    2.02024181    2.07676360    3.30854202    3.26477094    2.29325197    2.13695920    1.91782060    2.02541152    2.53613392    1.86722798    2.05070855    0.00000000    2.28907267    2.92415201    2.79220371
A4X2R1_SALTO/120-215     2.02263770    1.74332599    2.27788506    1.91340548    2.10860173    1.85763074    2.31783629    1.91273251    2.15410737    2.38659379    1.93320555    2.66934075    2.53810874    2.54004702    2.29015532    2.64984605    2.76800968    2.43411183    2.96002694    2.45192012    2.19061024    2.08190515    1.93460757    2.44635373    2.45949669    2.36416516    2.40987374    2.31619406    2.15573498    2.17462808    2.12296665    2.01692788    2.87212559    2.28907267    0.00000000    2.53201105    2.06143197
Q6ML47_BDEBA/248-353     2.51885109    2.42053522    2.90849344    2.77724466    2.82751362    2.06188613    1.86068794    2.29274946    2.32414934    2.18554120    2.07693789    3.48129092    3.31364762    3.16898820    2.63643375    3.40171025    3.40612288    2.39737972    3.54780551    2.22250579    2.18003370    2.61040176    2.73260846    2.66156576    3.23161691    3.03335538    3.26500629    3.15093710    3.05513484    2.49687495    2.44612473    2.36976006    3.63756460    2.92415201    2.53201105    0.00000000    2.23032330
Q7MB81_PHOLL/113-205     2.23849132    1.91480523    2.32071626    2.74023904    1.94783643    2.03519326    2.62173886    1.94744799    2.33753219    2.89952289    2.33823565    2.78281398    3.13886193    3.30958723    1.99344190    2.77547531    2.80574581    2.48479877    2.85763924    2.28841273    2.20172808    2.34704858    2.05086143    2.32798068    2.83053616    2.15270616    2.19109953    2.75303700    2.73952503    2.31624102    2.35846302    2.39470591    3.36268418    2.79220371    2.06143197    2.23032330    0.00000000

