14
M4SEZ3_9SPHN/69-180     0.00000000    0.46639821    0.70374901    0.87917661    0.87885401    0.90120580    0.74180004    0.81976523    0.63759780    0.63828035    0.55921196    0.63473341    0.68167805    0.79037681
W0AA23_9SPHN/68-179     0.46639821    0.00000000    0.69434126    0.87823291    0.86935319    0.88965377    0.75902564    0.75668009    0.67310591    0.69780215    0.48899914    0.60517532    0.69375977    0.82241216
H5WRR9_9BURK/66-177     0.70374901    0.69434126    0.00000000    0.58332936    0.48658218    0.52895986    0.71563669    0.73179375    0.66304166    0.61306888    0.77064286    0.90156526    0.81042790    0.90505469
C6XQB1_HIRBI/65-177     0.87917661    0.87823291    0.58332936    0.00000000    0.43097565    0.39416341    0.85831444    0.81030232    0.79690347    0.87547349    1.01314138    0.97694472    0.88985499    1.01201191
K0C4Y8_ALCDB/66-176     0.87885401    0.86935319    0.48658218    0.43097565    0.00000000    0.26306390    0.87206792    0.84792037    0.82329415    0.89102515    0.81292941    0.83275117    0.77946247    0.91113543
G4RF04_PELHB/71-181     0.90120580    0.88965377    0.52895986    0.39416341    0.26306390    0.00000000    0.82933812    0.79900897    0.81316183    0.76744884    0.83519100    0.88960093    0.87642348    0.98879698
A4XFG9_NOVAD/60-171     0.74180004    0.75902564    0.71563669    0.85831444    0.87206792    0.82933812    0.00000000    0.39123723    0.35842770    0.48521641    0.66944320    0.88366724    0.79509924    0.94969841
S6AEI5_PSERE/61-171     0.81976523    0.75668009    0.73179375    0.81030232    0.84792037    0.79900897    0.39123723    0.00000000    0.36811349    0.47589838    0.66634908    0.75773648    0.75323195    0.84848897
A5VBD1_SPHWW/53-165     0.63759780    0.67310591    0.66304166    0.79690347    0.82329415    0.81316183    0.35842770    0.36811349    0.00000000    0.34836939    0.63223266    0.72441542    0.80371307    0.92247258
A5VEI9_SPHWW/68-180     0.63828035    0.69780215    0.61306888    0.87547349    0.89102515    0.76744884    0.48521641    0.47589838    0.34836939    0.00000000    0.64755347    0.72509691    0.82121571    0.96591139
A9H2Y4_GLUDA/79-193     0.55921196    0.48899914    0.77064286    1.01314138    0.81292941    0.83519100    0.66944320    0.66634908    0.63223266    0.64755347    0.00000000    0.53698909    0.71131187    0.80827578
C7JD05_ACEP3/81-193     0.63473341    0.60517532    0.90156526    0.97694472    0.83275117    0.88960093    0.88366724    0.75773648    0.72441542    0.72509691    0.53698909    0.00000000    0.65782999    0.73711385
DHML_METFK/71-184     0.68167805    0.69375977    0.81042790    0.88985499    0.77946247    0.87642348    0.79509924    0.75323195    0.80371307    0.82121571    0.71131187    0.65782999    0.00000000    0.30258787
A1BBA0_PARDP/73-186     0.79037681    0.82241216    0.90505469    1.01201191    0.91113543    0.98879698    0.94969841    0.84848897    0.92247258    0.96591139    0.80827578    0.73711385    0.30258787    0.00000000

