74
E9FQZ4_DAPPU/449-470     0.00000000    0.28873645    0.40132810    0.62439780    0.52845721    0.73811126    0.64435603    0.89921771    0.65899187    0.52210386    0.67837353    0.67649374    0.63824960    0.63325603    0.38461079    0.47494613    0.67405253    0.78117832    0.70117495    0.98808736    0.70870492    0.88860178    0.74426907    0.83466920    1.16230685    1.26565110    0.86968952    0.75501166    0.84362431    0.80331586    0.77296481    0.82602216    1.13843778    0.52279447    0.36647590    0.56951727    0.60344078    0.56458147    0.63939530    0.88499747    0.84614471    0.53044373    0.64421414    0.70329947    0.98861672    1.10414400    1.13475119    1.36334648    1.16198928    1.00938787    1.09797819    1.18452629    1.14251995    1.00776844    1.12873362    1.10351789    1.04413481    1.00757540    0.99413872    1.09186190    1.15914808    0.63264029    0.62627281    0.74963862    0.73489854    0.61741786    0.71157090    0.77702651    0.64486807    0.88256052    0.95564339    0.83505648    0.53515535    0.74167436
J9JZ96_ACYPI/495-516     0.28873645    0.00000000    0.35071559    0.57064060    0.45260515    0.98250582    0.90410633    1.30450770    0.98960760    0.48406581    0.64308005    0.79765339    0.67885996    0.88302492    0.73905368    0.59280349    0.70298560    0.78838612    0.53129894    0.71995774    0.59453803    0.87870246    0.63979592    1.00379268    1.25439263    1.61606771    1.09907188    0.95173919    1.03185603    0.72737288    0.96510155    0.92710945    1.00152182    0.54654592    0.48683765    0.59739511    0.56885573    0.64801072    0.54155514    0.74323021    0.84901762    0.77666866    0.91486125    0.88980582    1.02436744    0.69623597    1.03967925    1.07160735    0.98023807    0.99899578    1.14725193    1.19090292    1.17980002    0.86653427    1.00598394    1.04181048    1.07973333    0.93877917    1.09284581    0.93821269    0.96416487    0.80157889    0.86809758    0.78756393    0.92732227    0.84902177    0.87274633    1.07761039    0.97996762    0.98203199    0.89185645    0.88032340    0.67843377    0.90436569
T1KE74_TETUR/360-381     0.40132810    0.35071559    0.00000000    0.39201694    0.53499999    0.71263438    0.72086734    0.95967163    0.85091268    0.63081871    0.68004077    0.72776330    0.77853119    0.81079635    0.45026822    0.82370322    0.79634186    0.80996297    0.64374256    0.78109512    0.82182373    1.08204056    0.80899973    1.00339441    1.22575614    1.53037818    1.04493583    0.82834867    1.16937755    1.04946460    0.87969691    0.94506860    0.96413830    0.77462220    0.45582833    0.75947371    0.93768038    0.81212991    0.73669260    1.08978599    1.08386564    0.87046303    0.92050260    0.89909931    0.88549191    0.80885182    0.79553637    0.95256353    1.09323439    1.06293538    1.09928880    1.21669225    0.92103124    0.96648807    1.03135918    0.84758192    1.06120578    0.87037604    0.81870189    0.82585208    0.77710965    0.93911243    0.93701066    0.88457783    0.82824473    0.99076465    1.03309918    1.20022287    1.08891304    1.14630225    0.87203955    0.98096470    0.75285781    0.90590694
C3Y719_BRAFL/271-291     0.62439780    0.57064060    0.39201694    0.00000000    0.36919130    0.62471011    0.57105619    0.97707466    0.90740641    0.68137702    0.70705765    0.80327622    0.71773222    0.80181972    0.61092629    0.71536545    1.05409453    0.65649407    0.70668786    0.68825950    0.91734977    0.77894918    0.65686075    1.09183803    1.55294751    1.73984977    1.35240550    0.72159433    1.22624872    1.14529056    1.00873756    1.15477620    0.98370581    0.89454337    0.83900801    1.01585084    0.94549077    0.94118683    0.98426850    0.88885617    1.35364444    0.96374413    1.17238617    0.97224600    1.15032044    0.80500571    1.02787500    0.83513006    0.97190200    1.06788647    0.88728503    0.83464260    0.63985511    1.09722512    1.11711470    0.84362124    0.82029249    1.34278012    1.10716148    0.80205950    1.00477374    1.05972749    0.93247686    1.04826335    0.92744717    1.13235957    1.13368548    0.97455027    1.11152119    0.87183919    0.88741053    1.06955838    0.90537007    1.25000609
K1RFG0_CRAGI/473-494     0.52845721    0.45260515    0.53499999    0.36919130    0.00000000    0.69206605    0.89388439    1.16518731    0.95229034    0.77947774    0.83419937    0.90247850    0.96090900    0.92677683    0.56599451    0.57586429    0.61447177    0.48940521    0.38374974    0.67851093    0.80077643    0.89121918    0.61224476    0.65404653    1.27473915    1.10004465    0.96666772    0.89741617    0.98702932    0.91730245    0.83989759    0.85917130    0.89908660    0.87529476    0.94156584    0.66250087    0.82310284    0.84314054    0.88728948    0.90946873    0.77389954    0.65722663    0.77026380    0.82463000    0.83055215    0.73426706    0.84169748    0.99546766    1.00196909    1.11131770    0.92730813    1.03521375    0.74049964    0.90276851    0.94547916    0.87865958    0.93233493    0.95069293    0.95086144    0.81174084    0.76066899    0.70861925    0.66360096    0.88628028    0.99783113    0.71420902    0.76006220    0.98502845    0.90991926    0.73641601    0.95271282    0.85480971    0.65227871    0.66189703
H3CE34_TETNG/207-228     0.73811126    0.98250582    0.71263438    0.62471011    0.69206605    0.00000000    0.47986343    0.63395904    0.65929133    0.86314769    0.60625693    0.49116391    0.72201302    0.52996725    0.30942412    0.62768556    0.80303385    0.74820113    0.70260440    0.79323299    0.73207958    0.91578803    0.92046997    0.64729805    1.10243966    1.47486715    1.17505742    0.67096472    1.14387638    0.87247132    0.98201661    0.82988160    0.78393061    0.86322317    0.83233804    0.86033376    0.76493601    0.74863033    0.84842608    1.01908800    0.91128177    0.79461910    0.79702042    0.85197941    0.94051084    0.80658203    1.02019943    0.79854031    0.94216230    1.11083503    0.85139250    1.09358274    0.90191642    0.85918602    1.09808578    1.12849397    1.07757613    1.02635590    0.77228504    0.61442163    0.95021481    0.74876520    0.71645459    0.73563039    0.71355241    0.80891873    0.78258633    1.05851233    0.97349959    0.66470487    0.94187239    0.85310186    0.91584192    0.89317509
F1QYP9_DANRE/531-550     0.64435603    0.90410633    0.72086734    0.57105619    0.89388439    0.47986343    0.00000000    0.81977848    0.49503203    0.79509456    0.48885934    0.47975034    0.74245928    0.52357338    0.54401097    0.95701510    0.94077159    0.77671587    0.90365317    1.15039377    0.95038149    0.78924844    0.93814206    0.66571178    1.19032753    1.61650368    1.20295446    0.63603288    0.94578644    0.82160727    0.66305453    1.01058617    1.05714483    1.02549782    0.70450875    0.80856518    0.80065676    0.63360451    0.88718999    0.80650106    1.19157768    0.89003893    0.96343883    0.83827982    1.03605785    1.02591239    1.00469170    0.96275120    0.84231433    0.86264993    0.90443515    1.18107514    0.92766883    1.07398703    1.17139039    0.93108795    1.08417230    1.52574186    1.38377144    1.26260759    1.12729260    0.93341421    0.88758624    0.94545950    0.85309897    0.97579882    0.95230067    0.72779001    0.85069802    0.87004570    1.05540552    0.92651463    0.61655769    0.95078122
H3CE34_TETNG/150-172     0.89921771    1.30450770    0.95967163    0.97707466    1.16518731    0.63395904    0.81977848    0.00000000    0.67365826    0.82971382    0.86301021    0.71963304    0.85773435    0.68852734    0.70227493    1.02595761    0.80052783    0.69840760    0.77049740    0.84323618    0.81420893    0.66216128    0.90534690    1.07669538    1.26925885    1.28277818    1.17182712    0.83818441    1.04381587    1.01403468    1.33656012    0.92163011    1.01264074    0.78266104    1.17732637    1.15122179    1.31341020    1.48697890    1.50386912    1.30644057    1.41673850    1.22004350    0.93071028    1.32317096    1.12427454    1.36806651    1.13248492    0.98694107    1.11535176    1.05247957    0.94051543    0.91471115    0.69772819    1.12686126    1.25433740    1.25041187    1.14577274    1.09071640    0.94744277    1.25545142    1.15451214    0.84819666    0.66046558    0.59540774    0.62944712    0.71807290    0.81984605    0.88448584    1.12022197    0.87448005    0.92188587    0.92976740    1.09927683    0.84696428
Q19955_CAEEL/465-486     0.65899187    0.98960760    0.85091268    0.90740641    0.95229034    0.65929133    0.49503203    0.67365826    0.00000000    0.59368093    0.64512393    0.84095660    1.01660179    0.66934449    0.65139287    0.94395503    0.84808253    0.67528524    0.85983420    1.61497509    0.97656519    0.68759009    0.97547842    0.74074013    0.98086714    1.31287781    0.89324517    0.62546918    0.59987876    0.79547561    1.18236516    1.10142688    1.32336457    0.93629305    0.79670590    1.19497535    1.05190722    0.81908086    1.13817044    0.93614745    1.37988470    0.74854089    1.10133209    1.33814173    0.96374474    1.09659098    0.85886349    1.02431850    1.04536527    0.94715228    1.02306516    1.10474707    0.79455890    1.25866340    1.19271945    0.96573286    1.09917593    1.07817704    0.95130811    1.12615514    0.99263232    0.98032275    0.94010051    0.89335996    0.83349948    0.83705323    0.99058613    0.94508154    0.89053654    0.82206484    1.24194966    0.97220383    0.83316752    0.69571976
G3T078_LOXAF/64-84     0.52210386    0.48406581    0.63081871    0.68137702    0.77947774    0.86314769    0.79509456    0.82971382    0.59368093    0.00000000    0.35410700    0.48818045    0.59364152    0.57706887    0.64161386    0.98726281    0.76790291    0.62347628    0.66429987    0.97194610    0.60383625    0.61452345    0.55046549    0.92731312    1.08301128    1.53713310    1.06064436    0.80273854    0.74175250    0.84403461    1.24408222    0.94315782    1.36548821    0.69100351    0.84384621    1.06929335    0.94546919    1.00075158    0.84150674    0.86074584    1.38364779    1.01099124    1.00560900    1.14798573    1.10456724    0.86947002    0.98004517    0.78132907    0.89610405    1.05367579    0.85075525    0.75033961    0.81385034    0.79337621    1.03062523    0.77885964    0.75852863    1.14098854    0.94946278    1.01214786    0.97401106    0.92741413    0.88818284    0.82417091    0.71955588    0.81430794    0.80611590    0.90857485    0.78620034    0.84489880    0.76562529    0.70241653    0.75972125    0.89179447
H3ATX5_LATCH/49-70     0.67837353    0.64308005    0.68004077    0.70705765    0.83419937    0.60625693    0.48885934    0.86301021    0.64512393    0.35410700    0.00000000    0.30664627    0.73113954    0.49677990    0.38239836    0.75959756    0.72834620    0.82247056    0.64628720    0.91034008    0.54618908    0.47197356    0.52165467    0.68775617    1.11861623    1.56556559    1.07055767    0.70260877    0.91910877    1.02425688    0.89567919    0.87882967    1.22894347    1.03939928    0.73444137    0.75166470    0.98422165    0.84076205    0.61590755    1.02394711    1.02197368    0.81738818    0.80317367    0.85510334    0.90295117    0.80828785    0.80620785    0.79681086    0.72401001    1.31404224    0.90830148    0.69104082    0.79163697    0.56355691    0.79887459    0.69693827    0.93069991    1.08280163    1.21458685    0.93040435    0.81500922    0.77632825    0.66818600    0.65103248    0.42381461    0.63472542    0.67353555    1.00595011    0.74173742    0.93890842    0.71611163    0.65956463    0.57232244    0.70593759
H3DL47_TETNG/544-564     0.67649374    0.79765339    0.72776330    0.80327622    0.90247850    0.49116391    0.47975034    0.71963304    0.84095660    0.48818045    0.30664627    0.00000000    0.56485097    0.42587035    0.33612662    0.91748812    0.81469529    0.77457611    0.77926414    0.97373388    0.52812889    0.50863947    0.54495801    0.69546633    1.05595019    1.57556414    1.22567076    0.60591867    0.94260495    0.80941508    0.86843671    0.81895582    1.20870583    1.04298983    0.96450815    0.78785760    0.81722204    0.69767771    0.76420851    1.06539097    1.09358640    0.92198944    1.02784238    1.02217385    1.24341939    0.81969452    0.83425176    0.72650017    0.69127927    0.98047512    0.78066969    0.81581324    0.86069771    0.65595808    0.87548618    0.80038694    0.99725987    1.24553412    1.26241212    1.08703434    1.06758225    0.76589736    0.81059785    0.59721831    0.63352552    0.69980224    0.63092866    0.94752894    0.76826026    1.03504208    0.86648734    0.65992782    0.73797982    0.76545687
B3RND5_TRIAD/454-474     0.63824960    0.67885996    0.77853119    0.71773222    0.96090900    0.72201302    0.74245928    0.85773435    1.01660179    0.59364152    0.73113954    0.56485097    0.00000000    0.47816596    0.65827616    0.97320856    0.97002234    0.93541037    0.80367911    0.71075997    0.56951085    0.79368196    0.70937193    1.00414852    1.14352794    1.47274550    1.16287464    0.70176879    0.95131624    1.01480287    1.06141791    1.04942376    1.08609814    0.65038408    1.14864698    0.95361818    0.78376952    0.72720871    0.74964169    1.15206493    1.24476618    1.01559508    0.93298299    1.06834563    1.31673790    0.99068667    1.05185521    0.77970570    0.97003981    0.87127587    0.76107872    0.91571218    0.94327496    0.98419653    1.13740836    1.03774464    0.92266674    1.31521944    1.18168224    1.10619322    1.27448720    0.80937028    0.93840238    0.89397330    1.01215493    0.77284511    0.92005974    0.91537722    0.98845727    0.83254517    0.85814313    1.13345208    0.90274680    1.13968212
G3P6M9_GASAC/263-284     0.63325603    0.88302492    0.81079635    0.80181972    0.92677683    0.52996725    0.52357338    0.68852734    0.66934449    0.57706887    0.49677990    0.42587035    0.47816596    0.00000000    0.37226238    0.83219844    0.93418488    0.92877528    0.81185472    1.08553960    0.80502764    0.81338057    0.91755283    0.97451293    1.37850885    1.86265017    1.29098650    0.72631820    1.02437334    1.02284276    1.15427392    0.96761970    1.21570416    0.87121006    0.70159373    0.90293679    0.74881001    0.80244682    0.70433052    0.97615644    1.01940924    0.87581057    0.97503243    0.81532320    1.22213959    1.09258833    1.27459773    0.94204532    1.09253282    1.20341898    0.89520035    0.92374312    0.88810036    0.93922320    1.41100795    1.10151921    1.11844144    1.04907459    1.03148604    1.18763335    1.07986162    0.59158896    0.71440097    0.86966868    0.78257894    0.81342709    0.84416139    0.81407317    0.59890663    0.68476373    0.83150424    0.94161840    0.99449613    0.90942451
A2AIV3_MOUSE/110-130     0.38461079    0.73905368    0.45026822    0.61092629    0.56599451    0.30942412    0.54401097    0.70227493    0.65139287    0.64161386    0.38239836    0.33612662    0.65827616    0.37226238    0.00000000    0.50686029    0.61223109    0.69551260    0.53420414    0.73647858    0.52895777    0.67948114    0.64149862    0.70934562    1.26754936    1.54020557    1.00868376    0.49260101    1.01030871    1.01872285    0.83501229    0.81697808    0.92771626    0.83843817    0.59247457    0.58898988    0.73781713    0.62850495    0.58120137    1.05724008    0.69122789    0.55903498    0.67601605    0.67705999    0.80069524    0.83747606    0.92650090    0.84219320    0.99742336    1.28740434    0.81487319    0.81776245    0.69082204    0.74939471    0.99651669    0.93872928    0.73905471    0.79473997    0.69119360    0.66415278    0.75751574    0.52241733    0.44944419    0.58930165    0.47513724    0.49075135    0.64758988    0.85276987    0.63619878    0.75094600    0.67797526    0.71877977    0.64695597    0.64140575
F2U6K1_SALR5/353-373     0.47494613    0.59280349    0.82370322    0.71536545    0.57586429    0.62768556    0.95701510    1.02595761    0.94395503    0.98726281    0.75959756    0.91748812    0.97320856    0.83219844    0.50686029    0.00000000    0.62899117    0.78517590    0.67676988    0.64637420    0.66990922    0.76516411    0.90266638    0.91069520    1.39676600    1.54383638    0.90578550    0.77672168    0.97026907    1.00370708    0.81450325    0.76012760    0.93502241    0.81071272    0.64703085    0.54355184    0.75342303    0.75282763    0.84323771    0.90718349    0.56407013    0.58381467    0.48706653    0.75372720    0.55830789    0.95905966    0.95855757    1.03058533    0.92324266    1.15500943    0.71667050    0.95993642    0.79512845    0.92781055    0.90289584    0.84462361    0.64470666    1.00652206    0.94366613    0.60091479    0.72043971    0.46901977    0.66457601    0.71050747    0.60842434    0.62099596    0.62907147    1.04430289    1.04615563    0.69202453    0.88246363    0.86875193    0.82522714    0.73436835
C3Y719_BRAFL/217-238     0.67405253    0.70298560    0.79634186    1.05409453    0.61447177    0.80303385    0.94077159    0.80052783    0.84808253    0.76790291    0.72834620    0.81469529    0.97002234    0.93418488    0.61223109    0.62899117    0.00000000    0.27765147    0.45013384    0.62888866    0.46860256    0.78129437    0.67912298    0.61318796    0.93882077    0.98454293    0.65949587    0.72760681    0.75669833    0.86832050    0.80523547    0.63532858    0.72500842    0.88396137    0.87000032    0.58880183    0.65318355    0.84515615    0.83200838    0.67829978    0.62700088    0.63699569    0.64303658    0.89116574    0.70301984    0.76937083    0.89973948    0.82701474    0.78451523    0.91768075    0.70062040    0.81823468    0.87918090    0.82734834    0.78804033    0.87265850    0.83642280    0.92897169    1.24031522    0.84717319    0.69004023    0.43774866    0.62944595    0.53654847    0.50463583    0.28286346    0.37416566    0.60764527    0.84792313    0.52855843    0.59230608    0.47087739    0.62139070    0.38812872
H2YK72_CIOSA/34-54     0.78117832    0.78838612    0.80996297    0.65649407    0.48940521    0.74820113    0.77671587    0.69840760    0.67528524    0.62347628    0.82247056    0.77457611    0.93541037    0.92877528    0.69551260    0.78517590    0.27765147    0.00000000    0.38596751    0.57214396    0.60484191    0.53832185    0.58299632    0.75708330    1.24170084    1.25329864    0.99619964    0.72398326    0.85525485    0.83892199    0.92996843    0.94693578    0.85961838    0.80675687    0.99692521    0.86406471    0.74629077    0.87011907    0.98555710    0.68243281    0.79446757    0.71468993    0.86516412    1.09673597    0.69139045    0.73877574    0.99275985    0.63290927    0.74271404    0.74251866    0.57019209    0.59756458    0.58148448    0.95745370    1.04894146    0.76054810    0.60891202    0.99959914    1.15725336    0.74712350    0.85658309    0.67753399    0.67943243    0.79511640    0.68943648    0.57076923    0.58311827    0.78198014    1.08008244    0.69364436    0.73707693    0.62172794    0.73106908    0.61488969
Q19955_CAEEL/417-437     0.70117495    0.53129894    0.64374256    0.70668786    0.38374974    0.70260440    0.90365317    0.77049740    0.85983420    0.66429987    0.64628720    0.77926414    0.80367911    0.81185472    0.53420414    0.67676988    0.45013384    0.38596751    0.00000000    0.41646930    0.48914317    0.56237123    0.52745942    0.79140043    1.51885041    1.41614508    1.09593146    0.71897372    1.10153645    0.90940659    1.05001154    0.90045311    0.79633299    0.75284615    0.95243140    0.68498361    0.56525710    0.92430203    0.69643139    0.87067072    0.80131542    0.78286859    0.81597138    0.85082136    0.64501266    0.54999416    0.87378104    0.78218141    1.09696839    1.22209825    0.86296818    0.77475893    0.60879844    0.66879805    1.05425311    1.08305379    0.80655229    0.93215986    1.05965766    0.80618599    0.60021218    0.59620502    0.50080609    0.56053206    0.58952386    0.51334848    0.63380073    0.89873524    0.99173715    0.73221933    0.89320732    0.70506311    0.62645624    0.52506391
A0A1I7VK29_LOALO/444-465     0.98808736    0.71995774    0.78109512    0.68825950    0.67851093    0.79323299    1.15039377    0.84323618    1.61497509    0.97194610    0.91034008    0.97373388    0.71075997    1.08553960    0.73647858    0.64637420    0.62888866    0.57214396    0.41646930    0.00000000    0.26866651    0.87014772    0.55197854    0.84906897    1.28446376    1.40378256    1.25203518    0.77950105    1.49445996    1.02076973    1.08107090    0.75478680    0.88466446    0.77855161    0.95734338    0.59229304    0.72124146    1.06639764    0.73602466    0.98460955    0.84445941    0.84949669    0.80068552    0.95408211    0.78021396    0.91753640    0.83530651    0.68718664    0.86494199    1.20021669    0.79983391    0.72606469    0.76102042    0.73812155    0.75005891    1.05775388    0.69559938    1.17627870    1.20165711    0.88029284    0.74519031    0.65350743    0.72960524    0.49591394    0.65194411    0.58249401    0.60243097    1.08417613    1.12556488    0.66620090    0.61814352    0.72031889    1.02133022    0.79543672
B4GNY6_DROPE/460-480     0.70870492    0.59453803    0.82182373    0.91734977    0.80077643    0.73207958    0.95038149    0.81420893    0.97656519    0.60383625    0.54618908    0.52812889    0.56951085    0.80502764    0.52895777    0.66990922    0.46860256    0.60484191    0.48914317    0.26866651    0.00000000    0.47081265    0.30101257    0.50532200    0.81057366    1.16895405    0.94331099    0.47110814    0.89207300    0.67355411    0.85237183    0.61572418    0.91590576    0.49626441    0.87255423    0.66217096    0.64234554    0.62590312    0.48676007    0.69870646    0.80221751    0.65583255    0.72913997    0.88543355    0.64935733    0.76273243    0.63345520    0.56184064    0.72025093    1.08383861    0.58928169    0.64222457    0.67808299    0.53010431    0.56983076    0.81953251    0.46922615    1.25369056    1.07548297    0.71011462    0.54758895    0.45956688    0.57465697    0.22081816    0.36902096    0.30685234    0.31615246    0.67135542    0.65917754    0.64180480    0.53131591    0.39617836    0.61792313    0.48932950
T1KE83_TETUR/426-447     0.88860178    0.87870246    1.08204056    0.77894918    0.89121918    0.91578803    0.78924844    0.66216128    0.68759009    0.61452345    0.47197356    0.50863947    0.79368196    0.81338057    0.67948114    0.76516411    0.78129437    0.53832185    0.56237123    0.87014772    0.47081265    0.00000000    0.31805519    0.82118530    1.22273428    1.62234966    1.27502261    0.61499473    0.75664805    0.85305622    1.04929723    1.14201081    1.02060137    0.71698581    1.20272891    0.87332918    0.99157752    0.75306917    0.78950261    0.90867252    1.27427805    0.90666446    0.80563513    1.21488537    1.12819668    0.93504777    0.89582175    0.82004771    0.72596530    1.07939720    0.89605167    0.58133482    0.41697988    0.90493302    0.91857269    0.63524185    0.76206363    1.35609424    1.33548804    0.82532410    0.73182419    0.63971967    0.54681162    0.52467885    0.49884424    0.59002725    0.77232165    0.86261804    0.76755858    0.78053551    0.79925175    0.66005406    0.70237145    0.67196727
T1KE74_TETUR/200-220     0.74426907    0.63979592    0.80899973    0.65686075    0.61224476    0.92046997    0.93814206    0.90534690    0.97547842    0.55046549    0.52165467    0.54495801    0.70937193    0.91755283    0.64149862    0.90266638    0.67912298    0.58299632    0.52745942    0.55197854    0.30101257    0.31805519    0.00000000    0.75840098    1.15216731    1.48229152    1.18322567    0.62345436    0.80259938    0.92568875    0.87506857    0.94347710    1.19319358    0.69810927    1.14263569    0.71900869    0.88238689    0.69262720    0.62626083    0.86995672    1.06400948    0.79660988    0.81905554    1.16276641    0.87514272    0.82754120    0.83849006    0.78011519    0.74837489    1.22295399    0.77942330    0.56827084    0.55965861    0.80423880    0.75774049    0.66229251    0.49466414    1.41805865    1.06827709    0.72626155    0.73827600    0.75355541    0.49535894    0.64236749    0.60758934    0.52680143    0.67515133    0.86331301    0.77298149    0.83927225    0.71483982    0.55148983    0.72152537    0.74522080
K1PN87_CRAGI/694-714     0.83466920    1.00379268    1.00339441    1.09183803    0.65404653    0.64729805    0.66571178    1.07669538    0.74074013    0.92731312    0.68775617    0.69546633    1.00414852    0.97451293    0.70934562    0.91069520    0.61318796    0.75708330    0.79140043    0.84906897    0.50532200    0.82118530    0.75840098    0.00000000    0.42563377    0.52258351    0.49383693    0.45761106    0.67876385    0.57365444    0.66402778    0.59814743    1.03959327    0.92145591    1.23533679    0.72263774    0.90863410    0.62165142    0.81982908    0.92775987    0.95064737    0.65850159    0.68390923    0.88916255    0.89409184    0.99882246    0.70572698    0.78473086    0.72924659    0.99942058    0.72483441    1.04151843    0.95391822    0.82006467    0.72120778    0.75706514    0.87235454    1.40047871    1.27108940    0.97534516    0.84005579    0.75558119    0.80148412    0.56929907    0.69854419    0.43926631    0.35534563    0.80222394    0.66337298    0.67156253    0.87222541    0.60070260    0.50827460    0.46747205
F1QAG9_DANRE/486-507     1.16230685    1.25439263    1.22575614    1.55294751    1.27473915    1.10243966    1.19032753    1.26925885    0.98086714    1.08301128    1.11861623    1.05595019    1.14352794    1.37850885    1.26754936    1.39676600    0.93882077    1.24170084    1.51885041    1.28446376    0.81057366    1.22273428    1.15216731    0.42563377    0.00000000    0.27277221    0.31264341    0.66592345    0.76756815    0.82045989    0.82094636    0.68153899    1.46513205    1.09075982    1.16968543    1.14212295    1.27937148    1.00049315    1.21229820    1.13627306    1.33615229    1.05046689    1.11979904    1.22170036    1.33917641    1.22746200    0.80585109    0.96633492    0.89223993    0.90353680    0.97317625    1.24077297    1.15242663    0.95756663    0.75183805    0.93255050    1.06207725    1.89589698    1.56820169    1.23225010    1.11032403    1.26476824    1.50510706    0.95081586    1.06544436    0.82839824    0.80214141    1.15246466    1.22195678    1.05958659    1.05367902    0.86533482    1.04548976    0.86449392
G1PDR0_MYOLU/515-536     1.26565110    1.61606771    1.53037818    1.73984977    1.10004465    1.47486715    1.61650368    1.28277818    1.31287781    1.53713310    1.56556559    1.57556414    1.47274550    1.86265017    1.54020557    1.54383638    0.98454293    1.25329864    1.41614508    1.40378256    1.16895405    1.62234966    1.48229152    0.52258351    0.27277221    0.00000000    0.26615861    1.01200162    0.96932701    1.04462515    1.11976239    0.65992229    1.80864461    1.42389085    1.51956669    1.23927610    1.40600591    1.30341211    1.62492676    1.48938705    1.35598733    1.12346805    1.17982445    1.12793767    1.33722648    1.73318645    0.96772576    1.40759089    1.21624688    0.97221101    1.08166369    1.54801374    1.42940283    1.17137356    0.91522711    1.25495405    1.41876518    2.21942326    1.76194203    1.60882315    1.48290708    1.36481189    1.42747532    1.24393229    1.34688721    0.87712174    0.84824514    1.16424858    1.84064160    1.14540339    1.45135438    1.23875239    1.13102323    0.91447488
G1KFE4_ANOCA/501-522     0.86968952    1.09907188    1.04493583    1.35240550    0.96666772    1.17505742    1.20295446    1.17182712    0.89324517    1.06064436    1.07055767    1.22567076    1.16287464    1.29098650    1.00868376    0.90578550    0.65949587    0.99619964    1.09593146    1.25203518    0.94331099    1.27502261    1.18322567    0.49383693    0.31264341    0.26615861    0.00000000    0.62662784    0.62878222    0.90590237    0.84092277    0.59979688    1.44648831    1.26353811    1.05371242    0.86502099    0.99871098    0.94874172    1.28370051    1.14430059    0.97465704    0.87004851    0.86529521    0.95660724    0.84589010    1.17954043    0.92739657    1.14059689    1.02597453    0.75319312    0.84229764    1.07014274    1.19937317    1.09380206    0.87983006    0.98393959    1.03404814    1.44561960    1.27793322    1.17397559    0.99744483    0.92545780    1.14655186    0.98796543    0.85202807    0.57431026    0.75132987    0.92950334    1.31139005    0.76843018    1.01281909    0.90622539    0.77120769    0.68400972
A7RZM9_NEMVE/112-132     0.75501166    0.95173919    0.82834867    0.72159433    0.89741617    0.67096472    0.63603288    0.83818441    0.62546918    0.80273854    0.70260877    0.60591867    0.70176879    0.72631820    0.49260101    0.77672168    0.72760681    0.72398326    0.71897372    0.77950105    0.47110814    0.61499473    0.62345436    0.45761106    0.66592345    1.01200162    0.62662784    0.00000000    0.60759015    0.50906916    0.73133004    0.78724667    1.05206520    1.00806274    1.06978619    0.68421192    0.78702589    0.76497324    0.96622283    0.82763537    1.07249906    0.74439809    0.98048638    0.97122130    1.04553944    0.90315612    0.79375324    0.74062901    0.66342356    0.82857598    0.71425891    0.69889155    0.67694201    0.91729304    0.80474686    0.69848952    0.69024162    1.46720755    1.15039595    0.90509435    0.93614527    0.68976879    0.92629004    0.56615991    0.59943678    0.47674009    0.65638941    0.67933730    0.67708715    0.68038025    0.55063014    0.55813919    0.63936832    0.71936421
R4GD16_ANOCA/61-82     0.84362431    1.03185603    1.16937755    1.22624872    0.98702932    1.14387638    0.94578644    1.04381587    0.59987876    0.74175250    0.91910877    0.94260495    0.95131624    1.02437334    1.01030871    0.97026907    0.75669833    0.85525485    1.10153645    1.49445996    0.89207300    0.75664805    0.80259938    0.67876385    0.76756815    0.96932701    0.62878222    0.60759015    0.00000000    0.45544532    0.79541590    0.68010791    1.37123768    0.92182175    1.29905437    0.92969355    1.01624068    0.75869577    1.03798055    0.78370554    0.91012582    0.93193557    1.07520772    0.85547108    0.85300568    1.11794454    0.75430832    0.94251655    0.58304854    0.80704550    0.55676621    0.78569099    0.86436088    0.89168107    0.86201477    0.58257756    0.67796300    1.07602703    0.91380446    0.97253298    1.16826960    0.95484001    1.06975408    1.02611389    1.08410149    0.65548584    0.86483734    0.71696881    1.01617407    0.79123128    0.87425931    0.76996276    0.70118361    0.82148607
A7S2T8_NEMVE/105-126     0.80331586    0.72737288    1.04946460    1.14529056    0.91730245    0.87247132    0.82160727    1.01403468    0.79547561    0.84403461    1.02425688    0.80941508    1.01480287    1.02284276    1.01872285    1.00370708    0.86832050    0.83892199    0.90940659    1.02076973    0.67355411    0.85305622    0.92568875    0.57365444    0.82045989    1.04462515    0.90590237    0.50906916    0.45544532    0.00000000    1.09151459    0.70252962    1.15765267    0.86762561    1.15401820    0.96240276    0.89623642    0.85323403    1.02580479    0.90414114    1.02144951    1.05635899    1.31084025    1.07484005    1.11360417    1.17578147    1.00923332    1.21820594    0.63379274    0.87424030    0.82254811    1.39641038    1.32111776    0.97877677    1.03558917    0.96859004    1.06323856    1.12188389    1.24786326    1.26667527    1.47455825    0.92217329    1.15171426    0.65471539    1.07023686    0.88748137    0.75255350    0.80921791    1.00847374    0.78097196    1.13173825    0.96948812    0.76807596    0.89049121
T1FMB1_HELRO/634-655     0.77296481    0.96510155    0.87969691    1.00873756    0.83989759    0.98201661    0.66305453    1.33656012    1.18236516    1.24408222    0.89567919    0.86843671    1.06141791    1.15427392    0.83501229    0.81450325    0.80523547    0.92996843    1.05001154    1.08107090    0.85237183    1.04929723    0.87506857    0.66402778    0.82094636    1.11976239    0.84092277    0.73133004    0.79541590    1.09151459    0.00000000    0.65654474    0.99172244    0.89408859    0.77864812    0.47485149    0.63130168    0.54642961    0.84285354    0.65555323    0.65675342    0.59504214    0.57351771    0.50286100    0.60513093    0.86002497    0.76789936    0.85797154    0.68763762    0.79310366    0.69664611    0.89257565    0.87423657    0.83776354    0.78520617    0.63421507    0.72554695    1.37054923    1.03466557    0.96634846    0.77579526    0.70865771    0.82317326    0.95547367    0.85197348    0.62408350    0.64593742    0.74966320    0.93776938    0.85613354    0.80193363    0.71249725    0.62356493    0.64235721
E2A6S5_CAMFO/6-27     0.82602216    0.92710945    0.94506860    1.15477620    0.85917130    0.82988160    1.01058617    0.92163011    1.10142688    0.94315782    0.87882967    0.81895582    1.04942376    0.96761970    0.81697808    0.76012760    0.63532858    0.94693578    0.90045311    0.75478680    0.61572418    1.14201081    0.94347710    0.59814743    0.68153899    0.65992229    0.59979688    0.78724667    0.68010791    0.70252962    0.65654474    0.00000000    0.74807318    0.56927698    0.73046826    0.51902722    0.72400083    0.97967299    0.89180718    0.75095467    0.76153071    0.77291857    0.64454852    0.56177376    0.82071478    0.86487972    0.75901539    0.78640428    0.81577244    0.74162444    0.65562036    0.98832279    0.95485981    0.55774795    0.44332099    0.83392797    0.86405244    1.22774955    1.08911649    1.06804548    0.75881913    0.82626238    0.92718857    0.76913923    0.81568423    0.61377706    0.46055145    0.87274733    1.14292393    0.77359197    0.77510149    0.68911988    0.88979540    0.59158791
G3P822_GASAC/64-85     1.13843778    1.00152182    0.96413830    0.98370581    0.89908660    0.78393061    1.05714483    1.01264074    1.32336457    1.36548821    1.22894347    1.20870583    1.08609814    1.21570416    0.92771626    0.93502241    0.72500842    0.85961838    0.79633299    0.88466446    0.91590576    1.02060137    1.19319358    1.03959327    1.46513205    1.80864461    1.44648831    1.05206520    1.37123768    1.15765267    0.99172244    0.74807318    0.00000000    0.32967426    0.95711510    0.80678731    0.86763209    1.20711059    0.98953124    0.90029699    0.88935625    1.10033987    0.64419183    0.79233936    0.87957340    0.48353176    1.10500160    0.88386100    1.09016284    1.12002528    1.01196051    1.19301136    0.88867565    0.98891581    1.13121238    1.23051701    0.93950787    1.24366286    1.34565238    0.76510424    0.69176239    1.06831668    0.93892459    0.91557712    0.76742130    0.94865438    0.91503983    1.07077043    1.12166516    0.90270273    0.79520791    1.01970436    1.13823627    0.86853558
A2ALS2_MOUSE/49-69     0.52279447    0.54654592    0.77462220    0.89454337    0.87529476    0.86322317    1.02549782    0.78266104    0.93629305    0.69100351    1.03939928    1.04298983    0.65038408    0.87121006    0.83843817    0.81071272    0.88396137    0.80675687    0.75284615    0.77855161    0.49626441    0.71698581    0.69810927    0.92145591    1.09075982    1.42389085    1.26353811    1.00806274    0.92182175    0.86762561    0.89408859    0.56927698    0.32967426    0.00000000    0.56883251    0.66340785    0.70937712    0.93098842    0.73638123    0.81310061    1.06337692    0.85330790    0.70349229    0.67315299    0.83905217    0.66591713    0.90188143    0.80461981    1.14140688    0.99956038    0.80776631    0.92518127    0.66411431    0.76325044    0.96701006    1.02768159    0.69554475    1.25603802    0.96160341    0.84010135    0.72220204    0.79527670    0.68751409    0.68500733    0.71002046    0.69328756    0.73931200    0.77941458    0.91383947    0.76472931    0.77597782    0.84712401    0.90600595    0.73480195
T1KE83_TETUR/542-563     0.36647590    0.48683765    0.45582833    0.83900801    0.94156584    0.83233804    0.70450875    1.17732637    0.79670590    0.84384621    0.73444137    0.96450815    1.14864698    0.70159373    0.59247457    0.64703085    0.87000032    0.99692521    0.95243140    0.95734338    0.87255423    1.20272891    1.14263569    1.23533679    1.16968543    1.51956669    1.05371242    1.06978619    1.29905437    1.15401820    0.77864812    0.73046826    0.95711510    0.56883251    0.00000000    0.51995123    0.67051397    0.75135752    0.59302903    0.83166987    0.87873048    0.77860919    0.89777173    0.66203005    0.75075853    1.02124943    1.05485465    1.26538444    1.23921437    1.27827093    1.24150153    1.28231640    1.20068503    0.95077063    1.18859044    1.11023542    1.14404093    1.18764763    1.11345049    1.07094364    0.77503981    0.73414062    0.80691420    0.93532081    0.78043139    0.97245419    0.95342871    0.91339972    0.87146838    0.92015686    0.98474293    0.98822604    0.85821785    0.85917838
A8X3P6_CAEBR/81-102     0.56951727    0.59739511    0.75947371    1.01585084    0.66250087    0.86033376    0.80856518    1.15122179    1.19497535    1.06929335    0.75166470    0.78785760    0.95361818    0.90293679    0.58898988    0.54355184    0.58880183    0.86406471    0.68498361    0.59229304    0.66217096    0.87332918    0.71900869    0.72263774    1.14212295    1.23927610    0.86502099    0.68421192    0.92969355    0.96240276    0.47485149    0.51902722    0.80678731    0.66340785    0.51995123    0.00000000    0.48566174    0.61409715    0.59904732    0.79862930    0.58470529    0.49744577    0.45468915    0.58279562    0.68218726    1.03667735    0.90454111    1.05413930    0.77923589    1.04367146    0.85886104    1.00967054    1.04833717    0.83496765    0.72127270    0.78450538    0.94753544    1.01778584    1.08010833    0.91897939    0.71849132    0.51191774    0.57145058    0.82635217    0.77589458    0.47868211    0.58214786    0.79143171    0.66598256    0.63116736    0.57251277    0.72835911    0.75612019    0.65043669
A2AIV3_MOUSE/192-213     0.60344078    0.56885573    0.93768038    0.94549077    0.82310284    0.76493601    0.80065676    1.31341020    1.05190722    0.94546919    0.98422165    0.81722204    0.78376952    0.74881001    0.73781713    0.75342303    0.65318355    0.74629077    0.56525710    0.72124146    0.64234554    0.99157752    0.88238689    0.90863410    1.27937148    1.40600591    0.99871098    0.78702589    1.01624068    0.89623642    0.63130168    0.72400083    0.86763209    0.70937712    0.67051397    0.48566174    0.00000000    0.31932564    0.41650280    0.37609874    0.58923030    0.48492578    0.67669321    0.36997128    0.83613175    0.69773206    1.23093117    0.93294706    0.93777776    0.87332309    0.89518422    0.99236308    1.26405096    0.84154000    1.11564322    1.17545977    0.99317346    1.29338680    1.29632110    0.95055046    1.03725190    0.57580735    0.71995432    0.79453166    0.93867432    0.64466497    0.65870854    0.61320290    0.90839469    0.54471324    0.83501619    0.68509773    0.71587860    0.77809559
