114
A3DNV4_STAMF/148-215     0.00000000    1.86179539    2.67400009    2.79337137    2.56497641    2.57060862    2.61222837    3.41678120    3.21901414    2.92232410    2.89154212    2.66251456    2.33990356    2.48919683    2.38123382    2.49330963    2.51087209    2.10382479    2.15733914    3.56479302    3.52132090    2.83797671    3.22897791    3.28236693    3.17053720    4.49798647    3.19528708    3.38437215    3.46935102    2.81830212    3.99771138    3.75036239    2.63584161    2.82477302    2.38370348    3.48241982    3.47177749    3.18706374    2.46153041    3.19269417    3.53377830    2.68071802    3.21744022    3.01982535    2.40339786    4.17641644    2.53011818    3.44176766    3.43647013    3.32555946    3.38100207    3.24256398    2.68562530    4.29853886    3.75739746    2.74149234    3.47296524    3.17572799    2.62632077    3.38856295    3.01149943    5.11221547    3.13319686    2.83010271    3.95405233    3.23449704    4.54828333    3.30159253    3.09439296    2.74657346    2.75170364    2.44200474    2.75648564    2.49931753    2.67191072    4.12960500    3.76960875    3.52234206    3.02639387    3.03362915    4.19238189    2.98460505    3.17170213    3.21663396    3.02283561    2.69681766    2.66026350    3.06529059    3.13941149    3.67103998    3.86551310    3.63147738    3.07294860    2.54694669    2.21542150    2.59258806    2.49175411    2.95836549    2.60425296    3.15802142    2.56815204    3.65666539    2.49705015    2.79091731    2.85151115    2.83111756    3.35752968    3.27813319    2.84963155    2.72868894    2.98420223    2.52839659    3.82149641    2.62633418
Q8DT33_STRMU/148-216     1.86179539    0.00000000    2.70857311    3.38697701    2.67304982    2.49284666    2.51105781    3.44897643    2.93986022    2.93471890    3.33932289    2.62530935    2.83047951    3.67594886    3.27902352    2.77469858    2.76524653    3.26774360    3.49247412    2.37565131    2.67478940    2.51012713    2.92613656    2.91643461    3.05561214    2.75132883    3.21084059    2.77392217    3.65007544    3.15011926    3.09834462    3.06183819    2.25374132    3.10796107    2.89745152    3.04594716    2.83792085    2.96009710    2.42876485    3.12759505    2.87868112    3.09730540    2.79779316    2.89344137    2.70511054    2.84305336    2.62950826    2.75313960    2.61886391    3.64492227    3.43237601    2.87234358    2.92544733    3.35565352    3.74037735    3.67037718    4.03426710    4.38610487    3.03069879    2.85311299    3.32690000    4.03462499    3.46902577    3.85902669    3.77599779    2.86370202    3.27007060    3.01078212    2.76153380    2.16072187    3.39650153    3.50822404    2.47905566    3.11839184    3.39543163    3.39633452    3.55832975    4.47829599    4.22092578    3.09882442    3.31087482    2.66005914    2.86562706    3.39549581    3.28777614    3.15592926    2.20992194    2.76758621    2.91293478    2.53956338    2.86235981    2.90507496    4.25830582    2.47731066    2.64631325    3.04291184    2.75522106    3.02658311    2.38125321    3.57491029    3.16804688    4.41230609    2.75187487    2.61502684    2.78683137    2.72227525    3.17383712    3.44419484    2.75829971    2.59545448    3.05628878    2.67540333    4.44574471    2.23139282
A4ATI6_MARSH/153-226     2.67400009    2.70857311    0.00000000    2.78119218    3.51934247    3.64590232    2.04288866    3.42666662    2.86660447    2.31462873    2.57630709    2.13243605    2.21307280    3.02581556    3.05070469    2.41421912    2.97637899    2.13620396    3.80617211    2.60286855    3.29395417    3.04484193    2.90605584    3.49263205    4.10274339    3.71446486    2.74594152    3.06097805    3.78031961    3.24553488    3.41720123    3.14733163    3.43727604    2.86638719    3.31617330    2.50486460    2.34557035    3.13404764    2.38525347    3.64067725    3.10252465    2.36531880    2.18389128    2.33000911    2.28778204    2.63287978    2.68035135    3.23736114    3.47414156    2.81592816    2.45855802    2.39795089    2.21101758    2.82165176    3.78839257    3.49292951    4.46107055    3.90542595    2.91468334    3.29646375    3.01096393    3.72795829    3.11664821    2.96273314    3.12145465    2.60745060    2.92809154    4.88833067    3.02572435    3.18178447    3.30316688    3.35606437    2.26215605    2.54794149    2.69966697    3.63772087    3.05743306    2.70985834    2.93781340    2.55045098    2.73989462    3.24609480    2.75933474    2.53867974    3.29090527    2.43831753    2.29840796    2.51300419    1.81964461    2.85625496    2.45081868    3.08186029    3.84314021    2.60265298    2.20826032    3.38829455    2.98000831    2.74671331    2.22432158    2.98790638    2.12906571    3.12220009    2.35340214    3.61041334    3.44233015    2.63466862    2.81229908    2.78863998    2.39374982    3.07517478    2.48864637    2.69569599    2.91829466    2.32477173
Q4FM28_PELUB/156-227     2.79337137    3.38697701    2.78119218    0.00000000    2.45952083    2.82316912    2.57651679    3.15439519    2.66677408    2.17692907    3.20158038    3.05047027    2.53721814    3.71639532    2.54423499    3.05829914    2.65972539    2.62106058    4.54683964    3.13342917    2.73272141    4.66013900    4.21960846    4.69506244    3.92917838    4.42990539    3.34796719    4.72183091    3.20374870    3.74537558    4.17108801    2.89835573    2.28717395    3.08565952    3.30819535    3.04195331    3.85921349    3.05344016    2.65777520    4.68179253    2.67172985    2.50698462    2.54410212    2.48673401    4.34772929    2.97112284    2.73923767    3.08056736    5.03433810    2.84184474    3.70082469    2.63109449    3.41819940    2.97326323    2.77525157    2.92633783    3.23266017    3.17339795    2.79216960    3.59994403    2.50634969    5.07190070    4.54844040    3.90025338    3.88390253    3.33849718    2.85476555    4.36040708    3.49127980    2.73392541    3.17894600    4.26346725    3.52031247    3.35357625    3.88845234    4.55219935    3.50511454    3.08580296    2.51364437    3.87832777    3.11271469    2.76007156    3.46539199    3.91096413    3.69646509    3.17206025    2.60355353    2.89478640    3.04565692    4.97383325    3.36898071    4.23761104    5.47228790    2.92112666    2.47447901    3.57033098    3.75638981    3.16898809    2.39766013    3.06836532    3.03665008    3.78445133    3.04064142    3.22537335    4.29164441    3.09291160    5.02900361    2.85216621    2.58849865    2.53246217    2.62114532    2.67365814    3.24570780    2.80084887
Q12YF2_METBU/146-214     2.56497641    2.67304982    3.51934247    2.45952083    0.00000000    2.60565573    2.10009765    3.51953249    2.91313959    2.33708082    3.07180988    2.96948587    2.57265736    2.48841349    2.89180913    3.30510327    2.76340342    2.65642896    2.68925538    3.01561638    3.26526536    2.77545389    3.02639708    2.86430810    3.48110450    3.69841729    3.58008815    3.63854734    3.15068884    2.11689255    3.46211007    2.93692153    2.06170225    2.90837706    2.56413937    2.15394536    3.42219803    3.00329490    2.33100885    3.27134470    3.06513860    2.12900936    3.43433870    3.62481453    3.81704462    3.37368427    2.99418389    3.12307460    4.23441821    3.89967372    4.40231741    3.35179872    2.46743856    3.71148766    3.28382109    3.95911043    3.47668955    3.51807975    3.50562242    3.49124477    3.86887688    4.47351548    2.44209400    3.45025399    4.22057271    3.32703727    2.70360205    3.27261374    2.82885663    2.85511745    3.47388238    3.74645700    2.75493453    2.90874683    2.94173510    3.71092073    3.29966010    3.80306034    2.95056071    3.21617290    3.69932863    3.08871338    2.52292361    2.93935778    2.64540154    4.00564605    2.49739774    3.40146208    3.10802149    3.49727596    3.08548505    5.04078547    5.47525836    3.20877774    2.68718160    2.80980329    3.97813436    2.79169004    2.96032732    3.12750907    2.54502002    3.36731740    2.79109799    2.50312285    2.87392092    2.87725727    3.15576633    2.49144893    3.16103081    3.66823875    2.82786136    3.79317809    4.16033324    3.40527474
B8CWZ4_HALOH/154-221     2.57060862    2.49284666    3.64590232    2.82316912    2.60565573    0.00000000    2.31481962    2.87053773    2.63304343    3.04316037    3.30711610    2.98006278    2.59589274    3.21890565    2.99352492    3.52579690    2.84652952    3.30441745    3.08080254    3.51730304    2.61044395    2.73082473    3.45752103    4.28632252    4.26654011    5.37389564    3.92551184    4.80629587    3.87264589    3.68380137    5.35380487    2.51875227    2.85686017    3.10192296    2.88891059    4.14269604    3.58753763    3.73377809    2.64796502    2.19893885    2.30065189    2.88033308    2.29582073    3.04112697    3.02539606    2.79627479    3.03982702    3.68336228    4.59956866    3.90071383    3.27038389    2.83612186    2.55326076    3.75958006    3.07867635    2.26585938    3.13527024    3.50139844    3.46744620    4.75158032    3.08064700    3.09965524    3.26062616    2.87971625    2.54359928    3.05337780    3.46365007    3.58320803    3.22512952    2.82304118    3.48293552    3.38924015    3.91706103    3.33267241    3.66816539    2.72795771    3.20286244    3.35407048    2.74853331    2.70035599    4.36277236    3.19819333    3.00385734    3.62531009    2.49032803    3.04194972    2.43389802    2.98335035    3.32534506    4.16614811    3.16897379    2.85101694    3.27781902    3.82255630    2.26937234    3.90527645    3.99296905    3.26722776    3.51955088    2.53924758    3.90495392    3.10557792    3.51903337    3.99249777    3.19249127    2.96234720    4.40934680    3.48653415    3.43706399    3.11209410    2.51673272    2.90502703    2.85451126    2.06000613
Q5JDS4_THEKO/153-222     2.61222837    2.51105781    2.04288866    2.57651679    2.10009765    2.31481962    0.00000000    2.63661885    1.73955610    1.63830132    2.19968474    1.78359208    1.72230225    2.41751577    2.36055545    2.08315409    1.84695265    1.80717692    1.91726197    2.12135409    1.82580315    2.59981270    2.96454479    2.83676465    3.00106308    2.55421761    2.61746848    3.30483593    2.91389839    2.87108567    3.17703545    2.73282389    2.29906919    2.62140379    2.88126577    2.60821632    2.82437066    2.76232679    2.10939353    2.67172634    1.90825076    1.63378686    1.83684546    2.63788238    2.34338793    2.27728567    1.81826407    3.33174129    5.14699482    2.40170994    2.74634807    2.52962361    1.97164473    3.65628171    2.28122672    3.56182152    2.77114017    3.01288203    3.64318455    3.32919729    3.04571752    3.43984544    2.90467215    3.02058804    2.91808178    2.84412380    2.75512263    3.79188379    2.24656343    3.15595812    2.88199638    3.34517355    3.31036365    1.80932097    2.30649007    2.30953138    3.17456142    3.30827416    3.25002700    2.29679583    3.07016953    2.20190167    2.26277056    2.41362562    2.38005058    2.65366657    1.57813947    2.11543824    2.20017141    2.53074985    2.28723586    2.70480242    3.06487192    1.98867363    1.78155853    1.97195033    2.65453272    2.39211866    1.94278138    1.80698328    1.76196429    1.94802275    2.11921365    2.49336579    2.47548338    2.69742947    2.63523026    2.28161884    2.71678322    3.08054894    1.68790699    3.00034253    2.64544905    1.89992397
A7I6G2_METB6/590-661     3.41678120    3.44897643    3.42666662    3.15439519    3.51953249    2.87053773    2.63661885    0.00000000    2.98567086    4.08350759    2.77611231    2.59061634    3.04840791    2.73765711    2.59422723    2.81204221    2.47722391    2.63471969    2.84713599    3.92145422    3.71402246    3.13758566    3.55137809    2.95493688    4.30918494    5.25958582    2.67061664    3.44842486    3.01560922    3.37307010    5.64088792    2.83141544    4.07941494    3.83976288    2.73531197    4.13560100    2.59289086    3.33194223    3.59458899    2.75023149    3.51637169    3.52703105    3.54760164    3.70748782    3.72328782    2.73392396    2.70755054    3.65722731    3.45679076    2.87430611    3.12129418    2.49889037    2.54123990    3.12829243    2.92165098    3.33310913    3.81337303    3.20592795    3.48452774    3.21624831    2.71891345    3.39884719    3.41469214    3.65987761    2.97156251    3.34272913    2.68529494    2.53173275    2.67326432    3.41301639    2.90641850    3.58785476    3.51531753    3.03810618    2.64354796    3.37128830    3.01889939    2.68355580    3.36910784    2.54713730    2.72826746    2.31340798    2.97971198    2.93139332    2.69861349    2.26932542    3.15389839    3.35985929    3.61344725    3.73022527    2.91533925    2.96095956    3.83988939    3.41050345    3.87621063    2.84489691    2.48994002    2.95762431    2.83417404    2.79775334    3.07467835    2.66077931    3.39700413    4.17014823    3.41310028    2.91815776    3.48283703    3.22486903    2.88872586    2.55078445    2.75119526    3.42107777    2.58783290    2.70338404
Q9HHS7_HALSA/147-220     3.21901414    2.93986022    2.86660447    2.66677408    2.91313959    2.63304343    1.73955610    2.98567086    0.00000000    2.24437230    1.84058533    2.30019953    2.29021220    2.19564140    2.42712137    1.90838377    2.23314318    2.32276838    2.51064394    3.47056734    3.04684073    2.89440239    2.82264476    2.86785585    3.25499414    3.06731264    2.38662236    2.65751244    3.17712129    2.95634116    3.38523453    3.27573008    2.61499082    3.03180990    2.79406359    2.78984800    2.01249719    2.28927560    3.23123760    2.02465190    2.66020219    2.13340288    2.24696077    2.66198599    3.47560452    2.63745442    2.49673536    2.96770536    3.75764676    3.28562208    2.70901766    2.72979902    2.10227554    3.20808773    2.91148317    3.09892813    3.40067214    3.67459760    3.46095534    2.86470163    3.26775592    3.15840603    2.49352303    3.03982716    3.05749424    2.85064841    3.29092714    2.66603058    2.77962796    3.78897545    3.49925673    3.68576418    4.35481103    2.66327453    2.69087578    2.75049804    2.67926842    3.18298163    2.92311440    2.62152073    3.33327305    2.28185318    2.21164538    2.14354242    1.82931887    2.89527281    2.47462608    2.47908794    2.04648676    3.54133025    2.54962297    2.40705741    4.20965319    2.20765618    2.41883422    3.04404726    2.85538866    3.13749210    2.67294605    2.95155826    2.34484078    2.73267337    2.82236952    2.23160008    3.18283297    2.80541394    2.89793435    2.72185105    2.58084108    2.21011418    2.20765612    2.55567690    2.87680434    2.08372443
A8F5M5_PSELT/149-218     2.92232410    2.93471890    2.31462873    2.17692907    2.33708082    3.04316037    1.63830132    4.08350759    2.24437230    0.00000000    1.85971698    2.07470088    2.33837348    2.07086029    2.84785638    2.06698245    2.66338895    2.07729269    2.64453993    2.19067783    3.30679563    2.91942620    3.64391406    3.36083705    3.86906940    4.00333636    2.89976433    3.32207643    2.54011350    2.50716487    2.54081789    3.11881070    2.46218979    2.27911892    2.94355151    1.85786718    2.00656366    2.79854280    2.43977596    3.09013818    2.38690816    1.78727611    2.07738292    2.40023067    2.49985169    2.45999201    2.11299330    3.57818809    7.14524628    2.85587510    3.03503446    2.92820952    2.61986440    2.97989687    2.69748090    4.26814714    2.58633019    3.33090305    3.05892593    3.08729929    2.74875962    4.86748283    3.50502088    3.50152170    3.58083342    3.00523800    2.98170763    3.18929854    2.70799766    2.53511944    3.21089620    3.34811956    3.74267219    3.09899047    2.37340698    3.41896417    3.76313543    3.11708197    3.49270755    2.63668247    3.66540902    2.66799572    2.11572013    2.80455158    3.38530470    3.77533547    2.34253908    2.33416448    1.78925772    3.23836499    2.68233307    4.46351199    3.54003292    2.33948286    2.42214481    2.26264580    3.12365862    2.69455081    2.17370683    1.87847345    2.07012916    3.32119946    2.45376607    2.47691203    2.06079433    2.99671595    2.28976397    2.60634755    2.31858309    2.85325541    1.76048364    2.97827480    2.91670717    2.32521781
Q9HHU8_HALSA/150-216     2.89154212    3.33932289    2.57630709    3.20158038    3.07180988    3.30711610    2.19968474    2.77611231    1.84058533    1.85971698    0.00000000    1.96765077    3.21039862    2.46717425    2.22135128    2.04328336    2.42782307    2.24713145    2.92768056    2.92566232    3.51603694    2.68726444    2.84687502    2.81880602    3.59596943    2.87876245    2.74319731    3.68445275    3.96488885    3.78305927    4.18806285    3.67086312    2.92171233    3.58250366    2.46204090    2.92807934    2.83234625    3.40960408    2.90541054    2.50728743    3.54118548    2.69347647    2.87686608    2.99157484    3.19642346    2.91242869    2.25168832    4.12825461    4.46636577    2.77936475    2.90627783    2.71894860    3.17144110    2.24465096    2.53072501    3.78285687    4.29531866    4.65114002    3.58232342    2.92461608    3.58610143    4.31066118    4.37639939    3.36082406    4.32048020    3.42936614    3.95018377    2.95752678    3.55544508    3.25592008    3.44518356    3.45462487    3.32315466    3.83326107    3.04943865    4.08039117    3.05185058    3.52462911    2.59030733    2.55177125    4.06226401    3.20596117    3.44007763    3.52736946    2.66737655    3.10033373    3.29426825    3.67544766    2.50570658    2.82995551    2.59893400    3.13988140    4.53776789    1.87930336    2.77377374    3.63758401    4.73813116    3.98871572    3.32523431    2.82107501    2.56540615    3.01879268    2.61073891    2.57711706    3.24378218    2.82068138    3.09064044    3.24987085    3.16095907    2.30923707    2.95438759    3.11596249    2.80426909    3.24406238
Q8G6U0_BIFLO/451-519     2.66251456    2.62530935    2.13243605    3.05047027    2.96948587    2.98006278    1.78359208    2.59061634    2.30019953    2.07470088    1.96765077    0.00000000    2.02746115    2.44028167    2.23424145    2.52654480    2.58570657    2.24965437    2.93733106    3.05329913    3.42382522    2.79657207    3.12849838    2.77710266    3.68500552    4.30966306    3.39399235    2.68807047    3.27404620    3.01480251    3.34881644    2.79839779    3.58039381    3.50080447    2.68266363    4.01250703    2.70093133    2.68099927    2.20676396    2.81748611    3.04639614    2.41316811    2.17368997    2.93996112    3.21907239    2.63839987    2.39479729    3.51854128    3.58116168    3.35398518    3.36809425    3.64687643    2.36645432    2.60986760    2.76330408    3.42820849    3.94101152    3.19229348    3.05504174    2.55540681    3.48703458    2.76971849    2.71848977    2.83333854    3.06368664    2.36783504    2.60982328    3.40413886    2.99206219    2.73020127    2.47760248    3.66058268    3.78435380    2.84199947    2.35078414    2.70771494    3.28767234    3.32141313    3.24056376    2.85487670    3.66308139    3.39442971    2.71843271    3.30862290    2.68427776    2.70973155    2.02361091    2.61098070    2.32661685    2.39026260    2.60172148    2.83181844    3.04138874    2.07395433    2.48707932    2.73055279    2.24030572    2.87682157    1.97405267    1.81956541    2.38690663    3.00270147    2.24691677    2.32968308    2.31267255    2.35255327    2.32552865    2.21843120    2.84803199    3.48700945    2.65717427    2.78519465    3.05837822    2.28290425
Q5YT96_NOCFA/149-217     2.33990356    2.83047951    2.21307280    2.53721814    2.57265736    2.59589274    1.72230225    3.04840791    2.29021220    2.33837348    3.21039862    2.02746115    0.00000000    1.91109833    2.08624592    2.23547929    2.17776194    2.81160371    2.90320508    2.85960385    2.73191138    2.33494770    3.32632974    2.64652061    3.27187634    3.72258183    3.87548759    4.26955463    3.26564294    2.93438241    3.32861866    2.88040400    3.99387769    3.10753733    2.63293950    3.38108351    2.42016903    2.84022987    2.39886906    2.86437772    2.77772025    2.31534245    2.43497657    2.61650322    3.30753533    2.81779526    3.13745342    2.03873557    3.56482719    3.43023838    2.68056585    2.55283013    2.77373119    2.89081204    2.47039081    2.99232283    3.33332179    2.55487503    3.02858130    2.86242128    2.71491710    4.39565055    2.91931114    2.15142085    2.97368964    3.06790775    3.78085347    5.02180045    3.31737624    2.90827089    2.60875842    3.28976217    3.09875094    2.75416496    2.49794502    3.28026651    2.74761846    3.29165822    2.97101104    2.39518210    3.16256533    3.14222320    2.65914178    2.75450320    2.95885283    3.03111013    2.16370065    2.09961891    2.00335235    2.46221181    2.99771802    2.86996244    2.90641726    2.68583326    2.45819078    2.43875259    3.00888224    2.22445120    2.39236320    2.56169048    2.81592455    3.85957001    2.75513844    2.81810271    2.52943996    2.86881865    2.24843614    2.49227280    2.16599545    2.82815963    2.10569281    2.62896313    2.97508380    2.27325192
Q9RTK8_DEIRA/478-544     2.48919683    3.67594886    3.02581556    3.71639532    2.48841349    3.21890565    2.41751577    2.73765711    2.19564140    2.07086029    2.46717425    2.44028167    1.91109833    0.00000000    2.30541373    2.63051549    2.35422717    3.02526904    2.21414187    2.92863358    3.52959126    2.67932801    3.36989550    2.14003319    3.28398087    4.93781410    3.80328029    3.27639134    3.09147947    2.45794074    3.40347810    3.45248739    4.37742423    3.06987730    2.33267867    4.10268805    3.29100463    2.68518273    3.48899020    2.34415763    3.57304755    2.46911192    2.68553860    3.90621298    3.23956119    2.79638864    3.10260010    3.27448031    4.05732032    3.21533797    3.10562142    2.92260387    2.61816105    3.19572558    3.20938212    3.26456013    3.48217647    2.94147958    3.46417544    2.59871727    3.44274563    4.55353387    3.16202464    3.40333277    3.55145520    3.78343319    3.95177825    3.16045832    2.60179763    3.19966450    2.52748559    2.67613057    3.50000461    2.90330395    2.36754742    2.83397110    3.57058906    4.30951837    3.36726720    2.14437029    3.69150406    2.88039557    2.16034119    2.18456333    2.45010468    2.61561659    2.66386320    2.73652266    2.37077844    2.92884786    2.76888535    2.92631632    3.63878039    3.45575941    3.53705326    2.08560913    3.17328081    2.44737686    2.57949692    2.86421720    2.67190040    3.63105983    2.75305918    3.35667373    2.73644072    3.43849900    2.35403567    2.48688048    3.13821930    3.85906875    2.82435785    3.09231507    2.66265587    2.88870351
Q82H70_STRAW/432-500     2.38123382    3.27902352    3.05070469    2.54423499    2.89180913    2.99352492    2.36055545    2.59422723    2.42712137    2.84785638    2.22135128    2.23424145    2.08624592    2.30541373    0.00000000    2.39084143    2.03588502    3.12952823    2.48811344    3.54651943    3.63411999    2.33306848    3.34619300    2.33410570    4.23006225    4.46614055    3.27243569    3.72247247    3.57029331    3.24832389    4.19025548    3.52309432    4.36456397    3.48270237    2.83536822    4.04683542    2.56802980    3.20100448    2.93443435    3.08873415    3.60717966    2.94237280    2.40209487    3.89612196    3.37640805    4.43611272    3.05291999    2.78698780    4.59129181    3.69355711    3.98463367    3.01679930    3.08687551    3.72087983    2.66143951    3.40607482    2.97870607    3.58101800    4.47050659    4.02133823    5.42598155    4.12257752    4.48532123    2.45252683    3.49100350    3.74567903    2.52162318    4.24363587    4.40699043    3.63603894    3.16718927    3.59827606    3.70629935    2.65021505    3.53120839    3.85490500    3.07081155    3.17971491    2.42576501    2.64433920    3.90374357    3.13661358    2.82662565    3.52875196    3.47256401    2.45180093    2.24822637    3.52557197    3.64607103    2.96282072    3.16104210    3.14689920    3.64435943    2.56850869    3.06889967    3.78487267    3.38624858    4.09471948    2.31271795    3.25609456    2.72300869    3.57239071    3.18127571    3.11962316    2.84428950    2.56882016    2.92327360    2.62809465    2.78263213    2.84636849    2.17265165    2.77723630    3.54917307    3.11973294
Q5UZK1_HALMA/147-216     2.49330963    2.77469858    2.41421912    3.05829914    3.30510327    3.52579690    2.08315409    2.81204221    1.90838377    2.06698245    2.04328336    2.52654480    2.23547929    2.63051549    2.39084143    0.00000000    1.43538802    2.36162834    2.60816070    2.80480883    3.01244353    2.61533756    2.71976208    2.50719623    2.57541000    2.88582601    2.73810472    2.62452644    2.83604800    3.12601624    4.10042005    2.69962973    2.42279977    2.57255172    2.99447110    3.55171799    2.45040178    2.99822835    2.74027021    2.61308486    3.50632185    2.85753177    1.93899727    2.73630156    2.67338064    2.58550142    1.99076242    2.23582857    2.78356612    2.08052245    2.47268763    2.36602145    2.65791404    3.11517857    2.34851635    2.62791107    3.23656818    3.35769471    2.71496593    2.73416339    2.61683612    3.24990644    3.49634771    2.86337241    2.57226878    2.64289391    3.03081377    3.37790923    2.75928294    2.89132530    2.48452603    3.01949392    3.27366087    3.45983363    2.59115363    3.02410196    2.33351828    3.46169822    2.63663851    2.02777096    3.25467262    2.60547078    2.37461883    2.38856162    3.16982273    2.94729447    2.13951016    2.20371140    2.35993988    2.81297290    3.20285888    3.80806350    3.67268250    2.57905524    3.01554459    2.72499417    3.66229200    3.30190966    2.93167837    3.07020750    2.61840566    3.05941354    2.71409088    2.82880016    3.03071695    2.61122772    2.81705470    3.17199021    2.42572827    2.92990707    2.75085489    2.28083492    2.94892352    2.22183921
Q9HNV8_HALSA/181-250     2.51087209    2.76524653    2.97637899    2.65972539    2.76340342    2.84652952    1.84695265    2.47722391    2.23314318    2.66338895    2.42782307    2.58570657    2.17776194    2.35422717    2.03588502    1.43538802    0.00000000    2.22729800    2.73454815    3.44421082    2.72478760    2.77142253    2.20289972    2.35462938    3.09400135    3.98001954    3.01000976    2.73582498    2.79076342    3.31899712    3.74761774    2.47554598    3.66045843    2.67698609    2.29209252    3.68404386    2.85764269    2.57444126    2.29905104    2.28849031    3.17672487    2.30009911    2.51560962    2.78469202    3.28936328    2.82032123    2.08231903    2.81170738    3.12272286    2.29441201    2.16408043    2.34129809    2.41949306    2.15691128    2.64290605    2.34076475    2.75030501    2.64480215    2.89753134    2.58479648    3.27551129    2.69586893    2.90207422    2.84697116    2.51791743    2.80156910    2.79106314    3.65684059    2.60462276    3.09742094    2.76924350    3.22583395    2.99954273    2.52749300    2.67677860    2.66642426    1.85166252    2.71550849    2.61700192    2.31161791    2.42480616    2.20893986    2.25134993    2.14245448    2.67100810    2.15209603    2.13175674    2.42366733    2.28104181    2.70449890    2.73371173    2.78994013    3.56482010    2.44386731    2.63638514    2.52999150    2.63986212    2.38322116    2.40640804    2.90553029    2.82013095    3.08007767    2.49717908    2.68471939    2.67689125    2.58485915    3.15493084    2.66271250    2.58017234    2.86423209    1.99193110    2.22840096    3.22759366    2.42231505
Q73RK1_TREDE/396-464     2.10382479    3.26774360    2.13620396    2.62106058    2.65642896    3.30441745    1.80717692    2.63471969    2.32276838    2.07729269    2.24713145    2.24965437    2.81160371    3.02526904    3.12952823    2.36162834    2.22729800    0.00000000    2.07234353    2.16788747    2.29794661    3.57522475    3.17764177    3.79711488    3.47138976    3.07932280    3.05284060    2.85687150    2.84214573    2.60800320    4.32659752    3.73782108    2.78112988    2.41997553    2.45435044    3.20815300    2.79498675    2.76779061    2.29067244    2.28491656    3.02671313    1.84624079    2.73889767    2.33305075    2.42695727    3.01916764    2.55630517    3.94029791    4.38058576    2.74932093    2.56950107    2.59275061    3.42603387    2.43962118    2.57335575    2.64353980    3.20197486    3.12287132    3.00810171    3.37091618    3.54574123    3.25889443    2.84498547    3.15965578    3.16867478    2.82795453    3.29078617    3.74637471    2.96608750    4.30878952    3.73979660    3.62395207    3.53057426    2.08446004    2.60407107    3.26937710    2.89684286    3.07583094    3.03885730    2.96299660    2.77681586    2.56549830    2.75916894    2.23641144    2.86284115    2.89262090    2.46192079    2.90629789    2.07818571    3.29673807    2.50599915    3.63626990    4.09908963    2.64400636    2.06313128    3.07051324    3.24479774    2.66066870    2.97832249    2.84164074    2.57302105    3.19723016    2.66200233    3.10444209    3.56626874    3.46517863    2.98691398    2.69229734    2.57032295    2.86952693    2.25282521    2.35712171    2.99958849    2.37402604
A3DNI5_STAMF/148-213     2.15733914    3.49247412    3.80617211    4.54683964    2.68925538    3.08080254    1.91726197    2.84713599    2.51064394    2.64453993    2.92768056    2.93733106    2.90320508    2.21414187    2.48811344    2.60816070    2.73454815    2.07234353    0.00000000    2.90535819    3.09283968    2.28730081    2.92188079    3.05287965    4.06885226    3.59156230    3.68113388    3.60795030    2.78168621    2.81261242    3.74232490    3.35682037    3.21868878    2.47778623    3.81272318    3.43274647    3.21997014    2.79473099    3.47636429    2.68502258    3.25873017    2.77513137    2.76103950    4.02692574    3.35100345    3.45713664    3.33577836    3.18204566    3.33978144    3.50526472    2.48302055    3.73320673    3.75010040    4.00011538    3.22245463    3.22466177    2.66410766    3.14281100    3.58378439    3.82250134    3.57081198    4.40855385    3.24704688    2.74916231    3.53951202    3.78279045    4.20664796    2.95553831    3.26759622    4.05029433    2.89563720    3.03299465    3.94290118    3.04298125    2.50552032    2.79089696    3.63765457    3.95927406    3.63722929    3.25963760    3.60398931    2.46245430    2.47819075    2.82964021    2.82892204    3.56421066    2.36862175    2.85020639    3.22457428    3.59961147    3.73154703    4.27761157    4.94385433    3.10946753    2.32241792    2.16109384    3.15101032    2.89987877    2.33595774    2.82814516    2.60492440    3.27065888    3.50980165    2.99910160    2.94906399    3.41960545    2.79161474    2.99139169    3.13102460    3.53933770    3.15335690    3.83062187    3.16118737    2.94160647
Q7MAD0_WOLSU/294-366     3.56479302    2.37565131    2.60286855    3.13342917    3.01561638    3.51730304    2.12135409    3.92145422    3.47056734    2.19067783    2.92566232    3.05329913    2.85960385    2.92863358    3.54651943    2.80480883    3.44421082    2.16788747    2.90535819    0.00000000    1.67577178    3.15670569    2.84028078    2.86857703    3.42911408    3.22857606    4.50214806    3.07713402    2.73078991    3.93569680    2.88127509    2.77849528    2.07953775    2.82369624    2.85495368    2.93542271    2.87427626    4.60567446    3.78348915    3.49171414    2.08003701    2.58873877    2.67434673    2.52346328    3.23307191    2.83416212    2.59282051    2.91342880    3.55373925    2.21318553    2.61419029    2.00224645    2.85240604    2.51219678    3.33166660    3.82219333    4.52794520    3.82487143    2.62456496    2.77879772    3.62672846    4.22987435    2.86747446    3.36121940    2.57284000    2.78871178    2.61323555    3.23845826    2.21441928    2.84336814    2.38815623    2.95189090    3.33187374    2.99063220    2.91928703    2.99239814    2.25755109    4.19924597    2.35710120    2.20674771    2.26015596    3.86300971    2.12300533    2.33848396    3.56692291    3.26768752    1.69579365    2.11542970    2.62281184    2.21362631    2.42008341    3.66884002    3.76316278    2.33449997    2.68281944    3.31206951    4.02604297    2.65466291    3.19610569    2.67774696    2.89572496    5.94942295    2.60328492    3.37578262    3.60403513    3.61063095    3.18697843    3.55247279    2.57802631    3.10979801    2.69717242    3.22145996    3.12177323    2.30363906
A7HN80_FERNB/252-323     3.52132090    2.67478940    3.29395417    2.73272141    3.26526536    2.61044395    1.82580315    3.71402246    3.04684073    3.30679563    3.51603694    3.42382522    2.73191138    3.52959126    3.63411999    3.01244353    2.72478760    2.29794661    3.09283968    1.67577178    0.00000000    2.97763949    3.37692504    3.85048473    4.16507386    2.85988514    5.32730751    3.85063639    3.12803171    2.48238546    2.96506136    2.74620909    2.88070389    2.91291779    2.68814307    3.51762999    3.42045734    3.45689611    3.32600169    3.30426233    2.06225267    2.14208245    2.34718645    3.08846327    3.45620454    2.86256569    3.30578709    2.48563860    3.05886727    2.67073124    2.32694225    2.15943508    2.60884640    2.40904432    3.46218823    3.58901120    4.07127479    3.03561391    3.29806717    3.57248968    3.75325695    3.82595821    2.93996057    2.52130578    2.53154861    2.44935808    3.00825964    4.33840694    2.03022107    2.71963102    2.78278951    3.55240437    2.81262935    2.81341927    3.29191028    3.02832467    2.62778507    4.11269031    2.82452485    2.45107503    2.75028379    3.24661825    3.54460951    2.57016999    3.33559806    3.37678493    2.19732910    2.73958725    3.12959242    2.88570079    3.89267108    3.14629622    3.88336565    2.84202025    2.70746733    3.58448339    3.05776379    4.13925912    3.56421339    2.45861891    2.80335453    3.42524693    3.55526343    3.73485940    3.89482400    2.81923768    2.86153467    3.42995785    3.26070000    3.17632100    2.72375848    4.26609987    3.08450372    2.85314226
Q085B9_SHEFN/578-648     2.83797671    2.51012713    3.04484193    4.66013900    2.77545389    2.73082473    2.59981270    3.13758566    2.89440239    2.91942620    2.68726444    2.79657207    2.33494770    2.67932801    2.33306848    2.61533756    2.77142253    3.57522475    2.28730081    3.15670569    2.97763949    0.00000000    1.76692499    1.75144663    2.57306167    2.72827302    2.65755689    2.34208859    3.04518876    2.10980622    3.34116817    2.13905671    2.92139521    2.64751907    2.25472919    2.78034160    3.17907869    2.74080835    2.49687335    2.06386476    2.88235377    3.08037117    2.64751015    3.40529061    2.30819466    2.80852377    2.70039519    2.15946379    2.49258975    2.88932180    2.40301500    1.95393768    2.58995629    3.80872396    3.13875144    3.45553505    4.36738460    4.01688700    2.95140949    2.79763226    2.13452178    3.19110914    3.06543735    2.38214415    3.02894105    2.29437089    2.88098007    3.16699134    2.74647700    2.94416637    2.78799727    2.64409793    2.48189125    2.59196815    2.37847261    3.17084727    2.53146699    3.34397298    3.60943390    2.17948991    2.69378781    2.19637557    2.29076953    2.59608078    2.62986857    2.32031712    2.49904604    2.95764127    2.54998064    2.54568997    2.85798987    2.75483452    2.89461302    2.49185958    2.24160029    2.90392800    3.05618021    4.23969649    3.13725928    2.57318437    2.78085768    3.85637181    2.50464886    4.02346914    2.79798154    2.72383065    3.45705539    3.23068167    2.62320596    3.37478823    2.96290332    3.07601353    2.77939951    2.86394542
A1SYU3_PSYIN/578-646     3.22897791    2.92613656    2.90605584    4.21960846    3.02639708    3.45752103    2.96454479    3.55137809    2.82264476    3.64391406    2.84687502    3.12849838    3.32632974    3.36989550    3.34619300    2.71976208    2.20289972    3.17764177    2.92188079    2.84028078    3.37692504    1.76692499    0.00000000    1.96568883    2.58197025    2.76604861    2.17866315    2.62353164    2.51097657    2.74407334    2.57832687    2.46760478    3.50520358    3.79078177    2.05986213    3.40640856    2.96581918    3.15661494    2.61791071    2.46857588    2.95440271    2.90168886    3.32875303    3.21482719    2.62572707    2.52910254    2.95070561    3.33217132    2.64773303    3.25167777    2.78223705    3.05739689    3.07490992    3.17710074    2.78060108    4.15296708    5.54472282    3.16583759    3.92578416    2.91948197    3.57217575    3.66529025    3.05005761    3.03396533    3.48681047    2.81325701    3.19043402    3.07392921    3.28300917    3.14258650    2.70452323    3.17037097    2.95018592    3.43792996    3.24455441    3.08727066    3.44035018    3.04157491    3.24679181    2.44947097    3.04801387    2.42500153    2.37672030    2.28161497    2.81911325    2.54713655    2.89233136    3.40432208    2.70871997    3.35051394    3.81117313    2.80785600    3.94437968    2.23441265    2.88286492    3.55685646    3.20494270    3.08561913    3.57292674    3.19963141    2.49885613    3.44725199    2.52787322    3.23207437    2.82896335    2.91021430    3.05421395    2.17498744    2.95835408    2.91463336    2.42777348    2.18800988    3.45873480    2.61613753
A1WE90_VEREI/589-659     3.28236693    2.91643461    3.49263205    4.69506244    2.86430810    4.28632252    2.83676465    2.95493688    2.86785585    3.36083705    2.81880602    2.77710266    2.64652061    2.14003319    2.33410570    2.50719623    2.35462938    3.79711488    3.05287965    2.86857703    3.85048473    1.75144663    1.96568883    0.00000000    2.88322069    2.54191202    2.55877923    2.67134659    2.52243625    2.63884216    3.64904480    3.56680123    3.51558902    3.71658887    2.24738412    3.26978724    3.38803148    3.74157106    3.53864793    3.10437455    3.23477237    3.20118253    2.44524739    3.89799858    2.93838346    2.85159528    2.32515194    3.42420141    2.80544116    3.17913402    3.26022485    2.82718764    2.32632862    2.69322969    3.50202537    2.36964191    2.73212675    2.75579023    3.05924493    2.00210295    3.05268725    3.75293502    2.85067752    2.31137736    3.07729689    2.56868739    2.23523439    2.70899571    2.71990092    2.41723143    2.28150943    2.61800718    3.49453377    3.01936609    2.21041734    2.42809184    2.37170377    3.92131832    3.11061019    2.23960889    3.02281296    2.51039394    2.21982617    2.53645873    2.17960091    2.37609755    2.51198095    2.62285384    2.90430825    2.67349011    3.16357344    2.85722032    3.97073080    3.31726177    2.79963320    2.52528088    3.83731911    3.10023666    2.71153227    3.33385155    3.14295655    4.24259173    2.52955419    2.81616487    3.42118703    2.68368021    3.07426795    2.87847628    2.49505207    2.43404129    2.64988874    3.13282711    3.93413724    2.90930178
