89
N1QEM9_SPHMS/56-98     0.00000000    0.24359958    0.50506400    0.73364983    0.53128700    0.57791326    0.62521169    0.82356124    0.67337921    0.65502438    0.63549577    0.57152730    0.73531006    0.80097712    1.44474090    0.90110826    0.69618797    0.74282229    0.87144380    0.90781355    0.77401980    0.60933859    0.93173822    0.76407488    0.86680734    0.84876176    0.81467218    0.88343102    0.78982393    0.87026995    0.83312936    0.87122644    0.82213094    1.25286515    1.24737623    1.26175136    1.34221021    0.88534668    0.81884780    1.08583755    0.79268267    0.56282574    0.78185720    0.76325058    0.74753399    0.85604341    0.76329801    1.18728967    0.99021430    1.28726927    1.54783324    1.41540757    1.79909614    1.54389382    1.51347623    1.60675713    1.31186066    1.42468309    1.31080142    0.66217212    0.63157324    0.58252097    0.72458159    0.59322081    0.56018513    0.89016705    0.84645837    0.76127606    0.87115390    0.83332591    0.72437530    0.74554967    0.63182789    0.66134416    0.56258983    0.41784705    0.37422785    0.35660447    0.40271033    0.37360574    0.57731284    0.54104293    0.40384034    0.44005303    0.46402980    0.55084722    0.55528421    0.54554613    0.46236441
M2MZ65_BAUPA/65-107     0.24359958    0.00000000    0.43596831    0.54532958    0.45259635    0.50251616    0.48860570    0.76147511    0.66816033    0.56775136    0.50844739    0.58300874    0.69372716    0.59814160    1.51446631    0.96178681    0.73243029    0.80769676    0.76486036    0.75888121    0.81874273    0.63810079    0.91927854    0.72292310    0.79042748    0.80957754    0.75115951    0.88811041    0.81816868    0.98728281    0.86794302    0.82447160    0.85909431    1.03533832    1.19657102    1.12178473    1.23803622    0.67323993    0.67140931    0.85283786    0.59597816    0.46145408    0.63330906    0.71113835    0.56378581    0.67452731    0.69296482    1.26213249    0.80489116    1.25394837    1.71738803    1.18845530    1.51021292    1.37330529    1.29174466    1.43085419    1.05180701    1.13537716    1.08333650    0.65119609    0.62606280    0.51565145    0.65640686    0.60144724    0.56923117    0.74827168    0.72470073    0.70811194    0.77336290    0.72109418    0.69030327    0.77258425    0.55226685    0.58317148    0.43061213    0.36719883    0.31325758    0.31287907    0.34770750    0.36747802    0.53523342    0.49224880    0.28979463    0.38263556    0.42245349    0.48694192    0.53083816    0.48324740    0.49778758
W1QJC2_OGAPD/63-105     0.50506400    0.43596831    0.00000000    0.30682938    0.34026819    0.39855714    0.46986114    0.54885697    0.61344536    0.49711529    0.57262261    0.52723338    0.76716666    0.88042808    1.13514258    0.75078546    0.64482058    0.62642239    0.69263648    0.68280291    0.64929938    0.53282339    0.78420841    0.68872844    0.88078161    0.68725643    0.59565894    0.76271472    0.84514510    0.79180101    0.82431514    0.68446735    0.79143053    1.05241430    1.42368592    1.05778821    1.01546638    0.56215628    0.52128774    0.78761389    0.70346198    0.49689375    0.64566126    0.61798374    0.53813064    0.61901831    0.55207680    1.53696392    0.72404167    1.36381178    1.47189834    1.06651629    1.29498624    1.14852545    1.15230728    1.29018643    1.05509908    1.41291956    1.03259864    0.33909154    0.47674644    0.39990902    0.45429250    0.34365332    0.36292662    0.52718695    0.53451972    0.56775888    0.60466718    0.52407840    0.49140970    0.52937033    0.54090374    0.55887739    0.31964406    0.37859209    0.39644138    0.42349881    0.45107388    0.57440998    0.46472219    0.42580816    0.41516105    0.52539348    0.61428993    0.56678597    0.67060031    0.46979534    0.47081072
C4QXH7_KOMPG/63-105     0.73364983    0.54532958    0.30682938    0.00000000    0.46368026    0.50272628    0.49362937    0.58323477    0.57776271    0.53415593    0.75157588    0.57157440    0.83020929    1.03420765    1.24339639    0.94593429    0.72649532    0.77275430    0.86027948    0.74753462    0.81359425    0.63618175    0.87076504    0.82969874    1.00834806    0.84300147    0.79227809    0.88883280    0.87138562    1.05058755    0.90420013    0.81877652    0.84650512    1.22428967    1.48445127    1.19183776    1.14878974    0.65110112    0.59519097    0.79116075    0.78805854    0.71148899    0.71602441    0.60161451    0.62065469    0.78174857    0.74045778    1.60478059    0.93977815    1.43304279    1.54788934    0.92194518    1.17097772    1.24633845    1.11236743    1.09434886    0.88035406    1.78962188    0.91448569    0.53334916    0.61715339    0.57784775    0.66048478    0.59297451    0.60582718    0.64693268    0.59091171    0.52897402    0.67443966    0.65455990    0.54155730    0.69932463    0.57623677    0.50233881    0.38652127    0.53439346    0.51343925    0.62151517    0.59164167    0.62297100    0.62493170    0.56911775    0.45138860    0.66606136    0.64542082    0.76031499    0.78945897    0.59069699    0.68787414
A0A015ICB0_RHIIW/61-103     0.53128700    0.45259635    0.34026819    0.46368026    0.00000000    0.32447072    0.43513313    0.51254181    0.39177831    0.36945441    0.47368435    0.37015038    0.56544710    0.63047545    1.32945410    0.72395705    0.55584473    0.55593553    0.73408760    0.79766439    0.73936898    0.61724756    0.91905003    0.75039787    0.92148970    0.69170738    0.68592956    0.62220898    0.74316137    0.97038638    0.77041379    0.69137096    0.81731756    0.92574447    1.42750475    0.90074726    0.98369487    0.48803986    0.46928840    0.77971390    0.70394019    0.57549656    0.64385002    0.60957308    0.55296891    0.63445268    0.69971004    1.67724554    0.69971243    1.25461844    1.65841493    1.21484283    1.26338812    1.41876439    1.29466025    1.37857296    1.26491078    1.65894161    1.28567176    0.37968084    0.48892757    0.51451248    0.53854200    0.41665102    0.45035400    0.50530186    0.54792987    0.57459687    0.54913668    0.52238584    0.54817648    0.60208084    0.58467915    0.56802413    0.41263357    0.47369986    0.40010112    0.36941523    0.37682767    0.47280491    0.56430130    0.47129294    0.45094077    0.52951372    0.51838260    0.46289822    0.60600939    0.51437163    0.55036392
I1BRK0_RHIO9/63-104     0.57791326    0.50251616    0.39855714    0.50272628    0.32447072    0.00000000    0.41160682    0.41121050    0.37665105    0.36976127    0.45046470    0.42902730    0.68652026    0.79030512    1.52910908    0.88682524    0.63652262    0.65061032    0.80271450    0.84898264    0.76083839    0.52143361    0.80822599    0.80109439    0.85977337    0.60832884    0.62974752    0.71850484    0.89827142    1.15976450    0.91318345    0.77943229    0.84863457    1.20230321    1.51812234    1.01847816    1.03935719    0.43084292    0.50133672    0.81422120    0.78281670    0.60529162    0.55815170    0.57638737    0.46085663    0.57783044    0.63165265    1.51051227    0.64818987    1.22379798    1.56186405    1.29127502    1.35909025    1.55942208    1.17268749    1.14528677    1.12524810    1.54206041    1.05274143    0.57804707    0.71536443    0.69497216    0.75459095    0.68270581    0.68019381    0.69839777    0.60262909    0.66936487    0.70827484    0.83658025    0.77750814    0.66562401    0.75994693    0.62443028    0.59595741    0.56298373    0.40735144    0.46830160    0.56407403    0.56078286    0.56179052    0.49482812    0.46459962    0.47703769    0.46589741    0.50392017    0.54512165    0.51972966    0.53439743
T2AG_SCHPO/61-102     0.62521169    0.48860570    0.46986114    0.49362937    0.43513313    0.41160682    0.00000000    0.35937565    0.43098293    0.35163700    0.45925075    0.58224191    0.87435531    0.87068174    1.63244689    1.04095317    0.74144983    0.77284333    0.87558036    0.77347903    0.91798197    0.70053607    1.01849827    0.95765067    0.99396863    0.80174734    0.77776608    0.88235356    1.02030108    1.22494167    0.97535860    0.79533347    0.97597175    1.20981967    1.52173809    1.31000791    1.28734847    0.66653882    0.66624208    1.03147029    0.95035989    0.76409701    0.70693149    0.76716056    0.64785209    0.78924946    0.77776615    1.27923591    0.63062807    1.25325653    1.52671479    1.14945271    1.17580147    1.57176094    1.21903293    1.39531037    1.17576893    1.81983349    1.27754589    0.75706833    0.76854465    0.67798334    0.76089447    0.71634768    0.71393484    0.67244307    0.63680774    0.71725719    0.74227219    0.70214755    0.70563164    0.75176756    0.64206199    0.71857808    0.50197949    0.53414725    0.47310582    0.48024664    0.50704982    0.55243913    0.53454782    0.55168486    0.56488524    0.52689653    0.53342492    0.60137943    0.61835061    0.43798533    0.69403497
F4NXI7_BATDJ/61-102     0.82356124    0.76147511    0.54885697    0.58323477    0.51254181    0.41121050    0.35937565    0.00000000    0.51136251    0.24601941    0.41671164    0.52901163    0.78060103    0.78801820    1.53586433    0.89983088    0.61274386    0.57092341    1.01804289    0.87326251    0.93050519    0.73760165    0.91552169    1.03964391    1.02380033    0.88152695    0.67339463    0.69916841    0.98643299    1.16133071    0.98513176    0.84032441    1.06237231    1.28560406    1.48352046    1.09350269    1.07169622    0.55553415    0.53346321    0.80433240    0.95245115    0.77848905    0.70530459    0.71914670    0.63461842    0.76562120    0.68993280    1.82772378    0.56077743    0.95858619    1.45275045    1.23242533    1.23381964    1.68150890    1.44428226    1.33456678    1.31396197    1.93896394    1.18766259    0.76314708    0.85218353    0.83067210    0.85844676    0.88477523    0.86017329    0.81395359    0.74304863    0.86293415    0.86289608    0.89737984    0.90265813    0.87246720    0.92357290    0.86597239    0.76442546    0.74797162    0.69911272    0.62803962    0.66422627    0.83219107    0.60043551    0.64509515    0.69940535    0.63753055    0.74598222    0.69976873    0.74819084    0.57303882    0.77347153
R9A9X7_WALI9/64-106     0.67337921    0.66816033    0.61344536    0.57776271    0.39177831    0.37665105    0.43098293    0.51136251    0.00000000    0.29258077    0.45566004    0.42631502    0.74591003    0.89882097    1.50222125    0.88385187    0.54271253    0.63844288    0.98482279    0.96799057    0.90419262    0.72369902    1.02342961    1.00127372    0.99760759    0.85081438    0.87163336    0.90230722    0.97960012    1.04270625    1.08048032    0.93648685    1.06271654    1.31396731    1.73099661    1.34301309    1.18539697    0.67430005    0.71551920    0.94947162    0.96544943    0.74094472    0.79979953    0.70375681    0.72541650    0.82393170    0.85229419    1.53392504    0.94641397    1.50795660    1.65570585    1.20083056    1.13186712    1.62226848    1.00399759    1.04501558    1.22083663    1.70858084    1.10773520    0.72385941    0.80707526    0.81300188    0.77847764    0.74139246    0.78703718    0.76851957    0.72546409    0.72339029    0.73282112    0.84965144    0.86419989    0.77981803    0.71223706    0.65566838    0.63378148    0.67274753    0.68344529    0.63855707    0.57751333    0.64635735    0.77560781    0.80475571    0.77339570    0.69562480    0.76506437    0.72235627    0.75593222    0.65781345    0.66413719
S8DXW3_FOMPI/62-104     0.65502438    0.56775136    0.49711529    0.53415593    0.36945441    0.36976127    0.35163700    0.24601941    0.29258077    0.00000000    0.23117023    0.44630308    0.59347276    0.69563825    1.40204239    0.64379250    0.48357069    0.48567175    0.88160596    0.80172792    0.82014352    0.61511553    0.93246065    0.79433140    0.91979941    0.76709419    0.74553535    0.84581718    0.98616352    1.05527309    0.99996261    0.79942955    0.88475430    1.21766072    1.52198251    1.13866924    1.10803950    0.54327587    0.55010930    0.78117366    0.83705417    0.60511393    0.62268461    0.78739935    0.57222619    0.72942990    0.62098449    1.55422661    0.55040195    1.06842920    1.58181333    1.13517314    1.20401253    1.50937379    1.20689270    1.26275084    1.18194738    1.52969391    1.12144262    0.65047483    0.73421889    0.62389168    0.67063967    0.75882935    0.71587657    0.66183066    0.67038551    0.86254846    0.78613649    0.83108987    0.80458162    0.74662782    0.79981319    0.73656021    0.58568595    0.63569472    0.59351053    0.47533619    0.50018660    0.67627347    0.60847176    0.64012304    0.63851117    0.56327550    0.64868667    0.62119162    0.61120788    0.47554253    0.65507088
M5BXB5_THACB/62-104     0.63549577    0.50844739    0.57262261    0.75157588    0.47368435    0.45046470    0.45925075    0.41671164    0.45566004    0.23117023    0.00000000    0.57459269    0.55472726    0.52754547    1.59559290    0.68985965    0.53969669    0.61862128    0.99939334    0.86564535    0.90270016    0.65094296    0.89418554    0.87346808    0.94379476    0.87048159    0.77495853    0.91249709    1.14186826    1.17396923    1.05036125    0.89079996    1.02047134    1.39368783    1.61992782    1.25286676    1.21380561    0.61266118    0.66818964    0.87920506    0.90286977    0.72659122    0.74432298    0.77567867    0.63655961    0.76025906    0.61158257    1.63389384    0.74574257    1.17993099    1.60372382    1.27633872    1.42307402    1.64004319    1.40450891    1.51301810    1.31582281    1.48220438    1.17197830    0.79499147    0.85576061    0.72712415    0.74943465    0.84819515    0.80908457    0.70903427    0.77073548    0.91992286    0.86353293    0.88851143    0.89673948    0.82611556    0.82917682    0.85383151    0.66597706    0.66246961    0.57430858    0.45918387    0.60064702    0.69700509    0.65745426    0.71800865    0.68585525    0.60280579    0.63412620    0.56631518    0.64400874    0.61001736    0.71993261
A8PRQ9_MALGO/65-107     0.57152730    0.58300874    0.52723338    0.57157440    0.37015038    0.42902730    0.58224191    0.52901163    0.42631502    0.44630308    0.57459269    0.00000000    0.53422052    0.70293163    1.16710934    0.76120403    0.63721745    0.66780379    0.86630711    1.03730483    0.89169343    0.79640446    1.06261179    0.89400242    1.11738080    0.90959750    0.80295472    0.83917980    0.90846978    0.97940903    1.00633243    0.81014288    0.99624893    1.32135981    1.85868668    1.33748951    1.28576612    0.63270153    0.58569412    1.02827298    0.83723118    0.63341272    0.65517397    0.64427063    0.58109898    0.68276520    0.73835627    1.64300947    0.87549624    1.29903340    1.67382580    1.41766590    1.45627856    1.67102645    1.41407968    1.35700748    1.22989430    1.77164411    1.22426649    0.56213269    0.66901060    0.76218905    0.77352208    0.60750683    0.60647980    0.89033681    0.81793516    0.78348902    0.82767673    0.85955642    0.89967728    0.83681168    0.76098421    0.72023638    0.61165090    0.67572606    0.50132628    0.61886212    0.59993068    0.57566464    0.75244439    0.58999226    0.61938021    0.57639146    0.66919569    0.66226035    0.68276069    0.63700786    0.68626774
G7E874_MIXOS/541-584     0.73531006    0.69372716    0.76716666    0.83020929    0.56544710    0.68652026    0.87435531    0.78060103    0.74591003    0.59347276    0.55472726    0.53422052    0.00000000    0.34998612    1.53744296    0.77718035    0.64941007    0.80607102    0.85984666    0.78308270    0.84218380    0.74884728    0.92669306    0.75396123    0.95948623    0.84982808    0.88092366    0.96824333    0.97694137    1.05637188    0.93965347    0.92527531    0.99993941    1.03544011    1.46407999    1.02466590    1.20690711    0.73900083    0.76761345    1.25083583    0.68624016    0.60895941    0.71363589    0.90670733    0.74831549    0.77093438    1.17936193    1.50442801    0.82737149    1.24542591    1.75820940    1.43238994    1.87855984    1.67667346    1.87958562    1.75983102    1.36181752    1.44388905    1.44995189    0.89947189    0.90836357    0.90907520    1.04698156    0.85876747    0.87843548    1.02769136    0.93190009    0.91944467    1.01181007    1.06161723    1.00503802    1.04811857    0.83782833    0.83935952    0.83218463    0.68375551    0.57326543    0.64703538    0.82819470    0.71796556    0.77093974    0.95987291    0.79053588    0.78057958    0.80058919    0.77409754    0.79541198    0.99136366    0.84980468
E3KDD5_PUCGT/69-112     0.80097712    0.59814160    0.88042808    1.03420765    0.63047545    0.79030512    0.87068174    0.78801820    0.89882097    0.69563825    0.52754547    0.70293163    0.34998612    0.00000000    1.87660577    0.79705905    0.80310293    0.83301640    0.85015915    0.90807976    0.92942914    0.81083399    0.99043335    0.87505624    0.91246410    0.96128180    0.84353703    1.10792261    1.07115549    1.13118088    0.97765290    0.93599343    1.03861625    1.24004465    1.48805387    1.23829250    1.39790621    0.73153132    0.81968105    1.30919386    0.69674065    0.57181365    0.69524822    0.95072171    0.65167679    0.63962126    1.11660234    1.53759737    0.90270441    1.22053863    2.02854239    1.57304171    1.78852802    1.53721147    1.84841441    1.83234063    1.50656374    1.52949241    1.39595289    0.92622699    0.98870749    0.97053084    1.00214588    0.94183894    1.02492648    1.06891281    1.08223511    1.10788711    1.18524952    1.16303351    1.15433051    1.13617953    0.94475647    0.91049317    0.90512256    0.73583763    0.60670432    0.69186602    0.89194472    0.66361482    0.83390243    0.90494684    0.77280354    0.71331052    0.79809414    0.67617432    0.72975575    0.91550781    0.80270846
L8GBD0_PSED2/64-109     1.44474090    1.51446631    1.13514258    1.24339639    1.32945410    1.52910908    1.63244689    1.53586433    1.50222125    1.40204239    1.59559290    1.16710934    1.53744296    1.87660577    0.00000000    1.10330609    1.32582167    1.41600910    1.71238756    1.66172213    1.55114206    1.53176706    1.38938421    1.45104072    1.93754334    1.70419591    1.74056255    1.57218513    1.90909668    1.45987670    1.85450889    1.80349232    2.04776705    2.32285842    2.90254884    2.08651650    1.90123220    1.57995649    1.55261413    1.60357504    1.94682444    1.71646734    1.78406399    1.72528112    1.66415220    1.49389981    1.41758639    2.23218832    1.60335597    2.08361000    2.10249968    1.85024802    1.97133879    2.31388292    2.08477304    2.02164432    1.69038184    2.48254647    1.52448896    1.52647110    1.53383514    1.79720957    1.78352663    1.59940615    1.52784001    1.49731420    1.43603889    1.24500631    1.50203693    1.42879699    1.41556257    1.42308252    1.53403431    1.24992255    1.17774173    1.25178279    1.40759578    1.51684831    1.28661993    1.35173767    1.61606641    1.47594603    1.40234181    1.56761882    1.56751486    1.63084021    1.57688294    1.61140040    1.53222900
G4T672_SERID/61-103     0.90110826    0.96178681    0.75078546    0.94593429    0.72395705    0.88682524    1.04095317    0.89983088    0.88385187    0.64379250    0.68985965    0.76120403    0.77718035    0.79705905    1.10330609    0.00000000    0.76087992    0.73971222    1.05933158    1.14716995    1.07888915    1.01391422    1.05432633    0.88217388    1.14415788    1.06840631    1.00650001    1.29610787    1.25477536    1.06813578    1.18264987    1.11111203    1.14323980    1.15667159    1.98447527    1.22142754    1.28809596    0.83359719    0.84532384    1.08658999    1.02617543    0.89471613    0.82103882    1.07860628    0.87525325    0.98523704    0.86630833    1.85692298    0.91018066    1.25375853    1.82849665    1.45904996    1.70471272    1.94755263    1.50911660    1.42377793    1.56776283    1.97577515    1.39535135    0.79643828    0.89290193    0.81646024    0.95789379    0.93784141    0.96545097    0.94443296    0.92090787    1.04815413    0.96469999    0.97837459    0.98470521    1.03496915    1.08825721    1.01621094    0.79357590    0.91523971    0.95170943    0.80604616    0.94489942    0.96258571    1.04910506    1.00202644    1.11377220    0.82696644    0.86919177    0.76123827    0.71487919    0.79067191    0.95895450
D8QER9_SCHCM/68-110     0.69618797    0.73243029    0.64482058    0.72649532    0.55584473    0.63652262    0.74144983    0.61274386    0.54271253    0.48357069    0.53969669    0.63721745    0.64941007    0.80310293    1.32582167    0.76087992    0.00000000    0.41664233    1.07962845    1.21706698    0.88870771    0.80394151    0.89679960    1.07786759    1.05970328    1.00827626    0.91066351    1.01725120    1.28256103    1.02831757    1.00624885    0.91896440    1.07421765    1.39172645    1.83526435    1.29725032    1.27347579    0.89708180    0.86026490    0.89141851    0.99376303    0.89219985    1.04188283    0.95792363    0.76619032    0.97461689    0.80485470    1.71250265    0.76922436    1.15905883    1.70835524    1.20487888    1.50936042    1.41481050    1.27927789    1.27825700    1.34266463    1.83180780    1.13877888    0.59308758    0.82366478    0.75605898    0.79315248    0.74372395    0.64487361    0.70181696    0.72700450    0.90773413    0.74669476    0.81954172    0.85959737    0.70287012    0.74751420    0.72320788    0.70042265    0.56812031    0.74529489    0.63829303    0.70004441    0.64621767    0.63087407    0.82005381    0.76445577    0.77375920    0.94776178    0.82201646    0.88196627    0.86330448    0.78616223
D8PXM3_SCHCM/62-106     0.74282229    0.80769676    0.62642239    0.77275430    0.55593553    0.65061032    0.77284333    0.57092341    0.63844288    0.48567175    0.61862128    0.66780379    0.80607102    0.83301640    1.41600910    0.73971222    0.41664233    0.00000000    1.09274995    1.11234551    0.76300764    0.72423243    0.99019383    1.04937463    1.10811337    0.98573718    0.96067204    1.08019433    1.15339819    1.25333914    1.03722533    0.94914250    0.98802691    1.39915158    1.72119133    1.25688011    1.25173280    0.77200377    0.81538612    1.09470026    0.99332679    0.84561661    0.94029630    0.90084189    0.94765635    0.97213889    0.76115540    1.93744664    0.79892167    1.13033737    1.66795305    1.15017144    1.52891739    1.56149461    1.16878780    1.46205781    1.29143634    2.03103171    1.01057546    0.69198926    0.88721393    0.87071574    0.93515365    0.76237138    0.78120024    0.92305198    0.87412213    1.03176915    1.01291411    1.02090790    0.96967976    0.94740851    0.96010676    0.87056272    0.76666215    0.59029445    0.59586399    0.57584112    0.63686543    0.58548467    0.70456931    0.63447672    0.72417851    0.57641029    0.71719571    0.67244090    0.60458714    0.49496473    0.55180709
C1FDX3_MICCC/59-105     0.87144380    0.76486036    0.69263648    0.86027948    0.73408760    0.80271450    0.87558036    1.01804289    0.98482279    0.88160596    0.99939334    0.86630711    0.85984666    0.85015915    1.71238756    1.05933158    1.07962845    1.09274995    0.00000000    0.42884881    0.70142629    0.61691546    0.91662319    0.50090010    0.83709756    0.62953412    0.66399721    0.67680893    0.88854724    0.83236026    0.70324631    0.65185669    0.59632670    0.77792324    1.27834045    0.86848599    0.86861876    0.66364455    0.59811583    0.95709053    0.67632326    0.58353209    0.63184047    0.66070177    0.58521592    0.58800995    0.97840075    1.60939785    1.21709763    1.60558547    1.67223348    1.13972678    1.34111929    1.19820138    1.28958383    1.43662867    1.04118867    1.20196206    1.21862485    0.72487333    0.75242726    0.75200171    0.92269245    0.75820374    0.70012860    0.73761428    0.73694070    0.85813594    0.89497302    0.88456213    0.95606090    0.82909425    0.91992917    1.03337287    1.01756738    0.77618398    0.74717353    0.72004778    0.75108035    0.70886566    0.78173093    0.80652187    0.75183708    0.73510943    0.70437603    0.71711515    0.73374765    0.72600186    0.78670515
C1ML87_MICPC/59-105     0.90781355    0.75888121    0.68280291    0.74753462    0.79766439    0.84898264    0.77347903    0.87326251    0.96799057    0.80172792    0.86564535    1.03730483    0.78308270    0.90807976    1.66172213    1.14716995    1.21706698    1.11234551    0.42884881    0.00000000    0.58419550    0.55849192    0.86942331    0.44987120    0.63283362    0.55487811    0.65866970    0.70443567    0.92698999    0.88141112    0.60716023    0.65280711    0.62973785    0.74692170    1.06689226    0.89860453    0.80167272    0.65152812    0.56718736    1.07374338    0.75399432    0.67306957    0.60887559    0.69669448    0.59808921    0.66496065    1.03017812    1.94068745    1.18948207    1.67941234    1.70702413    1.06576535    1.51311122    1.25056817    1.52309832    1.54763633    1.13377205    1.19154363    1.42913205    0.94106655    0.89185205    0.85101811    0.89297733    0.95184427    0.87977199    0.91471894    0.77660569    0.81121212    0.93518244    0.93315070    0.90269014    0.96470127    0.93704307    0.93506800    0.92175881    0.76944293    0.75022715    0.69536625    0.69609532    0.85469004    0.78376774    0.88112733    0.78382761    0.80314823    0.73710085    0.76396468    0.89686903    0.74368532    0.85762331
A0A6G1BDC8_CROCR/59-100     0.77401980    0.81874273    0.64929938    0.81359425    0.73936898    0.76083839    0.91798197    0.93050519    0.90419262    0.82014352    0.90270016    0.89169343    0.84218380    0.92942914    1.55114206    1.07888915    0.88870771    0.76300764    0.70142629    0.58419550    0.00000000    0.18469036    0.55974313    0.39681381    0.30643328    0.23091027    0.32790798    0.53902209    0.59244361    0.59587492    0.40622990    0.32127022    0.36950080    0.71156908    0.79115566    0.83902063    0.77884966    0.46757875    0.42798703    0.97416794    0.81567404    0.69018787    0.63511883    0.58242943    0.64499175    0.73784629    0.99228514    1.76809556    1.18179903    1.50342478    1.71859864    1.12914433    1.48673579    1.58293957    1.08021477    1.23999143    1.18826821    1.10374283    1.21500032    0.74868105    0.80689065    0.82701400    0.84373332    0.83309397    0.78310067    0.80692928    0.89820747    0.87697523    0.95601397    0.92044005    0.81390606    0.83404008    1.01892902    0.92235681    0.89118348    0.78594196    0.80902593    0.68419410    0.80007626    0.75485519    0.77595070    0.71065653    0.70842335    0.74280566    0.77159837    0.62552318    0.71685994    0.69504005    0.80763642
T2AG_IXOSC/59-101     0.60933859    0.63810079    0.53282339    0.63618175    0.61724756    0.52143361    0.70053607    0.73760165    0.72369902    0.61511553    0.65094296    0.79640446    0.74884728    0.81083399    1.53176706    1.01391422    0.80394151    0.72423243    0.61691546    0.55849192    0.18469036    0.00000000    0.54291796    0.34295235    0.28731153    0.21412636    0.27409171    0.52293739    0.52412303    0.74455487    0.46437386    0.42661021    0.39817006    0.80047152    0.73766225    0.81806249    0.81823022    0.48097123    0.46118088    0.94548850    0.73076072    0.62784315    0.63611967    0.65813114    0.58324371    0.64834148    0.86222582    1.38186181    0.97193696    1.60883243    1.65651291    1.13652874    1.32846056    1.50422546    1.13602980    1.27681618    1.08613704    1.23009284    1.10074356    0.76596750    0.79408461    0.76596585    0.78813038    0.82021372    0.79770203    0.82278022    0.76012107    0.78870696    0.86120127    0.88529031    0.74415220    0.77527417    0.84246083    0.75999357    0.74613077    0.59095508    0.53607276    0.49864695    0.65342483    0.62446645    0.72456106    0.66289412    0.63257083    0.67042591    0.64091547    0.66065471    0.57988106    0.67608007    0.60176620
A0A1X7V012_AMPQE/59-102     0.93173822    0.91927854    0.78420841    0.87076504    0.91905003    0.80822599    1.01849827    0.91552169    1.02342961    0.93246065    0.89418554    1.06261179    0.92669306    0.99043335    1.38938421    1.05432633    0.89679960    0.99019383    0.91662319    0.86942331    0.55974313    0.54291796    0.00000000    0.51645536    0.60357678    0.62919057    0.54393388    0.73197020    0.91527187    0.79661516    0.51282198    0.71353014    0.76297012    0.87204309    1.10081576    0.65679112    0.77176553    0.63211939    0.63570219    0.97922598    0.80243897    0.75170011    0.69790011    0.76630424    0.64585455    0.69588406    0.90779470    1.74372837    1.10479549    1.56768484    1.50412064    1.05126030    1.32250229    1.34313089    1.38858667    1.37760182    1.18464991    1.51169898    1.19406853    0.80431194    0.85301424    0.79164715    0.89231093    0.95565972    0.96552226    0.93384115    0.90018395    0.95212347    1.03959108    1.13381583    0.96422769    0.97410002    1.11021235    0.98661530    0.90173743    0.87887588    0.81776596    0.78120556    1.00657484    0.89011862    0.79073607    0.91150733    0.84632417    0.71604551    0.88029623    0.73112903    0.78889185    0.82234070    0.73674412
C4WSL4_ACYPI/59-101     0.76407488    0.72292310    0.68872844    0.82969874    0.75039787    0.80109439    0.95765067    1.03964391    1.00127372    0.79433140    0.87346808    0.89400242    0.75396123    0.87505624    1.45104072    0.88217388    1.07786759    1.04937463    0.50090010    0.44987120    0.39681381    0.34295235    0.51645536    0.00000000    0.34136515    0.35859092    0.53880360    0.59796480    0.67674642    0.78414209    0.52416805    0.60936136    0.53444200    0.78039691    0.82235288    0.67673090    0.78870156    0.57601500    0.54350642    0.91152306    0.79862653    0.68868312    0.63465986    0.78262823    0.69941183    0.75227205    1.00562180    1.73768227    1.22529684    1.67017366    1.43571173    1.17824831    1.44662706    1.36519133    1.45502369    1.33305426    1.14139298    1.21814665    1.52878521    0.81171676    0.74672343    0.68713429    0.88685082    0.79161460    0.79560226    0.85329193    0.77071852    0.74320843    0.83171600    0.89547707    0.75465099    0.80682894    0.91264497    0.81654794    0.77317504    0.81248967    0.72331271    0.71781394    0.80927719    0.85911672    0.74912038    0.84890180    0.84328045    0.80139476    0.74818550    0.71432989    0.72934933    0.75656153    0.80986297
E9FYH2_DAPPU/59-101     0.86680734    0.79042748    0.88078161    1.00834806    0.92148970    0.85977337    0.99396863    1.02380033    0.99760759    0.91979941    0.94379476    1.11738080    0.95948623    0.91246410    1.93754334    1.14415788    1.05970328    1.10811337    0.83709756    0.63283362    0.30643328    0.28731153    0.60357678    0.34136515    0.00000000    0.25160111    0.41453639    0.74751511    0.71613452    0.81553304    0.54768412    0.53030468    0.51803828    0.88283480    0.65360510    0.95523093    0.83461517    0.60941726    0.57215627    0.97488853    0.94559181    0.80495680    0.68699962    0.79445266    0.75883691    0.79565814    1.10042258    1.77492315    1.23667566    1.63748517    1.52823493    1.30241206    1.45624490    1.44597216    1.31052859    1.21468743    1.29648028    1.26049511    1.55896301    1.05197279    1.05600018    0.97148087    1.14353524    1.09045116    1.09867891    1.13144256    1.16992919    1.14569472    1.25001888    1.26975110    1.13538553    1.16382656    1.14431900    1.10732082    1.10787635    0.92850549    0.88290175    0.70400726    0.89493887    0.80741816    0.89125822    0.95932432    0.91001693    0.82963355    0.89759237    0.75505171    0.80528354    0.87617244    0.80069532
K1QMQ4_CRAGI/59-100     0.84876176    0.80957754    0.68725643    0.84300147    0.69170738    0.60832884    0.80174734    0.88152695    0.85081438    0.76709419    0.87048159    0.90959750    0.84982808    0.96128180    1.70419591    1.06840631    1.00827626    0.98573718    0.62953412    0.55487811    0.23091027    0.21412636    0.62919057    0.35859092    0.25160111    0.00000000    0.23428455    0.64361350    0.68225017    0.62718959    0.52561294    0.36002565    0.41149167    0.69562846    0.71232344    0.74859446    0.68204196    0.51629503    0.51496850    0.99205999    0.86678948    0.75548254    0.59892888    0.75767572    0.64026453    0.69823968    0.97547315    1.80598753    1.14045089    1.61168273    1.63270379    1.32080231    1.29438983    1.61898856    1.19804214    1.28546088    1.21815433    1.16905384    1.34151406    0.84762806    0.85040611    0.85814408    0.92441887    0.87280448    0.88489713    0.86712754    0.85983940    0.94772920    0.95206806    1.03454213    0.93284497    0.86547079    1.00549272    0.90689949    0.94177007    0.85208330    0.78725494    0.74646013    0.87967723    0.84065491    0.87739911    0.71854610    0.84462727    0.78136622    0.72582969    0.72023852    0.67974308    0.76801483    0.82560023
A7RL28_NEMVE/59-100     0.81467218    0.75115951    0.59565894    0.79227809    0.68592956    0.62974752    0.77776608    0.67339463    0.87163336    0.74553535    0.77495853    0.80295472    0.88092366    0.84353703    1.74056255    1.00650001    0.91066351    0.96067204    0.66399721    0.65866970    0.32790798    0.27409171    0.54393388    0.53880360    0.41453639    0.23428455    0.00000000    0.47504204    0.68526615    0.63981607    0.48909799    0.34020609    0.39151193    0.75795121    0.86313150    0.80879185    0.74540927    0.44969507    0.43637371    0.77737228    0.80462758    0.69327388    0.50921447    0.65135656    0.43368025    0.56266216    0.88219885    1.64989934    0.95680919    1.60152612    1.91612921    1.41509926    1.50101206    1.72629067    1.35091251    1.48276012    1.36167663    1.40718155    1.31602146    0.72467644    0.80713914    0.76775292    0.83922618    0.82768161    0.80516087    0.73661125    0.86412512    1.01875590    0.99612241    0.97545424    0.96351401    0.84634989    1.01581627    0.92157745    0.69568315    0.71666769    0.77083558    0.70329759    0.86296026    0.83979175    0.80009002    0.72757134    0.76110796    0.73419395    0.80044135    0.67722821    0.63814401    0.70486546    0.73684668
B3RHZ4_TRIAD/59-103     0.88343102    0.88811041    0.76271472    0.88883280    0.62220898    0.71850484    0.88235356    0.69916841    0.90230722    0.84581718    0.91249709    0.83917980    0.96824333    1.10792261    1.57218513    1.29610787    1.01725120    1.08019433    0.67680893    0.70443567    0.53902209    0.52293739    0.73197020    0.59796480    0.74751511    0.64361350    0.47504204    0.00000000    0.47241751    0.80843777    0.60888812    0.57386435    0.68243409    0.87472383    1.05543911    0.78998616    0.71814301    0.58146226    0.51155197    0.82906311    0.90069027    0.74737703    0.71853289    0.77868986    0.65632258    0.71958984    1.14601145    1.94252235    1.14342092    1.85227420    1.92051604    1.15998116    1.38710880    1.54573110    1.70100606    1.67170596    1.43024469    1.63719846    1.58879547    0.82155766    0.85387161    0.90003464    0.95363081    0.83922190    0.88020281    0.86252691    0.85031458    0.86800442    0.95529583    0.90028720    0.97184492    0.83849203    0.91055246    0.92484400    0.94513508    0.94089687    0.84790876    0.80152719    0.79496596    0.96197841    0.96592000    0.97690486    0.77916122    0.86175642    0.93337445    0.87854944    1.07869747    0.93909447    0.81590300
B4I989_DROSE/59-101     0.78982393    0.81816868    0.84514510    0.87138562    0.74316137    0.89827142    1.02030108    0.98643299    0.97960012    0.98616352    1.14186826    0.90846978    0.97694137    1.07115549    1.90909668    1.25477536    1.28256103    1.15339819    0.88854724    0.92698999    0.59244361    0.52412303    0.91527187    0.67674642    0.71613452    0.68225017    0.68526615    0.47241751    0.00000000    0.83653182    0.56099492    0.65384460    0.75394392    0.96261455    1.06321493    1.02804009    1.11057676    0.69863147    0.59626462    1.05944988    0.91507916    0.68702167    0.74176567    0.74632183    0.68440618    0.86935095    1.21922310    1.71966807    1.47892878    2.16947842    2.43083875    1.51650583    1.71034271    1.77747761    1.84356383    1.84224759    1.55855923    1.43763814    1.78190151    0.99517660    1.11073981    1.13067887    1.13458310    1.05440956    1.09523846    1.08146674    1.02772632    0.88968905    1.05333265    1.09140677    0.91822830    1.04054847    0.95668376    0.96870432    0.93356012    0.97626005    0.80020021    0.86363938    0.85971296    0.97772521    1.11549579    0.96440145    0.79037710    0.90981087    0.89135423    0.98988541    1.03414085    0.95756977    0.92481560
A0A068YC71_ECHMU/62-103     0.87026995    0.98728281    0.79180101    1.05058755    0.97038638    1.15976450    1.22494167    1.16133071    1.04270625    1.05527309    1.17396923    0.97940903    1.05637188    1.13118088    1.45987670    1.06813578    1.02831757    1.25333914    0.83236026    0.88141112    0.59587492    0.74455487    0.79661516    0.78414209    0.81553304    0.62718959    0.63981607    0.80843777    0.83653182    0.00000000    0.54562850    0.52995581    0.69495430    0.70469376    1.13660758    0.89172490    0.90279962    0.91525139    0.80156409    1.13134435    1.10324537    0.97943237    0.92946846    1.06650072    0.86914391    0.88157451    1.16000183    2.32069044    1.14854308    1.83708903    2.00282669    1.73068704    1.79087200    1.93532573    1.55873886    1.66334587    1.75679711    1.50595459    1.46557672    0.86405657    0.85024242    0.88806336    0.89481894    0.84380650    0.88840187    1.03545935    1.09473932    1.11949444    1.14730063    1.17097426    1.12807331    1.06413450    1.18134158    1.10473041    1.00207222    0.81654228    1.08493537    1.02549688    1.02815472    1.20670809    1.13966514    0.98577932    1.00327849    0.95931798    1.01999196    0.96096509    1.05947939    1.02398078    0.99513055
A0A7M7G6R8_NASVI/59-103     0.83312936    0.86794302    0.82431514    0.90420013    0.77041379    0.91318345    0.97535860    0.98513176    1.08048032    0.99996261    1.05036125    1.00633243    0.93965347    0.97765290    1.85450889    1.18264987    1.00624885    1.03722533    0.70324631    0.60716023    0.40622990    0.46437386    0.51282198    0.52416805    0.54768412    0.52561294    0.48909799    0.60888812    0.56099492    0.54562850    0.00000000    0.37750920    0.58688426    0.66885989    0.90282080    0.94982014    0.77889759    0.76360632    0.57337571    1.22957956    0.82841100    0.75228253    0.73002248    0.71921270    0.69726707    0.72818456    1.09744441    1.68695385    1.10683903    1.67475435    1.89826730    1.40446277    1.83683146    1.59703871    1.65048167    1.63913283    1.33777795    1.22090808    1.61460353    0.87263364    0.93813649    0.92523890    0.95803391    0.98744184    0.89823314    1.05769572    1.05169334    1.01640658    1.07944396    1.20085898    1.06274063    1.05268629    1.10093947    1.11943701    0.97525401    0.83801633    0.79637582    0.80798859    0.90413605    0.85604898    0.84830751    0.97978628    0.74205445    0.89532212    0.83821796    0.85074513    0.92141291    0.93925286    0.74326004
