35
PFDA_HALSA/21-137     0.00000000    1.67739912    1.80547189    1.66366057    1.84561852    1.59431841    1.47591416    2.40762959    2.12603934    2.19618569    1.87625880    2.08033707    3.38834107    2.54616473    2.38955324    2.65054778    3.09396857    2.66781506    2.73415694    2.42911744    2.78840982    1.96077192    2.26179459    2.80964559    2.31482179    2.43732489    2.17762630    2.16363160    1.90701419    2.22343960    2.30935299    2.71101220    3.23720125    3.30053208    2.06401503
PFDA_AQUAE/26-145     1.67739912    0.00000000    0.80384364    1.90020188    1.62535820    1.41169584    1.82687807    3.46840768    3.13830068    3.41990294    3.28716253    2.14578837    3.03745973    3.34565969    3.46174214    3.26537411    2.98403665    2.58307120    3.38218807    1.92266399    2.60931998    2.69837305    3.39009127    3.26396685    2.94037742    2.65581424    2.85477028    3.03037664    3.34635234    2.50848489    2.53587259    3.54054429    3.76469317    3.75345672    2.70927320
PFDA2_METJA/15-134     1.80547189    0.80384364    0.00000000    1.82355911    2.11965403    1.53762121    1.95466493    3.57972427    3.30110585    3.41624453    3.03829699    2.75576149    2.96137959    3.16250767    3.13323228    3.20687444    3.28863588    2.70489441    3.46810474    2.28773781    3.52697516    2.47345394    3.50120961    3.18378608    2.23837796    2.58200867    2.77694504    3.02414868    3.14257980    2.98358382    2.88304641    3.28739829    4.17945738    4.04994451    2.78422022
PFDA_METAC/18-140     1.66366057    1.90020188    1.82355911    0.00000000    1.35615612    1.35841583    1.84663572    2.66968807    2.23463592    2.61138823    2.37591724    2.68421057    2.70110921    2.55094242    2.32953500    2.70337413    2.50312373    2.70678881    3.13825518    2.02618365    2.55291598    1.74979458    2.63694221    2.18863218    3.14449494    2.35924297    2.34649871    2.55317990    2.30186820    2.69134817    2.66844568    2.99260347    3.22265291    2.95341602    2.37149331
PFDA_METTH/17-135     1.84561852    1.62535820    2.11965403    1.35615612    0.00000000    1.14412623    1.31174096    2.94845396    3.13837683    3.25193054    2.97562952    2.31879705    3.18161906    2.76861731    2.84995055    2.65090835    2.93751086    3.05280958    3.13768550    1.65329430    2.26112662    1.98699076    2.58009472    2.56302687    3.01318073    2.73094445    2.49904796    2.57442843    2.45116505    2.00606645    2.15277876    3.28600882    3.85193923    3.89661255    2.79013320
PFDA_METKA/24-143     1.59431841    1.41169584    1.53762121    1.35841583    1.14412623    0.00000000    1.26545428    2.67870675    2.71790859    3.30895219    2.90597160    2.28819333    2.99097662    2.82318034    2.84336457    3.01346725    2.86278807    2.89118983    2.85838869    1.48283840    2.37286623    1.73079928    2.51523291    2.87387115    2.80208000    2.62348533    2.32781729    3.05413527    2.74241249    2.50040670    2.69966214    2.92428808    2.98586278    3.64720888    2.62713683
PFDA_PYRFU/17-137     1.47591416    1.82687807    1.95466493    1.84663572    1.31174096    1.26545428    0.00000000    2.72655754    2.82481126    2.31620071    2.84388715    2.05953332    3.33631362    3.19426712    3.27265438    3.70635087    3.26617507    2.81939105    3.21682186    1.55526428    2.11718322    1.78722300    2.57139388    2.71378126    3.08656644    2.11767931    1.79161901    2.09513404    2.58107343    2.13590234    2.24577067    2.21117340    3.07500148    2.82178791    2.39888224
PFDA_AERPE/18-137     2.40762959    3.46840768    3.57972427    2.66968807    2.94845396    2.67870675    2.72655754    0.00000000    1.77889515    1.68788301    1.91250188    2.73503844    3.40725622    3.85191363    3.47703022    3.63012985    3.74781966    3.81700513    4.32872557    3.08930624    3.64017752    3.25739808    3.44585085    2.87322466    3.23863041    2.93440068    3.70788404    3.16214279    2.87879588    3.40152853    3.62413190    3.60831609    4.33834608    4.46638886    2.89754301
PFDA_SACS2/20-139     2.12603934    3.13830068    3.30110585    2.23463592    3.13837683    2.71790859    2.82481126    1.77889515    0.00000000    0.94882989    0.84898437    2.33035258    3.54682415    3.14243090    2.38366237    3.55894699    3.25356239    3.50737089    4.04514645    3.06699660    3.38670571    2.57454103    2.97109097    3.34415107    3.35987023    3.05606829    2.90320562    2.68593870    2.60874081    3.36860448    3.44273436    3.35842396    3.57108841    5.97479029    3.49471097
PFDA_SULAC/24-143     2.19618569    3.41990294    3.41624453    2.61138823    3.25193054    3.30895219    2.31620071    1.68788301    0.94882989    0.00000000    0.78191046    2.49076354    3.47792138    3.88702832    3.06327715    4.20478351    4.64755862    3.37560633    4.19040446    3.89650600    3.95052175    2.92766685    3.15237235    3.51182464    3.25439453    3.05586749    2.94701325    2.78378217    2.57775413    3.23424541    3.38639551    3.35675196    3.81256682    4.61404948    3.32546421
PFDA_SULTO/24-142     1.87625880    3.28716253    3.03829699    2.37591724    2.97562952    2.90597160    2.84388715    1.91250188    0.84898437    0.78191046    0.00000000    2.53859963    4.04103729    3.44353076    3.37000746    3.88699542    3.73787623    3.55105506    4.00826730    3.77576750    4.00538233    3.12128501    3.50331445    3.33193118    3.49554967    2.81479746    3.15961237    3.06797751    2.43488991    3.21786293    3.11908628    3.26075339    4.06807063    5.40944974    3.55886948
PFDA_PYRAE/16-132     2.08033707    2.14578837    2.75576149    2.68421057    2.31879705    2.28819333    2.05953332    2.73503844    2.33035258    2.49076354    2.53859963    0.00000000    2.37462435    2.85973609    2.83770833    3.24639499    3.49102406    3.15172392    2.74410861    2.36747584    2.34722421    2.49528213    3.15123500    3.02357030    3.01526300    2.80847240    2.25601233    2.96247523    2.68828053    3.13256278    3.07981117    3.23530286    2.88097727    4.18416805    2.99598271
Q8T965_DROME/58-178     3.38834107    3.03745973    2.96137959    2.70110921    3.18161906    2.99097662    3.33631362    3.40725622    3.54682415    3.47792138    4.04103729    2.37462435    0.00000000    1.73978439    2.07535665    2.21629664    2.13447998    2.42112351    1.48808932    2.50522404    3.36116870    2.20516578    3.28550634    2.98332415    3.53415755    3.94303987    3.62905787    3.70331813    4.09516871    3.63874607    4.00157002    4.47529858    2.59549091    5.09001000    3.05858464
PFD3_MOUSE/59-181     2.54616473    3.34565969    3.16250767    2.55094242    2.76861731    2.82318034    3.19426712    3.85191363    3.14243090    3.88702832    3.44353076    2.85973609    1.73978439    0.00000000    0.93882262    0.90048776    1.02067040    0.87469447    0.62998815    3.23268687    2.83578003    2.71571082    2.65948051    2.89453467    2.82062789    3.54146013    3.60547835    3.59558765    3.02640078    3.50848598    3.55838405    3.96106021    3.29284783    4.43688907    3.57361507
PFD3_CAEEL/47-169     2.38955324    3.46174214    3.13323228    2.32953500    2.84995055    2.84336457    3.27265438    3.47703022    2.38366237    3.06327715    3.37000746    2.83770833    2.07535665    0.93882262    0.00000000    1.13905843    1.29296037    1.26213534    1.11169360    2.95171754    3.10657181    2.82873024    2.45459558    2.93581391    2.65689225    3.28141589    3.75392771    3.62760562    2.85666053    3.37476499    3.49019575    3.86281443    3.34402732    4.96699716    3.26815415
PFD3_ARATH/53-175     2.65054778    3.26537411    3.20687444    2.70337413    2.65090835    3.01346725    3.70635087    3.63012985    3.55894699    4.20478351    3.88699542    3.24639499    2.21629664    0.90048776    1.13905843    0.00000000    1.16346834    0.99220586    1.02872685    3.21094593    2.68969956    2.61924578    2.85101856    3.36202983    3.11635473    3.86589230    3.83025711    4.13008771    3.61010517    3.86093381    3.71667054    4.51365091    3.35687628    5.27914712    3.44106403
PFD3_YEAST/48-179     3.09396857    2.98403665    3.28863588    2.50312373    2.93751086    2.86278807    3.26617507    3.74781966    3.25356239    4.64755862    3.73787623    3.49102406    2.13447998    1.02067040    1.29296037    1.16346834    0.00000000    0.87493456    1.06184451    2.66159086    3.17813315    3.17466375    3.28927598    3.06090631    3.96053476    4.47303245    3.99552608    4.86903821    4.12396191    4.06491198    4.08313526    4.19936553    3.79107451    4.81422332    3.39230673
PFD3_SCHPO/39-159     2.66781506    2.58307120    2.70489441    2.70678881    3.05280958    2.89118983    2.81939105    3.81700513    3.50737089    3.37560633    3.55105506    3.15172392    2.42112351    0.87469447    1.26213534    0.99220586    0.87493456    0.00000000    0.97011865    3.20517560    3.14470471    2.64832169    3.00261425    3.33967179    2.88572213    3.85063741    3.98895057    4.26373419    3.75745107    4.22880857    4.18875152    3.50085018    4.15197477    4.56840518    3.63594573
B4HIA0_DROSE/58-177     2.73415694    3.38218807    3.46810474    3.13825518    3.13768550    2.85838869    3.21682186    4.32872557    4.04514645    4.19040446    4.00826730    2.74410861    1.48808932    0.62998815    1.11169360    1.02872685    1.06184451    0.97011865    0.00000000    3.29638284    3.42322592    3.25231841    2.99878593    2.99722448    3.30068320    3.66929462    4.21274970    3.99881749    3.80082076    3.91362852    3.87362047    4.39612409    3.50574000    4.52678969    3.63710703
PFDA1_METJA/18-133     2.42911744    1.92266399    2.28773781    2.02618365    1.65329430    1.48283840    1.55526428    3.08930624    3.06699660    3.89650600    3.77576750    2.36747584    2.50522404    3.23268687    2.95171754    3.21094593    2.66159086    3.20517560    3.29638284    0.00000000    2.05343034    1.97807953    3.03349815    2.90556363    3.22415794    2.39032932    2.12076186    2.49834478    2.28764056    2.23996419    2.49519908    3.39353648    3.44838701    3.24928953    2.82490546
PFDA_THEAC/12-130     2.78840982    2.60931998    3.52697516    2.55291598    2.26112662    2.37286623    2.11718322    3.64017752    3.38670571    3.95052175    4.00538233    2.34722421    3.36116870    2.83578003    3.10657181    2.68969956    3.17813315    3.14470471    3.42322592    2.05343034    0.00000000    2.28355611    3.56360828    3.10730359    3.34784119    2.34335707    2.72408644    2.31176757    2.91849158    2.81508092    2.67035714    3.34530184    3.95817989    3.17321204    2.95469630
PFDA_ARCFU/17-136     1.96077192    2.69837305    2.47345394    1.74979458    1.98699076    1.73079928    1.78722300    3.25739808    2.57454103    2.92766685    3.12128501    2.49528213    2.20516578    2.71571082    2.82873024    2.61924578    3.17466375    2.64832169    3.25231841    1.97807953    2.28355611    0.00000000    2.50382640    2.50732063    2.23256305    2.27342499    2.35506396    2.24221479    2.51687985    2.43649806    2.75091037    3.02555013    3.46545701    2.96095229    3.12653362
Q8VZL7_ARATH/20-140     2.26179459    3.39009127    3.50120961    2.63694221    2.58009472    2.51523291    2.57139388    3.44585085    2.97109097    3.15237235    3.50331445    3.15123500    3.28550634    2.65948051    2.45459558    2.85101856    3.28927598    3.00261425    2.99878593    3.03349815    3.56360828    2.50382640    0.00000000    2.53866289    1.97189666    2.39849811    2.29093340    2.43622044    2.67946337    2.70409651    2.94613908    2.76305766    3.72416845    3.39837323    2.99943290
Q20070_CAEEL/23-143     2.80964559    3.26396685    3.18378608    2.18863218    2.56302687    2.87387115    2.71378126    2.87322466    3.34415107    3.51182464    3.33193118    3.02357030    2.98332415    2.89453467    2.93581391    3.36202983    3.06090631    3.33967179    2.99722448    2.90556363    3.10730359    2.50732063    2.53866289    0.00000000    2.20166073    3.36766234    3.65240177    2.95031305    3.39364702    3.00025033    3.32032703    2.69644620    3.45521957    3.08297556    2.49646199
Q9VJP9_DROME/35-155     2.31482179    2.94037742    2.23837796    3.14449494    3.01318073    2.80208000    3.08656644    3.23863041    3.35987023    3.25439453    3.49554967    3.01526300    3.53415755    2.82062789    2.65689225    3.11635473    3.96053476    2.88572213    3.30068320    3.22415794    3.34784119    2.23256305    1.97189666    2.20166073    0.00000000    2.64455216    2.87728144    2.57175172    2.93455662    2.52490761    2.32504487    3.49382283    3.95492153    3.71676520    2.84020661
PFD5_SCHPO/25-146     2.43732489    2.65581424    2.58200867    2.35924297    2.73094445    2.62348533    2.11767931    2.93440068    3.05606829    3.05586749    2.81479746    2.80847240    3.94303987    3.54146013    3.28141589    3.86589230    4.47303245    3.85063741    3.66929462    2.39032932    2.34335707    2.27342499    2.39849811    3.36766234    2.64455216    0.00000000    1.20203478    1.50986578    1.76412412    1.59657145    1.50910602    2.37973672    3.47492023    3.13155935    2.58200418
PFD5_YEAST/23-143     2.17762630    2.85477028    2.77694504    2.34649871    2.49904796    2.32781729    1.79161901    3.70788404    2.90320562    2.94701325    3.15961237    2.25601233    3.62905787    3.60547835    3.75392771    3.83025711    3.99552608    3.98895057    4.21274970    2.12076186    2.72408644    2.35506396    2.29093340    3.65240177    2.87728144    1.20203478    0.00000000    1.47899181    1.60222669    1.81626315    1.73642707    2.58461032    3.07646611    3.68647534    2.58722590
PFD5_DROME/31-150     2.16363160    3.03037664    3.02414868    2.55317990    2.57442843    3.05413527    2.09513404    3.16214279    2.68593870    2.78378217    3.06797751    2.96247523    3.70331813    3.59558765    3.62760562    4.13008771    4.86903821    4.26373419    3.99881749    2.49834478    2.31176757    2.24221479    2.43622044    2.95031305    2.57175172    1.50986578    1.47899181    0.00000000    1.50435691    1.58346502    1.48770890    2.77626961    4.16152749    3.24820389    2.90692626
PFD5_CAEEL/25-144     1.90701419    3.34635234    3.14257980    2.30186820    2.45116505    2.74241249    2.58107343    2.87879588    2.60874081    2.57775413    2.43488991    2.68828053    4.09516871    3.02640078    2.85666053    3.61010517    4.12396191    3.75745107    3.80082076    2.28764056    2.91849158    2.51687985    2.67946337    3.39364702    2.93455662    1.76412412    1.60222669    1.50435691    0.00000000    1.60634387    1.61977043    3.12120653    3.25481593    3.70512064    2.67236193
Q7XD74_ORYSJ/24-143     2.22343960    2.50848489    2.98358382    2.69134817    2.00606645    2.50040670    2.13590234    3.40152853    3.36860448    3.23424541    3.21786293    3.13256278    3.63874607    3.50848598    3.37476499    3.86093381    4.06491198    4.22880857    3.91362852    2.23996419    2.81508092    2.43649806    2.70409651    3.00025033    2.52490761    1.59657145    1.81626315    1.58346502    1.60634387    0.00000000    0.29493789    2.67460211    3.68712398    3.73572653    3.11006092
PFD5_ARATH/25-144     2.30935299    2.53587259    2.88304641    2.66844568    2.15277876    2.69966214    2.24577067    3.62413190    3.44273436    3.38639551    3.11908628    3.07981117    4.00157002    3.55838405    3.49019575    3.71667054    4.08313526    4.18875152    3.87362047    2.49519908    2.67035714    2.75091037    2.94613908    3.32032703    2.32504487    1.50910602    1.73642707    1.48770890    1.61977043    0.29493789    0.00000000    2.76648881    3.68132024    3.65882331    3.05598370
BUD27_YEAST/8-126     2.71101220    3.54054429    3.28739829    2.99260347    3.28600882    2.92428808    2.21117340    3.60831609    3.35842396    3.35675196    3.26075339    3.23530286    4.47529858    3.96106021    3.86281443    4.51365091    4.19936553    3.50085018    4.39612409    3.39353648    3.34530184    3.02555013    2.76305766    2.69644620    3.49382283    2.37973672    2.58461032    2.77626961    3.12120653    2.67460211    2.76648881    0.00000000    3.62831829    3.42912969    2.75568553
Q966M4_CAEEL/9-128     3.23720125    3.76469317    4.17945738    3.22265291    3.85193923    2.98586278    3.07500148    4.33834608    3.57108841    3.81256682    4.06807063    2.88097727    2.59549091    3.29284783    3.34402732    3.35687628    3.79107451    4.15197477    3.50574000    3.44838701    3.95817989    3.46545701    3.72416845    3.45521957    3.95492153    3.47492023    3.07646611    4.16152749    3.25481593    3.68712398    3.68132024    3.62831829    0.00000000    2.90044594    2.55643381
URI_DROME/8-126     3.30053208    3.75345672    4.04994451    2.95341602    3.89661255    3.64720888    2.82178791    4.46638886    5.97479029    4.61404948    5.40944974    4.18416805    5.09001000    4.43688907    4.96699716    5.27914712    4.81422332    4.56840518    4.52678969    3.24928953    3.17321204    2.96095229    3.39837323    3.08297556    3.71676520    3.13155935    3.68647534    3.24820389    3.70512064    3.73572653    3.65882331    3.42912969    2.90044594    0.00000000    1.93405141
Q8GWP1_ARATH/27-142     2.06401503    2.70927320    2.78422022    2.37149331    2.79013320    2.62713683    2.39888224    2.89754301    3.49471097    3.32546421    3.55886948    2.99598271    3.05858464    3.57361507    3.26815415    3.44106403    3.39230673    3.63594573    3.63710703    2.82490546    2.95469630    3.12653362    2.99943290    2.49646199    2.84020661    2.58200418    2.58722590    2.90692626    2.67236193    3.11006092    3.05598370    2.75568553    2.55643381    1.93405141    0.00000000

