17
UXAC_OCEIH/1-464     0.00000000    0.49336208    0.55082196    0.55191553    0.51024212    0.78602533    1.27289343    0.88504267    0.93601848    0.81613995    1.06396984    0.82999913    1.05398360    0.80173895    0.84250604    0.91456906    1.25645197
UXAC_BACSU/1-464     0.49336208    0.00000000    0.38925090    0.49205590    0.41543779    0.76659637    1.30205890    0.86430044    0.94434738    0.84960861    1.03225298    0.81582682    1.08436349    0.80147581    0.86538407    0.81129493    1.25137920
U5L9I7_9BACI/1-464     0.55082196    0.38925090    0.00000000    0.53203310    0.47577061    0.80259325    1.32340115    0.89468751    0.88362904    0.85546039    1.05531881    0.83402166    1.04464113    0.76743394    0.88919709    0.87543642    1.17284041
UXAC_BACP2/1-463     0.55191553    0.49205590    0.53203310    0.00000000    0.38860665    0.78372626    1.32260333    0.91845715    0.98898802    0.80027525    1.01518885    0.86179467    0.97957964    0.76467134    0.82950671    0.83505778    1.23714986
UXAC_BACLD/1-463     0.51024212    0.41543779    0.47577061    0.38860665    0.00000000    0.73733421    1.32039154    0.89136654    0.97538421    0.78455986    1.01951527    0.83856871    0.93254728    0.73502837    0.76163093    0.77620090    1.19286530
UXAC_BACHD/1-464     0.78602533    0.76659637    0.80259325    0.78372626    0.73733421    0.00000000    1.36487779    0.95810264    0.96695804    0.84157948    0.97385684    0.85354926    1.04853097    0.78372288    0.92075255    0.91295685    1.23667700
A8F6R3_PSELT/1-451     1.27289343    1.30205890    1.32340115    1.32260333    1.32039154    1.36487779    0.00000000    1.28580840    1.34600984    1.31853513    1.52589029    1.38039842    1.48343871    1.38027444    1.38443252    1.30738945    1.58674475
Q03U02_LACBA/1-468     0.88504267    0.86430044    0.89468751    0.91845715    0.89136654    0.95810264    1.28580840    0.00000000    0.52233228    0.94646067    1.18429171    0.98660399    1.20167558    0.93730853    1.08464152    1.09844618    1.40905740
UXAC_LACLA/1-462     0.93601848    0.94434738    0.88362904    0.98898802    0.97538421    0.96695804    1.34600984    0.52233228    0.00000000    0.96765288    1.06776736    1.00651520    1.20756307    0.91481493    1.05569170    1.10565802    1.30465785
R5UBJ1_9FIRM/1-464     0.81613995    0.84960861    0.85546039    0.80027525    0.78455986    0.84157948    1.31853513    0.94646067    0.96765288    0.00000000    1.00451255    0.89678919    1.06120554    0.82325454    0.93156170    0.95510321    1.38369315
UXAC_STRA5/1-464     1.06396984    1.03225298    1.05531881    1.01518885    1.01951527    0.97385684    1.52589029    1.18429171    1.06776736    1.00451255    0.00000000    1.04935477    1.20486760    0.99137576    1.15816410    1.22063089    1.46486274
B8I2N4_RUMCH/3-466     0.82999913    0.81582682    0.83402166    0.86179467    0.83856871    0.85354926    1.38039842    0.98660399    1.00651520    0.89678919    1.04935477    0.00000000    1.07735369    0.86301297    0.98348998    0.94374983    1.33700410
Q1GMX1_RUEST/1-462     1.05398360    1.08436349    1.04464113    0.97957964    0.93254728    1.04853097    1.48343871    1.20167558    1.20756307    1.06120554    1.20486760    1.07735369    0.00000000    0.91165913    1.02674163    1.03721021    1.38900269
UXAC_PHOLL/1-467     0.80173895    0.80147581    0.76743394    0.76467134    0.73502837    0.78372288    1.38027444    0.93730853    0.91481493    0.82325454    0.99137576    0.86301297    0.91165913    0.00000000    0.81128335    0.85335954    1.29369782
A4ARE9_MARSH/1-464     0.84250604    0.86538407    0.88919709    0.82950671    0.76163093    0.92075255    1.38443252    1.08464152    1.05569170    0.93156170    1.15816410    0.98348998    1.02674163    0.81128335    0.00000000    0.90895047    1.20029880
UXAC_SOLUE/1-463     0.91456906    0.81129493    0.87543642    0.83505778    0.77620090    0.91295685    1.30738945    1.09844618    1.10565802    0.95510321    1.22063089    0.94374983    1.03721021    0.85335954    0.90895047    0.00000000    1.07556810
Q39YI0_GEOMG/1-464     1.25645197    1.25137920    1.17284041    1.23714986    1.19286530    1.23667700    1.58674475    1.40905740    1.30465785    1.38369315    1.46486274    1.33700410    1.38900269    1.29369782    1.20029880    1.07556810    0.00000000

