68
AMPA_GEOSL/19-145     0.00000000    2.10820008    2.07252099    2.39651490    3.56346560    2.82125223    1.87628077    2.30982359    2.32010511    2.62991286    2.19100093    2.38103179    2.40424313    1.89324286    1.95784914    1.91930428    1.79649153    1.84746294    1.99535543    2.47775639    2.46597413    2.98673803    2.23523214    2.58705524    1.99268087    2.46398199    2.49161309    2.35784697    2.29329575    2.29188456    2.15129696    2.54438738    2.60380860    2.41966554    2.99993150    1.83716300    1.74450773    2.44605888    2.57864661    2.59889827    2.01626186    2.45611446    2.26340502    2.28698898    2.35271879    2.19133693    2.19491240    2.40775231    2.45048516    3.01445238    3.16001518    1.84615257    1.99782575    1.99551112    2.28680645    1.77297307    1.86418425    2.03387011    2.42342657    2.63630102    2.78861536    3.29552284    2.11779868    2.38941456    2.25873868    2.47172464    2.12797095    2.80332742
Q9K7G0_BACHD/18-147     2.10820008    0.00000000    1.69575818    1.66996144    3.35647935    2.97122018    1.72770360    2.80738600    2.58318753    2.75978757    2.29613211    2.21522075    2.32848935    2.25418317    2.53351776    2.38487505    2.39604267    2.18777436    2.58720558    3.05270277    2.62508113    3.09345782    3.86940228    3.09929606    3.04487608    3.36053895    3.15498228    3.24772313    3.37150962    2.21295639    2.78529444    2.46333012    2.39875532    2.40881224    3.02562164    2.30446134    2.25671929    2.76710138    2.71366111    3.06930133    2.64429873    2.80439090    2.30270421    2.89096106    2.68190276    2.81915623    2.61159661    2.89775368    2.85410435    3.04982393    2.96282309    2.44170361    2.64059367    2.29420998    2.67446663    2.63038480    2.53164446    2.45773700    2.30346485    3.03176249    2.86924496    3.50178459    2.61305828    2.78260574    2.75054423    3.20000896    3.07942843    3.15547013
AMPA_BACAN/15-143     2.07252099    1.69575818    0.00000000    1.25776649    2.53429598    2.36010386    1.09021351    1.97835650    2.25933407    2.58208504    1.95816085    2.28015838    2.26364893    1.76026922    2.41547652    2.37907942    2.62553103    2.36363041    2.38079792    3.62786886    2.47360541    3.13153100    2.76481344    2.71770023    2.74889728    3.96466108    3.96274424    3.07034856    3.68240186    2.02998305    2.65599355    2.04380145    2.69801927    2.83216715    2.87904152    2.30095036    2.11316262    2.33927445    2.71541719    2.59393664    2.42743605    2.13413265    2.25243860    2.06406631    2.22236733    2.09048877    2.64012854    2.72447226    2.61761394    3.02904895    3.19480991    2.26577057    2.10070346    2.20047097    2.31266329    2.29121880    2.29183828    2.36764519    2.68050161    2.63464137    3.23738378    3.59022042    2.35554280    2.06478374    2.34931530    2.12288864    2.27597965    2.74067610
AMPA_BACSU/15-143     2.39651490    1.66996144    1.25776649    0.00000000    2.36495250    2.61518519    1.02646370    2.33432002    2.38807208    2.55825166    2.21746957    2.40313616    2.17192847    1.99814134    2.37784993    2.32833892    2.18178749    2.17405148    2.37524211    2.78142057    2.93277194    3.17110097    2.97300442    2.84541093    2.43541471    3.94352324    3.46235817    2.83679110    3.31532801    2.34315485    2.34236023    2.49002779    3.04127839    2.71650549    2.62879385    2.30069028    2.26406069    2.82020292    2.56642366    2.88273384    3.14622574    3.29690758    2.84047994    2.18784670    2.34902949    2.30149691    2.29750562    2.68535231    2.57778847    2.85322867    2.81870921    2.53770979    2.48104857    2.56773091    2.39935251    2.31503317    2.08240923    2.19442992    2.28828735    2.75148357    2.73978405    3.27646958    2.55811615    2.30451768    2.81964811    2.72109560    2.63095584    2.44696385
Q2FZV6_STAA8/24-145     3.56346560    3.35647935    2.53429598    2.36495250    0.00000000    0.81846472    2.62625016    3.98160321    4.74284480    3.84350776    4.23113372    4.05592928    4.15034071    3.56480520    4.10620685    3.78036977    3.88435171    3.92577843    3.93475242    3.72253352    3.82170370    4.32545139    3.10194138    3.67261280    3.22670442    3.43744610    3.46068842    3.13905489    3.67970621    2.86652192    3.68751841    2.76555765    3.31194549    3.55679465    3.68220185    4.42115294    4.34060184    3.46325032    3.99680436    3.67771118    4.12298960    4.25306266    3.73132070    3.05950386    4.49448443    3.52605933    4.22139068    4.37450003    4.07994473    5.67841485    5.00672730    3.45615803    3.67025378    3.61650889    3.85756193    3.74685625    3.41147593    3.32421414    4.16136786    3.96404588    4.37664163    4.25477006    3.74113050    3.28389554    4.66771032    3.29887321    3.59377888    4.73395944
Q5HQM0_STAEQ/18-145     2.82125223    2.97122018    2.36010386    2.61518519    0.81846472    0.00000000    2.03962492    3.91583476    3.96651580    3.22446638    4.60984782    3.87210649    4.17554876    3.24366514    3.67939983    3.58595759    3.71130729    3.61369668    3.95577064    4.47665032    3.64803513    3.66473877    3.22935623    3.52933692    3.83231870    3.74283250    4.15447710    3.48620916    4.22533566    3.16007127    3.79817466    2.85482937    3.01069279    4.05418037    3.58616593    3.85665539    3.85737734    4.25599697    3.88402097    3.71021746    4.81569315    4.34848030    3.71452710    2.92900440    4.56389588    4.00669549    3.73393674    3.59396753    3.46688359    4.53467581    3.70381100    3.24196178    3.48315134    3.12794049    3.02126166    3.12648855    3.22131971    3.16848636    3.43515055    4.16801122    4.05910814    4.23171617    3.49602722    3.35089474    4.66502247    3.29887847    3.17524513    5.14439584
Q5KVQ4_GEOKA/24-153     1.87628077    1.72770360    1.09021351    1.02646370    2.62625016    2.03962492    0.00000000    2.04794713    2.67996297    2.42530402    2.00441260    2.38792268    1.94170788    2.15400461    2.49766247    2.29523940    2.28718350    2.29672763    2.49226772    2.99171991    3.00568053    3.08242730    2.62365592    2.91495542    2.75395414    3.19615334    3.29196941    2.18328493    3.05340851    2.48245129    2.20271023    2.10647058    2.49750316    2.58748125    2.67104994    2.33638827    2.15338946    2.95785859    3.29148844    3.31880435    2.47055417    2.58145989    2.25089795    2.27853827    2.65487503    2.30857772    2.35870016    2.67229848    2.49744613    2.78902233    2.81154384    2.03703641    2.36898368    2.02702832    2.41216476    2.06754729    2.26280142    2.36701004    2.36281968    2.82641975    2.97869924    3.50791663    2.35097498    2.48034525    2.89566124    2.30387167    2.12904107    2.86113387
AMPA_GLOVI/19-146     2.30982359    2.80738600    1.97835650    2.33432002    3.98160321    3.91583476    2.04794713    0.00000000    2.00963952    1.69927364    1.34455263    1.30223798    1.86820499    1.37783713    1.84783449    2.08096561    1.76211889    1.87139279    1.87176708    3.09434421    2.56501841    2.63950981    3.56123311    2.68086969    2.81862125    2.80142184    2.79093709    2.78586077    2.72381982    2.38052424    2.48579998    2.25084455    2.51531050    2.10170198    3.11923350    2.86656272    2.41417178    2.50080453    2.50562511    2.46060949    2.35541505    2.68600962    3.02494116    2.26759065    2.40544738    2.64010248    2.68319772    2.86554272    2.60469046    2.62936809    2.81234554    2.61025522    2.63811533    2.41777673    2.63118784    2.80586567    2.31195198    2.70823507    3.42471482    3.19137675    3.40757628    3.18501754    2.34284756    2.66210210    2.29465198    2.48104593    2.44627548    2.83126008
AMPA_PROMA/19-142     2.32010511    2.58318753    2.25933407    2.38807208    4.74284480    3.96651580    2.67996297    2.00963952    0.00000000    0.92239208    1.52656527    1.73074972    1.73778508    1.58894402    1.81301688    1.98350914    2.37674744    2.04302696    2.27674688    3.27297672    3.00294024    2.70814262    3.29232899    2.86481064    3.13092895    3.30713277    3.49137198    3.64543275    3.36469587    2.64584313    2.83531002    2.85822119    3.24884940    2.38249157    3.02663240    2.50999362    2.51320770    2.73123069    3.09954785    2.94632172    2.52675224    2.96539604    3.20719901    2.63831597    2.87311060    2.72868322    3.41823436    3.40417047    3.08015333    3.20887127    3.19049467    2.82406654    2.75801919    2.90924741    3.13861277    3.56248638    3.11152238    3.36820203    3.31643829    3.83140703    4.55586188    4.46884476    2.84515509    3.03517626    2.96385429    3.70016227    3.52834143    2.92630273
AMPA_PROMM/19-141     2.62991286    2.75978757    2.58208504    2.55825166    3.84350776    3.22446638    2.42530402    1.69927364    0.92239208    0.00000000    1.61257857    1.71542319    1.35314845    1.41449301    1.91164105    1.99517959    2.20498393    2.15483589    2.41295998    3.49597853    2.55860928    2.36292388    3.15770753    3.03018232    2.89643846    2.61087237    2.94417804    3.21868997    3.11557806    2.66457071    2.99104932    2.55610435    2.62529469    2.33071020    3.29351855    2.42976111    2.22932244    2.52123050    2.99299637    3.07299898    2.51529788    2.90525094    2.65140317    2.67188727    2.90866946    2.66862955    2.97561229    3.16260282    2.91286028    2.94902815    2.90030679    2.70314425    2.91332966    2.68360940    2.77270961    2.91301939    2.78027976    2.99161842    3.48889331    3.60102451    3.64310558    3.92918059    2.68423624    3.01690192    2.72097070    3.11147766    3.00594053    2.67663832
AMPA_NOSS1/19-145     2.19100093    2.29613211    1.95816085    2.21746957    4.23113372    4.60984782    2.00441260    1.34455263    1.52656527    1.61257857    0.00000000    0.86185580    1.01921213    0.98842850    1.45356819    1.57761641    1.67296946    1.66311293    1.57217392    2.58772117    2.59608470    2.46360711    2.72439696    2.64288590    2.27093001    2.83975511    2.97250176    2.69587519    2.43251935    2.48939833    2.38521270    1.88092828    2.31244694    2.07933862    2.52643364    2.18983314    2.10503586    2.57398083    2.73677910    2.49993543    1.97408903    2.61406111    2.76289096    2.62320853    2.71330708    2.76015099    2.55779359    2.88083272    2.72339609    3.07655340    2.84505652    2.36621136    2.25871447    2.29894383    2.99002099    2.28734329    2.48386445    2.95870959    2.65492350    2.60341545    3.05758146    3.67774509    2.51460734    2.17475851    2.31874176    2.82987877    2.57222780    2.69290805
AMPA_SYNY3/19-145     2.38103179    2.21522075    2.28015838    2.40313616    4.05592928    3.87210649    2.38792268    1.30223798    1.73074972    1.71542319    0.86185580    0.00000000    1.03163087    1.03944812    1.58845108    1.65383802    1.76323347    1.71111042    1.64350141    2.64834979    2.80187925    2.49503854    2.44684084    2.64215229    2.76782584    3.23220838    3.02551176    3.24896110    2.71605283    2.37651029    2.55495693    2.53533089    2.51662308    1.99073180    2.73039668    2.48393262    2.27155695    3.00058412    3.29154737    2.94439604    2.60230657    3.10885223    2.93673678    3.22997394    2.67864392    2.97898537    2.68930287    2.97834300    2.87414037    3.70374086    3.49085852    2.76807361    2.65349053    2.72930850    3.24624470    2.62052882    2.45712909    3.02781830    3.25039100    3.14844588    3.33526205    3.72553828    2.71839315    2.62155692    2.56103365    3.48526987    3.10050179    2.91386228
AMPA_THEEB/21-147     2.40424313    2.32848935    2.26364893    2.17192847    4.15034071    4.17554876    1.94170788    1.86820499    1.73778508    1.35314845    1.01921213    1.03163087    0.00000000    1.10707744    1.35297051    1.46485804    1.69511003    1.65494446    1.51967155    2.95537429    2.43321772    2.78045925    2.44506545    2.75645593    2.44489282    2.61244526    2.63222264    2.83321183    2.58402480    2.34349206    2.25651962    2.30587276    2.54734007    2.03629219    2.85982760    2.31069216    2.11481280    2.56897968    3.00966744    3.00272913    2.45329922    2.65225883    2.68249566    2.75300444    2.93586669    2.70249449    2.88048170    2.76482116    2.84863470    3.42226255    3.13329184    2.32094830    2.41046865    2.33352304    2.78341322    2.53188842    2.54992274    2.75586318    2.49522947    2.63385832    3.36688756    4.34303109    2.50183693    2.46334460    2.55480116    3.11607996    2.88358844    2.60848646
AMPA_SYNE7/26-142     1.89324286    2.25418317    1.76026922    1.99814134    3.56480520    3.24366514    2.15400461    1.37783713    1.58894402    1.41449301    0.98842850    1.03944812    1.10707744    0.00000000    1.32685785    1.32019531    1.45399785    1.37364883    1.44062399    2.31408349    2.13182174    1.94499322    2.34257394    2.43646528    2.29515330    2.47733925    2.54750157    2.67369143    2.48327231    2.07243747    2.26910391    2.05412913    2.35467083    1.99388983    2.76950073    2.25623739    2.01116392    2.62646378    2.75115103    2.74354362    2.76301042    2.72682351    2.83904575    2.63293292    2.08013410    2.36848684    2.25493748    2.36119305    2.18810221    2.53600029    2.39682061    2.49362597    2.54609701    2.27636739    2.81743215    2.10609082    2.33758941    2.74977849    2.79091576    3.06529882    3.52134631    3.11470034    2.40892488    2.94897245    2.30256483    2.60448280    2.58507680    2.67302906
AMPL_SOLTU/90-222     1.95784914    2.53351776    2.41547652    2.37784993    4.10620685    3.67939983    2.49766247    1.84783449    1.81301688    1.91164105    1.45356819    1.58845108    1.35297051    1.32685785    0.00000000    0.26530401    0.56352029    0.54277030    0.66412040    2.29057056    2.25839447    2.12156369    2.68493580    2.14319586    1.96151975    2.00028063    2.07757008    2.43735221    2.34399863    2.55397360    2.41245773    2.28757980    2.97059008    2.51822301    2.68231048    2.15430456    2.00386880    3.13330495    2.69389845    2.44161574    2.90828323    2.99585098    2.76910885    2.68192808    2.80358705    2.85727535    2.82298423    2.88575780    2.77905457    3.19266416    2.84503411    2.26339931    2.31588159    2.34788030    2.95990547    2.64009766    2.54789081    2.98641526    3.01925326    3.13624164    3.28931051    3.68600271    2.69043169    2.77188883    1.98484562    2.81384316    2.56290709    2.81027211
Q8GZD8_SOLLC/91-226     1.91930428    2.38487505    2.37907942    2.32833892    3.78036977    3.58595759    2.29523940    2.08096561    1.98350914    1.99517959    1.57761641    1.65383802    1.46485804    1.32019531    0.26530401    0.00000000    0.45478509    0.46890893    0.59006075    2.19469190    2.28977156    2.03924560    2.42717466    2.37053773    2.41248762    2.22152268    2.65593474    2.57404309    2.56968220    2.49081896    2.37612656    2.54298304    3.14943709    2.28229872    2.96007278    2.11036827    2.10188265    2.99049275    2.79323095    2.40552698    3.15859800    3.03701105    2.94262909    2.79044116    2.32357302    2.83087912    2.49125720    2.59638506    2.59171049    2.91462008    2.75998548    2.33631198    2.45287759    2.36644774    3.10924915    2.63612658    2.65373990    3.03248464    3.06986248    3.56651977    3.26113419    3.58720359    2.57080247    2.67835690    2.11837954    2.86010567    2.71502555    2.59773165
AMPL1_ARATH/36-169     1.79649153    2.39604267    2.62553103    2.18178749    3.88435171    3.71130729    2.28718350    1.76211889    2.37674744    2.20498393    1.67296946    1.76323347    1.69511003    1.45399785    0.56352029    0.45478509    0.00000000    0.32339713    0.54022640    2.29177939    2.80233439    2.34596582    2.62721253    2.56104481    2.68243595    2.47636083    2.69531778    2.84248463    2.65608034    2.71019637    2.43551766    2.85856726    3.09316608    2.33576703    2.65041982    2.31609055    2.14993424    3.70652125    3.47143373    2.94766884    3.48377264    3.22247324    3.15598071    3.10540317    3.07374782    3.37816844    2.91291399    3.05215923    3.04213370    3.34342783    2.99614830    2.43488391    2.39282385    2.29174871    3.11411172    2.74243184    2.70987435    3.05724845    3.25827945    3.42874171    3.25196783    3.77012314    2.77136112    2.94093087    2.46054379    3.37722749    2.81767740    2.73475430
AMPL2_ARATH/97-232     1.84746294    2.18777436    2.36363041    2.17405148    3.92577843    3.61369668    2.29672763    1.87139279    2.04302696    2.15483589    1.66311293    1.71111042    1.65494446    1.37364883    0.54277030    0.46890893    0.32339713    0.00000000    0.46849763    2.26895023    2.45195506    2.47489950    2.44907092    2.13733785    2.37367071    2.38213702    2.38085615    2.53410538    2.71795685    2.51765667    2.37382960    3.14390043    3.55424256    2.44583776    2.86740864    2.31628241    2.20023636    3.53417454    3.29921722    2.86946131    3.26279683    2.93001241    3.14335203    2.93326570    2.76693193    3.07654397    2.72048806    2.94711349    2.90874476    3.21914253    2.92846293    2.21628025    2.22292917    2.22382021    2.81221538    2.62411154    2.51963427    2.67535229    2.97438299    3.25864461    3.23796563    3.72161515    2.42933568    2.61229692    2.03355456    3.15614092    2.48845485    2.71835106
AMPL2_ORYSJ/112-248     1.99535543    2.58720558    2.38079792    2.37524211    3.93475242    3.95577064    2.49226772    1.87176708    2.27674688    2.41295998    1.57217392    1.64350141    1.51967155    1.44062399    0.66412040    0.59006075    0.54022640    0.46849763    0.00000000    2.65757539    2.38783819    2.43908112    2.77776021    2.49453436    2.44401194    2.61649261    2.46556192    2.86872699    2.84046581    2.57839355    2.31994283    2.70224331    3.29780836    2.55916132    2.83096790    2.67251524    2.49767446    3.53786355    3.47305991    2.93034033    3.11440338    3.54832682    3.45313028    2.77084143    2.81505602    3.26061997    2.61152649    2.79389728    2.69829219    3.32242454    2.98893033    2.20973015    2.47881692    2.17370520    3.30871737    2.79858017    2.74549082    2.97007191    3.31342492    3.68745242    3.69828881    4.13909135    2.64841511    3.15251291    2.25322545    3.53940753    2.88771225    2.80747128
AMPA_RHOBA/32-165     2.47775639    3.05270277    3.62786886    2.78142057    3.72253352    4.47665032    2.99171991    3.09434421    3.27297672    3.49597853    2.58772117    2.64834979    2.95537429    2.31408349    2.29057056    2.19469190    2.29177939    2.26895023    2.65757539    0.00000000    3.47238835    3.25565865    2.76713363    2.83467424    2.81159014    2.91604741    2.76755072    3.30365126    3.14754812    2.86009865    2.50367589    3.43822871    3.96561582    3.14271929    2.88132196    2.58225604    2.26106957    3.19203269    3.42711224    3.24100413    2.82434733    3.18237413    3.29568881    3.82057513    2.65590324    3.29724111    3.17318417    3.53094458    3.46332494    3.63026901    3.48228260    3.29413170    3.13338698    2.86286623    4.17949408    3.17807502    3.29907731    3.33631260    3.64547011    4.23987980    4.80053957    4.88701905    3.39781824    3.16100590    3.46506254    3.42955998    2.44438284    3.74082124
AMPA_DESVH/19-149     2.46597413    2.62508113    2.47360541    2.93277194    3.82170370    3.64803513    3.00568053    2.56501841    3.00294024    2.55860928    2.59608470    2.80187925    2.43321772    2.13182174    2.25839447    2.28977156    2.80233439    2.45195506    2.38783819    3.47238835    0.00000000    2.05433477    2.91586904    2.57584677    2.09853014    2.77630713    2.56832284    2.92265014    3.84183019    1.99052146    2.45640165    2.65735624    2.90359943    2.78393885    3.02499314    2.41079538    2.36780954    2.31524295    2.39428145    2.42735284    3.09441499    2.74987314    2.83195734    3.01678860    2.61383511    2.85271775    2.77188587    2.76187854    2.75303246    2.96131280    2.78599541    2.92748593    3.44173911    2.96110697    3.14135410    3.41259472    3.04970132    2.68828446    3.31998276    2.91077165    3.38311604    4.41995354    2.61751490    2.74835643    2.64162670    2.86872165    2.49612505    3.64567597
AMPA_CHLTE/18-146     2.98673803    3.09345782    3.13153100    3.17110097    4.32545139    3.66473877    3.08242730    2.63950981    2.70814262    2.36292388    2.46360711    2.49503854    2.78045925    1.94499322    2.12156369    2.03924560    2.34596582    2.47489950    2.43908112    3.25565865    2.05433477    0.00000000    3.08293405    2.84049770    2.60996531    2.51651891    2.53305235    2.95491810    2.72980732    2.47661832    2.36001781    2.42389776    2.40682429    2.23685869    2.90728038    2.23917797    2.30682177    2.57584591    2.83905934    2.90791435    2.89620594    2.88253534    2.55237843    3.04975268    3.00982974    3.13299106    3.26048290    3.16638162    3.20946362    3.66661455    2.88031014    2.54928737    2.51131313    2.38030280    2.97595513    3.19974296    3.14800261    2.88648858    3.06488968    3.88378650    3.96165064    4.49317330    2.54785911    3.17657756    2.57920834    2.84928644    2.73956577    3.13657737
AMPA_RICPR/18-147     2.23523214    3.86940228    2.76481344    2.97300442    3.10194138    3.22935623    2.62365592    3.56123311    3.29232899    3.15770753    2.72439696    2.44684084    2.44506545    2.34257394    2.68493580    2.42717466    2.62721253    2.44907092    2.77776021    2.76713363    2.91586904    3.08293405    0.00000000    2.35822168    2.57715821    2.49449261    2.35440079    3.37050124    3.35006836    2.14862161    2.40069683    2.43714492    2.79716628    3.11831889    2.94079536    2.34112541    2.67156246    3.12460433    3.62225233    3.54391879    2.99084475    3.17192813    2.73446752    3.06820767    2.93419484    3.05888056    3.29258498    3.49653683    3.58453561    4.08101874    4.83348744    3.04280264    3.04920274    3.03677218    3.75349289    3.02760934    3.40029084    3.16134104    3.70996188    4.01383394    3.82380333    4.33792746    3.44073086    3.36862949    3.40520657    3.90594702    3.35156821    4.04944615
AMPA1_SHEON/30-153     2.58705524    3.09929606    2.71770023    2.84541093    3.67261280    3.52933692    2.91495542    2.68086969    2.86481064    3.03018232    2.64288590    2.64215229    2.75645593    2.43646528    2.14319586    2.37053773    2.56104481    2.13733785    2.49453436    2.83467424    2.57584677    2.84049770    2.35822168    0.00000000    2.10599005    2.08631646    2.10577629    2.32547986    2.04513235    2.56240355    2.40885699    2.70645998    3.09492431    2.54299344    2.70264058    2.76922430    2.71161299    2.65602168    2.68857425    2.58120588    2.84718238    3.30134060    3.06368899    2.88769310    3.00405868    3.47595180    3.23398774    3.43914172    2.99143207    3.75129948    3.98456175    2.67875680    2.68141599    2.82062120    3.36781018    2.82401620    2.93037825    3.25551119    3.05635513    3.46106453    3.81206836    3.77185069    3.22628160    3.05775123    2.88487182    2.87544998    2.71055806    4.26765305
AMPA_CAUVC/19-140     1.99268087    3.04487608    2.74889728    2.43541471    3.22670442    3.83231870    2.75395414    2.81862125    3.13092895    2.89643846    2.27093001    2.76782584    2.44489282    2.29515330    1.96151975    2.41248762    2.68243595    2.37367071    2.44401194    2.81159014    2.09853014    2.60996531    2.57715821    2.10599005    0.00000000    1.77458789    1.62051357    1.78220261    1.61846234    2.20689896    2.62932241    2.62565035    2.72144817    2.87838973    2.66792728    1.72510035    1.67998412    2.59301536    2.52550384    2.43750786    2.59505771    2.63868048    2.33249799    2.23901261    1.95612826    2.46510487    2.53086502    2.49906470    2.39001292    2.85221373    2.73257895    2.01471211    2.13040295    1.91597998    2.49016618    2.54066330    2.21931209    2.37838054    2.67845140    3.08314371    3.12470336    4.03734020    2.44274021    2.00330229    1.78170405    2.09572296    1.79445720    3.34383552
AMPA_BRADU/21-146     2.46398199    3.36053895    3.96466108    3.94352324    3.43744610    3.74283250    3.19615334    2.80142184    3.30713277    2.61087237    2.83975511    3.23220838    2.61244526    2.47733925    2.00028063    2.22152268    2.47636083    2.38213702    2.61649261    2.91604741    2.77630713    2.51651891    2.49449261    2.08631646    1.77458789    0.00000000    0.48818195    1.26486333    1.45314372    2.09254121    2.17690631    2.73118596    2.76940536    2.77922114    2.97007940    2.23269038    2.22461895    2.13156885    2.14641757    2.39816966    2.83557178    3.16603609    2.82022454    3.20166160    2.95676601    2.96670437    3.02395573    3.26865499    3.12896308    4.03102315    3.43445956    2.55268740    2.42214981    2.29291600    2.93839556    2.97718945    2.64151311    2.87829131    3.57004976    3.30471242    4.01560585    4.84329724    2.74718785    2.86617973    2.65224577    2.99864191    2.83854387    3.38844622
AMPA_RHOPA/21-146     2.49161309    3.15498228    3.96274424    3.46235817    3.46068842    4.15447710    3.29196941    2.79093709    3.49137198    2.94417804    2.97250176    3.02551176    2.63222264    2.54750157    2.07757008    2.65593474    2.69531778    2.38085615    2.46556192    2.76755072    2.56832284    2.53305235    2.35440079    2.10577629    1.62051357    0.48818195    0.00000000    1.47178365    1.39640141    2.07770440    2.16084218    2.92059097    3.02761995    2.80526953    3.16714089    2.31903561    2.16997840    2.34084773    1.96143377    2.38032608    2.82315882    2.57600156    2.62595593    3.00587929    2.84203788    2.85301817    3.13339659    3.52959455    3.37164575    4.59688489    3.90816480    2.22874372    2.02387439    1.95178288    3.07589165    2.70448281    2.43989262    2.81684862    3.55221715    3.62006093    4.72889207    4.68623243    2.87523889    2.81199495    2.37829522    3.21203887    2.89482499    3.33652790
AMPA_AGRFC/21-144     2.35784697    3.24772313    3.07034856    2.83679110    3.13905489    3.48620916    2.18328493    2.78586077    3.64543275    3.21868997    2.69587519    3.24896110    2.83321183    2.67369143    2.43735221    2.57404309    2.84248463    2.53410538    2.86872699    3.30365126    2.92265014    2.95491810    3.37050124    2.32547986    1.78220261    1.26486333    1.47178365    0.00000000    0.98738987    2.18805919    2.24916598    2.51341798    2.53385305    3.11046334    2.32214948    2.33776811    2.09718512    2.27486740    2.26559355    2.42977904    2.89346465    3.20441795    3.38190786    2.72630942    3.48708585    3.55147475    3.57258550    4.23506814    4.07408289    4.35150541    3.57566488    2.09100572    2.52693129    2.52847679    3.49051451    2.89453364    3.19991311    3.14891115    3.46981396    3.45395624    4.01874906    4.22119017    2.60151730    2.84941102    2.50278445    2.79740483    2.62258506    3.35044688
AMPA_RHIME/21-143     2.29329575    3.37150962    3.68240186    3.31532801    3.67970621    4.22533566    3.05340851    2.72381982    3.36469587    3.11557806    2.43251935    2.71605283    2.58402480    2.48327231    2.34399863    2.56968220    2.65608034    2.71795685    2.84046581    3.14754812    3.84183019    2.72980732    3.35006836    2.04513235    1.61846234    1.45314372    1.39640141    0.98738987    0.00000000    2.74791818    2.64053259    2.70251955    2.64997106    2.75425425    2.32350069    2.03065759    2.01367693    2.67892884    2.56256860    2.85326804    2.65213439    2.82532605    3.08227662    3.20822390    3.08314512    2.68938423    2.97996266    3.36885772    2.98552644    4.03738056    4.07007727    2.23055042    2.19599599    2.04596666    3.03256454    2.63052601    2.64905308    3.25323231    3.22065215    3.39664369    3.88830006    4.42460691    2.76012223    2.42930406    2.22726818    2.31359561    2.33352746    3.23750053
AMPA_AQUAE/22-144     2.29188456    2.21295639    2.02998305    2.34315485    2.86652192    3.16007127    2.48245129    2.38052424    2.64584313    2.66457071    2.48939833    2.37651029    2.34349206    2.07243747    2.55397360    2.49081896    2.71019637    2.51765667    2.57839355    2.86009865    1.99052146    2.47661832    2.14862161    2.56240355    2.20689896    2.09254121    2.07770440    2.18805919    2.74791818    0.00000000    1.96975137    1.95181175    1.86692092    2.07473389    2.70327420    2.11773722    2.14443108    1.86485140    1.98858220    2.02229700    2.05991030    2.52913289    2.48316774    2.50497575    1.95041046    2.39248571    2.62373563    2.87408010    2.96815934    2.74212141    2.53600114    2.58384440    2.47189043    2.48224807    2.67237901    2.91224676    2.33531042    2.49879016    2.75600760    3.31138801    3.10539412    3.16587308    2.40721354    2.87376603    2.54229005    2.84307230    2.58848900    2.99420688
AMPA_DESPS/21-150     2.15129696    2.78529444    2.65599355    2.34236023    3.68751841    3.79817466    2.20271023    2.48579998    2.83531002    2.99104932    2.38521270    2.55495693    2.25651962    2.26910391    2.41245773    2.37612656    2.43551766    2.37382960    2.31994283    2.50367589    2.45640165    2.36001781    2.40069683    2.40885699    2.62932241    2.17690631    2.16084218    2.24916598    2.64053259    1.96975137    0.00000000    2.00247283    2.01651862    2.16927674    2.07868036    2.66394432    2.44378288    2.58631342    2.54062864    2.68232531    2.41310738    3.27402367    3.30938548    2.61397049    2.79946744    2.76465503    3.30668227    2.87439098    2.74964980    3.40059722    3.10523331    2.08075934    2.21503829    2.29255447    2.89177643    2.24996177    2.51399013    2.57983901    3.16172263    3.09660938    3.75504918    3.77103259    2.50510604    3.03700295    3.41036361    3.27445796    2.51607873    3.59887275
AMPA_CLOPE/18-139     2.54438738    2.46333012    2.04380145    2.49002779    2.76555765    2.85482937    2.10647058    2.25084455    2.85822119    2.55610435    1.88092828    2.53533089    2.30587276    2.05412913    2.28757980    2.54298304    2.85856726    3.14390043    2.70224331    3.43822871    2.65735624    2.42389776    2.43714492    2.70645998    2.62565035    2.73118596    2.92059097    2.51341798    2.70251955    1.95181175    2.00247283    0.00000000    1.71471636    2.43241342    2.11790384    2.49157652    2.30099888    2.29729778    2.47494242    2.30352030    2.22577719    2.26644755    2.10668381    2.02780079    3.08480861    2.60678338    2.63510461    2.91198531    2.88209391    2.74807001    2.74967995    2.16561493    2.42957907    2.28766551    2.46249329    2.59167301    2.23869539    2.89263315    2.66035596    2.82961466    2.94328258    2.76260432    3.02913240    3.05353121    3.34264714    3.24072106    2.92900920    2.90949215
AMPA_CLOTE/13-129     2.60380860    2.39875532    2.69801927    3.04127839    3.31194549    3.01069279    2.49750316    2.51531050    3.24884940    2.62529469    2.31244694    2.51662308    2.54734007    2.35467083    2.97059008    3.14943709    3.09316608    3.55424256    3.29780836    3.96561582    2.90359943    2.40682429    2.79716628    3.09492431    2.72144817    2.76940536    3.02761995    2.53385305    2.64997106    1.86692092    2.01651862    1.71471636    0.00000000    1.89408385    1.91248871    2.52893246    2.61731725    2.75993021    2.68327632    2.97540543    2.65436957    3.12151247    3.60967837    2.51888432    3.54104202    3.18938736    3.22261788    3.48104807    3.17179615    4.00792656    3.73376424    2.64234184    2.81706362    3.12560235    3.44426034    3.08623654    2.66177808    3.11303835    2.88512571    2.83288823    3.42196633    3.71213126    2.55960661    3.50824445    3.80078509    3.69189508    3.32562444    3.59198997
AMPA_PARUW/19-143     2.41966554    2.40881224    2.83216715    2.71650549    3.55679465    4.05418037    2.58748125    2.10170198    2.38249157    2.33071020    2.07933862    1.99073180    2.03629219    1.99388983    2.51822301    2.28229872    2.33576703    2.44583776    2.55916132    3.14271929    2.78393885    2.23685869    3.11831889    2.54299344    2.87838973    2.77922114    2.80526953    3.11046334    2.75425425    2.07473389    2.16927674    2.43241342    1.89408385    0.00000000    1.74480129    2.32837052    2.09065306    2.77221325    2.69856646    2.55877787    2.43731443    2.90408453    2.81460461    2.30310036    2.76816038    3.18458862    3.29664491    3.44665701    3.27474516    3.40518346    2.94446763    2.34553726    2.15871280    2.41671839    2.98667475    2.59654457    2.65046953    2.50483318    2.59990200    3.10569821    2.87141666    3.24172262    2.47392603    2.51345017    2.85594104    3.04804822    3.03701881    3.45122639
AMPA_CHLTR/20-144     2.99993150    3.02562164    2.87904152    2.62879385    3.68220185    3.58616593    2.67104994    3.11923350    3.02663240    3.29351855    2.52643364    2.73039668    2.85982760    2.76950073    2.68231048    2.96007278    2.65041982    2.86740864    2.83096790    2.88132196    3.02499314    2.90728038    2.94079536    2.70264058    2.66792728    2.97007940    3.16714089    2.32214948    2.32350069    2.70327420    2.07868036    2.11790384    1.91248871    1.74480129    0.00000000    2.76500825    2.69908965    3.27983747    3.53576108    3.39986976    2.99735281    3.23592425    3.43845832    2.71236817    2.97805217    3.29000014    3.40830195    3.70931926    3.43700889    3.15750180    3.39530548    3.17501854    2.87779463    3.22870306    3.80683904    3.37428232    3.54381916    2.85159232    3.04386657    3.18139492    3.70634072    3.45120867    2.89807465    2.86678042    2.80525360    3.09331582    2.60778416    3.76542579
AMPA_STRAW/20-154     1.83716300    2.30446134    2.30095036    2.30069028    4.42115294    3.85665539    2.33638827    2.86656272    2.50999362    2.42976111    2.18983314    2.48393262    2.31069216    2.25623739    2.15430456    2.11036827    2.31609055    2.31628241    2.67251524    2.58225604    2.41079538    2.23917797    2.34112541    2.76922430    1.72510035    2.23269038    2.31903561    2.33776811    2.03065759    2.11773722    2.66394432    2.49157652    2.52893246    2.32837052    2.76500825    0.00000000    0.30718395    1.92496855    1.87170890    1.82826571    1.78897319    1.83863944    1.66717477    3.07393838    2.11647263    2.92469353    2.55556385    2.89812738    2.84852396    2.81141732    2.36179907    2.21117556    2.03501598    1.97750437    2.75767896    3.29541908    2.94673860    2.98835383    3.47693426    3.07619031    3.43766722    4.20178457    2.73868473    2.67196379    1.83162578    2.11466997    2.02732344    2.53887488
AMPA_STRCO/20-147     1.74450773    2.25671929    2.11316262    2.26406069    4.34060184    3.85737734    2.15338946    2.41417178    2.51320770    2.22932244    2.10503586    2.27155695    2.11481280    2.01116392    2.00386880    2.10188265    2.14993424    2.20023636    2.49767446    2.26106957    2.36780954    2.30682177    2.67156246    2.71161299    1.67998412    2.22461895    2.16997840    2.09718512    2.01367693    2.14443108    2.44378288    2.30099888    2.61731725    2.09065306    2.69908965    0.30718395    0.00000000    1.73200091    1.67933267    1.78087176    1.67024699    1.73476458    1.52496808    2.49081324    2.13622937    2.56672029    2.62046007    2.82308137    2.65925248    2.62607954    2.20974023    1.91381964    1.69998637    1.63158272    2.39818452    2.77155944    2.37271174    2.32839071    3.19924901    2.99284185    3.29456544    3.37658591    2.39651853    2.33714140    1.86172082    1.98388918    1.91821635    2.32019553
AMPA_MYCPA/29-157     2.44605888    2.76710138    2.33927445    2.82020292    3.46325032    4.25599697    2.95785859    2.50080453    2.73123069    2.52123050    2.57398083    3.00058412    2.56897968    2.62646378    3.13330495    2.99049275    3.70652125    3.53417454    3.53786355    3.19203269    2.31524295    2.57584591    3.12460433    2.65602168    2.59301536    2.13156885    2.34084773    2.27486740    2.67892884    1.86485140    2.58631342    2.29729778    2.75993021    2.77221325    3.27983747    1.92496855    1.73200091    0.00000000    0.36861662    0.36626079    1.34231363    1.53678595    1.48740344    2.41490136    2.36035277    2.45053533    2.54181878    2.45878688    2.86563245    2.83960066    2.47031119    2.39201561    2.73397592    2.46206729    3.01936461    3.26243858    3.15450735    3.02023067    3.34451893    3.50112151    3.58079945    3.78962229    2.39458494    3.71409557    3.02485474    2.60245683    2.56978935    3.16463538
AMPA_MYCLE/31-166     2.57864661    2.71366111    2.71541719    2.56642366    3.99680436    3.88402097    3.29148844    2.50562511    3.09954785    2.99299637    2.73677910    3.29154737    3.00966744    2.75115103    2.69389845    2.79323095    3.47143373    3.29921722    3.47305991    3.42711224    2.39428145    2.83905934    3.62225233    2.68857425    2.52550384    2.14641757    1.96143377    2.26559355    2.56256860    1.98858220    2.54062864    2.47494242    2.68327632    2.69856646    3.53576108    1.87170890    1.67933267    0.36861662    0.00000000    0.24684595    1.57944417    1.66847388    1.64666919    2.90046950    2.69789832    2.67653687    2.71560989    2.79184803    3.25687431    3.37030389    2.72413676    2.64753772    2.98423803    2.93339114    3.40719222    3.79183577    3.53450709    3.43301048    3.73819060    4.21858187    4.18837189    3.96777946    2.81330015    3.91883623    3.33540930    3.14489026    2.93936084    3.84161121
AMPA_MYCTU/30-157     2.59889827    3.06930133    2.59393664    2.88273384    3.67771118    3.71021746    3.31880435    2.46060949    2.94632172    3.07299898    2.49993543    2.94439604    3.00272913    2.74354362    2.44161574    2.40552698    2.94766884    2.86946131    2.93034033    3.24100413    2.42735284    2.90791435    3.54391879    2.58120588    2.43750786    2.39816966    2.38032608    2.42977904    2.85326804    2.02229700    2.68232531    2.30352030    2.97540543    2.55877787    3.39986976    1.82826571    1.78087176    0.36626079    0.24684595    0.00000000    1.78719713    1.75891092    1.74703495    2.43486579    2.33428661    2.54244947    2.59816867    2.75854825    3.14643833    3.21364119    2.79744714    2.46689107    2.89142213    2.76400613    3.23414075    3.62179056    3.27390424    3.26331111    3.79573692    4.09879437    3.96782718    4.09035763    2.72527191    3.68108433    3.14492509    2.92986220    2.62996665    3.62581609
AMPA_CORDI/30-149     2.01626186    2.64429873    2.42743605    3.14622574    4.12298960    4.81569315    2.47055417    2.35541505    2.52675224    2.51529788    1.97408903    2.60230657    2.45329922    2.76301042    2.90828323    3.15859800    3.48377264    3.26279683    3.11440338    2.82434733    3.09441499    2.89620594    2.99084475    2.84718238    2.59505771    2.83557178    2.82315882    2.89346465    2.65213439    2.05991030    2.41310738    2.22577719    2.65436957    2.43731443    2.99735281    1.78897319    1.67024699    1.34231363    1.57944417    1.78719713    0.00000000    1.20296353    1.23702938    2.71098247    2.46778153    2.41336492    2.26587128    2.65156862    2.63941352    2.67138119    2.39850824    2.16232731    2.37194112    2.56614615    3.02509374    2.75785448    2.60546099    2.84190737    3.07059272    3.50332671    3.94246427    3.64426027    2.74065565    3.15183054    2.48717236    2.17416984    2.17054857    2.97956195
