13
TNAP3_HUMAN/98-257     0.00000000    2.13892141    1.52160832    1.25283293    3.04531530    3.50269689    3.52072110    3.86520301    3.56782562    3.70239191    3.32904308    3.29687263    3.44190289
ZRAN1_HUMAN/438-586     2.13892141    0.00000000    0.68695462    1.84049799    4.47274922    3.75211494    3.77113042    4.96390749    4.04114971    5.71228119    4.94010836    4.72380076    3.60117654
TRBID_DROME/513-659     1.52160832    0.68695462    0.00000000    1.31680942    3.73564863    3.81131640    3.66020585    4.10637775    3.79003526    5.36427015    4.12051446    3.73496201    3.92748524
Q9N4T5_CAEEL/130-295     1.25283293    1.84049799    1.31680942    0.00000000    3.39798563    3.55990648    3.32430729    3.22708021    3.54483152    3.78905639    3.40307922    3.26608658    3.28776031
Q8I2S5_PLAF7/99-214     3.04531530    4.47274922    3.73564863    3.39798563    0.00000000    2.72674419    1.78943413    2.14930650    2.28538857    2.55626085    2.20370891    2.47419459    2.08678062
OTU4_ARATH/174-300     3.50269689    3.75211494    3.81131640    3.55990648    2.72674419    0.00000000    1.89954446    2.17447311    2.19957103    2.26141918    2.43498029    2.40449467    2.36049389
OTU2_SCHPO/191-316     3.52072110    3.77113042    3.66020585    3.32430729    1.78943413    1.89954446    0.00000000    1.32667090    1.63446463    1.60745675    1.34650639    1.34316256    2.11833424
OTU2_YEAST/173-301     3.86520301    4.96390749    4.10637775    3.22708021    2.14930650    2.17447311    1.32667090    0.00000000    1.48604623    1.43431647    1.12986740    1.49067671    2.23629584
Q19681_CAEEL/173-303     3.56782562    4.04114971    3.79003526    3.54483152    2.28538857    2.19957103    1.63446463    1.48604623    0.00000000    1.32891103    1.10408806    1.53988099    1.98629649
OTU5_ARATH/187-321     3.70239191    5.71228119    5.36427015    3.78905639    2.55626085    2.26141918    1.60745675    1.43431647    1.32891103    0.00000000    0.99965539    1.28093523    2.06846561
OTU6B_HUMAN/153-278     3.32904308    4.94010836    4.12051446    3.40307922    2.20370891    2.43498029    1.34650639    1.12986740    1.10408806    0.99965539    0.00000000    0.93347316    2.06420980
Q9VUN9_DROME/178-305     3.29687263    4.72380076    3.73496201    3.26608658    2.47419459    2.40449467    1.34316256    1.49067671    1.53988099    1.28093523    0.93347316    0.00000000    2.23264448
OTUD1_MOUSE/288-405     3.44190289    3.60117654    3.92748524    3.28776031    2.08678062    2.36049389    2.11833424    2.23629584    1.98629649    2.06846561    2.06420980    2.23264448    0.00000000

