31
G8ANP8_9PROT/107-250     0.00000000    2.57184080    2.84990473    2.96557450    2.58817620    3.00708700    2.81521613    2.44712659    2.73637450    2.37512194    2.58830338    3.11757461    2.89937355    3.39425987    3.44203784    2.94233501    2.66203420    2.27390105    2.73870532    2.71692264    2.90870484    2.75362390    3.45869641    3.34185929    2.45943690    2.45140404    2.53920678    2.50556763    2.88822719    2.88536887    2.58304279
Q30TC6_SULDN/130-257     2.57184080    0.00000000    1.18957744    1.42808582    2.21312929    2.44029426    2.12970462    2.05711478    2.63334875    2.37485812    2.49945609    2.36101631    2.63976009    2.23852197    2.35368743    2.24470151    2.41930747    2.27723669    2.35226753    2.29808368    2.28732532    2.32807475    2.69445888    2.44414159    2.43964253    2.10346930    2.47860547    2.64763638    2.68998433    2.45141755    2.54333366
Q7VIJ6_HELHP/140-267     2.84990473    1.18957744    0.00000000    0.66840840    2.38263132    2.89475431    2.45233694    2.38785005    2.68517696    2.45900526    2.38796242    2.44500632    2.40812808    2.60534384    2.70110926    2.38142115    1.98569631    2.36828234    2.25227461    2.38990474    2.17627002    2.11128631    2.77751120    2.31522173    2.24322048    2.29475437    2.45277699    2.83725726    2.79002683    2.24397904    2.35289889
O25120_HELPY/121-248     2.96557450    1.42808582    0.66840840    0.00000000    2.41548810    2.67527470    2.47299153    2.28204286    2.44169053    2.33269008    2.24656728    2.81727887    2.37068573    2.79928692    3.05514012    2.06640932    2.02998145    2.24696136    2.07138334    2.32685426    2.01136592    2.59543189    3.01710174    2.80348802    2.49263321    2.29320341    2.31957731    2.79413767    2.83518721    2.21648333    2.36612605
Q3A5B8_PELCD/100-230     2.58817620    2.21312929    2.38263132    2.41548810    0.00000000    2.29736869    1.62101967    1.70989132    2.67415318    2.02555367    2.05654535    2.54621370    2.30840251    1.82375430    2.11020713    2.30989007    2.17679909    2.15809681    1.73821511    2.15913879    2.06630449    2.69176047    3.22510987    2.46120733    2.36622779    2.08361655    1.91384833    2.30161109    2.64597723    2.26203608    2.27932119
Q8R9Z0_CALS4/115-245     3.00708700    2.44029426    2.89475431    2.67527470    2.29736869    0.00000000    1.84372237    1.86943827    2.28561543    2.56754828    2.45363777    3.17860671    2.44050818    3.13961626    3.31979828    2.49050625    2.29351825    2.72259186    3.30018074    2.74715149    2.64314674    2.87134536    2.77582940    2.88368951    2.97170343    2.55271846    2.72160632    2.70776499    3.04135046    2.52479793    3.20606072
FLIH_BORBU/165-295     2.81521613    2.12970462    2.45233694    2.47299153    1.62101967    1.84372237    0.00000000    0.99909761    2.21739823    2.42906126    2.62079743    3.10500230    2.86265794    2.56922334    3.00844512    2.51346689    2.34641886    1.90651110    2.44677302    2.16179039    2.24206897    2.21964126    2.77295080    2.76550729    2.65300157    2.42622053    2.15589239    2.28888174    2.22825973    2.17439412    2.57943361
Q73ND8_TREDE/161-289     2.44712659    2.05711478    2.38785005    2.28204286    1.70989132    1.86943827    0.99909761    0.00000000    2.36281968    2.47720940    2.27085387    2.96915593    2.33087760    3.00715141    3.42067788    2.68948065    2.02203999    2.13798050    2.57670454    2.43852790    2.43991862    2.92113072    2.97939697    2.60764075    2.56385851    2.21995720    2.51311375    2.63443554    2.47320963    2.28432995    3.03475182
Q5QTV7_IDILO/115-243     2.73637450    2.63334875    2.68517696    2.44169053    2.67415318    2.28561543    2.21739823    2.36281968    0.00000000    1.63098875    1.52768941    2.87243947    2.00532369    2.16728468    2.14386430    1.80252863    1.82081283    1.71896954    2.22557739    2.10530018    1.76689653    2.11722650    2.88683304    2.66811034    2.12907639    2.18976836    2.27914934    1.60587654    1.77504342    1.91463125    1.94641660
Q6LTN9_PHOPR/124-250     2.37512194    2.37485812    2.45900526    2.33269008    2.02555367    2.56754828    2.42906126    2.47720940    1.63098875    0.00000000    0.87216593    1.88773982    1.89538624    2.09203276    2.07967351    1.85047483    1.77787083    1.35601598    1.96803595    1.83178928    2.05017905    1.97325867    2.47736065    2.14955425    2.02708748    1.80288177    1.91326829    2.05396722    1.83492749    1.69733973    1.91946475
Q87MJ7_VIBPA/125-252     2.58830338    2.49945609    2.38796242    2.24656728    2.05654535    2.45363777    2.62079743    2.27085387    1.52768941    0.87216593    0.00000000    1.97246297    1.90964786    2.10165562    2.18702506    1.86157089    1.66932927    1.45996243    2.22501412    2.16263335    2.11723240    2.31556657    2.56183439    2.54018327    2.13802174    2.11352382    1.87084455    1.78103341    1.84542351    2.00964520    1.81599903
Q5ZUN5_LEGPH/67-193     3.11757461    2.36101631    2.44500632    2.81727887    2.54621370    3.17860671    3.10500230    2.96915593    2.87243947    1.88773982    1.97246297    0.00000000    2.56284650    2.61709114    2.45737674    2.38807687    2.37278893    1.77594050    2.13070823    2.59810564    2.69621865    2.56614608    2.83733078    2.44592210    2.56472552    2.07564299    2.36963224    2.57026488    2.48256344    2.41480746    2.54264769
Q21IN3_SACD2/116-243     2.89937355    2.63976009    2.40812808    2.37068573    2.30840251    2.44050818    2.86265794    2.33087760    2.00532369    1.89538624    1.90964786    2.56284650    0.00000000    1.92412429    2.19035298    1.82382240    1.50928913    1.73923466    2.18487927    2.43638419    2.02606857    2.77109510    2.78640531    2.68401076    2.39930271    2.20107048    2.23968592    1.94212907    1.97634388    1.87230319    2.11030955
Q87FY6_VIBPA/104-229     3.39425987    2.23852197    2.60534384    2.79928692    1.82375430    3.13961626    2.56922334    3.00715141    2.16728468    2.09203276    2.10165562    2.61709114    1.92412429    0.00000000    1.22928480    2.03030980    1.74436004    1.81120062    1.87164156    2.14240187    2.32999964    2.63376338    3.02811779    2.54065941    2.33636736    2.48337755    2.16730398    2.42568906    2.19452871    1.96513828    2.45537195
A0A384LM99_YERPE/102-224     3.44203784    2.35368743    2.70110926    3.05514012    2.11020713    3.31979828    3.00844512    3.42067788    2.14386430    2.07967351    2.18702506    2.45737674    2.19035298    1.22928480    0.00000000    1.74110600    1.88847056    1.74693507    2.08849819    2.39792593    2.23634723    2.44224494    2.74859611    2.62488984    2.47169952    2.19610499    2.33510174    2.48341893    2.16836677    1.94800507    2.28913572
Q2SBV5_HAHCH/101-225     2.94233501    2.24470151    2.38142115    2.06640932    2.30989007    2.49050625    2.51346689    2.68948065    1.80252863    1.85047483    1.86157089    2.38807687    1.82382240    2.03030980    1.74110600    0.00000000    1.08892672    1.52876495    1.69639009    1.99379678    2.12104513    2.24943874    2.64229024    2.58470165    2.44550066    2.00466221    1.90209843    1.88411442    1.88917790    1.72110987    2.07535255
Q88ET6_PSEPK/103-224     2.66203420    2.41930747    1.98569631    2.02998145    2.17679909    2.29351825    2.34641886    2.02203999    1.82081283    1.77787083    1.66932927    2.37278893    1.50928913    1.74436004    1.88847056    1.08892672    0.00000000    1.13257130    1.60328250    1.70402941    1.87855176    1.87780312    2.28091598    2.48916074    1.78867824    1.83965768    1.94066488    1.87556904    1.99785233    1.61877053    1.97712580
Q3J8N1_NITOC/100-227     2.27390105    2.27723669    2.36828234    2.24696136    2.15809681    2.72259186    1.90651110    2.13798050    1.71896954    1.35601598    1.45996243    1.77594050    1.73923466    1.81120062    1.74693507    1.52876495    1.13257130    0.00000000    1.63717720    1.43306206    1.69724068    1.84251231    2.76102698    2.76723629    2.10313497    1.81662287    1.41596311    1.58596324    1.54564592    1.46582554    1.59670573
Q221K0_RHOFT/83-210     2.73870532    2.35226753    2.25227461    2.07138334    1.73821511    3.30018074    2.44677302    2.57670454    2.22557739    1.96803595    2.22501412    2.13070823    2.18487927    1.87164156    2.08849819    1.69639009    1.60328250    1.63717720    0.00000000    1.65137781    1.57010299    2.23265562    2.92576770    2.26431094    2.11285161    1.85811936    1.72287841    1.66587079    1.56776708    1.54915643    1.67406272
Q2L186_BORA1/102-230     2.71692264    2.29808368    2.38990474    2.32685426    2.15913879    2.74715149    2.16179039    2.43852790    2.10530018    1.83178928    2.16263335    2.59810564    2.43638419    2.14240187    2.39792593    1.99379678    1.70402941    1.43306206    1.65137781    0.00000000    1.01956637    1.60989251    2.34899434    2.29039282    1.66463294    1.55486984    1.54678199    1.41953496    1.37025507    1.34366301    1.36415672
Q63YF9_BURPS/91-216     2.90870484    2.28732532    2.17627002    2.01136592    2.06630449    2.64314674    2.24206897    2.43991862    1.76689653    2.05017905    2.11723240    2.69621865    2.02606857    2.32999964    2.23634723    2.12104513    1.87855176    1.69724068    1.57010299    1.01956637    0.00000000    1.74506426    2.36471909    1.85123057    1.41478525    1.34654472    1.85147280    1.52460399    1.56658253    1.54385754    1.23990486
Q8D3E3_WIGBR/86-213     2.75362390    2.32807475    2.11128631    2.59543189    2.69176047    2.87134536    2.21964126    2.92113072    2.11722650    1.97325867    2.31556657    2.56614608    2.77109510    2.63376338    2.44224494    2.24943874    1.87780312    1.84251231    2.23265562    1.60989251    1.74506426    0.00000000    1.87715908    2.09249546    1.31937326    1.23753303    2.13321890    1.98244837    2.06994390    1.89087093    1.93641726
FLIH_BUCBP/87-215     3.45869641    2.69445888    2.77751120    3.01710174    3.22510987    2.77582940    2.77295080    2.97939697    2.88683304    2.47736065    2.56183439    2.83733078    2.78640531    3.02811779    2.74859611    2.64229024    2.28091598    2.76102698    2.92576770    2.34899434    2.36471909    1.87715908    0.00000000    1.68053633    1.84542194    1.60838658    2.27375432    2.70754381    2.40923043    2.55250545    2.41410289
FLIH_BUCAI/84-211     3.34185929    2.44414159    2.31522173    2.80348802    2.46120733    2.88368951    2.76550729    2.60764075    2.66811034    2.14955425    2.54018327    2.44592210    2.68401076    2.54065941    2.62488984    2.58470165    2.48916074    2.76723629    2.26431094    2.29039282    1.85123057    2.09249546    1.68053633    0.00000000    1.59224530    1.50845536    2.15393817    2.42027113    2.18481728    2.16296597    1.92436009
Q7N5K2_PHOLL/94-225     2.45943690    2.43964253    2.24322048    2.49263321    2.36622779    2.97170343    2.65300157    2.56385851    2.12907639    2.02708748    2.13802174    2.56472552    2.39930271    2.33636736    2.47169952    2.44550066    1.78867824    2.10313497    2.11285161    1.66463294    1.41478525    1.31937326    1.84542194    1.59224530    0.00000000    0.52393548    1.79200457    1.78054791    1.91100914    1.84179962    1.69554095
FLIH_SALTY/103-226     2.45140404    2.10346930    2.29475437    2.29320341    2.08361655    2.55271846    2.42622053    2.21995720    2.18976836    1.80288177    2.11352382    2.07564299    2.20107048    2.48337755    2.19610499    2.00466221    1.83965768    1.81662287    1.85811936    1.55486984    1.34654472    1.23753303    1.60838658    1.50845536    0.52393548    0.00000000    1.45352408    1.82596284    1.93053806    1.66871243    1.65207172
Q3SJV6_THIDA/62-189     2.53920678    2.47860547    2.45277699    2.31957731    1.91384833    2.72160632    2.15589239    2.51311375    2.27914934    1.91326829    1.87084455    2.36963224    2.23968592    2.16730398    2.33510174    1.90209843    1.94066488    1.41596311    1.72287841    1.54678199    1.85147280    2.13321890    2.27375432    2.15393817    1.79200457    1.45352408    0.00000000    1.34674699    1.41069053    1.29901894    1.28184743
Q5QCQ5_HERAR/94-221     2.50556763    2.64763638    2.83725726    2.79413767    2.30161109    2.70776499    2.28888174    2.63443554    1.60587654    2.05396722    1.78103341    2.57026488    1.94212907    2.42568906    2.48341893    1.88411442    1.87556904    1.58596324    1.66587079    1.41953496    1.52460399    1.98244837    2.70754381    2.42027113    1.78054791    1.82596284    1.34674699    0.00000000    0.79965384    1.20526955    1.10783268
Q3SIH3_THIDA/70-197     2.88822719    2.68998433    2.79002683    2.83518721    2.64597723    3.04135046    2.22825973    2.47320963    1.77504342    1.83492749    1.84542351    2.48256344    1.97634388    2.19452871    2.16836677    1.88917790    1.99785233    1.54564592    1.56776708    1.37025507    1.56658253    2.06994390    2.40923043    2.18481728    1.91100914    1.93053806    1.41069053    0.79965384    0.00000000    1.10754699    1.26266815
Q82T44_NITEU/100-227     2.88536887    2.45141755    2.24397904    2.21648333    2.26203608    2.52479793    2.17439412    2.28432995    1.91463125    1.69733973    2.00964520    2.41480746    1.87230319    1.96513828    1.94800507    1.72110987    1.61877053    1.46582554    1.54915643    1.34366301    1.54385754    1.89087093    2.55250545    2.16296597    1.84179962    1.66871243    1.29901894    1.20526955    1.10754699    0.00000000    1.04767695
Q2Y9C1_NITMU/112-237     2.58304279    2.54333366    2.35289889    2.36612605    2.27932119    3.20606072    2.57943361    3.03475182    1.94641660    1.91946475    1.81599903    2.54264769    2.11030955    2.45537195    2.28913572    2.07535255    1.97712580    1.59670573    1.67406272    1.36415672    1.23990486    1.93641726    2.41410289    1.92436009    1.69554095    1.65207172    1.28184743    1.10783268    1.26266815    1.04767695    0.00000000

