79
Q6AG46_LEIXX/3-148     0.00000000    1.91195194    2.27654080    2.17934585    2.13114914    2.17530581    2.10452825    2.49411680    2.11158330    3.27819000    2.93129527    2.38691748    2.53609441    2.17065992    2.50015090    3.12788720    3.59115820    2.50021133    2.82761018    2.55820517    2.79397380    2.48565557    2.27628774    2.52898826    2.66729474    2.79511792    2.87067159    2.50288329    2.67139746    2.42784566    2.42422565    2.50765875    2.54640963    2.41216012    2.57194018    2.36660519    2.25998022    3.42792053    2.06564552    2.16575124    2.34029290    2.19429225    1.97838432    2.40363490    2.44512665    2.61871697    1.88678403    2.06825436    2.57147307    2.30808564    2.32509526    2.52076127    2.62423209    2.62849085    2.57993966    2.30711148    2.75448358    2.27984240    2.36916890    2.54597480    3.30757413    3.03528734    3.42297709    3.77968811    4.56540554    3.34893526    3.47304059    3.62713915    3.33511342    3.55170580    2.81936980    3.28150015    2.83318768    2.82626671    3.32857601    2.70921751    3.12949612    3.07049725    1.97064979
A4XDX4_NOVAD/5-149     1.91195194    0.00000000    1.66045809    1.86468261    1.91421874    1.96096739    1.78741998    2.26109410    2.79017797    2.94755310    2.67645842    1.93953778    2.87287944    2.43109635    3.14077772    3.00704328    2.83231105    2.35678496    2.92935093    2.86794828    2.48024267    2.45984465    2.39830210    2.47642745    2.77730673    2.65569366    2.44945859    2.34784085    2.37384238    2.16183558    2.04281896    2.44028956    2.34678169    2.24015712    2.55029307    2.53223776    1.86236345    3.06734839    1.89330193    2.14651217    1.95752218    1.85441560    1.79504876    2.60687714    2.20256538    2.52501330    1.83016607    1.91856636    2.75646113    2.33137762    2.15946794    2.65642799    2.64127541    2.39539125    2.44735217    2.19709826    2.48695167    2.16938472    2.13750236    2.16864540    3.05049931    2.63129387    2.06648793    2.19376651    2.40802541    2.13839121    2.18118749    2.62296713    2.28662572    2.50386502    2.32143987    3.41282401    2.81420592    2.36365487    2.28400901    2.17157166    2.38263234    2.13385521    2.00795200
Q6NI29_CORDI/3-148     2.27654080    1.66045809    0.00000000    0.90301780    0.88258894    2.08849741    2.19607789    2.31843637    2.96745322    3.13856613    3.02683245    2.65470682    3.17795641    2.91013455    2.40976138    2.54328627    2.78364731    2.36074459    2.75989104    3.01620578    2.64060601    2.27365635    2.10185327    2.26433991    2.06022674    2.54941312    2.26008199    1.93349728    2.18363020    2.32403475    2.16412139    2.28365599    2.17910221    2.50926582    2.57086915    2.38039109    2.11334421    2.51778287    2.08861455    2.46212035    1.98939236    2.01886751    1.78592548    1.83397837    2.08184310    2.25381775    1.87213181    2.19501328    2.71352623    2.13712822    2.51832153    2.73587016    2.73555085    2.60959334    2.89431667    2.49151909    2.63039981    2.89423713    3.15396360    3.14848663    3.48819003    3.43789389    2.99996207    2.76137896    3.79160700    3.22675379    2.95745949    3.50719140    3.10813147    3.09593202    2.89503169    3.66555564    3.50080535    3.07609753    2.94911592    2.59531097    2.74782352    3.06946558    2.16606272
Q8NRG0_CORGL/3-152     2.17934585    1.86468261    0.90301780    0.00000000    0.60577998    2.36912309    2.40633379    2.28387490    2.50418575    2.90079372    2.86356555    2.47184444    3.06737624    2.83094308    2.60701939    2.56488491    2.66502735    2.31441277    2.80116199    3.37707051    2.58904093    2.31476632    2.12035961    2.50173919    2.02857395    2.40598084    2.05604055    2.07874986    2.10554124    1.92108996    1.98320188    2.19115125    2.02608356    2.01543924    2.22100563    2.44787680    1.86479968    2.47961105    1.71110391    2.26857815    2.19972526    2.34448322    1.76353946    2.29353086    2.04834414    2.09200563    1.73547268    1.89845769    2.37563818    2.19943280    1.80944067    2.76916600    2.52086657    2.68651360    2.64216734    2.14948854    2.61097572    2.85237438    2.82618649    2.77446456    3.12056660    3.09575625    2.93814544    2.81304437    3.42965141    2.78614222    2.58261619    3.66287068    3.03043426    3.28064657    2.91987293    3.54483499    3.29806482    2.87627970    2.82882936    2.79520169    2.61231374    3.15795834    1.98737108
Q8FQH4_COREF/6-155     2.13114914    1.91421874    0.88258894    0.60577998    0.00000000    2.35197927    2.74906498    2.54324829    2.70804491    3.40377332    2.74631781    2.64247556    3.41834098    3.17443169    2.74476932    2.93522104    3.28300431    2.77705719    2.75672559    3.70163465    2.86948126    2.35970387    2.28174760    2.54029125    2.27829208    2.39825658    2.45277676    2.42177911    2.39866945    2.17519455    2.30156344    2.59633677    2.91123795    2.50932348    2.58163970    2.47363355    1.91324678    3.05095118    2.21217817    2.76635496    2.47402417    2.28906850    1.94036805    2.36447850    2.20852524    2.28360099    2.06504086    1.97593249    2.76793793    2.64755072    2.53682057    3.03247385    2.82272806    3.36260811    3.15332039    2.69177911    2.56343047    3.10340357    3.03713728    2.86552637    3.78927187    2.96989745    3.04191344    3.01387327    3.89806245    3.40296069    2.73347077    3.77542920    3.01724194    3.37223201    2.84946809    3.76626416    3.27713198    3.24818574    3.29260747    3.11814693    2.94012324    3.21717557    2.42076059
Q8U133_PYRFU/3-146     2.17530581    1.96096739    2.08849741    2.36912309    2.35197927    0.00000000    1.57881514    1.79754603    2.66466006    3.03290312    2.88465717    2.57818125    2.41378349    1.78809108    2.58825159    2.95391696    3.39135972    2.56684721    2.82375726    2.92993963    2.49682123    2.17857184    2.31878808    2.23625736    2.19902118    2.29851588    2.08381050    1.92705151    2.31166806    2.04709901    2.15470297    2.28938919    2.44517516    2.21059926    2.57877861    2.39809287    1.87452173    2.48554291    1.53878933    1.53287429    1.87585481    1.52664773    1.55216328    2.15198521    2.22201408    2.41858423    1.73219201    1.70904764    1.91988824    2.13834197    1.91928802    1.86459616    1.78142346    1.87296990    1.70585823    1.59857774    1.86508962    2.53737874    2.15158145    2.03023074    3.07444263    2.81014517    2.27129583    2.24328935    2.83697665    2.59962935    2.54276967    2.59829578    2.11935648    2.43172644    2.44754579    3.03101866    2.24029671    2.52146314    2.22655257    2.23765990    1.92639248    2.13190685    1.36002833
A4XDX8_NOVAD/9-159     2.10452825    1.78741998    2.19607789    2.40633379    2.74906498    1.57881514    0.00000000    2.09322730    3.02398529    2.81148052    3.34170064    2.50903759    3.17486463    2.28880789    2.73619773    2.98661724    3.15384367    2.14862344    2.47243016    2.52860627    2.25879464    2.53114827    2.29134154    2.47220627    2.34065125    2.78186279    1.99848322    2.07370240    1.85722319    2.13566482    2.24112131    2.26929616    2.06219464    1.95058660    2.36829980    2.47459641    1.99321304    2.75292338    1.61802362    1.55305579    2.49107370    1.78325693    1.91740916    2.39020629    2.27835347    2.89082322    1.74964360    1.94057475    2.27663713    2.43395111    2.20753753    2.10733477    1.80533401    2.17621473    1.92761281    2.03576113    2.10783794    2.67451402    2.50309926    2.40468092    2.91065563    3.14495888    2.60235498    2.67039732    3.24895493    2.71953438    2.78689177    2.61350262    2.85766341    3.31714839    2.90443380    3.76315661    2.85589996    2.89087841    2.80923221    2.70279364    3.17689200    2.34141141    1.78577203
Q6LZF7_METMP/3-147     2.49411680    2.26109410    2.31843637    2.28387490    2.54324829    1.79754603    2.09322730    0.00000000    2.65293486    3.02673692    2.69496242    3.02175750    3.15599157    2.50122866    2.08261442    2.69756199    2.93390242    2.19541863    1.95174565    2.43665179    2.34317014    2.45015887    2.23321049    2.51596865    2.24640414    2.20942431    1.96274053    2.04639618    2.14765841    2.22823866    2.02917921    2.33520167    2.14927144    2.23150965    3.25393636    2.48710191    2.10754674    2.33492439    2.00646550    2.19905905    2.63748838    1.85711006    2.13889438    2.17162429    2.00504032    2.11554577    2.15782609    1.93727713    2.26926649    2.44751783    2.33378990    2.19200723    2.37559293    2.41729004    2.51173979    2.14336379    2.24230252    2.37063174    2.40747068    2.65256076    3.36309567    3.11359766    2.37425563    2.42332279    2.64046217    2.39314899    2.19005306    2.46725206    2.33120172    2.73745307    2.74386378    2.85818590    2.77290598    2.07711573    2.55925982    1.92414861    2.54336097    2.62409301    1.72264829
PANE_CAUVC/4-147     2.11158330    2.79017797    2.96745322    2.50418575    2.70804491    2.66466006    3.02398529    2.65293486    0.00000000    2.64725837    1.72547923    1.69546349    3.90736567    2.43891496    2.86201379    3.14077791    3.13222991    2.89620392    3.04822116    2.89384025    2.86456480    2.12795974    2.31184610    2.19491261    2.61032503    2.68441712    2.37500741    2.40614553    2.66520638    2.08575958    2.06923231    2.13172064    2.22463725    1.87556214    2.11636899    2.90193659    2.23889760    3.15093724    2.20151441    2.61550398    2.65605831    2.20351493    1.79377227    2.68607496    2.62895123    2.92183833    2.00873201    2.13215188    2.88475574    2.67041782    2.49391991    2.95159833    2.96689922    2.84764342    2.46170841    2.69243463    2.82469432    2.77137081    2.69792713    2.80743178    3.90698525    3.57424010    2.66965172    3.12169467    3.56868221    2.77976819    2.97302623    3.26838329    2.52720917    3.29470774    2.60051823    3.66472411    2.71884059    2.33620006    2.51541352    2.63135082    2.41874843    2.93592321    2.59604558
Q8CX60_OCEIH/4-140     3.27819000    2.94755310    3.13856613    2.90079372    3.40377332    3.03290312    2.81148052    3.02673692    2.64725837    0.00000000    2.02919218    1.70735768    3.18975437    2.25371357    2.88013267    3.52760327    3.62568463    2.69992676    2.95420293    3.03747584    3.38136060    2.27747588    2.31959205    2.34735537    2.27452166    2.21248444    2.56378634    2.45032920    2.31127337    2.74671711    2.60518527    2.81046142    2.79793292    2.71678342    2.97305201    2.28191716    2.59185520    2.44698960    2.44036396    2.69988469    2.57613877    2.83270894    2.39982765    2.64283811    2.72243146    2.72919399    2.43659537    2.43513704    2.55908994    2.43252214    2.66887046    2.95909273    3.08792650    3.16424324    2.64943705    3.04982610    3.27395715    3.06971567    2.87655475    3.10054061    3.02340169    4.06238253    2.27511229    3.15430779    3.24353028    2.96635029    2.96925652    2.77847408    2.41118700    3.56204920    3.00584073    3.97425520    3.28235090    2.79924881    2.46013959    2.16780336    2.53935047    3.18246196    2.69057752
Q6D6V1_PECAS/7-150     2.93129527    2.67645842    3.02683245    2.86356555    2.74631781    2.88465717    3.34170064    2.69496242    1.72547923    2.02919218    0.00000000    1.08547036    4.02492684    3.02860262    3.42169676    3.39975117    4.03249960    3.57182216    3.60775907    3.38692775    3.15544119    2.88733006    3.29799310    2.96133087    2.96752489    2.92715466    2.66362601    3.05804717    2.92942932    2.64225754    2.67420252    2.96208076    2.78909173    2.19847246    2.84982168    3.09626704    2.70138991    2.70284338    2.75540447    2.89576679    2.55818638    2.18558541    2.31897990    2.49162751    2.84954943    2.46586658    2.52397563    2.33961157    2.46764396    2.44914775    2.98003553    2.66687028    2.75854107    2.53495887    2.48983742    2.73958982    3.15730248    2.99741925    2.75860404    2.76839007    4.27124914    3.92047558    2.53222321    3.24506722    4.00243406    3.10354433    3.43144298    2.65535420    2.78931202    2.75172575    3.14050955    4.18134873    3.00104199    2.71690556    2.40620024    2.65733620    2.96484606    3.80757346    2.57385072
PANE_MYCTU/5-146     2.38691748    1.93953778    2.65470682    2.47184444    2.64247556    2.57818125    2.50903759    3.02175750    1.69546349    1.70735768    1.08547036    0.00000000    2.32401173    2.25407409    3.26946295    3.57259599    2.87591405    3.02936663    3.19787860    3.13045495    2.98940541    2.28222947    2.43046207    2.41203374    2.20151127    2.52431300    2.31859128    2.68962404    2.74524143    2.54036158    2.52549207    2.79956945    2.71597336    2.41235232    2.45777223    2.37608637    2.36659341    2.87726555    2.56513991    2.32123947    2.84560915    1.96982200    1.92449873    2.73359687    2.55865058    2.37866134    2.03319320    2.13435101    2.26797837    2.41266249    2.42959569    2.32660098    2.22701634    2.24382193    2.22297848    2.33178516    2.89238096    2.90099722    2.84404364    2.76894374    3.30379916    3.22197657    2.52165369    3.04079096    3.47028108    3.20028405    3.25297048    3.12325483    2.21887409    2.91028031    2.86206935    4.45417092    3.13939416    2.04688255    2.64869856    2.36456158    2.94025475    2.39442978    2.16364200
Q9YE96_AERPE/4-146     2.53609441    2.87287944    3.17795641    3.06737624    3.41834098    2.41378349    3.17486463    3.15599157    3.90736567    3.18975437    4.02492684    2.32401173    0.00000000    2.35296247    3.53336434    3.63354663    3.97639714    3.18058662    3.56718107    3.85515755    3.22719964    3.01054719    2.63325494    3.23496647    3.43647415    3.46029302    2.90464105    3.04351518    2.82282452    3.04918302    2.67265824    3.36768759    3.57675586    3.78178188    3.41735578    2.92089381    2.79272451    3.38935509    2.63266617    2.81528289    2.77127561    2.64390306    2.85949826    3.01898717    3.06296901    3.59197783    2.16915694    2.25109691    3.90666757    3.61248651    3.34271770    3.55358970    4.23170450    4.08182123    4.43416707    3.88394086    3.68409019    3.37043603    3.44674842    2.58519531    4.18246972    3.21251833    3.13106597    3.54638353    3.77374362    3.43291578    3.40376359    3.60314129    3.14674490    3.26950010    3.57882148    3.71201001    3.73022858    3.11869220    3.25710002    2.62196793    3.38917684    2.75462961    2.28820447
PANE_AQUAE/5-150     2.17065992    2.43109635    2.91013455    2.83094308    3.17443169    1.78809108    2.28880789    2.50122866    2.43891496    2.25371357    3.02860262    2.25407409    2.35296247    0.00000000    2.49317824    3.43021207    3.63709238    2.53793181    2.60920156    3.20166713    3.38075236    2.27000971    2.69815518    2.34097538    2.28785297    2.01506480    2.05661473    2.21478424    2.05432346    2.21639157    2.18026658    2.38825531    2.41351335    2.02580859    2.66920316    2.44325895    2.36518121    1.99730455    1.63106276    1.68412521    2.37798112    2.02504988    1.77267691    2.37681916    2.76955680    2.51140627    1.89627004    1.77535229    2.16301562    2.35896417    2.09324493    2.33795923    2.11148354    2.29929472    2.23556191    2.25185162    2.49687672    2.43072090    2.13894503    2.31201976    3.24317915    3.26501546    3.06404563    2.93863600    3.91952105    3.12064799    2.85311246    3.27606156    3.17052203    3.35778107    2.64266596    2.80726428    2.54842314    2.33654018    2.47941015    3.23566871    3.37755536    2.37057245    2.13337962
Q8F457_LEPIN/4-154     2.50015090    3.14077772    2.40976138    2.60701939    2.74476932    2.58825159    2.73619773    2.08261442    2.86201379    2.88013267    3.42169676    3.26946295    3.53336434    2.49317824    0.00000000    2.34374970    2.17648370    1.62459913    1.89453401    2.06896603    2.04309789    1.60649387    1.71508751    1.73213233    1.51661983    1.51206650    1.81845255    2.20169203    2.14735128    2.00214460    1.95017554    1.96947869    2.10891045    2.00335191    2.64489784    2.92729226    2.00877620    2.87231538    2.26044237    2.72308112    2.88902406    2.26530908    2.09824148    2.59573919    2.58916431    2.94402040    2.37520940    2.36217953    2.84630979    2.80816595    2.56857616    2.79485731    3.05332087    3.22340095    2.92345966    2.70673502    2.65519183    3.05190726    2.94909374    3.06783755    3.60754875    3.23807927    2.87466081    3.14061312    4.49933519    3.46654965    2.83740512    2.73747570    2.81968062    2.61801155    2.13044982    2.21176091    2.60918663    3.06835237    3.31228648    2.86836860    2.38601046    3.06139597    2.39863814
MUG72_SCHPO/11-174     3.12788720    3.00704328    2.54328627    2.56488491    2.93522104    2.95391696    2.98661724    2.69756199    3.14077791    3.52760327    3.39975117    3.57259599    3.63354663    3.43021207    2.34374970    0.00000000    1.08444230    2.29942831    2.46101490    2.71704881    2.23033812    2.37591747    2.51517103    2.72429868    2.80643036    3.25968307    3.27537086    2.77437629    2.55088585    2.89365490    2.86027125    2.94964771    3.04835280    3.09086750    3.03334595    3.42937412    2.70832227    3.12684538    2.86827544    3.36252072    3.39813409    3.20665156    2.60350391    2.85465026    2.75149108    3.28236626    3.08393230    3.31533978    3.73788624    3.29299493    3.25922145    3.10771152    3.82287599    3.87247999    3.49262823    3.48052857    3.15359746    3.34086523    3.44749802    3.36254313    3.66776532    3.45569283    3.32346103    3.90868459    4.76555638    4.37374443    3.08171285    3.22396794    3.54792909    3.54810959    3.41984275    4.61807567    3.71512350    4.36633696    3.43049618    3.26958903    3.74580839    3.67778807    2.91056716
F7VV01_SORMK/12-168     3.59115820    2.83231105    2.78364731    2.66502735    3.28300431    3.39135972    3.15384367    2.93390242    3.13222991    3.62568463    4.03249960    2.87591405    3.97639714    3.63709238    2.17648370    1.08444230    0.00000000    1.96964468    1.90953198    2.36184281    2.27165612    2.24705970    2.34569883    2.48623395    2.50647644    2.66292139    2.76443550    2.49800781    2.49902697    2.52779094    2.45236283    2.39177034    2.52730912    2.89748333    3.01967539    3.39671038    2.61702493    3.29310811    2.56413894    2.86858418    3.46164543    2.84608971    2.67241922    3.01771683    2.60479314    3.16061641    2.54390844    2.96278746    3.49838456    3.64998685    3.29311600    3.20451009    3.85637201    3.93538147    3.27931135    3.30427505    3.30268066    3.10597883    3.22390279    3.14845530    3.53712095    3.63364687    3.16659707    3.38870741    3.56427999    4.11302507    3.46213561    3.05965984    3.46410180    3.23902051    3.09630708    4.85432694    4.00668832    3.72354551    3.36702980    2.87596512    3.80626893    3.41207262    3.40888069
Q6C092_YARLI/4-161     2.50021133    2.35678496    2.36074459    2.31441277    2.77705719    2.56684721    2.14862344    2.19541863    2.89620392    2.69992676    3.57182216    3.02936663    3.18058662    2.53793181    1.62459913    2.29942831    1.96964468    0.00000000    1.00665060    1.04080758    1.18296441    1.84097518    1.91083737    1.97530341    1.84883174    1.72319816    2.02497337    1.92129532    1.78085272    2.15424079    2.24022966    2.22511321    2.01088316    2.28338678    2.57038740    2.61724208    2.20068015    2.44798832    2.33148346    2.51186117    2.99262361    2.40781789    2.45882915    2.54786185    2.08939140    2.25143225    2.05762537    2.17318953    2.21933848    2.42126172    2.49735835    2.54371185    2.62539290    2.72093162    2.63041877    2.49756215    2.72586778    2.71715519    2.44901135    2.36312115    2.65793948    2.56190491    2.79010354    2.90711571    3.26137477    2.73927831    2.98876928    2.42805098    2.70077447    3.22511579    2.92030497    3.04003268    3.07329445    2.94764059    2.37124301    2.69461459    3.47273291    2.42744112    2.13965029
Q6BQB8_DEBHA/8-164     2.82761018    2.92935093    2.75989104    2.80116199    2.75672559    2.82375726    2.47243016    1.95174565    3.04822116    2.95420293    3.60775907    3.19787860    3.56718107    2.60920156    1.89453401    2.46101490    1.90953198    1.00665060    0.00000000    1.13006130    1.13477343    1.97774297    1.85988826    1.95499443    2.07708271    2.08085594    2.19274679    2.29607861    2.16160547    2.05082311    2.30790755    2.31565982    2.26907873    2.47892972    2.35674982    2.52602355    2.14585558    2.82582713    2.47889189    2.62254054    2.99812416    2.41695737    2.28902221    2.56041112    2.37753581    3.11232760    2.34835084    2.55953237    3.04147192    2.89698692    2.51469573    2.63927292    3.09205227    3.50104574    2.97990309    3.00161198    2.39621344    2.94559130    2.71684247    2.83377772    3.38387286    3.32616209    2.51412838    3.37560632    3.31788237    3.19451771    3.04041713    2.45148500    2.68745170    3.60506654    2.68116091    2.67285800    2.87950337    3.00460190    2.79195993    2.47139490    3.20513915    2.80797202    2.50690527
Q6CNA6_KLULA/11-171     2.55820517    2.86794828    3.01620578    3.37707051    3.70163465    2.92993963    2.52860627    2.43665179    2.89384025    3.03747584    3.38692775    3.13045495    3.85515755    3.20166713    2.06896603    2.71704881    2.36184281    1.04080758    1.13006130    0.00000000    1.03839823    2.59809888    2.55853664    2.68263966    2.32574718    2.37885188    2.45600215    2.47820202    2.15192620    2.98673754    2.85557234    2.70147943    3.02199516    2.72656165    2.85423670    3.11964082    2.83655516    3.13604581    2.81196142    2.81604387    3.54478740    2.59555420    2.69103489    2.98721690    2.73272037    3.48692528    2.94204098    2.81594986    3.22909924    3.06043687    3.07906683    3.18041265    3.08109466    3.51255240    2.88968318    2.89321205    2.70897423    2.88720006    3.14924940    3.10275976    3.26136013    3.10911862    2.48958426    3.04062783    3.59192594    3.14657121    3.09871014    2.66638618    2.63026704    2.58988805    2.89953827    3.33894756    3.64624367    2.88854894    3.03093965    2.71739063    3.17313818    2.82887616    2.72655244
Q7S4X9_NEUCR/12-172     2.79397380    2.48024267    2.64060601    2.58904093    2.86948126    2.49682123    2.25879464    2.34317014    2.86456480    3.38136060    3.15544119    2.98940541    3.22719964    3.38075236    2.04309789    2.23033812    2.27165612    1.18296441    1.13477343    1.03839823    0.00000000    1.95351470    1.85202931    2.00031760    2.07084076    2.17676389    2.16466887    2.47388980    2.19904217    2.34503665    2.44238527    2.51975240    2.60944469    2.37372161    2.63087242    2.84956673    2.07308667    3.36202221    2.13905655    2.20887301    2.65490660    2.29414866    2.34963927    2.91337702    2.46211352    3.61510514    2.24348874    2.41022337    3.00038588    2.88940572    3.04043925    2.76708126    3.09059178    3.34584394    2.80911060    2.93335849    2.43703486    2.82290429    2.63699036    2.44144602    3.07760230    2.90924544    2.38379661    2.88961631    3.13683735    2.52427605    2.92098446    2.38375234    2.47005860    3.19774298    2.45313177    2.60409633    2.79222066    3.23770166    2.64219811    2.52614073    3.28289033    2.99606826    2.24010648
Q883S4_PSESM/10-160     2.48565557    2.45984465    2.27365635    2.31476632    2.35970387    2.17857184    2.53114827    2.45015887    2.12795974    2.27747588    2.88733006    2.28222947    3.01054719    2.27000971    1.60649387    2.37591747    2.24705970    1.84097518    1.97774297    2.59809888    1.95351470    0.00000000    0.45023784    0.39984560    0.96685565    1.05225602    1.24521421    2.06604729    2.18506503    1.93591487    1.90356888    2.00837157    1.88997649    1.74080567    1.88363995    2.49841557    1.45605894    2.92870264    1.96443853    2.52010137    2.36191727    2.24219327    1.78903950    2.17010079    1.96095612    2.56050105    1.89465712    1.95976742    2.78968443    2.73418201    2.72788825    2.18602312    2.76895838    2.55826721    2.57572022    2.51664207    2.47106569    2.42429341    2.29901420    2.41945723    3.18173920    2.76805470    2.54649214    3.04964067    3.40975109    2.79635446    2.82461924    2.61589694    2.55898952    2.97119920    2.37242490    3.32950385    2.64433190    2.80550606    2.65027690    2.40338044    2.46791724    3.06035231    2.04159175
Q88KG5_PSEPK/8-157     2.27628774    2.39830210    2.10185327    2.12035961    2.28174760    2.31878808    2.29134154    2.23321049    2.31184610    2.31959205    3.29799310    2.43046207    2.63325494    2.69815518    1.71508751    2.51517103    2.34569883    1.91083737    1.85988826    2.55853664    1.85202931    0.45023784    0.00000000    0.39424721    1.17959993    1.30560644    1.48901302    2.00009482    2.15318670    1.78475146    1.83314937    2.01026265    1.99233353    2.03092598    2.16972598    2.49780228    1.45737262    2.88419339    1.99611782    2.30419056    2.34166832    2.27988190    1.86662455    2.08483585    1.97261556    2.58298896    1.62490626    1.94479131    2.83381961    2.40623290    2.43062603    2.36849909    2.65568645    2.65733771    2.67904463    2.43565239    2.12730464    2.39707799    2.23086643    2.39429488    2.87362880    3.13362097    2.43141909    2.85786743    2.96557419    2.51108084    2.50183283    2.43776598    2.20284039    2.49795074    2.18760863    3.23693043    2.51364520    2.85489497    2.76098790    2.56526555    2.54124653    2.96379115    1.97436859
Q9I2Y5_PSEAE/8-158     2.52898826    2.47642745    2.26433991    2.50173919    2.54029125    2.23625736    2.47220627    2.51596865    2.19491261    2.34735537    2.96133087    2.41203374    3.23496647    2.34097538    1.73213233    2.72429868    2.48623395    1.97530341    1.95499443    2.68263966    2.00031760    0.39984560    0.39424721    0.00000000    1.19598173    1.13741902    1.23413397    2.14579810    2.20908005    1.96560197    1.92034838    2.07521135    2.01856114    2.01557997    2.01508091    2.30248595    1.37557078    2.66970916    2.08966536    2.67847815    2.41286177    2.29046348    1.89079480    2.18240699    2.09767306    2.52488883    1.95662688    2.13310976    2.50870601    2.73524363    2.55176387    2.35049666    2.55000562    2.51339019    2.40362617    2.50032735    2.41464250    2.24935958    2.22415219    2.21052276    3.13249528    3.10573871    2.56183270    2.68626805    2.76826565    2.44751698    2.87066363    2.54250428    2.45605323    2.80836201    2.33446392    3.10825551    2.30142823    2.84254155    2.61685959    2.48569728    2.47210643    2.76946929    2.15887504
Q7UUG2_RHOBA/10-158     2.66729474    2.77730673    2.06022674    2.02857395    2.27829208    2.19902118    2.34065125    2.24640414    2.61032503    2.27452166    2.96752489    2.20151127    3.43647415    2.28785297    1.51661983    2.80643036    2.50647644    1.84883174    2.07708271    2.32574718    2.07084076    0.96685565    1.17959993    1.19598173    0.00000000    0.67092477    1.21360797    1.91360047    1.95370485    2.03446656    1.80391300    2.28713243    2.23890825    1.90562459    2.23487690    1.94749914    1.71300340    2.33434895    2.19737569    2.25869636    2.49122192    1.87253293    1.73072355    2.25050343    2.16400033    2.44155542    1.75871775    1.87483555    2.42302929    2.31355283    2.45879615    2.19713539    2.48934476    2.53104582    2.46528983    2.22324661    2.25793687    2.62997737    2.82874431    2.56128989    3.51169041    3.02229713    2.57418809    3.10278429    4.08028623    3.55177262    3.09107762    3.51331953    2.77221553    3.32798817    2.22495966    2.97162856    2.72330298    2.84449484    2.90245565    2.78387276    3.00338952    2.77182959    2.02622490
PANE_NOSS1/6-154     2.79511792    2.65569366    2.54941312    2.40598084    2.39825658    2.29851588    2.78186279    2.20942431    2.68441712    2.21248444    2.92715466    2.52431300    3.46029302    2.01506480    1.51206650    3.25968307    2.66292139    1.72319816    2.08085594    2.37885188    2.17676389    1.05225602    1.30560644    1.13741902    0.67092477    0.00000000    0.97433282    1.98295513    1.90792630    2.06397951    1.91341975    2.15536633    2.06954939    1.98528836    2.48784892    2.30792891    1.87204387    2.38683639    1.99555792    2.27845316    2.74171065    2.08736082    1.79480857    2.38751470    2.21794987    2.24673382    1.97450465    1.73760943    1.94948733    2.35134405    2.21130927    2.27895656    2.41377866    2.36267348    2.10823276    2.33832663    2.24388199    2.56608641    2.63153637    2.40295460    3.08732632    3.18309752    2.33638675    2.54879250    3.22153898    2.73991282    2.96290847    3.35241695    2.51279020    3.37556065    2.47225532    2.86592182    2.39477011    2.59917529    2.50201361    2.84274547    2.77317682    2.53544975    2.03157327
Q749Q9_GEOSL/3-151     2.87067159    2.44945859    2.26008199    2.05604055    2.45277676    2.08381050    1.99848322    1.96274053    2.37500741    2.56378634    2.66362601    2.31859128    2.90464105    2.05661473    1.81845255    3.27537086    2.76443550    2.02497337    2.19274679    2.45600215    2.16466887    1.24521421    1.48901302    1.23413397    1.21360797    0.97433282    0.00000000    1.68504385    1.79474008    1.74585745    1.61099183    1.83470306    1.78573388    1.43037923    1.91611730    2.32044236    1.54914451    2.32080288    1.63476796    1.86375725    2.30002564    1.81240257    1.64049235    2.20669425    2.17517503    2.59237936    1.64242015    1.60002593    2.02798232    2.28318527    2.10822914    2.00722124    2.14726062    2.30814876    2.01647443    2.02181623    2.09458168    2.60484526    2.56960706    2.50730966    3.21253813    2.95013555    2.29438212    2.93690622    3.71820749    3.12385561    3.18470872    3.19546505    2.75841294    2.87431699    2.26611523    3.17136472    2.58063949    2.34733051    2.16323162    2.49372948    2.48910916    2.62107493    1.71975652
Q9KC11_BACHD/3-151     2.50288329    2.34784085    1.93349728    2.07874986    2.42177911    1.92705151    2.07370240    2.04639618    2.40614553    2.45032920    3.05804717    2.68962404    3.04351518    2.21478424    2.20169203    2.77437629    2.49800781    1.92129532    2.29607861    2.47820202    2.47388980    2.06604729    2.00009482    2.14579810    1.91360047    1.98295513    1.68504385    0.00000000    0.58662854    1.06336229    1.00535548    0.98254568    1.04269158    1.07598711    1.98931951    1.53422501    1.62145841    1.74518108    1.70434886    1.87741904    2.80179419    2.55808001    1.92091138    2.34787184    2.25247083    2.42513594    2.09104452    2.06042350    2.04879800    2.01679832    1.93181196    2.28412463    2.19722893    2.27677431    2.31071591    1.96454445    2.57877715    2.73585753    3.01032228    2.79411721    3.32889473    3.21988952    2.69901922    2.81320269    3.20354345    2.80181218    2.81461022    2.99345310    2.78449397    3.20184769    2.78607330    3.28068794    3.13449947    2.81327188    2.24712307    2.64857138    2.20853143    2.52394697    1.81456651
YKPB_BACSU/3-151     2.67139746    2.37384238    2.18363020    2.10554124    2.39866945    2.31166806    1.85722319    2.14765841    2.66520638    2.31127337    2.92942932    2.74524143    2.82282452    2.05432346    2.14735128    2.55088585    2.49902697    1.78085272    2.16160547    2.15192620    2.19904217    2.18506503    2.15318670    2.20908005    1.95370485    1.90792630    1.79474008    0.58662854    0.00000000    1.04489363    1.05316481    1.06859407    1.21754741    1.15401240    2.24259430    1.59832352    1.46971538    1.65361309    1.83849662    2.07740341    2.59145942    2.41392676    2.11672466    2.28629542    2.01598890    2.18464952    2.21730297    2.27187345    1.99098953    2.17119540    2.02569172    2.33409766    2.37364552    2.41923014    2.13341992    2.07356900    2.53551687    2.78805942    2.81540752    2.79227438    2.97307103    3.24853250    2.65886387    2.71004387    3.23324710    2.88883649    2.83076179    3.22181887    2.57606294    3.28138797    2.50006053    3.40470397    3.31977400    2.59627949    2.30977058    2.72272777    2.29188276    2.42807303    2.29073746
Q8Y307_RALSO/3-154     2.42784566    2.16183558    2.32403475    1.92108996    2.17519455    2.04709901    2.13566482    2.22823866    2.08575958    2.74671711    2.64225754    2.54036158    3.04918302    2.21639157    2.00214460    2.89365490    2.52779094    2.15424079    2.05082311    2.98673754    2.34503665    1.93591487    1.78475146    1.96560197    2.03446656    2.06397951    1.74585745    1.06336229    1.04489363    0.00000000    0.47770263    0.78514044    0.73162466    0.85070252    1.77050851    1.72078131    1.40782763    2.13839992    1.72940363    1.86185661    2.41762087    2.00006915    1.68218387    2.15716417    1.96180141    2.38416259    1.91475864    1.74239867    2.36552903    2.36100580    2.12593468    2.23975957    2.30662514    2.66901499    2.40182924    2.10146510    2.69715014    2.43791454    2.36947952    2.33010990    3.03124399    2.88210685    2.72886746    2.97672039    3.33840346    2.74009014    2.85270517    3.08421682    2.64680956    2.95978878    2.79302714    3.40102298    2.77501820    2.62740850    2.41896995    2.45433654    2.25527842    2.64030467    2.30394570
Q8P3T9_XANCP/3-157     2.42422565    2.04281896    2.16412139    1.98320188    2.30156344    2.15470297    2.24112131    2.02917921    2.06923231    2.60518527    2.67420252    2.52549207    2.67265824    2.18026658    1.95017554    2.86027125    2.45236283    2.24022966    2.30790755    2.85557234    2.44238527    1.90356888    1.83314937    1.92034838    1.80391300    1.91341975    1.61099183    1.00535548    1.05316481    0.47770263    0.00000000    0.78486361    0.85638242    0.90350292    1.88606418    1.58884013    1.50030493    2.07047979    1.81967514    1.74624059    2.54515181    1.80695231    1.67785929    2.17666110    2.18474638    2.54998457    1.84371647    1.77577664    2.32409494    2.21424972    1.99404059    2.34959020    2.26242912    2.59719476    2.41553013    2.05780434    2.59195492    2.05425811    2.12338254    2.14430941    3.59425201    3.10550948    2.54595699    2.78082743    3.35595992    2.51457437    2.70496327    2.74491450    2.39263256    2.71138427    2.72870463    3.51278147    3.06876459    2.60630655    2.40003014    2.25861259    2.46095755    2.51977985    1.91190462
Q89WT9_BRADU/3-153     2.50765875    2.44028956    2.28365599    2.19115125    2.59633677    2.28938919    2.26929616    2.33520167    2.13172064    2.81046142    2.96208076    2.79956945    3.36768759    2.38825531    1.96947869    2.94964771    2.39177034    2.22511321    2.31565982    2.70147943    2.51975240    2.00837157    2.01026265    2.07521135    2.28713243    2.15536633    1.83470306    0.98254568    1.06859407    0.78514044    0.78486361    0.00000000    0.40249947    0.82272288    2.31018235    2.02170233    1.69261226    2.01261892    1.88507744    1.95342869    2.58794146    2.33277136    1.92395271    2.01669098    1.92640055    2.39874205    1.83176044    1.77881680    2.33221164    2.32512282    2.10263844    2.51925810    2.54873752    2.64984512    2.30140845    2.18350607    2.64665937    2.34012270    2.39642200    2.67128840    3.20891018    3.17881881    2.70355617    2.61782728    3.21403180    2.98179857    2.87628411    2.78823637    2.88836237    2.68029581    2.26999605    3.35656276    2.60137748    2.63489175    2.09862415    2.27196608    2.37269914    2.67987217    1.92166272
Q6NDT4_RHOPA/3-153     2.54640963    2.34678169    2.17910221    2.02608356    2.91123795    2.44517516    2.06219464    2.14927144    2.22463725    2.79793292    2.78909173    2.71597336    3.57675586    2.41351335    2.10891045    3.04835280    2.52730912    2.01088316    2.26907873    3.02199516    2.60944469    1.88997649    1.99233353    2.01856114    2.23890825    2.06954939    1.78573388    1.04269158    1.21754741    0.73162466    0.85638242    0.40249947    0.00000000    0.91308350    2.32514060    2.19349646    1.67168616    1.87376793    1.58756626    1.87882441    2.61853468    2.14944354    1.84009395    2.23518207    2.04073179    2.44618941    1.77425339    1.78782118    2.25991037    2.11607308    2.14003349    2.11233058    2.43999149    2.31002774    2.23187061    2.10975475    2.98265614    2.48127605    2.39574394    2.61911388    3.15856425    3.26670080    2.70446064    2.94917836    3.52592326    2.99932700    2.93134020    2.76567933    2.85137375    2.74116850    2.24355390    3.48626287    2.65221655    2.50514545    2.27696430    2.24667232    2.44847249    2.67923612    2.03227076
Q89LE0_BRADU/3-152     2.41216012    2.24015712    2.50926582    2.01543924    2.50932348    2.21059926    1.95058660    2.23150965    1.87556214    2.71678342    2.19847246    2.41235232    3.78178188    2.02580859    2.00335191    3.09086750    2.89748333    2.28338678    2.47892972    2.72656165    2.37372161    1.74080567    2.03092598    2.01557997    1.90562459    1.98528836    1.43037923    1.07598711    1.15401240    0.85070252    0.90350292    0.82272288    0.91308350    0.00000000    1.78218205    1.93882586    1.54482965    2.05904936    1.71597605    1.77464912    2.41725104    1.83404853    1.93258829    1.94989067    2.25497673    2.43803545    1.70564901    1.66239365    1.97570056    2.06411671    2.13589815    2.21565125    2.22514384    2.22975668    2.07804337    2.03606252    2.72728966    2.12112005    1.92536888    2.48447503    2.81830169    3.04129348    2.49342464    2.75279854    3.40045800    2.57546403    2.88283288    2.72292396    2.85406407    2.95752319    2.90724598    3.57685465    2.51219320    2.11703062    2.30497267    2.40455425    2.17112986    2.60455390    1.89095398
Q7MT04_PORGI/8-165     2.57194018    2.55029307    2.57086915    2.22100563    2.58163970    2.57877861    2.36829980    3.25393636    2.11636899    2.97305201    2.84982168    2.45777223    3.41735578    2.66920316    2.64489784    3.03334595    3.01967539    2.57038740    2.35674982    2.85423670    2.63087242    1.88363995    2.16972598    2.01508091    2.23487690    2.48784892    1.91611730    1.98931951    2.24259430    1.77050851    1.88606418    2.31018235    2.32514060    1.78218205    0.00000000    2.05404081    1.63384156    2.87129678    2.34272651    2.48103197    2.72046816    2.09785463    1.61857286    3.04883844    2.57055896    2.70768940    2.00015185    2.00791345    2.52621306    2.80233816    2.65933186    2.14841720    2.42084762    2.65840671    2.45416181    2.19202173    2.81632919    2.95004967    2.60672576    2.75396282    3.21952062    4.14727195    3.08087691    3.29123034    3.41659877    3.04678183    3.11547538    4.05398616    2.83048575    2.93966900    2.92929780    4.19366509    3.07119054    3.10237195    2.74916891    3.36594092    2.80229523    3.05763843    2.36332690
