7
CYAA_BORPE/588-896     0.00000000    1.25604073    1.43400917    1.42308458    1.46950175    1.77231847    1.69698358
J2LL45_9BURK/504-842     1.25604073    0.00000000    1.62322681    1.56754222    1.57235170    1.96788911    1.70377121
M4RAK6_BIBTR/285-591     1.43400917    1.62322681    0.00000000    0.50256686    0.49312352    1.88790270    1.79885168
F5S905_9NEIS/287-593     1.42308458    1.56754222    0.50256686    0.00000000    0.24912870    1.95352928    1.79461697
A0A066UM22_9GAMM/265-571     1.46950175    1.57235170    0.49312352    0.24912870    0.00000000    1.88720553    1.84984155
E3BKQ9_9VIBR/744-1065     1.77231847    1.96788911    1.88790270    1.95352928    1.88720553    0.00000000    1.31706544
A4ES15_9RHOB/402-709     1.69698358    1.70377121    1.79885168    1.79461697    1.84984155    1.31706544    0.00000000

