150
D8S5H4_SELML/260-316     0.00000000    0.75706874    1.05178887    0.95456998    0.81557666    0.87862252    0.95933559    0.89631960    0.84491944    0.76550788    0.99222708    1.12867971    1.04619206    0.94390145    1.06116562    1.53477672    1.65446511    1.69189255    1.65318445    1.65861451    1.68569319    1.66364344    1.84211408    1.59904511    1.88768107    1.63918801    2.01544722    1.72487954    1.51649431    1.89642662    1.77829747    1.70732630    2.67750308    2.53261216    2.54196243    1.74727864    2.18283031    1.83665096    1.98290877    2.44493975    1.96337237    1.96582755    1.57374085    1.91212780    1.79987286    1.78605507    1.70760444    2.15598039    2.09475000    1.75476881    2.42986364    1.78584923    2.67085701    1.97720741    3.69222808    3.21797188    3.15870080    3.28234886    3.23547004    2.84516570    2.62879103    2.71600165    4.13816002    3.42284361    2.61768484    2.94149832    4.01836412    3.74575859    2.81700666    3.44426740    2.95154096    3.13180789    3.76409471    3.00491258    2.92730489    3.35339477    3.28032593    3.44377253    2.91494825    2.83766614    2.89570132    3.39907804    2.71197875    3.56273815    2.07051143    2.38521581    2.79217327    2.73213859    2.59258008    3.21950503    2.63744840    3.65701633    2.17253708    1.57269700    1.86083206    1.75161839    1.69228586    1.67121097    1.79867289    1.71155967    1.86855757    1.46424708    1.96113273    1.96884343    2.20962931    2.32728677    2.46917448    2.29865977    2.48615753    2.58467930    2.20542804    2.50996463    2.08565796    2.26280008    2.14577245    2.09478639    2.29161023    2.32367713    2.26039317    2.29464431    2.12194721    2.35501677    2.36014010    2.27416718    2.21435130    1.98552606    2.17908744    2.32520458    2.04763963    2.29910728    2.13791952    1.98701489    1.97649371    2.34671313    2.23165515    2.43984238    2.55731713    2.26830921    2.53138377    1.88259090    1.87381592    1.57497818    2.05606949    1.82574263    2.19297928    2.83263003    2.55934728    2.10550034    2.87763148    2.82827273
M0SFV9_MUSAM/199-255     0.75706874    0.00000000    0.62977082    0.45086402    0.44880176    0.44999906    0.36541725    0.37644454    0.55146031    0.83088349    0.70360980    0.88799630    0.80533529    0.74318989    0.54141987    1.22212814    1.42131953    1.55254201    1.38328863    1.27577594    1.47711121    1.29022612    1.60255169    1.27992654    1.47718338    1.40407934    1.68365183    1.43327022    1.37408099    1.72731439    1.35541065    1.41100695    1.62641078    1.80366655    2.03184760    1.45333148    2.30712893    1.74383593    1.95627565    1.74942196    1.47287121    1.77383436    1.69000062    1.67972058    1.90136020    1.96303884    1.66757006    1.80914025    1.96321713    1.47996810    1.81383606    1.48285591    2.64288236    2.07376004    4.14340147    3.47241868    3.21113339    2.80250374    3.25568846    3.59087857    3.42523619    2.97791358    4.02871005    4.42283197    2.96307934    3.64011747    4.11802748    3.78551683    2.77780118    2.36659831    2.24330903    2.48886109    2.73286595    2.41127866    2.73913735    3.30709564    2.78273296    3.00473029    2.53664723    2.26603471    3.06676336    3.10951092    2.59189002    3.33792592    2.44475813    2.31481105    2.36335767    2.73892854    2.47757753    2.70683167    2.52697109    2.82797033    2.16709436    1.57932447    1.56951344    1.73611885    1.85708702    1.65015174    2.03146455    1.47043271    1.76431874    1.38088466    2.05890800    1.69156997    2.15353608    2.07094604    2.04914005    2.19238275    2.03893136    1.98532857    2.08689983    2.28433258    2.07813539    2.01455287    2.35544424    1.86107345    1.86096533    2.10232224    1.93996212    1.86534454    1.89155157    2.09715632    2.20127885    1.80220695    1.88334380    1.79464349    1.65229243    2.00652083    1.74929839    1.96287027    1.85404100    1.86893999    2.04233897    2.05323670    2.25594000    2.05383926    2.21402693    2.02009732    2.42813770    1.36035206    1.85003550    1.32309510    1.51255250    1.55116785    1.82920875    2.44060649    2.12543534    1.77586307    1.90474100    1.86674779
PTM_ARATH/193-249     1.05178887    0.62977082    0.00000000    0.50309821    0.65068300    0.65551263    0.59105253    0.52207790    0.78626134    1.13618161    0.81516151    1.03431216    0.95614220    0.77263594    0.65142287    1.33089019    1.39097605    1.50726992    1.57385076    1.30761552    1.53679095    1.28853800    1.77684485    1.48098695    1.49449621    1.44950478    1.75968193    1.57676941    1.48911257    1.58845833    1.45302574    1.45551604    1.91441473    2.59140488    2.01571111    1.85245800    2.02025431    1.69208262    1.98014190    2.09123001    1.38472377    1.56981560    1.57967570    1.67401825    1.69923857    1.57538864    1.46377461    1.55936294    1.82524902    1.38481715    1.56853798    1.09827462    2.70111129    2.50245943    3.61793880    3.70550750    3.33730493    3.10647092    3.29731862    3.23085234    2.97345941    2.92483591    3.66141227    4.40085917    3.25016045    3.13594359    3.80814459    3.64711120    2.62753248    2.46809011    2.22310568    2.47327059    2.66398654    2.65966373    2.58379701    2.76621387    2.53650121    2.82377136    2.50439180    2.11075274    2.74162023    2.77122777    2.64460048    3.03320704    2.38934678    2.05133958    1.99752930    2.61330274    2.16471945    2.37710244    2.12303044    2.33768389    2.31060988    1.44705788    1.36826476    1.81658110    1.53555892    1.50892615    1.77089681    1.25116754    1.69699816    1.23224262    2.11923805    1.59066633    2.13895863    1.86984333    2.20016484    1.84841474    2.12051440    1.99494116    1.91855305    2.07364425    1.93616192    2.10511200    2.21162731    1.93794422    2.00388269    2.05965249    1.85699412    1.67838691    1.66776006    1.82022172    1.87031755    1.66916364    1.71537987    1.66319760    1.57190099    1.85150563    1.86313068    2.02803315    1.91450745    1.74737910    2.02642081    2.09804471    2.33264961    1.95443656    2.07488722    2.02762983    2.38188204    1.68386624    1.91591815    1.50247326    1.73692152    1.71128505    1.91940238    2.18471937    2.09955479    1.97111738    1.70869630    1.57680195
M1AAG6_SOLTU/199-255     0.95456998    0.45086402    0.50309821    0.00000000    0.48637603    0.49241847    0.40099460    0.35312516    0.62136663    1.08988023    0.72500294    0.80447165    0.73573810    0.66943403    0.59531277    1.42747693    1.40000093    1.47888114    1.66681331    1.25880082    1.51130333    1.41144210    1.71175675    1.38013821    1.42734635    1.30970680    1.64485180    1.50184097    1.40638061    1.89271487    1.43001768    1.25335845    2.13270951    2.27107153    2.25261475    1.92707471    2.04888932    1.83750083    2.22901606    2.11194714    1.36109964    1.54420772    1.82430523    1.76396706    1.77628153    1.62644395    1.53565345    1.70314869    1.85601698    1.53459964    2.02857572    1.44211703    2.62701970    1.78075414    3.62484292    3.48206149    2.86397308    2.98659302    3.20599409    3.10313803    3.15803432    2.49843065    3.50926779    3.56910124    2.70643126    3.13736989    3.46681700    3.02260873    2.03508795    2.91115865    2.59093264    3.00243923    3.64815350    3.16202356    3.11416076    3.85712245    2.89945704    3.19739600    2.69299427    2.15763691    3.30093815    3.24676275    3.04310074    3.79660493    2.22701286    2.18164148    2.37380516    2.99937121    2.68877717    2.92777962    2.49422581    3.26464198    2.65574321    1.59876625    1.45947729    1.96597701    1.87389380    1.57797861    1.88000505    1.42783884    1.85559033    1.34710014    2.02617799    1.87539651    2.20161692    2.15541994    2.09879880    2.17745527    2.18730966    2.15981763    2.04881818    2.18521300    1.93257545    2.13050873    2.06067901    2.23640228    1.98377455    2.20487682    2.09113913    1.83742856    1.74029825    1.99132058    1.97566694    1.90943750    1.89129845    1.87258682    1.51669750    1.97822180    1.93523785    1.95326808    1.83564592    1.75999663    1.87069350    2.11211434    2.47409393    2.18658733    2.25790863    2.19569881    2.51351764    1.70131782    1.83301669    1.40091936    1.61583651    1.86053150    1.95033971    2.34929289    2.11511460    1.76648003    1.74082946    1.75020519
I1LTQ6_SOYBN/183-239     0.81557666    0.44880176    0.65068300    0.48637603    0.00000000    0.40719843    0.33650673    0.33702493    0.54882863    0.76930700    0.57053513    0.73324760    0.65102167    0.65110448    0.54057781    1.29282482    1.38814505    1.37124907    1.60929935    1.40015391    1.53317780    1.56681634    1.75055048    1.38401808    1.63538276    1.41994781    1.52506680    1.46902062    1.32361024    1.53702151    1.50617104    1.36358169    2.11990173    2.01279521    2.13712069    1.95380342    2.42119133    1.80338351    1.91189127    1.93860029    1.43262886    1.37636803    1.52210556    1.48225022    1.65310405    1.71026201    1.38855166    1.74926650    1.57068459    1.36361797    1.88554091    1.50685540    2.56408965    1.97827142    3.59982722    3.66045760    3.61431290    3.10286273    3.81952478    3.17336865    3.28571846    2.86265090    4.70442194    4.27827706    3.24077135    3.59457470    3.67755078    3.71841779    3.04686367    2.80248501    2.39577414    2.44440970    3.64061263    3.23561614    3.42159898    3.41269748    3.02581019    3.50956866    2.72569541    2.84828739    3.11190792    3.32271511    2.52426893    3.86563590    2.53955966    2.39684702    2.49519551    2.69358058    2.52473455    2.89463552    2.66123097    3.20003887    2.35676390    1.27602302    1.37737427    1.59860580    1.54850696    1.45911456    1.67830989    1.45827865    1.57422616    1.23724632    1.59740255    1.84361081    2.16064804    2.36104017    2.02714229    2.07451186    2.34101168    2.33925749    2.05252703    2.29857673    1.92102335    2.03496786    2.23156549    2.04135525    1.98032054    2.34832002    2.00138204    2.17139190    2.16499095    2.32893090    2.17603814    2.15341811    2.24749667    2.01136319    2.06397617    2.11090379    2.02183650    2.03076423    1.95232250    1.67274076    1.97971653    2.04612840    2.30581825    2.19372610    2.42242062    2.13557967    2.33923018    1.74917673    1.68572704    1.13539517    1.29339133    1.56758540    1.95342137    2.08644977    1.96001132    1.50609360    1.85906227    1.92914261
K7LTR1_SOYBN/201-257     0.87862252    0.44999906    0.65551263    0.49241847    0.40719843    0.00000000    0.38463955    0.43277256    0.78684504    1.05245696    0.75206380    0.86750356    0.85163428    0.76982530    0.58599026    1.65843471    1.75151460    1.47957240    1.59470519    1.45312791    1.58051142    1.54409913    1.85040116    1.61081691    1.82571605    1.65204689    1.63076180    1.58235350    1.45348463    1.63641277    1.70598291    1.47684611    2.16924268    2.21813135    2.17239029    1.78495289    2.27514124    1.72488250    2.04366789    1.72632341    1.59484557    1.72229956    1.58423400    1.62261302    1.85631838    1.60931001    1.56963835    1.62368471    1.67158951    1.55056422    1.90148418    1.27376228    2.41485186    1.89804824    3.42595535    3.40491940    3.19071734    2.94025669    3.28410626    2.98531953    3.03232088    2.71977604    4.00780184    3.74868765    3.15848854    3.36161313    3.24041638    3.05595983    2.30480090    2.95773492    2.64596576    2.72948264    3.38379499    2.76808980    2.95716349    3.47206927    3.18044588    3.59457652    2.82106981    2.77488635    3.24716591    3.52994589    2.52894249    3.87310803    2.48743497    2.62358830    2.59500427    2.86307156    2.73446850    3.04347788    2.71620709    3.21227482    2.51806930    1.30456937    1.31276325    1.51316011    1.52879341    1.34636781    1.60464296    1.36513504    1.66705883    1.24258078    2.00721607    1.75371027    1.95226382    2.31474400    1.95049728    2.04427702    1.94432599    2.00582003    1.84972993    2.06692488    1.88718111    1.87882395    2.16714252    1.94029258    1.83045869    2.00001002    1.89418874    1.79336133    1.65966978    1.99990582    2.02298919    1.89395063    1.87453800    1.83916205    1.78917401    2.34305512    2.09791814    2.15601223    1.96427931    1.91927670    2.27038798    2.40363836    2.58711732    2.23823842    2.40182000    2.24972691    2.58463871    1.58906573    1.90212872    1.52565587    1.74498824    1.83833152    2.01513033    2.12640342    1.84398939    1.69637594    2.01529277    2.07565197
B9SN69_RICCO/195-251     0.95933559    0.36541725    0.59105253    0.40099460    0.33650673    0.38463955    0.00000000    0.24823508    0.77231558    1.11651621    0.74549085    0.77674812    0.86602410    0.75344794    0.65295247    1.47871801    1.43644921    1.55087624    1.51730871    1.15385094    1.16145707    1.40621301    1.47084357    1.30098662    1.42718064    1.29350669    1.67407006    1.39542384    1.33199947    1.63328122    1.28099876    1.30587887    2.16061220    2.02118665    2.32874358    1.97119022    2.05435084    1.69709752    1.98691287    1.64474517    1.47844903    1.51908908    1.49523295    1.52461231    1.40029871    1.45568452    1.31904194    1.65261060    1.42958286    1.38233490    1.64067047    1.30208651    2.30248782    2.11151551    3.61179214    3.10077502    3.31549396    2.55160242    3.81495057    3.10568102    3.01822438    2.71760106    3.91352929    4.02388455    2.70710597    3.38769447    3.21840654    3.13095805    2.40821518    2.57907942    2.07862407    2.00709907    2.94856527    2.68689865    2.51692904    3.26015310    2.59805864    3.15182401    2.30782759    2.43851497    3.08875397    2.94764763    2.51116271    3.72278899    2.52141216    2.35497970    2.46545918    2.56480935    2.54951834    2.80045542    2.56466586    2.93598850    2.73795347    1.40544883    1.31870212    1.62190212    1.84578305    1.44957414    1.73625187    1.42893618    1.62434703    1.27974755    2.11768725    1.78020907    1.91711626    2.22283946    1.92364650    1.91346339    2.02611763    1.93785100    1.90301977    2.04865700    1.95728446    2.01918993    2.17141058    2.05913832    1.93748087    2.04590571    1.93940072    1.83488505    1.69201516    2.05836595    2.01735926    1.83093161    1.86099991    1.78252971    1.68320959    1.99993426    2.02986794    1.88982282    1.46955138    1.59063131    1.79184727    1.86373414    2.15089059    1.85525484    2.05077020    2.03300881    2.17082524    1.67314288    1.73152994    1.30347618    1.37384123    1.92067627    1.95336840    2.46765976    2.31395514    1.59417790    1.90789549    1.75656007
F6GW59_VITVI/197-253     0.89631960    0.37644454    0.52207790    0.35312516    0.33702493    0.43277256    0.24823508    0.00000000    0.68606863    1.01389809    0.73468248    0.73016751    0.77840109    0.75420206    0.55131938    1.34329209    1.57250122    1.46701056    1.79312354    1.37121580    1.43215478    1.39686190    1.65539086    1.32719306    1.48262080    1.36658695    1.76018170    1.55724005    1.37815492    1.78772306    1.46210892    1.26719576    1.90714857    1.81249417    2.11164533    1.68636124    1.97621267    1.67104198    2.02690179    2.00151464    1.39326205    1.59354392    1.69026154    1.97671446    1.77999821    1.76558168    1.51590410    1.89462519    1.72970783    1.44347183    1.53474240    1.33732939    2.49082003    2.42734268    3.59791924    3.37445376    2.89874891    3.05410788    3.14796451    2.95116380    2.99545272    2.81096544    3.96834918    3.53621609    2.81128782    3.31997314    3.58437653    3.45672094    2.53541404    2.37312711    2.23645971    2.37858709    3.04604122    2.65333198    2.87032588    3.22234274    2.58204544    3.14145504    2.51737016    2.21950122    2.84311614    3.05148968    2.52737228    3.51508547    2.29319711    2.26389845    2.32878547    2.70399286    2.46620979    2.81898386    2.38245345    2.90775756    2.50522097    1.44836354    1.24295497    1.77817751    1.70218216    1.50580067    1.72820984    1.33251478    1.67457822    1.27515239    1.89610533    1.92358505    2.23903365    2.26827904    2.24063765    2.21544656    2.28435919    2.16344950    2.05976945    2.21792169    2.09692051    2.08051780    2.35495097    1.97734266    1.98305118    2.16670082    1.97009707    2.03774733    1.89045898    2.23080605    2.20638792    2.00740465    2.07518448    1.87636473    1.65354810    2.05847475    1.84136419    2.12961815    1.90535287    1.69411068    2.12642043    2.19964026    2.43741320    2.18333623    2.39754033    2.11390854    2.50487322    1.58964308    1.93814036    1.36922829    1.44774296    1.63731433    1.91762951    2.12955680    1.97204026    1.62618277    1.62205512    1.53452117
W1PDF1_AMBTC/388-444     0.84491944    0.55146031    0.78626134    0.62136663    0.54882863    0.78684504    0.77231558    0.68606863    0.00000000    0.51084163    0.39136647    0.43606806    0.45859699    0.52290057    0.59269748    1.38380011    1.27408145    1.02960395    1.14732473    1.10965471    1.24407463    1.18120077    1.48487280    1.34937475    1.25799815    1.18263447    1.49765607    1.33358149    1.04246435    1.32516262    1.19385384    1.56033123    2.15297677    2.08997070    2.36634516    2.24534981    2.25791988    1.80134384    1.90736223    1.82004578    1.42954462    1.76370558    1.76391302    1.58403284    1.87063432    2.04320384    1.48635864    2.18386794    1.85638157    1.55208913    1.98026080    1.46000059    2.99536542    2.22049436    3.41277590    3.33261060    2.90377381    3.42751012    3.27478870    3.12497604    3.53858525    3.21107349    4.25118065    4.30549081    3.16238503    3.59224602    3.41851219    3.36109508    2.91390216    2.44238094    2.46449797    2.78749978    3.11171229    3.17517351    3.36871892    3.27060059    2.56881062    3.08790847    2.71184134    2.36752702    2.99540948    3.01571249    2.15366378    2.95407597    1.84974300    1.87006774    2.06556204    2.73627347    2.39447686    2.40289450    2.06035187    3.13486205    2.14001345    1.41438853    1.64017872    1.77107939    2.00616830    1.78747901    2.08030527    1.61101642    1.82120272    1.46398406    2.01553705    1.93726040    2.19237669    2.31589908    2.00707187    2.01820143    2.25182786    2.15725418    2.06087093    2.29479771    2.08474450    2.10265838    2.22425083    2.14145261    1.92440490    2.35961445    2.12608828    2.09875206    2.06671831    2.25437452    2.12761074    2.06851043    2.11333744    2.12054409    2.00616692    2.07399615    1.89440395    1.91187649    2.26461773    2.00256805    2.15273205    2.27986814    2.45141324    2.29150394    2.42997717    2.16160677    2.41827818    1.83843776    1.98328791    1.46612649    1.77687726    1.72498621    1.99808008    2.63745601    2.27976946    1.86156286    1.93810797    1.91611216
M0TP27_MUSAM/191-247     0.76550788    0.83088349    1.13618161    1.08988023    0.76930700    1.05245696    1.11651621    1.01389809    0.51084163    0.00000000    0.58635587    0.71226694    0.61289232    0.57698932    0.85914544    1.69542600    1.33768664    1.53616248    1.48451824    1.59050183    1.70463264    1.83490337    1.86325657    1.80034991    1.78811580    1.62314901    1.97099560    1.74046783    1.48279124    1.59265754    1.60057540    1.62693647    2.20248638    2.54100099    2.25882566    2.08878604    2.76477439    2.30824116    2.39911071    2.05128294    1.72533064    2.09699216    1.61154425    1.70017725    2.05138656    2.04811122    1.74409290    2.37292086    1.82441104    1.62484622    2.16142921    2.25879904    3.01537582    2.50279528    3.28159225    3.47860470    2.75902149    4.06867872    3.66461309    2.89557519    3.24232444    3.14304909    5.03524398    4.25917005    3.43688732    3.37675848    4.25252644    3.91462123    2.74516482    2.51244294    2.02311937    2.65971553    2.93456289    2.78722775    2.97276406    3.05846830    2.64150930    2.84128577    2.90143128    2.63405309    2.57072840    2.54534385    2.54598044    3.83102619    2.59987973    2.57692726    2.63791568    3.33795541    2.26844998    3.10493646    2.84891515    3.53797437    2.75033894    1.64140059    2.20246840    2.17671049    2.48339078    2.12151885    2.42663583    1.90419370    2.19019455    1.79104097    2.22277079    2.55738973    2.47594576    2.57430636    1.95675824    2.24376354    2.71276081    2.38151785    2.42416904    2.43640661    2.57395362    2.24729032    2.43965682    2.38470826    2.10048500    2.77215304    2.37818157    2.21368143    2.20003272    2.50900114    2.66038944    2.33820724    2.37393550    2.26862469    2.23060879    2.16868047    2.36361822    2.24592810    2.17395301    2.01645632    2.20131363    2.28345538    2.39334541    2.48268071    2.69836304    2.25919160    2.32955592    1.88690938    1.89506085    1.86699931    2.35084799    2.41302006    2.36717373    2.90287091    2.62264463    1.96773129    2.32188610    2.28336980
B9RIG6_RICCO/536-592     0.99222708    0.70360980    0.81516151    0.72500294    0.57053513    0.75206380    0.74549085    0.73468248    0.39136647    0.58635587    0.00000000    0.33672024    0.39509370    0.41212261    0.58161623    1.42290500    1.19440737    1.27384230    1.30631956    1.22385344    1.22688304    1.46364520    1.44338311    1.54567023    1.42961361    1.27769020    1.38807167    1.49054410    1.28481027    1.41031426    1.37465264    1.40507658    1.92777530    2.07155983    2.20002725    1.84658172    2.07176178    1.80938775    1.84392598    1.66769228    1.63704568    1.75296627    1.52470069    1.64277896    1.70351076    1.88485312    1.47706876    2.13657110    1.55377014    1.69314973    2.02571212    1.81303087    2.61700976    2.02793405    3.04142541    3.12283439    2.71494805    3.26349387    3.45083302    2.86552829    3.38527621    3.00577140    3.66177108    3.89869047    3.00553367    2.65583961    3.20216340    3.15687031    2.86772292    2.64003063    2.22369852    3.11662969    3.40944044    3.09548154    3.32666847    3.72684722    2.98565911    3.25732348    3.01362464    2.58038164    3.09010248    2.82016217    2.12484686    3.52848711    2.24018257    2.18539556    2.28052317    2.73200606    2.25304169    2.91972515    2.59832742    3.12315842    2.35337202    1.23067759    1.67777239    1.88031270    1.95405602    1.68391311    1.84227976    1.45739361    1.52185446    1.44507440    2.13872238    2.06232571    2.05451554    2.20006025    1.81304936    1.91067845    1.90160927    1.89349044    1.87446816    2.07368389    1.97861524    1.90573208    1.97808327    2.11968405    1.71503787    2.10691397    1.81593064    1.79205006    1.84250567    1.97225232    1.94444493    1.97316886    1.91569048    1.93361247    1.88541887    2.05469424    1.79847697    1.80081596    1.91075685    1.88334252    1.91364336    2.34108582    2.36811253    2.12970212    2.23761089    2.13552608    2.51797516    1.83167259    1.50464984    1.62884004    1.88719657    1.74358248    2.18208033    2.30481291    2.21695695    1.91998617    1.93860464    1.99603275
I1LPD9_SOYBN/481-537     1.12867971    0.88799630    1.03431216    0.80447165    0.73324760    0.86750356    0.77674812    0.73016751    0.43606806    0.71226694    0.33672024    0.00000000    0.36002746    0.43569696    0.77633639    1.61002112    1.26108962    1.11653215    1.30449515    1.25386140    1.29631663    1.35170663    1.53476804    1.40843109    1.29011441    1.20344269    1.59768403    1.40416289    1.18504503    1.46055519    1.44907379    1.29409280    2.29199009    2.35043863    2.59023464    2.34546203    2.20580360    1.95113186    2.13330337    2.16961298    2.04501444    1.84683292    1.85018949    2.10316481    1.84605350    2.00138490    1.62112998    2.40110704    1.75659043    1.77496866    2.11645467    1.98412629    2.67440921    2.32741793    3.30873967    3.74507833    3.15660599    3.59150340    3.54591755    3.15131367    3.65784483    2.90479947    4.14961422    4.25678499    3.44011945    2.94082770    3.86336637    3.11857974    2.70701528    2.55615657    2.33294774    2.98429584    3.37365281    2.79129900    3.24260884    3.47971086    2.80055290    3.27409573    2.90487988    2.37367956    3.10172621    2.98767516    2.22852657    3.88044003    2.17122551    2.11978570    2.35699151    2.88897007    2.38983566    2.81901832    2.44679656    3.43393990    2.73171715    1.49374452    1.77288932    1.84399777    2.06092470    1.91425078    2.24235940    1.68378739    1.93234169    1.65390036    2.22965123    2.16832589    2.16090182    2.46332826    2.04159015    2.19497364    2.18864679    1.98504095    2.00800407    2.28750036    2.12768112    1.96615063    2.18163200    2.25154294    1.76159220    2.30753171    1.96027860    1.94449877    2.05818503    2.18053589    2.22401886    2.22398292    2.07649352    2.10525244    2.21922327    2.35981888    2.13768255    2.13796295    2.07984147    1.91917579    2.22745260    2.42772210    2.58467874    2.29851306    2.57248980    2.27286023    2.20513726    1.97255058    1.75877128    1.77694507    1.80846126    2.14889348    2.29307901    2.91649582    2.68094373    2.12123217    2.11877012    2.07021291
M4E3M3_BRARP/348-404     1.04619206    0.80533529    0.95614220    0.73573810    0.65102167    0.85163428    0.86602410    0.77840109    0.45859699    0.61289232    0.39509370    0.36002746    0.00000000    0.31841180    0.71157550    1.58761186    1.27258010    1.39265332    1.54500009    1.31518123    1.41417971    1.41463996    1.55037614    1.52024611    1.41286705    1.31767275    1.48987890    1.60597449    1.19782741    1.55718039    1.48506984    1.42891417    2.01015315    2.32677042    2.33198360    2.24047106    2.37210281    2.11115380    2.17654379    2.18642968    1.74235833    1.82634494    1.85946350    1.92400948    1.91208990    1.94548787    1.52605037    2.28792330    1.82919536    1.75925274    1.89961991    1.72407556    2.52600766    2.07804655    3.58633105    3.70698368    3.10013243    3.41902495    4.34922505    3.47563815    3.56550103    3.21391654    3.96225598    4.15529507    3.77997384    3.26558439    3.75214328    3.10724682    2.64504641    2.37239678    2.14894750    2.99971100    3.08808234    2.55473028    2.72884600    3.00230928    2.41226646    2.98134487    2.50408980    2.43322711    2.72732312    2.80102851    2.42694522    3.54940459    2.84898555    2.34136281    2.42456781    3.09915864    2.92739692    2.86875056    2.91721326    3.44590722    2.66607310    1.38050606    1.73230971    1.74449540    1.91078635    1.59671266    1.90178676    1.52952483    1.74161501    1.55298367    2.05070035    1.97344334    1.85922906    2.10578795    1.62411342    1.97366715    1.88578846    1.92197533    1.63772982    1.83285015    1.76039888    1.64559827    1.76176205    1.75474603    1.66300595    1.92545276    1.55363181    1.74892492    1.64307688    1.94751585    1.94961160    1.86691376    1.93930443    1.88897971    2.05935158    2.19377238    2.41533056    2.08432351    2.23826464    2.26579490    2.25247568    2.39665252    2.54389841    2.42493182    2.44653589    2.09760154    2.42100325    1.97299603    1.82740056    1.39207923    1.86602719    1.88397322    2.12050164    2.65800795    2.35427328    1.96129112    2.05187150    2.24197388
F6HA06_VITVI/398-454     0.94390145    0.74318989    0.77263594    0.66943403    0.65110448    0.76982530    0.75344794    0.75420206    0.52290057    0.57698932    0.41212261    0.43569696    0.31841180    0.00000000    0.65627155    1.30783545    1.14970240    1.33899040    1.54772636    1.33408532    1.39323688    1.46215546    1.61647806    1.53935723    1.38184399    1.30345673    1.44136778    1.51902953    1.29399591    1.50945396    1.48246006    1.30800178    2.11569983    2.29824239    2.28845080    2.12228558    2.22752739    2.07686190    2.30589296    1.77047270    1.48539327    1.60062013    1.60013042    1.78493268    1.67452533    1.78537778    1.40216016    2.00617930    1.71189558    1.46105126    1.80443718    1.56630787    2.56949191    1.88646490    3.36729099    2.91815639    3.09793531    3.05202436    3.16827444    2.56547286    3.11192216    2.62347057    3.78417759    4.00107571    2.99777605    2.38067787    3.24474865    2.84184037    2.51723883    2.23448378    1.90204937    2.61396048    2.98076464    2.49375565    2.90555128    2.91480343    2.47680985    2.87727376    2.57335006    2.16788803    2.82200875    2.59352943    2.09947998    3.50527196    2.22626374    1.87485821    2.15780832    2.47341021    2.10788201    2.63942242    2.52300043    2.99803072    2.60998478    1.45796038    1.72395829    1.94855327    2.09918706    1.68002719    2.01931964    1.45938222    1.68938019    1.49912490    1.96592081    1.93987033    2.19994769    2.39577807    1.99981881    1.98266754    2.02719918    1.92058124    2.00928034    2.02865090    2.00900335    1.86760080    2.19209294    2.14567064    1.81630735    2.22003142    1.92288481    1.79538502    1.71584847    2.02529067    1.96445180    2.09146445    1.94056181    2.01461431    1.80231597    2.14500435    2.14041733    2.12432832    1.80772984    1.79234772    2.14676696    2.32985336    2.14779364    1.89856557    2.21520017    2.01079440    2.09397944    1.68385415    1.76119795    1.54286634    1.78403014    1.73433198    1.70062661    2.27600465    2.17075504    1.86321942    2.01835811    1.96391445
W1PYZ1_AMBTC/285-341     1.06116562    0.54141987    0.65142287    0.59531277    0.54057781    0.58599026    0.65295247    0.55131938    0.59269748    0.85914544    0.58161623    0.77633639    0.71157550    0.65627155    0.00000000    1.35121944    1.29559541    1.35681600    1.52382299    1.29227881    1.33305789    1.43217799    1.64403919    1.61822239    1.64346733    1.38858956    1.43407647    1.49658793    1.38451343    1.46204098    1.55706736    1.34172144    1.83985436    1.90133126    1.88229860    1.60550000    1.93039588    1.71194896    2.13181126    1.77047212    1.35524297    1.25659986    1.13646536    1.42999256    1.53197617    1.45373995    1.25337770    1.45104032    1.49746530    1.32478051    1.57752096    1.43413606    2.63192065    2.02051823    3.01286575    2.75088399    2.82177289    3.10304074    3.24455436    2.71438811    3.08634072    2.51931768    3.17785305    3.64691948    2.96355374    3.24590463    2.88876818    3.06860306    2.45383007    2.81347849    2.48749662    2.89158463    3.23927073    2.92176674    3.31809401    3.39585543    3.00714660    2.98669617    2.65402595    2.49251456    2.91240623    2.60248981    2.46786562    2.67126644    2.26317487    2.13101825    2.27779502    2.66009858    2.23287832    2.70648856    2.41226072    2.67760020    2.44528808    1.41618672    1.24403783    1.76631325    1.70000351    1.52284393    1.78582611    1.21985669    1.49439732    1.16664835    2.05989893    1.64908196    2.06838110    2.12394939    1.83979426    1.81712580    2.18000951    1.88635056    1.91867914    2.12937155    1.97734078    1.85996637    2.20544738    1.96546986    1.61955509    2.04042263    1.89741912    1.65168352    1.76894035    1.86818130    1.85634608    1.93429571    1.79468535    1.85145209    1.74289115    1.79223001    1.64771622    1.73318824    1.84301277    1.56835510    2.11760442    2.00603173    2.30470159    2.16476211    2.30719711    1.90490037    2.27757411    1.45954441    1.37218257    1.35897198    1.58616787    1.62774437    1.42997269    1.95445312    1.89259795    1.34687875    1.47739121    1.54723153
T1KCB0_TETUR/180-236     1.53477672    1.22212814    1.33089019    1.42747693    1.29282482    1.65843471    1.47871801    1.34329209    1.38380011    1.69542600    1.42290500    1.61002112    1.58761186    1.30783545    1.35121944    0.00000000    0.83322566    0.98323658    0.93655274    0.80392599    1.03830082    0.73956344    1.01234177    0.68523990    0.91138030    0.82697273    0.83031993    0.93576002    0.96252755    1.27962737    0.83282293    0.91476928    1.62573070    2.12624825    1.87205509    1.62856742    2.49227696    2.07111894    1.66308419    1.71562026    1.68955172    1.57805032    1.62000780    1.65264553    1.66663662    1.96267765    1.79814077    1.70441670    1.97806996    1.66765124    1.64975225    1.78206548    2.04267220    2.17332521    2.72693218    2.60813826    2.79750405    2.39833376    2.76749754    2.29739938    2.32902117    2.23000601    2.61004155    2.81731132    2.41173333    2.30969668    2.75537982    2.59076098    2.78991077    2.47770600    2.34957781    2.70898817    2.66421945    2.30235554    2.52411152    3.34111027    2.46842042    3.11323333    2.73311242    2.13358548    3.20021359    2.99170296    1.93986080    2.54118727    2.27274458    1.83856223    1.91246717    1.83304794    1.63309286    2.35356815    1.93852720    2.65114098    1.90546355    1.45128132    1.68753028    1.87958001    2.01156661    1.60106963    1.96805167    1.47649946    1.66673951    1.43964282    2.16401356    1.46833265    2.08501613    2.26827767    1.98919944    1.70582414    1.79006594    1.74843340    1.76881337    1.97746571    1.96196935    2.02986758    2.03138664    1.87039543    1.64279503    2.13547924    1.78823718    1.65369045    1.89318762    1.93442185    1.73094465    1.81111108    1.85708518    2.03560651    1.75570926    2.02444700    1.89000221    1.68695733    2.09145935    1.66650870    2.05576437    2.20181235    2.35196760    2.25142441    2.20900321    1.96324098    2.11226138    1.57441420    1.97861045    0.90695280    1.08841466    1.60650240    1.67273738    1.88526162    1.74871645    1.90492227    1.95704334    1.91479798
A0A068YJE0_ECHMU/281-337     1.65446511    1.42131953    1.39097605    1.40000093    1.38814505    1.75151460    1.43644921    1.57250122    1.27408145    1.33768664    1.19440737    1.26108962    1.27258010    1.14970240    1.29559541    0.83322566    0.00000000    0.88353981    0.83155226    0.72760275    0.97501869    0.70696722    0.91954971    0.89112621    0.84199868    0.69173758    0.99073325    0.90917614    0.81112614    1.04997447    0.67566913    0.83835961    2.17715719    2.39728777    2.31749481    2.11834529    2.12081567    1.65502832    2.09430468    1.56281523    1.43957226    1.28784373    1.46487236    1.41052576    1.57896172    1.59441958    1.56440848    1.63221450    1.67956347    1.63861007    1.82400009    1.88713184    2.09549572    1.87764133    2.53276563    2.02149679    2.25954779    2.01249222    2.73024252    2.20495389    2.30641733    2.00345208    2.65133601    2.68573966    2.26146530    2.20463280    3.24072471    2.71970377    2.38634734    1.88083134    1.75963549    2.27628161    2.12827946    2.19333785    1.97921797    2.69754722    2.10571333    1.90941613    1.84713876    1.55074490    2.04460140    1.92364891    1.89072212    2.17678520    1.93966250    1.59553243    1.72588408    1.81152773    1.63535993    1.96249762    1.70835808    2.46844944    2.21312697    1.52664487    1.99860768    1.81108348    1.97341077    1.55601364    1.63934730    1.48288875    1.70192314    1.38581130    1.93178980    1.47807668    2.20776234    2.07442080    1.70358373    1.55681646    1.92756186    1.83043687    1.97382679    1.95897018    2.09574746    2.10008645    1.97229066    1.99859731    1.91877052    2.00618197    1.83252841    1.56067376    1.79630215    1.89931721    1.76590688    1.77218783    1.87654256    2.09307211    1.55316861    2.06281694    1.97398637    1.59856178    1.93458075    1.71452672    1.91686808    1.91119454    2.01856441    2.10075276    1.97604769    1.83887036    1.87772705    1.96948075    1.96217781    1.35644497    1.73206782    1.60203328    1.51836448    1.88821329    1.73313924    1.55250930    1.70269341    1.74608773
E9HRK0_DAPPU/43-99     1.69189255    1.55254201    1.50726992    1.47888114    1.37124907    1.47957240    1.55087624    1.46701056    1.02960395    1.53616248    1.27384230    1.11653215    1.39265332    1.33899040    1.35681600    0.98323658    0.88353981    0.00000000    0.60201598    0.59460385    0.65752267    0.50611629    0.68319405    0.73464800    0.74631815    0.54415143    0.85521723    0.83282092    0.62533068    0.96811455    0.76097311    0.87913329    2.03356374    2.39526693    2.45424888    2.17954854    2.31841577    2.14064392    1.92631687    1.64597258    1.45536619    1.46939381    1.77429311    1.64599326    1.76402208    2.03645316    1.75712637    1.96834450    1.98610199    1.53032094    1.83322372    1.74074292    2.36924208    2.35003573    2.96968724    2.89430245    2.37327685    2.71477985    2.85710503    2.34131664    2.77491400    2.43681451    2.85242592    3.30070937    2.74305327    2.70132260    2.60858230    2.37199705    2.74164753    2.27172040    2.13078733    2.78452193    2.19683586    2.32055125    2.36311831    3.78791945    2.33591155    2.72394975    2.74851430    2.15511532    2.38681278    2.66254727    1.60794761    2.52223876    1.93572710    1.86462807    2.00927452    2.29676328    1.92227790    2.08797321    1.83453233    2.87773898    1.91686162    1.26721126    1.62049855    1.78786920    1.88606151    1.70318153    1.71879014    1.38580059    1.67282454    1.41033706    2.17106376    1.88279718    2.15514422    2.28381671    1.83983394    1.98043829    2.01382969    1.86974866    1.89747139    2.11551500    2.15582303    2.25431112    2.31427770    2.16448358    1.76313581    2.00619760    1.95803968    1.78238020    1.98772375    2.02570386    1.95977259    2.06595155    2.05932832    2.15888859    1.74665970    2.17282780    2.27851345    1.89753180    2.32608934    2.12917764    2.17624528    2.54089681    2.82734874    2.65016065    2.51464404    2.30692981    2.53417094    1.78470421    2.06847198    1.46276136    1.70819915    2.00484485    1.89947192    2.26726450    1.92272510    1.96654636    1.74813562    1.80310479
