6
HST_YERKR/20-66     0.00000000    0.25648690    0.33728353    0.57182988    1.22325112    0.89962038
HSTA_YEREN/20-71     0.25648690    0.00000000    0.57641652    0.86147712    1.38540233    1.12523703
HSTB_YEREN/20-71     0.33728353    0.57641652    0.00000000    0.73524668    1.31046005    0.97231420
HSTC_YEREN/20-72     0.57182988    0.86147712    0.73524668    0.00000000    1.22211924    1.08609228
E3PPC0_ECOH1/20-71     1.22325112    1.38540233    1.31046005    1.22211924    0.00000000    0.45056352
D0Z6U1_ECOH1/20-71     0.89962038    1.12523703    0.97231420    1.08609228    0.45056352    0.00000000

