43
ENDA_METTH/3-68     0.00000000    1.28374883    1.24651982    1.28238961    1.69683364    1.58196856    1.60202385    1.85021754    1.88673649    2.33630474    2.28991538    2.83803991    2.99056887    3.31393259    1.61227619    1.67985933    1.61367649    1.90192566    1.60499509    1.68299849    2.14323556    1.86664370    1.77369724    1.55039231    2.07119368    1.72038238    1.77899244    1.73822200    1.80773556    2.50000403    1.59203317    1.63071274    1.91429535    1.64997916    2.06657188    2.16985234    1.74964666    1.86507959    1.32492139    2.10374467    1.98290952    1.48394139    1.65771328
ENDA_HALSA/171-236     1.28374883    0.00000000    1.02798677    0.95162865    1.36832025    1.08406746    1.79292228    2.11312334    2.61616419    2.61690025    2.98922398    3.51760350    2.85554676    3.29100466    1.88908494    1.90186686    1.55208268    1.74973054    1.82520398    1.83074558    1.87011682    1.84993974    1.48824575    1.97921673    2.46513980    2.00768276    1.97596562    1.73148022    2.56044848    2.62105254    1.14755628    1.59576179    2.08796369    1.40827502    2.12924806    1.67336068    1.81062053    1.84590786    1.92337922    1.82833626    1.61806542    1.60845736    1.84022291
A0B716_METTP/182-248     1.24651982    1.02798677    0.00000000    0.84234069    0.96590474    0.91426724    1.91083396    2.19546225    2.38160633    2.32606884    2.54738629    3.40704453    3.57570991    3.38218859    1.65550152    1.74504883    1.84042324    1.68164023    1.59724933    1.89018046    1.69251647    1.68732212    1.53768486    1.95716004    2.17479783    1.80716660    2.22389096    1.55578764    2.12429255    2.34467088    1.65237522    1.48472663    1.72731458    1.23970778    1.68566613    1.65869037    1.74197994    1.52587761    1.79672224    1.64028143    1.71379646    1.69511747    1.78707654
Q0W0Y3_METAR/183-250     1.28238961    0.95162865    0.84234069    0.00000000    0.87022288    0.82213369    1.81123730    2.40158499    2.33015958    2.72709970    2.68649973    4.43334507    3.22174891    3.77520644    1.85318832    2.07212514    1.67475098    1.65709371    1.68083986    1.78206727    1.39311776    1.62576399    1.59282833    2.09828329    2.31476207    2.50854125    1.93668943    1.37846351    2.10230073    2.42593393    1.62236102    1.74408855    2.01568158    1.41147060    1.91628058    1.57646728    1.78453984    1.80950931    1.76831261    1.89336704    1.85383766    1.24945638    1.91707454
ENDA_METAC/179-246     1.69683364    1.36832025    0.96590474    0.87022288    0.00000000    0.71107696    1.90464312    2.15739944    2.42389770    2.34250289    2.97253388    4.52245946    3.44895823    3.78609215    1.80540476    1.84037243    1.60808892    1.43990383    1.43091123    2.08884574    1.58842126    1.64937624    1.44075911    2.57117770    2.47468665    3.12683854    2.70699702    1.48662218    1.86462553    3.04641241    1.80199039    1.58347438    1.83651626    1.51275627    2.00518660    1.70757183    2.28359704    1.74925465    2.35006887    2.18859501    1.68868840    1.59092505    2.05811518
ENDA_METBU/180-247     1.58196856    1.08406746    0.91426724    0.82213369    0.71107696    0.00000000    1.65960078    1.87065302    2.06193038    2.15006033    2.81294134    3.47890672    3.21676942    3.62926991    2.19913338    2.00111614    1.83342557    1.72971470    1.73263772    1.97760217    1.72447062    1.80298644    1.63852224    1.74605922    2.06282481    2.52947548    1.92895396    1.69833692    2.01048201    2.31587079    1.35102407    1.39902495    1.82020903    1.41924897    1.81469958    1.31728177    1.75313818    1.51870315    2.24845616    2.13313256    1.43240185    1.54718880    2.07281550
Q2FKW0_METHJ/172-236     1.60202385    1.79292228    1.91083396    1.81123730    1.90464312    1.65960078    0.00000000    1.65783139    2.87527445    2.94315629    2.34409090    4.82793369    2.26829113    2.84333482    1.86923925    2.18647733    1.98192808    2.14545955    1.81274869    2.03170241    2.47166828    2.60259677    1.90865922    1.96548786    2.86540911    3.21366248    2.86576317    2.13461196    2.36810234    2.75691706    2.08278019    2.21553127    2.34677660    2.34562408    2.82316231    2.53480896    2.13638957    2.44021756    2.05840194    2.44851915    2.08650706    1.88366962    2.06705068
A7I612_METB6/189-253     1.85021754    2.11312334    2.19546225    2.40158499    2.15739944    1.87065302    1.65783139    0.00000000    2.00455450    2.24522622    2.38623294    4.77298907    2.80615929    2.95566952    2.96350750    2.83879058    2.26091057    2.37776819    2.61313577    2.48280574    2.71075205    3.04495143    2.23139349    2.52116500    2.87046988    3.21617463    3.24760163    2.21070024    2.72436094    2.43515524    2.02366417    3.19947746    3.21706129    2.48189776    2.72309129    2.87088774    3.25097814    2.91064336    2.97744964    2.48085283    2.58315074    2.46928182    2.20108000
A0RWP7_CENSY/9-73     1.88673649    2.61616419    2.38160633    2.33015958    2.42389770    2.06193038    2.87527445    2.00455450    0.00000000    0.90082057    2.12675678    3.78341170    2.84402156    3.16352207    2.36106719    2.06452482    1.97238104    2.08623644    1.98104286    3.01253498    2.17486194    2.45634364    2.43526704    1.76665820    2.17090658    2.36254979    1.91351423    2.56945821    1.96319505    2.95431550    2.39171682    2.43516474    2.95892559    2.97262105    2.50030090    2.90372853    2.49781126    3.20459503    2.65514344    2.51218688    2.46566791    2.34027186    2.21930544
A9A5E7_NITMS/19-83     2.33630474    2.61690025    2.32606884    2.72709970    2.34250289    2.15006033    2.94315629    2.24522622    0.90082057    0.00000000    2.18538812    3.98950704    3.51920405    3.68051743    2.00713956    2.19487756    2.04484108    2.36270032    1.95574303    3.02356115    2.36074880    2.72564888    2.37778463    3.04241382    2.71138018    3.31451797    2.74353154    2.80902590    2.59347286    3.46857011    3.05127915    2.44242812    2.91577781    3.00660598    2.40318277    3.24581144    2.68810278    3.79584452    3.19662971    3.30368624    2.90500650    2.40824193    2.52026709
A3DN76_STAMF/7-72     2.28991538    2.98922398    2.54738629    2.68649973    2.97253388    2.81294134    2.34409090    2.38623294    2.12675678    2.18538812    0.00000000    3.57027478    3.11603646    3.46183787    2.00191025    2.05227701    2.68469650    2.45863793    2.50717049    2.60643478    2.19638025    2.95444912    2.44108010    2.62230710    2.80918991    2.94896665    2.55131979    2.90455201    2.71272116    3.24787459    4.53481574    2.92687854    3.40677050    3.52929930    3.78530761    4.33612274    2.87594266    3.64210593    3.18833160    4.32103411    3.89108389    2.29513165    3.30180901
SEN2_CHICK/253-325     2.83803991    3.51760350    3.40704453    4.43334507    4.52245946    3.47890672    4.82793369    4.77298907    3.78341170    3.98950704    3.57027478    0.00000000    2.37828783    2.52179529    3.27550480    3.12864696    2.44000546    3.47693708    3.26010472    2.85304933    3.03091647    3.04500653    4.05198016    4.19349896    4.05010214    4.20090196    4.11367714    2.72823783    3.23244618    4.06478899    4.28916447    4.11183967    3.85070941    3.67497478    3.87602865    3.25697199    3.46447456    3.45502720    3.29612945    4.80005155    3.79945911    3.30816002    3.00917084
SEN21_ARATH/35-108     2.99056887    2.85554676    3.57570991    3.22174891    3.44895823    3.21676942    2.26829113    2.80615929    2.84402156    3.51920405    3.11603646    2.37828783    0.00000000    0.28210773    2.88766989    3.37147329    2.91070606    2.83050344    2.71240734    2.64841010    2.76807263    3.15980933    2.73502336    3.30861222    4.28008215    3.84945206    4.27162113    3.33935897    2.80808294    5.05240691    3.14665129    3.37208964    3.51842759    4.18069491    2.68499663    3.23290386    3.39608583    2.84762898    3.24185497    3.19639201    2.93845510    2.24158023    2.16035233
SEN22_ARATH/35-108     3.31393259    3.29100466    3.38218859    3.77520644    3.78609215    3.62926991    2.84333482    2.95566952    3.16352207    3.68051743    3.46183787    2.52179529    0.28210773    0.00000000    3.42611941    4.14371601    3.36129619    3.40290824    2.93676000    2.95849278    3.03565514    3.02073581    2.78936998    4.39136167    4.72282935    4.61358737    4.76171721    3.44391845    3.13130837    5.32752598    3.17844123    2.94678687    3.12569143    4.32362276    2.63617016    3.06686051    3.66758576    3.19970460    3.56775285    3.25320395    3.16345986    2.76258249    2.33526404
ENDA_THEKO/2-67     1.61227619    1.88908494    1.65550152    1.85318832    1.80540476    2.19913338    1.86923925    2.96350750    2.36106719    2.00713956    2.00191025    3.27550480    2.88766989    3.42611941    0.00000000    0.81479473    1.27246799    1.63624020    1.43038953    1.76683867    1.52615777    1.36162927    1.54946225    2.30179809    2.04298088    2.46948490    2.41631004    2.00984698    1.75318737    1.93261085    1.70997502    1.85003246    2.07429924    1.60532683    2.22838062    2.05688503    1.67972118    2.22027005    1.62822411    1.84659911    1.32711881    1.25124881    1.69183580
ENDA_PYRFU/5-70     1.67985933    1.90186686    1.74504883    2.07212514    1.84037243    2.00111614    2.18647733    2.83879058    2.06452482    2.19487756    2.05227701    3.12864696    3.37147329    4.14371601    0.81479473    0.00000000    1.61995275    1.56795744    1.68478910    2.17440097    1.53340365    1.79237173    1.41390928    2.29484372    1.83700567    2.29794902    1.88762513    1.78196458    2.21841994    2.71521276    2.80884552    2.85513944    3.16459295    2.47428235    2.84195628    3.03408549    2.66974778    2.45649995    2.11947292    3.07373776    2.35530807    1.79965640    2.43430435
ENDA_METJA/10-75     1.61367649    1.55208268    1.84042324    1.67475098    1.60808892    1.83342557    1.98192808    2.26091057    1.97238104    2.04484108    2.68469650    2.44000546    2.91070606    3.36129619    1.27246799    1.61995275    0.00000000    0.79036822    0.83842077    1.84508036    1.64064777    1.63680743    1.41653002    2.21936040    2.62770206    2.53698276    2.12753566    1.50693197    1.75588346    2.03309410    1.74072483    2.00100583    2.21431528    1.62721161    1.92805144    1.72277933    1.84392203    1.92741002    2.06786851    1.95544794    1.55512022    1.34478921    1.71225753
A6UVS0_META3/6-71     1.90192566    1.74973054    1.68164023    1.65709371    1.43990383    1.72971470    2.14545955    2.37776819    2.08623644    2.36270032    2.45863793    3.47693708    2.83050344    3.40290824    1.63624020    1.56795744    0.79036822    0.00000000    0.54572396    1.63409914    1.66089550    1.72192523    1.76020926    2.50275097    2.93711379    2.29384362    2.31125356    1.84193498    2.23559308    2.51887879    2.15172742    1.81482387    2.23788040    1.53747299    2.24024296    1.88861204    1.63390862    1.78050496    2.26600012    2.58850127    1.87657746    1.52639930    2.27773683
ENDA_METMP/10-74     1.60499509    1.82520398    1.59724933    1.68083986    1.43091123    1.73263772    1.81274869    2.61313577    1.98104286    1.95574303    2.50717049    3.26010472    2.71240734    2.93676000    1.43038953    1.68478910    0.83842077    0.54572396    0.00000000    1.93960941    1.90819167    1.94190038    1.76157677    2.43424364    2.77419070    2.21165276    2.27471553    1.85926652    2.03077708    2.19057910    2.33236494    1.88736591    1.96280003    2.00228729    2.28817385    2.04328020    1.96039002    1.92159751    2.48133380    2.74076657    2.10850809    1.30253069    2.32108597
A0B716_METTP/6-70     1.68299849    1.83074558    1.89018046    1.78206727    2.08884574    1.97760217    2.03170241    2.48280574    3.01253498    3.02356115    2.60643478    2.85304933    2.64841010    2.95849278    1.76683867    2.17440097    1.84508036    1.63409914    1.93960941    0.00000000    1.23557026    0.82502975    0.96972429    1.93452788    1.99975060    1.59312945    1.83591128    1.68008114    2.02130409    2.73146903    2.11314281    1.99700416    2.78321607    1.90471598    2.00319482    1.77498605    1.59080837    1.83145723    1.93679061    1.84032541    2.51379306    1.89698389    2.48932840
ENDA_METBU/1-65     2.14323556    1.87011682    1.69251647    1.39311776    1.58842126    1.72447062    2.47166828    2.71075205    2.17486194    2.36074880    2.19638025    3.03091647    2.76807263    3.03565514    1.52615777    1.53340365    1.64064777    1.66089550    1.90819167    1.23557026    0.00000000    0.68431154    1.08382747    2.05488942    1.81595465    2.17609248    2.03147508    1.83638688    1.48490745    2.45936150    1.66623587    1.83169414    1.61144692    1.85186999    1.37661688    1.54980170    1.17497899    1.40195545    1.90168563    2.04688205    1.87758000    1.22759283    1.72510067
ENDA_METAC/1-65     1.86664370    1.84993974    1.68732212    1.62576399    1.64937624    1.80298644    2.60259677    3.04495143    2.45634364    2.72564888    2.95444912    3.04500653    3.15980933    3.02073581    1.36162927    1.79237173    1.63680743    1.72192523    1.94190038    0.82502975    0.68431154    0.00000000    0.78609491    1.97828186    1.27300047    1.89932237    1.67189811    1.69581744    1.33677567    2.21975868    1.79475047    1.89948691    1.96136379    1.79379942    1.56055577    1.81602784    1.38825062    1.63764319    1.98597647    2.05995463    1.99068760    1.67037060    2.09965916
Q0W0Y3_METAR/4-68     1.77369724    1.48824575    1.53768486    1.59282833    1.44075911    1.63852224    1.90865922    2.23139349    2.43526704    2.37778463    2.44108010    4.05198016    2.73502336    2.78936998    1.54946225    1.41390928    1.41653002    1.76020926    1.76157677    0.96972429    1.08382747    0.78609491    0.00000000    1.88489662    1.47945271    1.48935195    1.43571054    1.19735890    1.61785666    2.14838738    1.76804631    1.65155230    2.13268611    1.64709667    1.84273195    2.00466039    1.87119611    1.83096517    1.74261075    2.03495203    2.16876623    1.51423191    2.22933807
ENDA_NATPD/1-62     1.55039231    1.97921673    1.95716004    2.09828329    2.57117770    1.74605922    1.96548786    2.52116500    1.76665820    3.04241382    2.62230710    4.19349896    3.30861222    4.39136167    2.30179809    2.29484372    2.21936040    2.50275097    2.43424364    1.93452788    2.05488942    1.97828186    1.88489662    0.00000000    0.88943529    0.75859370    0.82730834    2.38157797    1.52234296    2.36188505    2.29058952    2.39561903    2.89868247    2.48871622    3.12136972    2.80927196    2.28002747    2.51909657    2.61727547    2.64640839    2.61355095    2.37189204    2.21468139
ENDA_HALMA/1-62     2.07119368    2.46513980    2.17479783    2.31476207    2.47468665    2.06282481    2.86540911    2.87046988    2.17090658    2.71138018    2.80918991    4.05010214    4.28008215    4.72282935    2.04298088    1.83700567    2.62770206    2.93711379    2.77419070    1.99975060    1.81595465    1.27300047    1.47945271    0.88943529    0.00000000    0.74053677    0.69913810    2.08178930    1.73615665    2.32841290    2.70966684    3.18826151    3.73335155    2.47421012    3.25897093    2.86132908    2.27531014    2.46162249    3.21025373    2.85414224    3.16097287    2.54022863    3.08585661
ENDA_HALVD/1-63     1.72038238    2.00768276    1.80716660    2.50854125    3.12683854    2.52947548    3.21366248    3.21617463    2.36254979    3.31451797    2.94896665    4.20090196    3.84945206    4.61358737    2.46948490    2.29794902    2.53698276    2.29384362    2.21165276    1.59312945    2.17609248    1.89932237    1.48935195    0.75859370    0.74053677    0.00000000    0.56111201    2.14252333    1.94075380    2.19782146    2.62479307    2.65800826    3.21376997    2.46214396    3.15454726    2.87680121    2.51677413    2.26944554    3.08258566    2.64333173    3.10162101    2.35850769    2.86648573
ENDA_HALSA/1-63     1.77899244    1.97596562    2.22389096    1.93668943    2.70699702    1.92895396    2.86576317    3.24760163    1.91351423    2.74353154    2.55131979    4.11367714    4.27162113    4.76171721    2.41631004    1.88762513    2.12753566    2.31125356    2.27471553    1.83591128    2.03147508    1.67189811    1.43571054    0.82730834    0.69913810    0.56111201    0.00000000    2.16996329    2.22003308    2.61420466    2.34493156    2.78316679    3.26910472    2.73085013    2.80517420    2.54737469    2.11552062    2.53577447    2.93768807    2.84331469    3.12753119    2.48880852    3.18212871
A1RWZ0_THEPD/12-77     1.73822200    1.73148022    1.55578764    1.37846351    1.48662218    1.69833692    2.13461196    2.21070024    2.56945821    2.80902590    2.90455201    2.72823783    3.33935897    3.44391845    2.00984698    1.78196458    1.50693197    1.84193498    1.85926652    1.68008114    1.83638688    1.69581744    1.19735890    2.38157797    2.08178930    2.14252333    2.16996329    0.00000000    2.01394695    2.54587363    1.99273411    2.68235273    3.37180598    1.61463497    2.37015471    2.03891055    2.42089795    2.20378187    1.80447942    2.39672216    2.47301786    2.01326810    2.44951487
A2ST79_METLZ/1-61     1.80773556    2.56044848    2.12429255    2.10230073    1.86462553    2.01048201    2.36810234    2.72436094    1.96319505    2.59347286    2.71272116    3.23244618    2.80808294    3.13130837    1.75318737    2.21841994    1.75588346    2.23559308    2.03077708    2.02130409    1.48490745    1.33677567    1.61785666    1.52234296    1.73615665    1.94075380    2.22003308    2.01394695    0.00000000    1.84166207    1.64623078    1.54136886    1.60967685    1.81876311    2.13733809    1.70956607    1.69692617    1.77835071    1.93883789    1.97603852    1.61451857    1.85734467    1.41608211
ENDA_METKA/13-75     2.50000403    2.62105254    2.34467088    2.42593393    3.04641241    2.31587079    2.75691706    2.43515524    2.95431550    3.46857011    3.24787459    4.06478899    5.05240691    5.32752598    1.93261085    2.71521276    2.03309410    2.51887879    2.19057910    2.73146903    2.45936150    2.21975868    2.14838738    2.36188505    2.32841290    2.19782146    2.61420466    2.54587363    1.84166207    0.00000000    1.70378163    2.28388082    2.71645401    2.06049768    2.75734018    2.52533191    2.07505719    2.51637959    2.18208617    2.50523630    2.32793039    2.47794296    2.50862759
ENDA_AERPE/10-86     1.59203317    1.14755628    1.65237522    1.62236102    1.80199039    1.35102407    2.08278019    2.02366417    2.39171682    3.05127915    4.53481574    4.28916447    3.14665129    3.17844123    1.70997502    2.80884552    1.74072483    2.15172742    2.33236494    2.11314281    1.66623587    1.79475047    1.76804631    2.29058952    2.70966684    2.62479307    2.34493156    1.99273411    1.64623078    1.70378163    0.00000000    1.34140309    1.62779044    0.93737064    1.15766226    1.21948134    1.37219339    1.37700502    1.38718644    1.30096417    1.33530656    1.45603259    1.55536959
A9A3K3_NITMS/1-76     1.63071274    1.59576179    1.48472663    1.74408855    1.58347438    1.39902495    2.21553127    3.19947746    2.43516474    2.44242812    2.92687854    4.11183967    3.37208964    2.94678687    1.85003246    2.85513944    2.00100583    1.81482387    1.88736591    1.99700416    1.83169414    1.89948691    1.65155230    2.39561903    3.18826151    2.65800826    2.78316679    2.68235273    1.54136886    2.28388082    1.34140309    0.00000000    0.55375783    1.11480065    1.56456631    1.57777659    1.13266427    1.41956601    1.41175892    1.88077549    1.72318721    1.48293579    1.69894134
A0RWF1_CENSY/1-76     1.91429535    2.08796369    1.72731458    2.01568158    1.83651626    1.82020903    2.34677660    3.21706129    2.95892559    2.91577781    3.40677050    3.85070941    3.51842759    3.12569143    2.07429924    3.16459295    2.21431528    2.23788040    1.96280003    2.78321607    1.61144692    1.96136379    2.13268611    2.89868247    3.73335155    3.21376997    3.26910472    3.37180598    1.60967685    2.71645401    1.62779044    0.55375783    0.00000000    1.24947958    1.55475823    1.61786513    1.18583443    1.50464903    1.45435654    2.00645843    1.69257824    1.58610303    1.69336236
ENDA_HYPBU/2-78     1.64997916    1.40827502    1.23970778    1.41147060    1.51275627    1.41924897    2.34562408    2.48189776    2.97262105    3.00660598    3.52929930    3.67497478    4.18069491    4.32362276    1.60532683    2.47428235    1.62721161    1.53747299    2.00228729    1.90471598    1.85186999    1.79379942    1.64709667    2.48871622    2.47421012    2.46214396    2.73085013    1.61463497    1.81876311    2.06049768    0.93737064    1.11480065    1.24947958    0.00000000    1.80382551    1.36278499    1.80602604    1.53681023    1.30468264    1.66416126    1.50908983    1.42825563    1.74659477
ENDA_SULAC/2-78     2.06657188    2.12924806    1.68566613    1.91628058    2.00518660    1.81469958    2.82316231    2.72309129    2.50030090    2.40318277    3.78530761    3.87602865    2.68499663    2.63617016    2.22838062    2.84195628    1.92805144    2.24024296    2.28817385    2.00319482    1.37661688    1.56055577    1.84273195    3.12136972    3.25897093    3.15454726    2.80517420    2.37015471    2.13733809    2.75734018    1.15766226    1.56456631    1.55475823    1.80382551    0.00000000    0.73883188    0.80852385    1.04720973    1.52685335    1.47630344    1.36085143    1.64965881    2.00430447
A4YIV3_METS5/3-79     2.16985234    1.67336068    1.65869037    1.57646728    1.70757183    1.31728177    2.53480896    2.87088774    2.90372853    3.24581144    4.33612274    3.25697199    3.23290386    3.06686051    2.05688503    3.03408549    1.72277933    1.88861204    2.04328020    1.77498605    1.54980170    1.81602784    2.00466039    2.80927196    2.86132908    2.87680121    2.54737469    2.03891055    1.70956607    2.52533191    1.21948134    1.57777659    1.61786513    1.36278499    0.73883188    0.00000000    0.77570284    0.97050600    1.78012222    1.24970016    1.38453065    1.85179579    1.75221269
ENDA_SULTO/1-77     1.74964666    1.81062053    1.74197994    1.78453984    2.28359704    1.75313818    2.13638957    3.25097814    2.49781126    2.68810278    2.87594266    3.46447456    3.39608583    3.66758576    1.67972118    2.66974778    1.84392203    1.63390862    1.96039002    1.59080837    1.17497899    1.38825062    1.87119611    2.28002747    2.27531014    2.51677413    2.11552062    2.42089795    1.69692617    2.07505719    1.37219339    1.13266427    1.18583443    1.80602604    0.80852385    0.77570284    0.00000000    0.87504541    1.34952844    1.40275329    1.60172640    1.50646655    1.61213413
ENDA_SACS2/2-79     1.86507959    1.84590786    1.52587761    1.80950931    1.74925465    1.51870315    2.44021756    2.91064336    3.20459503    3.79584452    3.64210593    3.45502720    2.84762898    3.19970460    2.22027005    2.45649995    1.92741002    1.78050496    1.92159751    1.83145723    1.40195545    1.63764319    1.83096517    2.51909657    2.46162249    2.26944554    2.53577447    2.20378187    1.77835071    2.51637959    1.37700502    1.41956601    1.50464903    1.53681023    1.04720973    0.97050600    0.87504541    0.00000000    1.91515517    1.33486180    1.56552546    1.89243162    1.82285913
ENDA_PYRAE/1-80     1.32492139    1.92337922    1.79672224    1.76831261    2.35006887    2.24845616    2.05840194    2.97744964    2.65514344    3.19662971    3.18833160    3.29612945    3.24185497    3.56775285    1.62822411    2.11947292    2.06786851    2.26600012    2.48133380    1.93679061    1.90168563    1.98597647    1.74261075    2.61727547    3.21025373    3.08258566    2.93768807    1.80447942    1.93883789    2.18208617    1.38718644    1.41175892    1.45435654    1.30468264    1.52685335    1.78012222    1.34952844    1.91515517    0.00000000    1.18495557    1.63693229    1.55824908    1.69284160
A8MBA4_CALMQ/13-91     2.10374467    1.82833626    1.64028143    1.89336704    2.18859501    2.13313256    2.44851915    2.48085283    2.51218688    3.30368624    4.32103411    4.80005155    3.19639201    3.25320395    1.84659911    3.07373776    1.95544794    2.58850127    2.74076657    1.84032541    2.04688205    2.05995463    2.03495203    2.64640839    2.85414224    2.64333173    2.84331469    2.39672216    1.97603852    2.50523630    1.30096417    1.88077549    2.00645843    1.66416126    1.47630344    1.24970016    1.40275329    1.33486180    1.18495557    0.00000000    1.49108247    1.69320789    1.76787728
A8A8Q2_IGNH4/2-80     1.98290952    1.61806542    1.71379646    1.85383766    1.68868840    1.43240185    2.08650706    2.58315074    2.46566791    2.90500650    3.89108389    3.79945911    2.93845510    3.16345986    1.32711881    2.35530807    1.55512022    1.87657746    2.10850809    2.51379306    1.87758000    1.99068760    2.16876623    2.61355095    3.16097287    3.10162101    3.12753119    2.47301786    1.61451857    2.32793039    1.33530656    1.72318721    1.69257824    1.50908983    1.36085143    1.38453065    1.60172640    1.56552546    1.63693229    1.49108247    0.00000000    1.32926265    1.36126288
Q2NGK3_METST/1-65     1.48394139    1.60845736    1.69511747    1.24945638    1.59092505    1.54718880    1.88366962    2.46928182    2.34027186    2.40824193    2.29513165    3.30816002    2.24158023    2.76258249    1.25124881    1.79965640    1.34478921    1.52639930    1.30253069    1.89698389    1.22759283    1.67037060    1.51423191    2.37189204    2.54022863    2.35850769    2.48880852    2.01326810    1.85734467    2.47794296    1.45603259    1.48293579    1.58610303    1.42825563    1.64965881    1.85179579    1.50646655    1.89243162    1.55824908    1.69320789    1.32926265    0.00000000    1.56498245
ENDAL_METKA/3-67     1.65771328    1.84022291    1.78707654    1.91707454    2.05811518    2.07281550    2.06705068    2.20108000    2.21930544    2.52026709    3.30180901    3.00917084    2.16035233    2.33526404    1.69183580    2.43430435    1.71225753    2.27773683    2.32108597    2.48932840    1.72510067    2.09965916    2.22933807    2.21468139    3.08585661    2.86648573    3.18212871    2.44951487    1.41608211    2.50862759    1.55536959    1.69894134    1.69336236    1.74659477    2.00430447    1.75221269    1.61213413    1.82285913    1.69284160    1.76787728    1.36126288    1.56498245    0.00000000

