59
Q1GSB9_SPHAL/160-221     0.00000000    2.06113613    2.92485786    2.23997476    2.43448855    2.40237245    2.73271061    2.64177878    3.26764313    2.42218803    2.31880698    2.49716791    2.54678351    2.65881669    2.41395628    2.41924217    3.02236950    3.33736974    2.82787105    2.56831086    2.66133258    2.63587211    2.26387917    1.89742125    1.71378016    2.21764957    1.94533930    2.67548712    2.07301703    2.35045110    1.96081513    2.64724570    2.33183528    2.51300231    2.71210336    2.66155611    2.54775284    2.54395838    2.36403962    2.13387603    2.05664184    2.54341478    2.45704840    2.40475863    2.38386573    2.44718010    2.57016528    2.88263317    3.12927429    2.63350810    2.15783101    2.18154663    2.50451403    2.78709041    3.37965936    3.77816282    3.41883708    2.56351487    2.53053223
B8D0S0_HALOH/313-376     2.06113613    0.00000000    1.92238816    1.83574709    1.41472217    2.19200738    2.87310895    2.81572049    2.37434309    1.37600446    1.49628151    1.68242140    1.54442623    1.64618389    2.25045686    1.69297040    2.21626259    2.33526206    1.92461291    1.61301052    1.48329615    1.80379736    1.72139141    1.53866964    1.55159938    1.71654211    1.98086307    1.41973554    1.50007267    1.48791939    1.31474362    1.42071170    1.27418934    1.97363593    1.56699739    1.61836380    1.18001273    1.49935098    1.40901494    1.37736568    1.41339178    1.35402490    1.56245159    1.48835038    1.45211824    1.62849985    2.00137377    1.69646048    2.14869157    1.56183021    1.48161972    1.39672518    1.44431398    1.46023535    2.05364490    1.63686140    1.51269593    1.83330467    1.77246672
Q3A4Q3_PELCD/261-332     2.92485786    1.92238816    0.00000000    2.06975607    1.95864718    2.33438578    2.53663446    2.91986079    2.72517126    2.14996613    2.00422241    1.91785862    2.37404834    2.50647857    2.20461943    2.08828247    2.29290507    2.33959693    2.33540018    2.05050705    2.20814110    2.20164717    2.14597700    2.20895442    2.21370321    2.38300698    2.04346368    2.18357284    2.24756125    1.92961001    2.07091990    2.42122615    2.24795931    2.33401521    2.06519363    1.94140475    1.80106880    2.46912487    2.11631352    1.46378488    1.87306145    1.58998491    2.22763639    1.73337161    2.06036999    2.40006182    2.54586074    2.99535930    2.82179269    2.00856863    2.08207535    1.75390334    2.35106165    1.95739525    2.59135344    2.88314705    2.57238529    1.97233624    2.10830017
Q08QI7_STIAD/157-220     2.23997476    1.83574709    2.06975607    0.00000000    0.58758905    1.80778798    1.90002531    1.92719505    2.03646794    1.65958749    1.54470091    1.78732935    1.29693035    1.45439496    1.58100444    1.61727697    1.74440592    1.66093663    1.68888365    1.65792947    1.64098086    1.69222608    1.54775860    1.41679825    1.36915513    1.98252380    1.96400756    1.63031423    1.46552721    1.62620579    1.64694760    1.65454895    1.29857926    1.76281910    1.66125974    1.77489056    1.58553524    1.86407430    1.50060098    1.54679244    1.63046213    1.35282895    1.57008468    1.48786915    1.55010419    1.74696658    2.23049023    2.05481384    1.91232772    1.62581611    1.66945748    1.70373973    2.19493883    2.08589427    1.77969171    1.65626429    1.97877192    1.78925723    1.64046678
Q2INJ5_ANADE/160-223     2.43448855    1.41472217    1.95864718    0.58758905    0.00000000    1.94905821    1.92896509    2.14062230    2.37178086    1.53726347    1.74678449    1.97149415    1.50773492    1.68308051    1.64708492    1.75348331    1.98726012    1.85587575    1.61253408    1.64233197    1.72324238    1.69996813    1.79951372    1.68592130    1.65421699    2.03576142    1.84714774    1.66687295    1.55512983    1.37170596    1.36187227    1.64983802    1.30375689    1.87100221    1.78670886    1.78770832    1.67518754    2.17283251    1.70529822    1.63224896    1.83805164    1.66839841    1.72299109    1.80230078    1.85203729    2.00979823    2.26373875    2.11693272    1.87228211    1.61418410    1.62152765    2.11371712    2.45721068    2.21646468    1.78162591    1.71517723    1.93757786    1.64499900    1.92525156
A4G3P8_HERAR/218-289     2.40237245    2.19200738    2.33438578    1.80778798    1.94905821    0.00000000    1.62774132    2.01433200    2.03915106    1.78959890    1.62202459    2.48788434    1.69912916    1.96226429    1.76123151    1.99609601    2.48183363    1.77807395    1.68852270    1.85418595    2.12438216    2.07739681    1.84931240    1.68498925    1.68305486    1.85528887    1.82810321    1.95737172    1.83963030    1.95957711    1.86118610    2.52279568    1.57538544    1.85880569    2.23123878    2.36798468    1.56595041    1.90056054    1.86656361    1.56933347    2.09114874    1.62215511    2.06287615    2.10137776    2.14253044    2.40085685    2.10621755    2.39383583    1.88547040    2.16432802    1.86509941    2.13886554    2.19573682    1.73422314    2.45672077    2.04408749    2.63721627    2.07723455    1.76677626
B0UBB6_METS4/367-435     2.73271061    2.87310895    2.53663446    1.90002531    1.92896509    1.62774132    0.00000000    2.38034642    2.06885840    1.82632671    1.61934861    2.06090917    1.71270950    1.52124472    1.28013226    1.19582601    1.55617570    1.71648112    1.68389265    1.52251846    1.77259317    1.84181973    2.12040396    1.98940860    1.73865818    2.49436952    2.24409781    2.07388232    1.94112739    1.63119867    1.51213728    2.75099553    2.10902167    1.93462717    1.63691352    1.75705075    1.86990124    2.18987500    1.77410621    2.00586438    1.91387558    1.53792080    1.81539964    1.88942653    2.06187902    2.19112201    2.17162313    2.35690724    2.17725382    1.71612130    1.84672434    2.26762091    2.47714231    1.96415951    2.48784644    2.44671322    2.60967304    2.43163911    2.00078700
Q31PY0_SYNE7/332-394     2.64177878    2.81572049    2.91986079    1.92719505    2.14062230    2.01433200    2.38034642    0.00000000    1.00989772    1.84381937    2.02884268    2.15964109    1.60836112    1.94134472    2.41823317    2.09891858    2.09352364    1.84462607    2.30471644    2.02684450    2.18768539    1.83714125    2.16867453    1.73155489    1.95185344    2.07856659    2.28222769    2.06731071    1.81416950    1.68948718    1.37881730    2.14258666    1.81156596    2.83121467    2.65970450    2.53068928    1.77446396    2.00061155    1.92329317    2.24424973    2.28043975    2.12711196    2.39598110    2.34253903    2.25190964    1.72998319    2.64208336    2.28625893    2.31783555    2.21687725    2.11420697    2.86336605    2.05588460    2.17107189    2.92522408    2.84216658    2.89547615    2.66893441    2.36679928
W6FTE6_NODSP/312-373     3.26764313    2.37434309    2.72517126    2.03646794    2.37178086    2.03915106    2.06885840    1.00989772    0.00000000    1.62125980    1.80541177    2.16352849    1.50165977    1.90768364    2.00871194    2.02791549    1.99329145    1.73045045    1.99744138    1.64139120    1.81429348    1.49038461    1.85378991    1.57012980    1.72179975    2.02681234    2.19876742    1.95497736    1.79535155    1.71496853    1.97481449    2.59908429    1.78724092    2.13244547    1.96697596    1.90009954    1.78686415    2.35903158    2.04266768    1.88527283    2.34951208    1.83842857    2.21174439    1.99081804    2.25429428    1.97288371    2.28663583    2.07457987    1.96559532    1.84305229    2.15496923    2.40206692    1.63708967    1.65243119    2.46881777    2.65563106    2.48426268    2.46271802    2.61697805
Q74AX7_GEOSL/300-367     2.42218803    1.37600446    2.14996613    1.65958749    1.53726347    1.78959890    1.82632671    1.84381937    1.62125980    0.00000000    1.05283743    1.13090827    1.44637078    1.57276867    1.55841158    1.50314331    1.79447780    1.64276808    1.57723475    1.37576365    1.24920407    1.50104430    1.55674516    1.16754317    1.34393099    1.24520792    1.61579354    1.67477547    1.08258458    1.53840966    1.53206802    1.52205692    1.29591539    1.70572123    1.59291409    1.68336839    1.29389934    1.52082005    1.27679883    1.16489693    1.51675682    1.32596413    1.40097622    1.56154053    1.53659414    1.38066203    1.78414181    1.68891888    1.70463728    1.32121216    1.32312216    1.57726091    1.51699418    1.44308490    1.63881680    1.48167930    1.46699162    1.64199155    1.86215425
Q2ILI0_ANADE/288-356     2.31880698    1.49628151    2.00422241    1.54470091    1.74678449    1.62202459    1.61934861    2.02884268    1.80541177    1.05283743    0.00000000    0.91840057    1.32624342    1.64521899    1.45169716    1.44258396    1.66624925    1.80010634    1.54390263    1.44677003    1.49350303    1.36968730    1.73643115    1.52043538    1.79821180    1.42502736    1.94086620    1.63331825    1.40595213    1.60372975    1.71202877    1.76303153    1.39266007    2.23828068    1.58650192    1.72807871    1.36704748    1.65251060    1.50200541    1.37079092    1.62471508    1.41448822    1.59164567    1.86672629    2.12292340    1.72909892    2.45859109    2.03563337    1.74851609    1.64494018    1.40711874    1.55680762    1.80854124    2.15203935    1.91610651    1.88446391    1.73049450    1.97513826    1.88833288
E3FSS6_STIAD/255-323     2.49716791    1.68242140    1.91785862    1.78732935    1.97149415    2.48788434    2.06090917    2.15964109    2.16352849    1.13090827    0.91840057    0.00000000    1.82185718    1.64042421    1.97042230    2.01100807    2.29031292    2.07480321    1.80134187    1.70313276    1.69127548    2.08143992    1.48444292    1.80242587    1.60672308    1.53908529    1.83964111    2.08242810    1.81296845    1.57514157    1.37595008    1.87785020    1.58757728    2.15327619    2.09538330    1.99962231    1.55720751    1.85522220    1.63206702    1.32924645    1.80785737    1.55586158    1.70406698    1.97238666    1.89644841    1.83098133    2.16702897    1.80706011    2.02542030    1.51000010    1.75646826    1.82155931    1.92025908    1.36492203    1.90339959    1.83011551    1.92964107    1.73346025    1.63756304
Q311M2_DESAG/557-627     2.54678351    1.54442623    2.37404834    1.29693035    1.50773492    1.69912916    1.71270950    1.60836112    1.50165977    1.44637078    1.32624342    1.82185718    0.00000000    0.97146229    1.29901191    1.25263188    1.34975026    1.17994863    0.97666021    1.06567876    1.01936605    1.14123682    1.38841063    1.52711898    1.25278480    1.44709116    1.74909697    1.54985174    1.00598316    1.05740442    1.16544100    1.50924643    0.96666652    1.62704295    1.48790548    1.55691107    1.30323320    1.20816636    1.43192340    1.35448813    1.56282458    1.20998544    1.47642585    1.36717114    1.53008083    1.40462537    2.08065747    1.64353906    1.40910753    1.36551890    1.24003147    1.36867244    1.56421454    1.38164940    1.46924330    1.65931489    1.59605055    1.46904266    1.48962209
Q9KS63_VIBCH/370-436     2.65881669    1.64618389    2.50647857    1.45439496    1.68308051    1.96226429    1.52124472    1.94134472    1.90768364    1.57276867    1.64521899    1.64042421    0.97146229    0.00000000    0.74070140    0.75302758    1.02789364    0.99466430    1.17151549    1.60052997    1.51502577    1.55583541    1.50579019    1.49462410    1.51360093    1.75623385    2.03349602    1.41298551    1.35441848    1.36664986    1.43316759    1.79062482    1.38180918    1.85316259    1.77361757    1.61817895    1.61211941    1.60650546    2.00392814    1.43611119    1.69534537    1.47286956    1.43746320    1.82587475    1.89579502    1.79303754    2.43649747    1.96640955    2.01670984    1.54988976    1.52871961    1.60704915    1.25134551    1.51982823    1.68561675    2.02231704    1.91685997    1.75642374    1.35903957
A6W948_KINRD/422-489     2.41395628    2.25045686    2.20461943    1.58100444    1.64708492    1.76123151    1.28013226    2.41823317    2.00871194    1.55841158    1.45169716    1.97042230    1.29901191    0.74070140    0.00000000    0.61392095    1.16236972    1.13897431    1.19869467    1.61916494    1.55598239    1.50753193    1.84290843    1.62547580    1.49894462    1.93132463    1.99358984    1.84743330    1.84007272    1.64920994    1.83741443    2.48855951    1.65753407    1.54258338    1.46547931    1.48147198    1.41930760    1.73901507    1.55454673    1.38887120    1.86739150    1.45107078    1.30071083    1.72092518    1.92909877    2.01325031    2.49912958    2.70427158    2.25941283    1.49968768    1.51424025    1.89288236    1.73675867    2.01067252    2.17167378    2.08642182    1.83349693    1.90539179    1.59659713
Q2RRW8_RHORT/471-539     2.41924217    1.69297040    2.08828247    1.61727697    1.75348331    1.99609601    1.19582601    2.09891858    2.02791549    1.50314331    1.44258396    2.01100807    1.25263188    0.75302758    0.61392095    0.00000000    0.92284855    1.04245568    1.15348221    1.63468404    1.58878955    1.54662049    1.71533040    1.60993717    1.50942766    2.06659624    2.30782387    1.46797209    1.60864941    1.50340441    1.70740198    2.28390272    1.47111083    1.68128631    1.90732947    1.75637273    1.40199032    1.85143746    1.80809106    1.55698750    1.86759057    1.40926080    1.61598253    1.64645508    1.87915062    1.71002197    2.56423399    2.02887734    2.03215918    1.61729931    1.68256081    1.50829220    1.62415538    2.02981147    2.25781198    2.17466549    2.19509214    2.03807191    1.78874385
Q3ADA4_CARHZ/515-582     3.02236950    2.21626259    2.29290507    1.74440592    1.98726012    2.48183363    1.55617570    2.09352364    1.99329145    1.79447780    1.66624925    2.29031292    1.34975026    1.02789364    1.16236972    0.92284855    0.00000000    1.05240039    1.29258434    1.64377328    1.62121278    1.55823807    2.24137197    1.97424090    1.98062124    2.60658048    1.94560882    1.92487415    1.69101230    1.88592753    2.02572549    2.21262243    1.72972399    2.26774331    2.05998721    1.90721724    1.65300595    1.83504980    2.01897050    1.63582001    1.90684546    1.61433237    1.86941201    1.83924113    1.91308894    2.14031042    3.08580600    2.21338219    2.35902352    1.61722938    1.56235225    1.76945451    1.61091569    2.30123089    2.46673422    2.93953358    2.24562369    2.21809186    1.86283929
Q8RAY9_CALS4/415-483     3.33736974    2.33526206    2.33959693    1.66093663    1.85587575    1.77807395    1.71648112    1.84462607    1.73045045    1.64276808    1.80010634    2.07480321    1.17994863    0.99466430    1.13897431    1.04245568    1.05240039    0.00000000    1.29001365    1.56981962    1.39171926    1.76470358    1.82962984    2.00160831    1.87420984    2.03749805    2.27675384    1.76831722    1.43285298    1.39351907    1.70705253    1.99218080    1.31220815    1.81257608    1.81222194    1.73615094    1.39305764    1.58484319    2.00656807    1.53988457    1.98837403    1.28851468    1.80907911    2.07137422    1.87446635    1.91018679    2.16193339    2.31084878    1.99287069    1.62838610    1.54861219    1.39061576    1.45237524    1.42840591    1.87410135    2.00096763    2.16445525    2.07972343    1.63608311
Q0AWZ2_SYNWW/525-593     2.82787105    1.92461291    2.33540018    1.68888365    1.61253408    1.68852270    1.68389265    2.30471644    1.99744138    1.57723475    1.54390263    1.80134187    0.97666021    1.17151549    1.19869467    1.15348221    1.29258434    1.29001365    0.00000000    1.37827661    1.53751114    1.85423138    1.43913458    1.32607001    1.40024658    1.74089391    1.70513449    1.67879320    1.47527734    1.46495333    1.45091645    1.53703738    1.12681777    1.59976150    1.68387116    1.66408654    1.39503633    1.65621942    1.57621671    1.61274992    1.65754830    1.55318692    1.48755551    1.75000661    1.88406110    2.09211866    2.14139109    2.29102908    2.11796911    1.61253440    1.43843921    1.45623332    1.43314557    1.68254616    1.64357074    1.94799429    1.71489781    1.75472259    1.58394176
Q24T59_DESHY/328-394     2.56831086    1.61301052    2.05050705    1.65792947    1.64233197    1.85418595    1.52251846    2.02684450    1.64139120    1.37576365    1.44677003    1.70313276    1.06567876    1.60052997    1.61916494    1.63468404    1.64377328    1.56981962    1.37827661    0.00000000    1.01722487    1.17382464    1.15978008    1.16525393    1.13688207    1.43532548    1.41238909    1.43809928    1.13690003    0.95284430    1.03089715    1.19561058    1.07744977    1.29859979    1.17419613    1.30851840    0.96294241    1.13637448    1.23753594    1.30676912    1.22263883    1.01045059    1.46329892    1.35890242    1.45167800    1.68180984    1.62721298    1.94085218    1.32619475    1.21299695    1.02561779    1.49667801    1.53716208    1.27237458    1.50224732    1.68014346    1.49919465    1.23833793    1.64244691
A0LIT5_SYNFM/774-857     2.66133258    1.48329615    2.20814110    1.64098086    1.72324238    2.12438216    1.77259317    2.18768539    1.81429348    1.24920407    1.49350303    1.69127548    1.01936605    1.51502577    1.55598239    1.58878955    1.62121278    1.39171926    1.53751114    1.01722487    0.00000000    1.12485023    1.55006733    1.66566455    1.40554948    1.30360810    1.55444864    1.62251284    1.16203628    1.30536774    1.37350195    1.84990115    1.25389067    1.39438047    1.10848175    1.23484130    0.96229708    1.13470893    1.14465103    1.11971531    1.38934115    1.09724447    1.21477572    1.34536899    1.53999264    1.66561212    1.99563300    1.79081958    1.89551753    1.39626140    0.90087085    1.13965258    1.54817658    1.39803385    1.37674595    1.55167512    1.24643471    1.63645580    1.52560861
A5G500_GEOUR/159-227     2.63587211    1.80379736    2.20164717    1.69222608    1.69996813    2.07739681    1.84181973    1.83714125    1.49038461    1.50104430    1.36968730    2.08143992    1.14123682    1.55583541    1.50753193    1.54662049    1.55823807    1.76470358    1.85423138    1.17382464    1.12485023    0.00000000    1.65457662    1.46019458    1.64669589    1.48179594    1.70687940    1.66313791    1.14654622    1.10774266    1.42357541    2.00568956    1.19557508    1.71258353    1.39060476    1.55396309    1.39432211    1.47894391    1.39535531    1.50347803    1.48983075    1.42934990    1.49597613    1.96321808    1.72619491    2.14608502    2.42152794    1.87384252    1.70595312    1.48772140    1.38808606    1.37192605    1.83629790    1.84318681    1.50226829    1.86862900    1.64752911    1.29490107    1.92594129
Q0PBM2_CAMJE/233-300     2.26387917    1.72139141    2.14597700    1.54775860    1.79951372    1.84931240    2.12040396    2.16867453    1.85378991    1.55674516    1.73643115    1.48444292    1.38841063    1.50579019    1.84290843    1.71533040    2.24137197    1.82962984    1.43913458    1.15978008    1.55006733    1.65457662    0.00000000    0.92851158    0.69017817    1.04416195    1.30013883    0.92497589    1.01134364    1.07464267    1.28048138    1.29825423    1.00719747    1.56289622    2.18632994    2.03459730    1.50838559    1.49843398    1.50613812    1.36038493    1.41194140    1.43605927    1.55929518    1.85532678    1.56547632    1.89628924    2.10777563    2.00720618    1.64914559    1.62382535    1.47702829    1.84545386    1.49614599    1.43590981    1.82513931    1.63107961    1.65342426    1.18839639    1.80181309
Q2RZD1_SALRD/114-192     1.89742125    1.53866964    2.20895442    1.41679825    1.68592130    1.68498925    1.98940860    1.73155489    1.57012980    1.16754317    1.52043538    1.80242587    1.52711898    1.49462410    1.62547580    1.60993717    1.97424090    2.00160831    1.32607001    1.16525393    1.66566455    1.46019458    0.92851158    0.00000000    0.94829680    1.10203587    1.32150920    1.34716503    1.20871302    1.26463342    1.63070732    1.36869502    1.02551724    1.61416052    1.99329966    2.37265041    1.32850566    1.71192006    1.50251633    1.63095605    1.61568077    1.46967471    1.67829523    1.47074077    1.68077167    1.97897375    1.76482953    2.06510150    1.95873910    1.76495900    1.49471667    1.87266602    1.52480799    1.72360641    1.95468457    1.82161974    1.71465835    1.77100324    1.94929134
J9Z7G9_LEPFM/239-306     1.71378016    1.55159938    2.21370321    1.36915513    1.65421699    1.68305486    1.73865818    1.95185344    1.72179975    1.34393099    1.79821180    1.60672308    1.25278480    1.51360093    1.49894462    1.50942766    1.98062124    1.87420984    1.40024658    1.13688207    1.40554948    1.64669589    0.69017817    0.94829680    0.00000000    1.15352131    1.05189357    1.23451412    0.94534547    1.13653198    1.27739584    1.61551426    0.96588984    1.49269989    1.89490282    1.74920938    1.27842890    1.16867846    1.38335552    1.11347679    1.60484460    1.47167631    1.51942181    1.63270651    1.70174285    2.00734198    1.91177787    2.30020214    2.01754889    1.55802651    1.38027134    1.83588518    1.57540106    1.23080598    1.82744040    1.57895115    1.53798316    1.14024359    1.72951184
Q39QJ5_GEOMG/208-275     2.21764957    1.71654211    2.38300698    1.98252380    2.03576142    1.85528887    2.49436952    2.07856659    2.02681234    1.24520792    1.42502736    1.53908529    1.44709116    1.75623385    1.93132463    2.06659624    2.60658048    2.03749805    1.74089391    1.43532548    1.30360810    1.48179594    1.04416195    1.10203587    1.15352131    0.00000000    1.25050852    1.50588053    1.16968910    1.03773655    1.26908084    1.35313230    1.28772765    1.60906099    1.57984812    1.57811968    1.39914224    1.52056133    1.61641279    1.67263367    1.92569315    1.66157363    1.66675978    1.93096963    1.97227747    1.84486628    1.99899352    1.76430562    2.05450049    1.83907494    1.64377064    1.96112887    1.71547903    1.44836883    1.80597562    1.64832318    1.99625983    1.67385917    1.96735866
A0LDL8_MAGMM/366-428     1.94533930    1.98086307    2.04346368    1.96400756    1.84714774    1.82810321    2.24409781    2.28222769    2.19876742    1.61579354    1.94086620    1.83964111    1.74909697    2.03349602    1.99358984    2.30782387    1.94560882    2.27675384    1.70513449    1.41238909    1.55444864    1.70687940    1.30013883    1.32150920    1.05189357    1.25050852    0.00000000    1.24994729    1.52722386    1.38705121    1.37930486    1.87171778    1.57783705    1.85736209    1.35476416    1.45785845    1.61033207    1.76907226    1.37722942    1.39750889    1.57957772    1.62128941    1.71703809    1.65142169    1.48215241    2.23990565    1.89324417    1.78857498    2.07890091    1.67781848    1.53964841    1.83590980    1.46593159    1.81346380    1.68945304    1.83479964    1.89543732    1.35890414    1.97238006
B4U6X8_HYDS0/291-363     2.67548712    1.41973554    2.18357284    1.63031423    1.66687295    1.95737172    2.07388232    2.06731071    1.95497736    1.67477547    1.63331825    2.08242810    1.54985174    1.41298551    1.84743330    1.46797209    1.92487415    1.76831722    1.67879320    1.43809928    1.62251284    1.66313791    0.92497589    1.34716503    1.23451412    1.50588053    1.24994729    0.00000000    0.86655429    1.32404854    1.34865016    1.55825101    0.96440191    1.47870541    1.67256945    1.55788335    1.34891246    1.51090289    1.74707462    1.65154329    1.83668509    1.42792960    1.51104341    1.59410788    1.74844137    1.61205690    2.20981325    2.09384002    1.95950716    1.62032505    1.51262309    1.51065094    1.67768282    1.65603869    1.56954356    1.83387344    1.81001359    1.60583412    1.96732626
A6Q2K9_NITSB/278-346     2.07301703    1.50007267    2.24756125    1.46552721    1.55512983    1.83963030    1.94112739    1.81416950    1.79535155    1.08258458    1.40595213    1.81296845    1.00598316    1.35441848    1.84007272    1.60864941    1.69101230    1.43285298    1.47527734    1.13690003    1.16203628    1.14654622    1.01134364    1.20871302    0.94534547    1.16968910    1.52722386    0.86655429    0.00000000    1.09924690    1.16252719    1.34715584    0.85848645    1.54988123    1.71925642    1.89920973    1.27863095    1.18072951    1.47004757    1.32665678    1.40587081    1.24375572    1.36233235    1.77328986    1.66413826    1.44308418    2.04555661    1.59687255    1.72360770    1.39249721    1.24951005    1.49045421    1.92278393    1.50991869    1.53457202    1.63384050    1.62259350    1.40922219    1.44152710
A4J797_DESRM/296-364     2.35045110    1.48791939    1.92961001    1.62620579    1.37170596    1.95957711    1.63119867    1.68948718    1.71496853    1.53840966    1.60372975    1.57514157    1.05740442    1.36664986    1.64920994    1.50340441    1.88592753    1.39351907    1.46495333    0.95284430    1.30536774    1.10774266    1.07464267    1.26463342    1.13653198    1.03773655    1.38705121    1.32404854    1.09924690    0.00000000    0.87207414    1.05478465    0.90545354    1.51505450    1.34787512    1.32721480    1.40737855    1.28999762    1.20154404    1.34860809    1.32603834    1.13526151    1.71852645    1.79914194    1.61452325    1.82303588    2.16770859    2.06472194    1.87778989    1.47744136    1.60444004    1.50150509    1.50172214    1.62724784    1.76760273    1.66163177    1.60604591    1.39800778    1.77745256
Q67P71_SYMTH/306-374     1.96081513    1.31474362    2.07091990    1.64694760    1.36187227    1.86118610    1.51213728    1.37881730    1.97481449    1.53206802    1.71202877    1.37595008    1.16544100    1.43316759    1.83741443    1.70740198    2.02572549    1.70705253    1.45091645    1.03089715    1.37350195    1.42357541    1.28048138    1.63070732    1.27739584    1.26908084    1.37930486    1.34865016    1.16252719    0.87207414    0.00000000    1.47917717    0.90167787    1.49843480    1.68850937    1.63322534    1.19643900    1.33578680    1.43507743    1.39878178    1.34621757    1.35667972    1.42900027    1.52772401    1.26770547    1.67994196    1.76554623    1.43188172    1.48652698    1.46155273    1.39594766    1.53525267    1.58529570    1.06584941    1.83368867    2.08003033    1.99689609    1.74622943    1.62424505
A3DJ88_HUNT2/187-255     2.64724570    1.42071170    2.42122615    1.65454895    1.64983802    2.52279568    2.75099553    2.14258666    2.59908429    1.52205692    1.76303153    1.87785020    1.50924643    1.79062482    2.48855951    2.28390272    2.21262243    1.99218080    1.53703738    1.19561058    1.84990115    2.00568956    1.29825423    1.36869502    1.61551426    1.35313230    1.87171778    1.55825101    1.34715584    1.05478465    1.47917717    0.00000000    1.11288802    1.80924945    1.98447312    2.03616157    1.60152599    1.58950960    1.51387722    1.74928362    1.65754415    1.74003790    1.76919723    1.61718374    1.75825030    1.84800754    2.24614888    2.64307118    2.30419946    1.62604505    1.50634688    1.69555071    1.79421211    1.95134133    1.79564984    1.78169637    1.68302421    2.08019680    1.85998924
Q3ADH0_CARHZ/298-367     2.33183528    1.27418934    2.24795931    1.29857926    1.30375689    1.57538544    2.10902167    1.81156596    1.78724092    1.29591539    1.39266007    1.58757728    0.96666652    1.38180918    1.65753407    1.47111083    1.72972399    1.31220815    1.12681777    1.07744977    1.25389067    1.19557508    1.00719747    1.02551724    0.96588984    1.28772765    1.57783705    0.96440191    0.85848645    0.90545354    0.90167787    1.11288802    0.00000000    1.42147763    1.74088782    1.74064447    1.24536041    1.30690652    1.34848210    1.32723752    1.63670920    1.44144076    1.32051656    1.27873881    1.33202554    1.48294946    2.00085693    1.57960923    1.50203915    1.12863465    1.24223916    1.56802512    1.42409921    1.18556360    1.56391185    1.54563270    1.56213982    1.33034151    1.45425227
Q1IQS8_KORVE/320-388     2.51300231    1.97363593    2.33401521    1.76281910    1.87100221    1.85880569    1.93462717    2.83121467    2.13244547    1.70572123    2.23828068    2.15327619    1.62704295    1.85316259    1.54258338    1.68128631    2.26774331    1.81257608    1.59976150    1.29859979    1.39438047    1.71258353    1.56289622    1.61416052    1.49269989    1.60906099    1.85736209    1.47870541    1.54988123    1.51505450    1.49843480    1.80924945    1.42147763    0.00000000    1.11055873    1.09073192    1.19024657    1.28845180    1.16483160    1.33268068    1.57923419    1.33047412    1.21487766    1.11883132    1.27477345    1.57767129    1.83588373    1.95211635    1.78249229    1.37347342    1.38375056    1.46285296    1.63441234    1.59747841    1.62242290    1.48641636    1.47786466    1.63675266    1.56670835
F7IW68_TREDE/340-464     2.71210336    1.56699739    2.06519363    1.66125974    1.78670886    2.23123878    1.63691352    2.65970450    1.96697596    1.59291409    1.58650192    2.09538330    1.48790548    1.77361757    1.46547931    1.90732947    2.05998721    1.81222194    1.68387116    1.17419613    1.10848175    1.39060476    2.18632994    1.99329966    1.89490282    1.57984812    1.35476416    1.67256945    1.71925642    1.34787512    1.68850937    1.98447312    1.74088782    1.11055873    0.00000000    0.58374039    1.13255043    1.20017034    1.21349902    1.31183279    1.36094857    1.25495727    1.51469005    1.24833030    1.44873137    1.85798656    2.37589687    2.03241834    1.94679153    1.29772734    1.29618263    1.74332252    1.84225665    1.64692933    1.36737576    1.42113744    1.26072835    1.54553117    1.67153296
CHEA_TREPA/351-475     2.66155611    1.61836380    1.94140475    1.77489056    1.78770832    2.36798468    1.75705075    2.53068928    1.90009954    1.68336839    1.72807871    1.99962231    1.55691107    1.61817895    1.48147198    1.75637273    1.90721724    1.73615094    1.66408654    1.30851840    1.23484130    1.55396309    2.03459730    2.37265041    1.74920938    1.57811968    1.45785845    1.55788335    1.89920973    1.32721480    1.63322534    2.03616157    1.74064447    1.09073192    0.58374039    0.00000000    1.14986820    1.25676620    1.32918509    1.27479482    1.46686297    1.25351584    1.44250187    1.19612528    1.48080417    1.87423914    2.50945652    2.21379853    2.06935169    1.20217603    1.33038850    1.84131486    1.83944609    1.66701388    1.39935201    1.40988237    1.26799642    1.43940980    1.58670223
A1WZ19_HALHL/300-363     2.54775284    1.18001273    1.80106880    1.58553524    1.67518754    1.56595041    1.86990124    1.77446396    1.78686415    1.29389934    1.36704748    1.55720751    1.30323320    1.61211941    1.41930760    1.40199032    1.65300595    1.39305764    1.39503633    0.96294241    0.96229708    1.39432211    1.50838559    1.32850566    1.27842890    1.39914224    1.61033207    1.34891246    1.27863095    1.40737855    1.19643900    1.60152599    1.24536041    1.19024657    1.13255043    1.14986820    0.00000000    0.44260868    0.56894570    0.52683154    0.54037605    0.52799748    0.71744943    0.80603884    0.99274194    1.30131275    2.22288765    2.00822755    1.67118498    1.11633243    0.57640798    0.85578774    1.29873587    0.97009891    1.39238548    1.27219701    1.28710646    1.28512644    1.17922834
Q9KKK9_VIBCH/321-383     2.54395838    1.49935098    2.46912487    1.86407430    2.17283251    1.90056054    2.18987500    2.00061155    2.35903158    1.52082005    1.65251060    1.85522220    1.20816636    1.60650546    1.73901507    1.85143746    1.83504980    1.58484319    1.65621942    1.13637448    1.13470893    1.47894391    1.49843398    1.71192006    1.16867846    1.52056133    1.76907226    1.51090289    1.18072951    1.28999762    1.33578680    1.58950960    1.30690652    1.28845180    1.20017034    1.25676620    0.44260868    0.00000000    0.57924401    0.56221391    0.69380987    0.53690698    0.69323179    0.89227758    0.89957013    1.47591224    2.05013993    2.18818168    1.96483296    1.06195311    0.62941728    1.10921723    1.27992234    1.16748194    1.35376040    1.47060369    1.27185116    1.22726003    1.42155872
Q21G15_SACD2/393-456     2.36403962    1.40901494    2.11631352    1.50060098    1.70529822    1.86656361    1.77410621    1.92329317    2.04266768    1.27679883    1.50200541    1.63206702    1.43192340    2.00392814    1.55454673    1.80809106    2.01897050    2.00656807    1.57621671    1.23753594    1.14465103    1.39535531    1.50613812    1.50251633    1.38335552    1.61641279    1.37722942    1.74707462    1.47004757    1.20154404    1.43507743    1.51387722    1.34848210    1.16483160    1.21349902    1.32918509    0.56894570    0.57924401    0.00000000    0.54089780    0.54550987    0.62186788    0.85916213    0.81638492    1.00369653    1.51367072    2.08603130    2.26610636    1.89543894    1.10406578    0.57783406    0.90483600    1.36348350    1.19526799    1.42747806    1.35447965    1.24490918    1.31894936    1.16634806
Q2SPQ9_HAHCH/296-359     2.13387603    1.37736568    1.46378488    1.54679244    1.63224896    1.56933347    2.00586438    2.24424973    1.88527283    1.16489693    1.37079092    1.32924645    1.35448813    1.43611119    1.38887120    1.55698750    1.63582001    1.53988457    1.61274992    1.30676912    1.11971531    1.50347803    1.36038493    1.63095605    1.11347679    1.67263367    1.39750889    1.65154329    1.32665678    1.34860809    1.39878178    1.74928362    1.32723752    1.33268068    1.31183279    1.27479482    0.52683154    0.56221391    0.54089780    0.00000000    0.58300542    0.54974056    0.79589307    0.99369369    0.85777300    1.45393598    2.12581441    2.23495480    1.57418846    0.86569947    0.63728072    0.88665505    1.23845450    1.09128985    1.36827021    1.46731400    1.26862711    1.02523131    1.10305551
D4ZDM7_SHEVD/308-371     2.05664184    1.41339178    1.87306145    1.63046213    1.83805164    2.09114874    1.91387558    2.28043975    2.34951208    1.51675682    1.62471508    1.80785737    1.56282458    1.69534537    1.86739150    1.86759057    1.90684546    1.98837403    1.65754830    1.22263883    1.38934115    1.48983075    1.41194140    1.61568077    1.60484460    1.92569315    1.57957772    1.83668509    1.40587081    1.32603834    1.34621757    1.65754415    1.63670920    1.57923419    1.36094857    1.46686297    0.54037605    0.69380987    0.54550987    0.58300542    0.00000000    0.51005233    0.87981499    0.89979328    0.90781490    1.63056672    2.32010126    2.38432886    1.88364397    1.09896081    0.70870702    0.74850151    1.38750829    1.23685226    1.53351969    1.53269605    1.30677215    1.29094195    1.28628512
Q31F69_HYDCU/296-363     2.54341478    1.35402490    1.58998491    1.35282895    1.66839841    1.62215511    1.53792080    2.12711196    1.83842857    1.32596413    1.41448822    1.55586158    1.20998544    1.47286956    1.45107078    1.40926080    1.61433237    1.28851468    1.55318692    1.01045059    1.09724447    1.42934990    1.43605927    1.46967471    1.47167631    1.66157363    1.62128941    1.42792960    1.24375572    1.13526151    1.35667972    1.74003790    1.44144076    1.33047412    1.25495727    1.25351584    0.52799748    0.53690698    0.62186788    0.54974056    0.51005233    0.00000000    0.70781814    0.89482424    0.92842621    1.37007768    1.91236916    2.28291825    1.76511455    1.05648302    0.70742091    0.72584412    1.40948208    1.13445786    1.40956734    1.55273155    1.22761683    1.15871299    1.25674044
A1K5G3_AZOSB/307-370     2.45704840    1.56245159    2.22763639    1.57008468    1.72299109    2.06287615    1.81539964    2.39598110    2.21174439    1.40097622    1.59164567    1.70406698    1.47642585    1.43746320    1.30071083    1.61598253    1.86941201    1.80907911    1.48755551    1.46329892    1.21477572    1.49597613    1.55929518    1.67829523    1.51942181    1.66675978    1.71703809    1.51104341    1.36233235    1.71852645    1.42900027    1.76919723    1.32051656    1.21487766    1.51469005    1.44250187    0.71744943    0.69323179    0.85916213    0.79589307    0.87981499    0.70781814    0.00000000    0.80921191    0.87307404    1.44163870    2.19305296    1.76507087    1.70313126    1.10877056    0.65461423    0.82413727    1.59214254    1.33075321    1.37921918    1.48390417    1.21339138    1.45121342    1.13935729
Q9AB02_CAUVC/359-422     2.40475863    1.48835038    1.73337161    1.48786915    1.80230078    2.10137776    1.88942653    2.34253903    1.99081804    1.56154053    1.86672629    1.97238666    1.36717114    1.82587475    1.72092518    1.64645508    1.83924113    2.07137422    1.75000661    1.35890242    1.34536899    1.96321808    1.85532678    1.47074077    1.63270651    1.93096963    1.65142169    1.59410788    1.77328986    1.79914194    1.52772401    1.61718374    1.27873881    1.11883132    1.24833030    1.19612528    0.80603884    0.89227758    0.81638492    0.99369369    0.89979328    0.89482424    0.80921191    0.00000000    0.50904587    1.02568429    1.86022142    1.77299483    1.53187049    0.76532245    0.77115512    1.07898036    1.65025899    1.12127858    1.12954262    1.21512250    1.00470810    1.33202672    1.25265950
E0TFX4_PARBH/121-184     2.38386573    1.45211824    2.06036999    1.55010419    1.85203729    2.14253044    2.06187902    2.25190964    2.25429428    1.53659414    2.12292340    1.89644841    1.53008083    1.89579502    1.92909877    1.87915062    1.91308894    1.87446635    1.88406110    1.45167800    1.53999264    1.72619491    1.56547632    1.68077167    1.70174285    1.97227747    1.48215241    1.74844137    1.66413826    1.61452325    1.26770547    1.75825030    1.33202554    1.27477345    1.44873137    1.48080417    0.99274194    0.89957013    1.00369653    0.85777300    0.90781490    0.92842621    0.87307404    0.50904587    0.00000000    1.01247081    1.58325527    1.50198195    1.29365535    0.82205123    0.81063348    1.04164590    1.63616198    1.18240284    1.41175457    1.44828812    1.34976028    1.33890797    1.29830891
Q5FQQ3_GLUOX/287-350     2.44718010    1.62849985    2.40006182    1.74696658    2.00979823    2.40085685    2.19112201    1.72998319    1.97288371    1.38066203    1.72909892    1.83098133    1.40462537    1.79303754    2.01325031    1.71002197    2.14031042    1.91018679    2.09211866    1.68180984    1.66561212    2.14608502    1.89628924    1.97897375    2.00734198    1.84486628    2.23990565    1.61205690    1.44308418    1.82303588    1.67994196    1.84800754    1.48294946    1.57767129    1.85798656    1.87423914    1.30131275    1.47591224    1.51367072    1.45393598    1.63056672    1.37007768    1.44163870    1.02568429    1.01247081    0.00000000    1.63312615    1.55716457    1.29993341    1.24071093    1.49465972    1.97078807    2.37896677    1.35552744    1.82350742    1.82920406    1.54583602    1.87761063    1.69235787
Q2W2W7_MAGSA/161-239     2.57016528    2.00137377    2.54586074    2.23049023    2.26373875    2.10621755    2.17162313    2.64208336    2.28663583    1.78414181    2.45859109    2.16702897    2.08065747    2.43649747    2.49912958    2.56423399    3.08580600    2.16193339    2.14139109    1.62721298    1.99563300    2.42152794    2.10777563    1.76482953    1.91177787    1.99899352    1.89324417    2.20981325    2.04555661    2.16770859    1.76554623    2.24614888    2.00085693    1.83588373    2.37589687    2.50945652    2.22288765    2.05013993    2.08603130    2.12581441    2.32010126    1.91236916    2.19305296    1.86022142    1.58325527    1.63312615    0.00000000    1.38444152    1.23141848    1.85962502    1.79565695    2.22935188    2.53733295    1.71108799    2.38221916    2.63761284    2.28223138    2.08796386    2.28828135
