87
Y3205_ORYSJ/29-119     0.00000000    0.31340533    1.34110920    1.41165077    1.36832549    1.82715215    1.81811632    2.75894425    2.25084426    2.35357902    2.34291093    2.69048513    2.37927882    2.32068020    2.42471272    2.78132852    2.32314031    2.36257370    2.79370878    2.30725444    2.54594299    2.52737719    3.55006105    2.32132624    2.26846770    2.05008515    2.36802540    2.74133219    2.51093465    2.33068365    2.31516085    2.30466336    2.70623345    2.93740382    2.61064385    3.49072350    2.55408023    2.81388538    2.93137683    3.55614326    3.82455348    3.02969806    2.99788172    3.67766405    2.61440483    2.65435327    2.94404682    2.73391701    2.77195199    2.34166344    2.39476329    3.21320903    3.00218203    2.77239038    2.89860496    1.96906472    2.81019962    2.85798524    3.01086891    2.85856686    3.20024752    3.26465935    3.25893962    3.08451155    2.06932585    2.89890506    2.84723967    2.70331496    3.05246229    2.60201803    3.15733971    2.62337897    2.74098714    2.79108657    2.84147150    2.57233143    3.54430457    2.75219322    2.49394726    3.05192274    2.65618185    2.72077889    2.83669830    2.91199171    2.89590588    1.85845660    1.74231179
Y3204_ORYSJ/29-119     0.31340533    0.00000000    1.26310018    1.22632155    1.19334709    1.68986304    1.74558268    2.99996193    2.10538783    2.07711815    2.42078402    2.43742453    2.33406784    2.31208223    2.48634695    2.86973858    2.14899994    2.38174200    2.96887163    2.11509817    2.20270427    2.83704680    3.08318901    2.45923388    2.51257462    2.42066761    2.52043492    2.87144417    2.57769526    2.48090478    2.22613515    2.43279085    3.00302166    2.95391689    2.54060008    3.37535371    2.65084420    3.10877091    2.88257730    3.61992078    3.71564981    3.43947302    3.05625022    3.67656114    2.71194563    2.36856250    2.90555672    2.67945165    2.71149096    2.30658587    2.18693276    2.84042629    2.47174216    2.41865829    2.62749563    1.82270638    2.46680796    2.22223159    2.55027018    3.20767146    4.09266410    3.98555223    3.53907992    3.70011021    2.41129600    3.37471347    3.01950756    2.94436576    3.30381536    3.12858552    3.76662806    3.14076168    3.09552667    2.87956619    3.14693679    2.76711573    4.37826069    3.37307886    3.32632985    3.64987229    3.36320124    3.43846191    3.50886131    3.62844808    2.97307471    1.93942295    1.40996584
Y3216_ORYSJ/150-240     1.34110920    1.26310018    0.00000000    0.93475685    0.66603224    1.65026548    1.40470524    2.21451595    1.69567906    1.64968386    2.10346262    1.71167246    1.83238205    1.72329931    2.10238008    2.14095601    2.15377498    1.38249174    1.81192604    1.97425898    1.90402269    3.25801289    2.94122944    2.70419645    2.70276485    2.42536381    2.76696182    2.48672032    2.53031088    2.30422508    2.57749850    2.54092006    2.30144712    2.93379006    2.57899634    2.79141400    2.47253037    3.33157722    2.88323657    3.02011748    3.08671895    3.22042894    2.61893797    3.11128892    2.46890764    3.13081320    3.08107325    2.27138915    2.76298224    2.39163652    2.05548844    2.75799482    2.10072325    2.68574105    3.09214579    2.27854384    2.39247877    2.79049785    2.24658064    3.20779798    3.79785657    3.28915015    3.30373649    3.11655179    2.18297140    3.43479627    2.85472592    2.84381372    2.75955028    2.76243482    2.84482180    2.38951588    2.98951146    2.75140016    2.85012903    2.75711875    3.15345742    3.13314967    2.92820625    3.16732062    2.64891255    2.61192989    2.51029409    2.78327783    2.40136338    1.45335325    1.43412962
Y3160_ORYSJ/25-122     1.41165077    1.22632155    0.93475685    0.00000000    0.66374020    1.82108827    1.98809108    2.07713206    2.17355118    1.82209292    2.04560965    2.00649267    2.19340594    1.84800951    2.29230470    2.62714327    2.52142243    1.65131053    2.10797250    2.02551124    2.44668172    2.70628735    2.75622339    2.37196594    2.55355866    2.27200035    2.45493921    2.69386286    3.03292026    2.80597699    2.53541205    2.71043237    3.26180361    2.96984314    2.76741473    3.20404862    2.91561355    4.25672989    3.24098716    3.30331783    3.83617762    4.07515606    2.84200435    3.43709233    2.48518630    2.89125000    2.89080570    2.66341141    2.69389801    2.83632974    2.88614893    3.08439996    2.59916120    3.17488434    3.05286614    2.50054532    2.96612242    3.41708049    2.37801003    3.63185901    4.20191241    3.89116294    3.79608891    3.35424237    2.73667820    3.85394843    3.61807473    3.55572469    3.61812645    3.21455369    3.76464962    3.63529413    3.88552453    3.57025363    3.72410795    3.35473754    4.22852267    3.78589519    3.51984466    3.63060831    3.41768430    3.42956133    3.41401520    3.54598889    3.19071622    1.86332323    1.64998638
Y3216_ORYSJ/453-543     1.36832549    1.19334709    0.66603224    0.66374020    0.00000000    1.82647753    1.66915074    2.29346966    1.71351825    1.79289606    2.01928065    1.72034406    1.95318634    1.63100889    2.10764752    2.32151398    2.09111261    1.83674391    1.90104889    1.91471309    2.30129163    2.72723525    3.15609174    2.85989509    2.78462608    2.53372329    2.75991351    3.20626409    3.14137757    2.88639600    3.08949701    3.03161566    2.74250005    3.13288467    2.97264666    3.15847320    3.19610237    4.49617619    3.51739926    3.18229772    4.19566970    4.73570608    3.32178843    3.65491431    3.23131253    3.55802534    3.59971512    3.03762366    3.00329879    2.66043826    2.40342771    3.09142652    2.66748401    2.45170670    3.37026185    2.34148206    2.78439251    3.12604665    2.21549329    2.97835599    3.57842077    3.25648204    2.74565028    2.95076247    1.89849209    3.62934037    3.39669478    3.42208042    3.40110949    3.07907177    3.52330190    3.25187870    3.69043929    3.10302325    3.37462668    3.41746230    3.58002232    3.46245273    3.15956746    3.43133111    2.87927775    2.81622829    2.91571894    3.05944637    2.85534593    1.34015946    1.40120053
Y3896_ARATH/30-122     1.82715215    1.68986304    1.65026548    1.82108827    1.82647753    0.00000000    1.20576190    2.04831240    2.29757980    1.98274075    1.89062334    2.10757788    2.18279973    2.47731506    2.73446433    2.17133810    2.19081371    1.84370110    2.21415721    1.85856473    1.98910266    3.28076277    2.95062944    3.31948558    3.54467679    3.15886864    3.16322637    3.46628476    3.01316120    3.04177078    2.93802636    3.02194005    3.60127741    3.35992883    3.24276374    3.20607701    3.09253250    4.05971699    3.35928911    3.08729755    3.54084988    3.23300078    2.76681225    3.57948643    2.84254422    2.78528958    3.52060014    3.29115663    3.29136886    3.22433116    2.47088032    2.47782293    2.39824584    2.70172934    3.39904443    2.51374590    2.56499846    2.57872583    2.49309764    4.07348347    4.36751236    4.22023190    3.35485226    3.64599675    2.89250109    4.32842353    3.07475650    3.27728921    3.19892361    3.17735133    3.12743582    2.99807657    3.69132553    2.99872849    3.12621481    3.09034502    3.47504718    3.23416660    3.01189354    3.32457796    3.17894552    3.19818819    2.96563724    3.24643814    2.80834156    1.66160057    1.74768823
VRN1_ARATH/5-98     1.81811632    1.74558268    1.40470524    1.98809108    1.66915074    1.20576190    0.00000000    2.19085088    1.53237055    1.88636166    2.10187397    2.28239261    2.09653641    2.16021326    2.58302988    2.22555068    2.30176870    2.00432774    2.36781065    2.17763764    2.32149546    3.12432126    2.67415159    2.76234230    2.73270769    2.72491209    2.81609953    2.80907947    2.86368246    2.75276646    2.63958286    2.91229087    2.78428078    3.72814278    3.08822114    3.61289852    2.88934112    3.83059963    3.71245241    3.84545365    3.78067541    3.53584942    3.20556124    3.66388421    2.66367921    2.69159011    3.48502689    2.92968719    3.26381586    2.59077818    2.58644824    3.18051593    2.90601874    3.18689722    3.21363596    2.87759655    2.88490298    2.96309224    2.70670669    3.80107989    4.26626760    4.27026811    3.76067704    3.74330809    2.78241680    4.36948580    3.17013470    3.04230820    3.21116697    3.12134548    3.48440768    3.12616744    3.43191023    3.06524013    3.36342510    3.15594836    3.88365359    3.01571068    3.14535872    3.24007867    2.90192526    2.93460137    3.09284133    3.18904979    2.55075623    1.50224367    1.78272571
Y4469_ORYSJ/21-118     2.75894425    2.99996193    2.21451595    2.07713206    2.29346966    2.04831240    2.19085088    0.00000000    2.03280339    3.23136738    3.16185892    3.62178874    2.92096954    2.86455853    3.06507247    2.88075938    2.62899451    2.67508796    3.89518421    3.30112819    3.15253213    2.62668656    3.79612348    3.63872612    3.24101460    2.99112340    2.97001672    3.39718591    4.48861438    3.96615547    2.53689660    2.91958301    3.76207633    3.86006366    3.49973317    3.05765028    2.82895021    4.67431730    4.52387275    3.37368657    3.55968126    3.48993892    3.30258146    3.30754846    3.38331817    3.56964732    3.83051601    3.24829922    3.36903740    3.65805438    3.47461700    2.46672595    3.06447295    2.74244976    4.12930735    3.29414432    3.03127115    3.92801563    3.46395335    4.18271662    3.86129109    4.27210778    3.66084520    3.62991128    3.40434450    3.14595187    3.87324848    4.03178873    3.63301522    3.66609085    3.80881475    4.05255430    4.42221845    3.79169768    3.93099032    4.16643047    4.23733749    3.10141464    3.24102527    2.89819725    3.48137791    3.36943118    3.31790640    3.13708599    3.69626459    2.30495440    3.06716375
Y4469_ORYSJ/143-236     2.25084426    2.10538783    1.69567906    2.17355118    1.71351825    2.29757980    1.53237055    2.03280339    0.00000000    1.97155817    2.29019202    2.12698160    2.38280346    1.98644061    2.07821297    2.17146804    1.87198423    2.12098068    2.49758092    2.32301627    2.60452235    3.01668734    2.84156881    2.84415112    2.89978503    2.85200149    2.69180624    2.97279101    3.00719303    2.91393071    2.41342552    2.56651134    2.67808917    3.07871033    2.76201473    2.70064983    2.84233250    4.15635766    3.10273100    3.41428628    3.31916946    3.79094612    2.85360816    3.52016827    2.39481928    2.78409117    3.21616152    2.65231863    3.57924001    2.76644888    2.59703567    2.95602106    2.70321480    2.95089936    3.16546608    2.88668143    2.54624804    2.79126887    2.78336616    3.94652941    4.66809156    4.42869798    3.99106985    4.42338496    3.55977140    3.89614571    3.67916728    3.59514825    3.77090503    3.74063441    3.38220814    2.99183771    3.71936048    3.29722989    3.35183702    3.38659790    4.17796031    3.66900780    3.34248346    3.63115127    3.52329132    3.42180997    3.44711151    3.57289683    3.35432728    1.82185372    2.05531598
Y5698_ARATH/10-105     2.35357902    2.07711815    1.64968386    1.82209292    1.79289606    1.98274075    1.88636166    3.23136738    1.97155817    0.00000000    1.67772890    1.38309586    2.16215393    1.92107910    2.02613418    2.15411311    2.05757943    1.39494629    1.75516806    1.53091898    2.82201822    3.37385133    2.80826003    2.84360862    3.05890966    3.12429110    2.82818471    3.06808516    2.88814533    2.93998609    2.58293167    2.93909170    3.47783383    3.24339921    3.14551553    3.05930715    3.23819004    3.88042486    3.70264441    3.43581651    3.31591096    3.53882487    2.91797553    3.65514612    3.12839005    3.18958642    3.15120310    3.23274069    4.04915998    2.31509082    2.92252187    3.00259817    2.39166979    2.96120221    3.61558731    2.44627299    3.06924424    2.86124381    3.32840154    3.50158427    4.83014486    3.58390739    3.77845999    3.58752222    3.18498360    4.15989432    2.96761439    2.82259790    2.86679500    3.16646304    2.96314603    2.91046436    3.15239317    3.31545819    3.52613328    3.22920514    3.64017699    3.20348005    3.00710529    3.50156480    3.22077921    3.24433238    3.09950141    2.82809819    2.62802989    1.58296356    1.72670976
Y5772_ARATH/13-105     2.34291093    2.42078402    2.10346262    2.04560965    2.01928065    1.89062334    2.10187397    3.16185892    2.29019202    1.67772890    0.00000000    1.23097771    1.86574146    2.05098989    2.21519373    2.19280573    1.89657984    1.60250000    1.68685144    1.31037612    3.17066382    3.09501118    2.96359044    2.76211675    3.04383818    2.93652716    2.75428564    3.12847187    3.50279822    2.95234388    3.06223224    2.55107902    3.91618313    3.51422497    3.45584210    3.57543422    3.41880157    4.55770231    3.74126190    4.25954559    2.96032670    3.68832492    3.11975904    4.12517009    2.61432623    3.20849919    3.51367433    3.47955116    4.07730169    2.47529540    2.17079921    2.91567683    2.35746815    2.40020721    3.14953050    2.59494135    2.51073972    2.93289578    2.62394563    2.81134477    3.51720602    3.17208788    2.55066117    2.73725757    2.70774350    3.19431241    2.76562373    2.47703152    2.53849854    2.68642765    2.92859962    2.50593592    3.01340471    2.94088209    3.00921584    3.13291618    2.81572718    2.26533798    2.27843329    2.71921428    2.40000311    2.52903725    2.39744786    2.59627962    2.35672426    1.88938601    1.70937191
Y3440_ARATH/16-107     2.69048513    2.43742453    1.71167246    2.00649267    1.72034406    2.10757788    2.28239261    3.62178874    2.12698160    1.38309586    1.23097771    0.00000000    2.00013570    1.90310667    1.95141011    2.13327403    1.91826398    1.24264472    1.69789686    1.43846752    2.86817739    3.11414690    3.20258179    2.56410589    3.23283324    3.05831202    2.83867746    2.95027706    2.78619701    2.60687779    3.00669052    3.02105677    3.72803165    3.53459972    3.18170301    3.28245131    2.96089558    4.64950398    3.59913108    3.48756762    3.53965370    4.10725982    3.13697913    3.83524253    2.44761510    2.87350165    3.89210423    3.09506867    3.46359066    2.53283617    2.58132831    2.50643120    2.07208502    2.67332652    2.47842551    2.56278907    2.93397665    3.13573913    2.35269099    4.01590825    4.39290841    4.32189049    3.61617044    3.31054291    3.96576238    4.09404181    3.17137275    3.08864914    3.37481429    3.25356178    3.51327854    3.15214338    3.26725853    3.18329017    3.13446620    3.20323646    3.45527236    3.58208561    3.28592713    3.60905810    3.48479599    3.34177238    2.97302139    3.13581414    3.04146479    1.72829682    1.45951089
REM23_ARATH/19-114     2.37927882    2.33406784    1.83238205    2.19340594    1.95318634    2.18279973    2.09653641    2.92096954    2.38280346    2.16215393    1.86574146    2.00013570    0.00000000    0.36249501    0.80636074    0.66345015    0.72724008    1.77244856    2.23656787    2.27858551    2.47834894    3.36067062    2.92885966    3.06007178    2.97632882    2.94496726    2.92326649    2.91995423    3.37473372    3.50509204    2.95316597    3.43062671    3.93651929    3.74194523    3.88973420    3.16151003    3.81780671    3.92735103    3.87091698    3.39323863    3.28617124    4.20477484    3.27162264    3.96111957    2.80168237    3.17107698    3.26982186    3.26301355    4.28200116    2.86928592    2.58174636    3.12818794    3.39966842    3.04343330    3.22998103    2.82270853    3.36546803    3.14549631    2.18157979    2.80087907    3.93839835    3.00893534    2.92935329    2.74486625    2.80643483    3.61038615    2.81762207    2.73107853    3.02267290    2.68378363    2.88511853    2.57052776    3.02426479    2.67042868    2.78566836    2.82522072    3.85713769    3.01363576    2.82464225    3.26272089    2.71169175    2.91083754    2.42896387    2.64679328    2.33411343    1.82243883    2.32814201
Y2531_ARATH/19-114     2.32068020    2.31208223    1.72329931    1.84800951    1.63100889    2.47731506    2.16021326    2.86455853    1.98644061    1.92107910    2.05098989    1.90310667    0.36249501    0.00000000    0.57391056    0.54110924    0.70222352    1.86920375    2.15465403    2.35242814    2.57096526    2.97320935    2.60572721    2.83288643    3.02124839    2.78086510    2.86629879    2.54459844    3.02405585    2.97464428    2.81644184    3.13339304    3.79777566    3.46406013    3.14159730    2.80477906    3.62136193    4.13897600    3.58827131    3.18680400    3.37409087    4.48651632    3.03389722    3.72685474    2.65930506    2.86592978    3.42348497    3.32758639    3.79560606    2.83341723    2.49556140    3.06997360    2.99269582    2.77191488    3.19928807    2.79756648    3.31724861    3.14861682    2.19680994    2.69038114    3.64465416    3.14633340    3.09668834    2.91893493    2.77327041    3.46834271    2.62600385    2.56445926    2.70990427    2.64974622    2.99695517    3.01803018    2.87920969    2.71350208    2.80684433    2.96069186    3.34530279    3.04117450    2.96683538    3.06439643    2.60141227    2.75360872    2.19703214    2.38409808    2.79057088    1.64603205    2.25385279
Y3701_ARATH/25-116     2.42471272    2.48634695    2.10238008    2.29230470    2.10764752    2.73446433    2.58302988    3.06507247    2.07821297    2.02613418    2.21519373    1.95141011    0.80636074    0.57391056    0.00000000    0.71813533    0.66971130    2.19519934    2.11476549    2.23824731    2.78070646    2.89285556    2.93116554    2.70666092    3.17410298    2.98165748    2.88002205    2.51471350    3.13835106    2.89368247    2.80932955    3.38023428    3.82242558    3.48940501    3.41931156    2.98750788    3.72711394    4.19613657    3.96465290    3.63615998    3.19387556    4.68827895    3.42222715    3.69553902    2.72848574    3.14129316    3.76263341    3.81126728    4.57933440    3.35176323    2.69963949    2.64881389    2.65453623    3.09685865    3.30982430    2.95649786    3.28371751    3.20632053    2.31202402    3.09960596    4.39085711    3.20447575    3.36502470    3.29187379    3.16085548    3.23558939    2.53309035    2.78334552    2.87723636    2.78404416    2.84972523    2.82296491    2.84033423    2.74085619    2.89309872    2.90893901    3.31353953    3.03086619    2.90960921    3.19060622    2.78417354    2.75612686    2.58533739    2.69985401    2.53584389    2.12525704    2.33670951
Y5809_ARATH/18-113     2.78132852    2.86973858    2.14095601    2.62714327    2.32151398    2.17133810    2.22555068    2.88075938    2.17146804    2.15411311    2.19280573    2.13327403    0.66345015    0.54110924    0.71813533    0.00000000    0.57928445    2.14061262    2.53926695    2.50749647    2.81173047    3.39087515    2.79655724    3.48277399    3.68317767    3.40749280    3.44167023    2.64064768    3.25414387    2.96560959    3.07846763    3.49363555    4.02913251    3.75392397    3.43753877    2.97921902    3.51799844    4.65516042    4.09862383    3.46637925    3.35662730    4.12628732    3.61090535    4.17064015    2.83075496    3.28078909    3.80396197    3.73982741    4.58875688    3.23978965    2.87118270    2.72287389    3.03214373    3.04231783    3.83010304    3.35170533    3.32716920    3.00124551    2.65005999    3.61970210    4.18007027    3.32709402    3.11324592    3.24313509    2.94858113    4.11911181    2.76166587    2.73762589    2.94477341    3.11606076    3.11027074    2.86814299    3.18135639    2.85511190    2.86160441    2.98572028    2.98903749    3.36245953    3.37639194    3.18809817    3.21323400    3.15969325    2.86088312    2.91968922    3.00402953    2.13602246    2.63162768
Y5800_ARATH/20-115     2.32314031    2.14899994    2.15377498    2.52142243    2.09111261    2.19081371    2.30176870    2.62899451    1.87198423    2.05757943    1.89657984    1.91826398    0.72724008    0.70222352    0.66971130    0.57928445    0.00000000    2.07975263    2.40673288    2.35283237    2.73473915    2.83336580    2.45383708    3.41090337    3.63109511    3.50750394    3.16244893    2.57526936    3.42669762    3.21213785    2.85728061    3.17134975    4.03447242    3.28835897    3.37549083    2.71682585    3.53366304    4.80000815    3.97053323    3.58088189    3.13828925    4.13941258    3.49846961    3.88415279    2.77872426    3.29227321    3.79049781    3.58417946    4.27271167    2.96402631    2.57724087    2.75321315    2.70279812    2.95338642    3.49588555    3.19264596    3.29208231    3.23520097    2.32629632    3.15095656    3.88272812    2.93084465    2.59174635    2.82626832    2.66722783    3.59177788    2.48236484    2.59429924    2.93851797    2.76211367    2.93136155    2.79365068    3.08839212    2.75832587    2.89261293    2.74721455    3.38057042    3.17143447    3.09992024    3.20551121    2.75882162    3.01535989    2.89379513    2.88438536    2.58394033    1.80781971    2.36356259
REM20_ARATH/11-102     2.36257370    2.38174200    1.38249174    1.65131053    1.83674391    1.84370110    2.00432774    2.67508796    2.12098068    1.39494629    1.60250000    1.24264472    1.77244856    1.86920375    2.19519934    2.14061262    2.07975263    0.00000000    1.38893446    1.23635848    2.28814399    3.19718095    2.86130943    2.80334086    3.12215649    3.23869370    2.70528480    3.14460587    3.19077507    2.94294877    2.41663063    2.64137236    3.77934309    2.90915025    3.02076737    3.21616795    2.76862447    4.11713855    3.64241472    3.60950769    3.38685840    3.95947747    3.11845224    4.24878235    2.53612455    3.04119946    3.30238488    3.10843498    2.97672825    2.79080719    2.63781194    2.91476972    2.72548988    3.19751342    3.56722548    2.69838875    2.91607716    2.77314833    2.80818027    3.11015647    4.78602764    4.04843567    3.40603222    3.44081109    3.01489324    3.91902197    2.77269093    2.61907490    2.78161439    3.03410739    3.15695670    2.45204355    3.24178177    3.31504066    3.14935857    3.32125987    3.27858337    3.08865772    2.89041069    3.26903691    2.83436665    2.81695145    2.93534505    2.98354901    3.05998335    1.50259618    2.06427310
Y5013_ARATH/14-110     2.79370878    2.96887163    1.81192604    2.10797250    1.90104889    2.21415721    2.36781065    3.89518421    2.49758092    1.75516806    1.68685144    1.69789686    2.23656787    2.15465403    2.11476549    2.53926695    2.40673288    1.38893446    0.00000000    1.68541894    2.63487026    3.58533091    2.98483540    2.29619379    2.61753994    2.74545637    2.84657763    2.92052248    3.26796224    2.82719712    2.57113299    2.95398224    3.68086998    3.41919329    3.01819857    3.44477805    3.24703604    4.35577755    3.50609291    3.26901814    3.02989285    4.28382568    3.34761101    3.96872879    2.79940563    3.39895845    3.52960059    2.83020521    3.16447511    2.50179382    2.65849201    3.47718456    2.90291337    3.71662625    3.64233375    3.08447086    3.38451359    3.42752247    2.68669897    3.29383961    4.95389767    3.50445795    3.40710947    3.68839950    3.59922005    4.17996545    2.78247276    2.81639454    2.86257325    3.13927705    3.25855291    2.81285540    3.42394921    3.26339113    3.30306173    3.37066838    3.30105779    2.94304380    2.63087540    2.85621991    2.73832193    2.41789341    2.37791998    2.70768147    2.84385867    2.08532413    1.98760377
Y1664_ARATH/9-100     2.30725444    2.11509817    1.97425898    2.02551124    1.91471309    1.85856473    2.17763764    3.30112819    2.32301627    1.53091898    1.31037612    1.43846752    2.27858551    2.35242814    2.23824731    2.50749647    2.35283237    1.23635848    1.68541894    0.00000000    2.44542191    3.48162283    2.84479645    2.69759905    2.83885020    2.69830822    2.69657445    3.57087188    3.36589688    3.28526563    2.58804984    2.62720972    3.54096624    3.20241421    3.04104468    3.42385775    2.97803974    3.52481930    3.23792864    3.09027929    3.15833437    3.39184959    3.08153962    3.73453164    2.47006200    2.82324426    2.93597780    2.70482838    2.70591371    2.39545845    2.53321966    2.48682962    2.74968902    3.48581374    3.25733068    2.38147339    2.70138416    2.63646080    2.73471333    3.22969244    4.08704142    2.85030042    3.15715581    2.80733730    2.94153674    3.62629679    2.70977157    2.74547109    2.88680114    2.94457249    3.51393889    2.86058352    2.83903232    2.98684088    2.91979389    3.01487547    2.85435327    2.85402688    2.53276870    3.14139095    2.88661635    2.56186175    2.77162559    2.95113003    2.67076819    1.72713470    2.00879061
Y1086_ORYSJ/6-97     2.54594299    2.20270427    1.90402269    2.44668172    2.30129163    1.98910266    2.32149546    3.15253213    2.60452235    2.82201822    3.17066382    2.86817739    2.47834894    2.57096526    2.78070646    2.81173047    2.73473915    2.28814399    2.63487026    2.44542191    0.00000000    2.57483327    2.16472130    2.52737485    2.56765362    2.45620663    2.50360040    2.41521816    2.57665049    2.24698276    2.39013353    2.17680329    2.43735670    3.01400664    2.52361772    2.30420210    2.27050603    3.29875608    2.36441673    2.63805745    2.52490446    2.49099911    2.54120085    3.06284960    2.17201076    2.09376880    2.55875873    2.48499010    3.27098719    2.06173366    2.25696377    3.31497168    2.90396366    3.24499595    3.42802432    2.66602431    2.85002785    2.46093240    2.32274595    2.37720235    3.33626175    3.69529329    3.32487647    3.01679399    3.03271593    2.75971300    2.11347147    2.18754267    2.48621164    2.45498954    2.81711338    2.08074209    2.53964944    2.27560001    2.54491413    2.13285143    2.96870822    2.55566656    2.46443853    2.75562293    2.67126713    2.60305499    2.39607791    2.32449360    2.50474285    2.17923062    2.16120326
Y4474_ORYSJ/326-431     2.52737719    2.83704680    3.25801289    2.70628735    2.72723525    3.28076277    3.12432126    2.62668656    3.01668734    3.37385133    3.09501118    3.11414690    3.36067062    2.97320935    2.89285556    3.39087515    2.83336580    3.19718095    3.58533091    3.48162283    2.57483327    0.00000000    2.26067107    1.96498834    2.36486279    2.37742136    2.02098964    2.52080215    2.93177481    2.54976846    2.12346216    2.32372784    3.32722388    2.84866222    2.69484309    2.43872760    2.56063709    4.09480807    2.37558279    2.85856717    2.63676007    2.72708540    2.19266474    2.61481431    2.27795859    2.83176106    2.55131014    2.50295908    2.78715487    2.45678644    3.00336705    3.11822348    2.75456472    2.61968799    2.66836148    2.50441631    2.35583086    2.65218766    2.36196955    2.74706852    3.40951025    3.77431935    3.61828965    3.75917886    3.89265510    3.51509713    3.20955586    2.95960700    2.90972147    2.39024653    3.15794547    3.25164321    3.35100090    3.13818539    3.28904426    3.14532511    3.50475875    3.26183898    3.34063152    3.09132053    3.19085044    2.87967919    3.27291520    3.08106142    3.52628652    2.41402975    3.25638355
REM6_ARATH/285-378     3.55006105    3.08318901    2.94122944    2.75622339    3.15609174    2.95062944    2.67415159    3.79612348    2.84156881    2.80826003    2.96359044    3.20258179    2.92885966    2.60572721    2.93116554    2.79655724    2.45383708    2.86130943    2.98483540    2.84479645    2.16472130    2.26067107    0.00000000    1.36467662    1.83866538    1.72372730    1.42387179    1.40348278    1.61362942    1.56757748    1.43745023    1.34362902    2.50893213    2.32698806    1.93705791    2.42108400    2.15993218    3.49437446    2.17510147    2.31988063    2.13449070    2.62471142    1.91361351    2.19588388    1.67373809    1.80378388    2.02827343    1.56866377    1.70238014    2.77332448    2.45735380    3.31156985    2.16599652    2.91713014    3.05675393    2.39943014    2.19521616    2.34544529    2.91588815    2.65658854    3.02377025    2.76421266    2.38745051    2.51411027    2.89939868    3.81041107    2.98573397    3.09429443    3.35883687    3.29851521    3.11112182    3.34097785    3.58746098    3.25633073    3.45429017    3.10461264    4.11919910    2.88097532    2.57742892    2.65448757    2.47886502    2.43701533    2.83567026    2.68069533    2.48181296    2.36756732    2.83697550
REM8_ARATH/149-244     2.32132624    2.45923388    2.70419645    2.37196594    2.85989509    3.31948558    2.76234230    3.63872612    2.84415112    2.84360862    2.76211675    2.56410589    3.06007178    2.83288643    2.70666092    3.48277399    3.41090337    2.80334086    2.29619379    2.69759905    2.52737485    1.96498834    1.36467662    0.00000000    0.39891307    0.37859152    0.26891849    1.27179203    1.33590392    1.05746116    1.17663288    1.11616560    1.88294602    1.74628787    1.69660564    1.79912317    1.80719814    2.54281754    1.69033566    1.70414468    1.67317002    1.94670012    1.46747065    1.90636293    1.18325931    1.35543680    1.47986086    1.26120223    1.23869031    1.71949860    2.48875060    3.08929426    2.63549477    2.91403677    2.73371462    2.41909656    2.47592204    2.62143004    2.76658756    3.25191326    3.79490488    4.26004467    4.59103754    3.88901221    3.80522208    3.53555484    3.32617467    3.27395835    3.38683649    3.05807686    3.43960342    3.37051589    3.32885199    3.35959152    3.24329781    3.22790272    4.45742165    3.02166136    2.90201717    3.42921486    3.15192840    2.96112796    2.86575724    3.02650729    3.17014380    2.78339791    3.00909192
REM6_ARATH/132-227     2.26846770    2.51257462    2.70276485    2.55355866    2.78462608    3.54467679    2.73270769    3.24101460    2.89978503    3.05890966    3.04383818    3.23283324    2.97632882    3.02124839    3.17410298    3.68317767    3.63109511    3.12215649    2.61753994    2.83885020    2.56765362    2.36486279    1.83866538    0.39891307    0.00000000    0.24014118    0.34946637    1.47589369    1.63804429    1.38753383    1.44860310    1.33399282    1.98183637    2.01632359    1.85258364    2.16251200    2.01224003    2.70739361    1.99093286    1.96082722    1.99256238    1.95888658    1.79600750    2.08839858    1.53633912    1.83562254    1.72466729    1.51732472    1.63523726    1.99053640    2.60104911    2.92104496    2.78597776    2.85304077    2.41641477    2.55937949    2.49523507    2.61534763    3.07688949    3.25421387    4.11954058    4.20152743    4.98055900    4.19125126    4.16203088    3.21447777    3.32000954    3.20087752    3.33634614    3.08144668    3.06729245    3.37458026    3.25743247    3.28249535    3.15616030    3.12833697    3.86246556    2.41629618    2.49686755    3.29430705    2.91308395    2.87453861    2.68814955    2.63732380    3.04144502    3.21518471    3.18172645
REM5_ARATH/152-247     2.05008515    2.42066761    2.42536381    2.27200035    2.53372329    3.15886864    2.72491209    2.99112340    2.85200149    3.12429110    2.93652716    3.05831202    2.94496726    2.78086510    2.98165748    3.40749280    3.50750394    3.23869370    2.74545637    2.69830822    2.45620663    2.37742136    1.72372730    0.37859152    0.24014118    0.00000000    0.36633036    1.33107094    1.37647739    1.14029668    1.38451552    1.19624277    2.05125500    2.02617924    1.76331991    2.21190924    1.86184270    2.81262239    1.90219368    1.81194663    1.87137618    1.77529850    1.59243029    2.07212900    1.39909292    1.49550179    1.63351457    1.50772570    1.46129765    1.99307744    2.86299596    2.72827980    2.63091104    2.85692568    2.43747440    2.46011222    2.38302639    2.61022514    2.91985014    2.94298300    3.80622985    3.82881722    4.58529610    3.67738746    3.55588005    3.02484524    3.44388622    3.23189905    3.16741481    2.90084005    3.19537222    3.19267846    3.25245084    3.15954390    3.13255102    3.12489526    4.55259442    2.67191044    2.59716573    3.37901652    2.97551030    2.86960206    2.48104231    2.65454210    3.24602296    3.03592910    3.12912764
REM9_ARATH/149-244     2.36802540    2.52043492    2.76696182    2.45493921    2.75991351    3.16322637    2.81609953    2.97001672    2.69180624    2.82818471    2.75428564    2.83867746    2.92326649    2.86629879    2.88002205    3.44167023    3.16244893    2.70528480    2.84657763    2.69657445    2.50360040    2.02098964    1.42387179    0.26891849    0.34946637    0.36633036    0.00000000    1.30746992    1.36181366    1.12632087    1.29609874    1.18548229    2.15524366    1.80918946    1.85150392    1.98996085    1.90564886    2.65090166    1.83312751    1.94591505    1.71091359    1.85951021    1.46541580    2.05895098    1.44488830    1.35768064    1.49041643    1.45627441    1.55504961    1.86862560    2.57757240    2.97836454    2.69702482    2.48403464    2.41059686    2.24786873    2.37645053    2.56893873    2.87723096    3.38645457    4.07108436    3.66610794    4.52448106    3.95371930    3.67318354    3.82912257    3.21056817    2.99868465    3.30010447    2.92718719    3.14077516    3.18732636    3.22083481    3.10204581    3.07314635    3.14484426    4.48255359    2.61914913    2.49043916    3.16847358    2.73758529    2.69120320    2.66328814    2.68094390    3.25230674    2.81004073    3.36037570
REM17_ARATH/728-824     2.74133219    2.87144417    2.48672032    2.69386286    3.20626409    3.46628476    2.80907947    3.39718591    2.97279101    3.06808516    3.12847187    2.95027706    2.91995423    2.54459844    2.51471350    2.64064768    2.57526936    3.14460587    2.92052248    3.57087188    2.41521816    2.52080215    1.40348278    1.27179203    1.47589369    1.33107094    1.30746992    0.00000000    0.45717494    0.48866237    1.09987610    1.30854432    1.52295012    1.84451199    1.66771750    1.66076742    1.85835797    3.33714694    2.03493879    2.03728450    1.66563633    2.06050063    1.69415943    2.01235345    1.02548880    0.97244753    1.41456441    1.13961054    1.37567102    2.67875336    3.11312521    3.54909343    2.60603511    3.20416744    3.04008782    3.15562710    3.05816610    3.67519011    3.17113869    2.64752720    3.16887046    3.61858905    3.68514888    3.66857713    3.37532711    3.37613750    3.12724919    3.26608385    3.52456463    3.54670128    3.45898428    3.21490549    3.31211855    3.12698834    3.18135174    3.13499367    4.63821623    2.93923760    2.86962240    2.69926858    2.83246525    2.75683516    2.66068401    2.60435278    2.71206809    2.86897240    3.13608790
REM17_ARATH/437-532     2.51093465    2.57769526    2.53031088    3.03292026    3.14137757    3.01316120    2.86368246    4.48861438    3.00719303    2.88814533    3.50279822    2.78619701    3.37473372    3.02405585    3.13835106    3.25414387    3.42669762    3.19077507    3.26796224    3.36589688    2.57665049    2.93177481    1.61362942    1.33590392    1.63804429    1.37647739    1.36181366    0.45717494    0.00000000    0.24922916    1.13090655    1.50917475    1.69814643    1.92271696    1.92067138    1.87945041    1.67227966    3.30948381    2.10495713    2.24058820    1.67148550    2.21486164    1.83378071    2.27576737    1.17338367    1.03557469    1.54420870    0.98123138    1.39199132    2.93606703    2.76881172    3.65843339    2.50471729    3.24819746    2.55888275    2.53470973    2.75970378    3.05714146    3.19626007    3.12377027    3.66111322    4.29842480    4.23207969    3.50747969    3.93724595    3.73712635    3.12412738    3.20608857    3.51353780    3.45721048    3.49760126    3.40794559    3.74747771    3.44919830    3.36754674    3.37385490    4.34502652    3.26833167    3.15039181    3.30536793    3.15707973    3.14499298    3.02064578    2.87212934    3.37283435    2.85219636    2.94881945
REM17_ARATH/268-362     2.33068365    2.48090478    2.30422508    2.80597699    2.88639600    3.04177078    2.75276646    3.96615547    2.91393071    2.93998609    2.95234388    2.60687779    3.50509204    2.97464428    2.89368247    2.96560959    3.21213785    2.94294877    2.82719712    3.28526563    2.24698276    2.54976846    1.56757748    1.05746116    1.38753383    1.14029668    1.12632087    0.48866237    0.24922916    0.00000000    1.10637712    1.25555395    1.56027959    1.79840778    1.71398868    1.70110679    1.56157296    2.72875873    1.97992539    1.94066169    1.59448598    1.92224763    1.60801148    1.97030818    1.14215037    0.99664273    1.41616434    1.11486358    1.50235285    3.06179544    2.97184687    3.19708834    2.45955562    3.04692579    3.01403636    2.55650862    2.63423029    2.97260900    3.12755459    3.06118876    3.76335544    4.30827441    4.36588082    3.74880342    4.06642608    3.64219861    2.87077266    2.91528753    3.30278072    3.16014081    3.39157588    3.25271400    3.32864541    3.19493516    3.28977266    3.08235129    4.51949209    3.12143542    3.00018123    3.13495333    2.96032181    2.89738803    2.91484298    2.73602796    3.12183237    2.46865324    2.68527468
REM14_ARATH/237-333     2.31516085    2.22613515    2.57749850    2.53541205    3.08949701    2.93802636    2.63958286    2.53689660    2.41342552    2.58293167    3.06223224    3.00669052    2.95316597    2.81644184    2.80932955    3.07846763    2.85728061    2.41663063    2.57113299    2.58804984    2.39013353    2.12346216    1.43745023    1.17663288    1.44860310    1.38451552    1.29609874    1.09987610    1.13090655    1.10637712    0.00000000    0.58985674    1.78605502    1.66722686    1.42053898    1.66259099    1.55250906    2.33058007    1.81514513    2.05716439    1.73447063    1.75903658    1.85113029    1.92037735    1.05592612    0.93754724    1.43211689    1.03140404    1.28573918    2.20827599    2.64405845    2.76920473    2.63855190    3.01272864    2.94158042    2.65018547    2.57543730    2.86832549    2.57432310    2.67359182    2.87908486    3.15338876    3.15151630    2.82708210    3.06806798    3.39323006    3.07925151    3.09778626    3.47485797    3.29586934    2.79420319    2.46416492    2.98610867    2.77096913    3.00314949    2.85103418    3.91181903    2.56062919    2.49994428    2.50923865    2.48153320    2.38062544    2.50726029    2.52688384    2.68506384    2.83929832    3.07039732
REM14_ARATH/131-226     2.30466336    2.43279085    2.54092006    2.71043237    3.03161566    3.02194005    2.91229087    2.91958301    2.56651134    2.93909170    2.55107902    3.02105677    3.43062671    3.13339304    3.38023428    3.49363555    3.17134975    2.64137236    2.95398224    2.62720972    2.17680329    2.32372784    1.34362902    1.11616560    1.33399282    1.19624277    1.18548229    1.30854432    1.50917475    1.25555395    0.58985674    0.00000000    2.18134731    1.87916955    1.44680700    1.81433524    1.97063783    2.74733972    1.89086567    2.03392983    1.84696347    1.61904259    1.71462177    1.77727287    1.21925452    0.99563702    1.52177022    1.25685164    1.41301030    2.00322886    2.99609014    2.63237598    2.51746428    2.98375991    3.23045260    2.96063046    2.61070420    3.29876030    3.22855955    2.57223950    3.11575108    3.56519673    3.34642624    3.06868756    3.04129477    3.67361592    3.36482829    3.42403542    3.82606780    3.62533439    3.00820164    3.00783643    3.54316109    3.17898912    3.52003199    3.26114707    4.20316986    2.55803463    2.65929840    2.84803837    2.79372364    2.58015987    2.87923139    2.80113598    3.26896983    3.04025194    3.25424042
