57
Y1821_SYNY3/8-340     0.00000000    1.01595455    1.71596674    1.61533002    1.55309768    1.59294243    1.51436525    1.56869601    2.06159231    1.83370184    1.76124094    1.60571436    2.04550580    1.93604614    1.94600454    1.82903797    2.19799807    2.42019136    2.44515237    2.62087126    3.65072475    3.06731023    3.18221178    2.68506985    2.35171074    2.51065859    2.04645174    2.71640422    2.63771096    2.98655662    2.96442521    3.34634665    2.75495030    3.26334441    2.97769639    2.82972523    2.40613455    2.81153175    2.66709724    2.39705363    2.47158666    2.56225510    1.92227046    1.84903641    2.17987236    2.05681987    1.90656160    1.61590451    1.56058842    1.69869515    1.97165950    1.99923829    1.78224762    1.96095014    1.79397336    1.80033941    1.89857554
ARAS2_ARATH/84-422     1.01595455    0.00000000    2.08032345    1.94606772    2.15739452    2.11345239    2.01448358    2.07889250    2.25616517    2.13314748    2.00358477    2.09166945    2.20925815    2.08344296    2.13224706    2.18716118    2.18974732    2.63588299    2.60749803    2.67149493    3.74524178    3.47677522    3.46883786    2.38816291    2.60254304    2.68564709    2.20709597    3.11503108    2.96670866    2.91122817    3.50259129    3.53551816    2.80804557    3.43103414    2.96882932    2.57514326    2.64797922    2.59703591    2.25939374    2.50479938    2.51718455    2.59357165    2.10518552    2.12964880    2.17584545    2.15062307    2.30091350    1.80593525    1.84094282    2.06076387    2.29589974    2.28725340    2.15988775    1.97879194    1.95854695    2.19670103    2.31772693
Y183_NEIMB/6-432     1.71596674    2.08032345    0.00000000    1.36194779    1.44411993    1.45006002    1.42677037    1.33315062    1.54699967    1.44512381    1.64839796    1.67340095    1.83678914    1.74918571    1.79773149    1.70624703    2.08787855    2.22168419    1.93187551    2.36658954    3.24632709    3.31606936    3.54150364    2.29466458    2.37831179    2.37953405    1.92731109    2.55178919    2.53324661    2.59355687    2.67684820    2.69402729    2.42357115    2.96615298    2.54305988    2.16360289    2.74228676    2.14646585    2.08932904    2.12712297    2.37416974    2.21400338    1.76253424    1.67449028    2.10315080    1.72197409    1.99386563    1.69740531    1.46899520    1.88834843    1.91520259    2.01641215    1.88083733    1.90147801    1.61423508    2.36368597    2.45232000
Y3649_PSEAE/9-438     1.61533002    1.94606772    1.36194779    0.00000000    1.18384112    1.12992157    1.08497928    1.17401523    1.64928971    1.37497168    1.64910086    1.63274753    2.07013980    2.05911280    2.01422389    2.12556632    2.18123398    2.41201482    1.93518629    2.67225888    3.23814029    3.27582826    3.65712573    2.48868312    2.19945223    2.17364135    2.24844070    2.84266677    2.04995916    2.99074007    2.88161648    2.74349938    2.45558251    2.76552092    2.63732842    1.99792556    2.61139722    2.09087173    2.03258642    2.19420956    2.15668507    2.32005559    1.82825451    1.79963859    1.88895245    1.75106689    1.94819334    1.51244718    1.70085913    1.81512046    1.83120007    1.88459640    1.72205059    1.61139162    1.57842236    2.36140212    2.26312625
Y2253_VIBCH/10-440     1.55309768    2.15739452    1.44411993    1.18384112    0.00000000    0.79099899    0.81146743    0.86941875    1.61163173    1.64696616    1.80885361    1.76794637    1.90562241    1.81852334    1.88563283    1.88449827    2.07892836    2.10260815    2.18002502    2.18625190    3.25968074    3.28961904    3.65441727    2.54030330    2.34336819    2.21108317    2.22351104    3.08444971    2.45911514    3.36563941    2.86910688    2.44608368    2.34367936    2.61707849    2.78433286    2.30657213    2.70775293    1.95701038    2.26842423    2.13572726    2.18862045    2.54413954    1.59713730    1.69317703    1.63852564    1.58308811    1.72714893    1.56094326    1.44363850    1.92310036    1.89774430    1.96158320    1.42556818    1.76201185    1.59772827    2.29998937    2.42413193
RSEP_ECOLI/10-438     1.59294243    2.11345239    1.45006002    1.12992157    0.79099899    0.00000000    0.76492395    0.75797452    1.54028584    1.52404471    1.75283081    1.65704703    2.01513245    1.94976277    1.87001515    1.97362393    2.09539648    2.26585810    2.27045286    2.08933128    3.36898189    3.13096655    3.43770784    2.47843463    2.16013120    2.16378725    2.19051251    3.02869196    2.26877893    3.02514015    3.03442901    2.51834662    2.48789131    2.53778392    2.80755971    2.14463941    3.06657980    2.13756075    2.16995206    2.06898942    2.30836158    2.26682247    1.59890822    1.57040150    1.68375233    1.61839688    1.78718504    1.40652859    1.33266770    1.87854488    1.79145092    1.88581826    1.72841396    1.72513304    1.54982761    2.54283809    2.57255718
O32624_HAEIF/9-431     1.51436525    2.01448358    1.42677037    1.08497928    0.81146743    0.76492395    0.00000000    0.42469874    1.41037939    1.42193289    1.60377919    1.50957107    2.08372332    1.80605185    1.87285334    1.93425940    2.22330248    2.25676433    2.11342792    2.29403638    3.15612493    3.28389814    3.46261486    2.69052201    2.23853004    2.30283102    2.19669868    2.83169761    2.13055800    2.93137755    2.93705702    2.20014819    2.29473774    2.44506502    2.95849398    2.07946300    2.63040318    2.16119147    2.19311246    2.12118368    2.31669808    2.42832162    1.38731454    1.40772672    1.62066674    1.48256923    1.51915523    1.50094193    1.29931183    1.76762987    1.80895678    1.81054043    1.47602922    1.65070065    1.53552648    2.12763013    2.26393570
Y1991_PASMU/9-430     1.56869601    2.07889250    1.33315062    1.17401523    0.86941875    0.75797452    0.42469874    0.00000000    1.46027415    1.39760714    1.61079444    1.56485583    1.97200766    1.88743606    1.92421000    1.95835834    2.14534939    2.30542791    2.24201878    2.26191021    3.46626103    3.41067496    3.54025972    2.72046642    2.35017106    2.43587116    2.35712832    2.86517577    2.41887081    3.17410597    2.97923976    2.19681592    2.33633252    2.63399989    2.98689708    2.26456702    2.55308355    2.31105603    2.46728850    2.21909803    2.33157263    2.52626121    1.45232074    1.45667675    1.76639033    1.52448904    1.65078969    1.43311821    1.36163758    1.78086612    1.75748235    1.74119566    1.57265291    1.78337103    1.61554973    2.29929669    2.36479051
Y161_RICPR/6-345     2.06159231    2.25616517    1.54699967    1.64928971    1.61163173    1.54028584    1.41037939    1.46027415    0.00000000    1.70038862    1.50660957    1.57205672    1.94603484    2.00923405    1.92996330    2.02192531    2.22107293    2.38445249    2.05774534    2.34356148    3.55794052    3.09047789    3.23040263    2.45178758    2.62538143    2.50792363    1.89781719    2.89463226    2.33024677    2.78200832    3.06576011    2.67370133    2.38919898    2.58544475    2.59938130    2.22889970    2.83300945    2.34980743    2.41301669    2.39757147    2.47903417    2.62311592    1.67636914    1.65430869    1.89009297    1.87091691    1.84390670    1.74857411    1.76319553    1.48959076    1.64608558    1.59547563    1.74412780    1.80521241    1.64607010    1.69607583    1.74730278
MMPA_CAUVC/10-375     1.83370184    2.13314748    1.44512381    1.37497168    1.64696616    1.52404471    1.42193289    1.39760714    1.70038862    0.00000000    1.31302819    1.52833400    1.76821065    1.69100857    1.66950746    1.77366246    2.30402142    2.25557084    2.25187178    2.59591557    3.76418021    3.17370442    3.29291639    2.51262230    2.18220503    2.15320430    2.14562840    2.67049015    2.24878799    2.61052765    2.79166193    3.04619562    2.61221303    2.84966214    2.82722479    2.25984568    1.94571197    2.33688622    2.44343128    2.31054485    2.36761412    2.28523870    1.81629257    1.86186810    2.01472049    2.01130977    1.98355585    1.70087233    1.72745342    1.49663603    1.69567221    1.70523487    1.78815022    1.90328649    1.66976041    1.70809751    1.80085539
B9JEX6_AGRRK/17-543     1.76124094    2.00358477    1.64839796    1.64910086    1.80885361    1.75283081    1.60377919    1.61079444    1.50660957    1.31302819    0.00000000    1.95849544    2.40686499    2.08122571    2.08098450    2.16411751    2.10877820    2.50715947    2.06532887    2.44580938    3.24150982    3.44811196    3.55109424    2.55646692    2.11541833    2.10924583    2.10093157    2.60526167    2.52948320    2.59181243    2.58489838    2.64338713    2.42899438    2.63271100    2.60054226    2.25020771    2.41053772    2.31390844    2.01663530    2.20703243    2.10128170    2.49701515    1.64372328    1.53930639    1.85480965    1.70957156    1.87127244    1.55258818    1.53951927    1.84660117    2.18252387    2.07279498    1.79349071    1.72639707    1.79501734    2.28107554    2.41699906
W5X2P7_BDEBC/16-542     1.60571436    2.09166945    1.67340095    1.63274753    1.76794637    1.65704703    1.50957107    1.56485583    1.57205672    1.52833400    1.95849544    0.00000000    2.29875151    1.96119509    1.95582914    2.11140845    2.06406530    2.35132019    2.20522963    2.76018369    3.43709438    3.61773493    3.91183337    2.73662652    2.49407286    2.46351193    2.15516395    2.58270962    2.14410107    2.77615548    2.82157218    2.80355057    2.81414091    2.77430037    2.61701345    2.13903452    2.50577745    2.15826008    1.90110521    2.23096622    2.04740133    2.36559811    1.51389957    1.69208196    1.91781710    1.78795543    1.75133831    1.48897867    1.58269215    1.70406191    1.88791928    1.86196598    1.69283983    1.66504759    1.61414242    2.04549872    2.25879750
Q2IFJ0_ANADE/10-544     2.04550580    2.20925815    1.83678914    2.07013980    1.90562241    2.01513245    2.08372332    1.97200766    1.94603484    1.76821065    2.40686499    2.29875151    0.00000000    1.67710725    1.66303139    1.68958634    2.23693815    2.29564406    2.07892106    2.74855877    3.71642805    2.96507900    3.11392346    2.13951742    2.57536739    2.65594023    2.44948041    2.71941493    2.33749353    2.61616031    2.67940494    2.97766544    2.72115147    2.91961586    2.45856477    2.15021001    2.18258931    1.96115980    2.00496642    1.92254392    1.89315848    2.04396161    1.81362451    1.81316654    1.89658713    1.71132418    1.86938083    1.95262944    1.78624257    1.84417703    1.94213883    1.97348394    1.83854893    2.04613316    1.66707798    2.18429185    2.37968603
H8MZ97_CORCM/7-532     1.93604614    2.08344296    1.74918571    2.05911280    1.81852334    1.94976277    1.80605185    1.88743606    2.00923405    1.69100857    2.08122571    1.96119509    1.67710725    0.00000000    0.38469414    0.41162675    1.98826549    2.28592736    2.29474085    2.32860419    3.53533824    3.41920888    3.57082580    2.71021981    2.61816698    2.68246961    2.36161939    2.94736871    2.29849134    2.84224785    3.01421941    3.01745251    2.90394032    3.26810604    2.94614688    2.22826905    2.51610524    2.28537746    1.99215931    2.13812643    2.06927833    2.34548265    1.64865114    1.63704642    1.89026310    1.51077607    1.76118108    1.80491622    1.77589809    2.02123919    2.12002196    2.08502573    1.81345283    1.89810369    1.73894468    2.24558899    2.23545467
Q1D997_MYXXD/19-544     1.94600454    2.13224706    1.79773149    2.01422389    1.88563283    1.87001515    1.87285334    1.92421000    1.92996330    1.66950746    2.08098450    1.95582914    1.66303139    0.38469414    0.00000000    0.35192231    2.09055418    2.34927228    2.25137465    2.42676073    3.58103923    3.71733014    3.87604638    2.60181476    2.72491592    2.63553913    2.40168641    2.99882399    2.36845104    2.89516325    2.97320362    3.07165004    2.89084300    3.15723707    3.10364332    2.24766961    2.47235901    2.12066458    1.92276136    2.02106160    2.03656847    2.32900957    1.69692428    1.63960698    1.90412857    1.44376698    1.75133618    1.78213116    1.74706904    2.12983469    2.23839527    2.07453807    1.75605672    1.90110852    1.78187793    2.37825900    2.36231434
L7UCS6_MYXSD/9-534     1.82903797    2.18716118    1.70624703    2.12556632    1.88449827    1.97362393    1.93425940    1.95835834    2.02192531    1.77366246    2.16411751    2.11140845    1.68958634    0.41162675    0.35192231    0.00000000    2.06664863    2.42218439    2.18870117    2.32901571    3.50108892    3.56293403    3.90584972    2.51535654    2.65609639    2.70240863    2.43918783    3.07033229    2.50792398    2.72808299    3.21724728    3.35354847    3.04294646    3.27671336    2.94478798    2.32013947    2.51259746    2.19767719    1.97263353    2.09906526    2.11095148    2.33792599    1.81507365    1.64217143    1.91022132    1.55174470    1.80176041    1.79058776    1.80486563    2.03004782    2.20482846    2.15830707    1.87476031    1.93597887    1.79210696    2.49755392    2.45528313
Y1507_DEIRA/18-364     2.19799807    2.18974732    2.08787855    2.18123398    2.07892836    2.09539648    2.22330248    2.14534939    2.22107293    2.30402142    2.10877820    2.06406530    2.23693815    1.98826549    2.09055418    2.06664863    0.00000000    2.87873477    2.53467048    2.59742360    4.60983711    3.26070403    3.41319778    2.46603144    2.77357323    2.71411129    1.93777532    2.83926689    2.43244868    2.66159283    2.91492353    3.10405463    2.86724046    3.02062498    2.93541125    2.34438764    2.73931931    2.34586657    2.06114645    1.95752505    1.82267733    2.06191385    2.00916609    2.07546788    2.24610262    2.19816197    2.14756650    2.03432080    2.05231952    1.90304807    1.93026097    1.89921244    2.05235845    2.21037709    1.98787525    2.08619522    2.15532154
RIP1_MYCLE/9-376     2.42019136    2.63588299    2.22168419    2.41201482    2.10260815    2.26585810    2.25676433    2.30542791    2.38445249    2.25557084    2.50715947    2.35132019    2.29564406    2.28592736    2.34927228    2.42218439    2.87873477    0.00000000    2.63584513    2.63435609    3.63492953    3.19853959    3.52091268    2.98696567    2.52462415    2.48793869    2.68638457    2.92782772    2.59420864    3.44515711    3.25726341    2.84560064    3.03841850    3.31565067    3.83383741    1.90068296    2.76168080    2.01586870    1.99006959    1.92406403    1.77333261    2.43992899    2.29248610    2.34311892    2.44374914    2.44365117    2.37601865    2.21912941    2.10291250    2.41539406    2.49197785    2.54662186    2.60752297    2.70083774    2.25459567    2.43508346    2.40268797
Q97JM1_CLOAB/22-159     2.44515237    2.60749803    1.93187551    1.93518629    2.18002502    2.27045286    2.11342792    2.24201878    2.05774534    2.25187178    2.06532887    2.20522963    2.07892106    2.29474085    2.25137465    2.18870117    2.53467048    2.63584513    0.00000000    2.10062938    2.82595314    1.92793054    2.20386724    1.67145222    1.79990048    1.97080785    1.86568954    2.92257370    2.14423103    2.55095646    2.46168581    2.62568065    2.21301189    2.36219967    2.53271937    1.85236396    2.58218848    1.58649012    1.76873341    1.98413272    2.11998529    1.91727716    1.98866474    2.04018698    1.74160120    1.89701886    2.03636212    2.09563568    2.55983485    1.86670001    2.03265360    2.14361201    1.94242576    2.41597455    2.19942046    2.11503090    2.17426309
Q7LXZ3_SACS2/137-374     2.62087126    2.67149493    2.36658954    2.67225888    2.18625190    2.08933128    2.29403638    2.26191021    2.34356148    2.59591557    2.44580938    2.76018369    2.74855877    2.32860419    2.42676073    2.32901571    2.59742360    2.63435609    2.10062938    0.00000000    2.28097441    1.90194436    1.96863307    1.65512508    1.62125712    1.49581192    2.39277040    2.94064957    3.31124707    3.36295148    2.92211256    2.98514591    2.65449934    2.96640938    3.35357070    2.76658353    4.10231418    2.15631279    2.22010308    2.80911929    2.56568252    2.85027166    2.47238112    2.35471186    2.72701322    2.20988659    2.41325895    2.44208083    2.36213785    2.07498876    2.57971176    2.53116027    2.51231964    2.75183762    2.30548026    2.70484187    2.66124064
G3H541_CRIGR/150-492     3.65072475    3.74524178    3.24632709    3.23814029    3.25968074    3.36898189    3.15612493    3.46626103    3.55794052    3.76418021    3.24150982    3.43709438    3.71642805    3.53533824    3.58103923    3.50108892    4.60983711    3.63492953    2.82595314    2.28097441    0.00000000    3.45326253    3.45958512    2.38638913    2.47346645    2.41558153    3.11272401    3.86129597    4.13070472    3.63093409    3.76958195    3.38991973    3.76128456    3.60037185    3.51522591    2.96593290    4.02622039    2.50807268    2.46183829    3.14597080    2.83287720    3.26101053    3.47022383    3.35158682    3.53214165    3.24796100    3.14674292    3.23025925    3.17100110    3.25164634    3.26092602    3.58517654    3.65042870    3.68582691    2.99306726    3.80567009    3.50224713
Q97BX9_THEVO/131-511     3.06731023    3.47677522    3.31606936    3.27582826    3.28961904    3.13096655    3.28389814    3.41067496    3.09047789    3.17370442    3.44811196    3.61773493    2.96507900    3.41920888    3.71733014    3.56293403    3.26070403    3.19853959    1.92793054    1.90194436    3.45326253    0.00000000    0.45781928    2.02585918    1.69831548    1.78086457    2.74252516    2.91874908    2.60926952    3.23068158    3.54392582    2.71822395    2.53614351    2.70799539    3.08779905    2.83321880    3.34289926    2.14626811    2.38906706    2.79435351    2.61347678    2.16783679    3.00839113    2.95583602    3.01153953    2.94216355    2.91045849    3.19466316    3.13897128    3.14259211    3.69889210    3.74839684    3.03925115    3.11073231    2.78055167    3.99255311    3.91252492
Q9HIQ6_THEAC/115-497     3.18221178    3.46883786    3.54150364    3.65712573    3.65441727    3.43770784    3.46261486    3.54025972    3.23040263    3.29291639    3.55109424    3.91183337    3.11392346    3.57082580    3.87604638    3.90584972    3.41319778    3.52091268    2.20386724    1.96863307    3.45958512    0.45781928    0.00000000    1.97980005    1.76275463    1.70884372    2.58940309    3.13586106    2.95069064    3.27907293    3.33223459    2.68690445    2.53484992    2.61935327    2.92542969    2.81209750    3.31030848    2.22193707    2.12337197    2.73717078    2.82382495    2.25993171    2.89039148    2.81036412    2.88197829    2.82310637    3.09415127    3.18051908    3.14999163    3.08063693    3.91036122    3.97202030    3.29717686    3.19501443    2.94727415    4.19187725    3.86668083
O27421_METTH/115-373     2.68506985    2.38816291    2.29466458    2.48868312    2.54030330    2.47843463    2.69052201    2.72046642    2.45178758    2.51262230    2.55646692    2.73662652    2.13951742    2.71021981    2.60181476    2.51535654    2.46603144    2.98696567    1.67145222    1.65512508    2.38638913    2.02585918    1.97980005    0.00000000    1.45143223    1.40602129    2.17200088    2.82862713    2.84971460    3.25050407    3.22498040    3.04309685    2.71849987    3.73776271    3.47441745    2.65709348    3.59853366    2.42657704    2.14089828    2.23810298    2.61665634    2.19720167    2.38897485    2.42755250    2.44775677    2.34337291    2.72349645    2.38986074    2.67896881    2.27060231    2.49566627    2.57892636    2.42660806    2.64990313    2.24517862    2.77849087    2.72980487
Q9V239_PYRAB/117-365     2.35171074    2.60254304    2.37831179    2.19945223    2.34336819    2.16013120    2.23853004    2.35017106    2.62538143    2.18220503    2.11541833    2.49407286    2.57536739    2.61816698    2.72491592    2.65609639    2.77357323    2.52462415    1.79990048    1.62125712    2.47346645    1.69831548    1.76275463    1.45143223    0.00000000    0.27388994    2.39313233    3.06770882    2.50773025    3.38372602    2.36045131    2.83648171    2.91230495    3.13544833    2.99766225    2.46959833    4.02123870    2.55810830    2.12253774    2.63457347    2.32131232    2.35934326    2.04268552    2.24111163    2.31904292    2.26407066    2.22888986    2.04945022    2.00382480    2.31891638    2.36060321    2.95199514    2.32382706    2.52426048    2.11402646    2.57318823    2.60936427
O57994_PYRHO/116-364     2.51065859    2.68564709    2.37953405    2.17364135    2.21108317    2.16378725    2.30283102    2.43587116    2.50792363    2.15320430    2.10924583    2.46351193    2.65594023    2.68246961    2.63553913    2.70240863    2.71411129    2.48793869    1.97080785    1.49581192    2.41558153    1.78086457    1.70884372    1.40602129    0.27388994    0.00000000    2.22080501    3.01747382    2.53667416    3.10312170    2.50733949    2.72771726    2.96349922    3.19912835    2.94159392    2.71690236    4.26576255    2.55013245    2.16186102    2.64457601    2.43198363    2.36212058    1.99553866    2.31351293    2.54126487    2.17949377    2.35543358    2.08310850    1.88344446    2.48301817    2.31662065    2.94434291    2.39815296    2.53647725    2.13967410    2.55923551    2.45255387
SP4FB_BACSU/31-170     2.04645174    2.20709597    1.92731109    2.24844070    2.22351104    2.19051251    2.19669868    2.35712832    1.89781719    2.14562840    2.10093157    2.15516395    2.44948041    2.36161939    2.40168641    2.43918783    1.93777532    2.68638457    1.86568954    2.39277040    3.11272401    2.74252516    2.58940309    2.17200088    2.39313233    2.22080501    0.00000000    2.53133479    2.33485061    2.72796479    3.02845652    3.18467321    2.65739878    2.70338496    2.71721237    2.17423543    2.65706307    1.88760214    1.74972792    2.25262918    2.06374981    2.42603626    2.24468174    2.35623662    2.44289552    2.38656709    2.48211306    2.22838748    2.63870838    2.05310813    2.39276941    2.39119167    2.17333401    2.36610552    2.20196836    2.06969401    2.10368151
C1CG09_STRZJ/45-200     2.71640422    3.11503108    2.55178919    2.84266677    3.08444971    3.02869196    2.83169761    2.86517577    2.89463226    2.67049015    2.60526167    2.58270962    2.71941493    2.94736871    2.99882399    3.07033229    2.83926689    2.92782772    2.92257370    2.94064957    3.86129597    2.91874908    3.13586106    2.82862713    3.06770882    3.01747382    2.53133479    0.00000000    2.94227384    2.83280675    3.06942749    4.07904249    3.39266066    3.70321546    3.56763112    3.28572900    3.42826000    2.72597598    2.99930976    2.94522010    2.90894484    3.26199868    2.76567620    2.89428412    2.78349552    2.78108391    2.63323875    2.58613487    2.97033624    2.40894727    2.83158236    2.54535940    2.71511075    2.98320222    2.49675703    2.31608927    2.33646164
P73584_SYNY3/260-431     2.63771096    2.96670866    2.53324661    2.04995916    2.45911514    2.26877893    2.13055800    2.41887081    2.33024677    2.24878799    2.52948320    2.14410107    2.33749353    2.29849134    2.36845104    2.50792398    2.43244868    2.59420864    2.14423103    3.31124707    4.13070472    2.60926952    2.95069064    2.84971460    2.50773025    2.53667416    2.33485061    2.94227384    0.00000000    1.15921422    1.91599553    1.72841891    1.54384816    1.33283335    1.48939402    2.08680655    2.36452048    2.52665654    2.05122243    2.16239694    2.26093257    1.99450989    2.25163531    2.49207050    2.36146381    2.19039796    2.26614828    2.39126947    2.75923510    2.25142109    2.40634214    2.42866065    2.00997308    2.45784793    2.33625759    2.29162847    2.36174534
EGY1_ARATH/299-475     2.98655662    2.91122817    2.59355687    2.99074007    3.36563941    3.02514015    2.93137755    3.17410597    2.78200832    2.61052765    2.59181243    2.77615548    2.61616031    2.84224785    2.89516325    2.72808299    2.66159283    3.44515711    2.55095646    3.36295148    3.63093409    3.23068158    3.27907293    3.25050407    3.38372602    3.10312170    2.72796479    2.83280675    1.15921422    0.00000000    1.94063854    1.61506415    1.56319816    1.48856745    1.59034831    2.49888808    3.00264050    2.38348634    2.60111902    2.33152988    3.17653181    2.63369709    2.83310546    3.39045957    3.09345576    3.00074933    3.03253450    3.02465268    3.17360768    2.48596491    2.70053947    2.69233691    2.57123981    2.40738077    2.82669807    2.83856756    2.97371178
Q9YDJ8_AERPE/112-295     2.96442521    3.50259129    2.67684820    2.88161648    2.86910688    3.03442901    2.93705702    2.97923976    3.06576011    2.79166193    2.58489838    2.82157218    2.67940494    3.01421941    2.97320362    3.21724728    2.91492353    3.25726341    2.46168581    2.92211256    3.76958195    3.54392582    3.33223459    3.22498040    2.36045131    2.50733949    3.02845652    3.06942749    1.91599553    1.94063854    0.00000000    1.51154312    1.48648765    1.49710880    1.51247348    2.83868034    2.49061606    3.05681205    2.10030105    2.32131781    3.04278465    2.64060933    2.92906695    3.18735402    3.02258176    2.86885713    2.87682867    2.93270033    2.97963690    2.92046811    2.61056474    2.83251551    2.99240050    3.09573049    2.80742034    2.92358557    2.96254620
Q9HIJ5_THEAC/102-272     3.34634665    3.53551816    2.69402729    2.74349938    2.44608368    2.51834662    2.20014819    2.19681592    2.67370133    3.04619562    2.64338713    2.80355057    2.97766544    3.01745251    3.07165004    3.35354847    3.10405463    2.84560064    2.62568065    2.98514591    3.38991973    2.71822395    2.68690445    3.04309685    2.83648171    2.72771726    3.18467321    4.07904249    1.72841891    1.61506415    1.51154312    0.00000000    1.23739668    1.33825044    1.35043743    2.63215893    2.82273102    2.61405153    2.46300925    2.77820370    2.94403447    2.74349410    2.53678917    2.90066132    2.76976253    2.83317052    2.66142176    2.95136747    2.81627652    2.81788095    2.83937625    2.77480024    2.72626917    2.68994625    2.80374355    2.94893135    2.98925931
O58089_PYRHO/135-313     2.75495030    2.80804557    2.42357115    2.45558251    2.34367936    2.48789131    2.29473774    2.33633252    2.38919898    2.61221303    2.42899438    2.81414091    2.72115147    2.90394032    2.89084300    3.04294646    2.86724046    3.03841850    2.21301189    2.65449934    3.76128456    2.53614351    2.53484992    2.71849987    2.91230495    2.96349922    2.65739878    3.39266066    1.54384816    1.56319816    1.48648765    1.23739668    0.00000000    0.97816013    1.05878362    2.21463461    2.36223481    2.67075022    2.43366117    2.54103722    2.89954934    2.28132279    2.91802566    2.96988766    2.83473931    2.83603033    2.79116196    2.47487163    3.07300126    2.70577683    2.52129088    2.52576443    2.26687857    2.79755020    2.77677930    2.60811744    2.63016983
O30183_ARCFU/1-169     3.26334441    3.43103414    2.96615298    2.76552092    2.61707849    2.53778392    2.44506502    2.63399989    2.58544475    2.84966214    2.63271100    2.77430037    2.91961586    3.26810604    3.15723707    3.27671336    3.02062498    3.31565067    2.36219967    2.96640938    3.60037185    2.70799539    2.61935327    3.73776271    3.13544833    3.19912835    2.70338496    3.70321546    1.33283335    1.48856745    1.49710880    1.33825044    0.97816013    0.00000000    0.86065533    2.04028703    2.68178595    2.67380586    2.08727330    2.56601754    2.73994096    2.67246311    3.02196129    3.18317521    2.86754218    3.00495310    2.93122213    2.81479741    3.12211515    2.68615495    2.96109998    2.83497385    3.00710642    2.69726945    2.71602826    2.75599130    2.66933066
Q9HNP0_HALSA/121-303     2.97769639    2.96882932    2.54305988    2.63732842    2.78433286    2.80755971    2.95849398    2.98689708    2.59938130    2.82722479    2.60054226    2.61701345    2.45856477    2.94614688    3.10364332    2.94478798    2.93541125    3.83383741    2.53271937    3.35357070    3.51522591    3.08779905    2.92542969    3.47441745    2.99766225    2.94159392    2.71721237    3.56763112    1.48939402    1.59034831    1.51247348    1.35043743    1.05878362    0.86065533    0.00000000    2.26663439    2.63392451    2.84541414    2.42775016    2.37000431    2.40571883    2.22638391    2.76969763    3.01085792    2.78011371    2.77523715    2.97446519    2.63918455    3.11729031    2.57992547    2.65564552    2.75141802    2.71542270    2.80098570    2.50997451    2.73842377    2.62504510
Q9KM39_VIBCH/147-275     2.82972523    2.57514326    2.16360289    1.99792556    2.30657213    2.14463941    2.07946300    2.26456702    2.22889970    2.25984568    2.25020771    2.13903452    2.15021001    2.22826905    2.24766961    2.32013947    2.34438764    1.90068296    1.85236396    2.76658353    2.96593290    2.83321880    2.81209750    2.65709348    2.46959833    2.71690236    2.17423543    3.28572900    2.08680655    2.49888808    2.83868034    2.63215893    2.21463461    2.04028703    2.26663439    0.00000000    1.51094446    1.98881059    1.61234193    1.82993936    1.57408150    2.14397059    2.30127743    2.30574258    2.11607087    2.23755360    2.29882862    2.35544534    2.34848038    2.08019834    2.15882346    2.05440441    2.28672500    2.40691308    2.50357188    2.03208040    2.09072138
Q98KS9_RHILO/206-336     2.40613455    2.64797922    2.74228676    2.61139722    2.70775293    3.06657980    2.63040318    2.55308355    2.83300945    1.94571197    2.41053772    2.50577745    2.18258931    2.51610524    2.47235901    2.51259746    2.73931931    2.76168080    2.58218848    4.10231418    4.02622039    3.34289926    3.31030848    3.59853366    4.02123870    4.26576255    2.65706307    3.42826000    2.36452048    3.00264050    2.49061606    2.82273102    2.36223481    2.68178595    2.63392451    1.51094446    0.00000000    2.85599361    2.16822074    2.69695555    2.51054237    2.56616457    3.00385154    2.75081714    2.75156831    2.70821509    2.68086096    3.05668051    2.91629064    2.70394724    2.65784503    2.21720431    2.37373282    2.33086682    3.14871504    2.64874522    2.57283688
Q9HNB6_HALSA/68-210     2.81153175    2.59703591    2.14646585    2.09087173    1.95701038    2.13756075    2.16119147    2.31105603    2.34980743    2.33688622    2.31390844    2.15826008    1.96115980    2.28537746    2.12066458    2.19767719    2.34586657    2.01586870    1.58649012    2.15631279    2.50807268    2.14626811    2.22193707    2.42657704    2.55810830    2.55013245    1.88760214    2.72597598    2.52665654    2.38348634    3.05681205    2.61405153    2.67075022    2.67380586    2.84541414    1.98881059    2.85599361    0.00000000    0.93438949    1.31445776    1.21485448    1.25905284    2.37112204    2.30186791    2.18890851    2.30377241    2.02100112    2.38738999    2.91219001    2.08475156    2.56314662    2.02998577    2.39525579    2.39483741    2.16609959    2.23166746    2.31070318
O29915_ARCFU/55-194     2.66709724    2.25939374    2.08932904    2.03258642    2.26842423    2.16995206    2.19311246    2.46728850    2.41301669    2.44343128    2.01663530    1.90110521    2.00496642    1.99215931    1.92276136    1.97263353    2.06114645    1.99006959    1.76873341    2.22010308    2.46183829    2.38906706    2.12337197    2.14089828    2.12253774    2.16186102    1.74972792    2.99930976    2.05122243    2.60111902    2.10030105    2.46300925    2.43366117    2.08727330    2.42775016    1.61234193    2.16822074    0.93438949    0.00000000    1.31374086    1.19683437    1.22712328    1.97464207    2.28662546    2.22206699    1.98099063    2.31596350    2.14283081    2.47969305    1.64508129    2.19154625    1.97806688    2.40751369    2.25948405    2.20334089    2.15407739    2.18846800
Q9RJ56_STRCO/47-189     2.39705363    2.50479938    2.12712297    2.19420956    2.13572726    2.06898942    2.12118368    2.21909803    2.39757147    2.31054485    2.20703243    2.23096622    1.92254392    2.13812643    2.02106160    2.09906526    1.95752505    1.92406403    1.98413272    2.80911929    3.14597080    2.79435351    2.73717078    2.23810298    2.63457347    2.64457601    2.25262918    2.94522010    2.16239694    2.33152988    2.32131781    2.77820370    2.54103722    2.56601754    2.37000431    1.82993936    2.69695555    1.31445776    1.31374086    0.00000000    1.19635510    1.19714974    1.89471284    2.12000577    2.02771196    1.92029319    2.06758016    2.01296946    1.88936368    1.65370650    2.11333003    2.07134342    2.44249941    2.39695225    2.13193209    2.24821576    2.23608760
Y528_SYNY3/63-205     2.47158666    2.51718455    2.37416974    2.15668507    2.18862045    2.30836158    2.31669808    2.33157263    2.47903417    2.36761412    2.10128170    2.04740133    1.89315848    2.06927833    2.03656847    2.11095148    1.82267733    1.77333261    2.11998529    2.56568252    2.83287720    2.61347678    2.82382495    2.61665634    2.32131232    2.43198363    2.06374981    2.90894484    2.26093257    3.17653181    3.04278465    2.94403447    2.89954934    2.73994096    2.40571883    1.57408150    2.51054237    1.21485448    1.19683437    1.19635510    0.00000000    1.25033118    2.17574532    2.23046900    2.24507747    2.13425640    2.03412325    2.29827696    2.63019649    2.04410862    2.22116787    2.15569410    2.36756254    2.26867380    2.06085483    2.25024217    2.24525034
RIP3_MYCTU/54-199     2.56225510    2.59357165    2.21400338    2.32005559    2.54413954    2.26682247    2.42832162    2.52626121    2.62311592    2.28523870    2.49701515    2.36559811    2.04396161    2.34548265    2.32900957    2.33792599    2.06191385    2.43992899    1.91727716    2.85027166    3.26101053    2.16783679    2.25993171    2.19720167    2.35934326    2.36212058    2.42603626    3.26199868    1.99450989    2.63369709    2.64060933    2.74349410    2.28132279    2.67246311    2.22638391    2.14397059    2.56616457    1.25905284    1.22712328    1.19714974    1.25033118    0.00000000    2.21102963    2.60397448    2.32566738    2.41061965    2.32632477    2.40699478    2.38197491    2.12972333    2.30987766    2.28356183    2.59570657    2.47387252    2.43601220    2.87964845    2.92496340
EEP_ENTFA/6-408     1.92227046    2.10518552    1.76253424    1.82825451    1.59713730    1.59890822    1.38731454    1.45232074    1.67636914    1.81629257    1.64372328    1.51389957    1.81362451    1.64865114    1.69692428    1.81507365    2.00916609    2.29248610    1.98866474    2.47238112    3.47022383    3.00839113    2.89039148    2.38897485    2.04268552    1.99553866    2.24468174    2.76567620    2.25163531    2.83310546    2.92906695    2.53678917    2.91802566    3.02196129    2.76969763    2.30127743    3.00385154    2.37112204    1.97464207    1.89471284    2.17574532    2.21102963    0.00000000    0.86381499    0.83582241    0.76210827    1.31710516    1.11291722    1.21623139    1.41159132    1.58214633    1.51063782    1.78504107    1.87371340    1.42433549    1.89438149    2.00172429
Y2128_LACLA/7-413     1.84903641    2.12964880    1.67449028    1.79963859    1.69317703    1.57040150    1.40772672    1.45667675    1.65430869    1.86186810    1.53930639    1.69208196    1.81316654    1.63704642    1.63960698    1.64217143    2.07546788    2.34311892    2.04018698    2.35471186    3.35158682    2.95583602    2.81036412    2.42755250    2.24111163    2.31351293    2.35623662    2.89428412    2.49207050    3.39045957    3.18735402    2.90066132    2.96988766    3.18317521    3.01085792    2.30574258    2.75081714    2.30186791    2.28662546    2.12000577    2.23046900    2.60397448    0.86381499    0.00000000    0.91448366    0.83307738    1.45877852    1.41694342    1.48854332    1.55518739    1.47027861    1.62327408    1.80572161    1.85680825    1.66945454    1.81313375    2.03887530
Y263_STRPN/6-404     2.17987236    2.17584545    2.10315080    1.88895245    1.63852564    1.68375233    1.62066674    1.76639033    1.89009297    2.01472049    1.85480965    1.91781710    1.89658713    1.89026310    1.90412857    1.91022132    2.24610262    2.44374914    1.74160120    2.72701322    3.53214165    3.01153953    2.88197829    2.44775677    2.31904292    2.54126487    2.44289552    2.78349552    2.36146381    3.09345576    3.02258176    2.76976253    2.83473931    2.86754218    2.78011371    2.11607087    2.75156831    2.18890851    2.22206699    2.02771196    2.24507747    2.32566738    0.83582241    0.91448366    0.00000000    0.56018280    1.42827427    1.44509843    1.55691109    1.75747489    1.91694551    1.82496966    1.89274543    2.10787924    1.70594284    2.18910896    2.33339212
Y1963_STRP1/6-405     2.05681987    2.15062307    1.72197409    1.75106689    1.58308811    1.61839688    1.48256923    1.52448904    1.87091691    2.01130977    1.70957156    1.78795543    1.71132418    1.51077607    1.44376698    1.55174470    2.19816197    2.44365117    1.89701886    2.20988659    3.24796100    2.94216355    2.82310637    2.34337291    2.26407066    2.17949377    2.38656709    2.78108391    2.19039796    3.00074933    2.86885713    2.83317052    2.83603033    3.00495310    2.77523715    2.23755360    2.70821509    2.30377241    1.98099063    1.92029319    2.13425640    2.41061965    0.76210827    0.83307738    0.56018280    0.00000000    1.35460665    1.27946285    1.44194089    1.53899107    1.49832731    1.53012164    1.73068457    1.93333877    1.55240126    1.92239779    1.92518377
Y1262_STAAM/9-414     1.90656160    2.30091350    1.99386563    1.94819334    1.72714893    1.78718504    1.51915523    1.65078969    1.84390670    1.98355585    1.87127244    1.75133831    1.86938083    1.76118108    1.75133618    1.80176041    2.14756650    2.37601865    2.03636212    2.41325895    3.14674292    2.91045849    3.09415127    2.72349645    2.22888986    2.35543358    2.48211306    2.63323875    2.26614828    3.03253450    2.87682867    2.66142176    2.79116196    2.93122213    2.97446519    2.29882862    2.68086096    2.02100112    2.31596350    2.06758016    2.03412325    2.32632477    1.31710516    1.45877852    1.42827427    1.35460665    0.00000000    1.10784324    1.25490122    1.67818612    1.64155397    1.60465457    1.85762173    1.85718563    1.53330613    1.88267667    1.84553892
RASP_BACSU/8-408     1.61590451    1.80593525    1.69740531    1.51244718    1.56094326    1.40652859    1.50094193    1.43311821    1.74857411    1.70087233    1.55258818    1.48897867    1.95262944    1.80491622    1.78213116    1.79058776    2.03432080    2.21912941    2.09563568    2.44208083    3.23025925    3.19466316    3.18051908    2.38986074    2.04945022    2.08310850    2.22838748    2.58613487    2.39126947    3.02465268    2.93270033    2.95136747    2.47487163    2.81479741    2.63918455    2.35544534    3.05668051    2.38738999    2.14283081    2.01296946    2.29827696    2.40699478    1.11291722    1.41694342    1.44509843    1.27946285    1.10784324    0.00000000    0.82676646    1.49044855    1.64790785    1.63670026    1.83670747    1.80069854    1.39226228    2.02027494    2.03819057
