16
MRAZ_TREPA/78-148     0.00000000    1.76405926    1.21868455    1.16883739    1.43534727    1.60201768    2.03627413    1.53005670    2.28817674    3.14488733    3.67869769    3.69473224    3.77381166    3.98654076    3.02838926    3.59414776
MRAZ_MYCLE/72-142     1.76405926    0.00000000    1.17975755    1.40543757    1.49809252    1.86433980    2.17000560    2.10805186    3.12069262    2.70219125    3.40216211    3.29282483    3.67441846    3.34158445    3.38875447    3.59322622
MRAZ_STAEQ/72-141     1.21868455    1.17975755    0.00000000    0.46969061    0.53809287    1.30489606    2.24431275    1.79322266    2.16306650    2.68685624    3.62594224    3.59233350    2.83503304    2.82991669    2.49801377    3.33120148
MRAZ_ENTFA/72-142     1.16883739    1.40543757    0.46969061    0.00000000    0.55231898    1.60948056    1.49133215    1.61133922    2.38648362    3.21410232    3.47390902    3.54798501    3.15415957    2.98741641    2.44950637    3.40844193
MRAZ_BACSU/72-142     1.43534727    1.49809252    0.53809287    0.55231898    0.00000000    1.26262301    1.62923528    1.57953282    2.23077435    3.31630510    3.82194313    3.74452942    3.34533828    3.12779441    2.75482429    3.24337573
MRAZ_MYCPN/72-141     1.60201768    1.86433980    1.30489606    1.60948056    1.26262301    0.00000000    2.12478036    1.90136161    2.00757928    3.72449396    4.29010181    4.15672539    4.00697137    3.89871386    3.19089081    3.54381433
MRAZ_HAEIN/77-148     2.03627413    2.17000560    2.24431275    1.49133215    1.62923528    2.12478036    0.00000000    0.70510984    2.21201980    3.96263096    4.52096179    3.94542855    4.46781843    4.25607834    3.56832309    3.28927582
MRAZ_ECOLI/77-143     1.53005670    2.10805186    1.79322266    1.61133922    1.57953282    1.90136161    0.70510984    0.00000000    2.11257120    4.32986258    3.96430493    3.58476035    4.77830691    4.35733627    3.23294928    3.59960143
MRAZ_RICPR/79-147     2.28817674    3.12069262    2.16306650    2.38648362    2.23077435    2.00757928    2.21201980    2.11257120    0.00000000    2.78072967    3.76479226    3.60323038    4.29470797    3.85342802    3.03029331    3.21148441
MRAZ_MYCPN/1-71     3.14488733    2.70219125    2.68685624    3.21410232    3.31630510    3.72449396    3.96263096    4.32986258    2.78072967    0.00000000    1.43965958    1.65567787    2.30081815    2.17728717    1.87567780    1.62499834
MRAZ_BACSU/1-71     3.67869769    3.40216211    3.62594224    3.47390902    3.82194313    4.29010181    4.52096179    3.96430493    3.76479226    1.43965958    0.00000000    0.36014214    1.62004534    1.64520229    1.53255474    1.31162111
MRAZ_ENTFA/1-71     3.69473224    3.29282483    3.59233350    3.54798501    3.74452942    4.15672539    3.94542855    3.58476035    3.60323038    1.65567787    0.36014214    0.00000000    1.61135561    1.55572844    1.51905913    1.27474886
MRAZ_ECOLI/1-76     3.77381166    3.67441846    2.83503304    3.15415957    3.34533828    4.00697137    4.46781843    4.77830691    4.29470797    2.30081815    1.62004534    1.61135561    0.00000000    0.43790140    1.78997120    1.54872044
MRAZ_HAEIN/1-76     3.98654076    3.34158445    2.82991669    2.98741641    3.12779441    3.89871386    4.25607834    4.35733627    3.85342802    2.17728717    1.64520229    1.55572844    0.43790140    0.00000000    1.76154623    1.76936634
MRAZ_TREPA/5-77     3.02838926    3.38875447    2.49801377    2.44950637    2.75482429    3.19089081    3.56832309    3.23294928    3.03029331    1.87567780    1.53255474    1.51905913    1.78997120    1.76154623    0.00000000    1.24357899
MRAZ_MYCLE/1-71     3.59414776    3.59322622    3.33120148    3.40844193    3.24337573    3.54381433    3.28927582    3.59960143    3.21148441    1.62499834    1.31162111    1.27474886    1.54872044    1.76936634    1.24357899    0.00000000

