35
Q55DD7_DICDI/109-294     0.00000000    1.72940632    1.66741664    1.56076738    1.73285775    1.57227330    1.68562629    1.89409164    1.56426955    2.80645564    2.30878171    2.41961762    2.19041470    2.30635570    2.44392302    2.35678729    2.51721670    2.51951896    2.56189316    2.44827966    2.53504342    2.45865928    2.48648358    2.64977065    2.51766379    2.45128891    2.45434334    2.31652968    2.31542555    2.34824762    2.59686149    2.46602822    2.02375626    1.89063493    1.71128797
DEN2C_HUMAN/586-770     1.72940632    0.00000000    0.28079722    0.28903746    0.30287630    0.61403805    0.63145829    0.78506899    0.79650752    2.50399748    2.07606190    2.31214342    2.04759723    2.00816805    2.11413040    2.26023618    2.30503895    1.97342075    2.05165405    2.13612187    2.09237532    1.98049117    2.06153151    2.25804518    2.07598663    2.22475233    1.99533682    2.16083491    2.02696492    2.11877460    2.17649044    2.12304130    1.89890379    1.82758449    1.63239488
H3CCM9_TETNG/317-501     1.66741664    0.28079722    0.00000000    0.27824357    0.34629861    0.61020038    0.60634694    0.78083055    0.72517663    2.71633011    2.00403546    2.24510029    2.02057754    2.06156127    2.15369722    2.13831298    2.27092632    1.78299018    1.95681480    2.07157266    2.10615414    1.93496993    1.94056099    2.20002207    1.94552480    2.10860194    1.94938077    2.05188052    1.92114730    2.01222133    1.94209094    2.02505018    1.93239867    1.78053607    1.50863591
Q5RHZ1_DANRE/778-962     1.56076738    0.28903746    0.27824357    0.00000000    0.35810042    0.61240488    0.61656160    0.72269703    0.76051315    2.43677349    2.12182634    2.17884061    1.96611565    1.91630947    2.04082802    2.20653150    2.27148615    1.90996447    2.14360277    2.20626872    2.18383215    1.95846352    1.94376139    2.16910895    1.99814760    2.14117712    1.94502262    2.05552391    2.06953504    2.13649608    2.15216227    2.11947099    1.74409682    1.63917234    1.49956858
H3CZX5_TETNG/306-490     1.73285775    0.30287630    0.34629861    0.35810042    0.00000000    0.60031773    0.61155379    0.69794111    0.73581937    2.58517918    2.01825566    2.17488185    2.05143332    2.01944271    2.09960336    2.11513064    2.26615908    1.98485326    2.20609924    2.17532612    2.16991273    2.00906723    2.04081125    2.31076495    2.07751823    2.15022978    1.85441149    1.99268141    1.98013426    1.91307085    1.98544244    1.86369343    1.87313584    1.81484477    1.46125032
F7CWX4_XENTR/143-327     1.57227330    0.61403805    0.61020038    0.61240488    0.60031773    0.00000000    0.41116094    0.59132121    0.63178672    2.75047126    2.27263330    2.28383751    2.26454833    2.11911098    2.27519010    2.21176207    2.45863048    1.89861869    2.21998503    2.15481510    2.13849907    2.17612216    2.19060945    2.38216290    2.15235125    2.13978212    1.90516051    1.97625164    2.07575851    2.00056591    2.07627860    2.19930811    1.94026117    1.78044678    1.47215692
F1N1V1_BOVIN/156-340     1.68562629    0.63145829    0.60634694    0.61656160    0.61155379    0.41116094    0.00000000    0.44663810    0.58825969    2.75283089    2.20393921    2.04181740    2.01584040    2.01018127    2.12177178    2.27217103    2.35191910    2.17509992    2.11630048    2.19598746    2.09663782    2.26224941    2.24464438    2.41899570    2.18727002    2.13633491    1.97556954    2.09783242    2.18305387    2.12715224    2.34484388    2.30514380    2.06204472    2.04289759    1.64944046
B8JLM2_DANRE/224-406     1.89409164    0.78506899    0.78083055    0.72269703    0.69794111    0.59132121    0.44663810    0.00000000    0.29021684    2.51061249    2.33377769    2.25406769    2.22316374    2.25683891    2.25221514    2.13025516    2.27610778    2.01136388    2.17450822    2.40783436    2.39229415    2.11213228    2.15379422    2.17044642    2.08703939    2.45241635    1.88479928    2.03385517    2.37444332    2.46399770    2.52714983    2.47376773    2.02426489    1.89452826    1.70114405
F1QFB0_DANRE/164-346     1.56426955    0.79650752    0.72517663    0.76051315    0.73581937    0.63178672    0.58825969    0.29021684    0.00000000    2.41733396    2.21771853    2.23040296    2.14159842    2.30070846    2.29129226    2.13229772    2.32229947    1.95009500    2.07337602    2.28542959    2.29876990    1.99569221    1.97145549    2.00341570    1.94703362    2.26584592    1.76860754    1.81558224    2.12957343    2.18629045    2.20799359    2.14440596    1.79872271    1.77917287    1.57641247
Q0UM90_PHANO/167-348     2.80645564    2.50399748    2.71633011    2.43677349    2.58517918    2.75047126    2.75283089    2.51061249    2.41733396    0.00000000    2.34068868    2.28096945    2.47632023    2.21919601    2.21716807    2.38067138    2.72468908    2.94721335    2.80822346    2.99146850    2.81029614    2.59261416    2.77637370    2.75963230    2.81442589    3.14129964    2.63600069    2.49557744    2.98353727    2.80251785    2.87827890    2.70819599    3.00993340    2.82104013    2.81549279
DENN_SCHPO/362-562     2.30878171    2.07606190    2.00403546    2.12182634    2.01825566    2.27263330    2.20393921    2.33377769    2.21771853    2.34068868    0.00000000    1.21159689    1.20109635    1.23775784    1.22892015    2.34601005    2.18025527    2.17763846    1.96224790    1.91167160    1.88458227    2.07060829    1.89747616    2.13320235    1.99278024    2.37820798    2.22553184    2.31077091    2.19989298    2.27253006    2.30093174    2.30614347    2.63036939    2.46817919    2.14346403
Q2GNY8_CHAGB/440-637     2.41961762    2.31214342    2.24510029    2.17884061    2.17488185    2.28383751    2.04181740    2.25406769    2.23040296    2.28096945    1.21159689    0.00000000    0.33064354    0.39741773    0.30427173    2.44539632    2.43786214    1.93330594    1.98690533    1.98858801    1.85349975    2.15579446    2.23201720    2.17472983    2.12706998    2.31430522    2.12131965    2.18949038    2.12257653    2.16978250    2.14288271    2.26376744    2.83648039    2.60371826    2.66169119
Q0CL54_ASPTN/423-620     2.19041470    2.04759723    2.02057754    1.96611565    2.05143332    2.26454833    2.01584040    2.22316374    2.14159842    2.47632023    1.20109635    0.33064354    0.00000000    0.36786104    0.29552262    2.53166282    2.48162954    1.91221058    1.89375483    1.92498751    1.75935302    1.99478456    2.19459511    2.23147296    2.08907844    2.29794670    2.13221218    2.21185520    1.96417830    2.08749460    2.13870606    2.14164902    2.72551200    2.64217834    2.49617325
Q0US70_PHANO/395-592     2.30635570    2.00816805    2.06156127    1.91630947    2.01944271    2.11911098    2.01018127    2.25683891    2.30070846    2.21919601    1.23775784    0.39741773    0.36786104    0.00000000    0.28678687    2.47257699    2.49347307    1.90025057    2.12610332    2.01898558    2.00150098    1.94012624    2.16795443    2.15153591    2.10393576    2.39909738    2.06093952    2.17024496    2.04158194    2.02205985    2.23785620    2.24866530    2.84957622    2.77265925    2.53839641
A7EF60_SCLS1/465-662     2.44392302    2.11413040    2.15369722    2.04082802    2.09960336    2.27519010    2.12177178    2.25221514    2.29129226    2.21716807    1.22892015    0.30427173    0.29552262    0.28678687    0.00000000    2.47532202    2.42591815    1.78447101    1.94004627    1.89918314    1.83113441    1.91998111    2.08882148    2.04531101    2.00371227    2.34948501    2.01589764    2.09501731    2.00718173    2.02086479    2.11351932    2.06836447    2.85286810    2.62018806    2.44196298
DEND3_MOUSE/187-373     2.35678729    2.26023618    2.13831298    2.20653150    2.11513064    2.21176207    2.27217103    2.13025516    2.13229772    2.38067138    2.34601005    2.44539632    2.53166282    2.47257699    2.47532202    0.00000000    0.81639046    1.97858523    2.17003120    2.25718805    2.30019116    2.11741893    1.98295249    2.14108292    1.98664160    2.55287900    2.31184546    2.08793678    2.21497746    2.32662140    2.23107146    2.26905558    2.42433510    2.17575084    1.96963006
H3DM09_TETNG/190-376     2.51721670    2.30503895    2.27092632    2.27148615    2.26615908    2.45863048    2.35191910    2.27610778    2.32229947    2.72468908    2.18025527    2.43786214    2.48162954    2.49347307    2.42591815    0.81639046    0.00000000    2.13856673    2.35381720    2.33801026    2.43646519    2.05547970    2.09934249    2.20917917    2.01080845    2.27115784    2.38061596    2.34177314    2.34474676    2.36322064    2.40136885    2.41513779    2.45443673    2.40582897    2.17676317
Q54VP0_DICDI/908-1097     2.51951896    1.97342075    1.78299018    1.90996447    1.98485326    1.89861869    2.17509992    2.01136388    1.95009500    2.94721335    2.17763846    1.93330594    1.91221058    1.90025057    1.78447101    1.97858523    2.13856673    0.00000000    1.44687040    1.61194869    1.65770834    1.61384760    1.59410759    1.67273130    1.67590690    1.92767071    1.60703778    1.68419410    1.57532401    1.56001570    1.55175870    1.56752666    2.42764076    2.25689203    2.06125547
Q7KSP6_DROME/142-325     2.56189316    2.05165405    1.95681480    2.14360277    2.20609924    2.21998503    2.11630048    2.17450822    2.07337602    2.80822346    1.96224790    1.98690533    1.89375483    2.12610332    1.94004627    2.17003120    2.35381720    1.44687040    0.00000000    0.60029465    0.65430465    1.84388437    1.65911974    1.95127408    1.72371123    2.16202303    1.80464268    1.93680819    1.81667828    1.67509102    1.70778899    1.75139730    2.16912019    2.13287082    1.80946379
MTMRD_HUMAN/116-298     2.44827966    2.13612187    2.07157266    2.20626872    2.17532612    2.15481510    2.19598746    2.40783436    2.28542959    2.99146850    1.91167160    1.98858801    1.92498751    2.01898558    1.89918314    2.25718805    2.33801026    1.61194869    0.60029465    0.00000000    0.39548636    1.90157650    1.65370435    1.92548872    1.70242483    2.22173753    1.71754078    1.81150428    1.67300558    1.68442781    1.51754254    1.47127321    2.12306531    1.99461499    1.81701665
Q1LXZ0_DANRE/117-299     2.53504342    2.09237532    2.10615414    2.18383215    2.16991273    2.13849907    2.09663782    2.39229415    2.29876990    2.81029614    1.88458227    1.85349975    1.75935302    2.00150098    1.83113441    2.30019116    2.43646519    1.65770834    0.65430465    0.39548636    0.00000000    1.89305980    1.61506133    1.92516547    1.75301627    2.14109162    1.85334250    1.84339939    1.66621720    1.64141814    1.58880912    1.53907882    2.25756894    2.20414300    1.99889430
A7SZQ4_NEMVE/186-373     2.45865928    1.98049117    1.93496993    1.95846352    2.00906723    2.17612216    2.26224941    2.11213228    1.99569221    2.59261416    2.07060829    2.15579446    1.99478456    1.94012624    1.91998111    2.11741893    2.05547970    1.61384760    1.84388437    1.90157650    1.89305980    0.00000000    0.58253032    0.67206664    0.58570158    1.73548318    2.00059427    1.84468448    1.59400273    1.64519500    1.74836709    1.78812934    2.24516403    2.01522166    2.13810491
DEN5A_HUMAN/202-390     2.48648358    2.06153151    1.94056099    1.94376139    2.04081125    2.19060945    2.24464438    2.15379422    1.97145549    2.77637370    1.89747616    2.23201720    2.19459511    2.16795443    2.08882148    1.98295249    2.09934249    1.59410759    1.65911974    1.65370435    1.61506133    0.58253032    0.00000000    0.46423356    0.26157298    1.61171283    1.65267061    1.68198038    1.56870484    1.53004654    1.72003230    1.75903836    2.18061018    2.22315998    1.91500990
H3D3K0_TETNG/203-391     2.64977065    2.25804518    2.20002207    2.16910895    2.31076495    2.38216290    2.41899570    2.17044642    2.00341570    2.75963230    2.13320235    2.17472983    2.23147296    2.15153591    2.04531101    2.14108292    2.20917917    1.67273130    1.95127408    1.92548872    1.92516547    0.67206664    0.46423356    0.00000000    0.36834988    1.62148307    1.79307289    1.76604417    1.69004131    1.62420004    1.84568012    1.86453090    2.20144493    2.08028629    2.31969158
DEN5B_HUMAN/187-375     2.51766379    2.07598663    1.94552480    1.99814760    2.07751823    2.15235125    2.18727002    2.08703939    1.94703362    2.81442589    1.99278024    2.12706998    2.08907844    2.10393576    2.00371227    1.98664160    2.01080845    1.67590690    1.72371123    1.70242483    1.75301627    0.58570158    0.26157298    0.36834988    0.00000000    1.55022812    1.62294755    1.57472553    1.45800371    1.46949038    1.71907746    1.70121125    2.16094423    2.08272961    2.09503572
U4PB89_CAEEL/327-513     2.45128891    2.22475233    2.10860194    2.14117712    2.15022978    2.13978212    2.13633491    2.45241635    2.26584592    3.14129964    2.37820798    2.31430522    2.29794670    2.39909738    2.34948501    2.55287900    2.27115784    1.92767071    2.16202303    2.22173753    2.14109162    1.73548318    1.61171283    1.62148307    1.55022812    0.00000000    0.87182372    0.81712863    0.88643792    0.76258586    0.98426450    0.96251608    2.36787491    2.30760592    2.39015730
CRAG_DROME/308-492     2.45434334    1.99533682    1.94938077    1.94502262    1.85441149    1.90516051    1.97556954    1.88479928    1.76860754    2.63600069    2.22553184    2.12131965    2.13221218    2.06093952    2.01589764    2.31184546    2.38061596    1.60703778    1.80464268    1.71754078    1.85334250    2.00059427    1.65267061    1.79307289    1.62294755    0.87182372    0.00000000    0.28164627    0.80525578    0.74132431    0.90853828    0.82866592    2.32286987    2.22883966    1.87894494
Q7PWX7_ANOGA/311-495     2.31652968    2.16083491    2.05188052    2.05552391    1.99268141    1.97625164    2.09783242    2.03385517    1.81558224    2.49557744    2.31077091    2.18949038    2.21185520    2.17024496    2.09501731    2.08793678    2.34177314    1.68419410    1.93680819    1.81150428    1.84339939    1.84468448    1.68198038    1.76604417    1.57472553    0.81712863    0.28164627    0.00000000    0.74210077    0.70038724    0.84126874    0.74572500    2.25327654    2.07569100    2.03369255
A7RR72_NEMVE/298-481     2.31542555    2.02696492    1.92114730    2.06953504    1.98013426    2.07575851    2.18305387    2.37444332    2.12957343    2.98353727    2.19989298    2.12257653    1.96417830    2.04158194    2.00718173    2.21497746    2.34474676    1.57532401    1.81667828    1.67300558    1.66621720    1.59400273    1.56870484    1.69004131    1.45800371    0.88643792    0.80525578    0.74210077    0.00000000    0.56596322    0.67682104    0.66761247    2.40309223    2.24560950    2.22725076
DEN4C_MOUSE/307-491     2.34824762    2.11877460    2.01222133    2.13649608    1.91307085    2.00056591    2.12715224    2.46399770    2.18629045    2.80251785    2.27253006    2.16978250    2.08749460    2.02205985    2.02086479    2.32662140    2.36322064    1.56001570    1.67509102    1.68442781    1.64141814    1.64519500    1.53004654    1.62420004    1.46949038    0.76258586    0.74132431    0.70038724    0.56596322    0.00000000    0.44903295    0.42415487    2.34101320    2.20212497    2.09087332
DEN4B_MOUSE/313-497     2.59686149    2.17649044    1.94209094    2.15216227    1.98544244    2.07627860    2.34484388    2.52714983    2.20799359    2.87827890    2.30093174    2.14288271    2.13870606    2.23785620    2.11351932    2.23107146    2.40136885    1.55175870    1.70778899    1.51754254    1.58880912    1.74836709    1.72003230    1.84568012    1.71907746    0.98426450    0.90853828    0.84126874    0.67682104    0.44903295    0.00000000    0.28064888    2.32220691    2.06218749    2.12995956
A0A0R4ITV8_DANRE/305-489     2.46602822    2.12304130    2.02505018    2.11947099    1.86369343    2.19930811    2.30514380    2.47376773    2.14440596    2.70819599    2.30614347    2.26376744    2.14164902    2.24866530    2.06836447    2.26905558    2.41513779    1.56752666    1.75139730    1.47127321    1.53907882    1.78812934    1.75903836    1.86453090    1.70121125    0.96251608    0.82866592    0.74572500    0.66761247    0.42415487    0.28064888    0.00000000    2.28344723    2.10815303    2.05651269
A1Z7Q5_DROME/98-283     2.02375626    1.89890379    1.93239867    1.74409682    1.87313584    1.94026117    2.06204472    2.02426489    1.79872271    3.00993340    2.63036939    2.83648039    2.72551200    2.84957622    2.85286810    2.42433510    2.45443673    2.42764076    2.16912019    2.12306531    2.25756894    2.24516403    2.18061018    2.20144493    2.16094423    2.36787491    2.32286987    2.25327654    2.40309223    2.34101320    2.32220691    2.28344723    0.00000000    0.43757698    1.72791172
Q7Q1I7_ANOGA/88-273     1.89063493    1.82758449    1.78053607    1.63917234    1.81484477    1.78044678    2.04289759    1.89452826    1.77917287    2.82104013    2.46817919    2.60371826    2.64217834    2.77265925    2.62018806    2.17575084    2.40582897    2.25689203    2.13287082    1.99461499    2.20414300    2.01522166    2.22315998    2.08028629    2.08272961    2.30760592    2.22883966    2.07569100    2.24560950    2.20212497    2.06218749    2.10815303    0.43757698    0.00000000    1.77736389
Q54JA6_DICDI/110-305     1.71128797    1.63239488    1.50863591    1.49956858    1.46125032    1.47215692    1.64944046    1.70114405    1.57641247    2.81549279    2.14346403    2.66169119    2.49617325    2.53839641    2.44196298    1.96963006    2.17676317    2.06125547    1.80946379    1.81701665    1.99889430    2.13810491    1.91500990    2.31969158    2.09503572    2.39015730    1.87894494    2.03369255    2.22725076    2.09087332    2.12995956    2.05651269    1.72791172    1.77736389    0.00000000

