145
A8XMI9_CAEBR/8-42     0.00000000    0.67676727    0.81818842    0.95338474    1.10761058    1.01106227    0.76222532    1.08203775    1.12217472    1.23847544    1.46029626    1.61854122    1.21024992    1.69923647    1.81052773    1.56578581    1.13248138    1.28387778    1.74245200    1.09336530    1.70417388    1.64485544    1.27946450    1.50350040    1.98610942    1.58917057    2.14229878    2.19964715    2.20493764    3.00032063    1.80058058    2.01931265    2.57372489    2.16839551    2.25076684    2.44180190    1.91065882    2.04414712    1.82346168    1.77001021    1.49597812    3.21826283    1.85401385    2.10686976    1.13930519    1.72869825    1.63726669    1.74065053    1.89264229    1.44405190    1.58106296    1.38174772    1.22266900    1.42836906    1.04453815    1.40204120    1.74518978    1.16287033    1.16754639    1.48481362    1.51349776    1.31863801    1.46398230    1.10202925    1.26590916    1.19228830    1.40623195    1.15904261    1.31279517    1.04255637    0.92447104    0.84217381    1.07951573    0.78802708    1.09888294    1.41813915    1.39888412    1.19481180    1.36641873    1.26819726    1.50501735    1.41698219    1.74290554    1.40330643    1.87303983    2.08250525    1.13935130    1.52321913    1.65902952    1.97537305    1.60329190    2.24721377    1.60864937    2.28045631    2.21588782    1.63637888    1.40796280    1.75901211    1.50599397    1.61386738    1.52060575    1.90984299    2.11253291    1.98784045    2.69766207    2.06407912    2.48739590    1.73992388    1.43655166    1.77935729    1.97140971    2.04898948    1.80569303    1.36914599    1.69521986    2.36348230    2.46619750    1.42032557    0.99545281    1.42410628    1.55912029    1.38001045    1.88092612    1.79493163    1.64894956    3.30700400    1.61494444    1.70036953    1.65819090    2.35751696    2.32540009    1.43977266    1.25931510    1.17083599    1.33701177    1.39479265    1.51410586    1.55637769    1.26147549    1.32453088    1.84693404    1.19898441    1.17302853    1.50590152    1.69775605
A4RU01_OSTLU/4-38     0.67676727    0.00000000    1.03583013    1.10836863    1.26677924    1.52683891    1.03000655    0.76676498    1.25719447    1.12025009    1.35322442    1.68180608    1.30778915    1.10699176    1.45755891    1.62438488    1.24609260    1.29832801    1.78715253    1.30107000    1.80681706    1.23253367    1.72451972    1.75392981    1.99998267    1.67836410    2.05331854    2.08086276    1.69502831    2.42317532    2.11060194    2.19898379    2.71773133    2.43337194    2.82520138    2.22411041    1.70282419    2.80355512    2.07188933    1.89987190    1.46032579    3.01055639    2.31976310    1.56616215    0.99502160    1.60731415    1.51981019    1.92085033    1.68593450    1.43270444    1.42099605    1.91205109    1.91261688    1.06523242    0.67436042    1.01558774    1.81880803    0.92675132    1.16923870    0.96517103    1.16085611    0.96663971    1.11339697    0.80826108    0.92528064    1.20116583    1.03453184    1.19005145    0.95891678    0.82694042    0.86893600    0.75495385    0.96289989    0.55394990    1.15633528    1.00178544    0.94524446    0.80440366    1.03650003    0.97412779    1.24883761    1.12223703    1.42853487    1.30947313    2.02559453    1.88687219    1.27066887    1.73738492    1.02859429    1.71059621    1.11977667    1.88555247    1.63980890    2.07606084    1.97173885    2.06602975    1.45510867    1.81511630    1.49920775    1.80069492    1.58568505    2.06255860    2.17841250    2.33789335    2.06464192    2.07221736    2.82372087    1.42171304    1.67315470    1.28451713    1.92054551    2.51492448    2.18446099    2.30595357    1.85943482    2.55892282    2.42180413    1.03276633    0.98054938    1.48795379    1.05376877    1.02007386    1.45344606    1.41236699    1.38538199    2.12967927    1.21398661    1.40754992    1.51292454    1.99157247    1.66779468    2.08677877    1.72432817    1.22384109    1.20020173    1.06571878    0.62701448    1.02376196    1.30771381    1.04433228    0.98528430    0.80541751    1.11947198    0.99403319    1.11129780
YCW3_SCHPO/4-38     0.81818842    1.03583013    0.00000000    1.28241290    1.24648650    1.12822900    0.86278469    0.86222321    0.93879004    1.05223460    1.55670676    1.30714699    1.41604924    1.47213983    1.52126542    1.25239217    1.22280750    1.05542831    2.41129015    1.04025858    1.74671183    1.34395760    1.05506572    1.57086875    1.43723002    1.73743909    1.71561915    1.58410206    1.70809815    2.23963579    1.43787682    1.54478742    2.46246094    1.89499450    1.98330625    2.42293197    1.32968611    1.53303601    1.45725523    1.46219971    1.57503874    2.10269245    1.93967975    1.95320589    1.31827036    1.32891569    1.54029702    1.64616482    2.04600397    1.80212938    2.66591725    2.30125109    2.31773914    1.40715383    1.03031625    1.29021383    1.31283667    1.52446223    1.12957888    1.14741301    1.64284086    1.02067284    1.06446678    1.03217247    1.42005078    1.79329682    1.33755949    1.21286846    1.12040273    0.62597412    1.04692091    0.80884526    1.10451133    0.88596909    1.02531585    0.83877457    0.99719859    1.15066548    1.25400817    0.95605365    1.41084119    1.56130350    1.22876594    1.28431350    1.91985693    2.06308406    1.27578277    1.50321158    1.47453054    1.88628947    2.47091153    1.39894852    2.01874178    1.95542178    1.67905218    1.81621204    1.63808138    1.74203416    1.70134720    1.31913004    1.41490150    1.37617203    1.80769685    1.49507551    1.78598921    1.19658896    1.75008119    1.89482675    1.50303462    1.47179099    1.48387750    1.68120108    1.79185597    1.17622746    1.32890333    1.38937511    1.10865474    1.24867176    0.86506042    1.65617460    1.46458552    1.43416106    1.67692602    1.82895018    1.45084439    1.73639823    1.12429942    1.28940533    1.12575640    1.74042229    1.95673769    1.50908566    1.09435938    0.92369450    0.91075714    1.06853268    0.90854310    1.09319802    1.04193944    0.75558618    0.99830548    0.61327066    0.87950062    1.36303762    1.13868612
Q54WG8_DICDI/7-41     0.95338474    1.10836863    1.28241290    0.00000000    0.90972174    1.26721696    0.76828783    1.13096310    1.18770068    1.12687079    1.50375916    2.15747402    2.03710480    1.34812531    1.11359195    1.39608998    1.31587895    1.04656171    1.27271655    1.48872451    1.62304305    1.79444974    1.57345457    1.73463390    1.46994579    1.38130651    1.39928007    1.40399827    1.36076466    1.96306618    1.82670060    1.91088381    2.91822011    2.07925948    2.13456286    2.43025841    1.29383553    1.11268089    1.50928772    2.01186965    1.40451285    1.77838167    2.02830359    1.94363023    1.38605189    1.52967416    1.79785154    1.67426699    2.38135038    1.96067582    2.16732179    1.87358909    1.85544140    2.25075906    1.57500557    1.41297925    1.92863067    1.61140117    1.42344236    1.84869957    1.81212310    1.60695980    1.87134838    1.71594155    1.63962328    1.95220332    1.54363418    1.61252942    1.65469887    1.23054553    1.02899555    0.94413330    1.20745774    0.99557492    1.15723559    1.39084338    1.12088261    1.26792469    1.17736938    0.99570222    1.39334180    1.58665147    1.76653918    1.73564183    1.64749264    1.93936183    1.36366201    1.26151802    1.44379422    1.61824601    1.47973364    2.31467362    1.19652585    1.26856025    1.19507938    1.68250537    1.41528392    2.61902749    1.35778625    1.65697114    2.00476771    1.71262635    1.88405820    1.85419156    2.02804236    1.75905592    2.08039231    1.22493156    1.46455020    1.77040261    1.83283676    1.67797206    1.96765655    2.02222534    1.83351164    1.91846002    1.86331290    1.38228327    1.52699465    1.51739397    2.00295283    1.97155766    1.51631922    1.49401925    2.18997145    2.48711111    1.80127271    1.88309923    2.00944625    1.90882929    1.93820702    1.26682428    1.46744534    2.46621431    1.93004953    2.15963375    1.91423962    2.03862894    1.52875292    1.63607164    1.93837108    1.67073035    1.27732544    1.75455198    1.64214211
Q18546_CAEEL/13-47     1.10761058    1.26677924    1.24648650    0.90972174    0.00000000    1.07679176    0.96740254    1.11880691    1.61775041    1.25955368    1.52977816    2.00671966    1.92004814    1.58603918    1.48563356    1.64608544    1.73144489    1.45585277    2.11922130    1.14816465    2.03630551    1.52015527    1.93177014    2.39812450    1.54264029    2.02141584    1.84191626    1.50764566    1.71609885    2.33341114    1.60089459    1.86081560    1.82725841    1.79973071    2.74389237    2.59620894    1.36793044    1.22499478    1.69481605    1.60553437    1.55280830    2.79536848    2.40341080    2.37027220    1.67252450    2.17680884    1.98517702    1.80398503    2.52544382    2.29024127    2.28454848    2.22497064    2.68464809    2.08849376    1.99695733    1.42307372    1.85074701    1.59079090    1.31865675    2.13961905    2.14132442    1.64937412    1.95356634    2.21583094    1.78033920    2.20631353    1.73518950    1.42639937    1.92416187    1.56790402    1.49339659    1.55017180    1.42486183    1.28116513    1.28701610    1.82271898    1.68815892    1.34406559    1.48669639    1.22887988    1.78539958    1.70752915    1.62940837    1.84746702    2.45062131    2.87286281    1.80076869    2.23344664    1.90317425    1.20509294    1.77720215    1.91215338    2.28881432    1.88220530    1.72282273    1.28510009    1.64013289    1.75171578    2.11788279    1.88527398    1.56630527    1.97585193    2.60242597    2.23726538    2.31040149    2.00092322    2.99589161    1.58724358    1.40127842    2.19542243    2.23605568    1.74920753    2.10983047    1.53182259    2.37740488    2.37516282    2.54134301    1.26988152    1.47089469    1.58323877    2.19255676    1.99079438    1.62277194    1.52770353    1.31284140    3.37112428    2.07095716    2.07355165    2.15288079    2.28826124    1.91926867    1.87462006    1.37144778    2.18218654    1.66067301    1.89423450    1.69593137    1.78219265    1.86640912    1.52554095    1.86958692    2.22798162    1.69294705    1.93833109    2.25809446
A7SXV5_NEMVE/260-294     1.01106227    1.52683891    1.12822900    1.26721696    1.07679176    0.00000000    0.85929818    1.04973202    1.56264855    1.90256864    1.18764031    1.77007443    1.48621494    2.08608963    2.18797413    1.91976172    1.60932721    1.59706460    2.27161526    1.30389798    1.67608139    2.16892005    1.28800395    2.24527780    1.29034535    1.59697144    1.47193697    1.29511748    1.42635248    2.05470555    2.15567422    2.66550029    2.18859862    2.14186537    2.67067540    2.71007163    1.57465629    2.07817209    1.64425854    1.59290292    1.67038214    1.68147768    1.73427819    2.06877641    1.64702202    1.89279888    1.53739432    1.80440047    2.80224600    2.23388958    2.29476812    1.98561711    1.73091779    2.05473454    1.66146416    1.99590781    1.93758953    1.63666983    1.56523469    1.91974353    1.98543194    1.90036350    1.56736835    1.88532545    1.76186185    1.44495153    1.98335874    1.62393292    1.66229135    1.29340935    1.25298415    1.15125129    1.17391486    1.31220329    1.02599997    1.64593981    1.79076207    1.34764772    1.32876442    1.03008466    1.81944389    1.65451092    1.58171413    1.46479778    2.24793670    1.86231251    1.69060125    2.36839703    1.75082520    1.86903462    2.03701329    2.31791347    2.00828665    2.62850159    2.38231636    1.95355720    1.99650721    2.23907683    2.14913878    1.47640664    1.70236861    1.91167449    1.85086588    2.04099623    1.67066016    1.47714035    2.33118441    1.75615086    1.10089271    2.36469069    1.86190089    2.38424319    2.31852945    1.99554371    1.90141524    2.45838134    2.12673493    1.65337854    1.17886662    1.42186852    1.26000555    1.99655457    1.54698061    1.56975541    1.81945050    2.84894355    1.36574955    1.86680982    1.93370452    2.16218882    1.52688849    1.97044804    1.24066493    1.59862515    1.17890163    1.84571097    1.66815345    1.76137139    1.41933143    1.41072036    2.15722549    1.51249230    1.43249694    1.71750709    1.33981720
A7RHS5_NEMVE/7-41     0.76222532    1.03000655    0.86278469    0.76828783    0.96740254    0.85929818    0.00000000    0.64280398    0.84431241    1.31993487    1.48063690    1.42753694    1.68594774    1.70071291    1.53057490    1.28837483    1.42674267    0.98578370    1.68949093    1.31958902    1.48364242    1.75316513    1.03088247    1.75569621    0.90605950    1.15377932    1.35595048    1.11001808    1.12983875    1.59668785    1.55238207    1.67285273    2.08793239    1.45481059    1.76335850    1.86859929    0.68704431    1.06046182    1.26773251    1.39486521    1.14085487    2.28295514    1.60723164    1.58688439    1.48017123    1.63114193    1.44847642    2.04199044    2.02397788    1.69602485    1.99014884    1.87058901    1.87768517    1.29797454    1.39805720    1.19457503    1.85004613    1.18476927    1.33106843    1.50658072    1.35269216    1.24866245    1.16094865    1.23651868    1.38473899    1.30384131    1.35421150    1.32931659    1.38495804    1.15070755    0.76498866    0.68039110    0.91105925    0.99409666    0.89770880    1.03984381    1.19126110    0.96848327    0.82883723    0.87905717    1.64942674    1.16457395    1.14247251    0.99723472    1.72575664    1.42966110    1.66632910    1.72167279    1.72379913    1.43921349    2.03764593    2.59217332    1.67255910    1.81415587    1.77585740    1.74047796    1.39043284    1.96372129    1.86928528    1.05735861    1.46491292    1.66422857    2.22470932    2.02057399    1.75406907    1.68637328    2.50984123    1.72285557    1.23915395    1.61743989    1.96290822    2.02613938    1.84695066    1.57851634    1.89311982    2.39529131    2.12522537    1.24335160    1.18190279    1.74039427    1.63657554    1.59236872    1.40693969    1.59024100    1.88561819    2.04197722    1.45268389    1.70708035    1.70294459    2.38661279    2.15667862    1.60870389    1.42177628    1.63520477    1.57023913    1.79114323    1.82306871    1.66368487    1.79984941    1.32157715    2.00350883    0.92983267    1.02154069    1.88752787    1.40396198
Q7QBC8_ANOGA/6-40     1.08203775    0.76676498    0.86222321    1.13096310    1.11880691    1.04973202    0.64280398    0.00000000    0.79377505    1.53860967    1.10800055    1.27322193    1.31860238    1.36456144    1.42352924    1.28245273    1.42372186    1.38195385    2.43824566    1.34498011    1.61525076    1.12060092    1.29128011    1.76468889    1.05816360    1.73417162    1.37311785    1.32998111    1.27191691    1.85832457    1.79955783    1.43123984    2.58307885    1.75435759    1.78151029    2.06307498    1.02864144    1.45506093    2.05593138    2.01879224    2.05072326    1.94900897    1.51858974    1.42869014    1.20509677    1.61228359    1.67604146    1.38899072    1.91785654    1.45991788    1.92832985    1.57908745    1.86065444    1.18543348    0.72847065    0.99138040    1.42386519    1.13075654    1.27253394    0.85869017    0.83153698    0.92100430    1.01932342    1.00049234    1.05231174    1.07674008    0.97664293    0.94125146    0.87788839    0.93177557    0.95355200    0.73331637    0.80537950    0.79920273    0.89412925    0.72755397    0.81892039    0.82614113    0.73057024    0.95864686    1.22699656    0.88736191    1.09400741    0.96937383    2.05472646    1.75981486    1.48510053    1.63584587    1.18745938    1.85625214    1.54738797    2.02826291    1.86382411    1.99074356    1.62373777    1.98811396    1.66892572    2.84690263    1.87609772    1.06484878    1.40272145    1.29813935    2.31273151    2.71305205    2.45710303    1.63036026    2.02786612    1.55110167    1.27161363    1.65949670    1.78189275    2.20269030    2.41729541    2.53080481    2.05043486    1.78619792    1.52258545    0.94820254    0.84631043    1.92306559    0.98802195    1.23092820    1.31028374    1.16978599    1.18230674    1.80946588    1.08821456    1.33283213    1.32720824    1.48746415    1.52701124    1.35445476    1.31412547    1.06765491    1.19226426    1.33400952    1.02411946    1.23811650    1.61390278    1.24394422    1.33473642    0.75832379    1.03394630    1.31223619    1.00944194
H3D4G5_TETNG/7-41     1.12217472    1.25719447    0.93879004    1.18770068    1.61775041    1.56264855    0.84431241    0.79377505    0.00000000    1.40918687    1.57188102    1.77120932    1.26414130    1.86895997    1.68618982    1.42212678    1.48324003    1.29357230    1.47509666    1.38440056    1.51466056    1.54974351    1.68585744    2.10804159    1.32830042    1.49333941    1.81455212    1.35326779    1.46188616    2.01487896    1.45733625    1.72935931    2.52668800    1.70034901    1.35799278    1.49231791    1.64923943    1.95643320    2.17641722    2.06274549    2.24966792    2.03288208    1.57051335    1.54513355    1.38463430    1.27338409    1.21317407    1.65054597    2.03532973    1.62681175    1.85524813    1.59936206    1.68535606    1.33947658    1.04745036    1.26357860    1.89350970    1.40193874    1.31283902    1.50880684    1.54015437    1.60224797    1.28563425    1.34031396    1.22758807    1.48777050    1.54860791    1.28209611    0.94571340    1.16901835    1.09230236    0.89665533    1.11708200    0.94658793    1.08242910    0.87419194    0.96606526    1.21366794    1.04708020    1.15024798    1.51622689    1.18628593    1.20215409    1.09284353    2.51883816    1.98826364    1.48826122    1.15430412    1.18933646    1.58476000    2.30875242    1.73707825    1.89622601    1.63838309    1.66330277    2.17263214    1.77275953    1.68730228    1.92116005    1.62480461    2.22071537    1.56631390    2.13395998    2.52254306    2.78627581    1.87375451    2.09623476    1.63836624    1.57523072    1.70339527    1.73811444    2.17380092    2.51823010    2.49529691    1.46592717    1.91674071    1.91948370    1.26742995    1.27622229    2.02999285    1.93999070    1.48323622    1.29898832    1.39211772    1.54932675    1.80357800    1.38177947    1.33406514    1.37541430    1.80078512    1.70139052    1.60922666    1.34082405    2.16132119    1.53130107    1.76238279    1.77238241    1.86456312    1.90206488    1.85798158    1.69703538    1.14219368    1.11205644    1.50777765    1.67114891
Q4N0G6_THEPA/14-48     1.23847544    1.12025009    1.05223460    1.12687079    1.25955368    1.90256864    1.31993487    1.53860967    1.40918687    0.00000000    1.24747011    1.84564208    2.09666388    1.41078339    1.30567392    1.44287583    1.37635196    1.18975614    1.50632068    1.67019598    1.85973911    1.55514467    1.32745156    1.75593828    1.67025304    1.44574554    1.51873720    1.31168734    1.56203371    1.91060223    1.78536601    2.00294360    1.80040279    1.52054250    1.72362609    1.85399936    1.46299268    1.71439345    1.67293328    2.36670087    1.71818393    1.96293781    1.67776244    1.37511876    1.03367323    1.92408151    1.77914771    1.50113445    1.61069322    1.36178879    1.51504083    1.89584651    1.60142614    1.47919357    1.62081836    1.07474448    1.46473504    1.30065105    1.50454204    1.28165227    2.05761749    1.51367994    1.30644445    1.69234447    1.37964828    2.07505220    1.57630439    1.30997257    1.51726154    1.45490573    1.52414733    1.27231367    1.59249212    1.32771343    1.67148082    1.38363298    1.01974159    1.54218075    1.43960700    1.63569613    1.23822029    1.22894629    1.78405198    1.41738168    1.78961623    1.87853168    1.14181022    1.48664174    1.46693947    1.64498159    1.30846211    2.30826197    1.73970744    1.29713095    1.70385240    1.31599008    1.19140326    2.39380133    1.50148398    2.09161404    1.70231432    1.36433644    2.20809605    2.28134257    3.13913531    2.58071307    2.22144497    1.37886838    1.72814425    1.04702700    1.33471566    1.35264753    1.49427219    1.39663038    1.46922100    1.39150905    1.63342269    1.01584045    1.37522503    1.46484310    1.90054646    1.51751072    1.61450206    1.66385499    1.74904803    2.22937824    1.48004553    1.20999748    1.30822013    1.98978827    1.42580996    1.54825176    1.14743323    1.41676116    1.42388292    1.73539160    1.29621121    1.24124144    1.13328534    1.29140721    1.16690684    1.32533683    1.08101839    1.36247311    1.16798542
Q8SV91_ENCCU/471-505     1.46029626    1.35322442    1.55670676    1.50375916    1.52977816    1.18764031    1.48063690    1.10800055    1.57188102    1.24747011    0.00000000    1.63838300    1.35890797    1.75865631    1.44203506    1.46677446    1.14295460    1.27580046    1.69979527    1.03610787    1.45376343    1.54697798    1.43017416    1.31018181    1.51377611    1.72279058    1.61015505    1.29398432    1.45845055    2.14490876    1.52276045    1.52031356    2.30504597    1.57046257    2.09688412    1.61443555    1.45626027    2.04231415    1.57542160    1.83540996    1.88551666    1.54171092    1.32995830    1.30691961    1.09706691    1.55463152    1.33402927    1.47306014    1.94989420    1.29879563    1.78485359    1.52837857    1.59469391    1.10730780    1.20849804    1.24906268    1.82217148    1.24420049    1.32061838    1.30901234    1.92832083    1.45577403    1.44558033    2.11930490    1.83410730    1.72549021    1.88735717    1.63548070    1.60076287    1.34190903    1.46364625    1.41304755    1.52413082    1.23681550    1.93950555    1.77036464    1.49913824    1.67104549    1.59438994    1.72826200    1.84343883    1.68089468    1.66708984    1.40284440    1.59668716    1.85183922    1.55427334    1.84297810    2.16965300    2.15863789    1.31590888    2.22351105    1.84016112    1.68220389    1.87638325    1.90418819    2.01352961    1.96901272    1.61996614    1.34717841    1.35079319    1.14690969    1.83609504    2.41611980    2.54662868    1.85386856    1.85935205    1.62484126    1.59585724    2.03658784    1.67858959    1.56550837    2.48157425    2.04239186    1.74428506    1.34649540    1.58490589    1.40253774    1.48811984    1.77594319    1.62841416    1.42736059    1.47726861    1.47235730    1.76297681    2.09143125    1.70874437    1.71355985    2.15060940    1.82577149    1.09431527    1.44134714    1.13687279    1.18204064    1.11672630    1.56934356    1.25999030    1.16120171    1.35589422    1.02729678    1.76536027    1.52120793    1.05993061    1.31096486    1.64332328
A4RZ02_OSTLU/100-134     1.61854122    1.68180608    1.30714699    2.15747402    2.00671966    1.77007443    1.42753694    1.27322193    1.77120932    1.84564208    1.63838300    0.00000000    0.94196639    2.08939382    1.84718978    1.70817489    1.50310547    1.90577493    2.09731468    1.30258406    1.46767649    1.69869230    1.74519118    1.83861647    1.68313113    1.79134023    1.59577160    1.71265339    1.90296492    2.12157467    1.93526782    1.82297675    2.18418839    1.84466205    2.16154635    2.15046440    2.07733551    2.31446345    1.87466111    1.45704301    1.53320535    2.54689637    2.11064905    2.03716026    1.62158254    1.95295640    1.79909437    2.09430407    2.36161727    2.13400952    2.42922063    2.22631056    2.42256622    1.80464832    1.48257669    1.75652651    1.92335567    1.76753161    1.68017501    1.34370639    1.68980908    1.28616804    1.44843934    1.65807610    1.82504712    2.01442008    1.74776661    1.69208592    1.74909473    1.47182417    1.62883704    1.72947393    1.99870690    1.44997221    1.51411370    1.64498352    1.85499759    2.02097527    2.04431142    1.88284904    1.69121785    1.76664327    1.94336959    1.90924575    1.72265899    1.50299345    1.60972321    1.73820495    2.37800852    2.13050958    2.40386484    2.16761739    2.28970361    2.48336257    2.71151496    2.04237610    1.90517353    1.91264430    2.38306128    1.73637936    2.07285037    1.76053700    2.30324678    2.79206635    3.18335768    1.94889072    1.90850650    2.87352947    1.75627237    2.84713486    2.09347913    3.21878751    3.74408855    2.52750297    2.71606287    2.47616602    2.32986652    2.09632530    1.74156690    2.11769087    2.09182443    1.72343568    1.29105746    1.75869059    2.40370120    1.61508916    1.61074967    1.64435003    1.60161799    1.80519188    1.79406988    1.83357926    2.06982429    1.72068740    1.79405486    1.55021454    1.79498528    2.04247486    2.33441687    1.72858983    1.93842310    1.74541349    1.84162473    2.70281821    1.96675991
A4RZF7_OSTLU/122-156     1.21024992    1.30778915    1.41604924    2.03710480    1.92004814    1.48621494    1.68594774    1.31860238    1.26414130    2.09666388    1.35890797    0.94196639    0.00000000    1.60761359    1.80524992    1.48909046    1.26902554    1.50697423    1.93691819    1.44961740    1.81224428    1.51388064    1.79403446    2.02068008    1.77767736    1.81912824    1.91034066    1.66482268    1.74309199    2.11335077    1.62274413    1.96537429    2.77969133    2.25140619    2.38511779    2.56453834    2.48469554    2.58922311    2.04473241    1.40875653    1.65895705    2.36890217    2.44470294    2.31359521    1.47654675    1.43244472    1.55636421    1.94858080    2.26976790    1.98987677    1.95905388    1.93668000    1.70545987    1.60929757    1.10466229    2.08239219    1.52303246    1.70489788    1.80339390    1.54810327    1.56775396    1.59960789    1.40415212    1.38421172    2.01972858    1.89361296    1.71309774    1.54486004    1.58896091    1.09330825    1.31424607    1.20442679    1.62686586    0.99612243    1.73929676    1.56101018    1.48046455    1.75578593    1.89419621    1.64673481    1.87166168    1.93356903    1.50415847    1.95313191    2.10496480    1.86658334    1.68252449    1.36148758    1.81928405    1.79194954    2.28203352    2.14746686    2.11508313    2.22430487    2.24216859    1.56012749    1.68380146    1.86703414    2.17122256    2.00003730    2.22317122    1.59231170    2.31513973    3.00172512    3.08492748    2.21093445    2.50735920    1.84922945    1.57613255    2.74979689    2.13766569    3.10298787    3.64382542    2.78166509    2.03666893    2.31555036    2.03418775    1.93510933    1.61481971    1.70293281    2.33352403    1.29006858    1.38466656    1.70683427    1.88170121    2.29835848    1.72223535    1.59093426    1.55024033    1.61052795    1.69860784    2.37638889    2.00006157    1.78520701    1.43637487    1.83001640    1.64116808    2.15754243    2.04781568    1.87068061    1.90809148    1.57294974    2.13137060    2.35749660    2.43322158
Q016Z5_OSTTA/54-88     1.69923647    1.10699176    1.47213983    1.34812531    1.58603918    2.08608963    1.70071291    1.36456144    1.86895997    1.41078339    1.75865631    2.08939382    1.60761359    0.00000000    1.26188931    1.31604782    1.66417050    1.39850115    2.41809064    1.90640727    2.19531292    1.99353710    2.04479398    1.97221233    1.80354311    1.88526123    1.98419984    1.79099087    1.83846246    1.75172525    1.71165173    1.89308106    2.44827542    2.88924709    2.44312408    3.14881082    1.95801677    2.19007785    2.94085373    3.08126035    2.14006071    2.40717137    2.12071397    1.66385256    1.44500023    2.34730701    1.71959027    2.18975225    2.64436302    1.90863849    2.33570710    2.40161562    2.03219651    1.64430093    1.76507303    2.25716051    2.19000541    1.94492400    2.00932589    1.22946717    1.29788453    1.32946656    1.70605670    1.81639198    1.53058726    2.73824067    1.44254828    1.46779364    1.56874855    1.64143406    1.59585591    1.51203092    1.69499201    1.12360311    1.43358088    1.39637646    1.11529530    1.51552206    1.90767321    1.78285586    1.79851632    1.59486570    1.27249642    1.47658032    2.45630808    2.22296578    1.79468971    1.76203402    2.17461248    2.37604126    2.23031247    2.48289469    2.61840186    1.83312324    1.92211691    1.77325630    1.77729174    2.91857704    1.94273232    2.27758154    2.70310167    2.25000010    2.15727710    2.44730055    3.41310999    3.04674479    2.41282927    1.83288963    1.42227563    1.55028212    1.83147806    2.17227187    2.31288674    2.19374110    1.72668342    2.39846312    2.31763110    1.42596486    1.79543475    2.30986896    2.63678767    1.91228494    1.65550356    1.82586186    1.74996113    2.49747154    2.04863479    2.39983930    2.41281024    1.83204588    2.05500435    2.12467730    2.03502081    2.02906921    1.35704370    1.66304836    1.23110174    1.92561844    1.74874781    1.81316190    1.22888706    1.33945325    1.71195225    1.65237312    1.84985981
ARP_ARATH/97-131     1.81052773    1.45755891    1.52126542    1.11359195    1.48563356    2.18797413    1.53057490    1.42352924    1.68618982    1.30567392    1.44203506    1.84718978    1.80524992    1.26188931    0.00000000    0.84850560    1.64226362    1.15675645    1.70868517    1.33886412    1.94213209    1.64676920    1.33481609    1.71634222    1.35343847    1.53469524    1.41439823    1.54721668    1.72204509    1.56380913    1.58620436    1.72733895    2.48292518    1.73162544    2.38587172    3.10650875    1.55726486    1.75473803    1.88601181    2.86780070    2.02420212    1.66126811    1.67337320    1.52909489    1.68365950    1.77471236    2.20676250    1.43521183    1.83574521    1.34100516    2.03849617    1.68353513    1.78140525    1.46754085    1.93398739    1.72242801    2.11755241    2.01078761    1.96491396    1.61228483    2.11524920    1.72144060    1.61797128    2.00391686    1.97170808    2.37659501    1.44075353    1.91032994    2.06745598    2.17956611    1.58479964    1.56732513    1.65482269    1.47901671    1.41674097    1.69896513    1.44358289    1.70491147    1.78537025    1.99969289    1.41449003    1.31251444    1.29625397    1.33069019    1.74923663    1.67837907    1.77273279    1.46827326    2.66671509    2.15440867    1.60742061    2.59202216    1.56507470    1.79676481    1.69980167    1.58464792    1.53367338    2.45265300    1.74866782    1.80337347    2.19567624    1.86092332    1.58429510    2.08677880    2.97966591    2.69381722    2.28566599    1.66856987    1.82044936    1.77183500    1.74031358    1.97710113    2.14425953    2.75297675    1.60649981    1.63243813    1.27752518    1.42851480    1.77201029    1.93755366    1.98938792    2.14236432    1.60095783    1.64045597    1.23881527    2.42610059    1.61785847    2.05609183    1.86178762    1.60936416    1.96558090    1.59749086    1.75233436    1.97796809    1.49269615    1.68574144    1.58155290    2.04567884    2.02771157    1.91432264    1.33387007    2.05513847    1.54251028    2.08526195    1.94766608
Q5VQJ9_ORYSJ/87-121     1.56578581    1.62438488    1.25239217    1.39608998    1.64608544    1.91976172    1.28837483    1.28245273    1.42212678    1.44287583    1.46677446    1.70817489    1.48909046    1.31604782    0.84850560    0.00000000    1.42932271    1.26250852    2.01369830    1.10077035    1.68321657    1.46109760    1.43878749    1.81617502    1.51914828    1.59898417    1.71645926    1.45168900    1.82331206    1.64434890    1.28261209    1.61707694    2.00105342    1.25669145    1.92358113    2.40307380    1.40607666    1.47137238    1.41062663    2.14012628    1.72185973    1.75633782    1.39857417    1.64773705    1.56946569    1.62524482    1.56928880    1.70453591    1.43295060    1.40299273    1.83384384    1.59636571    1.82481107    1.51905878    1.72742754    2.04288081    2.38869818    1.76747951    1.91923135    1.44379562    1.94068518    1.41617534    1.58231089    2.31228353    2.85135152    2.71499931    2.03533194    2.17433301    2.16527873    2.30112161    1.66601921    1.32697242    1.97381529    1.66300725    1.72782350    1.42909628    1.27500090    1.80950112    1.94248146    1.78743386    2.29859020    1.62559512    1.51198668    1.54875488    1.84381629    2.26474101    1.23464879    2.16495108    2.44584202    1.85761009    2.14536921    2.37196135    2.06738675    2.62606063    2.51987617    1.77201739    1.97484027    1.93360026    2.07316017    1.90312934    2.22747985    2.27085596    2.08282535    2.78028447    3.28085280    2.99372451    2.43832840    2.38041510    2.08506542    1.98190093    2.00949745    2.32948171    2.34079456    2.83404238    1.81473098    2.42788940    2.00497931    1.54590619    1.95250704    2.36955182    2.48407651    1.56403388    1.48209966    1.77258362    1.78515309    2.52476914    1.82513963    2.47568048    2.14589564    1.26378823    2.03851865    1.90882872    1.69723799    1.84977204    1.87233068    1.74821139    1.57035557    1.67456468    1.39268385    1.46591195    1.21840462    1.25426467    1.39943584    1.88159547    1.93665719
Q5KGZ5_CRYNJ/88-122     1.13248138    1.24609260    1.22280750    1.31587895    1.73144489    1.60932721    1.42674267    1.42372186    1.48324003    1.37635196    1.14295460    1.50310547    1.26902554    1.66417050    1.64226362    1.42932271    0.00000000    1.01109363    1.62552362    1.34969961    1.60091564    1.36361477    1.64895106    1.82338874    2.50796062    2.40278864    2.45301689    2.37786744    2.07694361    2.53846641    1.79528356    2.14459643    2.91865519    2.15123501    2.55046570    2.18026191    2.16965610    2.57665048    1.89563605    2.01711140    1.79313211    2.49885876    1.91963895    2.19100017    1.23580364    1.91377989    1.92895167    1.88057263    2.10886214    1.69971811    2.92299415    2.32312949    1.92008749    1.72944761    1.24842333    1.27362210    2.07568268    1.69442142    1.43769994    1.11710282    1.22799310    1.28634967    1.30555621    1.31207475    1.83883458    2.26691909    1.76661848    1.82194170    1.49566331    1.05047734    1.28470925    1.16910497    1.35421678    1.04434174    1.29692181    1.04084072    1.24027420    1.24824193    1.73979811    1.46423519    2.31215761    2.03661551    2.37676894    2.41715007    2.52208593    2.31069275    1.65086290    1.96293271    2.45908979    2.35077216    1.52421189    2.08719405    1.37904584    1.61832899    1.67574731    1.38170698    1.34224639    2.01232755    1.46246821    1.53718530    1.50065945    1.33433833    1.76668458    1.73422845    2.82622647    1.78356028    1.87462934    1.82405329    1.52010326    1.87427821    1.50007100    2.82741745    2.54384726    1.83086441    1.82240204    2.16898973    1.99094068    1.75221432    1.69098801    1.86628086    2.32523861    2.00426484    2.38424332    2.35461258    2.02614542    3.28342774    2.32221834    2.22514521    1.98629301    2.49074108    2.02163619    1.70124943    1.79141224    1.71768786    1.34592322    1.67410044    1.31968590    1.18325556    1.57398253    1.24817133    1.89365356    1.80514668    2.06810693    1.93590506    2.38132429
A0A0D1E8U9_USTMA/2-36     1.28387778    1.29832801    1.05542831    1.04656171    1.45585277    1.59706460    0.98578370    1.38195385    1.29357230    1.18975614    1.27580046    1.90577493    1.50697423    1.39850115    1.15675645    1.26250852    1.01109363    0.00000000    1.21206460    1.19747272    2.05166717    2.06086657    1.58164035    1.53120755    1.63965015    1.25626213    1.56638277    1.52566941    1.55886494    2.15939039    1.84426109    1.97616386    2.91793858    1.99359521    2.71209772    2.71422967    1.17889420    1.84343955    1.68642858    2.23656190    1.54343528    1.97022119    2.13821663    2.15839276    1.30036033    1.59612350    1.58699636    1.73668278    1.73881890    1.85027084    3.26491212    2.12849693    2.15851530    1.46590278    1.37886789    1.14832915    1.92575126    1.35082878    1.17776992    1.11128920    1.47182114    1.41215844    1.19103964    1.38619991    1.28940972    1.96359146    1.38104932    1.17509655    1.25387645    1.03305251    0.86170657    0.99375678    1.40264676    1.11515708    1.40118834    1.00435113    1.00964315    1.55900527    1.23306584    0.98557657    1.92994589    1.88101214    1.70447991    1.51397357    2.42453758    2.39464953    1.67205325    1.43180208    1.61182666    1.96921281    1.71860652    2.67953089    1.48889649    1.22418619    1.49550739    1.64580258    1.61980899    2.33931265    1.63596020    1.88123711    2.09409892    1.70628783    2.03254430    1.57705716    2.09722513    1.90578975    2.43092836    1.56907720    1.61425037    1.94891715    1.68200807    1.72230960    1.47434341    1.63146152    1.76282852    1.88961139    1.84787135    1.30406312    1.26817249    1.70055685    2.41531947    1.61272479    1.75086342    2.12056938    1.53487878    2.69098949    1.69731731    1.69839081    2.10736347    2.24453742    1.94470157    1.92417429    1.78618261    1.90647983    1.46173072    1.58756739    1.30457461    1.45446493    1.27828614    1.10548894    1.81316547    1.16633054    1.38715892    2.01644735    1.67258687
A0A0D1E1V7_USTMA/673-707     1.74245200    1.78715253    2.41129015    1.27271655    2.11922130    2.27161526    1.68949093    2.43824566    1.47509666    1.50632068    1.69979527    2.09731468    1.93691819    2.41809064    1.70868517    2.01369830    1.62552362    1.21206460    0.00000000    1.75541797    1.43941639    2.21232260    1.98771509    1.92643917    1.92061103    1.09450205    1.61734179    1.43904997    1.99842156    2.36192946    2.67789374    2.73364982    2.41905681    2.08281660    1.99075771    1.99539086    1.91523127    2.14646029    2.35503875    2.43124752    2.29431842    2.51497671    2.12980695    2.03593821    1.35991436    1.89010405    2.16544583    1.94668910    2.15789127    1.95718434    1.86024265    2.00953276    1.61905920    2.23247899    2.03757764    1.75927148    1.54388742    1.31025784    1.60436864    2.44056590    2.77442056    2.41030787    1.66444641    2.33169784    1.87869872    2.39917385    2.16952350    2.29805069    2.18268563    2.02427261    1.73901287    1.98003223    2.18600073    2.00300037    1.68118291    2.19123750    1.63267941    1.65312593    1.87312092    1.49035472    1.67284807    2.46814546    2.72010116    1.97758814    2.56827958    2.91189305    2.18483209    2.14453112    1.94506421    1.96230986    2.69001079    2.00178442    2.28393637    2.21981288    2.30978590    2.11865449    2.22891580    2.51268955    2.42638807    2.53805608    2.40983123    2.26654955    3.10773809    3.46493770    4.32548248    3.64866468    3.32216597    3.16472009    2.17476096    2.28756635    2.34613513    2.58637152    2.10434588    2.60217623    2.63435317    2.44399448    2.56018844    1.86430386    2.04172255    2.04880613    2.68951185    1.90854773    1.65845482    2.35432125    2.48901015    2.28247994    1.70092888    1.78226967    1.75777809    2.91253064    2.32238204    1.87871015    2.63849503    2.60159094    2.36380752    2.91111632    2.14334339    1.84623915    1.79784540    1.99611015    2.56333722    1.74535502    1.48274820    2.08725248    2.63999761
