7
AGAL_ECOLI/6-189     0.00000000    0.70323179    2.07855614    1.84619931    1.69910165    1.60617977    2.21156204
AGAL_BACSU/3-185     0.70323179    0.00000000    2.16892251    1.86808609    1.59350051    1.51512118    2.44368459
GLVA_BACSU/7-187     2.07855614    2.16892251    0.00000000    1.44471012    1.26935835    2.37513873    2.78389019
CHBF_ECOLI/6-188     1.84619931    1.86808609    1.44471012    0.00000000    0.44382009    2.31493696    2.31068434
LICH_BACSU/6-188     1.69910165    1.59350051    1.26935835    0.44382009    0.00000000    2.31104849    2.29996775
LPLD_BACSU/11-189     1.60617977    1.51512118    2.37513873    2.31493696    2.31104849    0.00000000    2.21726815
AGLA_THEMA/5-190     2.21156204    2.44368459    2.78389019    2.31068434    2.29996775    2.21726815    0.00000000

