31
L5KV65_PTEAL/1-109     0.00000000    0.30321618    0.31111972    0.32668034    0.42673325    0.39808459    0.65109304    0.55381318    0.53441316    0.42324148    2.34192907    2.94002575    2.77837018    1.91874039    2.13520553    2.43798437    1.99605734    2.40175405    2.48305951    2.43585315    2.47690172    2.48827530    2.77932172    2.05570842    2.13854361    2.47970766    1.86597969    0.47261843    0.46840145    0.41620634    0.37356006
M3YEA4_MUSPF/1-112     0.30321618    0.00000000    0.15794855    0.21177053    0.41294066    0.27997150    0.57566911    0.47273769    0.38316434    0.22067821    2.16496416    2.87424128    2.49418790    2.00905270    1.93926826    2.24516306    1.97393254    2.03187702    2.22870567    2.08241041    2.16917419    2.30034675    2.61508877    2.09559456    2.02917314    2.48409107    1.78569848    0.35207906    0.25840200    0.30341313    0.29267165
IL1A_SHEEP/1-109     0.31111972    0.15794855    0.00000000    0.23662665    0.35641855    0.30641590    0.54768922    0.50026568    0.39155469    0.29531197    2.18467288    2.94793744    2.71389614    1.95893569    1.99493799    2.36265708    2.03189176    2.28447207    2.42852271    2.10230517    2.24599906    2.42046571    2.62950263    2.15425995    2.09344512    2.57878392    1.90586486    0.36311481    0.25270664    0.27813077    0.28451620
G1NSN5_MYOLU/1-109     0.32668034    0.21177053    0.23662665    0.00000000    0.42212156    0.30486288    0.50946311    0.52131620    0.38515486    0.32195050    2.49160024    3.06090407    2.68700858    1.90560499    2.04286357    2.32152846    2.15345115    2.08114780    2.22486860    2.16303860    2.37960384    2.58057531    2.67656105    2.11089487    2.07316971    2.40942156    1.87969042    0.37958712    0.34374223    0.31409958    0.28764538
I3M045_ICTTR/1-109     0.42673325    0.41294066    0.35641855    0.42212156    0.00000000    0.36188223    0.62055147    0.58004676    0.53096606    0.38937350    2.50350676    2.71623145    2.60331621    1.89137806    2.23939811    2.35487848    2.08423824    2.10557953    2.07389616    2.09251897    2.13187275    2.29088127    2.73582839    2.12590909    2.16685778    2.39091113    2.03021111    0.50067208    0.50434772    0.38105588    0.42971098
IL1A_RAT/1-112     0.39808459    0.27997150    0.30641590    0.30486288    0.36188223    0.00000000    0.51204221    0.48952939    0.43675197    0.31784356    2.73441991    2.72723920    2.79033481    1.88976705    2.04312990    2.17995135    1.95248727    1.96750789    2.19619542    2.15133341    2.19009614    2.20925740    2.49422941    1.97252723    1.98991498    2.25167859    1.91433267    0.40007583    0.34204206    0.30345721    0.34449337
H0WRY2_OTOGA/1-107     0.65109304    0.57566911    0.54768922    0.50946311    0.62055147    0.51204221    0.00000000    0.75472280    0.71594110    0.51764782    3.29942409    3.96960791    3.68842179    2.12665764    2.47789954    2.62590932    2.89733413    2.54392940    2.86916866    2.60560594    2.82570099    3.21049026    3.46751771    2.72260894    2.54399391    2.80724641    2.54133689    0.61929781    0.61350138    0.63160058    0.60912224
H0W1R8_CAVPO/1-114     0.55381318    0.47273769    0.50026568    0.52131620    0.58004676    0.48952939    0.75472280    0.00000000    0.42939255    0.50101465    2.72038748    3.40120193    3.11329092    2.01417837    2.21268707    2.37404797    2.50369305    2.53155540    2.59655344    2.43149191    2.52022402    2.72036110    3.01408276    2.42406265    2.31977142    2.71079775    2.17059232    0.52344823    0.53237225    0.55209798    0.59921868
G5B005_HETGA/1-111     0.53441316    0.38316434    0.39155469    0.38515486    0.53096606    0.43675197    0.71594110    0.42939255    0.00000000    0.41361574    2.61598450    3.13962939    2.96379693    2.05932219    2.43035071    2.61358701    2.23633669    2.18838811    2.34503515    2.32960082    2.53809749    2.49896790    2.65769894    2.27897331    2.15386996    2.56655348    2.20563190    0.45325510    0.43584361    0.43778494    0.47146299
F6VT34_CALJA/1-109     0.42324148    0.22067821    0.29531197    0.32195050    0.38937350    0.31784356    0.51764782    0.50101465    0.41361574    0.00000000    2.08011894    2.40665518    2.31805717    1.77157311    1.76347906    1.93863346    1.68815417    1.89759611    1.90508505    1.85679962    2.01218680    2.11715576    2.13405050    1.73214860    1.82399953    2.08518363    1.67455343    0.25492126    0.37615325    0.31778972    0.37310263
F6X1Q9_XENTR/1-107     2.34192907    2.16496416    2.18467288    2.49160024    2.50350676    2.73441991    3.29942409    2.72038748    2.61598450    2.08011894    0.00000000    1.65999891    1.59006789    1.33664068    1.46222287    1.60170104    1.45335316    1.63825336    1.63307124    1.39253111    1.49266333    1.48134912    1.58686097    1.56773034    1.47594518    1.91140378    1.36703924    2.50110966    2.53977607    2.41068444    2.65986929
F6SXC0_MONDO/1-106     2.94002575    2.87424128    2.94793744    3.06090407    2.71623145    2.72723920    3.96960791    3.40120193    3.13962939    2.40665518    1.65999891    0.00000000    0.30948765    1.02402132    0.96750549    0.91872722    0.90641909    0.95803573    1.09397329    1.10450675    0.97225899    1.04889723    1.02789984    0.99774020    0.90669466    1.11081358    0.93492184    2.58224915    3.40799351    2.62030744    3.09349232
G3W4G1_SARHA/1-105     2.77837018    2.49418790    2.71389614    2.68700858    2.60331621    2.79033481    3.68842179    3.11329092    2.96379693    2.31805717    1.59006789    0.30948765    0.00000000    0.87808871    0.96065356    0.85912912    0.91522842    0.87324028    1.11932462    1.12940828    0.92198847    1.08113789    1.08426558    0.98786984    0.81028038    1.07053872    0.82773481    2.35741058    3.18401109    2.39516019    2.87103581
IL1B_FELCA/1-103     1.91874039    2.00905270    1.95893569    1.90560499    1.89137806    1.88976705    2.12665764    2.01417837    2.05932219    1.77157311    1.33664068    1.02402132    0.87808871    0.00000000    0.37159090    0.35286355    0.60543473    0.52911351    0.58312130    0.60696108    0.58657620    0.67582748    0.59188849    0.51380808    0.53227179    0.58886443    0.39366282    1.72358251    2.02151222    1.76463524    1.96312340
G1LW44_AILME/1-104     2.13520553    1.93926826    1.99493799    2.04286357    2.23939811    2.04312990    2.47789954    2.21268707    2.43035071    1.76347906    1.46222287    0.96750549    0.96065356    0.37159090    0.00000000    0.23880682    0.58843530    0.50498493    0.71844056    0.64207672    0.64893747    0.73708975    0.56314166    0.65667616    0.65191339    0.80801759    0.45750177    1.80605857    2.27225788    1.94263262    2.22800130
IL1B_MUSPF/1-105     2.43798437    2.24516306    2.36265708    2.32152846    2.35487848    2.17995135    2.62590932    2.37404797    2.61358701    1.93863346    1.60170104    0.91872722    0.85912912    0.35286355    0.23880682    0.00000000    0.50970673    0.54575175    0.77939090    0.60321728    0.62808013    0.73155499    0.58573217    0.69141439    0.63885776    0.68228842    0.45942458    2.10310984    2.59258534    2.13661696    2.61921129
G3STJ8_LOXAF/1-100     1.99605734    1.97393254    2.03189176    2.15345115    2.08423824    1.95248727    2.89733413    2.50369305    2.23633669    1.68815417    1.45335316    0.90641909    0.91522842    0.60543473    0.58843530    0.50970673    0.00000000    0.51904503    0.62002571    0.47621631    0.41525467    0.49434552    0.53567784    0.56248986    0.51763360    0.63885379    0.35297754    2.02429786    2.15675668    1.91115768    2.30284929
IL1B_RABIT/1-103     2.40175405    2.03187702    2.28447207    2.08114780    2.10557953    1.96750789    2.54392940    2.53155540    2.18838811    1.89759611    1.63825336    0.95803573    0.87324028    0.52911351    0.50498493    0.54575175    0.51904503    0.00000000    0.51415972    0.44132936    0.39560996    0.56963241    0.64777306    0.47642486    0.57394888    0.62202754    0.42737799    1.98733788    2.21192548    2.01775286    2.27883644
IL1B_MOUSE/1-102     2.48305951    2.22870567    2.42852271    2.22486860    2.07389616    2.19619542    2.86916866    2.59655344    2.34503515    1.90508505    1.63307124    1.09397329    1.11932462    0.58312130    0.71844056    0.77939090    0.62002571    0.51415972    0.00000000    0.51710003    0.57701079    0.74681061    0.72745002    0.57854573    0.70365516    0.90405723    0.64896973    2.04040571    2.26228800    2.03536003    2.40705992
IL1B_CAVPO/1-102     2.43585315    2.08241041    2.10230517    2.16303860    2.09251897    2.15133341    2.60560594    2.43149191    2.32960082    1.85679962    1.39253111    1.10450675    1.12940828    0.60696108    0.64207672    0.60321728    0.47621631    0.44132936    0.51710003    0.00000000    0.49024227    0.63964704    0.65104795    0.56847829    0.57653974    0.72038486    0.53418746    2.09697484    2.31198044    1.99584752    2.31658159
H0WRY4_OTOGA/1-103     2.47690172    2.16917419    2.24599906    2.37960384    2.13187275    2.19009614    2.82570099    2.52022402    2.53809749    2.01218680    1.49266333    0.97225899    0.92198847    0.58657620    0.64893747    0.62808013    0.41525467    0.39560996    0.57701079    0.49024227    0.00000000    0.56574871    0.70210151    0.53844880    0.55501455    0.64476101    0.38238415    2.26354916    2.31938452    2.13331900    2.51880909
L9JLW9_TUPCH/1-103     2.48827530    2.30034675    2.42046571    2.58057531    2.29088127    2.20925740    3.21049026    2.72036110    2.49896790    2.11715576    1.48134912    1.04889723    1.08113789    0.67582748    0.73708975    0.73155499    0.49434552    0.56963241    0.74681061    0.63964704    0.56574871    0.00000000    0.76223676    0.65022249    0.61334381    0.83524840    0.58711313    2.45653246    2.23836407    2.07495428    2.53430360
IL1B_PIG/1-102     2.77932172    2.61508877    2.62950263    2.67656105    2.73582839    2.49422941    3.46751771    3.01408276    2.65769894    2.13405050    1.58686097    1.02789984    1.08426558    0.59188849    0.56314166    0.58573217    0.53567784    0.64777306    0.72745002    0.65104795    0.70210151    0.76223676    0.00000000    0.45723304    0.58900454    0.72931041    0.56644321    2.23482072    2.98307953    2.42266940    3.14890268
IL1B_BOVIN/1-101     2.05570842    2.09559456    2.15425995    2.11089487    2.12590909    1.97252723    2.72260894    2.42406265    2.27897331    1.73214860    1.56773034    0.99774020    0.98786984    0.51380808    0.65667616    0.69141439    0.56248986    0.47642486    0.57854573    0.56847829    0.53844880    0.65022249    0.45723304    0.00000000    0.55908282    0.65248682    0.45581592    1.93201332    2.42114572    1.99373735    2.38937196
G1PEV6_MYOLU/1-104     2.13854361    2.02917314    2.09344512    2.07316971    2.16685778    1.98991498    2.54399391    2.31977142    2.15386996    1.82399953    1.47594518    0.90669466    0.81028038    0.53227179    0.65191339    0.63885776    0.51763360    0.57394888    0.70365516    0.57653974    0.55501455    0.61334381    0.58900454    0.55908282    0.00000000    0.44676814    0.49287828    2.05944814    2.32392941    1.94555156    2.15910886
L5KTV2_PTEAL/1-104     2.47970766    2.48409107    2.57878392    2.40942156    2.39091113    2.25167859    2.80724641    2.71079775    2.56655348    2.08518363    1.91140378    1.11081358    1.07053872    0.58886443    0.80801759    0.68228842    0.63885379    0.62202754    0.90405723    0.72038486    0.64476101    0.83524840    0.72931041    0.65248682    0.44676814    0.00000000    0.53179476    2.42863258    2.79228866    2.37909105    2.94325229
B1AB80_HORSE/1-103     1.86597969    1.78569848    1.90586486    1.87969042    2.03021111    1.91433267    2.54133689    2.17059232    2.20563190    1.67455343    1.36703924    0.93492184    0.82773481    0.39366282    0.45750177    0.45942458    0.35297754    0.42737799    0.64896973    0.53418746    0.38238415    0.58711313    0.56644321    0.45581592    0.49287828    0.53179476    0.00000000    2.00922834    2.17938725    1.88257778    2.17078251
H2P5G1_PONAB/1-111     0.47261843    0.35207906    0.36311481    0.37958712    0.50067208    0.40007583    0.61929781    0.52344823    0.45325510    0.25492126    2.50110966    2.58224915    2.35741058    1.72358251    1.80605857    2.10310984    2.02429786    1.98733788    2.04040571    2.09697484    2.26354916    2.45653246    2.23482072    1.93201332    2.05944814    2.42863258    2.00922834    0.00000000    0.40971796    0.39964871    0.40510182
IL1A_RABIT/1-109     0.46840145    0.25840200    0.25270664    0.34374223    0.50434772    0.34204206    0.61350138    0.53237225    0.43584361    0.37615325    2.53977607    3.40799351    3.18401109    2.02151222    2.27225788    2.59258534    2.15675668    2.21192548    2.26228800    2.31198044    2.31938452    2.23836407    2.98307953    2.42114572    2.32392941    2.79228866    2.17938725    0.40971796    0.00000000    0.35878727    0.34666080
G3SN89_LOXAF/1-109     0.41620634    0.30341313    0.27813077    0.31409958    0.38105588    0.30345721    0.63160058    0.55209798    0.43778494    0.31778972    2.41068444    2.62030744    2.39516019    1.76463524    1.94263262    2.13661696    1.91115768    2.01775286    2.03536003    1.99584752    2.13331900    2.07495428    2.42266940    1.99373735    1.94555156    2.37909105    1.88257778    0.39964871    0.35878727    0.00000000    0.33075090
L9JMH4_TUPCH/1-108     0.37356006    0.29267165    0.28451620    0.28764538    0.42971098    0.34449337    0.60912224    0.59921868    0.47146299    0.37310263    2.65986929    3.09349232    2.87103581    1.96312340    2.22800130    2.61921129    2.30284929    2.27883644    2.40705992    2.31658159    2.51880909    2.53430360    3.14890268    2.38937196    2.15910886    2.94325229    2.17078251    0.40510182    0.34666080    0.33075090    0.00000000

