75
W1PIU1_AMBTC/106-180     0.00000000    0.25916276    0.24813170    0.35551191    0.34883438    0.35882164    0.39124098    0.41454268    0.41011258    0.37757667    0.33551034    0.31499256    0.35079482    0.33996829    0.33165177    0.38726282    0.35494035    0.38302937    0.31612377    0.41947882    0.38944062    0.34775598    0.37705634    0.39629060    0.38605537    0.32511652    0.59180908    0.47742243    0.53394787    0.43429491    0.40726833    0.42606362    0.39351631    0.44706483    0.38338206    0.39449175    0.45573374    0.37932752    0.32173576    0.66458319    0.70335187    1.27382903    0.78825055    0.99671167    1.04225686    0.73486754    0.63677978    0.67657324    0.82252597    0.86604861    1.17739079    0.63224981    0.71998595    1.03047053    0.90329244    0.89526123    1.04998549    1.17866677    1.02040684    1.01116560    1.57822623    1.77509765    1.96072978    0.94375271    1.03355927    1.20453455    1.07645208    1.07957333    1.03632857    0.97954516    1.12714598    1.23541603    1.31640414    1.28828295    0.89789085
B9RAD2_RICCO/95-169     0.25916276    0.00000000    0.23599321    0.46051551    0.44478279    0.35023799    0.45177949    0.46416943    0.49901401    0.43519514    0.32851426    0.36403094    0.41704268    0.41442844    0.38024415    0.36482790    0.43191999    0.44673694    0.53565686    0.56093446    0.47560236    0.45226147    0.41397765    0.45098427    0.48777972    0.55104207    0.63874059    0.57964371    0.53274093    0.59072622    0.56123850    0.61459821    0.42959722    0.43610130    0.41198570    0.45750123    0.50973142    0.36766320    0.41087805    0.76885391    0.68407588    1.26287723    0.99278555    1.01886581    1.18973751    0.81873724    0.68612258    0.71681533    0.86895508    0.83718476    1.14916037    0.71551823    0.84400527    1.11234308    1.04128952    0.95769389    1.06769114    1.26470196    0.92233643    1.07986087    1.60777336    1.76414129    1.82666520    0.96629461    1.12078213    1.32600833    1.04911698    1.04495965    1.06307538    0.93602496    1.20562630    1.23400578    1.48325259    1.41217098    0.91732323
M0T4K1_MUSAM/90-164     0.24813170    0.23599321    0.00000000    0.46107347    0.38632425    0.42043152    0.34200468    0.38026422    0.44818225    0.34769200    0.31662411    0.31519195    0.44411177    0.42801838    0.39016284    0.42040202    0.36462646    0.36173983    0.42409877    0.44633244    0.41466351    0.42882778    0.46511541    0.42196424    0.43156793    0.42797352    0.57151033    0.51242728    0.47807460    0.50924637    0.46644586    0.50923296    0.36942499    0.43992593    0.38629887    0.44389078    0.47698964    0.33021696    0.37560845    0.73940048    0.71122923    1.11659448    0.93420628    1.05106306    1.04344059    0.72269174    0.62711253    0.72288923    0.85693568    0.86278202    1.21672596    0.71891056    0.77741025    1.00715980    0.98222156    0.96624953    1.08726910    1.14736936    1.10147930    1.04459848    1.53786416    1.62993883    1.83216912    0.80957292    1.05261362    1.35761752    1.04518818    1.06466170    1.00165292    0.97108497    1.14010297    1.26173767    1.50519248    1.44424693    0.91132920
A0A0D3EMS0_9ORYZ/107-181     0.35551191    0.46051551    0.46107347    0.00000000    0.39639507    0.55107824    0.50851434    0.53309945    0.57025045    0.51093538    0.49456997    0.39625030    0.44896861    0.50682008    0.43594123    0.57976311    0.48948836    0.57291434    0.60429405    0.61753967    0.60922337    0.52141903    0.49739292    0.53425816    0.54507783    0.52025900    0.68915931    0.56261703    0.64609818    0.54802259    0.52590994    0.63110537    0.60699256    0.49796387    0.52907521    0.50241857    0.53948962    0.53557346    0.59210972    0.87511316    0.84414799    1.38093566    0.95428524    1.07900445    1.17671892    0.86498038    0.78597625    0.88136487    0.84526257    0.94897052    1.13319662    0.71774326    0.88236354    1.00991310    0.96642705    1.01917947    0.92647498    1.39782649    1.18865675    1.06555871    1.51278910    1.64129366    1.89459000    0.90005512    1.15592513    1.36016593    1.18044523    1.18958136    1.06913029    1.00319636    1.20846651    1.18484126    1.27939970    1.35220008    1.03416381
M4FB58_BRARP/90-164     0.34883438    0.44478279    0.38632425    0.39639507    0.00000000    0.42958926    0.42333802    0.48316449    0.42109058    0.41277735    0.38376147    0.35068556    0.42866723    0.37077090    0.34122137    0.46223971    0.28844497    0.40016643    0.41633073    0.47354106    0.33111071    0.43486353    0.29613446    0.39847823    0.36870122    0.40228824    0.59896238    0.56553251    0.32881451    0.46533122    0.41499150    0.49422374    0.44246104    0.45489230    0.36199486    0.40769932    0.35497588    0.31863086    0.32046700    0.66554011    0.60673061    1.07015359    0.79499117    0.96469551    1.00056865    0.75353504    0.65500373    0.70429476    0.83066790    0.83120925    1.26184820    0.77789784    0.88081779    0.96465426    0.97441524    0.91177143    1.08073735    1.19730460    1.02290587    1.00511818    1.68143595    1.70398438    1.96941225    1.01537983    1.06965577    1.33256423    0.95797994    1.03985576    1.03106234    0.98663536    1.05488809    1.20999044    1.43516342    1.31940628    0.89395511
W1NYQ0_AMBTC/147-221     0.35882164    0.35023799    0.42043152    0.55107824    0.42958926    0.00000000    0.33564365    0.36008300    0.34488909    0.36162637    0.27857268    0.39666750    0.42788231    0.40039117    0.40388020    0.45334849    0.43232135    0.47210058    0.45834340    0.51437587    0.49929043    0.39187943    0.37852772    0.40128698    0.42388919    0.51003287    0.62427460    0.51810512    0.45747223    0.48459283    0.44108106    0.40982959    0.41338887    0.44811310    0.35870541    0.45503087    0.50466660    0.43029001    0.42875712    0.73095899    0.63198425    1.17109051    0.88282982    1.04511445    1.06754323    0.78289569    0.62498427    0.76765871    0.81615727    0.88811812    1.09451174    0.78110958    0.78309916    1.04236215    0.89710409    0.95273267    1.19154252    1.23516150    1.06133931    1.04065768    1.71758860    1.66851732    1.68390025    1.01619825    1.10225433    1.20715068    1.01567898    0.97667305    1.01459649    0.93812545    1.09817368    1.22935188    1.42300383    1.25069784    0.81693336
C5Y9I5_SORBI/178-253     0.39124098    0.45177949    0.34200468    0.50851434    0.42333802    0.33564365    0.00000000    0.25362279    0.29293345    0.29218921    0.22585271    0.38515598    0.43689437    0.36897231    0.35833245    0.54442191    0.36581083    0.43339584    0.45123721    0.44839671    0.49690656    0.36881727    0.38224426    0.44064791    0.37049330    0.37110722    0.50434557    0.45273845    0.30373903    0.42458176    0.38344735    0.38484688    0.29629826    0.52253566    0.30900623    0.34165526    0.35567127    0.43472292    0.43723716    0.79240748    0.67189650    1.04549526    0.82911025    0.95770152    1.03463491    0.81736108    0.64689342    0.74327360    0.95380017    0.93581453    1.13233042    0.74876957    0.80526803    0.85022842    0.98419116    0.96246878    1.20561345    1.16413549    1.14294520    0.98531576    1.66160814    1.61907088    1.83765692    0.90420842    1.02478653    1.28079895    1.05326951    1.08368543    0.94123616    1.01807050    1.15496154    1.27088609    1.37131055    1.29973138    0.92339042
M0RFU8_MUSAM/126-200     0.41454268    0.46416943    0.38026422    0.53309945    0.48316449    0.36008300    0.25362279    0.00000000    0.26422368    0.30051009    0.24295480    0.44123038    0.42771682    0.45138180    0.39060005    0.48085468    0.45430514    0.51255089    0.45178615    0.53913528    0.59356149    0.46362876    0.47910754    0.50636707    0.40886980    0.36625938    0.69063150    0.58885378    0.39848975    0.43893766    0.40735921    0.44114983    0.36518536    0.47130925    0.39380766    0.39311196    0.46825432    0.43714965    0.49748333    0.71639588    0.63056696    0.98749519    0.84428267    0.87539435    0.93565994    0.71731746    0.64227428    0.81124466    0.83244561    0.95541119    1.13260338    0.63877610    0.67599838    0.93127009    0.87513704    1.01631221    1.13464245    1.21989833    0.98042464    0.99650320    1.75169266    1.76967870    1.97592853    0.80396798    1.01261027    1.29824738    0.99937772    1.03162571    0.86797436    0.94817678    1.11849449    1.21793045    1.43580951    1.50864684    0.90991821
W1PJT4_AMBTC/41-115     0.41011258    0.49901401    0.44818225    0.57025045    0.42109058    0.34488909    0.29293345    0.26422368    0.00000000    0.30391828    0.24697357    0.43126403    0.36908857    0.34985783    0.38732498    0.49415375    0.39077439    0.36889680    0.40773889    0.45938453    0.37903136    0.40917512    0.37172832    0.51030356    0.34600183    0.34285576    0.58791378    0.53728760    0.38270297    0.49144891    0.42479277    0.40387869    0.31916110    0.46862919    0.41497409    0.38658172    0.50479169    0.37701645    0.42734842    0.71872795    0.71243696    1.12285631    0.86291780    0.99771852    0.99117578    0.78904508    0.63098012    0.75428107    0.84695686    0.97196102    1.23049315    0.78812578    0.80440399    0.93482237    1.05602978    0.97819985    1.21609657    1.16488212    1.02952681    1.12490990    1.51197230    1.72372094    1.82729650    0.97644832    1.01523499    1.23230870    1.02909690    1.07555245    0.95780420    0.97820056    1.14138114    1.29041194    1.56002962    1.44384964    0.87402985
M7YIT8_TRIUA/171-245     0.37757667    0.43519514    0.34769200    0.51093538    0.41277735    0.36162637    0.29218921    0.30051009    0.30391828    0.00000000    0.23550873    0.33806903    0.30740029    0.35316197    0.31726468    0.52734019    0.35228239    0.43893693    0.38323090    0.42745234    0.47830395    0.34922627    0.43284461    0.50539231    0.38406150    0.37878092    0.64036615    0.46980756    0.39743272    0.48645989    0.37705511    0.41996100    0.28367680    0.36469158    0.33370660    0.29852901    0.36050229    0.42404550    0.46368224    0.69582919    0.61037370    1.03126919    0.82715562    0.93532741    0.96278765    0.73264720    0.61963942    0.77910046    0.81209597    0.87813476    1.19026795    0.76272612    0.77899793    0.94173844    0.98944105    0.95668580    1.18261903    1.09911440    1.10912023    1.07017808    1.50065676    1.63871509    1.79007431    0.94127741    1.17820708    1.31112049    0.93468852    1.05154817    0.82452658    0.82910335    1.04517967    1.19626985    1.40974723    1.34810419    0.92241754
D8S9Q4_SELML/7-81     0.33551034    0.32851426    0.31662411    0.49456997    0.38376147    0.27857268    0.22585271    0.24295480    0.24697357    0.23550873    0.00000000    0.28008024    0.37691532    0.34469472    0.31835153    0.40798781    0.29939648    0.40360684    0.41495179    0.49779164    0.49451549    0.39811007    0.39136338    0.42699844    0.38151656    0.45827153    0.66385482    0.53390683    0.35149941    0.48885968    0.39188222    0.41588032    0.38063944    0.43592648    0.35920942    0.37195353    0.46878830    0.32508319    0.42432160    0.65843007    0.59939882    0.99468861    0.90187186    0.98179824    0.97560417    0.74401460    0.56859262    0.72545480    0.80149288    0.92076344    1.12606769    0.69867243    0.69466695    0.86927780    0.90177085    0.93550672    1.09857259    1.10854685    1.07133007    0.99510395    1.53578967    1.65134726    1.60612693    0.89823081    1.10098258    1.21079741    0.88897796    0.90921296    0.83290064    0.83931125    1.01763329    1.17229753    1.45639174    1.32111828    0.83932330
M0TJ99_MUSAM/142-216     0.31499256    0.36403094    0.31519195    0.39625030    0.35068556    0.39666750    0.38515598    0.44123038    0.43126403    0.33806903    0.28008024    0.00000000    0.20964824    0.26876693    0.29044420    0.42799600    0.36172460    0.40536224    0.54016448    0.56388377    0.43304481    0.43670956    0.42473947    0.48244375    0.40221707    0.49292244    0.66873655    0.47183354    0.41010328    0.51038353    0.40246534    0.46122874    0.41141981    0.39608030    0.33261960    0.37737289    0.39816359    0.31856936    0.42754997    0.65606405    0.68341136    1.08795841    0.95406658    1.06746892    1.09383841    0.77353819    0.69177968    0.73944174    0.88006747    0.90712866    1.14593814    0.81939381    0.78215182    0.93582026    1.04003168    1.06464356    1.16983648    1.18031106    1.16621268    1.11551952    1.59655263    1.62357045    1.60915610    1.03276617    1.14354081    1.30179551    1.12888990    1.11497477    1.01535740    1.08308406    1.17947931    1.24996855    1.56659460    1.44057525    0.88952936
W1NWH2_AMBTC/138-212     0.35079482    0.41704268    0.44411177    0.44896861    0.42866723    0.42788231    0.43689437    0.42771682    0.36908857    0.30740029    0.37691532    0.20964824    0.00000000    0.20328665    0.22786101    0.51756179    0.42914485    0.41328975    0.44651155    0.53994187    0.51303489    0.47776101    0.52119995    0.53243050    0.38297075    0.43472512    0.70948335    0.51591436    0.47042816    0.48136186    0.38809774    0.44787378    0.36057601    0.35416343    0.35536666    0.40170780    0.43406952    0.38354059    0.45659258    0.65371581    0.70454863    1.22602794    0.89023146    0.90603459    1.09842328    0.87917798    0.72373597    0.87997230    0.86827417    0.95265923    1.30104044    0.80096987    0.85345687    1.06923299    1.06093519    0.98212907    1.24960961    1.16905895    1.08581632    1.08929434    1.65054522    1.64323451    1.72421763    1.09963223    1.13155998    1.34710082    1.11422720    1.23657396    1.00543314    1.05152949    1.09926184    1.17318467    1.57019127    1.52090308    0.94083054
D7LFY4_ARALL/122-196     0.33996829    0.41442844    0.42801838    0.50682008    0.37077090    0.40039117    0.36897231    0.45138180    0.34985783    0.35316197    0.34469472    0.26876693    0.20328665    0.00000000    0.22612683    0.51116221    0.30842976    0.27064532    0.40735908    0.51422249    0.42100497    0.44945602    0.45787182    0.49490360    0.33716333    0.37429231    0.61092463    0.48573516    0.36335012    0.49921287    0.36002843    0.46484277    0.33383722    0.35361755    0.36755887    0.34951339    0.40221225    0.33356322    0.40628654    0.62910002    0.60430296    1.08548808    0.82927611    0.94888101    0.97029519    0.79244463    0.64335183    0.76733434    0.82419606    0.82340945    1.20563133    0.79911910    0.84271019    1.00528323    0.96096447    1.01882746    1.23780574    1.10546570    1.11631336    1.00495048    1.62142678    1.64262077    1.72999837    1.09416234    1.14353309    1.29122839    1.06649441    1.09814732    0.98578979    0.99943689    1.09224241    1.19449874    1.49546554    1.38344004    0.90402328
M0S4C3_MUSAM/125-199     0.33165177    0.38024415    0.39016284    0.43594123    0.34122137    0.40388020    0.35833245    0.39060005    0.38732498    0.31726468    0.31835153    0.29044420    0.22786101    0.22612683    0.00000000    0.47926203    0.34220796    0.39184579    0.40452581    0.46604166    0.49419950    0.41834667    0.44572004    0.53578097    0.31934917    0.38013814    0.63351193    0.49969202    0.42610568    0.51363353    0.40691631    0.53152674    0.29635832    0.35873704    0.32143369    0.38734964    0.45894947    0.30866275    0.38901663    0.59960886    0.58144166    1.12630010    0.82510799    0.91052304    1.09058736    0.84117985    0.67787995    0.76776799    0.82859761    0.80962921    1.13427948    0.76886645    0.82035079    0.96346583    0.98081250    0.99026940    1.14518843    1.17439715    1.04400984    1.02627355    1.60157090    1.80786773    1.90091199    1.10322537    1.17497739    1.31679580    1.00824643    1.14378150    0.90501597    0.94564618    1.06897278    1.18540915    1.38210271    1.34550973    0.93075236
D8RKZ7_SELML/3-77     0.38726282    0.36482790    0.42040202    0.57976311    0.46223971    0.45334849    0.54442191    0.48085468    0.49415375    0.52734019    0.40798781    0.42799600    0.51756179    0.51116221    0.47926203    0.00000000    0.41951338    0.44333412    0.48526870    0.54651466    0.50458272    0.50883129    0.45354558    0.53443888    0.43340982    0.47038259    0.66057575    0.63766045    0.57545726    0.54605603    0.53458933    0.51027295    0.46608857    0.53664578    0.38530879    0.45008765    0.51411107    0.38880438    0.51090911    0.71221267    0.69901049    1.19766779    0.90181383    0.93708354    1.10139426    0.71458067    0.67327583    0.81635996    0.93780683    0.92666772    1.16347488    0.82104347    0.85677133    1.02041908    1.09520307    1.22863038    1.16555240    1.17013353    1.02514797    1.28772299    1.50303007    1.72389115    1.78904191    1.17518568    0.97125585    1.13974867    1.05101759    1.20840425    1.15426105    0.99226482    1.26954440    1.32156063    1.30872717    1.39119020    0.75484895
I1N2A2_SOYBN/77-151     0.35494035    0.43191999    0.36462646    0.48948836    0.28844497    0.43232135    0.36581083    0.45430514    0.39077439    0.35228239    0.29939648    0.36172460    0.42914485    0.30842976    0.34220796    0.41951338    0.00000000    0.23673031    0.29241651    0.26277570    0.25250964    0.30053189    0.36572335    0.44939572    0.25988516    0.37149069    0.50849620    0.45177739    0.35229236    0.48182506    0.44370333    0.49731078    0.32895571    0.40532855    0.37252586    0.34367534    0.40234507    0.33178241    0.37303798    0.67878369    0.65874252    1.13411482    0.84774441    0.99300932    0.98972341    0.79004455    0.56972231    0.77373421    0.86719054    0.79538537    1.19959653    0.76131384    0.86093681    0.96841260    0.97581121    0.98946016    1.17624791    1.21372700    1.15221405    1.09566130    1.73421911    1.85705239    1.77883658    1.04054306    1.12825427    1.38142798    0.95386633    1.06473614    1.00424751    0.94269035    1.17537201    1.28810901    1.40161561    1.29580932    0.85596203
M0TJ88_MUSAM/51-124     0.38302937    0.44673694    0.36173983    0.57291434    0.40016643    0.47210058    0.43339584    0.51255089    0.36889680    0.43893693    0.40360684    0.40536224    0.41328975    0.27064532    0.39184579    0.44333412    0.23673031    0.00000000    0.27418310    0.28753054    0.24906902    0.37479230    0.44663111    0.50035842    0.33548371    0.32287050    0.56056472    0.53595878    0.41180083    0.50383693    0.47743572    0.51668807    0.33704098    0.40563680    0.37614039    0.37809920    0.45895004    0.39615936    0.41897727    0.62769676    0.68475265    1.07181690    0.84858462    0.98224210    0.93877635    0.78529608    0.55281619    0.76689446    0.92237877    0.80538923    1.26703867    0.84268014    0.80880878    0.95111119    0.99891647    1.01960349    1.16859855    1.11108283    1.10163007    1.08014496    1.51954303    1.73052106    1.70523312    0.96771357    1.01833775    1.28104826    0.95266963    1.08762813    1.00054333    0.99192192    1.15507364    1.16523541    1.32287850    1.25792467    0.80686108
K3YI01_SETIT/92-166     0.31612377    0.53565686    0.42409877    0.60429405    0.41633073    0.45834340    0.45123721    0.45178615    0.40773889    0.38323090    0.41495179    0.54016448    0.44651155    0.40735908    0.40452581    0.48526870    0.29241651    0.27418310    0.00000000    0.21986983    0.31783349    0.30928904    0.42190865    0.53038834    0.32603620    0.26180624    0.52800166    0.48732980    0.46774718    0.46606685    0.45426408    0.45136113    0.31816434    0.47129801    0.36801665    0.37552856    0.43839524    0.44400040    0.41133085    0.65511146    0.73491645    1.14388168    0.72737681    0.84454582    0.92181178    0.76877584    0.58166230    0.79462026    0.91317220    0.90441263    1.19954197    0.70444739    0.88164048    0.99984626    0.97057196    0.93198414    1.14522860    1.12446856    1.00677820    0.99640953    1.55882851    1.78632487    1.92236552    1.09857027    1.15849196    1.25325611    0.96651739    1.09264120    1.01198620    0.92536298    1.18431071    1.28111286    1.26704302    1.22118102    0.86855710
J3MYQ6_ORYBR/50-123     0.41947882    0.56093446    0.44633244    0.61753967    0.47354106    0.51437587    0.44839671    0.53913528    0.45938453    0.42745234    0.49779164    0.56388377    0.53994187    0.51422249    0.46604166    0.54651466    0.26277570    0.28753054    0.21986983    0.00000000    0.24391412    0.32992507    0.43869075    0.57957597    0.37739491    0.33273108    0.41526054    0.43609982    0.45718667    0.50431181    0.51717502    0.51369837    0.30653740    0.47776711    0.41934375    0.44563001    0.48704055    0.47556766    0.44096030    0.75410334    0.84073476    1.12697612    0.86672893    1.05275484    1.05114563    0.85586842    0.66628741    0.85080734    1.01764935    0.90928530    1.17755324    0.83385384    1.01508859    1.10689660    1.15201451    1.04480305    1.24567250    1.38904876    1.19657129    1.09211357    1.87489402    1.86196011    2.04869424    1.10238150    1.23132268    1.35623639    1.00846230    1.17608218    1.10937709    0.96646061    1.31673865    1.38948342    1.44299050    1.32998882    0.86926413
D7LI29_ARALL/73-147     0.38944062    0.47560236    0.41466351    0.60922337    0.33111071    0.49929043    0.49690656    0.59356149    0.37903136    0.47830395    0.49451549    0.43304481    0.51303489    0.42100497    0.49419950    0.50458272    0.25250964    0.24906902    0.31783349    0.24391412    0.00000000    0.40349333    0.35762716    0.51151401    0.38382712    0.38191283    0.52104247    0.51470015    0.39035790    0.51245849    0.52305590    0.53915043    0.32888104    0.45246010    0.46992094    0.45629522    0.42743584    0.35561170    0.28394566    0.72503122    0.81131306    1.12497908    0.77942354    0.96814578    0.95064991    0.76961884    0.61286660    0.75114656    0.92538090    0.88997764    1.19225827    0.85127291    0.99314676    1.05486291    1.07218937    0.97649398    1.06976854    1.28323138    1.03531479    1.07466690    1.77872704    1.81290640    1.86541463    1.13396431    1.09504951    1.29713243    1.03083588    1.07017998    1.07328903    0.97145768    1.26007316    1.31645994    1.51073394    1.33507604    0.79106108
K3XX13_SETIT/160-234     0.34775598    0.45226147    0.42882778    0.52141903    0.43486353    0.39187943    0.36881727    0.46362876    0.40917512    0.34922627    0.39811007    0.43670956    0.47776101    0.44945602    0.41834667    0.50883129    0.30053189    0.37479230    0.30928904    0.32992507    0.40349333    0.00000000    0.23550094    0.32703443    0.32996977    0.37963756    0.57269624    0.46965785    0.43950350    0.48856345    0.47511548    0.50474374    0.33477257    0.43728646    0.37797282    0.41087848    0.43699606    0.38962970    0.42464666    0.71252601    0.70633420    1.20549971    0.77458190    0.91783459    1.05446702    0.77727963    0.61729074    0.65970342    0.92754571    0.90004706    1.11024377    0.75108372    0.82933866    0.93116364    0.90208067    0.86356122    1.16098565    1.07733702    1.06236233    1.04228006    1.46252589    1.61298812    1.64891344    0.98590656    1.07751407    1.20429802    1.01765238    1.02423486    0.92222180    0.88501933    1.01191250    1.20666263    1.38678148    1.28701781    0.89405405
I1LN70_SOYBN/172-246     0.37705634    0.41397765    0.46511541    0.49739292    0.29613446    0.37852772    0.38224426    0.47910754    0.37172832    0.43284461    0.39136338    0.42473947    0.52119995    0.45787182    0.44572004    0.45354558    0.36572335    0.44663111    0.42190865    0.43869075    0.35762716    0.23550094    0.00000000    0.23084504    0.33652550    0.41703580    0.57436671    0.53000520    0.38880307    0.53802309    0.53523892    0.50871936    0.41231467    0.55211299    0.38185216    0.42581472    0.42761943    0.37630981    0.33689393    0.78458942    0.72739186    1.18441266    0.89208440    1.05486011    1.04581140    0.69258071    0.61806442    0.64902614    0.93231611    0.89128289    1.14831126    0.74516197    0.88387617    0.98614879    1.07032831    0.89454160    1.02863103    1.26501124    0.96965687    0.99176885    1.47992864    1.77642486    1.85948610    1.00025908    1.01836242    1.15143029    0.94220342    1.02269757    1.03380673    0.91997926    1.06270251    1.25694680    1.46572673    1.25677564    0.87585955
M4EMM1_BRARP/156-230     0.39629060    0.45098427    0.42196424    0.53425816    0.39847823    0.40128698    0.44064791    0.50636707    0.51030356    0.50539231    0.42699844    0.48244375    0.53243050    0.49490360    0.53578097    0.53443888    0.44939572    0.50035842    0.53038834    0.57957597    0.51151401    0.32703443    0.23084504    0.00000000    0.42169031    0.56407512    0.69352072    0.63588635    0.45537750    0.57285902    0.51746424    0.51997488    0.54013219    0.58044672    0.48714514    0.53554126    0.49515370    0.48320173    0.48871575    0.84515309    0.74041393    1.20938273    0.93209414    1.16052058    1.20776444    0.82093399    0.75729824    0.81431514    1.00429680    0.97917346    1.28123779    0.76354558    0.88256245    1.04964911    1.02717564    0.96337128    1.02610246    1.29088182    1.11153523    1.05326682    1.49880685    1.63524496    1.64171326    0.98924682    1.16321756    1.29324738    0.96088340    1.00350243    1.05755069    0.92557912    1.04100318    1.14486589    1.49053738    1.38570632    0.97491362
W1NZN6_AMBTC/158-232     0.38605537    0.48777972    0.43156793    0.54507783    0.36870122    0.42388919    0.37049330    0.40886980    0.34600183    0.38406150    0.38151656    0.40221707    0.38297075    0.33716333    0.31934917    0.43340982    0.25988516    0.33548371    0.32603620    0.37739491    0.38382712    0.32996977    0.33652550    0.42169031    0.00000000    0.23854421    0.52380230    0.41499175    0.25307782    0.45206795    0.40050073    0.40860510    0.27699391    0.38997429    0.28745539    0.30976043    0.37209218    0.35228631    0.35274550    0.72398497    0.69061606    1.05514155    0.77884524    0.86835848    1.00021282    0.84207531    0.64838258    0.71802626    0.92514605    0.81005103    1.22874953    0.76143380    0.91852104    1.03001346    1.01068612    0.97922791    1.11308387    1.20938470    1.03982625    1.08446245    1.57825214    1.68558017    1.79581697    1.17936801    0.99824800    1.24146842    0.91380591    1.07623338    1.03397674    1.04398927    1.08425346    1.18701017    1.38465718    1.32199755    0.82251204
J3M071_ORYBR/105-179     0.32511652    0.55104207    0.42797352    0.52025900    0.40228824    0.51003287    0.37110722    0.36625938    0.34285576    0.37878092    0.45827153    0.49292244    0.43472512    0.37429231    0.38013814    0.47038259    0.37149069    0.32287050    0.26180624    0.33273108    0.38191283    0.37963756    0.41703580    0.56407512    0.23854421    0.00000000    0.52924550    0.42044933    0.40868428    0.40851447    0.41730835    0.43478056    0.27263977    0.40009296    0.35274442    0.35679927    0.40196584    0.43144550    0.32955804    0.66417299    0.71824678    1.05590674    0.80651998    0.81414964    0.84721087    0.69919734    0.62686161    0.69176508    0.85589265    0.82245217    1.09690160    0.73071972    0.84809853    1.00944696    1.01276173    0.96894413    1.13758123    1.15762363    1.01650438    0.92511863    1.48233387    1.75055040    1.96131969    1.04720205    1.04317454    1.17484055    0.97108750    1.05910148    0.92383630    0.91787549    1.09154697    1.11276338    1.26783523    1.28976953    0.83737166
J3ML60_ORYBR/38-111     0.59180908    0.63874059    0.57151033    0.68915931    0.59896238    0.62427460    0.50434557    0.69063150    0.58791378    0.64036615    0.66385482    0.66873655    0.70948335    0.61092463    0.63351193    0.66057575    0.50849620    0.56056472    0.52800166    0.41526054    0.52104247    0.57269624    0.57436671    0.69352072    0.52380230    0.52924550    0.00000000    0.42147035    0.41911038    0.46664079    0.53058897    0.57859256    0.35863973    0.54649478    0.51900152    0.54811780    0.49858325    0.65329766    0.56564598    0.94812176    0.99403026    1.22290828    0.90245458    1.08979647    1.10449548    0.86056883    0.77891379    0.88686903    1.12879422    1.16866706    1.38377988    0.97757439    1.18444373    1.25662704    1.27462807    1.11492829    1.06498778    1.35901198    1.22204125    1.33991767    1.68565490    1.55135759    1.91166403    1.14035353    1.13202306    1.58423181    1.21773205    1.34100564    1.20553855    1.03978000    1.32073696    1.45043058    1.52119780    1.26617096    1.08340553
M1D8X0_SOLTU/20-94     0.47742243    0.57964371    0.51242728    0.56261703    0.56553251    0.51810512    0.45273845    0.58885378    0.53728760    0.46980756    0.53390683    0.47183354    0.51591436    0.48573516    0.49969202    0.63766045    0.45177739    0.53595878    0.48732980    0.43609982    0.51470015    0.46965785    0.53000520    0.63588635    0.41499175    0.42044933    0.42147035    0.00000000    0.37386603    0.43082985    0.36721268    0.44264033    0.34432092    0.42533660    0.43294593    0.36859570    0.35794194    0.60965970    0.62411238    0.84146577    0.73061014    1.17329429    0.98386080    0.88777669    0.97582734    0.76618106    0.64258954    0.78909827    0.94283985    0.91700855    1.02965173    0.74681356    0.88350637    1.10983936    1.07727382    0.86669632    1.11547895    1.36387334    1.23898745    1.04776466    1.45926702    1.67604479    1.99095318    1.11162840    0.93290597    1.34339154    1.04881174    1.04390593    1.04051435    1.11515549    1.00979598    1.22967757    1.42446500    1.34841478    0.91857511
M0SRH6_MUSAM/76-150     0.53394787    0.53274093    0.47807460    0.64609818    0.32881451    0.45747223    0.30373903    0.39848975    0.38270297    0.39743272    0.35149941    0.41010328    0.47042816    0.36335012    0.42610568    0.57545726    0.35229236    0.41180083    0.46774718    0.45718667    0.39035790    0.43950350    0.38880307    0.45537750    0.25307782    0.40868428    0.41911038    0.37386603    0.00000000    0.36989716    0.30254542    0.33412867    0.23526155    0.37045783    0.29316203    0.31004559    0.24497507    0.39547241    0.43450190    0.71898250    0.63276675    0.84985454    0.74844524    0.83310856    0.86580515    0.79845130    0.62307595    0.77787703    1.01600222    0.97327294    1.24044758    0.85135465    0.88290510    0.88013922    0.91895853    0.99603194    1.05701261    1.24614726    1.14730941    0.97735590    1.59444699    1.55195449    1.74266460    0.97790390    0.99714476    1.22908865    0.90914948    1.04247419    0.93936057    0.98972440    1.14626555    1.24548806    1.50790771    1.33919485    0.77602839
K7LNN2_SOYBN/56-130     0.43429491    0.59072622    0.50924637    0.54802259    0.46533122    0.48459283    0.42458176    0.43893766    0.49144891    0.48645989    0.48885968    0.51038353    0.48136186    0.49921287    0.51363353    0.54605603    0.48182506    0.50383693    0.46606685    0.50431181    0.51245849    0.48856345    0.53802309    0.57285902    0.45206795    0.40851447    0.46664079    0.43082985    0.36989716    0.00000000    0.32849420    0.32026349    0.35856946    0.38886906    0.36505262    0.43091947    0.34286665    0.51735510    0.50838481    0.81100637    0.76402732    1.07647492    0.80819269    0.92532293    0.79928905    0.86960728    0.73381632    0.82423624    0.98461975    0.97466226    1.36374523    0.81230244    0.86601560    0.92788133    0.93058120    0.97814480    1.13103111    1.33385574    1.20452750    1.13758211    1.65019655    1.64833425    1.98387457    1.00677486    0.93509804    1.28228067    1.01855408    1.05676138    0.91448946    1.01594471    0.98851531    1.11572594    1.29780095    1.29485497    0.95836179
W1NKY7_AMBTC/66-140     0.40726833    0.56123850    0.46644586    0.52590994    0.41499150    0.44108106    0.38344735    0.40735921    0.42479277    0.37705511    0.39188222    0.40246534    0.38809774    0.36002843    0.40691631    0.53458933    0.44370333    0.47743572    0.45426408    0.51717502    0.52305590    0.47511548    0.53523892    0.51746424    0.40050073    0.41730835    0.53058897    0.36721268    0.30254542    0.32849420    0.00000000    0.27496323    0.34522579    0.39418867    0.38912066    0.35931826    0.33737704    0.47647302    0.52197976    0.73770152    0.65092253    1.09105479    0.79914513    0.84529106    0.97494674    0.88493180    0.73059449    0.89975146    0.94144801    1.05989120    1.33339569    0.78730610    0.77698802    0.97815992    0.98288020    0.95686935    1.17383338    1.29081875    1.21212861    1.03547394    1.44703043    1.50322538    1.81553421    0.94368857    1.01850086    1.29315355    1.06565457    1.11510055    0.97896291    0.99099735    1.01875409    1.17988117    1.44988017    1.46922108    0.97694246
D7U6P1_VITVI/85-159     0.42606362    0.61459821    0.50923296    0.63110537    0.49422374    0.40982959    0.38484688    0.44114983    0.40387869    0.41996100    0.41588032    0.46122874    0.44787378    0.46484277    0.53152674    0.51027295    0.49731078    0.51668807    0.45136113    0.51369837    0.53915043    0.50474374    0.50871936    0.51997488    0.40860510    0.43478056    0.57859256    0.44264033    0.33412867    0.32026349    0.27496323    0.00000000    0.38838420    0.44424030    0.32887228    0.43225787    0.33551731    0.46377285    0.47149244    0.81233894    0.74525831    0.96811670    0.73280448    0.85518091    0.90380178    0.83592242    0.70109902    0.77631989    0.96062721    1.11390090    1.29858087    0.85003211    0.80090346    0.93708054    0.94283927    0.94792163    1.09495428    1.40902533    1.20972573    1.12346938    1.50404271    1.44152523    1.67451275    0.93121327    1.06411204    1.17511227    1.05925236    1.12320284    1.04125052    1.05799541    1.08788637    1.31711523    1.35266674    1.36395443    0.82653043
B9T4B7_RICCO/73-147     0.39351631    0.42959722    0.36942499    0.60699256    0.44246104    0.41338887    0.29629826    0.36518536    0.31916110    0.28367680    0.38063944    0.41141981    0.36057601    0.33383722    0.29635832    0.46608857    0.32895571    0.33704098    0.31816434    0.30653740    0.32888104    0.33477257    0.41231467    0.54013219    0.27699391    0.27263977    0.35863973    0.34432092    0.23526155    0.35856946    0.34522579    0.38838420    0.00000000    0.28397319    0.25101739    0.23626840    0.29066962    0.35505159    0.38670482    0.61684999    0.68500879    0.88350184    0.72653800    0.78623522    0.82721006    0.75578314    0.53881980    0.73990960    0.92508995    0.86655314    1.08076782    0.79924942    0.86152487    0.92247343    1.02311365    0.89103271    1.16194568    1.25177806    1.08272595    0.97216217    1.67350524    1.73995421    1.94678740    1.00465251    1.06501698    1.27390733    0.88770423    1.05697428    0.90221725    0.82930276    1.12601211    1.23142688    1.48110550    1.30679724    0.80584000
M4EEQ3_BRARP/63-137     0.44706483    0.43610130    0.43992593    0.49796387    0.45489230    0.44811310    0.52253566    0.47130925    0.46862919    0.36469158    0.43592648    0.39608030    0.35416343    0.35361755    0.35873704    0.53664578    0.40532855    0.40563680    0.47129801    0.47776711    0.45246010    0.43728646    0.55211299    0.58044672    0.38997429    0.40009296    0.54649478    0.42533660    0.37045783    0.38886906    0.39418867    0.44424030    0.28397319    0.00000000    0.31572671    0.32829299    0.32148605    0.42362172    0.51526347    0.70997550    0.74351385    0.99956373    0.84196668    0.82720341    0.84869839    0.84966141    0.62091217    0.88271346    0.86856831    0.93857306    1.26991079    0.87190943    0.90046791    1.01452706    0.90621549    0.90766419    1.07954802    1.20265801    1.08895038    0.93745848    1.47336098    1.61340119    1.80914683    1.02819467    1.01990789    1.35837361    1.00750901    1.08773001    0.93756447    1.03158331    1.04333697    1.24046795    1.47270967    1.38699605    0.79682529
I1M219_SOYBN/57-131     0.38338206    0.41198570    0.38629887    0.52907521    0.36199486    0.35870541    0.30900623    0.39380766    0.41497409    0.33370660    0.35920942    0.33261960    0.35536666    0.36755887    0.32143369    0.38530879    0.37252586    0.37614039    0.36801665    0.41934375    0.46992094    0.37797282    0.38185216    0.48714514    0.28745539    0.35274442    0.51900152    0.43294593    0.29316203    0.36505262    0.38912066    0.32887228    0.25101739    0.31572671    0.00000000    0.24229265    0.23897554    0.35327460    0.45348812    0.63039985    0.56753126    0.98004406    0.78929287    0.79586250    0.96923004    0.73321527    0.54277324    0.68352511    0.87813552    0.77516453    1.13438836    0.76374518    0.81261423    0.90111658    0.92088664    0.78927973    1.07442392    1.17702614    1.05788260    0.96952737    1.41762897    1.66714922    1.67731185    0.95450761    0.93316351    1.23091048    0.90656843    1.02976513    0.90302640    0.99517061    1.06329939    1.23139734    1.32465157    1.17184095    0.79255153
D7LGF0_ARALL/53-127     0.39449175    0.45750123    0.44389078    0.50241857    0.40769932    0.45503087    0.34165526    0.39311196    0.38658172    0.29852901    0.37195353    0.37737289    0.40170780    0.34951339    0.38734964    0.45008765    0.34367534    0.37809920    0.37552856    0.44563001    0.45629522    0.41087848    0.42581472    0.53554126    0.30976043    0.35679927    0.54811780    0.36859570    0.31004559    0.43091947    0.35931826    0.43225787    0.23626840    0.32829299    0.24229265    0.00000000    0.20279869    0.42872262    0.51432102    0.65588064    0.65129875    1.12756041    0.85071851    0.86842974    0.93368953    0.78443144    0.57144750    0.80238745    0.91021292    0.86384206    1.21983302    0.72281048    0.86185068    0.97621664    1.01008767    0.85008248    1.12046185    1.16962602    0.99909217    1.13673407    1.51156562    1.71169512    1.94115497    1.02662862    1.05648380    1.33098223    0.99338685    1.11485586    0.91545875    1.02927264    1.16162966    1.31718410    1.33169936    1.24989973    0.88101377
D7TJB9_VITVI/56-130     0.45573374    0.50973142    0.47698964    0.53948962    0.35497588    0.50466660    0.35567127    0.46825432    0.50479169    0.36050229    0.46878830    0.39816359    0.43406952    0.40221225    0.45894947    0.51411107    0.40234507    0.45895004    0.43839524    0.48704055    0.42743584    0.43699606    0.42761943    0.49515370    0.37209218    0.40196584    0.49858325    0.35794194    0.24497507    0.34286665    0.33737704    0.33551731    0.29066962    0.32148605    0.23897554    0.20279869    0.00000000    0.41111182    0.47179693    0.72637138    0.61992791    1.03225663    0.78214939    0.84247916    0.81140560    0.78695046    0.53999199    0.75654309    0.96493426    0.89317128    1.24387732    0.74648074    0.83831836    0.80551480    0.89810887    0.82948777    1.06414247    1.16106178    1.03251124    0.96019100    1.40748247    1.50423850    1.76201160    0.91057471    1.01416556    1.25100895    1.02320823    1.06104558    0.90165000    0.99372154    1.07341120    1.26813966    1.33740376    1.25311337    0.84778523
