77
G5EDS9_CAEEL/250-415     0.00000000    2.03700803    1.97937688    2.20135805    2.15191720    2.13547489    1.83560424    2.05148217    1.82858482    1.93806735    1.99310140    2.00518975    1.99791547    1.92028653    1.93243581    1.96171608    2.02618290    2.06835278    2.11065284    2.02761338    2.19471976    2.00312010    2.03407249    1.88943034    2.08342723    1.93300155    2.07032934    2.18039120    2.02092102    1.95526813    2.03217339    2.06111995    2.09589270    2.15608628    2.00531313    1.97099675    2.04879082    2.14531160    2.54557250    2.78380739    2.97149236    2.70261486    3.19592045    2.64307851    2.48488142    2.73630862    3.16554080    3.41864275    3.71838199    3.38957429    3.14613454    2.94794159    3.18499330    3.48809177    2.04662781    2.26286584    2.17032971    2.18541841    2.11989610    2.23797900    2.51888638    2.68530734    2.16282894    2.02691315    2.24586471    2.14261665    2.32675593    2.17613682    2.31649804    2.09570198    2.20808215    2.40471510    2.16575928    2.53361079    2.44251110    2.22043818    2.06910142
B4JHE4_DROGR/370-536     2.03700803    0.00000000    0.33928086    0.58350459    0.37877295    0.45111255    1.09391013    1.22240284    1.27238870    1.18601739    1.29883084    1.10864760    1.24328821    1.17226897    1.17921472    0.99590481    1.04776276    1.26816996    1.05215956    1.28480626    1.25084942    1.28854157    1.19808746    1.47641419    1.35074924    1.39039011    1.57668057    1.38050675    1.64987577    1.37264657    1.47329719    1.51948028    1.61328723    1.46192163    1.34524855    1.41247058    1.73773490    1.65901965    2.27689681    2.45787875    2.23441791    2.04092663    2.32337570    2.04699583    1.93894674    1.95719318    2.31967887    2.77579146    2.71434318    2.67017030    2.58666371    2.39094800    2.42942179    2.49678947    1.87772313    2.07056459    1.81851796    2.09005415    1.61628729    1.35690661    1.87326302    1.74111616    1.39654356    1.49585738    1.45007657    1.40257217    1.67797597    1.39647114    1.39516426    1.52640217    1.39556143    1.41885664    1.28669773    1.58137779    1.91940235    1.38489885    1.54052733
B4KC87_DROMO/452-618     1.97937688    0.33928086    0.00000000    0.50220755    0.31804799    0.37717590    1.06526768    1.16873558    1.16943851    1.08763770    1.18295735    1.03943047    1.26351699    1.07753260    1.17019553    1.09743725    1.06308003    1.33174776    1.04332165    1.27361717    1.17439314    1.24386497    1.25443178    1.47361939    1.49574001    1.39122337    1.57167215    1.37601786    1.61895082    1.40414862    1.48935226    1.53104576    1.56291861    1.49512476    1.38938065    1.47533552    1.85169387    1.64927180    2.40109970    2.31426262    2.08752744    2.03637966    2.16954953    2.16116226    1.98495856    2.00209191    2.16561523    2.87329314    2.94895181    2.60829620    2.60494408    2.33948580    2.34297418    2.52114926    1.85020097    1.88711080    1.78221042    2.00048345    1.75691171    1.37588324    1.85113041    1.70010795    1.39399611    1.55539083    1.46446052    1.39054620    1.60710039    1.47490202    1.47433803    1.49392211    1.45208905    1.41674946    1.31397071    1.66681279    1.92729209    1.40902960    1.53932317
Q5U110_DROME/398-565     2.20135805    0.58350459    0.50220755    0.00000000    0.36384554    0.54245056    1.18942641    1.28027225    1.18275910    1.21348079    1.28718842    1.18988484    1.30766508    1.21881430    1.32697283    1.25772359    1.08279824    1.41573097    1.08774021    1.44502028    1.24061979    1.23825262    1.30019666    1.56992286    1.62997668    1.48812661    1.60056173    1.45180190    1.86119514    1.46704131    1.53017135    1.60082166    1.63266036    1.55121290    1.49913024    1.60229828    1.97665724    1.77749355    2.46488984    2.50530198    2.28838562    2.24026251    2.47750364    2.35869303    1.93578865    2.11925202    2.46004285    2.97887780    2.85626271    2.95703453    2.63242728    2.49588470    2.55802723    2.68866250    1.89322168    1.85745357    1.90091397    1.98201100    1.89431340    1.54206255    1.77998912    1.73028677    1.42818413    1.54884015    1.43710805    1.45851391    1.65836278    1.53749998    1.63731633    1.51765047    1.47684188    1.59709356    1.42785286    1.71184931    2.10207380    1.38775319    1.59657420
B4GDZ0_DROPE/337-505     2.15191720    0.37877295    0.31804799    0.36384554    0.00000000    0.32602046    1.11412847    1.18224062    1.16096988    1.13803383    1.21797647    1.07067967    1.30157481    1.05078282    1.17332128    1.02247873    1.10940798    1.31098302    1.00687677    1.35739234    1.25384695    1.20499790    1.29854448    1.54419983    1.51092500    1.43457522    1.54501770    1.40759099    1.69778198    1.43660589    1.56474478    1.61294972    1.63133761    1.49158005    1.41042913    1.52479609    1.72085678    1.68734126    2.49623775    2.51414475    2.16297315    2.04633457    2.48099946    2.22365320    1.99329225    2.03403759    2.34720855    3.06071753    2.90578937    2.79118217    2.68017550    2.44837698    2.50644705    2.46811995    1.83023066    1.90067288    1.90196168    2.07869243    1.80857236    1.32967080    1.80206872    1.64411613    1.34797361    1.47118094    1.39335092    1.37082642    1.59868813    1.44753436    1.46263506    1.48627844    1.42007210    1.49543599    1.35925370    1.60310423    1.93415631    1.32386844    1.50524722
B4NJZ6_DROWI/461-631     2.13547489    0.45111255    0.37717590    0.54245056    0.32602046    0.00000000    1.07186065    1.17579589    1.14166153    1.10865056    1.22156706    1.12504532    1.21417930    1.13516051    1.15409356    1.07733914    1.14381933    1.29274793    0.98024849    1.28680920    1.24971043    1.19912861    1.20597399    1.86693723    1.82787506    1.73332214    1.83595000    1.66738743    2.03396390    1.82826784    1.88834665    1.92822635    1.91836840    1.76059769    1.71944361    1.86008569    2.14778318    1.93898355    2.45545640    2.66635615    2.39851872    2.39948264    2.72126535    2.36725853    2.10808835    2.25746704    2.37174398    2.89363668    3.04607117    2.76924167    2.71022961    2.41852141    2.60393145    2.67381666    1.96801683    2.04278758    2.00662666    2.14609970    1.93943963    1.59121297    2.03447466    1.84649499    1.49534172    1.57929984    1.47437505    1.59042736    1.84961616    1.60336279    1.58543518    1.65912075    1.63129967    1.52796933    1.47094988    1.73700552    2.04567051    1.50567587    1.56022050
H3AVW8_LATCH/201-367     1.83560424    1.09391013    1.06526768    1.18942641    1.11412847    1.07186065    0.00000000    0.62538737    0.43313192    0.37112223    0.37125667    0.37094844    0.42576818    0.37828483    0.63652972    0.59311949    0.83217387    0.93019302    0.69789606    0.96723855    0.91054751    0.90084913    0.99181067    1.48835653    1.47255201    1.41059188    1.63510901    1.47841290    1.51551857    1.30065578    1.50494195    1.53556618    1.54889232    1.47452884    1.49383606    1.48747556    1.71647798    1.84830329    2.09116953    2.13997527    1.81293398    1.84927261    2.02877605    2.12676074    1.80259092    2.22683062    2.57615392    2.98010540    3.12211986    3.06893437    2.93988980    2.66974295    2.71509930    2.87629592    1.88565950    1.87002258    2.09076761    2.14738052    1.39815161    1.48707816    1.87005900    1.85917190    1.37046773    1.47994986    1.31879705    1.34406627    1.54335663    1.31501559    1.26495970    1.38037569    1.52445837    1.33406809    1.26104216    1.47926515    2.16118269    1.30469000    1.38118957
A0A2K5ZNF0_MANLE/44-209     2.05148217    1.22240284    1.16873558    1.28027225    1.18224062    1.17579589    0.62538737    0.00000000    0.66438381    0.62307126    0.57448615    0.61599113    0.62759362    0.64513894    0.84135830    0.91605061    1.15897842    1.21238771    0.95652370    1.18681834    0.98864312    1.01755745    1.11731816    1.39027442    1.44743008    1.36286048    1.48689597    1.29610862    1.47188612    1.29693356    1.43494822    1.44133463    1.46230358    1.36370980    1.36823638    1.44974555    1.70515670    1.47405779    1.83062030    1.78385062    1.75405969    1.75014361    1.79862096    2.24000513    1.81976712    2.00354958    2.25430019    2.79798304    3.04466186    2.68454951    2.57094548    2.32054908    2.44310785    2.59455180    1.71640414    1.68069673    1.68949910    1.85335413    1.51828393    1.47603633    1.80398898    1.75347500    1.40558825    1.46293233    1.40232997    1.38802318    1.59079662    1.41345486    1.43522993    1.55051254    1.61911977    1.53509959    1.42897602    1.86525005    2.16507146    1.45226259    1.36152019
C3ZFF5_BRAFL/685-851     1.82858482    1.27238870    1.16943851    1.18275910    1.16096988    1.14166153    0.43313192    0.66438381    0.00000000    0.38037062    0.38433089    0.47106383    0.47345105    0.36606027    0.63342720    0.61629611    1.00778250    0.83805156    0.69038510    0.92382620    0.93576994    0.86283836    1.00547865    1.35273604    1.46760443    1.26638233    1.48000542    1.31052436    1.48230239    1.18384265    1.35471534    1.37602309    1.45167001    1.39125387    1.34096803    1.47628204    1.67406039    1.66877265    1.97261392    2.01918170    2.01897214    1.87179762    1.95167633    1.97328042    1.79658053    2.10319519    2.64191533    3.50343472    3.56980633    3.16022260    2.76889270    2.74787978    2.87425809    3.03578089    1.80095001    1.69086941    1.74285794    1.90993266    1.49166896    1.40432256    1.61246562    1.59988108    1.15200820    1.29753988    1.10511176    1.16334967    1.32593452    1.24186706    1.13440815    1.19226504    1.30085378    1.24463303    1.18665280    1.44551960    2.03274946    1.17580192    1.22526250
G5C5G3_HETGA/9-180     1.93806735    1.18601739    1.08763770    1.21348079    1.13803383    1.10865056    0.37112223    0.62307126    0.38037062    0.00000000    0.26687461    0.27852918    0.42294697    0.25797876    0.61919633    0.63986375    0.89200189    0.90554323    0.73982230    0.94515782    0.99055703    0.86634587    1.02021196    1.35753128    1.49450386    1.33409381    1.45438768    1.31573576    1.40683099    1.23623475    1.40071387    1.39719159    1.48669969    1.38270249    1.33886207    1.35541899    1.65018078    1.71064590    2.01043821    2.10910566    1.96515393    1.72616015    2.17826882    2.01505285    1.87428601    2.08381827    2.39508097    3.21889899    3.32453271    2.98725057    2.66479227    2.67018838    2.81881583    2.93286000    1.72790566    1.72244898    1.90321031    1.92995053    1.47890004    1.39554260    1.72298743    1.70789057    1.25285450    1.39571774    1.28154223    1.31965671    1.45067150    1.27926310    1.26360286    1.39148143    1.38708815    1.35508340    1.29508131    1.51847211    2.16148254    1.30890141    1.41953880
U3HZJ1_ANAPP/318-483     1.99310140    1.29883084    1.18295735    1.28718842    1.21797647    1.22156706    0.37125667    0.57448615    0.38433089    0.26687461    0.00000000    0.32475952    0.29307443    0.25602412    0.60391974    0.57418076    0.96599371    0.95661555    0.73265986    0.89764867    0.95576866    0.83152257    0.99785222    1.41570500    1.54962241    1.35949330    1.55028860    1.45972513    1.57708101    1.29501832    1.43324229    1.47414286    1.48056281    1.46199966    1.43425025    1.41839905    1.60396812    1.71786533    2.04434818    2.11786341    1.74537736    2.03936392    2.02088930    2.08680042    1.95930675    2.24865048    2.91712560    3.61708568    3.82292669    3.69996816    3.31230527    3.25101906    3.26359005    3.42833918    1.66790371    1.79823143    1.91176250    1.86375289    1.53363782    1.43269286    1.71023944    1.72450469    1.25725936    1.37265843    1.34597631    1.29683509    1.55460848    1.37356785    1.28936440    1.42466038    1.49358475    1.45531135    1.31093880    1.64981109    2.23344912    1.27130474    1.31888674
F6S4W2_XENTR/185-351     2.00518975    1.10864760    1.03943047    1.18988484    1.07067967    1.12504532    0.37094844    0.61599113    0.47106383    0.27852918    0.32475952    0.00000000    0.37263790    0.29412090    0.64447686    0.61243140    0.89408624    0.95174903    0.79267824    0.90272255    0.94944768    0.94059242    1.01645563    1.35332297    1.43052718    1.31021865    1.49971977    1.38624883    1.44116916    1.29618464    1.39721311    1.37127109    1.40576315    1.36707053    1.33902339    1.41758563    1.63906293    1.60478714    2.00975046    2.05050547    1.88292374    1.89984260    2.11148661    2.04979453    1.75787685    2.23312203    2.36625790    2.89280569    3.17894397    2.96227077    2.74956588    2.56744052    2.58560931    2.88359225    1.77884723    1.87102635    1.93268760    1.96251158    1.44923370    1.38210314    1.68750362    1.77255324    1.23999518    1.38666212    1.30068183    1.33108098    1.43694920    1.30755415    1.24279322    1.36751041    1.45198356    1.29440750    1.21432032    1.52722276    2.18868423    1.30891436    1.38113162
W5KFJ0_ASTMX/312-465     1.99791547    1.24328821    1.26351699    1.30766508    1.30157481    1.21417930    0.42576818    0.62759362    0.47345105    0.42294697    0.29307443    0.37263790    0.00000000    0.29551577    0.63656676    0.59639292    0.93280404    0.89749631    0.78336908    0.79670335    0.95599246    0.87596019    0.97354292    1.50138023    1.64851154    1.46627648    1.61242845    1.51064454    1.68937357    1.38558655    1.50661235    1.58311064    1.56926303    1.56492924    1.50861755    1.53258418    1.72471895    1.86389632    2.00670553    2.17479517    1.82824354    1.95057221    2.00212529    1.97377193    1.89750063    2.11475855    2.63829994    3.30456724    3.53136226    3.16219123    3.10262647    2.89270309    2.92485626    3.07947418    1.75042971    1.90653871    2.00399779    1.99096712    1.55846605    1.50515591    1.67773560    2.03034886    1.32979701    1.38754555    1.37550827    1.41222746    1.54142890    1.30427196    1.30782628    1.44244905    1.52080345    1.43084364    1.37599462    1.71777191    2.08055522    1.28287301    1.42222023
W5K5U3_ASTMX/309-477     1.92028653    1.17226897    1.07753260    1.21881430    1.05078282    1.13516051    0.37828483    0.64513894    0.36606027    0.25797876    0.25602412    0.29412090    0.29551577    0.00000000    0.60861689    0.57711380    0.97361900    0.94034385    0.83648571    0.91987913    0.95348307    0.83693511    1.05434486    1.43255927    1.57786038    1.44232365    1.55450539    1.44610438    1.53288376    1.34071917    1.45257457    1.48400221    1.57757660    1.49296561    1.43991772    1.46173739    1.69316374    1.77776495    1.88628429    2.23690604    2.04696061    1.88053934    2.11161913    2.00580358    1.89032258    1.99539153    2.57108224    3.29641716    3.42893498    3.20627334    3.01679775    2.85941440    2.98065480    3.06310547    1.80633693    1.92575365    2.01944022    1.98943874    1.47193752    1.39719344    1.82934085    1.80618499    1.23606549    1.39195191    1.25501775    1.33042815    1.51329951    1.30483963    1.18967659    1.34682242    1.39813370    1.34976909    1.24967694    1.54049091    2.17303415    1.27052138    1.35956761
K1QAE2_CRAGI/23-188     1.93243581    1.17921472    1.17019553    1.32697283    1.17332128    1.15409356    0.63652972    0.84135830    0.63342720    0.61919633    0.60391974    0.64447686    0.63656676    0.60861689    0.00000000    0.76621459    0.97495918    0.84073522    0.80491440    0.97452057    1.03419771    0.90695743    1.00539979    1.68268029    1.63854600    1.53298403    1.64988043    1.56444125    1.73449682    1.47192481    1.66046812    1.64195469    1.66021542    1.60717634    1.56057112    1.60987164    1.85361603    1.85773646    2.19140084    2.05302135    1.95138702    1.79394896    1.99185393    1.78522100    1.78681827    1.94636693    2.97203396    3.16305099    3.18781070    3.17337172    3.11546813    3.09612451    2.83812479    3.13830068    1.79905920    1.83523673    1.91430937    2.14568729    1.78277687    1.55688513    1.74391983    1.80429335    1.35503229    1.37899817    1.46107791    1.37164666    1.49731304    1.47536377    1.35988523    1.43967064    1.44759897    1.41056223    1.36809278    1.79714020    2.05707191    1.44756551    1.30919687
E9H8M6_DAPPU/1-190     1.96171608    0.99590481    1.09743725    1.25772359    1.02247873    1.07733914    0.59311949    0.91605061    0.61629611    0.63986375    0.57418076    0.61243140    0.59639292    0.57711380    0.76621459    0.00000000    0.84571906    0.79837279    0.69037685    0.85436397    0.95294596    1.09985898    1.10024910    1.43689730    1.46964656    1.47425294    1.56928935    1.37245782    1.67158844    1.40804835    1.52032157    1.51123522    1.57740547    1.53259707    1.41425825    1.43838135    1.74437400    1.90171098    2.12641772    2.27100581    2.14110134    1.98736614    2.28509367    1.98647973    1.70659211    2.05321429    2.69466940    3.18411819    3.28884064    2.99563901    2.72881900    2.58750069    2.80427122    2.96463594    2.01970251    2.09444367    1.90613835    2.08742379    1.50323063    1.40571011    1.82214883    1.80505101    1.32753461    1.34863628    1.29674725    1.36580093    1.55965150    1.36747210    1.26518526    1.44040831    1.35369043    1.32695913    1.26754760    1.54997428    2.16658372    1.31957395    1.54190040
D6WB20_TRICA/160-324     2.02618290    1.04776276    1.06308003    1.08279824    1.10940798    1.14381933    0.83217387    1.15897842    1.00778250    0.89200189    0.96599371    0.89408624    0.93280404    0.97361900    0.97495918    0.84571906    0.00000000    0.81434718    0.55175869    0.90161243    1.14738035    1.15613594    1.18519752    1.74636086    1.86998540    1.68780223    1.80540586    1.68987125    2.02484993    1.65973431    1.63229113    1.84065175    1.84899148    1.76236811    1.71532560    1.69309637    2.02284817    1.78389160    2.33657488    2.29033183    2.17449494    2.50285003    2.50338175    2.22983289    2.01481142    2.19160994    2.70432426    3.27412593    3.19464439    3.34688362    3.04019398    2.71291981    3.03388103    3.00332418    1.88426771    1.98283600    1.97662690    2.03307863    1.75232770    1.61500634    1.93487751    1.90381094    1.40879623    1.58924675    1.39631209    1.40582799    1.63301222    1.53189551    1.53806660    1.55595686    1.49382802    1.50807980    1.43116658    1.81264980    2.31288859    1.44611855    1.63056487
X1WRD9_ACYPI/9-177     2.06835278    1.26816996    1.33174776    1.41573097    1.31098302    1.29274793    0.93019302    1.21238771    0.83805156    0.90554323    0.95661555    0.95174903    0.89749631    0.94034385    0.84073522    0.79837279    0.81434718    0.00000000    0.56733542    1.03558768    1.03647997    1.21696498    1.25956972    1.72098176    1.76154277    1.56066354    1.80811379    1.72470033    1.94157425    1.50387698    1.70898622    1.81660619    1.76344458    1.79134838    1.68305952    1.67425773    2.13922022    1.98269444    2.39289156    2.30665003    2.15120338    2.19029019    2.44383325    2.21908115    2.02304370    2.24813906    2.75808630    3.18037733    2.94595538    2.94308781    2.68191768    2.50414369    2.64270170    2.73143442    1.95548433    2.19191990    2.10590423    2.10789085    1.95327351    1.65781339    1.98913164    2.03498412    1.49683674    1.58955720    1.56242762    1.51929503    1.79458685    1.62052814    1.68705418    1.69817769    1.56976883    1.77041585    1.65042800    2.04833517    2.51661018    1.56649926    1.70825302
E0VS68_PEDHC/21-189     2.11065284    1.05215956    1.04332165    1.08774021    1.00687677    0.98024849    0.69789606    0.95652370    0.69038510    0.73982230    0.73265986    0.79267824    0.78336908    0.83648571    0.80491440    0.69037685    0.55175869    0.56733542    0.00000000    0.87395515    1.04842257    1.10400155    1.20906038    1.53564687    1.65104347    1.48316562    1.74545983    1.71408515    1.74317860    1.48729062    1.45325020    1.60274376    1.63577374    1.56886090    1.51990752    1.61736280    1.76530564    1.78982107    2.23709323    2.23414316    2.13588642    2.22956210    2.40479835    2.14441608    1.74068694    2.21564599    2.54392364    3.09698615    3.10813293    2.71054770    2.77161905    2.49999716    2.52352150    2.61447500    2.06330638    1.96102580    2.07143731    2.04664307    1.76102804    1.45464387    1.81930796    1.91654694    1.40354238    1.42951438    1.43012395    1.35693076    1.50429757    1.53164584    1.52710911    1.51975809    1.56391318    1.56597235    1.49846371    1.90834560    2.16533233    1.42096140    1.55180497
B7PV35_IXOSC/26-203     2.02761338    1.28480626    1.27361717    1.44502028    1.35739234    1.28680920    0.96723855    1.18681834    0.92382620    0.94515782    0.89764867    0.90272255    0.79670335    0.91987913    0.97452057    0.85436397    0.90161243    1.03558768    0.87395515    0.00000000    1.24257175    1.24505729    1.19008647    1.42496779    1.56082444    1.41039271    1.63847845    1.56131235    1.60350752    1.38475423    1.34656384    1.51196754    1.53329897    1.53627328    1.45312471    1.49840395    1.81789824    1.83741764    2.53590967    2.32515308    2.09771604    2.21859391    2.48222154    2.09054865    1.73432825    2.16723246    2.97570495    3.33186286    3.66560330    3.14954342    3.08409944    2.93902754    2.98947973    3.32055853    2.09527430    2.08694551    1.88378887    2.00415812    1.74945970    1.52655170    1.89999851    1.92119470    1.46054062    1.42872198    1.40502320    1.35694407    1.49049224    1.37995421    1.37227428    1.48387589    1.30250520    1.44250573    1.36244669    1.65816133    2.07536694    1.42232981    1.44965671
F6RBZ6_CIOIN/189-356     2.19471976    1.25084942    1.17439314    1.24061979    1.25384695    1.24971043    0.91054751    0.98864312    0.93576994    0.99055703    0.95576866    0.94944768    0.95599246    0.95348307    1.03419771    0.95294596    1.14738035    1.03647997    1.04842257    1.24257175    0.00000000    1.02790194    1.18912866    1.69733913    1.66136385    1.58974874    1.82152101    1.68283310    1.88207398    1.65137764    1.70514055    1.67928192    1.78595872    1.66467733    1.68245676    1.63527424    1.90265899    1.80617176    2.49097422    2.11775561    2.22999718    2.10233396    2.07088641    2.38245691    1.94686580    2.25847388    2.85828346    3.22589342    3.29371272    3.14745150    2.87386081    2.70440227    2.78235745    2.83827920    2.00610095    1.83488552    1.88064914    1.95645432    1.51747403    1.82681110    1.82034622    2.25159861    1.54534398    1.62018710    1.41660237    1.59347039    1.84061081    1.54119676    1.50123660    1.55120554    1.62528347    1.53309239    1.46299694    1.91090053    2.04195667    1.45696617    1.55692333
B3RI36_TRIAD/122-295     2.00312010    1.28854157    1.24386497    1.23825262    1.20499790    1.19912861    0.90084913    1.01755745    0.86283836    0.86634587    0.83152257    0.94059242    0.87596019    0.83693511    0.90695743    1.09985898    1.15613594    1.21696498    1.10400155    1.24505729    1.02790194    0.00000000    0.95374026    1.55014356    1.55361678    1.47039396    1.63354416    1.47132834    1.72692369    1.46635994    1.54890348    1.63763811    1.71422404    1.50123223    1.43492902    1.63806243    1.89520246    1.79834558    2.01143272    2.22133517    2.28647937    2.30871010    2.37834514    1.96506921    1.82525215    2.23007550    2.92836301    3.16661881    3.26598238    2.95623955    2.70598566    2.64521583    2.60067870    2.79103251    2.01310267    2.07369142    2.00172365    2.14727186    1.56664348    1.55539149    1.93407677    2.15886048    1.46116266    1.55380782    1.43943192    1.51013392    1.61707785    1.48449111    1.50663919    1.56041892    1.48242620    1.55994340    1.47915764    1.85169548    2.12206937    1.46122030    1.37927135
A7S9K9_NEMVE/148-321     2.03407249    1.19808746    1.25443178    1.30019666    1.29854448    1.20597399    0.99181067    1.11731816    1.00547865    1.02021196    0.99785222    1.01645563    0.97354292    1.05434486    1.00539979    1.10024910    1.18519752    1.25956972    1.20906038    1.19008647    1.18912866    0.95374026    0.00000000    1.73870439    1.71224750    1.56343130    1.76273435    1.60803513    1.92587083    1.60199122    1.65122053    1.66519443    1.76055969    1.62089583    1.62165767    1.71708998    1.85118988    1.84652273    2.26354990    2.27356595    2.17979891    1.98334586    2.06886829    1.90324583    1.97688107    2.05688531    3.09329497    3.14282748    3.41826108    2.53746455    2.75928656    2.48751272    2.78386197    2.87399152    1.77224469    1.97113926    1.71535592    1.94763136    1.43392478    1.52969852    1.68112193    1.95975821    1.41992915    1.50325863    1.36382618    1.38086221    1.65029877    1.35209001    1.38869937    1.46500981    1.35303325    1.27777573    1.24981426    1.56594465    2.20634508    1.35240224    1.36949884
Q4H2T4_CIOIN/293-505     1.88943034    1.47641419    1.47361939    1.56992286    1.54419983    1.86693723    1.48835653    1.39027442    1.35273604    1.35753128    1.41570500    1.35332297    1.50138023    1.43255927    1.68268029    1.43689730    1.74636086    1.72098176    1.53564687    1.42496779    1.69733913    1.55014356    1.73870439    0.00000000    0.40601458    0.27693105    0.46578442    0.42705217    0.50813313    0.38860730    0.27727636    0.27078536    0.40256234    0.37166448    0.46628484    0.38745489    1.35538913    0.91672765    1.98598267    1.53828267    1.69686416    1.71947423    2.16882606    1.68507434    1.50346865    1.92765224    2.10196903    2.60491450    2.32114446    2.11827502    1.97014997    1.86895232    1.81723134    2.03534256    1.34698838    1.42525023    1.35504337    1.52445933    1.12936789    1.02626038    1.46412221    1.20245131    0.89670492    0.96170707    0.89732777    0.99664877    1.04072338    0.89122677    0.93809526    0.90989594    1.08364470    0.78918577    0.82979764    1.36895064    1.78541474    0.83044808    0.97043263
J9K6E9_ACYPI/395-604     2.08342723    1.35074924    1.49574001    1.62997668    1.51092500    1.82787506    1.47255201    1.44743008    1.46760443    1.49450386    1.54962241    1.43052718    1.64851154    1.57786038    1.63854600    1.46964656    1.86998540    1.76154277    1.65104347    1.56082444    1.66136385    1.55361678    1.71224750    0.40601458    0.00000000    0.25968689    0.49330150    0.55674356    0.62303692    0.41870255    0.43791362    0.38660722    0.54927819    0.43927452    0.58238135    0.44784504    1.36096993    1.02063191    1.93747271    1.65272577    1.87511590    1.73045683    2.04875006    1.82730611    1.53617467    1.78989895    2.36784917    2.61614075    2.44521241    2.21070575    2.05891397    2.00858236    1.90908853    2.33061754    1.29602546    1.37425113    1.21698328    1.32835490    1.30668077    1.15748255    1.61868322    1.38458753    1.03622498    1.07673671    1.04188959    1.09422721    1.19730929    1.03126070    1.07115125    1.02315905    1.12125143    0.97181685    0.97184939    1.51990518    1.81505535    1.03842382    1.07544461
A0A212EUG5_DANPL/499-704     1.93300155    1.39039011    1.39122337    1.48812661    1.43457522    1.73332214    1.41059188    1.36286048    1.26638233    1.33409381    1.35949330    1.31021865    1.46627648    1.44232365    1.53298403    1.47425294    1.68780223    1.56066354    1.48316562    1.41039271    1.58974874    1.47039396    1.56343130    0.27693105    0.25968689    0.00000000    0.40107037    0.39446739    0.57446084    0.36880951    0.32645821    0.29111795    0.37911497    0.33277082    0.46128551    0.38512863    1.31862374    0.95074887    1.93273066    1.54626245    1.67390677    1.63707071    2.05923957    1.65927831    1.54269443    1.74842648    2.21046010    2.50854085    2.32643449    2.07089722    1.97305987    1.85679236    1.79541953    2.13656562    1.30407943    1.44225889    1.25411205    1.34783761    1.28786485    1.11485218    1.55559160    1.17411927    0.94434214    0.99286877    0.96619850    1.01176301    1.11857317    1.02008729    1.00974009    0.96365624    1.09514602    0.89192765    0.91110521    1.41875813    1.76235827    0.98207459    0.95165871
T1G6Z8_HELRO/350-560     2.07032934    1.57668057    1.57167215    1.60056173    1.54501770    1.83595000    1.63510901    1.48689597    1.48000542    1.45438768    1.55028860    1.49971977    1.61242845    1.55450539    1.64988043    1.56928935    1.80540586    1.80811379    1.74545983    1.63847845    1.82152101    1.63354416    1.76273435    0.46578442    0.49330150    0.40107037    0.00000000    0.47476704    0.76958700    0.53317464    0.49156787    0.46451367    0.66341604    0.49422186    0.69280658    0.53004903    1.35292901    0.95161734    2.08232007    1.57456328    1.74434446    1.65784650    2.14911488    1.68897123    1.58738929    1.94107063    2.24810913    2.65179026    2.35445097    2.27897979    1.87095558    1.95350577    1.91640865    2.13778382    1.36029763    1.54330026    1.39482075    1.58057547    1.28046097    1.12922382    1.41159740    1.34251140    1.02415185    1.02975802    1.00899536    1.20155883    1.20389829    1.01380402    1.12301737    1.10687899    1.28217892    0.93259577    0.96217185    1.46397313    1.88590862    1.02657032    1.05027398
T1G2J8_HELRO/272-494     2.18039120    1.38050675    1.37601786    1.45180190    1.40759099    1.66738743    1.47841290    1.29610862    1.31052436    1.31573576    1.45972513    1.38624883    1.51064454    1.44610438    1.56444125    1.37245782    1.68987125    1.72470033    1.71408515    1.56131235    1.68283310    1.47132834    1.60803513    0.42705217    0.55674356    0.39446739    0.47476704    0.00000000    0.66730938    0.61190163    0.51178097    0.46478976    0.60859354    0.49936532    0.58588724    0.54826223    1.53265291    1.12364781    2.03011528    1.61275375    1.74442558    1.67213049    2.11287700    1.85020827    1.58800204    1.76981490    2.18402082    2.49283301    2.33416153    2.06860916    1.86019303    1.79124959    1.89849254    2.00785310    1.39220707    1.56939376    1.36080737    1.58042806    1.16435282    1.10853298    1.45624433    1.32874659    1.00551528    1.05543863    0.88170819    1.01618364    1.11574811    0.94342559    0.93194660    1.00668565    1.13961127    0.83556752    0.85706839    1.40761440    1.83178565    0.99689712    1.05164729
F7F0M1_MONDO/122-329     2.02092102    1.64987577    1.61895082    1.86119514    1.69778198    2.03396390    1.51551857    1.47188612    1.48230239    1.40683099    1.57708101    1.44116916    1.68937357    1.53288376    1.73449682    1.67158844    2.02484993    1.94157425    1.74317860    1.60350752    1.88207398    1.72692369    1.92587083    0.50813313    0.62303692    0.57446084    0.76958700    0.66730938    0.00000000    0.48836519    0.42640884    0.46472024    0.67403821    0.56506008    0.70950495    0.69774724    1.44926597    1.32559391    2.18601686    1.81836982    1.97174181    1.86004868    2.22094046    1.84482926    1.70900843    2.06238946    2.27835543    2.68375157    2.54033385    2.54609503    2.19461070    2.20248304    2.13058998    2.38175621    1.52261037    1.58020887    1.55201121    1.74595414    1.38510571    1.22542605    1.64841870    1.22682113    1.04513902    1.12987405    1.04877372    1.09006463    1.15605640    1.07888091    1.07971960    1.07650837    1.31222457    1.04588527    1.02804592    1.52760455    1.85212398    1.03863741    1.17141927
G3PXC9_GASAC/285-493     1.95526813    1.37264657    1.40414862    1.46704131    1.43660589    1.82826784    1.30065578    1.29693356    1.18384265    1.23623475    1.29501832    1.29618464    1.38558655    1.34071917    1.47192481    1.40804835    1.65973431    1.50387698    1.48729062    1.38475423    1.65137764    1.46635994    1.60199122    0.38860730    0.41870255    0.36880951    0.53317464    0.61190163    0.48836519    0.00000000    0.21236228    0.27509236    0.33130300    0.39030966    0.48576152    0.45426912    1.39139693    1.24415291    1.99919664    1.63471004    1.70330958    1.66085951    2.01593507    1.64108956    1.57338066    1.69363797    2.31983663    2.53809686    2.48056771    2.22242740    2.00910545    1.96805659    2.04689074    2.22325615    1.43409864    1.61555149    1.45250918    1.64642676    1.21754707    0.99125112    1.52039328    1.14527577    0.88951813    0.98152761    0.89437092    0.94003010    1.07277061    0.95761304    0.93773399    0.86552481    1.04439837    0.79616808    0.85569072    1.57966037    1.76660714    0.85468028    0.94115315
F7DR31_MONDO/319-512     2.03217339    1.47329719    1.48935226    1.53017135    1.56474478    1.88834665    1.50494195    1.43494822    1.35471534    1.40071387    1.43324229    1.39721311    1.50661235    1.45257457    1.66046812    1.52032157    1.63229113    1.70898622    1.45325020    1.34656384    1.70514055    1.54890348    1.65122053    0.27727636    0.43791362    0.32645821    0.49156787    0.51178097    0.42640884    0.21236228    0.00000000    0.12764879    0.38500344    0.34643889    0.48315215    0.43818279    1.13526813    1.02537565    1.96498899    1.73388860    1.97966658    1.92191449    2.43224335    1.48369424    1.49794729    1.86188234    2.16592296    2.44127937    2.23038049    2.14289493    2.08876614    1.94594841    1.98340532    2.14812682    1.27779668    1.39887256    1.29721507    1.48634517    1.17317280    0.96283715    1.47174621    0.96749840    0.84142233    0.89922037    0.82284171    0.93713812    0.96248499    0.88230985    0.91081039    0.85962532    1.01106364    0.88030001    0.83304681    1.37146492    1.73262392    0.81444012    0.87059058
E7FFZ5_DANRE/337-546     2.06111995    1.51948028    1.53104576    1.60082166    1.61294972    1.92822635    1.53556618    1.44133463    1.37602309    1.39719159    1.47414286    1.37127109    1.58311064    1.48400221    1.64195469    1.51123522    1.84065175    1.81660619    1.60274376    1.51196754    1.67928192    1.63763811    1.66519443    0.27078536    0.38660722    0.29111795    0.46451367    0.46478976    0.46472024    0.27509236    0.12764879    0.00000000    0.25623615    0.25910098    0.38212861    0.40651468    1.21343130    1.10299402    1.95120890    1.63006194    1.82779613    1.86224556    2.19382801    1.63645699    1.57210800    1.85778108    2.28849515    2.68217851    2.45174837    2.31481967    2.21804697    2.02335737    2.05111938    2.22072064    1.34076673    1.47380634    1.32477908    1.48528882    1.25346823    1.10826017    1.59983099    1.29891246    0.98122661    0.97983926    0.90427172    1.07546797    1.07417600    0.94817298    0.97014468    0.97708351    1.14360037    0.91446263    0.87494625    1.37446289    1.84823097    0.89209202    0.99383243
W5MIF3_LEPOC/326-534     2.09589270    1.61328723    1.56291861    1.63266036    1.63133761    1.91836840    1.54889232    1.46230358    1.45167001    1.48669969    1.48056281    1.40576315    1.56926303    1.57757660    1.66021542    1.57740547    1.84899148    1.76344458    1.63577374    1.53329897    1.78595872    1.71422404    1.76055969    0.40256234    0.54927819    0.37911497    0.66341604    0.60859354    0.67403821    0.33130300    0.38500344    0.25623615    0.00000000    0.35581803    0.45525349    0.53501040    1.48221584    1.27753135    2.14607123    1.67284111    1.85195716    1.83971417    2.34902215    1.79591343    1.63071541    1.92877431    2.56500951    2.70887164    2.71164650    2.38062232    2.22479731    2.07360386    2.15610967    2.31055311    1.58253285    1.67273592    1.53454471    1.77055263    1.34032720    1.18889220    1.75763769    1.36846956    1.07807663    1.08470394    1.01687994    1.16128283    1.13322508    1.00546321    1.07450106    1.02388844    1.24389337    0.87173621    0.91832153    1.68176991    1.88423970    1.00039205    1.06722824
M3ZDQ3_XIPMA/305-514     2.15608628    1.46192163    1.49512476    1.55121290    1.49158005    1.76059769    1.47452884    1.36370980    1.39125387    1.38270249    1.46199966    1.36707053    1.56492924    1.49296561    1.60717634    1.53259707    1.76236811    1.79134838    1.56886090    1.53627328    1.66467733    1.50123223    1.62089583    0.37166448    0.43927452    0.33277082    0.49422186    0.49936532    0.56506008    0.39030966    0.34643889    0.25910098    0.35581803    0.00000000    0.28089924    0.42758126    1.31197079    1.09455149    2.00524749    1.68253333    1.86854036    1.71850335    2.21612865    1.70053482    1.56353484    1.91792877    2.29357981    2.49420068    2.39694395    2.13383997    2.11664257    1.90651228    1.83692213    2.17131646    1.40280125    1.47353501    1.33268134    1.49135305    1.24044342    1.11041206    1.56311920    1.31060091    0.97870760    1.03304654    0.93105041    1.09993376    1.09434418    0.97478488    1.03645814    1.03961948    1.11316859    0.87166528    0.88177979    1.47496423    1.70264848    0.93513897    0.98208980
G3NFQ1_GASAC/329-528     2.00531313    1.34524855    1.38938065    1.49913024    1.41042913    1.71944361    1.49383606    1.36823638    1.34096803    1.33886207    1.43425025    1.33902339    1.50861755    1.43991772    1.56057112    1.41425825    1.71532560    1.68305952    1.51990752    1.45312471    1.68245676    1.43492902    1.62165767    0.46628484    0.58238135    0.46128551    0.69280658    0.58588724    0.70950495    0.48576152    0.48315215    0.38212861    0.45525349    0.28089924    0.00000000    0.58244085    1.45493726    1.16979097    2.19539911    1.54425787    1.72856624    1.80798853    2.07831654    1.75428338    1.45140347    1.86035866    2.12285303    2.55056161    2.45226973    2.04586439    2.03154856    1.86878100    1.84632742    2.13937758    1.56164480    1.67808889    1.48329851    1.70144708    1.36725635    1.16979491    1.73763391    1.34925301    0.99875415    1.16594897    1.02236536    1.11726399    1.08689740    1.04629080    1.08782535    1.07344063    1.17344943    0.90196322    0.98572934    1.45689643    1.67149475    0.94897170    1.03415390
B3S7S5_TRIAD/297-503     1.97099675    1.41247058    1.47533552    1.60229828    1.52479609    1.86008569    1.48747556    1.44974555    1.47628204    1.35541899    1.41839905    1.41758563    1.53258418    1.46173739    1.60987164    1.43838135    1.69309637    1.67425773    1.61736280    1.49840395    1.63527424    1.63806243    1.71708998    0.38745489    0.44784504    0.38512863    0.53004903    0.54826223    0.69774724    0.45426912    0.43818279    0.40651468    0.53501040    0.42758126    0.58244085    0.00000000    1.34517547    1.01965536    2.04742874    1.72455669    1.80699817    1.70686053    2.21951037    1.78619211    1.46977185    1.83452957    2.26185803    2.83234796    2.67466552    2.36098057    2.32212605    2.02431206    2.13311229    2.30591824    1.38706988    1.44309176    1.40630855    1.50210171    1.22162982    1.10019806    1.60036844    1.26136306    0.90858032    1.00964486    0.95724318    1.06141408    1.10596825    0.97517603    0.98265164    1.03517208    1.13381177    0.91398848    0.89963616    1.46094282    1.83990908    0.94327009    0.98813437
