11
GAS5_SCHPO/18-336     0.00000000    0.50226169    0.99758859    1.00724561    0.95835939    0.88762871    0.84514645    0.89647672    0.82909730    0.76113983    0.61291740
GAS4_SCHPO/17-333     0.50226169    0.00000000    1.05337326    0.98653607    0.92727297    0.92668958    0.96496682    1.05072164    1.00972738    0.62513828    0.60583563
GAS3_YEAST/14-352     0.99758859    1.05337326    0.00000000    0.96623839    1.18803290    1.23328701    1.19070772    1.12867849    1.15835405    1.02725132    1.07903035
GAS4_YEAST/15-335     1.00724561    0.98653607    0.96623839    0.00000000    1.22903194    1.19142546    1.16963098    1.10906277    1.06809605    0.93836201    0.89148713
GAS2_SCHPO/13-332     0.95835939    0.92727297    1.18803290    1.22903194    0.00000000    0.96594562    0.79376646    0.91514515    0.81870675    0.99812241    0.93677053
GAS2_YEAST/25-344     0.88762871    0.92668958    1.23328701    1.19142546    0.96594562    0.00000000    0.68975075    0.78010818    0.76428343    1.08294339    0.93930746
GAS1_YEAST/17-330     0.84514645    0.96496682    1.19070772    1.16963098    0.79376646    0.68975075    0.00000000    0.49480188    0.42288226    0.95618299    0.86251600
M3HLB2_CANMX/20-338     0.89647672    1.05072164    1.12867849    1.10906277    0.91514515    0.78010818    0.49480188    0.00000000    0.46098290    1.01433220    0.92836571
M3II33_CANMX/18-327     0.82909730    1.00972738    1.15835405    1.06809605    0.81870675    0.76428343    0.42288226    0.46098290    0.00000000    0.94982719    0.89612305
GEL1_ASPFU/21-328     0.76113983    0.62513828    1.02725132    0.93836201    0.99812241    1.08294339    0.95618299    1.01433220    0.94982719    0.00000000    0.63908112
GAS5_YEAST/19-331     0.61291740    0.60583563    1.07903035    0.89148713    0.93677053    0.93930746    0.86251600    0.92836571    0.89612305    0.63908112    0.00000000

