49
A0A2U2GZ41_YERPE/3-46     0.00000000    0.30704251    0.28016329    0.29802268    0.30464131    0.33182727    0.34525465    0.30541324    0.29755925    0.28112802    0.36282845    0.39190121    0.42911320    0.41580806    0.34375831    0.29374621    0.23721315    0.39538440    0.88139139    0.73072908    0.76368175    0.89218780    0.91887641    0.98084692    0.60923396    0.75636034    0.70133023    0.97436422    1.02545607    0.92932588    0.75672348    0.88814903    0.92744522    0.85656583    1.21888857    1.01281913    1.24770667    0.83181431    0.96765811    0.81877330    1.00084816    0.80303665    1.02170310    0.82085519    0.88162428    1.09069015    0.79474270    0.79435709    0.75873509
H5V7S1_ATLHE/3-46     0.30704251    0.00000000    0.36958313    0.29750066    0.34265997    0.48615711    0.41646968    0.41196725    0.47948343    0.35180892    0.52251593    0.37702728    0.49623725    0.51777522    0.41360155    0.39759034    0.38145664    0.48284279    0.93810335    0.84680024    0.84532609    0.95440860    1.01529963    1.10579504    0.64250055    0.70466947    0.67818029    1.02076427    1.13809965    0.86764685    0.90618815    0.96432220    1.01720785    0.92331858    1.18663049    1.04956477    1.27310558    0.89620662    0.95618891    0.88674494    1.16587574    0.83814269    0.69819505    0.65558110    0.85666441    0.94850695    0.77195975    0.65854053    0.66605257
A0A085HD01_9GAMM/3-46     0.28016329    0.36958313    0.00000000    0.30310485    0.39984852    0.51919751    0.41504833    0.38087212    0.40490513    0.38248872    0.52152830    0.46112411    0.66351696    0.55339257    0.32773012    0.41524035    0.36166213    0.39948854    0.87241249    0.82907121    0.90583488    1.06383232    0.95662255    0.97054629    0.72152313    0.76133230    0.65087121    1.03756628    0.93369533    0.87028393    0.79411949    0.90783442    0.98813004    0.89542589    0.98623712    0.94508872    0.92178252    0.87551522    0.90559186    0.87516498    1.03978530    0.87202123    1.04354827    0.91150777    0.92523865    0.94182780    0.76818632    0.78609103    0.81467843
Q6CZZ7_PECAS/3-46     0.29802268    0.29750066    0.30310485    0.00000000    0.25438435    0.46411680    0.42339475    0.41744591    0.48461261    0.39751202    0.50358520    0.44508620    0.59670092    0.49522002    0.39855311    0.42501058    0.39973986    0.39225830    1.00313719    0.93659515    0.91084973    1.12849142    1.16345751    1.19873910    0.71012196    0.76425571    0.78540070    1.08478012    1.15268081    0.87785079    0.81112927    1.05979498    1.16030603    1.02598326    1.33861953    1.18570483    1.25923309    0.99613539    1.12043872    0.97283101    1.26214813    0.88762240    0.93948221    0.84848519    0.93363266    0.96851437    0.96651038    0.85733154    0.71421174
W0L7W7_9GAMM/3-46     0.30464131    0.34265997    0.39984852    0.25438435    0.00000000    0.36312180    0.32414742    0.40275744    0.36695094    0.26348894    0.44884720    0.44458425    0.50029889    0.45727420    0.36257277    0.35275820    0.36345157    0.38709594    0.92489161    0.82230214    0.84945596    0.98808041    1.09520756    1.06097765    0.69674593    0.83306406    0.68643932    1.11308134    1.20015482    0.83311716    0.74629227    1.01439946    1.12139243    0.95869080    1.22202971    1.16193258    1.27490914    0.93980831    1.08188439    0.97199784    1.22147229    0.89346227    0.93350826    0.78301295    0.90832706    1.18838347    0.87256941    0.79869334    0.62094976
W0HSS6_9GAMM/4-47     0.33182727    0.48615711    0.51919751    0.46411680    0.36312180    0.00000000    0.33785051    0.35250413    0.45017598    0.31599369    0.49847911    0.50533949    0.58048384    0.54742984    0.35007780    0.39721971    0.41151781    0.56491947    0.74049176    0.79428790    0.70664929    0.88213863    1.03973870    0.93263068    0.83892765    0.77489079    0.80357121    1.06634833    1.08592474    0.78379033    0.81808755    0.92520699    1.01697163    0.90956189    1.13249280    1.14991514    1.23704308    0.98225925    1.01872256    0.96501408    0.80107320    0.69125003    1.00411637    0.95598468    0.94966522    1.30624653    0.94990026    0.97123499    0.82948838
D4GCF0_PANAM/3-46     0.34525465    0.41646968    0.41504833    0.42339475    0.32414742    0.33785051    0.00000000    0.33416230    0.36974064    0.27255985    0.41210505    0.42257717    0.44619180    0.46153935    0.32706953    0.49555598    0.42393935    0.51340168    0.95654248    0.78247739    0.77289968    0.93806580    1.13769990    1.04338826    0.75103706    0.62355742    0.55111473    0.93146756    1.13204728    0.75895349    0.76320921    0.90524416    1.02735120    0.70126787    1.03879958    1.12707207    1.12426114    0.85419925    0.86674730    0.89334470    1.06141270    0.84219164    0.91176705    0.89442730    0.89266320    0.84501217    0.74036278    0.69692988    0.61631951
A0A071LRU9_9ENTR/3-46     0.30541324    0.41196725    0.38087212    0.41744591    0.40275744    0.35250413    0.33416230    0.00000000    0.26061496    0.27329351    0.43794109    0.42184440    0.54549373    0.57840213    0.31091124    0.32029688    0.31036388    0.34124660    0.77100888    0.64820781    0.61355723    0.77132925    0.93265114    0.80598145    0.68964232    0.61048833    0.67027525    1.01516408    0.93249576    0.81863502    0.61634330    0.78819808    0.78314638    0.79576162    1.04858966    1.04384503    1.23866069    0.82789884    0.95890513    0.86732976    0.93848936    0.72129651    0.84852781    0.87111045    0.68677389    0.92474390    0.74046433    0.77460841    0.62427255
I2B4J1_SHIBC/3-46     0.29755925    0.47948343    0.40490513    0.48461261    0.36695094    0.45017598    0.36974064    0.26061496    0.00000000    0.24382955    0.38431232    0.44385867    0.52677399    0.47079615    0.32332361    0.41530544    0.33697368    0.40372658    0.84583103    0.68559252    0.77848247    0.81838141    0.98152319    0.86815702    0.63673848    0.82345367    0.72484697    0.99063331    1.00514720    0.87936789    0.66199086    0.82729815    0.90994608    0.89337116    1.00699851    1.13266988    1.34648694    0.92036497    1.05231660    0.89549749    1.03407291    0.76852157    0.85037992    0.91510099    0.93379785    1.19855139    0.83822720    0.77765978    0.64188321
A0A0G3CM04_9GAMM/3-46     0.28112802    0.35180892    0.38248872    0.39751202    0.26348894    0.31599369    0.27255985    0.27329351    0.24382955    0.00000000    0.27290587    0.31026344    0.38810952    0.37311836    0.23539356    0.24169547    0.29012504    0.34013712    0.80778540    0.69741543    0.65797442    0.87592522    0.95138980    0.87968036    0.50831252    0.50399994    0.55812165    0.91495154    1.05307458    0.71805429    0.63016617    0.90273098    0.89906083    0.62744057    0.94716410    0.93831673    1.12578907    0.68454392    0.82262003    0.85793348    0.96146836    0.67351405    0.94452388    0.75459955    0.75690141    0.97401616    0.68008584    0.73233453    0.43165543
A6VQZ2_ACTSZ/23-66     0.36282845    0.52251593    0.52152830    0.50358520    0.44884720    0.49847911    0.41210505    0.43794109    0.38431232    0.27290587    0.00000000    0.32845481    0.39985505    0.48707296    0.41274732    0.48153025    0.46375718    0.49415015    0.88189297    0.87109558    0.99258122    1.14384808    1.31992939    1.16134345    0.82423744    0.73441903    0.68439232    1.10463903    1.12291854    0.94600427    0.76680423    1.05515381    1.01744376    0.82402799    1.31880905    1.03680063    1.28176550    0.85003277    1.03985087    0.92772500    1.12639055    0.74779297    1.04068980    0.89013284    0.86598104    1.13909669    0.88302647    0.85641455    0.66695218
Q9CLT0_PASMU/13-56     0.39190121    0.37702728    0.46112411    0.44508620    0.44458425    0.50533949    0.42257717    0.42184440    0.44385867    0.31026344    0.32845481    0.00000000    0.27142895    0.32803669    0.47012901    0.45370616    0.43556263    0.48570795    0.84776503    0.77685144    0.84087745    1.07443880    1.11779764    0.91436230    0.70889183    0.67514974    0.64867089    0.92471445    1.05415674    0.77176443    0.75866711    0.91329057    0.86319283    0.71603574    1.04996836    0.79817321    1.00150537    0.70585375    0.93493895    0.92224536    0.94522366    0.73850272    0.88209280    0.74642133    0.68266871    0.96072597    0.71403797    0.62527095    0.66830469
ARFA_HAEIN/14-57     0.42911320    0.49623725    0.66351696    0.59670092    0.50029889    0.58048384    0.44619180    0.54549373    0.52677399    0.38810952    0.39985505    0.27142895    0.00000000    0.28203835    0.53296468    0.59141531    0.37573150    0.56810964    0.98974496    0.84502767    0.91065341    1.01360125    1.10924693    0.97580029    0.79312596    0.69012528    0.64113261    1.04551537    1.01460796    0.78153489    0.86618193    0.95114221    0.85123242    0.64566590    0.99541024    0.81793302    1.03899837    0.76885137    0.93004927    0.85341936    0.91841174    0.84213798    0.89495292    0.72720960    0.76711888    0.93667772    0.69138102    0.54329201    0.61650236
A0A0F5EZR8_AVIPA/19-62     0.41580806    0.51777522    0.55339257    0.49522002    0.45727420    0.54742984    0.46153935    0.57840213    0.47079615    0.37311836    0.48707296    0.32803669    0.28203835    0.00000000    0.42221378    0.48437126    0.38510322    0.56139626    1.02395604    0.69020322    0.83062324    1.02185245    1.01745821    0.93206225    0.72563199    0.76434678    0.80959239    0.98956767    0.97099876    0.73933103    0.86272442    0.98344755    0.93233354    0.72738427    1.19216585    0.82083461    1.04474037    0.85114539    1.05380850    0.91630749    0.95767253    0.89582909    0.95092073    0.70144927    0.81528287    1.03598305    0.77139057    0.56730840    0.58536152
H2IS04_RAHAC/3-46     0.34375831    0.41360155    0.32773012    0.39855311    0.36257277    0.35007780    0.32706953    0.31091124    0.32332361    0.23539356    0.41274732    0.47012901    0.53296468    0.42221378    0.00000000    0.31432965    0.27260237    0.34413273    0.89717746    0.82323014    0.85824183    0.92980786    1.06857767    1.04397702    0.67146746    0.57795820    0.61869372    0.97216524    1.03592693    0.74974819    0.68278649    0.93608309    0.90962646    0.85254058    1.21027074    0.99546027    1.11791709    0.85049022    0.92463867    0.79739982    0.84767531    0.81418531    0.94379013    0.79661639    0.80645970    1.12479786    0.82105211    0.91954846    0.57481933
A0A0N0ZA38_9GAMM/3-46     0.29374621    0.39759034    0.41524035    0.42501058    0.35275820    0.39721971    0.49555598    0.32029688    0.41530544    0.24169547    0.48153025    0.45370616    0.59141531    0.48437126    0.31432965    0.00000000    0.27141901    0.43072171    0.81191614    0.86367106    0.79336709    0.97465449    0.96984963    0.96437504    0.68669416    0.58853854    0.66573932    1.05604269    1.10921956    0.82251602    0.69612888    0.98007986    0.93855484    0.92192344    1.11216532    1.08164806    1.10637133    0.85238951    1.01006609    0.86919338    0.97095633    0.79427928    1.01583831    0.81231544    0.95693135    1.20063390    0.85463138    0.89928349    0.74119004
Q7MYH8_PHOLL/3-46     0.23721315    0.38145664    0.36166213    0.39973986    0.36345157    0.41151781    0.42393935    0.31036388    0.33697368    0.29012504    0.46375718    0.43556263    0.37573150    0.38510322    0.27260237    0.27141901    0.00000000    0.29368356    0.81090021    0.74414117    0.73906802    0.75531010    0.92162171    0.90929137    0.60219668    0.58212805    0.53013962    0.96581109    0.89822658    0.72680956    0.71976704    0.90632973    0.80613822    0.74890407    0.97484800    0.79478510    0.92293818    0.66254616    0.75623010    0.68509433    0.81195552    0.74119472    0.88211517    0.62786785    0.78034736    0.98427088    0.63774367    0.71413733    0.65566395
A0A0J8YGK5_9GAMM/3-46     0.39538440    0.48284279    0.39948854    0.39225830    0.38709594    0.56491947    0.51340168    0.34124660    0.40372658    0.34013712    0.49415015    0.48570795    0.56810964    0.56139626    0.34413273    0.43072171    0.29368356    0.00000000    1.08969459    0.82151876    0.82911522    1.09264449    1.13046733    0.97480184    0.79238254    0.69288221    0.72332316    1.12717736    1.12880825    0.87021869    0.81760831    1.11829700    1.06079473    0.98479036    1.45146501    1.09423974    0.87558106    0.83434154    0.95994822    1.00651067    1.07057923    0.95530254    0.98707114    0.83395077    1.01712046    0.98534798    0.93421934    0.93758594    0.57434022
A0A172YDX9_9GAMM/56-98     0.88139139    0.93810335    0.87241249    1.00313719    0.92489161    0.74049176    0.95654248    0.77100888    0.84583103    0.80778540    0.88189297    0.84776503    0.98974496    1.02395604    0.89717746    0.81191614    0.81090021    1.08969459    0.00000000    0.77036632    0.73612790    0.85183778    0.67308382    0.72365119    0.93145075    0.91524550    0.84589322    0.79198278    0.65844679    0.81122714    0.80161848    0.73475301    0.75408521    0.95652161    1.18809549    1.00750622    1.28871786    0.77891674    0.96597186    0.68423155    0.71611817    0.56474468    0.85778998    0.89694556    0.75951015    0.80801276    0.78712808    1.22426397    1.33785872
A0A0H4ISP1_NEIG1/4-47     0.73072908    0.84680024    0.82907121    0.93659515    0.82230214    0.79428790    0.78247739    0.64820781    0.68559252    0.69741543    0.87109558    0.77685144    0.84502767    0.69020322    0.82323014    0.86367106    0.74414117    0.82151876    0.77036632    0.00000000    0.21985176    0.57171101    0.52597785    0.55827504    0.65367603    0.83231674    0.71938678    0.87514383    0.55677106    0.71259937    0.83221470    0.82502853    0.79827581    0.80664658    1.17961146    0.92433218    1.13315262    0.87880580    1.00048116    0.75475159    0.78618721    0.76413598    0.66643530    0.69461669    0.63649233    0.69010959    0.81039297    0.83429907    0.88374512
F2BCZ7_9NEIS/4-47     0.76368175    0.84532609    0.90583488    0.91084973    0.84945596    0.70664929    0.77289968    0.61355723    0.77848247    0.65797442    0.99258122    0.84087745    0.91065341    0.83062324    0.85824183    0.79336709    0.73906802    0.82911522    0.73612790    0.21985176    0.00000000    0.53654551    0.49708189    0.50860284    0.85745966    0.82090072    0.72533078    0.94390514    0.63119680    0.77491929    0.91074552    0.78437511    0.85528348    0.90144362    1.21807309    1.02590877    1.18669585    0.89763748    1.03398085    0.86393163    0.74590548    0.72635221    0.73677981    0.75558200    0.68387277    0.74073591    0.78897903    0.92147680    0.77628890
A0A0J0YU83_9NEIS/5-48     0.89218780    0.95440860    1.06383232    1.12849142    0.98808041    0.88213863    0.93806580    0.77132925    0.81838141    0.87592522    1.14384808    1.07443880    1.01360125    1.02185245    0.92980786    0.97465449    0.75531010    1.09264449    0.85183778    0.57171101    0.53654551    0.00000000    0.31244769    0.31546514    0.82118755    0.84861316    0.74185143    0.99302522    0.73057388    0.76102205    0.81619995    0.60440993    0.61094746    0.76902789    0.93887335    0.80982315    0.93751005    0.69891782    0.69846846    0.82253625    0.82786171    0.72095559    0.72373700    0.77191247    0.70741321    0.74200858    0.65763832    1.06297144    1.03896625
G4CR79_9NEIS/4-47     0.91887641    1.01529963    0.95662255    1.16345751    1.09520756    1.03973870    1.13769990    0.93265114    0.98152319    0.95138980    1.31992939    1.11779764    1.10924693    1.01745821    1.06857767    0.96984963    0.92162171    1.13046733    0.67308382    0.52597785    0.49708189    0.31244769    0.00000000    0.26203776    0.78833579    0.82126337    0.73831176    0.90835718    0.56007375    0.79732520    0.88836485    0.59776738    0.67989126    0.85121635    1.04969602    0.98440103    0.97056018    0.82081969    0.68905194    0.68472490    0.65182957    0.67377777    0.56970824    0.69121881    0.67283292    0.59659676    0.62213922    1.11154571    1.23124359
G4CHU2_9NEIS/4-47     0.98084692    1.10579504    0.97054629    1.19873910    1.06097765    0.93263068    1.04338826    0.80598145    0.86815702    0.87968036    1.16134345    0.91436230    0.97580029    0.93206225    1.04397702    0.96437504    0.90929137    0.97480184    0.72365119    0.55827504    0.50860284    0.31546514    0.26203776    0.00000000    0.89162855    0.93028255    0.78383518    0.86432436    0.78245726    0.81524538    0.82685975    0.64798579    0.74391286    0.85743667    1.09017598    0.85416036    0.95205850    0.78504140    0.77734368    0.87373333    0.82689161    0.70157971    0.70168702    0.77470890    0.62200747    0.71041680    0.72934833    1.19681352    1.08475851
R8AVG3_PLESH/4-47     0.60923396    0.64250055    0.72152313    0.71012196    0.69674593    0.83892765    0.75103706    0.68964232    0.63673848    0.50831252    0.82423744    0.70889183    0.79312596    0.72563199    0.67146746    0.68669416    0.60219668    0.79238254    0.93145075    0.65367603    0.85745966    0.82118755    0.78833579    0.89162855    0.00000000    0.47492158    0.69194122    0.60278371    0.76358763    0.68537816    0.81284026    0.79729883    0.74949553    0.51939445    0.84600958    0.47939277    0.70090850    0.54532519    0.69959448    0.62197754    0.75837660    0.63559231    0.76340277    0.74634438    0.77567896    0.61396041    0.51802488    0.67306428    0.86391037
A0KGJ5_AERHH/63-106     0.75636034    0.70466947    0.76133230    0.76425571    0.83306406    0.77489079    0.62355742    0.61048833    0.82345367    0.50399994    0.73441903    0.67514974    0.69012528    0.76434678    0.57795820    0.58853854    0.58212805    0.69288221    0.91524550    0.83231674    0.82090072    0.84861316    0.82126337    0.93028255    0.47492158    0.00000000    0.43018409    0.69363724    0.68185784    0.51830558    0.50831878    0.62886074    0.60134275    0.47934470    0.79542485    0.63794767    0.79977218    0.51726033    0.64660191    0.63336429    0.62741703    0.54093000    0.56552704    0.55617528    0.60295033    0.50284477    0.39336709    0.67444385    0.50750574
U1JGP0_9GAMM/7-50     0.70133023    0.67818029    0.65087121    0.78540070    0.68643932    0.80357121    0.55111473    0.67027525    0.72484697    0.55812165    0.68439232    0.64867089    0.64113261    0.80959239    0.61869372    0.66573932    0.53013962    0.72332316    0.84589322    0.71938678    0.72533078    0.74185143    0.73831176    0.78383518    0.69194122    0.43018409    0.00000000    0.56724462    0.60634706    0.42595591    0.44758314    0.56070349    0.54472111    0.47941382    0.67052447    0.74974207    0.61847978    0.53517417    0.36651531    0.47148877    0.62825047    0.54322997    0.53151678    0.37956695    0.49340762    0.45686286    0.38207269    0.55412289    0.55465022
A0A094JZP1_9GAMM/11-54     0.97436422    1.02076427    1.03756628    1.08478012    1.11308134    1.06634833    0.93146756    1.01516408    0.99063331    0.91495154    1.10463903    0.92471445    1.04551537    0.98956767    0.97216524    1.05604269    0.96581109    1.12717736    0.79198278    0.87514383    0.94390514    0.99302522    0.90835718    0.86432436    0.60278371    0.69363724    0.56724462    0.00000000    0.69517481    0.42509839    0.62098821    0.54760951    0.62328556    0.47319957    0.86349528    0.81899223    1.01475371    0.64543769    0.61790998    0.58495535    0.51200489    0.54747973    0.69222644    0.64289902    0.51676546    0.68355408    0.54251299    0.77861051    1.00203269
F7NYH7_9GAMM/6-49     1.02545607    1.13809965    0.93369533    1.15268081    1.20015482    1.08592474    1.13204728    0.93249576    1.00514720    1.05307458    1.12291854    1.05415674    1.01460796    0.97099876    1.03592693    1.10921956    0.89822658    1.12880825    0.65844679    0.55677106    0.63119680    0.73057388    0.56007375    0.78245726    0.76358763    0.68185784    0.60634706    0.69517481    0.00000000    0.49676935    0.59403144    0.46626130    0.57470362    0.68569901    0.69070552    0.56119844    0.58808739    0.55568162    0.61823232    0.59030925    0.58331423    0.62018824    0.52596894    0.62747436    0.56491395    0.58860380    0.55297334    0.83386477    0.96715644
U4KE00_9VIBR/19-62     0.92932588    0.86764685    0.87028393    0.87785079    0.83311716    0.78379033    0.75895349    0.81863502    0.87936789    0.71805429    0.94600427    0.77176443    0.78153489    0.73933103    0.74974819    0.82251602    0.72680956    0.87021869    0.81122714    0.71259937    0.77491929    0.76102205    0.79732520    0.81524538    0.68537816    0.51830558    0.42595591    0.42509839    0.49676935    0.00000000    0.32639429    0.32822581    0.34692470    0.36847391    0.53676409    0.51752571    0.50676861    0.28869384    0.30420515    0.43882637    0.42124524    0.42480793    0.57762891    0.41913166    0.53452325    0.52760089    0.45707336    0.77628837    0.77709473
A0A0U4UWM4_9GAMM/6-49     0.75672348    0.90618815    0.79411949    0.81112927    0.74629227    0.81808755    0.76320921    0.61634330    0.66199086    0.63016617    0.76680423    0.75866711    0.86618193    0.86272442    0.68278649    0.69612888    0.71976704    0.81760831    0.80161848    0.83221470    0.91074552    0.81619995    0.88836485    0.82685975    0.81284026    0.50831878    0.44758314    0.62098821    0.59403144    0.32639429    0.00000000    0.40419944    0.50807744    0.58989414    0.83176270    0.75468958    0.90608172    0.54092318    0.52097380    0.62330908    0.65561189    0.56957404    0.71910243    0.59227890    0.66594971    0.87122334    0.63809816    0.91749390    0.74475340
Q5E0G3_ALIF1/14-57     0.88814903    0.96432220    0.90783442    1.05979498    1.01439946    0.92520699    0.90524416    0.78819808    0.82729815    0.90273098    1.05515381    0.91329057    0.95114221    0.98344755    0.93608309    0.98007986    0.90632973    1.11829700    0.73475301    0.82502853    0.78437511    0.60440993    0.59776738    0.64798579    0.79729883    0.62886074    0.56070349    0.54760951    0.46626130    0.32822581    0.40419944    0.00000000    0.41214210    0.43683490    0.73862406    0.71751947    0.77699330    0.40441932    0.33648667    0.44703741    0.40087335    0.42513824    0.47635734    0.64914706    0.58427111    0.72430515    0.37627026    0.83911692    0.93632845
Q9KMY1_VIBCH/17-60     0.92744522    1.01720785    0.98813004    1.16030603    1.12139243    1.01697163    1.02735120    0.78314638    0.90994608    0.89906083    1.01744376    0.86319283    0.85123242    0.93233354    0.90962646    0.93855484    0.80613822    1.06079473    0.75408521    0.79827581    0.85528348    0.61094746    0.67989126    0.74391286    0.74949553    0.60134275    0.54472111    0.62328556    0.57470362    0.34692470    0.50807744    0.41214210    0.00000000    0.42009308    0.77382128    0.61914759    0.75127415    0.43172364    0.37199592    0.46599051    0.46035514    0.49968642    0.66929226    0.57614609    0.55224565    0.58572153    0.34710360    0.79537104    0.83320167
A0A0F5VBW9_9GAMM/19-62     0.85656583    0.92331858    0.89542589    1.02598326    0.95869080    0.90956189    0.70126787    0.79576162    0.89337116    0.62744057    0.82402799    0.71603574    0.64566590    0.72738427    0.85254058    0.92192344    0.74890407    0.98479036    0.95652161    0.80664658    0.90144362    0.76902789    0.85121635    0.85743667    0.51939445    0.47934470    0.47941382    0.47319957    0.68569901    0.36847391    0.58989414    0.43683490    0.42009308    0.00000000    0.46759746    0.56654617    0.54292453    0.23572695    0.31960470    0.50045301    0.56116402    0.50375418    0.70239062    0.53741708    0.49644297    0.49272844    0.39589696    0.61186422    0.65870217
A1SY27_PSYIN/23-66     1.21888857    1.18663049    0.98623712    1.33861953    1.22202971    1.13249280    1.03879958    1.04858966    1.00699851    0.94716410    1.31880905    1.04996836    0.99541024    1.19216585    1.21027074    1.11216532    0.97484800    1.45146501    1.18809549    1.17961146    1.21807309    0.93887335    1.04969602    1.09017598    0.84600958    0.79542485    0.67052447    0.86349528    0.69070552    0.53676409    0.83176270    0.73862406    0.77382128    0.46759746    0.00000000    0.65356846    0.51153547    0.48142569    0.52517003    0.74838896    0.86013958    0.69172300    0.97304927    0.86509609    0.86631362    0.72288093    0.57662812    0.96999643    1.07811659
A0A0D8CQV4_9GAMM/18-61     1.01281913    1.04956477    0.94508872    1.18570483    1.16193258    1.14991514    1.12707207    1.04384503    1.13266988    0.93831673    1.03680063    0.79817321    0.81793302    0.82083461    0.99546027    1.08164806    0.79478510    1.09423974    1.00750622    0.92433218    1.02590877    0.80982315    0.98440103    0.85416036    0.47939277    0.63794767    0.74974207    0.81899223    0.56119844    0.51752571    0.75468958    0.71751947    0.61914759    0.56654617    0.65356846    0.00000000    0.33332961    0.47823226    0.66809855    0.77472091    0.80124370    0.78541545    0.89670521    0.77841661    0.77640856    0.54268869    0.55238885    1.00902806    0.91147456
Q3ICZ1_PSET1/14-57     1.24770667    1.27310558    0.92178252    1.25923309    1.27490914    1.23704308    1.12426114    1.23866069    1.34648694    1.12578907    1.28176550    1.00150537    1.03899837    1.04474037    1.11791709    1.10637133    0.92293818    0.87558106    1.28871786    1.13315262    1.18669585    0.93751005    0.97056018    0.95205850    0.70090850    0.79977218    0.61847978    1.01475371    0.58808739    0.50676861    0.90608172    0.77699330    0.75127415    0.54292453    0.51153547    0.33332961    0.00000000    0.42055113    0.42980306    0.69127715    0.83812918    0.86644670    0.86199750    0.60804013    0.86168335    0.60652156    0.66397475    1.05059922    1.04800489
A0A0J1JJF9_9GAMM/12-55     0.83181431    0.89620662    0.87551522    0.99613539    0.93980831    0.98225925    0.85419925    0.82789884    0.92036497    0.68454392    0.85003277    0.70585375    0.76885137    0.85114539    0.85049022    0.85238951    0.66254616    0.83434154    0.77891674    0.87880580    0.89763748    0.69891782    0.82081969    0.78504140    0.54532519    0.51726033    0.53517417    0.64543769    0.55568162    0.28869384    0.54092318    0.40441932    0.43172364    0.23572695    0.48142569    0.47823226    0.42055113    0.00000000    0.25778137    0.46611510    0.59106418    0.46370999    0.69785307    0.55991027    0.55539673    0.61821729    0.48930547    0.83842297    0.89376603
A0A0C5WEY8_9GAMM/25-68     0.96765811    0.95618891    0.90559186    1.12043872    1.08188439    1.01872256    0.86674730    0.95890513    1.05231660    0.82262003    1.03985087    0.93493895    0.93004927    1.05380850    0.92463867    1.01006609    0.75623010    0.95994822    0.96597186    1.00048116    1.03398085    0.69846846    0.68905194    0.77734368    0.69959448    0.64660191    0.36651531    0.61790998    0.61823232    0.30420515    0.52097380    0.33648667    0.37199592    0.31960470    0.52517003    0.66809855    0.42980306    0.25778137    0.00000000    0.38466409    0.53818706    0.51507756    0.60608139    0.56786063    0.64330544    0.52317917    0.33457896    0.83669058    0.92709035
B1KEV1_SHEWM/12-55     0.81877330    0.88674494    0.87516498    0.97283101    0.97199784    0.96501408    0.89334470    0.86732976    0.89549749    0.85793348    0.92772500    0.92224536    0.85341936    0.91630749    0.79739982    0.86919338    0.68509433    1.00651067    0.68423155    0.75475159    0.86393163    0.82253625    0.68472490    0.87373333    0.62197754    0.63336429    0.47148877    0.58495535    0.59030925    0.43882637    0.62330908    0.44703741    0.46599051    0.50045301    0.74838896    0.77472091    0.69127715    0.46611510    0.38466409    0.00000000    0.29354079    0.33651206    0.48797831    0.42983679    0.47886444    0.53349115    0.41712364    0.80358011    0.90233837
A8H857_SHEPA/12-55     1.00084816    1.16587574    1.03978530    1.26214813    1.22147229    0.80107320    1.06141270    0.93848936    1.03407291    0.96146836    1.12639055    0.94522366    0.91841174    0.95767253    0.84767531    0.97095633    0.81195552    1.07057923    0.71611817    0.78618721    0.74590548    0.82786171    0.65182957    0.82689161    0.75837660    0.62741703    0.62825047    0.51200489    0.58331423    0.42124524    0.65561189    0.40087335    0.46035514    0.56116402    0.86013958    0.80124370    0.83812918    0.59106418    0.53818706    0.29354079    0.00000000    0.32333212    0.46549553    0.59899708    0.59652759    0.67191805    0.49064790    0.78272731    0.98774605
Q8EA36_SHEON/16-59     0.80303665    0.83814269    0.87202123    0.88762240    0.89346227    0.69125003    0.84219164    0.72129651    0.76852157    0.67351405    0.74779297    0.73850272    0.84213798    0.89582909    0.81418531    0.79427928    0.74119472    0.95530254    0.56474468    0.76413598    0.72635221    0.72095559    0.67377777    0.70157971    0.63559231    0.54093000    0.54322997    0.54747973    0.62018824    0.42480793    0.56957404    0.42513824    0.49968642    0.50375418    0.69172300    0.78541545    0.86644670    0.46370999    0.51507756    0.33651206    0.32333212    0.00000000    0.44424021    0.56575892    0.54300182    0.64839516    0.47805370    0.81817527    0.80861630
R9PJM9_AGAAL/11-54     1.02170310    0.69819505    1.04354827    0.93948221    0.93350826    1.00411637    0.91176705    0.84852781    0.85037992    0.94452388    1.04068980    0.88209280    0.89495292    0.95092073    0.94379013    1.01583831    0.88211517    0.98707114    0.85778998    0.66643530    0.73677981    0.72373700    0.56970824    0.70168702    0.76340277    0.56552704    0.53151678    0.69222644    0.52596894    0.57762891    0.71910243    0.47635734    0.66929226    0.70239062    0.97304927    0.89670521    0.86199750    0.69785307    0.60608139    0.48797831    0.46549553    0.44424021    0.00000000    0.43237354    0.41650492    0.56961721    0.43515779    0.71087657    0.89409963
A0A0S2K1A6_9GAMM/8-51     0.82085519    0.65558110    0.91150777    0.84848519    0.78301295    0.95598468    0.89442730    0.87111045    0.91510099    0.75459955    0.89013284    0.74642133    0.72720960    0.70144927    0.79661639    0.81231544    0.62786785    0.83395077    0.89694556    0.69461669    0.75558200    0.77191247    0.69121881    0.77470890    0.74634438    0.55617528    0.37956695    0.64289902    0.62747436    0.41913166    0.59227890    0.64914706    0.57614609    0.53741708    0.86509609    0.77841661    0.60804013    0.55991027    0.56786063    0.42983679    0.59899708    0.56575892    0.43237354    0.00000000    0.33807974    0.55607505    0.47730668    0.55544404    0.70684951
A1S2T8_SHEAM/4-47     0.88162428    0.85666441    0.92523865    0.93363266    0.90832706    0.94966522    0.89266320    0.68677389    0.93379785    0.75690141    0.86598104    0.68266871    0.76711888    0.81528287    0.80645970    0.95693135    0.78034736    1.01712046    0.75951015    0.63649233    0.68387277    0.70741321    0.67283292    0.62200747    0.77567896    0.60295033    0.49340762    0.51676546    0.56491395    0.53452325    0.66594971    0.58427111    0.55224565    0.49644297    0.86631362    0.77640856    0.86168335    0.55539673    0.64330544    0.47886444    0.59652759    0.54300182    0.41650492    0.33807974    0.00000000    0.54764851    0.49092161    0.62973285    0.78866743
E3BJP5_9VIBR/17-60     1.09069015    0.94850695    0.94182780    0.96851437    1.18838347    1.30624653    0.84501217    0.92474390    1.19855139    0.97401616    1.13909669    0.96072597    0.93667772    1.03598305    1.12479786    1.20063390    0.98427088    0.98534798    0.80801276    0.69010959    0.74073591    0.74200858    0.59659676    0.71041680    0.61396041    0.50284477    0.45686286    0.68355408    0.58860380    0.52760089    0.87122334    0.72430515    0.58572153    0.49272844    0.72288093    0.54268869    0.60652156    0.61821729    0.52317917    0.53349115    0.67191805    0.64839516    0.56961721    0.55607505    0.54764851    0.00000000    0.47191449    0.73230846    0.77061010
U3A5C7_VIBPR/17-60     0.79474270    0.77195975    0.76818632    0.96651038    0.87256941    0.94990026    0.74036278    0.74046433    0.83822720    0.68008584    0.88302647    0.71403797    0.69138102    0.77139057    0.82105211    0.85463138    0.63774367    0.93421934    0.78712808    0.81039297    0.78897903    0.65763832    0.62213922    0.72934833    0.51802488    0.39336709    0.38207269    0.54251299    0.55297334    0.45707336    0.63809816    0.37627026    0.34710360    0.39589696    0.57662812    0.55238885    0.66397475    0.48930547    0.33457896    0.41712364    0.49064790    0.47805370    0.43515779    0.47730668    0.49092161    0.47191449    0.00000000    0.51604607    0.65325403
M4R8T2_BIBTR/9-52     0.79435709    0.65854053    0.78609103    0.85733154    0.79869334    0.97123499    0.69692988    0.77460841    0.77765978    0.73233453    0.85641455    0.62527095    0.54329201    0.56730840    0.91954846    0.89928349    0.71413733    0.93758594    1.22426397    0.83429907    0.92147680    1.06297144    1.11154571    1.19681352    0.67306428    0.67444385    0.55412289    0.77861051    0.83386477    0.77628837    0.91749390    0.83911692    0.79537104    0.61186422    0.96999643    1.00902806    1.05059922    0.83842297    0.83669058    0.80358011    0.78272731    0.81817527    0.71087657    0.55544404    0.62973285    0.73230846    0.51604607    0.00000000    0.57614396
C4LF27_TOLAT/9-52     0.75873509    0.66605257    0.81467843    0.71421174    0.62094976    0.82948838    0.61631951    0.62427255    0.64188321    0.43165543    0.66695218    0.66830469    0.61650236    0.58536152    0.57481933    0.74119004    0.65566395    0.57434022    1.33785872    0.88374512    0.77628890    1.03896625    1.23124359    1.08475851    0.86391037    0.50750574    0.55465022    1.00203269    0.96715644    0.77709473    0.74475340    0.93632845    0.83320167    0.65870217    1.07811659    0.91147456    1.04800489    0.89376603    0.92709035    0.90233837    0.98774605    0.80861630    0.89409963    0.70684951    0.78866743    0.77061010    0.65325403    0.57614396    0.00000000

