84
T1K3V9_TETUR/8-184     0.00000000    1.07093665    1.01433741    0.91654276    0.87569142    0.89152639    1.07289846    0.89255923    0.96327907    0.95008885    1.00992510    0.89705357    1.52570221    1.87582324    2.00951700    1.96524337    1.65507660    1.56745291    1.99151499    2.45210794    3.28997390    2.75449742    2.91097542    3.06014692    2.33019083    2.81183375    2.42004212    2.69733872    2.08568343    1.70350549    1.86068529    2.02086189    1.75105551    1.90630498    1.69498160    1.75017749    2.02770346    2.00794343    2.05366028    2.21274709    2.30108856    1.94689094    2.00757919    1.65279792    1.72109582    2.04263955    2.03905435    1.97813300    1.72225230    1.80712532    1.75498860    1.94273982    1.79195052    1.80793008    1.79368824    1.72561666    1.77110472    1.80969833    1.67926105    1.86802915    1.81884042    1.60025945    1.75339699    1.52517210    1.55071276    1.62302558    1.68306775    1.71560030    1.69347697    1.70939780    1.76800209    1.62939171    1.14423595    1.02031373    1.37300783    1.47851018    1.42152961    1.46911725    1.37375279    0.98516207    1.03866955    0.83894084    0.86231629    1.14133133
H2ZBY5_CIOSA/26-185     1.07093665    0.00000000    0.19715896    0.83894503    0.87735321    0.88261298    1.02938711    0.84065337    0.86979004    0.94445471    0.86957753    0.97873690    1.77371534    2.07959424    2.10256671    2.25908374    1.35108652    1.74529182    1.95627452    2.39970115    3.49202550    2.51629952    2.28005878    2.65955875    2.29551671    2.48016593    2.30754417    2.52719977    1.92605903    1.74572380    1.54082384    1.83519776    1.71970164    1.84079207    1.49737547    1.60348137    1.66652474    1.95745038    1.87146124    2.12910602    2.00706296    1.73275849    1.71093268    1.63136172    1.67580499    1.72629009    1.73917933    2.18929204    1.64379098    1.62419945    1.59724808    1.77092635    1.60344664    1.51704590    1.55592785    1.53149201    1.49961565    1.54041392    1.52262934    1.73098843    1.77690118    1.53185799    1.41118970    1.54938901    1.46519129    1.64620868    1.51561120    1.77616350    1.51139534    1.58271530    1.54434481    1.56367565    1.10520825    1.11532407    1.27971968    1.39276959    1.28749483    1.38089071    1.21653819    1.18868111    1.15831388    1.07920644    1.14679894    1.19289477
F6XS77_CIOIN/8-169     1.01433741    0.19715896    0.00000000    0.89907233    0.91866461    0.95292070    1.14718590    0.98648802    0.95197787    1.08741627    0.98333919    0.92513477    1.68657970    2.19308790    2.26175320    2.44697359    1.36793148    1.72864684    2.03863780    2.22459006    3.28037630    2.62352784    2.40236953    2.82308387    2.20107745    2.55250668    2.24288766    2.58089850    1.92522776    1.87292581    1.57408386    1.75824081    1.68356561    1.78732289    1.62179399    1.75005220    1.80049052    2.02688339    2.13785158    2.30694967    2.30781650    1.91805929    1.86956659    1.79999973    1.79066918    1.88898160    1.89008294    2.18858431    1.61427542    1.66026468    1.57218520    1.74968829    1.68590109    1.61613736    1.61551047    1.64068828    1.62961874    1.58452106    1.63901676    1.92488479    1.90951597    1.58745517    1.64715752    1.66851461    1.60613830    1.68345738    1.70854132    1.78752562    1.63653048    1.70653497    1.64386419    1.64619160    1.09290266    1.09231269    1.33500456    1.45906316    1.41040901    1.45231626    1.33214339    1.17104598    1.15949744    1.08066435    1.15249274    1.31021659
C3ZF64_BRAFL/33-201     0.91654276    0.83894503    0.89907233    0.00000000    0.75056212    0.58836459    0.85516179    0.65224360    0.64814646    0.73474604    0.72487742    0.83703877    1.40855331    1.89636450    1.88692265    2.02050838    1.56040780    1.41040301    1.69842758    2.36700860    3.22376780    2.62610310    2.52506807    2.74359582    2.21539001    2.39804470    2.58764360    2.48439125    1.98958111    1.67176778    1.40459111    1.57650975    1.59775335    1.73682493    1.60828020    1.59167304    1.70178765    1.86262453    1.91522794    1.90254396    1.89145562    1.75973694    1.72581004    1.62970861    1.70575306    1.78407624    1.89197913    1.81665732    1.32916283    1.29184369    1.31407987    1.47228064    1.25992875    1.22208474    1.45100198    1.54924902    1.33737220    1.35908973    1.40090406    1.62156283    1.77205327    1.31955318    1.64825507    1.38721873    1.29738804    1.46798626    1.30327442    1.40142048    1.31974716    1.27993069    1.33136183    1.40965290    0.97532193    0.97026201    1.27588678    1.36331479    1.25819875    1.29182896    1.25944292    1.12765623    0.98524441    0.83584628    0.86235335    1.01006807
G3SAR2_GORGO/65-226     0.87569142    0.87735321    0.91866461    0.75056212    0.00000000    0.34497254    0.61014023    0.40404890    0.41613690    0.53191874    0.48333754    0.96098307    1.45179786    1.87109937    1.81509866    1.88940428    1.61582575    1.58329932    1.80683514    2.24249591    3.08277406    2.75612016    2.55166535    3.05978975    2.13507512    2.81596171    2.29292089    2.57049248    2.07282890    1.54580689    1.53521748    1.63456377    1.71006089    1.66993255    1.64673329    1.65201175    1.78283334    1.94727726    2.04539634    1.99704441    2.00197074    1.88419123    1.72180835    1.76130343    1.83497217    1.78357627    1.93797707    1.84802690    1.46785404    1.49148032    1.42906163    1.61071033    1.38835137    1.45235519    1.60578572    1.45063895    1.43367750    1.46235752    1.38264116    1.72768836    1.81474244    1.44817156    1.74153651    1.57968000    1.39565845    1.50431809    1.44178723    1.49558611    1.45008352    1.45946384    1.43792466    1.57915486    1.06548770    1.02542328    1.18414683    1.30056607    1.24734493    1.21126863    1.14863736    1.04228062    1.01631874    0.87799291    0.92847829    1.04727871
H3AJN5_LATCH/33-194     0.89152639    0.88261298    0.95292070    0.58836459    0.34497254    0.00000000    0.44046079    0.24483855    0.21355888    0.33136427    0.28725237    1.00615084    1.35539607    1.87762008    1.89672495    1.91011416    1.58761061    1.39422431    1.80977970    2.46353331    3.11744988    2.59171748    2.39151949    2.75221811    2.07360929    2.33416459    2.16773071    2.31212201    1.91697980    1.57667642    1.52270754    1.50451846    1.52910900    1.60012648    1.68572649    1.70826883    1.81275107    2.01591542    2.06471263    2.02133790    2.02433909    1.85008302    1.88758255    1.81014047    1.89484942    1.82186825    2.00765281    1.86801568    1.38773297    1.39329836    1.35114813    1.61419369    1.31339099    1.38848342    1.61703997    1.39539474    1.40394106    1.43179612    1.47104479    1.62792940    1.71704348    1.34312544    1.67381050    1.40950296    1.32009748    1.41285039    1.35140688    1.37446105    1.30381878    1.29963613    1.30309001    1.40454760    1.05415091    1.03635626    1.22672853    1.38158909    1.25106071    1.24312553    1.21836920    1.14462352    1.09073684    0.87651606    0.89434113    1.05672284
W5PDD3_SHEEP/5-162     1.07289846    1.02938711    1.14718590    0.85516179    0.61014023    0.44046079    0.00000000    0.22241623    0.46391056    0.52223641    0.46845487    1.20117907    1.74233393    2.27932501    2.32205250    2.35969206    1.80723068    1.86798277    2.15806973    2.45612253    3.32383468    2.97272150    2.62994075    3.33006379    2.38563223    2.92228009    2.46707395    2.81666873    2.25179086    1.85612799    1.87241751    1.83455515    1.94038602    2.03997847    1.81686133    1.81088846    1.94403184    2.32800833    2.08256813    2.06325180    2.14777220    1.92802768    1.90980786    1.99036249    1.94713770    1.97984425    2.11231178    1.96400046    1.62296369    1.73279069    1.68187047    1.95019015    1.67156835    1.65218622    1.96570436    1.71266452    1.60143808    1.72536762    1.67749124    1.91226898    1.92281462    1.85469860    1.79655618    1.83536359    1.75882163    1.90193853    1.83786886    1.96434490    1.80339263    1.69793435    1.81582231    1.81585790    1.20152139    1.43133927    1.41504441    1.58464630    1.42777050    1.47470387    1.39561445    1.50859623    1.44179509    1.21994202    1.24769775    1.27011600
G3SNA2_LOXAF/48-209     0.89255923    0.84065337    0.98648802    0.65224360    0.40404890    0.24483855    0.22241623    0.00000000    0.27080601    0.34072354    0.30932512    0.93658372    1.46170548    1.78486156    1.81035517    1.93382635    1.55233639    1.51731546    1.80162155    2.23947283    2.86334098    2.58238789    2.36717737    2.80950486    2.07018651    2.40657813    2.17334387    2.43464909    1.88750237    1.64529286    1.47961144    1.46315136    1.71909471    1.76703259    1.55561746    1.56240382    1.77519215    2.09145986    1.94785290    1.92023521    1.96337607    1.79851520    1.77333128    1.75071123    1.77999960    1.81389313    1.91972204    1.84888449    1.41641986    1.44850694    1.35846375    1.52966467    1.37963790    1.38836752    1.64846509    1.39494128    1.37810395    1.44804193    1.41620306    1.73335642    1.70247706    1.50427490    1.61418110    1.43086274    1.32764155    1.38611387    1.35286918    1.42513157    1.33797684    1.35092391    1.39610628    1.39185616    1.03990778    1.14294948    1.13356958    1.26680869    1.13080423    1.19371796    1.10133840    1.19693384    1.15195717    0.93720251    0.97328075    1.06358369
W5NDP1_LEPOC/34-195     0.96327907    0.86979004    0.95197787    0.64814646    0.41613690    0.21355888    0.46391056    0.27080601    0.00000000    0.23435955    0.19009776    1.02497093    1.32164139    1.76449783    1.85708293    1.91419720    1.56183754    1.43010398    1.79221405    2.17161870    2.82491655    2.41719214    2.19056983    2.88987621    2.13783031    2.35628573    2.22583237    2.26113531    1.78076618    1.51887619    1.53100637    1.56963976    1.58851167    1.60064408    1.68778312    1.61404503    1.86416829    2.06222814    1.90334284    1.93174058    2.03936969    1.83639688    1.76511103    1.73626217    1.79926591    1.75982902    1.93060599    1.77716684    1.24975618    1.27189625    1.25021799    1.50993361    1.21616069    1.31095103    1.53682048    1.35973748    1.33500441    1.34396075    1.37993649    1.61928705    1.68010005    1.32054701    1.62382051    1.31938363    1.30947339    1.37386501    1.35621545    1.36522737    1.33670691    1.32605995    1.33462130    1.42237300    1.02649222    1.05508894    1.15911517    1.26777770    1.21118710    1.19393169    1.09062136    1.25790031    1.14492397    0.86893099    0.88287547    1.02578647
H2L623_ORYLA/33-194     0.95008885    0.94445471    1.08741627    0.73474604    0.53191874    0.33136427    0.52223641    0.34072354    0.23435955    0.00000000    0.21136840    1.05068433    1.46227611    1.84175718    1.85522822    1.96854679    1.59450043    1.41605194    1.81960580    2.26089297    2.78169967    2.36298777    2.19909986    2.94478067    2.17635104    2.55545974    2.40898162    2.36801030    1.94702779    1.58831446    1.53464996    1.61935134    1.64025482    1.67127885    1.65271847    1.56380640    1.84997719    2.11656323    1.91327789    1.95815944    1.98079410    1.96402683    1.90141914    1.82424278    1.82974899    1.90051663    2.03188734    1.84599469    1.26098533    1.32998241    1.27886305    1.50733074    1.24093773    1.27925047    1.57393991    1.40644689    1.37616641    1.36383368    1.39574796    1.65565867    1.60050550    1.37458235    1.66090884    1.40933570    1.33062596    1.41735371    1.34010042    1.42135877    1.35294309    1.33601381    1.40014544    1.40822592    1.10465158    1.21367232    1.28214495    1.38862117    1.28288545    1.29888177    1.26081453    1.28919907    1.23017881    0.95072732    0.96709307    1.11668765
H3DE96_TETNG/34-197     1.00992510    0.86957753    0.98333919    0.72487742    0.48333754    0.28725237    0.46845487    0.30932512    0.19009776    0.21136840    0.00000000    1.02939126    1.44947230    1.87799146    1.88069187    1.93253877    1.60915594    1.40095888    1.78606463    2.21852837    2.85959399    2.30036603    2.04975933    2.76787835    2.11728526    2.42839884    2.30702570    2.22210097    1.85830389    1.59613828    1.49119823    1.54115567    1.70344377    1.71725692    1.71360551    1.65665552    1.81466587    2.03987486    1.91058255    1.93555705    1.90589047    1.88701128    1.79552952    1.81193541    1.83854680    1.85272407    1.98813782    1.91578045    1.39563629    1.32812860    1.37278160    1.52077625    1.32867110    1.42889920    1.57238167    1.40478295    1.39009557    1.39758658    1.42677976    1.70298504    1.73404745    1.43592210    1.59794426    1.40957422    1.33755495    1.46884476    1.37383761    1.53145310    1.32578798    1.29846332    1.37380877    1.44872654    1.12462100    1.06955444    1.27189517    1.33629068    1.25636743    1.21291646    1.21257014    1.26269030    1.18427612    0.89076908    0.91303474    1.08004873
E9H8Q6_DAPPU/27-193     0.89705357    0.97873690    0.92513477    0.83703877    0.96098307    1.00615084    1.20117907    0.93658372    1.02497093    1.05068433    1.02939126    0.00000000    1.61403655    1.68226744    1.66583564    1.84369727    1.62006930    1.55283981    1.46257755    1.92362814    2.79303923    2.41382083    2.54468575    2.32045894    2.00005369    2.35617338    2.55717841    2.55214104    1.87193194    1.69130872    1.69462315    1.79216261    1.60417375    1.73869295    1.69781399    1.58300117    1.93236852    2.21812694    2.25613645    2.23700465    2.33001916    2.09105829    1.93220084    1.88430651    1.79660001    2.01351556    2.03673034    1.92708903    1.66635482    1.56547215    1.59812110    1.78903319    1.65169482    1.63765454    1.51559761    1.51746069    1.51847877    1.41891897    1.40168527    1.71649361    1.69111693    1.48705938    1.70931830    1.44417814    1.37017704    1.34265804    1.41474053    1.53756723    1.41227058    1.47462338    1.53001823    1.35290387    0.95909577    0.97971844    1.15676092    1.28753306    1.17309556    1.24388677    1.24290428    1.01482179    0.95931341    0.89762582    0.97144734    0.98407861
A0A1I7W291_LOALO/22-187     1.52570221    1.77371534    1.68657970    1.40855331    1.45179786    1.35539607    1.74233393    1.46170548    1.32164139    1.46227611    1.44947230    1.61403655    0.00000000    1.56761207    1.61857988    1.61693640    1.82855410    2.01012797    2.37520682    2.66320626    3.47292861    3.07298376    3.51440249    3.30424498    2.78165697    3.10537604    2.57076818    2.87420215    2.23225765    2.20552185    1.85847691    1.88656710    1.90947506    1.81158278    2.10560298    2.05904389    2.40290093    2.34688831    2.56960387    2.51262981    2.80116246    2.31464306    2.08126022    1.93152337    1.89978125    2.09548459    2.12781968    2.43200278    1.88529876    1.96192029    2.13806875    2.05444105    2.03959020    1.99795030    2.09477159    2.09173939    1.83197584    1.91670597    2.00935248    1.98605288    1.93261962    1.69002155    2.08543539    1.64866112    1.78158988    1.84216504    1.88244878    1.96726500    1.75250531    1.78295277    1.73022750    1.86107916    1.70370123    1.58191409    1.74385748    1.91024498    1.74447301    1.75129990    1.66723732    1.75326101    1.92323074    1.45259465    1.50445444    1.65156066
Q20445_CAEEL/6-173     1.87582324    2.07959424    2.19308790    1.89636450    1.87109937    1.87762008    2.27932501    1.78486156    1.76449783    1.84175718    1.87799146    1.68226744    1.56761207    0.00000000    0.31454109    0.27791784    2.41225373    1.93267478    2.13797672    2.71149877    3.07673911    2.83613668    2.89931273    2.95075456    2.74207155    2.54577428    3.10736776    2.92797059    2.19068780    2.17078720    2.15738901    2.49404070    2.32365368    2.28488692    2.68479208    2.46223852    2.73659160    2.94629797    2.87986922    2.74908211    2.87482238    2.86375602    2.44495866    2.69999056    2.45411955    2.66081017    2.67557385    2.17104578    2.33051193    2.09143466    2.20144184    2.14310839    2.29392080    2.24189465    2.24594539    2.18654152    2.26701339    2.12900521    2.12412707    2.62561429    2.69064814    1.97798524    2.17308807    2.16573895    2.14032676    2.01107809    2.01689314    2.29832150    2.03141980    2.11127226    1.86645468    2.04125666    2.06529483    1.66718858    1.59350838    1.65433959    1.53912603    1.68606337    1.50376430    1.69446546    1.71929105    1.47686363    1.50442106    1.72125582
A0A2H2IIC6_CAEJA/3-174     2.00951700    2.10256671    2.26175320    1.88692265    1.81509866    1.89672495    2.32205250    1.81035517    1.85708293    1.85522822    1.88069187    1.66583564    1.61857988    0.31454109    0.00000000    0.34009919    2.74532586    2.07614571    2.05269467    2.70121813    3.50696171    2.87610025    3.07776359    3.15629859    2.81169680    2.76683628    2.90069865    2.93363122    2.42276690    2.01514990    1.98222568    2.21808437    2.07526069    2.16309689    2.36583231    2.20351120    2.51933345    2.67401693    2.61606147    2.63924960    2.76033756    2.59813823    2.32066529    2.57823139    2.39819372    2.51304900    2.43073267    2.19225179    2.40398511    2.24831679    2.38459981    2.21019798    2.34640723    2.33585290    2.15027648    2.20262553    2.23620334    2.12871247    2.05402962    2.42823575    2.42761025    2.04366824    2.05860013    1.92271694    1.76571844    1.77565571    2.01418551    2.19699449    1.94239021    1.97692181    1.88065819    1.85171324    2.09858377    1.71511127    1.68799106    1.75699194    1.59656520    1.72973332    1.57937212    1.74519312    1.78488582    1.56676407    1.61739607    1.79190044
E3MHB3_CAERE/6-173     1.96524337    2.25908374    2.44697359    2.02050838    1.88940428    1.91011416    2.35969206    1.93382635    1.91419720    1.96854679    1.93253877    1.84369727    1.61693640    0.27791784    0.34009919    0.00000000    2.44146984    2.02094596    2.36236499    2.76125752    3.25359478    2.78989115    3.12266642    2.99310465    2.67504627    2.61546240    2.94566658    2.97644741    2.13228732    2.28954876    2.15335296    2.43234639    2.35759364    2.39269070    2.65751054    2.46797303    2.64153127    2.86847213    2.86088040    2.81252849    2.88571164    2.87213249    2.52905872    2.87875024    2.61064878    2.76357677    2.74905869    2.27594514    2.30950818    2.19434018    2.20998139    2.28216382    2.31184934    2.26013385    2.44824512    2.46724054    2.32469626    2.22834925    2.23077470    2.72968263    2.91526797    1.95017957    2.35183129    2.28530928    2.13350357    2.25208583    2.36979872    2.66912013    2.11995385    2.12846338    1.97093774    2.18394771    2.33724092    1.75649620    1.77034892    1.80537164    1.67483876    1.79421733    1.67478240    1.90096896    1.89354420    1.69798982    1.71155847    1.86815635
A9V998_MONBE/16-174     1.65507660    1.35108652    1.36793148    1.56040780    1.61582575    1.58761061    1.80723068    1.55233639    1.56183754    1.59450043    1.60915594    1.62006930    1.82855410    2.41225373    2.74532586    2.44146984    0.00000000    1.64779170    2.00124942    2.29829358    2.96335930    2.64934077    2.67151162    2.81399889    2.33175238    2.76172736    2.60710801    2.61973101    1.98979624    1.73687380    1.59540233    1.85188220    2.07063528    2.12165140    2.28119684    2.13563958    2.27436884    2.62722020    2.70225440    2.45392601    2.53415529    2.24905167    2.55345758    2.28099174    2.23133886    2.47816860    2.53933819    2.21120671    1.59265403    1.63486682    1.59500869    1.79159917    1.48432729    1.54085234    1.80965583    1.84542137    1.68595856    1.69142795    1.74668033    1.75620660    2.00807577    1.52597008    2.18088970    1.95454980    1.82457976    1.90783201    1.79150389    1.73971474    1.88278068    1.80303257    1.80093734    1.87386808    1.73831219    1.55899899    1.96402525    1.90916477    1.89018421    1.88162765    1.91401070    1.61314981    1.60418978    1.80076060    1.79920093    1.61163112
A0A0D2WGU5_CAPO3/24-184     1.56745291    1.74529182    1.72864684    1.41040301    1.58329932    1.39422431    1.86798277    1.51731546    1.43010398    1.41605194    1.40095888    1.55283981    2.01012797    1.93267478    2.07614571    2.02094596    1.64779170    0.00000000    1.85762937    2.37189473    2.86479941    2.68692795    2.69443798    2.41869585    2.07307554    2.32866872    2.57457484    2.68834213    2.11768824    1.62130977    1.60062368    1.75679791    1.65178365    1.73491154    1.81675922    1.67760355    1.80712863    2.15118820    1.78419787    1.80955628    1.71507895    1.96735416    2.03643643    1.98241529    1.74145970    2.00063956    1.93681592    1.78465662    1.29906703    1.37114556    1.24999947    1.45268048    1.21554291    1.36767990    1.49158962    1.57933153    1.39852559    1.30369168    1.19953261    1.49542637    1.72110978    1.49147226    1.97944232    1.58071324    1.61081197    1.61035867    1.67965937    1.71478417    1.65734301    1.74506246    1.72967453    1.63442107    1.47721043    1.28353355    1.90309612    1.90309138    1.91600000    1.87759035    1.78850394    1.70272830    1.56704783    1.46727469    1.50816069    1.51958582
A8PR04_MALGO/11-182     1.99151499    1.95627452    2.03863780    1.69842758    1.80683514    1.80977970    2.15806973    1.80162155    1.79221405    1.81960580    1.78606463    1.46257755    2.37520682    2.13797672    2.05269467    2.36236499    2.00124942    1.85762937    0.00000000    2.26501130    2.42186102    2.63412706    2.62736691    2.58248221    2.03413686    2.96379570    2.94255091    2.56623373    2.37483425    1.66396794    1.78062862    2.00688896    1.83578076    1.92289226    2.01293097    2.13107685    2.10952888    2.25852937    2.25903842    2.28975362    2.12146307    2.29441093    2.25486043    2.38134882    2.16142715    2.31253683    2.32103916    1.82884587    1.53696811    1.70171123    1.76265029    1.76312540    1.59885143    1.66034075    1.65120016    1.66095736    1.83199408    1.66723464    1.68054923    1.79717882    1.84027353    1.50775899    2.38087814    1.84916977    1.70421075    1.69879933    1.76781951    2.00978526    1.64363447    1.68623549    1.80022572    1.72018237    1.55151172    1.68267658    2.02191738    1.89958634    1.86484688    2.00346846    1.80984191    1.80151668    1.74931371    1.68603899    1.71225041    1.65152795
Q23DR7_TETTS/6-171     2.45210794    2.39970115    2.22459006    2.36700860    2.24249591    2.46353331    2.45612253    2.23947283    2.17161870    2.26089297    2.21852837    1.92362814    2.66320626    2.71149877    2.70121813    2.76125752    2.29829358    2.37189473    2.26501130    0.00000000    1.52487693    2.14190417    2.42657273    2.38955432    2.00776114    2.11162354    2.24779796    2.12027847    2.02610376    2.30507500    2.20520653    2.22583043    2.55866775    2.67814001    2.57651430    2.34009530    2.43069290    2.87597318    2.80416415    2.67411852    2.78961616    2.22595276    2.75322632    2.67110919    2.51865155    2.44747032    2.48177371    2.32440085    2.18800076    1.96480639    2.27369807    2.38922032    2.11252239    2.06152976    2.59676479    2.40154538    2.52469432    2.41344919    2.46575238    2.27843024    2.37626099    1.86346034    3.01333491    2.61712066    2.38132744    2.54627756    2.65227642    2.57074783    2.60360673    2.50502788    2.56842684    2.53576437    2.13553865    2.18318584    2.42872250    2.50047583    2.51170620    2.24530497    2.37053226    2.29480657    2.32845565    2.05332775    2.19605523    2.12149100
A0CWM3_PARTE/12-178     3.28997390    3.49202550    3.28037630    3.22376780    3.08277406    3.11744988    3.32383468    2.86334098    2.82491655    2.78169967    2.85959399    2.79303923    3.47292861    3.07673911    3.50696171    3.25359478    2.96335930    2.86479941    2.42186102    1.52487693    0.00000000    2.53881403    2.06366152    2.61760938    2.36622385    2.71915435    2.56916114    2.35040900    2.64044419    2.66987972    2.69108532    2.47689939    3.32226891    3.38002285    2.96636325    3.17308903    3.22043795    3.27346072    3.44631457    3.46074579    3.36989742    3.28164815    3.40257688    3.24478500    3.37627391    3.23724789    3.08564780    2.77558881    2.27886575    2.15747142    2.11611086    2.36960817    2.27628775    2.51047626    3.09392838    2.91919088    2.79525004    2.74635025    3.04099946    2.65720338    2.08297655    2.09945647    3.84173084    3.08115468    3.04958017    2.58482667    2.93572013    3.26197082    2.88605797    2.78114142    2.76455798    2.90552135    2.87246576    3.05161787    2.76908361    2.77886984    2.78804480    2.68770626    2.97847197    2.59860845    2.36264741    2.53552153    2.73848366    2.75464089
A3LPN8_PICST/44-219     2.75449742    2.51629952    2.62352784    2.62610310    2.75612016    2.59171748    2.97272150    2.58238789    2.41719214    2.36298777    2.30036603    2.41382083    3.07298376    2.83613668    2.87610025    2.78989115    2.64934077    2.68692795    2.63412706    2.14190417    2.53881403    0.00000000    1.58668456    2.07233977    2.04707181    1.87135741    2.43857344    1.97905932    1.49870907    2.74795243    2.68733181    2.62123495    3.02100926    2.90610792    2.78823218    2.95646841    2.99360627    3.20587923    3.10329416    3.64041202    3.17111502    2.94809259    2.72861526    2.86234287    2.75775162    2.65984041    2.85344805    3.13229896    2.30384096    2.31558626    2.60664820    2.77571696    2.61390768    2.49296103    2.79902027    2.83192946    2.78186982    2.53516591    2.64837251    2.56081129    2.85103513    2.14433496    2.96121398    2.67555650    2.62855180    2.51994738    2.40774300    2.78100395    2.69850538    2.61527558    2.39116157    2.45784522    2.67942481    2.27051679    2.30295496    2.39681897    2.51678855    2.58289810    2.45705571    2.23865400    2.59032215    2.32765299    2.37720707    2.44299098
K0KZ54_WICCF/64-235     2.91097542    2.28005878    2.40236953    2.52506807    2.55166535    2.39151949    2.62994075    2.36717737    2.19056983    2.19909986    2.04975933    2.54468575    3.51440249    2.89931273    3.07776359    3.12266642    2.67151162    2.69443798    2.62736691    2.42657273    2.06366152    1.58668456    0.00000000    2.03374852    1.77538752    2.01239034    1.78771314    1.69560096    1.49269422    2.59526522    2.49521459    2.59932533    2.91451712    2.95007380    2.50427546    2.68522806    2.38204299    2.76741417    2.91582167    2.81552436    2.90278792    2.57562406    2.58170847    2.62148820    2.56444739    2.20381099    2.47109889    3.10756109    2.26622242    2.17226812    1.89827942    2.23680614    2.11909109    2.14797397    2.63894769    2.60759632    2.51574578    2.58267363    2.74894317    2.24407856    2.63882715    2.14195683    3.05303159    3.04314450    2.90094456    2.58741592    2.67561462    2.68405303    2.83055764    2.84155079    2.96514338    2.79844224    2.88128974    2.28128268    2.39060577    2.55135800    2.33648674    2.25712312    2.50511385    2.46710629    2.87271345    2.51726876    2.43533508    2.69194544
Q756Q0_ASHGO/115-299     3.06014692    2.65955875    2.82308387    2.74359582    3.05978975    2.75221811    3.33006379    2.80950486    2.88987621    2.94478067    2.76787835    2.32045894    3.30424498    2.95075456    3.15629859    2.99310465    2.81399889    2.41869585    2.58248221    2.38955432    2.61760938    2.07233977    2.03374852    0.00000000    1.50419270    1.17874037    1.30802630    1.35250781    0.99166395    2.52079348    2.51502031    2.32503139    3.16562139    3.17483279    2.17594479    2.27279030    2.10587783    2.38665863    2.95399265    2.92005752    2.60827317    2.27742722    2.48814795    2.23583784    2.33597651    1.88595173    2.17076829    2.46316238    2.66564487    2.48545853    2.39136347    2.45884518    2.58695267    2.29567406    2.62356272    2.67859299    2.67616902    2.58355953    2.45605808    2.18072187    2.34562749    2.47755971    3.13034955    3.32524935    2.81375793    2.66480395    2.72240456    2.62307119    2.97218638    2.97504131    3.24812437    2.88492728    2.62274085    2.69991007    2.86708225    2.85315972    2.51312397    2.67769877    2.84832612    2.29387599    2.51634353    2.55011380    2.45126742    2.31761514
G8C0B0_TETPH/63-253     2.33019083    2.29551671    2.20107745    2.21539001    2.13507512    2.07360929    2.38563223    2.07018651    2.13783031    2.17635104    2.11728526    2.00005369    2.78165697    2.74207155    2.81169680    2.67504627    2.33175238    2.07307554    2.03413686    2.00776114    2.36622385    2.04707181    1.77538752    1.50419270    0.00000000    1.36656103    1.44221296    1.36780293    1.36038571    2.21866038    1.92375466    1.84717771    2.62808464    2.48219356    2.06175378    2.28740475    1.96248142    2.16621051    2.54390829    2.59025204    2.54705520    1.94804856    2.14594559    2.05926001    1.77441621    2.01896741    2.08934624    1.96362381    2.04132838    1.78059607    1.90388772    1.86851420    1.87286363    1.99809942    2.42280821    2.36769627    2.53204679    2.35435739    2.30634135    2.42456926    2.47298342    2.10527047    2.39826099    2.46303660    2.43429558    2.24674009    2.27046347    2.21366051    2.35253413    2.33887477    2.52958588    2.42325658    2.15216046    2.21151766    2.23969607    2.26406979    2.13378410    2.06547718    2.23286031    1.99828123    1.99964682    1.78061590    1.95094955    2.06111215
G8ZTX3_TORDC/62-247     2.81183375    2.48016593    2.55250668    2.39804470    2.81596171    2.33416459    2.92228009    2.40657813    2.35628573    2.55545974    2.42839884    2.35617338    3.10537604    2.54577428    2.76683628    2.61546240    2.76172736    2.32866872    2.96379570    2.11162354    2.71915435    1.87135741    2.01239034    1.17874037    1.36656103    0.00000000    1.23854713    1.22148190    1.30332245    2.55504635    1.86537239    1.84175045    2.83877315    2.83668141    2.24989450    2.18288094    1.83805493    2.29682094    2.69186686    2.97754017    2.81407895    2.01078761    2.19196469    2.22268234    2.21946303    2.00304238    2.20896571    2.20752416    2.29864869    1.96112552    1.99233579    2.08643522    1.86537315    2.07643340    2.67296223    2.68795143    2.58629125    2.69708948    2.71045057    2.35458921    2.41327161    1.99539227    2.74448191    3.22153022    2.55268795    2.86413579    2.67511363    2.46991785    2.87726217    2.62772353    2.65234763    2.62990970    2.55268518    2.43488223    2.62376430    2.74989474    2.68216924    2.74973614    2.83532298    2.36665978    2.39706561    2.16995552    2.25188650    2.33055911
UPF3_YEAST/83-275     2.42004212    2.30754417    2.24288766    2.58764360    2.29292089    2.16773071    2.46707395    2.17334387    2.22583237    2.40898162    2.30702570    2.55717841    2.57076818    3.10736776    2.90069865    2.94566658    2.60710801    2.57457484    2.94255091    2.24779796    2.56916114    2.43857344    1.78771314    1.30802630    1.44221296    1.23854713    0.00000000    1.26872049    1.40563932    2.86847259    2.06749672    2.14623874    2.94507669    2.66455467    2.00530614    2.05495405    1.95232696    2.11170666    2.18307363    2.08139974    2.08582309    1.99118391    2.06920944    1.89732291    1.81059485    1.90910307    2.00524748    2.47830150    2.31187025    2.07424829    2.04710253    2.02469161    2.07662322    2.18896147    2.95800527    2.72517461    2.75635154    2.88577032    2.89725957    2.34081081    2.12192273    2.63275965    2.65951711    3.06114892    2.66846110    2.56760057    2.64705867    2.56500113    2.80936531    2.66039324    2.85742577    2.83456012    2.34661889    2.35925489    2.65337672    2.89440855    2.56860301    2.59615675    2.38275228    2.57043875    2.51385042    2.19889153    2.25415051    2.37146101
J7SA69_KAZNA/111-310     2.69733872    2.52719977    2.58089850    2.48439125    2.57049248    2.31212201    2.81666873    2.43464909    2.26113531    2.36801030    2.22210097    2.55214104    2.87420215    2.92797059    2.93363122    2.97644741    2.61973101    2.68834213    2.56623373    2.12027847    2.35040900    1.97905932    1.69560096    1.35250781    1.36780293    1.22148190    1.26872049    0.00000000    1.46080916    2.44397302    2.30764863    2.31174082    3.25637035    3.07090668    2.33722904    2.39495180    2.36054153    2.67091403    2.80536447    3.01466136    2.93423145    2.47317711    2.42137697    2.37998025    2.32155630    2.22634046    2.44990858    2.64589950    2.38963883    2.12364436    2.01553608    2.34042342    2.21262820    2.19729711    3.01243490    2.95462475    2.85980246    2.98199511    2.94294917    2.86924939    2.65529870    2.07227981    2.96342725    2.76489523    2.59896305    2.51560580    2.46395834    2.64766558    2.78268845    2.73100770    2.84726829    2.82294745    2.55489596    2.44910062    2.79521697    2.61970713    2.78035633    2.54194525    2.88726234    2.47631389    2.56190942    2.17240708    2.24733259    2.57792493
C5DEE0_LACTC/62-246     2.08568343    1.92605903    1.92522776    1.98958111    2.07282890    1.91697980    2.25179086    1.88750237    1.78076618    1.94702779    1.85830389    1.87193194    2.23225765    2.19068780    2.42276690    2.13228732    1.98979624    2.11768824    2.37483425    2.02610376    2.64044419    1.49870907    1.49269422    0.99166395    1.36038571    1.30332245    1.40563932    1.46080916    0.00000000    2.07483924    1.88509083    1.66671613    2.83333251    2.94902781    1.97119510    2.02311541    1.90588171    2.38120365    2.56904589    2.69085455    2.41522293    2.17327247    2.22637744    2.09458641    1.96424360    1.92975962    2.27485040    1.99086916    1.89840424    1.82485511    1.82286059    2.00719081    1.82811649    1.90729684    2.08368877    1.90814900    1.82894158    1.75669018    1.90933331    1.90352659    1.98371577    1.80742884    2.32760024    2.38835750    2.17753251    2.22459369    2.18863686    2.28559643    2.32699599    2.33540927    2.29300657    2.34920192    2.25039112    2.14003132    2.25823374    2.39120030    2.25637222    2.25309897    2.35189383    1.98530709    2.13411088    1.88370805    1.86343320    1.94282009
G7E1D3_MIXOS/49-241     1.70350549    1.74572380    1.87292581    1.67176778    1.54580689    1.57667642    1.85612799    1.64529286    1.51887619    1.58831446    1.59613828    1.69130872    2.20552185    2.17078720    2.01514990    2.28954876    1.73687380    1.62130977    1.66396794    2.30507500    2.66987972    2.74795243    2.59526522    2.52079348    2.21866038    2.55504635    2.86847259    2.44397302    2.07483924    0.00000000    1.36217404    1.42783637    1.64343268    1.57058406    1.53746333    1.46302268    1.64612877    1.88924003    1.74235941    1.74803911    1.49392747    1.71360618    1.78654643    1.83140290    1.94028533    1.76736661    1.79831989    1.56606119    1.05911362    1.04043031    1.15201128    1.16640268    1.06630488    1.08566944    1.29885641    1.29173606    1.32166079    1.28769580    1.27479868    1.30393019    1.20517709    0.97128700    2.20840226    1.67937635    1.62282096    1.55523615    1.62992392    1.73667264    1.65120070    1.63435181    1.60995679    1.60886672    1.87305944    1.49682572    1.82982393    1.68170071    1.71723493    1.86207776    1.71780725    1.65389616    1.69979923    1.69081927    1.72060905    1.60602654
L0PC19_PNEJ8/22-183     1.86068529    1.54082384    1.57408386    1.40459111    1.53521748    1.52270754    1.87241751    1.47961144    1.53100637    1.53464996    1.49119823    1.69462315    1.85847691    2.15738901    1.98222568    2.15335296    1.59540233    1.60062368    1.78062862    2.20520653    2.69108532    2.68733181    2.49521459    2.51502031    1.92375466    1.86537239    2.06749672    2.30764863    1.88509083    1.36217404    0.00000000    0.42119139    1.02075500    0.95035060    1.43625815    1.33285197    1.28454652    1.57271691    1.49134791    1.55560044    1.47103520    1.36654139    1.40996407    1.35753189    1.43682188    1.48690750    1.46610054    1.60446989    1.15837991    1.20006767    1.15463212    1.20855800    1.15257112    1.22576594    1.07076556    1.23607324    1.18228485    1.20564049    1.10624745    1.31017729    1.23433714    0.99872464    1.83817545    1.29623969    1.30742687    1.34496650    1.40001062    1.48175456    1.31131255    1.25058859    1.26281544    1.34095844    1.61642615    1.61853160    1.91118402    1.80271519    1.77182112    1.87157281    1.72673443    1.58178548    1.66889142    1.36347821    1.44708777    1.55636013
M7NUV3_PNEMU/20-178     2.02086189    1.83519776    1.75824081    1.57650975    1.63456377    1.50451846    1.83455515    1.46315136    1.56963976    1.61935134    1.54115567    1.79216261    1.88656710    2.49404070    2.21808437    2.43234639    1.85188220    1.75679791    2.00688896    2.22583043    2.47689939    2.62123495    2.59932533    2.32503139    1.84717771    1.84175045    2.14623874    2.31174082    1.66671613    1.42783637    0.42119139    0.00000000    1.26868515    1.21612072    1.41486352    1.51957890    1.38623560    1.73861982    1.71699701    1.56604049    1.70041818    1.50303474    1.46723471    1.38862756    1.55872253    1.48964244    1.61053770    1.54952083    1.37282622    1.47161920    1.25021741    1.39895193    1.38064940    1.44786474    1.24790561    1.37050133    1.22079955    1.27669734    1.21039668    1.53832740    1.50200304    1.16040118    2.00896356    1.40775765    1.41688700    1.42099331    1.61315836    1.59112796    1.44687161    1.26835615    1.36172570    1.50439044    1.77174932    1.76815988    2.02872161    1.96258698    1.82489423    1.90914852    1.87505120    1.66588230    1.89924686    1.49583851    1.57514330    1.76215897
G1XUW6_ARTOA/49-237     1.75105551    1.71970164    1.68356561    1.59775335    1.71006089    1.52910900    1.94038602    1.71909471    1.58851167    1.64025482    1.70344377    1.60417375    1.90947506    2.32365368    2.07526069    2.35759364    2.07063528    1.65178365    1.83578076    2.55866775    3.32226891    3.02100926    2.91451712    3.16562139    2.62808464    2.83877315    2.94507669    3.25637035    2.83333251    1.64343268    1.02075500    1.26868515    0.00000000    0.26880624    1.41512708    1.40579861    1.34589598    1.47499939    1.67250855    1.63491276    1.43283626    1.54436334    1.46368265    1.25395664    1.30960551    1.34290454    1.42815158    2.01188624    1.52701668    1.56693441    1.54915965    1.70244808    1.55066856    1.62748222    1.68305729    1.62548366    1.67263256    1.67459956    1.66809068    1.58649518    1.63919651    1.36719561    1.71907475    1.71611573    1.76929145    1.64579276    1.79666170    1.84401538    1.83875705    1.91196504    1.78727611    1.82049709    1.73299598    1.65941873    1.86091357    1.83056024    1.73089112    1.80569828    1.81212251    1.56912335    1.71177222    1.56301497    1.56788749    1.69653382
