12
CEP2_HHV8P/3-327     0.00000000    1.37806695    1.28635846    2.91360336    2.90455735    2.87718186    2.93770183    2.83745374    3.06113834    2.86339232    1.78209608    1.50698026
CEP2_EHV2/8-335     1.37806695    0.00000000    1.16993213    2.68811009    2.81859393    2.76188659    2.82380224    2.76456744    2.82693652    2.66276094    1.52903033    1.26034303
CEP2_SHV21/3-324     1.28635846    1.16993213    0.00000000    2.60401630    2.38096879    2.51454728    2.78488169    2.64825316    2.49630437    2.55021245    1.46948316    1.07336927
CEP2_HCMVM/10-342     2.91360336    2.68811009    2.60401630    0.00000000    1.66096151    3.21085297    3.54602250    3.35682613    3.27828479    3.29831666    2.66095360    2.48287073
CEP2_HHV6Z/10-331     2.90455735    2.81859393    2.38096879    1.66096151    0.00000000    3.15138555    3.51792866    3.35140730    3.50861902    3.31926087    2.31472945    2.33972864
CEP2_PSHV1/11-340     2.87718186    2.76188659    2.51454728    3.21085297    3.15138555    0.00000000    2.12157418    2.08296689    2.29797353    2.14375477    3.23185739    2.55309997
CEP2_HHV2H/40-361     2.93770183    2.82380224    2.78488169    3.54602250    3.51792866    2.12157418    0.00000000    0.26079660    1.81611329    1.71129233    2.95289047    2.97687016
CEP2_HHV11/40-361     2.83745374    2.76456744    2.64825316    3.35682613    3.35140730    2.08296689    0.26079660    0.00000000    1.86225258    1.58117337    2.83305041    2.89008842
CEP2_VZVD/23-345     3.06113834    2.82693652    2.49630437    3.27828479    3.50861902    2.29797353    1.81611329    1.86225258    0.00000000    1.59549594    2.66339663    2.66467482
CEP2_GAHVM/24-350     2.86339232    2.66276094    2.55021245    3.29831666    3.31926087    2.14375477    1.71129233    1.58117337    1.59549594    0.00000000    2.81372157    2.79101070
CEP2_ALHV1/5-329     1.78209608    1.52903033    1.46948316    2.66095360    2.31472945    3.23185739    2.95289047    2.83305041    2.66339663    2.81372157    0.00000000    1.26040567
CEP2_EBVB9/7-330     1.50698026    1.26034303    1.07336927    2.48287073    2.33972864    2.55309997    2.97687016    2.89008842    2.66467482    2.79101070    1.26040567    0.00000000

