8
Q9Q8M7_MYXVL/1-193     0.00000000    0.16106742    1.01448870    1.34659094    1.58854580    0.68600516    0.75345835    0.79247971
Q9Q8Z9_RFVKA/1-196     0.16106742    0.00000000    1.04579215    1.50849133    1.72595747    0.74842802    0.80388191    0.79643216
H5_VAR67/1-221     1.01448870    1.04579215    0.00000000    1.67651385    1.57868746    0.91399844    1.06658870    1.01105528
Q98253_MCV1/1-218     1.34659094    1.50849133    1.67651385    0.00000000    1.49715525    1.57804376    1.72833512    1.48316444
Q6TVQ9_ORFSA/1-226     1.58854580    1.72595747    1.57868746    1.49715525    0.00000000    1.68154773    1.52343468    1.60589029
Q08FR7_DPV83/1-192     0.68600516    0.74842802    0.91399844    1.57804376    1.68154773    0.00000000    0.79090778    0.69690694
Q8V3M2_SWPV1/1-181     0.75345835    0.80388191    1.06658870    1.72833512    1.52343468    0.79090778    0.00000000    0.74227022
Q6TUT9_YMTV5/1-179     0.79247971    0.79643216    1.01105528    1.48316444    1.60589029    0.69690694    0.74227022    0.00000000

