23
Q0C8K9_ASPTN/32-148     0.00000000    1.30735666    0.93831985    0.95747526    0.99652262    1.09202399    1.11101324    0.87144646    0.97018704    1.00597058    0.72154774    1.60043600    1.63862428    2.56852614    2.36088271    2.54401946    2.29446926    1.65254164    2.17420151    2.90069372    2.76565892    2.20561975    2.04037746
Q7S165_NEUCR/23-137     1.30735666    0.00000000    1.23457313    1.39286337    1.17019485    1.34264816    1.17192953    1.19752724    1.12230680    1.33762664    1.28297997    1.61532339    2.18983456    2.93261079    2.35027337    3.10371768    2.07836861    1.86814983    2.21733505    2.70585383    2.83959553    2.33147165    2.04051930
AGUA_ASPFU/25-141     0.93831985    1.23457313    0.00000000    0.57601356    0.65791039    0.85926566    0.78667404    0.83299504    0.96536016    1.01348147    1.14464455    2.00679988    1.75851352    2.74866775    2.35578571    2.68628645    2.15107521    1.78244328    2.03546945    2.97647514    2.69075495    2.35417515    2.18478248
AGUA_ASPCL/25-141     0.95747526    1.39286337    0.57601356    0.00000000    0.77690722    0.91330631    0.84419051    1.00894333    1.04724390    1.10904360    1.03530322    1.94168870    1.79623058    2.92877174    2.40616050    2.53919487    2.23746847    2.08177945    2.15326936    3.11933782    2.86847727    2.64132313    2.30709532
AGUA_ASPOR/24-140     0.99652262    1.17019485    0.65791039    0.77690722    0.00000000    0.66211304    0.64274624    0.84999897    1.15647447    1.09696871    1.09491407    1.87088477    1.67370529    2.56277561    2.29069392    2.40698641    1.96954349    1.91282877    2.21092045    2.61474895    2.58274493    2.36690287    2.31102880
G3XNR5_ASPNA/26-141     1.09202399    1.34264816    0.85926566    0.91330631    0.66211304    0.00000000    0.77047396    0.98359279    1.40649158    1.30587586    1.24432767    1.94138235    1.73001317    2.53517088    2.41793917    2.84806838    2.28483710    2.14467355    2.00782677    2.60610968    2.63417489    2.57318396    2.21460865
AGUA_ASPTN/25-142     1.11101324    1.17192953    0.78667404    0.84419051    0.64274624    0.77047396    0.00000000    0.83409326    1.09425214    1.01314263    1.14775984    1.72392772    1.86480601    2.89358295    2.52370984    2.80458492    1.99549273    1.95679398    2.01194636    2.64883225    2.70034008    2.39642557    2.14241447
Q0UHG2_PHANO/22-137     0.87144646    1.19752724    0.83299504    1.00894333    0.84999897    0.98359279    0.83409326    0.00000000    0.68864989    0.84071534    0.94661108    1.29168441    1.65228274    2.40398325    2.24808480    3.07658753    1.91051618    1.73014443    2.13818005    2.42587332    2.37608750    2.20543401    1.92075535
Q2GPV7_CHAGB/94-214     0.97018704    1.12230680    0.96536016    1.04724390    1.15647447    1.40649158    1.09425214    0.68864989    0.00000000    0.72613165    1.14473507    1.78899049    1.76659431    2.93025419    2.31638762    3.19041703    2.12913770    2.03972432    2.31597793    2.99546084    2.89486735    2.28241769    2.10714648
AGUA_EMENI/23-141     1.00597058    1.33762664    1.01348147    1.10904360    1.09696871    1.30587586    1.01314263    0.84071534    0.72613165    0.00000000    1.18441930    1.68264748    1.66099214    2.79804206    2.38780264    2.85359450    2.00047446    1.75756369    2.16577301    2.70021266    3.35023093    2.17499866    2.19730928
G0RV49_HYPJQ/25-146     0.72154774    1.28297997    1.14464455    1.03530322    1.09491407    1.24432767    1.14775984    0.94661108    1.14473507    1.18441930    0.00000000    1.46582471    1.53589998    2.69277829    1.94223926    2.42536993    2.06353911    1.67922769    2.24730908    3.03912830    3.08021320    2.00542950    1.73394474
Q024C1_SOLUE/23-142     1.60043600    1.61532339    2.00679988    1.94168870    1.87088477    1.94138235    1.72392772    1.29168441    1.78899049    1.68264748    1.46582471    0.00000000    1.15995002    2.36910472    2.07019708    2.03150319    1.63752038    1.45318645    1.84518283    2.43997410    2.04296918    2.21958957    1.52274958
Q1IT34_KORVE/26-143     1.63862428    2.18983456    1.75851352    1.79623058    1.67370529    1.73001317    1.86480601    1.65228274    1.76659431    1.66099214    1.53589998    1.15995002    0.00000000    2.15234309    2.09530572    2.11428007    2.08246358    1.64323594    1.51413512    2.59164154    2.50280016    2.32678338    1.84238430
A3I1B8_9BACT/27-148     2.56852614    2.93261079    2.74866775    2.92877174    2.56277561    2.53517088    2.89358295    2.40398325    2.93025419    2.79804206    2.69277829    2.36910472    2.15234309    0.00000000    2.70874088    2.30519287    2.28198310    2.09568336    2.04417179    2.20117573    2.62505957    2.20585506    1.96240087
B8I4H5_RUMCH/18-140     2.36088271    2.35027337    2.35578571    2.40616050    2.29069392    2.41793917    2.52370984    2.24808480    2.31638762    2.38780264    1.94223926    2.07019708    2.09530572    2.70874088    0.00000000    2.30976355    2.30178160    1.90857612    2.03262181    2.00521748    2.52056874    1.87344360    2.00173802
AGUA_THEMA/6-118     2.54401946    3.10371768    2.68628645    2.53919487    2.40698641    2.84806838    2.80458492    3.07658753    3.19041703    2.85359450    2.42536993    2.03150319    2.11428007    2.30519287    2.30976355    0.00000000    2.42407244    2.18374056    2.68182227    2.48631558    3.12490438    2.28914208    2.30037713
Q9A4L9_CAUVC/25-141     2.29446926    2.07836861    2.15107521    2.23746847    1.96954349    2.28483710    1.99549273    1.91051618    2.12913770    2.00047446    2.06353911    1.63752038    2.08246358    2.28198310    2.30178160    2.42407244    0.00000000    1.01582633    1.37143839    1.65520297    2.15144904    1.55852093    1.76668885
Q8P3G9_XANCP/48-163     1.65254164    1.86814983    1.78244328    2.08177945    1.91282877    2.14467355    1.95679398    1.73014443    2.03972432    1.75756369    1.67922769    1.45318645    1.64323594    2.09568336    1.90857612    2.18374056    1.01582633    0.00000000    1.10547330    1.77909668    2.31437805    1.51950013    1.52208549
AGUA_CELJU/30-151     2.17420151    2.21733505    2.03546945    2.15326936    2.21092045    2.00782677    2.01194636    2.13818005    2.31597793    2.16577301    2.24730908    1.84518283    1.51413512    2.04417179    2.03262181    2.68182227    1.37143839    1.10547330    0.00000000    1.47111821    1.95316651    1.55582627    1.67402080
Q21LZ2_SACD2/51-178     2.90069372    2.70585383    2.97647514    3.11933782    2.61474895    2.60610968    2.64883225    2.42587332    2.99546084    2.70021266    3.03912830    2.43997410    2.59164154    2.20117573    2.00521748    2.48631558    1.65520297    1.77909668    1.47111821    0.00000000    1.76386424    1.92852818    1.99159671
A4CGS6_ROBBH/67-191     2.76565892    2.83959553    2.69075495    2.86847727    2.58274493    2.63417489    2.70034008    2.37608750    2.89486735    3.35023093    3.08021320    2.04296918    2.50280016    2.62505957    2.52056874    3.12490438    2.15144904    2.31437805    1.95316651    1.76386424    0.00000000    2.41250154    1.91744502
Q8A4H7_BACTN/30-150     2.20561975    2.33147165    2.35417515    2.64132313    2.36690287    2.57318396    2.39642557    2.20543401    2.28241769    2.17499866    2.00542950    2.21958957    2.32678338    2.20585506    1.87344360    2.28914208    1.55852093    1.51950013    1.55582627    1.92852818    2.41250154    0.00000000    1.74236469
Q9KE00_BACHD/10-123     2.04037746    2.04051930    2.18478248    2.30709532    2.31102880    2.21460865    2.14241447    1.92075535    2.10714648    2.19730928    1.73394474    1.52274958    1.84238430    1.96240087    2.00173802    2.30037713    1.76668885    1.52208549    1.67402080    1.99159671    1.91744502    1.74236469    0.00000000

