152
Q0BPY3_GRABC/343-445     0.00000000    0.97006121    0.97195610    1.08600508    1.03175752    1.06290581    1.01119460    1.13506729    1.28165441    1.09730522    1.67366001    1.14473450    1.19284767    1.17481876    1.19543203    1.04663091    0.92472668    1.02164319    1.25913418    0.97515798    1.66500585    1.42607655    1.49526380    1.98816337    1.88271558    1.38443628    1.93004124    1.90507579    1.89133958    2.07772058    1.60767855    1.73430634    2.02291031    1.47204479    1.44329759    1.56892224    2.11019364    1.77418601    2.31275998    2.06241502    1.79966451    1.89209583    1.76692751    2.66888178    2.60814987    2.14164577    2.11299157    1.48515292    1.89478447    2.20898433    1.80744397    1.87831516    1.68375228    1.79889085    1.60177787    1.89692600    2.09650293    2.29097865    1.91410555    1.99786397    1.65925791    2.13411302    2.82063064    2.54404786    2.62063936    3.43629276    2.74264150    1.97073568    1.55176298    1.48948171    1.56071477    1.53213486    1.84030748    2.92654217    1.83918197    1.71362943    2.40099659    2.02838652    2.30872311    2.02785603    2.24748063    2.66570818    2.25915067    2.24685915    2.10384723    1.58816219    1.88815311    1.62551882    1.87610469    1.78681579    2.05439827    1.66196170    1.94030721    1.88578954    2.96336539    1.85707055    2.60729544    1.94222069    1.98986600    1.89830469    1.64937609    1.77598346    1.58447653    1.67620128    1.39226965    1.83859471    1.84786354    1.52497494    1.69398974    1.74104912    1.42496806    1.41742178    1.48409057    1.59810852    1.72520850    1.67260900    2.10569449    1.53897640    2.18498884    1.89102296    1.00007213    1.14589990    1.37261849    1.24623613    1.29452654    1.20550469    1.21352675    1.12321708    1.12591180    1.06327983    1.34716734    1.27590832    1.14474117    1.07464856    1.19619249    1.18637129    1.17126235    1.19763534    1.78307253    1.63948572    1.24563153    1.16067996    1.40840797    1.46054113    1.16560511    1.00638183    1.44466621    1.09807228    1.15484709    1.31484336    1.20614533    1.43277030
Q9REQ5_ZYMMB/317-418     0.97006121    0.00000000    0.92310876    0.87194051    0.88605771    1.63585409    1.45882798    1.52765092    1.47874694    1.35258054    2.04153217    1.56976230    1.39402471    1.49075729    1.42959177    1.47002254    1.56254587    1.73652284    1.55130113    1.52913805    1.81190801    1.79126611    1.49151893    2.99879965    1.71962136    1.36911872    1.77562951    2.04062307    2.33828360    2.32158825    2.12931345    2.09921047    1.80336561    1.71875327    1.49581366    2.11781226    2.36484330    2.32337221    2.43470592    2.34032949    2.21923797    2.26840762    2.14930008    2.38593688    2.36307488    2.21911644    2.61071067    1.83656744    2.10077284    2.25557104    2.36439381    2.20917659    2.10925903    2.05768744    2.47210056    2.11202035    2.82796326    2.56045112    2.54314936    2.59589362    2.28197588    2.06533282    2.59225241    3.07423780    2.97129971    3.19450023    3.15097651    1.99168711    1.92133346    1.96709329    1.98951820    1.50455433    2.27052270    3.40280720    1.90412963    2.26792929    2.44491207    2.26778307    2.57399602    2.43562947    2.32617627    2.33726215    2.35105961    2.15701275    2.13578353    2.30567426    2.13357471    1.96617478    2.49801485    2.14757763    2.65592183    2.11174669    2.28786816    2.30996197    3.10642186    1.97515785    2.06266243    2.30779235    2.91112938    2.33479239    1.96974895    1.86898003    2.08139632    1.83044473    1.44132330    1.72716936    1.77853352    1.81432543    1.95204524    1.96936413    1.67380497    1.70187609    1.73656236    1.57112101    1.60729739    2.01926425    2.18843096    1.65812886    2.47106241    2.29362270    0.89269581    1.35310429    1.28390419    1.30979708    1.30126583    1.33790709    1.06002339    1.35205405    1.17193837    1.20887308    1.36581704    1.14482007    0.98039518    1.37999107    1.37700498    1.12123973    1.02840503    1.24045966    1.72776187    1.58217668    1.26526066    0.95397389    1.26193557    1.34511256    1.25510645    0.99878092    1.32851074    1.09718723    1.36083686    1.16179729    1.29213859    1.62019331
A6WZM6_OCHA4/316-417     0.97195610    0.92310876    0.00000000    0.89278967    1.05830460    1.24121195    1.24681239    1.31886572    1.25757271    1.13230745    1.82013086    1.12134966    1.22990820    1.51746257    1.19051820    1.07281740    1.10744047    1.39478394    1.37214129    1.37509683    1.78344034    1.64365826    1.51357734    2.59092253    2.05451673    1.47134312    2.19736161    1.90434499    1.71470950    1.90537356    1.75007496    1.59840893    1.91209935    1.63179756    1.43962353    1.63029936    1.89076821    1.75618703    2.04650391    1.99315903    1.80907945    1.61899223    1.72484788    1.86097570    2.02227751    1.69363010    2.25191262    1.88581506    2.07865043    2.10362170    1.91177478    1.69899033    1.70081176    2.13030776    1.97032031    1.94848297    1.83968150    1.88573298    1.78843351    1.79714211    1.57759118    2.21907997    2.65568119    2.78528203    2.95771003    3.63507579    2.66206384    1.43810849    1.55510376    1.09217778    1.46425946    1.42842701    2.43748740    3.03766394    1.42151078    2.18530323    2.27324827    2.14425786    2.45928749    2.27421601    2.16592871    1.95763159    2.10078283    2.10167049    2.30422958    2.08977996    1.68056891    1.82401690    2.20957530    1.99946740    2.09037032    1.94627148    2.17280124    1.83737278    2.99902379    1.60805689    1.64959596    1.62290838    2.31819423    1.66600193    1.60246811    1.55367874    1.53508760    1.39976448    1.30786287    1.85683937    1.76998546    1.74439903    1.68630209    1.62453806    1.50149025    1.51057851    1.66761075    1.61888319    1.48086201    2.05353783    1.96330975    1.51456624    1.94936596    1.80767086    1.20212012    1.32089254    1.29678433    1.33938283    1.13801241    1.17256735    1.11514655    1.40266206    1.33206851    1.19489746    1.23125368    1.47944683    1.02428973    1.15901761    1.33690517    1.25128308    1.37609699    1.11274963    1.27832016    1.34091886    1.17004077    1.26229232    1.19676308    1.02853328    1.38530248    0.95668035    1.22887641    1.10323138    1.25885312    1.33062603    1.00326630    1.35519827
Q2CBU4_OCEGH/317-418     1.08600508    0.87194051    0.89278967    0.00000000    0.99239972    1.53179505    1.32566131    1.31473628    1.55504099    1.42737840    2.22337443    1.17894551    1.55090703    1.50390345    1.52350521    1.48017377    1.50974012    1.64299555    1.72686647    1.39220569    1.98703309    1.95950471    1.50590507    2.52698228    2.09182240    1.41326589    2.50144932    2.28796149    1.83513809    1.73372018    1.78394370    1.73955277    1.77410929    1.77467267    1.73578174    1.67971404    2.64399282    2.08140144    2.44516332    2.40236628    2.08344389    1.99603545    2.03145270    2.70821201    2.62159906    2.41634346    2.44272513    2.17616113    2.48188718    2.39061445    1.97268543    2.43287490    2.22151053    2.74831592    2.60897241    2.41304056    2.32984114    2.43092354    2.40510146    2.14058146    1.90807154    2.12178850    2.70719291    2.75949088    3.02469914    3.41303985    2.89602906    1.52641961    1.65666508    1.48724536    1.63672220    1.51149777    2.11461622    3.21203276    1.85613667    2.19639309    2.82310211    2.42252888    2.70035344    2.43506935    2.21740929    2.43289576    2.39131973    2.20212962    2.33246288    1.88047373    2.09003939    1.83560354    2.17014565    1.97614791    2.47343570    2.04496320    2.06858044    1.78745741    2.47195559    1.87901849    1.97914083    1.57359809    2.78051289    2.04419428    1.68778822    1.76598573    2.06847118    1.49894764    1.27258119    1.83227041    1.54820102    1.81438510    1.81553933    1.81419854    1.55050382    1.49947511    2.00561858    1.66562483    1.42364615    1.86265851    2.10932971    1.47618367    2.21922714    1.94906198    1.29101091    1.41883015    1.57907153    1.60354160    1.27384273    1.42767326    1.11656291    1.56232786    1.46880386    1.24654970    1.19686728    1.13683670    1.34495747    1.16742160    1.49874106    1.39693754    1.32424311    1.43969882    1.59482633    1.54912198    1.18634597    1.31565582    1.33392573    0.96503756    1.28681087    0.99758498    1.43718543    1.20474336    1.34211301    1.41368211    1.36585511    1.65464016
Q07KU9_RHOP5/316-417     1.03175752    0.88605771    1.05830460    0.99239972    0.00000000    1.23775761    1.01081970    1.29479605    1.30265652    1.23718962    1.66056054    1.05239399    1.14992546    1.30252715    1.35306771    1.31017248    1.17212991    1.06258251    1.24220675    1.22858142    1.70945459    1.71818927    1.66061419    1.51757422    1.69296390    1.29999293    2.15669138    2.21818930    1.67417323    1.77051712    1.78485913    1.82358223    1.79949495    1.75244476    1.41273445    1.76655707    2.40642111    1.73849021    1.99924096    2.05954022    2.15556776    1.76072952    1.87866839    2.41156222    2.39769305    2.24509890    2.48425454    1.85906725    1.83983330    1.76324612    1.89697428    1.92509498    1.86519952    1.95807216    2.20571911    1.88436271    2.30975520    2.16637149    2.17031913    1.98286715    1.72957243    1.68859233    2.44620456    3.11451202    2.90019596    3.23660353    2.76995103    1.83864194    1.70796486    1.44930076    1.65690004    1.26750332    1.97329503    3.09853152    1.64034240    1.79468372    2.20498675    2.05768298    2.48864591    2.30263917    2.39483216    2.11498728    2.32347242    2.09027582    2.09673653    1.78922724    1.84068391    1.55079430    1.97410262    1.68680292    2.06155011    1.80917102    1.89781541    1.84631116    2.77364106    1.62871102    1.94275976    1.56606754    1.95696098    1.72231320    1.67731214    1.69684982    1.73684075    1.39134203    1.24766991    1.74720089    1.73222829    1.38438575    1.53965741    1.49399925    1.52213699    1.51028010    1.68065209    1.66735036    1.54048051    1.74620709    2.10053752    1.45376878    1.74140285    1.90501907    1.12958839    1.39347651    1.49095410    1.37551899    1.19559425    1.29962201    1.18843395    1.19532846    1.37678342    0.99751394    1.18666427    1.00122348    1.06683617    1.09356033    1.18685426    1.22445162    1.20728219    1.30507540    1.66722207    1.67227142    1.46259515    1.24826908    1.22904153    1.29332124    1.37092181    0.95786312    1.50997198    1.09481535    1.24859989    1.22857806    1.14587123    1.24901279
Q73T93_MYCPA/322-423     1.06290581    1.63585409    1.24121195    1.53179505    1.23775761    0.00000000    0.89324486    0.92534575    1.13932681    1.18380810    1.53959322    1.28668227    1.11501826    1.36445421    1.18048970    0.96458411    0.96996352    1.29128062    1.30369679    0.89527380    1.32780937    1.43699405    1.63594063    1.77494987    2.07594489    1.39902725    2.06044842    2.11865108    1.57991172    1.82185843    1.62899926    1.38731746    2.24425637    1.45931727    1.47576959    1.61896847    1.88826713    1.61222234    2.12706733    1.67066814    1.74455533    1.63664577    1.36189023    2.25254345    2.09598030    1.96835076    2.25283941    1.84167168    1.97936224    2.26907917    1.74458272    1.94123293    1.79159985    1.98344377    1.61844488    1.96287077    2.06692257    2.35392312    1.41654298    1.70194007    1.71368511    2.03810488    2.68125967    3.24390101    3.17438445    3.22264487    3.44585772    1.66095988    1.50467636    1.37729828    1.74342714    1.40328935    1.94628102    2.83370809    1.74161854    1.84111125    1.99779700    1.88521064    2.26101262    2.28785590    2.38245043    2.13516726    2.21407894    1.94508682    2.19010001    1.82830415    2.05887935    1.72724093    2.14144624    2.10761515    2.60957993    2.00072971    2.39039101    1.55492269    2.89456851    1.88634652    2.03090053    1.51195573    2.37707753    1.92220794    2.06941971    1.55862803    1.69256632    1.57051976    1.45552421    1.90668501    1.69199678    1.38790560    1.54632783    1.51059986    1.57455450    1.48158753    1.31331406    1.56788600    1.52082129    1.99024377    1.93791282    1.46501451    1.72208172    1.73106944    1.16869916    1.47134851    1.18722802    1.35226418    1.22418393    1.28246650    1.28429117    1.22354496    1.28834064    1.27433659    1.36522873    1.39357055    1.21779558    1.22043107    1.27183433    1.23823410    1.40422104    1.43691418    1.66321369    1.51946057    1.38073710    1.40166644    1.60214632    1.47469307    1.43820502    1.26358251    1.27203773    1.00501262    1.31104874    1.42777928    1.25802816    1.56385672
Q6AGX8_LEIXX/319-420     1.01119460    1.45882798    1.24681239    1.32566131    1.01081970    0.89324486    0.00000000    0.91149009    1.08440496    1.15590317    1.85442406    1.16164523    1.01975594    1.45729862    1.33438257    1.09872605    1.31277214    1.21625792    1.33699743    1.01049372    1.43709418    1.67813127    1.50918538    1.63236761    1.93159611    1.18619452    1.98914574    2.19197306    1.78115567    1.71145438    1.60184288    1.73544123    2.08432626    1.74328926    1.46778483    2.04008318    2.29983200    2.07840640    2.32004267    2.03894611    1.87805313    1.60961071    1.45594125    2.32542326    2.70429172    2.27985816    2.32456447    1.95559523    1.67818942    2.49572063    2.14650540    1.68977726    1.59070275    1.97956974    1.97521820    2.12727236    2.36196102    2.51212468    1.96372798    2.17678925    1.65833704    1.93658955    2.33878122    3.00803395    3.25610751    3.63045870    2.89927227    2.01858663    1.85700538    1.68149301    1.71333248    1.58890307    1.78782243    2.53459308    1.64392074    2.08317219    2.43420100    2.07067397    2.71602940    2.63049291    2.42808198    2.08577490    2.37937240    2.73176401    1.97816675    1.88833701    1.91836265    1.94793681    2.15859642    2.04070816    2.23601056    1.89959025    2.16372810    1.66065015    3.13947135    1.79567605    2.61667497    1.45233248    2.30262147    1.79264602    1.76729691    1.74863408    1.63429121    1.35478518    1.35106674    1.71422355    1.75680160    1.53023933    1.67400675    1.79925412    1.56818291    1.48042262    1.53954523    1.76735099    1.80972114    1.88035052    1.97549831    1.62854455    2.21467119    1.93010639    1.18653389    1.62968630    1.64096848    1.37715768    1.28867738    1.08718080    1.34224717    1.27904956    1.22836226    0.99703231    1.54364162    1.40988031    1.28389832    1.25263758    1.39594931    1.25452123    1.43282006    1.39013489    1.80965324    1.56663003    1.40029880    1.40580415    1.40104629    1.14018915    1.51757790    1.33198896    1.52770615    1.27485635    1.47885692    1.28579483    1.29515956    1.20082893
A1RC15_PAEAT/319-420     1.13506729    1.52765092    1.31886572    1.31473628    1.29479605    0.92534575    0.91149009    0.00000000    1.08730739    1.21445942    1.65776165    1.41926959    1.35611821    1.46695840    1.62510827    1.08718269    1.23407381    1.42077780    1.57054426    1.11861889    1.46117081    1.55473843    1.54591489    1.78672945    1.80949347    1.10537734    1.93002517    1.86844888    1.93812983    1.50094095    1.65007151    1.62699949    1.66571253    1.34483878    1.30810417    1.54658533    2.08114446    1.83603369    1.74879716    1.92457809    1.86079490    1.68959410    1.56591641    1.88728334    2.05244863    1.76186407    1.91331252    1.84353935    1.87893984    1.96454190    1.94512982    1.69698149    1.69490865    1.79652762    1.87035843    2.28614037    1.84239609    1.73201388    1.65765641    1.79062792    1.58786345    1.74859624    2.31379195    2.28304618    2.61740884    3.51361896    2.40796986    1.38229980    1.40159689    1.11588188    1.26198004    1.43081656    2.40264032    3.23269364    1.58321978    1.75314941    2.14006777    2.39495908    2.01035393    2.06160113    1.74987470    2.10991971    2.06656738    1.84802524    2.01319027    1.73198027    1.85559790    1.84466142    2.03923033    2.26303671    1.98487180    1.53108824    1.94705133    1.43566576    2.38602769    1.93869419    2.24358885    1.53812104    2.80565943    1.92992198    1.87386437    1.72994951    1.66568998    1.80358869    1.70883394    1.50331332    1.47304992    1.38507679    1.63573233    1.70085378    1.63966829    1.27636107    1.36173192    1.76264000    1.83032125    1.71767555    1.83583814    1.29931548    1.86444141    2.00659639    1.26871303    1.22053887    1.49229485    1.25852357    1.42168380    1.25648761    1.18487606    1.28408470    1.34355126    1.26057411    1.60252847    1.70664045    1.30675422    1.12897726    1.15871938    1.48294828    1.55850126    1.50549654    2.06274202    1.55939830    1.42355609    1.72723669    1.70695642    1.56542521    1.75100279    1.59892832    1.50142414    1.08828525    1.32499676    1.57432544    1.44662020    1.58131912
A4X520_SALTO/320-421     1.28165441    1.47874694    1.25757271    1.55504099    1.30265652    1.13932681    1.08440496    1.08730739    0.00000000    1.17361376    1.97501112    1.49391991    1.24197010    1.68940012    1.50043639    1.19495585    1.50398989    1.51460990    1.73385013    1.50309268    1.97006559    2.07063597    2.02884071    2.22858041    1.84139505    1.48101676    2.05102381    2.05341602    2.13253546    1.72796660    1.70365455    1.85891618    2.25861526    1.71238755    1.95542761    1.88231938    2.14996223    1.98508737    2.02300921    1.98105587    1.84632688    1.79318671    1.47748039    2.17209050    2.64217043    1.82868869    2.36861851    2.01429449    2.30632311    2.44579090    1.95032073    2.04001653    1.75599901    1.95902136    1.98337753    1.87792344    2.26175488    2.29169753    1.95529763    2.02011014    1.75135050    2.29419315    2.59354835    3.42110060    3.25035898    3.90333849    3.28763122    1.74588641    1.58137031    1.51169157    1.64814756    1.75294369    2.57494582    3.10026177    1.69041268    2.15565741    2.50269092    2.44053038    2.85892606    2.86597599    2.48688962    1.91606953    2.53073320    2.33279274    2.36306244    2.10380627    2.27934573    2.36299914    2.61506016    2.81539086    2.66321649    2.45732124    2.59172216    1.68622060    2.83673025    2.17056607    2.18896955    2.12461881    2.40797473    1.82291706    2.03936582    2.17747874    2.10247589    1.86811657    1.60134963    2.17886584    2.02984869    1.78823861    1.91680217    1.79846890    1.84966523    1.78455509    1.54191819    1.96320827    2.13340212    2.28345519    2.35148331    2.01972836    2.43316731    2.14287458    1.57617099    1.67399380    1.85092840    1.59697217    1.55386834    1.78332528    1.66419997    1.69450136    1.77644337    1.48075442    1.88274195    1.85716110    1.42285105    1.33632455    1.40043614    1.52212104    1.77427248    1.55597330    2.06291795    1.79872979    1.79075506    1.56334819    1.86645636    1.70087299    1.93116728    1.41105606    1.67694848    1.29076035    1.65906375    1.29126333    1.45030210    1.42358262
Q1J352_DEIGD/338-441     1.09730522    1.35258054    1.13230745    1.42737840    1.23718962    1.18380810    1.15590317    1.21445942    1.17361376    0.00000000    1.76430441    1.39596897    0.97535578    1.51790092    1.16052982    0.98144987    0.96733560    1.10053004    1.59790432    1.16128447    1.74480132    1.64695973    1.35310114    1.90773871    1.67669700    1.19173348    1.90072923    2.09951897    1.89136688    1.41112989    1.65067332    1.89139076    1.97745765    1.49506734    1.42952199    1.65644639    2.23385258    1.82864627    2.06559029    1.88293387    1.78393823    1.79552305    1.46924336    2.08154619    2.07662621    1.82190587    2.36997481    1.68633086    1.79795621    1.82605258    1.76704462    1.74169610    1.71427831    1.87870771    1.74768684    1.83355818    1.80367492    1.87547113    1.91159854    1.80853885    1.55927283    2.01972471    2.47295566    3.00122504    2.58829965    3.80823110    2.80774711    1.51639476    1.54907067    1.33329463    1.59709447    1.38106880    2.11989839    2.39084528    1.70406409    1.74605870    2.08045538    2.06186662    2.47534451    2.64313076    2.42874969    1.86930867    2.38234060    2.14771767    2.23581157    1.78691697    1.72475383    1.83337891    2.24181101    2.03487192    2.08018960    1.51052114    2.23230382    1.59687229    2.20000444    1.92703584    2.00898486    1.52559526    1.85240154    1.88903466    1.64077396    1.65548238    1.75321385    1.58020811    1.58643512    1.39299860    1.64069727    1.29068524    1.43161385    1.65561638    1.80247038    1.52669794    1.56280571    1.74494691    1.67564752    1.71884207    1.90761489    1.47601364    2.01932463    1.81909070    1.27300043    1.25854816    1.18326080    1.16465542    1.15819895    1.33148011    1.23394359    1.46276969    1.10221560    1.12730009    1.22469520    1.36945927    1.11316770    1.20693691    1.42889986    1.50126728    1.18667337    1.24952570    1.72386744    1.51666195    1.44608304    1.54248277    1.43744123    1.61801626    1.42664982    1.24084274    1.46056934    1.25122897    1.28162209    1.31056758    1.14498920    1.48498031
Q07RH1_RHOP5/307-405     1.67366001    2.04153217    1.82013086    2.22337443    1.66056054    1.53959322    1.85442406    1.65776165    1.97501112    1.76430441    0.00000000    1.45498531    1.12085842    1.82797521    1.71159127    2.12160242    1.53075956    1.80728933    2.00123319    1.65682001    2.42348139    2.46543943    2.13478246    2.23798763    1.91103155    2.12382936    1.78054276    2.00501416    2.26187010    2.42602085    1.82915314    2.56237578    2.38897814    1.90320202    1.66883771    2.15372227    2.53963953    2.07320645    2.73485804    2.26903527    2.32702426    2.01498062    1.86343301    2.25592738    2.30287214    1.99140327    2.21770486    2.23955832    1.82179756    2.27102806    1.92837358    2.25467942    2.06252889    2.23874937    1.97156147    2.59179115    2.20462377    2.18702805    2.16488363    2.27530245    2.06537571    2.52470325    2.96401916    3.48463281    2.85962700    3.32731070    3.33548933    2.19098556    2.06282760    1.76848133    1.87175775    1.74771391    3.15111234    2.80938997    1.49668362    2.48742120    2.34653722    2.44402124    2.38610432    2.46116745    2.71747255    2.73798612    2.27307589    2.51071417    2.45768642    2.10760007    1.87642860    1.98023732    1.94339803    1.86340898    1.97832371    1.67828683    2.08049808    2.22916944    2.55665834    2.44161407    2.72702186    1.40614512    1.99232474    2.23474817    2.20765579    2.34593807    2.22050148    1.63470144    2.03043476    1.88910396    1.96632865    1.86625751    2.07530136    1.90911214    1.97168120    2.09124649    2.27496548    1.94680667    2.18801846    2.17259940    2.11717383    1.72539215    1.99977013    1.91968743    2.11671398    2.59241246    2.06697027    2.17385766    1.76607285    2.07672330    1.80573658    2.32155567    1.71587625    1.87003754    1.74196329    1.72888019    1.94902537    1.80852788    1.91441345    1.96200806    1.77324879    1.49586968    1.67330290    1.92184098    1.73457993    1.96703891    2.09273852    1.83030262    1.99287792    2.07600516    2.03981918    2.14941848    1.81275606    1.77556026    1.90281800    2.20564345
Q67RC3_SYMTH/303-413     1.14473450    1.56976230    1.12134966    1.17894551    1.05239399    1.28668227    1.16164523    1.41926959    1.49391991    1.39596897    1.45498531    0.00000000    0.91412352    1.24317398    1.31876887    1.30939899    1.23368075    1.32982344    1.33176595    1.06762639    1.47851593    1.68840860    1.71200249    1.57416268    1.62724427    1.57101750    2.24173911    2.42039202    1.92548978    1.80415933    1.60819129    2.26569690    1.90371567    1.60429878    1.62570072    1.77366424    2.46214380    1.81289218    2.17537994    2.11995801    2.26159325    1.54679573    1.63215552    2.27530201    2.26342692    1.95639554    2.19884436    1.76996302    1.89334994    1.78331397    1.70199147    1.87362272    1.99946748    1.96942065    1.94158768    2.21440367    1.75120002    1.92573763    1.56597379    1.66398194    1.65550889    2.15583627    2.44390698    2.77641679    2.63943226    3.10899163    2.97155055    1.89579983    1.82052979    1.44751040    1.62107558    1.33388336    2.09115578    2.60975407    1.57342478    2.04677524    2.00414582    2.32861239    2.54662002    2.43172627    2.37949173    2.67337238    2.68381972    2.42848518    2.31270023    1.82037871    1.81043395    1.96369092    1.73395961    1.66335614    2.06508790    1.70848035    2.18099432    1.83816790    2.80254733    2.07129628    1.97113896    1.40016552    2.17554424    1.53708440    1.51918663    1.65877008    1.44515248    1.48221348    1.12807529    1.94683935    1.99333191    1.71821756    2.01209126    1.52008122    1.88191483    1.62588701    1.93207110    1.94477144    1.49618296    1.86641648    2.13810596    1.45989208    2.35555181    2.19604205    1.49310242    1.50289646    1.54687413    1.51812896    1.20278848    1.17521921    0.97820091    1.41952684    1.54527749    1.18947295    1.39463929    1.57704480    1.00572670    1.09654227    1.36727376    1.26844773    1.44581781    1.04410719    1.35708607    1.24415963    1.42468502    1.36286277    1.31804347    1.10983083    1.78537847    1.38898073    1.41410984    1.55259124    1.31511485    1.48076237    1.30093881    1.72410980
Q7NIK3_GLOVI/345-447     1.19284767    1.39402471    1.22990820    1.55090703    1.14992546    1.11501826    1.01975594    1.35611821    1.24197010    0.97535578    1.12085842    0.91412352    0.00000000    1.46941706    1.47179602    1.34153826    1.17020339    1.33467322    1.33622082    1.26448910    1.64385613    1.65105725    1.58592767    1.78413041    1.41615709    1.18085301    2.21089790    2.27377114    2.07214358    2.01412550    1.95198315    1.96832138    1.94735132    1.82436784    1.54475335    1.89323869    2.24153225    2.00508890    2.29159080    2.16668851    2.20582150    1.89807286    1.97630770    2.32363083    1.96360599    2.16084211    2.34325671    1.98947653    1.96288341    2.15905981    2.08153913    2.12988576    1.78990174    2.13793953    1.82044270    2.26295176    1.93291372    1.98174317    1.84402313    1.81434314    1.65375141    2.04593547    2.60239186    3.32026996    2.92061694    3.77537699    3.32806023    2.06953720    1.58293218    1.44352793    1.82033331    1.40199857    2.31890495    2.80014989    1.44806159    2.15658689    2.31542942    2.24039624    2.85790923    2.62453312    2.33850099    2.31726423    2.41096368    2.46185238    2.57388631    1.87412662    2.07142974    2.30068115    2.20435927    2.00059089    2.21964755    1.70886078    2.23860680    1.83886330    2.60645980    1.95704677    2.27916790    1.51454972    1.76240445    1.77191801    1.83974865    1.84651539    1.58379191    1.51653214    1.43969338    1.91578019    1.77741374    1.42090156    1.51045534    1.66861055    1.71653353    1.65651095    1.60061648    1.91946671    1.69451916    1.77776806    1.95119368    1.88140635    1.97485317    2.07709189    1.29081307    1.44466083    1.31726326    1.21329989    1.24524525    1.04244371    1.10666287    1.29647706    1.42744729    0.94197862    1.34901846    1.23048174    1.08431638    1.15775287    1.21938271    1.19009752    1.27597101    1.16450867    1.62639291    1.46213305    1.44001939    1.22681109    1.55710454    1.47602048    1.74576852    1.37861123    1.47975806    1.52965734    1.42160162    1.11667722    1.56162640    1.48076149
Q112T3_TRIEI/332-434     1.17481876    1.49075729    1.51746257    1.50390345    1.30252715    1.36445421    1.45729862    1.46695840    1.68940012    1.51790092    1.82797521    1.24317398    1.46941706    0.00000000    1.10647882    1.16217435    1.05950204    1.21100092    1.50654551    1.16059361    1.27037667    1.35783124    1.56798995    1.84624923    1.88412401    1.45676639    1.81705528    1.86616048    1.68850472    2.15779077    1.76929505    1.85163340    2.39113018    1.77265931    1.58079382    1.69077234    1.89421685    1.74944334    1.78762188    1.92231278    1.86035349    1.80968225    1.55981659    2.25196709    2.13412084    2.08817676    2.22801402    1.85533710    1.87670333    2.07108673    1.64159257    1.66727577    1.83635784    1.96412326    1.79781528    1.94772867    1.89857036    1.98329282    1.90945035    1.69231251    1.51092061    2.14960930    2.55394931    3.20153414    2.57438889    3.29861955    2.31510276    1.92279258    1.56059629    1.84342105    1.60567415    1.46456805    2.05737908    3.50505973    1.74369643    1.77102942    2.20290890    2.15352348    2.37196376    2.25281790    2.05517490    2.14580400    2.16911793    2.07721531    1.98449649    1.76048693    1.80966644    1.54182033    2.10325068    2.01510466    2.19166394    1.93383861    2.12891710    1.68215074    2.46461796    1.82254912    2.14601226    1.71424263    2.39653811    2.08675551    1.61372954    1.95499723    1.90032400    1.57188709    1.65236713    1.89261076    1.57089611    1.73035133    1.76978739    1.63116902    1.63172142    1.80446822    1.54552258    1.63945537    1.45848891    1.74679868    1.89055457    1.61115429    2.30162412    1.95166994    1.36361869    1.51955164    1.52604613    1.41573742    1.24895833    1.50658688    1.26302256    1.49195703    1.20107283    1.24413161    1.24225595    1.42280667    1.19975509    1.52592016    1.16688257    1.38752046    1.42011556    1.28036097    1.65376654    1.64874958    1.31912884    1.49453380    1.75498407    1.48924188    1.50132018    1.26667928    1.63035623    1.44019593    1.37142060    1.33919556    1.37577084    1.68599443
A1RUM9_PYRIL/317-412     1.19543203    1.42959177    1.19051820    1.52350521    1.35306771    1.18048970    1.33438257    1.62510827    1.50043639    1.16052982    1.71159127    1.31876887    1.47179602    1.10647882    0.00000000    0.86272373    1.07575820    1.15237080    1.44364972    0.97703375    1.39544438    1.67235245    1.56778157    2.05908344    1.81933394    2.10829964    1.82028102    1.83333530    1.66633303    2.14417466    1.70068924    2.09296151    2.80532600    1.84577838    1.85553951    2.15270514    2.03408542    1.63948222    2.17852707    1.73882427    2.40001869    1.93653896    1.55588914    2.41993003    2.09507031    1.99681975    2.08029685    1.81339781    1.98314517    2.10769870    1.85929913    2.03825420    1.69788163    1.82832795    1.60039242    2.09275245    1.82019867    2.19033520    1.97971452    1.85556769    1.91348721    2.21718381    2.80472520    2.60295265    2.67762099    3.66307901    2.67001991    1.99028374    1.70114399    1.92908414    1.92626234    1.50189180    2.02267049    2.94142000    1.68753899    2.08621104    1.94762972    1.98932984    2.03716409    2.07695446    2.16248672    2.17600448    2.21539086    2.24874893    2.08905621    2.16586420    2.08133704    1.71013209    1.83345371    1.84193598    1.93022563    1.87878226    2.25412191    2.18514340    2.58014160    1.79442556    1.80829653    1.85999385    2.52802538    2.10479180    1.70168306    1.62086704    1.75161242    1.59796531    1.45209981    1.58766621    1.81082027    1.91236488    1.82422917    1.52267972    1.71066563    1.63865588    1.55587587    1.44404069    1.67735571    1.83148009    2.00571678    1.77867251    2.50007460    1.91690156    1.18579396    1.43448870    1.48993275    1.51093938    1.20340373    1.54161642    1.45043000    1.59006703    1.11981110    1.44163433    1.42177379    1.54629197    1.34794954    1.35710428    1.46197475    1.39665255    1.24470854    1.45825104    1.71448129    2.13817075    1.44106008    1.50641472    1.38787285    1.43731583    1.23948003    1.14072635    1.27073162    1.38915787    1.48065014    1.31260390    1.15342746    1.08615523
Q9UZI8_PYRAB/317-415     1.04663091    1.47002254    1.07281740    1.48017377    1.31017248    0.96458411    1.09872605    1.08718269    1.19495585    0.98144987    2.12160242    1.30939899    1.34153826    1.16217435    0.86272373    0.00000000    0.79607020    1.02848727    1.72833606    0.85677532    1.26386955    1.51585252    1.47696922    1.90839812    1.92059977    1.55698184    1.92256233    2.07638540    1.83348769    2.01096156    1.72824218    1.79843701    2.09563955    1.50810047    1.76267732    1.95808564    2.11998555    1.97868684    2.00688811    1.92804281    1.88515770    1.78190514    1.81871152    2.37345075    2.03687947    1.86827738    2.30915982    1.94201602    2.18370088    2.11174057    1.97897739    1.77502141    1.85341417    2.08202017    1.62934018    2.49595761    1.98284080    2.06226814    1.93686493    1.67942893    1.44248575    2.18159838    2.58565428    3.00427934    2.41894685    3.40304745    2.57896704    1.56098275    1.55661539    1.31091547    1.50926786    1.47507683    2.06258017    3.49405887    1.70411714    1.76621779    2.09192195    2.02732499    2.56824616    2.53458266    2.40015872    2.09664220    2.45568649    2.49282628    2.39425487    2.03609972    2.23237518    1.98935239    2.21572010    2.38343632    2.44752613    2.01395235    2.24812100    1.91167398    2.48381227    2.02845633    2.18950145    1.66229131    2.98716247    1.95035021    1.72020726    1.53063014    1.55973336    1.55176398    1.62104985    1.66941644    1.99778069    1.50582267    1.53116286    1.71459823    1.51911496    1.36816227    1.45151874    1.70908351    1.52427140    1.84154956    2.07226291    1.29301780    2.26013729    2.12305672    1.09924667    0.93057614    1.12921580    1.17962890    1.31245070    1.22099441    1.07548440    1.11850506    1.09998416    1.36835170    1.46890472    1.49692446    1.02450841    1.24321720    1.24555300    1.10456122    1.44851092    1.20065064    1.68342571    1.62847199    1.25127032    1.28620297    1.16661246    1.29888301    1.39800966    1.06339051    1.42559185    1.22721008    1.21885331    1.53795318    1.11774822    1.15840081
Q46DF4_METBF/200-299     0.92472668    1.56254587    1.10744047    1.50974012    1.17212991    0.96996352    1.31277214    1.23407381    1.50398989    0.96733560    1.53075956    1.23368075    1.17020339    1.05950204    1.07575820    0.79607020    0.00000000    0.92355328    1.61689119    1.21735935    1.42783889    1.26619729    1.38614487    1.84082176    1.92966935    1.42908797    1.95904164    1.78594715    1.74004965    2.06047562    1.75911119    1.89863845    2.41027982    1.54089470    1.76731277    1.60137538    2.04834528    1.61188353    1.92409446    1.77548307    1.77760197    1.49433995    1.62433720    2.16177484    2.00947118    1.77061181    2.22502502    1.96606880    2.31006090    2.37895729    1.87115394    1.48634183    1.69836402    1.94218076    1.53038449    1.98792502    1.67217911    2.00071797    1.58446239    1.48790671    1.57452529    1.91998812    3.08390602    3.00194310    2.76816641    4.05344687    3.42067434    1.39239098    1.45581085    1.47397415    1.32355672    1.18029482    2.28589672    2.76277080    1.44860828    1.30780187    1.86124251    1.84312345    2.61761367    2.10306012    2.28627169    2.29709644    2.02439170    2.01526042    1.98863782    1.77308294    1.87719450    1.64771562    2.25457485    2.08116922    2.38012549    1.65145289    2.05999751    1.75693517    2.61270407    1.86093273    1.86904264    1.55060442    2.23831877    1.75191878    1.48727112    1.87492682    1.48997955    1.52364099    1.69032528    1.69324788    1.70705976    1.31330995    1.16836987    1.30289583    1.29325660    1.27049286    1.30904345    1.31185815    1.31429121    1.57677478    1.84324521    1.43745764    2.03467871    1.92775325    1.12044748    1.03282080    1.11525768    1.20896616    1.11345137    1.30638260    0.96167761    1.16517740    1.07111253    1.22411278    1.25242099    1.36805624    1.08727577    1.14445439    1.14989683    1.07678171    1.32107997    1.22999320    1.71686885    1.68420616    1.27494913    1.43824699    1.35853559    1.38705025    1.30797043    1.04951037    1.41473168    1.28778760    1.18529777    1.33477834    1.07523650    1.19487669
Q9HQQ9_HALSA/316-415     1.02164319    1.73652284    1.39478394    1.64299555    1.06258251    1.29128062    1.21625792    1.42077780    1.51460990    1.10053004    1.80728933    1.32982344    1.33467322    1.21100092    1.15237080    1.02848727    0.92355328    0.00000000    1.57932720    1.25509044    1.61614341    1.60492166    1.58509851    1.90762192    2.16766633    1.61352001    1.84903602    2.11710818    2.02895319    2.49033211    1.80037505    1.95017008    2.47365804    1.98489115    2.19550240    2.34358911    2.57521684    2.56124519    2.48336659    2.42042872    2.21060994    2.08100040    1.92027945    2.23894169    2.56379208    2.14646073    2.49510193    2.01853653    2.23527756    2.30600989    2.25167577    2.04089158    1.93642109    2.03174198    2.10144403    2.61324274    2.59119142    2.67576857    2.31357413    2.17509226    1.87218099    2.17987532    3.32458980    3.62938372    2.85412703    4.16617187    3.04610350    2.03500506    1.95599713    1.45370570    1.62693498    1.57927285    2.51217247    3.23600909    1.62867217    1.77494830    2.25489654    1.76760526    2.28375654    2.14840102    2.40518239    2.54236574    2.47008671    1.83192663    2.08953112    2.05368104    1.92794079    1.64183000    1.86904625    2.18221107    2.11096749    1.67076853    2.28097528    1.62183981    2.83867501    1.57183804    2.07277661    1.85670654    1.83615938    2.14620874    1.99265912    1.78598333    1.71439123    1.71288149    1.82696081    1.81272397    1.90042510    1.71177508    1.79316014    1.86319378    1.62733125    1.33136058    1.53172269    1.79998499    1.84490195    1.42672414    2.03132659    1.65633187    1.79754537    1.79874245    1.40114711    1.31984140    1.49335707    1.34667018    1.45911438    1.32404498    1.42323394    1.29218586    1.21862121    1.14420443    1.59889880    1.48207478    1.26416522    1.35278775    1.34206753    1.49558553    1.90636572    1.37741407    1.90437474    1.85513667    1.72131980    1.51323235    1.65775063    1.92109906    1.69789305    1.53516752    1.88053134    1.52095542    1.40840426    1.65895769    1.48207309    1.50651260
