169
B1X2K8_CROS5/269-466     0.00000000    2.41270141    3.07646516    3.45332545    3.27231823    3.64716419    3.31102166    3.89036547    3.36050199    4.13885772    4.31240241    4.02226452    4.22173950    4.33200427    3.89323555    3.86341119    3.67602339    3.53389924    3.34273398    4.61927815    4.62100897    3.75567656    5.03702507    4.00394144    4.01195224    3.74912687    3.92202267    4.33073035    3.88581001    3.82341649    3.57125154    3.61394083    3.67651621    3.56997643    4.40928716    3.02012526    3.43214392    3.09904685    3.19940605    3.07750623    3.11907958    3.02557664    3.09048880    2.84319422    2.92249941    3.37064258    3.28230614    2.70162703    2.77955487    2.65002318    2.79185351    2.51832956    2.50403697    2.43936750    2.51591470    2.64423212    2.54173808    2.53194179    2.55289634    2.73372037    2.45284436    2.64056216    2.72393257    2.61759202    2.71920808    2.63818911    2.72549337    2.65575760    2.54327908    2.66337053    2.25109845    2.33534528    2.91563775    2.78022058    2.54993213    2.50539430    2.49272694    2.81512412    2.95010037    2.81526235    2.66319360    2.84087404    2.85677810    2.95692489    2.94315885    2.83221935    2.60405668    2.90177307    2.80674073    2.66571445    2.68742892    2.78423569    2.84828814    3.06208762    3.02966930    2.72740407    2.84610542    3.31821227    2.82832905    2.75264918    2.53929666    2.54314006    2.75180440    2.71071230    3.11421484    3.06268950    2.68595921    2.63213498    2.43601071    2.71999673    2.81624304    3.26622946    3.11228840    3.04640086    2.56075051    2.67031254    2.48656037    2.41964317    2.79031279    2.77355697    2.93952448    2.16886825    3.01886094    2.87934356    2.70097341    2.53224088    2.33284890    2.46064390    2.58879817    2.68827441    2.94516027    2.57314582    2.66632532    3.09156118    2.85647098    3.09736253    3.06641989    2.51004116    2.66030347    2.80830155    2.55332896    2.18492303    2.67206721    2.54030052    2.97578035    3.40440658    3.85522101    3.04791715    2.73197374    2.77718842    2.76274380    2.54129493    2.49451844    3.78714139    3.46699985    2.87086383    2.83292904    2.85705249    2.85068601    3.12628522    2.90051128    2.71228888    3.73793550    3.31134870    2.93122791    3.32950999    3.49304615    2.73172679    2.71592608
E0UNS6_GLOV7/363-567     2.41270141    0.00000000    1.88854734    1.77950380    1.90470708    2.05387624    3.53467793    3.52816616    3.25404321    4.50889779    3.66386887    3.67237801    3.74214024    3.71271995    3.65414659    4.75181072    4.20534706    3.70099061    3.56714565    3.67609330    3.55033509    3.73146625    4.31090180    4.51537277    4.04168133    3.96991651    4.09295640    4.36757260    4.21340532    3.65470566    3.52132974    3.96103761    3.53054009    3.80590565    3.07220911    2.86235674    2.99771676    3.38272632    3.88296509    3.50382031    3.00278955    3.07431198    2.62032502    2.57600651    2.53908662    3.27003516    2.98142627    2.94924966    2.86312735    2.88681012    2.62418403    3.18766137    3.16276060    2.96979512    3.00672836    2.96829533    3.14561782    3.45026231    2.90656633    3.07886792    2.98792492    2.96776664    3.29581708    3.40759682    3.21307402    3.55790950    3.74428325    3.21862249    3.05432827    2.52343380    2.70990270    2.94720516    2.78729081    2.61872973    2.68135392    2.55179069    2.48722258    2.77819147    2.85856836    2.73091872    2.61528529    2.56382366    2.88812744    3.08066397    2.46083950    2.82807500    2.51738273    2.67396159    2.87709999    2.69782259    2.57633435    2.77900370    3.08516082    2.73585097    3.00345463    2.78851014    3.10938846    3.16924387    3.10501538    3.02467142    2.82438434    2.59036712    2.65559007    2.65513055    2.58983257    3.08934669    3.10310419    2.70214366    2.51257129    2.87905551    3.35682705    3.62727157    3.38276099    3.16869062    2.56490075    2.38175001    2.54983928    3.12208501    3.17592387    2.96905554    2.79836825    2.83073040    3.13352232    3.13288735    2.89581418    2.59726917    2.46853501    3.37095258    3.28348432    3.04790671    3.21874908    3.33263739    3.14917947    3.17602407    2.93369314    2.84439840    3.07432419    2.59950905    3.04199557    2.86328097    2.83379478    2.65108912    2.86661665    2.97308137    3.14196770    2.92340683    3.52605048    3.08948691    2.68744255    3.04336125    2.94880758    2.93763572    2.74843693    3.41703948    2.58661767    3.74114056    3.16822186    3.24424219    3.00999782    3.55944376    2.70439975    2.84596275    3.81248121    3.33001204    3.36982118    3.18567931    3.12124079    3.89228601    3.87309955
K9RGD8_9CYAN/323-542     3.07646516    1.88854734    0.00000000    1.76357526    1.63352998    1.70323075    3.38777010    3.97118992    3.30811228    4.22839593    4.12678398    3.94040968    3.63982606    3.78544220    4.10773434    5.73307861    4.61106576    3.47686045    3.55559248    3.73680105    3.65870231    3.38010040    5.09774448    4.25839029    4.17430991    4.17540086    4.04409723    4.33271596    4.25279680    4.32121249    3.81101841    4.38767936    4.17588446    4.12694157    4.01401019    2.79829538    2.77734112    3.37898778    4.10601502    3.15655984    3.75005918    3.00946105    2.80685773    2.71116183    2.82845509    3.29633841    3.55893985    2.84239532    3.06149649    3.09214902    2.13858969    2.99528252    2.70616760    2.61028593    2.74293084    2.89829175    3.22830791    4.15618416    4.00584870    3.20900123    3.20150675    3.09766341    3.18822982    3.07693191    3.26177978    3.35753573    3.49108179    3.24241293    2.80130515    2.58885207    3.28858657    2.86195444    2.71915323    2.86652360    2.95050818    2.68823762    2.65876111    2.77992196    3.23284676    2.82823052    2.80446575    2.81412633    2.49320450    3.10725278    3.01743221    2.64233306    2.84054518    2.63712243    2.84333631    2.76947297    2.64475526    2.69917208    2.73790053    2.78465044    3.04607357    2.88285553    3.09650129    3.23822700    2.87361660    3.00753209    2.79355485    2.88337889    2.81033406    2.92517499    2.52793067    2.85292986    2.86410219    3.00085708    2.58013140    2.95931156    3.34102936    2.98973968    2.87124120    2.84962675    2.58772636    2.64333273    2.41995426    2.99722507    3.28648873    3.33828855    2.64790031    3.03071704    2.86171521    3.08696112    2.97654978    3.20592671    2.87461004    3.43664084    3.50895104    2.85519228    3.06679381    3.45729415    3.01382735    3.89990740    3.42542982    3.24084586    3.32287973    3.01451531    2.74875442    3.09936080    2.64707454    3.08049613    3.02492680    3.00461562    3.34500659    3.22875408    3.30266571    3.27710437    3.21220945    2.87649871    3.04748936    2.67174462    2.61397395    3.19212350    3.48391728    3.07161934    3.31874423    3.68940649    3.30502000    3.73036084    2.62520179    2.97831203    3.81723894    3.19143929    3.47352953    3.42494992    3.84916614    3.69985095    4.21674216
B2JBL2_NOSP7/301-520     3.45332545    1.77950380    1.76357526    0.00000000    1.00118232    0.84250990    4.07940320    3.73695725    3.69085553    4.48236738    4.24993839    4.16016426    4.09101701    4.27968887    3.97750495    4.25056133    3.84801749    3.57510637    3.60663726    4.34810468    3.76391358    3.75465923    4.02427511    3.83699320    3.80503514    3.82112094    3.85641500    3.93773996    4.18545295    4.02372217    3.51052498    4.60990688    4.03735188    3.72350394    3.89092496    3.73060042    3.58602393    3.44125442    3.52214466    3.30956055    3.09738108    3.27499515    2.81515391    2.77138848    2.92478287    2.96599581    2.85610955    3.13857738    3.21466151    3.01822788    2.71973501    3.23062427    3.07250429    2.92504202    3.04001602    2.77904929    3.17633279    4.32238457    4.06976936    3.12649804    3.03327987    3.08160561    3.27534540    2.93576294    3.29713386    2.93065359    3.29210539    3.10169811    3.05903913    2.75658393    2.75752298    2.98298355    2.51122658    2.86020776    2.98350857    2.79116436    2.70463544    2.83820282    3.16104541    2.86815564    2.73075962    2.74755622    2.86063801    3.05457128    2.79342748    2.64584938    2.67986199    2.48558001    2.87033484    2.77232572    2.89522617    2.65479424    2.66797440    2.89339790    2.86334442    3.19394163    2.89250753    3.10219154    2.53240547    2.76843218    2.61314690    2.89186099    2.69658625    2.60319415    2.57849524    3.23906050    2.50253669    2.53519936    2.37943872    3.29054457    3.77458605    3.64536720    3.52417635    3.52626199    2.62525409    2.38837271    2.58314788    3.06047793    3.39319060    3.02385697    3.12847853    3.06060505    2.85873147    2.90037321    2.65641581    3.07340059    2.98978696    3.07751723    2.91180811    2.56354115    2.47771537    3.24367576    2.91127243    3.44471310    2.74648380    2.76598312    3.47949651    2.94734969    2.75504965    2.93970173    2.81208222    2.78906908    2.78882903    2.98231006    2.69259068    3.08262464    3.42260137    3.31304669    2.83937770    3.14533953    2.87379735    2.72466142    2.46222364    3.61174502    3.08408846    2.92858335    3.34260092    3.56134730    3.01529205    3.45685455    2.91244253    3.31623074    3.65926175    3.94619716    3.44566268    3.47619204    3.43776230    3.38894721    3.35046599
K9X910_9NOST/354-562     3.27231823    1.90470708    1.63352998    1.00118232    0.00000000    0.84455563    5.29142845    3.99423580    4.03204281    4.84023978    4.13960682    4.80241240    4.29302769    4.47149903    4.40881311    5.08489912    5.71641559    4.14304144    3.92949504    5.12685949    4.04538789    4.48878109    5.63776442    4.56481648    4.77858350    4.51447188    4.19555826    4.99893372    4.46855928    4.78835233    4.38447779    5.56255442    4.05574399    5.16268303    4.55475918    3.86955888    3.93029985    2.92521315    4.11796743    3.55253855    2.88968395    3.24123892    3.40953017    3.10646740    3.19866069    3.63844112    3.46843510    3.74023513    4.24206857    4.18851490    2.95178915    3.26850197    3.05897842    3.42950278    3.31697396    3.29055753    4.04526728    3.98847402    4.06681403    3.57355068    3.45610093    3.30498474    3.41933220    3.43210771    3.61657708    3.63447040    3.63989123    3.64890627    3.18737468    2.75599480    3.39065024    3.02113687    2.91066476    2.86516800    2.81637593    2.65788736    2.74372941    3.12336886    3.06322999    3.07307313    2.88026783    3.06206404    3.03297670    3.06319432    3.10426872    2.73806662    2.77842767    3.03849527    2.81204956    2.69862063    2.62919339    2.71232127    2.65371705    3.17161037    3.15331217    3.23640581    2.85345574    3.22884232    2.79375744    3.20672264    2.95642734    2.88728872    2.81254962    3.11502788    2.70841372    3.01781363    3.18512324    2.99993994    2.92985973    3.15542166    3.57587046    4.02327172    3.90551894    3.80287968    2.80160939    2.84006930    2.86108769    3.01876432    3.99411168    3.54326612    3.21759622    3.22612485    3.37348166    3.14951951    3.36810454    3.66222111    3.44865348    3.60031941    3.50184990    3.06355583    3.50518928    3.55747586    2.97800204    3.62349628    2.99672711    3.29086759    3.76474123    3.19332662    3.23456257    3.07175919    3.26932565    3.11024835    3.04597024    2.97746089    2.86590445    3.22064648    3.61281274    2.97460748    3.10546095    3.17779430    3.48347915    3.12773728    2.88473702    3.86767481    3.62273877    3.47538581    3.44418374    3.58271110    2.76652098    2.94695338    3.02094414    3.71199443    4.14950890    3.71156669    3.74128329    3.85105091    3.96773730    4.15185167    4.42059930
Q8ZSH4_NOSS1/395-607     3.64716419    2.05387624    1.70323075    0.84250990    0.84455563    0.00000000    4.75529753    4.06945781    3.98974136    4.33023812    3.75609121    4.90873920    4.42306719    4.57854064    4.94938391    5.29057427    5.26927063    4.41531963    4.21755848    4.46233816    4.15940350    3.78595148    4.33792449    4.04018346    4.18483991    4.22491113    4.07113278    5.24408918    3.82354235    4.21695804    4.04072591    4.67160806    3.89716925    3.88686886    4.42453514    4.06279651    4.11063129    4.17045581    4.33083114    4.01148559    3.36477655    3.48658792    3.77562853    3.38622599    3.65659216    3.42699598    3.15150244    3.72713285    3.95062000    3.93361654    3.08495213    3.74608773    3.40231477    3.31790562    3.44917908    3.07528763    3.76349621    4.76641866    4.43600700    3.46287599    3.68129326    3.46608059    3.57076356    3.46821715    4.10402666    3.79298630    3.68998449    3.60803240    3.26385289    3.32954233    3.11111847    3.02859775    2.95796141    3.57308927    3.53267253    3.21657827    3.28725047    3.25188820    3.58306525    3.50530763    3.29713839    3.33790577    3.42236680    3.42693456    3.17564959    3.14679455    3.23354149    3.13268320    3.19691868    3.01402781    3.01252911    3.06783717    3.16739420    3.34683252    3.15020209    3.40812698    3.42742825    3.15628232    3.13453633    3.28415103    3.32486813    3.15307684    2.99388484    3.17404406    2.96094671    3.32161507    2.74036864    2.73572819    2.65150586    3.60252054    3.76540631    3.17405695    3.27488682    3.07878514    3.34357762    3.13801290    3.26215604    3.81480325    4.01742221    3.69654626    3.61115374    3.53832316    3.92581100    3.89908705    3.48589544    3.55605313    3.57713241    4.09981842    4.07282073    3.20910818    3.30616005    3.97703847    2.77355436    3.99229231    3.00273572    3.31689381    3.64898899    3.51999836    3.45091971    3.38395842    3.32082696    3.40928450    3.56394694    3.32197994    2.82560172    3.37435267    3.53670718    2.99864321    3.13312370    3.91239456    4.09201608    3.48421450    3.52156353    3.73590947    3.21736319    3.32429385    3.47135681    3.95850253    3.34299454    3.57894796    2.91328299    3.92389451    4.03265791    3.89240115    3.87328069    3.97088307    4.04730168    3.77602885    4.24186854
F8L2Z0_SIMNZ/180-381     3.31102166    3.53467793    3.38777010    4.07940320    5.29142845    4.75529753    0.00000000    1.96473148    1.95822290    2.41538614    2.23703948    2.13982766    2.16402315    2.07419300    2.02303735    2.22636501    1.92652309    2.04043671    2.16499394    2.28003844    2.62443467    2.35696529    2.29739349    2.14399375    2.16851081    2.22247852    2.37403174    2.23789316    2.40491332    1.86736659    1.99128069    1.79204494    2.04549728    2.34921763    2.46977724    2.59760327    2.68095215    3.28526810    3.39960480    3.77705161    3.59353503    3.08405488    2.91848645    2.90244254    2.88515197    3.25579062    3.56269919    2.84073758    2.60612658    2.67600461    3.30161237    2.99495834    2.83317685    2.77859861    3.24394653    2.90957769    2.81302116    2.89858885    2.78931111    3.12995300    2.99374918    2.93013367    2.75511458    2.77203265    2.49184518    2.77240407    3.26746379    2.94206400    2.70377400    2.75395821    3.08976751    2.85543177    2.76034714    2.60029308    2.42060099    2.53093507    2.28257864    2.68888682    2.77005523    2.42577191    2.33018245    2.54378984    2.39943307    2.47230907    2.67695361    2.62088433    2.67689500    2.35845057    2.65601321    2.79771151    2.66831782    2.47282042    2.61776126    2.54130196    2.57148942    2.76524171    2.90659047    2.81191700    2.90536700    2.76171440    2.70618588    2.80460657    2.77613495    2.70293222    2.64079705    3.30765401    3.04873430    2.68458228    2.60917475    2.90196262    3.28229920    3.34649601    3.76565004    3.48624661    3.21500484    3.01595070    2.85439655    2.86438537    3.41862464    2.84225528    3.09106834    2.88088508    2.84068699    2.75277967    3.04252011    2.95259750    2.86565023    2.92934015    3.24007824    2.74328579    2.96001441    3.06781154    3.66292086    3.45369467    2.82694231    2.79346581    3.07771240    3.03313546    3.15898972    3.33054704    2.78808633    2.88879075    2.94834949    3.01922358    3.16150044    3.32281384    3.38910319    3.09943186    2.85743883    2.70903222    3.19637524    2.81754709    2.65377266    4.39250563    2.76924361    3.08540695    3.52463027    3.61619633    3.31240609    3.78721699    3.23967127    2.81893583    3.53315293    3.04097496    2.95393605    3.28562185    3.01616660    2.87192363    3.19529275
A5CFI6_ORITB/196-406     3.89036547    3.52816616    3.97118992    3.73695725    3.99423580    4.06945781    1.96473148    0.00000000    1.54527142    1.80417844    1.84836629    1.98435751    1.84066931    1.89431530    1.61843906    1.62552537    1.61614124    1.46624835    1.47542039    1.84467492    1.96633571    1.62954625    1.84712500    1.58623446    1.71802755    1.72633811    1.70656751    1.52466043    1.70145395    1.75877423    1.45789410    1.49371050    1.44409033    1.92039050    3.99092425    3.42320857    3.31111703    3.49969174    4.15889189    4.24734217    3.47392374    3.46533683    4.41075519    4.23400958    4.29962516    3.21741497    3.39241233    3.20206221    3.02273911    3.09950877    3.29871511    3.31145149    3.60883649    3.22924463    3.23460317    2.92257321    3.06352011    3.42116558    3.05053230    3.48722979    3.57647135    3.59463750    3.36365380    3.37972153    3.26432302    3.34627665    3.85400473    3.20219072    3.19513378    3.40646490    3.27672606    2.97596236    3.06323477    3.16986886    3.31102029    3.19700294    3.09486233    3.19517112    3.39488902    3.36680871    2.96505868    3.13703156    3.11259989    3.34991274    3.17614696    3.50325296    3.28080314    3.08657550    3.36539353    3.40810357    3.26769495    3.20439118    3.15542104    3.51094124    3.26813549    3.26855978    3.32409855    3.26138763    3.46419923    3.32274454    3.10531949    3.19271426    3.04496436    3.02686453    3.06520182    3.50376205    3.47566707    3.07663146    3.07535022    3.58077835    3.52613527    3.58951621    3.75407326    3.55252101    3.33259709    2.80672580    3.25399883    3.66405854    3.68213189    3.01107887    3.37618405    3.03690856    2.97403100    2.98775898    3.22263868    3.12601289    3.28323617    3.30936512    3.56137634    3.41601764    3.58150755    3.23777662    3.09239199    3.22671746    3.21265969    3.28735836    3.30735176    3.12834218    3.39004385    4.14657891    3.03564172    3.40856689    3.41553048    3.26318110    3.31057742    3.26146188    3.28794010    2.92110034    2.87525891    3.66882745    3.15578375    2.94635448    2.83581677    4.44017323    3.15200479    4.01234301    4.24785339    4.54224267    3.23935795    3.79052936    3.48326205    3.43327975    4.01399676    3.30756891    3.45938047    3.42103842    3.56366323    3.70125155    3.91214396
Q3IUW6_RHOS4/212-416     3.36050199    3.25404321    3.30811228    3.69085553    4.03204281    3.98974136    1.95822290    1.54527142    0.00000000    1.07515435    1.04841438    1.10338189    0.94317754    0.94617597    1.55933400    1.43880084    1.36024378    1.21766654    1.16186836    1.47935789    1.70184002    1.40398991    1.45730502    1.13508363    1.25887805    1.31559589    1.44992315    1.35231796    1.44616569    1.51021152    1.45153322    1.54520963    1.42985996    1.61875451    3.31497944    2.92884583    3.02331590    3.17709664    3.13673905    2.64058270    2.63731513    3.44297833    3.19932408    3.18309168    3.19802287    3.49404193    3.44651279    2.79302644    2.71339719    2.74042988    2.94383831    2.88878631    2.86779206    2.68488327    2.82767437    2.47757057    2.68587337    3.02377225    2.88700863    2.58869645    2.99796431    2.81469217    2.88809039    3.05935127    2.92462793    3.05514616    3.16982106    2.78795424    2.66892392    3.06218295    2.97960368    2.87121444    2.61414871    2.99640132    2.80070068    2.66794904    2.70876712    2.87783462    3.23143497    2.75238987    2.50259803    2.74879742    2.79067335    2.77194720    2.69125936    2.86400291    2.77802682    2.46639486    2.91442484    2.96157791    2.85374576    3.10040159    2.86770593    2.81474185    2.88773843    2.70254737    2.83141053    2.77477400    2.97026677    2.77830133    2.68018440    2.82764569    2.73198752    2.84774443    2.55495291    2.86349224    3.20584955    3.03470917    2.73946111    3.12761739    2.63073677    3.66014795    3.39478566    3.24624873    2.69507710    2.81215553    2.79404507    3.15781636    3.17430109    3.09535328    3.13188301    2.54203853    2.86002221    2.88092692    3.12309376    3.13048970    2.93149201    3.00391433    3.21367429    3.06951318    3.07480248    3.04683472    3.11703746    3.81350533    2.98895121    3.61170608    3.18502788    2.98735098    3.11237976    3.70243202    3.04936271    3.02097192    3.23474683    3.31772008    3.08869047    3.26616045    3.23278809    2.91547969    2.88560055    2.74687416    2.97981379    2.73045512    2.34735989    3.25603586    2.44282714    3.39803683    3.52275757    3.94237828    3.02423885    3.30620615    2.74907570    3.67825662    3.19986269    2.41846618    2.91052719    3.28463805    3.19143461    3.64167971    3.35579083
E8RVX4_ASTEC/225-436     4.13885772    4.50889779    4.22839593    4.48236738    4.84023978    4.33023812    2.41538614    1.80417844    1.07515435    0.00000000    0.68204310    0.82923287    0.85222148    0.85723526    1.58707431    1.55139063    1.69037673    1.48330235    1.52167026    1.81326814    2.04533365    1.55058416    1.68849597    1.40638184    1.65586711    1.75871380    1.76629850    1.67123799    1.72697045    1.84506347    1.64169369    1.85898784    1.67326539    1.77911811    4.09382894    3.73610705    3.76039244    3.89980912    3.84938910    3.41836603    3.64848241    4.27759513    4.46851266    4.23470565    4.04394512    3.76631229    4.09386115    3.30807627    3.55647393    3.44236119    3.64265904    4.03558463    3.59634512    3.48924502    3.81544152    3.20270588    3.60600724    4.17557808    3.92589456    3.78392002    3.55928571    3.68600230    3.37805775    4.14676699    3.55156260    3.47871401    4.03422757    3.38805718    3.26030488    4.22018584    3.97931540    3.80256857    3.71629047    3.92173880    3.69196708    3.76234075    3.60033961    3.76340080    3.77024201    3.79262250    3.70291300    4.05606830    3.77075403    3.86796016    3.95760099    4.03728094    4.06974926    3.75263088    3.93595632    4.05724674    3.74231494    4.00787036    3.77537257    3.90428793    3.92100046    3.91016413    3.92833737    3.94951298    4.08679995    3.97399750    3.78295428    3.79242234    3.68675242    3.63574743    3.55495218    3.55148199    4.23768294    3.99909675    4.19964171    4.05250951    3.61786596    4.60075027    4.66413810    4.63241583    3.81427609    3.46344900    3.95381327    3.74668949    4.11541873    3.82378280    3.75086140    3.37450789    3.62180373    3.89858516    3.68888534    3.63905861    3.59411573    3.71216223    3.58411744    3.39481940    3.12108031    3.72136408    4.39508583    4.54351457    3.75868424    4.38585340    3.56193930    3.64587953    4.17918828    3.96468958    3.71359255    3.87653575    3.70862039    3.91015756    3.58929039    3.76702179    3.62692893    3.49886603    3.69522350    3.29091028    3.89780725    3.73323842    3.22893915    4.45658213    3.35113180    4.13112549    4.30147381    4.43036596    3.45728647    3.83920887    3.36500272    4.66837971    3.54111736    3.61645343    3.34440112    4.11371726    3.72303734    3.99774494    4.09293806
E0TB13_PARBH/205-413     4.31240241    3.66386887    4.12678398    4.24993839    4.13960682    3.75609121    2.23703948    1.84836629    1.04841438    0.68204310    0.00000000    0.63891664    0.56510276    0.59797130    1.82776262    1.75106948    1.75830280    1.61440684    1.75981266    1.69293634    2.06561206    1.60141235    1.77978460    1.60523181    1.66036221    1.73571844    1.92180639    1.78813807    1.60894755    1.76508993    1.76613392    1.91609011    1.76836790    2.07187883    3.70888154    3.51411249    3.62251872    3.69173925    3.60845955    3.55352476    3.37630667    3.66738183    3.91138945    3.84293012    3.81748055    3.80349534    4.03569652    2.91071746    3.10978772    2.96008912    3.12839771    3.45330085    3.33663095    3.07403064    3.27744109    3.32542983    3.30277918    3.60706987    3.38203457    3.42922315    3.17233321    3.10733092    2.82779343    3.73336928    3.08627067    3.09234235    3.55036623    3.28789474    2.80721118    3.51877627    3.29233336    3.58011726    3.23379784    3.55213886    3.22575021    3.31950986    3.26259415    3.14941938    3.35434931    3.48581872    3.30131608    3.29842982    3.44834729    3.19147818    3.26667287    3.39992555    3.37063093    3.20147012    3.50044011    3.72320986    3.41796674    3.80981191    3.57545514    3.59187976    3.65050515    3.25556172    3.38195436    3.32514314    3.64740652    3.26971337    3.13035957    3.33013969    3.12866152    3.07232840    2.99355808    3.01817109    3.68484057    3.53724057    3.54155973    3.97016507    3.61046137    4.46776079    4.47982190    4.32924306    3.20705274    3.34546817    3.44270999    3.48898218    3.40242898    3.49978850    3.27523005    2.75887881    3.20794908    3.18647710    3.36126902    3.32360570    3.11695546    3.61146065    3.61429966    3.24545150    2.78757947    3.40636914    3.68107772    3.89296382    3.15946540    3.84224283    3.29229698    3.49758284    4.18949803    3.92791612    3.42741689    3.52991297    3.64010026    3.60935905    3.13619395    3.24161865    3.19623072    3.36616046    3.32521566    3.07975615    3.42658193    3.20572138    2.91365564    3.79924137    2.86933203    3.81484097    3.99732735    4.23132061    3.49698825    3.72465909    3.40620351    4.02695139    3.67474814    3.19724236    3.26750941    3.89076685    3.65271200    3.93526537    4.24262965
A4XE89_NOVAD/249-454     4.02226452    3.67237801    3.94040968    4.16016426    4.80241240    4.90873920    2.13982766    1.98435751    1.10338189    0.82923287    0.63891664    0.00000000    0.28501999    0.35702503    1.78567101    1.63386691    1.60961776    1.44804358    1.46798195    1.68892965    1.88280941    1.48570846    1.48372883    1.47291821    1.49894516    1.54135736    1.79291813    1.77901078    1.73726254    1.77810177    1.61422670    1.75029898    1.65071751    1.91138894    3.65062378    3.17265147    3.19352607    3.53861398    3.46570652    2.87114896    3.30861150    3.90627287    3.78506203    3.83352259    3.60366536    3.60054713    4.06282219    2.97460442    2.85928996    2.88029617    3.17415878    3.67984082    3.57288935    3.20225064    3.51764017    3.25230454    3.30757730    3.39072941    3.28235336    3.57674679    3.08210017    3.13408287    3.10747780    3.25047214    2.80478236    2.88408175    3.74829894    3.41772536    2.90439651    3.56325530    3.51177270    3.38779798    2.95352297    3.24630076    3.14747936    3.39874439    3.23724688    3.50741997    3.13966026    3.39550609    3.07785110    3.18417615    3.22710777    3.25088729    3.08798725    3.31000178    3.15505520    2.99977584    3.39031181    3.46613756    3.13243251    3.58323804    3.46561348    3.38417259    3.69858020    3.19919011    3.30212756    3.21833377    3.28251242    3.30089628    3.33624393    3.25325206    3.11291571    3.18693206    2.77619031    2.89522706    3.66465477    3.60697613    3.39923356    3.71226636    3.69908258    4.25353844    4.07542057    4.09166243    3.20023292    3.19703808    3.42877027    3.78029775    3.66785245    3.60664179    3.65445822    2.86434126    3.24377669    3.36703381    3.37298742    3.24989889    3.18223181    3.58826246    3.60301991    3.12990823    2.76920535    3.33962115    4.14156546    4.03162222    3.06722716    3.89031642    3.04938013    3.23991125    4.05149223    3.83106268    3.44410224    3.39496408    3.45794041    3.69906867    3.52507650    3.20099669    3.04665026    3.40058894    3.27368534    3.02437525    3.46460488    3.07780296    2.88410260    4.53268090    3.12386034    3.75398321    4.07555666    4.23836010    3.59000304    4.00114127    3.32768055    3.72342561    3.46708624    3.31680880    2.98474981    4.05878288    3.58879956    4.02617425    3.98852023
F6ILV9_9SPHN/233-439     4.22173950    3.74214024    3.63982606    4.09101701    4.29302769    4.42306719    2.16402315    1.84066931    0.94317754    0.85222148    0.56510276    0.28501999    0.00000000    0.19323246    1.72688354    1.56318697    1.54889177    1.56189634    1.59281356    1.81810205    1.84620828    1.51376064    1.54613049    1.45497415    1.54445738    1.55746634    1.72228832    1.79965806    1.65572433    1.81793657    1.68674750    1.84325770    1.75955259    1.95278521    3.67123640    3.42562253    3.40481903    3.50493651    3.56114909    2.97978204    3.05354727    4.06448284    4.10022082    4.12154942    3.85837666    3.73240158    4.24508209    2.96599255    2.99393465    2.87210667    2.92089083    3.63363771    3.47215913    3.08310646    3.55477330    3.17404610    3.25789612    3.73734629    3.50730170    3.56230660    3.34939004    3.36454738    3.07271633    3.57922457    2.88821147    3.23315586    3.70234464    3.27580186    2.82447878    3.42036370    3.48365996    3.44431404    2.88321858    3.16881676    2.98459062    3.02220288    3.11046107    3.32408734    3.23424838    3.24318788    3.01522616    3.16547348    3.28340062    3.04954007    2.86240879    3.05867998    2.98860328    2.91071149    3.19856200    3.26376205    3.09636545    3.50851901    3.22931424    3.31455597    3.55087061    3.12605673    3.25010298    3.12562389    3.28704775    3.37041135    3.33620402    3.06173329    2.95783793    3.10855531    2.75995376    3.06485167    3.76469304    3.68487237    3.58100152    3.87895620    3.67866060    4.06903266    4.02168157    3.91771369    3.29376197    3.29845482    3.53055206    3.75111188    3.48306843    3.42491609    3.57071104    2.98703219    3.04791464    3.07482523    3.14872834    3.24615431    3.01277251    3.53836035    3.44115768    3.27829558    2.80051161    3.28214289    3.76871314    3.93970957    3.04599417    3.56175355    3.20977474    3.22342581    4.12567866    3.94653810    3.25784478    3.25765256    3.35422892    3.67488983    3.42938781    3.22898443    3.20467764    3.32132887    3.15520531    3.06206645    3.33664678    2.89834485    2.83401798    4.23971063    2.85186165    3.66481340    4.02899995    4.04922732    3.54458783    3.95206877    3.21869221    3.69102782    3.42526962    3.04403721    2.94731012    3.86779007    3.61607725    4.17638248    4.04498448
Q2N5I1_ERYLH/227-431     4.33200427    3.71271995    3.78544220    4.27968887    4.47149903    4.57854064    2.07419300    1.89431530    0.94617597    0.85723526    0.59797130    0.35702503    0.19323246    0.00000000    1.90483127    1.70743373    1.53032663    1.51986447    1.52430570    1.80965081    1.82732602    1.62709007    1.53062327    1.51139222    1.55765534    1.53329958    1.67403738    1.80941680    1.65429335    1.71722887    1.59242801    1.80398794    1.63367788    2.02278383    3.69951399    3.40881126    3.45243715    3.53434711    3.60354010    3.11936755    3.16601542    3.90003387    3.99342777    3.97742899    3.79220960    3.68263803    4.16598101    2.86327566    2.96634748    2.76775114    2.98997260    3.62170832    3.40957028    3.09939809    3.52034017    3.23826745    3.31654978    3.52492376    3.37471980    3.42663413    3.26871613    3.25965065    2.97225543    3.58351188    3.03951308    3.23521608    3.67120978    3.22262031    2.88811980    3.37668602    3.47217168    3.49058979    2.88179146    3.16525074    2.98882889    3.03533001    3.10477963    3.29658811    3.24843618    3.19028784    2.87505621    3.10930891    3.29646502    2.99890469    2.84408191    3.08732249    2.99719677    2.92991772    3.17921409    3.28412585    3.09221792    3.51751916    3.25416405    3.35168168    3.56862656    3.13565975    3.18424764    3.08780483    3.21866983    3.31527372    3.31280845    3.06628365    3.00888998    3.07708791    2.63002982    3.10517790    3.64062158    3.58573724    3.42711141    3.85849583    3.85550591    4.11706708    4.07068411    4.01875783    3.27192618    3.26221477    3.38725561    3.74645985    3.48053244    3.44202957    3.53234003    2.86423000    3.11439530    3.09545412    3.17497732    3.11558155    3.01179847    3.56289956    3.40098630    3.22283573    2.76813966    3.16797548    3.73644815    4.02647677    3.06741303    3.60384205    3.09283107    3.31622212    4.13842779    3.89922983    3.33571516    3.17095817    3.32035458    3.53936733    3.45608970    3.20449520    3.07273746    3.33629093    3.27313555    3.07865464    3.42525404    3.00174811    2.79566287    4.14900119    2.95024650    3.72660218    4.00407532    3.96527351    3.61336292    4.04355369    3.22682771    3.79118547    3.29343588    2.84120627    2.81083879    3.72175741    3.52837514    4.05253250    4.13200084
Q6LW91_PHOPR/230-428     3.89323555    3.65414659    4.10773434    3.97750495    4.40881311    4.94938391    2.02303735    1.61843906    1.55933400    1.58707431    1.82776262    1.78567101    1.72688354    1.90483127    0.00000000    1.06924455    1.46458921    1.43251804    1.38954845    1.67899818    2.11889185    1.80148967    1.89429198    1.43126717    1.68106515    1.71770752    1.81788420    1.68547181    1.92725330    1.82229821    1.80210134    1.86027880    1.95465578    1.89779002    4.64099882    3.47715941    3.59426567    3.11758742    3.87834192    3.07305196    3.28563776    3.79586995    3.50528997    3.25316190    3.29624843    3.42066831    3.36038396    2.79188645    2.84764620    2.91163733    2.79028802    3.23952645    3.42490304    3.19796258    3.21906095    2.87166994    3.03335024    3.22011335    3.21796655    3.16088495    2.88074414    2.87556089    2.78220524    2.89761078    2.92928192    3.03501142    3.46875778    3.08526980    2.95483776    2.60540336    2.94199650    2.77252065    2.91605761    2.79268006    2.71033040    2.75023792    2.66317195    2.81329212    2.79622369    2.89498736    2.73794036    2.73041466    2.59706587    2.96367332    3.08856816    3.08453802    3.08664252    2.62144990    3.02106663    2.93808334    2.68607188    2.80089266    2.94990958    2.73355618    2.87836559    2.55935192    2.69579774    2.90021352    2.87180631    2.76671578    2.63619040    2.81372752    2.79328897    2.73289188    2.78721545    3.02637826    3.22568551    3.22230702    3.12390707    2.93728310    3.13623332    3.61108557    3.89894500    3.70850664    3.40992314    3.15239774    3.34633598    3.45699333    3.58995003    3.08551048    3.02174388    3.13216770    2.98246835    2.76169851    3.67794251    3.47717381    2.96904022    3.11420136    2.91191559    3.33103478    3.39492071    3.22809796    3.68339630    3.66486564    3.37514498    3.51457523    3.15832732    3.13838866    3.73928671    3.40238778    2.89253506    3.30955052    3.23847164    3.28767194    3.09700412    2.94894909    3.29810796    3.05932542    3.32098908    2.82324001    2.87996159    3.04014648    2.75989292    3.84250977    2.99444871    3.87313921    3.74038132    3.80144829    3.18001043    3.34800781    3.62286231    4.19528788    3.52982517    3.05847140    3.29339530    3.32907964    3.22439718    3.42311485    3.52001117
Q5ZTS2_LEGPH/195-393     3.86341119    4.75181072    5.73307861    4.25056133    5.08489912    5.29057427    2.22636501    1.62552537    1.43880084    1.55139063    1.75106948    1.63386691    1.56318697    1.70743373    1.06924455    0.00000000    1.60754731    1.44846917    1.45498152    1.96628375    2.24967567    1.85274992    1.75459327    1.52510781    1.67248634    1.68626549    1.85238567    1.71227225    1.88312266    1.93526486    1.89035542    1.90998692    2.05851583    2.08576214    4.26281484    3.41719006    3.42843961    3.71076831    4.32585618    4.04261010    3.71860447    4.32411430    4.70459596    4.13332380    4.32775857    4.41124090    4.72028661    3.82904014    3.92841980    4.03757490    4.10343800    4.33666302    4.41181533    4.25450227    4.28278490    3.35407022    3.80567843    4.11588531    3.78458800    3.97414242    4.20189537    4.03600663    3.89655892    4.40958674    4.05044347    3.87435376    4.32841164    4.10984106    3.91673045    3.73292845    3.89573719    3.63464214    3.55306676    3.68136078    3.68114453    3.74418527    3.56254493    4.13932621    4.13840257    3.69187673    3.62437113    3.91107122    3.75793869    4.02531885    3.92173206    4.00399190    3.96028132    3.78006710    4.23057082    4.08004781    4.03795531    3.87602574    4.07527872    4.23569957    4.39113984    3.96138144    3.46375565    4.37238935    3.52289190    3.72703166    3.66076959    3.69064676    3.58042376    3.58072558    3.56916972    4.10676880    4.64072078    4.38385869    4.19462742    4.06592703    4.04851725    4.55127076    5.39769021    4.84952244    5.00891072    4.81098802    4.33725990    4.63875528    5.36133258    4.31389159    4.86580865    4.44234967    5.16203025    4.77681494    4.74574662    4.45591204    4.05411834    4.67282748    4.04213792    4.85259635    4.00085911    4.14309515    4.42788083    4.96463238    4.49347722    4.85599682    4.69967209    5.17654235    5.61470243    5.42640208    4.13942000    4.74579496    4.58619178    4.83716730    4.69445659    4.87536033    5.56199765    3.76695877    4.34404568    4.36508803    4.32990648    4.39307196    3.33950569    4.78657692    4.48204412    4.17844248    4.45375469    4.84519844    4.20961957    4.76585718    4.06864116    5.66813145    3.95879469    3.97836147    3.64448810    4.16156702    4.08945429    3.98890863    4.15259927
