14
Y284_MYCPN/253-431     0.00000000    0.19429743    0.20610997    0.27863636    0.26927028    0.87336578    1.43344752    1.81082530    1.78976921    1.41089688    0.51853251    0.42390591    0.33518730    0.28010847
Y288_MYCPN/266-443     0.19429743    0.00000000    0.11465999    0.21491525    0.20959966    0.98866798    1.44839527    1.74034615    1.86096873    1.56905853    0.53373258    0.37843247    0.34872590    0.30425698
Y506_MYCPN/260-437     0.20610997    0.11465999    0.00000000    0.26630091    0.23368248    1.05668509    1.36694733    1.72333926    1.90992337    1.44182636    0.54681842    0.39680205    0.39307806    0.32005528
Y364_MYCPN/147-325     0.27863636    0.21491525    0.26630091    0.00000000    0.16917640    0.88102294    1.37695630    1.76635848    1.88943040    1.48320663    0.51497007    0.43419557    0.35027225    0.35933974
Y152_MYCPN/262-440     0.26927028    0.20959966    0.23368248    0.16917640    0.00000000    0.93786036    1.37307973    1.75242473    1.88619630    1.51201284    0.51704171    0.37701644    0.30377451    0.30755207
Q7NC49_MYCGA/250-437     0.87336578    0.98866798    1.05668509    0.88102294    0.93786036    0.00000000    1.56962503    2.16509932    2.02704310    1.80386353    1.09552005    1.11866754    1.05193134    1.08968199
C5J5G9_MYCCR/214-396     1.43344752    1.44839527    1.36694733    1.37695630    1.37307973    1.56962503    0.00000000    1.97719385    2.50750029    1.93992598    1.54725179    1.46344864    1.41831813    1.35520857
D5E6B5_MYCCM/226-419     1.81082530    1.74034615    1.72333926    1.76635848    1.75242473    2.16509932    1.97719385    0.00000000    1.74921630    1.60855863    1.74858786    1.72141344    1.71630491    1.75209351
Q4A680_MYCS5/252-429     1.78976921    1.86096873    1.90992337    1.88943040    1.88619630    2.02704310    2.50750029    1.74921630    0.00000000    1.31277306    2.15528239    1.73322363    1.98108563    2.05422689
A5IYU2_MYCAP/221-395     1.41089688    1.56905853    1.44182636    1.48320663    1.51201284    1.80386353    1.93992598    1.60855863    1.31277306    0.00000000    1.56875641    1.70541870    1.68796406    1.57873066
Y408_MYCPN/260-439     0.51853251    0.53373258    0.54681842    0.51497007    0.51704171    1.09552005    1.54725179    1.74858786    2.15528239    1.56875641    0.00000000    0.48434932    0.55608056    0.56696414
Y147_MYCPN/1-145     0.42390591    0.37843247    0.39680205    0.43419557    0.37701644    1.11866754    1.46344864    1.72141344    1.73322363    1.70541870    0.48434932    0.00000000    0.32191446    0.45212669
Y097_MYCPN/259-438     0.33518730    0.34872590    0.39307806    0.35027225    0.30377451    1.05193134    1.41831813    1.71630491    1.98108563    1.68796406    0.55608056    0.32191446    0.00000000    0.32417941
Y200_MYCPN/259-438     0.28010847    0.30425698    0.32005528    0.35933974    0.30755207    1.08968199    1.35520857    1.75209351    2.05422689    1.57873066    0.56696414    0.45212669    0.32417941    0.00000000

