19
Q17809_CAEEL/33-328     0.00000000    1.23291008    0.93840680    1.64735359    1.05085943    1.89554827    2.05287297    1.97159637    1.94738468    2.30225498    2.23630145    2.33583764    2.04860983    2.58689964    2.11350259    2.37041711    2.21941896    1.66936972    1.90388861
Q17810_CAEEL/34-319     1.23291008    0.00000000    1.18068667    1.79031871    1.33413209    2.34806395    2.22396910    2.28264135    2.28571171    1.92151370    2.35470937    2.13768291    2.29849682    2.15927537    2.39269576    2.19078652    1.90857249    1.95456005    2.03730827
O17151_CAEEL/26-314     0.93840680    1.18068667    0.00000000    1.52942952    0.87748095    1.73623311    1.90035643    1.92905267    2.12470082    2.00044965    2.17834764    2.24621027    2.08868139    2.57509082    2.44516647    2.11753505    2.13553305    1.75396243    1.68848724
O17152_CAEEL/28-347     1.64735359    1.79031871    1.52942952    0.00000000    1.22881535    2.07955038    2.15998797    2.16249230    2.16774612    2.24295801    2.56605715    2.38005528    2.48197004    2.58494164    2.47810001    2.66413889    2.35506696    2.39785512    2.30872684
O17149_CAEEL/27-307     1.05085943    1.33413209    0.87748095    1.22881535    0.00000000    1.87443383    1.83732180    1.75944164    2.00041502    1.94237784    2.11733417    2.11206202    2.19270064    2.34989843    2.16351261    2.17779377    2.13950855    1.86937478    1.82321892
Q9TZ87_CAEEL/1-303     1.89554827    2.34806395    1.73623311    2.07955038    1.87443383    0.00000000    2.08894290    2.04952784    2.33448123    2.45903678    2.51220167    2.46938461    2.42338308    2.71764104    2.40498602    2.21916134    2.60453387    2.13999357    2.10716551
K7HUR6_CAEJA/40-359     2.05287297    2.22396910    1.90035643    2.15998797    1.83732180    2.08894290    0.00000000    0.15536420    2.65403798    2.52907468    2.67946640    2.40618657    2.25530728    2.78543860    2.62197427    2.40650394    2.69869977    2.40686793    2.62174866
A0A2H2JFJ4_CAEJA/68-387     1.97159637    2.28264135    1.92905267    2.16249230    1.75944164    2.04952784    0.15536420    0.00000000    2.72914551    2.69396553    2.78375925    2.47912911    2.46556037    2.92565608    2.70864467    2.46813616    2.72474712    2.42396169    2.57314686
G0NZY6_CAEBE/36-384     1.94738468    2.28571171    2.12470082    2.16774612    2.00041502    2.33448123    2.65403798    2.72914551    0.00000000    1.41413082    1.45958785    1.84203486    1.60902590    1.92422188    1.93307284    1.44691680    2.78419651    2.54866764    2.48661338
E3M0V1_CAERE/38-371     2.30225498    1.92151370    2.00044965    2.24295801    1.94237784    2.45903678    2.52907468    2.69396553    1.41413082    0.00000000    1.21951177    1.45410393    1.27366556    1.89507485    1.40095395    1.25966970    2.57950224    2.52531969    2.63924377
Q9N5J4_CAEEL/30-370     2.23630145    2.35470937    2.17834764    2.56605715    2.11733417    2.51220167    2.67946640    2.78375925    1.45958785    1.21951177    0.00000000    1.46320217    1.35102553    1.96375565    1.28587988    1.38916034    3.20768579    2.50423583    2.89042807
A8XW23_CAEBR/26-334     2.33583764    2.13768291    2.24621027    2.38005528    2.11206202    2.46938461    2.40618657    2.47912911    1.84203486    1.45410393    1.46320217    0.00000000    0.74174716    1.88010735    1.39294398    1.48055689    2.71942726    2.59067600    2.63537057
E3M0W3_CAERE/37-337     2.04860983    2.29849682    2.08868139    2.48197004    2.19270064    2.42338308    2.25530728    2.46556037    1.60902590    1.27366556    1.35102553    0.74174716    0.00000000    1.65806590    1.36691413    1.41381598    2.74605657    2.21931051    2.58494084
E3MPF6_CAERE/74-388     2.58689964    2.15927537    2.57509082    2.58494164    2.34989843    2.71764104    2.78543860    2.92565608    1.92422188    1.89507485    1.96375565    1.88010735    1.65806590    0.00000000    1.60283227    1.91488864    2.79006500    2.70267569    2.82146564
O17173_CAEEL/31-346     2.11350259    2.39269576    2.44516647    2.47810001    2.16351261    2.40498602    2.62197427    2.70864467    1.93307284    1.40095395    1.28587988    1.39294398    1.36691413    1.60283227    0.00000000    1.52941958    2.92858809    2.76946745    2.40111493
A8XW07_CAEBR/41-395     2.37041711    2.19078652    2.11753505    2.66413889    2.17779377    2.21916134    2.40650394    2.46813616    1.44691680    1.25966970    1.38916034    1.48055689    1.41381598    1.91488864    1.52941958    0.00000000    2.70919590    2.50375509    2.37708091
E3M0V5_CAERE/27-376     2.21941896    1.90857249    2.13553305    2.35506696    2.13950855    2.60453387    2.69869977    2.72474712    2.78419651    2.57950224    3.20768579    2.71942726    2.74605657    2.79006500    2.92858809    2.70919590    0.00000000    2.47580145    2.52422419
Q21396_CAEEL/18-308     1.66936972    1.95456005    1.75396243    2.39785512    1.86937478    2.13999357    2.40686793    2.42396169    2.54866764    2.52531969    2.50423583    2.59067600    2.21931051    2.70267569    2.76946745    2.50375509    2.47580145    0.00000000    2.01976609
Q21395_CAEEL/9-304     1.90388861    2.03730827    1.68848724    2.30872684    1.82321892    2.10716551    2.62174866    2.57314686    2.48661338    2.63924377    2.89042807    2.63537057    2.58494084    2.82146564    2.40111493    2.37708091    2.52422419    2.01976609    0.00000000

