20
G3U9X5_LOXAF/962-1017     0.00000000    0.20038261    0.81320476    0.83699074    1.06927478    1.22569280    0.91124535    0.95913529    0.86138110    0.49153130    0.43553851    0.20862961    0.27902356    0.50319006    0.58997750    0.56731550    0.61931125    0.78150271    0.65975461    0.71133795
G3TWZ7_LOXAF/154-209     0.20038261    0.00000000    0.86220399    0.89590140    1.00594937    1.11273717    1.07865118    1.12342693    0.95080629    0.55372156    0.50214911    0.18719019    0.25174774    0.54976031    0.59469869    0.68024588    0.64085348    0.88401281    0.64725797    0.73391055
F1LX60_RAT/133-204     0.81320476    0.86220399    0.00000000    1.01171525    1.08947215    1.03546784    0.84329972    1.05157282    0.88111889    0.86854515    0.82775423    0.87188645    0.81755398    1.08609138    0.76281412    0.76156572    0.84591927    0.87267317    1.07829667    1.15885777
M3XWJ5_MUSPF/569-619     0.83699074    0.89590140    1.01171525    0.00000000    0.94985866    1.04915718    0.64506253    0.64095335    0.59192670    0.85683540    0.74692723    0.85431461    0.74285987    1.06020664    0.88121613    0.91153671    0.83412797    1.07540707    1.02127149    1.08316596
FILA_HUMAN/257-306     1.06927478    1.00594937    1.08947215    0.94985866    0.00000000    0.19602393    0.91575884    0.83064581    0.89637761    1.04118812    1.10555935    1.01835735    1.01244129    1.34627005    1.10585445    1.06939800    1.19431001    1.25413214    1.49093536    1.59016164
H2N5S9_PONAB/257-306     1.22569280    1.11273717    1.03546784    1.04915718    0.19602393    0.00000000    0.97988989    1.01290810    1.00347563    1.06601400    1.20203172    1.14206788    1.13384815    1.88514596    1.23912807    1.32348198    1.28575419    1.27814289    1.65518518    1.83691726
FILA_HUMAN/2844-2900     0.91124535    1.07865118    0.84329972    0.64506253    0.91575884    0.97988989    0.00000000    0.21535900    0.21421119    0.67510052    0.59727624    0.98935274    1.01733188    1.15368984    1.03667387    1.20011611    1.11108830    1.07769484    0.99026441    1.00180539
FILA_HUMAN/1547-1603     0.95913529    1.12342693    1.05157282    0.64095335    0.83064581    1.01290810    0.21535900    0.00000000    0.21496608    0.75439383    0.68027625    1.07554393    1.15149282    1.04255815    0.99371031    1.15489727    1.12669381    1.17258870    0.91484542    0.96824382
FILA_HUMAN/574-630     0.86138110    0.95080629    0.88111889    0.59192670    0.89637761    1.00347563    0.21421119    0.21496608    0.00000000    0.76889870    0.70035756    0.92873464    0.96717389    0.91316445    0.79270062    0.95147684    0.92606358    1.15268476    0.81156229    0.82331954
G3U9X5_LOXAF/549-606     0.49153130    0.55372156    0.86854515    0.85683540    1.04118812    1.06601400    0.67510052    0.75439383    0.76889870    0.00000000    0.25986159    0.50549324    0.55008897    1.12941041    0.98030989    1.02158703    0.99788581    1.03593785    1.08149377    1.09598283
G3U9X5_LOXAF/2029-2086     0.43553851    0.50214911    0.82775423    0.74692723    1.10555935    1.20203172    0.59727624    0.68027625    0.70035756    0.25986159    0.00000000    0.44223853    0.51448692    1.02985803    0.92956780    0.94310123    0.91061606    0.94400248    1.07200403    1.11605003
G3U9X5_LOXAF/2696-2751     0.20862961    0.18719019    0.87188645    0.85431461    1.01835735    1.14206788    0.98935274    1.07554393    0.92873464    0.50549324    0.44223853    0.00000000    0.17723942    0.59448072    0.64864786    0.71667058    0.69161563    0.79799612    0.66977212    0.73461108
G3U9X5_LOXAF/825-880     0.27902356    0.25174774    0.81755398    0.74285987    1.01244129    1.13384815    1.01733188    1.15149282    0.96717389    0.55008897    0.51448692    0.17723942    0.00000000    0.63115444    0.65390702    0.77003732    0.69711441    0.85580347    0.66880049    0.76570792
F6R2K0_HORSE/373-428     0.50319006    0.54976031    1.08609138    1.06020664    1.34627005    1.88514596    1.15368984    1.04255815    0.91316445    1.12941041    1.02985803    0.59448072    0.63115444    0.00000000    0.73730832    0.79747853    0.86256136    1.11598358    0.76510886    0.92575357
H2R8N0_PANTR/2919-2973     0.58997750    0.59469869    0.76281412    0.88121613    1.10585445    1.23912807    1.03667387    0.99371031    0.79270062    0.98030989    0.92956780    0.64864786    0.65390702    0.73730832    0.00000000    0.12946257    0.12548666    0.91364851    0.68912382    0.72896613
FILA_HUMAN/373-428     0.56731550    0.68024588    0.76156572    0.91153671    1.06939800    1.32348198    1.20011611    1.15489727    0.95147684    1.02158703    0.94310123    0.71667058    0.77003732    0.79747853    0.12946257    0.00000000    0.23000501    0.82340105    0.70920323    0.71888045
H2N5S9_PONAB/373-428     0.61931125    0.64085348    0.84591927    0.83412797    1.19431001    1.28575419    1.11108830    1.12669381    0.92606358    0.99788581    0.91061606    0.69161563    0.69711441    0.86256136    0.12548666    0.23000501    0.00000000    0.96213872    0.73796325    0.78218651
G3TRF9_LOXAF/1915-1973     0.78150271    0.88401281    0.87267317    1.07540707    1.25413214    1.27814289    1.07769484    1.17258870    1.15268476    1.03593785    0.94400248    0.79799612    0.85580347    1.11598358    0.91364851    0.82340105    0.96213872    0.00000000    0.61482272    0.66494814
M3XWJ5_MUSPF/427-482     0.65975461    0.64725797    1.07829667    1.02127149    1.49093536    1.65518518    0.99026441    0.91484542    0.81156229    1.08149377    1.07200403    0.66977212    0.66880049    0.76510886    0.68912382    0.70920323    0.73796325    0.61482272    0.00000000    0.21763277
M3Z4K7_MUSPF/442-497     0.71133795    0.73391055    1.15885777    1.08316596    1.59016164    1.83691726    1.00180539    0.96824382    0.82331954    1.09598283    1.11605003    0.73461108    0.76570792    0.92575357    0.72896613    0.71888045    0.78218651    0.66494814    0.21763277    0.00000000

