154
Q2RPR7_RHORT/4-150     0.00000000    1.39582509    1.04397966    1.23802017    1.55118903    1.57588062    1.60832462    1.60059159    1.61618184    1.11079065    1.17535415    1.30352577    1.14399981    1.33054512    1.20556355    1.35069985    1.40122985    1.39548053    1.76199626    1.26004481    1.22875345    2.15033249    1.19106578    1.20474186    1.10366353    1.48794967    1.48134318    1.48484946    2.21236411    2.23457169    1.71195026    1.82020652    1.59913250    1.77203143    1.66294191    1.45637937    1.61070920    1.52680507    1.75896618    1.69407717    1.86100063    1.84285370    2.78891638    2.15767693    2.04464574    1.81786516    2.02291823    2.41341953    2.24134905    2.40212576    1.97223759    2.41069602    2.54768668    1.98521426    2.11173928    2.06624177    2.03571133    1.57023096    1.65815752    2.18393756    1.63652565    1.90899392    1.61954061    2.06970257    2.08596146    1.61642046    1.68511775    1.60500518    1.87564809    1.53479274    1.97633045    1.86280937    1.78002575    1.76697682    1.97237908    1.84007114    1.78828283    1.68952744    2.57934618    2.64022050    2.78526787    2.78664360    4.71825273    3.48192270    3.36967266    2.92826059    3.08689856    3.31395794    3.42056800    3.04274974    2.78631421    2.77657478    2.71006130    3.35945668    3.15441279    3.44146438    2.85023980    2.98149344    2.66136429    2.94678538    2.52896480    2.57948197    2.22631992    2.34779449    2.48967573    3.73888292    3.58899529    3.40240782    3.82578078    3.76979046    2.93494302    2.78060074    4.28352109    2.72711218    3.76776559    3.01286174    3.78238465    4.45088088    3.72904299    3.88733594    4.18426977    3.78049929    3.03954545    3.61372321    3.50195171    3.82158888    3.63623730    3.38979452    3.41438380    3.10623697    3.22773971    3.51733011    3.40606046    3.67895306    3.81313446    3.71551168    3.61925696    3.58018642    3.86529612    3.28359003    3.71633028    4.36315308    3.49596925    3.00146220    2.78852127    2.60026823    2.79275516    2.24117129    2.48299303    2.18734513    2.14994496    1.86590506    2.01115466    1.88284877
A5VM91_LACRD/3-145     1.39582509    0.00000000    1.17655998    1.61071432    1.87325590    1.94122104    1.90317370    1.75634046    1.88898720    1.46378381    1.57234429    1.57794384    1.49924261    1.63382932    1.63242736    1.48294642    1.82525106    1.67748403    1.83685582    1.31771510    1.34542346    2.14818196    1.54708297    1.40748291    1.47364480    1.46236460    1.94328936    1.84709807    2.77539307    1.95538268    2.31852223    2.34906534    1.63891845    1.94856557    2.07779427    2.27285777    1.75114344    1.59150405    2.00841583    1.94267856    1.75629292    1.68835167    2.25945190    1.89413157    1.93531912    1.50178499    1.90205591    2.43745248    1.95741023    2.00393169    2.01564795    2.30410123    2.36766759    1.91801621    1.92170761    2.01734057    2.01171507    1.91905004    2.00230664    1.92805160    1.85347433    2.05121253    2.04899643    1.70318679    1.73404613    1.80644955    2.01681977    2.37552004    1.85874229    1.93239515    1.98053067    1.87934321    1.72742415    2.00530516    1.99975021    2.08934844    1.80902764    1.94631149    2.40890239    2.54324290    2.48523487    2.56181541    3.80538129    2.77639387    2.69607135    2.90818150    2.59658920    2.84427358    3.31647349    2.52186805    2.63258340    2.94344620    2.77802054    2.89932809    3.02993379    2.44407510    2.43860932    2.12302649    2.10131489    2.49015434    2.13223144    2.63598674    2.51144302    2.41961790    2.55160713    3.42372443    3.00458236    4.26575921    3.89739893    3.42677359    2.74637651    3.50303246    5.38479811    2.77373495    4.95372724    3.58712131    4.60571852    4.96805644    4.42017157    4.30639595    4.38038688    3.96261609    3.56019081    4.34099277    4.32702634    3.83963444    4.17611165    3.58040156    4.12844571    3.84572656    4.35294248    4.08189327    4.00675990    3.99930631    3.77630102    3.80841261    4.28337052    3.35435488    4.24920311    3.87832510    4.26131695    4.10555102    3.42772749    2.67800547    2.68991260    2.78875548    2.52201972    1.85971513    1.95086425    1.92781349    1.67704463    2.21579127    2.23534049    2.32810403
Q24Y89_DESHY/4-153     1.04397966    1.17655998    0.00000000    1.26132321    2.01965028    2.20481856    2.09922489    2.21230091    1.90589213    1.19676130    1.17914430    1.48761265    1.16285148    1.20180431    1.12590880    1.19886868    1.19599046    1.13692843    1.50516891    1.22332400    1.24933262    1.86730377    1.32900810    1.47033302    1.44305487    1.51228271    1.49418086    1.41142802    2.43182002    2.28427226    2.33434375    2.39544714    1.50782635    1.59597187    2.06543234    1.84867061    1.56445000    1.56032203    1.36067774    1.49603664    1.46458723    1.71808622    2.35897378    1.82701844    1.78183583    1.92283907    1.97903932    2.37643762    1.88026174    2.08179421    1.82041170    2.25805266    1.97413875    1.81633545    2.00419388    2.23957258    1.95483464    1.99251741    1.71772970    1.97331822    1.71055896    1.83739400    2.02646076    1.80109673    1.88282982    1.75599925    1.62934538    1.82905299    1.70922035    2.01369981    2.18659667    1.74401483    1.76397060    1.86153921    1.88538030    1.81150140    1.72786793    1.64843030    2.15778164    2.83104360    3.03404956    2.82181808    3.85875527    3.16913373    3.52674459    3.01932898    3.42345747    3.12269982    3.64811985    3.09089826    2.75676665    2.97149398    3.27933716    3.40403117    3.11873120    3.11787013    3.16132531    3.09262945    2.80608930    2.76326543    2.80270195    2.83691059    2.78624720    3.05335617    3.00243704    3.97346240    3.81441906    3.37179144    3.91108890    3.74881121    2.50251938    2.45373985    4.79490967    2.64841868    3.49716633    3.12857190    3.34172057    3.80886804    3.46566403    3.45706203    3.80463038    2.83234847    2.36211298    3.35232958    3.31055322    3.57781689    3.37194658    3.24946248    3.33314729    2.95706610    3.36034548    3.48972279    3.16934192    3.27611105    3.91207782    4.01929054    3.88968549    3.30888537    4.24279490    3.57129703    3.99659995    3.60522703    2.88815501    2.85969087    2.53014955    2.73499261    2.51761767    2.04645351    2.21992007    2.17153932    2.04305346    2.29969472    2.47770114    2.16235839
Q8CUR9_OCEIH/1-148     1.23802017    1.61071432    1.26132321    0.00000000    1.46263121    1.45972877    1.16207432    1.03743061    1.07534949    1.14478889    1.19172424    1.24597708    1.07560292    1.18302485    0.93834973    1.18012885    1.48803362    1.24946346    1.37625801    1.25992080    1.18011961    1.91253310    1.50366735    1.66884638    1.54906521    1.41298801    1.61168802    1.15082655    2.43390746    1.91879675    1.77647774    1.80408314    1.59807848    1.78909435    1.75540305    1.57876953    1.83600853    1.63803641    1.44017150    1.50105243    1.34923314    1.48037784    2.38960856    1.63840310    2.10265471    1.93557387    2.25600644    2.55138722    2.27651859    2.43099717    1.92513822    2.33295092    2.36880221    1.85968959    2.31461839    2.23198948    1.84101238    1.99575765    1.89826106    2.23446616    2.09827676    2.10674050    1.98056387    2.03143049    2.19170855    1.92643890    1.77365704    1.68045019    1.99505470    2.26297171    2.17473463    2.03053572    1.96987769    1.97085210    2.06457700    1.79825961    1.96926671    1.69277588    1.94870619    2.39239922    2.25205746    2.62978207    3.21112974    2.84521055    2.69928635    2.93351084    2.57300407    2.75894033    3.16473452    2.31549291    2.27145181    2.59462950    2.56504602    2.62605403    2.62507862    2.66301062    2.56738537    2.78011958    2.54520503    2.38583703    2.52814093    2.35326420    2.24840038    2.35640053    2.75128766    3.24921265    2.69157430    3.78122869    2.66614088    2.43200384    2.33509580    2.47934044    5.01124520    2.48535315    3.12211946    3.54491125    2.99873093    2.88533059    3.32972005    2.96893653    3.85633912    3.17643192    2.42749595    3.01716885    3.13610832    3.47191346    3.30453313    2.76032413    2.79432243    2.84143309    2.71230346    2.95529451    2.99626134    2.50843679    2.95135229    3.38438658    2.66761516    3.32706720    3.12177369    3.50708164    3.02806600    3.38701137    2.79094194    2.24322589    2.21260367    2.20767875    2.27832984    1.85125628    1.79782159    2.07232856    1.58471684    2.30387606    2.37186462    2.36521036
Q5FI38_LACAC/1-146     1.55118903    1.87325590    2.01965028    1.46263121    0.00000000    0.36952657    1.11317983    1.06534477    1.09774202    1.47916934    1.47540804    1.42336145    1.77261795    1.70666237    1.57269194    1.83413151    1.79493205    1.72184045    1.48982569    1.41028690    1.37676945    1.84658767    2.01482954    1.97199904    1.85599498    2.08589359    2.10318474    1.50196868    2.57450618    2.06988100    1.83046289    2.03930095    1.79389757    1.81048827    1.97645425    1.82941190    1.66505590    1.66412533    1.86058117    1.76834791    1.81393232    1.57807380    2.78848361    2.28371184    2.67293124    2.06220682    2.54643002    3.27598305    2.98699729    3.12620808    2.30033410    2.30828034    2.70438900    2.35872809    2.53384491    2.34608139    2.45184910    2.47126444    2.17381667    2.76460217    2.24624800    2.28133578    2.54316992    2.24164301    2.19037406    2.37309080    2.42738260    2.51949742    2.36153410    2.51233689    2.53776183    2.16320372    2.08757248    2.26971760    2.23090465    2.29234136    2.31793957    2.12481035    2.39617216    2.33039741    2.51647077    2.94610698    3.80648913    3.35064827    2.99140403    2.59292836    2.87408837    2.34323365    3.47312702    2.54197839    2.68747590    2.54370038    2.60036353    3.32512217    2.66335670    2.61870178    3.40304108    3.39329359    3.23107003    3.64432991    3.09322331    2.65322069    2.62182522    3.18579639    2.90666897    3.50238416    3.32338686    3.80311257    3.45287275    3.05499012    2.45442849    3.09042607    3.74471654    2.81102826    3.48414857    2.97418561    3.05533235    3.69868268    2.76503619    3.49344514    3.85917780    3.34726606    2.80676030    3.32183585    2.82808303    3.35475014    3.00630191    2.80617386    2.94512050    2.88980135    3.39675064    2.88494567    2.78589977    3.32325668    3.27783342    3.91945920    3.80152234    4.06284703    3.85208404    3.23850985    2.76122782    3.86912691    3.18051735    2.75138669    2.67213965    2.97173135    2.76772089    1.96962162    1.95653291    2.06822432    2.02157221    2.28725297    2.05783491    1.79510318
Q1G8A0_LACDA/1-140     1.57588062    1.94122104    2.20481856    1.45972877    0.36952657    0.00000000    0.97860914    1.05276134    1.03445395    1.54761409    1.55555172    1.54922007    1.73007511    1.71331107    1.65045148    1.73973917    1.66251463    1.75932205    1.39363508    1.43751227    1.49352473    1.79604427    1.85625151    1.92407668    1.91709731    2.03019099    2.17772914    1.54967261    3.25836483    2.06672435    1.74418066    1.92117675    1.91649638    1.88877601    1.99715092    1.94332683    1.70955617    1.92960962    1.93140965    1.86110231    2.02938018    1.81723649    2.57542254    2.15605254    2.47694637    2.12230729    2.39302221    2.71693397    2.63813446    2.63664875    2.07664014    2.11766906    2.39620987    2.01053672    2.16926956    1.91199707    2.06981528    1.99925169    1.90547198    2.28371954    1.98438715    1.82845165    2.21931957    2.18087536    2.22305292    2.14932270    2.37602062    2.23351263    2.20344258    2.38397638    2.53257145    2.00135690    2.02520241    2.33752044    2.24556220    2.06169518    2.28527425    1.93121701    2.40827128    2.16596864    2.28146132    3.08877497    3.68222636    3.14415267    2.85597961    2.58773977    3.05964440    2.29595940    3.09475961    2.16802175    2.57216634    2.34332880    2.34239179    2.58325221    2.49046671    2.47869718    2.77110283    3.28238422    2.86786928    3.21410619    2.58915646    2.75241116    2.72266015    3.03888534    2.65858357    3.47960053    3.77572603    4.04221285    3.37030882    2.91379169    2.66393560    3.04384323    4.24234323    2.50762587    3.13573391    2.79412426    2.94672127    3.20231013    2.62077950    3.16734949    3.46097152    2.94205521    2.78282020    2.87342457    2.77993225    3.49899776    2.88858360    2.80006081    2.84544558    2.78097450    3.01206322    3.31898956    2.73932130    3.11213296    2.95017184    3.56759149    3.67481349    3.58693717    3.38616060    3.14147622    2.23245357    3.94092170    3.04389580    2.41819197    2.51800893    2.50937016    2.65465877    1.99472438    1.98422051    1.82597092    1.82751208    2.29032248    2.31864986    1.83392882
Q03EI6_PEDPA/1-148     1.60832462    1.90317370    2.09922489    1.16207432    1.11317983    0.97860914    0.00000000    0.47324374    0.54973597    1.41226404    1.47253527    1.40620883    1.36685788    1.54823349    1.29542644    1.47949073    1.89919175    1.70069775    1.58622220    1.35285236    1.40228889    1.77934528    1.73281646    1.80797577    2.02157249    2.04666556    1.83479650    1.44247775    2.66417420    2.01305959    1.70179130    1.63831493    1.67290641    2.06957735    1.94823037    1.82137327    1.57742640    1.70319842    1.74507431    1.67261533    1.57545759    1.69785753    2.39063972    1.78810507    1.89251536    1.81502643    2.01516510    2.58476541    2.44679875    2.77525293    2.27380812    2.25854984    2.09297163    1.96922208    2.07925251    2.12604729    1.84438861    1.90013096    2.03593799    2.41570718    2.02838327    1.82979829    2.16692495    1.98956756    2.06899381    1.93051789    2.02612039    1.87659422    2.01866867    2.35520186    2.61192532    2.33144166    2.02735641    2.06119020    2.02968727    1.93650206    2.20029677    1.85850824    1.99806782    1.84167945    2.19753738    2.65835021    3.93119231    3.05932686    2.82771441    2.51070146    2.83881967    2.52969925    3.20683117    2.15824205    2.46314644    2.54856731    2.37005980    2.44856757    2.55844381    2.91030047    2.64907817    2.85887228    2.65635303    2.80573239    2.57604941    2.54189155    2.34434811    2.60835060    2.44402001    3.28277331    3.47713515    3.32834636    2.50745993    2.32707646    2.57074275    2.31646294    4.77725194    2.50906084    2.95657758    2.60374592    2.84154876    2.64345456    2.97008545    2.81162118    3.05191687    2.54829073    2.48749929    2.63525720    2.81492898    3.45803573    3.13583303    2.48249334    2.67506977    2.61502947    2.58419593    3.03269122    2.91710930    2.67571182    2.77605843    3.41599976    3.29907305    3.58388153    3.46354711    3.40344358    2.49288511    3.57704441    2.96735392    2.14257329    2.12994042    2.30005672    2.21073275    1.77228830    1.98437087    2.00945752    1.48154847    2.39332800    2.51391898    2.07221699
Q835Z1_ENTFA/1-148     1.60059159    1.75634046    2.21230091    1.03743061    1.06534477    1.05276134    0.47324374    0.00000000    0.40469536    1.69710795    1.52487370    1.50180059    1.40783190    1.61230713    1.37309603    1.56802674    2.09041037    1.81326156    1.80327950    1.47724506    1.47104093    2.06473615    1.99708844    1.95907950    2.15489969    2.26810741    2.10001870    1.57186904    2.75890527    2.04807744    2.03514002    1.87479669    1.95645492    2.20748799    2.06991627    1.90032025    1.89465991    1.90172716    2.11125951    1.90337649    1.91258776    1.63246509    2.51535773    1.93710630    2.07052143    2.11931205    2.30474268    2.63010086    2.67424612    2.52224947    2.01828252    1.90057951    2.17617314    2.05096589    2.13521228    2.42999362    1.86841561    1.91507205    1.91514043    2.42931992    2.07582610    1.86719165    2.06024428    2.25269085    2.18628419    2.11122515    2.19428074    2.10848128    2.05828792    2.40150552    2.43047446    2.23406544    2.15953440    2.06394820    2.11395074    2.12178417    2.01326822    1.87091028    2.32845415    1.98956726    2.23331389    2.68313263    3.94748477    3.38760545    2.76859370    2.69078942    2.71778836    2.85712229    2.74903867    2.17358100    2.47322091    2.58499969    2.36166038    2.34693676    2.38587996    2.70114248    2.71569246    3.02205547    2.62411029    2.96983900    2.53310962    2.71295844    2.53607137    2.82441163    2.58275615    3.03733717    3.16402704    3.16583425    2.85283233    2.60252857    2.89391161    2.62082303    4.97049003    2.65179647    2.87681655    2.93100984    2.95026318    2.92620371    2.82432771    3.22638515    3.31561619    2.98826063    2.63909002    3.22525053    2.94625794    3.71476675    3.57867584    3.03459458    3.05285443    3.01032867    2.84445054    3.16555349    3.22949151    2.57954751    3.08182205    3.35828713    3.50397980    3.94522535    3.52710988    3.21403538    2.79012961    3.88309945    3.24908660    2.51062418    2.66577554    2.82733255    2.61535118    1.79868600    1.98432265    2.00288267    1.72897979    2.54723897    2.48294525    2.14495570
URDA_STRMU/1-148     1.61618184    1.88898720    1.90589213    1.07534949    1.09774202    1.03445395    0.54973597    0.40469536    0.00000000    1.53581565    1.43653367    1.33956992    1.40902446    1.57645671    1.27095729    1.50704071    1.83582114    1.71861625    1.68285019    1.33365344    1.48838826    2.01109315    1.83029800    1.77630759    1.93537858    2.17323427    2.05467126    1.52877106    2.92988803    2.06077822    1.99023980    1.89229055    1.85732948    2.10812425    2.02015898    1.84835543    1.74761893    1.88669548    1.96075810    1.75337941    1.88015977    1.65337743    2.32858561    1.98159387    1.92106326    2.02871893    2.21824818    2.57249257    2.52663672    2.43613361    2.09716339    2.06267093    2.26000030    1.83014276    1.98738764    2.08721594    1.82216325    2.02936121    1.81257310    2.20056377    2.06164735    1.93059132    1.90473087    2.34713954    2.37667189    2.19657229    2.42385820    2.15473392    2.17812166    2.38530591    2.47180868    2.21233026    2.18832368    2.12282054    2.08421588    2.11508776    2.17772725    1.85566100    2.28860179    2.17162801    2.19432731    2.31908651    3.57444854    3.07973184    2.56266670    2.64259274    2.40006098    2.67384016    2.60074680    2.05737738    2.10840106    2.18351627    2.14644400    2.10873814    2.26517540    2.74552087    2.69436605    2.99560946    2.50000641    2.80771600    2.42915987    2.75828292    2.20054821    2.55806843    2.54397000    2.94692336    2.95790800    2.96492261    3.05695653    2.58913552    2.83763886    2.51917480    5.19333300    2.55587399    3.01642904    2.78331700    2.92669964    3.09923154    2.96875092    3.40409528    3.17741209    2.79673256    2.36021884    3.11784976    3.14914661    3.72553682    3.20549676    2.85881688    3.12332699    3.01547150    2.79100698    3.38187973    3.17242931    2.61675277    2.81237542    3.39239315    3.51575711    3.42416622    3.32462333    2.95367793    3.13422986    3.75486305    2.89697736    2.26495795    2.46416572    2.41769171    2.44337979    1.73103938    1.96461208    2.20770024    1.60461730    2.35899614    2.34711148    2.09909501
FMNRE_PSEAE/5-152     1.11079065    1.46378381    1.19676130    1.14478889    1.47916934    1.54761409    1.41226404    1.69710795    1.53581565    0.00000000    0.36935172    0.63288027    0.64136448    0.69456618    0.78535323    0.78475524    0.74891586    0.77370839    0.77752573    0.94031624    0.83244314    1.69133664    1.23789252    1.31715868    1.17490745    1.42706631    1.59385803    1.19626842    2.77960572    1.80139791    1.72219204    1.83707266    1.22015653    1.59958718    1.71391865    1.51354190    1.43159365    1.36867046    1.48413395    1.35294442    1.47272752    1.48766440    2.75177074    2.08167300    2.18583140    2.10830043    1.90272246    2.20797221    2.07220677    2.00813279    1.73089547    2.25028689    2.25063468    1.96137653    2.15567608    1.98252197    1.89374667    1.91221648    1.79576343    1.97919681    1.77297397    2.06823795    1.82115235    1.87771323    2.05254992    1.68601943    1.68729528    1.74468061    1.93733352    1.78791489    2.20828242    1.87234184    1.85646068    1.72471544    2.06641720    1.82988516    2.02712857    1.64565322    1.83171663    2.26770052    2.63527293    2.26712717    3.67330893    3.25333619    2.93791248    2.62747430    2.42450324    2.64556824    2.93735732    2.61271488    2.36363806    2.37313982    2.40155601    2.61431791    2.49859324    2.68316652    3.19500557    3.18668372    2.86065145    3.13200138    3.05703602    2.40184867    2.39024925    2.13951196    2.30600960    4.04822447    3.27970731    3.75285138    3.25322050    3.58366649    2.80117053    2.63725314    4.42908352    2.93849040    3.10608509    2.78894662    3.19361775    3.54181381    3.06681099    3.20383520    3.04188626    2.73232247    2.25984803    2.94138545    3.16255761    2.91179826    2.63949819    2.63237173    2.68169784    2.55696692    2.71504566    2.69952668    2.73733540    2.85478713    2.98720041    2.93365888    2.91494200    3.35767216    2.66415351    2.80933153    3.19654618    3.94941887    3.13267179    1.93806483    2.07620499    2.15065257    2.07633882    1.41491664    1.54002294    2.03560706    1.67989672    2.13319137    1.93454165    1.90527239
A1K9U9_AZOSB/7-154     1.17535415    1.57234429    1.17914430    1.19172424    1.47540804    1.55555172    1.47253527    1.52487370    1.43653367    0.36935172    0.00000000    0.66316566    0.58916088    0.80241366    0.81255623    0.83373168    0.88810250    0.89235319    0.95277130    0.83463033    0.66266001    1.61373461    1.30612169    1.26179503    1.23351172    1.39695831    1.42399985    1.16438125    2.55064017    2.09460258    2.11483464    2.21098357    1.29157169    1.44687571    1.59030710    1.29125400    1.48627975    1.40312821    1.32390338    1.30079983    1.46755242    1.33263062    2.69454298    2.03996192    2.15520371    1.86098145    2.07840015    2.20898481    1.98821357    1.97888395    1.74805280    2.07117750    2.06647231    1.94360773    2.26220658    1.77946483    1.82806417    1.86429375    1.81662008    2.15807067    1.58251553    1.84441267    1.85694982    1.92267799    2.13891464    1.82341805    2.06070003    1.82569626    1.89950118    2.12401687    2.27471243    1.81281079    2.07646166    1.80115826    2.14187815    1.88416835    2.22903152    1.75296497    1.76474705    2.23713599    2.34222102    2.30708552    3.65162440    2.76946741    2.92059725    2.48503194    2.79925730    2.58102536    3.27422977    2.69569234    2.64962872    2.38285855    2.46157257    2.70509268    2.58783547    2.68979775    3.24067411    3.02995655    2.98777288    2.73695717    2.62431124    2.37865510    2.35620302    2.05395458    2.26093918    3.73597473    3.18690315    3.28620759    3.49814952    3.44662835    2.63377553    2.41570752    4.66615324    2.77679360    3.46341110    2.72459685    2.92708260    3.71694460    2.98677402    3.16309903    3.24819110    2.72358079    2.20032530    2.84543307    3.05622629    3.17763881    2.47843575    2.78056874    2.60010312    2.63040525    2.67337579    3.15270209    2.87744112    2.98400224    3.31482196    3.54319309    3.02152264    3.01121866    2.84957278    2.78253128    3.67523372    3.96512172    2.90684770    2.02328195    2.07291818    2.06092960    2.06819863    1.31941929    1.48552111    2.07515981    1.67581059    2.06802314    2.11517076    1.82250359
A9B145_HERA2/5-155     1.30352577    1.57794384    1.48761265    1.24597708    1.42336145    1.54922007    1.40620883    1.50180059    1.33956992    0.63288027    0.66316566    0.00000000    0.71307045    0.77910113    0.91524032    0.85365216    0.97182063    1.06448787    1.17402273    0.96546927    0.98945643    1.34909786    1.26754529    1.20579279    1.23696531    1.25342547    1.40052576    1.13374459    2.87292660    2.12877154    1.87124815    2.03096672    1.20374203    1.66628663    1.66278433    1.38488700    1.31042973    1.26400282    1.39818764    1.21802238    1.42955371    1.44099490    2.54140059    1.96425559    2.43932317    2.14788945    1.96934319    2.48857805    2.31428308    2.30197244    2.02925579    2.39292619    2.21282132    2.08030610    2.01746613    2.36650595    1.98539834    2.13605703    2.12363440    2.46356399    1.99741331    2.16032809    1.89677761    1.57838678    1.96521098    1.79767188    1.97428819    1.89191356    1.91663969    2.08848936    2.03838109    1.81119176    2.15822909    2.02648490    1.95761126    2.05060533    2.29132732    1.87112110    1.96308597    2.31389066    2.49456098    2.70834488    4.14303378    3.56341781    3.05883407    2.53476577    2.71885880    3.06388083    3.21258553    2.69548983    2.75499403    2.40613708    2.36027618    2.43735895    2.78731368    2.76722764    3.34117121    3.43228479    2.89171784    2.96768355    3.03951138    2.51039913    2.40954553    2.43621061    2.83034431    4.17840234    3.25795781    3.28672328    3.46492171    3.44529582    2.56416972    2.71574299    4.40159404    3.04108161    3.61064399    3.07238158    3.36221383    3.81239485    3.28160422    3.38215265    3.77570342    3.49147355    2.50891327    3.41826572    3.07494716    3.27895296    2.76283693    2.58484706    2.66482814    2.77003445    2.83819550    3.43526216    3.32248710    3.13157103    3.38041580    3.64907171    3.15054857    3.49761690    3.46821393    3.20751889    2.67538767    3.60067582    2.85409621    2.34067636    2.00957616    2.10318080    2.15593309    1.79821899    1.60142135    1.98717792    1.65058184    2.40800705    2.36870960    1.99438482
V6F7C0_MAGGM/6-149     1.14399981    1.49924261    1.16285148    1.07560292    1.77261795    1.73007511    1.36685788    1.40783190    1.40902446    0.64136448    0.58916088    0.71307045    0.00000000    0.70093959    0.72083051    0.72003520    0.96705861    0.96036352    1.16710265    0.87187596    0.93366341    1.50864126    1.15756134    1.20034310    1.24883096    1.31107233    1.41619261    1.15048609    2.28838639    2.14220460    1.99661121    2.08574234    1.18590718    1.43801886    1.62307070    1.35235170    1.38284220    1.29214399    1.22317708    1.21345221    1.14984559    1.40906882    2.91988284    1.73103168    1.97602311    1.78393936    1.96667681    2.09536053    1.70756197    1.74556374    1.77590221    2.19935158    1.82828971    1.74534113    1.80831211    1.79318194    1.85030714    1.58241749    1.56559860    1.80232349    1.70432923    1.62790063    1.57790933    1.67020495    1.82172812    1.41513231    1.57897701    1.70324397    1.71682744    1.94527828    1.97173311    1.59844150    1.69938541    1.80631256    1.86780663    1.55888047    1.93653733    1.71053005    1.56843375    2.38194749    2.37095934    2.43297799    3.23491851    3.38519882    2.98308434    2.85030525    3.19910251    2.88460870    3.35856097    2.82013908    2.64095771    2.45266265    2.40856270    2.59079535    2.51037925    2.38811187    3.58802450    3.28178115    2.90370542    2.78275721    3.04459227    2.68546268    2.57713966    2.26359587    2.62243218    3.88157261    3.58675498    3.22554906    3.64645390    3.37567801    2.60099617    2.55513793    4.25317003    2.55860628    3.53240838    2.84944603    3.30325853    3.71923557    3.30914283    2.96769822    3.69543137    2.96160411    2.19117462    3.11913047    3.08802294    3.50320499    2.89653214    2.62444898    2.56098207    2.78586050    2.89458667    3.21366303    2.81351952    2.90589693    3.15541134    3.29836513    3.12739994    3.65258087    3.26229171    3.23733586    3.19941171    4.07060809    2.92304394    2.05864456    2.01721404    2.26860640    2.24627139    1.42157191    1.61585185    2.11123207    1.64419039    2.25965869    2.34020242    1.96495703
Q0W0S0_METAR/5-152     1.33054512    1.63382932    1.20180431    1.18302485    1.70666237    1.71331107    1.54823349    1.61230713    1.57645671    0.69456618    0.80241366    0.77910113    0.70093959    0.00000000    0.61639347    0.66089616    0.93323334    0.89400357    1.24577266    1.04122846    1.00816681    1.47404173    1.26402066    1.30246500    1.21276011    1.34858913    1.35980660    1.16196895    2.44025540    2.02516533    1.71701030    1.83835722    1.33453181    1.77173870    1.77125195    1.59105643    1.43845476    1.43761944    1.34613603    1.30390000    1.25892660    1.32686518    2.70560975    2.08327812    2.26119627    2.14670108    1.78506662    2.11137424    1.89452202    1.82754805    1.77873440    2.32849887    2.00813403    1.76253494    1.96033197    2.12087620    1.73398354    1.89391075    1.76833269    2.22760956    1.85692459    2.02339920    1.96644746    1.77007429    1.78144854    1.61872284    1.74265745    1.71838946    1.53286171    1.99953587    1.74362664    1.63395951    1.81877207    1.99881155    1.78591424    1.50520065    2.05803440    1.43030862    1.80001440    2.35306389    2.49989466    2.43949830    3.89382912    3.80063781    2.94459796    2.98787484    2.98643287    2.87142318    3.50822433    2.78447922    2.51726804    2.30023654    2.80301938    2.87332578    2.82058848    3.06578431    3.31244597    3.35818472    3.09604173    3.06295328    3.11954510    2.53160452    2.22382200    2.15589753    2.39676737    3.25731810    3.47519391    3.50692150    3.95408183    3.25247821    2.59773308    2.88292084    4.04391896    2.98338822    3.12798395    2.39219452    3.11257366    3.21821599    3.20844136    2.90817420    3.49664063    3.03004349    2.51728766    2.50200025    2.94578643    3.29952528    2.83947195    2.78241073    2.50579515    2.44141271    2.55813129    3.05998552    2.76153624    2.97448209    3.25856822    3.29163848    3.00028344    3.97093918    3.33351316    3.01482727    2.70972839    3.51099279    3.57333838    2.31171421    2.30521217    2.17607702    2.39790173    1.56118312    1.55089368    1.71671504    1.81948198    2.59635597    2.08345549    2.03018287
Q4J9C9_SULAC/4-152     1.20556355    1.63242736    1.12590880    0.93834973    1.57269194    1.65045148    1.29542644    1.37309603    1.27095729    0.78535323    0.81255623    0.91524032    0.72083051    0.61639347    0.00000000    0.56563361    1.10023381    0.91422938    1.21644812    1.22696876    1.23453469    1.72601884    1.26222539    1.34777815    1.45698136    1.34047247    1.43189080    1.13101185    1.97382583    1.99547953    1.83562197    2.03208749    1.21435962    1.50438067    1.43228902    1.33795737    1.36882654    1.35767006    1.47900742    1.29542082    1.30374162    1.57300407    2.74509352    2.02880521    2.05218899    1.78126879    2.28426062    2.44458510    2.34473348    2.23438303    1.78335494    2.17585129    2.07308315    2.04217150    2.26887970    2.25472093    1.91281171    2.00996103    1.90653071    2.24141906    2.03434639    2.12453591    1.87886224    1.89186575    1.92919900    1.92293308    1.87545568    1.87439335    1.66225742    2.18017593    2.06585898    1.64546707    1.87010946    1.83512991    1.77072223    1.76081645    1.68457505    1.51090209    1.96877618    2.14070017    2.26832714    2.63297437    3.45382335    3.42998083    2.75087338    2.81334455    2.67121165    2.58981756    3.18526309    2.83006548    2.72484465    2.42626179    2.45073767    2.62400840    2.64967740    2.95382453    3.28100509    3.11954772    2.91814295    3.19564520    2.79804839    2.62854151    2.25544798    2.63986803    2.58432739    2.97988431    3.45296149    3.50083841    3.58447131    2.93445207    2.50529144    2.54222862    4.67138992    2.67820661    2.87285265    2.53425094    2.62257425    3.22398185    2.61668707    2.75378650    3.34811144    2.74037060    2.29649233    2.60349815    2.66786317    3.56408925    2.75339907    2.42514484    2.33722950    2.43784229    2.43994053    2.52208140    2.53247903    2.56851321    2.85536252    3.14408572    2.75603941    3.26591141    2.91588224    3.11818369    2.79229904    3.45480241    2.70245037    2.18922220    2.13952536    2.06008341    2.25134136    1.39742475    1.50309575    1.83177206    1.59243807    2.32512795    2.22668623    2.00885569
Q6L1T3_PICTO/2-149     1.35069985    1.48294642    1.19886868    1.18012885    1.83413151    1.73973917    1.47949073    1.56802674    1.50704071    0.78475524    0.83373168    0.85365216    0.72003520    0.66089616    0.56563361    0.00000000    0.91520210    0.90094605    1.37729081    1.05929308    0.95966584    1.89190920    1.26027877    1.26358430    1.37492822    1.32184298    1.40631962    1.26277535    2.20886267    2.21875772    2.03758355    2.23149182    1.24315385    1.59195643    1.71936079    1.54598478    1.49958712    1.44311663    1.47092867    1.38366003    1.39974472    1.72285587    2.58445215    1.81156012    2.07757075    2.03896498    2.07177257    2.11081380    2.05799321    2.06565826    1.83148042    2.31976136    2.13357213    2.01417166    2.20677446    1.94684717    1.91172152    2.05075796    2.09769563    2.22887284    1.95524145    2.21749311    2.24367998    1.92761126    2.03814427    1.67615849    1.84538448    1.69311802    1.81238460    2.31131472    2.00373055    1.85640037    1.93884623    1.91520155    1.74711245    1.77656363    1.92558177    1.59742269    2.33830715    2.55110085    2.97898109    3.11960046    3.73863519    3.86793568    3.10312155    3.20097884    3.17557523    3.10557889    3.27618396    3.13719187    3.11314976    2.86495755    2.59971128    2.88478360    3.15403974    3.16118910    3.06155703    3.10281898    2.75963342    2.84973690    2.87473133    2.75315006    2.39244557    2.31528962    2.51235212    3.51686800    3.34135531    3.84257387    3.84955406    3.17907326    2.55110720    2.64391951    4.25773126    2.91080413    2.98597886    2.61362658    2.92323174    3.55053732    3.21970007    2.96814783    3.09382099    2.78820842    2.36407302    3.11055466    3.17057454    3.52775969    2.70570784    2.36855984    2.77246813    2.49755043    2.52024253    2.29667920    2.51064388    2.49671023    2.66285579    2.77629562    2.85381384    3.19745759    2.89789778    3.30508897    2.88931823    3.14365472    3.06994539    2.14469574    2.10561141    1.99866533    2.14357663    1.55339697    1.80272958    2.04718836    1.78522838    2.41392185    2.34705113    2.02854043
NQR1_ORYSJ/10-160     1.40122985    1.82525106    1.19599046    1.48803362    1.79493205    1.66251463    1.89919175    2.09041037    1.83582114    0.74891586    0.88810250    0.97182063    0.96705861    0.93323334    1.10023381    0.91520210    0.00000000    0.38365205    1.26964797    1.13744224    1.02802363    1.80891432    1.35381535    1.65169770    1.48405455    1.49890484    1.74413358    1.21658498    2.73169403    2.24857601    1.96800179    2.07386033    1.50229315    1.61179240    1.93949527    1.77463798    1.47193147    1.46793032    1.56589714    1.46640383    1.43719164    1.70862415    2.34484320    1.89718214    2.08862896    2.10661636    2.06820205    2.49187399    2.40027224    2.31341798    1.70277080    2.64176664    2.51004474    2.01964401    2.14777537    2.12247325    2.03652184    2.32605215    1.91630317    2.32858253    1.73243989    2.02626049    2.03347145    2.12776029    1.97888748    1.83666741    1.95226153    1.78674126    2.02635982    2.18689800    2.18357569    1.83266664    1.90150182    2.03734769    2.05388049    2.16755069    2.03128767    1.87515548    1.82702646    3.15577018    2.85218587    2.94860721    4.41711702    3.75920848    2.61879449    2.54802280    2.89265430    2.91637913    2.82230833    2.94519864    2.55569621    2.65788547    2.51117697    2.70239249    2.70352569    2.77354518    3.59778172    3.32322549    3.01017512    3.61193098    3.15093203    2.56851916    2.35042161    2.67932236    2.92421112    3.84865136    3.39896500    3.66703761    3.85158642    4.39543526    2.76044285    2.87195367    5.08383990    3.50273703    3.28166502    2.87897690    3.49066735    3.75539073    3.12885434    3.26034088    3.68367177    3.21070076    2.42965217    3.13570348    3.37089432    3.84456751    2.56006102    2.66268015    2.95697792    2.60218287    2.71176832    3.29415023    2.81725963    3.01964961    3.42849426    3.38621153    2.94865938    3.21928267    2.96659286    3.12920945    3.73235107    3.81533621    2.94700591    2.46008667    2.31907849    2.24939709    2.45983098    1.89593566    1.76365491    1.95934868    1.81438776    2.46527310    2.25243874    2.09527474
NQR_SOLTU/7-156     1.39548053    1.67748403    1.13692843    1.24946346    1.72184045    1.75932205    1.70069775    1.81326156    1.71861625    0.77370839    0.89235319    1.06448787    0.96036352    0.89400357    0.91422938    0.90094605    0.38365205    0.00000000    1.26162936    1.28620177    1.11639620    2.01245100    1.39502782    1.63089191    1.59045342    1.70477842    1.77795181    1.23926190    2.68329813    2.32668574    2.20557142    2.11590719    1.54769412    1.63283286    1.84068039    1.77837942    1.45057775    1.63376543    1.62194471    1.54647914    1.37363639    1.55143798    2.77272948    2.12517951    2.20034722    2.24442817    2.13181510    2.65743818    2.59956908    2.40998554    1.92809565    2.52704061    2.48110837    1.91418201    2.16131656    2.38093804    1.98530462    2.25626696    1.98451305    2.20145387    1.75858152    2.09612727    2.11027077    1.86861423    1.65761839    1.63162522    1.78733344    1.82482884    1.65653457    2.23501193    2.18921620    1.70046428    1.73431552    1.80184842    1.84593733    1.85299921    1.78971478    1.55798999    1.95220661    2.74195149    2.81944543    2.86999689    3.92081865    3.80854580    2.86872529    2.83055628    3.00404752    2.58117910    3.21215593    2.88945824    2.54209315    2.50453668    2.86104059    2.70273503    2.79437599    2.98230363    3.49126469    3.01862132    3.05549693    3.43542108    3.22913611    2.48079930    2.34024956    2.61634673    2.70116777    3.40677046    3.24948723    3.68685793    3.76661056    3.89246130    2.72253055    2.70138821    5.80563561    2.99770173    3.01509422    2.83754549    3.21038475    3.52323954    3.22548237    3.43731253    4.09899402    3.30812217    2.79848582    3.03335704    3.13640001    3.92371207    2.74254238    2.41368612    2.80203310    2.42587412    2.45306647    2.98530505    2.54999916    2.50888459    2.76728525    2.93121196    2.71138425    2.89071177    2.71523829    2.81480928    3.80884171    3.61560705    2.84061310    2.50114402    2.22067237    2.23781396    2.38915837    1.67091643    1.48618956    2.16845623    1.83547139    2.71906546    2.53658014    2.45905732
