16
Q8XL94_CLOPE/6-225     0.00000000    0.63779370    0.47578077    0.49963630    0.64937932    0.58811802    1.55078867    3.26313030    3.59316618    3.89659935    2.99002293    2.97965930    3.73055056    3.34283491    1.65782833    1.23784736
Q8ZRY2_SALTY/5-223     0.63779370    0.00000000    0.41910772    0.47789702    0.79282473    0.75528175    1.58663552    3.62787289    3.93330701    4.18924364    3.50933696    3.64120932    3.68396273    3.93231178    1.89876087    1.41035180
Q9KTU0_VIBCH/11-230     0.47578077    0.41910772    0.00000000    0.25291975    0.79955210    0.64898084    1.54355013    3.44665549    3.80860562    3.83293435    3.28009010    3.29407252    3.32406977    3.40004540    1.65909235    1.47735754
CITE_ECOLI/15-234     0.49963630    0.47789702    0.25291975    0.00000000    0.86930289    0.69483769    1.64534987    3.29089018    3.74189491    3.86042630    3.19829399    3.06612121    3.36417656    3.44716503    1.86194185    1.45316312
Q9CGA8_LACLA/9-229     0.64937932    0.79282473    0.79955210    0.86930289    0.00000000    0.74551071    1.61624759    3.97893163    3.93688495    3.64106686    3.38787178    3.22033177    3.67340607    3.59651073    1.94545348    1.56391350
Q8RDW5_FUSNN/9-227     0.58811802    0.75528175    0.64898084    0.69483769    0.74551071    0.00000000    1.44526847    2.88000038    3.32983059    3.70120106    2.92818600    3.04932750    3.37623274    3.51925096    1.67846304    1.31160583
CITEL_DEIRA/9-223     1.55078867    1.58663552    1.54355013    1.64534987    1.61624759    1.44526847    0.00000000    2.99827240    3.11146802    3.44576693    3.22092086    3.00544217    2.68515095    3.08550552    1.86641932    1.24724804
Q4DGT6_TRYCC/18-249     3.26313030    3.62787289    3.44665549    3.29089018    3.97893163    2.88000038    2.99827240    0.00000000    2.20474707    1.94874259    1.79418523    2.01397639    1.92617189    1.84024052    3.23654749    3.13161481
O82487_ARATH/90-322     3.59316618    3.93330701    3.80860562    3.74189491    3.93688495    3.32983059    3.11146802    2.20474707    0.00000000    1.62750433    1.70908568    1.45842945    1.40061171    1.64928287    3.73930014    3.03356282
GARL_ECOLI/20-246     3.89659935    4.18924364    3.83293435    3.86042630    3.64106686    3.70120106    3.44576693    1.94874259    1.62750433    0.00000000    1.19718203    0.88706145    1.02503930    0.93668945    4.01255314    3.31686911
A4XDW8_NOVAD/18-242     2.99002293    3.50933696    3.28009010    3.19829399    3.38787178    2.92818600    3.22092086    1.79418523    1.70908568    1.19718203    0.00000000    0.86001522    1.00693282    1.01822657    3.24283547    3.07345983
Q9RYM1_DEIRA/24-251     2.97965930    3.64120932    3.29407252    3.06612121    3.22033177    3.04932750    3.00544217    2.01397639    1.45842945    0.88706145    0.86001522    0.00000000    0.58921801    0.43373074    3.43681728    3.18501790
RHMA_ECOLI/19-246     3.73055056    3.68396273    3.32406977    3.36417656    3.67340607    3.37623274    2.68515095    1.92617189    1.40061171    1.02503930    1.00693282    0.58921801    0.00000000    0.61675744    3.35385982    2.92144822
HPCH_KLEP7/15-240     3.34283491    3.93231178    3.40004540    3.44716503    3.59651073    3.51925096    3.08550552    1.84024052    1.64928287    0.93668945    1.01822657    0.43373074    0.61675744    0.00000000    3.42609030    3.16065172
Q93167_CAEEL/26-259     1.65782833    1.89876087    1.65909235    1.86194185    1.94545348    1.67846304    1.86641932    3.23654749    3.73930014    4.01255314    3.24283547    3.43681728    3.35385982    3.42609030    0.00000000    1.44994708
Q9HRM8_HALSA/29-241     1.23784736    1.41035180    1.47735754    1.45316312    1.56391350    1.31160583    1.24724804    3.13161481    3.03356282    3.31686911    3.07345983    3.18501790    2.92144822    3.16065172    1.44994708    0.00000000

