157
D2A078_TRICA/25-132     0.00000000    0.95956864    0.76932601    0.78576970    0.77235984    1.05320332    1.04677636    1.06693628    0.83717164    0.90508922    1.21923325    0.92916298    1.29156038    1.06012630    1.04367001    1.19153931    1.14230279    1.11004177    1.19686842    1.16060291    1.06871111    1.07237919    0.99264150    0.99993131    0.87313433    1.16138674    1.33892490    1.34206017    1.35239513    1.25926009    1.33316474    1.20861866    1.26067122    1.25040091    1.29943972    1.25694561    1.12817672    1.23065271    1.18184462    1.31687025    1.26746689    1.86415103    1.76224367    1.85302424    2.11412617    2.28560439    2.68638116    2.67627982    1.76684132    2.21926255    2.29456399    2.08364353    2.35962027    1.60098317    1.88457926    1.55469143    1.70357395    1.35266681    1.59668524    1.87077359    1.91633036    2.31981903    2.48377812    2.38424283    1.99318802    2.07175267    2.10905259    2.31371476    1.99979159    1.74618165    1.47102770    1.25188362    1.54504923    1.30716938    1.27014641    1.38941153    1.22214013    1.40611667    1.39435759    1.40253737    1.34964359    1.41584163    1.36026215    1.34007698    1.35439574    1.36673317    1.35905657    1.27235603    1.30901802    1.46931429    1.47153909    1.40595352    1.57693512    1.50156932    1.78440386    1.77516170    1.71014040    1.63376924    1.72261267    1.55460579    1.62349591    1.78175298    1.67715998    1.66084475    1.82500763    1.51495463    1.60932113    1.56642953    1.42068755    1.98302300    1.80160783    1.31515940    1.48061707    1.55022205    1.35036118    1.52974590    1.48608163    1.33635923    1.55156784    1.39214023    1.35980060    1.56915212    1.33655562    1.40101086    1.53445267    1.40380474    1.52070744    1.73347981    1.48325056    1.60498872    1.32311818    1.35230563    1.45742047    1.46756078    1.33024139    1.39222533    1.43649799    1.61265262    1.66121980    1.73834168    1.63760698    1.74695931    1.38027380    1.42681512    1.44726468    1.58733052    1.38707108    1.42117292    1.23338649    1.27398694    1.23072485    2.02410838    1.28009548    1.24942482    1.01925047    1.51293561    1.79321424
T1H4F7_MEGSC/25-126     0.95956864    0.00000000    0.68892442    0.75774683    0.71999440    0.94643087    0.93998693    0.84290777    1.22426275    1.05637353    1.19044023    0.92621174    1.17485023    1.13524113    1.20989474    1.27585146    1.13542666    1.24525859    1.16554886    1.25526917    1.19300524    1.25188599    1.22415252    1.18267113    1.01677984    1.31047886    1.44965983    1.39487102    1.44630447    1.01810122    1.27954496    1.21018903    1.21100911    1.14943744    1.29513726    1.45811173    1.18659459    1.06708580    1.12363741    1.35918667    1.22738967    1.76839547    1.83291467    1.34002864    1.57248873    2.28074739    2.46201686    2.33023967    1.95438797    1.81086337    2.09113850    1.90399135    2.11289427    1.55705743    2.05417426    1.47802195    1.46926930    1.20537378    1.88736915    2.46516444    2.15941082    2.52004848    2.30098984    2.47103936    2.08965414    2.13390202    2.00281988    2.04578441    2.13332616    1.79939981    1.48913396    1.20258383    1.64912153    1.28366924    1.35600334    1.51118175    1.59947787    1.53794134    1.58151224    1.45814150    1.49356382    1.26482313    1.22875491    1.23918208    1.27363048    1.28650672    1.41158311    1.48125415    1.57868590    1.47295864    1.36302348    1.39999759    1.50145984    1.47249479    1.77862028    1.77314009    1.71127514    1.59685502    1.61356761    1.70738387    1.58821238    1.66570561    1.58635267    1.67425125    1.47196122    1.43185098    1.49578912    1.48832907    1.33176059    1.81986507    1.61135400    1.30285695    1.39118761    1.65644151    1.58680464    1.34720183    1.43483395    1.34540153    1.73488170    1.52596591    1.44668506    1.64503827    1.59769594    1.55409512    1.65175824    1.74949218    1.73378096    1.81120761    1.77773169    1.86695183    1.72113076    1.61936568    1.74188900    1.53392374    1.49322365    1.65276193    1.74163747    1.79080919    1.84342435    1.68414123    1.83239567    1.80865630    1.71424530    1.65958119    1.72933031    1.71457727    1.46400769    1.51136101    1.07149356    1.39482170    1.20817575    1.89418276    1.43371400    1.33043123    1.26248284    1.34571522    2.37780649
B4KDB9_DROMO/33-133     0.76932601    0.68892442    0.00000000    0.40658851    0.26279203    0.94082829    1.00672758    0.91135581    1.08758833    1.07815527    1.29157150    0.95825746    1.09585980    1.07701565    1.20448958    1.17495305    0.93285332    1.03846048    1.03914294    1.25220705    1.22427562    1.18341180    1.12839789    1.04008786    1.07519030    1.13645154    1.20198400    1.28243441    1.38358098    1.11878498    1.37698073    1.19284448    1.28954158    1.13046781    1.07484249    1.32354391    1.21377156    1.14299478    1.16226023    1.06224508    1.27743721    1.63519998    2.00153948    1.40610273    1.45842785    2.06788995    2.42980101    2.53241805    1.93346806    1.87925718    1.98335057    1.82451442    2.14927937    1.38162046    1.85804183    1.51212622    1.41368757    1.46134132    1.81166869    2.26164197    2.00180008    2.48157939    1.82932600    2.01911320    1.73023502    1.74430151    1.69238246    1.75832533    1.85275290    1.61152652    1.54503224    1.13288168    1.40762556    1.31466137    1.35777333    1.45779955    1.45555161    1.53840484    1.60948152    1.28174650    1.37734588    1.18927983    1.29491863    1.25132576    1.26523393    1.14801402    1.22139642    1.33749747    1.23962236    1.40662112    1.40691233    1.33439197    1.37628922    1.55992181    1.71464809    1.70428176    1.67670050    1.69268105    1.70238951    1.71327312    1.65659516    1.54893750    1.43285263    1.46338383    1.62188483    1.59019708    1.57257109    1.57117357    1.28323615    1.62802880    1.59162253    1.25705555    1.29279467    1.52237867    1.43218829    1.25300534    1.41236121    1.32622354    1.60118461    1.40218040    1.39073299    1.57141149    1.38927995    1.40079060    1.54743250    1.79587991    1.63431602    1.59815578    1.60599278    1.56912184    1.48428700    1.47250668    1.48701972    1.36848611    1.49321802    1.61631618    1.68201873    1.81260167    1.88951351    1.46504295    1.60880713    1.79335639    1.52492038    1.69424198    1.73735433    1.61301854    1.22601658    1.29345384    1.11832406    1.39285212    1.23473923    1.52585112    1.19735446    1.28299260    1.08213086    1.42423431    2.16507167
B4NB96_DROWI/36-140     0.78576970    0.75774683    0.40658851    0.00000000    0.28068739    0.91862120    1.17366096    0.95971554    0.96000724    1.08354342    1.23412167    1.02441397    1.23708204    1.23965822    1.09258765    1.26794566    0.99431532    1.00969947    1.04018716    1.36795717    1.32921660    1.26322970    1.28318989    1.03257770    1.09505616    1.21959315    1.23557072    1.22829450    1.31429954    1.25329356    1.42283195    1.25074318    1.31642437    1.20447744    1.18995832    1.44201077    1.14300639    1.10250785    1.12170463    1.31055272    1.30880582    1.72470382    1.84346347    1.66928728    1.76744640    2.23487197    2.59988197    2.63981417    2.04672901    1.91155166    1.95854512    1.85336608    2.10091181    1.38620719    1.90589251    1.63364967    1.63026488    1.34743798    1.67042670    2.22160825    1.81879794    2.31263042    1.92452473    1.90022359    2.00355352    1.95409199    1.66579535    1.83243214    1.86170656    1.53405173    1.64582061    1.06950515    1.40080412    1.34564708    1.41344369    1.54752555    1.49297306    1.58993189    1.61931589    1.53123509    1.58310904    1.35351990    1.43017773    1.32335347    1.31207147    1.28904590    1.39587869    1.40928662    1.26313977    1.25144295    1.19071511    1.21847779    1.34975895    1.32122608    1.67801041    1.53535661    1.61743039    1.73151529    1.65520075    1.55675045    1.47316877    1.40575584    1.40430424    1.57066871    1.47481950    1.46996963    1.34009737    1.34872552    1.29369962    1.80989829    1.67267774    1.36216815    1.36015435    1.54261307    1.36609916    1.32276457    1.26540989    1.20865898    1.52624926    1.33033941    1.27579544    1.63663896    1.34183008    1.30853126    1.58200640    1.84690226    1.60201214    1.58387048    1.64624239    1.67474274    1.45011853    1.52655438    1.41779486    1.46138150    1.48337299    1.60865195    1.53916640    1.73929127    1.82336961    1.53876853    1.92265442    1.90413071    1.71305125    1.82666736    1.83640106    1.70160086    1.14891417    1.23031319    1.15441820    1.30387072    1.16187861    1.70288126    1.26042275    1.32346313    1.21418411    1.31265930    2.31750038
B4HJW8_DROSE/36-136     0.77235984    0.71999440    0.26279203    0.28068739    0.00000000    1.04492846    1.15466385    1.01946987    1.05817330    1.03967821    1.21287573    1.09533441    1.23125470    1.21306642    1.21105405    1.21534394    0.90127035    0.98464111    1.00847781    1.22273365    1.22265509    1.29663642    1.25959484    1.09881238    1.14339594    1.24366528    1.18439771    1.27083390    1.35498584    1.15674528    1.39960009    1.21968500    1.35689878    1.16597377    1.17211798    1.41985252    1.14120025    1.23750531    1.23874047    1.23743694    1.14281489    1.64575919    1.87768091    1.71603112    1.65900001    2.22412247    2.70884938    2.80165913    1.93923234    2.03073230    2.05048495    1.90120253    2.21719355    1.40702686    1.95841145    1.65345351    1.52484926    1.45149513    1.53187390    2.05035568    1.98823222    2.43866324    1.96752892    2.11544155    2.10497599    1.99850351    1.83527080    2.00217383    1.71897613    1.82490479    1.67833813    1.12357566    1.38621366    1.27574363    1.32000353    1.57618443    1.57374016    1.69401276    1.75473176    1.45802731    1.51378761    1.26356033    1.38011673    1.33800183    1.27635364    1.27943538    1.25870136    1.33825086    1.21724947    1.34468747    1.29582482    1.32988839    1.52344527    1.43424700    1.75298314    1.65264701    1.63980592    1.67542758    1.55750892    1.70452561    1.67121253    1.50559004    1.38299949    1.51152013    1.71186660    1.63298723    1.64703537    1.57971072    1.31588557    1.77116310    1.71265497    1.39493026    1.37990226    1.57201619    1.55108964    1.30540397    1.29976628    1.21718846    1.61522477    1.39832037    1.28392266    1.60476758    1.26091365    1.27973977    1.52900719    1.80444788    1.61223073    1.57537882    1.57539418    1.56052558    1.46073424    1.48771716    1.46796244    1.40530261    1.41527897    1.55942613    1.51248478    1.71043820    1.81439951    1.54128160    1.86898497    1.97623493    1.54113770    1.70949041    1.76405538    1.55335714    1.08169862    1.21692264    1.23892291    1.26634134    1.16499022    1.67994183    1.29441543    1.31736256    1.22002694    1.44799278    2.19806561
B0WKV5_CULQU/30-132     1.05320332    0.94643087    0.94082829    0.91862120    1.04492846    0.00000000    0.75716887    0.26555006    1.02133767    1.14981968    0.88615615    0.84600677    1.04416268    1.05219956    0.93705619    1.04621561    1.04221317    1.07880301    1.03276254    1.22087144    1.26521346    1.23432568    1.24214794    1.23038107    0.93187709    1.13794544    1.20847082    1.26773270    1.40801850    1.24125174    1.31898310    1.18622394    1.08422277    1.33476583    1.15520926    1.30769691    1.19937243    1.26815322    1.23563718    1.06485020    1.45872497    1.76300206    1.55613466    1.62317574    1.72965482    2.54887864    2.45065479    2.60700609    1.89404173    2.04603135    2.11752059    2.22943489    2.25549009    1.48467446    1.91823741    1.44859584    1.38208969    1.43826469    2.11588684    2.31399706    2.15358766    2.52346848    2.16959394    2.59758391    2.01701985    2.08737076    2.17348196    2.30570739    2.26525735    1.64128461    1.59768098    1.48989067    1.63281530    1.22127911    1.20208259    1.76194985    1.80956061    1.77068897    1.58082778    1.64014604    1.69239574    1.42995068    1.32708908    1.32572600    1.34061988    1.27024998    1.33989724    1.64764008    1.47026259    1.28864115    1.30087839    1.20018000    1.24543334    1.66538574    1.90742888    1.87374640    1.68439997    1.81878971    1.76174441    1.94475521    1.58331236    1.61575063    1.50939054    1.50531724    1.49072110    1.45770497    1.48257693    1.37462716    1.32302659    1.55480179    1.42248891    1.33419094    1.34976100    1.53216472    1.58432973    1.31888499    1.59723540    1.40678492    1.42523256    1.47097192    1.47388211    1.66540211    1.50246686    1.55062905    1.47892451    1.63858435    1.83336792    1.91193936    1.85439882    2.02750097    1.69921495    1.64936485    1.77910016    1.64821843    1.74995270    1.56854326    1.86746188    2.11455209    2.16990912    1.81983185    2.08836502    1.95273777    1.89294772    1.84393356    1.70881451    1.80841812    1.43814789    1.30059940    1.36517858    1.34042482    1.31793942    1.54254718    1.39675230    1.36041481    1.19171822    1.24311709    2.35429580
Q7PR47_ANOGA/22-123     1.04677636    0.93998693    1.00672758    1.17366096    1.15466385    0.75716887    0.00000000    0.57779554    1.14058129    1.12462636    1.10471649    1.12025641    1.38583328    0.98264072    0.95196946    1.05429481    1.14452642    1.14178450    1.02562898    1.29513016    1.32953417    1.29754644    1.34204916    1.41388574    1.20296652    1.22152810    1.51064657    1.59754483    1.64962090    1.53852867    1.53660998    1.42589710    1.32132952    1.32265679    1.25752993    1.76658721    1.32770282    1.29861204    1.32599043    1.20311502    1.51022389    1.90025443    1.84526111    1.68363376    2.05742515    2.33793041    2.41448998    2.68829476    1.87564230    1.84417340    1.97290395    1.99041438    2.05291435    1.43375016    2.17668324    1.66697331    1.51580896    1.24691037    2.31948239    2.36440581    1.99861233    2.43742563    2.62886236    2.85209201    2.28504086    2.29181368    2.29578757    2.42549514    2.53133534    1.97367917    1.51262563    1.37028022    1.70547756    1.41657015    1.53923071    1.72146145    1.78254547    1.75758410    1.54259309    1.68218628    1.65856705    1.57173547    1.62115797    1.45120960    1.50436321    1.60468305    1.51877879    1.77119306    1.66229804    1.62497820    1.42451874    1.53060322    1.58147884    1.98415041    2.08901694    2.18800792    1.90774648    1.94285792    1.85590193    1.87862554    1.79284690    2.14423848    1.96284443    1.89320747    1.97399458    1.84431749    1.82055778    1.65284010    1.52381637    1.88859273    1.96324912    1.60284367    1.45597682    1.99692531    1.88322977    1.68581632    1.88246467    1.71329539    1.90752426    1.67940947    1.69309677    1.92082833    1.78124192    1.75660405    1.73945805    1.69475049    1.62719862    1.74415739    1.73704166    1.86269182    1.75452480    1.52867186    1.75406667    1.67604948    1.60739436    1.74422708    1.84135225    2.04270631    2.00646816    1.63545761    1.97647232    1.87599705    1.69098745    1.65842263    1.60529418    1.67096419    1.78018714    1.69632677    1.37963838    1.33900433    1.51903162    2.01237384    1.63499478    1.78413844    1.09812055    1.57573774    2.22955620
B0WKV4_CULQU/30-131     1.06693628    0.84290777    0.91135581    0.95971554    1.01946987    0.26555006    0.57779554    0.00000000    1.19971485    1.07289070    1.06488718    0.95659936    1.15939836    1.24020667    1.04468280    1.19704414    1.16660393    1.23706021    1.19560219    1.26206687    1.41287385    1.34852509    1.36018390    1.48543308    1.00823440    1.11669418    1.26242221    1.40224953    1.51455106    1.36062170    1.44948941    1.31825027    1.18634014    1.41038991    1.32719769    1.48794779    1.29241615    1.42157952    1.27486782    1.15091612    1.38521174    1.81355238    1.66788407    1.60387010    1.85703466    2.64719126    2.69013952    2.59420240    2.09044905    2.05120136    2.12814501    2.10366308    2.27556189    1.51296293    2.20165652    1.67421130    1.51277353    1.52695115    2.39635862    2.55417123    2.25254174    2.54510521    2.39492618    2.78356363    2.15279219    2.27509204    2.29995243    2.20486626    2.50648239    1.85878822    1.77718338    1.49885721    1.75892907    1.20901439    1.39094048    1.83370167    1.99850812    1.98694919    1.81717841    1.79680292    1.96290177    1.51172520    1.51414940    1.51888054    1.47338837    1.34583544    1.47228162    1.74412442    1.49219153    1.46006408    1.43440871    1.41745883    1.42128474    1.71883609    2.08527158    2.01579981    1.83926161    1.94061937    1.79029369    1.92071097    1.59694875    1.89022919    1.77932963    1.58922657    1.69056638    1.59494360    1.74659821    1.59389575    1.58495371    1.86700609    1.62277528    1.35955640    1.33461368    1.66717307    1.65332115    1.47087315    1.68195765    1.43241917    1.73704377    1.65513272    1.66630225    1.81490326    1.76043424    1.68184403    1.63163460    1.65726015    1.76026359    1.82985340    1.80056978    1.90472904    1.74509900    1.70828961    1.74580913    1.56990425    1.77555139    1.73981733    2.06895076    2.01828028    2.12175583    1.86885271    2.18150363    2.00538835    1.89983614    1.94217904    1.87663547    1.86593187    1.48319296    1.46684125    1.49143774    1.63984673    1.50183658    1.81905684    1.48529995    1.42178502    1.36776322    1.36708523    2.55217605
C4WYA2_ACYPI/27-128     0.83717164    1.22426275    1.08758833    0.96000724    1.05817330    1.02133767    1.14058129    1.19971485    0.00000000    0.85213699    0.98516289    0.90397394    1.25408916    1.14545539    0.99943085    1.35024937    1.01119371    1.10124565    1.11127372    1.08701803    0.93804066    1.00708013    1.04185376    1.27378948    0.88535883    0.97646952    1.09554772    1.05689742    1.07180433    1.19640584    1.34559331    1.23822139    1.10913613    1.09283716    1.12649967    1.29813987    1.23656094    1.08119718    1.00897240    1.21460509    1.38129633    1.83007832    1.84781735    1.68876633    1.91707605    2.33303335    2.25243451    2.53903618    2.17548974    2.02577660    2.02892962    1.98639701    1.93981203    1.82893969    2.12349384    1.31627360    1.49630904    1.29428426    1.55720401    1.93631864    1.89423203    2.31898401    1.92418259    1.94015764    1.92160787    1.78058037    1.69030116    2.02333172    1.94928537    1.81816560    1.37183481    1.39338890    1.65372556    1.21868081    1.08463051    1.58613560    1.47188191    1.56198286    1.51730405    1.56823699    1.59160646    1.30798754    1.40438193    1.37296748    1.44492519    1.40183978    1.40441135    1.61841193    1.66172301    1.33467959    1.45621409    1.33239025    1.27687895    1.50542012    1.59477739    1.63893126    1.40987444    1.35158446    1.52062067    1.27841845    1.41783025    1.59399361    1.55180971    1.53330064    1.41233052    1.44484098    1.40583452    1.43322495    1.29927302    1.75479280    1.52147343    1.25896955    1.32521715    1.55875321    1.53869547    1.43402918    1.41902748    1.42710619    1.37421647    1.36967489    1.53112630    1.53297955    1.38999756    1.31608635    1.33335914    1.65256740    1.73337887    1.84715798    1.63779387    1.79586727    1.48708972    1.50421841    1.62757968    1.68989439    1.68776499    1.68606543    1.77983417    1.97623255    2.01496433    1.73460053    1.76736794    1.68848521    1.69026274    1.62639892    1.66238659    1.68055200    1.39230961    1.14801583    1.24019437    1.25221784    1.29547570    1.71542647    1.28865261    1.39061123    1.07640508    1.47131595    2.10482486
H9JFR3_BOMMO/23-128     0.90508922    1.05637353    1.07815527    1.08354342    1.03967821    1.14981968    1.12462636    1.07289070    0.85213699    0.00000000    0.79536503    1.11703262    1.33373864    1.46522103    1.20549368    1.38031654    1.20320687    1.41107648    1.33410125    1.34800551    1.23126386    1.19787343    1.15309084    1.33991056    1.29399822    1.20505343    1.26843114    1.30112068    1.31439563    1.19799388    1.06268677    1.17935596    1.22798317    1.22111301    1.36453969    1.52264276    1.32567098    1.24210248    1.15107728    1.17147642    1.60680581    2.40157548    2.08926353    1.85993474    2.04826731    2.59878159    2.62703569    3.21949081    2.34303899    2.26438418    2.10824041    2.10747723    2.07310956    1.87424179    2.09119462    1.49012276    1.61576711    1.60414606    2.06394651    1.93715751    2.05280480    2.59167603    2.16259110    2.67512508    2.17449377    2.32881702    2.18651774    2.10832582    1.88409712    1.99421832    1.60298600    1.44576167    1.48322925    1.47712541    1.53050591    1.99491729    1.91477126    1.91539810    1.89690105    1.79873462    1.98709881    1.67615314    1.82246333    1.82141384    1.74456742    1.79333710    1.48606596    1.30528835    1.91004912    1.36319285    1.43199593    1.54432633    1.57193868    1.62374840    1.77259232    1.85233918    1.67700260    1.69434204    1.64669621    1.78606629    1.83750272    1.55106980    1.57390655    1.57543517    1.63181882    1.42166770    1.34391289    1.54625637    1.57837989    2.06456749    1.56041470    1.37583684    1.49116200    1.75426321    1.44241090    1.49135514    1.52963148    1.54277048    1.60447611    1.74066311    1.65286938    1.75453056    1.65805057    1.62440104    1.71613458    1.86712028    1.65073861    1.76532198    1.67632831    1.71852060    1.63625106    1.56817640    1.66228087    1.78132938    1.79990908    1.72248100    1.89027655    2.12735948    2.18018708    1.90303312    1.94376445    1.73614380    1.84770173    1.94319195    1.80470453    1.74982089    1.53131086    1.42624326    1.43513753    1.32435972    1.30178255    1.61081002    1.37480636    1.43499931    1.18191237    1.63233711    2.23121795
A0A212EMW0_DANPL/26-131     1.21923325    1.19044023    1.29157150    1.23412167    1.21287573    0.88615615    1.10471649    1.06488718    0.98516289    0.79536503    0.00000000    1.23333893    1.34541990    1.37542193    1.13457354    1.39751332    1.21034537    1.25714030    1.28557405    1.40770131    1.40350066    1.23706347    1.33570780    1.18678075    1.24220154    1.16517144    0.99753396    1.09893862    1.10774283    1.22746278    1.04996596    0.98058500    1.15279993    1.30208606    1.14716817    1.22297831    1.25519937    1.02139796    1.15096103    1.20797271    1.52691885    1.99545722    1.89554463    1.83888372    1.88252937    2.56157592    2.74795468    2.94724584    1.93865946    2.01069892    1.93842011    1.95924732    1.94381176    1.80713523    2.37698900    1.38997553    1.54891971    1.76284159    1.84742885    1.94560345    1.84539159    2.49294142    2.04082170    2.31017723    2.22589609    2.21854028    2.05030880    1.96239974    1.88644912    1.89012310    1.71920889    1.16951470    1.48643976    1.27787919    1.33579663    1.72818297    1.78742632    1.82322198    1.70513168    1.76152971    1.90839368    1.74825602    1.78168623    1.60928361    1.68199464    1.76736086    1.70286364    1.58682367    1.81602713    1.34692943    1.46667566    1.51904564    1.60564573    1.48718052    1.80342345    1.88402817    1.64386989    1.66440524    1.66950271    1.69211157    1.61006858    1.45495461    1.46250653    1.47427545    1.70617998    1.63480515    1.39642065    1.61450700    1.48268034    1.75701387    1.40954321    1.45706588    1.31310146    1.53093594    1.64148788    1.59484738    1.51285754    1.40476051    1.60213286    1.74535671    1.66405649    1.75144328    1.70301631    1.66948718    1.54071482    1.75229748    1.77520581    1.94266514    1.86934362    1.93583143    1.59801498    1.52969280    1.77644265    1.74193046    1.64048835    1.43634486    1.72186710    1.97392091    2.02892972    1.75526246    2.09918865    1.93065017    1.75808212    1.85671768    1.72260088    1.73553449    1.33694387    1.25337976    1.41436153    1.57239608    1.48784789    1.62822385    1.28382085    1.53410536    1.24035017    1.68594544    2.44508481
E0W4B2_PEDHC/28-130     0.92916298    0.92621174    0.95825746    1.02441397    1.09533441    0.84600677    1.12025641    0.95659936    0.90397394    1.11703262    1.23333893    0.00000000    0.97774042    1.01814367    0.89529297    0.88741424    0.87051145    0.94314848    0.89947096    1.27664035    1.17089595    1.12600145    1.10292013    1.18933291    0.90432424    1.11511282    1.28937793    1.38457345    1.37844987    1.15394288    1.35450286    1.25507796    1.25608944    1.00964362    1.22623267    1.30237464    1.18890350    1.09335669    1.25041003    1.13129430    1.17837391    1.89516344    1.92753253    1.31506404    1.43354087    2.46269243    2.59060794    2.78850653    2.00470149    1.91153889    1.98411985    2.06345354    2.02276309    1.51072913    1.85184903    1.50728043    1.60631109    1.37138096    1.73665294    1.93525304    2.00910367    2.24869678    2.04423335    2.41500355    1.99936436    1.94830802    2.03526259    1.93631975    2.27690769    1.68611569    1.69981685    1.11334409    1.30362033    1.27676836    1.25941177    1.35489340    1.46163894    1.34494734    1.33849376    1.26646063    1.23687170    1.29915478    1.45130800    1.46754790    1.40029886    1.29537839    1.15521038    1.21008166    1.51744029    1.21068537    1.30512789    1.27753982    1.45585153    1.51699257    1.77707174    1.90003307    1.56571175    1.55219107    1.60217783    1.67719182    1.37896300    1.78529824    1.63192231    1.63255418    1.42858016    1.50212103    1.41230866    1.43943990    1.30137334    1.35464182    1.54532958    1.15207682    1.41783656    1.26639008    1.27947978    1.29954344    1.35060975    1.21652568    1.39997865    1.33345190    1.37178711    1.53830679    1.23413780    1.29683783    1.35272784    1.80476086    1.46583082    1.48267928    1.38635189    1.54675877    1.57284452    1.26342381    1.34682640    1.25561555    1.40876077    1.41872434    1.48154494    1.68374992    1.68731122    1.48405031    1.63381915    1.55139916    1.56121162    1.55253953    1.51401064    1.53693116    0.96887186    0.98146554    1.18975474    1.13418618    1.03349033    1.51253936    1.01753268    1.27210084    0.91012908    1.20034818    2.49791449
D6WCM4_TRICA/18-124     1.29156038    1.17485023    1.09585980    1.23708204    1.23125470    1.04416268    1.38583328    1.15939836    1.25408916    1.33373864    1.34541990    0.97774042    0.00000000    1.10555427    0.94015371    1.05113058    0.86350878    0.93150941    0.86011304    1.27252843    1.11447234    1.18914294    1.15624978    1.20321450    1.19721283    1.11229882    1.49916144    1.42419546    1.40655647    1.38509030    1.43507621    1.25286776    1.47193589    1.46455636    1.44595050    1.35615076    1.35845315    1.40143223    1.28772166    1.32459975    1.46406979    1.57074354    2.05871754    1.61928653    1.71383699    2.28788074    2.33254409    2.38030420    1.73242398    2.02692081    2.08863504    1.95084816    2.12998351    1.79399051    1.95283998    1.60362360    1.55431199    1.46263446    1.91252459    2.50150922    2.26960645    2.56807820    2.41812105    2.68779608    2.48923601    2.91646205    2.34995612    2.35981598    2.22879912    1.73514112    1.56905388    1.25749227    1.39806347    1.26038621    1.45803654    1.65124333    1.67456089    1.72455102    1.60546619    1.52295847    1.56372310    1.17791791    1.35521238    1.27260170    1.16666000    1.28869049    1.30627932    1.65825821    1.74819771    1.38623778    1.73926156    1.52133397    1.53605167    1.73129241    1.73328073    1.51797240    1.62665944    1.72696349    1.70018678    1.79946509    1.73743390    1.68851109    1.59856511    1.60777872    1.64671350    1.58896283    1.55493362    1.65346833    1.41096130    1.64833005    1.68206867    1.43950904    1.30273133    1.43998840    1.47736982    1.48650709    1.51761841    1.38582752    1.42520725    1.68194398    1.89562720    1.81320434    1.62113701    1.74966704    1.64156365    1.78135075    1.61428616    1.67397120    1.44337684    1.70450818    1.59980881    1.41422451    1.47148545    1.64945050    1.57962739    1.43277502    1.77445366    1.76780868    1.81803143    1.54199905    1.63896179    1.66915549    1.62804812    1.72513628    1.78195432    1.64415952    1.33043088    1.26726798    1.70267981    1.68627296    1.55594564    1.89206432    1.46670259    1.23626332    1.33719539    1.57503683    2.61738524
A0A7M7G873_NASVI/26-136     1.06012630    1.13524113    1.07701565    1.23965822    1.21306642    1.05219956    0.98264072    1.24020667    1.14545539    1.46522103    1.37542193    1.01814367    1.10555427    0.00000000    0.65131516    0.88684410    0.86154120    0.91383773    0.93972530    1.22817125    1.28087702    1.18668738    1.23667809    1.15771791    1.15944394    1.22147183    1.31338480    1.35506419    1.48504604    1.24857363    1.49384904    1.33941715    1.36513853    1.51073724    1.27062233    1.51259657    1.40170729    1.20145166    1.39106913    1.38987033    1.40347455    1.90109480    2.09871829    1.71104116    2.03904571    2.20867855    2.37999734    2.19539735    1.73826347    1.71701153    1.82641787    1.82558956    1.94877528    1.44926532    2.26542665    1.61706671    1.58607098    1.54039370    1.80296761    2.59976697    2.37550429    2.57090780    2.71299832    2.83889326    2.41199192    2.62484278    2.49606705    2.79248274    2.54732930    2.15363200    1.71693598    1.50231221    1.74610536    1.37276396    1.42986000    1.74918581    1.77167229    1.68793166    1.57942731    1.83053631    1.72952871    1.31345038    1.56238665    1.52948189    1.35218475    1.53982127    1.38198658    1.66717143    1.64862946    1.47267168    1.38314293    1.20866214    1.40680167    1.61443973    1.93861033    1.88216927    1.74757661    1.72327336    1.86740233    1.69775504    1.61757934    1.72873509    1.60264895    1.74213279    1.62284201    1.55736590    1.34342105    1.29841881    1.31556068    1.57601081    1.78724881    1.52486495    1.44895621    1.48645518    1.71102394    1.65579764    1.62128349    1.41592284    1.46609043    1.57128690    1.63934838    1.66336689    1.46300341    1.52902218    1.61059372    1.85832661    1.96559194    2.00566060    1.71997747    1.80052088    1.85413931    1.45847181    1.80338278    1.73047757    1.63519726    1.62704119    1.94087693    2.00467306    2.03193418    1.90910397    1.95353731    2.00121712    1.80221926    1.83097108    1.75195597    1.81419263    1.34281739    1.23519121    1.29820447    1.24440150    1.14632366    1.99755228    1.17181367    1.33151548    1.04910517    1.37218183    1.99369822
A0A7M7LLQ4_NASVI/27-141     1.04367001    1.20989474    1.20448958    1.09258765    1.21105405    0.93705619    0.95196946    1.04468280    0.99943085    1.20549368    1.13457354    0.89529297    0.94015371    0.65131516    0.00000000    0.84997368    0.77413420    0.82966654    0.84162860    1.12282361    1.24316182    1.14502198    1.13910616    1.11030588    1.06789358    1.01392329    1.26578619    1.31628919    1.40367236    1.21728042    1.43064190    1.34980323    1.32778038    1.31794912    1.36714459    1.31628466    1.22925407    1.28613007    1.27554068    1.28598290    1.23542497    1.63885604    2.04426332    1.63126973    1.84408906    2.33572043    2.33989795    2.35251998    1.66485940    1.81051853    2.00912627    1.97107562    2.04835929    1.37173818    1.85266590    1.27213095    1.46517571    1.45886592    1.50789977    2.40654121    2.11980323    2.47077230    2.76367390    2.51682769    2.41648261    2.39582250    2.40205758    2.57562619    2.25511995    1.82297199    1.61066059    1.41896568    1.74789802    1.21744917    1.25402516    1.63214060    1.53498102    1.48961356    1.43111025    1.59443582    1.63863778    1.39967303    1.63957977    1.54043045    1.40822521    1.65822792    1.58975554    1.51754775    1.85755709    1.19409608    1.26140210    1.16745249    1.43368978    1.46618027    1.61914134    1.72298897    1.57994028    1.50607163    1.67014512    1.44793828    1.45350616    1.61918183    1.61896335    1.36007097    1.47986819    1.59361668    1.20248333    1.14974166    1.23987117    1.45190783    1.57871208    1.19681002    1.14061911    1.19418879    1.51038829    1.45361606    1.55165623    1.36799980    1.21993224    1.51663584    1.61837039    1.73077227    1.47694790    1.54105621    1.53810729    1.78251429    1.73706024    1.81037454    1.70299915    1.84500349    1.56390866    1.38499221    1.58528472    1.50691765    1.57124983    1.38154889    1.63432558    1.88638392    1.92107374    1.61713695    1.70705130    1.70682383    1.83930927    1.57029868    1.52624505    1.56157194    1.43576018    1.24475896    1.39437091    1.29044975    1.35860189    1.90539969    1.25638528    1.36747596    0.98541729    1.22263434    1.90529749
A0A7M7R9F4_APIME/35-148     1.19153931    1.27585146    1.17495305    1.26794566    1.21534394    1.04621561    1.05429481    1.19704414    1.35024937    1.38031654    1.39751332    0.88741424    1.05113058    0.88684410    0.84997368    0.00000000    0.71521367    0.68868722    0.64796058    1.27384014    1.24127122    1.19533595    1.27559275    1.24163517    1.22071451    1.19515244    1.49645122    1.56356840    1.65288043    1.25866590    1.42490292    1.42377897    1.39906991    1.45945828    1.36428715    1.64416938    1.32401126    1.31089060    1.48298547    1.30919071    1.26667647    2.11641372    2.24674056    1.65149403    1.74828285    2.36492713    2.54738327    2.62706453    1.64978819    2.00031467    2.09090902    1.98284799    2.17300124    1.54406286    1.99143351    1.71748650    1.61894680    1.40471065    1.84993599    2.42571141    2.23505867    2.61751102    3.04740307    3.12471238    2.62789712    2.44039954    2.50606373    2.84427179    2.52379993    1.79323347    1.65290106    1.52845202    1.69209867    1.70420455    1.54833018    1.74489158    1.91979009    1.69273779    1.78301765    1.72115660    1.76979005    1.56029887    1.56837367    1.59753544    1.45669503    1.61998197    1.48352656    1.54623556    1.84288432    1.32500091    1.34844341    1.26133354    1.61052095    1.64300178    1.71720772    1.87666704    1.66184016    1.63016516    1.86131756    1.64967458    1.61178220    1.84828712    1.56315459    1.55262621    1.64072091    1.72226327    1.57840442    1.41227204    1.34419339    1.57187945    1.69825633    1.33291764    1.49389795    1.65567068    1.76134693    1.38675395    1.57396194    1.42963839    1.54932582    1.71453753    1.80852806    1.81997540    1.48489387    1.60088752    1.72288665    2.01384899    1.78873798    1.82335182    1.75500403    1.87476496    1.73181987    1.46880058    1.68712236    1.64123244    1.72765673    1.67093545    1.95195968    1.97204045    2.03557979    1.80673641    1.99124303    1.94597723    1.84240645    1.91819928    1.77520958    1.79073521    1.44268250    1.28837608    1.48674818    1.46594474    1.47866570    1.94234415    1.18034888    1.65108115    1.18322362    1.13623268    2.28538212
E2BTM9_HARSA/24-137     1.14230279    1.13542666    0.93285332    0.99431532    0.90127035    1.04221317    1.14452642    1.16660393    1.01119371    1.20320687    1.21034537    0.87051145    0.86350878    0.86154120    0.77413420    0.71521367    0.00000000    0.37920299    0.33665051    1.20423297    1.20346585    0.96575226    1.17461679    0.98235781    1.12041490    1.04279852    1.29526201    1.19994936    1.28881486    1.12088060    1.28190407    1.14799310    1.26801740    1.15238949    1.17226367    1.30748581    1.10492321    1.17311921    1.27800451    1.18499027    1.18927298    1.87795790    1.96639469    1.82575740    1.72809954    2.10062396    2.14065793    2.52035914    1.75989746    1.69138780    1.79693194    1.91298285    1.91956408    1.23987922    1.82423932    1.46220216    1.43997020    1.28150736    1.87282117    2.27345222    2.28909880    2.40984134    2.56080750    2.88229357    2.54167274    2.54944829    2.15426455    2.40838550    2.36826075    2.10773084    1.79925723    1.20428567    1.32219358    1.47270196    1.39498720    1.63181056    1.84654007    1.79598666    1.79641504    1.67054104    1.68958135    1.38477873    1.50422374    1.57844598    1.59113258    1.46004105    1.41774354    1.51509063    1.71091682    1.15072163    1.29037292    1.12287319    1.40333308    1.50016670    1.58451018    1.52076031    1.56689281    1.53208274    1.52592725    1.43320344    1.38427995    1.56833816    1.33954095    1.24904268    1.34061006    1.46105467    1.40779806    1.29097024    1.12662948    1.31274449    1.52574371    1.00129819    1.21438661    1.20044139    1.33536496    1.32538156    1.25562236    1.21112520    1.37190670    1.55380734    1.57588988    1.74202323    1.44281351    1.54468732    1.52621498    1.89827127    1.71413236    1.73920805    1.60637585    1.60102911    1.50972963    1.42452445    1.48989342    1.48247692    1.57868067    1.51806595    1.75823440    1.78505199    1.86717009    1.74888897    1.85934609    1.80147741    1.60168713    1.72925520    1.73072191    1.54360099    1.29011774    1.22949101    1.21319053    1.34426028    1.20833446    1.61854342    1.18745120    1.31889000    1.08651329    1.22471045    2.12970325
F4X4E8_ACREC/43-156     1.11004177    1.24525859    1.03846048    1.00969947    0.98464111    1.07880301    1.14178450    1.23706021    1.10124565    1.41107648    1.25714030    0.94314848    0.93150941    0.91383773    0.82966654    0.68868722    0.37920299    0.00000000    0.29295513    1.15365588    1.17414424    1.04203012    1.16708278    1.21063001    1.09302123    1.19425775    1.44418325    1.39025435    1.38664549    1.31826420    1.46723752    1.21124003    1.35753519    1.20218587    1.40216282    1.49185884    1.25650037    1.38315565    1.42079171    1.20413284    1.27586272    1.93574025    2.05716543    1.76764346    1.78814461    2.33454220    2.40964367    2.61829284    1.92626477    1.88549723    1.93509340    1.83023113    2.00178295    1.29121553    1.85234019    1.57372806    1.70633455    1.33909259    1.86687529    2.19006816    2.09151714    2.62584728    2.45119046    2.69949976    2.35109878    2.20284277    2.19027066    2.54383031    2.46302118    2.12161213    1.91529432    1.21358609    1.30228928    1.49137202    1.24103181    1.63884619    1.73608656    1.70558375    1.71453187    1.78244369    1.80721049    1.45013049    1.66290277    1.66530541    1.58189749    1.58221665    1.54580491    1.70945588    1.60580226    1.19028457    1.33921395    1.29242231    1.65098853    1.58905860    1.61979502    1.45711943    1.56164805    1.52639830    1.59843048    1.55843417    1.45698372    1.60070935    1.50368692    1.47213095    1.59113617    1.72454255    1.47195293    1.67005210    1.23421133    1.46012811    1.61966913    1.14999544    1.25232700    1.38219591    1.57934734    1.40401440    1.44063003    1.28108948    1.57675084    1.78743351    1.75426470    1.86411770    1.56317947    1.69435534    1.65289452    2.00716987    1.86530362    1.95604996    1.76792897    1.83503037    1.60614800    1.43059379    1.56454725    1.66581550    1.63278725    1.52532466    1.85284949    2.04587284    2.11624166    1.73892376    1.92694453    1.66666884    1.76551754    1.75312552    1.81429872    1.78681201    1.27520288    1.25261467    1.26401779    1.28703603    1.20724012    1.65096780    1.12675428    1.37199679    1.00906529    1.27328818    2.13269944
