146
M4EJQ7_BRARP/24-578     0.00000000    0.27911267    0.38568707    0.41829056    0.40230405    0.38530466    0.36390513    0.42129649    0.43420131    0.44704956    0.66148175    0.41236486    1.00144052    0.99207622    1.14175001    1.52357894    1.52790480    1.62284512    1.55815313    1.80660361    1.76798330    1.77204778    1.90793483    1.89029776    1.73355227    1.61394867    1.68443760    1.80450903    1.69148854    1.73238947    1.91782597    2.38694532    2.11971648    2.14371456    2.51623987    2.49288773    2.75402683    2.68106777    2.67760564    2.54427195    2.70723048    2.64625084    2.82489816    2.77424055    2.54191764    2.51411638    2.77959098    2.49556653    2.68584056    2.55565813    2.47616765    2.71236557    2.76777115    2.43163653    2.53936481    2.50491714    2.73096465    2.65274187    2.58092064    2.56281932    2.68999295    2.78709176    2.18021602    2.14292413    2.16885416    2.09704439    2.22879947    2.10796045    2.22881274    2.33695090    2.38643159    2.55227238    2.41536961    2.55494728    2.59085917    2.93487799    2.78139368    2.35903961    2.62262000    2.34485482    2.37486795    2.55286010    2.50186665    3.00846537    3.00693318    2.85688412    2.10876483    2.61685651    1.06436173    1.18254166    1.29470740    1.23194959    1.25906954    1.28529574    1.24493968    1.13532303    1.25024402    1.31834734    1.32146404    1.32746475    1.32570022    1.35139694    1.31947448    1.30490676    1.36603081    1.25927961    1.15012882    1.24267266    1.30663885    1.20162996    1.22093784    1.27160525    1.23513295    0.79228666    0.96375355    0.91589321    0.91399515    0.75329096    0.76891768    0.82248616    0.81798657    0.78653880    0.94282585    0.77753057    0.75205231    0.82369674    0.83225087    0.90168440    0.85168744    0.84580529    0.85817523    0.84058624    0.81444197    0.83782077    0.57950515    0.56098795    0.62857995    0.65484849    0.66556330    0.61850549    0.66125860    0.37697612    0.26652305    0.24937144    0.22258189    0.30465889
W1PY02_AMBTC/16-568     0.27911267    0.00000000    0.39644397    0.45948070    0.45202842    0.43236988    0.42321551    0.47279309    0.46238261    0.47422282    0.69312929    0.43573287    1.02253534    1.04513670    1.21799907    1.54064508    1.56368824    1.60593683    1.64370726    1.87073595    1.81786769    1.86384658    1.83691835    1.91260965    1.73204075    1.67051311    1.69288162    1.78827830    1.77847566    1.80247720    1.90617306    2.25781699    2.01507941    2.10021176    2.45444430    2.44530899    2.64001618    2.69109746    2.56799931    2.43834203    2.66446460    2.65056105    2.66780066    2.71771062    2.54925037    2.45944457    2.75749865    2.42196248    2.66446817    2.51630750    2.48689730    2.67701859    2.67656355    2.39737267    2.53789712    2.48191839    2.69628640    2.73407056    2.53731802    2.51371495    2.67352730    2.73488022    2.15714800    2.13418609    2.16158871    2.23046485    2.19827598    2.08148396    2.25290639    2.32221617    2.44976076    2.62908745    2.45614716    2.67780883    2.69921274    2.96309121    2.94749399    2.41950676    2.71430188    2.51454829    2.49621039    2.58624986    2.47979904    3.04380640    3.03419324    2.85213571    2.14585642    2.56149163    1.17474482    1.20605382    1.31363666    1.25811636    1.25677400    1.36088976    1.26114961    1.16858498    1.24530636    1.34398496    1.37161817    1.42099443    1.39587169    1.40005053    1.36668804    1.37833691    1.40408539    1.33995415    1.23810303    1.30758750    1.34629884    1.30034403    1.27560859    1.31502060    1.28163596    0.83214019    1.03940441    0.95813295    0.94290541    0.77380762    0.75787950    0.80211858    0.83659381    0.81069865    0.96452853    0.81206742    0.79257592    0.88555848    0.87296616    0.91323264    0.87116510    0.90738875    0.87121158    0.89539433    0.86119600    0.87688892    0.60598934    0.56349989    0.64261086    0.67739575    0.65678967    0.64429223    0.66570505    0.39827616    0.32212714    0.33390202    0.30783343    0.41130457
A0A0E0A189_9ORYZ/29-579     0.38568707    0.39644397    0.00000000    0.52066705    0.51580545    0.48676328    0.49174148    0.54468071    0.52343041    0.49701228    0.71592521    0.48774129    0.96682686    1.03684325    1.20276756    1.50540461    1.52982210    1.62066918    1.66913887    1.91723618    1.90371498    1.88089961    1.98501165    1.94196052    1.80824563    1.75661537    1.74062148    1.91468674    1.78080422    1.76185203    1.99994480    2.37778463    2.20489754    2.19624265    2.69696977    2.71212029    2.87253918    2.79934557    2.67249562    2.64321213    2.64969429    2.91740103    2.87883649    2.98464701    2.72111834    2.62506766    2.95403813    2.65252363    2.90529965    2.68977851    2.60958942    2.77591889    2.85777574    2.49087550    2.66776697    2.55193683    2.69365586    2.75180521    2.69505201    2.72127541    2.83275548    2.88231548    2.21522850    2.33598708    2.23562092    2.25015154    2.27838311    2.26896063    2.26041711    2.30990064    2.53498534    2.65943330    2.48734015    2.70027137    2.61553046    2.88236007    2.83743422    2.41889751    2.68367407    2.56573391    2.51190585    2.59388978    2.61649579    3.08438329    3.06683028    3.01481970    2.33408221    2.68200305    1.17056074    1.16356135    1.36337497    1.33045824    1.31176866    1.37126486    1.27473431    1.19836171    1.30518261    1.42399563    1.38348748    1.46160286    1.46512034    1.46280569    1.41419063    1.45141045    1.46957822    1.23426302    1.23707157    1.27821913    1.29053667    1.25858063    1.21646029    1.31934529    1.26551316    0.86428579    0.99696797    1.01570500    0.96695703    0.85469235    0.85052939    0.88601065    0.91626844    0.87171859    1.01798452    0.86510701    0.83286557    0.90606629    0.91982507    1.01692397    0.93815630    0.98913975    0.93671140    0.97777820    0.95170000    0.94732852    0.63345857    0.61686757    0.67695743    0.70842735    0.68984513    0.64782080    0.69306481    0.43476629    0.45039849    0.44294309    0.41088772    0.54095738
W1NMZ9_AMBTC/27-570     0.41829056    0.45948070    0.52066705    0.00000000    0.31854476    0.28908034    0.28272367    0.36146876    0.37476637    0.35675951    0.60169531    0.35496850    1.03525573    1.07322627    1.15455467    1.46905324    1.54396485    1.57468639    1.57640060    1.95087203    1.82802543    1.79112563    1.95742345    1.90930150    1.73495778    1.75412978    1.81758168    1.80979470    1.75857665    1.77428839    1.91321507    2.35314090    2.13326426    2.17980148    2.46000180    2.44727727    2.59407725    2.53936068    2.57468611    2.63198725    2.58736689    2.62401972    2.71668643    2.72208355    2.47616596    2.39000489    2.68859631    2.41163653    2.59449856    2.50426100    2.42341187    2.73870318    2.72486530    2.39119649    2.54594680    2.39580726    2.56963011    2.54445494    2.45764375    2.52223440    2.53322574    2.77982395    2.05003941    2.08274823    2.06538121    2.07461084    2.13693798    2.08993358    2.16895641    2.25329800    2.45990476    2.46826435    2.39531816    2.59888941    2.71873575    2.96823300    3.03758906    2.40370381    2.82747187    2.44147877    2.31072063    2.47975772    2.69939875    2.88905442    3.01622192    2.94123024    2.20568761    2.65438137    1.15745262    1.09952559    1.36959069    1.30265826    1.27263677    1.33984940    1.27417893    1.20469019    1.26024893    1.33671754    1.33672686    1.37265717    1.38872994    1.36786335    1.34755422    1.34364691    1.38900057    1.26074095    1.19493333    1.23674104    1.22269239    1.21990258    1.17030633    1.24440389    1.18816510    0.87596675    1.01157696    1.04453325    1.01874058    0.86883360    0.83812277    0.89903391    0.93891482    0.94204850    0.97925069    0.85915860    0.82940531    0.96300276    0.95335143    0.99965835    0.94773447    0.97087106    0.93289074    0.93746642    0.91251827    0.92768584    0.63145229    0.61864111    0.67801181    0.71147902    0.72893272    0.68913622    0.74024272    0.45149406    0.49900514    0.47735180    0.47706186    0.57061115
M4FIW7_BRARP/22-560     0.40230405    0.45202842    0.51580545    0.31854476    0.00000000    0.23798792    0.24870402    0.28323788    0.28953584    0.30974988    0.53510250    0.29528513    1.02058252    1.07349557    1.15882838    1.46427788    1.48379506    1.61042111    1.56135704    1.94348383    1.89294129    1.82718193    1.90733048    1.87521304    1.68072370    1.67368200    1.76051936    1.75999856    1.73586752    1.77959376    1.84961019    2.24934964    2.00973383    2.14787726    2.34329392    2.38557555    2.58825744    2.48999065    2.43538113    2.56520146    2.48894202    2.49161110    2.50423938    2.49823085    2.28197455    2.22807874    2.39361715    2.21344375    2.31368062    2.22033109    2.23664195    2.58430419    2.54856178    2.22780544    2.32474357    2.28166649    2.31909264    2.43873671    2.24206713    2.31436636    2.38795781    2.45909443    2.05649881    2.07229982    2.06213314    2.08078664    2.16999204    2.10932597    2.12887670    2.19739432    2.35449190    2.41594332    2.29567304    2.49093467    2.67358060    2.79764957    2.86264446    2.19498301    2.59432563    2.43961068    2.35450222    2.44991461    2.52371828    2.87584347    2.84755647    2.72914982    2.11156215    2.44028511    1.13509814    1.11504155    1.28954600    1.21421202    1.21143449    1.28642975    1.18396230    1.23638047    1.23747365    1.29185831    1.27177126    1.32403350    1.31575084    1.32150171    1.30666859    1.27845733    1.32721672    1.19081067    1.13331587    1.21260370    1.23041389    1.16238052    1.12629997    1.20992647    1.20511195    0.79422912    1.01038656    1.00100014    0.99212364    0.83591558    0.82134157    0.87842288    0.87684872    0.88147196    0.89059025    0.74999826    0.77163899    0.85716449    0.84838335    0.95017021    0.87313928    0.91002869    0.88454064    0.92372793    0.87877110    0.86480014    0.57913411    0.56468126    0.63390802    0.67556941    0.70132132    0.62517358    0.67643660    0.43781685    0.45526701    0.49890047    0.47923556    0.51936536
M4FFF8_BRARP/25-562     0.38530466    0.43236988    0.48676328    0.28908034    0.23798792    0.00000000    0.22886674    0.25716456    0.25796647    0.31939555    0.53706132    0.28982016    1.00076791    1.03848111    1.13844131    1.46330144    1.46231297    1.59366920    1.53462367    1.89691066    1.87239574    1.81563660    1.87389190    1.82136166    1.73035897    1.70420864    1.78613766    1.82058482    1.75432026    1.75157142    1.90959949    2.31925205    2.01265472    2.06312909    2.49282035    2.47318017    2.55045685    2.53914774    2.54695467    2.55717076    2.49491790    2.68843877    2.62041573    2.62594914    2.49556326    2.29228239    2.60684345    2.41298583    2.61477902    2.38358189    2.42102367    2.75081110    2.66564613    2.37147106    2.53100838    2.31005391    2.54148829    2.60791769    2.38389841    2.49952657    2.52251848    2.65500914    2.05953585    2.13972684    2.14216338    2.09952971    2.15031675    2.14959794    2.22307131    2.16775628    2.43475218    2.51047470    2.36076386    2.65019534    2.81033343    3.03310874    3.07089369    2.36347812    2.85897508    2.45637353    2.45455737    2.64528314    2.59949573    2.96142589    2.94272782    2.77637467    2.13508916    2.53753314    1.07447681    1.04289419    1.30594337    1.26191130    1.24508333    1.31589112    1.20474391    1.23754721    1.21240868    1.35969006    1.30768041    1.39631079    1.35325440    1.42819455    1.38110572    1.37804132    1.42826353    1.23737769    1.15283484    1.17435796    1.18492340    1.17962785    1.14144450    1.21326713    1.20512049    0.86925115    0.97069672    1.00863488    1.00415843    0.84095816    0.82860303    0.85558188    0.88936643    0.85190010    0.94300605    0.80440151    0.79500123    0.91237905    0.92246493    0.98133942    0.91184661    0.93547667    0.91976071    0.91483912    0.90355270    0.92793467    0.58759450    0.56378543    0.63615520    0.67300848    0.66843536    0.60910428    0.68567525    0.42240302    0.44004196    0.47571331    0.43522970    0.51904705
M1CFP5_SOLTU/25-569     0.36390513    0.42321551    0.49174148    0.28272367    0.24870402    0.22886674    0.00000000    0.22789762    0.23636471    0.31446259    0.59299937    0.30011485    1.03134330    1.05060366    1.14600079    1.47238736    1.50803373    1.59682875    1.56677393    1.97377304    1.94900777    1.92763553    1.93835744    1.97565333    1.68045076    1.74350557    1.74463201    1.80644047    1.66311599    1.81943812    1.91557115    2.22112922    2.02011412    2.02981019    2.47469499    2.48601191    2.66435121    2.57372099    2.59315475    2.62727574    2.62102438    2.68768097    2.69081149    2.73762900    2.46441094    2.32105368    2.63602513    2.43164609    2.59527749    2.44381172    2.47201052    2.72576133    2.71993970    2.40461605    2.56586966    2.38099213    2.46980675    2.61341393    2.44786127    2.49080905    2.58303041    2.81298342    2.08836773    2.17128281    2.19376992    2.18246258    2.20262135    2.16917758    2.26487612    2.17041259    2.44122314    2.51386088    2.37947782    2.57721783    2.78737323    2.91291136    2.89475261    2.42321747    2.86937115    2.49908630    2.67127068    2.68705625    2.60951181    3.02605482    3.10339602    2.71658329    2.15239897    2.68317410    1.17105301    1.09038617    1.32349841    1.24328169    1.26748948    1.32979172    1.23879568    1.19517230    1.24621952    1.32276046    1.31656351    1.36917321    1.33584611    1.36445871    1.34462270    1.31689908    1.35827001    1.22376306    1.15730035    1.18762908    1.17449318    1.16832146    1.12890883    1.16904573    1.20057804    0.85677765    1.01166370    1.03871883    0.96332158    0.84227580    0.81377663    0.87362735    0.90194238    0.87183866    0.95770587    0.81238492    0.78330900    0.91949548    0.88639949    0.99043797    0.89221789    0.92362495    0.88354706    0.90447178    0.86014854    0.89411746    0.58725080    0.56714227    0.66868479    0.70595090    0.72872038    0.65814157    0.70286894    0.42256159    0.42355751    0.42019292    0.43879103    0.49681584
I1J9B3_SOYBN/5-552     0.42129649    0.47279309    0.54468071    0.36146876    0.28323788    0.25716456    0.22789762    0.00000000    0.24659110    0.35423180    0.58085979    0.33876040    1.07623088    1.07704802    1.17832114    1.54405712    1.56117847    1.64549026    1.62703331    1.94645416    1.96487207    1.89589837    1.96302566    1.92969277    1.78256026    1.80326675    1.81349038    1.81470987    1.78499729    1.83177557    1.89360716    2.22418314    1.89297008    2.04208039    2.37966373    2.36918432    2.51698879    2.44828275    2.42336676    2.56053776    2.54137022    2.58025068    2.49687580    2.60657629    2.34506523    2.28332510    2.48873058    2.30398166    2.42877415    2.27650489    2.26186718    2.55326571    2.54669067    2.29620385    2.46000655    2.28512674    2.37353974    2.43898986    2.30199990    2.35916533    2.36464556    2.75345652    2.04944780    2.10269658    2.08294385    2.12266880    2.12297394    2.14744411    2.11238510    2.12995131    2.31082447    2.44326477    2.27481999    2.52919700    2.88912872    2.94592860    3.00965527    2.32433955    2.79278516    2.49817933    2.52070532    2.65613587    2.58467604    2.99020806    3.16014332    2.84650401    2.10552538    2.64302661    1.14741300    1.16435903    1.30807223    1.25024502    1.28271774    1.26605741    1.20126035    1.27395262    1.27556873    1.36170756    1.35393301    1.43620580    1.40184263    1.42935298    1.37663509    1.34322500    1.38643743    1.25976563    1.13817022    1.19937306    1.19629762    1.21764816    1.14059515    1.24281883    1.19816792    0.86728038    1.04557154    1.00744890    1.01660136    0.90888390    0.88586982    0.93794705    0.96244970    0.91715556    1.02264818    0.86799174    0.82547349    0.90826596    0.94708352    1.01333565    0.93875927    0.93078150    0.93329377    0.91803297    0.90892622    0.92784133    0.62393864    0.60802135    0.67281512    0.76875661    0.71764693    0.65959351    0.71694070    0.47162839    0.48627388    0.50108348    0.47047358    0.53349694
M1CC38_SOLTU/25-572     0.43420131    0.46238261    0.52343041    0.37476637    0.28953584    0.25796647    0.23636471    0.24659110    0.00000000    0.33193156    0.60438069    0.34844230    1.06359328    1.08898379    1.13697043    1.48262026    1.57874723    1.63281753    1.60696750    2.09055792    2.00142442    1.94753481    1.96121644    2.03291609    1.73659026    1.75165580    1.77293921    1.82748860    1.78203191    1.80763916    1.95706754    2.33860957    2.03856614    2.15455628    2.42575636    2.49188149    2.66362411    2.55363892    2.56605214    2.64501375    2.62632933    2.74610772    2.68955303    2.70122541    2.38738384    2.39358617    2.60975897    2.42507661    2.51191346    2.39128170    2.34819571    2.69095388    2.67447846    2.40159204    2.56180287    2.29027867    2.53329258    2.59861768    2.43168489    2.46017605    2.53002860    2.81579407    2.19737843    2.18868615    2.10632605    2.28375456    2.24903161    2.18530546    2.25246684    2.29492986    2.41887597    2.57083705    2.39952807    2.61282548    2.85539141    2.95623216    2.99890347    2.43507286    2.87112773    2.55629947    2.61073763    2.72813582    2.56622961    3.15768348    3.27638465    2.85768562    2.20550567    2.64950965    1.17727837    1.17538698    1.36804367    1.28935723    1.26897780    1.28307514    1.26923635    1.21812015    1.27889616    1.39663297    1.37758358    1.42389200    1.38048659    1.40270217    1.35011429    1.37411231    1.41897446    1.24810256    1.16164372    1.17500511    1.22647459    1.21088186    1.17741422    1.21753766    1.19510116    0.89935426    1.03507056    1.04530264    0.99402300    0.87345890    0.85374168    0.90725785    0.93975884    0.88764285    0.96398462    0.80870056    0.79597142    0.87931051    0.91256012    0.98197817    0.93448959    0.92119394    0.88164470    0.89909105    0.90135732    0.91340774    0.62294928    0.61341609    0.67672045    0.76607227    0.75749749    0.68818926    0.72405852    0.47738113    0.46819914    0.46892241    0.47296773    0.54543684
A0A0E0N2W1_ORYRU/35-588     0.44704956    0.47422282    0.49701228    0.35675951    0.30974988    0.31939555    0.31446259    0.35423180    0.33193156    0.00000000    0.55223735    0.29272136    1.06841737    1.06054741    1.15384805    1.50373673    1.52736666    1.69359800    1.60275667    1.96701377    1.91881257    1.83885543    2.00715691    1.98296752    1.86691321    1.81386141    1.87634405    1.93646282    1.91618856    1.87225508    2.08523570    2.44963910    2.17424947    2.20166039    2.52807160    2.49844237    2.77349526    2.66376094    2.62170484    2.59981815    2.69526960    2.73222450    2.67302326    2.71688375    2.46266761    2.40997536    2.72329491    2.45762556    2.58461021    2.48239777    2.41723514    2.74489081    2.74467065    2.40998092    2.56001936    2.60825946    2.45187677    2.69626627    2.49333861    2.52612480    2.52272608    2.78120324    2.12687414    2.12517442    2.16116428    2.17990647    2.20543315    2.12494033    2.26515844    2.37720815    2.53303931    2.52453772    2.40164161    2.58542993    2.75036423    3.00924862    2.94646717    2.47023798    2.80838065    2.47690374    2.46837641    2.65725049    2.74722204    2.90160941    3.02741367    3.04183478    2.28597868    2.73933598    1.18312622    1.18592260    1.33390840    1.24778151    1.34610460    1.36565017    1.30774144    1.29137867    1.31359719    1.32987140    1.32684243    1.39166941    1.39769451    1.36597475    1.38107543    1.36284084    1.41464856    1.22675380    1.22510471    1.26415464    1.26308411    1.26685844    1.18777882    1.27418479    1.22562848    0.86293406    1.07159029    1.05067261    1.02294904    0.90830184    0.88484415    0.93907736    0.98390473    0.94585554    0.98392862    0.86702853    0.83287219    0.95558318    0.97331785    1.02915601    0.96652454    0.97588776    0.95079084    0.99689628    0.95606187    0.93421374    0.62869253    0.65198029    0.71772768    0.76388233    0.76583162    0.69825039    0.76534051    0.48707610    0.52084709    0.51924334    0.52586997    0.59045816
C5YQL4_SORBI/77-627     0.66148175    0.69312929    0.71592521    0.60169531    0.53510250    0.53706132    0.59299937    0.58085979    0.60438069    0.55223735    0.00000000    0.44717615    1.17612466    1.17807425    1.17910594    1.41874497    1.46162417    1.57102282    1.52184863    1.92807612    1.93062989    1.85454913    2.03320381    1.92193853    1.78606679    1.77132354    1.82937367    1.83715959    1.77551164    1.87391960    1.78748774    2.28171560    2.03776857    2.05960125    2.49242258    2.47880554    2.63567496    2.59865955    2.54589596    2.49133120    2.48009058    2.62424086    2.63471973    2.55723942    2.45168253    2.41381246    2.71120349    2.45941561    2.56204263    2.44461582    2.47215075    2.58079248    2.68740099    2.34207278    2.63486426    2.48310231    2.57926365    2.57328907    2.42729918    2.46894194    2.53043525    2.69781768    2.09690516    2.17857577    2.12015494    2.17165122    2.17079552    2.10763887    2.18117632    2.20249331    2.37058419    2.40044393    2.29072394    2.60226169    2.64262597    2.82028512    2.84400527    2.25004971    2.77909638    2.37438875    2.37528913    2.48024640    2.75437866    2.90331595    2.96635040    2.79838031    2.35363337    2.63251480    1.12631962    1.14936647    1.34483251    1.28882813    1.36048856    1.37964262    1.29007326    1.30795077    1.24288979    1.30172848    1.32461164    1.40453766    1.40562697    1.36296265    1.35480895    1.33247225    1.36894881    1.18666621    1.27198216    1.23906206    1.27538655    1.22505263    1.21382485    1.28833323    1.29171935    1.01348627    1.06839092    1.03971411    1.08012489    0.96494498    0.99460952    1.01404934    0.97304685    0.98352819    1.19312759    1.02152103    1.04814942    1.05610117    1.11159511    1.17432718    1.09494710    1.12806185    1.04218750    1.08281086    1.07555278    1.10113190    0.85974572    0.81364532    0.88246492    0.95135856    0.91090263    0.88253165    0.90685207    0.67674290    0.76221711    0.74432247    0.72417088    0.72513677
K4A777_SETIT/38-587     0.41236486    0.43573287    0.48774129    0.35496850    0.29528513    0.28982016    0.30011485    0.33876040    0.34844230    0.29272136    0.44717615    0.00000000    1.05957273    1.09254156    1.16765902    1.44011055    1.47746866    1.60883767    1.56257903    1.85839844    1.81695492    1.80097937    1.86593535    1.82442243    1.81142809    1.82678633    1.89878543    1.91239318    1.84302728    1.82538648    1.92151684    2.24047345    2.03236485    2.03079508    2.42796186    2.40841513    2.53469660    2.40059475    2.46021645    2.54488982    2.55263858    2.65212691    2.64623671    2.66225518    2.47339759    2.31766249    2.59318062    2.44378010    2.47399473    2.36943664    2.40933851    2.50517798    2.48900746    2.23722121    2.53521885    2.38429299    2.41278924    2.54690903    2.39770229    2.44086058    2.49486646    2.61220482    2.14066394    2.11635909    2.12428083    2.14963842    2.22707084    2.14883867    2.18176732    2.21111589    2.40226013    2.40912164    2.28622737    2.56969526    2.77396501    2.92880834    2.87564604    2.32524508    2.71640488    2.42613284    2.41708927    2.51772022    2.65215390    2.93881152    3.00301826    2.85043606    2.17327952    2.61445776    1.13295281    1.14264517    1.34847257    1.26390965    1.31051522    1.33929270    1.26030767    1.25802719    1.26740100    1.28925324    1.29873745    1.36937511    1.36680127    1.34870284    1.33407386    1.34469206    1.39755405    1.17663087    1.20338301    1.25566128    1.27066200    1.23907995    1.17390916    1.27497567    1.22342026    0.87562417    0.96890093    0.95259782    0.99752862    0.90123476    0.91083790    0.93634643    0.97294523    0.96537696    0.99990390    0.84918832    0.82300720    0.98121364    0.96380517    1.00922166    0.96406896    0.98650567    0.96023118    0.98226694    0.93366599    0.93795604    0.63589914    0.62336992    0.69628651    0.75873329    0.74056420    0.69226140    0.76591421    0.46203843    0.51902234    0.51800139    0.50422683    0.57067499
GH37_ORYSJ/19-591     1.00144052    1.02253534    0.96682686    1.03525573    1.02058252    1.00076791    1.03134330    1.07623088    1.06359328    1.06841737    1.17612466    1.05957273    0.00000000    0.43183176    1.40361525    1.63603620    1.55342892    1.56297062    1.61987396    1.84336938    1.97631775    1.86481384    2.17848107    1.98773236    1.95229248    1.93375566    1.84881222    1.88091233    1.82584773    1.80434116    2.14027701    2.28052868    2.29746051    2.30254011    2.78123596    2.72487871    2.91585012    2.80860931    2.81840841    2.88527308    2.78778473    2.89572160    2.99687195    2.96201943    2.80486093    2.76763998    2.90520073    2.72036302    2.98438587    2.80718096    2.69969118    2.92456914    2.87857550    2.59110571    2.73042842    2.60263771    2.77105592    2.72599293    2.67351103    2.73407921    2.78867899    3.03396158    2.33978872    2.30576101    2.31287313    2.28631418    2.36851000    2.33290456    2.42572506    2.42640592    2.61294900    2.70796140    2.47115744    2.96225601    2.92327523    2.95700198    2.68957021    2.57864334    2.94131684    2.61901818    2.70921725    2.91333599    2.78220075    3.04177612    3.07423828    2.91982400    2.48785498    3.27872578    1.38452757    1.39414778    1.41223118    1.38131796    1.41294969    1.51782085    1.35686939    1.41040724    1.60523437    1.42649308    1.42603397    1.48959082    1.47578381    1.47677924    1.51736125    1.45882513    1.46363218    1.29037299    1.37495359    1.45202739    1.43925656    1.37363833    1.35352629    1.41575677    1.36865010    1.23257037    1.28780364    1.31869794    1.21600405    1.00123562    0.99048467    0.97793408    1.01769982    1.01201320    1.06123755    1.02493563    0.97160512    0.98799383    0.96756464    0.98377909    0.97407239    0.98029750    1.03559911    0.96456230    0.92290767    0.99490536    0.81173012    0.84402966    0.91848613    0.96353976    0.98732992    0.97895469    0.99630465    0.94481667    1.04432404    1.05693044    1.05013248    1.05951971
M8AX52_TRIUA/22-591     0.99207622    1.04513670    1.03684325    1.07322627    1.07349557    1.03848111    1.05060366    1.07704802    1.08898379    1.06054741    1.17807425    1.09254156    0.43183176    0.00000000    1.31925800    1.64397783    1.53870778    1.54570535    1.59404386    1.83010994    1.87318370    1.86718170    2.02217198    2.00438540    1.89446391    1.84724772    1.84817269    1.81022796    1.80566306    1.71634541    2.03732949    2.10337249    2.11329939    2.05659315    2.58109525    2.52805138    2.78452427    2.61892497    2.60568346    2.60311720    2.73227291    2.69945045    2.75344001    2.72679929    2.50017620    2.53493468    2.87329646    2.51579262    2.80134444    2.63287321    2.42092738    2.74496300    2.60943529    2.37874100    2.60397359    2.47938437    2.63598528    2.59674604    2.51119565    2.53896533    2.57751205    2.69819932    2.31509697    2.25017376    2.19624322    2.29215770    2.38315925    2.33193919    2.47292394    2.30481838    2.55609407    2.63983931    2.48844119    2.90082068    2.79890295    2.75799827    2.54743973    2.59316790    2.79271878    2.64249115    2.74404729    2.95038442    2.73137992    3.07215161    3.00544074    2.82716541    2.35369354    3.08474416    1.32558725    1.34168581    1.35462607    1.36524814    1.35033334    1.44292438    1.26302659    1.37084889    1.54515069    1.41497450    1.38461630    1.44601230    1.41469885    1.46364078    1.46571990    1.44643570    1.42691944    1.26386284    1.30201822    1.36242027    1.35212346    1.34824052    1.26448167    1.34430253    1.30219240    1.22297339    1.28946176    1.30285990    1.24106521    1.01330663    1.01883996    1.03171869    1.03292357    1.05620222    1.08480479    1.06190069    1.04060202    1.01367845    1.00139044    1.02849919    0.99035437    1.01198931    1.01549743    0.97806411    0.95538243    0.97538402    0.85499494    0.86761275    0.92979781    1.03294483    1.04453740    1.03280534    1.05702633    0.97995968    1.10290589    1.06635978    1.04301994    1.03971790
Q70ZZ8_PHYPA/66-607     1.14175001    1.21799907    1.20276756    1.15455467    1.15882838    1.13844131    1.14600079    1.17832114    1.13697043    1.15384805    1.17910594    1.16765902    1.40361525    1.31925800    0.00000000    1.54485829    1.53393880    1.67023818    1.66414498    1.86062200    1.80661636    1.83881829    1.96100797    1.98853185    1.73416940    1.77035932    1.69261802    1.83553970    1.64550267    1.82147470    1.78742836    2.17247695    2.15547141    2.06141835    2.65686573    2.68448283    2.73778188    2.78074038    2.81057289    2.59746494    2.69416645    2.68830923    2.75418654    2.81489931    2.65255718    2.65597141    2.82680365    2.49576680    2.73463500    2.70205979    2.54255391    2.79731837    2.85331010    2.74590090    2.68044511    2.64667982    2.80058811    2.78626532    2.64539432    2.68523690    2.70633431    2.88473780    2.08794326    2.07506219    2.05192100    2.00947975    2.12169641    2.12602686    2.04866462    2.14113416    2.41820304    2.48445824    2.41286529    2.72616996    2.71864509    2.61994262    2.70312030    2.27776995    2.69644211    2.58070996    2.45503780    2.61135421    2.74273648    2.75021963    3.00654852    2.76502121    2.32465952    2.65585241    1.15207884    1.25901019    1.36599379    1.32051428    1.30906739    1.31581853    1.27675690    1.03556360    1.23767332    1.24830511    1.18929912    1.29043784    1.25448344    1.23494256    1.20552460    1.21898404    1.26589789    1.19042018    1.07506227    1.14532520    1.10287528    1.19479901    1.12905219    1.11447166    1.18411135    1.23531913    1.27781969    1.29540173    1.28258076    1.20586142    1.23747309    1.28741238    1.21984534    1.25784797    1.29205201    1.19291756    1.25276628    1.22059633    1.14144514    1.19263972    1.19333781    1.19265157    1.25661315    1.26481374    1.20461039    1.26572238    1.13735117    1.19797434    1.26097509    1.20372065    1.21764174    1.21639007    1.28806754    1.15514515    1.19316802    1.19955842    1.18404625    1.11214043
J3M3W9_ORYBR/13-591     1.52357894    1.54064508    1.50540461    1.46905324    1.46427788    1.46330144    1.47238736    1.54405712    1.48262026    1.50373673    1.41874497    1.44011055    1.63603620    1.64397783    1.54485829    0.00000000    0.68545712    0.97144388    0.83106987    2.13855364    2.16394729    2.07946006    2.31681091    2.25381580    1.95214934    2.00036717    2.21765912    2.02619713    1.88333671    1.99305566    2.18103300    2.67023917    2.48297896    2.50069395    2.97599350    2.96754924    3.04190880    3.04096445    2.92838558    2.94898238    2.88780541    2.97929420    3.05675291    2.96845790    2.96877872    2.98870441    3.12974865    2.90039513    3.03900868    2.86766622    2.91529771    2.95425524    3.02261041    2.94291912    2.79630511    2.96580988    2.78582271    3.03045271    2.82756069    3.12452952    2.98293124    2.83131571    2.45608407    2.42190336    2.34778644    2.38393337    2.54135239    2.51963739    2.48623141    2.54581158    2.56439680    2.67394058    2.58896196    2.68252883    2.70020204    2.63030703    2.67855353    2.35553906    2.79561844    2.39816841    2.53770868    2.69629136    2.94354732    3.07933339    3.20070363    2.81158111    2.48795647    2.94252554    1.47007887    1.54726020    1.54094141    1.53521836    1.53959104    1.56602011    1.55434423    1.40475597    1.58449940    1.52640843    1.59976640    1.58270787    1.53524011    1.54589863    1.55124515    1.51640034    1.63312423    1.38428239    1.44152369    1.44954402    1.45705909    1.55360896    1.38006887    1.43451447    1.38807969    1.60419933    1.58539028    1.50011689    1.62970016    1.61744520    1.61043020    1.61727481    1.64754685    1.65336841    1.51726921    1.52385869    1.54457028    1.60706853    1.62767252    1.56735128    1.60075004    1.62525525    1.58867931    1.67301611    1.62240302    1.66420211    1.49732170    1.54333156    1.54784107    1.66495392    1.66066350    1.65008223    1.62749314    1.46276925    1.60274542    1.52382154    1.58058849    1.55934719
M0TVW2_MUSAM/12-571     1.52790480    1.56368824    1.52982210    1.54396485    1.48379506    1.46231297    1.50803373    1.56117847    1.57874723    1.52736666    1.46162417    1.47746866    1.55342892    1.53870778    1.53393880    0.68545712    0.00000000    0.75639028    0.64853960    1.89057943    1.98373543    1.89893494    2.18398210    2.00979312    1.93442959    1.94319002    1.97770794    1.88139939    1.77563959    1.83116208    1.94773217    2.26426159    2.18328145    2.10819297    2.83710907    2.86465544    2.87076477    2.87611004    2.82812609    2.83242480    2.85645772    2.88983404    3.04780570    2.95864938    2.78170685    2.86031554    3.06050566    2.76957643    2.99516853    2.91804075    2.85634924    2.81157312    2.91808324    2.80102304    2.67204212    2.84957712    2.81525056    2.96155750    2.82623886    2.99688075    2.88589775    2.76837930    2.23794376    2.29400258    2.23339821    2.29472154    2.13285879    2.25293079    2.44991010    2.44807095    2.55642311    2.50124358    2.44642419    2.55728832    2.62493142    2.61095754    2.63808672    2.26302578    2.67171109    2.30221477    2.38777587    2.64412850    2.84409084    2.89701943    3.05035428    2.94555952    2.30412905    2.59321626    1.35059128    1.42686677    1.51357492    1.51631659    1.48645885    1.62940652    1.48292065    1.38804441    1.48140325    1.51451868    1.46663387    1.50378973    1.52816578    1.52840617    1.50606155    1.51956336    1.56959161    1.38889889    1.43602298    1.40622742    1.45107360    1.46715189    1.32296623    1.40866965    1.34922114    1.60916917    1.66578917    1.45406456    1.54371365    1.59480217    1.58288340    1.55272691    1.65106938    1.65511982    1.53384198    1.62343217    1.61956511    1.56199259    1.57928221    1.56478299    1.54580771    1.54995055    1.63716011    1.61732251    1.60445008    1.58207490    1.52659210    1.58765673    1.59233416    1.71509896    1.61525737    1.63360682    1.64460505    1.46376318    1.61459757    1.60982036    1.59304351    1.55838444
I1JNQ3_SOYBN/10-559     1.62284512    1.60593683    1.62066918    1.57468639    1.61042111    1.59366920    1.59682875    1.64549026    1.63281753    1.69359800    1.57102282    1.60883767    1.56297062    1.54570535    1.67023818    0.97144388    0.75639028    0.00000000    0.51403769    1.98499330    2.02165151    2.15449955    2.18338861    2.23514838    1.98841586    1.87471720    1.90058815    1.87884271    1.85086804    1.91436200    2.00835560    2.39516189    2.32102898    2.16215923    2.92054636    2.96364154    2.93423944    2.91768770    2.96169230    2.91576863    3.20188890    2.88782422    2.83219108    2.81692296    2.88704708    2.83485340    2.96276839    2.79943792    2.91706020    2.92453375    2.73417479    2.85558586    2.97688845    2.80169779    2.67982033    2.87045607    2.94710110    2.93700963    2.73362423    2.98862521    2.94388559    2.99323781    2.36097695    2.21417754    2.19507790    2.29212930    2.23168406    2.26926802    2.32416441    2.37535296    2.80094562    2.67871306    2.78081758    2.85547155    2.91754384    2.85914227    2.92513316    2.41671849    2.74174230    2.69815304    2.63082641    2.82597864    2.87632982    3.12585185    3.05720043    2.91601995    2.51951797    2.65074254    1.54501539    1.49641318    1.58311293    1.62282194    1.57065991    1.75720579    1.60157454    1.38553475    1.59272157    1.56812831    1.63479133    1.56202830    1.60516380    1.55731900    1.59182316    1.55202859    1.63282352    1.47655441    1.57242890    1.50465996    1.53404205    1.51173044    1.48198776    1.47771749    1.47782430    1.69734397    1.83162286    1.75691333    1.66571072    1.59994422    1.56784604    1.58124490    1.68939704    1.67985351    1.57772442    1.49786457    1.52752270    1.54662644    1.47282314    1.48328508    1.54680398    1.59942681    1.60648364    1.61130753    1.57327484    1.58011343    1.58595736    1.52630310    1.55765904    1.64223390    1.63373534    1.66083791    1.65761210    1.62537915    1.66524172    1.58707077    1.67160283    1.62917842
D7TP87_VITVI/9-559     1.55815313    1.64370726    1.66913887    1.57640060    1.56135704    1.53462367    1.56677393    1.62703331    1.60696750    1.60275667    1.52184863    1.56257903    1.61987396    1.59404386    1.66414498    0.83106987    0.64853960    0.51403769    0.00000000    1.98329327    2.05631210    2.14165027    2.20611660    2.05135269    1.97417255    1.86863845    1.92644134    1.92386184    1.81066167    1.94828539    1.97052239    2.43920175    2.33986107    2.30048205    2.93034122    2.92775912    2.99654860    2.99382439    2.82266091    2.91602141    2.97362458    3.02106454    2.98157829    2.94489250    2.81167329    2.82272850    2.99839932    2.74573125    2.97609821    2.88027750    2.82549839    2.93710595    2.99835315    2.87198493    2.58399613    2.76419914    2.92684779    2.88059419    2.87335696    2.97103870    2.91170394    2.95166267    2.38596741    2.11865703    2.16176753    2.24884735    2.28100741    2.22333681    2.35253867    2.41028811    2.85522615    2.78283718    2.86689615    2.70860451    2.93579057    2.98105923    2.82502138    2.57115206    2.79531235    2.60397743    2.54909091    2.78446134    3.07357028    3.07027783    3.16567705    3.06755350    2.63207011    2.87127003    1.47720817    1.48635233    1.53023078    1.56700851    1.55914401    1.73011481    1.60646940    1.43411903    1.68784919    1.56639748    1.76420370    1.59553054    1.62499281    1.64273242    1.66006980    1.59332152    1.71028094    1.48042860    1.57991043    1.55063278    1.57553835    1.58712008    1.48492978    1.52145391    1.51939902    1.60700698    1.79080506    1.71067671    1.68242451    1.58216679    1.60409737    1.60932020    1.69779835    1.64375749    1.55972751    1.50654675    1.54510668    1.57346181    1.50475836    1.58349600    1.58167310    1.59561228    1.56961976    1.59080936    1.55624302    1.55856195    1.56802458    1.57963892    1.56963738    1.73631564    1.75068253    1.72513102    1.72133218    1.56432001    1.59048239    1.59412480    1.65341940    1.58584517
