21
A0A2H2IKF9_CAEJA/181-356     0.00000000    0.27888005    0.50953845    0.42360279    0.26427620    0.33395214    0.35531926    0.32197865    0.41701890    0.63270259    0.62092143    0.65018284    0.67329816    0.99253856    1.01119054    0.67136809    0.60953118    0.42087176    0.46601169    0.43700574    0.40742186
O17109_CAEEL/182-357     0.27888005    0.00000000    0.42629005    0.33079378    0.32653853    0.41633400    0.36462935    0.31226149    0.45147281    0.63278790    0.57741106    0.61849370    0.75301316    0.91667609    0.97196577    0.74210356    0.64985182    0.45094832    0.52921687    0.47680910    0.41252956
E3N121_CAERE/180-351     0.50953845    0.42629005    0.00000000    0.22417549    0.50555222    0.55997665    0.57782133    0.50346096    0.73977376    0.86372077    0.88393868    0.85799669    0.91829585    1.19999836    1.23558417    0.87805176    0.88015074    0.63313498    0.64491533    0.74083091    0.66344257
E3N116_CAERE/193-368     0.42360279    0.33079378    0.22417549    0.00000000    0.41977939    0.44358327    0.47937980    0.39233700    0.54986398    0.75028494    0.75540506    0.80167847    0.84594347    1.11635185    1.11332333    0.81789577    0.76250102    0.49773157    0.53554057    0.58503667    0.53392992
E3LUV8_CAERE/208-383     0.26427620    0.32653853    0.50555222    0.41977939    0.00000000    0.24351006    0.29007993    0.25256987    0.34503642    0.56160993    0.63513951    0.60900031    0.67740377    1.01854926    1.06462127    0.70814427    0.61680105    0.36784818    0.42785367    0.43128488    0.37624329
A8XUG7_CAEBR/208-383     0.33395214    0.41633400    0.55997665    0.44358327    0.24351006    0.00000000    0.32872828    0.34530866    0.41430723    0.64407032    0.68003258    0.72875818    0.74991363    1.06268554    1.06929999    0.80225084    0.73169154    0.39924710    0.42744237    0.44172220    0.38927703
G0MXX2_CAEBE/208-399     0.35531926    0.36462935    0.57782133    0.47937980    0.29007993    0.32872828    0.00000000    0.29957244    0.43086403    0.60565049    0.67901006    0.66808401    0.69674945    1.08624853    1.07537017    0.65495871    0.59341875    0.44333995    0.45744956    0.38381067    0.36510310
Q7YTW2_CAEEL/206-381     0.32197865    0.31226149    0.50346096    0.39233700    0.25256987    0.34530866    0.29957244    0.00000000    0.27389335    0.49212590    0.57176165    0.63798453    0.71170340    1.02940372    0.99847587    0.67416000    0.58303610    0.33480395    0.40038295    0.31193915    0.27528459
O45580_CAEEL/199-373     0.41701890    0.45147281    0.73977376    0.54986398    0.34503642    0.41430723    0.43086403    0.27389335    0.00000000    0.57060932    0.63959939    0.69739276    0.76033765    1.14235246    1.10122194    0.86393226    0.59483824    0.41581959    0.45063415    0.40904183    0.35130373
E3LIZ2_CAERE/168-343     0.63270259    0.63278790    0.86372077    0.75028494    0.56160993    0.64407032    0.60565049    0.49212590    0.57060932    0.00000000    0.54162146    0.69169036    0.77367055    1.07298779    0.93872333    0.87641799    0.78696335    0.57923104    0.58980451    0.52360651    0.50256739
A8Y1A6_CAEBR/144-318     0.62092143    0.57741106    0.88393868    0.75540506    0.63513951    0.68003258    0.67901006    0.57176165    0.63959939    0.54162146    0.00000000    0.75308722    0.83993793    1.08524619    1.05772682    0.75659338    0.71251067    0.60060585    0.64198783    0.61290592    0.59885856
O16876_CAEEL/207-381     0.65018284    0.61849370    0.85799669    0.80167847    0.60900031    0.72875818    0.66808401    0.63798453    0.69739276    0.69169036    0.75308722    0.00000000    0.28556943    1.05273221    1.08148383    0.81401103    0.70767077    0.69432773    0.69293025    0.63652147    0.61593166
C4IWZ6_CAEEL/209-383     0.67329816    0.75301316    0.91829585    0.84594347    0.67740377    0.74991363    0.69674945    0.71170340    0.76033765    0.77367055    0.83993793    0.28556943    0.00000000    1.17183495    1.13287512    0.76904245    0.72238240    0.72922385    0.79188628    0.68056376    0.74721020
A0A2H2IP08_CAEJA/127-297     0.99253856    0.91667609    1.19999836    1.11635185    1.01854926    1.06268554    1.08624853    1.02940372    1.14235246    1.07298779    1.08524619    1.05273221    1.17183495    0.00000000    0.41534992    1.07435945    1.06264350    1.06392934    1.03542292    1.00267972    0.96844047
G0MXX4_CAEBE/211-381     1.01119054    0.97196577    1.23558417    1.11332333    1.06462127    1.06929999    1.07537017    0.99847587    1.10122194    0.93872333    1.05772682    1.08148383    1.13287512    0.41534992    0.00000000    1.02197190    1.02527416    1.04095607    1.00599924    0.99877658    1.04853580
Q19960_CAEEL/183-357     0.67136809    0.74210356    0.87805176    0.81789577    0.70814427    0.80225084    0.65495871    0.67416000    0.86393226    0.87641799    0.75659338    0.81401103    0.76904245    1.07435945    1.02197190    0.00000000    0.26684048    0.68965795    0.73419869    0.67239465    0.65106093
G0N8D3_CAEBE/147-321     0.60953118    0.64985182    0.88015074    0.76250102    0.61680105    0.73169154    0.59341875    0.58303610    0.59483824    0.78696335    0.71251067    0.70767077    0.72238240    1.06264350    1.02527416    0.26684048    0.00000000    0.58965748    0.63957529    0.65362231    0.63424515
E3LJ18_CAERE/191-366     0.42087176    0.45094832    0.63313498    0.49773157    0.36784818    0.39924710    0.44333995    0.33480395    0.41581959    0.57923104    0.60060585    0.69432773    0.72922385    1.06392934    1.04095607    0.68965795    0.58965748    0.00000000    0.24781980    0.35997999    0.34718847
G0NT33_CAEBE/223-398     0.46601169    0.52921687    0.64491533    0.53554057    0.42785367    0.42744237    0.45744956    0.40038295    0.45063415    0.58980451    0.64198783    0.69293025    0.79188628    1.03542292    1.00599924    0.73419869    0.63957529    0.24781980    0.00000000    0.38186048    0.40256115
G0PLY0_CAEBE/221-390     0.43700574    0.47680910    0.74083091    0.58503667    0.43128488    0.44172220    0.38381067    0.31193915    0.40904183    0.52360651    0.61290592    0.63652147    0.68056376    1.00267972    0.99877658    0.67239465    0.65362231    0.35997999    0.38186048    0.00000000    0.24157113
A8Y1A7_CAEBR/205-380     0.40742186    0.41252956    0.66344257    0.53392992    0.37624329    0.38927703    0.36510310    0.27528459    0.35130373    0.50256739    0.59885856    0.61593166    0.74721020    0.96844047    1.04853580    0.65106093    0.63424515    0.34718847    0.40256115    0.24157113    0.00000000

