11
K7MUF4_SOYBN/6-345     0.00000000    0.23155630    0.29348888    0.33808772    0.47862775    0.64371989    1.07525025    0.88463610    0.88874273    0.83540737    0.33290100
B9NBT1_POPTR/6-346     0.23155630    0.00000000    0.25344786    0.36675232    0.49006757    0.61946892    1.02837396    0.84017218    0.89160481    0.80127363    0.34116064
F6GX33_VITVI/6-347     0.29348888    0.25344786    0.00000000    0.42886417    0.46149451    0.63990319    0.96001242    0.84565758    0.83308027    0.79614433    0.32408195
RGP5_ARATH/6-346     0.33808772    0.36675232    0.42886417    0.00000000    0.53730982    0.68465275    0.97990864    0.91901103    0.93067482    0.83971070    0.38700611
RGP2_ORYSJ/5-344     0.47862775    0.49006757    0.46149451    0.53730982    0.00000000    0.72733037    1.03788509    0.94207357    0.90947478    0.86994266    0.52678714
W1PVM3_AMBTC/6-349     0.64371989    0.61946892    0.63990319    0.68465275    0.72733037    0.00000000    1.03295296    0.86783144    0.93362647    0.90607544    0.67583683
A9T7V8_PHYPA/11-329     1.07525025    1.02837396    0.96001242    0.97990864    1.03788509    1.03295296    0.00000000    1.04629134    1.05844506    1.03185891    1.08000304
A2PZC2_CHLRE/4-340     0.88463610    0.84017218    0.84565758    0.91901103    0.94207357    0.86783144    1.04629134    0.00000000    0.30616654    0.25494030    0.83686998
D7MQA6_ARALL/13-349     0.88874273    0.89160481    0.83308027    0.93067482    0.90947478    0.93362647    1.05844506    0.30616654    0.00000000    0.24534125    0.84424378
B9RAC8_RICCO/12-347     0.83540737    0.80127363    0.79614433    0.83971070    0.86994266    0.90607544    1.03185891    0.25494030    0.24534125    0.00000000    0.78462750
M1C4C1_SOLTU/6-346     0.33290100    0.34116064    0.32408195    0.38700611    0.52678714    0.67583683    1.08000304    0.83686998    0.84424378    0.78462750    0.00000000

