135
A7EF60_SCLS1/941-990     0.00000000    0.31255275    0.32368277    0.61434034    0.55233721    0.57576607    1.87385533    2.28016528    2.52525014    2.65915265    1.68332577    2.17327650    2.07135749    2.49058073    2.14889655    2.51014971    2.27364941    2.62107365    2.22729427    2.51503572    2.14062347    1.84519642    1.31976636    2.00371337    1.87630814    1.55456925    2.60167409    1.98787833    1.85060229    1.49242370    1.62210789    1.64063757    1.52199951    1.48577074    1.70111711    1.86221440    1.79605355    1.59306934    1.79018046    1.59488876    1.59182910    1.76150288    1.50466803    1.87439888    2.48254637    2.21437153    1.90000926    1.94173924    1.88334640    1.72837854    1.85027297    1.84938299    1.70243446    2.00257636    1.61314697    1.65187235    1.87048621    1.57535566    1.65481308    1.64985906    1.63360620    2.08724352    1.41936748    1.65993671    1.48689604    1.12258975    1.40426714    1.61771440    1.42901899    1.11757179    1.43141521    1.38042968    1.47403796    1.42385806    1.57300045    1.42659504    1.26117959    1.37468576    1.65063213    1.40409740    1.51908386    1.57940861    1.59846791    1.78486856    1.74056337    1.13987453    1.65648387    1.58376988    1.49527598    1.81957043    1.72446909    1.75334294    1.55934062    1.62702812    1.12451907    1.42784041    1.38741224    1.86054351    1.93759794    2.01804903    2.00126723    2.12867225    1.45666462    1.92174616    1.89488797    1.59721372    1.55289398    1.53617958    1.57169376    0.55378247    0.64447123    0.70102279    0.42847662    0.35624966    0.49335406    1.63721478    0.67460563    0.65301879    0.54546352    0.60307642    0.61023159    0.44290930    0.44112822    0.41237225    0.43846371    0.44960893    0.59909948    0.54321561    0.49620146    0.44484892    0.37155799    0.54470242    0.63120891    0.47231280    0.48353473
S3DY68_GLAL2/979-1028     0.31255275    0.00000000    0.23999258    0.54560183    0.69740389    0.65924683    2.17811497    2.46735232    2.66632104    2.61511443    1.65217109    2.22322474    2.08653321    2.33531116    2.22585891    2.78138152    2.45538677    2.86316906    2.57894598    2.70757768    2.11519072    1.64244472    1.35400513    1.72163997    2.00594706    1.51024259    2.47651081    2.08626958    1.90259048    1.54931094    1.69352470    1.76254879    1.84651101    1.77853117    1.87442588    1.93908496    1.78966985    1.75522374    1.85880436    1.75046824    1.59471472    1.65829821    1.69257028    1.96201950    2.07499829    2.01727226    1.90600185    1.92934910    1.88345036    1.84964387    2.01303161    1.86020180    2.00719274    2.40520052    1.93334313    1.75873714    2.07112810    1.82717902    1.80098832    2.03651364    1.92565739    1.97748699    1.82276430    1.87453546    1.63142616    1.25602382    1.51145798    1.62859320    1.45241389    1.29381371    1.57991805    1.39592831    1.57560706    1.47965331    1.62473500    1.56018705    1.28695113    1.56991398    1.78643633    1.49878230    1.53829417    1.61077738    1.71526847    1.50995479    1.72911433    1.17974636    1.57591689    1.49216584    1.55033876    1.67974968    1.88391333    1.72193626    1.86429056    1.99977559    1.46766068    1.70049882    1.63087726    1.96560687    2.22765982    2.33085673    2.33194853    2.55134266    1.60770266    2.07091902    1.87061334    1.81748108    1.49290472    1.49066986    1.39218551    0.61110590    0.73876784    0.74500186    0.40739473    0.46783794    0.52575720    1.46761041    0.69058733    0.67438070    0.63449116    0.58617656    0.47519686    0.38964404    0.44741204    0.43040215    0.52817611    0.47687784    0.55485191    0.56391984    0.44576746    0.46454986    0.44205743    0.47920754    0.46922090    0.39979307    0.44672650
K1XMY6_MARBU/1008-1057     0.32368277    0.23999258    0.00000000    0.48021819    0.54529602    0.66865980    2.23584417    2.27216411    2.49874316    2.27693859    1.66445420    2.36077822    2.14209537    2.44327174    2.16236908    2.72248511    2.27791364    2.87099254    2.62555614    2.59449672    2.24216705    1.77820007    1.37275264    2.03332703    2.10629775    1.69106943    2.54036562    2.02005286    1.91384610    1.53726691    1.73102550    1.78212144    1.76660455    1.77775468    1.90490596    1.89409961    2.13708239    1.94188021    2.06810727    1.87702581    1.77906408    1.80841386    1.61755996    2.25407656    2.47847142    2.22711028    2.06065150    1.94340248    1.80493489    1.79965050    1.88946028    1.86549818    1.94946582    2.20970313    1.82225487    1.85608928    1.97739859    1.80158351    1.82884675    1.99383019    1.89123998    2.05707583    1.68386430    1.88718587    1.69116721    1.34949533    1.55409022    1.51741391    1.38734365    1.32239403    1.64279084    1.43805533    1.53611969    1.32001015    1.59440258    1.53795646    1.24803463    1.38076571    1.53207806    1.48363129    1.49121217    1.41029153    1.56547888    1.53540164    1.92675277    1.35836715    1.61351732    1.66596960    1.53930578    1.66770225    1.95546702    1.77138111    1.56491197    1.77704912    1.44963187    1.73028982    1.70040217    1.78305246    1.88526081    2.02724399    2.00636435    2.23218893    1.45585543    2.07974717    2.09432252    2.03837370    1.38561031    1.56392089    1.53288348    0.55805944    0.63847343    0.77810570    0.39206448    0.38400141    0.53231495    1.61269408    0.53234159    0.50025792    0.59190831    0.48616670    0.36127433    0.37151363    0.52311967    0.43408949    0.59773937    0.47001439    0.55287790    0.52072259    0.43521494    0.45765644    0.42946707    0.51419623    0.41509434    0.36365112    0.43852700
H6C954_EXODN/951-999     0.61434034    0.54560183    0.48021819    0.00000000    0.59057180    0.86537525    1.76227258    2.09539004    2.27320690    2.63406414    1.73621336    2.22948108    2.17105779    2.61385162    2.30731157    2.56783795    2.69632675    2.67264413    2.66575923    2.69501736    2.69456735    1.83041885    1.50379148    1.86919495    1.81737571    2.42248855    2.82975977    2.29547567    2.08537581    1.60687542    1.68852358    1.79201064    1.87555056    1.86520154    1.93695923    1.92095147    2.43362612    1.97792517    2.16766059    1.96894187    1.84468219    1.78609430    1.90140258    2.31130253    2.27796682    2.12766254    2.06625723    2.03174327    2.07479898    2.31494082    2.36201045    2.11213800    2.26107221    2.89244428    2.35922314    2.07002320    2.42794733    2.17554067    2.20801371    2.43134416    2.24010342    2.59327451    1.82417496    1.99704085    1.52964178    1.33540521    1.69154952    1.68888046    1.48173570    1.56827493    1.93350699    2.09089834    1.79479278    1.59494225    1.65982738    1.91355762    1.89344705    2.00806817    2.20812845    1.81790689    1.58339495    1.74092577    1.79870513    1.65237185    1.61324311    1.38342247    1.43151987    1.45194310    1.37141521    1.89411776    2.08752445    1.77261725    1.56792605    1.80902847    1.61667566    1.83775548    1.71037680    1.66146979    2.49384669    2.72643206    2.54199913    2.58270989    2.35196704    2.19160425    2.61237733    2.42291977    1.51458044    1.65929740    1.47046369    0.80143805    0.97318038    0.92230326    0.69125905    0.64649688    0.68648052    1.42407451    0.77438403    0.69541619    0.75447003    0.71867339    0.53453053    0.54718386    0.71970549    0.76054555    0.76126498    0.75326157    0.82909437    0.81759712    0.76192162    0.72773539    0.61607823    0.68384996    0.84567504    0.60948511    0.64725304
D5G456_TUBMM/937-986     0.55233721    0.69740389    0.54529602    0.59057180    0.00000000    0.51113748    1.98817652    2.29201347    2.68311935    2.53673530    1.77667816    1.73867228    1.84427347    2.13249872    1.79759957    2.02998042    1.84834690    1.92739388    1.84318512    1.86465157    1.94193652    1.68942206    1.36635950    1.98992544    1.69681639    1.53907819    2.46893030    2.38263870    2.20577338    1.39781293    1.45674986    1.53377121    1.36169008    1.32224214    1.45419479    1.60136155    2.03175634    1.68445303    1.72332635    1.93832289    1.66353514    1.74354622    1.43499674    1.67879076    2.26180332    1.83856375    1.85249774    1.71086554    1.71691807    1.77497081    1.86454535    2.10484423    1.78945725    2.00634017    1.68747318    1.69581601    1.75210685    1.64981155    1.72351686    1.83618060    1.70781750    1.84296556    1.62959610    1.69567421    1.36012839    1.09833996    1.50901862    1.54055536    1.17547672    1.31788873    1.56421017    1.53543142    1.51345573    1.13973565    1.54601543    1.62511199    1.28716999    1.42899636    1.66322667    1.27170728    1.30712088    1.45648184    1.57919686    1.39950280    1.54830288    1.39606270    1.09911488    1.51120795    1.26975830    1.75878029    2.12971828    1.91961880    1.18852800    1.57262456    1.25360761    1.27656476    1.21653613    1.65717964    1.74409192    2.01178364    1.84489347    1.99645247    1.78670991    1.94960103    1.96204774    1.89403432    1.19681475    1.31532416    1.21718968    0.46916785    0.51184830    0.77600218    0.45214186    0.34466569    0.61076313    1.46876053    0.73595702    0.64601919    0.56607893    0.48959452    0.61273004    0.69493232    0.82913056    0.66643658    0.69968058    0.74072659    0.74550381    0.75352151    0.70073965    0.58577074    0.55102072    0.82435441    0.75071996    0.64235565    0.69771244
E5R4Q8_LEPMJ/958-1007     0.57576607    0.65924683    0.66865980    0.86537525    0.51113748    0.00000000    2.32497806    2.28960989    2.38318129    2.39431680    2.15044529    1.72970378    2.53085560    3.13423927    2.66551025    2.97401406    2.43575182    2.23603412    2.04007024    2.28973005    2.39437695    1.77021298    1.52525553    1.63058837    1.67378340    1.46565716    2.61068974    2.58477188    2.27078441    1.48411653    1.45138185    1.54723985    1.53544213    1.54210807    1.60903073    1.64273656    1.82001445    1.52430357    1.86035705    1.88961570    1.60990000    1.96044086    1.74914450    1.94498101    2.28148060    1.94271270    1.83118666    1.73590075    1.79965931    1.87191868    1.96358256    2.06372112    1.73687191    1.98029064    1.94371455    1.95574068    2.02725519    1.79518754    1.86625926    1.92721735    1.75947343    1.89637823    1.75123843    1.70501017    1.53448415    1.38699583    1.64359824    1.71943177    1.50240975    1.58457779    1.50031486    1.39741882    1.65672610    1.26851511    1.73500567    1.85937729    1.56785420    2.00758560    2.13519005    1.41239161    1.62477817    1.64966794    2.03026446    1.45369127    1.49694344    1.32511458    1.40193646    1.85524647    1.37551534    1.84183934    2.00119352    1.75944693    1.55774271    1.58538742    1.18118808    1.59257731    1.46264079    2.00781733    1.85657191    2.16224963    2.09440156    2.21644512    1.74946548    2.09389201    2.18784503    1.84162235    1.31792023    1.12834497    1.12422875    0.21393845    0.30003642    0.54422320    0.46233041    0.43153402    0.56653742    1.35633237    0.68366658    0.53788037    0.62565850    0.54829051    0.70941209    0.75521232    0.84705473    0.65029056    0.75151644    0.76425920    0.82132977    0.76523929    0.59061554    0.56454482    0.58211574    0.87055969    0.74684092    0.64160325    0.65993143
E1Z9J3_CHLVA/463-509     1.87385533    2.17811497    2.23584417    1.76227258    1.98817652    2.32497806    0.00000000    1.48265763    1.67034767    1.65446101    1.31716095    1.91239941    1.57618955    1.78374868    1.68170938    1.80537365    1.99466515    1.93416376    1.81504587    2.03703967    2.15264949    1.61948455    1.87615640    1.92249146    1.58557462    2.39469301    2.30240885    1.92262886    1.90220582    1.95145220    1.92926202    2.02516617    2.06658662    2.05132903    2.20360652    2.23057592    2.01070288    1.93992363    2.23833944    2.20824246    2.16453174    2.03460967    1.88152907    1.77096200    2.36673988    2.31405050    1.79565068    2.25180177    2.03459933    1.95241628    2.04360595    2.20231742    1.66887528    1.87985997    1.75607932    1.72178369    1.84123195    1.65034056    1.55928438    1.75768148    1.71389558    2.20314070    1.68590382    2.02016313    2.04128845    1.98515294    2.39322520    2.13728159    1.91164773    2.10757208    2.49864380    2.56813160    2.16901924    2.08578245    2.46636728    2.58469422    2.25342813    2.56475358    2.84939747    2.13174571    2.14772696    2.36130449    2.68104198    2.28849902    1.85752736    1.82129621    2.20322860    2.04202169    1.70205517    2.40669559    1.50747059    1.45998226    1.86664704    2.51164954    1.94043866    1.70957643    1.69092112    2.36926019    3.29742087    3.88111940    3.93648097    3.29582690    2.77687533    2.81001864    2.72844729    2.67922495    2.61501244    3.09502700    1.96079765    2.65173758    2.49778248    2.18009886    2.30122690    2.09847617    2.03537450    2.30808961    2.17892915    2.36063282    2.20136355    2.41038997    2.64057183    1.96713154    2.13953878    1.90354404    2.42895402    2.25606118    2.81681253    2.30902875    2.50059084    2.02909391    2.41268547    2.02596075    2.19179162    2.04062062    1.94519751
A8XQI9_CAEBR/345-398     2.28016528    2.46735232    2.27216411    2.09539004    2.29201347    2.28960989    1.48265763    0.00000000    0.25944976    0.37147438    1.69747575    1.55832329    1.47384426    1.69695753    1.68129231    1.65520903    1.53763453    1.43781212    1.37385362    1.41690877    1.79663207    1.55815454    1.58821694    2.45406570    2.27994285    2.43369852    2.52196572    2.71750968    2.71158620    2.25982896    2.24861119    2.39639060    2.35985400    2.58987887    2.26486810    2.05780497    2.90816348    2.64830085    2.62178905    2.90528196    3.03154685    2.91752929    2.51985413    2.88269829    3.64779634    3.23015644    2.32885377    2.46010084    2.84372682    2.60056183    2.54296824    2.22752192    2.28009529    2.55440869    2.07965591    2.04076139    2.33248027    2.18092399    2.08587717    2.19817931    2.13741127    2.58738601    2.03000073    2.28961140    1.91850168    2.35463554    2.61961786    2.70870943    2.85525189    2.81888107    2.76495400    2.83521063    2.36268248    2.60771296    2.66765331    2.94130662    2.71155615    3.06111710    2.68385786    2.76139858    2.72135116    2.69655925    2.36802612    2.09180901    1.69625586    1.88357751    2.40254141    1.68048766    2.03946582    2.14122066    1.98056299    1.88363462    1.88589162    2.49988958    2.71828925    2.26735395    2.13626581    2.90995460    3.10550557    3.18991836    3.13194078    2.82671150    1.99901138    2.20448298    2.41276846    2.45274162    2.40650956    2.41275902    2.25655081    2.47782640    2.35026380    2.68788495    2.19244169    2.43669993    2.87376107    2.10754053    3.17352609    3.27855625    2.55516124    2.22314758    2.74377784    2.32494093    2.91281664    2.53564794    3.09796936    2.67252199    2.69062265    2.48382733    2.72156697    2.47496918    2.62372277    2.75599190    2.51648700    2.36153317    2.64293154
G5ECW9_CAEEL/347-400     2.52525014    2.66632104    2.49874316    2.27320690    2.68311935    2.38318129    1.67034767    0.25944976    0.00000000    0.36790241    1.94560225    1.59755250    1.39461971    1.75947146    1.73622120    1.91696958    1.73634720    1.56769260    1.66407747    1.61710605    1.78060567    1.81977358    1.61274167    2.66386045    2.23648440    2.41873613    2.98432974    3.23514234    3.30693126    2.47957858    2.41748811    2.66211456    2.78346124    3.08002455    2.30207798    2.30685603    3.06030055    2.74747945    2.63559023    2.98877520    3.11847346    2.98106334    2.63261018    3.13890698    3.89447469    3.35059779    2.57197622    2.50691246    2.98492188    2.83287350    2.76463399    2.43044005    2.49167083    2.78140210    2.16733041    2.27849788    2.43776671    2.40870581    2.29786920    2.42513229    2.28118997    3.06616143    2.29016155    2.60587772    2.19940849    2.80935394    2.70698198    3.13235641    3.30144489    3.08046742    3.03656842    3.07540018    2.88142965    3.01453446    2.82411351    3.11404764    2.91697722    3.07487008    2.85767672    2.87355002    2.87649157    2.91486672    2.32712531    2.34144957    1.77580111    2.20553240    2.56967600    1.93576053    1.95051827    2.23723186    2.40293140    2.21826021    2.06244791    2.85053735    2.66871560    2.03838706    1.87794154    3.18222224    3.30145847    3.19850815    3.49915145    3.02072011    2.01627599    2.68684316    2.31723790    2.38785284    2.50027413    2.43913756    2.33233247    2.42322846    2.51555423    2.70607546    2.49780911    2.83174657    3.10050135    1.77868325    3.36551419    3.42210634    2.72094881    2.35474710    2.91164953    2.63171340    2.90908511    2.59277844    3.17792634    2.74311430    2.85527550    2.47935206    2.70186979    2.35468261    2.71780848    2.96773392    2.79726824    2.60802431    2.61635036
A0A2H2I4V9_CAEJA/347-400     2.65915265    2.61511443    2.27693859    2.63406414    2.53673530    2.39431680    1.65446101    0.37147438    0.36790241    0.00000000    1.68436181    1.54313623    1.36225713    1.72632977    1.58279731    1.74298399    1.46080214    1.34018832    1.50625452    1.45785590    1.87719015    1.64950190    1.79228431    2.32477636    2.47067833    2.28178082    2.92631910    3.26015302    3.34671669    2.28589720    2.41464487    2.54661662    2.35705573    2.78290938    2.40562214    2.28125482    2.76035009    2.79702016    2.73951735    3.02562678    3.14922934    2.95082676    2.91844776    2.78505208    3.79080206    3.46010167    2.55739136    2.80556335    2.91916909    2.69675273    2.81654694    2.54380046    2.22479203    2.45605398    2.03849565    2.23835328    2.16654229    2.33167057    2.19536618    2.31265526    2.26612145    3.24797117    2.43649261    2.51781939    2.38311227    2.96613482    2.91080538    3.22850081    3.33872854    3.16157866    3.20295122    3.13561765    2.84475506    2.84229136    3.28905770    3.36086489    3.20475373    3.39848781    3.05503693    3.25788858    3.20838244    3.13083837    2.60913560    2.58704023    1.83908362    2.65039388    2.51381907    1.60742032    2.21499437    2.34530359    2.07644858    1.90726865    2.02645627    2.43332110    2.71169070    2.15589692    2.07403219    2.93755469    3.00751649    3.60752293    3.74341208    3.33141804    2.17890920    2.46609677    2.44847580    2.52242342    2.73657258    2.86957281    2.43426517    2.57930811    2.31790140    2.89963899    2.09723466    2.39013995    3.02307285    2.12642257    3.29691257    3.40525649    3.09666762    2.67526656    2.97016459    2.63380763    3.21103192    2.74107256    3.71731354    2.87002937    2.95323923    2.64630579    2.59849883    2.55643969    3.10026125    3.42947456    2.74492580    2.86176001    2.89655880
T1FYV5_HELRO/299-349     1.68332577    1.65217109    1.66445420    1.73621336    1.77667816    2.15044529    1.31716095    1.69747575    1.94560225    1.68436181    0.00000000    1.08626691    1.21281740    1.17773245    1.16709927    1.39851749    1.28831617    1.31928205    1.13808497    1.08979853    1.15415333    0.85930071    0.93032084    2.06428636    2.07360235    2.27089359    1.95831419    1.82657652    1.79903624    1.61316516    1.58904783    1.59783867    1.69438492    1.66702044    1.67666950    1.77850470    1.77944930    1.98853653    2.12832012    2.32979733    2.15884576    2.27825864    1.89793428    1.76202973    2.61543066    2.58651695    2.42149772    2.31300039    2.34656437    1.75953005    1.71589048    1.70886639    1.82887859    2.22510053    1.60532432    1.71292408    2.03944548    1.89412886    1.82883148    1.82723236    1.84844075    2.30304462    1.87597844    1.73135771    1.64305946    1.52030099    1.73393736    1.52948481    1.67451227    1.68094539    1.63439651    1.80456485    1.50697786    1.50686814    1.98884686    1.86245936    1.65243452    1.79760304    1.70694761    1.63246092    1.63823677    1.63158162    1.86488400    1.69397730    1.84027303    1.86144674    1.73208346    1.62591755    1.71826131    2.05763267    1.97639237    1.91652592    1.99426313    2.24326797    1.97148434    2.03286702    1.85284461    2.31798375    2.66480182    2.48801669    2.35728017    2.00288387    1.75837642    1.99361477    1.97738189    2.11597484    2.06169450    2.29047663    1.87740152    1.94672872    1.94869497    1.94991475    1.93759727    1.80911317    1.65866629    2.01694998    1.92556304    1.91561819    2.01680403    1.86771020    2.19839426    2.02540967    1.89368747    2.09702075    2.21782247    1.98559696    2.24338638    1.91572091    2.07637691    2.01322343    2.27807387    2.06981174    1.89830865    1.98577859    2.14853387
E5SGD4_TRISP/315-365     2.17327650    2.22322474    2.36077822    2.22948108    1.73867228    1.72970378    1.91239941    1.55832329    1.59755250    1.54313623    1.08626691    0.00000000    0.75926095    0.88573942    0.87150511    0.92399791    0.82831759    0.93654744    0.97432007    0.87499202    0.67975946    0.56397177    0.85168559    1.76242036    1.39346255    2.60182417    2.08926827    1.92013011    1.80340245    1.67930123    1.50322508    1.45445562    1.47732778    1.31369498    1.58293064    1.94859923    1.93365709    2.00241552    2.24823414    2.55331547    2.23799539    2.63067607    2.62904083    1.93804059    2.30819436    2.04995420    2.17932295    2.25822951    2.13843304    1.95324152    1.96217186    2.32579911    1.77850294    2.14684459    1.59168778    1.75960630    2.10520117    1.84913338    1.89033231    1.96900462    1.85301810    2.13529231    2.00826323    1.59029934    1.59485036    1.67073724    1.96417177    2.02972331    1.93541381    2.08780695    2.15465737    2.37741850    1.76137624    1.86544676    2.46273179    2.30535263    1.93920450    1.94931540    2.10299879    1.98911012    2.01464515    2.07074069    2.48947459    1.87099139    1.96444787    1.63141306    1.84420393    1.52267677    1.65482142    2.05545182    2.18861441    1.80686146    1.55439877    2.17714279    1.91861303    1.76966250    1.72272937    2.06771189    2.35810300    2.88822286    2.89404763    2.34609379    2.11627933    2.33581278    2.01152329    1.86009191    1.92120559    2.14331650    1.97595815    1.79716943    1.78812777    2.18298275    1.78392029    2.06574003    2.16968158    2.52902083    2.55783295    2.62603480    2.01554828    1.99362006    2.42802439    2.29335575    2.14744120    2.10328807    2.13092042    1.91806720    2.01694981    1.92879542    1.86761631    1.93179222    2.00583501    2.10769161    2.00790346    2.17240171    1.79432426
F6QC13_MONDO/360-410     2.07135749    2.08653321    2.14209537    2.17105779    1.84427347    2.53085560    1.57618955    1.47384426    1.39461971    1.36225713    1.21281740    0.75926095    0.00000000    0.25649785    0.47572617    0.54279910    0.52307767    0.60365821    0.75677281    0.62552452    0.69772627    0.74322785    1.09548842    1.85334373    1.78702389    2.35950001    2.57519298    2.21950381    2.11253406    1.87307321    1.75027213    1.68869067    1.98383480    2.07056104    2.21828420    2.43376481    2.15600542    1.98154527    2.26536777    2.57803003    2.52342136    2.61104538    2.05542815    1.93022456    2.88676318    2.70967713    2.42850472    2.27836004    2.27712595    2.16205603    2.27431428    1.98463430    2.06765080    2.25695167    1.81003542    1.76693023    2.14949102    1.90911641    1.82529617    2.17175153    2.08339060    2.06539352    1.82136489    1.97303326    1.88365241    1.78462950    2.06700442    2.13430810    2.22111346    2.30445396    2.57404093    2.56350557    2.02932914    2.01498950    2.69516298    2.50275191    1.83907078    1.85010671    2.12148148    2.27688221    2.09076857    2.38222994    2.76156179    1.57827346    1.99476128    1.90623917    1.70371877    1.49027053    1.57871948    2.35971293    1.89606641    2.16475388    1.67130799    2.36353075    2.07688631    1.75608067    1.61452565    2.16472729    2.48997558    2.74479119    2.64743175    2.37097566    1.83349112    2.27088752    1.59654994    1.94595628    2.22337282    2.18529031    1.70003342    2.28733221    2.03873179    2.19974925    1.97513105    1.76299008    2.18890138    2.52664336    2.73471526    2.90825975    2.46373080    2.26897772    2.51627037    2.34740000    2.24690257    2.49562596    2.50892209    2.16970228    2.42977657    2.42116438    2.15504259    2.42986639    2.47617775    2.38330284    2.15940394    2.53889578    2.09016781
G1SZP2_RABIT/357-408     2.49058073    2.33531116    2.44327174    2.61385162    2.13249872    3.13423927    1.78374868    1.69695753    1.75947146    1.72632977    1.17773245    0.88573942    0.25649785    0.00000000    0.46086409    0.56855709    0.58011003    0.78774351    0.79551635    0.77392358    0.58600909    0.83663920    1.14294140    2.02145446    2.09887678    2.56587028    2.66468612    2.22237686    2.06201260    2.33046166    2.19444960    2.12073858    2.40137403    2.31583780    2.53181424    2.90219363    2.26789748    2.22001733    2.35414956    2.83928693    2.80044587    2.73821327    2.37312564    1.72509417    2.67612560    2.50806224    2.31973893    2.19443808    2.19635077    2.27654221    2.06107297    2.13386555    2.19192059    2.23578452    1.84471492    1.86199658    2.25190514    1.86171284    1.93400349    2.12586804    2.05604508    2.31305176    1.99831222    1.88457607    2.35986098    1.86191379    2.06938895    1.98625692    2.48492704    2.50925574    2.59555155    2.72837516    2.25248004    2.33109170    2.67663767    2.41372057    1.86172908    2.02305578    2.13195366    2.30674829    1.96724176    2.35181187    2.93213923    1.73227334    2.10580528    2.20471227    2.00461905    1.54653077    1.88757033    2.31045827    2.31392032    2.61601424    1.89521449    2.45562843    2.84071201    2.06542148    2.01608612    2.53802749    2.55758927    2.74068179    2.68727350    2.39646978    1.94921407    2.35860074    2.06057562    2.28287853    2.22918213    2.32202561    2.06400374    2.82210733    2.50893814    2.52713217    2.20083665    2.16548761    2.61926142    2.94077184    3.26961564    3.52616745    2.75799500    2.60397229    2.86169526    2.55674652    2.74281487    2.92595542    2.74909915    2.49256487    2.69565768    2.52355987    2.59970653    2.75171392    2.77303038    2.89030035    2.44567769    2.96993124    2.47699799
G1KQZ2_ANOCA/362-412     2.14889655    2.22585891    2.16236908    2.30731157    1.79759957    2.66551025    1.68170938    1.68129231    1.73622120    1.58279731    1.16709927    0.87150511    0.47572617    0.46086409    0.00000000    0.55540051    0.59198908    0.77364760    0.78089121    0.64992298    0.53398972    0.79581355    1.23861352    1.61324357    1.51633338    2.04096025    2.00574834    1.91043084    1.78210753    1.92286640    1.65856610    1.66172775    1.70989074    1.90891196    1.82932968    2.04145950    1.86521729    1.68871219    1.76117190    2.39842999    2.22239666    2.33405949    1.90009788    1.60535560    2.14476020    2.05690869    1.85016776    1.66716668    1.89168864    2.57950796    2.49981726    2.69264550    2.18230937    2.20450340    2.02317299    1.89171733    2.27017648    2.00285340    2.09022464    2.37290826    2.23224965    2.57733155    2.14031924    1.93065073    2.02676937    1.88792453    1.82656459    2.08472488    2.34900920    2.36505880    2.27700627    2.44220501    2.06499152    1.96999704    2.90540521    2.65453482    2.08823287    1.96705985    2.16824540    2.46970707    2.43802952    2.51025910    2.60323447    1.80609100    2.20096189    2.27988054    1.68688748    1.53097962    1.75634037    1.92195268    1.96105755    2.01954505    2.02562040    2.32286879    2.15508974    1.70371199    1.66905296    2.23156804    2.27713222    2.19955374    2.29677406    2.17520293    1.70159483    2.18262476    2.06792167    2.20561554    2.35455995    2.48074087    2.54286196    2.47016666    2.12732580    2.19649448    1.99802152    1.98631962    2.46277536    2.46264544    2.96108485    3.21551250    2.41337004    2.61001599    2.71048364    2.38258142    2.91240910    2.59662477    2.93987911    2.34583072    2.55743773    2.49269881    2.57699348    2.53600507    2.35719973    2.67421818    2.26802363    2.60397040    2.33373837
F6SD79_XENTR/334-384     2.51014971    2.78138152    2.72248511    2.56783795    2.02998042    2.97401406    1.80537365    1.65520903    1.91696958    1.74298399    1.39851749    0.92399791    0.54279910    0.56855709    0.55540051    0.00000000    0.46533437    0.63457190    0.72931716    0.69040553    0.49647914    1.05430471    1.62814499    1.72400801    1.80118223    2.12442084    1.83412858    1.65904177    1.57925097    2.18102775    2.05219210    1.84695049    1.85052009    2.15440978    2.07887736    2.19448361    2.04662186    1.95961763    2.34057185    2.44148086    2.48470317    2.37372700    2.27274842    1.59423865    2.47777406    2.15297698    1.92365913    1.89168067    2.16208840    2.29338847    1.98684423    2.23350372    1.82273391    1.87728029    1.79068701    1.85375954    2.10564902    1.84304898    1.76382050    1.95309881    1.96245713    2.24381326    1.72718397    1.62151823    2.12007789    1.93501124    2.02887119    2.53627582    2.39958534    2.65387552    2.58848080    2.37177716    2.39165022    2.20661318    2.93367732    2.86367619    2.18089184    2.14973810    2.18590336    2.49124584    2.34633966    2.58476069    2.92812171    1.99699889    1.99875131    1.93538316    1.72920811    1.63143497    2.09656203    2.31269331    2.06608951    1.98430926    1.83352834    2.57366674    2.30940694    1.51472809    1.44747525    2.22772441    2.79045782    3.22781706    3.04367074    2.85818044    2.14356423    2.09198611    2.02586648    1.93632323    1.95647357    2.07438429    2.25783517    2.91988071    2.33231873    2.99298594    2.41149565    2.26116382    2.75341287    2.69865972    3.01590360    3.31027095    2.63759502    2.80972551    2.80397131    2.48715379    3.22669012    3.07961065    3.02693898    2.81190536    2.97998517    2.74391456    3.01050585    3.10650397    2.66653598    3.34297728    2.95001343    3.19766469    2.83600678
W5MRM0_LEPOC/337-387     2.27364941    2.45538677    2.27791364    2.69632675    1.84834690    2.43575182    1.99466515    1.53763453    1.73634720    1.46080214    1.28831617    0.82831759    0.52307767    0.58011003    0.59198908    0.46533437    0.00000000    0.42143966    0.48987894    0.44124832    0.41147466    0.90173864    1.05057712    1.75781190    1.72282085    2.26159870    1.97487091    1.98640206    1.83602273    1.96593548    1.84967186    1.88747917    1.92242602    1.90883913    2.07758079    2.13944888    1.96879043    2.12577992    2.27014157    2.39306377    2.23789852    2.48073681    2.15636293    1.71926935    2.60831254    2.22332027    1.85216642    1.75233892    1.94574826    2.09579752    2.01690410    1.87427672    1.72100191    1.86153619    1.70834696    1.79831244    1.83051964    1.62455141    1.55169589    1.87328700    1.77175906    1.78896998    1.69738555    1.96590267    2.13054112    1.93907309    1.79138622    2.08445299    1.95280016    2.26793375    2.19002727    2.34141060    1.93537645    1.99968416    2.36689908    2.55253069    1.98276785    2.02282079    2.28843050    2.10175165    2.08702130    2.25060909    2.31958557    1.82129965    2.00356735    2.22572482    1.49880539    1.58080595    1.91342855    2.39519346    1.81780346    1.85720341    1.80240594    2.11261230    2.14628109    1.28942329    1.17268700    2.10767618    2.78070487    2.75334053    2.78480874    2.69851362    1.87203853    2.12300385    1.91869585    2.13997575    2.26611907    2.26508132    2.17314149    2.04548512    1.70944623    2.22021793    2.28424762    2.01742636    2.18934074    2.41116512    2.44573713    2.78543107    2.33867838    2.21078296    2.67062055    2.55122167    2.51257185    2.60930785    2.76618595    2.44099643    2.50120476    2.27127294    2.61701414    2.52510177    2.45529125    2.70877906    2.46793726    2.60443695    2.41699831
H2M729_ORYLA/335-385     2.62107365    2.86316906    2.87099254    2.67264413    1.92739388    2.23603412    1.93416376    1.43781212    1.56769260    1.34018832    1.31928205    0.93654744    0.60365821    0.78774351    0.77364760    0.63457190    0.42143966    0.00000000    0.39764142    0.28676697    0.63612595    1.11283961    1.30258334    1.90737928    1.78849772    2.55398043    2.32665692    1.79431164    1.73558466    2.07377866    2.02110088    2.13769484    1.91779260    2.16652648    2.05620716    2.01678132    1.89748478    2.15465651    2.13855175    2.52824583    2.56778263    2.80792272    2.28987543    1.81899655    2.47300009    2.37105769    2.16365505    2.10034256    2.23594127    2.32037736    2.43465745    2.11123208    1.92409803    2.01373591    2.00406885    1.97185870    2.15361006    2.03360211    1.94593664    1.85754260    2.11520423    2.46605560    1.98665273    2.02730554    2.04967016    2.24265723    1.96745215    2.45557686    2.48839786    2.74190445    2.63934067    2.67202767    2.20679069    2.08450596    3.23366684    3.02313686    2.41347521    2.39220572    2.87160751    2.66953349    2.61914337    2.81134395    2.79577622    2.05040382    1.93448411    2.22278895    1.54019372    1.82698871    1.93698992    2.06119868    2.28218106    2.32006645    1.86103413    2.10453203    1.67784990    1.61054331    1.63286977    2.20165303    2.69489808    2.84810372    2.70385257    2.46348447    2.11646368    2.42292854    2.11879334    2.37414557    1.71881721    2.09203392    2.06938541    2.54947230    2.21336183    2.58215910    2.38198692    2.35437511    2.76954870    2.62713516    2.90073546    3.08999583    2.49033365    2.33716113    3.18618523    2.71190627    2.83495501    2.75742144    3.42293242    3.20293172    2.75723785    3.09276560    2.81414790    3.00926872    3.12556177    3.28324690    3.03832473    3.04129299    2.90299398
H3DL27_TETNG/334-384     2.22729427    2.57894598    2.62555614    2.66575923    1.84318512    2.04007024    1.81504587    1.37385362    1.66407747    1.50625452    1.13808497    0.97432007    0.75677281    0.79551635    0.78089121    0.72931716    0.48987894    0.39764142    0.00000000    0.28142487    0.64221937    1.00718672    1.12817552    1.68976319    1.84183343    2.30199870    1.93549858    1.64503036    1.52646308    2.12333993    1.94768536    1.88450858    1.94199174    2.21509127    1.91932066    1.92654494    1.79707416    1.92432892    2.22192129    2.39752150    2.30641831    2.51940641    2.33154684    1.51197899    2.34107896    2.21155519    1.94356186    1.80506562    1.97481051    2.08231237    2.17545279    2.09198406    1.84639396    2.17714091    1.90020685    1.90459116    2.16947016    2.10252200    2.07443296    2.12098779    2.17944327    2.25092430    1.69959169    1.98911406    1.95306344    1.86296059    1.73575263    2.28120465    2.09867495    2.31478274    2.16010773    2.32771984    2.17592452    2.07347283    2.71995079    2.61693305    2.00720287    2.32479144    2.52604236    2.24215276    2.11849788    2.46971471    2.68884650    1.69553006    1.74818323    1.94195956    1.61488699    1.82353191    2.06162255    2.24324656    2.10082198    2.14955576    1.90553865    2.02906773    2.31313841    1.84282094    1.73453543    2.10579331    2.78258816    2.90217062    2.62531203    2.54177176    1.97486111    2.17028557    1.97394659    2.09089548    1.93426560    1.93510452    2.04186302    2.41409676    1.94159491    2.17724802    2.11008240    2.18178025    2.48355471    2.33001668    2.55631397    2.63724123    2.23239290    2.15406752    2.89055079    2.33213332    2.78818602    2.71728048    2.77604056    2.97595213    2.86939083    2.85185589    3.00857382    2.71536374    2.99630366    2.77739921    2.76431809    2.65039849    2.83715993
M4ADG2_XIPMA/335-385     2.51503572    2.70757768    2.59449672    2.69501736    1.86465157    2.28973005    2.03703967    1.41690877    1.61710605    1.45785590    1.08979853    0.87499202    0.62552452    0.77392358    0.64992298    0.69040553    0.44124832    0.28676697    0.28142487    0.00000000    0.57879504    0.96547262    1.13039283    1.67805419    1.70843972    2.36043055    2.08053123    2.00146085    1.94157426    2.12860150    1.84476737    1.80108434    1.91421476    2.06398567    1.98514981    1.94530058    1.78493313    2.17617161    2.04093546    2.63528815    2.54330472    2.83367302    2.22968771    1.78896638    2.32721753    2.16787271    2.11688071    1.98533825    2.14745348    2.24939927    2.35214665    2.30152224    2.02031606    2.26039140    2.01416081    2.06022794    2.33681199    2.27073121    2.23873666    2.50926935    2.41280280    2.35083529    2.10703332    2.19647936    2.08631361    2.10702967    1.91954702    2.35052098    2.20877191    2.40089143    2.50330257    2.54733009    2.21237957    2.04440532    2.92755372    2.80301320    2.15924682    2.01423375    2.49839284    2.33115249    2.25625695    2.50584540    2.55735771    1.81472179    2.05253507    2.17292154    1.41526022    1.83236588    1.90678693    2.26266791    2.18645015    2.05494880    1.99161662    2.23306073    2.05479692    1.64288886    1.61765880    2.02440741    2.79991740    2.83025381    2.66138652    2.51939514    1.91038496    2.22141236    1.94461163    2.17247651    2.04900944    2.16248220    2.30867450    2.22861239    1.92923893    2.39142152    2.17299587    2.20937023    2.36332995    2.62398732    2.55724061    2.63715324    2.22021291    2.19127047    2.96474380    2.76754630    2.88160640    2.79580600    3.28238607    2.82916365    2.79015095    2.79100141    2.91189884    2.78903063    2.86724373    3.07322448    2.82983217    2.87608350    2.78970505
