126
COAX_NOCFA/2-207     0.00000000    0.46654219    0.62788375    0.60910063    0.59064063    0.66405092    1.12441748    1.69202504    1.65467334    1.61732386    1.64889094    1.41335264    1.27588796    1.03587145    0.98502437    1.14432812    0.89447353    1.10568862    1.05587477    1.00674001    1.84481586    1.47917932    1.47745104    1.24443368    1.22145106    1.42297698    1.45408166    1.07969087    2.37892115    2.48099606    2.77467051    1.87584913    1.70711688    2.01005095    1.74413315    1.84154190    2.21933739    2.24573883    2.42779521    2.63306843    2.78753051    2.54929565    2.31485707    2.59213732    2.62946702    2.64103810    2.44039031    2.59348729    2.24811412    2.11933674    2.66712284    2.90860576    1.96928702    2.14516469    2.02423081    1.91326967    1.80870502    1.95761187    2.48529670    2.17209254    2.11897433    2.52952715    2.57855431    3.10306698    2.45586681    2.48491640    2.30238503    2.57191776    2.11189169    2.24239218    1.85858234    1.90306481    1.85905974    1.97492397    1.85652566    1.71983806    1.55053986    1.66071951    1.89844850    1.09369523    1.24956221    1.22071819    1.36625165    1.29228726    1.16556562    1.25677593    1.30079946    1.36138342    1.27562297    1.34726045    1.22199069    1.17073418    1.12907301    1.12103276    1.12813897    1.16025063    1.42143442    0.89189846    0.99835585    0.91746488    0.86433001    0.97356351    1.04268806    0.98105850    0.88827909    0.88079119    0.95615400    0.85875997    1.00279098    0.95794662    1.03769834    1.23680498    0.94141641    0.94830029    0.90177794    0.89735137    0.96648333    1.03956661    1.02981611    1.07690315    0.94721390    1.01329172    1.07719721    1.06465423    1.06024047    0.85582335
COAX_MYCMM/2-207     0.46654219    0.00000000    0.65615625    0.63100981    0.68102795    0.77273052    1.19343608    1.56237344    1.74930610    1.85256589    1.69868042    1.31282330    1.34445716    1.12573976    1.12634360    1.31358406    1.10344720    1.23737967    1.19379505    1.19197305    1.91276182    1.62187458    1.58800011    1.40292643    1.44000083    1.45840610    1.54509453    1.19385006    2.91025399    2.79615199    2.81531505    1.74132869    1.74755830    2.09236806    1.96415924    1.89998314    2.28491098    2.44331680    2.52104237    3.13234338    2.79286774    2.55630755    2.57139840    2.82311138    2.84808365    3.10265098    2.80560296    2.88021185    2.68855356    2.49675162    2.84660248    3.11357073    2.40439590    2.40638432    2.47711974    2.30204360    2.10417022    2.22800767    2.83037158    2.46618925    2.31937426    2.53099267    2.89859394    3.23643090    2.58280295    2.51695904    2.61860448    2.69081159    2.25563390    2.75255889    1.88273007    1.86298856    1.88078379    1.91678114    1.91038719    1.77376938    1.74161710    1.66771154    1.95486308    1.37375851    1.27758532    1.22643931    1.45912507    1.37936930    1.18021154    1.34721537    1.33036199    1.37040798    1.21761367    1.48534061    1.39986055    1.36459347    1.25064708    1.33725440    1.16744535    1.18541999    1.43358550    1.03388056    1.04267961    0.98543232    0.99997418    1.16777770    1.14169120    1.14483242    1.05981963    0.98240603    1.11462575    0.96606042    1.14463231    1.12941642    1.22965316    1.47502706    1.16631384    1.13464697    1.08395965    1.08192034    1.15790185    1.05823765    1.16437694    1.17739097    1.01449246    1.08630272    1.17249189    1.16550588    1.12707463    0.94007181
COAX_FRAAA/2-202     0.62788375    0.65615625    0.00000000    0.37754854    0.50903009    0.61111622    1.10029508    1.70363079    1.71204196    1.83649505    1.58418472    1.18216312    1.20475888    1.03183431    1.02306181    1.02155356    0.97401141    1.17021370    1.03148527    1.01293525    1.65595410    1.46878475    1.29277036    1.17110067    1.13468448    1.27151427    1.32368423    1.03087627    2.37363389    2.72476704    2.47005370    1.73117771    1.49244939    2.06097269    1.66652739    1.70132020    2.11053701    2.08740100    2.14746491    2.59760326    2.59518689    2.60041802    2.38883042    2.55142506    2.40627695    2.46268679    2.38488342    2.25765555    2.38893069    2.14449180    2.81493884    2.98611388    1.98032762    2.22233052    2.20536779    2.01391764    2.04665166    2.09918173    2.49727628    2.38213484    2.08257972    2.46602608    2.49883823    2.74260008    2.50309250    2.36030132    2.50021758    2.40835947    2.32892361    2.47688704    1.71391176    1.57670763    1.66195128    2.02314324    1.88594369    1.83791488    1.66220008    1.39398985    1.89390902    1.22466364    1.14549919    1.10071511    1.23018948    1.23232700    1.01593488    1.20382301    1.26408667    1.39369589    1.16771547    1.31796724    1.20953271    1.05907618    1.13317327    1.06038917    1.00871340    1.04424153    1.27907315    0.88278401    0.91094063    0.95432916    0.99017014    1.10168881    1.02734932    1.05087756    0.95965707    0.93675161    0.95280537    0.80479923    1.06309009    0.97409050    0.96039896    1.09201283    0.98527403    0.90193479    0.87171300    0.96693432    0.91563542    0.99543752    1.10093532    1.10309937    0.99758919    1.00411144    1.07824036    1.00134647    0.94254541    0.81180311
COAX_ACIC1/2-206     0.60910063    0.63100981    0.37754854    0.00000000    0.44234036    0.53585136    1.11347334    1.43918166    1.52332394    1.65097610    1.48971293    1.10230940    1.23501480    1.02067541    1.03176606    1.05858891    0.84055216    1.04789186    1.00949617    1.02243616    1.66689805    1.40652941    1.38877538    1.26406217    1.12776499    1.32515060    1.33553593    1.03299177    2.52398610    2.53117891    2.73353342    1.57698631    1.52486954    1.83101237    1.62874433    1.59393629    2.06146700    2.09795638    2.10950878    2.36051143    2.63871604    2.44085191    2.65228381    2.53951023    2.43716747    2.48909025    2.43013960    2.40857348    2.32692660    2.02517230    2.62380525    2.57674816    2.23830291    2.21301194    2.26718679    2.09283686    2.04206804    2.24817578    2.66026699    2.27726588    1.99213352    2.51730258    2.55639294    3.08029341    2.71122772    2.46247356    2.74499018    2.37594787    2.16075165    2.45825634    1.66076197    1.63198981    1.70585837    1.84158988    1.81829327    1.77993760    1.49003348    1.31168390    1.72509000    1.12070656    1.07739415    1.02741909    1.15396998    1.11763149    0.99206541    1.12489720    1.10004056    1.29188404    1.16956519    1.27344391    1.13163996    1.06880518    1.06405236    1.02249764    0.99783649    1.02983121    1.30254551    0.85371061    0.84997932    0.87678405    0.80135378    0.88246677    0.85246120    0.89368493    0.80705580    0.80565993    0.83655602    0.73757475    0.91972014    0.83793058    0.89655806    1.06389188    0.87495809    0.88437493    0.82016776    0.90060417    0.87035818    0.90297832    1.01893220    0.98118246    0.93722166    0.93676968    1.00134921    0.95703226    0.89487636    0.76031636
COAX_STRAW/2-211     0.59064063    0.68102795    0.50903009    0.44234036    0.00000000    0.50442266    1.13353820    1.53540367    1.62709906    1.81297570    1.56537585    1.11977938    1.35806729    0.96705342    1.00271041    1.09225907    0.80836768    0.94926857    0.87575039    0.99291466    1.61350329    1.33915862    1.28735828    1.14583432    1.01960781    1.19654498    1.17985451    1.00836722    2.39340162    2.56167663    2.58402927    1.55327723    1.41303578    1.65864327    1.69059313    1.65905922    2.09009272    2.02302436    2.04562602    2.40282344    2.62121409    2.49167679    2.52476776    2.58886617    2.44046511    2.60048025    2.39753293    2.30681669    2.49079256    2.28451582    2.78835740    2.74314000    2.30282268    2.45258943    2.37886092    2.26191081    2.15092843    2.34319305    2.43252180    2.28178546    1.99239774    2.52883832    2.63729602    3.11736301    2.70722205    2.69605691    2.55678752    2.54764505    2.27197702    2.49966299    1.84808889    1.76426627    1.78342561    1.93365894    1.81259886    1.63523384    1.52670840    1.44519931    1.65038807    1.04715289    1.01067522    1.03947260    1.13625795    1.03833092    0.95642131    1.00337095    1.06550797    1.18267071    1.10186005    1.19895874    1.05256443    1.00118547    1.02814871    0.94657104    0.92804539    0.89333330    1.27831448    0.83835781    0.73106801    0.79195474    0.80006563    0.78131372    0.81410315    0.80894126    0.84182749    0.82151707    0.74157181    0.71778323    0.88820015    0.71445257    0.88709238    0.96786024    0.81224905    0.78653634    0.78027796    0.80699841    0.75644487    0.75380573    0.91431814    0.87750862    0.86463418    0.83576129    0.87116922    0.81094937    0.79380592    0.70748253
COAX_NOCSJ/3-206     0.66405092    0.77273052    0.61111622    0.53585136    0.50442266    0.00000000    1.29600739    1.63091605    1.67547351    1.79253746    1.70819311    1.21538492    1.39569811    1.06158559    1.17573538    1.11501174    0.96842880    1.08560599    1.09262023    1.08179371    1.68908476    1.46225562    1.46048111    1.29494173    1.21960299    1.27578041    1.39920981    1.17485865    2.64490081    2.73498293    2.77794882    1.67958759    1.54016375    1.99864309    1.78827650    1.80419920    2.26985709    2.20411275    2.24459721    2.44355279    2.75238874    2.56016738    2.48565527    2.66094195    2.37074272    2.43890485    2.13471849    2.32377634    2.18905445    2.44924192    2.98208045    3.15334660    2.23428391    2.42174442    2.46961741    2.26708406    2.09145898    2.44175373    2.30870690    2.04972691    2.16514915    2.64033409    2.77015892    3.13487141    2.49978383    2.60877348    2.59208930    2.42394913    2.20714110    2.32078070    1.79893261    1.75782593    1.72490543    2.00780358    1.99511326    1.71484605    1.46782678    1.63802379    1.65305251    1.24031805    1.20203215    1.12450881    1.28067886    1.20641638    1.17378026    1.20039326    1.21278597    1.36939001    1.22936922    1.37275536    1.23275530    1.16661256    1.18972740    1.11024137    1.08501799    1.05672674    1.42258358    1.00201376    1.04068367    0.99355166    0.99649002    1.02840348    1.04831641    1.05936940    0.96474714    0.99508870    0.99501950    0.93472140    1.17049121    1.01541106    1.03508079    1.28606839    1.02227231    0.94206830    0.93755669    1.04500451    1.02498589    1.02277009    1.11194562    1.17206869    1.04601256    1.08966857    1.09295774    1.01468987    0.97640423    0.92676782
COAX1_SYMTH/2-210     1.12441748    1.19343608    1.10029508    1.11347334    1.13353820    1.29600739    0.00000000    1.21713068    1.23923071    1.42892972    1.27948324    1.20768560    1.34996304    1.10449472    1.05144589    1.16133174    1.03271516    1.08820583    1.15314291    1.11741262    1.79869931    1.45753310    1.42685520    1.28277014    1.28764811    1.31715988    1.36944834    1.17621558    2.10814162    2.32521206    2.30911794    1.57972492    1.63611314    1.79209298    1.84041121    1.96473022    2.23872149    2.18087461    2.20736036    2.75231289    2.96924099    2.36974568    2.60564972    2.39844474    2.54278170    2.60213577    2.26819822    2.44808326    2.59028774    2.46096332    2.78417906    2.88874958    1.94125712    2.38441027    2.53263730    2.31060482    2.24637783    2.47793943    2.49524210    2.38294979    2.23412021    2.41638014    2.65272172    2.97511929    2.74729060    2.64833707    2.81958546    2.26109432    2.67343314    2.27591086    1.55034017    1.69230354    1.83567572    1.99993365    1.71730746    1.85775995    1.80293847    1.41850245    1.89686085    1.15410487    1.43267104    1.30311777    1.46441958    1.49904138    1.22664919    1.30184813    1.40881015    1.32117459    1.36543021    1.19096297    1.29019921    1.14174120    1.16751662    1.19732991    1.11902387    1.20882206    1.35214907    0.98988086    1.12367426    1.06615733    1.19256182    1.10134086    1.10183796    1.09752923    1.01120002    1.08341213    1.05814623    0.97396621    1.14352571    1.06956264    0.97916307    1.26281375    1.10921764    1.10290355    1.06853372    1.02679981    0.98662278    1.15210847    1.19778357    1.19466151    1.12146035    1.14691607    1.11931801    1.10833948    1.02049008    0.91676230
COAX_DESVH/5-211     1.69202504    1.56237344    1.70363079    1.43918166    1.53540367    1.63091605    1.21713068    0.00000000    0.31700042    0.78992128    0.46562952    1.41411581    1.49847946    1.41683425    1.27430006    1.48866658    1.30047227    1.35460834    1.64345832    1.42772724    1.77432544    1.57297478    1.65746394    1.45058902    1.56060807    1.60270087    1.76286714    1.42097987    2.65986134    2.21318414    2.81286410    1.78428183    1.81730095    1.99472183    1.97394846    1.78382746    2.23307516    2.06425538    2.07363094    2.69502144    2.82007826    2.57612768    2.45189906    2.77950230    2.37786605    2.44835524    2.44917984    2.43819488    2.30715423    2.28585423    2.74797791    2.58506302    2.74544564    2.72832722    2.43705439    2.37072736    2.27906220    2.65559132    2.54767014    2.20591929    2.16848163    2.32109018    2.82306270    3.17045803    2.82852047    2.38792190    2.55410853    2.67948266    2.57192856    2.16879853    1.84879968    1.76672013    1.86973028    2.00841653    1.96056070    1.85946628    1.89849099    1.60722902    1.97821155    1.41325567    1.50039306    1.49567475    1.45046015    1.51525389    1.41503493    1.43560983    1.51445232    1.47226723    1.47225318    1.56469970    1.52864247    1.34433791    1.51865570    1.34359881    1.35521909    1.37965353    1.33551176    1.38906537    1.45908291    1.37969913    1.35792445    1.45300675    1.40776746    1.34625492    1.33204775    1.33848481    1.46525098    1.26487335    1.22449852    1.36660522    1.22346551    1.49323206    1.27939726    1.31793346    1.37346726    1.36270713    1.34603134    1.30961005    1.46088133    1.44590502    1.40570003    1.44142473    1.36986673    1.44633045    1.37046670    1.39904179
COAX_DESVM/5-210     1.65467334    1.74930610    1.71204196    1.52332394    1.62709906    1.67547351    1.23923071    0.31700042    0.00000000    0.75919987    0.35694630    1.44339131    1.47522210    1.51755101    1.31782524    1.43683991    1.32373451    1.31708757    1.71684407    1.53621740    1.78625100    1.63629026    1.60187910    1.47001094    1.56252328    1.60193669    1.68089974    1.41917531    2.72859487    2.16301749    2.87950806    1.84823644    1.87126700    2.05895222    1.89614746    1.91606258    2.33416496    2.11109031    2.18695636    2.81449728    2.83285547    2.63574515    2.61989193    2.81520030    2.45080973    2.53502313    2.36926576    2.37477123    2.37233678    2.32757874    2.61010559    2.58278623    2.62033739    2.67355585    2.43055021    2.50863826    2.32182363    2.69246431    2.39742383    2.33032994    2.25510119    2.42590682    2.95984347    2.89320367    2.84702230    2.66153106    2.56834322    2.51103577    2.61632264    2.27866093    1.88144133    1.83132718    1.82363848    2.17672779    1.94973869    2.00368944    1.88099078    1.65689911    2.01717303    1.44862668    1.60060881    1.55301862    1.51869232    1.60534567    1.53355082    1.46532409    1.49285301    1.48022896    1.37935285    1.50676047    1.51483870    1.29011802    1.59116613    1.42356149    1.40284513    1.38891861    1.37206767    1.40259856    1.51718494    1.32656902    1.40490966    1.54955567    1.45723443    1.38525970    1.35470746    1.38003419    1.44809520    1.30907321    1.23311348    1.40846022    1.19355416    1.54732099    1.29895777    1.36510361    1.38405906    1.30803100    1.31768901    1.23243926    1.39633752    1.41507992    1.34837776    1.44965796    1.34135222    1.47013391    1.41713727    1.42140087
COAX_LAWIP/5-215     1.61732386    1.85256589    1.83649505    1.65097610    1.81297570    1.79253746    1.42892972    0.78992128    0.75919987    0.00000000    0.83409050    1.53089725    1.65189770    1.66599230    1.46190551    1.56503118    1.35321949    1.49057398    1.67800459    1.64420516    1.64410625    1.56274363    1.71030080    1.59009350    1.60185743    1.80875562    1.93575056    1.51891865    2.24665613    2.13380406    2.78899091    1.99159841    1.60605976    1.87393044    1.89064321    2.02092534    2.05812233    1.94255437    1.97109331    2.84197110    2.78471253    2.34675789    2.28884505    2.25655312    2.39303174    2.43565367    2.27606629    2.42639019    2.66464155    2.35667032    2.57726579    2.82658390    2.49343429    2.51444618    2.42387777    2.42676991    2.29684877    2.59955629    2.55873760    2.41533667    2.06664002    2.68415931    2.75872845    2.87661895    2.80663910    2.54665630    2.51859167    2.31618175    2.48889502    2.32390303    1.85166405    1.99934563    1.88226783    2.17355866    1.92572805    1.99548729    1.81195708    1.65584219    1.97653735    1.49998982    1.64725110    1.61556626    1.60241693    1.58901457    1.58446084    1.72804151    1.77176195    1.73071676    1.73743067    1.74089973    1.73606233    1.58054235    1.69373359    1.64189770    1.48753936    1.57661293    1.71718404    1.62694931    1.49026411    1.54463731    1.51559756    1.49144856    1.42851094    1.50012598    1.45799824    1.46557122    1.63938880    1.32031455    1.34430639    1.48192806    1.43697364    1.64721511    1.47288688    1.36762397    1.41637366    1.27557920    1.44599844    1.38241977    1.47675432    1.47031758    1.44472327    1.58291609    1.47178899    1.51936288    1.52103477    1.48322610
COAX_DESAG/5-212     1.64889094    1.69868042    1.58418472    1.48971293    1.56537585    1.70819311    1.27948324    0.46562952    0.35694630    0.83409050    0.00000000    1.43215055    1.53789449    1.37474890    1.34618104    1.52433861    1.44448581    1.42521450    1.57883303    1.54168718    1.71045980    1.82540671    1.56355011    1.43740231    1.62403144    1.56076689    1.69476545    1.52198076    2.71968527    2.21577028    2.90174905    1.92597285    1.83558936    1.90530473    1.95101095    1.92063578    2.09448197    1.97092784    2.09214841    2.86671443    2.67284168    2.49551824    2.45193751    2.56791469    2.49072193    2.45369719    2.43178192    2.54292095    2.53642996    2.40175614    2.55279359    2.27793598    2.47655228    2.85000783    2.40906928    2.31743880    2.28336076    2.52351219    2.13286006    2.21029018    2.10650920    2.44867931    2.86825222    3.07818521    2.75421728    2.68240806    2.63632734    2.53049932    2.78964119    2.14608083    1.76423691    1.76281889    1.87347434    2.19570073    1.87320870    1.88658399    1.89849672    1.63830485    2.18550990    1.48216149    1.54909173    1.53308940    1.52911054    1.52558286    1.36096048    1.41679905    1.45220652    1.42066936    1.49335902    1.58776779    1.56894663    1.36916713    1.54538882    1.43779058    1.36350331    1.37917531    1.47374562    1.40660776    1.58047905    1.48084842    1.46363685    1.56399278    1.48859538    1.44975506    1.39507974    1.37365737    1.58217357    1.42689946    1.38097942    1.48318832    1.39325055    1.55922010    1.36848970    1.50130089    1.49981740    1.44074780    1.42605570    1.34791059    1.50199660    1.54228463    1.49861292    1.59743029    1.52985206    1.56528708    1.44303452    1.48691967
COAX_DESPS/2-212     1.41335264    1.31282330    1.18216312    1.10230940    1.11977938    1.21538492    1.20768560    1.41411581    1.44339131    1.53089725    1.43215055    0.00000000    1.16433367    1.16501946    1.01355646    1.18978086    1.02996156    1.21084105    1.27273365    1.06893332    1.67015686    1.42065365    1.49960900    1.38149352    1.29349017    1.55124273    1.72261405    1.15041392    2.40915223    2.56627018    2.21977570    1.69845167    1.46870042    1.74712181    1.83829474    1.77916337    2.20649749    2.18883659    2.22561244    2.44704226    2.81337346    2.47979682    2.67607051    2.55469552    2.52617910    2.69940597    2.43610680    2.57986803    2.52922059    2.53607306    2.83008046    2.50181244    2.35063819    2.69823846    2.47346751    2.31231033    2.19687337    2.41270988    2.37873959    2.23602854    2.28477611    2.28570623    2.46330407    3.18280415    2.62372903    2.70752871    2.62725413    2.28843853    2.66333876    2.40779903    1.83192657    1.69437280    1.93022778    1.89568780    2.01658154    1.56989455    1.56402406    1.38450586    1.66693603    1.19013766    1.20581159    1.22149428    1.29559636    1.23593866    1.31287556    1.28541952    1.22180642    1.36840468    1.28304851    1.23660109    1.27853480    1.20436339    1.29402456    1.22024269    1.14097197    1.26390200    1.41180855    1.15168038    1.08242572    1.21809714    1.10709548    0.96618760    0.97446394    1.00471849    1.03575286    1.03244964    1.07255097    1.02684317    1.02053755    1.13819181    1.02384081    1.19734227    1.10827262    1.02351215    1.02183251    1.15619931    1.04470672    1.10644622    1.14960126    1.30203831    1.11210258    1.20582748    1.18817238    1.15719081    1.06617445    1.15450225
COAX_DEIGD/7-212     1.27588796    1.34445716    1.20475888    1.23501480    1.35806729    1.39569811    1.34996304    1.49847946    1.47522210    1.65189770    1.53789449    1.16433367    0.00000000    1.03992846    1.08058231    1.21962901    1.24077607    1.30094738    1.30522424    1.22033826    1.82695077    1.78381295    1.82363041    1.72566686    1.51241653    1.66946977    1.70516663    1.32854771    2.06214370    2.56200216    2.63883240    1.87821089    1.62719790    1.93472365    1.76771968    1.69990709    2.30610476    2.35682203    2.38470510    3.00787122    2.66143001    2.54397653    2.37242984    2.78100970    2.64093292    2.84221851    2.42400949    2.25504649    2.70101724    2.55948807    2.53965550    2.90972158    2.21086571    2.70435349    2.56976584    2.52029088    2.31494807    2.62975316    3.11207570    2.20574157    2.72101391    2.86983980    2.74789699    2.99026493    2.96718644    2.94280360    3.03721170    2.92604063    2.69338257    2.46018608    1.87653793    2.03694276    2.10083058    2.24452837    1.70162835    1.90763122    1.91824458    1.58485543    1.86331388    1.22933960    1.60380094    1.38461134    1.55722738    1.41328947    1.21848388    1.47111253    1.24814150    1.39966486    1.36471909    1.40658006    1.36581474    1.28507647    1.40871181    1.37494404    1.31502126    1.36483127    1.33182021    1.27908210    1.29771713    1.28609808    1.23519871    1.25008818    1.33011240    1.30503961    1.16915558    1.24398662    1.24575154    1.34605168    1.43874759    1.21187548    1.34235743    1.29730907    1.32643657    1.26436322    1.24513566    1.29477421    1.27369324    1.28665855    1.32864659    1.41949208    1.34354812    1.40041025    1.33045166    1.24391168    1.31639080    1.32929093
COAX_THET8/2-205     1.03587145    1.12573976    1.03183431    1.02067541    0.96705342    1.06158559    1.10449472    1.41683425    1.51755101    1.66599230    1.37474890    1.16501946    1.03992846    0.00000000    0.96838361    1.17304780    0.96091828    1.02321741    1.11322606    1.02868272    1.67838268    1.47720677    1.46949504    1.32272154    1.31904997    1.34371202    1.44621711    1.17336256    2.08408076    2.85632709    2.26130482    1.59040150    1.47532678    1.66767476    1.78697513    1.52985448    1.95251373    2.02730939    2.09491009    2.36119634    2.48141889    2.48252775    2.50933636    2.50643792    2.24692002    2.39401132    2.16663900    2.29391453    2.41525826    2.22921379    2.51686108    2.24102160    2.04104999    2.62032777    2.40458539    2.25206397    2.11592827    2.42184893    2.81876110    2.17780404    2.03911609    2.65584452    2.41457559    2.97424103    2.62889327    2.95141570    2.90450727    2.77717187    2.14356758    2.25821967    1.68460997    1.72443232    1.89230635    1.80570710    1.80751373    1.80809745    1.67511097    1.54245413    1.59904346    0.97873334    1.30850193    1.19602478    1.30805428    1.33236684    1.20538451    1.20262467    1.18144934    1.19804097    1.24335960    1.31401806    1.11887278    1.17973550    1.15650253    1.24052250    1.03815700    1.11441083    1.13549729    1.07744659    1.09609583    1.08475898    1.03874877    0.97213323    1.15293970    1.09368937    0.99439164    1.02113970    0.95344664    1.06372578    1.12937133    1.06400515    0.97727483    1.23251915    0.96184305    1.00190520    0.99044107    1.05602617    1.00095849    1.09082986    1.11441516    1.21013271    1.14317134    1.20131319    1.13644070    1.02417006    1.14215294    1.00001449
COAX_DESOH/2-207     0.98502437    1.12634360    1.02306181    1.03176606    1.00271041    1.17573538    1.05144589    1.27430006    1.31782524    1.46190551    1.34618104    1.01355646    1.08058231    0.96838361    0.00000000    1.02373574    0.81992058    1.02772264    1.02304578    0.96305245    1.34034389    1.34274014    1.41237334    1.19730332    1.06711495    1.24653563    1.35754797    0.95604068    1.87416333    2.08794120    2.17557341    1.57166660    1.27570033    1.63816587    1.50812079    1.41136335    1.83258912    1.65049424    1.79116324    2.71299790    2.35816153    2.40824545    1.99820300    2.52714957    2.08725160    2.08335821    1.94694398    2.09323347    2.18856585    1.88088196    2.25279666    2.35860662    2.13870556    2.25363268    2.26611431    2.20903399    1.93066624    2.28227178    2.31634981    2.01928295    1.91409323    2.14537402    2.25659745    2.46186426    2.44235664    2.29210730    2.31852543    2.51226933    2.16947220    2.44220468    1.71751358    1.78587314    1.75421987    1.79573455    1.64939394    1.28389627    1.24369267    1.34100328    1.50192019    1.07085246    1.01734725    0.99768459    1.12165597    1.03491502    0.99380924    1.16571824    1.10652200    1.24943681    1.06221834    1.26876455    1.14058059    1.04710577    1.15968476    1.04261569    0.96088675    0.99101175    1.13262183    0.89147283    0.71746663    0.76384309    0.73895900    0.81184465    0.82260475    0.76570927    0.81011668    0.85455413    0.92555142    0.86240784    0.95668654    0.83262302    0.89656516    0.91898159    0.85515316    0.79966023    0.82519399    0.84075591    0.82972029    0.99249021    0.99107212    0.99630458    0.89636334    0.84166052    1.01285750    0.93171797    0.86191485    0.93728807
COAX_SOLUE/2-206     1.14432812    1.31358406    1.02155356    1.05858891    1.09225907    1.11501174    1.16133174    1.48866658    1.43683991    1.56503118    1.52433861    1.18978086    1.21962901    1.17304780    1.02373574    0.00000000    0.63340879    1.03826237    1.09168028    1.07033232    1.33672302    1.46783436    1.24507920    1.27411326    1.13626347    1.28577145    1.34680024    0.93342062    2.16826093    2.41461710    2.30616395    1.71188062    1.32090511    1.54936630    1.52135977    1.52986289    1.90663749    2.03575196    1.98539500    2.58870009    2.89706945    2.27534783    2.56794517    2.82734306    2.69100268    2.80638905    2.35997122    2.73058867    2.55093920    2.41466228    2.81378997    2.65586467    2.18347620    2.51483936    2.57412519    2.33881629    2.15217144    2.27841546    2.39666501    2.53063433    2.52412865    2.57106220    2.47989974    2.77266452    2.53144873    2.50805442    2.52279788    2.56375244    2.24716053    2.44687129    1.62687893    1.80697685    1.88338860    2.08787954    1.85438935    1.55703624    1.49239379    1.33284168    1.90598630    0.96754904    1.11190366    1.08102121    1.10194375    1.15474044    1.17858898    1.13199457    1.26022592    1.30717743    1.25931768    1.32076850    1.20342964    1.11711202    1.17135011    1.19888698    1.05546356    1.02852083    1.16793709    0.95309071    0.89142803    0.94965512    0.93955776    0.84088757    0.90904542    0.91675470    0.74390884    0.78656487    0.84916342    0.87782212    0.98757232    0.90402044    0.96676026    1.05105396    0.85004516    0.86968124    0.85254147    0.85347665    0.92742379    0.98218786    0.96495786    0.98210759    0.96694592    0.95450512    0.96777125    0.93347906    0.95722798    0.85355351
COAX_KORVE/2-216     0.89447353    1.10344720    0.97401141    0.84055216    0.80836768    0.96842880    1.03271516    1.30047227    1.32373451    1.35321949    1.44448581    1.02996156    1.24077607    0.96091828    0.81992058    0.63340879    0.00000000    0.85134131    0.84807819    0.80748434    1.35010083    1.23420749    1.18204578    1.05013085    0.97009603    1.19826845    1.18675229    0.94219021    1.91407200    2.15362802    2.23601941    1.58460174    1.25936476    1.49822158    1.51717662    1.52656964    2.16011324    1.93697065    1.96000385    2.72436214    2.66481180    2.38717701    2.36300727    2.57430959    2.41976159    2.48951142    2.14240958    2.41566866    2.39451439    2.21269907    2.81608328    2.72743064    2.15161699    2.39876245    2.45953608    2.37167193    2.20295986    2.24460876    2.36057436    2.50634505    2.34368137    2.58104943    2.51024324    2.95617007    2.44751354    2.56773051    2.48164209    2.59446579    2.24967520    2.35193388    1.83607544    1.67645564    1.69209561    1.66116352    1.49779643    1.56069613    1.46507491    1.16364729    1.59004162    0.82362085    0.88221401    0.90694602    0.94702167    0.95378143    0.95011527    1.07330317    1.13380853    1.24931432    1.24921882    1.11857468    1.01628583    0.94786790    1.00422827    0.93180928    0.93082224    0.96660621    1.09949195    0.70811895    0.56957245    0.75453408    0.73232319    0.59947799    0.66473477    0.64890775    0.62238551    0.60003514    0.63765248    0.67486290    0.79348104    0.69226797    0.72951357    0.90877314    0.73473757    0.73793855    0.65083933    0.74747259    0.69477553    0.82198103    0.81288216    0.85910244    0.80530184    0.71285811    0.79041501    0.77673110    0.75006700    0.70454318
COAX_DEHM1/6-209     1.10568862    1.23737967    1.17021370    1.04789186    0.94926857    1.08560599    1.08820583    1.35460834    1.31708757    1.49057398    1.42521450    1.21084105    1.30094738    1.02321741    1.02772264    1.03826237    0.85134131    0.00000000    0.94457119    0.93932899    1.56496193    1.24964128    1.26574562    1.20520528    1.07401634    1.19073871    1.17481047    1.01885707    2.07457918    2.21241990    2.10364170    1.50077903    1.37248966    1.41519155    1.46292986    1.40860876    2.12334514    2.25827908    2.31555318    2.56403677    2.67612261    2.07208160    2.32440783    2.12733780    2.36848750    2.30366780    1.95234875    2.31104014    2.26576409    1.95321335    2.63801744    2.78413131    2.02329732    2.01501178    2.36545682    2.26473999    2.17436138    2.37346297    2.16904389    2.24744456    2.19766544    2.22104696    2.52196132    2.85066834    2.56330152    2.58208351    2.45317374    2.82462647    2.31055908    2.15493516    1.66816955    1.68142228    1.66712867    1.91369634    1.65893351    1.74395551    1.52978267    1.27923019    1.47761146    0.95662752    1.12259154    1.14969936    1.16856888    1.24864084    1.00470074    1.16512927    1.16961823    1.22037637    1.16842366    1.20761085    1.16584098    1.06986421    1.12817178    1.06768168    0.99315062    1.08312041    1.13413754    0.92550851    0.90845116    0.96901199    0.89548037    0.88528122    0.89851053    0.87139994    0.89945524    0.85361858    0.87030403    0.85828361    0.95216197    0.86936810    0.84783533    1.03955985    0.90490153    0.88494819    0.82323231    0.76476605    0.81297613    0.90822567    0.86607598    0.85272724    0.92347883    0.95730236    0.86327832    0.96479870    0.82879158    0.85402180
A9B636_HERA2/7-211     1.05587477    1.19379505    1.03148527    1.00949617    0.87575039    1.09262023    1.15314291    1.64345832    1.71684407    1.67800459    1.57883303    1.27273365    1.30522424    1.11322606    1.02304578    1.09168028    0.84807819    0.94457119    0.00000000    0.45521457    1.49796553    1.28278355    1.47428559    1.38406901    1.17204977    1.30057551    1.32416790    1.05249708    2.24816790    2.38951937    2.33623578    1.55385904    1.43235345    1.47886784    1.61066175    1.56024667    2.23090175    1.98757322    1.99709747    2.80880430    3.00236485    2.50140988    2.43199890    2.68223957    2.54258875    2.60953590    2.39935687    2.47760436    2.53145983    2.78702494    3.06661953    2.78597850    2.72380556    2.76363494    2.64031022    2.51489613    2.26387164    2.53511651    2.75908208    2.66031471    2.41124823    2.84208920    2.74441562    3.83732428    2.67801024    2.98333353    2.75813783    2.86913853    2.39755477    2.59392470    1.80940095    1.63596790    1.80838615    1.88907311    1.67937418    1.53737370    1.52996125    1.59237971    1.78880572    1.08315441    1.08404754    1.09881614    1.15276196    1.09107344    0.99798974    1.23659882    1.08751055    1.24026969    1.20755825    1.37617481    1.14427249    1.13132575    1.06614223    1.02519968    0.96684558    1.01964498    1.23679334    0.86541227    0.88797536    0.86249910    0.87369850    0.79181968    0.82065165    0.90290737    0.77111362    0.82253823    0.82783561    0.85124594    0.97187620    0.85785434    0.93785342    1.08056761    0.85804559    0.87641218    0.80409421    0.96908086    0.91100426    0.93913180    1.03816497    1.04076126    1.03292053    0.94929824    0.95340394    0.88756324    0.81768022    0.77401818
COAX_ROSS1/2-205     1.00674001    1.19197305    1.01293525    1.02243616    0.99291466    1.08179371    1.11741262    1.42772724    1.53621740    1.64420516    1.54168718    1.06893332    1.22033826    1.02868272    0.96305245    1.07033232    0.80748434    0.93932899    0.45521457    0.00000000    1.37891028    1.29415231    1.44763444    1.27087946    1.11328425    1.25162610    1.41754875    1.08167832    2.13139903    2.09497327    2.24195578    1.63386618    1.33770419    1.49227853    1.66020050    1.70213447    2.06296549    2.05939654    2.02386791    2.73832454    2.82362220    2.38729687    2.32051704    2.20603231    2.36487994    2.39988856    2.13638203    2.35343591    2.12196182    2.53143265    2.54614731    2.55142232    2.30220697    2.43882420    2.56181005    2.49717683    2.29793365    2.32409869    2.60691392    2.49014332    2.25917124    2.40964264    2.55030030    3.19641401    2.50860778    2.72410696    2.83141568    2.55099089    2.17181232    2.29816159    1.91343019    1.69995008    2.05154104    2.08926352    1.87866664    1.49631684    1.47503020    1.55301012    1.69908881    1.07478966    1.12331666    1.04768468    1.13669265    1.08547554    1.06659024    1.17722117    1.12828551    1.13234574    1.13509753    1.25737102    1.07471805    1.02029027    1.02842652    0.93481416    0.89512480    1.04899045    1.21184636    0.90102566    0.98025585    0.91961083    0.93793377    0.85835863    0.92896564    0.96231777    0.87279654    0.93544698    0.82137083    0.92466421    0.93755740    0.90816099    0.98734071    1.09903749    0.91356032    0.84034103    0.86097263    1.01891540    0.99447397    0.94562290    0.97051129    1.02112361    1.00158056    0.96336915    0.92786096    0.93078964    0.81956590    0.88453494
COAX1_FRATT/2-205     1.84481586    1.91276182    1.65595410    1.66689805    1.61350329    1.68908476    1.79869931    1.77432544    1.78625100    1.64410625    1.71045980    1.67015686    1.82695077    1.67838268    1.34034389    1.33672302    1.35010083    1.56496193    1.49796553    1.37891028    0.00000000    1.07461944    0.92086219    0.89045403    1.12361989    1.37819021    1.43498628    1.47318850    1.87241601    2.24823946    2.03522507    1.91506273    1.49994052    1.58003074    1.71784349    1.73687267    2.12166427    2.06600639    2.24582593    2.61348838    2.37536660    2.47609389    2.37078648    2.40512026    2.31878067    2.41432809    2.22504596    2.24844986    2.70712056    2.53260815    2.39363748    2.35196987    2.60615852    2.54785661    2.68955092    2.77174245    2.56697424    2.57125118    2.72038946    2.44910963    2.14655072    2.66750958    3.14277987    2.81154375    2.80615373    2.72857070    2.72057808    2.22115441    2.61572659    2.28927697    1.83194548    1.95536608    2.08709033    2.18657280    1.99163115    1.57913814    1.54906684    1.48414285    1.64676359    1.35620492    1.43663293    1.50928206    1.43396025    1.49504935    1.46064395    1.54948896    1.40355418    1.48274416    1.56149852    1.68508648    1.49155721    1.55551817    1.55372923    1.48629617    1.40078567    1.38021479    1.81593256    1.58014773    1.51751191    1.56359029    1.41041541    1.34458098    1.29490819    1.32385869    1.31581063    1.35116428    1.35168012    1.45474786    1.46689460    1.39975212    1.45175854    1.42750549    1.33533474    1.36737145    1.47616262    1.27447723    1.20816189    1.37530582    1.29365521    1.32078095    1.40411259    1.29301501    1.30951202    1.34211092    1.49552058    1.47515473
COAX2_FRATT/3-206     1.47917932    1.62187458    1.46878475    1.40652941    1.33915862    1.46225562    1.45753310    1.57297478    1.63629026    1.56274363    1.82540671    1.42065365    1.78381295    1.47720677    1.34274014    1.46783436    1.23420749    1.24964128    1.28278355    1.29415231    1.07461944    0.00000000    0.88669960    0.71143171    1.14591873    1.40323758    1.43066042    1.08624361    2.06752548    2.05425400    2.30891701    1.66055157    1.37493077    1.65464150    1.85219261    1.90218308    2.06503362    2.38454820    2.36563073    2.29535619    2.42872828    2.45443117    2.29008648    2.37126111    2.41568694    2.54886446    2.25426677    2.28981233    2.39442070    2.19902570    2.44462194    2.32402639    2.56720337    2.46289806    2.59888801    2.51752500    2.43630080    2.60239408    2.31214340    2.45277972    2.14242669    2.62632771    3.06032267    2.92061711    3.15470584    2.70847847    2.80735141    2.31608628    2.69162516    2.07760745    1.78973546    1.88742623    2.18135803    2.00438005    1.87241303    1.77789070    1.60439886    1.56271651    1.72510628    1.19360509    1.43739460    1.45799671    1.50123173    1.51794551    1.46292312    1.53079391    1.46418032    1.46048095    1.38234975    1.43396773    1.35826647    1.44170165    1.48488548    1.41169603    1.27130608    1.36783195    1.43725659    1.44558302    1.33199917    1.20346264    1.24677750    1.20526560    1.30974897    1.26435344    1.15922008    1.23708272    1.16594604    1.07824448    1.10159633    1.09961066    1.05765583    1.21457662    1.04312563    1.04972772    1.17380003    0.96752812    1.01462180    1.16761164    1.06641218    1.16918343    1.20024588    1.10026319    1.15872581    1.18542002    1.21169735    1.13724523
