16
PIGB_HUMAN/62-449     0.00000000    1.01677026    1.01780650    1.64119319    2.62224228    3.04289597    2.88752149    2.94649268    3.11385182    3.26659429    3.32623423    2.92161186    3.10161144    3.07995769    1.43138250    1.59917089
PIGB_DROME/5-396     1.01677026    0.00000000    1.23885477    1.72088412    2.66296132    3.14152846    3.30309584    2.98748241    3.21492996    3.20358867    3.29688678    2.67221117    3.16149897    3.18183241    1.64445082    1.67890665
F4K887_ARATH/41-451     1.01780650    1.23885477    0.00000000    1.80588701    3.05326646    3.23713638    3.09087329    3.49544120    3.40005542    3.34377275    3.30671364    2.67898379    3.28766793    3.24139214    1.43914547    1.50930387
GPI10_TRYB2/4-432     1.64119319    1.72088412    1.80588701    0.00000000    3.07888258    2.81207904    2.81573061    3.12928028    3.35019742    3.63172414    3.48283999    3.16858592    3.30122886    3.27260697    1.99544880    2.23831088
PIGZ_DROME/18-541     2.62224228    2.66296132    3.05326646    3.07888258    0.00000000    2.19799120    2.19529302    3.72841026    3.30414259    3.45663938    3.33526409    3.27512108    3.62777093    3.63860549    2.63495625    3.11972885
SMP3_YEAST/6-401     3.04289597    3.14152846    3.23713638    2.81207904    2.19799120    0.00000000    1.84025659    3.80959056    4.10635564    4.33056317    4.21022532    3.50531512    3.74695708    3.82100898    3.33368112    3.26831722
SMP3_SCHPO/9-412     2.88752149    3.30309584    3.09087329    2.81573061    2.19529302    1.84025659    0.00000000    4.00202442    3.92751297    4.20643005    4.19299061    4.13869392    4.03850883    3.87022787    2.88242149    2.94779198
ALG12_CAEEL/6-405     2.94649268    2.98748241    3.49544120    3.12928028    3.72841026    3.80959056    4.00202442    0.00000000    2.97533536    3.35222655    3.48066760    2.88377111    2.74913083    3.12815080    3.70009444    2.96639638
ALG9_ARATH/48-451     3.11385182    3.21492996    3.40005542    3.35019742    3.30414259    4.10635564    3.92751297    2.97533536    0.00000000    1.56772564    1.57225806    1.40553928    1.40791767    1.82793218    3.02856303    2.98590751
ALG9_CAEEL/55-472     3.26659429    3.20358867    3.34377275    3.63172414    3.45663938    4.33056317    4.20643005    3.35222655    1.56772564    0.00000000    1.23479057    1.26342645    1.47292205    1.85534154    3.31580403    3.28020567
Q9VBV8_DROME/75-498     3.32623423    3.29688678    3.30671364    3.48283999    3.33526409    4.21022532    4.19299061    3.48066760    1.57225806    1.23479057    0.00000000    0.90441979    1.38539352    1.59275190    3.52314251    3.13290070
ALG9_MOUSE/60-482     2.92161186    2.67221117    2.67898379    3.16858592    3.27512108    3.50531512    4.13869392    2.88377111    1.40553928    1.26342645    0.90441979    0.00000000    1.26719719    1.60062690    3.39341793    3.04302450
ALG9_SCHPO/16-438     3.10161144    3.16149897    3.28766793    3.30122886    3.62777093    3.74695708    4.03850883    2.74913083    1.40791767    1.47292205    1.38539352    1.26719719    0.00000000    1.53632657    3.29458795    3.10715775
ALG9_YEAST/10-414     3.07995769    3.18183241    3.24139214    3.27260697    3.63860549    3.82100898    3.87022787    3.12815080    1.82793218    1.85534154    1.59275190    1.60062690    1.53632657    0.00000000    3.63862727    3.48880062
GPI10_SCHPO/4-414     1.43138250    1.64445082    1.43914547    1.99544880    2.63495625    3.33368112    2.88242149    3.70009444    3.02856303    3.31580403    3.52314251    3.39341793    3.29458795    3.63862727    0.00000000    1.56038859
GPI10_YEAST/16-484     1.59917089    1.67890665    1.50930387    2.23831088    3.11972885    3.26831722    2.94779198    2.96639638    2.98590751    3.28020567    3.13290070    3.04302450    3.10715775    3.48880062    1.56038859    0.00000000

