74
V4UAB1_CITCL/15-245     0.00000000    0.36095720    0.30696775    0.34306569    0.37382213    0.38776192    0.39499941    0.58601871    0.40765242    0.39636641    0.40926935    0.29110894    0.26907521    0.44252751    0.61832770    0.64685751    0.58459579    0.60990917    0.53963362    0.65276949    0.57325972    0.55541418    0.58697559    0.67246384    0.68493252    0.79394265    0.71115356    0.66841469    0.67510960    0.65577708    0.61483567    0.68416917    0.76923446    0.84945369    0.84984991    1.34413678    1.34710193    1.97352616    1.74662549    1.63630071    1.60506145    1.86315799    1.52380636    1.59288034    1.66581663    1.64791360    1.55312670    1.21190098    1.48135467    1.21522628    1.42508267    1.51225508    1.36153702    1.36277383    1.44593309    1.50569733    1.43549307    1.33924835    1.30680838    1.90786283    1.78291196    1.45076275    1.58437512    1.81036947    1.56570154    0.93892636    0.93209839    0.70901040    0.60007685    0.62394634    0.65183676    0.67460330    0.76155798    0.27969333
A0A0A0K303_CUCSA/17-245     0.36095720    0.00000000    0.35209195    0.38147020    0.41891486    0.44046011    0.43861300    0.56785415    0.50283992    0.44999624    0.44305372    0.39054110    0.42729244    0.49720534    0.61497598    0.65056122    0.54770672    0.65287507    0.57025225    0.59770698    0.60200797    0.61229823    0.60515012    0.79749637    0.72115473    0.73160928    0.77633079    0.76382434    0.68151015    0.70986435    0.69184334    0.74022289    0.79516107    0.97232000    0.89339072    1.49259626    1.33252332    2.11167123    1.75257038    1.75337083    1.90363973    2.00979907    1.62847614    1.55040756    1.59312628    1.57389623    1.55481933    1.27463051    1.51665246    1.29590113    1.40167326    1.52376046    1.51575502    1.43702930    1.49184700    1.58544148    1.55058564    1.44411237    1.48131437    1.76585170    1.75932989    1.44855624    1.62476502    1.69355716    1.60874539    1.03355536    1.09548591    0.72127661    0.67563533    0.67178892    0.79635162    0.80404337    0.76924389    0.34215593
A0A067LQD2_JATCU/8-240     0.30696775    0.35209195    0.00000000    0.24030447    0.40740238    0.39926242    0.39782091    0.56089786    0.43982807    0.43543430    0.43354680    0.32788233    0.35349381    0.53816325    0.62186947    0.59251830    0.59252204    0.63625183    0.57924641    0.63860460    0.61157553    0.60862959    0.63709155    0.71440722    0.69503529    0.70056982    0.68813296    0.63283687    0.68636518    0.67142442    0.65222582    0.66630627    0.72534567    0.96006619    0.87766272    1.40961200    1.39926583    1.96267492    1.85517444    1.76079077    1.68714944    1.94439956    1.45252223    1.60994653    1.72974711    1.76894070    1.63943185    1.24950207    1.43166070    1.23502872    1.44915835    1.49503542    1.42193161    1.46504532    1.36440218    1.48216083    1.60212484    1.32551570    1.41537602    1.81244881    1.84237591    1.39485530    1.65602500    1.72975376    1.57117719    1.02449479    0.98720214    0.71186339    0.69780339    0.73069051    0.75482610    0.76028223    0.82689108    0.28417523
B9RYA2_RICCO/11-252     0.34306569    0.38147020    0.24030447    0.00000000    0.46340385    0.41747894    0.43191775    0.61886747    0.47816444    0.51846825    0.47263649    0.37305859    0.39547614    0.52202790    0.68998073    0.63034376    0.63469866    0.67792233    0.62111103    0.69403060    0.65316689    0.65633396    0.66696405    0.75120262    0.72910489    0.72795882    0.79986111    0.78071145    0.78186158    0.78088148    0.73076879    0.79993166    0.80848113    1.05728587    0.89116103    1.39758211    1.37690476    1.99610005    1.89287563    1.89969074    1.72575170    1.96815671    1.49971079    1.68152429    1.71328270    1.69732790    1.66505329    1.30018491    1.51662488    1.29296324    1.39153369    1.50552727    1.44450468    1.51823532    1.54057858    1.59263436    1.64137723    1.40508744    1.46801196    1.89877893    1.90367728    1.45565553    1.70159709    1.80467576    1.57074009    1.06392664    1.10652994    0.73298308    0.72469346    0.72404772    0.79895347    0.79809726    0.85153666    0.35535528
A0A059B3B2_EUCGR/21-254     0.37382213    0.41891486    0.40740238    0.46340385    0.00000000    0.46630385    0.43343353    0.54730767    0.48489879    0.50646859    0.51620584    0.35462678    0.35833799    0.50812177    0.70284404    0.63860566    0.60700110    0.62588736    0.58422398    0.66153934    0.63949770    0.58012513    0.62517459    0.72892232    0.64603725    0.79058487    0.69423068    0.66675058    0.63954079    0.72652422    0.63585395    0.70525044    0.73455876    0.93832465    0.86957668    1.36082038    1.29735641    1.82184914    1.78770098    1.67670259    1.70502806    1.79767148    1.41162213    1.57324575    1.69886386    1.51093640    1.61603763    1.21898899    1.46575469    1.29230774    1.40899609    1.62024391    1.34774455    1.49552431    1.56161783    1.67294479    1.59891902    1.47145856    1.49000743    1.87857318    1.79660274    1.35763058    1.77526500    1.85102327    1.56317847    1.01678037    1.04571004    0.76707195    0.64725436    0.59092489    0.69215975    0.66707540    0.70340557    0.38749022
A0A3Q7GZV6_SOLLC/12-240     0.38776192    0.44046011    0.39926242    0.41747894    0.46630385    0.00000000    0.28616716    0.50585138    0.49298898    0.43448291    0.45830518    0.32156079    0.36655899    0.53072585    0.63153746    0.58784116    0.60612330    0.65260728    0.62400479    0.70653882    0.68360392    0.59786732    0.66533943    0.71422037    0.68667589    0.73963891    0.69032547    0.66891631    0.66600066    0.64336723    0.62183342    0.67776422    0.73365585    0.86406255    0.81677412    1.32995460    1.39357328    1.94306849    1.76351512    1.64227533    1.67299771    1.83557910    1.45303427    1.67313011    1.69725161    1.59968680    1.46706809    1.31772275    1.40204747    1.27084394    1.37747970    1.43204293    1.27800938    1.49456361    1.55368923    1.61175825    1.47022667    1.50369297    1.37566303    1.83425965    1.83954759    1.42709674    1.53544465    1.82073140    1.57574007    0.90725970    0.91847504    0.72684917    0.64929060    0.68818760    0.69037624    0.71904400    0.73344453    0.38750480
A0A022RRK4_ERYGU/16-250     0.39499941    0.43861300    0.39782091    0.43191775    0.43343353    0.28616716    0.00000000    0.40534078    0.49312104    0.38678427    0.43007807    0.28752204    0.32529339    0.49321381    0.70511208    0.61250667    0.58762269    0.61787483    0.59682271    0.67311645    0.59917258    0.55025524    0.62734878    0.81123003    0.75567733    0.75913626    0.65458670    0.65184222    0.71885961    0.67636923    0.68870548    0.71447457    0.71928620    0.85428857    0.78966120    1.35430069    1.26708338    1.99470090    1.82876848    1.66210708    1.74454126    1.96673386    1.50188602    1.71136765    1.67072748    1.59689005    1.44783707    1.22027405    1.39235485    1.27930455    1.34504529    1.46078887    1.24269685    1.42011893    1.47320996    1.47128921    1.39409383    1.34613096    1.39045836    1.89314718    1.75138351    1.44147356    1.54237147    1.85366622    1.55901949    0.95107422    0.99778399    0.74423960    0.59797900    0.69526222    0.72694429    0.70557660    0.82306217    0.31748468
A0A022RUS4_ERYGU/5-236     0.58601871    0.56785415    0.56089786    0.61886747    0.54730767    0.50585138    0.40534078    0.00000000    0.58988602    0.54719760    0.58356322    0.49338285    0.57180656    0.68416950    0.82836928    0.74469018    0.74879950    0.69713525    0.76584752    0.78398206    0.77124683    0.70597481    0.77894568    0.89877494    0.83154109    0.90714556    0.86113779    0.82367636    0.82547123    0.78356611    0.80588000    0.80519711    0.83067584    1.05508926    0.95550522    1.33914332    1.25249837    2.01503150    1.86367076    1.69970600    1.90888971    1.87672707    1.52481503    1.75423736    1.70339533    1.60476023    1.71952924    1.36337049    1.50257838    1.32340458    1.44188177    1.69590778    1.36393929    1.59123333    1.59571777    1.49471613    1.50065022    1.46616572    1.53379837    1.89343184    1.86377104    1.49313290    1.83213332    2.10130602    1.71333144    1.03638866    1.10900891    0.88851064    0.70086151    0.68537847    0.77741100    0.75964378    0.84932959    0.47506301
A0A072VQ07_MEDTR/11-233     0.40765242    0.50283992    0.43982807    0.47816444    0.48489879    0.49298898    0.49312104    0.58988602    0.00000000    0.33044345    0.39820340    0.37158648    0.41562754    0.64637171    0.75439487    0.65934302    0.69788736    0.77230582    0.66483394    0.79952277    0.68878615    0.73642151    0.76562924    0.92136695    0.90411520    0.87380961    0.73668016    0.79644831    0.87649641    0.81753331    0.83271561    0.88517755    0.85666371    0.90520605    0.93018149    1.52765571    1.52352324    1.89166526    1.89230722    1.73098587    1.82362155    2.03870087    1.66316776    1.93139068    1.92953264    1.78991129    1.58180713    1.21565242    1.61592449    1.40505345    1.59022319    1.67119049    1.49572883    1.54882748    1.61579036    1.60756017    1.52261022    1.43210864    1.51699928    2.12376233    1.78051421    1.60055484    1.64069854    1.92891875    1.78700902    1.04953940    1.01173526    0.76990735    0.68443127    0.74418642    0.78600055    0.79417020    0.90298113    0.39319843
I1NFX6_SOYBN/15-252     0.39636641    0.44999624    0.43543430    0.51846825    0.50646859    0.43448291    0.38678427    0.54719760    0.33044345    0.00000000    0.24888961    0.35984610    0.42087180    0.50902352    0.68195015    0.60508499    0.52940276    0.60414519    0.60135857    0.62537937    0.59166776    0.58077930    0.62842651    0.79916503    0.77620092    0.80707132    0.69787992    0.72985159    0.69126857    0.67125399    0.69289362    0.72320774    0.73933498    0.83169401    0.79149492    1.29711422    1.26089649    1.97680655    1.73728841    1.60590107    1.85335494    1.91242373    1.47915853    1.66700245    1.63887547    1.67370550    1.38488669    1.17373123    1.39949527    1.18293079    1.43141227    1.47361568    1.36545910    1.42129133    1.55408872    1.53352808    1.45256357    1.35500249    1.32888505    1.90442413    1.75182010    1.42185959    1.56847958    1.68398728    1.53610625    0.92755178    0.97276835    0.71791667    0.64197309    0.68074358    0.77260281    0.77567247    0.85451325    0.34102352
V7BBU4_PHAVU/11-244     0.40926935    0.44305372    0.43354680    0.47263649    0.51620584    0.45830518    0.43007807    0.58356322    0.39820340    0.24888961    0.00000000    0.38442765    0.41713224    0.50770956    0.60856997    0.65594459    0.55295627    0.61964375    0.58851908    0.66598154    0.61099225    0.57807463    0.64996006    0.80285514    0.74187758    0.80425959    0.74926477    0.79233446    0.80953726    0.74145272    0.73784920    0.77675493    0.77196358    0.87776979    0.81876546    1.38769192    1.38950426    1.98046233    1.73680828    1.64242078    1.89351689    2.00523921    1.45786002    1.75383278    1.72061776    1.71683760    1.53945302    1.21051480    1.50290286    1.15889896    1.35761826    1.45218105    1.32113797    1.43960630    1.52225189    1.48116063    1.43364483    1.36027147    1.27885397    1.95851657    1.73134285    1.39842086    1.62643373    1.76769575    1.67369823    0.91661252    0.99841410    0.77217838    0.69230972    0.70565286    0.73202420    0.76121764    0.86171713    0.33512246
F6I5Y4_VITVI/15-243     0.29110894    0.39054110    0.32788233    0.37305859    0.35462678    0.32156079    0.28752204    0.49338285    0.37158648    0.35984610    0.38442765    0.00000000    0.25501959    0.47773275    0.62728453    0.58888260    0.55899921    0.58214405    0.51303090    0.56238150    0.58060958    0.54354183    0.54124884    0.64362897    0.63316006    0.71790337    0.63024097    0.63550158    0.63379341    0.63586617    0.61871671    0.61148279    0.66887098    0.83850752    0.71255618    1.36058733    1.27907788    1.91450704    1.71945668    1.61753640    1.61455353    1.93181223    1.51433943    1.66771124    1.65213773    1.65165361    1.41880944    1.22013934    1.35311062    1.29363923    1.45124521    1.50139990    1.26315968    1.41254552    1.44008491    1.49907056    1.41010230    1.33878953    1.39967668    1.90410377    1.72595721    1.40452528    1.58046298    1.71324030    1.47066165    0.95533586    0.90746525    0.68176125    0.59476556    0.61931392    0.66186844    0.65409230    0.71914660    0.30403735
A0A061DZY4_THECC/17-247     0.26907521    0.42729244    0.35349381    0.39547614    0.35833799    0.36655899    0.32529339    0.57180656    0.41562754    0.42087180    0.41713224    0.25501959    0.00000000    0.50554976    0.62755484    0.60897728    0.58498331    0.63971708    0.57043013    0.62340013    0.57023741    0.61737794    0.60644928    0.72455262    0.66379691    0.77099693    0.68136411    0.63497139    0.68605400    0.65157084    0.62264978    0.69504972    0.72806690    0.94101061    0.75142586    1.41783488    1.31323485    1.94018979    1.88642329    1.75263677    1.68950579    1.90082850    1.51976629    1.69793917    1.63409063    1.55001384    1.57738318    1.17275309    1.45323587    1.14006468    1.31523544    1.39507636    1.32178861    1.44693597    1.32425003    1.52539699    1.39223811    1.25438880    1.30944939    1.89963958    1.81803332    1.41763805    1.62363994    1.78502204    1.54493016    0.98280312    0.97793259    0.71044986    0.64094684    0.67602492    0.69028567    0.70033384    0.78329052    0.29882990
A0A0E0P6P1_ORYRU/44-274     0.44252751    0.49720534    0.53816325    0.52202790    0.50812177    0.53072585    0.49321381    0.68416950    0.64637171    0.50902352    0.50770956    0.47773275    0.50554976    0.00000000    0.69875273    0.65569075    0.61892827    0.74410580    0.67184221    0.70715697    0.72683573    0.64783485    0.72098209    0.78238164    0.71653617    0.90896243    0.82381060    0.70981093    0.72248178    0.76955795    0.68635813    0.74322304    0.80869908    0.87392236    0.86544194    1.43355455    1.28690869    2.00707588    1.77418295    1.64255857    1.81349924    1.92255821    1.40873112    1.58371896    1.57515461    1.55077884    1.59926388    1.39913162    1.49928437    1.24788917    1.32723002    1.59762010    1.31457251    1.39678145    1.57613183    1.60025797    1.57623506    1.37845212    1.36217926    1.64753031    1.72000514    1.49358893    1.69346049    1.83294521    1.67191614    0.99537678    1.08552875    0.78999563    0.68629353    0.69373167    0.81097705    0.78983363    0.80325196    0.45140216
A0A0K9P7D3_ZOSMR/41-275     0.61832770    0.61497598    0.62186947    0.68998073    0.70284404    0.63153746    0.70511208    0.82836928    0.75439487    0.68195015    0.60856997    0.62728453    0.62755484    0.69875273    0.00000000    0.73236593    0.66453758    0.70810672    0.67889849    0.78925187    0.72143120    0.67586165    0.69841233    0.76674373    0.79129929    0.83543204    0.85003016    0.68725454    0.83181781    0.70093754    0.71232221    0.71983893    0.77931997    0.94604255    1.02181023    1.59415601    1.60450544    2.01697213    1.93247020    1.90075928    1.74893922    1.97363260    1.52455798    1.55298379    1.50472121    1.55365943    1.75580464    1.38723251    1.56754141    1.31364071    1.49766444    1.69442755    1.59438203    1.49633320    1.47330775    1.49612053    1.54465011    1.47528326    1.48514634    1.85552332    1.69604777    1.50330607    1.76176099    1.90707618    1.73093990    1.11650183    1.18176169    0.81999452    0.76035047    0.84860675    0.82606737    0.85270126    0.87005878    0.57895981
A0A0D2SLB7_GOSRA/28-262     0.64685751    0.65056122    0.59251830    0.63034376    0.63860566    0.58784116    0.61250667    0.74469018    0.65934302    0.60508499    0.65594459    0.58888260    0.60897728    0.65569075    0.73236593    0.00000000    0.43513552    0.53269928    0.45746718    0.48103456    0.43127798    0.43442403    0.51879733    0.71810289    0.68137048    0.79102672    0.75911420    0.64008015    0.69727526    0.60368129    0.61365076    0.62118353    0.65906472    0.92348066    0.84173002    1.44417927    1.41778338    2.03975516    1.70049080    1.75342250    1.67458096    1.84376082    1.54177105    1.66187415    1.64517666    1.70735974    1.79175292    1.33195103    1.40725724    1.35274734    1.37795080    1.57754935    1.34033324    1.54307213    1.55968470    1.65874010    1.54395657    1.44138674    1.44745438    1.82146974    1.84329417    1.37002499    1.50049306    2.04452341    1.56993074    0.90752293    1.03320590    0.84713410    0.67554880    0.73204984    0.82566772    0.82710611    0.81908696    0.57462761
U5FRU0_POPTR/20-250     0.58459579    0.54770672    0.59252204    0.63469866    0.60700110    0.60612330    0.58762269    0.74879950    0.69788736    0.52940276    0.55295627    0.55899921    0.58498331    0.61892827    0.66453758    0.43513552    0.00000000    0.34278132    0.30955618    0.41041378    0.40856525    0.39063790    0.41895556    0.67228086    0.62463636    0.70775492    0.73342740    0.66483187    0.66789612    0.55223818    0.56430636    0.58940292    0.67706222    0.87372504    0.89694392    1.49641894    1.31693028    2.05438914    1.90060834    1.86063675    1.78822140    1.88150932    1.71952435    1.73878066    1.74110925    1.60414351    1.71035690    1.29270814    1.48260915    1.36381407    1.52530524    1.58108922    1.45364349    1.50641074    1.68013778    1.63123366    1.60157932    1.55895451    1.41497426    1.71477892    1.68220535    1.41209633    1.64225114    1.90703377    1.52392127    0.84041465    1.00748665    0.75772988    0.61151789    0.64162565    0.76534898    0.70484112    0.77185394    0.46023758
A0A067KZS9_JATCU/308-539     0.60990917    0.65287507    0.63625183    0.67792233    0.62588736    0.65260728    0.61787483    0.69713525    0.77230582    0.60414519    0.61964375    0.58214405    0.63971708    0.74410580    0.70810672    0.53269928    0.34278132    0.00000000    0.33926789    0.48766504    0.42799663    0.46165241    0.49335532    0.68951859    0.65278136    0.74926312    0.73405996    0.70605361    0.73567242    0.59663621    0.63214056    0.66432199    0.75319021    0.97139405    0.91375579    1.45099615    1.41131405    2.07131464    1.94429386    1.73229212    2.00628806    2.00545155    1.69817335    1.77116695    1.78988489    1.69666473    1.74737040    1.47791246    1.49859872    1.28683812    1.55669957    1.62352834    1.43164181    1.54552535    1.70606825    1.60821809    1.59553251    1.53861514    1.45341785    1.85764642    1.80585461    1.42015345    1.71235024    1.95545207    1.43466360    0.83889333    1.05320951    0.80621632    0.64486511    0.65384382    0.78073196    0.81835253    0.87117908    0.52894809
B9R764_RICCO/27-257     0.53963362    0.57025225    0.57924641    0.62111103    0.58422398    0.62400479    0.59682271    0.76584752    0.66483394    0.60135857    0.58851908    0.51303090    0.57043013    0.67184221    0.67889849    0.45746718    0.30955618    0.33926789    0.00000000    0.40790656    0.41850930    0.36016577    0.44979536    0.66588266    0.61307561    0.77839118    0.72008410    0.66441655    0.68538088    0.55131800    0.61254350    0.59856342    0.70187641    0.93126360    0.93140445    1.41199176    1.43357591    1.92122457    1.81786382    1.72276970    1.67488571    1.86397116    1.56456616    1.82274934    1.76009684    1.69277458    1.54551490    1.38035462    1.45978255    1.38455125    1.51524103    1.60582738    1.51137790    1.50558828    1.63236505    1.68744554    1.62779611    1.48530045    1.46159561    1.90664991    1.90684019    1.38343577    1.63940639    1.97479778    1.49076317    0.89618212    0.99556771    0.75814137    0.62287644    0.65582924    0.76058586    0.75043647    0.78698007    0.51481492
M5Y0T4_PRUPE/27-258     0.65276949    0.59770698    0.63860460    0.69403060    0.66153934    0.70653882    0.67311645    0.78398206    0.79952277    0.62537937    0.66598154    0.56238150    0.62340013    0.70715697    0.78925187    0.48103456    0.41041378    0.48766504    0.40790656    0.00000000    0.40722737    0.40687020    0.40637242    0.78146166    0.68146274    0.79287312    0.79803820    0.69812522    0.72374416    0.57272172    0.59306777    0.60606333    0.74147676    1.02218505    0.93414298    1.56539423    1.52476868    2.13564112    1.90389452    1.85717226    1.92139992    2.04407620    1.61816170    1.67864029    1.89693004    1.80546049    1.79213342    1.43650223    1.49995950    1.40771310    1.53634118    1.68925004    1.56084247    1.61573597    1.68513113    1.70559789    1.69709623    1.56417415    1.58852702    2.01158797    1.85992287    1.38688840    1.73752522    2.12391371    1.73298432    0.86246820    1.04587311    0.76357756    0.57864980    0.62863678    0.82685664    0.72108979    0.82819256    0.57412803
G7I2A7_MEDTR/25-256     0.57325972    0.60200797    0.61157553    0.65316689    0.63949770    0.68360392    0.59917258    0.77124683    0.68878615    0.59166776    0.61099225    0.58060958    0.57023741    0.72683573    0.72143120    0.43127798    0.40856525    0.42799663    0.41850930    0.40722737    0.00000000    0.35657281    0.44059228    0.74311241    0.62663804    0.76297446    0.72878568    0.66003380    0.72322245    0.61833103    0.64828309    0.61515880    0.74161695    1.00209105    0.93073682    1.56694693    1.55849906    2.00610389    1.81321410    1.81956496    1.90107358    1.82473833    1.63428908    1.71096189    1.87214076    1.65922859    1.78763437    1.37024201    1.62351299    1.32783929    1.54767222    1.62866769    1.45464452    1.66950527    1.61506925    1.58807247    1.62851022    1.52016776    1.51475629    1.85645675    1.87038947    1.45749038    1.61401159    2.17395724    1.72956814    0.87460552    1.02058336    0.84220121    0.59016153    0.68182340    0.78628565    0.77962204    0.77405091    0.52812690
K7M5N8_SOYBN/26-255     0.55541418    0.61229823    0.60862959    0.65633396    0.58012513    0.59786732    0.55025524    0.70597481    0.73642151    0.58077930    0.57807463    0.54354183    0.61737794    0.64783485    0.67586165    0.43442403    0.39063790    0.46165241    0.36016577    0.40687020    0.35657281    0.00000000    0.38809456    0.71772915    0.63011894    0.76802125    0.77809578    0.65598903    0.67674198    0.58848822    0.60681073    0.61159511    0.66428451    0.94316268    0.89733362    1.51216255    1.43095291    1.95030555    1.76280016    1.74137497    1.79610193    1.89578930    1.58739243    1.66823515    1.79703507    1.63848970    1.68819742    1.35110056    1.40702336    1.33734455    1.45713528    1.59113231    1.48942838    1.57082738    1.51669807    1.48896977    1.56077499    1.54701479    1.40895731    1.73307787    1.83212991    1.33242212    1.57765321    2.11817600    1.63472493    0.92300653    1.05078101    0.73353967    0.62929242    0.60112787    0.68881641    0.67808250    0.69067810    0.53751082
W9S554_9ROSA/374-613     0.58697559    0.60515012    0.63709155    0.66696405    0.62517459    0.66533943    0.62734878    0.77894568    0.76562924    0.62842651    0.64996006    0.54124884    0.60644928    0.72098209    0.69841233    0.51879733    0.41895556    0.49335532    0.44979536    0.40637242    0.44059228    0.38809456    0.00000000    0.74499267    0.64699123    0.77699174    0.79550436    0.73700698    0.75355881    0.62553159    0.64484963    0.63912703    0.75813137    1.01952845    0.97723177    1.62613189    1.49890512    2.04326331    1.92293406    1.81800164    1.88320285    1.91333471    1.59184051    1.64769967    1.78512990    1.67116001    1.80039469    1.31122486    1.54487590    1.39108089    1.52520010    1.67292127    1.59800348    1.48299841    1.67854627    1.58213584    1.64020157    1.50641161    1.54991929    1.75605441    1.81668248    1.30853767    1.45018265    2.04868260    1.60668885    0.92244977    1.14049769    0.67335947    0.57501885    0.60041648    0.75464635    0.71792286    0.69820836    0.58791359
A0A0A0L4Z7_CUCSA/25-262     0.67246384    0.79749637    0.71440722    0.75120262    0.72892232    0.71422037    0.81123003    0.89877494    0.92136695    0.79916503    0.80285514    0.64362897    0.72455262    0.78238164    0.76674373    0.71810289    0.67228086    0.68951859    0.66588266    0.78146166    0.74311241    0.71772915    0.74499267    0.00000000    0.61349766    0.79011600    0.78491670    0.70732971    0.66135308    0.60731536    0.62008985    0.60364742    0.71722877    1.04617768    1.11292210    1.54203916    1.51161072    2.13228510    2.14398552    2.08129229    1.84776011    1.90803641    1.53486902    1.69642720    1.83524746    1.77768991    1.87731424    1.53770217    1.57980281    1.55416983    1.70444417    1.80359975    1.49446626    1.65879963    1.69350795    1.86114012    1.84002654    1.74710422    1.64310470    1.88519213    1.99988004    1.50646345    1.67598434    2.07656067    1.59363348    1.01577379    1.08022751    0.87093379    0.79461608    0.78056066    0.80959117    0.85551883    0.83416050    0.72749673
A0A059BRF8_EUCGR/35-272     0.68493252    0.72115473    0.69503529    0.72910489    0.64603725    0.68667589    0.75567733    0.83154109    0.90411520    0.77620092    0.74187758    0.63316006    0.66379691    0.71653617    0.79129929    0.68137048    0.62463636    0.65278136    0.61307561    0.68146274    0.62663804    0.63011894    0.64699123    0.61349766    0.00000000    0.62559758    0.70229571    0.59849975    0.53664484    0.57295438    0.57151765    0.58189693    0.60621852    0.97372742    1.13343714    1.47896261    1.49003299    2.07594956    2.00877243    1.98207807    1.77100598    1.94910233    1.55602310    1.70590617    1.70640921    1.62505193    1.87365389    1.40399839    1.46172996    1.46392100    1.55566264    1.73099983    1.45739376    1.57556059    1.66576224    1.75435003    1.68556281    1.62530929    1.63445915    1.86513687    1.87227583    1.53396594    1.75531623    2.21823165    1.59860923    0.95676652    1.07300453    0.81851581    0.71466481    0.66934868    0.82002549    0.82551200    0.79148947    0.66786163
A0A3Q7EIS4_SOLLC/24-255     0.79394265    0.73160928    0.70056982    0.72795882    0.79058487    0.73963891    0.75913626    0.90714556    0.87380961    0.80707132    0.80425959    0.71790337    0.77099693    0.90896243    0.83543204    0.79102672    0.70775492    0.74926312    0.77839118    0.79287312    0.76297446    0.76802125    0.77699174    0.79011600    0.62559758    0.00000000    0.73253115    0.69401638    0.69514904    0.66683885    0.62241236    0.65421555    0.75504572    1.08537390    1.03325886    1.61690097    1.49976459    2.20204473    1.89775903    1.92755423    2.03826099    1.92238703    1.69477177    1.75884287    1.64475574    1.56391638    1.79508516    1.53510357    1.52387440    1.40405587    1.70019691    1.70669200    1.72489266    1.71601082    1.66671789    1.72341458    1.95315724    1.60179573    1.63557785    1.86254392    1.85434930    1.52366607    1.95069478    1.83154020    1.60397376    1.04448627    1.14290437    0.89192686    0.79235064    0.81544699    0.97951683    0.98069339    0.97248470    0.69888178
A0A3Q7EP61_SOLLC/27-266     0.71115356    0.77633079    0.68813296    0.79986111    0.69423068    0.69032547    0.65458670    0.86113779    0.73668016    0.69787992    0.74926477    0.63024097    0.68136411    0.82381060    0.85003016    0.75911420    0.73342740    0.73405996    0.72008410    0.79803820    0.72878568    0.77809578    0.79550436    0.78491670    0.70229571    0.73253115    0.00000000    0.47253007    0.69963318    0.59712137    0.58568719    0.68526454    0.62445518    0.92211612    0.94892084    1.47514807    1.45251633    2.18397522    1.98754252    1.89370994    1.86834327    1.88266729    1.52042847    1.78540517    1.97869971    1.83323055    1.73889722    1.50011720    1.50825270    1.41789924    1.72397921    1.75664600    1.38662293    1.65050969    1.68417592    1.79188018    1.70289833    1.68998694    1.57451664    2.00455099    2.09908653    1.66636276    1.74857797    1.83931686    1.48365462    1.07244085    1.05031646    0.82513357    0.69362385    0.76970203    0.74527589    0.72623731    0.65262235    0.56116605
A0A3Q7JBD4_SOLLC/29-268     0.66841469    0.76382434    0.63283687    0.78071145    0.66675058    0.66891631    0.65184222    0.82367636    0.79644831    0.72985159    0.79233446    0.63550158    0.63497139    0.70981093    0.68725454    0.64008015    0.66483187    0.70605361    0.66441655    0.69812522    0.66003380    0.65598903    0.73700698    0.70732971    0.59849975    0.69401638    0.47253007    0.00000000    0.54212089    0.43268626    0.47999951    0.47969884    0.63408847    0.86735427    1.02858338    1.46499795    1.46259501    2.14747138    1.96902226    1.86720120    1.74626149    1.95912356    1.53053472    1.75309475    1.70229747    1.69934858    1.77727714    1.36407806    1.40312427    1.34898382    1.49699068    1.74163833    1.34696108    1.50531669    1.61187985    1.63993493    1.64389236    1.52450179    1.48054763    1.78509462    2.02855012    1.49868199    1.77365387    1.81015245    1.56415526    0.94447400    0.96799694    0.83521406    0.63974342    0.73437580    0.79498898    0.82674377    0.77106246    0.55578387
I1JTM7_SOYBN/23-259     0.67510960    0.68151015    0.68636518    0.78186158    0.63954079    0.66600066    0.71885961    0.82547123    0.87649641    0.69126857    0.80953726    0.63379341    0.68605400    0.72248178    0.83181781    0.69727526    0.66789612    0.73567242    0.68538088    0.72374416    0.72322245    0.67674198    0.75355881    0.66135308    0.53664484    0.69514904    0.69963318    0.54212089    0.00000000    0.49123662    0.50435920    0.42906012    0.69130620    0.94161180    0.96544486    1.47731728    1.51441910    2.30319134    2.01151902    1.85229713    1.92922127    1.99542672    1.66057338    1.75527458    1.71568630    1.67645981    1.82085980    1.36415879    1.40522107    1.41605980    1.60373562    1.71017944    1.52076363    1.61222908    1.68024269    1.86804589    1.75261751    1.45184385    1.60201660    1.87551413    2.05518172    1.63267267    1.84100978    1.95962501    1.51511199    0.99571274    1.09903166    0.88661602    0.74574748    0.72299253    0.90720155    0.89340395    0.88243565    0.65626291
A0A067KZS9_JATCU/23-259     0.65577708    0.70986435    0.67142442    0.78088148    0.72652422    0.64336723    0.67636923    0.78356611    0.81753331    0.67125399    0.74145272    0.63586617    0.65157084    0.76955795    0.70093754    0.60368129    0.55223818    0.59663621    0.55131800    0.57272172    0.61833103    0.58848822    0.62553159    0.60731536    0.57295438    0.66683885    0.59712137    0.43268626    0.49123662    0.00000000    0.28141790    0.36206938    0.59962874    0.97525229    0.96361929    1.47388800    1.53060112    2.12508815    2.03973835    1.93429547    1.84946416    1.95672856    1.55800771    1.77704182    1.79822772    1.73576881    1.71919138    1.32859358    1.36380646    1.33065770    1.52926541    1.66333611    1.34165385    1.47366944    1.53504361    1.69432142    1.66754555    1.44441582    1.41992909    1.87422454    1.92241909    1.42299064    1.64674867    2.05596162    1.39111506    0.85498101    1.03310346    0.77989345    0.60005607    0.70621188    0.79038496    0.77472620    0.80339874    0.58070883
B9MVW2_POPTR/22-258     0.61483567    0.69184334    0.65222582    0.73076879    0.63585395    0.62183342    0.68870548    0.80588000    0.83271561    0.69289362    0.73784920    0.61871671    0.62264978    0.68635813    0.71232221    0.61365076    0.56430636    0.63214056    0.61254350    0.59306777    0.64828309    0.60681073    0.64484963    0.62008985    0.57151765    0.62241236    0.58568719    0.47999951    0.50435920    0.28141790    0.00000000    0.38260790    0.65319188    0.92532309    0.98862262    1.56956271    1.52218169    2.09808787    1.97769164    2.03857939    1.76529614    1.92462246    1.53937995    1.74185477    1.61635144    1.60636462    1.63272792    1.34267553    1.44692223    1.25457875    1.45626903    1.64608546    1.36750560    1.54171128    1.56698969    1.64345920    1.65070640    1.38649280    1.36456949    1.81934011    2.06127167    1.46592145    1.79053000    1.93491868    1.37505558    0.87691845    1.03691723    0.77833654    0.59284550    0.69710255    0.81568708    0.81702872    0.79858292    0.53333667
V4SJN1_CITCL/23-259     0.68416917    0.74022289    0.66630627    0.79993166    0.70525044    0.67776422    0.71447457    0.80519711    0.88517755    0.72320774    0.77675493    0.61148279    0.69504972    0.74322304    0.71983893    0.62118353    0.58940292    0.66432199    0.59856342    0.60606333    0.61515880    0.61159511    0.63912703    0.60364742    0.58189693    0.65421555    0.68526454    0.47969884    0.42906012    0.36206938    0.38260790    0.00000000    0.59574954    0.94579623    0.98906196    1.54014773    1.46969248    2.11789493    1.89535258    1.83745374    1.75040704    1.80305430    1.50406084    1.70542043    1.73716420    1.63673750    1.61151036    1.40680851    1.29136123    1.31638073    1.59224359    1.65425326    1.41398024    1.52703689    1.62851887    1.61122481    1.59429402    1.56137169    1.48571327    1.90505718    2.00702787    1.42744038    1.72806858    2.06512837    1.48654659    0.91080635    0.97426351    0.76098092    0.64702762    0.71791360    0.83240024    0.78266674    0.78054476    0.58860226
A0A022QCY9_ERYGU/30-264     0.76923446    0.79516107    0.72534567    0.80848113    0.73455876    0.73365585    0.71928620    0.83067584    0.85666371    0.73933498    0.77196358    0.66887098    0.72806690    0.80869908    0.77931997    0.65906472    0.67706222    0.75319021    0.70187641    0.74147676    0.74161695    0.66428451    0.75813137    0.71722877    0.60621852    0.75504572    0.62445518    0.63408847    0.69130620    0.59962874    0.65319188    0.59574954    0.00000000    1.07119559    1.07939251    1.38203311    1.40282096    1.88705964    1.75645065    1.81477033    1.64745096    1.99074005    1.58605142    1.80088937    1.70164807    1.59125933    1.75443362    1.32002996    1.47797258    1.32645284    1.48544792    1.69512032    1.42759219    1.57154778    1.53224341    1.53858690    1.46167305    1.52844705    1.46178781    1.79229461    1.84874430    1.49168672    1.58389910    1.84558394    1.75369286    0.97156193    1.01012537    0.83704309    0.80012875    0.80496500    0.89724863    0.82510260    0.84633311    0.68277300
A9RQK4_PHYPA/7-257     0.84945369    0.97232000    0.96006619    1.05728587    0.93832465    0.86406255    0.85428857    1.05508926    0.90520605    0.83169401    0.87776979    0.83850752    0.94101061    0.87392236    0.94604255    0.92348066    0.87372504    0.97139405    0.93126360    1.02218505    1.00209105    0.94316268    1.01952845    1.04617768    0.97372742    1.08537390    0.92211612    0.86735427    0.94161180    0.97525229    0.92532309    0.94579623    1.07119559    0.00000000    0.87114082    1.49202870    1.52519446    2.12130942    2.03711522    1.73028593    1.90669838    1.87874348    1.60120146    1.94335843    1.65584377    1.86987793    1.85875009    1.20856434    1.45896009    1.34456085    1.66242374    1.58065266    1.55462228    1.61719005    1.62650616    1.75946150    1.55097744    1.60264148    1.42392263    2.15207667    1.76469599    1.74090708    1.74792078    1.87225697    1.74652323    1.22024121    1.19066066    1.15723793    0.87317317    0.92227332    1.03174547    0.97918360    1.00457013    0.80392923
D8SPS0_SELML/13-243     0.84984991    0.89339072    0.87766272    0.89116103    0.86957668    0.81677412    0.78966120    0.95550522    0.93018149    0.79149492    0.81876546    0.71255618    0.75142586    0.86544194    1.02181023    0.84173002    0.89694392    0.91375579    0.93140445    0.93414298    0.93073682    0.89733362    0.97723177    1.11292210    1.13343714    1.03325886    0.94892084    1.02858338    0.96544486    0.96361929    0.98862262    0.98906196    1.07939251    0.87114082    0.00000000    1.45882389    1.69552999    2.10815419    1.79700930    1.77893608    1.82275381    2.09694187    1.56520231    1.88622515    1.76069443    1.71556431    1.91264977    1.38156296    1.53272720    1.44325675    1.54973426    1.56168671    1.50922812    1.52880285    1.74827314    1.55108435    1.46726261    1.43479936    1.42474403    1.94017069    1.77641936    1.55166448    1.86786970    2.12895998    1.59731697    1.14970596    1.26589685    1.17125927    1.01821355    1.00663129    1.01564214    0.93190358    1.02656340    0.78227322
B0BZZ0_ACAM1/56-296     1.34413678    1.49259626    1.40961200    1.39758211    1.36082038    1.32995460    1.35430069    1.33914332    1.52765571    1.29711422    1.38769192    1.36058733    1.41783488    1.43355455    1.59415601    1.44417927    1.49641894    1.45099615    1.41199176    1.56539423    1.56694693    1.51216255    1.62613189    1.54203916    1.47896261    1.61690097    1.47514807    1.46499795    1.47731728    1.47388800    1.56956271    1.54014773    1.38203311    1.49202870    1.45882389    0.00000000    0.74776517    1.91387266    1.99449174    1.93315430    1.62428080    1.69113278    1.65137583    1.80343135    1.69965186    1.76416329    1.65046102    1.24571870    1.57306264    1.33271137    1.55916406    1.47551423    1.62205691    1.55406278    1.39073542    1.66931979    1.45617772    1.62893259    1.53729372    1.95146443    1.85596531    1.76885158    1.82878549    1.90080194    1.85363331    1.47037905    1.56828468    1.47848140    1.56980352    1.52532153    1.50454358    1.42055819    1.40310028    1.43751564
F4XI70_9CYAN/60-299     1.34710193    1.33252332    1.39926583    1.37690476    1.29735641    1.39357328    1.26708338    1.25249837    1.52352324    1.26089649    1.38950426    1.27907788    1.31323485    1.28690869    1.60450544    1.41778338    1.31693028    1.41131405    1.43357591    1.52476868    1.55849906    1.43095291    1.49890512    1.51161072    1.49003299    1.49976459    1.45251633    1.46259501    1.51441910    1.53060112    1.52218169    1.46969248    1.40282096    1.52519446    1.69552999    0.74776517    0.00000000    2.02772121    2.02317346    1.96539741    1.81124778    1.64109335    1.60592907    1.89271290    1.68805599    1.77508442    1.77161277    1.43167984    1.70677288    1.54317876    1.64451845    1.75889187    1.64774622    1.53946356    1.48572253    1.71041823    1.72863268    1.54186201    1.61123287    2.15239283    1.67198222    1.62797456    1.73992188    1.68453789    1.87124556    1.51363445    1.58772918    1.40284631    1.37961964    1.32937453    1.32076834    1.30472259    1.34328711    1.41694940
