7
Q9RTL3_DEIRA/18-283     0.00000000    1.06552495    1.06196714    1.27415055    1.25634361    1.46882318    1.24820536
Q9YBB4_AERPE/19-287     1.06552495    0.00000000    1.04235031    1.26963659    1.28512531    1.50874417    1.40802650
Y1289_ARCFU/18-313     1.06196714    1.04235031    0.00000000    1.32133531    1.37064919    1.67450499    1.46893203
Y1496_MYCTU/26-298     1.27415055    1.26963659    1.32133531    0.00000000    0.59438098    0.88519228    0.66809743
Q9RVG9_DEIRA/30-293     1.25634361    1.28512531    1.37064919    0.59438098    0.00000000    0.92369208    0.67812361
ARGK_ECOLI/22-295     1.46882318    1.50874417    1.67450499    0.88519228    0.92369208    0.00000000    0.84064829
Y2483_CAUVC/22-294     1.24820536    1.40802650    1.46893203    0.66809743    0.67812361    0.84064829    0.00000000

