9
PEPD_BIFLO/2-428     0.00000000    0.61525466    0.52345347    0.57389339    0.90173149    0.83246863    1.08428226    2.23598058    1.46558808
Q8G733_BIFLO/20-471     0.61525466    0.00000000    0.68563878    0.70702910    1.01559984    0.91818426    1.14721538    2.23937855    1.67931086
Q8DTN0_STRMU/3-404     0.52345347    0.68563878    0.00000000    0.24480582    0.81896187    0.76476458    1.05535608    2.10113951    1.49367394
Q8E129_STRA5/2-402     0.57389339    0.70702910    0.24480582    0.00000000    0.89362044    0.78485112    1.11017452    2.12243071    1.47277672
PEPDA_LACLA/2-401     0.90173149    1.01559984    0.81896187    0.89362044    0.00000000    0.47141132    1.12845339    2.30386399    1.61885070
PEPDB_LACLA/10-410     0.83246863    0.91818426    0.76476458    0.78485112    0.47141132    0.00000000    0.95942978    2.28204020    1.56583382
Q38YV5_LACSS/9-406     1.08428226    1.14721538    1.05535608    1.11017452    1.12845339    0.95942978    0.00000000    2.00984104    1.35159847
Q8A7H5_BACTN/21-440     2.23598058    2.23937855    2.10113951    2.12243071    2.30386399    2.28204020    2.00984104    0.00000000    1.91884669
Q8ZQ55_SALTY/19-416     1.46558808    1.67931086    1.49367394    1.47277672    1.61885070    1.56583382    1.35159847    1.91884669    0.00000000

