17
GPR_BACAN/17-367     0.00000000    0.35739376    0.28878749    0.29857242    0.32174169    0.44616283    0.36727614    0.36772530    0.38714538    0.64132015    0.35419355    0.42906278    0.38439030    0.36615763    0.50920349    0.62859525    0.54661874
B7GKC1_ANOFW/14-366     0.35739376    0.00000000    0.29085647    0.37824796    0.34927407    0.45090825    0.46172514    0.48059256    0.45055309    0.67879495    0.41998694    0.47222906    0.46707793    0.46148752    0.62438893    0.67093805    0.63267158
GPR_GEOSW/17-371     0.28878749    0.29085647    0.00000000    0.32383663    0.31225085    0.39204771    0.42082355    0.39020645    0.42565299    0.61292913    0.39084256    0.45802726    0.40117515    0.42824015    0.51120440    0.58648529    0.56530270
N0AYB4_9BACI/17-373     0.29857242    0.37824796    0.32383663    0.00000000    0.24188312    0.41162663    0.36504069    0.37424418    0.38027371    0.60061552    0.43446335    0.46949720    0.41166975    0.43205505    0.49925285    0.57577452    0.59907261
U5LCK0_9BACI/17-373     0.32174169    0.34927407    0.31225085    0.24188312    0.00000000    0.39835806    0.38855850    0.39876888    0.40357907    0.62473162    0.46082773    0.49065019    0.43553552    0.44508974    0.50665631    0.63252892    0.57818891
G2TNJ1_BACCO/13-363     0.44616283    0.45090825    0.39204771    0.41162663    0.39835806    0.00000000    0.41740827    0.46251188    0.46300991    0.61669075    0.45021562    0.49252862    0.45579237    0.44474183    0.54211809    0.61215749    0.63018032
GPR_BACLD/18-367     0.36727614    0.46172514    0.42082355    0.36504069    0.38855850    0.41740827    0.00000000    0.26739249    0.27845269    0.66746451    0.44457184    0.46759437    0.39926945    0.41657397    0.51129896    0.64423998    0.58252460
GPR_BACSU/18-367     0.36772530    0.48059256    0.39020645    0.37424418    0.39876888    0.46251188    0.26739249    0.00000000    0.23588301    0.61978298    0.46756377    0.51006845    0.45659034    0.44697681    0.53004838    0.60931253    0.65903870
GPR_BACP2/18-370     0.38714538    0.45055309    0.42565299    0.38027371    0.40357907    0.46300991    0.27845269    0.23588301    0.00000000    0.62448639    0.45658504    0.50876582    0.44193783    0.44153463    0.56164341    0.59019325    0.61835440
C0ZB22_BREBN/21-365     0.64132015    0.67879495    0.61292913    0.60061552    0.62473162    0.61669075    0.66746451    0.61978298    0.62448639    0.00000000    0.67485732    0.65233958    0.64355064    0.66215903    0.77587483    0.81276187    0.78718400
E6TW21_BACCJ/17-373     0.35419355    0.41998694    0.39084256    0.43446335    0.46082773    0.45021562    0.44457184    0.46756377    0.45658504    0.67485732    0.00000000    0.39761075    0.38481926    0.38017589    0.58625154    0.61801240    0.56280929
Q5WHG8_BACSK/16-371     0.42906278    0.47222906    0.45802726    0.46949720    0.49065019    0.49252862    0.46759437    0.51006845    0.50876582    0.65233958    0.39761075    0.00000000    0.40865596    0.36816128    0.58914477    0.65553870    0.58427940
GPR_BACHD/17-371     0.38439030    0.46707793    0.40117515    0.41166975    0.43553552    0.45579237    0.39926945    0.45659034    0.44193783    0.64355064    0.38481926    0.40865596    0.00000000    0.27077713    0.54109478    0.62849227    0.55340228
D3FXK2_ALKPO/17-373     0.36615763    0.46148752    0.42824015    0.43205505    0.44508974    0.44474183    0.41657397    0.44697681    0.44153463    0.66215903    0.38017589    0.36816128    0.27077713    0.00000000    0.50604448    0.61411735    0.53145320
GPR_OCEIH/15-366     0.50920349    0.62438893    0.51120440    0.49925285    0.50665631    0.54211809    0.51129896    0.53004838    0.56164341    0.77587483    0.58625154    0.58914477    0.54109478    0.50604448    0.00000000    0.58831543    0.52800998
K0IXM1_AMPXN/14-362     0.62859525    0.67093805    0.58648529    0.57577452    0.63252892    0.61215749    0.64423998    0.60931253    0.59019325    0.81276187    0.61801240    0.65553870    0.62849227    0.61411735    0.58831543    0.00000000    0.55332629
I0JP56_HALH3/16-362     0.54661874    0.63267158    0.56530270    0.59907261    0.57818891    0.63018032    0.58252460    0.65903870    0.61835440    0.78718400    0.56280929    0.58427940    0.55340228    0.53145320    0.52800998    0.55332629    0.00000000

