36
Q2FNE0_METHJ/311-411     0.00000000    1.03632542    1.69927447    1.57043222    2.29756099    2.29779577    2.34122189    2.08705684    1.47875169    1.27142540    1.28598773    1.55955454    1.24674512    1.48169862    1.40079784    1.71096304    1.46123534    1.41763572    1.46076167    1.18258182    1.08200778    1.10005366    1.30696231    1.39004463    1.18974890    1.51766441    1.68206677    1.66289786    1.52608158    1.62775684    2.03887459    2.19755397    2.09980392    1.65158445    1.92785171    1.61550852
Q2FNV6_METHJ/309-407     1.03632542    0.00000000    1.82496209    1.65299144    2.09469074    2.25792229    2.10668923    2.30258053    1.70509057    1.61603949    1.50890068    1.73858397    1.42288800    1.66677694    1.62534446    1.40452318    1.35847790    1.43648552    1.35750071    1.25391131    1.45042127    1.41770957    1.43066618    1.22433090    1.53880555    1.74091429    1.48417180    1.51501592    1.37171801    1.49320955    1.80652442    2.30919143    2.18010963    1.33704800    1.88990624    1.42341621
Q2FLG9_METHJ/322-419     1.69927447    1.82496209    0.00000000    1.86607065    2.46987900    2.93807706    2.22314350    2.28044376    1.94650443    1.72297930    1.38215821    1.52045975    1.37621994    1.56566911    1.65591550    2.08031566    1.76890783    1.65043379    1.77094576    1.49763494    1.53755713    1.70240321    1.82389618    1.47315822    1.61171731    2.03322975    2.23148746    1.66558234    1.85037075    1.69596912    1.63684489    1.82860617    2.01356653    1.74448036    2.27455645    1.94860001
Q39S89_GEOMG/324-427     1.57043222    1.65299144    1.86607065    0.00000000    1.95436193    2.04177694    1.66985465    1.75439552    1.55484402    1.53377530    1.72856915    1.76097261    1.36310530    1.81371905    1.97462961    1.81965202    1.61562539    1.53237479    1.76535173    1.44373546    1.38723238    1.53254819    1.46303765    1.37608256    1.77802927    1.73405710    1.88388457    1.70651671    1.64328543    1.49474818    1.64409810    2.04094937    1.87732554    1.87822277    1.69164726    1.88403848
Q8EVY6_MYCPE/310-410     2.29756099    2.09469074    2.46987900    1.95436193    0.00000000    2.63867213    2.52807451    2.18844082    2.63226987    2.36084182    2.26172619    2.59667995    1.93793581    1.97308537    1.93603097    1.88219258    2.11527351    2.02166464    2.04074480    2.12574646    1.99292561    1.72005467    1.69731577    1.66475520    2.16506075    2.12584807    2.22841816    2.20543655    2.49710772    1.90894644    2.24915596    2.71901881    2.56585929    2.27288994    2.42526150    2.07714446
Q2J9R0_FRACC/319-419     2.29779577    2.25792229    2.93807706    2.04177694    2.63867213    0.00000000    2.11534678    3.13918191    2.19194480    2.69539057    2.17565363    2.53046403    2.06124937    1.84814458    2.21171457    2.26395404    2.32823062    2.20114579    2.43379165    2.19290033    1.93423423    2.19188066    2.13446147    1.98767512    2.37897301    2.10115766    1.95923748    2.19682597    2.29689700    1.89427434    2.25102793    2.59111710    2.79660572    2.09650380    2.34468836    2.46192592
Q8ZXS7_PYRAE/298-388     2.34122189    2.10668923    2.22314350    1.66985465    2.52807451    2.11534678    0.00000000    2.35744561    1.82342817    2.28038741    2.28537846    2.12150046    1.84249588    2.14834906    2.21802532    2.08310218    1.96898731    2.00082111    2.21139902    2.12243761    2.01875505    2.12464981    2.05512974    2.02610789    2.05940785    2.78498506    2.81794433    2.46022288    2.39908119    2.25792888    2.26822000    2.42617872    2.44166944    2.15279876    2.48312416    2.31713278
Q2FLS5_METHJ/336-429     2.08705684    2.30258053    2.28044376    1.75439552    2.18844082    3.13918191    2.35744561    0.00000000    1.71639271    2.07012076    1.88693386    1.75411265    1.79820161    1.97850647    1.89376198    2.05961258    2.25178755    2.02941954    2.12897666    1.79429029    1.70303299    1.52776258    1.92358781    1.94722569    2.02129329    2.16676414    2.13145723    1.81967254    1.99661549    2.32714553    2.22911571    3.17857671    1.92790754    2.68753283    2.49486371    2.20489523
Q8TUL6_METAC/309-404     1.47875169    1.70509057    1.94650443    1.55484402    2.63226987    2.19194480    1.82342817    1.71639271    0.00000000    1.81626099    1.54195090    1.61292872    1.47568991    1.35738373    1.40866479    1.64854844    1.64327589    1.45255066    1.49626280    1.39712785    1.27080007    1.44328931    1.51214986    1.41503607    1.40677753    1.93324314    1.75198296    1.51691978    1.57152339    1.50169259    1.74053444    2.27702979    1.63971515    1.73127665    1.74441787    1.66919112
Q4JBA7_SULAC/310-401     1.27142540    1.61603949    1.72297930    1.53377530    2.36084182    2.69539057    2.28038741    2.07012076    1.81626099    0.00000000    1.00021605    1.27475121    1.44802651    1.73475974    1.83858609    1.90867309    1.85288094    1.46402425    1.45152329    1.46000612    1.55220286    1.42767178    1.58560366    1.52663734    1.57727943    1.83454096    1.92050104    1.81995237    1.85179468    1.51644082    1.66083819    2.31105865    1.97419421    1.93636507    2.25709875    1.84222677
Q8TH20_PYRFU/305-398     1.28598773    1.50890068    1.38215821    1.72856915    2.26172619    2.17565363    2.28537846    1.88693386    1.54195090    1.00021605    0.00000000    0.64726053    0.94873596    1.17625947    1.42629755    1.41761581    1.32772239    1.45171928    1.58963348    1.15483632    1.21433750    1.13331562    1.38134600    1.07758507    1.35832807    1.85853321    1.64727478    1.70338852    2.18290271    1.66317499    1.71133549    2.20024163    1.83209842    1.88146339    2.36299754    1.68820446
Y425_METJA/1-94     1.55955454    1.73858397    1.52045975    1.76097261    2.59667995    2.53046403    2.12150046    1.75411265    1.61292872    1.27475121    0.64726053    0.00000000    1.21159780    1.36369882    1.69802288    1.71379349    1.33634516    1.50532409    1.63850224    1.43934468    1.50133652    1.47445320    1.72592053    1.53498597    1.45255932    2.09076694    1.58408469    1.65202072    2.09690310    1.85707661    1.75573993    2.55879286    1.97469618    2.24517881    2.44512206    2.41328947
Q8TH09_PYRFU/318-414     1.24674512    1.42288800    1.37621994    1.36310530    1.93793581    2.06124937    1.84249588    1.79820161    1.47568991    1.44802651    0.94873596    1.21159780    0.00000000    0.92637644    0.91915547    0.90941468    0.86520641    0.82958443    0.89619231    0.57856230    0.64536755    0.78807247    0.75087761    0.71105290    0.91339784    1.45913662    1.87642860    1.60951316    1.69173620    1.38658983    1.52554620    2.38410841    2.30179954    1.74709243    1.74659733    1.49858555
Q8TH10_PYRFU/288-380     1.48169862    1.66677694    1.56566911    1.81371905    1.97308537    1.84814458    2.14834906    1.97850647    1.35738373    1.73475974    1.17625947    1.36369882    0.92637644    0.00000000    0.36683803    0.91638131    0.87578433    0.99497186    0.99548543    0.77501625    0.78573827    0.89319255    1.00805151    0.75013827    1.08712807    1.59214180    1.94935613    1.76416267    1.91531032    1.55584597    1.71893805    2.05931294    2.12502963    1.65994694    1.85694374    1.77404908
Q5JDI8_THEKO/303-402     1.40079784    1.62534446    1.65591550    1.97462961    1.93603097    2.21171457    2.21802532    1.89376198    1.40866479    1.83858609    1.42629755    1.69802288    0.91915547    0.36683803    0.00000000    0.87031514    0.83686107    0.88682994    0.88616582    0.74249204    0.68902784    0.78895557    0.92288159    0.89140536    1.11056995    1.71302480    1.94356794    1.56217872    1.74682350    1.63199661    1.87652622    2.30099690    2.14328095    1.78741917    1.88402274    1.90701637
Q8TH14_PYRFU/306-404     1.71096304    1.40452318    2.08031566    1.81965202    1.88219258    2.26395404    2.08310218    2.05961258    1.64854844    1.90867309    1.41761581    1.71379349    0.90941468    0.91638131    0.87031514    0.00000000    0.69130596    0.88686312    1.01731566    0.76108872    0.58766550    0.83488824    0.72390597    0.74015093    0.95028448    1.61914055    2.03685958    1.77211140    1.59739430    1.76562747    1.64728789    2.16763027    2.63522858    1.77936511    2.11790624    1.62869062
Q5JH61_THEKO/306-403     1.46123534    1.35847790    1.76890783    1.61562539    2.11527351    2.32823062    1.96898731    2.25178755    1.64327589    1.85288094    1.32772239    1.33634516    0.86520641    0.87578433    0.83686107    0.69130596    0.00000000    0.77353579    0.86960882    0.63293621    0.67482432    0.85228500    0.89502137    0.76189290    1.16720246    1.65770408    1.68503312    1.51822199    1.57018835    1.41856498    1.69701438    2.39013544    2.50825766    1.94486879    2.21520361    1.59187922
Q5JFH6_THEKO/306-403     1.41763572    1.43648552    1.65043379    1.53237479    2.02166464    2.20114579    2.00082111    2.02941954    1.45255066    1.46402425    1.45171928    1.50532409    0.82958443    0.99497186    0.88682994    0.88686312    0.77353579    0.00000000    0.34091294    0.55256937    0.59290460    0.76818505    0.67217096    0.80266999    1.07428024    1.64357376    1.84184468    1.71081809    1.45977234    1.35183751    1.48907053    2.38249699    2.20511106    1.71829080    1.82861518    1.71576020
Q8U340_PYRFU/114-211     1.46076167    1.35750071    1.77094576    1.76535173    2.04074480    2.43379165    2.21139902    2.12897666    1.49626280    1.45152329    1.58963348    1.63850224    0.89619231    0.99548543    0.88616582    1.01731566    0.86960882    0.34091294    0.00000000    0.65052297    0.75751478    0.80004184    0.73206684    0.75635501    1.20764028    1.55692793    1.71322739    1.84853010    1.62098126    1.40403778    1.47195431    2.65234641    2.32231814    1.74815194    1.88455272    1.82541065
Q5JEP0_THEKO/309-405     1.18258182    1.25391131    1.49763494    1.44373546    2.12574646    2.19290033    2.12243761    1.79429029    1.39712785    1.46000612    1.15483632    1.43934468    0.57856230    0.77501625    0.74249204    0.76108872    0.63293621    0.55256937    0.65052297    0.00000000    0.45982099    0.55179555    0.63502407    0.56662618    0.97898326    1.51273591    1.74290033    1.47580102    1.38366212    1.23542905    1.54762121    1.96983362    1.96819966    1.83912324    1.78799529    1.63332677
Q8TH19_PYRFU/300-397     1.08200778    1.45042127    1.53755713    1.38723238    1.99292561    1.93423423    2.01875505    1.70303299    1.27080007    1.55220286    1.21433750    1.50133652    0.64536755    0.78573827    0.68902784    0.58766550    0.67482432    0.59290460    0.75751478    0.45982099    0.00000000    0.45771763    0.60918507    0.61525958    0.78458510    1.36808601    1.73750184    1.28277164    1.39328344    1.20898549    1.49670913    2.20052916    2.07955128    1.69953154    1.69833023    1.39585296
Y3504_METJA/298-395     1.10005366    1.41770957    1.70240321    1.53254819    1.72005467    2.19188066    2.12464981    1.52776258    1.44328931    1.42767178    1.13331562    1.47445320    0.78807247    0.89319255    0.78895557    0.83488824    0.85228500    0.76818505    0.80004184    0.55179555    0.45771763    0.00000000    0.82664263    0.66535222    0.85501350    1.39873719    1.99235947    1.58313010    1.59845952    1.36473025    1.54150455    2.18588136    1.78038094    1.71153099    1.86969728    1.49688568
Q5JFV2_THEKO/235-330     1.30696231    1.43066618    1.82389618    1.46303765    1.69731577    2.13446147    2.05512974    1.92358781    1.51214986    1.58560366    1.38134600    1.72592053    0.75087761    1.00805151    0.92288159    0.72390597    0.89502137    0.67217096    0.73206684    0.63502407    0.60918507    0.82664263    0.00000000    0.65619125    1.15236412    1.47807160    1.72815269    1.42707640    1.59727678    1.52883867    1.53914308    2.06272032    2.09681452    1.58283198    1.87454904    1.49702184
Q8TH16_PYRFU/309-406     1.39004463    1.22433090    1.47315822    1.37608256    1.66475520    1.98767512    2.02610789    1.94722569    1.41503607    1.52663734    1.07758507    1.53498597    0.71105290    0.75013827    0.89140536    0.74015093    0.76189290    0.80266999    0.75635501    0.56662618    0.61525958    0.66535222    0.65619125    0.00000000    0.97160195    1.31780929    1.52299972    1.43778595    1.53761869    1.37888825    1.42760852    1.91285598    1.97560129    1.62225786    1.57071256    1.40791487
O26298_METTH/309-406     1.18974890    1.53880555    1.61171731    1.77802927    2.16506075    2.37897301    2.05940785    2.02129329    1.40677753    1.57727943    1.35832807    1.45255932    0.91339784    1.08712807    1.11056995    0.95028448    1.16720246    1.07428024    1.20764028    0.97898326    0.78458510    0.85501350    1.15236412    0.97160195    0.00000000    1.32594107    2.01269528    1.82251809    1.67747516    1.69416566    1.79488210    2.27847009    1.86619348    1.75497486    1.73490842    1.92157488
Q5JIP4_THEKO/315-416     1.51766441    1.74091429    2.03322975    1.73405710    2.12584807    2.10115766    2.78498506    2.16676414    1.93324314    1.83454096    1.85853321    2.09076694    1.45913662    1.59214180    1.71302480    1.61914055    1.65770408    1.64357376    1.55692793    1.51273591    1.36808601    1.39873719    1.47807160    1.31780929    1.32594107    0.00000000    1.67005593    1.82507610    1.75134118    1.63744762    1.69647415    2.52292427    2.11918798    1.96754894    2.00139564    1.99797048
Q8G7U4_BIFLO/320-431     1.68206677    1.48417180    2.23148746    1.88388457    2.22841816    1.95923748    2.81794433    2.13145723    1.75198296    1.92050104    1.64727478    1.58408469    1.87642860    1.94935613    1.94356794    2.03685958    1.68503312    1.84184468    1.71322739    1.74290033    1.73750184    1.99235947    1.72815269    1.52299972    2.01269528    1.67005593    0.00000000    1.46611514    1.64131347    1.53055598    1.84628609    2.45955411    1.94675095    1.96238104    1.82033700    1.51463418
Q8G6K9_BIFLO/314-420     1.66289786    1.51501592    1.66558234    1.70651671    2.20543655    2.19682597    2.46022288    1.81967254    1.51691978    1.81995237    1.70338852    1.65202072    1.60951316    1.76416267    1.56217872    1.77211140    1.51822199    1.71081809    1.84853010    1.47580102    1.28277164    1.58313010    1.42707640    1.43778595    1.82251809    1.82507610    1.46611514    0.00000000    1.27655668    1.55275662    1.75114649    2.38647021    2.14991906    1.79515334    1.74742530    1.51225075
Q24S60_DESHY/316-410     1.52608158    1.37171801    1.85037075    1.64328543    2.49710772    2.29689700    2.39908119    1.99661549    1.57152339    1.85179468    2.18290271    2.09690310    1.69173620    1.91531032    1.74682350    1.59739430    1.57018835    1.45977234    1.62098126    1.38366212    1.39328344    1.59845952    1.59727678    1.53761869    1.67747516    1.75134118    1.64131347    1.27655668    0.00000000    1.05778208    1.20563360    2.47401528    1.87134125    1.47506168    1.98406028    1.51993067
Q3AFW2_CARHZ/312-406     1.62775684    1.49320955    1.69596912    1.49474818    1.90894644    1.89427434    2.25792888    2.32714553    1.50169259    1.51644082    1.66317499    1.85707661    1.38658983    1.55584597    1.63199661    1.76562747    1.41856498    1.35183751    1.40403778    1.23542905    1.20898549    1.36473025    1.52883867    1.37888825    1.69416566    1.63744762    1.53055598    1.55275662    1.05778208    0.00000000    1.12427116    1.95118945    1.57108060    1.38236950    1.79972473    1.56967871
Q8RGZ8_FUSNN/313-416     2.03887459    1.80652442    1.63684489    1.64409810    2.24915596    2.25102793    2.26822000    2.22911571    1.74053444    1.66083819    1.71133549    1.75573993    1.52554620    1.71893805    1.87652622    1.64728789    1.69701438    1.48907053    1.47195431    1.54762121    1.49670913    1.54150455    1.53914308    1.42760852    1.79488210    1.69647415    1.84628609    1.75114649    1.20563360    1.12427116    0.00000000    2.09559683    1.75139662    1.70647372    2.01933879    1.95475194
Q30PG6_SULDN/157-253     2.19755397    2.30919143    1.82860617    2.04094937    2.71901881    2.59111710    2.42617872    3.17857671    2.27702979    2.31105865    2.20024163    2.55879286    2.38410841    2.05931294    2.30099690    2.16763027    2.39013544    2.38249699    2.65234641    1.96983362    2.20052916    2.18588136    2.06272032    1.91285598    2.27847009    2.52292427    2.45955411    2.38647021    2.47401528    1.95118945    2.09559683    0.00000000    1.77761216    2.18908895    2.32434345    1.92902830
A6Q2T4_NITSB/179-269     2.09980392    2.18010963    2.01356653    1.87732554    2.56585929    2.79660572    2.44166944    1.92790754    1.63971515    1.97419421    1.83209842    1.97469618    2.30179954    2.12502963    2.14328095    2.63522858    2.50825766    2.20511106    2.32231814    1.96819966    2.07955128    1.78038094    2.09681452    1.97560129    1.86619348    2.11918798    1.94675095    2.14991906    1.87134125    1.57108060    1.75139662    1.77761216    0.00000000    1.90264099    1.95255988    2.17419372
Q3ILW7_NATPD/310-417     1.65158445    1.33704800    1.74448036    1.87822277    2.27288994    2.09650380    2.15279876    2.68753283    1.73127665    1.93636507    1.88146339    2.24517881    1.74709243    1.65994694    1.78741917    1.77936511    1.94486879    1.71829080    1.74815194    1.83912324    1.69953154    1.71153099    1.58283198    1.62225786    1.75497486    1.96754894    1.96238104    1.79515334    1.47506168    1.38236950    1.70647372    2.18908895    1.90264099    0.00000000    2.22248864    1.26639620
Q1G9B1_LACDA/315-412     1.92785171    1.88990624    2.27455645    1.69164726    2.42526150    2.34468836    2.48312416    2.49486371    1.74441787    2.25709875    2.36299754    2.44512206    1.74659733    1.85694374    1.88402274    2.11790624    2.21520361    1.82861518    1.88455272    1.78799529    1.69833023    1.86969728    1.87454904    1.57071256    1.73490842    2.00139564    1.82033700    1.74742530    1.98406028    1.79972473    2.01933879    2.32434345    1.95255988    2.22248864    0.00000000    1.27499567
R6MXZ5_9CLOT/310-405     1.61550852    1.42341621    1.94860001    1.88403848    2.07714446    2.46192592    2.31713278    2.20489523    1.66919112    1.84222677    1.68820446    2.41328947    1.49858555    1.77404908    1.90701637    1.62869062    1.59187922    1.71576020    1.82541065    1.63332677    1.39585296    1.49688568    1.49702184    1.40791487    1.92157488    1.99797048    1.51463418    1.51225075    1.51993067    1.56967871    1.95475194    1.92902830    2.17419372    1.26639620    1.27499567    0.00000000

