112
A2D8U6_TRIVA/8-143     0.00000000    1.40947278    1.39547265    1.33690103    1.21117778    1.19669605    1.23816658    1.41299376    1.49426721    1.44168735    1.45400623    1.48013703    1.41105536    1.43547242    1.35700586    1.21694044    1.37856640    1.35577859    1.37549811    1.32459105    1.25294534    1.47955736    1.32735455    1.27170924    1.24766823    1.36200809    1.36841870    1.29360484    1.32833325    1.39393766    1.26421510    1.23937896    1.20714829    1.31128870    1.31422824    1.80288154    1.69454706    1.79633729    1.51959387    1.50130161    1.54191241    1.61868903    1.49203782    1.62281106    1.58758654    1.44457402    1.72119338    1.49739472    1.56864145    1.63114580    1.63231280    1.56576314    1.63244848    1.66202986    1.56087681    1.60462666    1.46309676    1.55636239    1.48782089    1.74011029    1.46943517    1.58086582    1.43673372    1.51048010    1.40093658    1.33061742    1.35606069    1.46733034    1.35709249    1.40963326    1.47356070    1.58300434    1.56715885    1.52397296    1.45712562    1.40131340    1.46041848    1.35784087    1.44690144    1.34791701    1.23403289    1.35534640    1.27727956    1.34544279    1.41436042    1.28758690    1.46523988    1.22760825    1.27173222    1.24888899    1.23281384    1.28555051    1.29489952    1.34492806    1.23839324    1.25562795    1.37135995    1.44253577    1.38515004    1.34193771    1.33533978    1.27897131    1.32598582    1.18851839    1.23742386    1.69706049    1.92934275    1.67761426    1.80820581    1.74852947    1.68427677    1.86841078
Q5CSK9_CRYPI/9-139     1.40947278    0.00000000    0.83099115    0.73499461    1.06303800    0.97803417    1.07359299    1.53056098    1.55037552    1.23241792    1.29721483    1.21982264    1.27239569    1.35845805    1.24662204    1.34385360    1.17889723    1.21325501    1.18026102    1.14881208    1.27326775    1.46512589    1.29035401    1.41076529    1.37599730    1.25372409    1.31621664    1.37847213    1.28381197    1.31047293    1.28589379    1.21889457    1.42791848    1.41428373    1.44704509    1.38818625    1.23706479    1.12438260    1.41330458    1.45342971    1.39995077    1.48740937    1.27047828    1.25421315    1.33916715    1.25662140    1.49802376    1.32626819    1.24405723    1.30201819    1.20846386    1.13475088    1.41533052    1.31917165    1.28342345    1.34354028    1.36238559    1.22052179    1.27407327    1.21705665    1.17563279    1.27213042    1.17136778    1.28066593    1.25520150    1.31285309    1.24776213    1.31598427    1.29372342    1.22649829    1.29547674    1.08179320    1.24070742    1.19615428    0.99559360    1.13464883    1.08670795    1.16539057    1.30385114    1.27903145    1.17518876    1.18623614    1.18525909    1.21453266    1.23517340    1.32013155    1.24179270    1.41371485    1.16459804    1.31772499    1.22492020    1.11528307    1.21869673    1.29259832    1.43419036    1.18134792    1.28903586    1.35802837    1.32806923    1.30556118    1.18601301    1.23547570    1.29595833    1.22392673    1.05033028    1.60017681    1.78831803    1.65151977    1.51349460    1.84776586    1.94971130    1.78772929
A0A509ARX3_PLABA/8-136     1.39547265    0.83099115    0.00000000    0.65171846    1.30575688    1.16751374    1.47973744    1.50939798    1.68918023    1.42220341    1.51896954    1.61839858    1.46928378    1.66597347    1.62453480    1.52126240    1.47585138    1.61255896    1.45052457    1.50676016    1.50143887    1.52607413    1.35704496    1.33472452    1.57547597    1.27981510    1.47208931    1.51493089    1.31996485    1.45324471    1.20812517    1.23830502    1.56470937    1.43817947    1.34265068    1.64158449    1.67274063    1.60729974    1.69378638    1.60084309    1.82866741    1.87943396    1.48028656    1.48856806    1.56056133    1.45392284    1.63971743    1.50821301    1.51960229    1.40180864    1.44301456    1.38952756    1.50471186    1.58328758    1.45136102    1.49514237    1.46821574    1.40079381    1.45819303    1.51922450    1.44980261    1.37441263    1.20728573    1.48931295    1.40736691    1.39782869    1.46477761    1.44623780    1.52946156    1.44382259    1.40922841    1.54816047    1.46555820    1.41556776    1.46338021    1.29530603    1.43988769    1.39188170    1.50633970    1.42746968    1.41216185    1.38149840    1.44495528    1.40106452    1.57512213    1.51371305    1.48875068    1.48156154    1.37698437    1.49097603    1.29819708    1.44690478    1.47107219    1.44893904    1.55926076    1.29420633    1.42252259    1.35600319    1.45763524    1.39469611    1.53278674    1.48077063    1.42388328    1.44827324    1.14174204    1.78514006    1.67917561    1.74721393    1.66706247    1.88570057    1.99601530    1.77706699
A7AQQ3_BABBO/9-140     1.33690103    0.73499461    0.65171846    0.00000000    1.10202215    1.05498036    1.28634666    1.43689060    1.49080537    1.45758143    1.35566177    1.41267526    1.24751238    1.38784882    1.34207315    1.37480208    1.23636589    1.30159893    1.18220722    1.17297854    1.23309268    1.43911004    1.24563615    1.03425349    1.34815364    1.20284857    1.20710509    1.30471947    1.20292285    1.26092304    1.13145284    1.22886748    1.41067189    1.19148429    1.22310359    1.38573105    1.31756708    1.29570520    1.34107656    1.44447621    1.56772709    1.65541479    1.40618991    1.33643845    1.26785127    1.29402435    1.43714009    1.38051174    1.15564445    1.11675480    1.26991836    1.18798622    1.28844994    1.28564112    1.27414687    1.38044890    1.35791998    1.35579900    1.31952783    1.36167696    1.28790282    1.36226938    1.13218356    1.29663143    1.23676735    1.21035722    1.31248020    1.25615775    1.34583976    1.28403341    1.12520728    1.19095693    1.23366528    1.07753536    1.23711745    1.16859671    1.07593146    1.23799494    1.38861439    1.25196512    1.09567081    1.12818345    1.13985119    1.09305037    1.15714195    1.13242692    1.28231750    1.19361153    1.16784779    1.40732165    1.26618097    1.31764325    1.37742777    1.42802634    1.41209986    1.32949017    1.31914652    1.37610606    1.32828071    1.35645158    1.24101382    1.25517511    1.40254451    1.26499511    0.93710965    1.45307631    1.49140264    1.63658457    1.68458240    1.60362295    1.57536570    1.53680690
A9RV22_PHYPA/8-145     1.21117778    1.06303800    1.30575688    1.10202215    0.00000000    0.37103753    0.42615964    1.09348843    1.00641079    0.85962042    0.61315689    0.66335113    0.69364193    0.92777397    0.56207718    0.76629450    0.62035570    0.58572679    0.44720850    0.61178340    0.54523837    0.70849979    0.98664047    0.98556028    0.86900583    1.01244990    0.80855706    0.87945482    0.83299748    0.87985814    0.92745234    0.79201071    1.21207036    1.02797161    1.08868838    1.20148357    1.23884070    1.13227023    1.00019033    1.06666779    1.03382315    1.01358045    1.03721720    1.02747758    1.01762833    0.99910771    1.03878842    0.96436401    1.13896865    1.09394212    0.96171472    1.00209626    1.19663161    1.15384241    1.03265892    0.95160820    1.04108527    1.04650328    1.05929249    0.98949919    0.93695963    0.97308998    0.87307912    1.04017763    1.01016358    0.96796096    1.05679628    1.08062688    1.11147801    1.03226320    0.97210471    1.05517684    1.06816399    1.14715077    1.03014265    1.00694182    0.96408424    0.96267808    0.97460476    0.72491692    0.57014777    0.74699457    0.63947636    0.88435117    0.67998894    0.66040337    0.75292600    0.88277588    0.79568430    1.05466148    0.78455697    0.73869011    0.84715675    0.92507123    0.86954565    0.96260908    0.94995626    1.02107482    1.05243290    0.78989302    0.81575790    0.67395236    0.87791040    0.82734513    0.69304930    1.31347715    1.24374516    1.33928198    1.67284747    1.44657522    1.44782919    1.54545445
D8RXW5_SELML/8-146     1.19669605    0.97803417    1.16751374    1.05498036    0.37103753    0.00000000    0.36894870    0.98599609    0.93074067    0.86885560    0.61915034    0.68005298    0.72991033    0.90361670    0.54043178    0.79467891    0.64732177    0.56556599    0.46185367    0.59553742    0.59931048    0.72036369    1.05958800    1.05915117    0.93519443    1.00474207    0.97342824    0.96223760    1.04051513    1.05094603    0.84023253    0.72260150    1.17669895    1.01161560    1.01774697    1.21028275    1.19828525    1.16142925    1.08467276    1.08222949    1.15518944    1.17671189    1.10295991    0.97884986    1.05431733    1.11924219    1.15048334    1.08715138    1.11938666    1.04242153    1.04221532    1.02951378    1.28839592    1.25512875    1.04793627    0.99256449    1.08080922    1.04653751    1.14309842    1.09746464    0.99517568    0.94705634    0.91280901    1.06787526    0.97299985    1.03657017    1.06570450    1.10719460    1.12279577    0.99702573    0.98526784    0.98234959    1.04138625    0.99872899    1.06696835    0.98813764    1.00831049    0.94762383    0.95191171    0.83562542    0.61103378    0.82847647    0.66359381    0.87033092    0.79428575    0.80104684    0.81971794    0.89028531    0.88465155    1.05608494    0.70344310    0.76006022    0.83562169    0.87859409    0.88693428    0.93352015    0.92705818    1.03299529    0.99396971    0.84320323    0.83628120    0.72383737    0.86335028    0.83458127    0.68028062    1.31725569    1.27323962    1.38360661    1.69558378    1.49114427    1.39441398    1.45303638
D8SV88_SELML/7-143     1.23816658    1.07359299    1.47973744    1.28634666    0.42615964    0.36894870    0.00000000    1.09515583    1.16927833    0.88387136    0.67094668    0.65174021    0.71311525    0.94054670    0.56928040    0.70781948    0.61890250    0.50639233    0.51657465    0.63423636    0.59257396    0.73931305    1.15585819    1.08971624    1.02540054    1.09738868    1.07591777    1.10192797    1.05998018    1.09244517    1.10015169    0.91557557    1.25948202    1.19031921    1.20302002    1.37812409    1.36839757    1.24891696    1.26346943    1.28775583    1.19452377    1.17043212    1.20275512    1.16218470    1.17243351    1.15969868    1.34200076    1.14301113    1.26312144    1.25377140    1.12041657    1.06594140    1.40158650    1.30281786    1.17838422    1.12007816    1.20783130    1.12206962    1.18453391    1.18110193    1.08861255    0.96231399    1.03276565    1.06750566    1.08157444    1.09462428    1.12466530    1.10290388    1.19562145    1.06829797    1.04790815    1.03801668    1.13721120    1.14178611    1.10559374    1.06288707    1.09335463    1.14295772    1.12353937    0.85083918    0.70159808    0.75550099    0.65826410    0.88776961    0.72778292    0.79256359    0.77974626    0.93103949    0.92320258    1.18053819    0.83490443    0.86740189    0.95048626    0.98972424    0.96771328    1.06881786    1.03454176    1.13592326    1.09741924    0.98072799    0.96028407    0.86500497    0.93516008    0.94093025    0.67170642    1.38055246    1.40037903    1.43786561    1.64716679    1.54125537    1.50078622    1.67585889
M0ZNI9_SOLTU/7-141     1.41299376    1.53056098    1.50939798    1.43689060    1.09348843    0.98599609    1.09515583    0.00000000    1.00739887    0.72828459    1.03666737    1.07268808    1.06394071    1.08648757    0.96098102    0.97642594    0.96562498    0.96155527    0.81077451    0.84540274    0.77414814    0.89473131    1.57282049    1.65564525    1.39023177    1.49828307    1.59293587    1.57671439    1.45789135    1.59252467    1.45339317    1.23977339    1.66466657    1.52729324    1.48738643    1.45964822    1.54206591    1.50885879    1.38654015    1.55467445    1.26299275    1.39122964    1.32521963    1.56342623    1.42902513    1.28362586    1.45980147    1.37261149    1.44904104    1.45347134    1.43436850    1.27134488    1.49616025    1.63463213    1.33772969    1.41043625    1.53453900    1.41619623    1.31226938    1.30991435    1.34185292    1.41168357    1.27546383    1.33316671    1.26781260    1.16470235    1.22839820    1.25709801    1.37742138    1.20963221    1.30608710    1.42720036    1.29289905    1.23051528    1.49028531    1.34841648    1.29323642    1.36584301    1.44826130    1.38948402    1.19381671    1.37938696    1.37951875    1.16759471    1.38401139    1.21684604    1.34741563    1.36193377    1.24441481    1.28209999    1.08983550    1.21741368    1.29094548    1.30350534    1.38249294    1.09790342    1.19301989    1.34863276    1.18660763    1.37320564    1.25447347    1.28839576    1.30151648    1.36807883    1.33680029    1.35813829    1.41859454    1.60009283    1.63144229    1.90881136    1.94321558    1.85935537
A9PGQ8_POPTR/6-142     1.49426721    1.55037552    1.68918023    1.49080537    1.00641079    0.93074067    1.16927833    1.00739887    0.00000000    0.69298832    0.88134182    0.89977087    0.92540879    0.73894819    0.82793067    0.99659734    0.80740541    0.90418798    0.67567702    0.75459948    0.81516425    0.91806051    1.34079056    1.32101558    1.34350528    1.51169658    1.57751766    1.53268074    1.48824193    1.69546335    1.35476657    1.34978914    1.62989224    1.37481655    1.41504430    1.45624014    1.48534098    1.45877626    1.43451979    1.37398616    1.45906167    1.48319801    1.30042447    1.54524402    1.33606983    1.45652108    1.49777567    1.34631756    1.45550470    1.45443937    1.50981414    1.28303111    1.64194082    1.52430956    1.47074690    1.30781023    1.49394580    1.46016419    1.49121970    1.46862153    1.35205913    1.20189533    1.35752564    1.59131420    1.50037003    1.45202579    1.53085748    1.52837155    1.58348870    1.49966270    1.48606303    1.47486506    1.24348824    1.45487272    1.32408852    1.33801462    1.33836039    1.36742042    1.29928251    1.31628032    1.18153710    1.42316217    1.28968576    1.29138794    1.22413566    1.13002146    1.33089835    1.39580748    1.26444992    1.33539683    1.04623834    1.09131779    1.26367933    1.15780780    1.29907127    1.17543713    1.33282184    1.35758892    1.19725224    1.17717565    1.19982905    1.16132335    1.17181510    1.14716174    1.09358531    1.39806071    1.45763322    1.52938976    1.73537644    1.58989066    1.55706178    1.76946083
I1MJJ9_SOYBN/7-142     1.44168735    1.23241792    1.42220341    1.45758143    0.85962042    0.86885560    0.88387136    0.72828459    0.69298832    0.00000000    0.81999691    0.77351942    0.75401391    0.96116368    0.72968333    0.76492585    0.77602015    0.73326234    0.60245838    0.65642134    0.64204692    0.85260796    1.11472476    1.19645796    1.14155018    1.28767693    1.17168824    1.24328147    1.16512781    1.29639750    1.17618616    1.08697924    1.34776620    1.21981501    1.35098151    1.48093551    1.47780367    1.43577207    1.45219023    1.48953248    1.59687500    1.62460343    1.46790132    1.39984223    1.32949361    1.16553906    1.54545667    1.29140193    1.45036593    1.40888606    1.41874939    1.24026180    1.49515533    1.49698562    1.29575684    1.41148460    1.41376789    1.45513153    1.41563205    1.39419068    1.33951257    1.20949491    1.16615654    1.23427663    1.27136293    1.26259833    1.27602394    1.31038167    1.33710616    1.30262308    1.34240662    1.28563699    1.32933163    1.32860282    1.41360212    1.32174876    1.17238609    1.32130078    1.23431166    1.03773579    0.90510942    1.20660099    1.19165105    1.14414838    1.04801848    0.99121205    1.20192872    1.21664535    0.97116887    1.14173449    1.06660880    1.09327820    1.19531963    1.10298776    1.22138985    1.16465383    1.17053765    1.22053728    1.16622033    1.12811106    1.15908854    1.15717939    1.16853491    1.29042086    1.00786947    1.26584628    1.35631649    1.56150099    1.62513907    1.67773512    1.59981622    1.74337741
D7LWF0_ARALL/9-145     1.45400623    1.29721483    1.51896954    1.35566177    0.61315689    0.61915034    0.67094668    1.03666737    0.88134182    0.81999691    0.00000000    0.34525806    0.48611668    0.67856549    0.45341409    0.50061727    0.41096571    0.42620440    0.40201115    0.48040981    0.49056685    0.64683303    1.10957724    1.14461703    1.07238046    1.16416983    1.17311414    1.23648135    1.24645529    1.24206163    1.13372778    0.93349116    1.35641897    1.19719279    1.21114453    1.45037668    1.37369179    1.32137208    1.26386683    1.21584897    1.23784785    1.22590168    1.08814701    1.22955354    1.06568951    1.25527808    1.16683339    1.02856155    1.24996895    1.25238083    1.20407820    1.18787509    1.27883128    1.33166619    1.17854506    1.10588302    1.22277000    1.16591542    1.21194669    1.10006762    1.07285858    0.99922043    1.06907791    1.24119511    1.15569842    1.21951619    1.20889319    1.24772661    1.29001809    1.24329919    1.22839886    1.20804220    1.14605235    1.29894481    1.25104277    1.24187560    1.16450307    1.16930954    1.08753095    1.00022991    0.85312195    0.97508031    0.86046066    0.96488857    0.89657197    0.84224617    0.96085353    0.97205578    0.88742383    1.16968649    0.85557616    0.93636691    0.92031443    0.90092086    0.96564921    1.10625381    1.12454783    1.24870340    1.17747971    1.07526204    1.00570435    0.90259900    0.96900060    0.98264060    0.77735582    1.45673480    1.48496251    1.53992159    1.75085635    1.75708624    1.76668935    1.83879931
U5FVM2_POPTR/10-147     1.48013703    1.21982264    1.61839858    1.41267526    0.66335113    0.68005298    0.65174021    1.07268808    0.89977087    0.77351942    0.34525806    0.00000000    0.47805026    0.74125706    0.43289476    0.50502472    0.41841947    0.38264849    0.41726062    0.43710581    0.47591796    0.68507851    1.30327387    1.31335925    1.25774619    1.37425441    1.21774882    1.39833177    1.30810604    1.31501958    1.21667533    1.02360352    1.38675112    1.34404381    1.34967457    1.58453379    1.49873378    1.35609327    1.20118239    1.44626148    1.30528984    1.28196321    1.20112237    1.28741958    1.13571299    1.24483018    1.32343843    1.11159793    1.35889684    1.34539719    1.26586493    1.23088489    1.43613306    1.38103416    1.25713361    1.21914354    1.34400893    1.29960276    1.27333506    1.22736034    1.19016653    1.09593452    1.22185936    1.27508386    1.26306230    1.26579144    1.25583547    1.29782001    1.28263561    1.32126685    1.29152610    1.24379183    1.30757253    1.43122285    1.21560128    1.23865717    1.19546855    1.28338576    1.32240823    1.11550259    0.92644414    0.95908150    0.90703489    1.00820228    0.90149048    0.82005106    0.92503571    1.08985855    0.89696911    1.13993642    0.93336050    1.05704150    0.99619777    1.04469793    1.11023050    1.14678236    1.26274096    1.35788170    1.22561417    1.15224355    1.14723136    0.97864676    1.07534160    1.13045227    0.90407606    1.50919424    1.59531177    1.51176435    1.93670656    1.78951066    1.66999555    1.75592250
C6T3F2_SOYBN/8-144     1.41105536    1.27239569    1.46928378    1.24751238    0.69364193    0.72991033    0.71311525    1.06394071    0.92540879    0.75401391    0.48611668    0.47805026    0.00000000    0.64694194    0.55452428    0.61743912    0.56963444    0.53808109    0.46140451    0.48505667    0.52352507    0.73462072    1.22190418    1.03010529    1.04582575    1.17577875    1.14692293    1.18841023    1.12363954    1.13299999    1.20175494    0.93356589    1.36724535    1.20631674    1.14711229    1.43741037    1.34828383    1.25798613    1.21327174    1.29799725    1.31364596    1.27818044    1.10818056    1.28300695    1.21047932    1.16370584    1.34957510    1.17488398    1.36703413    1.32745710    1.33224302    1.33389025    1.31121914    1.18806379    1.33982856    1.09650076    1.24645909    1.19525085    1.21975451    1.17924277    1.13896587    1.04273307    1.20211119    1.20520933    1.20563927    1.19993908    1.24320736    1.32190445    1.32303575    1.25938105    1.23317296    1.26388014    1.21503559    1.23609406    1.25164208    1.16184993    1.25158859    1.26580764    1.24770704    0.97670586    0.95978642    0.97285841    0.88114027    1.10037628    1.02465802    0.90754824    0.97946000    1.02344145    0.94578004    1.07016079    0.77313002    0.96340005    0.87922265    0.93369485    0.91104818    1.07824121    1.06133342    1.19272970    1.10876848    0.95708130    0.99886726    0.92109576    0.95957056    1.03374182    0.87668103    1.29319163    1.46502396    1.52903275    1.74994117    1.88580031    1.75545783    1.88199319
U5FSJ3_POPTR/2-136     1.43547242    1.35845805    1.66597347    1.38784882    0.92777397    0.90361670    0.94054670    1.08648757    0.73894819    0.96116368    0.67856549    0.74125706    0.64694194    0.00000000    0.77970869    0.80750375    0.71018015    0.74780520    0.65711204    0.72330583    0.66261972    0.87864676    1.26731593    1.40850992    1.44139401    1.47265615    1.54026302    1.39256997    1.44458410    1.54417185    1.30696689    1.19772059    1.72477143    1.38035984    1.40161729    1.63831184    1.68286580    1.59506269    1.64119784    1.60213092    1.45386481    1.55295694    1.46978675    1.53254607    1.37675099    1.39234576    1.51857596    1.41177499    1.51698352    1.44864308    1.39989762    1.37655706    1.59149286    1.57431117    1.57128241    1.43080071    1.51738358    1.46524711    1.56156826    1.42896055    1.40160583    1.34172497    1.42996580    1.48927892    1.35500384    1.28876189    1.37198644    1.34475266    1.41252367    1.36181759    1.37414009    1.39244752    1.28022468    1.28462082    1.41451688    1.39010706    1.46159738    1.34114164    1.35073601    1.33122905    1.14352178    1.25448460    1.18239318    1.22963671    1.25578525    1.14746402    1.28510931    1.35690273    1.18811072    1.28412388    1.11060148    1.13040825    1.14743416    1.08089468    1.11064878    1.24618177    1.29102653    1.41523935    1.38327286    1.21366497    1.24176090    1.17057662    1.11467775    1.20488290    1.05752817    1.43648984    1.48391783    1.58895956    1.78209364    1.71174582    1.78088676    1.89955608
A0A0D3FRB6_9ORYZ/7-147     1.35700586    1.24662204    1.62453480    1.34207315    0.56207718    0.54043178    0.56928040    0.96098102    0.82793067    0.72968333    0.45341409    0.43289476    0.55452428    0.77970869    0.00000000    0.38875669    0.25212889    0.22600409    0.24417953    0.44186702    0.44370180    0.65774392    1.09355348    1.06772092    1.09796590    1.27838964    1.15766949    1.32757420    1.24524934    1.20848898    1.03482224    0.99299596    1.37404630    1.22769638    1.14455340    1.41725198    1.31187768    1.21160687    1.12955496    1.26263389    1.28016102    1.32281155    1.19390670    1.28002946    1.18138416    1.13127501    1.33543873    1.15268335    1.30519730    1.31591589    1.23308095    1.20723415    1.31802519    1.45631593    1.18452464    1.14070718    1.18644813    1.09330481    1.11669970    1.11136836    1.10538638    1.08106125    1.11229666    1.35479800    1.25501770    1.19381395    1.26410033    1.18676259    1.29271519    1.25035413    1.28231132    1.29401340    1.21106819    1.33511259    1.23121137    1.25282190    1.10852833    1.15550739    1.20262012    1.02736132    0.80744075    0.92849010    0.83843991    1.06092880    0.86139238    0.81723665    1.02516895    0.98077753    0.81733773    1.07220606    0.95956310    0.99157295    0.92246432    0.91784610    0.98645831    1.26574796    1.15863358    1.26350595    1.21427837    1.06537706    1.04215499    0.90496152    0.99478234    1.03797982    0.78932097    1.28278088    1.28686671    1.41101068    1.62770095    1.47606474    1.51923502    1.72787384
C5Z8T6_SORBI/8-148     1.21694044    1.34385360    1.52126240    1.37480208    0.76629450    0.79467891    0.70781948    0.97642594    0.99659734    0.76492585    0.50061727    0.50502472    0.61743912    0.80750375    0.38875669    0.00000000    0.30644089    0.30761219    0.38620264    0.53564867    0.48160672    0.68765249    1.11806558    1.14543436    1.09912584    1.30229107    1.25743046    1.35240571    1.23763800    1.24140656    1.24678481    1.00465882    1.41288099    1.10906609    1.17854911    1.30185062    1.17591843    1.11849348    1.15605970    1.25705717    1.20482589    1.22060971    1.06360568    1.15671017    1.11840287    1.05528165    1.23678257    1.06991512    1.19330375    1.17815728    1.15269145    1.15726923    1.20667052    1.37201390    1.07275556    1.08720283    1.14584413    1.14973224    1.10694467    1.09164147    1.10389777    0.95111201    1.10219302    1.29146703    1.18101974    1.19556854    1.19025614    1.20965855    1.32794779    1.21817496    1.27076486    1.19264736    1.26458108    1.34539059    1.27384740    1.20859735    1.14988542    1.17791398    1.21730271    1.08291347    0.85593488    1.06692814    1.05809234    1.13816093    0.83199640    0.77119059    1.02453874    1.05234041    1.01840881    1.12572888    0.98259615    1.07105078    0.96461344    0.99148500    1.03289833    1.20142661    1.10632261    1.15689379    1.16203686    1.08570579    1.08589565    0.96587872    1.05052006    1.06742881    0.92354669    1.29546900    1.51108755    1.39612524    1.68549276    1.68491308    1.56010025    1.77187835
C5WSY4_SORBI/7-144     1.37856640    1.17889723    1.47585138    1.23636589    0.62035570    0.64732177    0.61890250    0.96562498    0.80740541    0.77602015    0.41096571    0.41841947    0.56963444    0.71018015    0.25212889    0.30644089    0.00000000    0.19886910    0.28264505    0.41678120    0.38160913    0.59118044    1.03944443    1.04469745    1.08494003    1.29335554    1.15663384    1.23642904    1.20711304    1.13692045    1.12408110    1.02158773    1.39083056    1.08282081    1.09195793    1.40332632    1.29753540    1.22348774    1.08242649    1.26366537    1.18646990    1.19587176    1.11634051    1.21770572    1.11201188    1.16705399    1.23726167    1.11209559    1.30068658    1.30901641    1.23280475    1.11210425    1.32023648    1.35127362    1.18653594    1.02904409    1.17391733    1.16102671    1.13141487    0.99107684    1.05997913    1.08162509    1.14066446    1.25676701    1.25033776    1.13786358    1.20374394    1.16912081    1.25457655    1.24364987    1.31127082    1.29446518    1.14369636    1.32497763    1.26326155    1.25011872    1.22448673    1.19207331    1.12818624    1.03260934    0.82467705    0.96280287    0.87553037    0.98316593    0.74533521    0.66891003    0.96074476    1.02547473    0.88428201    1.00541600    0.89616375    1.00331656    0.90030127    0.89717985    0.96081387    1.03715193    1.04073455    1.10858489    1.24023933    0.97558520    1.06715148    0.88195779    0.92448405    1.05722473    0.81164643    1.36680221    1.42162330    1.38872572    1.65661979    1.53471960    1.56866302    1.71095451
A0A3B6C0M6_WHEAT/7-147     1.35577859    1.21325501    1.61255896    1.30159893    0.58572679    0.56556599    0.50639233    0.96155527    0.90418798    0.73326234    0.42620440    0.38264849    0.53808109    0.74780520    0.22600409    0.30761219    0.19886910    0.00000000    0.28620864    0.35232127    0.33746173    0.59164921    1.00831098    1.03631701    1.05703326    1.18582556    1.16674683    1.25375803    1.21753424    1.16890221    1.14598719    0.99255170    1.41305352    1.18080434    1.14136922    1.39673953    1.17231793    1.13702619    1.08114759    1.20115634    1.18406646    1.21415670    1.06602351    1.14663435    1.06597377    1.08600692    1.28608524    1.07827666    1.25283806    1.23549534    1.14813723    1.11755668    1.26801993    1.31464008    1.10707164    1.12037187    1.20963221    1.15149705    1.09406666    1.12133567    1.10620517    1.02042607    1.09118836    1.21434923    1.07069664    1.08979848    1.10807444    1.08649010    1.16530012    1.11006912    1.13737802    1.14774545    1.17898575    1.27210980    1.17031228    1.15066754    1.07084196    1.09106738    1.12944165    0.92030600    0.74678272    0.83154754    0.86582484    0.92197325    0.72400468    0.64556047    0.91744556    0.96661334    0.80408011    1.00228500    0.84446603    0.93898490    0.90210874    0.88292788    0.92672714    1.11398376    1.09943917    1.16239897    1.09634005    0.96903549    1.03664886    0.85174476    0.94536440    1.07217716    0.72104111    1.23468527    1.39176470    1.40958810    1.54629358    1.52364583    1.48357786    1.72276365
M0U2U0_MUSAM/7-145     1.37549811    1.18026102    1.45052457    1.18220722    0.44720850    0.46185367    0.51657465    0.81077451    0.67567702    0.60245838    0.40201115    0.41726062    0.46140451    0.65711204    0.24417953    0.38620264    0.28264505    0.28620864    0.00000000    0.29685032    0.27424375    0.47141248    1.08353713    1.05095551    1.00546914    1.21329202    1.03198469    1.19842486    1.09647041    1.12993215    1.04728593    0.81990241    1.40035810    1.18375749    1.13349679    1.36540305    1.27800595    1.16409897    1.25941907    1.19480688    1.23238701    1.25954703    1.14761840    1.12139618    1.04820948    1.13424555    1.18090206    1.04760254    1.18059975    1.21120657    1.10658018    1.13059887    1.28884046    1.32872930    1.07407837    1.13681382    1.21041030    1.15517794    1.14496537    0.99815483    1.01920080    0.96793123    1.06663201    1.18505116    1.16441829    1.16533724    1.17125068    1.19630310    1.20161423    1.11788025    1.14005068    1.13023153    1.12814552    1.24434879    1.23345917    1.22661061    1.07750146    1.09958725    1.00783767    0.90888042    0.71502243    0.77002034    0.72272596    0.95205866    0.79227768    0.82065007    0.96520397    0.93191755    0.82282027    1.00564460    0.82725710    0.86805248    0.90411520    0.85634312    0.91407005    1.05436979    1.05649738    1.04813705    1.00217427    0.97817075    0.89453579    0.81765260    0.90284663    0.94316891    0.75385180    1.23431745    1.30816868    1.37216635    1.65180977    1.53160966    1.50096389    1.69222713
M1A270_SOLTU/7-144     1.32459105    1.14881208    1.50676016    1.17297854    0.61178340    0.59553742    0.63423636    0.84540274    0.75459948    0.65642134    0.48040981    0.43710581    0.48505667    0.72330583    0.44186702    0.53564867    0.41678120    0.35232127    0.29685032    0.00000000    0.32763978    0.57977839    1.18960877    1.15236013    1.16932215    1.35745140    1.22006230    1.38076741    1.25422808    1.33031033    1.11842734    0.95364805    1.43325464    1.25245026    1.23925474    1.38057513    1.40407326    1.25424908    1.18762197    1.33126722    1.23516658    1.25656933    1.11483601    1.13748628    1.08021541    1.13222880    1.28600471    1.02240816    1.16791285    1.16384322    1.20844366    1.15994390    1.39736562    1.30762268    1.08625972    1.06869155    1.30694435    1.24448402    1.14121596    1.13112459    1.06581708    1.04149251    1.19182100    1.29209880    1.23736469    1.17717495    1.20814766    1.31015009    1.32142343    1.22729485    1.24804695    1.21081947    1.19054221    1.32062826    1.20278831    1.27853791    1.26775120    1.24627218    1.14565869    1.01076004    0.77154620    0.97335658    0.85196227    1.02137932    0.83329640    0.74696345    1.01849348    0.91803344    0.81858945    0.94331273    0.70828584    0.89053234    0.88172973    0.86072873    0.88212071    1.03625051    1.09622086    1.14534630    1.03142177    0.94123769    0.94686247    0.87479188    0.96100754    1.04616422    0.70013304    1.30421059    1.45655320    1.38093535    1.77358789    1.71339667    1.55768389    1.71018652
D7T2A9_VITVI/8-144     1.25294534    1.27326775    1.50143887    1.23309268    0.54523837    0.59931048    0.59257396    0.77414814    0.81516425    0.64204692    0.49056685    0.47591796    0.52352507    0.66261972    0.44370180    0.48160672    0.38160913    0.33746173    0.27424375    0.32763978    0.00000000    0.46667433    1.02313060    0.97280086    1.01407846    1.13950373    1.10839419    1.19748123    1.08428388    1.10793324    1.12291577    0.87880327    1.40615870    1.19975505    1.18714314    1.49832203    1.37789519    1.30916825    1.13188665    1.23882112    1.21700635    1.19417934    1.14437158    1.16194329    1.12460749    1.07910411    1.31865640    1.09781711    1.32926046    1.27865417    1.18564404    1.18922939    1.30646539    1.34803924    1.14036483    1.11203093    1.16083449    1.18659537    1.13275200    1.02911575    1.01037019    1.02105003    1.04535181    1.14995566    1.08928821    1.09635612    1.12888263    1.11439333    1.17252145    1.11919945    1.21179496    1.16540796    1.12111990    1.21300694    1.22704776    1.12791787    1.12009367    1.18916260    1.13201076    0.94518420    0.72222624    0.87878285    0.82392339    0.96338178    0.85563583    0.76346627    0.94331202    1.02985382    0.85390350    1.02095060    0.72907945    0.98825404    0.98662138    0.95142584    0.92956203    0.97184456    1.13882687    1.14172337    1.10776097    0.93911361    0.96643101    0.83998350    0.96452461    1.05917287    0.77180277    1.21093810    1.33500646    1.29874566    1.61944110    1.62906623    1.61119747    1.77322880
D7T2B1_VITVI/7-144     1.47955736    1.46512589    1.52607413    1.43911004    0.70849979    0.72036369    0.73931305    0.89473131    0.91806051    0.85260796    0.64683303    0.68507851    0.73462072    0.87864676    0.65774392    0.68765249    0.59118044    0.59164921    0.47141248    0.57977839    0.46667433    0.00000000    1.29420499    1.13651715    1.16085328    1.22929117    1.26880799    1.26282721    1.21149277    1.20028973    1.20539997    1.05070474    1.45253426    1.14833036    1.31017262    1.41032216    1.37498079    1.24859219    1.23706829    1.28752145    1.30469191    1.29966202    1.27992661    1.26428798    1.24364399    1.19484586    1.28376687    1.17374412    1.29544807    1.18367794    1.28083555    1.27633442    1.38836787    1.39981487    1.17117409    1.19750728    1.33179314    1.31456973    1.32209430    1.19942457    1.25837054    1.21649653    1.23420455    1.25068692    1.18416763    1.19333041    1.22038733    1.23559005    1.27811544    1.17632202    1.24372306    1.35898962    1.26748363    1.31943346    1.31294517    1.31593498    1.19627747    1.23839876    1.28012767    1.06739404    0.83583216    1.04746951    0.90990995    1.12157598    0.92976724    0.95556273    1.17382323    1.11979097    1.07782432    1.09591967    0.98961149    0.98899177    1.02995441    1.03818885    1.07070761    1.10560987    1.12845292    1.11307211    1.03442292    1.09607545    1.17391267    0.95204098    1.07462845    1.10769521    0.94678284    1.52679723    1.34896112    1.58991721    1.84848061    1.70846356    1.79344770    1.83953190
I2FVW1_USTH4/11-163     1.32735455    1.29035401    1.35704496    1.24563615    0.98664047    1.05958800    1.15585819    1.57282049    1.34079056    1.11472476    1.10957724    1.30327387    1.22190418    1.26731593    1.09355348    1.11806558    1.03944443    1.00831098    1.08353713    1.18960877    1.02313060    1.29420499    0.00000000    0.37697007    0.81412125    0.87412841    0.83650563    0.85987100    0.87668970    0.96000691    0.81569046    0.82156296    1.03732732    0.89783202    0.87587258    1.32030775    1.31584537    1.39132619    1.21147197    1.24739632    1.33684300    1.34143512    1.24541345    1.38263612    1.40874342    1.16892803    1.32256441    1.29971556    1.33974997    1.29819001    1.23435080    1.19142846    1.46099567    1.39809059    1.21244678    1.25164242    1.11870683    1.13221732    1.21072279    1.18052057    1.10022815    1.23371499    1.00072814    0.96545443    1.05526814    1.03704573    1.01952378    1.00743287    1.06528838    1.02677125    1.01250172    0.91320252    0.99823896    1.10216266    1.00285519    1.08285074    1.03371902    1.12391657    1.07394240    0.95447300    0.85092938    1.22456772    1.13962807    1.10193586    0.98189258    0.94704824    1.12073240    1.42777017    1.03212647    1.25360341    1.06906802    1.14703933    1.18002393    1.36177694    1.19014913    1.19411656    1.22783250    1.16070045    1.21075797    1.06482743    1.11281970    1.18403121    1.16819073    1.23325724    1.11540824    1.56444547    1.74050064    1.45256336    1.74151273    1.68763862    1.73624395    1.76220683
A8Q8G6_MALGO/10-147     1.27170924    1.41076529    1.33472452    1.03425349    0.98556028    1.05915117    1.08971624    1.65564525    1.32101558    1.19645796    1.14461703    1.31335925    1.03010529    1.40850992    1.06772092    1.14543436    1.04469745    1.03631701    1.05095551    1.15236013    0.97280086    1.13651715    0.37697007    0.00000000    0.76704084    0.90430260    0.82678211    0.91619283    0.85571817    0.87605366    0.79456237    0.82109503    1.03895495    0.77701006    0.69006495    1.36979337    1.31882255    1.30707957    1.12968690    1.19117592    1.24483326    1.25967118    1.16084514    1.25365202    1.28754887    1.14237836    1.19229491    1.18849297    1.26423623    1.18821070    1.16131305    1.14492608    1.29300834    1.21968165    1.17224999    1.22643404    1.01256681    1.08088342    1.15329067    1.15953457    1.07075779    1.14903877    1.03523482    1.00234394    1.09528857    1.02631172    1.09149819    1.05445202    1.05805013    1.02652351    0.99392018    1.09767163    1.11229804    1.14162864    1.04909141    1.06939415    1.09363236    1.19068539    0.96356411    0.84065624    0.81473139    1.13925453    1.06881569    1.02791597    0.92922054    0.89540708    1.16346499    1.40075530    1.02566342    1.19271229    1.01790729    1.17696229    1.15958103    1.27207463    1.19571034    1.25594809    1.19635746    1.15529494    1.16626181    1.08117712    1.10188481    1.08573863    1.15845023    1.20801910    1.05708126    1.27706392    1.38396687    1.56943661    1.57126605    1.67985514    1.72870681    1.79262107
L8WYH6_THACA/11-151     1.24766823    1.37599730    1.57547597    1.34815364    0.86900583    0.93519443    1.02540054    1.39023177    1.34350528    1.14155018    1.07238046    1.25774619    1.04582575    1.44139401    1.09796590    1.09912584    1.08494003    1.05703326    1.00546914    1.16932215    1.01407846    1.16085328    0.81412125    0.76704084    0.00000000    0.80397491    0.50971519    0.69476648    0.59880949    0.55113644    0.82918514    0.70652634    0.90182283    0.70964952    0.85538663    1.30261102    1.17043506    1.21587057    1.14561476    1.20425206    1.28172414    1.24268421    1.10284883    1.24294909    1.20074439    1.08056538    1.31639920    1.18153925    1.24848288    1.16448273    1.01424617    1.04166124    1.26915589    1.30702380    1.12846020    1.04424327    0.93918012    0.95062780    1.00654695    1.10719876    0.97096017    1.10963128    0.97454865    1.14767442    1.17271793    1.11325453    1.14912898    1.18154690    1.14332593    1.08986573    1.16212933    1.05409908    1.04105401    1.17909722    1.07556765    1.08785363    0.96164713    1.10092927    0.95984450    0.71676525    0.70540584    1.14399009    1.02549664    1.07304191    0.99585960    0.98668820    1.14408237    1.09652958    1.06600652    1.19849896    1.04699637    1.00193361    1.07830666    1.11112132    1.10550884    1.10626336    1.09612261    1.23164105    1.08381758    0.99797201    1.02802242    0.98514485    1.17075513    1.20052091    1.19957094    1.42487400    1.61775185    1.56201638    1.78629760    1.54453532    1.61179600    1.55521442
