51
T1K603_TETUR/391-547     0.00000000    0.54697277    0.59069833    0.50281045    0.58325725    0.51752634    0.53939760    0.66772554    0.71954821    0.97256001    2.20697292    2.28168856    2.70055383    2.62139670    2.38015965    2.43782310    2.70240853    2.62567602    2.79533551    2.97226219    2.53721159    2.61324367    2.49010291    2.72438296    2.59687732    2.50494366    2.45255364    2.95992765    2.77175804    2.50230339    2.86089318    2.93315529    2.77737777    2.75356969    1.16545150    1.38942317    1.45888478    1.40695681    1.44374904    1.27916002    0.72288314    0.68090439    0.64800317    0.69492739    0.62646480    0.64915483    0.74444863    0.73292793    0.89263931    0.60071014    0.49981569
B7P3K4_IXOSC/350-506     0.54697277    0.00000000    0.61032536    0.53146845    0.57721593    0.55572698    0.50232128    0.65498895    0.78401006    1.02818538    2.46855785    2.30682938    2.94858630    2.75750225    2.64708673    2.50577275    3.03401763    2.79569099    2.89331802    3.03461737    2.83863030    2.74408965    2.52628089    2.61931273    2.53901720    2.59543801    2.64431328    3.01093111    2.86787269    2.64509748    3.28587365    3.25612390    2.99748800    2.88638222    1.13079433    1.41211858    1.36637680    1.37384307    1.38123992    1.32070741    0.74531518    0.72693281    0.73745627    0.73823973    0.70312860    0.69278989    0.69170406    0.65265984    0.86970241    0.60927117    0.54837791
B4R697_DROSI/300-456     0.59069833    0.61032536    0.00000000    0.50921658    0.49705400    0.47135065    0.48249024    0.64349248    0.79236816    1.01307619    2.29582210    2.65003380    2.72899072    2.62964364    2.52989185    2.37780382    2.69118845    2.59335047    2.75160954    3.18376157    2.73650027    2.57233184    2.78299385    2.80875377    2.58593534    2.69811855    2.80388728    2.98261893    2.88380653    2.71869796    2.82017848    2.80224027    3.09737245    3.18620886    1.20744081    1.34012567    1.55503523    1.47797215    1.53321299    1.45119075    0.73416261    0.71318629    0.72962770    0.68455440    0.74514824    0.70114679    0.74456689    0.64505203    0.89540375    0.58337726    0.54617087
A0A7M7G7Y6_NASVI/345-501     0.50281045    0.53146845    0.50921658    0.00000000    0.42930838    0.36825643    0.35595886    0.50373985    0.70652810    1.05336423    2.27771299    2.39306675    2.55597110    2.61034437    2.10085948    2.28423837    2.59932474    2.56085027    2.62724899    2.81371518    2.48011482    2.65293903    2.59328727    2.41837053    2.46544238    2.44404645    2.46363172    2.72112090    2.81359876    2.29290912    2.76589630    2.85795550    2.82130239    2.70964390    1.05875814    1.31878309    1.41159490    1.33343898    1.42072495    1.28873812    0.65058841    0.62743231    0.66256960    0.67902583    0.55743124    0.62066035    0.68022056    0.63125498    0.83766231    0.55851026    0.49200653
E9HK72_DAPPU/329-487     0.58325725    0.57721593    0.49705400    0.42930838    0.00000000    0.38602775    0.39602038    0.62621783    0.81396503    1.05518870    2.35955849    2.31224361    2.40343053    2.49038244    2.13978601    2.11992257    2.57986168    2.38201779    2.47845699    2.99661088    2.67540595    2.53960386    2.51784869    2.45541772    2.37024897    2.45715352    2.61651742    2.91144432    2.73062625    2.40106893    2.88831159    3.01694629    2.66136909    2.65211660    1.04748494    1.34833443    1.51276153    1.49138694    1.42286650    1.39819892    0.72810980    0.69536682    0.77976187    0.74183782    0.72199831    0.71445413    0.80317390    0.68259843    0.84949566    0.52787205    0.50012274
E0VHU4_PEDHC/339-495     0.51752634    0.55572698    0.47135065    0.36825643    0.38602775    0.00000000    0.32564523    0.58822281    0.76402849    0.99464940    2.15794776    2.12505699    2.41767178    2.47547477    2.23308047    2.25020009    2.53419682    2.50152196    2.51054701    2.83135219    2.42019852    2.39662552    2.52843751    2.42321725    2.13652421    2.21600885    2.44604179    2.65975725    2.66035149    2.34299139    2.73499435    2.87656109    2.75903958    2.76553510    1.01519912    1.31629355    1.37788980    1.39565040    1.40275161    1.25857846    0.75142472    0.73172462    0.75134994    0.69539937    0.65909261    0.66334351    0.73533149    0.68643608    0.88760696    0.49758455    0.51663498
J9K380_ACYPI/365-521     0.53939760    0.50232128    0.48249024    0.35595886    0.39602038    0.32564523    0.00000000    0.48736321    0.75644944    1.02682917    2.16228785    2.38427930    2.49939991    2.55064513    2.30309542    2.26024546    2.52813553    2.43610952    2.61207178    3.07009294    2.61037382    2.59874452    2.59287984    2.46132435    2.37904052    2.33208389    2.43061404    2.70121908    2.98591601    2.44621815    2.62952261    3.04437311    2.82219310    2.76125567    1.05114244    1.28358543    1.42992540    1.39385221    1.44171338    1.33565117    0.63535762    0.62955828    0.65794374    0.62647240    0.62090668    0.58076571    0.68235944    0.63334838    0.94358923    0.47062873    0.46164661
T1IDV0_RHOPR/338-494     0.66772554    0.65498895    0.64349248    0.50373985    0.62621783    0.58822281    0.48736321    0.00000000    0.78519442    1.13290682    2.34729101    2.40961480    2.57692115    2.64671404    2.22819093    2.39780963    2.56443086    2.57765183    2.69394944    3.13116818    2.72967469    2.59927483    2.41856685    2.50668167    2.49178441    2.47289141    2.49994557    2.82141217    2.87084428    2.58426078    2.87526291    3.19489577    2.86011300    2.82662795    1.22370321    1.42038508    1.45698573    1.48828498    1.47612829    1.45302330    0.64046144    0.62912713    0.65373406    0.59164236    0.58386385    0.64834178    0.67198023    0.61937357    1.00773397    0.66721267    0.58914060
G0MAV3_CAEBE/337-492     0.71954821    0.78401006    0.79236816    0.70652810    0.81396503    0.76402849    0.75644944    0.78519442    0.00000000    0.54427835    2.09937734    2.09727840    2.39078385    2.44901998    2.09440978    2.10572972    2.37666802    2.47871033    2.26936814    2.63411408    2.60118541    2.54630922    2.54547222    2.42589851    2.39485605    2.39213159    2.27195679    3.09209252    2.72441054    2.35755242    2.95115564    2.92155361    2.76556986    2.79268203    1.24739442    1.48457662    1.43117085    1.42609741    1.32046796    1.35012906    0.81225160    0.76842598    0.80426944    0.79120327    0.69097534    0.79784361    0.80723410    0.80095257    0.93695630    0.73695887    0.76073446
H3FN63_PRIPA/324-479     0.97256001    1.02818538    1.01307619    1.05336423    1.05518870    0.99464940    1.02682917    1.13290682    0.54427835    0.00000000    2.70724026    2.16487991    2.52418445    2.66631845    2.51883051    2.55405813    2.59551290    2.81200590    2.39632323    2.86259119    2.53784569    2.68879889    2.70245750    2.63427820    2.57731760    2.67031231    2.43473165    2.79594337    2.55071496    2.48550829    2.57149916    2.65224907    2.54223328    2.58790124    1.55767262    1.63742999    1.60350877    1.70541585    1.57527971    1.50247409    0.99778294    0.98194851    1.14049591    1.08809675    1.02224519    1.01442241    1.06805620    1.06823972    1.14331174    0.87798858    0.97945718
E9HK95_DAPPU/151-300     2.20697292    2.46855785    2.29582210    2.27771299    2.35955849    2.15794776    2.16228785    2.34729101    2.09937734    2.70724026    0.00000000    1.40319191    1.35294120    1.27031151    1.29478395    1.21172402    1.30669017    1.32094617    1.89063808    1.53596440    1.58481979    1.58115094    1.80143939    1.53297775    1.66163729    1.59497149    1.66373420    1.65330396    1.93721777    1.55827800    1.90112419    1.99181394    1.74718851    1.68306227    2.67189127    2.40188191    2.53716423    2.48444148    2.37799455    2.43404306    2.21525016    2.21671866    2.31354787    2.10839858    2.18392576    2.24574752    2.15598257    2.04974606    2.14389752    2.55986009    2.25776221
B3RS62_TRIAD/136-286     2.28168856    2.30682938    2.65003380    2.39306675    2.31224361    2.12505699    2.38427930    2.40961480    2.09727840    2.16487991    1.40319191    0.00000000    1.17795597    1.33420904    1.18009407    1.18511333    1.19462080    1.17219822    1.33392828    1.44754784    1.35952982    1.50688785    1.48950692    1.49279205    1.40118222    1.35345979    1.30437694    1.46206061    1.42475370    1.37866294    1.64802082    1.68684151    1.52156670    1.44299639    2.28170443    2.53240033    2.15177942    2.34963373    2.00356503    2.07694619    2.12390848    2.39809064    2.55595240    2.34827114    2.28932161    2.26074054    2.28689844    2.30443071    2.21324362    2.39987953    2.43377864
W5MRU9_LEPOC/198-345     2.70055383    2.94858630    2.72899072    2.55597110    2.40343053    2.41767178    2.49939991    2.57692115    2.39078385    2.52418445    1.35294120    1.17795597    0.00000000    0.30602169    0.37368046    0.34449910    0.24735109    0.38463256    0.99065808    1.15064288    1.03710645    1.16338517    1.15924386    1.10147142    1.12264010    1.02306204    1.13400375    1.16242518    1.18771584    1.10509078    1.35127635    1.27466160    1.20652595    1.18720936    2.84592238    2.70652588    2.90446437    2.79563744    2.43293398    2.88971028    2.29614144    2.18789707    2.53695075    2.28464956    2.49107040    2.34445756    2.27055976    2.32620803    2.78954506    2.55706976    2.43378069
H3B099_LATCH/130-277     2.62139670    2.75750225    2.62964364    2.61034437    2.49038244    2.47547477    2.55064513    2.64671404    2.44901998    2.66631845    1.27031151    1.33420904    0.30602169    0.00000000    0.32618117    0.29968019    0.30469430    0.38379022    0.99817484    1.19523774    1.10985832    1.06794009    1.12917716    1.13454973    1.17218610    1.08531781    1.20375911    1.14191055    1.18094373    1.04377630    1.38426755    1.37416723    1.27915234    1.18020724    2.89290380    2.86698572    3.13637114    2.96014760    2.62204414    3.05908209    2.31750728    2.28467917    2.44274366    2.23992919    2.48833957    2.31824847    2.32936618    2.35691857    2.70463020    2.54865826    2.63308469
M3W5F6_FELCA/195-342     2.38015965    2.64708673    2.52989185    2.10085948    2.13978601    2.23308047    2.30309542    2.22819093    2.09440978    2.51883051    1.29478395    1.18009407    0.37368046    0.32618117    0.00000000    0.23676247    0.46046939    0.53943546    1.15754500    1.22459288    1.17984899    1.28143993    1.29282844    1.18651010    1.21662037    1.09441681    1.20964901    1.27704324    1.28207217    1.08487851    1.43470337    1.28533504    1.41306222    1.36175833    2.89783496    2.62892910    2.87124179    2.61414248    2.29247214    2.72128224    2.03167352    2.05921196    2.14283986    1.98187680    2.15072868    2.06678575    2.10177313    2.07828829    2.51460737    2.36244916    2.20246594
H9GCA1_ANOCA/196-343     2.43782310    2.50577275    2.37780382    2.28423837    2.11992257    2.25020009    2.26024546    2.39780963    2.10572972    2.55405813    1.21172402    1.18511333    0.34449910    0.29968019    0.23676247    0.00000000    0.40879187    0.47920393    1.13963309    1.27021169    1.15577995    1.18462372    1.26426349    1.20748785    1.23502468    1.13122033    1.23662452    1.29408505    1.28153024    1.11994428    1.34694502    1.27498768    1.38587315    1.35936230    2.80739605    2.74157872    2.79689408    2.75611649    2.33823840    2.90484281    2.12649931    2.13528623    2.22569363    2.09122868    2.20588894    2.15863269    2.23890220    2.09794349    2.38963218    2.36408013    2.33902339
I3KLS0_ORENI/96-243     2.70240853    3.03401763    2.69118845    2.59932474    2.57986168    2.53419682    2.52813553    2.56443086    2.37666802    2.59551290    1.30669017    1.19462080    0.24735109    0.30469430    0.46046939    0.40879187    0.00000000    0.28255613    1.05275681    1.13614946    1.11662813    1.24812571    1.22930009    1.14127928    1.27055151    1.09072458    1.22080916    1.17262839    1.20425955    1.14735035    1.33437022    1.35409132    1.21950170    1.22048356    2.92527820    2.78204685    2.94913051    2.62431738    2.43873108    2.78618963    2.23311307    2.39126134    2.54170015    2.31763391    2.53677145    2.28066237    2.35564339    2.39669920    2.60659448    2.62375112    2.42041943
H3CNS3_TETNG/168-315     2.62567602    2.79569099    2.59335047    2.56085027    2.38201779    2.50152196    2.43610952    2.57765183    2.47871033    2.81200590    1.32094617    1.17219822    0.38463256    0.38379022    0.53943546    0.47920393    0.28255613    0.00000000    1.09625943    1.06057634    1.00180794    1.15499118    1.13480161    1.12604062    1.22864648    1.03091728    1.21202660    1.12416849    1.19488605    1.11111366    1.32169447    1.37010145    1.32267706    1.12720590    2.75130152    2.56950649    2.84607683    2.69651431    2.63412631    2.88244485    2.14043074    2.29451750    2.49678571    2.32548182    2.51382286    2.41009098    2.36176788    2.36382701    2.41658424    2.60742675    2.34422692
K1PP95_CRAGI/85-231     2.79533551    2.89331802    2.75160954    2.62724899    2.47845699    2.51054701    2.61207178    2.69394944    2.26936814    2.39632323    1.89063808    1.33392828    0.99065808    0.99817484    1.15754500    1.13963309    1.05275681    1.09625943    0.00000000    0.84640499    0.71675452    0.82002147    0.94499106    0.92145904    0.86335540    0.81335321    0.80419199    0.80394242    0.76567686    0.80080991    1.03423598    0.95726074    0.76095857    0.70161576    2.81977348    2.92202005    2.46225318    2.54867114    2.69831166    2.61374739    2.33503068    2.29264360    2.53196515    2.33039452    2.54390835    2.50809793    2.42416234    2.43206234    2.90458130    2.53230857    2.49249185
E9H1V4_DAPPU/144-293     2.97226219    3.03461737    3.18376157    2.81371518    2.99661088    2.83135219    3.07009294    3.13116818    2.63411408    2.86259119    1.53596440    1.44754784    1.15064288    1.19523774    1.22459288    1.27021169    1.13614946    1.06057634    0.84640499    0.00000000    0.61177838    0.72542412    0.76261201    0.67985353    0.72247886    0.68857882    0.63957069    0.67909021    0.68436541    0.64927289    0.90065732    0.81442212    0.73789067    0.67845166    3.05547069    3.25088270    2.63861306    2.63519532    2.82746855    2.57683033    2.66268607    2.60265965    2.55974691    2.51742782    2.84340214    2.48759172    2.58123107    2.65709641    2.80666219    2.82750384    2.96616726
T1I755_RHOPR/3-152     2.53721159    2.83863030    2.73650027    2.48011482    2.67540595    2.42019852    2.61037382    2.72967469    2.60118541    2.53784569    1.58481979    1.35952982    1.03710645    1.10985832    1.17984899    1.15577995    1.11662813    1.00180794    0.71675452    0.61177838    0.00000000    0.57646743    0.67875920    0.64835483    0.63452807    0.52010204    0.51914911    0.54360275    0.60205097    0.58217418    0.97207824    0.96938409    0.67320558    0.59151057    2.52485009    2.64003449    2.45504056    2.30259489    2.21206804    2.19036852    2.33222980    2.39670559    2.45139035    2.34887032    2.49814934    2.41174926    2.42300999    2.34238748    2.83329634    2.50590037    2.44472723
E0W2I3_PEDHC/170-321     2.61324367    2.74408965    2.57233184    2.65293903    2.53960386    2.39662552    2.59874452    2.59927483    2.54630922    2.68879889    1.58115094    1.50688785    1.16338517    1.06794009    1.28143993    1.18462372    1.24812571    1.15499118    0.82002147    0.72542412    0.57646743    0.00000000    0.54558249    0.56790476    0.62940078    0.53020652    0.46826235    0.53998659    0.57492643    0.73351007    0.97488772    0.96082685    0.69510274    0.66151754    2.67137892    2.72977271    2.41169117    2.50514920    2.54436002    2.36760636    2.41823852    2.32976304    2.45257652    2.28696666    2.54148735    2.39391661    2.34673619    2.33107807    2.67053181    2.55034568    2.54116227
D2A0D2_TRICA/174-325     2.49010291    2.52628089    2.78299385    2.59328727    2.51784869    2.52843751    2.59287984    2.41856685    2.54547222    2.70245750    1.80143939    1.48950692    1.15924386    1.12917716    1.29282844    1.26426349    1.22930009    1.13480161    0.94499106    0.76261201    0.67875920    0.54558249    0.00000000    0.54620524    0.71405971    0.54959499    0.56271377    0.72903198    0.75693379    0.77510177    1.24026465    1.18962545    0.76666371    0.74760414    2.91898042    2.94117074    2.44088668    2.51513507    2.62368045    2.42485444    2.41291812    2.20402360    2.54234006    2.27224343    2.48827516    2.40813866    2.23213265    2.21441123    2.56445547    2.63457476    2.48927644
E2A474_CAMFO/142-288     2.72438296    2.61931273    2.80875377    2.41837053    2.45541772    2.42321725    2.46132435    2.50668167    2.42589851    2.63427820    1.53297775    1.49279205    1.10147142    1.13454973    1.18651010    1.20748785    1.14127928    1.12604062    0.92145904    0.67985353    0.64835483    0.56790476    0.54620524    0.00000000    0.58176749    0.46509047    0.50227584    0.54476517    0.61567546    0.62939198    1.03522288    0.96578541    0.76034559    0.73022494    2.67093245    2.84528860    2.51227424    2.41976452    2.42061840    2.25137005    2.49634327    2.52695725    2.46250586    2.32633666    2.56625140    2.45053463    2.23828466    2.20987145    2.50090632    2.51914340    2.54599815
E2QCL8_DROME/200-350     2.59687732    2.53901720    2.58593534    2.46544238    2.37024897    2.13652421    2.37904052    2.49178441    2.39485605    2.57731760    1.66163729    1.40118222    1.12264010    1.17218610    1.21662037    1.23502468    1.27055151    1.22864648    0.86335540    0.72247886    0.63452807    0.62940078    0.71405971    0.58176749    0.00000000    0.28980284    0.53470725    0.74271830    0.72990357    0.71591592    1.09734018    0.95992816    0.80096954    0.73445249    2.52041378    2.88489418    2.46866168    2.40249743    2.54343350    2.21176625    2.38887100    2.37026170    2.45183052    2.17944480    2.30526661    2.28934038    2.28631003    2.15727360    2.58394695    2.33506115    2.39944452
B4LP17_DROVI/192-342     2.50494366    2.59543801    2.69811855    2.44404645    2.45715352    2.21600885    2.33208389    2.47289141    2.39213159    2.67031231    1.59497149    1.35345979    1.02306204    1.08531781    1.09441681    1.13122033    1.09072458    1.03091728    0.81335321    0.68857882    0.52010204    0.53020652    0.54959499    0.46509047    0.28980284    0.00000000    0.45483743    0.60006330    0.66534711    0.62707789    1.05001497    0.90050437    0.72317680    0.65329134    2.56112659    2.67734533    2.22247670    2.27515874    2.36107241    2.13749955    2.30651781    2.34676275    2.38499908    2.24682425    2.27125804    2.16332649    2.28405729    2.14782542    2.53583782    2.47521954    2.46962945
Q7QJC8_ANOGA/257-407     2.45255364    2.64431328    2.80388728    2.46363172    2.61651742    2.44604179    2.43061404    2.49994557    2.27195679    2.43473165    1.66373420    1.30437694    1.13400375    1.20375911    1.20964901    1.23662452    1.22080916    1.21202660    0.80419199    0.63957069    0.51914911    0.46826235    0.56271377    0.50227584    0.53470725    0.45483743    0.00000000    0.49382739    0.53135567    0.64476157    1.03926852    0.93574198    0.73116785    0.72047953    2.77696638    2.79791316    2.41599954    2.28219550    2.45163408    2.31820614    2.35020953    2.28363463    2.39632935    2.26420675    2.46678533    2.36236367    2.19717778    2.21134835    2.40984569    2.51178461    2.50839310
H9IZA2_BOMMO/109-258     2.95992765    3.01093111    2.98261893    2.72112090    2.91144432    2.65975725    2.70121908    2.82141217    3.09209252    2.79594337    1.65330396    1.46206061    1.16242518    1.14191055    1.27704324    1.29408505    1.17262839    1.12416849    0.80394242    0.67909021    0.54360275    0.53998659    0.72903198    0.54476517    0.74271830    0.60006330    0.49382739    0.00000000    0.26295130    0.70124168    0.93087883    0.99116881    0.68512618    0.61607975    3.07026983    2.73251217    2.57225568    2.71481887    2.87111602    2.80288965    2.41406024    2.52638198    2.56380699    2.46948750    2.73578043    2.51235127    2.52515900    2.53920251    2.93242415    2.94785205    2.89836137
A0A212ERW5_DANPL/83-232     2.77175804    2.86787269    2.88380653    2.81359876    2.73062625    2.66035149    2.98591601    2.87084428    2.72441054    2.55071496    1.93721777    1.42475370    1.18771584    1.18094373    1.28207217    1.28153024    1.20425955    1.19488605    0.76567686    0.68436541    0.60205097    0.57492643    0.75693379    0.61567546    0.72990357    0.66534711    0.53135567    0.26295130    0.00000000    0.69414085    0.94569856    0.90425152    0.68710200    0.64010586    2.96432163    2.78479615    2.38324378    2.54202068    2.43295539    2.56727125    2.40182981    2.46343072    2.40379200    2.45580040    2.59324868    2.40779934    2.38921104    2.48065504    2.88429160    2.73854257    2.84594998
J9JQP7_ACYPI/182-333     2.50230339    2.64509748    2.71869796    2.29290912    2.40106893    2.34299139    2.44621815    2.58426078    2.35755242    2.48550829    1.55827800    1.37866294    1.10509078    1.04377630    1.08487851    1.11994428    1.14735035    1.11111366    0.80080991    0.64927289    0.58217418    0.73351007    0.77510177    0.62939198    0.71591592    0.62707789    0.64476157    0.70124168    0.69414085    0.00000000    1.00815347    1.01676761    0.72076038    0.76301324    2.73731071    3.10685757    2.68926282    2.57518834    2.50295632    2.57412385    2.20841973    2.15431805    2.32661646    2.18319599    2.43707734    2.32864020    2.37047967    2.31569835    2.60487748    2.35752004    2.50021587
A0A1I7VMJ5_LOALO/173-323     2.86089318    3.28587365    2.82017848    2.76589630    2.88831159    2.73499435    2.62952261    2.87526291    2.95115564    2.57149916    1.90112419    1.64802082    1.35127635    1.38426755    1.43470337    1.34694502    1.33437022    1.32169447    1.03423598    0.90065732    0.97207824    0.97488772    1.24026465    1.03522288    1.09734018    1.05001497    1.03926852    0.93087883    0.94569856    1.00815347    0.00000000    0.64615969    0.95829585    0.79195854    3.37889648    3.45444972    2.68298102    2.87124274    2.70282605    2.70240432    2.42874894    2.56791469    2.39081195    2.45947723    2.70871171    2.61910264    2.62644194    2.47380403    2.87874735    2.67718691    2.86334950
PHM_CAEEL/166-316     2.93315529    3.25612390    2.80224027    2.85795550    3.01694629    2.87656109    3.04437311    3.19489577    2.92155361    2.65224907    1.99181394    1.68684151    1.27466160    1.37416723    1.28533504    1.27498768    1.35409132    1.37010145    0.95726074    0.81442212    0.96938409    0.96082685    1.18962545    0.96578541    0.95992816    0.90050437    0.93574198    0.99116881    0.90425152    1.01676761    0.64615969    0.00000000    0.89996407    0.85922179    3.69404404    3.45113588    2.93822946    2.96511118    3.14938650    2.97512707    2.63481569    2.53265444    2.57289067    2.56671300    2.77688494    2.81867226    2.69395087    2.47724629    2.97664304    2.85540832    2.98244101
T1L3P4_TETUR/205-351     2.77737777    2.99748800    3.09737245    2.82130239    2.66136909    2.75903958    2.82219310    2.86011300    2.76556986    2.54223328    1.74718851    1.52156670    1.20652595    1.27915234    1.41306222    1.38587315    1.21950170    1.32267706    0.76095857    0.73789067    0.67320558    0.69510274    0.76666371    0.76034559    0.80096954    0.72317680    0.73116785    0.68512618    0.68710200    0.72076038    0.95829585    0.89996407    0.00000000    0.34486085    2.97255425    2.91966367    2.79763313    2.76597672    2.83086674    2.41326242    2.34852654    2.30755802    2.59812348    2.33453045    2.62800235    2.60208503    2.47790000    2.40213016    3.03598749    2.80710738    2.81145621
T1KXR0_TETUR/196-342     2.75356969    2.88638222    3.18620886    2.70964390    2.65211660    2.76553510    2.76125567    2.82662795    2.79268203    2.58790124    1.68306227    1.44299639    1.18720936    1.18020724    1.36175833    1.35936230    1.22048356    1.12720590    0.70161576    0.67845166    0.59151057    0.66151754    0.74760414    0.73022494    0.73445249    0.65329134    0.72047953    0.61607975    0.64010586    0.76301324    0.79195854    0.85922179    0.34486085    0.00000000    2.77063188    2.84331465    2.70786899    2.78285594    2.95886152    2.59374548    2.32701803    2.37394869    2.62285876    2.50026208    2.67104934    2.61769583    2.59760330    2.46114282    2.79565248    2.84413626    2.85723822
B3RUZ5_TRIAD/340-496     1.16545150    1.13079433    1.20744081    1.05875814    1.04748494    1.01519912    1.05114244    1.22370321    1.24739442    1.55767262    2.67189127    2.28170443    2.84592238    2.89290380    2.89783496    2.80739605    2.92527820    2.75130152    2.81977348    3.05547069    2.52485009    2.67137892    2.91898042    2.67093245    2.52041378    2.56112659    2.77696638    3.07026983    2.96432163    2.73731071    3.37889648    3.69404404    2.97255425    2.77063188    0.00000000    1.24402553    1.48717165    1.23563499    1.18182290    1.15468394    1.19336888    1.19913053    1.25985679    1.18675200    1.14984663    1.09373968    1.21529954    1.19742639    1.32821403    1.16850891    1.17126542
H2XZG6_CIOIN/340-500     1.38942317    1.41211858    1.34012567    1.31878309    1.34833443    1.31629355    1.28358543    1.42038508    1.48457662    1.63742999    2.40188191    2.53240033    2.70652588    2.86698572    2.62892910    2.74157872    2.78204685    2.56950649    2.92202005    3.25088270    2.64003449    2.72977271    2.94117074    2.84528860    2.88489418    2.67734533    2.79791316    2.73251217    2.78479615    3.10685757    3.45444972    3.45113588    2.91966367    2.84331465    1.24402553    0.00000000    1.31953200    1.45982570    1.37128968    1.26239645    1.39801446    1.46247649    1.49731563    1.35634065    1.44754794    1.43134189    1.30507795    1.33234599    1.57978787    1.43283296    1.39976667
H9JYC8_BOMMO/31-187     1.45888478    1.36637680    1.55503523    1.41159490    1.51276153    1.37788980    1.42992540    1.45698573    1.43117085    1.60350877    2.53716423    2.15177942    2.90446437    3.13637114    2.87124179    2.79689408    2.94913051    2.84607683    2.46225318    2.63861306    2.45504056    2.41169117    2.44088668    2.51227424    2.46866168    2.22247670    2.41599954    2.57225568    2.38324378    2.68926282    2.68298102    2.93822946    2.79763313    2.70786899    1.48717165    1.31953200    0.00000000    0.76048458    0.75304603    0.73941425    1.43394945    1.43290454    1.60009933    1.53962150    1.39066333    1.46078407    1.26208513    1.34251156    1.69972527    1.48909014    1.45806886
J9K956_ACYPI/198-354     1.40695681    1.37384307    1.47797215    1.33343898    1.49138694    1.39565040    1.39385221    1.48828498    1.42609741    1.70541585    2.48444148    2.34963373    2.79563744    2.96014760    2.61414248    2.75611649    2.62431738    2.69651431    2.54867114    2.63519532    2.30259489    2.50514920    2.51513507    2.41976452    2.40249743    2.27515874    2.28219550    2.71481887    2.54202068    2.57518834    2.87124274    2.96511118    2.76597672    2.78285594    1.23563499    1.45982570    0.76048458    0.00000000    0.67291388    0.64764675    1.21175983    1.31319524    1.37439885    1.23654761    1.36731341    1.22401168    1.29811279    1.25191200    1.60864305    1.49705068    1.36724083
A0A7M7LUG1_NASVI/488-644     1.44374904    1.38123992    1.53321299    1.42072495    1.42286650    1.40275161    1.44171338    1.47612829    1.32046796    1.57527971    2.37799455    2.00356503    2.43293398    2.62204414    2.29247214    2.33823840    2.43873108    2.63412631    2.69831166    2.82746855    2.21206804    2.54436002    2.62368045    2.42061840    2.54343350    2.36107241    2.45163408    2.87111602    2.43295539    2.50295632    2.70282605    3.14938650    2.83086674    2.95886152    1.18182290    1.37128968    0.75304603    0.67291388    0.00000000    0.50595474    1.35880867    1.42763032    1.52560043    1.55590455    1.35686271    1.29458187    1.35296422    1.28171195    1.75752089    1.35315470    1.34309180
A0A139WCR2_TRICA/370-526     1.27916002    1.32070741    1.45119075    1.28873812    1.39819892    1.25857846    1.33565117    1.45302330    1.35012906    1.50247409    2.43404306    2.07694619    2.88971028    3.05908209    2.72128224    2.90484281    2.78618963    2.88244485    2.61374739    2.57683033    2.19036852    2.36760636    2.42485444    2.25137005    2.21176625    2.13749955    2.31820614    2.80288965    2.56727125    2.57412385    2.70240432    2.97512707    2.41326242    2.59374548    1.15468394    1.26239645    0.73941425    0.64764675    0.50595474    0.00000000    1.32534236    1.30875690    1.38580617    1.31444319    1.30202899    1.25142808    1.19750867    1.07475188    1.55779929    1.21373344    1.19756676
F7HGP4_CALJA/363-519     0.72288314    0.74531518    0.73416261    0.65058841    0.72810980    0.75142472    0.63535762    0.64046144    0.81225160    0.99778294    2.21525016    2.12390848    2.29614144    2.31750728    2.03167352    2.12649931    2.23311307    2.14043074    2.33503068    2.66268607    2.33222980    2.41823852    2.41291812    2.49634327    2.38887100    2.30651781    2.35020953    2.41406024    2.40182981    2.20841973    2.42874894    2.63481569    2.34852654    2.32701803    1.19336888    1.39801446    1.43394945    1.21175983    1.35880867    1.32534236    0.00000000    0.21577058    0.26995198    0.25683772    0.25486854    0.33425856    0.36837406    0.37652447    0.78898466    0.75970443    0.63656111
DOPO_RAT/363-519     0.68090439    0.72693281    0.71318629    0.62743231    0.69536682    0.73172462    0.62955828    0.62912713    0.76842598    0.98194851    2.21671866    2.39809064    2.18789707    2.28467917    2.05921196    2.13528623    2.39126134    2.29451750    2.29264360    2.60265965    2.39670559    2.32976304    2.20402360    2.52695725    2.37026170    2.34676275    2.28363463    2.52638198    2.46343072    2.15431805    2.56791469    2.53265444    2.30755802    2.37394869    1.19913053    1.46247649    1.43290454    1.31319524    1.42763032    1.30875690    0.21577058    0.00000000    0.29758357    0.30596714    0.31193170    0.37196679    0.40949544    0.42967093    0.87671324    0.78354888    0.59704873
F7C7J2_MONDO/357-513     0.64800317    0.73745627    0.72962770    0.66256960    0.77976187    0.75134994    0.65794374    0.65373406    0.80426944    1.14049591    2.31354787    2.55595240    2.53695075    2.44274366    2.14283986    2.22569363    2.54170015    2.49678571    2.53196515    2.55974691    2.45139035    2.45257652    2.54234006    2.46250586    2.45183052    2.38499908    2.39632935    2.56380699    2.40379200    2.32661646    2.39081195    2.57289067    2.59812348    2.62285876    1.25985679    1.49731563    1.60009933    1.37439885    1.52560043    1.38580617    0.26995198    0.29758357    0.00000000    0.28348648    0.29054194    0.33122996    0.44390384    0.43321067    0.91246986    0.73075485    0.64921048
DOPO_CANLF/352-508     0.69492739    0.73823973    0.68455440    0.67902583    0.74183782    0.69539937    0.62647240    0.59164236    0.79120327    1.08809675    2.10839858    2.34827114    2.28464956    2.23992919    1.98187680    2.09122868    2.31763391    2.32548182    2.33039452    2.51742782    2.34887032    2.28696666    2.27224343    2.32633666    2.17944480    2.24682425    2.26420675    2.46948750    2.45580040    2.18319599    2.45947723    2.56671300    2.33453045    2.50026208    1.18675200    1.35634065    1.53962150    1.23654761    1.55590455    1.31444319    0.25683772    0.30596714    0.28348648    0.00000000    0.32928918    0.42019952    0.40031275    0.43131827    0.86416155    0.75980997    0.63202318
H3AC96_LATCH/360-516     0.62646480    0.70312860    0.74514824    0.55743124    0.72199831    0.65909261    0.62090668    0.58386385    0.69097534    1.02224519    2.18392576    2.28932161    2.49107040    2.48833957    2.15072868    2.20588894    2.53677145    2.51382286    2.54390835    2.84340214    2.49814934    2.54148735    2.48827516    2.56625140    2.30526661    2.27125804    2.46678533    2.73578043    2.59324868    2.43707734    2.70871171    2.77688494    2.62800235    2.67104934    1.14984663    1.44754794    1.39066333    1.36731341    1.35686271    1.30202899    0.25486854    0.31193170    0.29054194    0.32928918    0.00000000    0.30522485    0.34074036    0.35949136    0.84890085    0.74650187    0.65781490
F7BL08_XENTR/361-517     0.64915483    0.69278989    0.70114679    0.62066035    0.71445413    0.66334351    0.58076571    0.64834178    0.79784361    1.01442241    2.24574752    2.26074054    2.34445756    2.31824847    2.06678575    2.15863269    2.28066237    2.41009098    2.50809793    2.48759172    2.41174926    2.39391661    2.40813866    2.45053463    2.28934038    2.16332649    2.36236367    2.51235127    2.40779934    2.32864020    2.61910264    2.81867226    2.60208503    2.61769583    1.09373968    1.43134189    1.46078407    1.22401168    1.29458187    1.25142808    0.33425856    0.37196679    0.33122996    0.42019952    0.30522485    0.00000000    0.36722617    0.39092461    0.90003196    0.73151378    0.56984950
I3J7R9_ORENI/367-515     0.74444863    0.69170406    0.74456689    0.68022056    0.80317390    0.73533149    0.68235944    0.67198023    0.80723410    1.06805620    2.15598257    2.28689844    2.27055976    2.32936618    2.10177313    2.23890220    2.35564339    2.36176788    2.42416234    2.58123107    2.42300999    2.34673619    2.23213265    2.23828466    2.28631003    2.28405729    2.19717778    2.52515900    2.38921104    2.37047967    2.62644194    2.69395087    2.47790000    2.59760330    1.21529954    1.30507795    1.26208513    1.29811279    1.35296422    1.19750867    0.36837406    0.40949544    0.44390384    0.40031275    0.34074036    0.36722617    0.00000000    0.23422248    0.91140015    0.78955646    0.70352646
W5KGQ8_ASTMX/340-486     0.73292793    0.65265984    0.64505203    0.63125498    0.68259843    0.68643608    0.63334838    0.61937357    0.80095257    1.06823972    2.04974606    2.30443071    2.32620803    2.35691857    2.07828829    2.09794349    2.39669920    2.36382701    2.43206234    2.65709641    2.34238748    2.33107807    2.21441123    2.20987145    2.15727360    2.14782542    2.21134835    2.53920251    2.48065504    2.31569835    2.47380403    2.47724629    2.40213016    2.46114282    1.19742639    1.33234599    1.34251156    1.25191200    1.28171195    1.07475188    0.37652447    0.42967093    0.43321067    0.43131827    0.35949136    0.39092461    0.23422248    0.00000000    0.80384547    0.72607512    0.60333035
H2ZA79_CIOSA/303-459     0.89263931    0.86970241    0.89540375    0.83766231    0.84949566    0.88760696    0.94358923    1.00773397    0.93695630    1.14331174    2.14389752    2.21324362    2.78954506    2.70463020    2.51460737    2.38963218    2.60659448    2.41658424    2.90458130    2.80666219    2.83329634    2.67053181    2.56445547    2.50090632    2.58394695    2.53583782    2.40984569    2.93242415    2.88429160    2.60487748    2.87874735    2.97664304    3.03598749    2.79565248    1.32821403    1.57978787    1.69972527    1.60864305    1.75752089    1.55779929    0.78898466    0.87671324    0.91246986    0.86416155    0.84890085    0.90003196    0.91140015    0.80384547    0.00000000    0.96761467    0.94011028
T1FXR8_HELRO/256-412     0.60071014    0.60927117    0.58337726    0.55851026    0.52787205    0.49758455    0.47062873    0.66721267    0.73695887    0.87798858    2.55986009    2.39987953    2.55706976    2.54865826    2.36244916    2.36408013    2.62375112    2.60742675    2.53230857    2.82750384    2.50590037    2.55034568    2.63457476    2.51914340    2.33506115    2.47521954    2.51178461    2.94785205    2.73854257    2.35752004    2.67718691    2.85540832    2.80710738    2.84413626    1.16850891    1.43283296    1.48909014    1.49705068    1.35315470    1.21373344    0.75970443    0.78354888    0.73075485    0.75980997    0.74650187    0.73151378    0.78955646    0.72607512    0.96761467    0.00000000    0.42457410
K1Q3G7_CRAGI/293-449     0.49981569    0.54837791    0.54617087    0.49200653    0.50012274    0.51663498    0.46164661    0.58914060    0.76073446    0.97945718    2.25776221    2.43377864    2.43378069    2.63308469    2.20246594    2.33902339    2.42041943    2.34422692    2.49249185    2.96616726    2.44472723    2.54116227    2.48927644    2.54599815    2.39944452    2.46962945    2.50839310    2.89836137    2.84594998    2.50021587    2.86334950    2.98244101    2.81145621    2.85723822    1.17126542    1.39976667    1.45806886    1.36724083    1.34309180    1.19756676    0.63656111    0.59704873    0.64921048    0.63202318    0.65781490    0.56984950    0.70352646    0.60333035    0.94011028    0.42457410    0.00000000

