36
A0A3Q8GUX4_9PAST/519-618     0.00000000    1.43397434    1.85466313    1.84342514    1.48061218    1.58172664    3.34427942    3.18391712    2.84553042    3.87056735    4.78053781    4.65611989    3.02925218    3.36367596    2.87033014    3.05037287    4.11989016    3.09382521    2.87161255    2.48115065    3.84087595    3.02805472    3.27152931    2.66343093    3.10832166    4.20014416    4.37925632    4.56057946    3.98346173    3.67972070    4.51656667    5.62083874    4.45703210    4.54433590    4.97227303    4.59356004
A7MHZ4_CROS8/668-767     1.43397434    0.00000000    0.94131722    1.10306140    0.80763888    0.72067971    3.16504204    2.97222645    3.21208358    3.21052476    4.17944480    3.68080195    2.93897259    2.69693741    3.97587785    4.05959554    3.59307583    3.01213125    2.72285419    2.98862704    4.22368156    3.21506159    3.18417611    3.63664283    3.66146373    3.98864431    4.72440014    4.64486872    3.90769260    3.75581620    4.43441219    4.77945188    4.33391914    5.03927477    5.69068423    4.47073900
Q93RN5_XENNE/46-144     1.85466313    0.94131722    0.00000000    0.69969301    1.11547519    0.94574187    3.29303726    3.12952610    3.44911090    3.32699623    3.33098330    3.17857089    3.54198821    2.68288410    3.89124168    3.29467772    3.02809604    2.85989736    3.33206938    2.60018666    4.55728162    3.22391573    3.40721698    3.83196813    3.97553940    4.57640859    5.80859643    5.42468037    4.58057512    4.48116989    5.18763514    6.55746419    5.50343333    6.12786269    6.30333016    5.54115341
A0A3N4B4C4_YERPE/651-749     1.84342514    1.10306140    0.69969301    0.00000000    1.03850337    0.85913797    3.07279206    2.71071665    2.99288183    3.46785924    3.19287525    3.07689587    3.31137822    2.62386084    3.13147095    3.04883348    2.70050119    2.88722581    2.50600671    2.45687464    3.73800237    3.32827960    3.08485238    3.50809307    3.55107260    4.55297147    5.47990010    5.16469820    4.43566029    4.77330408    4.62971687    5.40219858    5.42877505    5.64195416    5.84054503    5.46484209
V6G3N5_ECOLX/670-769     1.48061218    0.80763888    1.11547519    1.03850337    0.00000000    0.31325070    3.30369675    3.22144806    3.03834748    3.93406255    4.11233513    4.02853767    3.20715300    3.31361918    3.86115476    3.69955050    2.92571228    2.89661164    2.78716661    3.08514891    3.80681894    3.23048474    3.01810426    3.39582707    3.78905280    4.24316722    4.66640565    4.74265515    3.95351916    4.07320690    4.94063274    6.27594188    5.29759144    5.08825234    5.81520475    5.54364079
A0A0H2WW55_SALPA/670-769     1.58172664    0.72067971    0.94574187    0.85913797    0.31325070    0.00000000    3.45025033    2.81565342    3.25375440    3.92195934    4.02514378    3.77662714    3.13266159    3.01366836    3.21719550    3.34164602    2.82966694    2.68523391    3.09716253    3.26220651    4.35307501    3.30002544    3.12184029    3.40790212    3.90475682    4.03412189    4.47874829    4.64505514    3.98567714    3.71071808    4.27758123    4.37860039    4.57139430    4.73865855    5.12417303    4.96076442
Q3AM44_SYNSC/774-860     3.34427942    3.16504204    3.29303726    3.07279206    3.30369675    3.45025033    0.00000000    2.78888994    2.01870686    2.93261515    2.79498061    2.70589044    3.07108130    2.83674878    3.15497763    3.08881380    2.92356077    2.89778393    3.11885401    2.25164559    2.73471762    2.21168212    2.14871494    3.57156600    3.40244379    4.51956906    4.99018778    5.31519186    4.04698073    5.24311880    3.72561699    4.56108184    4.66189371    5.32580664    5.29700110    5.57356224
A0A4D5ZN70_9VIRU/438-532     3.18391712    2.97222645    3.12952610    2.71071665    3.22144806    2.81565342    2.78888994    0.00000000    1.47841936    3.02811766    2.42594879    2.50476880    3.33235756    2.72604405    3.19350881    2.27683798    3.62295341    3.14153437    2.53532655    3.80788324    3.94075409    4.39353770    4.01453548    4.74893767    2.92815886    4.37238871    4.29224436    4.80371810    4.01295604    5.26463579    4.02478884    5.02750404    4.54952175    4.64643509    4.41540263    4.29883993
Q9X9M4_STRTR/440-536     2.84553042    3.21208358    3.44911090    2.99288183    3.03834748    3.25375440    2.01870686    1.47841936    0.00000000    2.93837265    2.90808520    2.42897025    2.65845110    3.35236766    2.53985447    2.38162771    2.28185505    2.37648948    2.03530133    2.54203746    2.94248049    3.07612171    2.97209376    3.64675565    3.20986014    5.79798485    5.94607250    5.95492761    5.25499203    6.09592086    5.18060617    5.77544482    5.97232043    5.60407259    5.60279217    5.61023570
Q9G0E3_9CAUD/383-468     3.87056735    3.21052476    3.32699623    3.46785924    3.93406255    3.92195934    2.93261515    3.02811766    2.93837265    0.00000000    1.61902285    1.87360727    2.07057947    1.85827127    2.93823554    2.83288084    2.97659503    2.33466035    2.24642113    3.01037960    3.66259823    2.75536090    2.50906347    3.59119997    2.81012080    4.04322149    4.35099657    4.43122421    3.81643450    4.67272888    4.26552649    4.58580310    4.53766467    4.25928703    4.59453180    4.45905193
A0A0E1ESA5_STRPY/188-274     4.78053781    4.17944480    3.33098330    3.19287525    4.11233513    4.02514378    2.79498061    2.42594879    2.90808520    1.61902285    0.00000000    0.45854956    2.11666429    2.09726737    2.09239645    2.16780857    3.41592650    2.62022499    3.15195374    2.27022917    3.43456029    2.65486322    2.55941926    3.42123146    2.57500608    5.50679382    5.56292225    5.49399270    5.02138440    5.78745743    5.02232659    4.81542570    5.16538454    4.49134140    5.02632129    5.13603177
Q56S68_9CAUD/401-487     4.65611989    3.68080195    3.17857089    3.07689587    4.02853767    3.77662714    2.70589044    2.50476880    2.42897025    1.87360727    0.45854956    0.00000000    2.52344108    2.31998650    2.39450269    2.72220713    3.15797939    2.68414777    2.67109540    2.19477332    3.58383456    3.02344136    2.93556145    4.22189806    3.04100090    5.21685700    5.38836373    5.75571254    4.83719368    6.25780566    5.24987556    5.34389310    5.61178107    5.41120909    5.71429034    5.40358709
Q8ETT5_OCEIH/486-572     3.02925218    2.93897259    3.54198821    3.31137822    3.20715300    3.13266159    3.07108130    3.33235756    2.65845110    2.07057947    2.11666429    2.52344108    0.00000000    1.72641282    2.28048762    2.40362809    3.08272851    2.65403365    2.33350611    3.66726397    3.21773402    3.63642849    3.63063161    3.24475658    3.32450568    4.13845468    4.80286914    5.25848974    4.82094027    5.56345039    4.47661516    5.59640668    4.59473405    4.51809010    4.84850112    4.91040826
A2RP50_LACLM/433-520     3.36367596    2.69693741    2.68288410    2.62386084    3.31361918    3.01366836    2.83674878    2.72604405    3.35236766    1.85827127    2.09726737    2.31998650    1.72641282    0.00000000    2.18847537    2.80836793    3.13901210    2.70705030    2.43966924    3.16821664    3.52635228    2.69377425    2.63840269    3.16845679    3.32274899    4.69160175    5.06107736    4.96444241    4.37782132    5.01314106    4.03483315    5.03991754    5.47495465    5.72998248    5.90640663    5.18564172
Q38Y30_LACSS/390-474     2.87033014    3.97587785    3.89124168    3.13147095    3.86115476    3.21719550    3.15497763    3.19350881    2.53985447    2.93823554    2.09239645    2.39450269    2.28048762    2.18847537    0.00000000    1.81183851    3.00725188    2.77616923    2.26014990    4.64821160    3.37171293    2.95217073    2.93601303    3.37885407    3.03270102    5.05485843    5.51525478    5.73770270    5.17952925    5.53494187    4.72801155    4.91231258    4.08543354    5.50619971    5.56748651    5.11510874
A0AI02_LISW6/674-776     3.05037287    4.05959554    3.29467772    3.04883348    3.69955050    3.34164602    3.08881380    2.27683798    2.38162771    2.83288084    2.16780857    2.72220713    2.40362809    2.80836793    1.81183851    0.00000000    2.21710435    1.78512761    3.33029113    3.74515696    3.48101873    2.35341467    2.14646493    3.32633219    3.24281190    4.83381138    5.24106253    5.32185831    5.06361635    5.35233183    4.92565747    4.48845964    4.62279646    4.67598616    5.02586581    4.56396893
Q49VX5_STAS1/679-763     4.11989016    3.59307583    3.02809604    2.70050119    2.92571228    2.82966694    2.92356077    3.62295341    2.28185505    2.97659503    3.41592650    3.15797939    3.08272851    3.13901210    3.00725188    2.21710435    0.00000000    1.74818257    2.93627692    3.40754464    4.53581414    2.87391579    2.99457159    3.63933047    3.18818728    3.55807932    4.16305165    4.05092478    3.53075119    3.93715696    3.69953669    4.17878831    4.08112423    3.68191356    3.51772490    3.74439310
Q82ZU9_ENTFA/689-771     3.09382521    3.01213125    2.85989736    2.88722581    2.89661164    2.68523391    2.89778393    3.14153437    2.37648948    2.33466035    2.62022499    2.68414777    2.65403365    2.70705030    2.77616923    1.78512761    1.74818257    0.00000000    3.39392825    2.01580264    3.75112700    2.18935067    2.16663784    3.09377297    3.33121921    3.86829783    4.82627990    5.01110409    4.07658738    3.98920248    4.23303374    4.68173413    4.37862509    3.75676793    3.96606270    3.74876662
Q48537_LACDL/483-573     2.87161255    2.72285419    3.33206938    2.50600671    2.78716661    3.09716253    3.11885401    2.53532655    2.03530133    2.24642113    3.15195374    2.67109540    2.33350611    2.43966924    2.26014990    3.33029113    2.93627692    3.39392825    0.00000000    2.91259526    3.09374007    3.71139157    3.52775795    3.25121327    2.46936669    3.94341788    3.78132142    3.67116556    3.99228335    4.01228348    3.84585358    4.30215212    4.35600542    4.13965742    4.72767686    4.41754355
Q928E8_LISIN/675-752     2.48115065    2.98862704    2.60018666    2.45687464    3.08514891    3.26220651    2.25164559    3.80788324    2.54203746    3.01037960    2.27022917    2.19477332    3.66726397    3.16821664    4.64821160    3.74515696    3.40754464    2.01580264    2.91259526    0.00000000    2.04732028    1.83495017    2.01035891    2.33179317    2.38480497    4.02261100    3.55456004    3.68657965    3.56653410    3.92178856    3.77981095    3.49851018    3.24555958    3.27258855    3.49988300    3.55257583
B8E799_SHEB2/807-886     3.84087595    4.22368156    4.55728162    3.73800237    3.80681894    4.35307501    2.73471762    3.94075409    2.94248049    3.66259823    3.43456029    3.58383456    3.21773402    3.52635228    3.37171293    3.48101873    4.53581414    3.75112700    3.09374007    2.04732028    0.00000000    2.72188157    2.98746551    2.82390712    2.32315003    5.36392855    4.56990471    4.90284821    4.73320823    5.44928054    5.31324303    4.20729210    4.76549606    5.04075502    6.00310503    4.22702763
A0A4D6AE61_9CAUD/714-789     3.02805472    3.21506159    3.22391573    3.32827960    3.23048474    3.30002544    2.21168212    4.39353770    3.07612171    2.75536090    2.65486322    3.02344136    3.63642849    2.69377425    2.95217073    2.35341467    2.87391579    2.18935067    3.71139157    1.83495017    2.72188157    0.00000000    0.26817289    1.93312741    2.79824024    3.75582952    3.60942196    4.05799455    3.47710849    4.19060158    3.19782685    3.35834157    3.21905672    3.60670049    3.97694858    3.52017019
A0A4D6A3G4_9CAUD/714-789     3.27152931    3.18417611    3.40721698    3.08485238    3.01810426    3.12184029    2.14871494    4.01453548    2.97209376    2.50906347    2.55941926    2.93556145    3.63063161    2.63840269    2.93601303    2.14646493    2.99457159    2.16663784    3.52775795    2.01035891    2.98746551    0.26817289    0.00000000    2.08103804    2.79478663    3.70614412    3.53329093    4.01656633    3.50828623    4.23148295    3.25635956    3.18692290    3.22411996    3.43522208    3.81865460    3.36335872
Q0AWY4_SYNWW/685-768     2.66343093    3.63664283    3.83196813    3.50809307    3.39582707    3.40790212    3.57156600    4.74893767    3.64675565    3.59119997    3.42123146    4.22189806    3.24475658    3.16845679    3.37885407    3.32633219    3.63933047    3.09377297    3.25121327    2.33179317    2.82390712    1.93312741    2.08103804    0.00000000    2.13504405    3.50913284    3.80033381    3.73498755    3.69927415    3.83133066    3.71269434    3.97950004    3.73255219    3.51105516    3.41024099    3.59447145
O69900_STRCO/669-751     3.10832166    3.66146373    3.97553940    3.55107260    3.78905280    3.90475682    3.40244379    2.92815886    3.20986014    2.81012080    2.57500608    3.04100090    3.32450568    3.32274899    3.03270102    3.24281190    3.18818728    3.33121921    2.46936669    2.38480497    2.32315003    2.79824024    2.79478663    2.13504405    0.00000000    3.83795916    3.81349539    3.53920013    3.66552154    4.24727332    4.02164401    3.31104471    3.40544627    3.61107753    3.45220162    3.39971033
Q8V3L5_SWPV1/689-785     4.20014416    3.98864431    4.57640859    4.55297147    4.24316722    4.03412189    4.51956906    4.37238871    5.79798485    4.04322149    5.50679382    5.21685700    4.13845468    4.69160175    5.05485843    4.83381138    3.55807932    3.86829783    3.94341788    4.02261100    5.36392855    3.75582952    3.70614412    3.50913284    3.83795916    0.00000000    0.30623302    0.33083337    0.35118695    0.52809509    0.59855195    0.90665746    0.71993669    0.71555150    0.64420510    0.94911385
Q9DHN0_YLDV/689-785     4.37925632    4.72440014    5.80859643    5.47990010    4.66640565    4.47874829    4.99018778    4.29224436    5.94607250    4.35099657    5.56292225    5.38836373    4.80286914    5.06107736    5.51525478    5.24106253    4.16305165    4.82627990    3.78132142    3.55456004    4.56990471    3.60942196    3.53329093    3.80033381    3.81349539    0.30623302    0.00000000    0.25683333    0.31505373    0.55093732    0.61044250    0.77156006    0.62058894    0.65477775    0.66338878    0.88318612
Q9Q8Z7_RFVKA/689-785     4.56057946    4.64486872    5.42468037    5.16469820    4.74265515    4.64505514    5.31519186    4.80371810    5.95492761    4.43122421    5.49399270    5.75571254    5.25848974    4.96444241    5.73770270    5.32185831    4.05092478    5.01110409    3.67116556    3.68657965    4.90284821    4.05799455    4.01656633    3.73498755    3.53920013    0.33083337    0.25683333    0.00000000    0.35045624    0.50888049    0.58676001    0.77187471    0.65175341    0.66853698    0.65255451    0.94165707
A0A1C9HIA6_LSDV/689-785     3.98346173    3.90769260    4.58057512    4.43566029    3.95351916    3.98567714    4.04698073    4.01295604    5.25499203    3.81643450    5.02138440    4.83719368    4.82094027    4.37782132    5.17952925    5.06361635    3.53075119    4.07658738    3.99228335    3.56653410    4.73320823    3.47710849    3.50828623    3.69927415    3.66552154    0.35118695    0.31505373    0.35045624    0.00000000    0.50378136    0.61801319    0.69991214    0.71068050    0.66076521    0.69673508    0.84610145
Q8QQ50_CAMPS/688-784     3.67972070    3.75581620    4.48116989    4.77330408    4.07320690    3.71071808    5.24311880    5.26463579    6.09592086    4.67272888    5.78745743    6.25780566    5.56345039    5.01314106    5.53494187    5.35233183    3.93715696    3.98920248    4.01228348    3.92178856    5.44928054    4.19060158    4.23148295    3.83133066    4.24727332    0.52809509    0.55093732    0.50888049    0.50378136    0.00000000    0.67548093    0.97655500    0.85583602    0.83109100    0.69764581    1.13306678
Q6VFS7_9POXV/44-140     4.51656667    4.43441219    5.18763514    4.62971687    4.94063274    4.27758123    3.72561699    4.02478884    5.18060617    4.26552649    5.02232659    5.24987556    4.47661516    4.03483315    4.72801155    4.92565747    3.69953669    4.23303374    3.84585358    3.77981095    5.31324303    3.19782685    3.25635956    3.71269434    4.02164401    0.59855195    0.61044250    0.58676001    0.61801319    0.67548093    0.00000000    0.66393139    0.54081509    0.90750592    0.88807505    1.05027453
Q98261_MCV1/688-785     5.62083874    4.77945188    6.55746419    5.40219858    6.27594188    4.37860039    4.56108184    5.02750404    5.77544482    4.58580310    4.81542570    5.34389310    5.59640668    5.03991754    4.91231258    4.48845964    4.17878831    4.68173413    4.30215212    3.49851018    4.20729210    3.35834157    3.18692290    3.97950004    3.31104471    0.90665746    0.77156006    0.77187471    0.69991214    0.97655500    0.66393139    0.00000000    0.72487512    0.94714137    0.93234868    0.93306739
Q6TVC0_9POXV/691-787     4.45703210    4.33391914    5.50343333    5.42877505    5.29759144    4.57139430    4.66189371    4.54952175    5.97232043    4.53766467    5.16538454    5.61178107    4.59473405    5.47495465    4.08543354    4.62279646    4.08112423    4.37862509    4.35600542    3.24555958    4.76549606    3.21905672    3.22411996    3.73255219    3.40544627    0.71993669    0.62058894    0.65175341    0.71068050    0.85583602    0.54081509    0.72487512    0.00000000    0.95733840    0.91135112    1.06170615
D5_FOWPN/687-784     4.54433590    5.03927477    6.12786269    5.64195416    5.08825234    4.73865855    5.32580664    4.64643509    5.60407259    4.25928703    4.49134140    5.41120909    4.51809010    5.72998248    5.50619971    4.67598616    3.68191356    3.75676793    4.13965742    3.27258855    5.04075502    3.60670049    3.43522208    3.51105516    3.61107753    0.71555150    0.65477775    0.66853698    0.66076521    0.83109100    0.90750592    0.94714137    0.95733840    0.00000000    0.33150681    0.73701471
Q6VZR5_CNPV/686-783     4.97227303    5.69068423    6.30333016    5.84054503    5.81520475    5.12417303    5.29700110    4.41540263    5.60279217    4.59453180    5.02632129    5.71429034    4.84850112    5.90640663    5.56748651    5.02586581    3.51772490    3.96606270    4.72767686    3.49988300    6.00310503    3.97694858    3.81865460    3.41024099    3.45220162    0.64420510    0.66338878    0.65255451    0.69673508    0.69764581    0.88807505    0.93234868    0.91135112    0.33150681    0.00000000    0.75110136
Q070D8_CPRVZ/683-780     4.59356004    4.47073900    5.54115341    5.46484209    5.54364079    4.96076442    5.57356224    4.29883993    5.61023570    4.45905193    5.13603177    5.40358709    4.91040826    5.18564172    5.11510874    4.56396893    3.74439310    3.74876662    4.41754355    3.55257583    4.22702763    3.52017019    3.36335872    3.59447145    3.39971033    0.94911385    0.88318612    0.94165707    0.84610145    1.13306678    1.05027453    0.93306739    1.06170615    0.73701471    0.75110136    0.00000000

