6
UL95_EBVB9/1-330     0.00000000    1.49493343    1.81433997    2.44643195    2.41807732    1.54624084
UL95_ALHV1/1-331     1.49493343    0.00000000    1.26612755    2.33880643    2.19244955    1.34922340
UL95_HHV8P/1-323     1.81433997    1.26612755    0.00000000    2.41023695    2.07728965    1.17549020
UL95_HHV6Z/16-346     2.44643195    2.33880643    2.41023695    0.00000000    1.15048678    2.11221263
UL95_HCMVM/103-525     2.41807732    2.19244955    2.07728965    1.15048678    0.00000000    2.01367922
UL95_EHV2/1-343     1.54624084    1.34922340    1.17549020    2.11221263    2.01367922    0.00000000

