27
F6SHF2_CIOIN/285-320     0.00000000    0.91339019    1.22091393    0.84746367    1.01515886    0.86419872    0.86373793    0.87589543    0.96274637    1.00090400    0.87477020    1.22392202    1.01385742    1.05987077    0.97031291    0.70797946    0.96283904    0.97681915    0.94124244    0.72683704    1.59268024    1.59691302    0.96299160    1.15742912    1.40330715    0.87190900    1.15058281
H3AN28_LATCH/286-322     0.91339019    0.00000000    0.56437237    0.41709492    0.63990802    0.40993284    0.38322731    0.62763760    1.05939712    0.84049673    0.73558973    1.04411670    0.69526557    0.91274995    1.29967932    0.72098834    0.82574605    1.21565328    1.02131479    0.71680333    1.40957567    1.25463764    0.41065639    0.93883074    1.03078076    0.65996494    0.87375499
W5N4B2_LEPOC/277-313     1.22091393    0.56437237    0.00000000    0.69792013    0.78516387    0.79238897    0.60198218    0.73155600    1.10468573    0.91205450    0.88230085    1.11375450    1.22057883    1.12162514    1.51945184    1.02198814    1.19501573    1.04643619    0.96007853    1.04568440    1.64227827    1.29564029    0.70514156    0.95566379    1.02680657    0.90117902    0.92391576
Q0V986_XENTR/274-310     0.84746367    0.41709492    0.69792013    0.00000000    0.53741997    0.48695150    0.43603882    0.62431241    0.91084253    0.73652714    0.72197103    0.88685574    0.77113334    1.04109077    1.24412182    0.68467388    1.09924985    1.27021182    1.15078849    0.87070587    1.37323039    1.39296477    0.64458085    0.80235398    1.17598244    0.62991513    0.89226272
G1KXF8_ANOCA/239-275     1.01515886    0.63990802    0.78516387    0.53741997    0.00000000    0.43101844    0.45701400    0.43652902    1.13408093    0.79735977    0.91516334    0.93357020    0.82795290    1.04694502    1.25582836    0.71870350    0.92643252    1.34712400    1.09544630    0.97507531    1.74893259    1.36808769    0.53275953    1.01719248    1.33210410    0.87989061    1.03655809
DMRTA_MOUSE/314-350     0.86419872    0.40993284    0.79238897    0.48695150    0.43101844    0.00000000    0.21393559    0.33677773    1.13472182    0.87337058    0.70114669    1.05469240    1.04734359    1.04114312    1.34007983    0.65934122    0.96113658    1.34630355    1.06622750    0.87665193    1.64724874    1.45146767    0.52152589    1.00549055    1.32131190    0.65687666    0.86411892
G3R135_GORGO/323-359     0.86373793    0.38322731    0.60198218    0.43603882    0.45701400    0.21393559    0.00000000    0.29343513    1.04271590    0.75457191    0.70860937    0.92228057    1.04343983    1.00730522    1.37066923    0.73737623    0.90473398    1.12087420    0.90699484    0.92673081    1.51762538    1.40939810    0.48642069    0.83705417    1.27412387    0.66314876    0.89921321
I3N5R0_ICTTR/356-392     0.87589543    0.62763760    0.73155600    0.62431241    0.43652902    0.33677773    0.29343513    0.00000000    0.98248084    0.77613628    0.78206854    1.09399522    1.08591174    0.98861735    1.37567104    0.78462829    0.88415800    1.31254106    1.14599842    0.93734064    1.78545261    1.44919738    0.61565125    0.98727050    1.45478397    0.85316378    0.95468658
J9JUU4_ACYPI/243-279     0.96274637    1.05939712    1.10468573    0.91084253    1.13408093    1.13472182    1.04271590    0.98248084    0.00000000    0.40184219    0.49858052    0.56107870    0.97536626    0.93236112    1.61731604    0.89675104    1.18106682    1.09204126    1.04482096    0.81684242    1.50072468    1.52589194    0.87401924    1.18481761    1.54361325    1.01910254    1.31296891
E0VFK2_PEDHC/93-129     1.00090400    0.84049673    0.91205450    0.73652714    0.79735977    0.87337058    0.75457191    0.77613628    0.40184219    0.00000000    0.30454359    0.41826484    0.90605168    1.02396172    1.09361492    0.92073452    1.23060959    1.11041847    1.10891833    1.01868604    1.57072754    1.35510297    0.72512854    1.15851140    1.51753801    1.01621848    1.27942879
D6WS24_TRICA/256-292     0.87477020    0.73558973    0.88230085    0.72197103    0.91516334    0.70114669    0.70860937    0.78206854    0.49858052    0.30454359    0.00000000    0.23803036    0.94991654    1.04633940    1.36143362    0.74381403    1.15438035    1.14065980    1.16935071    0.96553767    1.47480284    1.36350779    0.66816136    1.09187178    1.49738938    0.83277937    1.20718756
B3MTG8_DROAN/378-414     1.22392202    1.04411670    1.11375450    0.88685574    0.93357020    1.05469240    0.92228057    1.09399522    0.56107870    0.41826484    0.23803036    0.00000000    1.04816654    1.19479453    1.52727572    0.90000635    1.35040734    1.20947451    1.18425106    1.14849951    1.39263333    1.33646415    0.80598365    1.18193159    1.72863089    1.04736726    1.31041002
B7P132_IXOSC/113-149     1.01385742    0.69526557    1.22057883    0.77113334    0.82795290    1.04734359    1.04343983    1.08591174    0.97536626    0.90605168    0.94991654    1.04816654    0.00000000    0.68601824    1.39381426    0.98038068    0.91974610    1.13657118    1.11034189    1.06201643    1.62210868    1.43828023    1.00566235    1.41976767    1.36890196    1.10098497    1.57680135
E9G633_DAPPU/363-399     1.05987077    0.91274995    1.12162514    1.04109077    1.04694502    1.04114312    1.00730522    0.98861735    0.93236112    1.02396172    1.04633940    1.19479453    0.68601824    0.00000000    1.53283364    1.04868487    0.90619585    0.83469557    0.70928688    0.90135655    1.40640054    1.40418697    0.86484069    1.18902237    1.20114911    0.95235560    1.29974251
C3YCF3_BRAFL/233-268     0.97031291    1.29967932    1.51945184    1.24412182    1.25582836    1.34007983    1.37066923    1.37567104    1.61731604    1.09361492    1.36143362    1.52727572    1.39381426    1.53283364    0.00000000    0.67526130    0.97747380    1.10735962    1.07981383    1.11561202    1.91962205    1.64237804    0.93662236    1.05836425    1.64746128    0.85659950    1.28876220
B3S3S8_TRIAD/89-124     0.70797946    0.72098834    1.02198814    0.68467388    0.71870350    0.65934122    0.73737623    0.78462829    0.89675104    0.92073452    0.74381403    0.90000635    0.98038068    1.04868487    0.67526130    0.00000000    0.57031886    0.85236604    0.66783954    0.73441678    1.05157504    1.12285228    0.54465764    0.83859207    0.95800290    0.48315191    0.86191941
B7PCX2_IXOSC/435-470     0.96283904    0.82574605    1.19501573    1.09924985    0.92643252    0.96113658    0.90473398    0.88415800    1.18106682    1.23060959    1.15438035    1.35040734    0.91974610    0.90619585    0.97747380    0.57031886    0.00000000    0.88794678    0.90020304    0.78971931    1.51477490    1.24838979    0.71957540    0.91480475    0.71419208    0.93749699    1.07987352
B4K652_DROMO/130-166     0.97681915    1.21565328    1.04643619    1.27021182    1.34712400    1.34630355    1.12087420    1.31254106    1.09204126    1.11041847    1.14065980    1.20947451    1.13657118    0.83469557    1.10735962    0.85236604    0.88794678    0.00000000    0.24795344    0.70233916    1.32240008    1.10565699    0.72037376    1.01622589    0.91911457    0.77258864    0.77749428
W5JJ55_ANODA/54-89     0.94124244    1.02131479    0.96007853    1.15078849    1.09544630    1.06622750    0.90699484    1.14599842    1.04482096    1.10891833    1.16935071    1.18425106    1.11034189    0.70928688    1.07981383    0.66783954    0.90020304    0.24795344    0.00000000    0.67444693    1.31909176    1.17425156    0.75268483    0.86516810    1.02178894    0.63886209    0.81181723
T1KDU7_TETUR/274-308     0.72683704    0.71680333    1.04568440    0.87070587    0.97507531    0.87665193    0.92673081    0.93734064    0.81684242    1.01868604    0.96553767    1.14849951    1.06201643    0.90135655    1.11561202    0.73441678    0.78971931    0.70233916    0.67444693    0.00000000    0.82527274    0.87372984    0.40956722    0.84748174    0.80285490    0.46076162    0.84806194
A8X4G6_CAEBR/147-183     1.59268024    1.40957567    1.64227827    1.37323039    1.74893259    1.64724874    1.51762538    1.78545261    1.50072468    1.57072754    1.47480284    1.39263333    1.62210868    1.40640054    1.91962205    1.05157504    1.51477490    1.32240008    1.31909176    0.82527274    0.00000000    0.28976177    0.99478343    1.45557595    1.52058517    0.91793826    1.16865927
Q18248_CAEEL/144-180     1.59691302    1.25463764    1.29564029    1.39296477    1.36808769    1.45146767    1.40939810    1.44919738    1.52589194    1.35510297    1.36350779    1.33646415    1.43828023    1.40418697    1.64237804    1.12285228    1.24838979    1.10565699    1.17425156    0.87372984    0.28976177    0.00000000    0.83491240    1.47105157    1.17744234    1.01773319    1.06317940
H3AVL7_LATCH/180-216     0.96299160    0.41065639    0.70514156    0.64458085    0.53275953    0.52152589    0.48642069    0.61565125    0.87401924    0.72512854    0.66816136    0.80598365    1.00566235    0.86484069    0.93662236    0.54465764    0.71957540    0.72037376    0.75268483    0.40956722    0.99478343    0.83491240    0.00000000    0.62348884    0.68555695    0.47078559    0.63974934
G3UKZ4_LOXAF/136-172     1.15742912    0.93883074    0.95566379    0.80235398    1.01719248    1.00549055    0.83705417    0.98727050    1.18481761    1.15851140    1.09187178    1.18193159    1.41976767    1.18902237    1.05836425    0.83859207    0.91480475    1.01622589    0.86516810    0.84748174    1.45557595    1.47105157    0.62348884    0.00000000    0.54006172    0.86862108    0.71775704
C3YCF4_BRAFL/285-320     1.40330715    1.03078076    1.02680657    1.17598244    1.33210410    1.32131190    1.27412387    1.45478397    1.54361325    1.51753801    1.49738938    1.72863089    1.36890196    1.20114911    1.64746128    0.95800290    0.71419208    0.91911457    1.02178894    0.80285490    1.52058517    1.17744234    0.68555695    0.54006172    0.00000000    0.88640091    0.81555252
K1RAP5_CRAGI/198-234     0.87190900    0.65996494    0.90117902    0.62991513    0.87989061    0.65687666    0.66314876    0.85316378    1.01910254    1.01621848    0.83277937    1.04736726    1.10098497    0.95235560    0.85659950    0.48315191    0.93749699    0.77258864    0.63886209    0.46076162    0.91793826    1.01773319    0.47078559    0.86862108    0.88640091    0.00000000    0.62520363
A7SV97_NEMVE/49-83     1.15058281    0.87375499    0.92391576    0.89226272    1.03655809    0.86411892    0.89921321    0.95468658    1.31296891    1.27942879    1.20718756    1.31041002    1.57680135    1.29974251    1.28876220    0.86191941    1.07987352    0.77749428    0.81181723    0.84806194    1.16865927    1.06317940    0.63974934    0.71775704    0.81555252    0.62520363    0.00000000

