30
G0MSW9_CAEBE/25-62     0.00000000    0.83363213    0.93857412    0.76572759    0.76641654    0.89380915    1.05864585    0.93798235    1.49790846    1.13040428    0.91692049    0.72025595    1.03904953    0.87846315    1.06844302    1.23786791    1.28788601    1.31267734    1.34477766    1.69129040    1.46357789    1.54318240    1.55651439    1.32970653    1.21207051    1.15742833    1.13274771    1.18522696    0.99581445    1.36275194
Q22457_CAEEL/47-84     0.83363213    0.00000000    0.49969611    0.30655354    0.22712436    0.51121376    0.37726014    0.34866358    0.70015995    0.51486674    0.42600454    0.85680653    0.89278386    0.75805916    0.82239654    1.34648318    0.96438037    1.40209215    1.31085416    1.62119667    1.45203545    1.53399626    1.82549867    1.37992579    1.28743079    1.13237649    1.53249463    1.19857123    1.14102279    1.50049113
G0MSW7_CAEBE/45-82     0.93857412    0.49969611    0.00000000    0.31379981    0.58440798    0.65693864    0.78607044    0.56788865    0.95107759    0.71225633    0.58633526    1.03962747    1.17606670    1.08292032    0.99214808    1.60018466    1.19601189    1.53037992    1.67638920    1.93485346    1.74524903    1.69247615    1.97052726    1.32891813    1.68114089    1.49637802    1.56933337    1.59457419    1.06145180    1.38833841
G0MSX4_CAEBE/27-64     0.76572759    0.30655354    0.31379981    0.00000000    0.34070000    0.44746923    0.52466645    0.51170426    0.81301917    0.54179166    0.38378848    0.66019143    0.72770333    0.67406425    0.72014362    1.23397752    0.81774597    1.28353403    1.09659609    1.67591975    1.50141836    1.45760292    1.80064967    1.15610101    1.31998623    0.96036978    1.06670024    0.94331747    0.86602687    1.28376679
G0MSX3_CAEBE/10-47     0.76641654    0.22712436    0.58440798    0.34070000    0.00000000    0.47055024    0.34324898    0.36061296    0.84369807    0.57263758    0.28334643    0.59951301    0.85367444    0.67133066    0.72006852    1.25383452    0.91936456    1.32065371    1.13335722    1.55612107    1.25264455    1.47645708    1.61913223    1.19952431    1.49717616    1.06741773    1.15535119    1.00371075    0.95494408    1.38741627
Q9N4R3_CAEEL/47-84     0.89380915    0.51121376    0.65693864    0.44746923    0.47055024    0.00000000    0.38034894    0.49847836    0.70965433    0.36444629    0.44234223    0.70135126    0.79972377    0.76128588    0.65767972    1.10736871    0.83559184    1.12109960    1.02968095    1.56696554    1.32662975    1.50263503    1.61127181    1.42953020    1.12593951    0.99086533    1.09158363    0.96264785    0.75781541    1.17603632
E5QCE5_CAEEL/77-114     1.05864585    0.37726014    0.78607044    0.52466645    0.34324898    0.38034894    0.00000000    0.47523820    0.87874415    0.54506435    0.51333433    0.92914023    1.07070709    0.90052190    0.93933551    1.40319190    1.04073541    1.41428261    1.31228341    1.55038668    1.33998027    1.42958665    1.65321049    1.50292349    1.41178007    1.29711288    1.53182879    1.27138340    1.08807024    1.63262052
A8XKU4_CAEBR/45-82     0.93798235    0.34866358    0.56788865    0.51170426    0.36061296    0.49847836    0.47523820    0.00000000    0.38370822    0.31785585    0.54548049    0.64717967    0.90594356    0.59955336    0.70289668    1.16543994    0.60097610    0.99186674    1.02572275    1.43974418    1.36256281    1.69321520    1.39954913    1.19119692    1.26648047    0.93215069    1.30203865    1.15861476    0.76948031    1.17520887
E3LDN8_CAERE/67-104     1.49790846    0.70015995    0.95107759    0.81301917    0.84369807    0.70965433    0.87874415    0.38370822    0.00000000    0.35504353    0.70469500    0.76330142    0.90906953    0.84571759    0.89876412    1.08476864    0.76257455    1.12032425    0.97829615    1.73695180    1.45517182    1.67999275    1.16474374    1.33313425    1.00514025    1.02205041    1.45319730    1.02326561    0.81223447    1.22496425
E5QCE4_CAEEL/60-97     1.13040428    0.51486674    0.71225633    0.54179166    0.57263758    0.36444629    0.54506435    0.31785585    0.35504353    0.00000000    0.50409828    0.62186090    0.77203466    0.69491241    0.70439770    1.19747292    0.71254712    1.02022507    0.88374859    1.45119065    1.21631343    1.60213013    1.17362171    1.35551917    0.96415862    1.02869245    1.40338812    1.07641040    0.85072705    1.19707880
A8XKU4_CAEBR/192-229     0.91692049    0.42600454    0.58633526    0.38378848    0.28334643    0.44234223    0.51333433    0.54548049    0.70469500    0.50409828    0.00000000    0.61303847    0.70332270    0.61742292    0.61064564    1.16001301    0.89832913    1.15650118    0.99584017    1.58913217    1.20827520    1.47848546    1.71103345    1.22114350    1.26529370    0.84332160    1.07574340    0.85134796    0.82283765    1.17318772
E3MTZ2_CAERE/7-44     0.72025595    0.85680653    1.03962747    0.66019143    0.59951301    0.70135126    0.92914023    0.64717967    0.76330142    0.62186090    0.61303847    0.00000000    0.46700304    0.51292183    0.68949122    0.73862900    0.67053011    0.74553988    0.63664117    1.24724380    1.09411260    1.23823788    1.23716642    0.94371143    0.86310711    0.76372302    0.71616964    0.81869860    0.53552416    0.78822045
E3M4E3_CAERE/30-64     1.03904953    0.89278386    1.17606670    0.72770333    0.85367444    0.79972377    1.07070709    0.90594356    0.90906953    0.77203466    0.70332270    0.46700304    0.00000000    0.61122188    0.67100296    0.63751189    0.92925726    1.17453926    0.95847290    1.78229724    1.83790961    1.64112918    1.95957982    1.31030481    1.25239834    0.99743197    1.07112863    0.86025493    0.79793934    1.23158095
O45558_CAEEL/33-70     0.87846315    0.75805916    1.08292032    0.67406425    0.67133066    0.76128588    0.90052190    0.59955336    0.84571759    0.69491241    0.61742292    0.51292183    0.61122188    0.00000000    0.46286445    0.73017152    0.47657721    0.58975683    0.56526674    0.97637662    1.13381023    1.14817058    1.22919269    0.91899523    0.81210369    0.55212107    0.83436231    0.68509152    0.57885708    0.90436666
G0MJ73_CAEBE/36-73     1.06844302    0.82239654    0.99214808    0.72014362    0.72006852    0.65767972    0.93933551    0.70289668    0.89876412    0.70439770    0.61064564    0.68949122    0.67100296    0.46286445    0.00000000    0.69348601    0.49067428    0.81854629    0.69839272    1.00067868    1.32851430    1.27375075    1.58326231    1.15705170    0.79707270    0.73287193    0.87977924    0.68500938    0.55196160    0.91422610
A8WYR4_CAEBR/29-65     1.23786791    1.34648318    1.60018466    1.23397752    1.25383452    1.10736871    1.40319190    1.16543994    1.08476864    1.19747292    1.16001301    0.73862900    0.63751189    0.73017152    0.69348601    0.00000000    0.78628374    1.02574640    0.79221059    1.78684448    1.67735206    1.64798794    1.78800971    1.50888302    0.92679822    0.92078457    0.94564065    0.84832072    0.69076501    1.04619016
E3M4E2_CAERE/194-231     1.28788601    0.96438037    1.19601189    0.81774597    0.91936456    0.83559184    1.04073541    0.60097610    0.76257455    0.71254712    0.89832913    0.67053011    0.92925726    0.47657721    0.49067428    0.78628374    0.00000000    0.41584762    0.44438488    0.94567775    1.23250001    1.16935118    1.19175350    0.96454588    0.67967827    0.76529751    0.90562045    0.75349098    0.48851341    0.75041226
B6IFD7_CAEBR/43-80     1.31267734    1.40209215    1.53037992    1.28353403    1.32065371    1.12109960    1.41428261    0.99186674    1.12032425    1.02022507    1.15650118    0.74553988    1.17453926    0.58975683    0.81854629    1.02574640    0.41584762    0.00000000    0.40156756    1.15914874    1.31713920    1.19667837    1.31855706    0.91847896    0.65296861    0.79544836    0.90734244    0.78932092    0.71408580    0.66862809
G0MPT4_CAEBE/27-64     1.34477766    1.31085416    1.67638920    1.09659609    1.13335722    1.02968095    1.31228341    1.02572275    0.97829615    0.88374859    0.99584017    0.63664117    0.95847290    0.56526674    0.69839272    0.79221059    0.44438488    0.40156756    0.00000000    1.01063954    1.16645011    1.06529447    1.36947117    1.05340164    0.37909588    0.71013234    0.80627376    0.57871129    0.84401941    0.89306135
A5JYX2_CAEEL/58-95     1.69129040    1.62119667    1.93485346    1.67591975    1.55612107    1.56696554    1.55038668    1.43974418    1.73695180    1.45119065    1.58913217    1.24724380    1.78229724    0.97637662    1.00067868    1.78684448    0.94567775    1.15914874    1.01063954    0.00000000    1.32915453    1.22878489    1.59694291    1.61296519    0.86597756    1.42753957    1.52548478    1.53909582    1.23534115    1.36089115
Q9TZ81_CAEEL/406-443     1.46357789    1.45203545    1.74524903    1.50141836    1.25264455    1.32662975    1.33998027    1.36256281    1.45517182    1.21631343    1.20827520    1.09411260    1.83790961    1.13381023    1.32851430    1.67735206    1.23250001    1.31713920    1.16645011    1.32915453    0.00000000    0.67239523    0.80402371    1.18965336    1.02527046    1.17117543    1.31571441    1.20207077    1.23359290    1.39803545
Q9TZ81_CAEEL/73-110     1.54318240    1.53399626    1.69247615    1.45760292    1.47645708    1.50263503    1.42958665    1.69321520    1.67999275    1.60213013    1.47848546    1.23823788    1.64112918    1.14817058    1.27375075    1.64798794    1.16935118    1.19667837    1.06529447    1.22878489    0.67239523    0.00000000    1.24791605    1.16539106    0.99684217    1.36778719    1.34228413    1.22180679    1.32538717    1.57334082
K8ESN2_CAEEL/302-340     1.55651439    1.82549867    1.97052726    1.80064967    1.61913223    1.61127181    1.65321049    1.39954913    1.16474374    1.17362171    1.71103345    1.23716642    1.95957982    1.22919269    1.58326231    1.78800971    1.19175350    1.31855706    1.36947117    1.59694291    0.80402371    1.24791605    0.00000000    0.91707397    1.07216290    1.31732314    1.12318240    1.34270737    1.50493952    1.69965690
K8ESN2_CAEEL/194-232     1.32970653    1.37992579    1.32891813    1.15610101    1.19952431    1.42953020    1.50292349    1.19119692    1.33313425    1.35551917    1.22114350    0.94371143    1.31030481    0.91899523    1.15705170    1.50888302    0.96454588    0.91847896    1.05340164    1.61296519    1.18965336    1.16539106    0.91707397    0.00000000    1.10490391    1.29911643    1.05681642    1.15575400    1.24934730    1.51908265
A9Z1L3_CAEEL/60-96     1.21207051    1.28743079    1.68114089    1.31998623    1.49717616    1.12593951    1.41178007    1.26648047    1.00514025    0.96415862    1.26529370    0.86310711    1.25239834    0.81210369    0.79707270    0.92679822    0.67967827    0.65296861    0.37909588    0.86597756    1.02527046    0.99684217    1.07216290    1.10490391    0.00000000    0.78649953    0.95152432    0.88616834    0.83939802    0.94035935
E3M4E2_CAERE/76-113     1.15742833    1.13237649    1.49637802    0.96036978    1.06741773    0.99086533    1.29711288    0.93215069    1.02205041    1.02869245    0.84332160    0.76372302    0.99743197    0.55212107    0.73287193    0.92078457    0.76529751    0.79544836    0.71013234    1.42753957    1.17117543    1.36778719    1.31732314    1.29911643    0.78649953    0.00000000    0.44271581    0.41633746    0.67710272    0.84312033
A8XEW5_CAEBR/28-65     1.13274771    1.53249463    1.56933337    1.06670024    1.15535119    1.09158363    1.53182879    1.30203865    1.45319730    1.40338812    1.07574340    0.71616964    1.07112863    0.83436231    0.87977924    0.94564065    0.90562045    0.90734244    0.80627376    1.52548478    1.31571441    1.34228413    1.12318240    1.05681642    0.95152432    0.44271581    0.00000000    0.44118715    0.59996527    0.64464117
G0MPT6_CAEBE/27-64     1.18522696    1.19857123    1.59457419    0.94331747    1.00371075    0.96264785    1.27138340    1.15861476    1.02326561    1.07641040    0.85134796    0.81869860    0.86025493    0.68509152    0.68500938    0.84832072    0.75349098    0.78932092    0.57871129    1.53909582    1.20207077    1.22180679    1.34270737    1.15575400    0.88616834    0.41633746    0.44118715    0.00000000    0.70930427    0.79014051
E3LN74_CAERE/29-66     0.99581445    1.14102279    1.06145180    0.86602687    0.95494408    0.75781541    1.08807024    0.76948031    0.81223447    0.85072705    0.82283765    0.53552416    0.79793934    0.57885708    0.55196160    0.69076501    0.48851341    0.71408580    0.84401941    1.23534115    1.23359290    1.32538717    1.50493952    1.24934730    0.83939802    0.67710272    0.59996527    0.70930427    0.00000000    0.47830838
E3N6K1_CAERE/24-61     1.36275194    1.50049113    1.38833841    1.28376679    1.38741627    1.17603632    1.63262052    1.17520887    1.22496425    1.19707880    1.17318772    0.78822045    1.23158095    0.90436666    0.91422610    1.04619016    0.75041226    0.66862809    0.89306135    1.36089115    1.39803545    1.57334082    1.69965690    1.51908265    0.94035935    0.84312033    0.64464117    0.79014051    0.47830838    0.00000000

