36
B9TGH0_RICCO/13-187     0.00000000    0.68541189    0.69794855    0.75814750    0.77305105    0.74941579    0.69503842    0.77439374    0.71013092    1.02989480    0.95602459    1.02166936    0.72067406    0.64985837    0.70838272    0.66210062    0.69761116    0.97152254    2.08688292    1.91579340    1.64987890    1.67109311    1.83222625    1.84448034    1.96205541    1.64530955    1.77232230    1.64862911    1.62531606    2.27610300    2.25076098    1.64443377    0.78064958    0.73459034    0.66480626    0.59965964
I4EAC4_METSZ/13-204     0.68541189    0.00000000    0.66236300    0.63330935    0.68402705    0.64147040    0.57330561    0.62188546    0.62043532    0.99446279    0.96435574    0.93197317    0.69565860    0.61433888    0.65645525    0.57456222    0.63555955    1.00868931    1.90036026    1.94516931    1.69642153    1.56489217    1.69990195    1.80152551    1.70801663    1.70531482    1.62250148    1.58393062    1.50094398    2.35393133    2.24620122    1.93281909    0.81773593    0.76787035    0.68059825    0.65061042
Q11N32_CHESB/13-187     0.69794855    0.66236300    0.00000000    0.38262324    0.37284390    0.34913816    0.61386898    0.64864505    0.64657777    1.17648206    1.00690985    1.08196874    0.79249509    0.75635877    0.71478478    0.63024058    0.77164077    1.16018565    1.87905436    2.18650849    1.50368667    1.54706007    1.56939680    1.69310405    1.92213036    1.69902259    1.65855643    1.55162868    1.57077368    2.44740665    2.28788096    1.59635302    0.75206723    0.68200147    0.79815272    0.73548825
A7IPR2_XANP2/13-187     0.75814750    0.63330935    0.38262324    0.00000000    0.32335706    0.34732545    0.58450485    0.63277226    0.57556155    1.12106398    0.93549391    0.94922520    0.72173388    0.74855708    0.75396681    0.63460853    0.80981554    1.13398294    1.62976557    2.15408637    1.42096228    1.49232102    1.57255147    1.71963127    1.78761479    1.69224176    1.70437292    1.46137881    1.54112199    2.33115946    2.20969577    1.74739449    0.76687729    0.77862626    0.78270854    0.74200861
F2J6Y5_POLGS/13-187     0.77305105    0.68402705    0.37284390    0.32335706    0.00000000    0.24509717    0.51145645    0.61423946    0.56052606    1.05356849    0.91806945    1.08843415    0.72657930    0.72196833    0.78930474    0.62943360    0.78118727    1.23737467    1.75987573    2.22057146    1.50375787    1.56429038    1.62869239    1.63319350    1.94415327    1.69120084    1.63775811    1.60387137    1.49607359    2.33519273    2.33898187    1.74881533    0.78942756    0.75203416    0.75457403    0.78886694
Q1QF49_NITHX/13-188     0.74941579    0.64147040    0.34913816    0.34732545    0.24509717    0.00000000    0.57756342    0.65223288    0.62247625    1.11952935    0.99716653    1.08491095    0.76252503    0.80958182    0.77581251    0.63407071    0.72874853    1.17866695    1.84907899    2.08197828    1.50978370    1.54277457    1.63762778    1.68577416    1.90686204    1.61750734    1.60577607    1.53515177    1.55842369    2.53291957    2.39509002    1.66825597    0.81341858    0.69834291    0.79771598    0.84326767
Q1QFW3_NITHX/13-187     0.69503842    0.57330561    0.61386898    0.58450485    0.51145645    0.57756342    0.00000000    0.51507021    0.49826825    0.98474191    0.80568426    0.84082853    0.73578848    0.71989729    0.68645864    0.65878180    0.69476982    1.00119675    2.02081256    1.75619252    1.60760602    1.60706770    1.58506497    1.71677061    1.88175465    1.65627897    1.82937643    1.64234572    1.60884250    2.33033016    2.27818997    1.90284416    0.64394904    0.75234099    0.72215888    0.55696626
F8C192_OLICO/13-188     0.77439374    0.62188546    0.64864505    0.63277226    0.61423946    0.65223288    0.51507021    0.00000000    0.23950851    0.89019426    0.87900567    0.92062675    0.73350779    0.71287846    0.71151519    0.67210318    0.65134353    0.97433309    1.98330503    2.07412427    1.76248257    1.65898128    1.63925722    1.71195934    2.02894035    1.80055822    1.64662216    1.63584979    1.61311363    2.38479602    2.56223331    1.85054794    0.72439795    0.74489363    0.80155895    0.67777583
Q1QF94_NITHX/150-317     0.71013092    0.62043532    0.64657777    0.57556155    0.56052606    0.62247625    0.49826825    0.23950851    0.00000000    0.99982795    0.85766940    0.81606566    0.68615963    0.69540128    0.72607632    0.70357999    0.64273361    0.95609563    2.02195806    2.04640045    1.73029531    1.72862784    1.74353207    1.87252468    2.03549545    1.76147535    1.71009734    1.61388639    1.66510133    2.39354475    2.55563058    1.92255584    0.73506977    0.72813786    0.72657325    0.62236328
Q3IUZ8_RHOS4/11-183     1.02989480    0.99446279    1.17648206    1.12106398    1.05356849    1.11952935    0.98474191    0.89019426    0.99982795    0.00000000    1.04192940    0.94431020    0.96941920    0.96852056    1.04540695    1.03850950    0.95285341    1.11572412    1.74863540    1.85694186    1.87013746    1.83137892    2.00571708    2.00368527    2.24030089    2.15566877    1.98281295    2.23112474    1.91262672    2.78702490    2.77389520    1.93017362    1.01132431    1.09772309    1.11712316    1.02303506
Q3IVJ0_RHOS4/13-185     0.95602459    0.96435574    1.00690985    0.93549391    0.91806945    0.99716653    0.80568426    0.87900567    0.85766940    1.04192940    0.00000000    0.54722592    0.90860957    0.89600624    1.04764934    1.00828257    0.84326767    1.00345759    2.10674403    2.29537735    1.56725786    1.64583328    1.65783747    1.87042527    2.25870577    2.04052015    1.75420893    1.66348088    1.73445933    2.21157948    2.22545186    1.74914921    0.96595695    1.01674802    0.85976689    0.79516871
S5XZH4_PARAH/13-184     1.02166936    0.93197317    1.08196874    0.94922520    1.08843415    1.08491095    0.84082853    0.92062675    0.81606566    0.94431020    0.54722592    0.00000000    0.82920714    0.83965625    1.00744189    0.99896124    0.84384291    1.10856883    2.04220883    2.04367029    2.01018878    1.99416704    2.14949925    2.22208685    2.42899558    2.16276251    2.25424483    1.91898713    2.06393305    2.39266757    2.72305755    1.96633013    0.99257056    1.03305630    0.91947778    0.76360990
A6X7F0_OCHA4/13-187     0.72067406    0.69565860    0.79249509    0.72173388    0.72657930    0.76252503    0.73578848    0.73350779    0.68615963    0.96941920    0.90860957    0.82920714    0.00000000    0.28726056    0.55305374    0.53912084    0.51832335    0.86244370    1.77009524    1.92543599    1.64702782    1.63764353    1.73429360    1.84028571    1.90626556    1.74756758    1.82355705    1.66709531    1.72113331    2.06709955    2.14436369    1.71763881    0.74960040    0.71500109    0.68042411    0.53900949
Q2YIS0_BRUA2/13-187     0.64985837    0.61433888    0.75635877    0.74855708    0.72196833    0.80958182    0.71989729    0.71287846    0.69540128    0.96852056    0.89600624    0.83965625    0.28726056    0.00000000    0.50812050    0.51412211    0.55978735    0.90793404    1.78529013    1.75674056    1.76928298    1.60217170    1.77294002    1.68033735    1.76261538    1.82679182    1.88120750    1.85969036    1.83533049    2.32425834    2.38806401    1.68562068    0.74490033    0.77531701    0.59508733    0.49955567
Q11AH1_CHESB/13-187     0.70838272    0.65645525    0.71478478    0.75396681    0.78930474    0.77581251    0.68645864    0.71151519    0.72607632    1.04540695    1.04764934    1.00744189    0.55305374    0.50812050    0.00000000    0.30252826    0.48888196    0.85807721    1.77540076    2.03861345    1.71983286    1.70590276    1.93727438    1.98922692    2.01681400    1.92230069    1.78703392    1.64903934    1.70402503    2.43076293    2.44401761    2.01657902    0.67250000    0.71387179    0.68597730    0.61972504
Q11AK6_CHESB/13-187     0.66210062    0.57456222    0.63024058    0.63460853    0.62943360    0.63407071    0.65878180    0.67210318    0.70357999    1.03850950    1.00828257    0.99896124    0.53912084    0.51412211    0.30252826    0.00000000    0.42589586    0.87058220    1.69266636    2.14361190    1.57081923    1.73407451    1.84032916    1.81099430    2.11779934    1.93176137    1.79779837    1.68447976    1.71311393    2.39698486    2.55766512    1.86294237    0.66066132    0.75132855    0.58387670    0.64053149
A6X8C4_OCHA4/14-189     0.69761116    0.63555955    0.77164077    0.80981554    0.78118727    0.72874853    0.69476982    0.65134353    0.64273361    0.95285341    0.84326767    0.84384291    0.51832335    0.55978735    0.48888196    0.42589586    0.00000000    0.74391849    1.72216907    2.18563646    1.78644341    1.75265300    1.66963474    1.77294762    2.14431725    1.97527921    1.81490455    1.76950119    1.80602249    2.36620911    2.50763793    1.51611912    0.74758511    0.72886736    0.61987497    0.54834804
A6X7L7_OCHA4/20-186     0.97152254    1.00868931    1.16018565    1.13398294    1.23737467    1.17866695    1.00119675    0.97433309    0.95609563    1.11572412    1.00345759    1.10856883    0.86244370    0.90793404    0.85807721    0.87058220    0.74391849    0.00000000    2.25652240    2.54731725    2.01214991    1.93919776    1.83466000    1.99150874    2.33641957    2.33742650    2.04267360    2.19280878    2.19148398    2.37003727    2.72577055    2.05156283    1.00324110    1.03470778    0.88144058    0.86188409
C7JIC4_ACEP3/13-188     2.08688292    1.90036026    1.87905436    1.62976557    1.75987573    1.84907899    2.02081256    1.98330503    2.02195806    1.74863540    2.10674403    2.04220883    1.77009524    1.78529013    1.77540076    1.69266636    1.72216907    2.25652240    0.00000000    1.83333886    1.65789058    1.74210929    1.85846571    1.85840968    1.61669641    1.63248606    1.81481295    1.70700297    1.62609743    2.82372997    2.94421104    2.42377569    1.93441350    1.95445726    1.86908190    1.94705170
Q5HXT6_GLUOX/20-184     1.91579340    1.94516931    2.18650849    2.15408637    2.22057146    2.08197828    1.75619252    2.07412427    2.04640045    1.85694186    2.29537735    2.04367029    1.92543599    1.75674056    2.03861345    2.14361190    2.18563646    2.54731725    1.83333886    0.00000000    2.06748792    2.09965420    2.27552164    2.28872074    2.36840154    2.31710760    2.25664698    2.64201838    2.44684581    2.98136018    2.94523242    2.41710155    2.37032085    2.25443288    1.99431918    1.79261731
A8LTA6_DINSH/7-179     1.64987890    1.69642153    1.50368667    1.42096228    1.50375787    1.50978370    1.60760602    1.76248257    1.73029531    1.87013746    1.56725786    2.01018878    1.64702782    1.76928298    1.71983286    1.57081923    1.78644341    2.01214991    1.65789058    2.06748792    0.00000000    0.41356540    1.21874611    1.44450216    1.62309497    1.18668250    1.20449566    1.12681556    1.26230738    1.95247325    2.07866028    1.82476010    1.62465626    1.59643488    1.71019841    1.63697839
Q07GS3_ROSDO/7-179     1.67109311    1.56489217    1.54706007    1.49232102    1.56429038    1.54277457    1.60706770    1.65898128    1.72862784    1.83137892    1.64583328    1.99416704    1.63764353    1.60217170    1.70590276    1.73407451    1.75265300    1.93919776    1.74210929    2.09965420    0.41356540    0.00000000    1.18006754    1.47683578    1.53924296    1.30676935    1.33585074    1.21622751    1.32053508    1.98321441    1.88046405    1.66803876    1.53731763    1.53451448    1.57262579    1.64059029
F8C0W8_OLICO/16-185     1.83222625    1.69990195    1.56939680    1.57255147    1.62869239    1.63762778    1.58506497    1.63925722    1.74353207    2.00571708    1.65783747    2.14949925    1.73429360    1.77294002    1.93727438    1.84032916    1.66963474    1.83466000    1.85846571    2.27552164    1.21874611    1.18006754    0.00000000    0.63752675    1.78536020    1.35806773    1.51447857    1.57310023    1.52435055    2.09373928    2.31757895    1.93580824    1.77966316    1.72506979    1.73407965    1.61247411
Q11MP7_CHESB/20-195     1.84448034    1.80152551    1.69310405    1.71963127    1.63319350    1.68577416    1.71677061    1.71195934    1.87252468    2.00368527    1.87042527    2.22208685    1.84028571    1.68033735    1.98922692    1.81099430    1.77294762    1.99150874    1.85840968    2.28872074    1.44450216    1.47683578    0.63752675    0.00000000    1.72970551    1.67238029    1.59704866    1.77617874    1.75194942    2.17952981    2.35271322    1.65426028    1.77036436    1.71533875    1.85881258    1.77224834
B2ILH6_BEII9/15-185     1.96205541    1.70801663    1.92213036    1.78761479    1.94415327    1.90686204    1.88175465    2.02894035    2.03549545    2.24030089    2.25870577    2.42899558    1.90626556    1.76261538    2.01681400    2.11779934    2.14431725    2.33641957    1.61669641    2.36840154    1.62309497    1.53924296    1.78536020    1.72970551    0.00000000    0.92478252    1.02132619    1.06633349    0.93361585    2.29940911    2.45091829    2.16372477    1.92767300    1.97736304    2.19517131    2.03257432
A5FTF7_ACICJ/19-192     1.64530955    1.70531482    1.69902259    1.69224176    1.69120084    1.61750734    1.65627897    1.80055822    1.76147535    2.15566877    2.04052015    2.16276251    1.74756758    1.82679182    1.92230069    1.93176137    1.97527921    2.33742650    1.63248606    2.31710760    1.18668250    1.30676935    1.35806773    1.67238029    0.92478252    0.00000000    0.58177933    0.62655628    0.50517021    2.03450551    2.01333603    1.94186422    1.70734773    1.77737066    1.79439871    1.76630455
A5FU36_ACICJ/42-214     1.77232230    1.62250148    1.65855643    1.70437292    1.63775811    1.60577607    1.82937643    1.64662216    1.71009734    1.98281295    1.75420893    2.25424483    1.82355705    1.88120750    1.78703392    1.79779837    1.81490455    2.04267360    1.81481295    2.25664698    1.20449566    1.33585074    1.51447857    1.59704866    1.02132619    0.58177933    0.00000000    0.50942302    0.51344923    1.85683456    1.98119209    1.89101480    1.70006964    1.86204119    1.73398956    1.79380110
A5FTI7_ACICJ/21-197     1.64862911    1.58393062    1.55162868    1.46137881    1.60387137    1.53515177    1.64234572    1.63584979    1.61388639    2.23112474    1.66348088    1.91898713    1.66709531    1.85969036    1.64903934    1.68447976    1.76950119    2.19280878    1.70700297    2.64201838    1.12681556    1.21622751    1.57310023    1.77617874    1.06633349    0.62655628    0.50942302    0.00000000    0.48137193    2.14678438    2.32301365    1.88430296    1.61718047    1.73429709    1.65762806    1.68214078
A5FU93_ACICJ/23-197     1.62531606    1.50094398    1.57077368    1.54112199    1.49607359    1.55842369    1.60884250    1.61311363    1.66510133    1.91262672    1.73445933    2.06393305    1.72113331    1.83533049    1.70402503    1.71311393    1.80602249    2.19148398    1.62609743    2.44684581    1.26230738    1.32053508    1.52435055    1.75194942    0.93361585    0.50517021    0.51344923    0.48137193    0.00000000    2.62395186    2.52534356    2.08899709    1.59050450    1.70961205    1.65650634    1.81237960
A6X7M2_OCHA4/13-184     2.27610300    2.35393133    2.44740665    2.33115946    2.33519273    2.53291957    2.33033016    2.38479602    2.39354475    2.78702490    2.21157948    2.39266757    2.06709955    2.32425834    2.43076293    2.39698486    2.36620911    2.37003727    2.82372997    2.98136018    1.95247325    1.98321441    2.09373928    2.17952981    2.29940911    2.03450551    1.85683456    2.14678438    2.62395186    0.00000000    0.44315730    2.40881905    2.30771559    2.33870359    2.46092118    2.23681195
B9K654_AGRVS/13-181     2.25076098    2.24620122    2.28788096    2.20969577    2.33898187    2.39509002    2.27818997    2.56223331    2.55563058    2.77389520    2.22545186    2.72305755    2.14436369    2.38806401    2.44401761    2.55766512    2.50763793    2.72577055    2.94421104    2.94523242    2.07866028    1.88046405    2.31757895    2.35271322    2.45091829    2.01333603    1.98119209    2.32301365    2.52534356    0.44315730    0.00000000    2.12381951    2.46254915    2.46976442    2.43750447    2.48013388
B8IWH1_METNO/7-174     1.64443377    1.93281909    1.59635302    1.74739449    1.74881533    1.66825597    1.90284416    1.85054794    1.92255584    1.93017362    1.74914921    1.96633013    1.71763881    1.68562068    2.01657902    1.86294237    1.51611912    2.05156283    2.42377569    2.41710155    1.82476010    1.66803876    1.93580824    1.65426028    2.16372477    1.94186422    1.89101480    1.88430296    2.08899709    2.40881905    2.12381951    0.00000000    1.80107746    1.73562392    1.84424037    1.56545303
A6X7W4_OCHA4/13-187     0.78064958    0.81773593    0.75206723    0.76687729    0.78942756    0.81341858    0.64394904    0.72439795    0.73506977    1.01132431    0.96595695    0.99257056    0.74960040    0.74490033    0.67250000    0.66066132    0.74758511    1.00324110    1.93441350    2.37032085    1.62465626    1.53731763    1.77966316    1.77036436    1.92767300    1.70734773    1.70006964    1.61718047    1.59050450    2.30771559    2.46254915    1.80107746    0.00000000    0.38086190    0.73982815    0.63261012
Q7D451_AGRFC/13-187     0.73459034    0.76787035    0.68200147    0.77862626    0.75203416    0.69834291    0.75234099    0.74489363    0.72813786    1.09772309    1.01674802    1.03305630    0.71500109    0.77531701    0.71387179    0.75132855    0.72886736    1.03470778    1.95445726    2.25443288    1.59643488    1.53451448    1.72506979    1.71533875    1.97736304    1.77737066    1.86204119    1.73429709    1.70961205    2.33870359    2.46976442    1.73562392    0.38086190    0.00000000    0.71979715    0.61263882
Q7CTM5_AGRFC/13-187     0.66480626    0.68059825    0.79815272    0.78270854    0.75457403    0.79771598    0.72215888    0.80155895    0.72657325    1.11712316    0.85976689    0.91947778    0.68042411    0.59508733    0.68597730    0.58387670    0.61987497    0.88144058    1.86908190    1.99431918    1.71019841    1.57262579    1.73407965    1.85881258    2.19517131    1.79439871    1.73398956    1.65762806    1.65650634    2.46092118    2.43750447    1.84424037    0.73982815    0.71979715    0.00000000    0.49829093
Q92XG2_RHIME/13-186     0.59965964    0.65061042    0.73548825    0.74200861    0.78886694    0.84326767    0.55696626    0.67777583    0.62236328    1.02303506    0.79516871    0.76360990    0.53900949    0.49955567    0.61972504    0.64053149    0.54834804    0.86188409    1.94705170    1.79261731    1.63697839    1.64059029    1.61247411    1.77224834    2.03257432    1.76630455    1.79380110    1.68214078    1.81237960    2.23681195    2.48013388    1.56545303    0.63261012    0.61263882    0.49829093    0.00000000

