13
PSRC_WOLSU/6-317     0.00000000    2.57702866    2.24354929    2.22015337    2.24643541    2.24655868    2.09474059    1.97047775    2.33118411    1.45820211    1.42263106    1.18345771    2.33483391
Q97XY0_SACS2/39-347     2.57702866    0.00000000    2.82528976    3.61295281    4.09190090    3.72020951    4.04914957    3.22842772    3.66982354    2.40131571    2.28047281    2.55458167    3.85410668
D3RSP2_ALLVD/43-337     2.24354929    2.82528976    0.00000000    2.63794032    2.70014383    2.76014450    2.83082057    2.84920695    3.77945388    2.33471016    2.21615097    2.39923658    3.61741993
HMEB_ARCFU/40-332     2.22015337    3.61295281    2.63794032    0.00000000    2.99004960    2.45732348    2.79536464    3.30465058    3.83140821    2.81184264    2.62425347    2.64541223    3.53706803
I0HUM7_RUBGI/48-336     2.24643541    4.09190090    2.70014383    2.99004960    0.00000000    2.25953845    3.13830955    2.85498036    3.73632803    2.39146381    2.63426199    2.80471704    3.80224241
O30063_ARCFU/31-338     2.24655868    3.72020951    2.76014450    2.45732348    2.25953845    0.00000000    3.19403896    2.66999464    3.24656875    2.58964888    2.74269061    2.60584714    2.99343054
DMSC_HALSA/45-360     2.09474059    4.04914957    2.83082057    2.79536464    3.13830955    3.19403896    0.00000000    3.14983902    3.12986317    2.40754424    2.67449259    2.57431360    3.79176362
O30284_ARCFU/4-302     1.97047775    3.22842772    2.84920695    3.30465058    2.85498036    2.66999464    3.14983902    0.00000000    3.21575320    2.06861413    1.95541985    2.10803472    2.78016914
Q9Y8M5_AERPE/24-334     2.33118411    3.66982354    3.77945388    3.83140821    3.73632803    3.24656875    3.12986317    3.21575320    0.00000000    2.16911354    2.30182817    2.33100003    3.07791678
NRFD_ECOLI/4-318     1.45820211    2.40131571    2.33471016    2.81184264    2.39146381    2.58964888    2.40754424    2.06861413    2.16911354    0.00000000    0.95965882    0.83368423    2.12290542
NRFD_HAEIN/6-321     1.42263106    2.28047281    2.21615097    2.62425347    2.63426199    2.74269061    2.67449259    1.95541985    2.30182817    0.95965882    0.00000000    0.67789605    2.15855082
Q9CPL1_PASMU/2-319     1.18345771    2.55458167    2.39923658    2.64541223    2.80471704    2.60584714    2.57431360    2.10803472    2.33100003    0.83368423    0.67789605    0.00000000    2.18218708
TTRC_SALTY/9-291     2.33483391    3.85410668    3.61741993    3.53706803    3.80224241    2.99343054    3.79176362    2.78016914    3.07791678    2.12290542    2.15855082    2.18218708    0.00000000

