13
E4QQP3_BORBG/30-190     0.00000000    0.15057585    0.28861005    0.28577821    0.46616791    0.25638903    1.87388569    1.90933168    1.76522434    1.83933457    1.86313028    1.88881688    1.84243586
Q44801_BORBG/30-186     0.15057585    0.00000000    0.28436900    0.30094397    0.53708111    0.24605102    1.95967994    1.98173510    1.86656109    1.85752074    1.92298150    1.90738880    1.78426075
E4QRE0_BORBG/30-189     0.28861005    0.28436900    0.00000000    0.30493909    0.48343456    0.31383966    2.12494222    2.16923286    2.08595133    2.14870163    2.11736861    2.02387770    2.00184217
E4QRZ0_BORBG/31-187     0.28577821    0.30094397    0.30493909    0.00000000    0.52487131    0.25423680    2.01120765    2.05024400    1.86852721    1.95597239    2.01943286    1.95201728    1.83617800
P70813_BORAF/34-201     0.46616791    0.53708111    0.48343456    0.52487131    0.00000000    0.43548595    2.08876267    2.19121306    2.23926926    2.34255579    2.19926726    2.23504014    2.00287274
MLPJ_BORBU/30-183     0.25638903    0.24605102    0.31383966    0.25423680    0.43548595    0.00000000    1.93781364    1.92030931    1.93979568    2.07088293    2.05751289    1.94336264    1.92882549
MLPF_BORBU/30-145     1.87388569    1.95967994    2.12494222    2.01120765    2.08876267    1.93781364    0.00000000    0.28394816    0.35358683    0.31305406    0.30269581    0.31445025    0.30498226
MLPD_BORBU/25-138     1.90933168    1.98173510    2.16923286    2.05024400    2.19121306    1.92030931    0.28394816    0.00000000    0.36195590    0.31361274    0.42373075    0.38362850    0.32448443
Q44811_BORBG/25-140     1.76522434    1.86656109    2.08595133    1.86852721    2.23926926    1.93979568    0.35358683    0.36195590    0.00000000    0.28925319    0.45207546    0.33272375    0.32088168
MLPH_BORBU/30-146     1.83933457    1.85752074    2.14870163    1.95597239    2.34255579    2.07088293    0.31305406    0.31361274    0.28925319    0.00000000    0.30661958    0.25710819    0.26834279
MLPC_BORBU/30-145     1.86313028    1.92298150    2.11736861    2.01943286    2.19926726    2.05751289    0.30269581    0.42373075    0.45207546    0.30661958    0.00000000    0.33065580    0.39475339
MLPG_BORBU/25-140     1.88881688    1.90738880    2.02387770    1.95201728    2.23504014    1.94336264    0.31445025    0.38362850    0.33272375    0.25710819    0.33065580    0.00000000    0.34861632
E4QRY9_BORBG/25-141     1.84243586    1.78426075    2.00184217    1.83617800    2.00287274    1.92882549    0.30498226    0.32448443    0.32088168    0.26834279    0.39475339    0.34861632    0.00000000

