152
G3JRB1_CORMM/91-331     0.00000000    0.85321857    0.94053536    1.01265727    0.94125754    0.69156307    0.79443237    0.75070022    0.76411535    0.80005597    0.91616145    0.75636890    0.71317882    0.77053090    0.76167172    0.62580811    0.81724907    0.71772965    0.76573165    0.69670736    0.67865141    0.88687663    1.38869997    1.32551102    1.47640282    1.44531219    1.00804405    0.96713147    0.89166345    1.04521569    1.08095111    1.63286995    2.83774601    2.72289800    2.48797097    3.23978237    3.04903573    2.97953561    3.79207585    3.53271665    3.87199094    4.16536392    4.00664843    4.20430650    4.13282918    2.93713850    3.85449049    3.14350766    3.71507570    3.65323453    1.73599615    1.46856702    1.70704548    2.15906927    2.42360276    2.29735303    2.45975834    2.60177588    2.14110319    2.26125202    2.42303784    2.19414637    2.39229354    2.57223717    2.23968620    2.43795213    2.32696388    2.60075469    2.53174856    2.18040999    2.17757772    2.24402095    2.12017965    2.26238126    2.19763285    2.06369988    2.03032649    2.17800228    2.33532298    2.23046356    2.36305253    2.21993979    2.10054411    2.23501461    1.32410801    1.61558984    1.40887291    1.62287263    1.47408764    1.62223764    1.28193795    1.50368287    1.45066559    1.48062341    1.32094781    1.35221460    1.55246122    1.40432205    1.23275318    1.33925173    1.97743845    2.10070083    1.66695002    1.49644206    1.45607448    1.21939101    1.28558647    1.27041823    1.19859783    1.20051859    1.15801304    1.12271887    1.22782357    1.21389565    1.14632124    1.19942021    1.02948699    1.08260553    1.32990113    1.27779461    1.35268870    1.11134417    1.93730806    1.46570607    1.28987950    1.37251284    1.52393174    1.58829400    1.31775214    0.84606461    1.02043762    0.91721686    0.95192042    0.97017695    0.95135238    0.93313138    1.07342478    0.76269752    0.83784853    0.87741966    0.89596367    0.84793722    0.82463092    0.82135489    0.82142606    0.90041957    0.84922219    0.97067221    0.93266615    1.06647238    0.77754326    0.82409877
S3CVC5_GLAL2/14-245     0.85321857    0.00000000    0.79883484    0.78290506    1.00051045    0.76797752    0.96089255    0.83648505    0.81294348    0.90397986    1.07459560    0.85020677    0.90249966    0.96255649    0.91882849    0.74967618    0.85065514    0.98381313    0.91446630    0.89686035    0.85696188    1.10489561    1.41207343    1.39235840    1.39052014    1.41267070    1.11210585    0.99859858    1.05532637    1.04114820    1.10075669    1.52455818    2.85379692    2.57355421    2.30770472    2.96677168    2.68370931    2.73032466    3.36674981    3.03654492    3.18529751    3.58618711    3.58326739    3.58560657    3.79356793    2.71126133    3.58116118    2.80467566    3.27458694    3.30308735    1.80284969    1.51697481    1.64628743    2.26356062    2.23039996    2.22275349    2.43453230    2.40679964    2.26214817    2.48207471    2.33747296    2.25254491    2.02794217    2.35688193    2.10619918    2.36362460    1.95595732    2.20080865    2.21940016    2.09419535    2.07757663    2.09083726    2.14532038    2.17918900    2.04749427    1.96339377    1.89756510    2.18519694    2.07658427    2.06569876    2.29542199    1.97807663    1.93971356    2.25021008    1.53279684    1.60750654    1.34821428    1.58639452    1.30280236    1.46753618    1.10053255    1.57750979    1.25228844    1.40895892    1.39280975    1.37324861    1.62687077    1.32128654    1.25485829    1.20613312    1.82409494    1.75750569    1.67566998    1.43035002    1.40986019    1.27467242    1.35065981    1.34784668    1.23518036    1.19622462    1.17324550    1.11192050    1.23813787    1.27582161    1.14266612    1.05205422    1.12302913    1.15998400    1.58277065    1.51009677    1.60739922    1.00969172    1.71582180    1.53686202    1.39927949    1.31725338    1.39168346    1.56975373    1.36351214    1.07029509    1.13129047    1.03935044    1.08010617    1.07009155    1.02054471    1.03400530    1.18210128    0.94193300    0.97614930    0.92923076    0.91453190    0.87614967    0.95141459    0.99443128    0.87747731    0.91938815    0.91309120    0.90018249    1.03331938    1.09952796    0.90931902    0.87996187
E4ZWZ3_LEPMJ/27-257     0.94053536    0.79883484    0.00000000    0.38488432    1.00850883    0.89553810    0.94896367    0.86108061    1.00223689    0.91270934    1.06454912    0.94758883    0.94707752    0.94232067    1.01697635    0.86840553    0.94188253    0.91563397    0.95592845    0.92700038    0.89744221    1.11540392    1.67988066    1.44765466    1.44128317    1.55215280    1.23530870    1.16368064    1.13717558    1.17394271    1.17101945    1.56504109    2.97876257    2.78800936    2.34018859    3.33520324    2.61255912    3.04065166    3.62497123    3.46368148    3.42917984    3.90997160    3.43864632    3.28873863    3.71924468    3.01256983    4.23745296    3.43390889    3.76321648    3.76602671    1.92964046    1.70509928    1.95809676    2.27640425    2.06056058    1.96820556    2.36009980    2.46423840    2.12178017    2.28692272    2.17514733    1.97390716    2.19025086    2.35761053    2.11137264    2.26690878    2.07324692    2.18532991    2.09831120    2.10893015    1.91900006    2.04841703    2.03284589    2.19222298    2.00174277    1.83343756    1.79248791    1.87509589    2.04580818    2.18399108    2.16791130    1.89966251    1.96059795    2.13162419    1.61435839    1.70341232    1.52017316    1.50600686    1.49709313    1.61552559    1.40123946    1.66714936    1.50359274    1.61995718    1.55710277    1.49016049    1.74605978    1.44231681    1.46614288    1.40073944    2.19095837    2.26809891    1.88660318    1.54040096    1.53496942    1.41633863    1.39806644    1.43464425    1.31958294    1.27539302    1.30743117    1.10827074    1.14765651    1.34633246    1.35883382    1.24363549    1.22019760    1.27382875    1.42347852    1.39790040    1.58688852    1.10120871    2.16990982    1.65677017    1.58753648    1.71415628    1.88137397    1.60050214    1.49492529    1.06732516    1.12076020    1.07162517    1.14858464    1.28859464    1.06659618    1.20726399    1.08125570    1.04761739    1.11350386    1.02174986    1.02286137    1.06970464    0.97762545    1.15596906    0.94182992    1.02629896    1.11421094    1.16464143    1.04219425    1.30670834    1.04441474    1.04630831
E3RHD1_PYRTT/27-257     1.01265727    0.78290506    0.38488432    0.00000000    1.09852414    0.84725219    0.95043743    0.85285443    0.97161896    0.88206564    1.03709105    0.93965640    0.82785806    0.92129344    0.94345733    0.85539295    0.89048964    0.90868977    0.99826264    0.90671492    0.90705494    1.06320637    1.61202035    1.41707060    1.32653637    1.40557958    1.05652667    1.12489831    0.94789714    1.12317525    0.99455900    1.44444927    2.97679302    2.71929462    2.30054176    3.30099465    2.47147678    2.90490274    3.33432484    3.12171929    3.10634477    3.59012872    3.19197428    3.10956003    3.35900180    3.20935300    3.77324570    3.18938523    3.47041038    3.46261818    1.57654986    1.35592000    1.92666975    2.15028298    1.91306915    1.97197145    2.10539969    2.36833297    1.96385641    2.13918838    1.97597726    2.00997990    1.93129926    2.17954781    2.13229070    2.34660468    1.86613251    2.04591411    2.05289992    1.91475663    1.81713650    1.88660720    1.82271707    2.05078059    1.86932416    1.72950131    1.61632320    1.82254532    1.75491595    1.96629905    1.99062094    1.76937541    1.88094501    2.12709354    1.57262815    1.60025546    1.39239571    1.39075175    1.42922121    1.60076609    1.42874087    1.61241942    1.41246372    1.63323030    1.44137657    1.48635623    1.66793730    1.39729273    1.38448486    1.34602401    1.96476105    1.94616515    1.69160044    1.51767462    1.57914930    1.34980798    1.37663186    1.29392237    1.23541527    1.22098307    1.12334674    0.99976391    1.00268601    1.27892578    1.24316573    1.19412339    1.14639978    1.19815535    1.33224238    1.24036273    1.34423535    1.03320945    1.94552144    1.63982864    1.53309034    1.59305310    1.81693661    1.51928974    1.37683043    1.03093001    1.15579085    1.09182820    1.18567498    1.20454468    1.00252494    1.12712819    1.13092640    1.00018712    1.02223389    0.99708186    1.06528431    1.03489416    1.02300598    1.12045114    0.88116540    0.98894083    1.03432906    1.12120845    1.09400591    1.34693501    1.04102167    1.07002695
G8B8W9_CANPC/34-265     0.94125754    1.00051045    1.00850883    1.09852414    0.00000000    0.90156020    0.86604715    0.87273850    0.97079906    0.90526661    1.07488575    0.82368883    0.93931367    1.02867944    1.01620246    0.85395459    0.92383141    0.94249507    0.96936872    0.94089054    0.94095367    0.97114825    1.40139887    1.42657232    1.48834376    1.52762110    1.20341665    1.03137127    1.12746111    1.05520737    0.95906208    1.50598378    3.08308180    2.69889399    2.59558014    3.48096289    2.88088300    3.27666936    3.38819819    3.60586324    3.47505262    3.67353182    3.75087294    3.70358063    3.74020351    2.51208412    3.07994584    2.84381310    3.19429117    3.07663828    1.66493130    1.67144363    1.67906294    2.29245133    2.35086234    2.11485323    2.51077061    2.45257056    2.17608093    2.61164218    2.44999931    2.23212339    2.22645290    2.52197692    1.94318533    2.04346574    2.05520176    2.25574985    2.25842972    2.28507669    2.18690360    2.16116215    2.08148609    2.32536758    2.07276049    1.97025002    1.89124656    2.02031500    2.05280825    2.07752939    2.15262093    1.86887780    2.17510725    2.06325158    1.32434526    1.57851566    1.35398225    1.52063973    1.29609471    1.53359924    1.31996060    1.47995412    1.37034116    1.41236833    1.19649985    1.32035395    1.43707737    1.17728609    1.23952170    1.19896457    1.87290803    1.88465296    1.65605008    1.49297765    1.41762513    1.26842089    1.21303208    1.30380572    1.22998626    1.09779844    1.25944105    1.21954892    1.32356360    1.27964145    1.11029300    1.15196764    1.19367221    1.13721127    1.39704715    1.30860000    1.39709710    1.02228298    1.91729974    1.43883954    1.38021164    1.50688989    1.54401528    1.46401246    1.40499629    0.97249519    1.16657952    1.01820380    0.94073091    0.87971835    0.90183249    1.06059879    0.97997374    0.92961435    0.98524623    1.02469551    1.13716250    1.07541642    1.03020135    1.03175296    0.94812078    0.93253524    1.03449456    0.98449915    0.93793722    1.04233269    1.01744634    1.04433707
Q0U256_PHANO/74-313     0.69156307    0.76797752    0.89553810    0.84725219    0.90156020    0.00000000    0.48177543    0.37426654    0.38304643    0.39778138    0.87876179    0.60972828    0.65375646    0.66674397    0.74559829    0.59872327    0.72294157    0.69977211    0.62357350    0.64543952    0.62594889    0.78600553    1.51031846    1.44766624    1.37781333    1.41941454    0.86364411    0.87341792    0.75221081    1.02843904    0.84046279    1.39528416    2.69325382    2.35028106    2.19376995    2.86536529    2.86972598    2.70772637    3.30639058    3.27350947    3.45985592    3.92380560    3.56280722    3.36532134    3.60503211    2.71405266    3.34716419    2.86202499    3.14488948    3.13684458    1.54746160    1.47558655    1.62665925    2.12018615    2.21689405    2.18360712    2.39569914    2.46406387    2.24236632    2.30130030    2.28240641    2.22224021    1.93223127    2.45985067    2.14695125    2.30254597    1.97219302    2.53125987    2.24324935    2.10784893    1.97916523    1.97064653    2.03506586    2.17356157    2.01862366    1.98754381    1.82028121    2.00155334    2.16280888    2.14706641    2.16729991    2.01425224    2.06816604    2.08240956    1.32699871    1.58051535    1.10888141    1.35993552    1.22708095    1.46461446    1.12973846    1.52649774    1.19582452    1.29456807    1.17735390    1.24171749    1.49467831    1.12702054    1.18104634    1.12581099    1.59779489    1.73222142    1.55071827    1.20374323    1.14566001    1.11341747    1.24834416    1.23788615    1.05236612    1.02507210    0.94166658    1.02752491    1.02549700    1.07785237    1.03312589    0.96177636    0.90623507    1.00924161    1.33388281    1.27977832    1.36838991    0.84010852    1.86224624    1.43725398    1.20406898    1.15730643    1.58388084    1.69500932    1.26594430    0.76329771    0.80772058    0.73119102    0.79298673    0.82919782    0.71726146    0.86338633    0.90305389    0.66558072    0.72560669    0.73502687    0.68406242    0.68340343    0.64327636    0.80404134    0.74947832    0.67233095    0.79482656    0.73733391    0.79663377    0.96669506    0.78871322    0.72437830
M2TZ43_COCH5/75-314     0.79443237    0.96089255    0.94896367    0.95043743    0.86604715    0.48177543    0.00000000    0.29758567    0.39148275    0.49628856    0.97432779    0.70345098    0.71999848    0.74079556    0.77019137    0.69903635    0.82558705    0.77700253    0.68184682    0.64725973    0.69745314    0.81465438    1.56846221    1.33431966    1.38403180    1.38520652    0.90844495    0.93936767    0.71563164    1.08160883    0.87411308    1.33813138    2.58821851    2.31856188    2.23242185    3.07922651    2.60896104    2.96812519    3.21464511    3.35889010    3.43933124    3.69745281    3.26254047    3.33295393    3.42472097    3.31199221    3.29237798    2.86618845    3.19514239    3.30831925    1.51873301    1.40621680    1.70262294    2.26317715    2.17076462    2.04309015    2.21048303    2.47455960    2.14795564    2.29255521    2.34145860    2.12476468    2.07830327    2.52506331    2.09434234    2.34419505    2.08412627    2.23184351    2.06343630    2.28749842    2.12940405    2.08843476    2.01565702    2.23539999    1.87932892    1.93411733    1.87727161    1.89839691    1.98308737    2.12343804    2.08760724    2.02363848    2.06906066    2.02764397    1.23147467    1.53689004    1.19972550    1.32826827    1.35389391    1.55527145    1.10291635    1.46765331    1.32880377    1.34029586    1.18740068    1.24964970    1.37669708    1.16254160    1.16708357    1.13578429    1.61137572    1.78153557    1.52777574    1.24834120    1.27875230    1.23768559    1.26817874    1.21898558    1.10619704    1.00027480    1.01224404    1.04146824    0.99634423    1.12404212    1.01592109    1.05305817    0.94632349    1.01859958    1.44880721    1.36429897    1.51385402    0.81374254    2.06294740    1.53391132    1.30449470    1.43819309    1.70733157    1.61099055    1.27988693    0.84147297    0.88940445    0.78712695    0.94279654    0.86418426    0.83114273    0.90830266    0.92460922    0.79923911    0.77716714    0.82634525    0.82662419    0.78373073    0.80636936    0.91305510    0.87045125    0.81057773    0.86672483    0.84117516    0.89736874    0.98994335    0.80871857    0.82324883
R0KR82_SETT2/79-316     0.75070022    0.83648505    0.86108061    0.85285443    0.87273850    0.37426654    0.29758567    0.00000000    0.29592033    0.37610449    0.83274680    0.64591143    0.67451757    0.70058321    0.69139093    0.55954490    0.75795292    0.76814890    0.56557135    0.61869979    0.62757710    0.73964288    1.56404145    1.29422678    1.36823093    1.42949609    0.89544805    0.87352989    0.84422488    1.02201198    0.83150930    1.34664386    2.58141955    2.39119815    2.22687746    3.20446941    2.63498288    2.98886057    3.38564125    3.27026120    3.37159661    3.88497194    3.53467472    3.63653771    3.70441523    3.47169967    3.50068548    3.10096583    3.26613149    3.26127189    1.75810692    1.33988373    1.69410657    2.01284949    2.14036078    2.08596691    2.28945256    2.54075599    2.21396957    2.25991919    2.30174937    2.10035647    1.99896882    2.40146258    2.08338065    2.26714221    2.10562050    2.42629148    2.17835804    2.05371116    2.01492485    2.02476796    1.93472336    2.09823404    1.84555691    1.90001280    1.90330878    1.82173476    2.04810661    2.05731580    2.13441161    1.91184165    2.18265612    1.96937094    1.27441824    1.54802989    1.19390831    1.31727557    1.26798629    1.52657655    1.13609441    1.49802047    1.14562418    1.28936515    1.18649406    1.22509959    1.45041657    1.12855116    1.14145315    1.07781906    1.81341260    1.99254097    1.58137157    1.26151634    1.19990822    1.07187780    1.16138101    1.23674816    1.08890015    1.05875707    1.02167663    1.02460344    1.02775386    1.07396133    1.02792667    0.98173078    0.93821391    0.94647021    1.39655079    1.27798936    1.42271653    0.80734324    2.04168564    1.37227786    1.19497570    1.35050786    1.65070244    1.60544841    1.32854425    0.77111427    0.81056034    0.71017466    0.83636564    0.79758277    0.73740119    0.89690112    0.89118419    0.66575356    0.63935916    0.70841535    0.72820225    0.66805321    0.69004931    0.81820440    0.76752476    0.68912177    0.83403763    0.81133262    0.83683138    0.92480505    0.78383718    0.66016109
B2W538_PYRTR/76-316     0.76411535    0.81294348    1.00223689    0.97161896    0.97079906    0.38304643    0.39148275    0.29592033    0.00000000    0.35328470    0.95387077    0.65100747    0.73480578    0.73460164    0.76676197    0.60741174    0.80243145    0.76634630    0.60236434    0.63622618    0.63585046    0.78393814    1.45879260    1.27263831    1.41465529    1.37739633    0.93219168    0.91296280    0.86151730    1.12534475    0.90024899    1.36973623    2.54694748    2.41125490    2.23221199    3.00513677    2.73137652    3.05959542    3.29988294    3.18216057    3.35510460    3.77193591    3.39979931    3.63924697    3.64374988    2.97835536    3.53047730    2.77599989    3.13024252    3.30410784    1.52443168    1.38283268    1.69263493    2.23048389    2.33380222    2.17001200    2.32123906    2.48738532    2.09104290    2.30801771    2.36411250    2.16415623    2.12055220    2.56757655    2.19570838    2.27945930    2.29606782    2.53962414    2.30441039    2.31923778    2.08847175    2.17441603    2.26559339    2.33329062    2.18821038    2.05663213    2.02608175    2.11232216    2.22530609    2.23737075    2.30204188    2.09749161    2.25254246    2.17118376    1.22816063    1.49257616    1.19597003    1.45132068    1.35871146    1.55600094    1.07842083    1.45443771    1.21444839    1.27867039    1.22136701    1.29707665    1.50006639    1.17902276    1.16691275    1.12304757    1.69469788    1.85337171    1.55015039    1.30140671    1.29218083    1.14412085    1.27075539    1.29715338    1.08559289    1.08444576    0.99471430    1.04862786    1.05732841    1.09142990    1.10676501    0.97615581    1.00434817    0.93320282    1.43753596    1.31333800    1.48166090    0.94963683    2.19739096    1.51970198    1.25442037    1.28732140    1.60928586    1.62455167    1.30313392    0.83867796    0.85478715    0.79391901    0.83241644    0.84701148    0.80613458    0.91838232    0.96822982    0.73262182    0.77046756    0.74248795    0.75804254    0.69808330    0.78063099    0.80190707    0.79569597    0.71842669    0.80558636    0.83037259    0.88333765    0.99608862    0.81072972    0.82421249
E5A2P2_LEPMJ/184-428     0.80005597    0.90397986    0.91270934    0.88206564    0.90526661    0.39778138    0.49628856    0.37610449    0.35328470    0.00000000    0.93011953    0.67742454    0.67274296    0.71053168    0.74519409    0.61771940    0.84065262    0.76314886    0.59107863    0.68016981    0.65314974    0.79653590    1.51369103    1.30533435    1.42340513    1.53467270    0.93871201    0.85471826    0.78221899    1.09698327    0.87904432    1.36755629    2.57746850    2.28002591    2.15545606    2.98605203    2.74414706    3.00506240    3.05110341    3.13965565    3.31179072    3.61944622    3.60700779    3.79453513    3.75564502    3.33029107    3.58586199    2.98072115    3.18591672    3.29275371    1.65492075    1.48577106    1.71360818    2.31625255    2.31962576    2.14325319    2.28159787    2.41832922    2.15403787    2.27094413    2.47147891    2.15853344    2.07112683    2.27650182    2.19230670    2.14405319    2.08170839    2.42097695    2.17563424    2.09560051    2.01226553    2.00247453    2.02407249    2.20243242    2.11603133    1.99460126    1.86604473    1.93899921    2.13608664    2.12391668    2.21197904    2.08171000    2.08530407    2.05639685    1.25431483    1.56168456    1.22881054    1.50477276    1.32761380    1.55913404    1.11900295    1.46674128    1.19951578    1.30190706    1.22270817    1.33345046    1.51822452    1.16897893    1.24377425    1.18594953    1.66027562    1.82747848    1.49546668    1.22095454    1.18033361    1.19581030    1.25806970    1.21718033    1.08251893    1.09229514    1.05851432    1.00845110    1.06773050    1.08450367    1.05352045    1.08153510    0.93509606    1.04401652    1.31506239    1.33050607    1.38575786    0.90024374    2.08601890    1.47923946    1.30358530    1.35240808    1.54298781    1.55091914    1.20915867    0.82494666    0.85143525    0.75615355    0.88616283    0.88662015    0.74814842    0.91482679    0.92336557    0.72366640    0.76389283    0.74180457    0.70506003    0.76805125    0.71220683    0.85286530    0.78233974    0.70266669    0.80272822    0.86080290    0.86156792    0.96526381    0.74572598    0.75157058
G4MLR1_MAGO7/46-298     0.91616145    1.07459560    1.06454912    1.03709105    1.07488575    0.87876179    0.97432779    0.83274680    0.95387077    0.93011953    0.00000000    0.70909049    0.85671898    0.77642410    0.87902285    0.78055180    0.88071034    0.90471263    0.89830671    0.90676607    0.88970364    0.90408591    1.51018268    1.49073950    1.35495993    1.43430426    1.06955476    1.07132609    1.02034158    1.03433335    1.12889251    1.65235242    2.85964742    2.62976575    2.39274446    3.31619743    2.99821487    3.57200270    3.35048621    3.56349008    3.81731654    4.40083887    4.30694277    3.90651976    4.33088931    3.20336890    3.59366855    3.27678879    3.65374613    3.94124478    1.87326860    1.53117706    1.77548819    2.30025557    2.43155869    2.37023978    2.55316671    2.44487249    2.11022106    2.34295961    2.38782661    2.35941262    2.03304509    2.57828513    2.21725412    2.30320391    2.40645225    2.66489399    2.51208465    2.21117862    2.00916422    2.14276464    2.11291199    2.17691183    2.14465619    2.17768854    1.92303464    2.04143193    1.99733295    2.08593028    2.11155718    2.25738529    2.24758167    2.22278658    1.42403214    1.75065615    1.45276294    1.53722597    1.51307575    1.51197808    1.46208807    1.64433076    1.36632233    1.41568488    1.37638182    1.42654934    1.51816939    1.29139954    1.31084394    1.25638687    1.65897283    1.74310094    1.54029058    1.49797043    1.38468731    1.31906147    1.34070058    1.34209251    1.28198462    1.29445490    1.15942786    1.20294323    1.31634160    1.07180002    1.20574684    1.15452441    1.08998872    1.21217832    1.40258259    1.24082839    1.30364120    1.02885819    2.03097952    1.53016877    1.49241189    1.66223954    1.63300012    1.51363460    1.49049272    0.89679628    0.99042559    1.01041602    1.02687524    1.00031875    1.07018042    1.07934688    1.04418846    0.91529050    0.85334125    0.94425570    0.93157846    0.97496241    0.94158258    0.95406299    0.95000622    0.92744319    1.05382211    0.93386143    1.03756933    1.08615590    1.09122668    0.88538774
C9SA38_VERA1/48-282     0.75636890    0.85020677    0.94758883    0.93965640    0.82368883    0.60972828    0.70345098    0.64591143    0.65100747    0.67742454    0.70909049    0.00000000    0.62769687    0.63230170    0.63037971    0.54746562    0.69865281    0.72569206    0.58167515    0.65664255    0.61203723    0.59526531    1.50546639    1.33443565    1.47351465    1.49868222    0.89514165    0.90618860    0.83291628    0.93207103    0.91023512    1.43727595    2.64277908    2.25495010    2.28437507    2.98252097    2.54814132    2.63539157    3.39474766    3.26434268    3.36356840    4.07093674    3.67631514    3.40123969    3.62027212    2.47102645    3.21709904    2.71857843    3.10722392    3.13706475    1.41061140    1.29348359    1.54746374    2.14048343    2.33458719    2.18365369    2.38580799    2.28259996    2.13990289    2.31435264    2.27572511    2.09361491    2.01460140    2.40518684    2.17030098    2.11482633    2.18845729    2.21180629    2.22794607    2.22430938    2.13057954    2.12730132    2.12960451    2.20126826    2.08078498    1.99612473    1.85625906    2.00392371    1.91881550    2.14437698    2.05432587    1.89508585    2.10298685    2.27690337    1.31387647    1.60336937    1.25871906    1.35013087    1.23246482    1.47114269    1.24781324    1.38304837    1.14068227    1.26058005    1.14677452    1.14001189    1.20389889    1.11120137    1.13884916    1.06360416    1.69799499    1.83273714    1.46214854    1.26411506    1.20650799    1.02509292    1.08441892    1.16498986    1.09864910    1.06019588    0.88781629    0.96225620    1.03205101    1.05519140    0.99629303    0.98363234    0.98233285    1.00025528    1.27563648    1.28151678    1.43039304    0.76756731    1.97566748    1.34970375    1.20721963    1.32050410    1.59878809    1.53143214    1.35758101    0.76356892    0.83155243    0.78917161    0.84088302    0.77909460    0.75713522    0.87181239    0.84182168    0.71060619    0.68466511    0.71844977    0.80180315    0.73013340    0.69423645    0.74483493    0.75398614    0.72681564    0.69408947    0.77114510    0.80213438    0.93442414    0.74445463    0.67248495
G2XD06_VERDV/117-353     0.71317882    0.90249966    0.94707752    0.82785806    0.93931367    0.65375646    0.71999848    0.67451757    0.73480578    0.67274296    0.85671898    0.62769687    0.00000000    0.39884240    0.48393444    0.44767662    0.62229981    0.64932369    0.66156812    0.61140797    0.63229858    0.67821531    1.43241652    1.27920482    1.31226014    1.36878727    0.93002582    0.97314150    0.77974875    0.93419287    0.95839296    1.44568271    2.75640523    2.61516282    2.33618769    3.00702998    2.84383773    2.87288219    2.98802090    3.14746538    3.31333967    3.32134091    3.49109605    3.37262072    3.46713540    2.69067243    3.39184679    3.10083623    3.43417454    3.21118705    1.62906486    1.48460751    1.74427588    2.08187572    2.21821366    2.24161483    2.30963744    2.49624705    2.04634121    2.24243931    2.30001086    2.38189801    2.09725224    2.47394597    2.12246419    2.15159525    1.93489967    2.50524165    2.23242011    2.17032397    2.06061706    2.09546081    2.04863546    2.13456083    2.09128944    2.00486801    1.81986753    1.91392653    1.90452534    2.12040325    2.13934917    2.07362240    2.08148980    1.86403508    1.33346579    1.57852216    1.29268389    1.49138230    1.31930421    1.63590072    1.21407083    1.64568835    1.40061659    1.32597482    1.23245775    1.25475296    1.46322675    1.32812433    1.25382490    1.19101619    1.75935744    1.93069860    1.60273314    1.29267924    1.26314973    1.26293995    1.22480904    1.21312474    1.10546485    1.14626055    0.93615926    1.14797340    1.17892374    1.26899111    1.07233411    1.08204059    0.89307677    1.14969339    1.26749308    1.44510295    1.40701368    0.96450951    1.98616343    1.57190028    1.34655387    1.47227094    1.59014175    1.44007562    1.24029919    0.77631386    0.90087079    0.76243796    0.88275881    0.78804599    0.71152143    0.82130904    0.91553493    0.66817988    0.72049015    0.68484058    0.70537805    0.68773768    0.62643958    0.77078136    0.72251126    0.69040200    0.76891221    0.84276855    0.85382510    1.05185352    0.76178153    0.74717857
C7YY21_FUSV7/9-245     0.77053090    0.96255649    0.94232067    0.92129344    1.02867944    0.66674397    0.74079556    0.70058321    0.73460164    0.71053168    0.77642410    0.63230170    0.39884240    0.00000000    0.44687648    0.44068311    0.70277274    0.65865992    0.64338376    0.62959945    0.60736953    0.70000875    1.39147552    1.27525942    1.24204887    1.39748137    0.98029585    1.06005063    0.88039688    1.00104856    1.07916798    1.38546348    2.68689070    2.47699473    2.35685693    3.03444943    2.66225306    2.73406442    3.14705556    3.19429107    3.62383011    3.56319276    3.44360509    3.42396998    3.55660962    2.81254145    3.50435630    3.06457102    3.59962698    3.32263686    1.62729595    1.59034808    1.78631036    1.99219781    1.95671247    2.05278433    2.09497893    2.26594574    1.97746044    2.12559538    2.05968621    2.11524876    1.90697723    2.32562916    2.01774286    2.14048605    1.92647376    2.59447712    2.40136873    2.07423898    1.98635465    1.93489629    1.95469856    1.96549800    1.87774084    1.72720802    1.68982561    1.89541236    1.77377437    1.93323784    1.96504538    1.84195943    1.92588587    1.81519623    1.30421506    1.55046100    1.27336550    1.51771547    1.40340387    1.52271081    1.25228976    1.53518884    1.31262560    1.42435353    1.19932223    1.27383223    1.40764875    1.28134122    1.16736102    1.20125187    1.83377327    2.07258080    1.49601184    1.30130005    1.34333395    1.17323208    1.16495048    1.26654703    1.02430510    1.09384358    1.03268332    1.13989151    1.16870439    1.15420232    1.13585062    1.08158798    0.85787057    1.09307089    1.30898356    1.49006112    1.51317908    0.97825689    1.93606216    1.47441670    1.37708729    1.46362180    1.59808826    1.46371167    1.29078061    0.80819764    0.92073288    0.79679804    0.79720813    0.88417639    0.78463090    0.82126755    0.87814187    0.69592704    0.75283773    0.62451451    0.69696719    0.65892924    0.65546521    0.75466391    0.75902638    0.70136813    0.73607383    0.83382074    0.93298761    1.00455489    0.77995671    0.80197008
F9FF06_FUSOF/76-313     0.76167172    0.91882849    1.01697635    0.94345733    1.01620246    0.74559829    0.77019137    0.69139093    0.76676197    0.74519409    0.87902285    0.63037971    0.48393444    0.44687648    0.00000000    0.47650919    0.65181025    0.73382331    0.66637925    0.64935391    0.61302625    0.68302047    1.43875406    1.30934216    1.42046720    1.39623115    1.02199313    0.98887209    0.87926473    0.98047032    0.93433588    1.49458170    2.72978069    2.53734131    2.19856696    2.91620399    2.63673726    2.90134990    3.13938241    2.90658953    3.36699984    3.53216571    3.37999118    3.45096666    3.31036363    2.92384853    3.35296309    3.20666436    3.35098728    3.15783331    1.63081441    1.40375120    1.60482972    2.16908035    2.16883096    2.16685791    2.35899550    2.42691210    2.16830110    2.18448772    2.22577921    2.06754720    2.21601458    2.26167052    2.04845227    2.15612231    2.09483440    2.55433502    2.17203612    2.12810017    2.08428535    2.04848876    2.01118686    2.18527270    1.98623661    1.90550498    1.73563808    1.86371196    1.92691986    2.18900303    2.03441815    1.99098926    2.15918842    1.91264407    1.27809897    1.59997218    1.29166310    1.44418206    1.31152256    1.59944822    1.27038495    1.47222412    1.20358364    1.31118614    1.30060861    1.33019367    1.46406645    1.25319333    1.20882480    1.22149433    1.96850873    2.09184136    1.62710132    1.33825905    1.35029749    1.21786551    1.27011372    1.12358363    1.03197325    1.05875567    0.98123170    1.12518030    1.14804772    1.25678317    1.11780291    1.01733848    0.99359393    1.05671121    1.35122073    1.39322404    1.51341965    0.95132532    2.01257402    1.55333065    1.29113685    1.45592071    1.58611036    1.44024093    1.28408544    0.83257079    0.98679627    0.87141875    0.87960056    0.93113241    0.83556756    0.93779997    0.98866456    0.79177850    0.74826059    0.73991130    0.76921781    0.77911146    0.77357264    0.79056507    0.78877693    0.83278180    0.82040964    0.89692107    0.88428551    1.05158416    0.77850286    0.85093471
N1RE36_FUSC4/89-328     0.62580811    0.74967618    0.86840553    0.85539295    0.85395459    0.59872327    0.69903635    0.55954490    0.60741174    0.61771940    0.78055180    0.54746562    0.44767662    0.44068311    0.47650919    0.00000000    0.42238983    0.53298774    0.58049476    0.51302518    0.45662583    0.65287405    1.30496253    1.30054317    1.36298978    1.45545122    0.84522301    0.86709600    0.83245776    0.93215577    0.96016083    1.38511075    2.87933533    2.68948618    2.28858263    3.31164555    2.92729154    3.16047488    3.41733104    3.40146696    3.39088671    3.65585610    3.95685523    3.79718580    4.01635018    2.91528090    3.34526689    2.88679959    3.37215916    3.25239231    1.69880684    1.45499968    1.72584744    2.08563277    2.14281511    2.21382654    2.37215243    2.34751846    2.18074571    2.29374187    2.34011576    2.27537608    2.15283257    2.40865601    2.10941620    2.05196685    2.01122659    2.48508553    2.34555259    2.17188812    2.08716756    2.14551588    2.04989224    2.18330049    1.98231665    2.02864572    1.71621709    1.98168868    2.13585552    2.23564486    2.23761640    2.02657088    2.07106604    2.08897476    1.20700086    1.70209080    1.25378347    1.46739275    1.28063907    1.55731532    1.18415907    1.50542422    1.24161557    1.26428488    1.28718055    1.29481459    1.54468132    1.23376879    1.19553729    1.21067389    1.83993006    2.01652443    1.52637629    1.23868739    1.25923255    1.08914950    1.11813445    1.21034503    0.95895574    1.07426470    0.91379690    1.03449175    1.10177904    1.12840973    1.05205398    1.02752421    0.99003876    1.05771699    1.41342880    1.37089328    1.43112400    0.88396270    1.93013108    1.38233655    1.19576453    1.56557668    1.52304236    1.52752847    1.38544325    0.69178173    0.86115540    0.64588123    0.78890229    0.74069745    0.68465845    0.78534320    0.90827007    0.61449702    0.67244508    0.63187466    0.63103836    0.57322637    0.63310730    0.78717092    0.69025789    0.68519091    0.74761830    0.77716858    0.73328832    0.92230640    0.74529042    0.69271404
C7YXV3_FUSV7/26-263     0.81724907    0.85065514    0.94188253    0.89048964    0.92383141    0.72294157    0.82558705    0.75795292    0.80243145    0.84065262    0.88071034    0.69865281    0.62229981    0.70277274    0.65181025    0.42238983    0.00000000    0.28453536    0.76917720    0.68137915    0.68478825    0.86646465    1.34426056    1.37054839    1.48268893    1.47413401    1.05536748    0.89165729    0.90295230    1.05528158    0.98605259    1.50210697    2.80205954    2.71513618    2.33021280    3.16160063    2.98394779    3.21019290    3.32925262    3.38830944    3.34791839    3.52504997    3.34681822    3.51070150    3.61235859    2.53962465    3.23888886    3.02513963    3.44149034    3.24954911    1.55125467    1.46377190    1.66175849    2.14818251    2.16913954    2.22689853    2.46615127    2.43378193    2.13336360    2.21999693    2.30374277    2.29072899    2.13545051    2.38158153    2.23315821    2.22089169    2.18207388    2.52592053    2.41301798    2.26711029    2.08057555    2.19756418    2.12996842    2.14234885    2.02094947    2.00926079    2.06525639    2.25433453    2.24227562    2.40299952    2.22316468    2.12927902    2.06150922    2.21842621    1.35400607    1.72943657    1.39879075    1.47233073    1.29845240    1.63643675    1.31548097    1.52528847    1.29826832    1.43943951    1.30298232    1.33551165    1.55388017    1.26739669    1.36247467    1.31402704    2.02422540    2.20397124    1.85888137    1.37206876    1.35878233    1.23187182    1.29971661    1.29863123    1.14991539    1.13866460    1.09314914    1.21882377    1.21965411    1.32159977    1.14370496    1.15485195    1.17779156    1.29241863    1.62120927    1.44074380    1.46399853    0.95889323    1.87856929    1.57855321    1.33017771    1.55477426    1.54088164    1.53462954    1.43611512    0.95398384    1.00279398    0.89735501    0.91422501    0.81437328    0.82152643    0.97716533    0.96377484    0.85739283    0.80769187    0.82222915    0.86719340    0.79201374    0.76810727    0.93495481    0.84491288    0.79365648    0.93292298    0.95146113    0.91992303    1.02311601    0.95317417    0.81025628
N1RPT1_FUSC4/47-285     0.71772965    0.98381313    0.91563397    0.90868977    0.94249507    0.69977211    0.77700253    0.76814890    0.76634630    0.76314886    0.90471263    0.72569206    0.64932369    0.65865992    0.73382331    0.53298774    0.28453536    0.00000000    0.79384001    0.66012840    0.68083802    0.81933840    1.36871066    1.34567469    1.47435881    1.43203440    1.04072090    0.92154721    0.87907748    1.01718742    0.94228066    1.34225839    2.70119003    2.66588851    2.20111506    3.06860652    2.82762419    2.82036036    3.19053435    3.01109753    3.41988269    3.88809545    3.63671060    3.54852625    3.79363191    2.74763234    3.19526484    2.80694422    3.32476479    3.32264821    1.48468088    1.47969322    1.58728488    2.12430282    2.26746793    2.09381586    2.32065510    2.43274758    2.08302462    2.17121680    2.29908127    2.23374031    2.02696185    2.33156960    2.22505861    2.26281355    2.10862340    2.45300630    2.42088339    2.20187105    2.08424486    2.04126124    2.14457952    2.03196755    2.11048383    2.02427947    1.96884309    2.23628809    2.21603701    2.40080953    2.24874752    2.15999634    2.03213728    2.12994371    1.29039897    1.59652967    1.36524291    1.54432501    1.33643483    1.55057674    1.29153448    1.43718650    1.29717354    1.44965039    1.28921397    1.29333285    1.56864945    1.34871292    1.26004915    1.22704386    1.91368753    2.04507928    1.75894198    1.33420707    1.27027180    1.23787959    1.27025416    1.28435453    1.08572680    1.17573272    1.10881250    1.18306034    1.17221519    1.20019364    1.14833211    1.08543335    1.06853461    1.18964838    1.55309292    1.32694577    1.38700908    0.95018046    1.82351492    1.50276915    1.30624474    1.48328842    1.56431374    1.56098619    1.48716773    0.92469699    0.98490328    0.83277608    0.84922250    0.80774932    0.80485153    0.88660397    0.92211529    0.80343392    0.84167727    0.77899566    0.81104040    0.77609157    0.75055290    0.90872822    0.88560114    0.79583776    0.91242629    0.94642686    0.88371839    1.01244224    0.86737759    0.72416593
