10
TRM2_HCMVM/76-148     0.00000000    0.65065662    1.77373468    1.95404114    1.62784168    1.89826138    1.38630837    1.71508588    1.55753926    1.56951334
TRM2_HHV6U/27-98     0.65065662    0.00000000    2.17632571    1.87072914    2.16570657    2.39385490    1.59283287    1.52158469    1.96574445    1.70766159
TRM2_ALHV1/7-78     1.77373468    2.17632571    0.00000000    1.31022939    0.73279690    1.10725919    1.55798102    1.53062765    1.88275319    1.70631253
A0A1P7U110_EBVB9/46-119     1.95404114    1.87072914    1.31022939    0.00000000    1.25421876    1.69665261    2.54417243    2.55702782    3.14390181    2.75525489
TRM2_EHV2/16-87     1.62784168    2.16570657    0.73279690    1.25421876    0.00000000    0.84650072    1.74502615    1.91562492    2.03349742    1.77750323
TRM2_HHV8P/4-74     1.89826138    2.39385490    1.10725919    1.69665261    0.84650072    0.00000000    2.02592314    2.13743898    2.17734786    1.94250921
TRM2_HHV2H/45-129     1.38630837    1.59283287    1.55798102    2.54417243    1.74502615    2.02592314    0.00000000    0.67863463    0.78738743    0.83228272
TRM2_PSHV1/45-120     1.71508588    1.52158469    1.53062765    2.55702782    1.91562492    2.13743898    0.67863463    0.00000000    0.82403964    0.85818113
TRM2_GAHVM/45-132     1.55753926    1.96574445    1.88275319    3.14390181    2.03349742    2.17734786    0.78738743    0.82403964    0.00000000    0.66264798
TRM2_VZVD/75-154     1.56951334    1.70766159    1.70631253    2.75525489    1.77750323    1.94250921    0.83228272    0.85818113    0.66264798    0.00000000

