135
Q40839_PICGL/148-248     0.00000000    0.63016076    0.67273938    0.75055122    0.86732244    0.91913773    1.18187132    1.01429358    1.02972233    0.89299161    0.83550765    0.90687305    0.94635990    0.95128413    0.82562887    1.00197156    0.81546843    0.79552696    0.80178280    0.94275170    0.73882457    1.14852085    1.04341561    0.90177984    1.03894537    1.32950619    1.18218646    1.12622789    1.25081030    1.25773464    1.21796707    1.29443251    1.18223580    1.12288680    0.98491141    1.07117543    0.95879426    0.94658575    0.93427870    0.98134303    1.04510227    1.02431392    1.01642526    0.99941158    1.04634017    1.06633355    1.07282203    1.80737105    2.25356707    1.58274832    1.68792084    1.18101591    1.39779213    1.90698123    2.00648636    2.08140911    2.27747793    2.17178713    2.12859157    2.03883664    1.99790966    1.87978345    1.97956269    1.99758959    2.11733807    1.46051581    1.64740369    1.60586348    1.33128156    1.80020873    1.87455380    1.40192597    3.13175504    3.38544335    3.75074535    4.20546532    5.95136215    5.31637204    2.84558375    4.77629485    3.59079548    2.89767007    4.48005701    3.26028251    3.32810144    3.95563481    3.40927737    2.78292295    3.00639808    3.18847023    4.92974882    3.68418470    3.17298730    2.49701719    4.76634160    3.36959274    5.33120678    3.64233110    5.41833352    4.09120927    3.78789412    3.38726876    4.18076350    5.76814138    3.35309596    4.42054978    5.96959504    4.74340496    6.61304856    5.15973445    5.40912469    5.81829303    3.81275690    3.20395839    2.94223052    3.22788757    2.86156882    3.04858841    3.13837828    2.69097906    0.76852177    0.84783705    0.87161486    0.88555943    0.92541068    0.96097445    1.06235058    1.01415791    0.92241776    0.97769635    0.99452287    1.35419492    1.07943425    0.89472619    0.93871373
Q9SYM7_ARATH/207-307     0.63016076    0.00000000    0.24831668    0.34244124    1.01113621    0.97901450    1.00600795    0.97743524    1.17152073    1.07150716    0.96691884    0.96690908    1.00452958    1.02060844    0.88970278    1.01280728    0.91155488    0.85552807    0.88605265    0.90981144    0.77783525    1.10821951    1.09076006    1.13574587    1.11511214    1.20136647    1.16240422    1.18239905    1.26204904    1.29243576    1.22425905    1.27634379    0.94404608    0.96610609    0.92670687    0.85812358    0.85108801    0.83674646    0.96680869    1.00145797    1.11695185    1.22684486    1.09159271    1.13995591    0.99693706    1.15769690    1.04141974    1.63555958    1.98364106    1.61116061    1.69578402    1.17185149    1.20672297    1.80742176    1.94749797    2.06480416    2.05293435    2.13341644    2.07919882    2.05917784    1.92119442    1.67778569    1.83521823    1.76619221    1.83229154    1.37796658    1.53658924    1.57453830    1.25541613    1.74642234    1.72896920    1.33707062    3.44806931    3.69961691    3.33588618    3.24278314    4.67903794    4.86365982    2.58030784    4.07854948    3.05363325    3.09413820    3.80364059    3.13320613    3.26388336    3.91489345    3.18107085    3.28925641    2.85811035    2.90593986    4.39817151    3.17843576    3.08564070    2.38940449    4.09749216    3.19644848    4.36796144    3.85831780    5.13293036    4.19022952    3.61363661    3.40739521    3.71092859    6.07646285    3.47743129    4.57971148    4.97102213    5.38820446    5.82371537    3.90988084    4.02595255    4.76776705    3.42660253    2.61702090    2.54583029    2.88827004    2.48375179    2.74324222    2.97945662    2.32636918    0.80943736    0.77005130    0.65547063    0.89826501    0.77506732    0.86889261    1.04228718    1.12006033    0.95892016    1.00016728    1.05315507    1.13433417    1.00067935    1.02352182    0.99150994
Q9SB32_ARATH/204-304     0.67273938    0.24831668    0.00000000    0.27918050    0.98647254    0.93156002    1.02379812    0.96415773    1.26858812    1.09595542    0.98205187    1.11228137    1.13716710    1.06920303    0.97672390    1.10327728    0.98903499    0.91037677    0.93321062    0.96431076    0.87579420    1.09964080    1.03218617    1.04138715    1.10002422    1.18262510    1.17474344    1.15576817    1.27127409    1.26645533    1.20153285    1.24478755    1.03865077    0.97775523    0.87900471    0.86356988    0.81478758    0.81077701    0.90865156    0.91672917    1.05763659    1.12736022    1.01299469    1.03276372    0.97257776    1.05544920    0.96377203    1.70268105    1.84717525    1.66917601    1.83444973    1.17723928    1.34644541    1.83739408    1.90699807    2.00821485    1.99621602    2.07117059    1.93801209    1.95296848    1.81547405    1.79019904    1.80852986    1.73387299    1.72693362    1.47812103    1.56070855    1.57806981    1.25601865    1.63179601    1.64901793    1.25055116    3.10975249    3.50987354    3.26583159    3.11319063    4.49664920    4.60710329    2.35250859    4.13189358    3.03772499    2.83569955    3.71317198    2.95976009    3.20071599    3.38702107    2.91174857    3.18295522    2.87085198    2.74163616    4.16363577    3.25368122    3.17457702    2.16622720    3.82876414    3.27065891    4.74306802    3.99844224    4.90546863    3.91904549    3.62252911    3.19201267    3.65128829    5.71319035    3.03067068    4.10504954    4.30035815    4.22272044    4.41404759    3.38546053    3.57314028    4.00979419    3.79973204    2.40817956    2.67522398    2.98493590    2.56707832    2.62769525    2.70464458    2.50582135    0.81194641    0.77505005    0.69709276    0.96301477    0.73215312    1.02491646    1.12849654    1.09951512    0.93203876    0.88696646    0.89380114    1.07053260    0.93107519    0.98263829    0.93372754
Q9SHG1_ARATH/194-294     0.75055122    0.34244124    0.27918050    0.00000000    1.07085264    1.03907323    1.08376080    1.03198521    1.30187254    1.11875269    1.09555000    0.97795270    1.06082004    1.00379907    0.96063402    1.09234502    0.96924496    0.88611587    0.88949494    1.00706825    0.90590298    1.23844485    1.14629720    1.16106813    1.13372310    1.26252477    1.16330579    1.34617490    1.31750876    1.25994336    1.24717167    1.34530921    1.08484500    1.08112096    1.11066009    0.97228481    1.00298707    0.97669456    0.89991619    1.08921607    1.16190536    1.23333010    1.06801925    1.10856163    1.08544054    1.14209199    1.08999413    1.88072385    2.07714456    1.55741518    1.67988524    1.33226000    1.45427086    1.67714947    2.18592386    2.23849025    2.31225220    2.42908621    2.22656506    2.25222251    1.95817484    1.80590936    1.90654135    1.82059673    1.83172796    1.49117171    1.65202568    1.80476814    1.44179263    1.73724372    1.78308802    1.29052265    3.29505125    3.24648914    3.56430624    3.19727486    4.60060040    5.42511510    2.66052283    4.28464006    3.24776250    3.38218767    4.01725343    3.30787227    3.78362711    3.55926239    3.51952109    3.04912360    3.19317641    3.03960750    4.74919241    3.32367835    3.36917874    2.45433453    4.38358189    3.31341875    4.85424105    4.17371312    4.50154957    3.97970252    3.36647028    3.24821279    3.71367999    6.91459195    3.49036232    4.70240340    5.38734374    4.72037033    6.33549002    4.36994954    4.40303054    4.62843332    3.76938792    2.62118912    2.62467451    2.82295163    2.50494240    2.80177764    2.62808826    2.21990873    0.81732740    0.83056762    0.73075524    0.96057840    0.88925074    0.97362613    1.13934344    1.23200766    1.02798434    1.05672085    1.01570514    1.24827534    1.08599390    1.11954979    1.10096664
O48631_PRUAR/201-301     0.86732244    1.01113621    0.98647254    1.07085264    0.00000000    0.39407434    1.31263592    1.09353525    1.37038423    1.07538608    0.99324169    1.17775888    1.14504097    1.26135588    1.24804770    1.45612506    1.24664213    1.10168908    1.25668970    1.09294501    0.93645212    1.30667466    1.26450788    1.29933946    1.28198424    1.46268012    1.32341686    1.47058735    1.45096944    1.48895331    1.35557683    1.44575509    1.25913339    1.44087681    1.12683972    1.28622494    1.23440129    1.26142505    1.01311163    1.18210431    1.12235260    1.00364602    1.11273085    1.09801707    1.24555447    1.29495133    1.23607489    1.72249587    1.95820693    1.60889387    1.71921885    1.33419212    1.71585229    2.27962959    2.13522923    2.13530650    2.26065059    2.09968858    1.95113755    2.15999961    1.94542585    1.80350275    1.86497186    1.86730365    2.08507340    1.48186581    1.68985546    1.70224272    1.43773756    1.84697082    1.98324677    1.42335975    3.65331885    4.01649107    3.38499913    3.46717461    4.99808574    4.08901140    3.31276820    4.25587856    3.17277839    2.95961986    4.22627015    3.00290539    2.99023873    3.54277495    3.11455741    2.26294291    2.77795637    3.13291877    3.35224478    3.48020968    2.71287733    3.19144675    4.10179115    4.15815456    6.13837152    4.23129749    5.31398899    4.54946103    3.88158271    3.42542675    4.46849118    5.01813103    4.49207343    6.34422920    4.43433155    4.62976898    6.08162191    5.05099605    4.80404693    5.32225823    3.53344823    3.22384116    2.69912821    3.13354243    2.81696328    3.06000254    2.65138962    2.64893489    1.04889972    1.01048016    1.07232766    1.14817892    1.02352978    1.23224183    1.41619767    1.31011902    1.15586747    1.31828351    1.20197382    1.34018157    1.13826683    1.17583800    1.21217234
Q9XIA5_ARATH/201-301     0.91913773    0.97901450    0.93156002    1.03907323    0.39407434    0.00000000    1.10997373    0.96616527    1.33297436    0.96419582    1.00542361    1.14082316    1.01756655    1.19344644    1.12735276    1.21759100    1.16537308    1.12884593    1.04623205    0.91998643    0.84814891    1.27205085    1.19366008    1.42622168    1.30404448    1.55087021    1.31629181    1.35672805    1.57024911    1.58755466    1.40735516    1.44257181    1.30742847    1.45558521    1.32657671    1.27239134    1.27439233    1.26604154    1.11944902    1.28637694    1.27077782    1.30204107    1.28639400    1.26585798    1.35035059    1.40504244    1.37443120    1.82344054    2.09778081    1.52501271    1.69601856    1.47965606    1.64987052    2.39533333    2.20682250    2.21744441    2.41689482    2.08323784    2.19102753    2.24924213    2.06023580    2.03054537    1.96634661    1.84560488    2.33716197    1.52644731    1.71187288    1.81623730    1.51339471    1.86109572    1.86355346    1.33103195    3.46790258    4.97862525    3.19736497    3.87572150    4.97568721    4.53613627    3.18243525    3.97450803    3.35773844    2.95390827    3.93561173    3.03650417    2.99104447    3.28300791    3.03524251    2.45264506    2.77553527    3.21906179    3.79820321    3.86490892    3.18669843    3.38232136    4.26056015    3.47852409    4.72979680    3.73000822    5.12767897    4.97710012    3.27374306    2.95567542    4.17828625    5.56738038    4.05532235    5.87730488    4.56393731    4.49455754    6.43415803    5.05698256    4.86739393    5.54296842    3.77031306    2.85272463    2.45210020    2.77831255    2.73234418    2.97542972    2.58975794    2.58134861    0.93019066    1.03466274    1.09588692    1.25456548    1.17925994    1.31024021    1.50009253    1.45002904    1.26853566    1.34761492    1.18075283    1.38101446    1.16566929    1.34395063    1.34168001
LDOX_MAIZE/230-329     1.18187132    1.00600795    1.02379812    1.08376080    1.31263592    1.10997373    0.00000000    0.36228090    1.08147935    0.79571948    0.71587736    1.27446623    1.19943961    1.28874175    1.39064951    1.52317186    1.31099701    1.30662640    1.29643560    1.24582789    1.23761753    1.57335059    1.41707567    1.48150280    1.68960036    1.29692987    1.26320222    1.34648059    1.31419529    1.29213860    1.31358595    1.23990507    1.43738996    1.26558041    1.04903069    1.09353203    1.05695337    0.97666054    1.47666278    1.23191676    1.40053547    1.44277454    1.29771266    1.23834308    1.33198241    1.37914023    1.35885145    2.04165028    2.24690012    1.78960007    1.81370861    1.67090646    1.74125574    2.25499931    2.10130907    2.24107084    2.24003042    2.06437833    2.11552477    2.10075887    2.20765817    2.11753408    2.25930618    2.12591548    2.06620868    1.86906558    1.76111105    1.86738931    1.52195585    1.87864181    1.52667247    1.50453908    3.39066852    5.16394830    3.82974693    3.62792129    5.31397059    4.76841287    3.42528909    4.37929442    3.43889029    3.78177549    4.08544394    3.45340299    3.07695591    4.17856403    4.11897622    3.23528746    3.91547275    3.60267216    5.44485531    3.38277305    4.07415150    2.58232437    4.96219180    3.02710900    3.98241014    4.14402348    5.01981749    4.31111249    3.70778658    3.97802451    3.36058012    7.20710028    3.75473080    5.20176727    4.35590039    4.81945410    4.36721406    5.49737718    4.99388907    6.45469797    3.49728377    2.44173264    2.38272938    2.52319568    2.37060280    2.55960967    2.50796816    3.21099536    0.96757779    1.02496633    0.97177370    1.25556215    1.05102129    1.25407950    1.16008729    1.33975589    1.22686533    1.16165824    1.26030334    1.48853864    1.20786723    1.29517729    1.12346607
LDOX_PERFR/214-313     1.01429358    0.97743524    0.96415773    1.03198521    1.09353525    0.96616527    0.36228090    0.00000000    0.90142517    0.71340547    0.58020162    1.14174886    1.15177943    1.46845733    1.37973233    1.48959963    1.14720708    1.17579312    1.19592654    1.22929145    1.10798074    1.39293500    1.28794761    1.37440072    1.35927985    1.51763202    1.38226671    1.50833050    1.57100012    1.44723215    1.39566736    1.41752344    1.32877614    1.26599218    1.00515497    1.20002285    1.05641364    1.07935707    1.30544167    1.10286508    1.25329595    1.35191554    1.24944401    1.16605057    1.30191543    1.25381919    1.23883515    2.06638166    2.04509643    1.57386422    1.74312610    1.60921261    1.65435359    2.21865477    2.24658043    2.24277363    2.35648744    2.19187272    2.19577571    2.08723647    2.09918929    2.11030425    2.19948392    2.05659697    2.20351073    1.71174084    1.71662084    1.79242684    1.55877164    1.99286761    1.84073254    1.48412913    3.90995258    5.38569060    3.84132891    4.44419591    6.02175920    5.59532660    3.79775562    5.41642016    3.92635299    4.11246280    4.60624653    3.34058141    2.96877770    4.41888735    4.73643681    3.14226495    3.58553852    3.59014312    5.15653604    3.98234144    3.77607926    2.70262596    5.17187170    3.68929827    5.23855628    3.69419063    4.70611129    3.91012561    3.39323468    3.76371092    3.89204519    5.86080092    3.98471996    5.44963998    3.99063993    4.15263832    4.57501009    4.94255100    4.79812234    5.80471132    3.44765634    2.68586194    2.82098368    2.97590485    2.80625135    3.16780963    2.89847580    3.24494416    0.92504251    0.88390535    0.93309971    1.19782346    0.96582917    1.30311600    1.26105909    1.26763262    1.24524576    1.23313525    1.40264808    1.43887546    1.36954007    1.33071323    1.22206946
FLS_MATIN/151-250     1.02972233    1.17152073    1.26858812    1.30187254    1.37038423    1.33297436    1.08147935    0.90142517    0.00000000    0.61240876    0.57679034    1.28596159    1.30441356    1.28584355    1.29352748    1.32169849    1.23893941    1.17218778    1.19873160    1.28067877    1.22000169    1.51878390    1.36625455    1.24596504    1.44054955    1.48955765    1.38676609    1.42043269    1.56633272    1.49564182    1.49135131    1.54246206    1.48073705    1.43625630    1.17625688    1.18635427    1.15009865    1.19227119    1.24220662    1.27594685    1.45919072    1.45562569    1.28542895    1.16678058    1.36084429    1.33920511    1.37082811    1.77100985    2.14978419    1.72888193    1.83803293    1.22414345    1.61703835    2.20302114    2.12743248    2.35263948    2.48979501    2.24940725    2.34753798    2.31457940    2.03544420    2.19267836    2.09488971    1.95305632    1.93347999    1.71368623    1.72876791    1.69618103    1.71669794    1.95816193    1.83658821    1.46080552    3.32794632    5.72272924    3.48913794    3.72192980    5.23632592    3.84936355    3.06140036    3.66060064    2.95044573    3.29264603    3.63544256    3.04227191    2.80476969    3.65728561    3.61379878    3.79936262    3.75563211    3.26881714    3.70071085    3.09495862    3.24051622    2.55672251    4.98682025    3.72422838    4.43952263    4.62982247    4.39850060    3.77884865    2.96506348    3.72883331    3.43496336    6.40105556    2.90467855    3.62427869    4.87717464    4.35648733    5.28352556    4.74506097    4.19492822    4.52619688    3.83268934    3.12564670    3.18628838    3.22850809    2.93799608    3.24971633    2.56835250    3.37402743    1.01076655    1.19735590    1.03808037    1.38639701    1.19335191    1.36219155    1.31915429    1.43119375    1.46906220    1.41251863    1.53160966    1.72269492    1.44131871    1.28542907    1.52759434
FLS_SOLTU/214-310     0.89299161    1.07150716    1.09595542    1.11875269    1.07538608    0.96419582    0.79571948    0.71340547    0.61240876    0.00000000    0.21719733    1.17255147    1.10355289    1.08878410    1.12040133    1.15804377    1.11760021    1.08841511    1.17219609    0.97899188    0.94093831    1.48410756    1.20019571    1.23390511    1.45081931    1.44500374    1.32795909    1.34381189    1.55932059    1.58148817    1.41349662    1.44828277    1.30990359    1.24543232    1.15998176    1.17097481    1.06541242    1.09796200    1.20058658    1.20023560    1.25456076    1.25907460    1.19365900    1.15610573    1.26480744    1.23827696    1.18673052    1.76119756    2.22391587    1.65633173    1.81802100    1.29889333    1.38800240    2.01602799    2.11569141    2.14957254    2.34372288    1.96115755    2.03372296    2.06667550    1.95018882    2.01172445    1.85659540    2.02652545    2.00270145    1.73425943    1.75855807    1.89929549    1.56857900    1.70277325    1.83861733    1.48615700    3.83268961    5.68222760    3.64996205    3.85192800    4.44267433    4.32641313    3.19913728    3.65761456    2.95193875    3.10020979    3.45576461    3.05316512    3.32688399    3.84649408    3.74668850    3.48181191    3.70787504    3.44747369    4.76348334    3.75720013    3.37997040    2.48404279    4.63361268    3.21746647    4.67590091    3.90436454    4.38252015    3.94518971    3.03897105    3.23700475    3.80098585    7.01909694    3.41081589    4.75018970    4.77304660    4.52795613    5.90635871    4.07360338    4.16725856    4.50478044    3.78853643    2.75332573    2.63702720    3.13281370    2.74229599    3.29906197    2.87134893    3.11851287    0.91395668    0.94804950    0.85303505    1.20085425    1.18748679    1.16379600    1.08452565    1.26229040    1.26854771    1.19841584    1.27503372    1.43606966    1.16141388    1.09430935    1.26849516
FLS_CITUN/197-296     0.83550765    0.96691884    0.98205187    1.09555000    0.99324169    1.00542361    0.71587736    0.58020162    0.57679034    0.21719733    0.00000000    1.19581589    1.15290852    1.14461276    1.17305173    1.22091942    1.13992867    1.06600332    1.13751697    1.00464752    0.94013374    1.24842210    1.26999399    1.11649673    1.38338072    1.33208927    1.25547091    1.39239130    1.48665669    1.40374209    1.34036060    1.41901006    1.26610524    1.12069730    0.98868575    1.12160867    1.02239919    1.05231142    1.07579318    1.03763651    1.15303296    1.13230823    1.09740755    1.00793347    1.12627866    1.10033212    1.06960684    1.76207789    2.12614492    1.64640171    1.76402507    1.31444886    1.44085233    1.85594767    2.07085438    1.95640631    2.29666768    1.91070464    1.97079919    1.89843632    1.90318178    1.94464744    1.85011467    1.88254941    1.77042399    1.66367468    1.77997492    1.68598457    1.47503720    1.76038316    1.88214616    1.45503896    4.02876577    5.80692319    3.59506779    3.70506996    4.16301264    3.99225761    3.14561108    3.70015933    2.87997158    2.87308683    3.60627070    2.69832856    3.10213221    3.57121705    3.66218316    3.27282875    3.70230692    3.28616767    4.04897050    3.45524748    3.08797349    2.22449005    4.74050010    3.44378172    4.87293252    3.68637463    5.32604711    4.38091651    3.20172027    3.05181782    3.49816614    6.11557538    3.38137694    4.15949545    4.66046118    4.74599347    4.66279755    3.99813369    3.91153303    4.16745499    3.39744037    2.82344148    3.08883217    3.09798024    2.84173676    2.99678873    2.77079713    3.24808770    0.86938286    0.93279235    0.85528025    1.17925168    1.12206746    1.14401888    1.12144752    1.16920745    1.28223462    1.11123299    1.28129581    1.44854692    1.21121983    1.07243848    1.22066024
Q43419_CUCME/151-252     0.90687305    0.96690908    1.11228137    0.97795270    1.17775888    1.14082316    1.27446623    1.14174886    1.28596159    1.17255147    1.19581589    0.00000000    0.25774907    0.75289296    0.71073789    0.92945833    0.77385328    0.67524641    0.72683412    0.96759060    0.92668447    1.49557299    1.25083932    1.37754296    1.61137014    1.57744081    1.27479837    1.40498442    1.32948705    1.30487316    1.29603450    1.24212298    1.36144125    1.43415616    1.36035605    1.17857582    1.25441088    1.21686331    1.26197320    1.32413175    1.37073628    1.44590604    1.44522899    1.36965834    1.44275324    1.39832928    1.31664182    1.61901744    2.49486719    1.59905737    1.73085551    1.30360937    1.52349373    2.21988107    2.24292590    2.33312216    2.53011502    2.55414410    2.46300000    2.47973285    1.95596909    2.22415932    1.99587143    1.86595326    2.18502028    1.74429102    1.60565259    1.75692328    1.31931527    1.76908994    1.84045863    1.22410398    3.67266967    4.12353925    4.69598111    4.97377223    8.72952022    5.48983961    3.50967854    5.01062241    4.20494647    4.27354911    4.66713847    3.76380955    3.45638309    4.29300782    3.33104744    3.02094035    3.13467660    3.15677122    4.57823088    4.21352983    3.39036181    3.03210091    4.12318162    4.25248365    5.72760400    3.56464053    4.94457515    4.56321169    3.50341280    3.39098232    5.03548068    5.98079421    4.80209889    7.06834094    5.17392514    6.57705117    7.08159917    6.53852774    6.42771367    7.84772614    3.99936940    3.14327971    2.50779036    2.54607603    2.52779630    2.60931859    3.08826618    2.51733856    1.01672035    1.03239530    0.90278363    1.05881205    1.16884486    1.10667116    1.21336999    1.28607533    1.28888737    1.38627205    1.34053636    1.53512175    1.22265052    1.36830895    1.35074192
ACCO1_ARATH/158-259     0.94635990    1.00452958    1.13716710    1.06082004    1.14504097    1.01756655    1.19943961    1.15177943    1.30441356    1.10355289    1.15290852    0.25774907    0.00000000    0.70394779    0.71286664    0.92522974    0.79027327    0.70530858    0.65443769    0.92853673    0.95062597    1.57127541    1.39390469    1.27082629    1.57399418    1.51285761    1.34810951    1.23150079    1.30059210    1.33268533    1.18987812    1.25361029    1.32490075    1.46541980    1.33291438    1.23720886    1.26164447    1.18282995    1.21557750    1.41002319    1.44155473    1.53881702    1.62618629    1.46023611    1.51180430    1.40537931    1.37552884    1.54867330    2.36751262    1.61268596    1.76269997    1.26801253    1.43470683    1.99896319    2.50019577    2.50094363    2.78528233    2.78976765    2.66535327    2.68437959    1.83550135    2.06275271    1.89253832    1.72259688    2.41710262    1.65837068    1.52705951    1.67965664    1.37531452    1.65025448    1.70610503    1.26772955    4.04497824    4.33594047    4.55300925    4.62889347    7.73348274    5.54291673    2.98441314    4.75273279    4.15145626    4.01756957    4.66496129    3.66216472    3.48097323    4.46754939    2.94760088    3.40086556    3.21987694    3.16659728    4.38605812    4.27792020    3.06422092    2.91641153    4.11324552    3.97860583    5.53399693    3.54767872    4.91005303    4.15248386    3.13445188    3.46336248    4.29198372    5.03541580    4.56099252    5.61886766    4.97118482    5.84049694    5.95836733    5.77307787    5.27685635    6.07268695    3.45682066    3.31607896    2.64879495    2.70428184    2.51704385    2.82519669    3.00051205    2.76769999    0.92340470    0.98674518    0.94280583    1.07505127    1.11254942    1.20522776    1.16170964    1.41012044    1.35388993    1.43466303    1.41726962    1.64291138    1.36181016    1.45048083    1.33587718
O81606_SORBI/160-259     0.95128413    1.02060844    1.06920303    1.00379907    1.26135588    1.19344644    1.28874175    1.46845733    1.28584355    1.08878410    1.14461276    0.75289296    0.70394779    0.00000000    0.37026161    0.60990933    0.48533798    0.48873971    0.42129539    0.77033645    0.88625787    1.71819813    1.59673803    1.33898497    1.53026932    1.78752742    1.48139414    1.62508352    1.70775226    1.73591179    1.59505213    1.58466117    1.41963912    1.36296731    1.35112264    1.13787895    1.21431691    1.14987481    1.30449908    1.39664143    1.45850713    1.48034469    1.40793506    1.25913199    1.27365952    1.27730622    1.31558361    1.75699766    1.93112958    1.72061714    1.66614965    1.13415864    1.24314565    1.65459244    2.28697131    2.43155183    2.81298850    2.42071475    2.41884786    2.26638450    2.01502382    2.35057457    1.91951369    1.99172246    2.04749055    1.45891085    1.63229335    1.83067022    1.46900710    1.87746549    1.91662741    1.12382298    3.23858229    3.99289035    3.74991914    4.06597252    5.54637437    5.19324511    2.69522107    3.44461646    3.61307258    2.92004152    4.24877788    2.98113861    2.91177419    4.17780381    2.74329384    3.30504934    3.06784559    3.53225665    4.57299599    3.40294432    2.85590738    2.26882975    3.52351586    3.17634777    4.20882724    2.97837608    4.66708027    3.81682935    2.96705794    2.83135878    4.87703120    5.49575952    3.36368879    3.96152888    4.63310811    4.28612368    5.58148373    4.05331908    4.03312795    3.95749066    3.44167054    2.89638579    2.51281690    2.68520239    2.48233404    2.83737347    3.26529623    2.99717222    1.04301999    1.05186806    0.99822967    0.98153974    1.08691786    0.96567738    1.05657617    1.25424025    1.14705636    1.18205810    1.16825884    1.46595330    1.09028379    1.14146159    1.04832685
O82126_CUCSA/154-255     0.82562887    0.88970278    0.97672390    0.96063402    1.24804770    1.12735276    1.39064951    1.37973233    1.29352748    1.12040133    1.17305173    0.71073789    0.71286664    0.37026161    0.00000000    0.31177726    0.23122580    0.28881078    0.23442667    0.73796522    0.76717974    1.47170139    1.23758185    1.27225348    1.25746933    1.46945577    1.16943945    1.35008073    1.36744915    1.38913099    1.19982626    1.28936437    1.21094784    1.39931919    1.21917962    1.14225890    1.19461623    1.14379893    1.09225963    1.23936101    1.28273202    1.33688350    1.34280135    1.34497405    1.30246319    1.29517905    1.23319891    1.53933881    2.04965608    1.54852868    1.53740599    1.22233843    1.24658155    1.59715042    2.16939333    2.33958880    2.35479803    2.54691954    2.36533578    2.27815522    1.79972240    2.08276584    1.86036325    1.76388105    1.97999945    1.43225757    1.70748792    1.99798603    1.27090774    1.81606527    1.90997605    1.11696998    3.69519933    3.67159638    3.68660773    3.78137125    6.14002480    4.23628684    2.71435890    3.96675109    3.32196330    3.42588256    4.08313618    2.82776222    3.00267240    3.48634877    2.74855902    2.98795381    2.94477196    3.03294262    3.96463096    3.58012524    2.72126980    2.64512187    3.32592448    3.01381794    4.21841894    3.03584152    4.39090407    3.35006248    3.05063367    2.71712614    3.92781284    4.41915431    3.41223389    3.98509857    3.99828659    4.08623849    5.14810103    4.14194716    3.81166749    4.10366521    3.20245428    2.93458256    2.55336579    2.81625460    2.60151281    2.70855949    3.09474500    2.48194674    0.89335866    0.88175837    0.85708455    0.97457227    0.97274817    1.00908580    1.10320118    1.17955032    1.14469105    1.12581159    1.04687288    1.28825748    0.87894430    1.08378055    1.07435421
O22391_STELP/151-250     1.00197156    1.01280728    1.10327728    1.09234502    1.45612506    1.21759100    1.52317186    1.48959963    1.32169849    1.15804377    1.22091942    0.92945833    0.92522974    0.60990933    0.31177726    0.00000000    0.38522956    0.40720706    0.40574611    0.89889730    0.92955460    1.39051153    1.30267073    1.35183219    1.47226084    1.47472444    1.29239659    1.33853271    1.37326142    1.36264573    1.27927267    1.38848024    1.26378703    1.44984009    1.31091882    1.18206980    1.24973959    1.24350805    1.13485704    1.46374395    1.27683769    1.46198017    1.41177857    1.49275897    1.48025632    1.25827540    1.34407853    1.58817010    2.68403136    1.85685895    1.90272120    1.58750797    1.31148940    1.65791194    2.41280958    2.49222373    2.35991512    2.64732698    2.49541820    2.36528397    2.08833671    2.27689167    2.05277661    1.96565381    2.34092041    1.49980746    1.69036814    1.80437528    1.69046504    1.68607701    1.74993432    1.30152510    3.58540966    3.81868232    3.73778851    3.99296205    5.02421907    4.54339216    3.40531493    4.27915485    3.72290460    3.35405267    4.21477331    2.92132245    3.34967605    3.62652109    2.84826855    3.10134291    2.76102969    2.85752773    4.23577803    4.08640467    3.14189028    2.65755889    3.85111772    3.65658877    5.01946964    3.68872501    5.38903158    3.89340360    3.32165690    2.79314689    4.64767814    5.05097735    3.73905791    4.16162076    4.69261482    5.11728524    6.74969172    4.09094590    3.82180721    4.07642677    3.82250560    3.61222431    3.01597791    3.30003909    2.84201436    3.26506920    3.37867852    2.50021308    0.99048474    1.04800278    0.99366142    1.23796868    1.15213027    1.09072819    1.18645694    1.36442661    1.30017923    1.24116074    1.14294288    1.39988507    0.95373222    1.25807256    1.29510624
O82127_CUCSA/153-253     0.81546843    0.91155488    0.98903499    0.96924496    1.24664213    1.16537308    1.31099701    1.14720708    1.23893941    1.11760021    1.13992867    0.77385328    0.79027327    0.48533798    0.23122580    0.38522956    0.00000000    0.24308104    0.26124754    0.83784647    0.79217287    1.35063283    1.31806266    1.33226675    1.28913053    1.54528525    1.22028144    1.35474938    1.43437474    1.38758863    1.29148014    1.30638071    1.21942947    1.28478493    1.08949519    1.12698796    1.09094716    1.00332331    1.23527756    1.26733335    1.13739025    1.30620018    1.20428091    1.27239833    1.29933430    1.25564213    1.31676032    1.79526787    2.08168270    1.56810047    1.58109110    1.20419490    1.17125893    1.61958615    2.15966879    2.44723209    2.43407352    2.46115676    2.47347238    2.32430183    1.70509118    2.20702082    1.74337652    1.70285858    2.04735746    1.51463040    1.72434199    1.88587874    1.48902990    2.00753937    1.95327414    1.23866020    3.57948571    3.69314256    3.62517058    3.85907702    6.53377814    4.41211835    2.73712526    3.84587869    3.28551002    3.61023612    3.94529977    2.67636609    3.26473390    3.21139907    2.95471346    3.00667269    3.05755953    3.01343476    3.80141149    3.81389068    2.90779143    2.76920300    3.24259369    3.12664448    4.39621924    3.28247286    4.70365605    3.62494336    3.14119952    2.80607725    3.50552237    4.50947629    3.30146011    4.07961820    4.12386251    4.40388099    4.99894241    4.14276387    3.83973232    4.42516465    3.49871286    3.21811830    2.81134669    2.97445205    2.77641388    2.94422214    3.14073541    2.56814083    0.88795987    0.88389121    0.91240606    1.05025269    0.97313840    0.91726804    0.99737700    1.21410344    1.20253236    1.19594595    1.12286136    1.41839153    0.99997466    1.11881734    1.18830558
O65158_PHAVU/154-253     0.79552696    0.85552807    0.91037677    0.88611587    1.10168908    1.12884593    1.30662640    1.17579312    1.17218778    1.08841511    1.06600332    0.67524641    0.70530858    0.48873971    0.28881078    0.40720706    0.24308104    0.00000000    0.26031722    0.79331965    0.75542050    1.33745592    1.27143998    1.10216678    1.21538612    1.44057561    1.12203031    1.22988534    1.20791043    1.17729774    1.19552609    1.23349022    1.10340417    1.33456328    1.11157240    1.14871708    1.13037948    1.08689265    1.04017020    1.23090546    1.15536850    1.14781701    1.31905989    1.23937264    1.32157116    1.36887279    1.30251525    1.70372237    1.93420277    1.53479060    1.55969884    1.24859620    1.23989689    1.57791045    1.99118110    2.19719567    2.20041765    2.24476346    2.12141681    2.05356943    1.92722692    2.00590706    1.81613775    1.79584965    1.94867971    1.46552726    1.70396020    1.77346421    1.44875354    1.88155174    1.94388208    1.22629437    3.24537467    3.28941837    3.73964821    3.92196626    6.84934314    4.67780292    2.75935941    3.95266549    3.73413564    3.33938704    4.44590641    2.72830470    3.07080818    3.70953587    2.80663658    3.25965063    3.26674230    2.98323020    3.61334456    3.94264846    3.10348343    2.77343397    3.77507596    3.30530806    4.68355686    3.37753389    4.46492134    3.28126464    3.09208325    2.74966131    4.22907998    4.20098115    3.48200395    3.94840735    4.72487572    4.88554239    6.15505457    4.13317736    3.77754574    4.24275058    3.39941437    3.50788473    2.71900395    2.94278948    2.61160543    2.84833135    3.02591966    2.24595392    0.87454557    0.88872622    0.83146710    1.05753875    0.94163090    0.82251690    0.91119171    1.04974898    1.06730286    1.09526471    1.13159576    1.32955616    0.99966932    1.05696815    1.08918643
Q39316_BRANA/157-256     0.80178280    0.88605265    0.93321062    0.88949494    1.25668970    1.04623205    1.29643560    1.19592654    1.19873160    1.17219609    1.13751697    0.72683412    0.65443769    0.42129539    0.23442667    0.40574611    0.26124754    0.26031722    0.00000000    0.86802544    0.84587491    1.31222268    1.23434151    1.32952775    1.24991065    1.51827616    1.23239784    1.29872644    1.36976097    1.33802123    1.21612243    1.29419752    1.16703953    1.24268841    1.16469853    1.05622681    1.11187401    1.01627074    1.08206448    1.28615092    1.21966265    1.36202051    1.34417390    1.31942699    1.40392440    1.36827663    1.40061100    1.73679192    2.02337441    1.43728586    1.47165950    1.31321059    1.26095474    1.55947079    2.39566380    2.47266147    2.55387296    2.55551449    2.49954530    2.35349337    1.72553011    1.94580285    1.74095680    1.67096234    1.88168864    1.60720351    1.62396959    1.67715387    1.40682663    1.78254495    1.92888253    1.15536640    3.38785284    3.71838582    3.21391506    3.58030984    5.32448575    3.73556650    2.49529518    3.39034669    3.04321357    3.18041688    3.58927864    2.48006993    2.76705494    3.34269618    2.67984961    2.99457410    2.82840645    2.74649743    3.69532169    3.93090484    2.81470634    2.62247013    3.47996508    2.96147760    3.99991120    3.39347447    4.68937835    3.45947822    3.07806553    2.53756662    4.15252835    4.75553435    3.51535878    4.38829834    4.54751042    4.61898350    6.18860338    4.33108718    4.13694929    4.55675899    3.29972671    3.24164920    2.79301846    2.84900912    2.76505028    2.85400117    2.89193144    2.41622137    0.95092787    0.97735632    0.91466765    1.16194431    0.98856571    1.05109142    1.07705437    1.16078198    1.13106219    1.17257846    1.12203379    1.45525918    1.08655985    1.24839485    1.22496790
Q9XIW9_ORYSJ/203-301     0.94275170    0.90981144    0.96431076    1.00706825    1.09294501    0.91998643    1.24582789    1.22929145    1.28067877    0.97899188    1.00464752    0.96759060    0.92853673    0.77033645    0.73796522    0.89889730    0.83784647    0.79331965    0.86802544    0.00000000    0.30064601    1.43427773    1.21299150    1.36520739    1.34550107    1.42776902    1.42040213    1.52007008    1.64645844    1.71074992    1.49971619    1.54903152    1.53034173    1.16338628    1.20590254    1.22084301    1.23497361    1.25231136    1.41947186    1.17183222    1.31262910    1.37203928    1.26156697    1.31298555    1.31170589    1.36532025    1.29390174    1.56161747    2.41619561    1.80934222    1.85615258    1.28470111    1.50693238    1.86536703    2.07637058    2.30493964    2.23973860    2.03986135    1.97735588    2.10752994    2.00152267    2.16709410    1.93862188    1.83546720    1.91377607    1.47496315    1.68288160    1.83698186    1.45573549    1.78832469    1.81119806    1.42221462    3.73456527    5.11366463    3.81371673    3.77271500    4.57644406    3.49326681    2.77723308    3.53145528    3.48069635    3.03351688    3.78679651    2.68192519    2.89589968    3.68136749    2.59355552    3.29441942    2.99539318    2.64456637    3.61785447    3.04355568    2.64042783    2.76459546    3.78109590    4.12167394    4.98545226    3.44710392    4.14265846    3.95623936    2.73732480    2.69291150    3.85282268    4.58815059    3.51818770    4.42414202    4.23689051    4.61527475    5.43220730    3.65644521    3.43830634    3.65640873    3.33783437    2.87208864    2.60111928    2.90017972    2.68427600    2.62732160    3.47321829    2.79466202    0.86975238    0.98886499    0.95312579    0.92221781    1.00853688    1.06270490    1.17774080    1.13148792    1.22517010    1.21993196    1.12026760    1.43037609    1.05654110    1.09150720    1.16806777
