48
I3Z120_BELBD/87-107     0.00000000    1.35998318    1.26320704    0.88988543    1.31043084    1.48311540    1.65406584    1.74357024    1.64753630    1.87950440    2.10714747    1.99041913    1.52801581    2.17352147    0.78506552    1.06683063    1.13515112    0.54126798    0.65913771    0.68150078    0.60890437    1.56902368    0.60768521    0.73156169    0.77200137    0.74355915    0.98222349    1.32374011    1.15252561    0.79617635    1.10263827    0.96140221    0.88342414    1.04322929    1.35093705    1.29287351    1.01723184    0.91872620    1.32820829    0.91392021    0.65991177    0.56349027    0.59167630    0.60629221    0.58822094    0.33682808    0.53766603    0.85097897
YHJQ_BACSU/2-22     1.35998318    0.00000000    0.72082709    1.30903684    1.61069584    1.06878449    2.38187357    2.16336291    2.17331183    2.13242989    2.04581221    2.38579452    2.12453930    2.28752770    1.00012827    0.75377533    1.35704507    1.51708276    1.43251959    1.47730615    1.24369330    2.02307107    1.53082183    1.39074358    1.81598457    2.06835464    2.14258984    2.21929740    2.03677039    1.56952107    1.31810028    1.66164736    1.91311786    1.38467824    2.10607553    1.81078780    1.92663529    1.57116941    1.81554698    1.40598539    1.62348838    1.72809386    1.45707585    1.27899751    1.35068971    1.29082836    1.52046796    1.36602216
Q62QF8_BACLD/2-22     1.26320704    0.72082709    0.00000000    1.67172468    1.46205048    1.15912867    1.68062768    2.20988464    1.86237874    2.00524905    2.01693241    2.39254498    1.81589722    2.04524009    1.01791376    0.93296749    1.11364297    1.71393399    1.61714729    1.48917455    1.42291776    1.57525656    1.36478952    1.39418056    1.64413348    1.63050085    1.97360522    2.36102461    2.01906394    1.35643685    1.18641041    1.59052773    1.63250550    1.17154772    2.36098942    2.00661495    2.00193554    1.99027624    1.93307063    1.52967832    1.23156355    1.50156135    1.32213014    1.47266872    1.45508343    1.18464955    1.23145441    1.12750472
Q9K4I7_STRCO/16-35     0.88988543    1.30903684    1.67172468    0.00000000    1.41159710    1.15243215    1.88350731    2.08381563    1.85471489    1.73126071    1.68837020    2.31867556    1.66830184    1.68273674    1.50320884    1.60918395    1.69650880    1.21437966    1.13315845    1.35652533    1.32077625    2.21859909    1.19425316    1.16830720    1.55131563    1.62056819    1.71038964    1.69127432    1.59081980    1.46358114    1.71494305    1.23503377    1.22406626    1.70293187    1.83035867    2.07723154    1.61765353    1.59553034    1.67715917    1.23327632    1.25135241    1.19217794    1.34311092    1.26579234    1.31971382    1.06651310    1.42516258    1.12831553
I0KA36_9BACT/38-58     1.31043084    1.61069584    1.46205048    1.41159710    0.00000000    0.81270192    0.90477737    1.61010783    0.95110318    1.31655098    1.78653692    0.90385867    0.61133400    1.25787194    1.25817030    1.66169457    1.99177118    1.53407015    1.78285808    1.67608822    1.54504433    2.94155231    1.43094271    1.54014878    1.29250981    1.43987793    2.09932937    1.87503311    1.78256350    1.40688241    1.89341864    1.77652499    1.76436157    1.48886005    2.30158378    1.89008664    1.70319880    1.85216788    1.71448410    1.43266226    1.44320073    1.63459379    1.70393808    1.61519023    1.75979377    1.42774301    1.53233577    1.57423843
K9URK1_CHAP6/38-58     1.48311540    1.06878449    1.15912867    1.15243215    0.81270192    0.00000000    0.75324169    1.08390533    1.26606923    1.15366793    1.50930394    0.72286406    0.88567964    0.54111107    1.16260673    1.20038715    1.67086973    1.82784088    2.01694020    1.86605944    1.90077300    2.16306539    1.60507122    1.44552309    1.72402776    1.65536595    2.10938381    2.03155592    1.93076162    1.48988293    1.31163809    1.29434260    1.11107218    1.14081525    2.08259004    1.98777053    1.69129851    1.55134359    1.49804517    0.97260622    1.66515264    1.67695620    1.64117982    1.78778187    1.96950374    1.51316137    1.68982299    1.66648793
C1CXY2_DEIDV/37-56     1.65406584    2.38187357    1.68062768    1.88350731    0.90477737    0.75324169    0.00000000    0.86501899    0.73545446    0.53120170    1.46109322    0.54238472    0.43970137    0.61160319    1.63119572    2.10622565    2.17853761    2.14469279    2.16855550    2.34724447    2.21374765    2.24809363    1.54927504    1.79981775    1.84962748    1.24007538    2.18414779    2.19031309    2.21244925    1.69621730    2.02863721    2.09922557    1.57889569    1.79167861    2.66491884    2.67308545    1.77736527    2.14799524    1.88198720    1.47867025    1.57026523    1.58250128    1.88727880    2.06613701    2.04458448    1.73596924    2.08617798    2.13025148
C7PNG0_CHIPD/35-55     1.74357024    2.16336291    2.20988464    2.08381563    1.61010783    1.08390533    0.86501899    0.00000000    0.73313689    1.05007976    1.42884904    0.79068278    1.18723617    0.64826792    2.38764509    2.27582489    1.87412638    2.33215017    2.93197715    2.98495553    2.90972855    3.54574669    2.05797949    2.77667839    2.06850848    2.04810827    2.35584117    2.79939927    2.51525340    2.23568687    2.26145637    2.21413702    2.47794415    2.61180285    2.30936618    2.78559931    2.58139049    2.43833202    1.70313308    1.80499242    2.52899965    2.39416656    2.46933053    1.88236314    2.17912397    2.29848633    2.62855689    2.86403800
Q9X8F4_STRCO/51-71     1.64753630    2.17331183    1.86237874    1.85471489    0.95110318    1.26606923    0.73545446    0.73313689    0.00000000    0.28027825    1.68770688    0.65153932    1.00759964    1.06820123    1.95161117    2.03322924    2.17610805    2.67941584    2.94350189    2.53604300    2.66666141    3.51094928    1.86957124    2.48461951    2.14168032    1.86918583    2.47328395    2.67326282    2.49400845    2.12351674    2.21653688    1.96237815    1.94490299    1.83232338    3.41089422    3.17709325    2.92617203    2.75729606    2.51745655    2.28841620    2.35064175    1.84245541    2.05923523    1.65374435    1.97455508    2.09052809    2.24184258    2.51833193
F6FUE5_ISOV2/48-68     1.87950440    2.13242989    2.00524905    1.73126071    1.31655098    1.15366793    0.53120170    1.05007976    0.28027825    0.00000000    1.22852250    0.84453697    0.98093156    1.02356022    1.65604481    2.16740218    2.43344853    2.41518498    2.56375104    2.47929094    2.47230052    3.35773883    1.98133313    2.24613475    2.23410980    1.74049196    2.59939202    2.50796078    2.56613860    1.83623550    2.02144107    1.86905981    1.64414392    1.73594272    3.36476803    3.21537187    2.39077553    2.39817699    2.80265663    2.36646195    2.38162858    1.78709102    2.11046764    1.31684410    2.02890129    2.13307863    2.34476638    2.54078241
Q97MW6_CLOAB/38-58     2.10714747    2.04581221    2.01693241    1.68837020    1.78653692    1.50930394    1.46109322    1.42884904    1.68770688    1.22852250    0.00000000    1.44435467    1.81286300    1.45386838    1.85267743    1.57119914    1.77023664    2.48320975    2.25083655    2.66667400    2.47134524    3.02979135    2.00365877    2.13655269    2.30585508    1.89569721    2.32741101    1.46693804    2.19183203    2.20424091    2.00237781    2.30821765    2.35479720    2.28129293    2.82302212    2.51373345    1.98667210    1.71021024    2.08270999    2.05956497    2.32657427    2.17361137    2.48764805    1.89678130    2.04539830    2.18490867    2.34681766    3.02079394
G8TBT3_NIAKG/33-52     1.99041913    2.38579452    2.39254498    2.31867556    0.90385867    0.72286406    0.54238472    0.79068278    0.65153932    0.84453697    1.44435467    0.00000000    0.76950128    0.58751604    2.24400451    2.22630574    2.47958946    3.10795115   20.00000000    3.07378442    3.26705640    3.73845781    2.65195667    2.96396052    2.28547320    1.86504686    1.78943526    2.75996895    2.86816671    2.41305362    1.95750275    2.36584000    2.31585957    2.51592473    3.11411975    2.63892502    2.31239087    2.39991040    2.16838369    1.77604254    2.74701531    2.07270611    2.17034795    2.13232319    2.16987762    2.49592828    2.74354895   20.00000000
YHJQ_BACSU/32-51     1.52801581    2.12453930    1.81589722    1.66830184    0.61133400    0.88567964    0.43970137    1.18723617    1.00759964    0.98093156    1.81286300    0.76950128    0.00000000    0.47558584    1.79602214    2.24623742    2.62843020    2.02866250    2.23613890    2.05107383    2.19415286    3.05561222    1.65587926    1.61938450    1.45281611    1.27644638    2.01281296    2.17498055    2.43875802    1.96283314    2.33552248    2.12148121    1.69247483    1.34748986    2.81524651    2.52619505    1.85128507    2.33884351    1.60839850    1.70785498    1.69550181    1.44077206    1.73030123    2.02826749    2.00738834    1.75737563    1.76840252    2.36279152
G2TLV3_BACCO/32-52     2.17352147    2.28752770    2.04524009    1.68273674    1.25787194    0.54111107    0.61160319    0.64826792    1.06820123    1.02356022    1.45386838    0.58751604    0.47558584    0.00000000    2.14513039    2.29848055    2.57259798    2.64265496    2.87763149    2.63548143    2.89650049    3.29993191    2.35289155    2.37583138    1.72539262    1.47847396    1.93402003    2.51711491    2.49411366    2.29476552    2.39150441    2.16982739    1.91560374    2.06250014    2.58551898    2.93587505    2.07181801    2.41206376    1.92299256    1.51483613    2.48673531    2.13348729    2.13688643    2.84306960    2.92321739    2.37196276    2.71178025    2.66203644
A1K6D5_AZOSB/3-23     0.78506552    1.00012827    1.01791376    1.50320884    1.25817030    1.16260673    1.63119572    2.38764509    1.95161117    1.65604481    1.85267743    2.24400451    1.79602214    2.14513039    0.00000000    0.48525853    0.84244720    1.10738984    1.23102623    1.22906783    1.05349047    2.07461072    0.89493980    1.08339754    1.38304148    1.51641513    1.88123668    1.72867677    1.57827364    1.69833643    1.16331630    1.20073591    1.20542720    0.96413773    1.64702174    1.71870459    1.22996659    1.03754904    1.78446396    1.47185674    1.25010912    1.03063340    1.18000171    1.03781045    1.12739411    0.85176393    1.05110962    1.62568401
E6SGW0_THEM7/9-28     1.06683063    0.75377533    0.93296749    1.60918395    1.66169457    1.20038715    2.10622565    2.27582489    2.03322924    2.16740218    1.57119914    2.22630574    2.24623742    2.29848055    0.48525853    0.00000000    0.49303414    1.28637239    1.30158386    1.35401642    0.99196568    1.76110211    1.07815863    1.28195445    1.76131929    1.79412192    1.64649781    1.55837901    1.90409267    1.77793787    1.28850595    1.56246346    1.68355829    1.14628219    1.86222030    1.61650738    1.43919373    1.05675662    1.56062654    1.39519127    1.50186686    1.41859129    1.33454592    1.04236782    1.19728652    0.99999951    1.22171812    1.70104543
Q97MW6_CLOAB/8-28     1.13515112    1.35704507    1.11364297    1.69650880    1.99177118    1.67086973    2.17853761    1.87412638    2.17610805    2.43344853    1.77023664    2.47958946    2.62843020    2.57259798    0.84244720    0.49303414    0.00000000    1.17368035    1.04572004    1.43123880    1.19181241    1.85708416    0.90987742    1.21937588    1.93268386    1.67427077    1.61891077    1.57373018    1.68566010    2.14933497    1.61647220    1.62952705    1.75491527    1.74412993    1.99552857    1.98550399    1.88088500    1.66186690    1.89002163    1.92569817    1.18692213    1.17078695    1.30218069    1.39583688    0.89114542    1.06338583    1.18722981    1.72501591
J7KZI2_NOCAA/109-129     0.54126798    1.51708276    1.71393399    1.21437966    1.53407015    1.82784088    2.14469279    2.33215017    2.67941584    2.41518498    2.48320975    3.10795115    2.02866250    2.64265496    1.10738984    1.28637239    1.17368035    0.00000000    0.24299953    0.42840930    0.23800804    1.02559348    0.37367287    0.58757274    0.76622544    0.93430352    1.30516909    1.17677125    1.15063538    1.04851903    1.28236474    1.42014032    1.43601083    1.41458889    1.19682297    1.21291083    1.05242111    1.19370821    1.47011861    0.91432704    0.52664563    0.73622015    0.59030474    0.40617236    0.43555006    0.22893634    0.48051584    0.99395118
D7AVZ6_NOCDD/110-129     0.65913771    1.43251959    1.61714729    1.13315845    1.78285808    2.01694020    2.16855550    2.93197715    2.94350189    2.56375104    2.25083655   20.00000000    2.23613890    2.87763149    1.23102623    1.30158386    1.04572004    0.24299953    0.00000000    0.50722707    0.31215578    1.15217060    0.41071528    0.55572192    0.86427601    0.95144425    1.35804038    1.27696279    1.36762426    1.28531549    1.60409411    1.52368327    1.53921461    1.40588822    1.60641565    1.38455337    1.30666565    1.20894818    1.55872097    1.13114038    0.49894175    0.76455053    0.76192261    0.55447731    0.41733794    0.39073601    0.52665070    0.90054679
Q3JCC6_NITOC/107-127     0.68150078    1.47730615    1.48917455    1.35652533    1.67608822    1.86605944    2.34724447    2.98495553    2.53604300    2.47929094    2.66667400    3.07378442    2.05107383    2.63548143    1.22906783    1.35401642    1.43123880    0.42840930    0.50722707    0.00000000    0.33360068    1.69833313    0.74429199    0.69789082    1.13285249    1.07375121    1.28691386    1.42339214    1.22267194    1.24502461    1.01502005    1.77474956    1.27746194    1.24543822    1.36725713    1.29312306    1.18687119    1.21270947    1.94269276    0.76992688    0.76242498    0.76586295    0.68463801    0.78524131    0.73518554    0.51242810    0.51951070    1.07576168
D6X7U5_STRE2/115-135     0.60890437    1.24369330    1.42291776    1.32077625    1.54504433    1.90077300    2.21374765    2.90972855    2.66666141    2.47230052    2.47134524    3.26705640    2.19415286    2.89650049    1.05349047    0.99196568    1.19181241    0.23800804    0.31215578    0.33360068    0.00000000    1.38609416    0.49350674    0.67214096    1.00507476    1.08845918    1.54693078    1.14582481    1.28066792    1.01999181    1.26015372    1.79192395    1.49469752    1.35962445    1.29945369    1.26809011    1.06360232    1.17815026    1.78021589    0.94449815    0.77879253    0.89052955    0.80207187    0.46517346    0.67520812    0.37629888    0.60487318    0.98173226
Q9I208_PSEAE/109-129     1.56902368    2.02307107    1.57525656    2.21859909    2.94155231    2.16306539    2.24809363    3.54574669    3.51094928    3.35773883    3.02979135    3.73845781    3.05561222    3.29993191    2.07461072    1.76110211    1.85708416    1.02559348    1.15217060    1.69833313    1.38609416    0.00000000    1.00175756    1.45207367    1.72823455    1.97589766    2.20305913    2.60413107    2.41651514    1.82775681    2.38048706    1.75580977    1.77436080    2.17426389    2.84900388    2.15105410    1.66656065    2.02256337    1.51456882    2.06253263    1.02148532    1.62515803    1.18918232    1.20172041    1.15594607    1.01188686    1.03015373    1.55154436
I0HVL1_RUBGI/87-106     0.60768521    1.53082183    1.36478952    1.19425316    1.43094271    1.60507122    1.54927504    2.05797949    1.86957124    1.98133313    2.00365877    2.65195667    1.65587926    2.35289155    0.89493980    1.07815863    0.90987742    0.37367287    0.41071528    0.74429199    0.49350674    1.00175756    0.00000000    0.46418681    0.70352647    0.67085129    1.27671556    0.98737545    1.11905123    1.06832914    1.37935714    1.34256025    1.25272831    1.36810618    1.46895944    1.47680886    0.85735685    1.20194763    1.46670184    1.13486758    0.43663537    0.61618875    0.79832778    0.39531326    0.37136668    0.41000511    0.49010304    1.10770767
A4VQI3_PSEU5/87-107     0.73156169    1.39074358    1.39418056    1.16830720    1.54014878    1.44552309    1.79981775    2.77667839    2.48461951    2.24613475    2.13655269    2.96396052    1.61938450    2.37583138    1.08339754    1.28195445    1.21937588    0.58757274    0.55572192    0.69789082    0.67214096    1.45207367    0.46418681    0.00000000    0.71136954    0.70908395    1.08329574    0.97240108    0.98184926    0.85063756    0.86334539    0.81967732    0.77154815    0.85488808    1.33973833    1.15232155    0.98129623    0.70645617    0.83718661    0.82901187    0.27105994    0.46722766    0.63673730    0.62659614    0.29228145    0.38082691    0.56054073    1.10999806
M4S072_9SPHN/103-123     0.77200137    1.81598457    1.64413348    1.55131563    1.29250981    1.72402776    1.84962748    2.06850848    2.14168032    2.23410980    2.30585508    2.28547320    1.45281611    1.72539262    1.38304148    1.76131929    1.93268386    0.76622544    0.86427601    1.13285249    1.00507476    1.72823455    0.70352647    0.71136954    0.00000000    0.36748227    1.22378497    1.52964515    1.30828176    1.11334132    1.64269957    1.38532479    1.35941966    1.36842659    1.57936146    1.23482843    1.01558175    1.20043782    1.39282561    1.17640649    0.63416782    0.88710988    0.76060764    0.59914304    0.73794661    0.63519182    0.68364912    1.36346826
Q2NCT2_ERYLH/114-134     0.74355915    2.06835464    1.63050085    1.62056819    1.43987793    1.65536595    1.24007538    2.04810827    1.86918583    1.74049196    1.89569721    1.86504686    1.27644638    1.47847396    1.51641513    1.79412192    1.67427077    0.93430352    0.95144425    1.07375121    1.08845918    1.97589766    0.67085129    0.70908395    0.36748227    0.00000000    0.95081056    1.23424158    0.90360327    0.98000733    1.36115355    1.56539855    1.27363603    1.49214158    1.53376959    1.39243897    1.13503373    1.20057311    1.47283844    1.12923648    0.76305453    0.52061466    0.81957522    0.85000021    0.83784661    0.80801645    0.95162240    1.68758231
O18111_CAEEL/31-51     0.98222349    2.14258984    1.97360522    1.71038964    2.09932937    2.10938381    2.18414779    2.35584117    2.47328395    2.59939202    2.32741101    1.78943526    2.01281296    1.93402003    1.88123668    1.64649781    1.61891077    1.30516909    1.35804038    1.28691386    1.54693078    2.20305913    1.27671556    1.08329574    1.22378497    0.95081056    0.00000000    1.50588637    1.56762328    1.29507577    1.44631000    1.69588033    1.45986471    2.09076252    1.62627952    1.43445858    1.01313861    1.12375255    1.31545887    1.03774241    1.16936036    1.09643222    1.05678657    1.30972879    1.10748909    0.93584892    1.40273751    1.83802404
Q97MW6_CLOAB/70-90     1.32374011    2.21929740    2.36102461    1.69127432    1.87503311    2.03155592    2.19031309    2.79939927    2.67326282    2.50796078    1.46693804    2.75996895    2.17498055    2.51711491    1.72867677    1.55837901    1.57373018    1.17677125    1.27696279    1.42339214    1.14582481    2.60413107    0.98737545    0.97240108    1.52964515    1.23424158    1.50588637    0.00000000    0.63510987    1.14717055    1.56686262    1.49032545    1.71598574    1.81172897    1.29630283    1.16516479    1.15663836    0.99134515    1.46787806    1.25551041    1.10733577    1.29098634    1.46745928    1.34892548    1.22354610    1.02269428    1.32260901    2.10210576
U5RPC2_9CLOT/71-91     1.15252561    2.03677039    2.01906394    1.59081980    1.78256350    1.93076162    2.21244925    2.51525340    2.49400845    2.56613860    2.19183203    2.86816671    2.43875802    2.49411366    1.57827364    1.90409267    1.68566010    1.15063538    1.36762426    1.22267194    1.28066792    2.41651514    1.11905123    0.98184926    1.30828176    0.90360327    1.56762328    0.63510987    0.00000000    0.92527597    1.03329820    1.14753183    0.92410498    1.93064129    0.82392542    0.72991240    1.05732809    0.84541295    1.18849323    1.00805354    1.12496643    1.05240867    1.05835579    1.50529423    1.20362763    1.22245299    1.30595330    1.60826454
A4VQI3_PSEU5/65-85     0.79617635    1.56952107    1.35643685    1.46358114    1.40688241    1.48988293    1.69621730    2.23568687    2.12351674    1.83623550    2.20424091    2.41305362    1.96283314    2.29476552    1.69833643    1.77793787    2.14933497    1.04851903    1.28531549    1.24502461    1.01999181    1.82775681    1.06832914    0.85063756    1.11334132    0.98000733    1.29507577    1.14717055    0.92527597    0.00000000    0.70200554    0.87357781    0.77352216    1.12096179    0.73073061    0.73246383    0.67868403    0.58994471    1.00761723    0.52449945    0.86700938    1.28018028    1.16449162    0.91173952    1.15065492    0.82480377    0.97867590    1.07572508
D3E660_GEOS4/66-86     1.10263827    1.31810028    1.18641041    1.71494305    1.89341864    1.31163809    2.02863721    2.26145637    2.21653688    2.02144107    2.00237781    1.95750275    2.33552248    2.39150441    1.16331630    1.28850595    1.61647220    1.28236474    1.60409411    1.01502005    1.26015372    2.38048706    1.37935714    0.86334539    1.64269957    1.36115355    1.44631000    1.56686262    1.03329820    0.70200554    0.00000000    0.85261953    0.73788525    0.75494119    0.72087142    0.76553707    0.85466907    0.56667183    1.14481016    0.64322568    1.13152711    1.28224472    1.36273176    1.09579693    1.03232712    1.09016398    1.10576983    1.90465230
J7KZI2_NOCAA/86-105     0.96140221    1.66164736    1.59052773    1.23503377    1.77652499    1.29434260    2.09922557    2.21413702    1.96237815    1.86905981    2.30821765    2.36584000    2.12148121    2.16982739    1.20073591    1.56246346    1.62952705    1.42014032    1.52368327    1.77474956    1.79192395    1.75580977    1.34256025    0.81967732    1.38532479    1.56539855    1.69588033    1.49032545    1.14753183    0.87357781    0.85261953    0.00000000    0.46465874    0.61425945    1.24027002    1.24976131    1.12289674    0.78526516    0.92330282    1.05680876    0.80433537    1.17219500    1.21391691    1.25880290    1.20507505    1.23619951    1.35942441    1.48000427
D6X7U5_STRE2/91-111     0.88342414    1.91311786    1.63250550    1.22406626    1.76436157    1.11107218    1.57889569    2.47794415    1.94490299    1.64414392    2.35479720    2.31585957    1.69247483    1.91560374    1.20542720    1.68355829    1.75491527    1.43601083    1.53921461    1.27746194    1.49469752    1.77436080    1.25272831    0.77154815    1.35941966    1.27363603    1.45986471    1.71598574    0.92410498    0.77352216    0.73788525    0.46465874    0.00000000    0.55039899    0.90822115    0.97253258    0.74068099    0.64817744    1.03963162    1.05843282    0.99687327    1.02844097    0.94743758    1.11718826    1.17268496    1.19869881    0.89203320    1.54329034
D5UH72_CELFN/84-104     1.04322929    1.38467824    1.17154772    1.70293187    1.48886005    1.14081525    1.79167861    2.61180285    1.83232338    1.73594272    2.28129293    2.51592473    1.34748986    2.06250014    0.96413773    1.14628219    1.74412993    1.41458889    1.40588822    1.24543822    1.35962445    2.17426389    1.36810618    0.85488808    1.36842659    1.49214158    2.09076252    1.81172897    1.93064129    1.12096179    0.75494119    0.61425945    0.55039899    0.00000000    1.40493450    1.44429233    1.33812384    1.10574785    1.39544062    1.08637727    1.14041598    1.40203086    1.35246271    1.22637844    1.46405815    1.15347464    0.88477173    1.67014561
YHJQ_BACSU/64-84     1.35093705    2.10607553    2.36098942    1.83035867    2.30158378    2.08259004    2.66491884    2.30936618    3.41089422    3.36476803    2.82302212    3.11411975    2.81524651    2.58551898    1.64702174    1.86222030    1.99552857    1.19682297    1.60641565    1.36725713    1.29945369    2.84900388    1.46895944    1.33973833    1.57936146    1.53376959    1.62627952    1.29630283    0.82392542    0.73073061    0.72087142    1.24027002    0.90822115    1.40493450    0.00000000    0.38774181    0.58692842    0.58640314    0.94060265    0.76327709    1.55467375    1.72963587    1.49511597    1.59973821    1.55856007    1.42984582    1.48688544    2.09714959
G2TLV3_BACCO/64-84     1.29287351    1.81078780    2.00661495    2.07723154    1.89008664    1.98777053    2.67308545    2.78559931    3.17709325    3.21537187    2.51373345    2.63892502    2.52619505    2.93587505    1.71870459    1.61650738    1.98550399    1.21291083    1.38455337    1.29312306    1.26809011    2.15105410    1.47680886    1.15232155    1.23482843    1.39243897    1.43445858    1.16516479    0.72991240    0.73246383    0.76553707    1.24976131    0.97253258    1.44429233    0.38774181    0.00000000    0.65638918    0.40395296    0.90382383    1.02954098    1.19999174    1.57497515    1.10512306    1.10248028    1.16564627    1.02588635    0.99197146    2.13235585
Q8ZPY1_SALTY/64-84     1.01723184    1.92663529    2.00193554    1.61765353    1.70319880    1.69129851    1.77736527    2.58139049    2.92617203    2.39077553    1.98667210    2.31239087    1.85128507    2.07181801    1.22996659    1.43919373    1.88088500    1.05242111    1.30666565    1.18687119    1.06360232    1.66656065    0.85735685    0.98129623    1.01558175    1.13503373    1.01313861    1.15663836    1.05732809    0.67868403    0.85466907    1.12289674    0.74068099    1.33812384    0.58692842    0.65638918    0.00000000    0.48588741    0.82916023    0.68581789    1.02421881    1.42051742    1.03184863    0.99422939    1.24633557    1.02185227    1.01235707    1.90583529
F4C146_SPHS2/66-85     0.91872620    1.57116941    1.99027624    1.59553034    1.85216788    1.55134359    2.14799524    2.43833202    2.75729606    2.39817699    1.71021024    2.39991040    2.33884351    2.41206376    1.03754904    1.05675662    1.66186690    1.19370821    1.20894818    1.21270947    1.17815026    2.02256337    1.20194763    0.70645617    1.20043782    1.20057311    1.12375255    0.99134515    0.84541295    0.58994471    0.56667183    0.78526516    0.64817744    1.10574785    0.58640314    0.40395296    0.48588741    0.00000000    0.55350774    0.72237545    1.08439554    1.27383738    1.03037836    1.03583432    1.10158746    0.89598172    1.04261810    1.88347806
G8TBT3_NIAKG/65-85     1.32820829    1.81554698    1.93307063    1.67715917    1.71448410    1.49804517    1.88198720    1.70313308    2.51745655    2.80265663    2.08270999    2.16838369    1.60839850    1.92299256    1.78446396    1.56062654    1.89002163    1.47011861    1.55872097    1.94269276    1.78021589    1.51456882    1.46670184    0.83718661    1.39282561    1.47283844    1.31545887    1.46787806    1.18849323    1.00761723    1.14481016    0.92330282    1.03963162    1.39544062    0.94060265    0.90382383    0.82916023    0.55350774    0.00000000    0.90382473    1.14136265    1.59752865    1.18719363    1.52187828    1.24165990    1.17108847    1.47847184    1.73501112
W0BII3_9GAMM/65-85     0.91392021    1.40598539    1.52967832    1.23327632    1.43266226    0.97260622    1.47867025    1.80499242    2.28841620    2.36646195    2.05956497    1.77604254    1.70785498    1.51483613    1.47185674    1.39519127    1.92569817    0.91432704    1.13114038    0.76992688    0.94449815    2.06253263    1.13486758    0.82901187    1.17640649    1.12923648    1.03774241    1.25551041    1.00805354    0.52449945    0.64322568    1.05680876    1.05843282    1.08637727    0.76327709    1.02954098    0.68581789    0.72237545    0.90382473    0.00000000    1.01738344    1.31607915    1.41223192    1.21547161    1.30041218    0.90291693    1.07124318    1.21131346
Q3SFB7_THIDA/86-106     0.65991177    1.62348838    1.23156355    1.25135241    1.44320073    1.66515264    1.57026523    2.52899965    2.35064175    2.38162858    2.32657427    2.74701531    1.69550181    2.48673531    1.25010912    1.50186686    1.18692213    0.52664563    0.49894175    0.76242498    0.77879253    1.02148532    0.43663537    0.27105994    0.63416782    0.76305453    1.16936036    1.10733577    1.12496643    0.86700938    1.13152711    0.80433537    0.99687327    1.14041598    1.55467375    1.19999174    1.02421881    1.08439554    1.14136265    1.01738344    0.00000000    0.47907224    0.58772624    0.59719953    0.26340153    0.42667235    0.47115989    0.93665941
Q8ZPY1_SALTY/86-106     0.56349027    1.72809386    1.50156135    1.19217794    1.63459379    1.67695620    1.58250128    2.39416656    1.84245541    1.78709102    2.17361137    2.07270611    1.44077206    2.13348729    1.03063340    1.41859129    1.17078695    0.73622015    0.76455053    0.76586295    0.89052955    1.62515803    0.61618875    0.46722766    0.88710988    0.52061466    1.09643222    1.29098634    1.05240867    1.28018028    1.28224472    1.17219500    1.02844097    1.40203086    1.72963587    1.57497515    1.42051742    1.27383738    1.59752865    1.31607915    0.47907224    0.00000000    0.54425673    0.71849150    0.35665042    0.60802405    0.61987153    1.23618118
C7PNG0_CHIPD/89-109     0.59167630    1.45707585    1.32213014    1.34311092    1.70393808    1.64117982    1.88727880    2.46933053    2.05923523    2.11046764    2.48764805    2.17034795    1.73030123    2.13688643    1.18000171    1.33454592    1.30218069    0.59030474    0.76192261    0.68463801    0.80207187    1.18918232    0.79832778    0.63673730    0.76060764    0.81957522    1.05678657    1.46745928    1.05835579    1.16449162    1.36273176    1.21391691    0.94743758    1.35246271    1.49511597    1.10512306    1.03184863    1.03037836    1.18719363    1.41223192    0.58772624    0.54425673    0.00000000    0.64954577    0.49384802    0.52898499    0.62839352    1.14613163
H6N9C0_9BACL/87-106     0.60629221    1.27899751    1.47266872    1.26579234    1.61519023    1.78778187    2.06613701    1.88236314    1.65374435    1.31684410    1.89678130    2.13232319    2.02826749    2.84306960    1.03781045    1.04236782    1.39583688    0.40617236    0.55447731    0.78524131    0.46517346    1.20172041    0.39531326    0.62659614    0.59914304    0.85000021    1.30972879    1.34892548    1.50529423    0.91173952    1.09579693    1.25880290    1.11718826    1.22637844    1.59973821    1.10248028    0.99422939    1.03583432    1.52187828    1.21547161    0.59719953    0.71849150    0.64954577    0.00000000    0.31200803    0.38253066    0.44395090    1.14867011
G2TLV3_BACCO/86-106     0.58822094    1.35068971    1.45508343    1.31971382    1.75979377    1.96950374    2.04458448    2.17912397    1.97455508    2.02890129    2.04539830    2.16987762    2.00738834    2.92321739    1.12739411    1.19728652    0.89114542    0.43555006    0.41733794    0.73518554    0.67520812    1.15594607    0.37136668    0.29228145    0.73794661    0.83784661    1.10748909    1.22354610    1.20362763    1.15065492    1.03232712    1.20507505    1.17268496    1.46405815    1.55856007    1.16564627    1.24633557    1.10158746    1.24165990    1.30041218    0.26340153    0.35665042    0.49384802    0.31200803    0.00000000    0.35141016    0.45098760    1.13819817
D3E660_GEOS4/88-107     0.33682808    1.29082836    1.18464955    1.06651310    1.42774301    1.51316137    1.73596924    2.29848633    2.09052809    2.13307863    2.18490867    2.49592828    1.75737563    2.37196276    0.85176393    0.99999951    1.06338583    0.22893634    0.39073601    0.51242810    0.37629888    1.01188686    0.41000511    0.38082691    0.63519182    0.80801645    0.93584892    1.02269428    1.22245299    0.82480377    1.09016398    1.23619951    1.19869881    1.15347464    1.42984582    1.02588635    1.02185227    0.89598172    1.17108847    0.90291693    0.42667235    0.60802405    0.52898499    0.38253066    0.35141016    0.00000000    0.23604023    0.80576095
W8EVY8_9BACT/92-112     0.53766603    1.52046796    1.23145441    1.42516258    1.53233577    1.68982299    2.08617798    2.62855689    2.24184258    2.34476638    2.34681766    2.74354895    1.76840252    2.71178025    1.05110962    1.22171812    1.18722981    0.48051584    0.52665070    0.51951070    0.60487318    1.03015373    0.49010304    0.56054073    0.68364912    0.95162240    1.40273751    1.32260901    1.30595330    0.97867590    1.10576983    1.35942441    0.89203320    0.88477173    1.48688544    0.99197146    1.01235707    1.04261810    1.47847184    1.07124318    0.47115989    0.61987153    0.62839352    0.44395090    0.45098760    0.23604023    0.00000000    0.74339832
Q9K4I7_STRCO/100-120     0.85097897    1.36602216    1.12750472    1.12831553    1.57423843    1.66648793    2.13025148    2.86403800    2.51833193    2.54078241    3.02079394   20.00000000    2.36279152    2.66203644    1.62568401    1.70104543    1.72501591    0.99395118    0.90054679    1.07576168    0.98173226    1.55154436    1.10770767    1.10999806    1.36346826    1.68758231    1.83802404    2.10210576    1.60826454    1.07572508    1.90465230    1.48000427    1.54329034    1.67014561    2.09714959    2.13235585    1.90583529    1.88347806    1.73501112    1.21131346    0.93665941    1.23618118    1.14613163    1.14867011    1.13819817    0.80576095    0.74339832    0.00000000

