37
A0A3Q7IKK6_SOLLC/1-71     0.00000000    0.49424865    0.49014100    0.56770583    0.53931611    0.57160574    0.51792107    0.61934513    0.96324987    0.94197849    1.43942576    1.49725879    1.69359078    1.74492871    1.60058576    1.57858378    1.59009027    1.48845739    1.55788145    1.80595200    1.53382987    1.54044261    1.47818629    1.71729733    1.23812492    1.37306619    1.33393417    1.05110284    1.30801212    1.17910440    1.31065531    1.48162871    0.46307839    0.65562945    0.78546155    0.89490677    0.89830447
LEA46_ARATH/1-71     0.49424865    0.00000000    0.38472437    0.48268655    0.40570292    0.48173747    0.61535642    0.61864834    0.94139693    1.03349122    1.43279023    1.36700657    1.46554124    1.51183051    1.50842190    1.72600326    1.55074078    1.62819999    1.59823348    1.89168765    1.81332514    1.73038791    1.58709676    1.80433953    0.97795717    1.08190910    1.18148152    1.04005706    1.08648351    1.25896125    1.28220628    1.36546799    0.40860859    0.68309530    0.83594429    1.07602183    0.88958217
PM1_SOYBN/9-78     0.49014100    0.38472437    0.00000000    0.43565195    0.45076827    0.50643325    0.48530245    0.49142282    1.10299120    1.09051375    1.45098344    1.28084444    1.37313975    1.43430161    1.48706521    1.54177469    1.43110559    1.38433161    1.36691249    1.73961158    1.64768233    1.58658767    1.55900627    1.55879691    1.08913897    1.23986063    1.25525541    1.11508080    1.10615467    1.15231717    1.15133700    1.34146650    0.51280152    0.61966933    0.67824634    0.87992028    0.76947879
I1L2M6_SOYBN/10-78     0.56770583    0.48268655    0.43565195    0.00000000    0.58318320    0.61343868    0.64672500    0.66557202    1.41537004    1.36042850    1.86943870    1.74725434    1.68800426    1.87028441    1.77935856    1.75434447    1.74565263    1.71472082    1.76217756    2.32294588    1.74402032    1.75210541    1.77083257    1.90363822    1.27468103    1.41253240    1.38174387    1.23739723    1.30098375    1.54900665    1.55286253    1.54645782    0.53974395    0.74042131    0.80584696    0.86471747    0.84009044
W1PU42_AMBTC/9-78     0.53931611    0.40570292    0.45076827    0.58318320    0.00000000    0.44072114    0.43591803    0.61813142    0.82080525    0.91546056    1.05791638    1.32448891    1.44391203    1.51331789    1.47387423    1.57214182    1.46999679    1.44828393    1.39588055    1.60052954    1.46211417    1.42924931    1.39945491    1.60220872    0.91409974    1.11850079    1.18187801    0.92138981    1.12738839    1.19141420    1.21991703    1.25597167    0.39561631    0.59745629    0.71200696    0.79480922    0.72360530
M0S0G5_MUSAM/1-71     0.57160574    0.48173747    0.50643325    0.61343868    0.44072114    0.00000000    0.48544232    0.65216743    0.83016168    0.94370328    1.10562075    1.40277840    1.63464664    1.56520239    1.47334260    1.42291937    1.31305747    1.20898873    1.34265524    1.41583550    1.38241235    1.44912494    1.39291409    1.63763884    0.99236854    1.03061413    1.15323018    1.06397889    1.15611865    1.12022689    1.22724898    1.18136957    0.38476071    0.69026787    0.68063090    0.67809822    0.61436595
A5BCB0_VITVI/1-71     0.51792107    0.61535642    0.48530245    0.64672500    0.43591803    0.48544232    0.00000000    0.51571733    0.99519786    1.07829764    1.14398929    1.29443373    1.50231139    1.66733415    1.44001710    1.59539026    1.44354889    1.32464935    1.40377800    1.83843448    1.62628761    1.65357600    1.49538199    1.57078140    1.06240552    1.03527358    1.05545851    1.03112311    1.08559591    1.09821841    1.14316869    1.26781153    0.41075623    0.59334960    0.76185631    0.73597494    0.75701123
D7TIE6_VITVI/9-78     0.61934513    0.61864834    0.49142282    0.66557202    0.61813142    0.65216743    0.51571733    0.00000000    0.95264300    1.03187853    1.30050312    1.30852456    1.28967765    1.41585195    1.16517474    1.35752367    1.30001048    1.43241781    1.34711677    1.56815156    1.77632334    1.80245640    1.65129846    1.74827944    1.07493848    1.16677856    1.30826510    1.09784588    1.28918473    1.24496936    1.36882305    1.42342452    0.60688632    0.61145322    0.82731758    0.98530146    0.92776382
J3MDN8_ORYBR/1-70     0.96324987    0.94139693    1.10299120    1.41537004    0.82080525    0.83016168    0.99519786    0.95264300    0.00000000    0.41549750    1.31496905    1.18122121    1.31736378    1.48341396    1.34347192    1.22603997    1.17241966    1.22684851    1.10317200    1.20958165    1.19642853    1.23503560    1.15875610    1.21085192    1.10564235    1.04764346    1.22323814    1.07416487    1.20984694    1.11085204    1.10926448    1.17474498    0.85302335    0.88204584    1.10056666    1.33789811    1.05565633
M7ZTT2_TRIUA/1-70     0.94197849    1.03349122    1.09051375    1.36042850    0.91546056    0.94370328    1.07829764    1.03187853    0.41549750    0.00000000    1.45219098    1.46747370    1.82574374    2.07878338    1.83197951    1.55850350    1.44714263    1.57672728    1.33944555    1.36418264    1.25963752    1.47210705    1.43616996    1.29874036    1.16953672    1.14969051    1.35274110    1.16840241    1.26765432    1.36919813    1.35602563    1.39149078    0.99373690    1.10129635    1.33832902    1.49281073    1.23392787
D8QXJ5_SELML/9-78     1.43942576    1.43279023    1.45098344    1.86943870    1.05791638    1.10562075    1.14398929    1.30050312    1.31496905    1.45219098    0.00000000    1.11918861    1.48668899    1.48027439    1.41489013    1.47731067    1.19752632    1.42010221    1.22091847    1.53863703    1.32299861    1.49264302    1.39564061    1.49003000    0.99699198    1.07215476    1.30180605    1.25480432    1.02844285    1.45072801    1.29715957    1.10473585    1.21552269    1.42838454    1.69173293    1.62679228    1.35489298
K7KJU5_SOYBN/1-66     1.49725879    1.36700657    1.28084444    1.74725434    1.32448891    1.40277840    1.29443373    1.30852456    1.18122121    1.46747370    1.11918861    0.00000000    0.33242093    0.47816049    0.36351791    0.96209182    0.82960586    1.14137916    0.79658359    1.16892087    1.10946833    1.18424828    1.20052071    1.28221462    0.88657174    0.70663167    0.88912314    0.95554355    0.85237548    0.78634571    0.78715740    1.04035374    1.29218114    1.58720601    2.02868413    1.96718733    1.52473583
B9SKJ7_RICCO/1-66     1.69359078    1.46554124    1.37313975    1.68800426    1.44391203    1.63464664    1.50231139    1.28967765    1.31736378    1.82574374    1.48668899    0.33242093    0.00000000    0.37814360    0.22669134    1.03523885    1.00181959    1.28719873    0.96877443    1.26907080    1.20969467    1.44832190    1.22154448    1.45803047    0.92367902    0.81225683    0.95271318    0.92768332    0.93494415    0.83172321    0.88679101    1.14710172    1.43865598    1.60942001    2.04077927    2.05943397    1.51781982
M0ZNN3_SOLTU/1-66     1.74492871    1.51183051    1.43430161    1.87028441    1.51331789    1.56520239    1.66733415    1.41585195    1.48341396    2.07878338    1.48027439    0.47816049    0.37814360    0.00000000    0.27894515    1.03276128    0.99214383    1.16192345    0.97459225    1.18642251    1.41359822    1.42474246    1.32891358    1.53609368    1.01419767    0.93341779    1.05230767    1.05757331    1.00632601    0.88452362    0.84904924    1.10204907    1.34550359    1.75995636    2.49943944    2.21993812    1.74598919
B9IB39_POPTR/1-66     1.60058576    1.50842190    1.48706521    1.77935856    1.47387423    1.47334260    1.44001710    1.16517474    1.34347192    1.83197951    1.41489013    0.36351791    0.22669134    0.27894515    0.00000000    0.88509527    0.86381253    1.12400990    0.92494997    1.10850219    1.18963126    1.37141105    1.16010935    1.38018527    0.88241722    0.79029789    0.93419145    0.95057785    0.97868799    0.83430926    0.83075176    1.09277975    1.44441093    1.41033616    1.99503542    1.98362503    1.50907823
Q8H683_ORYSJ/1-71     1.57858378    1.72600326    1.54177469    1.75434447    1.57214182    1.42291937    1.59539026    1.35752367    1.22603997    1.55850350    1.47731067    0.96209182    1.03523885    1.03276128    0.88509527    0.00000000    0.21581236    0.42363104    0.37162057    0.59524971    0.73448072    0.82458975    0.88187601    0.83434152    0.75604019    0.78674460    0.65208329    0.80831877    0.84859866    0.84292242    0.73580220    0.87849093    1.47217635    1.84878576    2.16738120    1.84152637    1.53553420
I1H1W8_BRADI/1-71     1.59009027    1.55074078    1.43110559    1.74565263    1.46999679    1.31305747    1.44354889    1.30001048    1.17241966    1.44714263    1.19752632    0.82960586    1.00181959    0.99214383    0.86381253    0.21581236    0.00000000    0.34011188    0.31094872    0.55481081    0.67394951    0.74612105    0.81420713    0.74827593    0.60019408    0.68055486    0.63460292    0.74702192    0.68004842    0.66827738    0.55995411    0.68169521    1.41470787    1.75657473    1.92377126    1.65060168    1.39163651
A0A3B6I2H9_WHEAT/1-71     1.48845739    1.62819999    1.38433161    1.71472082    1.44828393    1.20898873    1.32464935    1.43241781    1.22684851    1.57672728    1.42010221    1.14137916    1.28719873    1.16192345    1.12400990    0.42363104    0.34011188    0.00000000    0.62144199    0.75339659    0.88138666    0.87187732    0.83426550    0.98846114    0.80155515    0.91289568    0.68182480    0.83894770    0.80229079    0.79697621    0.71246310    0.79825086    1.44164785    1.56410673    1.71150311    1.47814185    1.48815002
C5Z2P9_SORBI/1-71     1.55788145    1.59823348    1.36691249    1.76217756    1.39588055    1.34265524    1.40377800    1.34711677    1.10317200    1.33944555    1.22091847    0.79658359    0.96877443    0.97459225    0.92494997    0.37162057    0.31094872    0.62144199    0.00000000    0.71208822    0.65666004    0.74703417    0.81065205    0.73231077    0.74814113    0.79098696    0.77769105    0.97783042    0.86767880    0.82360677    0.67694511    0.81159075    1.42158521    1.91558210    1.94272160    1.77526833    1.51309612
M0SQ83_MUSAM/1-71     1.80595200    1.89168765    1.73961158    2.32294588    1.60052954    1.41583550    1.83843448    1.56815156    1.20958165    1.36418264    1.53863703    1.16892087    1.26907080    1.18642251    1.10850219    0.59524971    0.55481081    0.75339659    0.71208822    0.00000000    0.66451361    0.67771129    0.70293338    0.71235401    0.71771662    0.80369630    0.65124706    0.76895364    0.80255745    0.87010480    0.78376966    0.76406741    1.81449324    1.50126563    1.87666981    1.61507267    1.43951444
M7YL54_TRIUA/1-71     1.53382987    1.81332514    1.64768233    1.74402032    1.46211417    1.38241235    1.62628761    1.77632334    1.19642853    1.25963752    1.32299861    1.10946833    1.20969467    1.41359822    1.18963126    0.73448072    0.67394951    0.88138666    0.65666004    0.66451361    0.00000000    0.26344847    0.24784247    0.28891641    0.86521138    0.89448526    0.95396028    0.87555195    0.83548168    1.03627130    0.91553979    0.68300336    1.64816009    1.89344021    2.09783986    1.81408273    1.46846192
K3YBX7_SETIT/1-70     1.54044261    1.73038791    1.58658767    1.75210541    1.42924931    1.44912494    1.65357600    1.80245640    1.23503560    1.47210705    1.49264302    1.18424828    1.44832190    1.42474246    1.37141105    0.82458975    0.74612105    0.87187732    0.74703417    0.67771129    0.26344847    0.00000000    0.21947135    0.30389324    1.01452288    1.09239435    0.94606865    0.97969832    0.92177654    1.09635203    0.89926029    0.68094904    1.61963595    1.91019879    2.45947925    2.04264656    1.59781876
A0A3B6B4L0_WHEAT/1-71     1.47818629    1.58709676    1.55900627    1.77083257    1.39945491    1.39291409    1.49538199    1.65129846    1.15875610    1.43616996    1.39564061    1.20052071    1.22154448    1.32891358    1.16010935    0.88187601    0.81420713    0.83426550    0.81065205    0.70293338    0.24784247    0.21947135    0.00000000    0.34655884    0.88206380    1.13310555    1.04776573    0.90510152    0.89330944    1.05298959    0.94456000    0.70150084    1.39894106    1.64865636    1.90007506    1.79223977    1.46194913
A0A0D3FZI9_9ORYZ/1-70     1.71729733    1.80433953    1.55879691    1.90363822    1.60220872    1.63763884    1.57078140    1.74827944    1.21085192    1.29874036    1.49003000    1.28221462    1.45803047    1.53609368    1.38018527    0.83434152    0.74827593    0.98846114    0.73231077    0.71235401    0.28891641    0.30389324    0.34655884    0.00000000    0.91990969    1.04198160    1.01822197    0.90305702    0.84042410    1.12991382    0.84856824    0.66217951    1.73725816    1.97953906    2.54178258    2.17151558    1.72902721
W1PMM7_AMBTC/1-71     1.23812492    0.97795717    1.08913897    1.27468103    0.91409974    0.99236854    1.06240552    1.07493848    1.10564235    1.16953672    0.99699198    0.88657174    0.92367902    1.01419767    0.88241722    0.75604019    0.60019408    0.80155515    0.74814113    0.71771662    0.86521138    1.01452288    0.88206380    0.91990969    0.00000000    0.43953421    0.47202282    0.49749075    0.40558410    0.56133373    0.51099522    0.61842111    1.03772234    1.00176545    1.05233167    1.33349071    1.14677062
M0ZPR9_SOLTU/1-71     1.37306619    1.08190910    1.23986063    1.41253240    1.11850079    1.03061413    1.03527358    1.16677856    1.04764346    1.14969051    1.07215476    0.70663167    0.81225683    0.93341779    0.79029789    0.78674460    0.68055486    0.91289568    0.79098696    0.80369630    0.89448526    1.09239435    1.13310555    1.04198160    0.43953421    0.00000000    0.39015998    0.40246954    0.40828126    0.58449657    0.53353543    0.63712401    1.04539999    1.22232918    1.51189859    1.50051162    1.23966265
Q9ZTZ2_SOYBN/1-71     1.33393417    1.18148152    1.25525541    1.38174387    1.18187801    1.15323018    1.05545851    1.30826510    1.22323814    1.35274110    1.30180605    0.88912314    0.95271318    1.05230767    0.93419145    0.65208329    0.63460292    0.68182480    0.77769105    0.65124706    0.95396028    0.94606865    1.04776573    1.01822197    0.47202282    0.39015998    0.00000000    0.41320026    0.43031816    0.55228393    0.49242275    0.66603643    1.16631724    1.25079929    1.51248223    1.52399654    1.27006591
B9S1G9_RICCO/1-71     1.05110284    1.04005706    1.11508080    1.23739723    0.92138981    1.06397889    1.03112311    1.09784588    1.07416487    1.16840241    1.25480432    0.95554355    0.92768332    1.05757331    0.95057785    0.80831877    0.74702192    0.83894770    0.97783042    0.76895364    0.87555195    0.97969832    0.90510152    0.90305702    0.49749075    0.40246954    0.41320026    0.00000000    0.28827753    0.47510266    0.43962204    0.56528975    1.03526586    1.06175549    1.41161958    1.31832188    1.10571385
F6HTB4_VITVI/1-71     1.30801212    1.08648351    1.10615467    1.30098375    1.12738839    1.15611865    1.08559591    1.28918473    1.20984694    1.26765432    1.02844285    0.85237548    0.93494415    1.00632601    0.97868799    0.84859866    0.68004842    0.80229079    0.86767880    0.80255745    0.83548168    0.92177654    0.89330944    0.84042410    0.40558410    0.40828126    0.43031816    0.28827753    0.00000000    0.49378221    0.36068183    0.45273722    1.03772148    1.29852528    1.58085355    1.56998300    1.25356884
M4F341_BRARP/1-71     1.17910440    1.25896125    1.15231717    1.54900665    1.19141420    1.12022689    1.09821841    1.24496936    1.11085204    1.36919813    1.45072801    0.78634571    0.83172321    0.88452362    0.83430926    0.84292242    0.66827738    0.79697621    0.82360677    0.87010480    1.03627130    1.09635203    1.05298959    1.12991382    0.56133373    0.58449657    0.55228393    0.47510266    0.49378221    0.00000000    0.24419045    0.58461697    0.98129675    1.06400896    1.46175874    1.31788715    1.21356057
LEA6_ARATH/1-71     1.31065531    1.28220628    1.15133700    1.55286253    1.21991703    1.22724898    1.14316869    1.36882305    1.10926448    1.35602563    1.29715957    0.78715740    0.88679101    0.84904924    0.83075176    0.73580220    0.55995411    0.71246310    0.67694511    0.78376966    0.91553979    0.89926029    0.94456000    0.84856824    0.51099522    0.53353543    0.49242275    0.43962204    0.36068183    0.24419045    0.00000000    0.46386231    1.17600680    1.26699750    1.71628999    1.43030304    1.30016995
LEA18_ARATH/1-71     1.48162871    1.36546799    1.34146650    1.54645782    1.25597167    1.18136957    1.26781153    1.42342452    1.17474498    1.39149078    1.10473585    1.04035374    1.14710172    1.10204907    1.09277975    0.87849093    0.68169521    0.79825086    0.81159075    0.76406741    0.68300336    0.68094904    0.70150084    0.66217951    0.61842111    0.63712401    0.66603643    0.56528975    0.45273722    0.58461697    0.46386231    0.00000000    1.28063589    1.48389641    1.87811311    1.59407453    1.26623745
M1ATD1_SOLTU/1-68     0.46307839    0.40860859    0.51280152    0.53974395    0.39561631    0.38476071    0.41075623    0.60688632    0.85302335    0.99373690    1.21552269    1.29218114    1.43865598    1.34550359    1.44441093    1.47217635    1.41470787    1.44164785    1.42158521    1.81449324    1.64816009    1.61963595    1.39894106    1.73725816    1.03772234    1.04539999    1.16631724    1.03526586    1.03772148    0.98129675    1.17600680    1.28063589    0.00000000    0.51550033    0.62626371    0.81573072    0.76608393
M0TTK5_MUSAM/26-95     0.65562945    0.68309530    0.61966933    0.74042131    0.59745629    0.69026787    0.59334960    0.61145322    0.88204584    1.10129635    1.42838454    1.58720601    1.60942001    1.75995636    1.41033616    1.84878576    1.75657473    1.56410673    1.91558210    1.50126563    1.89344021    1.91019879    1.64865636    1.97953906    1.00176545    1.22232918    1.25079929    1.06175549    1.29852528    1.06400896    1.26699750    1.48389641    0.51550033    0.00000000    0.56925431    0.88443163    0.81926930
K3ZXH5_SETIT/11-80     0.78546155    0.83594429    0.67824634    0.80584696    0.71200696    0.68063090    0.76185631    0.82731758    1.10056666    1.33832902    1.69173293    2.02868413    2.04077927    2.49943944    1.99503542    2.16738120    1.92377126    1.71150311    1.94272160    1.87666981    2.09783986    2.45947925    1.90007506    2.54178258    1.05233167    1.51189859    1.51248223    1.41161958    1.58085355    1.46175874    1.71628999    1.87811311    0.62626371    0.56925431    0.00000000    0.54126298    0.54565980
J3MS67_ORYBR/8-77     0.89490677    1.07602183    0.87992028    0.86471747    0.79480922    0.67809822    0.73597494    0.98530146    1.33789811    1.49281073    1.62679228    1.96718733    2.05943397    2.21993812    1.98362503    1.84152637    1.65060168    1.47814185    1.77526833    1.61507267    1.81408273    2.04264656    1.79223977    2.17151558    1.33349071    1.50051162    1.52399654    1.31832188    1.56998300    1.31788715    1.43030304    1.59407453    0.81573072    0.88443163    0.54126298    0.00000000    0.21910802
Q6Z0I0_ORYSJ/8-78     0.89830447    0.88958217    0.76947879    0.84009044    0.72360530    0.61436595    0.75701123    0.92776382    1.05565633    1.23392787    1.35489298    1.52473583    1.51781982    1.74598919    1.50907823    1.53553420    1.39163651    1.48815002    1.51309612    1.43951444    1.46846192    1.59781876    1.46194913    1.72902721    1.14677062    1.23966265    1.27006591    1.10571385    1.25356884    1.21356057    1.30016995    1.26623745    0.76608393    0.81926930    0.54565980    0.21910802    0.00000000

