147
D2BGT5_DEHMV/32-177     0.00000000    0.82686856    1.35772191    1.21351679    1.30996010    1.53979705    1.34073627    1.58543916    1.04922138    1.23925679    1.22532643    1.66191275    2.18118755    2.37618908    2.44198112    1.57089694    1.17448468    1.07755878    1.36015211    1.05172507    1.09099418    1.07424735    1.02585050    1.31030251    1.67106954    1.67057794    1.95112157    2.01533961    1.85184683    1.38097925    2.76927420    2.10809279    1.58107553    1.14735786    1.87231120    1.14265419    1.20243193    1.67869943    1.67906939    2.19983725    2.15444048    2.73400116    3.08637038    3.22316399    2.30436351    2.57499734    2.44014444    3.17853440    3.42649721    3.10856504    2.20372652    2.36861015    3.90490359    3.08384758    3.69246653    3.19633269    2.69563098    3.53738326    3.89764325    3.20401639    3.08414359    3.37092682    3.50840521    3.34720908    3.39695063    3.58089708    4.05302994    3.67493609    2.76147804    3.68214324    3.35338460    3.08629704    3.22944288    3.53071324    3.31697782    3.55100757    3.57186116    3.53027225    4.47514311    4.05991562    3.93395350    3.37509262    3.10029611    3.33261473    2.62754484    3.25780596    2.79663339    3.01562372    3.45615213    2.68959686    3.13544556    3.12056511    3.02647713    3.15255006    3.22374539    3.07723665    3.39465537    2.99048935    3.44938992    3.35281282    3.73794069    3.10652286    2.97232053    2.81526555    3.22117606    2.73882099    2.76795295    3.39099555    2.23048990    1.95788910    1.95412890    1.70584246    1.69765678    1.94113971    2.13653719    1.99346757    2.12954843    1.78320834    1.72670715    1.89064654    2.37210214    2.11333338    1.63779102    1.64750776    1.35638790    1.63188331    1.61138273    1.76559850    1.57865067    1.49710330    1.38238619    1.43065222    1.17656616    1.50387481    1.09721294    1.26284782    1.32181304    1.35594181    1.29443271    1.27148594    1.14592095    1.20070736    1.48102169    1.35269589    1.02604797    1.27719564    1.47124195
A1RYC0_THEPD/44-198     0.82686856    0.00000000    1.11279911    1.33938665    1.23046188    1.42592858    1.38542856    1.79441686    1.21268965    1.14096130    1.49873477    1.71980332    2.10300244    1.95865174    2.05315301    1.68129076    1.31254543    1.16451238    1.62138951    1.08195593    0.89940571    0.95984791    1.24087064    1.25882061    1.79904326    1.30309237    1.74946545    1.87800214    1.58080225    1.49669479    2.47494743    2.21500179    1.64076350    1.07253842    1.73971247    0.84983759    1.12195820    1.79998579    1.89416591    2.31346216    2.37728552    2.52785805    2.76193782    2.92544341    2.54535016    2.65879919    2.68081459    3.07487501    3.19611815    3.61567150    2.41207175    2.08540317    4.37270607    3.22124403    3.47709696    3.54195784    2.91275752    3.45916746    3.65977664    2.88828551    3.25634367    3.24855171    3.44574858    3.27772011    2.97311734    3.70371264    3.58092174    3.25257379    3.11472773    3.86407391    3.55842095    3.51420419    2.98850298    3.16636422    3.22117966    3.43189314    3.18772013    3.92160509    4.01039136    3.42663954    4.63968496    4.43150852    3.79602027    3.11259465    3.03174440    3.11535414    3.25788874    3.24503942    3.71299832    3.14005356    3.25033665    3.23745880    3.21751911    3.10947325    3.16255592    2.64604619    3.09286999    2.77742089    3.54447848    2.96133021    3.26373425    3.37850267    2.92056041    3.32390916    3.60916079    2.80886649    3.23571723    3.16235320    2.08953759    1.71858071    1.49816059    1.47763253    1.90933012    1.83620311    2.09982201    2.08981069    2.27498210    2.00558571    2.10832505    2.23017050    2.37455231    1.85411906    1.80008453    1.83181734    1.40057534    1.36594570    1.50163221    1.65748159    1.76188296    1.62132540    1.45143696    1.47942956    1.00437443    1.39714084    1.13500879    1.16517387    1.71465675    1.27168606    1.56889678    1.44916145    1.50689155    1.61844191    1.52299733    1.25093645    1.13199398    1.23280965    1.30896320
Q1AXV2_RUBXD/27-175     1.35772191    1.11279911    0.00000000    1.31047332    1.37805654    1.81148027    1.53996422    1.80880173    1.63115483    1.52286563    1.78301334    2.05665640    2.47030672    2.30657548    2.31689508    1.79543071    1.59350970    1.56844381    1.82980043    1.41429050    1.68334077    1.40374593    1.78111742    1.58527402    1.56859969    1.52025874    1.93944521    2.19068994    1.93471871    1.78269580    2.44040883    1.98747568    1.69593682    1.29656574    2.22043798    1.34608645    1.75153025    1.97473583    2.23411622    2.78212678    2.62636449    3.22889719    3.01862589    3.19543713    2.74761688    2.57864549    2.82223646    3.72904756    3.46904919    3.67364782    3.14222165    2.76082851    5.03713988    3.73281502    3.68307911    3.68377466    4.13768146    4.00979548    4.27488774    3.75793338    4.01097511    3.42957796    3.96247988    4.21479608    3.26752577    3.98637478    4.22707597    3.22708588    3.68164002    4.22648164    3.58491824    3.50723193    3.66134833    4.12651730    3.99070927    3.39707111    3.66524566    3.89110584    5.09591412    3.40841865    5.11588251    4.91034408    4.16673459    3.90087557    3.80717629    3.17635344    2.97678405    3.88375230    4.49503410    4.10405269    4.37026811    4.51456791    4.26697553    3.92881425    3.82102644    3.85082678    4.00262537    3.88525189    4.29353407    3.34871272    4.33114863    3.89975239    3.67551793    4.06618601    4.68279544    3.20850076    4.00562206    4.59621955    2.33334054    2.37303092    1.73797984    1.94142082    2.11582920    2.36430065    2.14971807    2.16809013    2.51589627    1.82789280    2.44177412    2.34728294    2.80121743    2.22768558    2.11006928    1.58198508    1.54525829    1.40813467    1.70398875    1.88730059    1.65172767    1.64231680    1.51890644    1.60797700    1.35588085    1.52379544    1.61341438    1.76618661    1.97745104    1.63627144    1.73375051    1.85006910    1.57335793    1.71673563    1.94834841    1.69102595    1.31675680    1.40233086    1.54045202
Q3MER9_TRIV2/62-214     1.21351679    1.33938665    1.31047332    0.00000000    0.86583234    1.11506208    1.12155302    1.31912027    1.19022827    0.86895143    1.13364529    1.59879373    2.02972595    2.12794001    2.18754821    1.62227320    1.03563335    0.92611348    1.26138509    0.97208433    1.18732809    1.14144752    1.19973798    1.12134132    1.61050814    1.31799649    1.57241583    1.80598187    1.79831490    1.53701888    2.64453733    1.87519149    1.40539173    1.01670980    1.74248150    1.28363244    1.28598528    1.59953612    2.36110582    2.78602121    2.27597512    3.16894883    2.77833651    2.64662597    2.45852982    2.40721792    2.26352687    3.53635912    3.33564815    3.27403724    2.55020624    2.74945015    3.91147679    3.55529081    3.22180992    3.95598704    3.35848908    3.42030293    3.39124327    3.47685577    2.87738462    2.87827674    3.22639587    3.78943295    2.77089422    3.92576577    3.18718248    3.37077686    3.23564375    3.43907344    3.63408808    3.81391053    3.37887550    3.28033971    3.06780878    3.34409233    3.08207684    3.47693233    3.48398365    3.17571718    4.24584238    3.50394109    3.55430239    3.52641612    3.17192488    3.32250305    2.96026501    3.35664432    3.98082174    2.78275500    3.65155151    3.42670120    3.75534585    3.54184705    3.36358501    3.01979619    3.24841665    2.90799237    3.13205926    2.93539192    3.95710813    3.16521721    3.65119849    3.46026828    4.46432234    3.20904750    3.03299428    3.55532351    1.56069992    2.05996483    1.80210081    1.76701612    2.14096617    2.67538672    2.37214242    2.12498928    2.30283024    1.85741657    2.17605145    2.11988974    2.32484240    2.39437820    2.14243383    1.56680666    1.58852300    1.55228378    1.84705931    1.65964213    1.61968777    1.48149991    1.42644878    1.44928875    1.20425138    1.60347892    1.30718343    1.44786203    1.94299009    1.52286677    1.54526447    1.59755789    1.42345446    1.55625464    1.98006319    1.41539477    1.23767770    1.28222126    1.70504336
Q05SQ1_9SYNE/31-183     1.30996010    1.23046188    1.37805654    0.86583234    0.00000000    0.84628967    1.08693490    1.37739849    1.32519180    1.25652650    1.12341304    1.67628890    2.16603177    2.22346953    2.36924773    1.47298884    1.02890537    1.23542616    1.54460396    1.18808567    1.49107637    1.21407564    1.27154125    1.12155306    1.71297744    1.40622383    1.57081595    1.92511316    1.85941944    1.78027831    2.81212354    2.08500301    1.64273443    0.95963039    1.71513950    1.21644081    1.10586589    1.84538435    2.22535269    2.48627650    2.29290298    2.65545321    2.52144380    2.33488455    2.34364617    2.03611790    2.03721897    2.66447015    2.68830443    2.89045408    2.46363079    2.41649855    3.35789438    2.93150693    3.12126723    3.35968146    2.78124570    3.09446450    3.18790312    3.09915778    2.81544941    2.65644083    2.69429352    3.28406245    2.70984557    3.24485033    2.15519815    2.91112380    2.77461035    3.24342896    3.07956534    3.30566493    3.09524397    3.15723349    3.33661903    3.36072195    2.88996914    2.87918681    3.60829939    3.32509586    4.19653950    3.85710936    3.46811221    3.83798947    3.22189147    2.85301835    2.58711758    3.25288218    3.94904020    2.61929781    3.12820333    3.10606651    2.79508960    2.78893497    3.03755873    2.54644612    3.25945555    2.69530077    2.82887654    2.57792068    3.81525312    2.72147615    3.30162169    3.16346975    3.94025415    3.20896742    2.86711525    2.98987498    1.66039545    2.04224278    1.69106128    1.45719686    1.93492376    2.08780602    2.14905704    2.01520659    2.45189669    1.85189119    2.24539737    2.31217544    2.15867181    2.23003982    2.05793944    1.55490956    1.30274504    1.53413152    1.65363508    1.60811427    1.50399537    1.54219974    1.45877871    1.38897560    1.07858025    1.46835169    1.43200262    1.57661351    2.02908843    1.56145702    1.76388948    1.40191936    1.60041796    1.57193117    1.81841408    1.23668430    1.20858269    1.11869867    1.53316691
Q7V216_PROMP/6-158     1.53979705    1.42592858    1.81148027    1.11506208    0.84628967    0.00000000    1.42027976    1.32641105    1.39579135    1.28510416    1.29246829    1.98613787    2.18544202    2.30520199    2.19698864    1.87843930    1.41991156    1.28096056    1.41201684    1.30421297    1.49817702    1.37091654    1.40703435    1.38507620    1.89890300    1.77718878    2.13551873    2.20903969    2.21582916    1.82212186    3.06829085    2.21311221    1.80795377    1.21754326    1.99642777    1.36039869    1.40177608    1.61856414    2.16169401    2.48267339    2.58369635    2.95358924    3.00083233    3.06622148    2.65805305    2.66371615    2.64714212    2.57991972    3.51623247    3.10697931    2.74008101    2.71215896    3.88988868    3.17251324    3.28346261    3.70522931    3.11720467    3.44575274    3.65543975    3.18821675    3.36273604    3.19674690    3.71427335    3.89948079    3.15499086    4.58739761    3.59132115    3.54846172    3.85374204    4.26224743    3.99767360    3.88175225    3.72432574    3.43065361    3.77413658    4.09348257    3.73117338    3.36596329    3.44158705    3.63602495    3.48594277    3.91631565    3.82393237    3.14546196    2.91760237    2.89110143    3.01964406    3.03861083    3.70153183    2.96840427    3.36913699    3.63757833    3.39470232    3.16866796    3.60334576    3.11954672    3.35758034    3.09604252    3.20297710    3.50582033    4.12340949    3.15124806    3.92011653    3.51056224    4.28596538    3.05441616    3.74823917    3.79905889    2.02629198    2.13449790    1.75267242    1.85421880    2.16353421    2.59741787    2.37136487    2.27748947    2.48151430    2.29958393    2.39011899    2.27364953    2.17239437    2.24154662    2.36099804    1.90858802    1.54620782    1.53375116    1.81250997    1.73535997    1.61976566    1.76797907    1.60947317    1.42396523    1.40560882    1.60451236    1.68999545    1.65952483    1.91523735    1.57530345    1.99634534    1.72160564    1.89253197    1.58229676    2.00737635    1.52907925    1.34987926    1.40589240    1.77060453
Q8TK31_METAC/53-191     1.34073627    1.38542856    1.53996422    1.12155302    1.08693490    1.42027976    0.00000000    1.47770434    1.30279973    1.33167364    1.34692840    1.95125438    2.36948342    2.66103693    2.37950299    1.66150832    1.33388039    1.33613217    1.56202150    1.32817693    1.38977989    1.31401469    1.30519383    1.25041964    1.85612020    1.82412694    1.90869093    2.10379012    1.89842996    1.68380885    2.77972670    1.98813407    1.74318200    1.15230678    2.28204649    1.27077467    1.60021712    2.04982102    2.24177988    2.50915483    1.76111390    2.43867186    2.70283811    2.16902631    2.56169114    2.36526012    2.22219581    2.60844868    2.82544914    3.30334841    2.39367343    2.40179811    2.97037598    2.80048973    2.77284929    3.37043017    2.63691632    2.74456789    3.03755953    2.81263004    3.00311348    2.34076054    3.07290099    3.20251126    2.41413429    3.21794854    3.07502378    2.84893361    2.62531216    2.75833102    2.68448463    2.55125028    2.78430460    3.00629201    3.11268857    2.95822304    2.60450940    2.72541003    3.96859762    3.22241692    4.34193802    4.06085245    3.16592321    3.69311209    3.12698313    2.65400234    2.80183542    3.61921629    4.06716139    2.96640370    3.21093737    3.28719602    2.87935552    2.72823670    3.14855822    2.98643445    3.72819804    3.22163195    3.59364447    3.04376287    3.78850465    3.40892021    3.21410374    3.27430279    3.78297797    3.13925653    3.25069296    3.73123716    1.71809967    1.90884390    1.94082529    1.46715418    2.00186526    2.14503762    1.91133176    2.21371332    2.35876819    1.79519992    2.11227530    1.94972644    2.18871960    2.11299380    1.97423251    1.86511311    1.64063834    1.62879293    1.80582516    1.79233172    1.62465460    1.74037222    1.79206310    1.62197934    1.31727952    1.78575612    1.41558219    1.59044021    1.43019222    1.55675798    1.51922782    1.46031275    1.53362631    1.53229466    1.64446070    1.58751943    1.01091556    1.38228602    1.65862724
Q1V0L4_PELUQ/80-230     1.58543916    1.79441686    1.80880173    1.31912027    1.37739849    1.32641105    1.47770434    0.00000000    1.22873340    1.18028819    1.06059460    1.66346108    2.13857194    1.85276188    1.89127194    1.62795461    1.22920940    1.30965416    1.50846488    1.31041331    1.50656948    1.31796709    1.39249403    1.32712127    1.76402345    1.54834438    1.91683376    1.88876228    2.27394797    1.60709624    3.23339103    2.27110791    1.52300747    1.39095810    1.84452828    1.47946078    1.42424637    2.08001822    2.59936391    2.66050121    2.44228898    2.94729478    3.55349881    3.22519100    3.01286937    2.63581350    2.55577879    3.40989049    3.33393721    3.18983481    2.63205063    2.77443977    3.42380705    2.91952870    3.07499145    3.22762474    2.97902678    3.21465311    3.10174774    2.97331558    3.05431543    2.92726966    3.16956920    3.22550265    2.66300113    3.99066583    2.83797826    2.93090227    2.68284215    3.28889084    3.42060757    3.84343569    3.05296369    3.24200485    3.51286586    3.20092152    2.98962063    3.03381157    3.50471958    3.47779963    3.74844779    3.75119387    3.66615230    3.25865766    3.12830658    3.06352792    3.01536154    3.07729449    4.38644381    3.39227222    3.61942528    3.82716514    3.67515445    3.22053564    3.38965365    3.22974282    3.87337308    3.93453416    3.29033674    2.98175750    3.34495046    3.33751283    4.01155813    3.65197716    3.47886407    3.12142126    3.04922238    3.42370589    2.30079116    2.15021593    2.57981675    1.94249431    2.55950446    2.19719205    2.22045245    2.33317527    2.45744789    2.10532775    1.86061156    2.00005092    2.60636515    2.71913206    2.44265538    1.93885398    1.64241226    1.59419918    1.64758811    2.02307041    1.68923568    1.45906874    1.71405467    1.34065933    1.54269904    1.76958764    1.42907289    1.58226889    1.62180405    1.81182972    1.73116527    1.80373541    1.85114788    1.80220571    1.94172480    1.65577385    1.32853719    1.79228084    1.64079080
Q3JC56_NITOC/34-180     1.04922138    1.21268965    1.63115483    1.19022827    1.32519180    1.39579135    1.30279973    1.22873340    0.00000000    1.03364050    1.25025104    1.49717802    1.70700384    1.93361198    1.87983400    1.50419457    1.07102465    1.48962465    1.46090242    1.11791580    1.19696838    1.13545784    1.25520480    1.18461117    1.69154549    1.59650237    1.72217633    1.79515230    1.98077006    1.73915727    2.96608475    1.80038398    1.77537298    1.04388125    1.40924822    1.14145921    1.32983791    1.91878630    1.65584900    2.21643958    2.02743194    2.61181383    2.92528665    3.23998999    2.60132645    2.34222244    2.30324938    2.84873897    3.10993461    3.21354695    2.20746010    2.37892250    3.66813913    3.24774438    3.08673761    3.22913535    2.93107236    3.46091399    3.32197804    3.00465550    3.56616087    2.94002273    3.61228414    3.30941966    3.00084124    3.81262017    3.61075077    2.86806942    2.92984933    3.53294085    3.58790435    3.39516701    3.25320238    3.28393667    3.32290453    3.05984837    3.38681631    2.98492505    4.06253126    3.20486639    3.91638660    3.21769219    3.24400902    2.76807046    2.62052593    3.18390744    3.19233102    2.63583568    3.22117508    2.71531485    3.02575289    3.37509861    2.96988968    2.70044949    3.18063124    2.74877458    2.86863033    2.84236025    2.87353533    2.50433748    3.06627574    3.21446951    3.15837935    3.01326479    3.25095785    2.91907801    2.65028463    2.84443462    1.98114591    1.83751861    2.00010452    1.75437245    2.05459339    2.09700015    1.94989255    2.12675578    2.20880661    1.86308540    2.00321257    1.95344867    2.18175924    2.17608628    2.02682102    1.78614606    1.39448532    1.28620630    1.34689872    1.68225277    1.39407512    1.38750678    1.40215877    1.21532237    1.07901718    1.29411908    1.20009866    1.22882655    1.48152433    1.47484974    1.49745733    1.22661547    1.51744471    1.36351563    1.40578388    1.57552970    1.21145468    1.25428272    1.53806315
A7G9H8_CLOBL/28-175     1.23925679    1.14096130    1.52286563    0.86895143    1.25652650    1.28510416    1.33167364    1.18028819    1.03364050    0.00000000    1.27090725    1.50562275    1.86586049    1.97605065    1.93752341    1.50559933    1.14096573    0.97065239    1.10754136    0.86964434    1.12519235    0.90200327    0.96880100    1.15592841    1.75868597    1.60532566    1.80753690    1.92450510    1.84478316    1.48412824    2.42353687    2.09131997    1.50171704    1.07433673    1.63803367    1.09131556    1.08184373    1.90435707    2.32030490    2.47382145    2.25530035    2.92128977    3.38432516    3.09828038    2.99254864    2.93263086    2.62368255    3.18890082    3.65639027    3.66764307    2.11223008    2.52364406    3.53435430    3.38535789    3.34863588    3.33660619    3.32361270    3.39619864    3.34438588    2.96531670    3.15377473    3.37943321    3.11582290    3.67154871    2.90123334    4.20768237    3.24971305    3.41643031    3.08749902    3.80246121    3.46581290    3.44090876    3.08912330    3.77617832    3.54168147    3.19899696    2.89054958    3.52583206    4.22290180    3.14224691    3.82259289    3.99593587    4.01001014    3.34456936    2.77780417    3.22596245    2.88928109    3.23831416    3.73506833    3.02403677    3.72604094    3.58234553    3.67760300    3.26016406    3.41323582    2.95964431    3.72558449    3.16539363    3.51094662    3.53819815    3.44751609    3.49529930    3.65336396    3.38689240    3.96372972    3.36655260    2.82005048    3.77515036    1.91958044    1.95134732    2.12033419    1.73412572    2.02532848    2.25326883    2.03367525    1.95073245    2.30050391    1.82423917    1.91946539    2.02135156    2.00779809    2.22867638    2.04096268    1.61563933    1.46129732    1.32096183    1.27784291    1.54615465    1.48921226    1.53418763    1.41979603    1.30214426    1.18110914    1.59149049    1.35727005    1.44586552    1.68808978    1.48119659    1.42608157    1.45672512    1.41467686    1.49077281    1.53113313    1.41341436    1.20596332    1.32936177    1.53032488
B0BVJ5_RICRO/95-248     1.22532643    1.49873477    1.78301334    1.13364529    1.12341304    1.29246829    1.34692840    1.06059460    1.25025104    1.27090725    0.00000000    1.66352720    2.03036048    1.84677468    1.92112136    1.24033843    0.87728968    1.30484180    1.17879037    1.13103410    1.40461083    1.14140150    1.13551471    1.19754775    1.47644242    1.33923069    1.76395390    1.92725562    2.02293484    1.46085595    3.71820611    2.26733396    1.83746309    1.11625378    2.05313208    1.33702945    1.42472779    2.06863802    2.50976596    2.96945228    2.51979407    2.53801627    3.54701729    3.12272368    2.50111016    2.35732013    2.52507988    2.77539551    3.33079616    3.09974309    2.61016329    2.70552639    3.21675719    2.69295079    3.38736490    3.48594293    3.12031860    3.20817757    3.02472911    3.15733062    2.96802461    3.24441274    3.01470066    2.77426421    2.46155596    3.47722357    2.93540557    2.97599239    2.69685242    3.36683783    3.17796927    3.24812282    2.98045978    2.94219033    3.20157282    3.42701385    2.95807993    2.85670030    3.80835930    3.91635030    4.31782060    3.72826275    3.44082910    3.34066183    2.97787532    3.22168471    3.21760185    2.89742647    3.75144437    2.82815293    3.58012168    3.42467306    3.52655476    3.57286946    3.59657801    3.55050431    3.71302794    3.71324902    3.45334956    2.97561938    3.85092396    3.32244603    3.33174387    3.72374390    4.34150212    3.45871799    3.00939815    3.14022600    2.16927125    2.29330450    2.16757885    1.71720056    2.38649023    2.46554668    2.46839226    2.46249785    2.47864706    2.54310977    2.24475233    2.17165220    2.44913296    2.72083658    2.24090505    1.85398118    1.42182881    1.67616694    1.69830483    1.88880067    1.46492220    1.55089319    1.60869448    1.37364269    1.23433869    1.69308983    1.45888648    1.68638770    1.67676494    1.73252240    1.80287725    1.54383661    1.56448829    1.70633964    1.75440669    1.53862026    1.38774206    1.63029877    1.58322437
Q5FQP3_GLUOX/119-271     1.66191275    1.71980332    2.05665640    1.59879373    1.67628890    1.98613787    1.95125438    1.66346108    1.49717802    1.50562275    1.66352720    0.00000000    1.72606552    1.81241855    1.93702998    1.45128609    1.18828573    1.55946434    1.63289319    1.62724504    1.78465701    1.32039871    1.68012416    1.32275722    1.81973521    1.66500197    2.06359025    2.22281759    2.47372686    2.04166945    3.43041291    2.25422854    2.10418852    1.86469464    2.28695706    1.83425483    1.88772660    2.50983035    2.29571967    2.59550030    3.29057573    3.00757227    3.31055498    3.29231722    3.18327449    2.62662209    2.80558517    3.36040592    3.20207488    3.23999687    2.49136541    2.88998396    3.81789747    3.46907747    3.77875185    3.69613550    3.34076824    3.91326013    3.16904780    3.14751627    3.22506309    3.48620765    3.37697855    2.94979364    3.10738892    3.73437786    3.51345322    3.60973167    3.29282932    4.07720829    3.76713884    3.90878702    3.43316073    3.39243162    3.52435591    3.32499397    3.31344472    3.56787866    4.35518840    3.44091736    3.49789457    3.59223116    3.43236584    3.39076706    3.03123786    2.92805059    2.74405641    3.05071965    3.54557710    3.14373001    3.60392902    3.29048157    3.24277615    3.32527327    3.14567478    2.92121512    3.54143086    3.04688331    2.89734937    3.00709689    3.82528829    3.72353915    3.59324320    3.97722042    3.77443567    3.24280902    3.26320438    3.15237790    2.23157080    2.18686947    2.41664142    1.97210350    2.66263282    2.60754532    2.82754956    2.93026633    2.94801013    2.37635786    2.51134630    2.56066914    2.41141267    2.10277531    2.37020890    2.00570362    1.91083838    1.79220104    1.94979879    2.14081559    2.35699546    1.85304519    2.03013491    1.74092168    1.48086925    2.12003620    2.31746846    2.12325217    2.17211037    1.99086006    2.26797828    1.98895794    1.91380335    2.16917107    1.88697741    1.79762514    1.87840833    1.61765847    1.95423312
Q1GTX2_SPHAL/109-256     2.18118755    2.10300244    2.47030672    2.02972595    2.16603177    2.18544202    2.36948342    2.13857194    1.70700384    1.86586049    2.03036048    1.72606552    0.00000000    1.30284315    1.51946823    1.81202302    1.81705241    2.25019198    2.25956286    1.82506781    2.38445292    1.80721248    1.76112783    1.59661010    1.98766256    2.10334922    2.48038389    2.47470804    2.33124229    2.12901986    3.35968691    3.03602571    2.35752959    1.82020713    2.74808064    2.13425456    2.26258180    2.80300764    2.79784502    2.60627848    2.91829539    3.65970125    3.50933277    4.13995320    3.63743187    3.53497928    3.94305986    4.27878448    3.73758907    3.50172209    2.69450525    3.15208800    5.11237881    3.42092015    3.67605881    4.35356186    3.59637398    3.77245396    3.51450907    3.51377680    3.62542651    4.02404811    3.33350447    3.68726550    2.90957880    3.71555571    3.23540570    2.90167740    3.05112405    3.97953101    3.73578309    4.43383697    4.20509705    3.73706959    3.31495173    3.96769571    3.87554257    3.80026686    3.52123314    3.71808051    3.66215637    3.71029584    3.72217894    3.36066604    3.02909692    3.11332019    2.82267526    3.43745607    4.23401079    3.85822513    4.02378383    3.75035503    4.10750249    3.74324440    4.01082375    3.06835499    4.03807970    2.68440483    3.88170638    3.83625419    4.37613877    4.07634839    3.59747808    4.02783490    4.50273865    3.61740741    3.99903903    3.72281366    2.79128523    2.73987404    2.67784266    2.51109774    2.75205569    2.82007816    3.00379872    3.43483499    3.30840038    2.69740635    2.87700328    2.58782251    2.92148959    2.53459846    2.94295050    2.60885066    2.29814029    2.34421336    2.55074554    2.25973298    2.43652168    2.26106417    2.26898305    2.24665651    2.22664694    1.90670608    2.66617837    2.55879353    2.60632762    2.38456145    2.53927889    2.46233583    2.71827835    2.63065866    2.42452773    2.10788236    2.19541779    2.15135740    2.43648553
A5VDS6_SPHWW/107-254     2.37618908    1.95865174    2.30657548    2.12794001    2.22346953    2.30520199    2.66103693    1.85276188    1.93361198    1.97605065    1.84677468    1.81241855    1.30284315    0.00000000    1.35062450    1.66483200    1.54230851    2.00640816    2.01695228    1.77847948    2.08813110    1.67844096    1.83304697    1.78621459    1.69189391    1.62444663    1.74924744    2.01192407    2.71718906    2.11126407    3.72611547    3.03359289    2.32578286    1.69509297    2.72579823    2.20527846    2.17057697    2.68341104    2.87019324    3.21101955    3.06497273    3.56379294    3.75744763    3.91546728    3.74003412    3.40069451    3.85666988    3.95881369    3.67812364    3.47449594    3.28143550    3.14326095    3.76636182    3.22002787    3.50035930    4.51218652    4.14710746    4.05766145    3.70336047    3.90184895    3.89968507    3.60833590    3.42903811    3.31254325    2.72632785    3.88111851    3.05149463    3.12688127    3.50249369    4.09842045    3.92941192    3.96003306    3.91824473    3.90681136    3.87189412    3.78772420    4.16085577    3.54557908    3.65140475    4.35988565    4.07664674    3.95402385    4.02888279    3.41585656    2.98178618    3.08073549    3.34468192    3.45906513    4.03695359    3.55316024    3.88867179    3.85348521    4.09704653    3.87821617    3.98495288    3.54913010    4.01471236    3.47098392    3.93928804    3.93534688    3.98461611    3.92290141    3.83315605    4.07186159    4.47215906    3.94343467    3.66502954    3.72587310    2.78890618    2.66529563    3.00877076    2.92593407    3.37540286    2.87768648    3.09181801    3.12144917    3.27245086    2.61782214    3.04398155    2.51353510    2.88333114    2.70018865    2.80339086    2.58076812    2.14377394    2.46758499    2.22929629    2.45815934    2.38642742    2.28787046    2.22444638    2.35734682    1.82752608    1.76035926    2.51553333    2.56107822    2.53734132    2.32635719    2.52790763    2.47363615    2.65886565    2.55845539    2.43935185    2.38106854    2.20474741    2.34275881    2.17232360
Q9X3W8_ZYMMB/95-250     2.44198112    2.05315301    2.31689508    2.18754821    2.36924773    2.19698864    2.37950299    1.89127194    1.87983400    1.93752341    1.92112136    1.93702998    1.51946823    1.35062450    0.00000000    1.92497734    1.76508009    2.13761646    2.57574488    2.03070231    2.13496927    2.02854917    2.05856602    1.67357183    2.41260067    2.09204205    2.16652933    2.67944176    2.47120245    1.84805480    3.74653279    2.60893438    2.38876287    1.78578907    2.76948204    2.10288118    2.11489639    2.55315072    2.90758804    3.19546077    2.94259703    3.18507316    3.23368875    3.66809157    3.33311481    2.73067092    3.17184415    3.47946107    3.36573182    3.15459630    3.09194586    3.39836858    3.94091370    3.89371719    3.43277008    3.59359488    3.46048059    3.15279722    3.02775768    3.19409697    3.89408615    3.37049829    3.31814249    3.43139473    2.95728322    3.63225973    3.35164913    3.14592775    3.00615712    3.52397452    3.78499101    3.72719902    3.72755348    3.19714726    3.33331281    3.67187814    3.44955437    4.06010263    3.84906554    4.41473384    3.68402628    3.60132944    3.35415329    3.88329757    3.38288361    3.51014112    3.16814500    3.14916792    4.32343777    3.47878230    3.75317990    4.29485642    4.04367141    4.07265396    3.52987145    3.35396392    3.78648823    3.20739323    3.64235771    3.50255300    3.68274974    3.49731853    3.68427573    4.25198371    4.69272778    3.92018976    3.34224139    3.55820685    3.26262181    2.75023295    2.98693982    2.78869839    3.44330069    3.21300646    3.34500299    3.49141833    3.50761675    2.97271315    3.25431959    3.13828355    3.45000496    2.80038546    3.13731363    2.96534226    2.43601741    2.40339966    2.50335702    2.43160742    2.39307745    2.54659080    2.61251444    2.28716888    2.20121308    1.89520287    2.35104314    2.47772571    2.61808740    2.13510897    2.27690618    2.62280258    2.64556205    2.71381497    2.65731470    2.27134986    2.35697666    2.63627609    2.59450369
A6U773_SINMW/131-281     1.57089694    1.68129076    1.79543071    1.62227320    1.47298884    1.87843930    1.66150832    1.62795461    1.50419457    1.50559933    1.24033843    1.45128609    1.81202302    1.66483200    1.92497734    0.00000000    0.96284432    1.46717927    1.60815283    1.51894882    1.55723738    1.40221640    1.82597559    1.41243471    1.76290555    1.69802495    1.70263103    1.86345456    2.47348778    1.89106979    3.41055722    2.46087816    2.06105882    1.42362326    2.07089157    1.83027508    1.83091521    2.32474532    2.16979152    2.91670128    2.43608424    3.01777107    3.14131320    3.22984621    2.81146731    2.81935687    2.61240068    3.24295794    3.38517867    3.37615338    2.45160396    2.38645791    3.48903466    2.74577504    3.37100750    3.45378388    3.04939084    3.02259949    2.80114508    3.14174783    2.81919070    3.19311091    2.74075364    2.80010947    2.30863296    3.18400887    2.91518206    2.91606807    2.65092137    3.46723450    3.00254828    3.16428630    2.80902781    3.12916009    3.44632064    2.82322670    2.95795856    3.01206706    3.68807837    3.66398090    4.23259832    3.48424673    3.29264556    3.62986057    2.72187985    3.28745868    2.96042713    3.12819705    3.78644266    3.44138186    3.54395125    3.90428301    3.79518490    3.89257892    3.90976195    3.57535554    4.13462059    4.66208665    4.00061988    3.30373560    4.41759258    4.03409487    4.13283945    4.14540370    3.81644154    3.47258857    3.57847346    3.24003317    2.21129704    2.30835877    2.28460453    1.83216052    2.68528746    2.64215024    2.77538477    2.87207575    2.90951095    2.49947337    2.66668133    2.64383973    2.38659340    2.39459152    2.48991713    2.38951760    1.79509955    1.87358239    2.05323147    2.11102922    1.89557429    1.88120520    1.84103304    1.73397631    1.42021384    1.90183764    1.91736542    2.11210788    2.18455090    2.12242006    2.24211730    2.07263081    2.19264093    2.41397523    1.88318875    1.88720881    1.79918831    1.68968011    2.02297932
Q163C6_ROSDO/101-250     1.17448468    1.31254543    1.59350970    1.03563335    1.02890537    1.41991156    1.33388039    1.22920940    1.07102465    1.14096573    0.87728968    1.18828573    1.81705241    1.54230851    1.76508009    0.96284432    0.00000000    1.15491687    1.14379026    0.92895353    1.04246314    0.98075501    1.01544784    0.91362676    1.34886755    1.29246850    1.49910351    1.65991144    2.05997321    1.60495855    3.47512672    2.02667179    1.79477795    0.98779060    1.95169461    1.25893001    1.44954169    1.85330764    1.95452709    2.35354096    2.59317582    3.03928591    3.70404993    3.66105955    2.90067439    2.67420904    2.92086661    3.22812865    3.48908367    3.71049225    2.44498992    2.42405777    3.23414798    3.14622757    3.40190150    3.34431564    3.03441694    3.14200008    3.39029982    3.23400154    2.98717353    3.06411571    3.07217342    3.11478787    2.70024394    3.21706460    3.01253567    2.89274244    2.76343307    3.30853546    3.15051765    3.20422426    2.97878206    3.19267357    3.81904220    3.08344068    2.79335231    3.31619313    4.13020489    3.91936073    4.11222867    3.88597777    3.41247358    3.27289573    2.47501708    3.04590219    2.36863636    2.94146677    3.80686245    2.92047005    3.78515225    3.97075416    3.18489764    3.45593818    3.50419104    3.21095818    3.30859005    3.37596045    3.08786829    3.17486616    3.76465084    3.02623330    3.20430823    3.80251003    3.65449880    3.07763503    3.38994862    2.89802891    1.66810045    2.18807738    1.93677792    1.65558307    2.55024228    2.30630932    2.33255489    2.53333210    2.98896115    2.12170662    2.12236214    2.55856618    2.48087828    2.50092762    2.07608260    1.75308565    1.48095743    1.27677657    1.41468570    1.64565112    1.43027440    1.18248248    1.52858471    1.42683986    0.93321082    1.29073737    1.32253031    1.65230817    1.56537293    1.64240404    1.57203863    1.30588884    1.49610043    1.55039675    1.56603666    1.39060687    1.35967874    1.38623480    1.53008397
A9BHU0_PETMO/37-189     1.07755878    1.16451238    1.56844381    0.92611348    1.23542616    1.28096056    1.33613217    1.30965416    1.48962465    0.97065239    1.30484180    1.55946434    2.25019198    2.00640816    2.13761646    1.46717927    1.15491687    0.00000000    1.06186036    0.86606236    1.07441398    1.05269021    1.09015356    1.09970885    1.41444327    1.38664210    1.65204841    1.77951538    1.84858336    1.21353405    2.60014119    1.95160626    1.43823939    1.21096521    1.84206982    1.20838115    1.08067238    1.67336948    2.31716104    2.38805991    2.71778840    3.17280922    3.36144187    3.44433447    3.20292051    2.80347974    2.99568860    3.61248156    3.67456995    3.63805679    2.21072674    2.23613249    4.04818419    2.91222637    3.81382403    3.95574578    3.21101875    3.45253563    3.01570493    2.93422984    3.22312276    3.26619995    3.88363440    3.32053267    3.15185740    4.18000325    3.56511744    3.39111822    3.17618695    3.41957331    3.68996028    3.33914606    3.24431630    3.48388513    3.32803961    3.41165081    2.90164578    3.60641617    4.17748712    3.86305400    3.95141188    3.90454266    3.60466092    3.76054345    3.08087363    3.10474507    3.23755779    3.49138156    3.94856074    3.24256615    3.52641852    3.65294919    3.38382307    3.25052944    3.09380107    3.08436214    3.81864693    3.16810217    3.47135192    2.95868820    3.59480622    3.01629808    3.42916270    3.06866196    3.87240745    3.08507820    2.87485473    3.57179677    1.97836348    1.70415034    2.18334588    1.59750120    2.16334235    2.06512339    2.10834834    2.10420221    2.21367134    1.88506179    2.10592844    1.96023517    2.42321547    2.21218514    2.11122205    1.50954429    1.46178578    1.53463184    1.77073568    1.57897662    1.74314795    1.49632156    1.56333603    1.54808194    1.06873896    1.48897631    1.34761375    1.27999511    1.54601309    1.25761624    1.42419722    1.39888196    1.38231043    1.68245184    1.48417374    1.27266957    1.22302651    1.27806413    1.38693545
A1HLS9_9FIRM/36-189     1.36015211    1.62138951    1.82980043    1.26138509    1.54460396    1.41201684    1.56202150    1.50846488    1.46090242    1.10754136    1.17879037    1.63289319    2.25956286    2.01695228    2.57574488    1.60815283    1.14379026    1.06186036    0.00000000    1.10871855    1.34422446    1.25296921    1.25061978    1.16563169    1.47503096    1.59963104    1.88146246    1.95205803    2.20554296    1.64514638    3.36852624    2.41863054    1.87679753    1.33920380    1.87530331    1.26039673    1.36383101    1.94206157    2.22427095    2.22924376    2.31970682    2.66594089    3.32684429    3.25804945    2.79189460    2.63772622    2.71924782    3.30544147    3.24957878    3.37278205    2.80067095    2.54237720    4.40563960    3.34155101    4.01133046    3.91104311    3.54290306    3.86785321    3.61410991    3.54855699    3.70563811    3.69096187    3.97998372    3.76641201    3.40576001    4.13287863    3.48680118    3.75708848    3.57159548    4.04164934    4.11252355    3.76937875    3.38785819    3.27710530    3.48745095    4.20224353    3.50752862    3.51993181    3.71534798    4.54933214    4.20720823    3.91337507    4.12798611    3.54354691    3.31079013    3.30470579    3.38550063    3.49640160    4.29058954    3.24813406    4.01800502    4.31741081    3.75834635    3.22509286    3.52348700    3.40818543    3.76666104    3.64249615    3.33636694    3.12988318    4.97572211    3.68238449    3.57596420    3.71962311    4.11927287    3.49905703    3.39173029    3.74016175    2.08680386    2.20247870    2.24137199    1.65835133    2.39469727    2.48768152    2.05749239    2.48937567    2.72055513    1.94114614    1.90876858    1.97822528    2.35161465    1.97511849    2.19276898    1.71249423    1.35633985    1.40586311    1.54006723    1.38953990    1.48980259    1.18827268    1.41717578    1.34530878    1.22361399    1.33051655    1.57246846    1.75792396    2.01756065    1.57774909    1.62006608    1.48491714    1.35389621    1.55894992    1.81837662    1.46914848    1.41901951    1.58679945    1.42394049
