22
RPB2_CAEEL/207-400     0.00000000    1.68431943    1.99853310    2.48652174    2.64192169    4.01436025    3.39281816    3.87635895    4.48108475    3.59303591    3.93545554    3.51088753    4.26095004    3.40641987    3.34953792    3.21026681    3.70811508    0.76296075    0.91104689    1.39343658    1.25143891    1.44551346
RPOB_SULAC/166-342     1.68431943    0.00000000    0.88383222    2.21273880    2.40863917    3.76598776    2.75990809    3.44458233    3.83928286    3.65863722    4.77920286    4.47520110    3.63201854    3.06636899    3.18090871    3.06908600    3.54575536    1.50309697    1.69415286    1.83699650    1.82297318    1.79415647
RPOB_THECE/174-348     1.99853310    0.88383222    0.00000000    1.93566329    2.08307332    4.32526392    3.15491704    3.72308804    4.09220992    4.57873579    5.38055510    4.86532441    4.58639771    4.45297156    4.16505239    3.32829672    4.45384166    1.51634446    1.84785516    1.92617793    1.80017404    1.79619276
RPC2_YEAST/201-378     2.48652174    2.21273880    1.93566329    0.00000000    0.43539178    3.09561387    3.55875199    4.40315118    4.94873247    4.03820433    4.28947129    3.69978245    4.74294774    3.98749152    4.07879552    3.58660893    4.01580638    2.48486990    2.28468185    2.53803739    2.59051946    2.64612769
RPC2_SCHPO/209-389     2.64192169    2.40863917    2.08307332    0.43539178    0.00000000    2.72024281    3.48163288    4.38474044    4.75871334    4.60594566    5.11568994    4.22984135    4.73488538    3.93647650    4.58596537    3.72194748    4.19831775    2.49016185    2.26619386    2.63429397    2.64958220    2.55480792
RPA2_DROME/185-375     4.01436025    3.76598776    4.32526392    3.09561387    2.72024281    0.00000000    1.49331843    4.36866670    5.67062657    5.48952293    5.32551117    5.44512566    5.08481297    3.86101558    3.65205759    3.84581555    5.06028723    4.23578616    3.78044474    4.27486857    3.90006015    3.49140034
RPA2_YEAST/210-403     3.39281816    2.75990809    3.15491704    3.55875199    3.48163288    1.49331843    0.00000000    4.67650556    5.62452545    4.72576580    5.48852000    4.95339913    3.97732873    4.30467827    4.52394732    4.41072847    5.09525227    3.14072788    3.25493749    3.46679257    3.53401509    3.32920759
RPOB_CHLVU/158-366     3.87635895    3.44458233    3.72308804    4.40315118    4.38474044    4.36866670    4.67650556    0.00000000    2.52305015    2.44511244    2.97066607    2.81664812    3.01793293    2.14517567    2.39338493    2.26259051    2.47593509    3.92234345    3.76128366    4.17258575    3.34199380    3.90363948
RPOB_EUGGR/122-304     4.48108475    3.83928286    4.09220992    4.94873247    4.75871334    5.67062657    5.62452545    2.52305015    0.00000000    2.36333429    2.56011395    2.56622310    2.33841105    2.11657329    2.10778961    2.01172635    2.29023846    3.96728287    4.62415749    4.85679495    4.03905637    5.12811351
RPOB_MARPO/122-310     3.59303591    3.65863722    4.57873579    4.03820433    4.60594566    5.48952293    4.72576580    2.44511244    2.36333429    0.00000000    0.48076642    0.52869190    1.52356226    0.97766188    1.22574233    0.99089645    1.35139688    3.83823604    4.71089956    5.46626801    4.46561777    3.81233389
G8ITJ2_PINSY/128-320     3.93545554    4.77920286    5.38055510    4.28947129    5.11568994    5.32551117    5.48852000    2.97066607    2.56011395    0.48076642    0.00000000    0.47247289    1.70346835    1.17791844    1.46936130    1.30737013    1.49712610    4.30463274    4.59557695    5.34674021    4.17585382    4.27548043
RPOB_SPIOL/128-315     3.51088753    4.47520110    4.86532441    3.69978245    4.22984135    5.44512566    4.95339913    2.81664812    2.56622310    0.52869190    0.47247289    0.00000000    1.71803608    1.37307917    1.55139808    1.33371299    1.50573946    3.94376796    4.62186629    5.30619935    4.44818084    3.75807522
RPOB_HETAK/136-298     4.26095004    3.63201854    4.58639771    4.74294774    4.73488538    5.08481297    3.97732873    3.01793293    2.33841105    1.52356226    1.70346835    1.71803608    0.00000000    1.31607356    1.27265428    1.24047763    1.39476092    4.81659845    5.11590799    5.99911272    4.44444739    4.90126612
RPOB_GUITH/127-310     3.40641987    3.06636899    4.45297156    3.98749152    3.93647650    3.86101558    4.30467827    2.14517567    2.11657329    0.97766188    1.17791844    1.37307917    1.31607356    0.00000000    0.56586283    0.34939634    0.67321064    3.95200120    4.14797772    4.55305903    3.95951613    3.65699743
RPOB_CYAPA/127-310     3.34953792    3.18090871    4.16505239    4.07879552    4.58596537    3.65205759    4.52394732    2.39338493    2.10778961    1.22574233    1.46936130    1.55139808    1.27265428    0.56586283    0.00000000    0.56491863    0.82795390    4.00331056    4.18884901    4.52843142    3.84937163    3.35792062
RPOB_SYNY3/125-308     3.21026681    3.06908600    3.32829672    3.58660893    3.72194748    3.84581555    4.41072847    2.26259051    2.01172635    0.99089645    1.30737013    1.33371299    1.24047763    0.34939634    0.56491863    0.00000000    0.64240943    3.21596030    3.57003047    3.70480842    3.16829073    3.06230953
RPOB_PORPU/159-357     3.70811508    3.54575536    4.45384166    4.01580638    4.19831775    5.06028723    5.09525227    2.47593509    2.29023846    1.35139688    1.49712610    1.50573946    1.39476092    0.67321064    0.82795390    0.64240943    0.00000000    4.04040690    4.62475908    4.49643540    4.01021982    3.81521877
NRPB2_ARATH/207-399     0.76296075    1.50309697    1.51634446    2.48486990    2.49016185    4.23578616    3.14072788    3.92234345    3.96728287    3.83823604    4.30463274    3.94376796    4.81659845    3.95200120    4.00331056    3.21596030    4.04040690    0.00000000    0.80756016    0.82568085    0.77141951    1.03522988
RPB2_SCHPO/204-393     0.91104689    1.69415286    1.84785516    2.28468185    2.26619386    3.78044474    3.25493749    3.76128366    4.62415749    4.71089956    4.59557695    4.62186629    5.11590799    4.14797772    4.18884901    3.57003047    4.62475908    0.80756016    0.00000000    0.57672187    1.02796259    1.30049767
RPB2_YEAST/219-407     1.39343658    1.83699650    1.92617793    2.53803739    2.63429397    4.27486857    3.46679257    4.17258575    4.85679495    5.46626801    5.34674021    5.30619935    5.99911272    4.55305903    4.52843142    3.70480842    4.49643540    0.82568085    0.57672187    0.00000000    1.06092999    1.17123470
O96236_PLAF7/218-412     1.25143891    1.82297318    1.80017404    2.59051946    2.64958220    3.90006015    3.53401509    3.34199380    4.03905637    4.46561777    4.17585382    4.44818084    4.44444739    3.95951613    3.84937163    3.16829073    4.01021982    0.77141951    1.02796259    1.06092999    0.00000000    0.95470362
Q27826_EUPOC/243-420     1.44551346    1.79415647    1.79619276    2.64612769    2.55480792    3.49140034    3.32920759    3.90363948    5.12811351    3.81233389    4.27548043    3.75807522    4.90126612    3.65699743    3.35792062    3.06230953    3.81521877    1.03522988    1.30049767    1.17123470    0.95470362    0.00000000

