9
I1RX43_GIBZE/17-213     0.00000000    0.67745278    2.17678885    1.98626578    2.12029658    1.98729067    1.97645293    2.16612383    1.95129252
F9FUF5_FUSOF/32-234     0.67745278    0.00000000    2.28557440    1.85788073    2.50872624    1.99527562    2.03211834    2.08555884    2.05394989
F5HFP6_PHANO/22-218     2.17678885    2.28557440    0.00000000    1.01363727    3.15332408    2.57492418    2.88735728    2.49769776    2.64768975
M2UQ66_COCH5/24-219     1.98626578    1.85788073    1.01363727    0.00000000    2.50744558    2.32190108    2.53064805    2.27060638    2.36475868
MTAL1_KLULA/47-188     2.12029658    2.50872624    3.15332408    2.50744558    0.00000000    2.38877700    2.50408814    2.80933752    2.49701020
G2R2Q1_THETT/7-190     1.98729067    1.99527562    2.57492418    2.32190108    2.38877700    0.00000000    0.23811427    0.76853854    0.60118864
Q2H429_CHAGB/7-190     1.97645293    2.03211834    2.88735728    2.53064805    2.50408814    0.23811427    0.00000000    0.80665524    0.58802703
MTA1_SORMK/7-207     2.16612383    2.08555884    2.49769776    2.27060638    2.80933752    0.76853854    0.80665524    0.00000000    0.37496321
V5IRD8_NEUCR/7-194     1.95129252    2.05394989    2.64768975    2.36475868    2.49701020    0.60118864    0.58802703    0.37496321    0.00000000

