26
W5KMM6_ASTMX/8-744     0.00000000    0.29631186    0.35429456    0.42813583    0.65405793    0.72119287    0.45288109    0.85315280    2.15136332    1.49074734    1.68174032    1.70653588    1.71774144    1.84119636    1.74983225    1.99415162    1.89827791    1.89068298    1.92687395    1.80035715    0.75523015    0.78358761    0.81422463    0.76931892    0.75409831    0.92769564
E7FEJ0_DANRE/8-756     0.29631186    0.00000000    0.33072368    0.36977067    0.61693922    0.72516598    0.42722579    0.78495148    2.09008758    1.52530138    1.64839444    1.66509683    1.64418818    1.86267175    1.81345604    2.03707238    1.98106580    1.93586533    1.90670055    1.84212643    0.73339513    0.75152607    0.77131351    0.73342449    0.71902383    0.87544654
H2MHC2_ORYLA/8-717     0.35429456    0.33072368    0.00000000    0.24969545    0.59297288    0.66941304    0.43297887    0.78223621    2.03101596    1.55471082    1.59729626    1.65221300    1.54118380    1.83286641    1.72391008    1.90615296    1.79842543    1.85817289    1.94095071    1.82971232    0.74178238    0.77530682    0.75431213    0.75481177    0.70804534    0.92194834
H3CDW3_TETNG/8-721     0.42813583    0.36977067    0.24969545    0.00000000    0.63730110    0.70416091    0.43938045    0.80677366    2.01766590    1.49536894    1.58176744    1.68858055    1.62562651    1.82319807    1.77570450    1.91501041    1.77813212    1.85741040    1.82127126    1.78731114    0.70815798    0.73941549    0.71977595    0.72334765    0.66944423    0.84602607
W5L9R3_ASTMX/8-712     0.65405793    0.61693922    0.59297288    0.63730110    0.00000000    0.48500728    0.61742524    0.97207820    2.01917094    1.49227614    1.66805141    1.70981162    1.64490643    1.97235244    1.86849969    2.08587351    2.04376306    2.02699223    1.89770865    1.82644261    0.86077225    0.89423150    0.88176739    0.84375378    0.81585579    0.98223319
A2BFC8_DANRE/8-691     0.72119287    0.72516598    0.66941304    0.70416091    0.48500728    0.00000000    0.72893354    1.05285637    2.12651411    1.50061740    1.69428007    1.78536161    1.69393215    1.93264879    1.88500654    1.94145476    1.96867546    1.98241104    1.85494919    1.78430497    0.96651690    0.98107217    0.98326794    0.94266861    0.89476851    1.04542507
W5MEW3_LEPOC/8-751     0.45288109    0.42722579    0.43297887    0.43938045    0.61742524    0.72893354    0.00000000    0.74282129    2.07341526    1.51818592    1.58268857    1.70136749    1.63861021    1.80196955    1.73265338    1.99585443    1.86697959    1.86989140    1.95659738    1.83821502    0.69497421    0.69819073    0.71995904    0.69424603    0.64902095    0.84003055
H3ATH5_LATCH/8-773     0.85315280    0.78495148    0.78223621    0.80677366    0.97207820    1.05285637    0.74282129    0.00000000    2.35397665    1.85394340    1.96029398    2.09180698    1.99210949    2.37029967    2.22551408    2.32143846    2.38206891    2.39658069    2.20960794    2.22844859    0.84010355    0.90626860    0.88650231    0.88444080    0.81617165    1.02182186
B3RPA1_TRIAD/15-808     2.15136332    2.09008758    2.03101596    2.01766590    2.01917094    2.12651411    2.07341526    2.35397665    0.00000000    2.22255254    2.35873998    2.27016675    2.26971983    2.41277753    2.33653620    2.44989103    2.25263713    2.44845292    2.53207017    2.54390049    1.88821132    1.98922400    1.97539612    1.89392776    1.83678526    2.18546314
K1PLX0_CRAGI/15-793     1.49074734    1.52530138    1.55471082    1.49536894    1.49227614    1.50061740    1.51818592    1.85394340    2.22255254    0.00000000    1.99511575    1.87009504    1.90584823    1.95420964    1.93697501    2.15585046    2.00010296    2.09383710    1.99373040    1.99325631    1.41634915    1.45904173    1.41997143    1.40821347    1.43753962    1.66562958
F4WUU6_ACREC/8-730     1.68174032    1.64839444    1.59729626    1.58176744    1.66805141    1.69428007    1.58268857    1.96029398    2.35873998    1.99511575    0.00000000    0.31111056    0.24778043    1.58859936    1.52376867    1.63103161    1.69703799    1.74814185    1.41733127    1.59723976    1.62486998    1.71716295    1.66608166    1.65122817    1.65828428    2.03436652
E2BZZ9_HARSA/8-712     1.70653588    1.66509683    1.65221300    1.68858055    1.70981162    1.78536161    1.70136749    2.09180698    2.27016675    1.87009504    0.31111056    0.00000000    0.27586253    1.60149410    1.53541494    1.66585394    1.61135909    1.67731840    1.47191795    1.53904456    1.70862546    1.75553876    1.74901539    1.73128473    1.69183379    1.95772990
E2AKG1_CAMFO/6-710     1.71774144    1.64418818    1.54118380    1.62562651    1.64490643    1.69393215    1.63861021    1.99210949    2.26971983    1.90584823    0.24778043    0.27586253    0.00000000    1.49053083    1.44299059    1.60531582    1.64990646    1.68285166    1.37985235    1.56344960    1.72047960    1.72735753    1.71730509    1.68247278    1.66527538    1.96020069
B4MBY7_DROVI/3-710     1.84119636    1.86267175    1.83286641    1.82319807    1.97235244    1.93264879    1.80196955    2.37029967    2.41277753    1.95420964    1.58859936    1.60149410    1.49053083    0.00000000    0.27302318    0.50208016    0.54123340    0.54739394    1.61515349    1.59073673    1.87110939    1.88116706    1.91749082    1.93284155    1.84474517    2.07444263
B4K7E0_DROMO/28-734     1.74983225    1.81345604    1.72391008    1.77570450    1.86849969    1.88500654    1.73265338    2.22551408    2.33653620    1.93697501    1.52376867    1.53541494    1.44299059    0.27302318    0.00000000    0.46829190    0.54610121    0.53829593    1.56886946    1.58045818    1.86185553    1.90774416    1.94550199    1.91156985    1.80753716    2.02422469
B4NBN0_DROWI/3-731     1.99415162    2.03707238    1.90615296    1.91501041    2.08587351    1.94145476    1.99585443    2.32143846    2.44989103    2.15585046    1.63103161    1.66585394    1.60531582    0.50208016    0.46829190    0.00000000    0.46702645    0.39174002    1.67327686    1.68664958    2.08106679    2.15087589    2.10996521    2.11291938    2.02329462    2.26280641
Q9VCC9_DROME/3-715     1.89827791    1.98106580    1.79842543    1.77813212    2.04376306    1.96867546    1.86697959    2.38206891    2.25263713    2.00010296    1.69703799    1.61135909    1.64990646    0.54123340    0.54610121    0.46702645    0.00000000    0.27202218    1.57765235    1.66784089    1.96007918    2.05936968    1.98860836    1.99232147    1.93631282    2.18799361
B3M0M0_DROAN/3-708     1.89068298    1.93586533    1.85817289    1.85741040    2.02699223    1.98241104    1.86989140    2.39658069    2.44845292    2.09383710    1.74814185    1.67731840    1.68285166    0.54739394    0.53829593    0.39174002    0.27202218    0.00000000    1.60972709    1.67967234    1.89643212    1.96945531    1.95663924    1.94702720    1.90063714    2.15581039
J9JXC6_ACYPI/6-713     1.92687395    1.90670055    1.94095071    1.82127126    1.89770865    1.85494919    1.95659738    2.20960794    2.53207017    1.99373040    1.41733127    1.47191795    1.37985235    1.61515349    1.56886946    1.67327686    1.57765235    1.60972709    0.00000000    1.50894462    1.85865345    1.92022596    1.91106242    1.90592070    1.91686736    2.24845248
T1HA06_RHOPR/4-747     1.80035715    1.84212643    1.82971232    1.78731114    1.82644261    1.78430497    1.83821502    2.22844859    2.54390049    1.99325631    1.59723976    1.53904456    1.56344960    1.59073673    1.58045818    1.68664958    1.66784089    1.67967234    1.50894462    0.00000000    1.81006183    1.91225314    1.86800636    1.80532827    1.84222172    2.06521403
G3VS55_SARHA/35-743     0.75523015    0.73339513    0.74178238    0.70815798    0.86077225    0.96651690    0.69497421    0.84010355    1.88821132    1.41634915    1.62486998    1.70862546    1.72047960    1.87110939    1.86185553    2.08106679    1.96007918    1.89643212    1.85865345    1.81006183    0.00000000    0.25989281    0.21558583    0.21977895    0.27079562    0.49530986
G1P7I1_MYOLU/7-722     0.78358761    0.75152607    0.77530682    0.73941549    0.89423150    0.98107217    0.69819073    0.90626860    1.98922400    1.45904173    1.71716295    1.75553876    1.72735753    1.88116706    1.90774416    2.15087589    2.05936968    1.96945531    1.92022596    1.91225314    0.25989281    0.00000000    0.24059390    0.22622728    0.36728450    0.51492465
H0V342_CAVPO/7-718     0.81422463    0.77131351    0.75431213    0.71977595    0.88176739    0.98326794    0.71995904    0.88650231    1.97539612    1.41997143    1.66608166    1.74901539    1.71730509    1.91749082    1.94550199    2.10996521    1.98860836    1.95663924    1.91106242    1.86800636    0.21558583    0.24059390    0.00000000    0.15939718    0.34862841    0.55274079
TSC1_MOUSE/7-716     0.76931892    0.73342449    0.75481177    0.72334765    0.84375378    0.94266861    0.69424603    0.88444080    1.89392776    1.40821347    1.65122817    1.73128473    1.68247278    1.93284155    1.91156985    2.11291938    1.99232147    1.94702720    1.90592070    1.80532827    0.21977895    0.22622728    0.15939718    0.00000000    0.32037612    0.52094716
U3I3Y8_ANAPP/7-722     0.75409831    0.71902383    0.70804534    0.66944423    0.81585579    0.89476851    0.64902095    0.81617165    1.83678526    1.43753962    1.65828428    1.69183379    1.66527538    1.84474517    1.80753716    2.02329462    1.93631282    1.90063714    1.91686736    1.84222172    0.27079562    0.36728450    0.34862841    0.32037612    0.00000000    0.40397567
H9G8R2_ANOCA/7-778     0.92769564    0.87544654    0.92194834    0.84602607    0.98223319    1.04542507    0.84003055    1.02182186    2.18546314    1.66562958    2.03436652    1.95772990    1.96020069    2.07444263    2.02422469    2.26280641    2.18799361    2.15581039    2.24845248    2.06521403    0.49530986    0.51492465    0.55274079    0.52094716    0.40397567    0.00000000

