55
Q7VAD5_PROMA/81-290     0.00000000    2.62264366    2.71495004    2.95020694    2.44210895    3.26629806    3.02625643    3.17710678    3.31884674    2.83400598    3.10632293    3.19754042    3.06734542    3.37764186    2.71539990    3.08826254    2.43776118    3.15255965    3.61973728    3.38958888    3.65952674    2.90159196    2.35825275    2.97875555    3.24807432    3.67993400    3.38303781    2.81984493    3.41529386    3.08901455    3.13300230    2.83882731    3.03895294    3.14339092    2.68757138    2.54730638    2.70561012    2.95443572    2.90906703    2.71378205    2.97238645    2.85018866    2.71208592    3.17424219    2.50680251    2.70207514    3.07234368    3.18353079    2.89940637    2.67393185    2.50541351    3.03241032    3.02029037    3.12168478    3.05973387
A1B2A7_PARDP/76-306     2.62264366    0.00000000    2.30461265    2.85755727    2.11307448    2.73177630    2.71894018    2.90956758    3.42278586    3.09667870    3.14629765    3.14501379    3.19275191    3.17957714    2.86760191    2.87704035    2.62614881    2.91638318    3.14160091    3.48818179    3.15166369    3.17581623    2.11092127    2.74350222    2.75665264    3.32840010    3.07741193    2.43598268    2.45438289    2.16095871    2.62345885    1.88386196    3.04071157    2.76551539    2.47150691    2.17990347    2.84751715    2.65979082    3.06618957    2.68687176    2.81671520    2.45786826    2.83945750    2.67763889    2.66361284    2.46093295    2.56674936    2.55372628    2.39509308    2.26197625    2.54002639    2.64684956    2.88492125    3.04705614    2.99767909
Q21KL5_SACD2/41-257     2.71495004    2.30461265    0.00000000    2.58987731    2.31335783    2.31233395    2.94466899    3.66128951    3.66605057    3.63059257    3.17594011    3.14550831    3.14574036    3.53666768    3.00358918    2.88181915    2.85510945    2.94698356    3.34748163    2.84868366    3.32086624    2.62447541    2.44297722    3.79826949    4.33866318    4.96112827    3.58068605    3.16368460    3.16067774    3.18855067    2.97276707    3.15401922    2.90100197    2.96070314    2.56789154    2.48468928    2.68871786    2.86275569    2.94500765    2.87896734    2.96253553    3.12335791    2.88933167    2.52318126    2.82791901    2.68573639    3.15425923    3.02389401    3.42272086    3.07451765    3.04702103    3.21874849    3.13784123    3.26067469    3.11260664
A6Q1B1_NITSB/22-231     2.95020694    2.85755727    2.58987731    0.00000000    1.90273255    2.66200154    2.81497267    2.83609544    3.78809887    3.06957532    3.40773019    3.59384468    3.14133347    3.40507058    2.94724375    3.32534484    2.91543632    2.92645913    2.80032799    3.00603103    3.14447861    2.70651819    2.40266906    3.84783460    3.14901222    3.46586645    3.17359867    2.64302098    2.27120370    2.08211708    2.09179826    2.00488315    2.99963455    2.56975550    2.10315307    1.89812613    2.42203798    2.21218700    2.23311330    2.23435666    2.33728431    2.27362114    2.58387240    2.64702494    2.25847715    2.53842819    2.78414326    2.77629317    2.60165667    2.41777050    2.23845603    2.24565505    2.71021594    2.31018813    2.31486612
A8EUP7_ARCB4/27-234     2.44210895    2.11307448    2.31335783    1.90273255    0.00000000    1.56436702    2.34070958    2.71791775    3.10130081    2.87553837    2.73114452    2.57633524    2.70082991    2.71976686    2.23233157    2.56196277    2.28620790    2.73635512    2.62341709    2.68294871    2.96320595    2.70706892    2.37763180    3.28666460    2.50620698    2.82081801    2.82880388    2.55403599    2.46489137    2.28645836    2.53269961    2.13341700    2.41722918    2.29929610    2.06561096    2.08459114    2.23501070    1.83436077    1.98378001    1.79429119    1.83421639    2.21285958    2.52131042    2.31221536    1.90518905    2.54552447    2.89336928    2.63361491    2.46502550    2.43482561    2.20084375    2.28542107    2.73913294    2.60721932    2.75478508
Q30UK4_SULDN/59-268     3.26629806    2.73177630    2.31233395    2.66200154    1.56436702    0.00000000    2.86780186    3.22164381    3.61664222    3.63073475    3.36871184    3.50979310    3.55054147    3.53167906    2.49291203    3.03472075    2.56594031    3.08565797    3.10098386    3.06416341    3.27181791    2.89373604    2.78568567    4.03829584    2.93566602    2.67473025    3.31793195    2.78429626    3.13671413    2.97407325    2.82100585    2.31854089    2.36522599    2.75676435    2.50731483    2.53449676    2.65831370    2.52124565    2.60905895    2.42303010    2.62626474    2.68943062    2.87601218    2.84593767    2.03463788    3.02502699    3.42601822    3.46868243    2.88611740    2.78088392    2.58959289    2.87704718    2.73185535    2.89312154    2.99769819
A1S5N5_SHEAM/158-375     3.02625643    2.71894018    2.94466899    2.81497267    2.34070958    2.86780186    0.00000000    2.63224835    3.03893924    2.93663844    2.84840242    3.06762745    3.10629819    2.94910510    2.42783604    2.62785479    2.36087533    2.55493976    2.62118877    2.90137427    2.78818425    2.75226052    2.58651863    3.52844690    3.58336473    3.66373726    3.53628472    3.06405049    2.81010213    2.80639805    2.79401872    2.59891915    3.41178655    3.56494320    2.93855506    2.78759609    2.84935429    2.74950646    2.54483130    2.53958872    2.80964555    3.08501969    3.42174348    3.23540642    2.72195809    3.51483184    3.36414861    2.97207406    3.35814049    3.10004230    3.09873665    3.42017011    3.73159897    3.85200783    3.98046855
Q21MD6_SACD2/144-356     3.17710678    2.90956758    3.66128951    2.83609544    2.71791775    3.22164381    2.63224835    0.00000000    2.62210017    2.10853261    2.06757917    2.26072487    2.40826425    2.13979906    1.94053329    2.44075316    1.95830625    2.25586553    2.46569487    3.38550666    3.25926401    2.95450369    3.11761078    4.42579810    3.22412284    3.61977496    3.36838101    3.13749554    2.92956871    2.89096133    3.49964030    2.70488831    3.34342578    2.91838963    3.10273660    2.83632625    3.01771825    3.29177670    3.10753551    3.29085198    3.04377129    4.22715355    3.42938296    4.16196643    3.20806707    3.99035027    4.03987828    3.90236679    3.44695805    3.48409368    3.28173898    2.86575969    3.08926440    3.06415087    3.13278774
Q6D5L4_PECAS/142-349     3.31884674    3.42278586    3.66605057    3.78809887    3.10130081    3.61664222    3.03893924    2.62210017    0.00000000    0.94147943    0.86098430    0.84996169    1.05882002    0.87549540    2.85744268    2.68662603    2.63550948    2.75826887    3.34277121    3.37969066    3.36982778    3.09335657    3.10980357    4.05908111    3.92384863    4.33958561    3.73468567    4.38389827    3.55125117    3.83521647    4.17724737    3.66257669    3.84209830    2.65166893    3.60183407    4.43551244    2.88196737    4.00808732    4.28041638    3.97402813    4.06948154    4.11526623    4.30871827    4.70086572    3.96967078    3.28302642    3.47809303    3.73601744    4.50205069    4.45125733    4.37161717    3.52191337    3.98981721    4.11357209    4.28270465
Q9HW14_PSEAE/128-335     2.83400598    3.09667870    3.63059257    3.06957532    2.87553837    3.63073475    2.93663844    2.10853261    0.94147943    0.00000000    0.50727468    0.57724607    0.61963686    0.58557092    2.62267287    3.08145326    2.42729761    2.98581928    3.06343165    3.62562209    3.30374646    3.46316458    3.20002811    3.70601396    4.03290819    4.37262122    4.15587863    4.42993212    3.44270215    3.27597685    3.57921482    3.32103834    4.07154865    3.50171536    3.55532853    3.97912661    3.19407479    3.84652320    4.03816400    3.91631669    4.01338963    4.06694375    3.71094447    4.76342339    3.79584215    3.40669757    3.45338308    3.97666011    5.00558893    4.70531177    4.54510217    3.95039370    4.06356751    4.04166570    4.27127617
A4XQU6_PSEMY/130-337     3.10632293    3.14629765    3.17594011    3.40773019    2.73114452    3.36871184    2.84840242    2.06757917    0.86098430    0.50727468    0.00000000    0.37553165    0.47932236    0.33733633    2.57203753    3.09692964    2.53760707    3.23638440    3.00765079    3.37257879    3.48008857    3.25149105    3.13195254    3.82602137    4.27972181    4.54326372    3.84233525    4.41350316    3.57816837    3.24670586    3.63015101    3.42950807    4.03869179    3.16043641    3.31888681    3.91926627    3.00498771    3.92767161    4.04841714    3.88420894    3.81351328    3.89960186    3.97591969    4.13279967    3.77355476    3.32281957    3.38021936    3.39422546    4.22584364    3.82234346    3.74779520    3.31428521    3.41773768    3.51321540    3.69222340
Q88N59_PSEPK/129-336     3.19754042    3.14501379    3.14550831    3.59384468    2.57633524    3.50979310    3.06762745    2.26072487    0.84996169    0.57724607    0.37553165    0.00000000    0.38468209    0.41430472    2.63970584    3.16924818    2.52212354    3.02637643    3.21501510    3.13688701    3.09158382    3.19194790    3.02328288    3.80340798    4.06310313    4.62266506    4.09783728    4.33427184    3.85700636    3.12988868    3.82923785    3.33213442    3.58394078    3.25759319    3.38193083    3.78060806    3.13953830    4.12302771    4.27444979    3.95932940    4.10485400    3.75084252    4.08183223    3.97516795    3.82284478    3.31979301    3.44961124    3.39954725    4.00746246    3.67357898    3.76131028    3.22725943    3.55110987    3.54874985    3.78574719
Q87X09_PSESM/128-335     3.06734542    3.19275191    3.14574036    3.14133347    2.70082991    3.55054147    3.10629819    2.40826425    1.05882002    0.61963686    0.47932236    0.38468209    0.00000000    0.50513001    2.59811279    3.13850706    2.53909032    3.01944992    3.01243371    3.33900798    3.00873489    3.56484561    2.98041214    3.68290853    4.24296903    4.52593447    4.04542250    4.40950630    3.57828883    3.27358515    3.56612808    3.29870458    3.83050295    3.29265343    3.34770380    3.62562010    3.24577621    3.99376415    4.03860190    3.93646434    4.00437171    3.76415180    3.89037631    4.29531878    4.13613552    3.46447905    3.67532685    3.50299151    4.19009361    4.17322805    4.00720866    3.44151969    3.84440676    3.66669817    3.94333514
A4VP87_PSEU5/127-334     3.37764186    3.17957714    3.53666768    3.40507058    2.71976686    3.53167906    2.94910510    2.13979906    0.87549540    0.58557092    0.33733633    0.41430472    0.50513001    0.00000000    2.55656366    3.11049853    2.60916235    3.45668251    3.14734249    3.36685244    3.20481768    3.31156997    3.06865077    3.75613724    4.14437823    4.77858004    4.43677849    4.38416711    3.55643646    3.47991329    3.86580946    3.61855763    3.76011899    3.50038538    3.62324057    4.02144735    3.03196409    4.03701923    4.20957946    4.02268008    4.03751554    4.05750891    4.41302353    4.08484133    3.98517304    3.38793361    3.63722152    3.38454780    4.61978092    4.17661549    4.13801813    3.46753065    3.60603884    3.56744419    3.78091756
A1WUX8_HALHL/30-239     2.71539990    2.86760191    3.00358918    2.94724375    2.23233157    2.49291203    2.42783604    1.94053329    2.85744268    2.62267287    2.57203753    2.63970584    2.59811279    2.55656366    0.00000000    1.74090800    1.57151586    1.77539285    2.28540832    3.03317936    3.64271825    2.89260033    3.23176587    4.11298084    3.40633151    4.55863810    3.44633376    2.81890086    2.76784275    2.72292157    2.96245683    2.70503046    2.61277475    2.70097997    3.10018846    2.81690915    2.80695974    3.00675462    3.01253403    2.97397169    2.69952764    3.48970053    3.07316555    3.26087973    3.09071018    3.26125497    3.23600392    3.00909550    3.18960124    2.97895756    2.99394796    3.04014274    2.58249416    2.79801283    2.54189726
Q82XT1_NITEU/123-355     3.08826254    2.87704035    2.88181915    3.32534484    2.56196277    3.03472075    2.62785479    2.44075316    2.68662603    3.08145326    3.09692964    3.16924818    3.13850706    3.11049853    1.74090800    0.00000000    1.44807534    1.82282519    2.34484578    3.13717215    3.18597221    3.84128297    3.15844770    3.82123999    3.62593668    3.94371543    3.42916927    2.96794473    2.65132891    2.55682825    2.73930149    2.58857425    2.91165754    2.69775013    2.63834308    2.65602872    3.25114973    3.05848934    2.93687441    2.72729247    3.45256998    3.47835860    3.07720976    3.53858657    3.10343774    3.06803540    3.36844100    3.70576094    2.85653943    2.91606400    2.92783992    3.51400938    4.09454115    4.13717894    4.34246791
Q1H3Z0_METFK/136-345     2.43776118    2.62614881    2.85510945    2.91543632    2.28620790    2.56594031    2.36087533    1.95830625    2.63550948    2.42729761    2.53760707    2.52212354    2.53909032    2.60916235    1.57151586    1.44807534    0.00000000    1.59144068    1.65189630    2.83749893    3.06636304    2.89672297    2.36032973    4.01404892    2.75108587    2.87517070    3.10206796    2.49482742    2.32765670    2.79456730    2.76572149    2.37467466    2.81660068    2.38789361    2.50933507    2.54810510    2.61265013    2.73118281    2.98343196    2.55647618    2.87277677    2.75689609    2.80154400    3.69408704    2.80062000    3.00588788    3.15785599    3.49996317    3.05053404    3.37311521    3.09468810    3.17488327    3.40051603    3.61739810    3.59091110
Q74AK7_GEOSL/122-330     3.15255965    2.91638318    2.94698356    2.92645913    2.73635512    3.08565797    2.55493976    2.25586553    2.75826887    2.98581928    3.23638440    3.02637643    3.01944992    3.45668251    1.77539285    1.82282519    1.59144068    0.00000000    1.91402103    2.33044184    3.37008719    2.50878698    2.56720066    3.59227317    2.90339010    3.44991383    3.36006012    2.66323924    2.45780365    2.61784551    2.79126008    2.50346796    2.65674063    2.28007525    2.93170592    2.99581163    2.77467685    2.57103001    2.62269356    2.38619944    2.72645601    3.41602895    3.02520329    3.35916140    3.00488418    2.99085946    3.47020188    3.34622409    3.01588854    3.05807174    2.83794614    2.80252626    3.16899605    3.01924803    2.97725764
A1K7G4_AZOSB/134-345     3.61973728    3.14160091    3.34748163    2.80032799    2.62341709    3.10098386    2.62118877    2.46569487    3.34277121    3.06343165    3.00765079    3.21501510    3.01243371    3.14734249    2.28540832    2.34484578    1.65189630    1.91402103    0.00000000    2.84127787    3.33762348    2.82797813    2.20075856    3.87920057    2.85586953    2.80670984    3.18379299    2.52576785    2.46106721    2.74550037    2.45160114    2.15186401    3.82059911    2.81934912    2.67072319    2.79381596    3.17114238    2.56682732    2.72325910    2.58801755    2.69579027    3.40000001    2.98459924    3.44356766    2.76997522    2.83768026    3.10287846    3.64457038    3.45825698    3.46415745    3.16632727    3.30622157    3.61294530    3.67704713    4.01628818
Q01YX4_SOLUE/133-345     3.38958888    3.48818179    2.84868366    3.00603103    2.68294871    3.06416341    2.90137427    3.38550666    3.37969066    3.62562209    3.37257879    3.13688701    3.33900798    3.36685244    3.03317936    3.13717215    2.83749893    2.33044184    2.84127787    0.00000000    2.53302448    2.45845293    2.80811999    3.96201528    2.81378762    3.22122217    3.16686850    2.63784588    2.94948872    2.96158186    3.16434087    2.74669613    3.12636811    3.03037905    2.73704244    2.77349438    2.80720264    2.86209739    3.11839823    3.04572002    3.25527508    3.78385516    2.74058988    2.73165475    2.73210301    2.94999541    3.46184309    3.38951832    2.96243539    2.76728361    2.92300310    3.09128435    3.79612114    3.57945985    3.80265142
Q1IKA8_KORVE/142-362     3.65952674    3.15166369    3.32086624    3.14447861    2.96320595    3.27181791    2.78818425    3.25926401    3.36982778    3.30374646    3.48008857    3.09158382    3.00873489    3.20481768    3.64271825    3.18597221    3.06636304    3.37008719    3.33762348    2.53302448    0.00000000    3.47310627    3.06817320    4.05322793    3.50861752    3.53589753    3.43181026    3.21643467    3.15065176    3.16080309    3.25927825    2.59311699    3.38158757    3.43671579    3.17615168    2.57889963    2.91722228    2.86733663    3.01420256    3.07258958    3.20788465    3.96915660    3.83036912    3.63835304    3.15401279    3.59662138    3.60139672    3.23564280    3.86655973    3.48628300    3.48532687    3.24408856    4.21562876    4.38787150    4.27677892
Q7UWG6_RHOBA/158-367     2.90159196    3.17581623    2.62447541    2.70651819    2.70706892    2.89373604    2.75226052    2.95450369    3.09335657    3.46316458    3.25149105    3.19194790    3.56484561    3.31156997    2.89260033    3.84128297    2.89672297    2.50878698    2.82797813    2.45845293    3.47310627    0.00000000    2.59514578    3.30416794    3.07955448    3.23054947    3.35662453    2.87158607    3.52624486    2.98867496    2.47249980    2.44057247    2.61231602    2.68915464    3.26246155    2.67925435    2.68451073    2.76071147    2.98547957    2.69265535    2.62387909    3.48534734    2.98532551    2.85569216    2.86005641    3.04961174    3.09538596    3.07670737    2.90358123    2.75075663    2.81134366    2.62645572    2.58641184    2.59050561    2.75068421
E0TEV1_PARBH/23-243     2.35825275    2.11092127    2.44297722    2.40266906    2.37763180    2.78568567    2.58651863    3.11761078    3.10980357    3.20002811    3.13195254    3.02328288    2.98041214    3.06865077    3.23176587    3.15844770    2.36032973    2.56720066    2.20075856    2.80811999    3.06817320    2.59514578    0.00000000    2.56399879    2.65085047    2.79223340    2.58397100    1.85181408    2.08956952    1.89028331    1.92765839    1.75812114    3.10782314    2.45794962    1.97980157    1.98705345    2.18686867    2.07667110    2.27199919    1.97783106    2.26757093    2.30127548    2.45158243    2.05676608    2.26165215    2.06984727    2.36071332    2.58086566    2.31362315    2.47131929    2.29030784    2.20341408    2.35425392    2.51358616    2.29975935
Q0AS65_MARMM/149-355     2.97875555    2.74350222    3.79826949    3.84783460    3.28666460    4.03829584    3.52844690    4.42579810    4.05908111    3.70601396    3.82602137    3.80340798    3.68290853    3.75613724    4.11298084    3.82123999    4.01404892    3.59227317    3.87920057    3.96201528    4.05322793    3.30416794    2.56399879    0.00000000    2.73218737    2.95062610    3.46406066    3.20951800    3.16937615    2.81386899    2.55790064    2.60161390    3.22869064    3.23872381    3.24794245    3.17894246    2.50321901    2.45503940    2.64631548    2.42238340    2.66146043    2.74503141    2.93335703    2.70599309    2.51420070    3.12322403    3.36943695    3.13632261    2.27085306    2.33394978    2.39896793    3.01446272    2.96352491    3.25484744    2.96409241
Q2IF15_ANADE/32-263     3.24807432    2.75665264    4.33866318    3.14901222    2.50620698    2.93566602    3.58336473    3.22412284    3.92384863    4.03290819    4.27972181    4.06310313    4.24296903    4.14437823    3.40633151    3.62593668    2.75108587    2.90339010    2.85586953    2.81378762    3.50861752    3.07955448    2.65085047    2.73218737    0.00000000    0.54977489    0.94020524    2.36950868    2.55142354    2.35822523    2.59226187    2.66084706    3.02633053    2.80015591    3.04283700    2.93727118    2.63650623    2.24087430    2.44687972    2.45203100    2.49557342    2.75052521    2.64320889    3.05642879    2.50705511    2.78539796    3.03151771    3.47007570    3.06021207    3.36233776    3.24225690    3.57030249    3.81087861    3.64747587    3.68763564
A7HG05_ANADF/33-264     3.67993400    3.32840010    4.96112827    3.46586645    2.82081801    2.67473025    3.66373726    3.61977496    4.33958561    4.37262122    4.54326372    4.62266506    4.52593447    4.77858004    4.55863810    3.94371543    2.87517070    3.44991383    2.80670984    3.22122217    3.53589753    3.23054947    2.79223340    2.95062610    0.54977489    0.00000000    0.94238811    2.63095736    2.72230520    2.88245988    2.85142356    2.52434157    2.85842242    2.79675937    3.04143550    2.87353490    2.25101549    2.33998031    2.52684274    2.51972190    2.53403209    2.68628061    2.81649000    3.20862949    2.46910182    2.81949284    3.69394549    3.47872244    3.36480969    3.93812252    3.66974156    4.12964950    4.53632053    4.30089907    4.45467032
E3FRE8_STIAD/97-327     3.38303781    3.07741193    3.58068605    3.17359867    2.82880388    3.31793195    3.53628472    3.36838101    3.73468567    4.15587863    3.84233525    4.09783728    4.04542250    4.43677849    3.44633376    3.42916927    3.10206796    3.36006012    3.18379299    3.16686850    3.43181026    3.35662453    2.58397100    3.46406066    0.94020524    0.94238811    0.00000000    2.96138698    2.79545403    2.82864190    2.88824903    2.85714068    2.98167848    2.88816080    3.32216388    2.84251706    2.81230842    2.60026825    2.75390097    2.72553957    2.96302954    2.98725771    2.88901786    2.93466213    2.83106128    3.26201602    3.54913325    3.58848780    3.74884526    4.39670137    4.07339105    3.51872324    4.03377823    3.75702626    3.79883984
A5VD34_SPHWW/99-305     2.81984493    2.43598268    3.16368460    2.64302098    2.55403599    2.78429626    3.06405049    3.13749554    4.38389827    4.42993212    4.41350316    4.33427184    4.40950630    4.38416711    2.81890086    2.96794473    2.49482742    2.66323924    2.52576785    2.63784588    3.21643467    2.87158607    1.85181408    3.20951800    2.36950868    2.63095736    2.96138698    0.00000000    1.08527015    1.31769902    1.39616116    1.20857703    3.19901016    2.46816227    2.21042982    2.04039869    2.26763959    1.77043970    1.95792566    2.02863354    1.91888231    2.10991572    2.52002231    2.26333102    2.17398681    1.91373544    2.04106856    2.44380855    2.24794617    2.27383635    2.25704361    2.69308450    2.49087900    2.59109341    2.39711875
Q5NM73_ZYMMO/111-321     3.41529386    2.45438289    3.16067774    2.27120370    2.46489137    3.13671413    2.81010213    2.92956871    3.55125117    3.44270215    3.57816837    3.85700636    3.57828883    3.55643646    2.76784275    2.65132891    2.32765670    2.45780365    2.46106721    2.94948872    3.15065176    3.52624486    2.08956952    3.16937615    2.55142354    2.72230520    2.79545403    1.08527015    0.00000000    1.39613145    1.46432580    1.43119775    3.12300931    2.49832714    2.28671998    2.12049012    2.19115579    1.83154178    2.02074297    2.16078715    2.15157477    2.14493970    2.65518339    2.39154869    2.43122220    2.37373771    2.60828605    2.57845642    2.45806466    2.62358894    2.67096922    2.61743177    2.96077816    2.72633358    2.73605296
Q1GW79_SPHAL/125-332     3.08901455    2.16095871    3.18855067    2.08211708    2.28645836    2.97407325    2.80639805    2.89096133    3.83521647    3.27597685    3.24670586    3.12988868    3.27358515    3.47991329    2.72292157    2.55682825    2.79456730    2.61784551    2.74550037    2.96158186    3.16080309    2.98867496    1.89028331    2.81386899    2.35822523    2.88245988    2.82864190    1.31769902    1.39613145    0.00000000    1.29395927    0.86507645    3.02939444    1.87303286    1.91874022    1.90824243    2.29089339    1.99069013    2.03547812    1.91388072    2.06155315    1.79007247    2.66726176    2.19421916    2.03133852    2.48859794    2.56824875    2.56060651    2.45349372    2.60534809    2.62315401    2.74137976    2.93211052    3.03370192    3.00180841
Q2G7K0_NOVAD/112-317     3.13300230    2.62345885    2.97276707    2.09179826    2.53269961    2.82100585    2.79401872    3.49964030    4.17724737    3.57921482    3.63015101    3.82923785    3.56612808    3.86580946    2.96245683    2.73930149    2.76572149    2.79126008    2.45160114    3.16434087    3.25927825    2.47249980    1.92765839    2.55790064    2.59226187    2.85142356    2.88824903    1.39616116    1.46432580    1.29395927    0.00000000    1.04146708    2.78774885    2.22131306    2.26731926    1.92291677    2.24744595    1.92230564    2.07548764    2.08055765    2.20442478    2.11226330    2.30781665    2.25339095    2.12795962    2.51782827    2.54131767    2.69304796    2.33668936    2.38719515    2.30434077    2.66386210    2.69017195    2.85359441    2.76790230
Q2NBZ0_ERYLH/100-305     2.83882731    1.88386196    3.15401922    2.00488315    2.13341700    2.31854089    2.59891915    2.70488831    3.66257669    3.32103834    3.42950807    3.33213442    3.29870458    3.61855763    2.70503046    2.58857425    2.37467466    2.50346796    2.15186401    2.74669613    2.59311699    2.44057247    1.75812114    2.60161390    2.66084706    2.52434157    2.85714068    1.20857703    1.43119775    0.86507645    1.04146708    0.00000000    2.35718672    1.93420657    1.91495889    1.70629468    2.07911488    1.79389168    1.96716808    1.95548000    2.08188713    2.05126847    2.35690622    1.99278264    1.85801288    2.26550089    2.23237285    2.29088872    2.25778780    2.39154848    2.45784308    2.48888589    2.57798495    2.60796942    2.63808941
Q6MRC5_BDEBA/30-238     3.03895294    3.04071157    2.90100197    2.99963455    2.41722918    2.36522599    3.41178655    3.34342578    3.84209830    4.07154865    4.03869179    3.58394078    3.83050295    3.76011899    2.61277475    2.91165754    2.81660068    2.65674063    3.82059911    3.12636811    3.38158757    2.61231602    3.10782314    3.22869064    3.02633053    2.85842242    2.98167848    3.19901016    3.12300931    3.02939444    2.78774885    2.35718672    0.00000000    2.42328955    2.15906972    1.92095860    2.53259349    2.48532877    2.54245835    2.62747528    2.70898940    3.11583919    3.53168324    2.68993997    2.45997643    2.56021359    2.94512072    3.29136161    2.51816125    2.59338656    2.57472325    2.45745449    2.51671723    2.49024209    2.70125678
Q31F96_HYDCU/32-242     3.14339092    2.76551539    2.96070314    2.56975550    2.29929610    2.75676435    3.56494320    2.91838963    2.65166893    3.50171536    3.16043641    3.25759319    3.29265343    3.50038538    2.70097997    2.69775013    2.38789361    2.28007525    2.81934912    3.03037905    3.43671579    2.68915464    2.45794962    3.23872381    2.80015591    2.79675937    2.88816080    2.46816227    2.49832714    1.87303286    2.22131306    1.93420657    2.42328955    0.00000000    2.14240215    2.09598627    2.52239513    1.88384890    2.04390332    2.07245150    2.05106829    1.94889568    2.56444796    2.15724205    2.19068635    1.96737993    2.32997068    2.63872653    2.30355797    2.78552717    2.55958515    2.45172714    2.26148920    2.36174808    2.42704808
YDIY_ECOLI/48-251     2.68757138    2.47150691    2.56789154    2.10315307    2.06561096    2.50731483    2.93855506    3.10273660    3.60183407    3.55532853    3.31888681    3.38193083    3.34770380    3.62324057    3.10018846    2.63834308    2.50933507    2.93170592    2.67072319    2.73704244    3.17615168    3.26246155    1.97980157    3.24794245    3.04283700    3.04143550    3.32216388    2.21042982    2.28671998    1.91874022    2.26731926    1.91495889    2.15906972    2.14240215    0.00000000    0.59764690    1.83428137    1.82926774    2.15043887    2.00962762    2.11231904    1.49407092    2.47204002    2.09943357    1.64626432    1.95553125    2.10764158    2.23859849    2.00030713    2.00152392    1.96576497    2.11170409    2.26900525    2.29234536    2.28187582
A0A380PI89_YERPE/50-254     2.54730638    2.17990347    2.48468928    1.89812613    2.08459114    2.53449676    2.78759609    2.83632625    4.43551244    3.97912661    3.91926627    3.78060806    3.62562010    4.02144735    2.81690915    2.65602872    2.54810510    2.99581163    2.79381596    2.77349438    2.57889963    2.67925435    1.98705345    3.17894246    2.93727118    2.87353490    2.84251706    2.04039869    2.12049012    1.90824243    1.92291677    1.70629468    1.92095860    2.09598627    0.59764690    0.00000000    1.76095050    1.73562905    1.80184898    1.84801488    1.88672803    1.79548065    2.27177671    2.19179917    1.66862895    1.95607983    2.14930105    2.38725573    2.14073232    1.89189435    1.76809732    2.00759489    2.31066135    2.17925411    2.08231735
Q0VPX4_ALCBS/40-260     2.70561012    2.84751715    2.68871786    2.42203798    2.23501070    2.65831370    2.84935429    3.01771825    2.88196737    3.19407479    3.00498771    3.13953830    3.24577621    3.03196409    2.80695974    3.25114973    2.61265013    2.77467685    3.17114238    2.80720264    2.91722228    2.68451073    2.18686867    2.50321901    2.63650623    2.25101549    2.81230842    2.26763959    2.19115579    2.29089339    2.24744595    2.07911488    2.53259349    2.52239513    1.83428137    1.76095050    0.00000000    1.49928090    1.71509865    1.69686118    1.72250938    1.86004518    1.94907604    1.70329592    1.60694620    1.90778307    2.12226072    2.47132117    2.10505579    2.24367269    2.19966800    2.28848517    2.16678030    2.31260563    2.18196171
A1S9A0_SHEAM/36-247     2.95443572    2.65979082    2.86275569    2.21218700    1.83436077    2.52124565    2.74950646    3.29177670    4.00808732    3.84652320    3.92767161    4.12302771    3.99376415    4.03701923    3.00675462    3.05848934    2.73118281    2.57103001    2.56682732    2.86209739    2.86733663    2.76071147    2.07667110    2.45503940    2.24087430    2.33998031    2.60026825    1.77043970    1.83154178    1.99069013    1.92230564    1.79389168    2.48532877    1.88384890    1.82926774    1.73562905    1.49928090    0.00000000    0.30429694    0.34480056    0.40998904    1.09567757    1.44490813    1.28883638    1.22657723    1.64907980    1.96840964    2.10248641    1.56815335    1.92035903    1.76582992    2.10597888    2.34259417    2.29326920    2.32315046
Q8EIA9_SHEON/34-245     2.90906703    3.06618957    2.94500765    2.23311330    1.98378001    2.60905895    2.54483130    3.10753551    4.28041638    4.03816400    4.04841714    4.27444979    4.03860190    4.20957946    3.01253403    2.93687441    2.98343196    2.62269356    2.72325910    3.11839823    3.01420256    2.98547957    2.27199919    2.64631548    2.44687972    2.52684274    2.75390097    1.95792566    2.02074297    2.03547812    2.07548764    1.96716808    2.54245835    2.04390332    2.15043887    1.80184898    1.71509865    0.30429694    0.00000000    0.31049799    0.37211857    1.26958552    1.44249190    1.42027653    1.23356400    1.82510119    2.10984545    2.24776777    1.73711663    1.99848174    1.77896202    2.10866963    2.41518099    2.37388678    2.53637739
Q087Q3_SHEFN/35-246     2.71378205    2.68687176    2.87896734    2.23435666    1.79429119    2.42303010    2.53958872    3.29085198    3.97402813    3.91631669    3.88420894    3.95932940    3.93646434    4.02268008    2.97397169    2.72729247    2.55647618    2.38619944    2.58801755    3.04572002    3.07258958    2.69265535    1.97783106    2.42238340    2.45203100    2.51972190    2.72553957    2.02863354    2.16078715    1.91388072    2.08055765    1.95548000    2.62747528    2.07245150    2.00962762    1.84801488    1.69686118    0.34480056    0.31049799    0.00000000    0.31074523    1.19239434    1.48779557    1.46151258    1.28797590    1.82930137    2.07204736    2.24914465    1.74791051    1.96211501    1.78828206    2.15551164    2.34176298    2.45598904    2.39996450
Q12QA1_SHEDO/35-246     2.97238645    2.81671520    2.96253553    2.33728431    1.83421639    2.62626474    2.80964555    3.04377129    4.06948154    4.01338963    3.81351328    4.10485400    4.00437171    4.03751554    2.69952764    3.45256998    2.87277677    2.72645601    2.69579027    3.25527508    3.20788465    2.62387909    2.26757093    2.66146043    2.49557342    2.53403209    2.96302954    1.91888231    2.15157477    2.06155315    2.20442478    2.08188713    2.70898940    2.05106829    2.11231904    1.88672803    1.72250938    0.40998904    0.37211857    0.31074523    0.00000000    1.32987567    1.51428095    1.47554963    1.30874536    2.00922612    2.26376077    2.40614121    1.67560497    1.99642607    1.80333954    2.26109260    2.24412503    2.44714307    2.27606808
Q3IIH2_PSET1/32-260     2.85018866    2.45786826    3.12335791    2.27362114    2.21285958    2.68943062    3.08501969    4.22715355    4.11526623    4.06694375    3.89960186    3.75084252    3.76415180    4.05750891    3.48970053    3.47835860    2.75689609    3.41602895    3.40000001    3.78385516    3.96915660    3.48534734    2.30127548    2.74503141    2.75052521    2.68628061    2.98725771    2.10991572    2.14493970    1.79007247    2.11226330    2.05126847    3.11583919    1.94889568    1.49407092    1.79548065    1.86004518    1.09567757    1.26958552    1.19239434    1.32987567    0.00000000    1.43637226    1.19674675    1.18538992    1.64821022    1.99049156    2.11272704    1.79066244    2.03770172    1.89131203    2.26666656    2.38381619    2.25108670    2.25636355
Q3IDK6_PSET1/49-270     2.71208592    2.83945750    2.88933167    2.58387240    2.52131042    2.87601218    3.42174348    3.42938296    4.30871827    3.71094447    3.97591969    4.08183223    3.89037631    4.41302353    3.07316555    3.07720976    2.80154400    3.02520329    2.98459924    2.74058988    3.83036912    2.98532551    2.45158243    2.93335703    2.64320889    2.81649000    2.88901786    2.52002231    2.65518339    2.66726176    2.30781665    2.35690622    3.53168324    2.56444796    2.47204002    2.27177671    1.94907604    1.44490813    1.44249190    1.48779557    1.51428095    1.43637226    0.00000000    1.40238055    1.26645796    2.19952298    2.42054300    2.56461857    2.05113095    2.24009158    2.19428740    2.83167439    3.13058583    2.85172565    2.92999555
Q5QVL9_IDILO/20-240     3.17424219    2.67763889    2.52318126    2.64702494    2.31221536    2.84593767    3.23540642    4.16196643    4.70086572    4.76342339    4.13279967    3.97516795    4.29531878    4.08484133    3.26087973    3.53858657    3.69408704    3.35916140    3.44356766    2.73165475    3.63835304    2.85569216    2.05676608    2.70599309    3.05642879    3.20862949    2.93466213    2.26333102    2.39154869    2.19421916    2.25339095    1.99278264    2.68993997    2.15724205    2.09943357    2.19179917    1.70329592    1.28883638    1.42027653    1.46151258    1.47554963    1.19674675    1.40238055    0.00000000    1.08523962    1.76025628    2.06494567    2.21885307    1.73478397    1.80983979    1.75104682    1.94911300    2.08497961    2.12512455    2.03397968
Q21MZ9_SACD2/29-259     2.50680251    2.66361284    2.82791901    2.25847715    1.90518905    2.03463788    2.72195809    3.20806707    3.96967078    3.79584215    3.77355476    3.82284478    4.13613552    3.98517304    3.09071018    3.10343774    2.80062000    3.00488418    2.76997522    2.73210301    3.15401279    2.86005641    2.26165215    2.51420070    2.50705511    2.46910182    2.83106128    2.17398681    2.43122220    2.03133852    2.12795962    1.85801288    2.45997643    2.19068635    1.64626432    1.66862895    1.60694620    1.22657723    1.23356400    1.28797590    1.30874536    1.18538992    1.26645796    1.08523962    0.00000000    1.59396551    1.78002681    2.35145162    1.82594871    1.94959733    1.79153717    2.07239813    2.29769204    2.30009063    2.23115915
Q8P537_XANCP/47-265     2.70207514    2.46093295    2.68573639    2.53842819    2.54552447    3.02502699    3.51483184    3.99035027    3.28302642    3.40669757    3.32281957    3.31979301    3.46447905    3.38793361    3.26125497    3.06803540    3.00588788    2.99085946    2.83768026    2.94999541    3.59662138    3.04961174    2.06984727    3.12322403    2.78539796    2.81949284    3.26201602    1.91373544    2.37373771    2.48859794    2.51782827    2.26550089    2.56021359    1.96737993    1.95553125    1.95607983    1.90778307    1.64907980    1.82510119    1.82930137    2.00922612    1.64821022    2.19952298    1.76025628    1.59396551    0.00000000    0.39968307    2.27062982    1.96720202    2.14474308    2.05396782    1.93511832    2.30980078    2.20014304    2.09750283
Q9PCX6_XYLFA/64-282     3.07234368    2.56674936    3.15425923    2.78414326    2.89336928    3.42601822    3.36414861    4.03987828    3.47809303    3.45338308    3.38021936    3.44961124    3.67532685    3.63722152    3.23600392    3.36844100    3.15785599    3.47020188    3.10287846    3.46184309    3.60139672    3.09538596    2.36071332    3.36943695    3.03151771    3.69394549    3.54913325    2.04106856    2.60828605    2.56824875    2.54131767    2.23237285    2.94512072    2.32997068    2.10764158    2.14930105    2.12226072    1.96840964    2.10984545    2.07204736    2.26376077    1.99049156    2.42054300    2.06494567    1.78002681    0.39968307    0.00000000    2.42231993    2.06216707    2.14249770    2.04591392    2.34277908    2.46161899    2.34708184    2.20103228
Q5E663_ALIF1/37-249     3.18353079    2.55372628    3.02389401    2.77629317    2.63361491    3.46868243    2.97207406    3.90236679    3.73601744    3.97666011    3.39422546    3.39954725    3.50299151    3.38454780    3.00909550    3.70576094    3.49996317    3.34622409    3.64457038    3.38951832    3.23564280    3.07670737    2.58086566    3.13632261    3.47007570    3.47872244    3.58848780    2.44380855    2.57845642    2.56060651    2.69304796    2.29088872    3.29136161    2.63872653    2.23859849    2.38725573    2.47132117    2.10248641    2.24776777    2.24914465    2.40614121    2.11272704    2.56461857    2.21885307    2.35145162    2.27062982    2.42231993    0.00000000    2.18122816    2.03306820    2.11426083    2.39359395    2.65360597    2.69663370    2.76522579
A1SA61_SHEAM/37-247     2.89940637    2.39509308    3.42272086    2.60165667    2.46502550    2.88611740    3.35814049    3.44695805    4.50205069    5.00558893    4.22584364    4.00746246    4.19009361    4.61978092    3.18960124    2.85653943    3.05053404    3.01588854    3.45825698    2.96243539    3.86655973    2.90358123    2.31362315    2.27085306    3.06021207    3.36480969    3.74884526    2.24794617    2.45806466    2.45349372    2.33668936    2.25778780    2.51816125    2.30355797    2.00030713    2.14073232    2.10505579    1.56815335    1.73711663    1.74791051    1.67560497    1.79066244    2.05113095    1.73478397    1.82594871    1.96720202    2.06216707    2.18122816    0.00000000    0.58431762    0.49759148    1.96156547    1.88210522    2.06681657    1.90817591
Q12RX0_SHEDO/40-250     2.67393185    2.26197625    3.07451765    2.41777050    2.43482561    2.78088392    3.10004230    3.48409368    4.45125733    4.70531177    3.82234346    3.67357898    4.17322805    4.17661549    2.97895756    2.91606400    3.37311521    3.05807174    3.46415745    2.76728361    3.48628300    2.75075663    2.47131929    2.33394978    3.36233776    3.93812252    4.39670137    2.27383635    2.62358894    2.60534809    2.38719515    2.39154848    2.59338656    2.78552717    2.00152392    1.89189435    2.24367269    1.92035903    1.99848174    1.96211501    1.99642607    2.03770172    2.24009158    1.80983979    1.94959733    2.14474308    2.14249770    2.03306820    0.58431762    0.00000000    0.25496329    1.79689757    1.98077414    2.00530660    1.95887174
