45
F7ASV4_MONDO/104-164     0.00000000    0.51324840    0.75835556    0.85136807    0.67565606    0.59656557    0.76531296    0.90516138    0.90309510    0.92414995    0.89794668    1.11033337    1.85833494    1.85008151    1.71677608    2.18594875    2.06305496    1.64131009    1.62399003    1.80440280    1.88582209    1.65644303    1.92013013    1.98072665    1.97495692    1.80515278    1.91084581    1.66705167    1.76236919    1.70203027    1.58253784    1.17435363    1.09784484    0.91286869    1.18581746    1.28270265    1.22546654    1.38481936    1.14511681    0.87003384    0.67253468    0.82146216    0.87193016    0.68032355    0.67880496
D3Z9J1_RAT/85-142     0.51324840    0.00000000    0.52956347    0.77105232    0.54487624    0.54178803    0.69646421    0.76365657    0.72838103    0.93199515    0.83794309    1.08359394    1.81485555    1.80433584    1.70491026    2.04203136    2.00593232    1.93410843    1.80395186    1.59489590    1.80930741    1.55130945    1.78791687    1.95745561    1.86017979    1.62670960    1.77657684    1.73591716    1.62799900    1.55987667    1.51975802    1.22384929    1.33516472    1.08972592    1.20332580    1.13766869    1.15994133    1.32729053    1.15029005    0.92399215    0.66786609    0.59352017    0.68009052    0.60509755    0.53643239
F7G5A5_ORNAN/82-132     0.75835556    0.52956347    0.00000000    0.99618991    0.63042771    0.51254677    0.67390321    0.92562433    0.97696791    0.99452241    0.93028076    1.16221290    1.83432844    1.85333222    1.85234646    2.36204931    1.90088868    1.65640863    1.83676896    2.12858396    2.01913648    1.88874542    2.15573855    2.06403723    2.28012967    2.10164382    2.05660333    1.87833766    1.80175947    1.83225518    1.65631030    1.12546013    1.29542796    1.02763418    1.21704667    1.03929801    1.03864149    1.27649230    1.20736764    0.82096137    0.82823894    0.73868860    0.76968378    0.71539442    0.64754141
H3BCH0_LATCH/1-52     0.85136807    0.77105232    0.99618991    0.00000000    0.94653112    0.76607587    0.77467732    0.70138126    0.85202587    0.93180890    0.88510157    1.05898575    1.75763150    1.87972493    1.76131931    2.00918991    1.98462011    1.54846781    1.44463315    1.59293847    1.79038812    1.72990258    1.79770992    1.76985936    1.66281750    1.46222108    1.68989149    1.69271497    1.62709275    1.43714425    1.51879147    1.16808535    1.23381608    1.04841498    1.13582776    1.09083989    0.97402858    1.11810919    1.03419011    0.89053553    0.65162647    0.80644745    0.69296972    0.66458015    0.79402153
H3A7A4_LATCH/80-131     0.67565606    0.54487624    0.63042771    0.94653112    0.00000000    0.31507995    0.70013009    0.97266345    0.89574280    0.98760733    0.93210901    1.14007547    1.85207071    1.79859793    1.83666419    1.96530541    1.95808208    1.70633056    1.71484863    1.77785978    1.75618593    1.68564319    1.79292510    1.79784408    1.97321997    1.70909812    1.72270667    1.62794491    1.49458666    1.61980113    1.56079524    1.14653610    1.35507124    1.13252305    1.29134594    1.20904867    1.02244543    1.20016452    1.02605779    0.72295222    0.58223970    0.67670392    0.56722350    0.52007420    0.33668681
A9ULN0_XENTR/73-125     0.59656557    0.54178803    0.51254677    0.76607587    0.31507995    0.00000000    0.57459787    0.75630592    0.73734138    0.95549238    0.79946998    1.08362716    1.68704738    1.80938586    1.76928159    1.96209767    1.81034002    1.63803167    1.70814967    1.75917593    1.75674976    1.56922777    1.68626113    1.82854839    1.85561923    1.61941104    1.55505374    1.57922244    1.64318642    1.55048350    1.54659606    1.11574750    1.29349670    1.05664122    1.20371459    1.09728239    1.01510462    1.08433807    1.04732867    0.67270420    0.50583583    0.65381831    0.54304080    0.51796348    0.44872302
H9GAC9_ANOCA/58-113     0.76531296    0.69646421    0.67390321    0.77467732    0.70013009    0.57459787    0.00000000    0.81107098    0.86451728    0.84814384    0.80163041    1.04271055    1.96205962    1.97418560    1.80474817    2.24140187    2.11751927    2.17960184    1.91472440    1.66278422    1.60052975    1.38396800    1.86189770    1.76228156    1.69174441    1.50466309    1.51432755    1.49034651    1.59411764    1.57492901    1.58875556    1.02343233    1.18968923    1.07157977    1.14568695    1.00542836    1.10064344    1.10835079    1.03573673    0.68949072    0.76476391    0.81384709    0.77664576    0.66551720    0.63107702
H2LR27_ORYLA/65-116     0.90516138    0.76365657    0.92562433    0.70138126    0.97266345    0.75630592    0.81107098    0.00000000    0.23007545    0.50118064    0.51970116    0.73472561    1.66443816    2.01036182    1.70424783    1.64607328    2.04458206    1.72428964    1.58293971    1.76773618    1.71041602    1.55082719    1.82356042    1.74608005    1.84815310    1.54217550    1.61235257    1.75947020    1.74509418    1.63425532    1.73431305    1.01210069    1.23557381    0.96415052    1.24918144    1.06732268    1.03821954    1.26726718    1.21039748    0.82701641    0.79618338    0.97902429    0.72023632    0.88514661    0.73068606
H3DKZ4_TETNG/75-126     0.90309510    0.72838103    0.97696791    0.85202587    0.89574280    0.73734138    0.86451728    0.23007545    0.00000000    0.45291240    0.53465889    0.74003901    1.55079649    1.95335358    1.64272920    1.58266239    2.06424805    1.86681654    1.80015374    1.80679072    1.74146681    1.52009988    1.77257177    1.68397605    1.94293303    1.61487484    1.69169697    1.59253617    1.63917504    1.68339332    1.77373745    0.99042343    1.17257968    0.85550146    1.19956089    1.04006663    0.95870465    1.25746169    1.17857509    0.96800456    0.83639075    0.88602466    0.66882991    0.68122276    0.74588733
G3N588_GASAC/43-96     0.92414995    0.93199515    0.99452241    0.93180890    0.98760733    0.95549238    0.84814384    0.50118064    0.45291240    0.00000000    0.29840654    0.47456667    1.66184400    1.81498809    1.95666277    2.05771871    2.01681700    1.91964239    1.66214047    1.95872257    1.73878660    1.66886837    1.78856154    1.62963264    1.86703202    1.70105765    1.80860797    1.75966482    1.66174622    1.70571851    1.74518286    1.05152609    1.24785922    0.95361815    1.10359101    1.06330191    1.04321450    1.23061262    1.11162369    1.01885734    0.92887584    1.07264327    0.89000360    0.87618773    0.92279261
M3ZEE9_XIPMA/80-133     0.89794668    0.83794309    0.93028076    0.88510157    0.93210901    0.79946998    0.80163041    0.51970116    0.53465889    0.29840654    0.00000000    0.41875260    1.80760554    1.88107980    1.91736799    1.67417909    1.87538365    1.75933694    1.61259202    1.79005079    1.72814738    1.50739814    1.81632331    1.55072891    1.76207645    1.66960274    1.84050558    1.56581400    1.71254652    1.64861859    1.76401311    0.99630774    1.21714100    1.00718078    1.21200331    1.13752423    1.18717111    1.22727875    1.18871453    0.93861602    0.95763419    1.09056233    0.88422984    0.90191711    0.85687112
I3K7V2_ORENI/36-89     1.11033337    1.08359394    1.16221290    1.05898575    1.14007547    1.08362716    1.04271055    0.73472561    0.74003901    0.47456667    0.41875260    0.00000000    1.95004109    2.09125475    2.13443442    2.17726407    1.78000572    2.22379277    1.81489048    2.07069859    1.90735698    1.80409390    1.82081067    1.80016832    2.07181955    1.85221940    2.03442997    1.81089025    1.84605228    1.62081975    1.71468944    1.27423241    1.30684451    1.20258444    1.38067779    1.23015435    1.31974206    1.43462804    1.36945255    1.27849543    1.20515558    1.27504400    1.07500087    1.05979992    1.06525936
A7S287_NEMVE/1-48     1.85833494    1.81485555    1.83432844    1.75763150    1.85207071    1.68704738    1.96205962    1.66443816    1.55079649    1.66184400    1.80760554    1.95004109    0.00000000    0.91157540    1.14431716    1.99910268    1.98230496    1.93009959    1.73051653    1.63876088    1.90134798    1.36201171    1.50270546    1.58245035    1.76822226    1.60260264    1.82318537    1.31953381    1.59882585    1.44664205    1.59974778    1.52643494    1.83122594    1.64174486    1.55840134    1.72875869    1.47662772    1.47751930    1.51787539    1.66886193    1.67636618    1.72690630    1.46648939    1.66104588    1.69270571
E9H1K8_DAPPU/95-143     1.85008151    1.80433584    1.85333222    1.87972493    1.79859793    1.80938586    1.97418560    2.01036182    1.95335358    1.81498809    1.88107980    2.09125475    0.91157540    0.00000000    1.04880548    1.99064629    2.30939330    2.14750004    1.72365546    1.79257631    1.89270665    1.80735852    1.76991033    1.79988933    1.92807232    1.94654189    1.79505127    1.84496394    1.91127265    1.67589710    1.83779167    1.71975237    1.55804874    1.66112167    1.78735066    1.90979825    1.68894933    1.58982956    1.69631564    1.57140292    1.55872314    1.68754872    1.48467656    1.81398640    1.72316189
W5KFX9_ASTMX/61-109     1.71677608    1.70491026    1.85234646    1.76131931    1.83666419    1.76928159    1.80474817    1.70424783    1.64272920    1.95666277    1.91736799    2.13443442    1.14431716    1.04880548    0.00000000    1.99798670    2.07428637    1.87529149    2.06204496    1.90714946    1.94758391    1.81083543    1.99382964    1.90307682    2.15180652    1.81565193    1.89894491    1.98857720    1.98628355    1.92631886    1.91020142    1.95119427    1.96627925    1.86990851    1.88635297    2.00831149    1.98228903    1.74714515    1.88307988    1.71344474    1.69153252    1.65784708    1.67634493    1.62732192    1.74678490
F0ZWA6_DICPU/144-197     2.18594875    2.04203136    2.36204931    2.00918991    1.96530541    1.96209767    2.24140187    1.64607328    1.58266239    2.05771871    1.67417909    2.17726407    1.99910268    1.99064629    1.99798670    0.00000000    2.05401838    1.97179268    1.58743311    1.65122341    1.65928215    1.72918426    1.84378193    1.65621959    1.69106063    1.85506701    2.38788475    1.72779455    1.93510162    1.66433367    1.65377055    1.67135297    2.28670975    1.92540299    2.27303290    1.97356259    1.82950949    1.84585029    2.02753310    1.95368156    1.68392135    1.48053398    1.47764113    1.97318229    2.04781789
Q54KK1_DICDI/152-202     2.06305496    2.00593232    1.90088868    1.98462011    1.95808208    1.81034002    2.11751927    2.04458206    2.06424805    2.01681700    1.87538365    1.78000572    1.98230496    2.30939330    2.07428637    2.05401838    0.00000000    1.54665267    1.56180353    1.75851877    1.91811285    1.50496226    1.77199688    1.71779814    2.10486483    1.84549503    2.24056023    1.81038110    2.03179537    1.76979753    1.88028657    1.95438702    1.85984088    1.75330547    1.61263379    1.97725042    2.01089925    2.31830296    1.90768809    1.69558064    2.00469158    1.79419961    2.02168575    1.96248783    2.04769687
F1A5Q3_DICPU/121-176     1.64131009    1.93410843    1.65640863    1.54846781    1.70633056    1.63803167    2.17960184    1.72428964    1.86681654    1.91964239    1.75933694    2.22379277    1.93009959    2.14750004    1.87529149    1.97179268    1.54665267    0.00000000    1.26877303    1.96646069    1.58187068    1.68536091    1.81462791    1.64351110    1.77954110    1.79037726    1.72965705    2.11663403    2.11661373    2.05599881    1.96174833    1.93034334    1.91504884    1.53643543    1.64338801    2.04408999    1.60066336    1.59505584    1.92988573    1.51774223    1.63841482    1.65543603    1.68762874    1.63035325    1.82727504
F0ZLG6_DICPU/121-176     1.62399003    1.80395186    1.83676896    1.44463315    1.71484863    1.70814967    1.91472440    1.58293971    1.80015374    1.66214047    1.61259202    1.81489048    1.73051653    1.72365546    2.06204496    1.58743311    1.56180353    1.26877303    0.00000000    1.74078150    1.74180407    1.60093874    1.47776094    1.41455448    1.90653886    1.68755144    1.60030651    1.78114996    1.89081895    1.46278166    1.52752394    1.74599352    1.73182924    1.63958202    1.58545910    1.89599647    1.64984700    1.29372984    1.60403918    1.72788637    1.62070225    1.33504936    1.34368509    1.60871761    1.55229764
W5M968_LEPOC/135-185     1.80440280    1.59489590    2.12858396    1.59293847    1.77785978    1.75917593    1.66278422    1.76773618    1.80679072    1.95872257    1.79005079    2.07069859    1.63876088    1.79257631    1.90714946    1.65122341    1.75851877    1.96646069    1.74078150    0.00000000    0.60819389    0.47777452    0.64485984    0.84170645    0.59980414    0.62609607    1.07118079    0.63519322    0.79471464    0.72847090    0.74653076    1.59139372    1.84156814    1.78602834    1.63884571    1.87564982    1.72652637    1.67898779    1.71137162    1.65998928    1.55414592    1.44376326    1.64443612    1.75096321    1.68177600
A2CEU2_DANRE/136-186     1.88582209    1.80930741    2.01913648    1.79038812    1.75618593    1.75674976    1.60052975    1.71041602    1.74146681    1.73878660    1.72814738    1.90735698    1.90134798    1.89270665    1.94758391    1.65928215    1.91811285    1.58187068    1.74180407    0.60819389    0.00000000    0.63967615    0.77021977    0.73522388    0.50400786    0.68356340    1.00547264    0.71927802    0.89734092    0.88026341    0.83184354    1.43237298    1.86208679    1.70959275    1.59527460    1.73144701    1.45828544    1.72099474    1.63593983    1.75177820    1.57969332    1.44261733    1.69332479    1.64841084    1.73647637
A0A0R4IQS3_DANRE/134-184     1.65644303    1.55130945    1.88874542    1.72990258    1.68564319    1.56922777    1.38396800    1.55082719    1.52009988    1.66886837    1.50739814    1.80409390    1.36201171    1.80735852    1.81083543    1.72918426    1.50496226    1.68536091    1.60093874    0.47777452    0.63967615    0.00000000    0.49629626    0.50765680    0.52300356    0.64999589    1.13132460    0.62125204    0.84927972    0.81766217    0.81123958    1.36276015    1.65970505    1.50780572    1.52835328    1.50460902    1.42045837    1.70458503    1.50336513    1.51682940    1.64407301    1.41487383    1.56349780    1.64173811    1.47802494
M3ZLQ7_XIPMA/116-166     1.92013013    1.78791687    2.15573855    1.79770992    1.79292510    1.68626113    1.86189770    1.82356042    1.77257177    1.78856154    1.81632331    1.82081067    1.50270546    1.76991033    1.99382964    1.84378193    1.77199688    1.81462791    1.47776094    0.64485984    0.77021977    0.49629626    0.00000000    0.41685633    0.66606088    0.75793058    1.11224730    0.82459457    1.10480642    0.90315626    0.92769473    1.55524470    1.93078214    1.79034961    1.60701695    1.94344205    1.57761202    1.76966940    1.64823035    1.91798760    1.81019494    1.64861657    1.75331225    1.86923700    1.63680961
G3PT21_GASAC/124-174     1.98072665    1.95745561    2.06403723    1.76985936    1.79784408    1.82854839    1.76228156    1.74608005    1.68397605    1.62963264    1.55072891    1.80016832    1.58245035    1.79988933    1.90307682    1.65621959    1.71779814    1.64351110    1.41455448    0.84170645    0.73522388    0.50765680    0.41685633    0.00000000    0.78832525    0.62824190    1.20089687    0.88162205    1.04445098    1.01256103    0.96526194    1.36629741    1.74557652    1.69244466    1.65580192    1.76374791    1.35268522    1.50242366    1.50996264    1.70681330    1.86813928    1.70256342    1.66162909    1.87874324    1.60051187
M4AM76_XIPMA/123-173     1.97495692    1.86017979    2.28012967    1.66281750    1.97321997    1.85561923    1.69174441    1.84815310    1.94293303    1.86703202    1.76207645    2.07181955    1.76822226    1.92807232    2.15180652    1.69106063    2.10486483    1.77954110    1.90653886    0.59980414    0.50400786    0.52300356    0.66606088    0.78832525    0.00000000    0.75549494    1.23605160    0.92103930    1.08372750    0.95188071    0.85512028    1.51056096    1.76965261    1.81732266    1.73641971    1.70666777    1.55344799    1.95478767    1.61159645    1.80076184    1.63501679    1.58358363    1.88188448    1.81819571    1.77438228
H3ASD8_LATCH/151-201     1.80515278    1.62670960    2.10164382    1.46222108    1.70909812    1.61941104    1.50466309    1.54217550    1.61487484    1.70105765    1.66960274    1.85221940    1.60260264    1.94654189    1.81565193    1.85506701    1.84549503    1.79037726    1.68755144    0.62609607    0.68356340    0.64999589    0.75793058    0.62824190    0.75549494    0.00000000    0.88476607    0.70452583    0.83127792    0.78022681    0.77784348    1.50362305    1.78013164    1.65826642    1.59800042    1.78585630    1.71025109    1.83640462    1.55807099    1.52139034    1.58462157    1.55696517    1.55997828    1.60566305    1.42125322
H3AP48_LATCH/129-179     1.91084581    1.77657684    2.05660333    1.68989149    1.72270667    1.55505374    1.51432755    1.61235257    1.69169697    1.80860797    1.84050558    2.03442997    1.82318537    1.79505127    1.89894491    2.38788475    2.24056023    1.72965705    1.60030651    1.07118079    1.00547264    1.13132460    1.11224730    1.20089687    1.23605160    0.88476607    0.00000000    1.04495893    1.19033960    1.01210242    1.01811249    1.81134954    2.15839247    1.89789968    1.86969045    2.08383830    1.81136518    1.53509438    1.93641311    1.88545898    1.66372134    1.27664619    1.38876085    1.92598427    1.50122315
G1N234_MELGA/80-130     1.66705167    1.73591716    1.87833766    1.69271497    1.62794491    1.57922244    1.49034651    1.75947020    1.59253617    1.75966482    1.56581400    1.81089025    1.31953381    1.84496394    1.98857720    1.72779455    1.81038110    2.11663403    1.78114996    0.63519322    0.71927802    0.62125204    0.82459457    0.88162205    0.92103930    0.70452583    1.04495893    0.00000000    0.34335634    0.31293300    0.49585224    1.49927300    1.83181255    1.62019662    1.72156321    1.62591865    1.62063676    1.66973758    1.59359610    1.56886564    1.61118345    1.28458917    1.43160975    1.74959919    1.46806764
H9G9Q3_ANOCA/146-196     1.76236919    1.62799900    1.80175947    1.62709275    1.49458666    1.64318642    1.59411764    1.74509418    1.63917504    1.66174622    1.71254652    1.84605228    1.59882585    1.91127265    1.98628355    1.93510162    2.03179537    2.11661373    1.89081895    0.79471464    0.89734092    0.84927972    1.10480642    1.04445098    1.08372750    0.83127792    1.19033960    0.34335634    0.00000000    0.55094806    0.74953692    1.51654938    1.85847310    1.64541313    1.67258229    1.66696058    1.56979172    1.58095563    1.64179856    1.74454812    1.64892067    1.37147206    1.48507341    1.66119610    1.46160596
F7CD41_MONDO/158-208     1.70203027    1.55987667    1.83225518    1.43714425    1.61980113    1.55048350    1.57492901    1.63425532    1.68339332    1.70571851    1.64861859    1.62081975    1.44664205    1.67589710    1.92631886    1.66433367    1.76979753    2.05599881    1.46278166    0.72847090    0.88026341    0.81766217    0.90315626    1.01256103    0.95188071    0.78022681    1.01210242    0.31293300    0.55094806    0.00000000    0.30338840    1.40817160    1.65676010    1.57727824    1.53904424    1.58805966    1.53284198    1.60659236    1.27725810    1.53263703    1.58979727    1.34548423    1.50812987    1.59949739    1.46168136
E9PHY3_HUMAN/118-168     1.58253784    1.51975802    1.65631030    1.51879147    1.56079524    1.54659606    1.58875556    1.73431305    1.77373745    1.74518286    1.76401311    1.71468944    1.59974778    1.83779167    1.91020142    1.65377055    1.88028657    1.96174833    1.52752394    0.74653076    0.83184354    0.81123958    0.92769473    0.96526194    0.85512028    0.77784348    1.01811249    0.49585224    0.74953692    0.30338840    0.00000000    1.29051556    1.55347316    1.60690071    1.54472697    1.50679638    1.44732319    1.60689373    1.37308622    1.45979952    1.35940784    1.21347082    1.53203698    1.65538756    1.50246990
H0XES6_OTOGA/37-88     1.17435363    1.22384929    1.12546013    1.16808535    1.14653610    1.11574750    1.02343233    1.01210069    0.99042343    1.05152609    0.99630774    1.27423241    1.52643494    1.71975237    1.95119427    1.67135297    1.95438702    1.93034334    1.74599352    1.59139372    1.43237298    1.36276015    1.55524470    1.36629741    1.51056096    1.50362305    1.81134954    1.49927300    1.51654938    1.40817160    1.29051556    0.00000000    0.42384113    0.42653889    0.59447417    0.51652417    0.46863342    0.88226659    0.42388004    0.84829975    1.15420458    0.90631958    0.96488270    1.03821636    1.04928670
E1BHY5_BOVIN/40-91     1.09784484    1.33516472    1.29542796    1.23381608    1.35507124    1.29349670    1.18968923    1.23557381    1.17257968    1.24785922    1.21714100    1.30684451    1.83122594    1.55804874    1.96627925    2.28670975    1.85984088    1.91504884    1.73182924    1.84156814    1.86208679    1.65970505    1.93078214    1.74557652    1.76965261    1.78013164    2.15839247    1.83181255    1.85847310    1.65676010    1.55347316    0.42384113    0.00000000    0.41915901    0.46695629    0.53180448    0.62998776    1.11007762    0.51759605    0.98173309    1.29680527    1.10207066    1.19295844    1.12847066    1.20798591
D4ADQ6_RAT/40-91     0.91286869    1.08972592    1.02763418    1.04841498    1.13252305    1.05664122    1.07157977    0.96415052    0.85550146    0.95361815    1.00718078    1.20258444    1.64174486    1.66112167    1.86990851    1.92540299    1.75330547    1.53643543    1.63958202    1.78602834    1.70959275    1.50780572    1.79034961    1.69244466    1.81732266    1.65826642    1.89789968    1.62019662    1.64541313    1.57727824    1.60690071    0.42653889    0.41915901    0.00000000    0.45289532    0.39273681    0.51970175    1.07856362    0.52460435    0.88554321    1.16491195    0.85223242    0.93492178    1.00346933    1.08097088
W5NZH5_SHEEP/39-90     1.18581746    1.20332580    1.21704667    1.13582776    1.29134594    1.20371459    1.14568695    1.24918144    1.19956089    1.10359101    1.21200331    1.38067779    1.55840134    1.78735066    1.88635297    2.27303290    1.61263379    1.64338801    1.58545910    1.63884571    1.59527460    1.52835328    1.60701695    1.65580192    1.73641971    1.59800042    1.86969045    1.72156321    1.67258229    1.53904424    1.54472697    0.59447417    0.46695629    0.45289532    0.00000000    0.75624196    0.61693391    1.00499599    0.59181988    0.98178883    1.10683655    1.04753081    1.11092334    1.07615827    1.23850691
F7CGZ1_ORNAN/40-91     1.28270265    1.13766869    1.03929801    1.09083989    1.20904867    1.09728239    1.00542836    1.06732268    1.04006663    1.06330191    1.13752423    1.23015435    1.72875869    1.90979825    2.00831149    1.97356259    1.97725042    2.04408999    1.89599647    1.87564982    1.73144701    1.50460902    1.94344205    1.76374791    1.70666777    1.78585630    2.08383830    1.62591865    1.66696058    1.58805966    1.50679638    0.51652417    0.53180448    0.39273681    0.75624196    0.00000000    0.51174940    1.00053767    0.32860998    0.93795040    1.22939362    0.83842583    0.90812557    1.11873941    1.09727257
H3B3D7_LATCH/40-91     1.22546654    1.15994133    1.03864149    0.97402858    1.02244543    1.01510462    1.10064344    1.03821954    0.95870465    1.04321450    1.18717111    1.31974206    1.47662772    1.68894933    1.98228903    1.82950949    2.01089925    1.60066336    1.64984700    1.72652637    1.45828544    1.42045837    1.57761202    1.35268522    1.55344799    1.71025109    1.81136518    1.62063676    1.56979172    1.53284198    1.44732319    0.46863342    0.62998776    0.51970175    0.61693391    0.51174940    0.00000000    0.74211248    0.53480912    1.09398641    1.06018728    0.76704534    0.80861156    0.95190575    1.03778780
W5NF25_LEPOC/16-67     1.38481936    1.32729053    1.27649230    1.11810919    1.20016452    1.08433807    1.10835079    1.26726718    1.25746169    1.23061262    1.22727875    1.43462804    1.47751930    1.58982956    1.74714515    1.84585029    2.31830296    1.59505584    1.29372984    1.67898779    1.72099474    1.70458503    1.76966940    1.50242366    1.95478767    1.83640462    1.53509438    1.66973758    1.58095563    1.60659236    1.60689373    0.88226659    1.11007762    1.07856362    1.00499599    1.00053767    0.74211248    0.00000000    0.85904473    0.98421817    1.07808158    0.82776995    0.74364239    1.17024856    1.20006835
F6SUK3_MONDO/41-92     1.14511681    1.15029005    1.20736764    1.03419011    1.02605779    1.04732867    1.03573673    1.21039748    1.17857509    1.11162369    1.18871453    1.36945255    1.51787539    1.69631564    1.88307988    2.02753310    1.90768809    1.92988573    1.60403918    1.71137162    1.63593983    1.50336513    1.64823035    1.50996264    1.61159645    1.55807099    1.93641311    1.59359610    1.64179856    1.27725810    1.37308622    0.42388004    0.51759605    0.52460435    0.59181988    0.32860998    0.53480912    0.85904473    0.00000000    0.83621712    1.05025564    0.81629022    0.88521226    0.89275244    0.93987795
C3XQC6_BRAFL/61-111     0.87003384    0.92399215    0.82096137    0.89053553    0.72295222    0.67270420    0.68949072    0.82701641    0.96800456    1.01885734    0.93861602    1.27849543    1.66886193    1.57140292    1.71344474    1.95368156    1.69558064    1.51774223    1.72788637    1.65998928    1.75177820    1.51682940    1.91798760    1.70681330    1.80076184    1.52139034    1.88545898    1.56886564    1.74454812    1.53263703    1.45979952    0.84829975    0.98173309    0.88554321    0.98178883    0.93795040    1.09398641    0.98421817    0.83621712    0.00000000    0.67566855    0.91668541    0.79124280    0.84352558    0.70978663
I3IV23_ORENI/76-124     0.67253468    0.66786609    0.82823894    0.65162647    0.58223970    0.50583583    0.76476391    0.79618338    0.83639075    0.92887584    0.95763419    1.20515558    1.67636618    1.55872314    1.69153252    1.68392135    2.00469158    1.63841482    1.62070225    1.55414592    1.57969332    1.64407301    1.81019494    1.86813928    1.63501679    1.58462157    1.66372134    1.61118345    1.64892067    1.58979727    1.35940784    1.15420458    1.29680527    1.16491195    1.10683655    1.22939362    1.06018728    1.07808158    1.05025564    0.67566855    0.00000000    0.53931261    0.43750155    0.42438873    0.54827284
W5K3U1_ASTMX/75-123     0.82146216    0.59352017    0.73868860    0.80644745    0.67670392    0.65381831    0.81384709    0.97902429    0.88602466    1.07264327    1.09056233    1.27504400    1.72690630    1.68754872    1.65784708    1.48053398    1.79419961    1.65543603    1.33504936    1.44376326    1.44261733    1.41487383    1.64861657    1.70256342    1.58358363    1.55696517    1.27664619    1.28458917    1.37147206    1.34548423    1.21347082    0.90631958    1.10207066    0.85223242    1.04753081    0.83842583    0.76704534    0.82776995    0.81629022    0.91668541    0.53931261    0.00000000    0.38514267    0.75238820    0.69327434
F1RBK0_DANRE/76-124     0.87193016    0.68009052    0.76968378    0.69296972    0.56722350    0.54304080    0.77664576    0.72023632    0.66882991    0.89000360    0.88422984    1.07500087    1.46648939    1.48467656    1.67634493    1.47764113    2.02168575    1.68762874    1.34368509    1.64443612    1.69332479    1.56349780    1.75331225    1.66162909    1.88188448    1.55997828    1.38876085    1.43160975    1.48507341    1.50812987    1.53203698    0.96488270    1.19295844    0.93492178    1.11092334    0.90812557    0.80861156    0.74364239    0.88521226    0.79124280    0.43750155    0.38514267    0.00000000    0.61241422    0.50652389
Q9PWH3_DANRE/67-115     0.68032355    0.60509755    0.71539442    0.66458015    0.52007420    0.51796348    0.66551720    0.88514661    0.68122276    0.87618773    0.90191711    1.05979992    1.66104588    1.81398640    1.62732192    1.97318229    1.96248783    1.63035325    1.60871761    1.75096321    1.64841084    1.64173811    1.86923700    1.87874324    1.81819571    1.60566305    1.92598427    1.74959919    1.66119610    1.59949739    1.65538756    1.03821636    1.12847066    1.00346933    1.07615827    1.11873941    0.95190575    1.17024856    0.89275244    0.84352558    0.42438873    0.75238820    0.61241422    0.00000000    0.37195499
W5MH02_LEPOC/74-122     0.67880496    0.53643239    0.64754141    0.79402153    0.33668681    0.44872302    0.63107702    0.73068606    0.74588733    0.92279261    0.85687112    1.06525936    1.69270571    1.72316189    1.74678490    2.04781789    2.04769687    1.82727504    1.55229764    1.68177600    1.73647637    1.47802494    1.63680961    1.60051187    1.77438228    1.42125322    1.50122315    1.46806764    1.46160596    1.46168136    1.50246990    1.04928670    1.20798591    1.08097088    1.23850691    1.09727257    1.03778780    1.20006835    0.93987795    0.70978663    0.54827284    0.69327434    0.50652389    0.37195499    0.00000000

