39
D7DTB2_METV3/2-28     0.00000000    0.68928842    0.83960143    0.71126384    0.68198359    0.97221678    0.87519710    0.61794497    0.75187790    0.81621385    0.89002426    0.77415293    0.83921948    1.19846379    1.41470878    1.38707800    1.20621428    1.18269713    2.18656453    2.35191528    2.35886419    1.20965623    1.71243985    1.91719250    1.21479111    1.99613781    2.13164393    2.21998143    1.18550902    1.28751694    1.49200432    1.32418255    1.56359314    1.83652574    1.72223920    1.13807007    1.27045310    1.32941491    1.25681681
Y903_METMP/10-36     0.68928842    0.00000000    0.98263321    0.65010984    0.71461659    0.63745951    0.68279226    1.13096278    0.98505726    1.00459525    1.15039460    1.21952256    1.24797257    1.37824821    1.34019023    1.45420788    2.23878647    2.22346518    2.53559439    3.35791053    1.73560913    1.88883934    2.01960034    2.38520643    1.46181655    2.15420204    2.37231413    1.82289436    1.10019877    1.41486690    1.11511032    1.33126144    2.60560857    1.66888689    1.83548025    1.30609271    1.39186080    1.64733307    0.86220033
G4RK47_THETK/2-27     0.83960143    0.98263321    0.00000000    0.70991225    0.86410654    1.10767836    1.09863457    0.90618714    0.91980285    1.14248592    1.06822742    1.26206559    1.49504910    1.53435018    1.74408039    2.01234736    1.60883750    1.76097137    1.57945767    1.94290431    2.46512833    1.93134958    2.15166527    2.41831944    1.17500455    2.04118053    1.93769616    2.40249249    1.47021428    1.93471568    1.57831258    1.67617468    1.90913992    1.63142119    1.52396246    1.51244498    1.25864948    1.55205381    1.08603716
D7DUX9_METV3/7-33     0.71126384    0.65010984    0.70991225    0.00000000    0.26897330    0.36235452    1.17467280    0.71926992    0.80775808    1.00438806    0.84321823    1.39561670    1.40193713    1.44011037    1.41353237    1.70995939    1.89981498    1.81929987    1.53924880    2.35270052    1.51917067    1.52670673    1.23203177    1.36510273    1.30451733    2.50655180    3.17112546    2.93722385    1.55064391    1.79799523    1.51083912    1.48912046    2.32450878    2.11822356    1.91370696    1.57729813    1.56439916    1.67810402    1.06090191
A6UUR0_META3/10-36     0.68198359    0.71461659    0.86410654    0.26897330    0.00000000    0.26822904    1.02204457    0.68882647    0.80342961    0.91567913    0.96411239    1.41040881    1.23114924    1.43083572    1.35651858    1.54379330    1.59653706    1.52703376    1.19858314    1.72417449    1.38438190    1.52246816    1.16712307    1.41629753    1.32794358    2.19705428    2.42094898    2.29835587    1.18703090    1.32143442    1.26341434    1.25945837    2.32368384    2.21349838    1.80724553    1.10347199    1.56421913    1.48247156    0.88702995
Y431_METJA/13-39     0.97221678    0.63745951    1.10767836    0.36235452    0.26822904    0.00000000    0.83094205    1.04392510    1.04666165    1.08962038    1.11811504    1.64216947    1.28432312    1.55334574    1.30070259    1.37123089    1.85046472    1.82815598    1.29772396    1.86232826    1.44913210    1.54755623    1.29665688    1.50856201    1.33857293    1.92590137    2.43541278    1.91171856    1.18901750    1.24319368    1.34367819    1.25351136    3.40463383    2.53272078    1.57516977    1.27559917    1.39673356    1.89656759    0.77892844
Y1283_METMP/11-37     0.87519710    0.68279226    1.09863457    1.17467280    1.02204457    0.83094205    0.00000000    0.57065054    1.20321147    0.66884226    0.86366345    1.07447743    1.12759425    1.28606941    0.98040343    2.19228165    1.95744289    2.22122342    1.99626373    2.20247871    2.71671717    2.30007923    2.43076383    2.26806763    1.84201695    1.84727014    2.31731287    2.35878645    0.90868068    0.87280453    1.18938081    1.14335782    1.90171575    1.76930834    1.22349322    0.92189633    1.18941515    1.15924804    0.63278163
D7DRP4_METV3/15-41     0.61794497    1.13096278    0.90618714    0.71926992    0.68882647    1.04392510    0.57065054    0.00000000    0.52891437    0.43724761    0.56546430    1.30480886    0.91327349    1.55695511    1.18981294    2.54537336    1.22468343    1.50604119    1.63666739    1.71298949    2.16651248    1.41152097    1.68958144    1.64959639    1.89699232    2.16495848    2.41848606    2.81997381    0.85266262    0.91143253    1.37621614    1.25690914    1.89972465    2.04309544    1.56005666    1.14050586    1.28261686    1.25636625    0.61679355
Y1469_METJA/9-35     0.75187790    0.98505726    0.91980285    0.80775808    0.80342961    1.04666165    1.20321147    0.52891437    0.00000000    0.63938456    0.76860662    1.47581662    0.94920848    1.34063899    1.29231373    1.82842736    1.54647607    1.76686855    2.24382644    2.14978381    2.59744985    1.08132301    1.76116782    2.17055424    1.75557498    2.11975216    2.52103101    3.28341339    1.29645477    1.14359339    1.40590132    1.56915448    2.12804285    2.24270487    1.68791903    1.49031864    1.15374874    1.51525067    0.75966746
A6UV75_META3/8-34     0.81621385    1.00459525    1.14248592    1.00438806    0.91567913    1.08962038    0.66884226    0.43724761    0.63938456    0.00000000    0.61879313    1.12016967    1.09129453    1.66003174    1.33495888    2.63514200    1.52293983    1.93674814    2.09206181    1.80927502    2.48557220    2.04369696    3.00750488    3.23577495    2.12521857    2.17229268    3.15641560    2.69707340    1.09756909    1.06950329    1.39597489    1.44777571    2.13398812    2.03053210    1.60952767    1.08628174    1.01301178    1.06774848    0.64949793
A6UTI9_META3/7-33     0.89002426    1.15039460    1.06822742    0.84321823    0.96411239    1.11811504    0.86366345    0.56546430    0.76860662    0.61879313    0.00000000    0.92503640    0.94164101    1.72366894    1.42866360    2.80498616    1.54923180    1.84126787    2.47937922    2.46473119    2.47904339    1.84523186    2.74968725    2.66739573    2.13357163    2.49952348    4.28890261    2.92956128    1.33948240    1.18637454    1.80624408    1.30367447    2.02507154    2.03622546    1.20642103    0.83568319    1.05710643    1.42506924    0.84556487
D7DTA6_METV3/2-28     0.77415293    1.21952256    1.26206559    1.39561670    1.41040881    1.64216947    1.07447743    1.30480886    1.47581662    1.12016967    0.92503640    0.00000000    0.97063841    1.14006909    1.24973692    1.89596934    1.77089128    2.10907317    2.40129680    2.52507992    3.40013210    1.79908956    2.23200766    1.88842179    2.12526551    1.60790868    2.13468355    2.16934175    1.37106183    1.47667774    1.35959617    1.28800672    1.75656832    1.57767711    1.77801949    0.95867835    1.34471927    1.34396381    1.02861758
D7DTB5_METV3/12-38     0.83921948    1.24797257    1.49504910    1.40193713    1.23114924    1.28432312    1.12759425    0.91327349    0.94920848    1.09129453    0.94164101    0.97063841    0.00000000    1.52491997    1.54191533    1.75430907    1.62509472    1.73586121    2.58566945    2.22374435    2.32897921    1.67112319    2.53482552    2.29042018    1.82592239    1.92556690    2.50568221    2.00656252    1.23524618    1.33850865    1.51436364    1.17944758    1.67656822    1.51457010    1.56337118    0.96040563    1.24022162    1.14212549    0.76621571
Q6M0N4_METMP/2-27     1.19846379    1.37824821    1.53435018    1.44011037    1.43083572    1.55334574    1.28606941    1.55695511    1.34063899    1.66003174    1.72366894    1.14006909    1.52491997    0.00000000    0.37824644    0.94626195    1.51287343    1.49741328    1.45348712    1.99324393    2.35772463    1.11986849    1.58437726    1.74859995    1.20382219    0.97789871    1.38867247    1.30267785    0.99295995    0.94726170    1.34181583    1.23870215    1.44772201    1.26464754    0.96558994    1.12554215    0.94045305    1.19377802    1.33538222
A6UWN6_META3/2-28     1.41470878    1.34019023    1.74408039    1.41353237    1.35651858    1.30070259    0.98040343    1.18981294    1.29231373    1.33495888    1.42866360    1.24973692    1.54191533    0.37824644    0.00000000    1.31092809    1.65843523    1.52337230    1.57601368    2.14483049    2.33132260    1.68000619    1.81967424    2.17831865    1.67415720    1.41303927    1.38418247    1.14632511    0.57538021    0.70427226    1.14400009    1.01829369    1.84059979    1.63507508    1.05089884    1.32544705    1.37432837    1.72915742    1.04617227
Q2NF71_METST/8-33     1.38707800    1.45420788    2.01234736    1.70995939    1.54379330    1.37123089    2.19228165    2.54537336    1.82842736    2.63514200    2.80498616    1.89596934    1.75430907    0.94626195    1.31092809    0.00000000    1.11835291    1.31786011    1.49873873    2.00890413    1.48548156    0.71917376    1.09653599    1.32857684    0.78294063    1.28869173    1.94220690    1.81819578    1.12256821    1.42810329    1.83889268    1.99170121    3.04005542    2.42928249    1.82154056    1.94020582    1.20378952    1.44972728    2.10899154
Q8U3J4_PYRFU/2-28     1.20621428    2.23878647    1.60883750    1.89981498    1.59653706    1.85046472    1.95744289    1.22468343    1.54647607    1.52293983    1.54923180    1.77089128    1.62509472    1.51287343    1.65843523    1.11835291    0.00000000    0.37941899    0.81477629    0.71095008    1.24320693    1.34806405    1.26962506    1.38910587    1.19077896    1.29141064    1.97171263    1.96966081    1.26951062    1.44773315    1.70795852    1.54278787    1.71359674    1.43532315    2.05782397    1.36672749    1.62649092    2.18282233    1.78830104
Q5JEF5_THEKO/3-28     1.18269713    2.22346518    1.76097137    1.81929987    1.52703376    1.82815598    2.22122342    1.50604119    1.76686855    1.93674814    1.84126787    2.10907317    1.73586121    1.49741328    1.52337230    1.31786011    0.37941899    0.00000000    0.47338260    0.38696669    1.12870115    1.20884675    1.02669467    1.27934242    0.98115155    1.72493735    1.58880747    1.55771989    1.38670512    1.34332936    1.83451770    1.61136755    1.81886144    1.62972720    2.05807084    1.81473512    2.22938999    2.13030430    2.30770290
Q5JGK0_THEKO/7-33     2.18656453    2.53559439    1.57945767    1.53924880    1.19858314    1.29772396    1.99626373    1.63666739    2.24382644    2.09206181    2.47937922    2.40129680    2.58566945    1.45348712    1.57601368    1.49873873    0.81477629    0.47338260    0.00000000    0.50249964    1.33161393    1.31478818    0.76507353    1.07464714    1.31886070    1.53102422    1.61558167    1.42991263    1.31711913    1.60147681    1.80276262    1.95170560    2.22188923    1.78281065    1.73830543    1.60303726    1.84636317    1.66833599    1.83333992
Q5JH29_THEKO/2-28     2.35191528    3.35791053    1.94290431    2.35270052    1.72417449    1.86232826    2.20247871    1.71298949    2.14978381    1.80927502    2.46473119    2.52507992    2.22374435    1.99324393    2.14483049    2.00890413    0.71095008    0.38696669    0.50249964    0.00000000    1.85839116    1.82177748    1.39352189    1.64532805    1.72737019    1.40574718    1.43116120    1.53744974    1.54909286    1.38933663    1.41509710    1.93150596    1.78555946    1.89868515    2.26399829    1.71438048    2.58887461    1.98091122    1.85697322
Q7UHQ3_RHOBA/8-34     2.35886419    1.73560913    2.46512833    1.51917067    1.38438190    1.44913210    2.71671717    2.16651248    2.59744985    2.48557220    2.47904339    3.40013210    2.32897921    2.35772463    2.33132260    1.48548156    1.24320693    1.12870115    1.33161393    1.85839116    0.00000000    1.30279630    1.11531139    1.29749853    1.13515837    2.17234060    2.85468745    2.13051377    1.61271697    1.67318137    1.48741536    1.37033120    4.01147941    2.02019479    2.03333292    2.34239519    2.67067334    4.00384544    2.20002711
D3E1W1_METRM/18-43     1.20965623    1.88883934    1.93134958    1.52670673    1.52246816    1.54755623    2.30007923    1.41152097    1.08132301    2.04369696    1.84523186    1.79908956    1.67112319    1.11986849    1.68000619    0.71917376    1.34806405    1.20884675    1.31478818    1.82177748    1.30279630    0.00000000    0.66267972    0.74154332    0.85954280    2.11188037    2.20952423    2.60082433    1.97255022    1.88819585    2.20585324    1.81911847    3.00772312    2.34209987    1.41305243    2.20686117    1.74108739    2.90697011    1.98579322
E3GXY6_METFV/9-34     1.71243985    2.01960034    2.15166527    1.23203177    1.16712307    1.29665688    2.43076383    1.68958144    1.76116782    3.00750488    2.74968725    2.23200766    2.53482552    1.58437726    1.81967424    1.09653599    1.26962506    1.02669467    0.76507353    1.39352189    1.11531139    0.66267972    0.00000000    0.27870445    0.81547056    2.15972462    2.63867218    2.68394954    1.69922036    2.30432233    2.17293753    2.15582326    2.50156453    2.26046215    1.99654811    2.87655882    2.33807974    2.73800057    2.18125697
E3GXY5_METFV/9-34     1.91719250    2.38520643    2.41831944    1.36510273    1.41629753    1.50856201    2.26806763    1.64959639    2.17055424    3.23577495    2.66739573    1.88842179    2.29042018    1.74859995    2.17831865    1.32857684    1.38910587    1.27934242    1.07464714    1.64532805    1.29749853    0.74154332    0.27870445    0.00000000    1.01624257    2.37177107    3.08771952    3.20986891    2.11793558    2.59542235    2.58579072    2.30129282    2.32031661    2.57655001    2.01933279    2.46826116    2.66164505    3.44419108    2.27544419
O26634_METTH/7-32     1.21479111    1.46181655    1.17500455    1.30451733    1.32794358    1.33857293    1.84201695    1.89699232    1.75557498    2.12521857    2.13357163    2.12526551    1.82592239    1.20382219    1.67415720    0.78294063    1.19077896    0.98115155    1.31886070    1.72737019    1.13515837    0.85954280    0.81547056    1.01624257    0.00000000    1.75166098    2.06678460    1.97342940    1.74699516    1.79749948    1.96155344    1.50844309    2.71491951    1.96004226    2.01213245    2.48310410    1.97741333    2.20606232    1.89073967
Q2NI45_METST/3-29     1.99613781    2.15420204    2.04118053    2.50655180    2.19705428    1.92590137    1.84727014    2.16495848    2.11975216    2.17229268    2.49952348    1.60790868    1.92556690    0.97789871    1.41303927    1.28869173    1.29141064    1.72493735    1.53102422    1.40574718    2.17234060    2.11188037    2.15972462    2.37177107    1.75166098    0.00000000    1.32619380    1.40225174    1.64208523    1.52802752    1.45582900    1.73915931    2.02096815    1.69446599    1.69173012    1.84108856    1.33742649    1.88644317    1.50295842
Q5JIV2_THEKO/2-28     2.13164393    2.37231413    1.93769616    3.17112546    2.42094898    2.43541278    2.31731287    2.41848606    2.52103101    3.15641560    4.28890261    2.13468355    2.50568221    1.38867247    1.38418247    1.94220690    1.97171263    1.58880747    1.61558167    1.43116120    2.85468745    2.20952423    2.63867218    3.08771952    2.06678460    1.32619380    0.00000000    0.52198784    1.54276717    1.80439710    1.82188824    1.31376358    2.20317176    2.26758637    1.74722968    2.38122496    2.10246450    2.25911700    2.34063745
Q8U0S5_PYRFU/2-28     2.21998143    1.82289436    2.40249249    2.93722385    2.29835587    1.91171856    2.35878645    2.81997381    3.28341339    2.69707340    2.92956128    2.16934175    2.00656252    1.30267785    1.14632511    1.81819578    1.96966081    1.55771989    1.42991263    1.53744974    2.13051377    2.60082433    2.68394954    3.20986891    1.97342940    1.40225174    0.52198784    0.00000000    1.33535690    1.06556090    1.64103259    1.04538440    1.56305230    1.62870166    1.72707719    2.03473163    2.16360838    2.11450236    1.50104027
Y83A_METJA/6-31     1.18550902    1.10019877    1.47021428    1.55064391    1.18703090    1.18901750    0.90868068    0.85266262    1.29645477    1.09756909    1.33948240    1.37106183    1.23524618    0.99295995    0.57538021    1.12256821    1.26951062    1.38670512    1.31711913    1.54909286    1.61271697    1.97255022    1.69922036    2.11793558    1.74699516    1.64208523    1.54276717    1.33535690    0.00000000    0.60267847    0.82418495    1.00310636    1.97508774    1.43011989    1.48684402    0.91786068    1.23297947    1.14459493    0.77950132
Y83B_METJA/12-38     1.28751694    1.41486690    1.93471568    1.79799523    1.32143442    1.24319368    0.87280453    0.91143253    1.14359339    1.06950329    1.18637454    1.47667774    1.33850865    0.94726170    0.70427226    1.42810329    1.44773315    1.34332936    1.60147681    1.38933663    1.67318137    1.88819585    2.30432233    2.59542235    1.79749948    1.52802752    1.80439710    1.06556090    0.60267847    0.00000000    0.62907732    0.61906606    2.01732743    1.80550732    1.43141939    0.90741719    1.15554810    1.48222909    0.86233479
Q6M0N7_METMP/6-32     1.49200432    1.11511032    1.57831258    1.51083912    1.26341434    1.34367819    1.18938081    1.37621614    1.40590132    1.39597489    1.80624408    1.35959617    1.51436364    1.34181583    1.14400009    1.83889268    1.70795852    1.83451770    1.80276262    1.41509710    1.48741536    2.20585324    2.17293753    2.58579072    1.96155344    1.45582900    1.82188824    1.64103259    0.82418495    0.62907732    0.00000000    0.80703184    1.86402074    1.41715600    1.63217673    1.01075551    1.52612832    1.79386384    0.91787425
A6UVD9_META3/7-33     1.32418255    1.33126144    1.67617468    1.48912046    1.25945837    1.25351136    1.14335782    1.25690914    1.56915448    1.44777571    1.30367447    1.28800672    1.17944758    1.23870215    1.01829369    1.99170121    1.54278787    1.61136755    1.95170560    1.93150596    1.37033120    1.81911847    2.15582326    2.30129282    1.50844309    1.73915931    1.31376358    1.04538440    1.00310636    0.61906606    0.80703184    0.00000000    2.31025702    1.74094229    1.50732890    1.46130466    1.62199994    2.03975384    0.87735532
Q2NH52_METST/3-29     1.56359314    2.60560857    1.90913992    2.32450878    2.32368384    3.40463383    1.90171575    1.89972465    2.12804285    2.13398812    2.02507154    1.75656832    1.67656822    1.44772201    1.84059979    3.04005542    1.71359674    1.81886144    2.22188923    1.78555946    4.01147941    3.00772312    2.50156453    2.32031661    2.71491951    2.02096815    2.20317176    1.56305230    1.97508774    2.01732743    1.86402074    2.31025702    0.00000000    0.57866049    2.05625189    1.53316562    1.76425369    1.97835046    1.85665002
O26522_METTH/53-79     1.83652574    1.66888689    1.63142119    2.11822356    2.21349838    2.53272078    1.76930834    2.04309544    2.24270487    2.03053210    2.03622546    1.57767711    1.51457010    1.26464754    1.63507508    2.42928249    1.43532315    1.62972720    1.78281065    1.89868515    2.02019479    2.34209987    2.26046215    2.57655001    1.96004226    1.69446599    2.26758637    1.62870166    1.43011989    1.80550732    1.41715600    1.74094229    0.57866049    0.00000000    1.44133578    1.23861910    1.20030308    2.04909452    1.19419443
Y018_METJA/6-32     1.72223920    1.83548025    1.52396246    1.91370696    1.80724553    1.57516977    1.22349322    1.56005666    1.68791903    1.60952767    1.20642103    1.77801949    1.56337118    0.96558994    1.05089884    1.82154056    2.05782397    2.05807084    1.73830543    2.26399829    2.03333292    1.41305243    1.99654811    2.01933279    2.01213245    1.69173012    1.74722968    1.72707719    1.48684402    1.43141939    1.63217673    1.50732890    2.05625189    1.44133578    0.00000000    1.43243119    1.14292869    2.13619552    1.21000510
Q6LZM3_METMP/6-32     1.13807007    1.30609271    1.51244498    1.57729813    1.10347199    1.27559917    0.92189633    1.14050586    1.49031864    1.08628174    0.83568319    0.95867835    0.96040563    1.12554215    1.32544705    1.94020582    1.36672749    1.81473512    1.60303726    1.71438048    2.34239519    2.20686117    2.87655882    2.46826116    2.48310410    1.84108856    2.38122496    2.03473163    0.91786068    0.90741719    1.01075551    1.46130466    1.53316562    1.23861910    1.43243119    0.00000000    0.75751949    1.25794780    1.02496469
Q6LZM4_METMP/5-31     1.27045310    1.39186080    1.25864948    1.56439916    1.56421913    1.39673356    1.18941515    1.28261686    1.15374874    1.01301178    1.05710643    1.34471927    1.24022162    0.94045305    1.37432837    1.20378952    1.62649092    2.22938999    1.84636317    2.58887461    2.67067334    1.74108739    2.33807974    2.66164505    1.97741333    1.33742649    2.10246450    2.16360838    1.23297947    1.15554810    1.52612832    1.62199994    1.76425369    1.20030308    1.14292869    0.75751949    0.00000000    1.13639464    0.77427927
Q8TXI0_METKA/6-31     1.32941491    1.64733307    1.55205381    1.67810402    1.48247156    1.89656759    1.15924804    1.25636625    1.51525067    1.06774848    1.42506924    1.34396381    1.14212549    1.19377802    1.72915742    1.44972728    2.18282233    2.13030430    1.66833599    1.98091122    4.00384544    2.90697011    2.73800057    3.44419108    2.20606232    1.88644317    2.25911700    2.11450236    1.14459493    1.48222909    1.79386384    2.03975384    1.97835046    2.04909452    2.13619552    1.25794780    1.13639464    0.00000000    1.06589687
Y1400_METJA/11-37     1.25681681    0.86220033    1.08603716    1.06090191    0.88702995    0.77892844    0.63278163    0.61679355    0.75966746    0.64949793    0.84556487    1.02861758    0.76621571    1.33538222    1.04617227    2.10899154    1.78830104    2.30770290    1.83333992    1.85697322    2.20002711    1.98579322    2.18125697    2.27544419    1.89073967    1.50295842    2.34063745    1.50104027    0.77950132    0.86233479    0.91787425    0.87735532    1.85665002    1.19419443    1.21000510    1.02496469    0.77427927    1.06589687    0.00000000

