161
C0QGD3_DESAH/11-142     0.00000000    1.60903579    2.17653778    1.89068688    2.10446934    1.99480287    2.10586149    1.84220701    1.97021653    2.16813968    2.18205195    1.94928985    2.27816717    2.03227089    2.01900834    2.49492205    2.10607599    2.39358143    2.59871879    1.82626497    1.91047252    2.61487656    2.61678947    2.30260152    2.74511410    2.24745541    2.31641642    2.24513306    2.38118674    2.18002747    1.95950835    2.40012765    2.02810281    2.25303355    2.10207424    2.31791501    2.35975214    2.30404297    2.17488800    1.80239066    1.46765888    2.13568279    2.53218943    2.74490221    2.25403028    1.89415964    2.66671053    2.46137781    2.02960156    2.23797865    1.99557794    1.86545642    1.71074178    2.01669115    2.32254283    2.20582473    2.38806972    2.21836426    1.80856218    1.76088928    2.17992504    2.41047209    2.73587127    3.31995601    2.41472381    2.47947439    2.72102787    2.78308626    2.62603124    2.21630310    2.52040777    2.01132212    1.73971090    2.02680787    2.37994481    2.42705352    2.38140579    2.11879882    2.46620337    2.60771615    2.24118337    2.29761432    3.22969928    3.22966551    3.39198314    3.62398529    2.90039840    3.10785493    3.13756333    3.40813699    3.57240400    3.47875372    3.75945577    3.64505084    3.65447700    3.39977883    2.90597519    3.22407847    3.22543068    3.20049737    3.16371524    3.34641175    2.78373523    3.35142541    2.94894043    3.32067062    3.43905782    3.02864923    3.91807558    2.80296279    3.26109793    2.72231301    2.43103481    2.86482924    2.28182778    2.48206887    2.45465434    2.38804124    2.69382467    2.21931833    2.52030132    2.37072358    2.47947520    2.79990666    3.00011556    3.02192624    2.69281718    2.83816316    2.94372316    2.85974438    2.84898371    3.19727542    2.19826936    2.25321531    2.58339740    2.35046589    2.51642853    2.23096584    2.39085587    3.03402473    2.75254606    2.74755898    2.45957293    2.82819277    2.37693564    2.45706688    2.38474699    2.33956702    2.49706142    2.09976271    2.49290228    2.14262088    2.37264751    2.14220887    2.62166997    2.44349486    2.10341861    2.32402022    2.07899376    2.05094999    2.14106313
I5B1C3_9DELT/18-148     1.60903579    0.00000000    1.81551504    1.79516710    2.07847600    1.98343891    1.78217105    2.14554576    2.26327966    1.93405184    2.08042313    2.12842118    1.95759636    2.08288076    1.67426550    2.20116399    1.93750802    1.84631646    1.77132326    1.69397373    1.84015684    2.54652140    2.36022177    1.93653052    2.30074326    2.11471693    2.01996858    2.34437185    2.18425551    2.26880328    2.14418725    2.32699613    1.84047235    2.08030421    1.72705987    1.94299357    1.77608217    1.97083210    2.03188971    1.69398029    2.04518655    1.85862574    1.84788806    1.77331778    1.82169811    1.81532339    1.76068512    1.87675265    1.91386340    1.68539020    1.93762687    1.92627479    1.65295401    2.12261913    2.04604768    2.34373486    1.81256861    1.80964562    1.75143784    1.70566700    2.02967760    2.31455691    2.34530250    3.15634049    2.43185554    2.34796190    2.46234441    2.52957873    2.68482794    2.20930011    2.14977686    1.91367687    1.82856868    1.82239242    2.08121638    1.97940772    2.25145999    1.71081826    2.23276224    1.99293191    2.18766034    2.08729428    2.53327473    2.24323715    2.61715378    3.32270184    2.52596727    2.35670399    2.60322053    2.61937234    2.74247137    2.38147130    2.52876424    2.42857785    2.49016449    2.78020819    2.46758071    2.54270603    2.73771162    2.64066531    2.45030234    2.95585286    2.56314010    2.53452738    2.61709589    2.90617524    2.54671014    2.28602720    2.91906975    2.78756466    2.92303178    2.72324483    1.75337476    2.06715430    1.63985776    2.08818724    2.06040129    2.48473429    2.27781168    2.45265996    1.91730439    1.98277924    1.90806284    1.84825217    2.01948099    2.28604224    2.12576240    2.20869924    2.31805867    1.94434773    2.12396091    2.34306627    1.90553488    1.92393738    2.53747112    2.34330951    2.22195187    2.35258951    2.33633046    2.30894778    2.40266687    2.27432436    1.90965963    2.15466076    2.29447845    2.22525594    2.00987389    2.09456482    1.92814562    1.96454293    2.12723507    1.81441844    1.96707755    1.88667442    2.28261498    2.37605313    2.29220979    2.09005540    2.28019955    2.22802749    1.88290484
R5HR81_9FIRM/12-139     2.17653778    1.81551504    0.00000000    1.10136349    1.23870136    1.93822307    2.14995277    2.39982020    2.27004576    1.98189101    2.45108168    2.22570232    2.07338802    2.41504962    2.11662886    3.02754557    2.19679943    2.23633966    2.33026003    1.93920983    2.37453871    2.86122966    2.75627473    2.09784638    2.33615224    2.28544604    2.46055907    2.43364870    2.56587497    2.31793533    2.26438476    2.34285157    1.87119755    2.52831047    2.37831620    2.48766200    2.15833859    2.50318914    2.80901515    1.83954859    2.22883836    2.57612284    2.40634547    2.93274888    2.37313935    2.00272652    2.67080587    2.62493034    2.51593906    2.26859789    2.21505415    2.34827041    2.03927427    2.28933067    2.04550487    2.33242589    2.38525333    2.19334664    2.26818566    2.31860660    2.46273491    2.20152470    3.25140635    2.23868480    2.76322818    2.46501142    2.93252343    2.40395097    2.38296172    2.74593258    2.42058595    2.19097966    2.30017473    2.02661862    2.25037750    2.28899055    2.97149819    2.41396647    2.78312139    2.01213064    2.56562399    2.65272681    2.90066594    2.40916804    2.50197093    2.71101967    2.58854659    2.75895548    2.66755979    2.85351051    2.53471490    2.99238671    3.09153437    2.99371351    2.84911846    2.45252944    2.09047074    2.29053922    2.88037859    2.42373330    2.59178820    2.61805017    2.73855511    2.74626410    2.62413347    2.79281764    3.02191163    2.44580414    3.16775755    2.57454992    3.02370489    2.63785973    2.45103709    2.62263537    2.14026107    1.85414854    2.53872262    2.99323416    2.24571320    2.57831900    2.24499208    2.71216445    2.40148554    2.11271112    2.12144511    2.40591374    2.30555017    2.23228771    2.13342163    2.19670351    2.63146972    3.06365639    2.11903484    2.67209961    2.52499170    2.21850355    2.31568542    2.44341312    2.09274014    3.03226136    2.94738721    3.24657562    2.26060644    2.27983588    2.50191517    2.20703985    2.35973416    2.61142518    2.74589418    2.19636086    2.08782442    2.54920869    2.09313087    2.32702072    2.90174000    2.87639859    2.45847149    2.66186319    2.39351240    2.63975261    2.27732776
R6U1S6_9FIRM/12-134     1.89068688    1.79516710    1.10136349    0.00000000    0.78836446    2.09617679    2.03604780    2.02383181    1.93260229    2.05707216    2.22495786    2.09706410    2.16491784    2.34617557    2.23454541    2.72862419    2.06646218    2.17334190    2.12231837    2.16061263    2.14084666    2.89288730    2.29601404    1.91758348    2.01422024    1.88638685    1.92052037    3.05495234    2.27902313    2.36250259    2.34577891    2.43364976    1.58396068    2.17982590    1.96466355    2.29599153    2.22895745    2.52747468    2.52628085    1.86778449    1.91236778    2.23009666    2.13153573    2.61367177    2.36847973    1.97043351    2.32332798    2.24778637    1.91443597    2.11232757    1.93216711    2.10512440    1.96641146    2.27533366    2.29359513    2.49389285    2.01527905    1.83555718    1.83238928    1.86828102    1.87734020    2.13871491    2.10818933    2.19094229    2.32037135    2.16501011    2.56255992    2.11297951    2.02513491    2.13937498    2.46361158    2.15901791    2.00513549    1.80616598    2.03604271    2.22231089    2.22444353    1.76473084    2.39514825    2.23531040    2.18655749    2.85484865    2.43282429    2.79240581    2.82729411    2.92890941    2.39109126    2.39881608    2.60851148    2.56569127    2.66775337    2.74831961    3.28679536    2.89130591    2.57690697    2.80330189    2.63421534    2.63278933    3.17112354    2.53138219    2.94256249    2.63967826    2.85509490    2.65037260    2.65058917    2.73139755    2.99911963    2.66074706    3.12055085    3.11929593    3.23239555    3.02727970    2.50944284    2.36785429    2.25848481    1.78009976    2.75353775    2.74229281    2.43158815    2.40466654    2.20386198    1.69888663    2.66242258    2.39811058    2.67660436    2.79165723    2.88375090    2.90913681    2.48685692    2.57376449    2.50612101    2.85985168    2.36051677    2.64753569    2.66186008    2.62396581    2.95227301    2.86935357    2.74241393    2.87670472    2.97873070    3.49259510    2.15796619    2.15770273    2.39584500    2.20435321    2.35339764    2.73031690    2.40953371    2.14333469    2.28716701    2.66567091    2.17331046    2.40322775    2.69362108    2.58379758    2.36532192    1.93498472    2.64385151    2.16290102    2.00730551
R5SMG5_9FIRM/12-133     2.10446934    2.07847600    1.23870136    0.78836446    0.00000000    2.10906512    1.99599910    2.09213437    2.16718934    2.31762988    2.40522129    2.17587389    1.85099180    2.01007899    2.01264125    2.53070395    2.19543363    2.43011457    2.20176041    1.95471942    2.10578428    2.95524568    2.40740486    1.71922994    2.16720363    1.80861571    1.79160401    3.21205059    2.25122851    2.30604702    1.93016739    2.34006927    1.78727119    1.92402642    2.16202971    2.08513758    1.99077043    2.32003404    2.35086702    1.92771160    1.88203971    2.77079410    2.04793364    2.98474795    2.11432636    1.85956052    2.64440801    2.41823601    2.50055546    2.17154509    2.16098628    2.13529238    2.02417633    2.15421448    2.28333932    2.46800911    2.35269430    2.05838012    2.06679377    2.04002337    1.92244090    2.45603794    2.80129114    2.58442921    2.16043846    2.19402492    2.34648259    1.99066756    2.26948107    2.46708992    2.43930846    2.34909739    1.93933920    1.88705088    2.29765398    2.29722366    2.51914838    2.05708743    2.76690692    2.70603314    2.18728795    2.54086489    2.57451234    2.89409163    2.35371354    2.81182474    2.58077186    2.43347566    2.50069754    2.57398542    2.79196170    2.72182104    3.13926634    2.86979079    2.61430743    2.60742663    2.57456431    2.51411661    2.61554000    2.20117787    2.64229178    2.64433770    2.64564521    2.57455833    2.50293403    2.62283030    2.68096580    2.73522081    3.13755976    2.88786994    2.88807245    3.24363072    2.44614978    2.40631472    2.31839172    1.99809358    2.37957336    2.84632846    2.70875047    2.53860599    2.40321670    2.29502562    2.52884536    2.57659059    2.78415397    2.83720297    2.86390130    2.68578963    2.49972861    2.53705782    2.77665907    3.03592033    2.55031744    2.42093927    2.59968019    2.31436074    2.08631781    2.45087875    2.35486655    2.86160132    2.76772262    2.81688294    1.96816352    2.57853574    2.37107205    2.61728404    2.42644820    2.52304644    2.43540453    2.43701697    2.70513341    2.94406515    2.52303207    2.66504544    2.85738639    2.47335064    2.28369681    2.66116457    2.50034285    2.43709690    2.53320329
D5ARY5_RHOCB/22-149     1.99480287    1.98343891    1.93822307    2.09617679    2.10906512    0.00000000    2.28367794    2.50020182    2.51633972    2.49066109    3.20607321    2.42162180    2.14342087    2.10800380    2.24816418    2.38383597    1.95742298    1.95197880    2.08584023    1.95866849    1.92342397    2.54221485    2.20841748    2.17526826    2.07388329    2.31480920    2.05815809    2.55838229    2.34111205    2.56854352    2.02913145    2.34739794    2.15411965    2.23273857    2.17160121    2.43755814    2.46991521    1.94154425    2.04623472    2.10338245    2.04514238    2.35408611    2.18520039    2.39493659    2.39746420    2.52468723    2.94871720    2.70826740    2.23684639    2.02763667    2.19397155    2.26129893    1.72339896    2.64349449    2.74820848    2.26510984    2.51557748    2.05567850    2.10484928    1.94889686    2.24592400    2.03197231    2.61135002    2.03217193    2.15457157    2.24147167    2.35352784    2.29395682    2.18855524    1.91379220    1.83565775    1.95752995    2.05220683    1.95066266    1.86690923    1.91800855    2.15143975    2.08222167    1.97624409    2.09518188    2.38622581    2.44037260    2.30499397    2.56162750    3.17855219    2.64388312    2.46368214    2.41511928    2.56843026    2.36528577    2.76512102    2.39235575    2.73474616    2.45265853    2.41026103    2.04751457    2.17447693    2.04245826    2.62060139    2.28463106    2.13539222    2.05837341    2.55756181    2.21009284    2.58478785    2.71821373    2.51352734    2.46005889    2.77635433    2.57177472    2.77571073    2.22132260    2.35223729    1.82139305    1.63842913    1.83999201    1.80653943    2.25850971    2.06404427    1.60876637    2.47625376    2.76427564    2.62081576    2.10197695    2.54220200    2.55527477    2.34257082    2.14449607    2.36149611    2.29481957    2.59548306    3.23172576    1.96251225    2.08791620    2.64718080    2.57288311    2.56390263    2.49709065    2.34323378    2.89940625    2.38817848    3.05611525    1.98997369    2.10471885    2.19342300    2.75689639    2.69871959    2.33111422    2.76811049    2.36306122    2.48291596    2.66076108    2.66172413    2.65138100    2.51821749    2.14807541    1.96122479    2.30858817    2.32648499    1.89198426    2.32537530
D9QU53_ACEAZ/7-134     2.10586149    1.78217105    2.14995277    2.03604780    1.99599910    2.28367794    0.00000000    1.39957210    1.39178411    1.40131262    1.65980517    1.28502687    1.49300091    1.65571532    1.64394501    1.93391421    1.38695217    1.51852908    1.51720936    1.56105190    1.59023123    2.40597003    2.18837676    1.81689331    2.07795563    1.89159575    1.46954065    2.14175404    2.13210447    1.77432942    1.38801635    2.10709803    1.86902257    2.10703045    1.41361846    1.62397576    1.60646701    1.87030099    1.45126876    1.59141160    1.72793399    1.91648197    1.75106805    1.78416594    1.89972369    1.59160534    1.94227400    2.03628270    1.72617336    1.84253064    1.84341150    1.74989342    2.07024943    1.86934915    1.98304075    1.80724024    1.96752026    1.93173297    1.84853062    1.56623286    1.69558919    2.25203071    2.31402927    2.80203184    1.83572294    2.00787266    2.47504505    2.12635291    2.42147299    2.09114895    2.22272174    1.99176868    1.63233799    1.86694185    2.10852588    1.75691697    2.64218756    1.81088674    2.43569356    2.41585990    2.02241744    2.29838594    2.80876465    2.40116473    2.26493892    2.89829559    2.46398586    2.27863949    2.19926563    2.70218060    2.39870411    2.26388548    2.68561444    2.50099022    2.61842152    2.77876453    2.46457568    2.51498448    2.78119003    2.63611160    2.50878638    2.44604938    2.49218740    2.49277263    2.51032074    2.33050137    1.98495497    2.08472485    2.45520457    2.48962261    3.23470162    2.27273063    1.88175435    2.36933888    2.34545404    1.98555564    1.91494095    2.07190255    2.49481795    2.03570624    2.25853739    1.83585661    2.30092661    2.14225641    2.17174976    2.29229306    1.99284991    2.23588895    2.27681772    2.21300101    2.31428809    2.29502328    2.14167032    2.08710256    2.12907104    1.86858038    1.87526192    1.78874272    1.74488234    2.71370692    2.44482453    2.26284945    1.63128499    1.90894486    2.46200414    2.66829134    2.30995222    2.23276564    2.45484974    2.21687882    2.26545726    1.99356944    2.09961660    2.22840283    2.28597364    2.33842455    2.33415704    2.29236585    2.14959752    2.11042341    2.04935350
A5N7M4_CLOK5/9-135     1.84220701    2.14554576    2.39982020    2.02383181    2.09213437    2.50020182    1.39957210    0.00000000    0.52878352    0.87496765    0.93311894    0.83364499    1.70187575    1.87186256    1.79488979    2.15260802    1.56985614    1.80871536    1.94307136    1.58189060    1.61653504    2.27738796    2.57704370    2.14812057    2.26726559    1.92325004    1.93615306    2.13201336    2.07526257    2.22831413    1.60004899    2.14393265    1.78980193    2.01116168    1.53184558    2.01603311    1.78233902    1.72965626    1.40164915    1.73850533    1.88276581    2.29502017    1.95733924    2.38806775    2.08172253    1.50904902    1.91219071    1.86381884    1.86985948    1.91629267    2.07458176    1.99592737    1.83540953    1.84732253    1.93432229    1.80690955    1.87724501    1.92250664    1.60499051    1.60435684    1.81951950    2.12553242    2.73571578    2.69392786    2.26714299    1.90907342    2.69758379    2.31326480    2.79698834    1.85960781    2.11095987    2.07114590    1.69635191    1.89421773    2.08523794    1.98439929    2.27335289    2.08443063    2.33285514    2.44388400    2.16215679    2.57245809    2.74750253    2.55788642    2.93197750    3.24404501    3.16155061    2.76475453    3.05070883    3.16476819    2.86334598    3.05682306    3.05362296    2.84020296    3.23886086    3.33056546    3.20384049    2.80374144    2.72872099    3.04331323    3.19073795    3.31205122    3.08610084    2.74217181    2.48179416    2.18737851    3.20040002    2.56234532    2.69802908    2.69607701    3.05537354    2.46848890    2.29023178    2.34974188    2.31543687    2.29122105    2.18690724    2.39542561    2.39060333    2.28663713    2.17267471    2.18257159    2.36055533    2.28863237    2.44588528    2.49311596    2.34398846    2.40138341    2.62085187    2.48591157    2.55179713    2.47138126    2.17700804    2.14913494    2.23159464    2.05299446    1.97635742    2.05038200    1.99992922    2.64740631    2.69604514    2.56514281    2.23304777    2.27623203    2.60797856    2.46417528    2.28994307    2.50526694    2.70047995    2.16615150    2.36835620    2.33372625    2.21745252    2.57082263    2.39298352    2.66101204    2.38564892    2.52792543    2.12611605    1.85843769    2.05750463
U5S0X9_9CLOT/9-135     1.97021653    2.26327966    2.27004576    1.93260229    2.16718934    2.51633972    1.39178411    0.52878352    0.00000000    0.74854214    0.89075930    0.74590030    1.75842298    1.97198132    1.76800572    1.92843958    1.58869968    1.72456200    1.94526572    1.66693163    1.81625293    2.52286921    2.94352592    2.15806106    2.28127708    1.87438964    1.77619268    2.23266409    2.15572335    2.16460203    1.62992758    2.20859632    2.11235625    2.18535099    1.71226785    2.20776097    1.96861286    1.99801602    1.57065379    1.61549825    1.91313239    2.38474313    1.95604259    2.26271146    2.21674571    1.62878460    1.72125669    1.65796697    2.15462420    2.01149237    2.06718089    2.11145314    1.94488688    1.82612436    2.17270435    1.87716708    1.97177351    1.87268169    1.72719063    1.83123882    1.88350578    2.14887918    2.45411684    3.14565765    2.60211476    2.38002276    2.63577184    2.48869088    2.98505156    1.99444404    2.17728598    2.12488613    1.76533639    2.06208421    2.30464523    2.18652613    2.14095336    1.96438641    2.12670378    2.49950036    2.31509341    2.35431719    3.21195550    2.70266153    3.41393119    3.36551190    3.41885621    2.76176058    3.21075277    3.30236261    3.07163742    3.34948546    3.29298630    3.03389965    3.44154231    3.26628043    3.30104388    3.00294198    2.89344665    3.41103794    3.19276432    3.20939514    3.42420100    2.78552316    2.77118358    2.35956490    3.15432849    2.76886714    3.17761642    2.88235777    3.20768245    2.81695833    2.41705413    2.37903535    2.55354943    2.27835432    2.28348002    2.60122477    2.61171391    2.57163941    2.27456246    2.13975581    2.16983858    2.30960732    2.24870019    2.39312978    2.18015618    2.30772304    2.43689932    2.27171717    2.38342494    2.31553788    1.92975994    2.05878557    2.23831575    2.14233975    2.18182895    2.30584498    2.04920221    2.94308400    2.71346038    2.90206816    2.50281488    2.32961908    2.77365179    2.44269958    2.24515848    2.52236811    2.60232993    2.29587711    2.43193720    2.35241715    2.32640229    2.61156791    2.41164326    2.93405019    2.56337265    2.60482231    2.17457152    2.08535895    1.95671223
M1LNQ5_9CLOT/8-134     2.16813968    1.93405184    1.98189101    2.05707216    2.31762988    2.49066109    1.40131262    0.87496765    0.74854214    0.00000000    0.78694614    0.55003954    1.62130781    1.63925190    1.46768362    1.94115657    1.64417109    1.72626122    1.86317550    1.60850411    1.59695570    1.97184759    2.62595599    1.92625388    2.19139869    1.89843471    1.85625332    2.12716085    2.17762575    2.10626293    1.46833731    2.18800727    1.95575935    2.37628204    1.72854396    2.20590275    1.72315535    1.81304555    1.57731175    1.74831555    1.84640162    2.14396843    2.19797327    2.08867348    2.20896562    1.91143477    1.90789569    2.16213916    2.32170515    2.24169846    2.14863505    2.24743927    1.73867867    1.79705198    2.03251136    1.89908640    2.24932250    2.08138129    1.68768375    1.86410820    1.81673450    2.22320282    2.37118184    3.06034334    2.72383236    2.46131550    2.85038753    2.64633439    2.97747634    2.25342419    2.57516413    2.28746335    1.84417311    2.07354148    2.36735036    2.14798570    2.44142653    2.08200163    2.18122940    2.45201765    2.46228850    2.56657804    2.68220149    2.57663373    2.87223324    3.04605484    2.89922654    2.72252770    3.11758630    3.19625674    2.74859164    3.15363629    3.20110912    3.13875811    3.09763822    3.16577647    3.23845788    2.98471760    3.06251077    3.24191699    2.93657591    3.15949662    3.60723857    2.90339677    2.95598336    2.20401614    3.08779675    2.46683884    2.97768745    2.87706101    3.14781142    3.22512155    2.60734112    2.62743822    2.56992323    2.33885189    2.29327851    2.55523891    2.71355882    2.58002637    2.39709204    2.16416940    2.44927483    2.09566885    2.05703957    2.39000710    2.26266721    2.34971326    2.31046384    2.30809002    2.23786602    2.18082818    2.14855331    1.99331287    2.16981767    1.99011826    2.22718495    2.33005831    2.06327916    2.83507201    3.07216688    2.64523814    2.43423158    2.39884135    2.55731692    2.28627421    2.18460519    2.69239587    3.02359199    2.35932652    2.17941906    2.16538468    2.40107656    2.34795400    2.48679768    2.76123800    2.38796867    2.40621534    2.41704947    1.90912876    2.29024899
M1LT30_9CLOT/8-134     2.18205195    2.08042313    2.45108168    2.22495786    2.40522129    3.20607321    1.65980517    0.93311894    0.89075930    0.78694614    0.00000000    0.59170068    1.81581174    1.97817273    1.95354526    1.90577622    1.69473012    1.84973939    1.77246818    1.69263268    1.56914893    2.25490934    2.43544921    1.96269860    2.50462547    1.71443132    1.78655033    1.90356475    2.18849625    2.14201241    1.49913989    2.01686562    1.83310325    1.83084805    1.80728336    2.60967081    2.30887218    1.76863984    1.40911076    1.65159236    2.15639847    2.04227290    2.05984126    1.93158547    1.71759810    1.78306186    1.84614124    1.80749985    2.33524041    2.33231103    2.15363704    2.07805886    1.79835619    1.87839110    1.96489121    1.93458389    2.09953315    2.28602262    1.85060434    1.90316709    2.02895418    2.29897118    2.27222838    2.80226667    2.45316087    2.05678991    2.37720103    2.20075699    2.47995059    2.29078546    2.43522812    2.36178893    1.97058810    2.07636992    2.35635990    2.35757497    2.52404798    2.24909532    2.24226268    2.29249673    2.42399003    2.39946441    2.80850194    2.33028693    2.85416200    3.19029960    3.18984212    2.65259297    3.05531830    3.14008473    2.77632823    3.05003322    2.67217697    2.70153830    3.15913774    3.22982785    3.26177599    2.97835584    2.94121008    3.27593447    2.91043534    3.11974992    3.39809284    2.58226658    2.61965117    2.14046439    2.52450832    2.29102585    2.96212376    2.77547369    3.10886659    2.58885268    2.28640818    2.75925515    2.47057103    2.16027969    2.42815042    2.75938558    2.39628869    2.89498890    2.35433902    2.16003589    2.16960531    2.47892988    2.69765617    2.74936830    2.39372409    2.57539492    2.79662089    2.37771899    2.48796690    2.43858411    2.27441367    1.97537962    2.32277348    2.13732870    2.05235565    2.33195568    1.77053746    2.80035993    2.78745141    2.57912776    2.48112486    2.12378535    2.75949902    2.26025825    2.26488079    2.80305680    2.88604623    2.44935980    2.95594867    2.30354171    2.42408228    2.46198258    2.29250822    2.74614801    2.49996279    2.40802222    2.31139725    2.08140412    1.96499983
U5MQ71_CLOSA/8-134     1.94928985    2.12842118    2.22570232    2.09706410    2.17587389    2.42162180    1.28502687    0.83364499    0.74590030    0.55003954    0.59170068    0.00000000    1.47087368    1.73971322    1.58839181    2.20308221    1.66068866    1.69273951    1.87092415    1.73856148    1.60384621    2.25379728    2.60124086    2.13019075    2.31652547    1.90935990    1.63599602    1.82774169    1.96149270    1.92661415    1.46212912    2.17486823    1.82353648    2.10516835    1.55211155    1.78483235    1.72578326    2.02055516    1.52546250    1.85014807    2.06258614    1.96486316    1.86405648    1.92006039    2.08934737    1.64125352    1.73329105    1.86620704    2.01457090    2.11301131    1.93854927    1.99451905    1.77742166    1.58336722    1.83446094    1.83888047    2.00871964    2.12192572    1.54199987    1.69010273    1.69800308    2.18824299    2.13119106    3.15645162    2.34114044    2.11793687    2.41646361    2.55125597    2.80473895    2.00663829    2.23279902    2.01982460    1.79724761    2.05563183    2.24998543    2.00748853    2.49168121    2.00998209    1.98410953    2.45759449    2.31868966    2.39076489    2.75516337    2.49741888    2.75156651    3.21888417    3.00439951    2.50043113    3.02064628    3.14854233    2.98684348    3.10480510    2.93187819    2.76436084    3.11696574    3.47076084    3.06412656    2.88407798    2.79008862    3.36623639    2.99017668    2.69051811    3.19485566    2.58124482    2.49815396    2.24130188    2.73195897    2.41514584    2.91525927    2.72355808    2.89856920    2.62943191    2.39449353    2.25639292    2.31876475    2.19263950    2.06498886    2.44655467    2.31004157    2.51161434    2.31446805    1.96985319    2.08243752    2.31486101    2.19833924    2.60072266    2.05173452    2.27097274    2.21201222    2.06398800    2.32956039    2.32362089    2.05740720    1.97669339    2.01439602    1.76376070    1.95021471    2.02887739    1.97402308    2.99144015    2.65931189    2.77260151    2.24051667    2.21727838    2.63761934    2.42697417    2.16551522    2.64557377    2.92033419    2.22791785    2.46426914    2.22797411    2.34649523    2.37995299    2.21980185    2.58075370    2.28766019    2.53186603    2.28882229    1.75444907    2.09990949
E3PYA4_ACESD/7-137     2.27816717    1.95759636    2.07338802    2.16491784    1.85099180    2.14342087    1.49300091    1.70187575    1.75842298    1.62130781    1.81581174    1.47087368    0.00000000    1.30779420    1.39651504    1.41456729    1.47471796    1.50654832    1.32446654    1.07293011    1.22982267    1.68350531    2.01457616    1.66225368    1.89905724    1.50919963    1.43301025    1.70574312    1.51478811    1.83950295    1.49248901    1.80875610    1.65331700    1.78377162    1.65089971    1.88294038    1.89622138    1.76323764    1.33900465    1.73352742    1.53665444    2.02687171    2.03710650    1.89950197    1.98154418    1.88292277    1.81315581    1.89680153    2.57731389    2.21392098    2.14958221    1.99759019    1.98287729    1.75451003    1.82723206    2.02447153    2.42805153    2.12199545    1.95901963    2.14257582    2.20436249    2.27977186    2.45813093    2.79948589    2.62970990    2.82058589    2.83807275    2.53644522    2.56067406    2.19890795    2.08358504    2.18840393    1.88995166    1.98018726    2.64419454    2.47412433    3.32320322    2.29621208    2.34022799    2.85196751    2.62441922    2.58409851    2.66056149    1.97265556    1.86089330    2.37163931    2.25556802    1.85365798    1.96760793    2.23398057    1.83149104    1.74799851    2.18158502    1.96168224    1.86344391    2.38585485    2.08937639    1.85572796    2.11845722    2.32676221    2.27338428    2.28297932    2.12400937    2.17164049    2.04775786    2.15823947    2.01928302    1.90504067    2.52853052    2.52408924    2.78786661    2.42360297    1.89639000    2.30878710    2.24177946    1.81508064    2.01479023    2.23857304    1.85950867    2.08839967    1.89332128    2.29079936    2.24986046    2.54743272    2.40269865    2.37869464    2.21195803    2.26932521    2.29899724    2.22230266    2.60970889    2.69118307    2.26654777    1.99894915    2.09533509    1.85889013    1.92923843    2.02727813    1.86195093    2.27899141    2.40479151    2.27076728    1.97644166    2.38666845    2.28874325    2.27947340    2.04790635    2.13130407    2.09749312    2.16668644    2.30254395    2.27903067    2.18243063    2.24540429    2.18135048    2.14909233    2.56424562    2.13865376    2.58784289    2.44085339    2.01850096
H6LC00_ACEWD/7-138     2.03227089    2.08288076    2.41504962    2.34617557    2.01007899    2.10800380    1.65571532    1.87186256    1.97198132    1.63925190    1.97817273    1.73971322    1.30779420    0.00000000    0.62151496    1.40422925    1.26100217    1.54725286    1.53704689    1.38513851    1.26662915    1.67975118    2.21711323    1.68665994    1.93565488    1.46769894    1.52185493    2.24192160    1.65454281    1.71206074    1.42846003    2.07891934    1.87834866    1.88084188    1.92554461    2.01781938    1.83739109    1.90012758    1.79843109    1.90012623    1.82914041    2.14484385    2.10956445    2.11654283    1.89119782    2.16966309    2.24816750    2.27193640    2.49974369    2.05011960    2.46011800    2.45239677    2.29651878    1.73692853    2.01149968    1.97460726    2.27569305    2.45196302    2.14797193    2.07921929    2.00702851    2.44777179    2.82714104    3.56463229    3.14325254    2.82708589    2.76008709    3.02837369    2.92360948    2.71608124    2.70283130    2.36760110    2.10719925    2.22955244    2.70584444    2.69210329    2.66727205    2.27058786    2.89932568    3.13103349    2.13011937    2.47862298    2.65203097    2.73757261    2.77306316    2.74704658    2.90860856    2.43249082    2.78837833    2.63994203    2.69210006    2.98394202    2.70734387    2.48598309    2.66540794    2.80574617    2.65431412    2.30918265    2.91466975    2.92206640    2.95408482    2.76106700    2.27817220    2.65273624    2.64291303    2.69696854    2.58098603    2.84495827    3.35014329    2.75877617    3.91042180    2.78129332    2.06508421    3.04263922    2.38265627    2.18727851    2.34808465    2.18425047    2.40249632    2.43689673    2.60582022    2.01679855    2.33680619    2.43046120    2.62518668    2.70525029    2.62998266    2.63137716    2.38812739    2.50894022    2.45874907    2.65675844    2.46549527    2.09300066    2.20677151    2.00812242    1.96807700    2.02473219    2.04668243    2.49780292    2.54465608    2.34705761    2.29047042    2.62365324    2.83541039    2.65167257    2.34379854    2.36185327    2.69160132    2.26789149    2.58146760    2.32264026    2.69865725    2.70762575    3.04420993    2.06628052    2.52204453    2.51508225    2.43429291    2.55337769    2.28419446
E3GFX7_9FIRM/7-136     2.01900834    1.67426550    2.11662886    2.23454541    2.01264125    2.24816418    1.64394501    1.79488979    1.76800572    1.46768362    1.95354526    1.58839181    1.39651504    0.62151496    0.00000000    1.29957642    1.36114578    1.39230153    1.45876957    1.08266598    1.33359972    1.84610498    2.26401121    1.82491872    2.10734150    1.58611126    1.55670697    2.06072376    1.42050998    1.46182981    1.39121794    1.75255898    1.51317285    1.90479095    1.88428677    2.02285312    1.98630981    1.79487480    1.56072343    1.78441231    1.59190658    2.33499900    2.25073359    1.75462256    2.05710753    1.98773250    2.12458211    2.30059874    2.43109367    2.37463878    2.59404928    2.56522673    2.08124300    1.78868386    2.27989394    1.90753450    2.39159565    2.33359646    2.10948766    2.00587321    2.19176592    2.54978398    2.61689984    3.51880295    3.18162801    2.64619480    2.82555938    2.94020250    2.78419552    2.66780403    2.53932138    2.64791578    2.13134171    2.44544405    2.84012380    2.82657878    2.70511638    2.48226622    3.02402186    3.16155493    2.51380695    2.97534398    2.64544870    2.50083882    2.92507517    2.61813714    2.98481413    2.55952468    2.76306926    2.67242866    2.79529181    2.84035733    2.95631104    2.66441093    2.87997787    2.84868347    2.76389247    2.49024315    3.06725274    3.09691263    2.62618507    2.56349109    2.31207425    2.91484375    2.67127881    2.92051460    2.30359738    3.13876517    3.25333659    2.90001685    3.80894628    3.18268850    2.18251880    2.99692297    2.21433715    2.29096198    2.61358527    2.30850280    2.42715224    2.39357710    2.61392139    2.61151490    2.62359384    2.51966575    2.76931116    2.99216074    3.07181673    2.67042263    2.78116706    2.81195551    2.69128120    2.81428006    2.56932860    2.32397006    2.38054355    2.32340938    2.18139128    2.55441759    2.09360305    2.63313209    2.83156727    2.40719982    2.20830142    2.86321340    2.65396275    2.53248887    2.22984636    2.38366933    2.77927360    2.17805741    2.78992565    2.31361428    2.33033830    2.46926633    2.61841001    2.58752057    3.05915457    2.44426642    2.55862400    2.44651390    2.43175134
R5J804_9FIRM/10-141     2.49492205    2.20116399    3.02754557    2.72862419    2.53070395    2.38383597    1.93391421    2.15260802    1.92843958    1.94115657    1.90577622    2.20308221    1.41456729    1.40422925    1.29957642    0.00000000    0.87366111    0.79914037    1.46559232    1.51673951    1.27655453    1.84076137    2.16051990    1.72163718    1.82524111    1.91351551    2.01805796    2.13713891    1.65314322    2.16802185    1.46060124    1.81018079    1.80604961    1.84352302    2.07630826    2.24644247    2.36948134    2.06376172    1.95957124    2.02464552    1.92685474    1.86861998    3.00606377    2.62539848    2.18684486    2.02469197    2.05536888    1.98574145    2.34022721    2.45798183    3.08316176    2.95360815    2.29341435    2.11100742    2.24996710    2.68831546    2.61798919    2.75942698    2.75558565    2.34906901    3.01332280    2.59550366    2.72404399    2.75521663    3.63823480    2.80580396    2.77502235    2.62898438    2.69086354    2.80137574    2.73985743    2.47642633    2.54037782    2.36309534    2.44463749    2.53412454    2.48000146    2.49961813    2.71452925    2.91552815    2.80893279    2.91679408    2.49848264    2.40925520    2.85948436    2.82808093    2.69314564    2.28570666    2.70783023    2.49854876    2.75809789    2.52448996    2.57808851    2.85334198    2.50746460    2.84240465    2.88593020    2.32465995    2.96424625    2.79214011    2.58538193    2.56832193    2.83633746    3.10344490    2.81345005    3.11526344    2.55159316    2.36218827    3.16885415    3.07939018    3.73946722    2.93625104    2.17753138    2.79158181    2.44091389    2.24848710    2.34813429    2.84575307    2.64284141    2.69711084    2.69637215    2.63839840    2.63057494    2.48665329    2.85772304    3.08565899    3.36276026    3.41314360    3.54719505    3.23080198    2.83590799    2.97541007    2.96013881    2.52433782    2.55875519    2.33036245    2.51192211    2.26869226    2.21721383    2.77948887    2.74949568    2.39050549    2.64696673    2.58885473    2.95161084    2.83643988    2.72631048    2.52478820    3.11624075    2.70314195    2.82760478    2.69629569    2.90314648    3.05792635    2.88120870    2.58969244    2.70075190    2.50846176    2.95494483    2.90861212    2.30481304
Q183G5_CLOD6/11-141     2.10607599    1.93750802    2.19679943    2.06646218    2.19543363    1.95742298    1.38695217    1.56985614    1.58869968    1.64417109    1.69473012    1.66068866    1.47471796    1.26100217    1.36114578    0.87366111    0.00000000    0.56000788    1.28394293    1.31918126    1.11498092    2.14420457    1.79461294    1.60213770    1.59320907    1.85369982    1.77905878    2.34881513    1.60102278    2.13974680    1.33719554    1.73072083    1.69872818    1.65563341    1.52834583    1.73697479    1.75600161    1.76599716    1.72154645    1.54657557    1.56791084    2.16643450    2.22492781    2.13572372    1.89507473    1.88350945    1.79554082    1.92642915    1.91141984    1.93010329    2.27919560    2.34795265    1.95975846    1.67031044    1.96470933    1.96296978    1.86054041    2.22332978    1.94425681    1.98503578    2.20059321    2.18988478    2.78416158    2.60566107    2.73484741    2.30724949    2.63634741    2.28181728    2.32447016    2.16684302    2.39645799    2.04662111    1.94108251    2.19459764    2.47774967    2.18690146    2.50284455    2.15091666    2.61720455    2.48877630    2.46962190    2.27989371    2.24647963    1.72895087    2.07801197    1.86990200    1.85932051    1.60489253    1.83830280    2.16537257    2.15558040    1.98624539    1.94917626    1.93959863    1.80466678    1.76993689    1.81787923    1.62568250    1.77462665    1.94125461    2.08870510    2.12818628    2.10203067    2.46418040    2.12604340    2.34314376    2.23529026    2.05352226    2.49387823    2.57910407    3.28711945    2.27136965    2.07239520    2.67131441    2.49359495    1.93546897    2.04405395    2.18427724    2.30180702    2.21808650    2.05508636    2.15865586    2.21062942    2.13133350    2.53270871    2.45354057    2.41088218    2.75100425    2.70424016    2.72973146    2.25220562    2.59981191    2.12116897    2.03800340    1.62871905    1.55347006    1.88077935    1.77440506    1.59929965    2.33188986    2.18171595    2.10891871    2.18856673    2.28396917    2.43406703    2.21565612    2.11074845    2.14304882    2.23709534    2.15182573    2.31009148    2.25665204    2.40511337    2.49434129    2.27121982    2.02862405    2.49260490    2.10054208    2.40177569    2.05673837    2.08379201
