8
G0WA91_NAUDC/293-441     0.00000000    0.47544827    0.77717788    0.99847048    0.79848193    1.27795700    1.06016927    0.78117702
G0V5L6_NAUCC/236-378     0.47544827    0.00000000    0.79363902    0.85317198    0.76420492    1.14368343    0.91054878    0.73263813
MTL1_YEAST/315-466     0.77717788    0.79363902    0.00000000    0.81013480    0.75364723    1.29970344    0.99628475    0.78794694
Q6FPX2_CANGA/262-411     0.99847048    0.85317198    0.81013480    0.00000000    0.93944505    1.32892557    0.95927254    0.78492812
G8BZD9_TETPH/176-317     0.79848193    0.76420492    0.75364723    0.93944505    0.00000000    1.07538658    0.81060708    0.72074073
Q758Q5_ASHGO/269-414     1.27795700    1.14368343    1.29970344    1.32892557    1.07538658    0.00000000    1.21089034    1.11082308
Q6CY50_KLULA/168-309     1.06016927    0.91054878    0.99628475    0.95927254    0.81060708    1.21089034    0.00000000    0.80482735
Q6FTP5_CANGA/166-314     0.78117702    0.73263813    0.78794694    0.78492812    0.72074073    1.11082308    0.80482735    0.00000000

