114
B9HHE5_POPTR/616-670     0.00000000    0.94712952    0.98095934    1.22331004    1.23581480    1.22381059    1.21012902    1.17206487    1.24338246    1.36422099    1.53686404    1.76301682    1.90117468    1.70021474    1.16181199    1.13834269    1.68979299    1.66146392    1.33323975    1.57148524    1.34047667    1.35120904    1.20538733    1.54628561    1.41177733    1.42951491    1.36548595    1.22709890    1.54739941    1.61052897    1.47408003    1.29434340    1.58712587    1.38867679    1.68181375    1.44566747    1.36221995    1.25879040    1.36178914    1.44704139    1.01429484    1.21696513    1.20214615    1.10383464    1.06079650    1.09052451    1.03131029    0.97622686    1.09756305    1.35431143    1.40801176    1.58013302    1.28400084    1.18376898    1.07133268    1.13190468    1.01795415    1.34102656    1.13927103    1.21868810    1.24430771    1.11312133    1.10047149    1.33039443    1.12533108    1.55620822    1.29578881    1.00550033    1.17516061    0.66500350    0.77784037    0.74562112    1.42375055    1.40036579    1.07929890    1.34619010    1.09320223    1.40397335    1.28691663    1.48136918    1.45358640    1.75418536    1.45198394    1.85580250    0.89304066    0.90980894    0.85940098    1.09838155    0.96987374    0.98007592    0.77510950    0.84774840    0.75314358    0.83070809    1.05839990    1.05127506    0.67170065    0.76574733    0.84862449    0.97557444    1.04517328    0.89447910    0.74936215    0.80155923    0.82025242    0.76063175    0.62582093    0.53957051    0.59819425    0.72053252    0.77276514    0.68569984    0.84603281    0.70290186
J3NA84_ORYBR/634-687     0.94712952    0.00000000    0.72934664    0.67255916    1.21047213    1.30420449    1.31911806    1.29939466    1.50425967    1.66097531    1.84044459    1.84182999    2.30508037    2.16249656    1.24642129    1.29944943    1.70700133    2.41217949    1.91752558    2.21261575    2.29580346    1.54597996    1.53997315    1.92088317    1.67038015    2.05274479    1.71999235    1.82339192    1.73820974    1.49904839    1.87374589    1.51101936    1.84481828    1.53346618    1.54999509    1.59642022    1.65451431    1.50846507    1.72746835    1.61742784    1.30691891    1.23835161    1.34845296    1.33187589    1.54218818    1.12869712    0.93050678    1.24608443    1.38277434    1.37767620    1.16247079    1.39893573    1.45967818    1.44818127    1.26112018    1.05566063    1.21928985    1.19892266    1.47578678    1.30435562    1.22846428    1.22936101    1.13953550    1.46123124    1.14571040    1.58195687    1.14938458    1.01852178    1.10009063    1.11327882    1.17552332    1.10977426    1.33063913    1.47264217    1.37104818    1.85340346    1.47236440    1.73964551    1.81000843    2.08787580    1.72799505    2.18903601    1.90977878    2.04920801    1.19044081    1.22420628    1.26873316    1.63566431    1.76257437    1.02866262    1.08511080    1.11107487    1.23349047    1.21313026    1.52749836    1.30765407    1.06644964    1.32717303    1.37264519    1.38027797    1.45769618    1.35311253    1.06999938    0.87506588    1.10062120    1.07496802    1.05190575    0.91661248    1.06069610    1.22138885    1.33865884    1.26198140    1.01652052    1.07238935
J3M8N9_ORYBR/743-794     0.98095934    0.72934664    0.00000000    0.44705512    1.20046299    1.13153558    1.24082327    1.13371469    1.37322649    1.28821142    1.65391368    1.80052830    2.39526545    1.93961016    1.35830714    1.45153062    1.55500461    1.99485234    1.76717124    1.96069495    1.85721008    1.74821245    1.87371213    1.84369497    1.61966447    1.65659715    1.62225726    1.96224872    1.95863974    1.93700542    1.65034963    1.52999478    1.80853559    1.47838579    1.72217413    1.71971669    1.72162691    1.61175777    1.87385687    1.65480093    1.01442573    1.26663931    1.29304765    1.44065003    1.27679231    1.35589578    0.89035142    1.31112080    1.30135023    1.33554702    1.32439567    1.36962604    1.23665959    1.10398577    1.41356278    1.05261931    1.45243194    1.39941605    1.42418109    1.34145428    1.26681476    1.22692135    1.27659290    1.28868180    1.15515486    1.53738491    1.25054674    1.13818397    1.04351086    0.90450566    0.92950138    0.89167651    1.13978203    1.20176476    1.12902112    1.37929285    1.42372113    1.61015611    1.59751448    2.17922389    1.37015576    1.57057755    1.59385391    1.76863384    1.25945043    1.28973495    1.24885876    1.58737475    1.47337776    1.01462690    1.01490034    1.13044268    1.30589606    1.17192666    1.47233767    1.50171242    1.07248455    1.26796839    1.19266455    1.35203743    1.33637625    1.06222303    1.11542283    0.99327020    1.19102126    1.21773728    0.96269441    1.03417584    0.81384305    0.99024558    1.01656395    0.96174226    0.94875383    0.89771717
M7ZXD6_TRIUA/614-668     1.22331004    0.67255916    0.44705512    0.00000000    1.41233324    1.36208427    1.39045949    1.39144716    1.56769709    1.50469730    1.67626868    1.91186245    2.27338875    2.18683495    1.43801567    1.48786561    1.59256484    1.88276103    1.71959559    1.99901029    1.87965120    1.72520901    1.70851624    1.64560226    1.57247342    1.67212127    1.54856768    1.64323128    1.70373833    1.78028283    2.09411283    1.83511075    2.02641493    1.75173340    1.81736816    1.71482956    1.92853939    1.71891097    2.14756008    1.86183099    1.35692636    1.10753519    1.41849633    1.45546842    1.30008281    1.19978924    1.02254994    1.52193640    1.42015678    1.51819028    1.36626314    1.52712971    1.29930944    1.24192574    1.60744543    1.36337993    1.50541151    1.59614551    1.75796672    1.59325119    1.44640906    1.42825871    1.38619438    1.41111408    1.28094522    1.58950193    1.29878962    1.15997298    1.11221494    1.18168980    1.21355257    1.18753646    1.55309682    1.41790342    1.31992014    1.80261778    1.75175976    1.73093488    1.61758719    1.95333088    1.84730347    2.20497254    1.86005963    1.92825506    1.47286894    1.43362073    1.38667597    2.04976567    2.07687108    1.17310574    1.28909705    1.44862987    1.40240052    1.20390588    1.55452717    1.46462638    1.26038318    1.45163483    1.46054992    1.44922572    1.67987779    1.40206926    1.32123620    1.07369852    1.41119450    1.34551372    1.23763002    1.15266823    1.01578547    1.23084490    1.44113199    1.28402633    1.10886173    1.13149197
I1IKW8_BRADI/741-795     1.23581480    1.21047213    1.20046299    1.41233324    0.00000000    0.41305289    0.33997116    0.34703131    0.65912780    0.64951858    1.15361366    0.99144550    1.27787240    1.25044778    0.90947550    0.82188513    1.02636359    1.45811636    1.27100313    1.26685105    1.44556219    1.23390736    0.98866083    1.39127676    1.17595387    1.30474957    0.96507808    1.27082471    1.26055960    1.13149501    1.02830936    0.82218388    1.19695665    1.00614335    0.94121059    0.94310870    0.80613345    0.91061227    1.28336224    1.13142495    0.91842694    0.90773753    0.96635003    1.02759272    0.92177775    1.18894214    0.84755961    0.91978664    1.17325313    0.79539739    1.05801611    1.14012102    0.78837380    0.93682489    1.63925957    1.72247680    1.65683898    1.66731389    1.50973049    1.37381747    1.65111202    1.41836649    1.42993854    1.82094692    1.33029612    2.28428074    1.77522660    1.41923413    1.45730566    1.34215641    1.33797840    1.42716618    1.50609896    1.70018354    1.64591296    1.65824641    1.75073510    1.73839186    1.65480499    1.89492976    1.70344472    1.99578961    1.79038304    2.29975806    1.21006897    1.29937809    1.22356923    1.42185283    1.75889652    1.27944221    1.22010248    1.28108502    1.28105741    1.21154243    1.33347964    1.36082671    1.23771435    1.53940400    1.31028409    1.68456876    2.00158930    1.60723288    1.56566407    1.36099643    1.56557704    1.55845089    1.21774472    1.32439745    1.18310178    1.30882498    1.42208063    1.27500077    1.56158296    1.27076782
J3N9L7_ORYBR/650-704     1.22381059    1.30420449    1.13153558    1.36208427    0.41305289    0.00000000    0.30148721    0.46852404    0.92528329    0.89146388    1.31470433    1.24129838    1.60999458    1.46988294    1.13610752    1.02914224    1.23270124    1.41045067    1.37411319    1.40333926    1.32983640    1.42733252    1.28067624    1.25144674    1.16531841    1.00710800    1.03530098    1.26619120    1.55167184    1.27107296    1.24098939    1.03230909    1.49749975    1.07657941    1.12929736    1.12785005    0.91560578    1.03830499    1.16707317    1.02860171    0.89082476    1.23179093    1.04754356    1.18493600    1.15296480    1.37086907    0.89797364    1.08642481    1.01618093    1.10106931    1.24199618    1.36290024    1.09539166    0.95749757    1.83103356    1.90437918    1.63490788    1.71925557    1.56214416    1.50536710    1.61347479    1.52543849    1.44451192    1.87614132    1.62239528    2.20863929    1.86159429    1.47026268    1.66797058    1.50888771    1.50701152    1.51088712    1.86922685    1.77664987    1.56329179    1.64309342    1.84885044    1.76291379    1.63922142    2.17528380    1.56436739    1.75349846    1.81704454    1.94755554    1.62959651    1.59465516    1.55283626    1.40395350    1.65191303    1.64388505    1.42135220    1.59236666    1.56596104    1.53501043    1.63368686    1.59287245    1.52659242    1.67901696    1.57002405    1.90852971    1.82056205    1.67904567    1.91021767    1.62041168    1.97125275    1.84256079    1.52247774    1.48853320    1.20309051    1.42117289    1.58892464    1.35281220    1.77904896    1.47364676
M8ARR4_TRIUA/753-807     1.21012902    1.31911806    1.24082327    1.39045949    0.33997116    0.30148721    0.00000000    0.43891909    0.73000444    0.72771038    1.50165044    1.29063542    1.57292677    1.45369591    1.08419273    0.98370710    1.20213739    1.33680869    1.17089966    1.36723538    1.24699745    1.22417297    1.07769843    1.15314637    1.15618732    1.00004518    0.91652977    1.05958059    1.34570764    1.18881156    1.08828229    1.03580306    1.28645841    1.06011186    0.97772736    1.00504292    0.90539046    1.00699997    1.17639973    0.88819096    0.80425349    1.01843752    0.87332974    1.06576757    1.04663061    1.33476565    0.89528397    0.91290306    1.05239205    1.05142181    1.20034776    1.33557802    0.89811564    1.00403169    1.73115048    1.80720657    1.59066211    1.66506455    1.52058966    1.48125643    1.56905867    1.50215362    1.42958497    1.82870060    1.57155090    2.32180143    1.83891936    1.43244812    1.68371747    1.59224542    1.34076994    1.55573473    1.70095616    1.41196533    1.21469946    1.38427403    1.61247568    1.46498800    1.56601759    1.83834763    1.64390973    1.77314804    1.79216731    1.82392046    1.49582453    1.49693659    1.42550735    1.09752165    1.61674199    1.28168929    1.09036432    1.18183575    1.29037297    1.15887348    1.32681598    1.19287182    1.19584755    1.32962805    1.21045322    1.66980411    1.63802476    1.71729430    1.42421944    1.38436807    1.55436821    1.48110058    1.39607223    1.35943894    1.13796763    1.34337606    1.38590900    1.26134254    1.50596475    1.19958923
K3ZLP1_SETIT/701-755     1.17206487    1.29939466    1.13371469    1.39144716    0.34703131    0.46852404    0.43891909    0.00000000    0.59365079    0.55803766    1.54520184    1.48636466    1.67109059    1.55373939    1.12449204    1.06145396    1.20574025    1.44272246    1.08429427    1.44663392    1.30598662    1.19365584    1.30199392    1.43915844    1.32749428    1.30713797    1.16531735    1.22212304    1.32283843    1.22733260    1.18522011    1.10006666    1.36344157    1.06072015    1.06029800    0.99121791    0.92557443    1.03807845    1.27912304    1.21680678    0.88402138    1.11728410    1.05025318    1.18442847    1.16083463    1.29704065    0.91495699    1.05306080    1.07973246    0.96645985    1.05442438    1.24068488    0.97317976    1.04524572    1.46771584    1.64068225    1.52062267    1.57575600    1.58381397    1.31610078    1.59783428    1.40750484    1.45093317    1.87808750    1.51035002    2.00265276    1.66505443    1.44745010    1.43434165    1.30772401    1.29362361    1.26396912    1.79003338    1.46698406    1.28947719    1.42501515    1.65677614    1.55711082    1.53148199    1.70043691    1.50688088    1.75642877    1.60695751    1.84211963    1.22519454    1.29553528    1.16262443    1.22254475    1.52248764    1.17380799    1.16914595    1.20645433    1.16472559    1.11813538    1.38224221    1.38373403    1.05820790    1.39316783    1.28805079    1.61575626    1.77665265    1.68777564    1.61240313    1.59512783    1.55275958    1.44543134    1.32149894    1.44842028    1.33567558    1.35421937    1.46206484    1.41369232    1.52462999    1.20874104
J3N9M1_ORYBR/665-718     1.24338246    1.50425967    1.37322649    1.56769709    0.65912780    0.92528329    0.73000444    0.59365079    0.00000000    0.22545950    1.24364959    1.02745942    1.37708178    1.34717246    1.07129813    1.12591125    1.31315257    1.27107299    1.24472049    1.46351742    1.28130417    1.17534852    1.24636541    1.41684527    1.18989491    1.18735652    1.00808040    1.26079479    1.22198293    1.37425093    1.15397119    1.19806513    1.20969348    1.18223520    1.17585489    1.21718341    1.07842922    1.06562277    1.43297505    1.34302545    0.88969037    0.97331822    0.94385058    1.01780722    0.90530664    1.25484244    1.12764386    1.06898032    1.11013549    0.88901230    1.04670478    1.27515231    1.04221025    1.09648838    1.39298199    1.67686881    1.57664934    1.51656856    1.26571578    1.41838067    1.75174287    1.67250558    1.58147483    1.57500349    1.50839886    1.77017535    1.59623638    1.43260838    1.44545920    1.27403453    1.11687528    1.38640723    1.68927067    1.49495150    1.29927651    1.34044711    1.65125041    1.63694173    1.53086333    1.82638943    1.44748849    1.45025853    1.62071595    1.75937230    1.45090367    1.40171780    1.42542029    1.14238470    1.40401701    1.12451565    1.08620275    1.17774982    1.32780304    0.94012973    1.24444917    1.18585585    1.09694220    1.33637130    1.23551093    1.44107802    1.62468865    1.56183476    1.41576087    1.54574870    1.31711242    1.26900463    1.36801259    1.41383325    1.24149468    1.19283899    1.45622026    1.26169790    1.34991777    1.18134594
Q2R146_ORYSJ/322-376     1.36422099    1.66097531    1.28821142    1.50469730    0.64951858    0.89146388    0.72771038    0.55803766    0.22545950    0.00000000    1.48604619    1.34953404    1.67183608    1.87920911    1.19667553    1.27665683    1.33033765    1.28325955    1.39529456    1.46115576    1.32705498    1.38940752    1.39478038    1.75035618    1.24133557    1.33137555    1.18884543    1.35880491    1.40019373    1.58463917    1.27186947    1.30989553    1.46334536    1.36109350    1.34133547    1.35943975    0.98140450    1.14976609    1.47374685    1.41750833    1.06616195    1.06494417    1.09892249    1.15033492    1.02896282    1.40941859    0.99871071    1.16516222    1.32043266    0.97964692    1.06605240    1.33728246    1.16408526    1.19794554    1.71189412    2.06377648    1.79909724    1.70486084    1.41137111    1.67288279    2.09518592    1.93793338    1.85501314    2.00896396    1.88145427    1.96990194    2.06458284    1.76915876    1.70417318    1.57216611    1.36345259    1.69134926    2.08587972    1.75955444    1.60886468    1.62223944    1.90698032    1.84102802    1.72952983    2.02884586    1.76390179    1.71888274    1.81971208    2.17944059    1.61746024    1.68568352    1.67093640    1.39344335    1.62394979    1.23681076    1.29568846    1.34253215    1.54360692    1.16002212    1.48420514    1.40678292    1.21230517    1.53610822    1.49073072    1.65683623    1.91888555    1.89741036    1.72818788    1.85820762    1.56121341    1.50266802    1.54839166    1.58810579    1.44090549    1.43092029    1.79582172    1.58041415    1.68317352    1.30260021
A0A3B6MR21_WHEAT/764-817     1.53686404    1.84044459    1.65391368    1.67626868    1.15361366    1.31470433    1.50165044    1.54520184    1.24364959    1.48604619    0.00000000    0.44614446    0.41233802    0.53646765    1.00275262    1.29917962    1.32727630    1.26957465    1.60331065    1.39568258    1.54250387    1.67261652    1.58631170    1.59545737    1.48044536    1.76894691    1.60110353    1.68093634    1.65154898    1.51681454    1.42959063    1.29841576    1.26550229    1.33281136    1.25932239    1.35715598    1.09141474    1.04918771    1.47310798    1.54198516    1.11349979    1.26771346    1.25069291    1.27292187    1.17227304    1.30088253    1.24466525    1.21709673    1.06553464    1.10621990    1.30046887    1.24271055    1.27325958    1.00610758    1.90970136    1.96312703    1.93853683    2.25929118    1.66461651    2.11597843    2.35121469    2.24863512    2.03673831    2.08188431    2.31856677    2.74439233    2.43479698    2.06552503    1.99164472    1.72022663    1.73602844    1.68541881    1.82281706    2.14902038    1.93891713    1.85392372    1.84572525    1.97147658    1.74103395    1.99781757    1.50603606    1.81369255    1.52950268    1.84323008    1.88524816    1.75955889    1.53927533    1.77618113    1.69524601    1.66178892    1.50917204    1.55753255    1.68185484    1.75628907    1.74895508    1.71168811    1.98013308    1.77945398    1.79794464    1.83023094    2.06834072    1.79878765    1.71286391    1.89149777    1.78264157    1.96293837    1.61058310    1.77942571    1.61820453    1.63132608    1.91917459    1.68820883    2.04182611    1.73590288
J3N9L6_ORYBR/708-760     1.76301682    1.84182999    1.80052830    1.91186245    0.99144550    1.24129838    1.29063542    1.48636466    1.02745942    1.34953404    0.44614446    0.00000000    0.39515478    0.52220760    1.07134197    1.20754608    1.30433937    1.32025205    1.63618415    1.51540666    1.80224388    1.89025719    1.54749604    1.66516813    1.66964628    1.85695928    1.70065130    1.77671859    1.78553532    1.50767648    1.39367161    1.46968299    1.33988950    1.33592259    1.32310902    1.19613345    1.19313383    1.28183120    1.52445921    1.38594203    1.03969180    1.08874713    0.97545010    1.20744677    1.15489032    1.33530730    1.21989598    1.13618384    1.14508275    1.08037083    1.32161202    1.25391265    1.14399521    1.08485314    2.43246626    2.44755779    2.33492167    2.29190076    1.70858328    2.10493210    2.51771005    2.52044183    2.28981809    2.08953446    2.72823551    2.85487771    2.45359214    2.48803894    2.31364863    1.93120465    2.03460933    2.11250311    1.84817945    2.29744226    2.24553485    1.93862172    2.26932043    2.58417031    2.43724077    2.19799253    1.89625225    2.03008433    2.07959365    2.30399933    1.83635748    1.60840056    1.70329831    1.82113002    1.88403345    1.70013287    1.57317858    1.52640776    1.76618604    1.80572352    1.69717086    1.83075590    1.75843555    1.67903608    1.72648411    1.88061817    2.19535365    2.05945943    1.68155728    1.73897936    1.78420922    1.92018603    1.78692267    1.87067504    1.55066502    1.79371360    1.87350554    1.72050258    2.13673031    1.86843863
M8B2R1_TRIUA/662-716     1.90117468    2.30508037    2.39526545    2.27338875    1.27787240    1.60999458    1.57292677    1.67109059    1.37708178    1.67183608    0.41233802    0.39515478    0.00000000    0.28548567    1.22054416    1.47967321    1.47426050    1.36219530    1.60986979    1.46334100    1.66292365    2.13334940    1.63144633    1.48572634    1.79073028    1.91646674    1.68665695    1.51779183    1.64133362    1.49230247    1.58225773    1.56710889    1.47315172    1.54370464    1.47854717    1.43463024    1.36599497    1.36271387    1.62783902    1.62255886    1.30034023    1.33601359    1.33233909    1.41103353    1.38794759    1.45387535    1.48579380    1.37787619    1.39272947    1.15452980    1.27390458    1.22324875    1.44548011    1.12930566    2.31268534    2.43894919    2.15425383    2.14364384    1.62468057    2.19466128    2.61062031    2.50565541    2.46654916    2.48182960    2.84629881    2.89385704    2.55174805    2.48981601    2.23080074    2.09352096    2.20326100    2.26253369    2.55255181    2.65353099    2.55681899    2.28347912    2.63932831    2.72264383    2.55373137    2.41050117    2.27953083    2.41781035    2.20892120    2.35680624    2.20881631    1.95205867    1.81107423    1.84006175    2.15363272    2.05733430    1.75517030    1.86302916    1.82588096    2.19575963    2.18862775    2.26145567    2.31767885    1.98683203    2.13789903    2.11910428    2.04701376    2.01642520    1.89681558    2.13615184    2.01313592    2.24250304    1.89781095    1.97192861    1.84561685    2.02467202    1.89973632    2.01677696    2.40586260    1.84072428
M7ZDY7_TRIUA/718-772     1.70021474    2.16249656    1.93961016    2.18683495    1.25044778    1.46988294    1.45369591    1.55373939    1.34717246    1.87920911    0.53646765    0.52220760    0.28548567    0.00000000    1.20446116    1.59497525    1.35866001    1.83174797    1.75050635    1.66253293    1.88730294    1.72161202    1.57898518    1.58720055    1.65676430    1.47048172    1.58527829    1.88670204    1.63026634    1.57902594    1.52393022    1.57157300    1.48938827    1.59778790    1.56556763    1.50586441    1.37780789    1.44548424    1.68576630    1.61943408    1.30413003    1.26687999    1.29441404    1.36819455    1.35633395    1.63851612    1.45101383    1.36608231    1.39670282    1.22813037    1.41068103    1.41274743    1.38817443    1.31577012    2.07515903    2.29183259    2.21575835    2.03761632    1.73159979    1.94430143    2.35634427    2.19700012    2.18959112    2.11905711    2.25115126    3.06418988    2.46490031    2.17662234    2.08269476    1.86599364    1.77769910    1.96221831    2.32932547    2.55023812    2.26781174    1.92229524    2.51941241    2.48353710    2.38593768    2.57638994    1.86190305    2.10001138    2.12579283    2.23015097    2.05543795    1.68284511    1.70740372    1.72404139    1.95176786    1.77920289    1.46740339    1.66724971    1.67212557    1.98961618    1.91226878    1.92291890    2.00332821    1.95166750    1.91163368    1.84474893    1.87528996    1.82979969    1.92094673    1.87397331    1.92070490    1.90854139    1.73416085    1.83277168    1.53763376    1.84074764    1.85436226    1.80629532    2.00757972    1.78412956
M8AVK6_TRIUA/619-673     1.16181199    1.24642129    1.35830714    1.43801567    0.90947550    1.13610752    1.08419273    1.12449204    1.07129813    1.19667553    1.00275262    1.07134197    1.22054416    1.20446116    0.00000000    0.62190656    1.03195730    1.21110699    1.22828166    1.42108293    1.35173710    1.15516875    1.33096667    1.36712635    1.23917371    1.43143083    1.14395788    1.21129938    1.18562792    0.74837431    0.77715161    0.87421598    0.87010205    0.82920533    0.73926275    0.79790994    0.76764848    0.67822667    1.12580777    1.07803502    0.49353198    0.69063831    0.69562475    0.59775914    0.67121771    0.59614985    0.72645256    0.64809617    0.82084697    0.65381244    0.66391910    0.84656089    0.70532945    0.61080521    1.59383559    1.60742872    1.50163254    1.53487647    1.25249473    1.59809741    1.81109196    1.44816799    1.56661204    1.79399204    1.71218190    2.04180768    1.87580025    1.48209651    1.68793199    1.41812374    1.44940217    1.55423586    1.79206579    2.26161424    1.83812013    1.57456586    1.71770861    2.03460144    1.95415891    2.18805905    1.64214557    1.95292152    1.69019834    1.76984028    1.36896717    1.53320478    1.44456504    1.51066811    1.61197153    1.19600681    1.24819282    1.46651531    1.44368427    1.59846340    1.76808962    1.64824307    1.67277362    1.60407534    1.61394873    1.89321957    1.59489100    1.74557856    1.45741933    1.57557936    1.30430796    1.44945551    1.35719245    1.42477963    1.42886083    1.48530980    1.78490106    1.44078944    1.60003841    1.35572255
Q6K8M2_ORYSJ/694-748     1.13834269    1.29944943    1.45153062    1.48786561    0.82188513    1.02914224    0.98370710    1.06145396    1.12591125    1.27665683    1.29917962    1.20754608    1.47967321    1.59497525    0.62190656    0.00000000    1.31844610    1.27246872    1.23827881    1.25970288    1.37054682    1.31286552    1.07678497    1.28341579    1.18223472    1.38866440    1.00504245    1.05643728    1.31192077    0.98254527    1.02218372    1.02093605    1.29178459    1.03466056    1.06145922    0.78309720    0.93570647    0.74705231    1.23990780    1.18821279    0.68949412    0.61620627    0.77947037    0.71537547    0.79218820    0.73111535    0.89507925    0.88696187    0.88130874    0.89463539    1.01835749    0.97420408    0.67158682    0.62746377    1.77159548    1.67753702    1.58923814    1.90357992    1.47229236    1.64000423    1.95595306    1.63872619    1.67227074    1.93397669    1.94056136    2.48585964    2.02297366    1.75026543    1.90229204    1.46818934    1.33729031    1.50699323    1.64717738    2.21280244    1.85580186    1.68650148    1.79907064    1.91660587    1.91419044    2.40488132    1.72167440    1.99136507    1.65880938    1.88626513    1.27834874    1.28278271    1.25564626    1.63435958    1.64161067    1.23862363    1.21070198    1.40688153    1.29545801    1.31681487    1.55475675    1.54834316    1.43004323    1.54670040    1.41951018    1.64499819    1.78296239    1.74610425    1.53553307    1.53725216    1.66668290    1.41067900    1.40117851    1.25617793    1.29510900    1.37692981    1.70417257    1.46986632    1.61410116    1.45628287
J3MJG3_ORYBR/709-764     1.68979299    1.70700133    1.55500461    1.59256484    1.02636359    1.23270124    1.20213739    1.20574025    1.31315257    1.33033765    1.32727630    1.30433937    1.47426050    1.35866001    1.03195730    1.31844610    0.00000000    0.90472470    1.08367430    0.95912356    1.23034371    1.11757245    1.26049845    1.15705581    1.14682543    1.20303747    1.01773526    1.27115886    1.28465768    0.79654741    0.85985452    0.83064619    1.13992858    0.83691447    0.76225450    0.96181713    1.00144980    1.05330022    1.26027256    1.17057965    0.95112607    1.13710654    1.01449319    1.04092453    1.04489085    1.09965902    0.84745180    1.30200141    1.03479242    1.17554383    1.03822389    1.21636033    0.98974349    0.90543754    1.81463642    1.95948381    1.86217716    1.92703210    1.76978953    1.89550601    2.02687065    2.15525904    1.94288405    1.95182889    1.87928558    2.65767089    2.24650473    1.88084632    2.05493126    1.87827958    1.83336129    1.73406838    1.64520891    2.24267639    1.91161632    1.70666793    2.08543266    1.91676139    1.85675065    2.39177920    1.83532339    2.16514954    1.92067632    2.02506514    1.92684400    1.84780346    1.71587184    1.42593387    1.85455352    1.69418299    1.80609328    1.72381904    1.77321184    1.86580890    2.08750890    2.04619913    1.74812321    1.71283769    1.79587464    1.90575557    2.17656241    1.93130277    1.99903122    1.70294428    1.93367228    1.92640514    1.75039562    1.90171844    1.87879569    1.85429223    2.03024375    1.91207905    1.88021809    1.81527164
J3N3H2_ORYBR/164-220     1.66146392    2.41217949    1.99485234    1.88276103    1.45811636    1.41045067    1.33680869    1.44272246    1.27107299    1.28325955    1.26957465    1.32025205    1.36219530    1.83174797    1.21110699    1.27246872    0.90472470    0.00000000    1.13378879    1.26581544    1.06992290    1.72365146    1.47851760    1.14090615    1.52908733    1.27614469    1.23510419    1.28229580    1.28310724    1.03148911    1.09773641    1.13224895    1.36355309    1.03189688    1.07195905    1.04229218    1.00182231    1.13464480    1.20236868    1.16016973    1.07353450    1.34726633    1.15760020    1.28080802    1.31263377    1.28209245    1.21401325    1.58071055    1.34790337    1.11013896    1.29580978    1.31574963    1.17697566    1.02982987    2.40273564    2.38166749    2.41331886    2.53529658    2.19201465    2.35163958    2.16419360    2.25908001    2.18655977    2.45783781    2.30508504    2.24517730    2.22899786    2.14117867    2.31135844    1.88976761    1.80858254    1.92790947    1.89151753    2.05582466    1.82964622    1.95025365    1.91977313    2.13086905    2.05201384    2.24596807    1.72092247    1.83128982    1.63925998    1.66612521    2.04572837    2.12929365    1.82186252    1.42745165    1.68606033    1.80820857    1.64646765    1.62971959    1.66071281    1.59670261    1.82022419    1.90925204    1.87519701    1.50666391    1.68087083    1.87926356    2.16899701    2.07782753    1.87231940    2.02898888    2.03923336    2.01588446    2.04504408    1.85668954    1.59515216    1.60698672    1.99403245    1.76542892    1.94943331    1.88158721
Q5VQ96_ORYSJ/693-750     1.33323975    1.91752558    1.76717124    1.71959559    1.27100313    1.37411319    1.17089966    1.08429427    1.24472049    1.39529456    1.60331065    1.63618415    1.60986979    1.75050635    1.22828166    1.23827881    1.08367430    1.13378879    0.00000000    0.53081076    0.69610907    0.73302592    0.96495584    0.80367255    0.86519119    0.84063502    0.71094719    0.59639609    0.84433791    0.92232092    1.08602836    1.09277970    1.32730248    1.09747344    1.13798983    0.95089284    1.12592275    1.22967060    1.15929866    1.23379755    1.17921409    1.40242023    1.06437332    1.16414431    1.37622495    1.24374749    1.20606069    1.51803618    1.47143158    1.39320935    1.46819289    1.30893331    1.15122104    1.12280564    1.94057895    1.80035272    1.84345677    1.65929911    1.91735343    1.66446434    1.86943151    1.88668384    1.93672531    2.38275625    2.09910501    1.85534241    1.84976414    1.83655001    1.66258070    1.53601386    1.41151542    1.37440709    1.76270957    1.77862311    1.72992182    1.47594524    1.56670107    1.71010429    1.47974342    1.73045146    1.74683917    1.75279143    1.65130890    1.66041000    1.51177350    1.53218227    1.32156930    1.12869250    1.31170534    1.38517113    1.43216310    1.26727938    1.29947511    1.39290366    1.80888363    1.86642295    1.52069391    1.26701593    1.50457020    1.41517716    1.82775034    1.85474188    1.52572757    1.62511617    1.59466168    1.68492061    1.60004339    1.51453584    1.42304123    1.30565233    1.70649497    1.38048305    1.39508797    1.36951080
J3MAU1_ORYBR/449-505     1.57148524    2.21261575    1.96069495    1.99901029    1.26685105    1.40333926    1.36723538    1.44663392    1.46351742    1.46115576    1.39568258    1.51540666    1.46334100    1.66253293    1.42108293    1.25970288    0.95912356    1.26581544    0.53081076    0.00000000    0.77616375    0.94088690    1.03744098    0.85986154    0.86901472    1.00530454    0.85011899    0.70421618    0.87208918    1.02330116    1.11225226    1.00753668    1.08897952    1.11996996    1.30637032    1.07840392    1.08495896    1.14007439    1.26769774    1.25145290    1.20270923    1.44311009    1.23146033    1.35604317    1.43863092    1.29715596    1.26029856    1.35397475    1.25153360    1.30849174    1.57595128    1.48811390    1.15059949    1.08153768    1.97970829    1.94200326    1.79898430    1.65909501    1.48960713    2.07487142    2.18059092    1.86880582    1.99455060    2.18769954    1.91291342    2.03955059    2.24106361    1.89789590    1.86118943    1.44125492    1.57422500    1.44865421    1.79540295    1.90432097    1.85725914    1.69275126    1.59367956    1.66578054    1.42218211    1.82110317    1.77754106    1.85129061    1.77521527    2.09927096    1.72226987    1.47826832    1.37054329    1.57563700    1.53751145    1.64582689    1.36536808    1.31554380    1.48061942    1.50715011    2.03131475    1.71364827    1.49929148    1.27848847    1.42362222    1.39275199    1.61744068    1.67090230    1.75739918    1.64988113    1.98376939    1.91099625    1.54385921    1.59324543    1.53690339    1.36634336    1.83183734    1.45127340    1.54228483    1.48369691
I1HL39_BRADI/735-792     1.34047667    2.29580346    1.85721008    1.87965120    1.44556219    1.32983640    1.24699745    1.30598662    1.28130417    1.32705498    1.54250387    1.80224388    1.66292365    1.88730294    1.35173710    1.37054682    1.23034371    1.06992290    0.69610907    0.77616375    0.00000000    0.79624368    0.73792583    0.89174525    0.92124429    0.88115937    0.71289660    0.48899914    0.72368990    1.10187191    1.09915576    1.17905957    1.39195573    1.32719333    1.28077276    1.27037073    0.89579450    0.92691428    1.20975435    1.32109102    1.14828902    1.42506218    1.20281470    1.18107221    1.21570412    1.21714715    1.12700021    1.36197755    1.21019820    1.11102706    1.32417610    1.31743392    1.05024839    1.07048316    1.57068562    1.71285388    1.67293113    1.86998047    1.44311240    1.39528692    1.52268561    1.54173341    1.53452426    2.06709194    1.63189791    1.92655971    1.64411268    1.38635232    1.90610428    1.26487420    1.43001901    1.65125015    1.76270087    1.62365009    1.49372518    1.36340036    1.60053315    1.72290170    1.44590488    1.68666988    1.88459911    1.95019868    1.65904793    1.76169972    1.55345957    1.35420926    1.32537267    1.35253986    1.52235871    1.42843532    1.36036048    1.37878462    1.31385285    1.59546786    1.78612915    1.56674497    1.79438489    1.31361337    1.46892385    1.46890924    1.49641022    1.68350989    1.67242586    1.97529158    1.58257186    1.55719930    1.59642009    1.55375152    1.45834571    1.50161085    1.64960037    1.51510307    1.51215027    1.43744319
J3MAU4_ORYBR/737-795     1.35120904    1.54597996    1.74821245    1.72520901    1.23390736    1.42733252    1.22417297    1.19365584    1.17534852    1.38940752    1.67261652    1.89025719    2.13334940    1.72161202    1.15516875    1.31286552    1.11757245    1.72365146    0.73302592    0.94088690    0.79624368    0.00000000    0.66281343    0.63453524    0.78027483    0.64600277    0.50019251    0.53603602    0.63632187    1.18273286    1.36029811    1.15994903    1.25416776    1.24970479    1.20012738    1.06106291    0.92210627    0.90203965    1.46200353    1.56482574    1.09950358    1.21035716    1.05027899    1.19732375    1.22499014    1.25902600    1.21151084    1.49892839    1.23837017    1.44901862    1.35357826    1.36702676    1.43930408    1.36198171    1.55112929    1.68926309    1.65640356    1.56634177    1.68888004    1.65560669    1.87571409    1.76780370    1.86451162    1.93088218    1.73357047    1.92135282    1.75132956    1.68120843    1.79141080    1.45604571    1.43366264    1.41829780    1.68506349    1.86531307    1.62432520    1.35398040    1.49725224    1.66028213    1.31357618    1.66513187    1.88067630    1.92385562    1.89415241    2.00402877    1.74458536    1.45363477    1.42147855    1.42000858    1.43877740    1.48079637    1.51437971    1.47036912    1.53594699    1.50856336    1.85118133    1.64872894    1.46127329    1.67629413    1.72076585    1.59646471    1.77234609    1.85445388    1.65349603    1.60168125    1.66730250    1.52692218    1.65342875    1.67285877    1.78114780    1.62032425    1.82438626    1.61830889    1.51295941    1.62511247
Q5VPR2_ORYSJ/718-775     1.20538733    1.53997315    1.87371213    1.70851624    0.98866083    1.28067624    1.07769843    1.30199392    1.24636541    1.39478038    1.58631170    1.54749604    1.63144633    1.57898518    1.33096667    1.07678497    1.26049845    1.47851760    0.96495584    1.03744098    0.73792583    0.66281343    0.00000000    0.66249684    0.78031422    0.77311713    0.59732765    0.55344125    0.62055980    1.07610721    1.32546630    1.23523775    1.30993933    1.15994069    1.24256868    1.09742916    0.94206428    1.00944082    1.23203306    1.32645696    1.22089522    1.16888580    1.10149674    1.15943957    1.29590270    1.02430405    1.01644464    1.24420108    1.26140957    1.36952954    1.28847764    1.30214215    1.16734387    1.26994511    1.62626709    1.76668280    1.98097468    1.77030947    1.56758641    1.65422891    1.78418353    1.72380071    1.63496616    2.21412554    1.88637583    2.31945129    1.99372700    1.94776388    2.25426644    1.35685467    1.37316393    1.54187952    1.67247814    1.73430147    1.48430372    1.42066540    1.53312185    1.71455539    1.50864059    1.89598807    1.79211621    1.89354137    1.64244965    2.01143257    1.59078446    1.44576393    1.18574910    1.53212171    1.62020439    1.48908586    1.47322505    1.32939092    1.40935749    1.49103716    1.70979100    1.56218708    1.56549743    1.39161571    1.41574067    1.65036562    1.62944627    1.58395886    1.50311116    1.53160396    1.60795386    1.52951262    1.60093414    1.53877719    1.53088863    1.46233725    1.68468619    1.47046073    1.47037311    1.51323316
C5Z2V6_SORBI/710-767     1.54628561    1.92088317    1.84369497    1.64560226    1.39127676    1.25144674    1.15314637    1.43915844    1.41684527    1.75035618    1.59545737    1.66516813    1.48572634    1.58720055    1.36712635    1.28341579    1.15705581    1.14090615    0.80367255    0.85986154    0.89174525    0.63453524    0.66249684    0.00000000    0.63479242    0.46400244    0.38301352    0.61816263    0.72463131    0.94480451    1.32092614    1.13568374    1.17746688    1.03344465    0.96849363    0.96607554    0.93614251    1.12438534    1.27723785    1.34394517    1.08257172    1.35885775    1.06973243    1.27968688    1.27387308    1.27693593    1.26484274    1.42107572    1.20912805    1.32297124    1.26461476    1.25323147    1.32999503    1.20086273    1.74184929    2.02168356    2.02308401    1.77121233    1.70576380    1.76158141    1.79385004    1.69705535    1.77032708    1.97607937    1.79820447    1.99755216    1.60954206    1.68846507    2.19416200    1.34394665    1.31727284    1.36901292    1.49314675    1.48023082    1.38538622    1.70899448    1.59460278    1.68017425    1.46029979    1.65004972    1.76587082    1.88307196    1.64443808    1.72209304    1.64050784    1.47567694    1.16401292    1.40379648    1.75101283    1.43128394    1.28165655    1.39338170    1.34342469    1.36888473    1.56269867    1.36683893    1.53574070    1.35456290    1.53145442    1.45540618    1.61362091    1.37678748    1.53829169    1.50258360    1.65845427    1.70775262    1.61602546    1.61386235    1.49278776    1.57077652    1.70670409    1.41219407    1.43015853    1.53667526
