103
G0R783_HYPJQ/20-225     0.00000000    0.26532579    0.23890963    0.28517596    0.33092318    0.29125972    0.36106863    0.31103763    0.39349417    0.43578343    0.46157852    0.51472300    0.26231735    0.33980293    0.28250863    0.38808307    0.35426315    0.36046416    0.43876328    0.45522539    0.40854261    0.50789680    0.50626524    0.47512197    0.43652232    0.60346712    0.58286988    0.71713088    0.71963759    1.00424020    0.98345385    0.93481147    0.94705720    0.93550825    1.14703765    1.15945755    1.00430299    1.05859102    0.99769747    0.83658380    0.94679515    0.87084587    0.90117629    0.91624110    0.89179939    0.84055303    0.92665817    0.91505074    0.90758995    0.80310426    0.79616113    0.80286992    0.95854814    0.81550569    0.84500544    0.93519592    0.86987850    0.82642677    0.87771328    0.87741613    0.84159079    0.91664833    0.89036707    0.93328499    0.81297316    0.90107318    0.92228201    0.87735793    0.85541923    0.86516445    0.89708435    1.81564793    1.83154088    1.77860654    2.22066074    1.79714422    1.64406252    1.73521730    1.64273232    1.75637055    1.86861846    0.90939965    0.98540659    0.86684842    0.95160145    0.96235036    0.56948828    0.72968946    0.71015718    0.63980462    0.63215630    0.81274311    0.69900269    0.58129115    0.57946934    0.70521444    0.67121574    0.63039454    0.72303006    0.71837550    0.80574464    0.76343059    0.45222637
M1W663_CLAP2/29-234     0.26532579    0.00000000    0.24035666    0.37977396    0.41096200    0.37499797    0.48169422    0.33966185    0.40751891    0.49889767    0.47333381    0.45251448    0.36111104    0.44823221    0.34383935    0.43191505    0.45555139    0.47199414    0.46479409    0.44503893    0.46655450    0.44979445    0.50298393    0.51093892    0.48551689    0.57215539    0.56233595    0.81344973    0.85636954    1.09781685    0.96572842    0.95065287    0.94838629    0.96617693    1.13117413    1.08278438    1.01126213    1.07313140    0.99944220    0.82713083    0.91385193    0.83581284    0.89066065    0.93779062    0.91433495    0.86628123    0.97819065    0.95208862    0.84212582    0.79881331    0.86232274    0.84720115    1.02332954    0.81541096    0.79529392    0.84464201    0.92979854    0.81333192    0.88906190    0.85767782    0.86457281    0.95883427    0.90843817    0.85564442    0.83689403    0.88610495    0.86307769    0.87236196    0.82456259    0.83309558    0.85623800    2.01582394    1.89967267    1.86155218    2.26018776    1.81357154    1.76905303    1.78906323    1.63540139    1.59432975    1.82294883    0.86931914    0.94747985    0.87292645    1.07731749    1.06455185    0.63345596    0.77598183    0.71459828    0.68336523    0.78628309    0.93980178    0.84359819    0.69046624    0.67773309    0.76532353    0.75303223    0.69026177    0.75589788    0.65446372    0.81548361    0.74958539    0.52015144
I1RT23_GIBZE/29-234     0.23890963    0.24035666    0.00000000    0.33351593    0.37108981    0.25288633    0.38439646    0.29153634    0.35667206    0.49534922    0.52841525    0.47680820    0.29670008    0.36275796    0.26760016    0.35520118    0.34895924    0.38459087    0.43337288    0.43673280    0.41644056    0.50527766    0.46909273    0.48848506    0.41041617    0.58320232    0.59148425    0.77049582    0.81772956    1.01519208    1.01552899    1.00459609    0.95616555    0.98488747    1.13494847    1.12866818    1.01231411    1.10901746    1.00984347    0.88838349    0.97299960    0.91764693    0.88247273    0.93563138    0.92956328    0.93785735    0.93822672    0.97227708    0.88079193    0.75410119    0.89733993    0.83987298    1.02730064    0.87459698    0.89244686    0.96285324    0.91197222    0.82140508    0.89658309    0.81989899    0.83825919    0.93649724    0.86716523    0.88906728    0.82875237    0.93284187    0.85688474    0.85924549    0.82374068    0.81913899    0.93314356    1.87260985    1.84146173    1.80865443    2.31611823    1.69853544    1.53911342    1.66206588    1.57306518    1.49395540    1.77250363    0.91224501    0.93510825    0.90892604    1.03752724    1.04402995    0.60913251    0.69599283    0.69129200    0.68463631    0.69682460    0.88835335    0.77958089    0.62304850    0.65086544    0.72740448    0.68001023    0.64755563    0.71941118    0.60696584    0.77833913    0.71020607    0.46478059
G2QS54_THETT/27-234     0.28517596    0.37977396    0.33351593    0.00000000    0.29216547    0.32403359    0.37348850    0.35173239    0.37611579    0.36955143    0.43502008    0.45782951    0.31000908    0.35457635    0.32627470    0.41001130    0.39211560    0.35674393    0.44223967    0.40335716    0.42641566    0.46813480    0.46156886    0.44321749    0.45775683    0.60864199    0.59338926    0.84507152    0.79787782    1.00497497    0.93558674    0.98500829    0.97653425    1.01542124    1.21129635    1.06115478    1.02131943    1.07784288    1.00925973    0.89861954    0.95319715    0.85789908    0.93060603    0.86171019    0.91392895    0.87910782    0.94482890    0.97171528    0.90767633    0.80081165    0.84622457    0.83070690    0.99977389    0.88801406    0.86743282    0.94289682    0.85735112    0.84737705    0.85778288    0.94809401    0.84065309    0.92255322    0.87437138    0.89425508    0.81398233    0.91135281    0.88418933    0.86659555    0.89183904    0.87753301    0.90571295    1.88260998    1.83153949    1.82862299    2.35355320    1.77440649    1.63314489    1.86107781    1.70140074    1.77733676    1.96464224    0.88787856    0.89716433    0.91687162    0.94587765    1.02202880    0.68034502    0.71514669    0.69814932    0.63650856    0.71805875    0.90278384    0.81086491    0.68841231    0.66883601    0.77202079    0.75747377    0.61046242    0.72104593    0.69661052    0.80653292    0.76691207    0.42215480
B2B7G3_PODAN/34-241     0.33092318    0.41096200    0.37108981    0.29216547    0.00000000    0.39791044    0.46388783    0.40660932    0.43231392    0.48181912    0.48809377    0.56314313    0.28706041    0.45057317    0.40314355    0.46373970    0.47414401    0.48909263    0.51086708    0.51421442    0.46111026    0.55877150    0.56879434    0.50466398    0.53637237    0.66396719    0.67512494    0.82590789    0.85289616    0.99737184    0.96266210    0.99755062    0.96422777    1.04192861    1.12801699    1.04718251    1.02417027    1.07611040    0.98099185    0.96060362    1.04903733    0.91774768    1.00083437    0.90844085    0.89583227    0.91364342    0.92325933    0.98050432    0.93834917    0.82870328    0.87167418    0.85657018    1.04060619    0.85242903    0.90429736    0.92843905    0.98501404    0.84963991    0.85453019    0.92817632    0.88073210    0.93172559    0.90767040    0.88241465    0.82088612    0.87242379    0.92596793    0.86409274    0.84943476    0.85845377    0.94813218    2.00340641    1.92360823    1.93329073    2.51856261    1.73160490    1.66614386    1.79216052    1.68951253    1.67325231    1.90157452    0.93589323    0.96739678    0.89913786    0.93856706    0.98270537    0.66824371    0.74275297    0.81783510    0.66255343    0.78041161    0.90793245    0.81846061    0.73840022    0.68541226    0.82043163    0.77353302    0.65907529    0.74358520    0.74820202    0.83887042    0.78922670    0.54009952
E3QFZ9_COLGM/11-216     0.29125972    0.37499797    0.25288633    0.32403359    0.39791044    0.00000000    0.29970213    0.35234714    0.36136667    0.44003566    0.55405051    0.44343709    0.28229792    0.26998114    0.26439635    0.33719036    0.31220117    0.32991934    0.34506861    0.40429410    0.37296067    0.43620461    0.46272105    0.44712726    0.37249248    0.56539204    0.57351489    0.80661804    0.78469685    0.95481754    0.95323756    0.96923688    0.92683188    0.98398766    1.12210319    1.13359201    1.02269166    1.02253779    1.00052802    0.93318732    0.98955346    0.91734606    0.90037526    0.87444517    0.95633683    0.90548041    0.90258082    0.89938400    0.83679736    0.78916216    0.81983647    0.80898311    0.92940516    0.90293769    0.86214705    0.90954041    0.92480387    0.85843113    0.90876208    0.90743549    0.86436432    0.92709375    0.94076009    0.96126727    0.91487344    0.94696479    0.93409745    0.83330142    0.87186574    0.90373812    0.90900836    1.83288976    1.92925632    1.90284392    2.44265352    1.65983362    1.50597122    1.67044559    1.50890228    1.60619039    1.94225750    0.94185166    1.00943773    0.95699709    1.02528111    1.00460441    0.60240945    0.65037758    0.68096662    0.61079609    0.63947427    0.78167019    0.68290625    0.58353115    0.59227232    0.63980604    0.65074332    0.53441077    0.73379866    0.65923214    0.80272651    0.73753951    0.45226774
C9SFT5_VERA1/17-224     0.36106863    0.48169422    0.38439646    0.37348850    0.46388783    0.29970213    0.00000000    0.40983928    0.35499366    0.49913419    0.57746490    0.51237614    0.30403750    0.35150380    0.34507305    0.41435014    0.40816967    0.42977985    0.44026499    0.49817834    0.47683617    0.52870558    0.51271626    0.47491199    0.40531465    0.55950745    0.58052979    0.87658569    0.89531669    1.00616582    0.98954619    0.99025501    0.99187390    1.03104831    1.04687791    1.04970784    1.02720348    1.18219037    1.08123456    0.91587122    0.94495665    0.88384642    0.80184775    0.83541118    0.89615129    0.73287618    0.85977395    0.87549502    0.83171243    0.75900087    0.82622561    0.81137814    0.91841772    0.86812529    0.86779898    0.94966210    0.89989033    0.87033266    1.01029320    1.00294978    0.85959202    0.90146599    1.01609062    0.94461055    0.96487206    0.96469272    1.00021977    0.91800586    0.95514694    0.94674682    0.88682411    1.97058039    1.95744632    1.90685698    2.39425446    1.78492491    1.56487119    1.75608147    1.54915579    1.62795473    1.99863139    0.98373067    0.99773022    0.93454740    1.01162198    1.02474196    0.61573679    0.68921332    0.75352452    0.62761224    0.62892442    0.83541345    0.74060072    0.62542251    0.58493414    0.75693252    0.72552402    0.59780932    0.78469731    0.72104210    0.72969606    0.67925016    0.50545284
ERG2_MAGO7/13-220     0.31103763    0.33966185    0.29153634    0.35173239    0.40660932    0.35234714    0.40983928    0.00000000    0.34994814    0.44325410    0.41581648    0.43099441    0.28863959    0.36477750    0.31485681    0.38454919    0.40177447    0.43550009    0.42704622    0.44622534    0.45872581    0.47624502    0.46410693    0.45291543    0.44867540    0.58780908    0.58737589    0.83952445    0.89171102    1.02747758    0.97439946    0.90966492    0.86959795    0.94997950    1.16577831    1.03365609    0.97125442    1.07342397    1.00322589    0.88941306    0.93941407    0.87296250    0.91818544    0.89817454    0.88971395    0.87296249    0.89957622    0.93663727    0.84313826    0.80088099    0.83887037    0.86404887    0.89288217    0.83923656    0.83052932    0.90669719    0.93842850    0.87733342    0.89083430    0.90741676    0.83909091    0.90820969    0.91224561    0.91877080    0.81610758    0.87453957    0.82662380    0.88492947    0.81302609    0.87163911    0.89877841    1.94550417    1.83981642    1.81755133    2.34028353    1.79598981    1.63726918    1.72313198    1.67266770    1.69020135    1.90036229    0.88187407    0.83571506    0.89561369    0.83925332    0.88609016    0.58707906    0.67042949    0.67888888    0.60489716    0.63515806    0.82125826    0.71334952    0.59793235    0.53871620    0.70866991    0.68722633    0.53132405    0.57321975    0.68852097    0.73461512    0.79424948    0.45174190
M7SHQ7_EUTLA/26-235     0.39349417    0.40751891    0.35667206    0.37611579    0.43231392    0.36136667    0.35499366    0.34994814    0.00000000    0.42918627    0.49832664    0.40217843    0.35507580    0.47730667    0.41181592    0.47486251    0.41062054    0.41787780    0.51071320    0.48251215    0.46835907    0.50736277    0.58557526    0.55284798    0.54191277    0.56591504    0.56940253    0.84007554    0.81277184    1.01236755    1.02190794    0.87204674    0.92772701    0.93390088    1.18373626    1.07754826    0.98395655    1.17396312    1.09044480    0.93301024    1.02190075    0.95601158    0.93918746    0.95583380    0.86649421    0.91652750    0.99287021    1.00862070    0.88582487    0.87877582    0.96247788    0.92003909    0.97801899    0.90372442    0.90777735    0.98461354    0.99795918    0.93863183    1.07827636    1.02683495    0.98195833    1.02177957    1.06448234    1.04799942    0.97874019    0.94468204    0.97992100    0.94003055    0.90236613    0.91195383    0.94985954    1.81909072    1.79969998    1.79872735    2.37696910    1.62285942    1.60334293    1.82808085    1.63153994    1.75452437    1.91775696    0.85768736    0.89178299    0.96474970    0.97844468    0.99858378    0.60717417    0.72017147    0.68082444    0.65184464    0.69288354    0.85806720    0.78969005    0.60945322    0.63789318    0.69158814    0.69765479    0.63460781    0.74420463    0.70954975    0.81412209    0.68538290    0.46087328
U7PWX0_SPOS1/5-212     0.43578343    0.49889767    0.49534922    0.36955143    0.48181912    0.44003566    0.49913419    0.44325410    0.42918627    0.00000000    0.44041991    0.35426568    0.45414395    0.45635637    0.44671230    0.51739202    0.46872443    0.52792234    0.56549112    0.57750546    0.55535855    0.56057616    0.56727730    0.56801193    0.58573650    0.68236117    0.66448434    0.87390362    0.84750367    1.06005626    1.03206200    0.92461747    0.94340618    0.98575888    1.22101872    1.07417275    1.06952414    1.16794688    1.11203404    0.98326559    1.02311144    0.99613821    1.00017601    0.90138968    0.89226650    0.96140956    0.91132584    0.98311691    0.93703442    0.90598088    0.95455379    0.92765828    1.08842301    0.96172548    0.98383289    1.02289809    1.03154020    0.95068442    1.04107587    1.00145236    1.00917057    1.03194993    0.99849313    0.97745703    0.94534676    0.97468478    0.95277666    0.94842689    0.93717841    0.93514023    0.98155815    1.85956981    1.79729155    1.75740516    2.38632129    1.77094594    1.74406857    1.85193035    1.66160828    1.80705017    2.02124013    0.88311995    0.96856438    0.90685261    0.88461310    0.87812521    0.66708817    0.77032009    0.72509830    0.66612596    0.73610293    0.85472148    0.80963182    0.73546622    0.69129220    0.82034682    0.76566296    0.67809576    0.72516736    0.71801721    0.81152325    0.78448447    0.55149899
F0XHA3_GROCL/5-212     0.46157852    0.47333381    0.52841525    0.43502008    0.48809377    0.55405051    0.57746490    0.41581648    0.49832664    0.44041991    0.00000000    0.36845043    0.45507377    0.52133419    0.51008775    0.60337960    0.57134867    0.53565354    0.58088705    0.58259058    0.59535855    0.59484015    0.56431037    0.59275400    0.58879693    0.69175457    0.66074675    0.89316187    0.98989118    1.09032918    1.01957304    0.92831266    0.94722295    0.99922937    1.23600663    1.06424201    0.90228741    1.07252028    1.00422410    0.91768898    1.04558722    0.98743185    1.13996792    0.97948907    0.89019343    0.92361225    0.98142767    0.93940273    0.99416425    0.94732968    0.98692575    0.96547408    1.07931228    0.95122495    0.92298431    0.97950012    1.05949232    0.92449142    0.98531634    0.93537466    0.90711575    1.01892648    0.99083610    0.99857600    0.87118445    0.98158516    0.98204794    0.93877711    0.91229177    0.96593808    1.02843304    1.77009762    1.75372330    1.74168451    2.39224646    1.81785106    1.76497970    1.75689207    1.74080151    1.90922688    1.90541669    0.95321446    0.88225410    0.91972276    0.93357472    0.96148694    0.71696645    0.79651696    0.76967621    0.71590821    0.78797209    0.97938463    0.88715767    0.76314253    0.74777617    0.84929793    0.77372274    0.76847441    0.72855476    0.84319307    0.86093454    0.95304608    0.58873839
S3D8H4_OPHP1/5-212     0.51472300    0.45251448    0.47680820    0.45782951    0.56314313    0.44343709    0.51237614    0.43099441    0.40217843    0.35426568    0.36845043    0.00000000    0.40989607    0.52799804    0.46976612    0.48289367    0.49984203    0.47293248    0.57036449    0.58169979    0.60369549    0.54195653    0.55525053    0.59861828    0.56575037    0.60859743    0.62852527    0.92211485    0.97684084    1.06909999    0.94635913    0.92647782    0.91797214    0.96351323    1.17313896    1.04568879    0.96157291    1.11706803    1.04418263    0.90876142    0.98581605    0.95831665    1.04920013    0.96259105    0.90741522    0.95693033    0.99979969    1.02992657    0.90500130    0.85283057    0.90446452    0.93463124    1.09323682    0.88876639    0.88853164    0.96294002    1.03737133    0.86617823    1.00389444    0.96571337    0.97378618    1.06948683    1.05043951    1.00215566    0.91304573    0.93722509    0.98041495    0.90231729    0.90538368    0.93422148    0.92009899    1.86273674    1.84525730    1.85774346    2.50352680    1.76300364    1.79567565    1.92316178    1.73800613    1.71812312    1.98386599    0.91246940    0.99060972    0.89928334    0.98596014    0.99168401    0.68055842    0.79425590    0.73081407    0.70564616    0.76726541    0.97715156    0.88410573    0.74160404    0.72898317    0.74651771    0.79923871    0.69544859    0.72133217    0.70972391    0.90414224    0.86435144    0.52414062
ERG2_NEUCR/48-255     0.26231735    0.36111104    0.29670008    0.31000908    0.28706041    0.28229792    0.30403750    0.28863959    0.35507580    0.45414395    0.45507377    0.40989607    0.00000000    0.30569011    0.25370725    0.32703171    0.35053429    0.33488113    0.39124655    0.41881448    0.45015811    0.46030979    0.45542349    0.41475500    0.41912977    0.53301604    0.52306570    0.81325546    0.88807195    0.97180984    0.96164767    0.90999887    0.93258993    0.98218309    1.13973040    1.06682706    1.00642932    1.04216457    1.03519194    0.82879178    0.88603422    0.82743105    0.83980366    0.85343443    0.80502779    0.81578618    0.88809480    0.85540940    0.83429840    0.72914640    0.79777286    0.78552372    0.87993076    0.77590321    0.80693883    0.87318972    0.94570012    0.81251642    0.80668388    0.84126268    0.78883614    0.88243362    0.85739697    0.84423586    0.82489774    0.85382718    0.87013876    0.83530964    0.80669716    0.80497763    0.77211821    1.81749417    1.88122054    1.76923757    2.39499786    1.75575464    1.62385682    1.72135808    1.55678550    1.62965134    1.87631270    0.88851180    0.93357223    0.90585753    0.94928531    0.98344453    0.60715426    0.70876833    0.78402386    0.60198495    0.70386416    0.84080976    0.77893829    0.63999670    0.61508955    0.73460621    0.70613553    0.58992634    0.68425379    0.64954977    0.73759226    0.78883022    0.43549355
R1EDL1_BOTPV/11-217     0.33980293    0.44823221    0.36275796    0.35457635    0.45057317    0.26998114    0.35150380    0.36477750    0.47730667    0.45635637    0.52133419    0.52799804    0.30569011    0.00000000    0.26972011    0.36389185    0.35657516    0.41162449    0.38183366    0.44118234    0.40461589    0.50845067    0.44405066    0.36958295    0.32556349    0.56070736    0.57344272    0.78200281    0.88911221    1.06750628    1.00080239    0.92751409    1.00250186    1.01753497    1.14341121    1.08933120    1.03098961    1.11383675    1.04027247    0.90549602    0.94452493    0.86874434    0.88441703    0.89036323    0.93092472    0.86147728    0.87504666    0.90649348    0.91800402    0.77733899    0.85163900    0.86280020    0.89421081    0.92200240    0.90521006    0.88580891    0.86690260    0.86643230    0.92154585    0.92116709    0.89224676    0.90384680    0.92632072    0.91952567    0.86787569    0.89725286    0.92666833    0.85401960    0.86137402    0.85934695    0.89486575    1.92333572    1.91137538    1.91107038    2.59569008    1.70401519    1.52690178    1.70408034    1.56340702    1.57898728    2.02211309    0.96456705    1.01785202    0.98532487    1.03580784    1.00714273    0.64918618    0.69882428    0.76341292    0.58899531    0.65848781    0.79037218    0.72019766    0.57739343    0.58803380    0.69453837    0.69447975    0.57526431    0.73423616    0.72148820    0.77600061    0.78657903    0.44127930
B6QKM2_TALMQ/22-228     0.28250863    0.34383935    0.26760016    0.32627470    0.40314355    0.26439635    0.34507305    0.31485681    0.41181592    0.44671230    0.51008775    0.46976612    0.25370725    0.26972011    0.00000000    0.23403983    0.23798936    0.28725073    0.30698781    0.37766070    0.35485923    0.43699880    0.37928482    0.38043062    0.31531521    0.53038015    0.53232907    0.74569099    0.79047847    1.01377596    0.98549561    0.86135724    0.90289826    0.93545214    1.07954707    1.05212197    0.90836752    1.01677453    0.97827471    0.94212485    0.97369729    0.90610319    0.88445138    0.87104074    0.88383503    0.84774365    0.91605139    0.94351697    0.86454405    0.77723963    0.83330047    0.83737623    0.93890711    0.89132671    0.87600687    0.88131592    0.87001353    0.84953484    0.89260888    0.92932327    0.86754032    0.94683266    0.87698774    0.89227224    0.86566346    0.90861807    0.86732189    0.87540157    0.82216750    0.86492585    0.89913600    1.85569070    1.83462201    1.79265717    2.38119279    1.72561343    1.59358916    1.73368886    1.62055190    1.61978156    1.93969223    0.90938893    1.01788835    0.94107611    0.96133013    0.94323268    0.55281580    0.66742560    0.69963181    0.57350330    0.60119660    0.74913873    0.68389406    0.58953565    0.57600663    0.70651864    0.69132731    0.54191689    0.75440782    0.67697635    0.75028308    0.71039873    0.39559594
K9GD80_PEND2/29-235     0.38808307    0.43191505    0.35520118    0.41001130    0.46373970    0.33719036    0.41435014    0.38454919    0.47486251    0.51739202    0.60337960    0.48289367    0.32703171    0.36389185    0.23403983    0.00000000    0.25940350    0.39346418    0.48062448    0.48530887    0.47253264    0.50387662    0.43756047    0.46532251    0.39078970    0.53932977    0.56346749    0.81982916    0.84653222    0.94937039    0.99477061    0.92190734    1.02316835    1.02855715    1.06378500    1.06624114    0.95070054    1.05689909    1.06300072    0.92306650    0.90229625    0.92519852    0.90812075    0.93362672    0.94541923    0.83074002    0.92273841    0.94857885    0.91301504    0.79032982    0.87582935    0.90098513    1.02563864    0.91031116    0.90611063    0.91310338    0.92874874    0.85682918    0.88522709    0.92439614    0.82706956    0.99813978    0.85493741    0.92451531    0.87258960    0.92644024    0.91423107    0.85675315    0.82365671    0.86130991    0.88849286    1.83223254    1.80396814    1.72754890    2.47891696    1.69283877    1.50024544    1.58875748    1.57906582    1.53369328    1.83694343    0.87037195    0.99052232    0.93190811    1.00180226    0.98460632    0.58208622    0.62301714    0.70458560    0.56067463    0.64084134    0.79535940    0.70635054    0.65811305    0.60273754    0.68886480    0.67181720    0.58658491    0.73904044    0.70292745    0.76515605    0.74837316    0.46036554
A1CRJ1_ASPCL/31-235     0.35426315    0.45555139    0.34895924    0.39211560    0.47414401    0.31220117    0.40816967    0.40177447    0.41062054    0.46872443    0.57134867    0.49984203    0.35053429    0.35657516    0.23798936    0.25940350    0.00000000    0.34485823    0.42149820    0.44655190    0.40864233    0.47363835    0.42083237    0.46625387    0.39898296    0.50380886    0.53612424    0.75563002    0.79478991    1.02910986    0.99526683    0.92044984    0.99297718    1.00210236    1.11989996    1.00051168    0.95939134    1.10406420    1.10600568    0.94286583    0.95766138    0.88472852    0.86412081    0.86849504    0.88841976    0.77796692    0.87329293    0.85344938    0.84745933    0.83555762    0.86287738    0.81462063    0.98020810    0.89495059    0.83372297    0.89797883    0.88725197    0.86901067    0.94376202    0.88881619    0.88227809    0.99001874    0.94347707    0.94409527    0.85259866    0.91914652    0.86087539    0.84713572    0.79989152    0.84682950    0.89124996    1.79836158    1.75742522    1.75064812    2.33061021    1.62392447    1.46901433    1.56073027    1.53619424    1.61737521    1.96723143    0.88138162    0.95629839    0.87693369    0.98601886    0.95203089    0.54695555    0.65304158    0.68514152    0.48691170    0.58395696    0.75031344    0.67570208    0.57946867    0.55707683    0.69179344    0.66440824    0.54512742    0.68449844    0.68314043    0.76982800    0.74984970    0.37372590
A7EN39_SCLS1/9-211     0.36046416    0.47199414    0.38459087    0.35674393    0.48909263    0.32991934    0.42977985    0.43550009    0.41787780    0.52792234    0.53565354    0.47293248    0.33488113    0.41162449    0.28725073    0.39346418    0.34485823    0.00000000    0.29695691    0.36209090    0.35546416    0.38191338    0.42438699    0.41640215    0.35282031    0.56598583    0.59332116    0.82546577    0.86201300    1.03612949    0.98802363    0.93881384    0.97255002    0.97934966    1.15036261    1.07281062    0.91988212    1.06580008    0.98216974    0.90448989    0.95982154    0.88044916    0.89515591    0.91110677    0.90875395    0.88420462    0.92765569    0.89956691    0.87822577    0.78679114    0.85882605    0.85497182    0.99955043    0.93509956    0.89106546    0.90693913    0.83709535    0.87499561    0.92367785    0.86066386    0.85590467    0.89045064    0.88113808    0.93552953    0.86647461    0.91991792    0.89602258    0.78599823    0.79638999    0.78836670    0.85932205    1.79755273    1.74720280    1.73131019    2.14481551    1.73166762    1.48735268    1.63530836    1.63090398    1.71876530    1.93317559    0.88419683    1.01016489    0.89026731    0.99317726    0.96524124    0.59138463    0.65491534    0.67415176    0.62983153    0.59861469    0.78067537    0.71870400    0.59694846    0.59184691    0.72514233    0.71932568    0.50344302    0.74079980    0.72262448    0.77129200    0.77456958    0.36534695
M2TL95_COCSN/8-215     0.43876328    0.46479409    0.43337288    0.44223967    0.51086708    0.34506861    0.44026499    0.42704622    0.51071320    0.56549112    0.58088705    0.57036449    0.39124655    0.38183366    0.30698781    0.48062448    0.42149820    0.29695691    0.00000000    0.24055122    0.29656042    0.27809481    0.36360812    0.39252222    0.32370368    0.50030399    0.52865600    0.76929279    0.87184788    0.98381812    0.97657178    1.01065814    0.97967487    0.94359102    1.06869352    0.98746841    0.87508047    0.95425307    0.90675782    0.91070671    1.01443555    0.90908522    0.98493521    0.91046600    0.89456132    0.87524016    0.99456231    0.89516499    0.84622601    0.83574722    0.88319076    0.84242636    1.00862503    0.94035691    0.87332977    0.91387523    0.90429470    0.90131841    0.95116008    0.89184609    0.83788212    0.92564977    0.93316137    0.87146950    0.86484397    0.92946533    0.88041615    0.87136438    0.89312481    0.83968496    0.91568469    1.92740015    1.88688780    1.89353675    2.37914947    1.77957690    1.69821592    1.79742781    1.65673057    1.72109604    1.95189068    0.92040392    0.96195896    0.93362490    1.07676278    1.03134659    0.55014734    0.62098926    0.65240581    0.57229531    0.60495623    0.78062313    0.70603073    0.55033923    0.59304926    0.66959340    0.66572702    0.48818806    0.69189696    0.68122912    0.78326833    0.74943738    0.47085310
E4ZR10_LEPMJ/64-271     0.45522539    0.44503893    0.43673280    0.40335716    0.51421442    0.40429410    0.49817834    0.44622534    0.48251215    0.57750546    0.58259058    0.58169979    0.41881448    0.44118234    0.37766070    0.48530887    0.44655190    0.36209090    0.24055122    0.00000000    0.24092379    0.27178834    0.35270109    0.42890943    0.39169560    0.59816680    0.54110730    0.87946236    0.92759629    1.01907757    1.01245192    1.00002265    1.00258387    0.97688197    1.07354670    1.03068001    0.94380499    1.03409356    0.99087479    0.91658608    0.99601855    0.91786404    0.96769724    0.90040945    0.89317373    0.88033306    0.95357195    0.87537557    0.87014525    0.78658115    0.88321574    0.89510312    1.03591376    0.93331438    0.85206668    0.87351488    0.94183482    0.96361269    0.91860847    0.86838368    0.90092366    0.91476335    0.95318995    0.88793022    0.89522358    0.94089310    0.90023796    0.86802723    0.87806445    0.86620648    0.94142225    1.95457091    1.90404211    1.93707574    2.26320446    1.71324150    1.59836635    1.70126933    1.63952186    1.75020070    1.99495710    0.93742743    0.93782490    0.98186982    1.04277397    1.08573116    0.63616862    0.68227349    0.64085885    0.61915151    0.68065391    0.83194953    0.72685167    0.62662500    0.59319856    0.74896976    0.72888612    0.57200036    0.77461149    0.78082579    0.81124074    0.76441166    0.45033797
R7Z4M2_CONA1/8-215     0.40854261    0.46655450    0.41644056    0.42641566    0.46111026    0.37296067    0.47683617    0.45872581    0.46835907    0.55535855    0.59535855    0.60369549    0.45015811    0.40461589    0.35485923    0.47253264    0.40864233    0.35546416    0.29656042    0.24092379    0.00000000    0.39368047    0.41050112    0.40922398    0.41459095    0.58017689    0.53712821    0.76522581    0.92410936    1.01233395    0.94644948    0.97950667    0.97131523    0.95378184    1.04362016    1.03010292    0.91117185    1.01732277    0.95696051    0.94133099    0.98304876    0.82876906    0.88504795    0.90662230    0.87425530    0.84223980    0.93832761    0.94934662    0.88325523    0.78254781    0.85039340    0.85589506    1.01880841    0.88793647    0.88718544    0.90977990    0.90229345    0.89757018    0.89851978    0.87097917    0.84719224    0.90491917    0.90143574    0.88051560    0.82756697    0.92011170    0.87357882    0.82067935    0.84995323    0.85144393    0.92686756    2.03808994    1.94587040    2.01065865    2.28203083    1.60654301    1.58459070    1.83298421    1.56947406    1.71581173    1.86819253    0.88274490    0.96035529    0.92452106    1.06402279    1.03834499    0.62317265    0.73145597    0.68030053    0.56532510    0.64014229    0.77468065    0.71153080    0.56781151    0.58878154    0.69793587    0.63778961    0.52275483    0.75455735    0.72628940    0.78821897    0.77159988    0.41970285
E3S0M2_PYRTT/11-216     0.50789680    0.44979445    0.50527766    0.46813480    0.55877150    0.43620461    0.52870558    0.47624502    0.50736277    0.56057616    0.59484015    0.54195653    0.46030979    0.50845067    0.43699880    0.50387662    0.47363835    0.38191338    0.27809481    0.27178834    0.39368047    0.00000000    0.40827527    0.45522693    0.41594452    0.55794395    0.56189929    0.80878573    0.82952584    0.91636796    0.92301145    0.94261300    0.94095286    0.96725152    0.94141548    0.89900648    0.81853242    0.93051300    0.86096829    0.83206453    0.92316116    0.74773879    0.89737025    0.79844523    0.74141888    0.75598515    0.84984876    0.75949674    0.75715159    0.70759167    0.73037156    0.74727893    0.89707180    0.74145261    0.71332509    0.74376449    0.87011623    0.84851470    0.91657493    0.76446157    0.81142509    0.88741385    0.85504247    0.86130335    0.86986675    0.88783959    0.83130914    0.82251963    0.80894289    0.76781361    0.83989079    1.96810628    1.81622580    1.76714234    2.25909196    1.56760817    1.55018420    1.61552288    1.64063267    1.59243405    1.94505446    0.87069339    0.85904829    0.86901485    0.96173577    0.95851418    0.58630519    0.68236818    0.63333919    0.55962038    0.64979797    0.73872683    0.66969976    0.62161039    0.56443645    0.73222219    0.70300619    0.55312337    0.75214911    0.75503888    0.75982629    0.64186875    0.50490609
N1QAC3_PSEFD/12-219     0.50626524    0.50298393    0.46909273    0.46156886    0.56879434    0.46272105    0.51271626    0.46410693    0.58557526    0.56727730    0.56431037    0.55525053    0.45542349    0.44405066    0.37928482    0.43756047    0.42083237    0.42438699    0.36360812    0.35270109    0.41050112    0.40827527    0.00000000    0.32463328    0.33052002    0.54329640    0.59177126    0.83466064    0.94300153    1.08582893    0.97720751    1.03577465    1.04050593    1.01456917    1.09984481    1.09475713    0.98681195    1.04141347    1.01181867    0.88687143    0.96429061    0.88242838    0.92981314    0.89704158    0.95846448    0.89524520    0.96273844    0.91492098    0.89745662    0.82561936    0.85958814    0.85595770    1.03567333    0.92966548    0.84781094    0.87530752    0.95461806    0.94385318    0.93916105    0.93977960    0.91167398    0.99617751    0.88413374    0.89128677    0.87633473    0.94778509    0.89695560    0.88220175    0.86434030    0.88044610    0.94849251    1.89640111    1.93595625    1.97382628    2.39272848    1.67844827    1.72665220    1.72155300    1.60798049    1.64739942    1.94120280    0.88342017    1.00218850    0.94774385    1.06420702    1.06199654    0.60319158    0.60563674    0.65867747    0.59298620    0.66670838    0.86300322    0.76847825    0.64335028    0.59552267    0.75056543    0.69420340    0.56815107    0.64071021    0.65703711    0.75630172    0.74176686    0.51998993
M3BVZ2_SPHMS/10-219     0.47512197    0.51093892    0.48848506    0.44321749    0.50466398    0.44712726    0.47491199    0.45291543    0.55284798    0.56801193    0.59275400    0.59861828    0.41475500    0.36958295    0.38043062    0.46532251    0.46625387    0.41640215    0.39252222    0.42890943    0.40922398    0.45522693    0.32463328    0.00000000    0.26004511    0.58052218    0.57314165    0.83516704    0.95700129    1.08115764    1.00905607    0.91160059    1.04394992    1.00792268    1.20191131    1.19232262    0.97996641    1.11629940    1.03872012    0.90783483    0.98564124    0.85391626    0.91860250    0.88189729    0.91135936    0.87962734    0.92320906    0.96798873    0.89293589    0.81289219    0.88489270    0.89023261    0.99379305    0.93979536    0.91472808    0.86829345    0.92638716    0.96064365    0.95358132    0.96320244    0.86366909    0.93639478    0.96147147    0.89623621    0.86252596    0.91775489    0.94129782    0.87410682    0.88727022    0.90196253    0.95902819    2.15627315    2.15947691    2.16504851    2.51111934    1.88520464    1.65038946    1.78404047    1.60317344    1.81322557    1.99597888    0.98558512    0.97321326    0.99151435    1.05209007    1.03977383    0.71134757    0.67226456    0.70187030    0.59941242    0.72848512    0.81380412    0.82099723    0.68000597    0.63808261    0.81282509    0.72299211    0.59645107    0.72435319    0.69532812    0.78708474    0.76566850    0.45821271
N1PG90_DOTSN/24-232     0.43652232    0.48551689    0.41041617    0.45775683    0.53637237    0.37249248    0.40531465    0.44867540    0.54191277    0.58573650    0.58879693    0.56575037    0.41912977    0.32556349    0.31531521    0.39078970    0.39898296    0.35282031    0.32370368    0.39169560    0.41459095    0.41594452    0.33052002    0.26004511    0.00000000    0.58774634    0.59310986    0.81424096    0.93278011    1.16919198    1.01972411    1.04299899    1.04980658    1.05703171    1.14985196    1.16091839    0.96492346    1.12238868    1.00753830    0.94206571    1.00790621    0.91096622    0.92617872    0.93027900    0.99994510    0.91449156    0.90581517    1.00404058    0.89726553    0.80787416    0.89187554    0.86349349    1.01629374    0.95802267    0.89791435    0.98536476    0.93524259    0.92000456    0.97905653    0.92689179    0.90984443    0.95350846    0.91880708    0.89825236    0.90711093    0.94392340    0.90118464    0.87316847    0.87969273    0.89861489    0.97013999    1.97673949    1.93249779    1.97990614    2.50751184    1.85921111    1.62915337    1.70223022    1.65635115    1.78695140    1.99749518    0.98261051    1.00154125    0.98879918    1.13465518    1.10263749    0.61467314    0.64721870    0.73327388    0.57251127    0.61507859    0.80090538    0.72011613    0.58525332    0.58084642    0.75576748    0.71392452    0.56869035    0.66271988    0.64680952    0.72232401    0.75193519    0.48974921
I4YES7_WALMC/27-232     0.60346712    0.57215539    0.58320232    0.60864199    0.66396719    0.56539204    0.55950745    0.58780908    0.56591504    0.68236117    0.69175457    0.60859743    0.53301604    0.56070736    0.53038015    0.53932977    0.50380886    0.56598583    0.50030399    0.59816680    0.58017689    0.55794395    0.54329640    0.58052218    0.58774634    0.00000000    0.23036643    0.74148239    0.78734616    1.03666555    1.03043884    0.94517812    1.11344266    1.08733686    1.13631669    1.05537664    0.98841327    1.15719805    1.16413348    0.90244967    0.99214876    0.93346306    0.88221255    0.92180058    0.94168810    0.87234508    0.92490008    0.95799506    0.86372301    0.79084589    0.89405853    0.79662463    1.00631494    0.90707993    0.85691363    0.95719089    0.98057780    0.89315674    0.96996806    0.91569454    0.93072688    0.98820256    0.94652111    0.91442606    0.88614829    0.93979007    0.92959374    0.89274795    0.85331227    0.91440300    0.91352043    1.83040731    1.75762219    1.83643839    2.25955124    1.54594187    1.62117508    1.69593651    1.44399564    1.68728585    1.79075112    0.92261770    1.00161758    0.94595919    1.00827432    0.96362829    0.48924834    0.67071403    0.65735050    0.58489522    0.63987240    0.79609889    0.74888159    0.57827701    0.55708322    0.74716163    0.68549010    0.59361473    0.75455675    0.62927005    0.63425369    0.67734906    0.62710774
R9A9J0_WALI9/27-232     0.58286988    0.56233595    0.59148425    0.59338926    0.67512494    0.57351489    0.58052979    0.58737589    0.56940253    0.66448434    0.66074675    0.62852527    0.52306570    0.57344272    0.53232907    0.56346749    0.53612424    0.59332116    0.52865600    0.54110730    0.53712821    0.56189929    0.59177126    0.57314165    0.59310986    0.23036643    0.00000000    0.75049687    0.85614086    1.00554749    1.06120323    0.95137553    1.07082211    1.03361493    1.15159698    1.05622148    0.94032179    1.11814862    1.11110982    0.91139357    0.99914552    0.94370487    0.92953827    0.93661543    0.87192705    0.87935278    0.94308731    0.91045073    0.91989552    0.81022865    0.96811972    0.85889174    1.02892745    0.95534299    0.93460510    0.94103908    0.99085810    0.91028973    1.00194068    0.95984438    0.90987399    1.07328272    0.99338177    0.94342423    0.95258249    0.95046646    0.96559140    0.90274416    0.92080922    0.92730522    0.93734720    1.84612540    1.86003816    1.78797213    2.21700562    1.66858684    1.64167935    1.81914132    1.57110000    1.87461712    1.93117481    0.88726613    0.98843188    0.96850733    1.05352695    1.05610205    0.49635463    0.71400515    0.73241262    0.65484622    0.73355682    0.80492632    0.78514494    0.65032062    0.63292746    0.81062268    0.71048643    0.67686798    0.75222147    0.71742681    0.72339046    0.81759257    0.60699141
