52
F7PIY2_9EURY/468-556     0.00000000    0.52488651    0.49826136    0.75739901    0.81984281    1.07246480    1.27441524    1.25278017    1.43248069    1.25195650    1.36080256    1.13724914    1.07681069    0.96627461    1.49759627    1.69034165    1.40331491    1.79465541    1.63156103    1.64646149    1.84050941    1.67577692    2.01955678    1.54976476    1.61879624    1.62958175    1.97979289    1.85894760    2.06232583    1.89541404    1.90162335    1.78894826    1.74425900    1.89218639    1.69183695    1.65753762    1.66532801    1.54232747    1.99455076    1.94458629    1.89094767    1.33103879    1.29293852    1.22087511    1.02701233    1.22945021    1.44807776    1.71970983    1.49279881    1.42492050    1.40515033    1.11077456
Q5V0C4_HALMA/450-539     0.52488651    0.00000000    0.46980052    0.89163037    0.92927294    1.34205290    1.31766535    1.35016987    1.46786322    1.30472019    1.32201622    1.23642582    1.02490888    1.06924306    1.45081153    1.82209083    1.68440061    1.85564750    1.82734329    1.73646756    2.01870461    1.99620274    2.17535467    1.96675946    2.05381968    1.91459813    2.11316795    1.84786114    2.09718905    2.09028784    1.83588043    1.99467632    1.87322384    1.92016363    1.78116476    1.73343799    1.68881873    1.64949201    2.00036806    1.98315533    1.84352671    1.18811985    1.13326798    1.06003284    0.87126179    0.91172024    1.51861375    1.46890130    1.44187240    1.40737826    1.30564378    1.26727910
C7NX06_HALMD/442-530     0.49826136    0.46980052    0.00000000    0.81109789    0.91380630    1.15628236    1.17434645    1.14670628    1.35564056    1.12952170    1.33715333    1.27048359    1.19529490    0.93928185    1.73433557    1.81588312    1.71899111    2.25562316    1.97918692    2.05300940    2.23442802    2.10515908    2.38611288    2.00242222    1.98033822    2.04011556    2.18863399    2.04297961    2.22074932    2.04068296    1.98844413    2.11180998    1.91121008    2.17157453    1.82880176    1.91922601    1.93965705    1.84819344    2.20626424    2.30917483    2.17890997    1.30416240    1.28736650    1.26881846    1.07945903    1.09050099    1.54297207    1.59855318    1.65114545    1.39952388    1.69234597    1.20086902
M1XL96_NATM8/355-447     0.75739901    0.89163037    0.81109789    0.00000000    0.27554212    0.75438197    0.71167556    0.70753823    0.95055206    0.82335478    0.96693295    0.84617907    1.15585491    0.91819546    1.46930010    1.72495340    1.69364871    1.90896140    1.90739649    1.77694684    2.13729199    2.26384132    2.22827093    2.12854055    2.06645514    1.76500965    2.00358886    1.76254024    2.27984150    1.83751577    1.91024331    1.92443434    1.96108880    2.05396802    1.89489601    1.98947579    1.80024038    1.75789576    1.79864678    1.94004559    1.78748814    1.14307970    1.11686965    1.34770066    1.30487011    1.30360232    1.53569242    1.76511465    1.75945910    1.24928990    1.28035494    1.25425007
A0A1U7EVV4_NATPD/362-455     0.81984281    0.92927294    0.91380630    0.27554212    0.00000000    0.86048052    0.77587007    0.82869121    1.15682629    0.94129440    1.09359911    0.91809081    1.26073076    0.94492592    1.47350678    1.84908388    1.79980713    2.00808184    1.95173934    1.88124685    2.18179485    2.16629155    2.22433013    1.92586774    2.01865266    1.66537529    1.88302046    1.69956641    2.28800943    1.92365440    2.18378219    2.09283536    2.18919783    2.30223086    1.98785597    1.93330697    1.81839018    1.70395559    1.76656251    1.89301846    1.72868137    1.26521769    1.14439501    1.30097035    1.31779031    1.12071424    1.47582776    1.84045437    1.80665274    1.24312911    1.23768067    1.07877147
W0JPA3_9EURY/342-435     1.07246480    1.34205290    1.15628236    0.75438197    0.86048052    0.00000000    0.39817112    0.38296762    0.97072744    0.92574971    1.04349368    0.87630282    1.57252366    1.49243812    1.89725776    1.97733123    1.61774319    2.29020785    2.23867364    2.24414721    2.60472598    2.31353828    2.47585411    2.25461364    2.02027397    1.98152046    2.04169795    1.81551724    2.41712506    2.08390120    2.19634490    2.23340699    2.05885739    2.36337934    2.06630674    2.43037901    2.20871852    2.14242752    2.16078067    2.28219597    2.10111822    1.39481094    1.31891804    1.33659968    1.48657605    1.44768024    1.86752665    2.34599554    2.22213660    1.38307734    1.48017791    1.44597461
D3T0E6_NATMM/373-466     1.27441524    1.31766535    1.17434645    0.71167556    0.77587007    0.39817112    0.00000000    0.26838754    0.89432113    0.88232209    1.08323392    0.86569557    1.56739700    1.49992790    1.57917327    2.03208732    1.72960273    2.07919569    2.06489096    1.98464988    2.52620187    2.22904321    2.34142624    2.17999032    2.32031406    2.25248913    2.20522074    1.92018272    2.43116487    1.98644134    1.99405979    2.22967900    2.00121369    2.24200075    1.82774757    2.19287229    2.00447725    2.02321604    1.96616187    2.18028105    1.94761226    1.40729828    1.30412746    1.23879469    1.47794622    1.52175685    1.83123622    2.18589048    2.29427868    1.44164997    1.50105416    1.45832937
F8DA60_HALXS/388-480     1.25278017    1.35016987    1.14670628    0.70753823    0.82869121    0.38296762    0.26838754    0.00000000    0.93541928    0.82104566    1.00948942    0.85076310    1.58267384    1.31976988    1.62848740    2.20315094    1.70956949    2.11312883    2.11707626    2.11022523    2.40036080    2.38908019    2.38069237    2.28372017    2.07286231    2.17962292    2.18949374    1.90327019    2.46596041    2.09057056    2.12130427    2.44869792    2.14104226    2.44805804    1.97216141    2.40585879    2.23188381    2.04750542    2.11508083    2.19647722    1.97460067    1.58055293    1.32055649    1.37891594    1.54591579    1.51658604    1.89558027    2.15636564    2.20991273    1.37778957    1.38741201    1.37291154
D3T0E2_NATMM/289-385     1.43248069    1.46786322    1.35564056    0.95055206    1.15682629    0.97072744    0.89432113    0.93541928    0.00000000    0.40803400    0.48377506    0.43944922    1.48824509    1.26491743    1.45296878    2.09847030    2.12532612    2.38103592    2.16582022    2.20583089    2.43263524    2.37148529    2.55054660    2.40200369    2.70942544    2.39399595    2.71458683    2.43089614    2.26324087    2.10939735    1.99155604    2.08568607    1.99032308    2.01160103    2.10791542    2.34677496    2.23638964    2.50979886    1.95520925    2.32359998    2.03301632    1.51082215    1.40831854    1.38640792    1.49754980    1.56856524    1.88161562    1.95936997    2.15863765    1.42583349    1.36820437    1.60845502
F8DA64_HALXS/268-363     1.25195650    1.30472019    1.12952170    0.82335478    0.94129440    0.92574971    0.88232209    0.82104566    0.40803400    0.00000000    0.28242306    0.35435385    1.36568927    1.23263846    1.64849660    1.84115659    1.94616073    2.55746444    2.31011132    2.45743912    2.37335489    2.31512111    2.66036926    2.11350204    2.21400742    2.10511908    2.18872035    2.11956295    2.15310145    1.84986792    1.85666758    2.12539854    2.08117767    1.95270790    1.95862111    2.28663563    2.23024135    2.23389374    2.04630185    2.07017588    1.82452209    1.55606077    1.32382482    1.28195642    1.29326733    1.33263691    1.85026976    1.73626437    1.73937464    1.43784419    1.37073483    1.65816692
L0AJB7_NATGS/243-336     1.36080256    1.32201622    1.33715333    0.96693295    1.09359911    1.04349368    1.08323392    1.00948942    0.48377506    0.28242306    0.00000000    0.39080798    1.26287265    1.36084120    1.69854473    1.84241571    1.90880631    2.35052309    2.31857196    2.32736607    2.17654028    2.23575890    2.67341283    2.22589134    2.11637920    2.01540830    2.14934364    2.01933370    2.19144704    2.06370425    1.96050620    1.88345088    1.95670565    1.83763443    1.83748013    2.23056339    1.98844268    2.19235456    1.92299205    1.89079303    1.75329608    1.44468285    1.32313761    1.32685348    1.27928720    1.20144970    1.73983270    1.61377845    1.70280928    1.51049184    1.34608486    1.58512095
W0JTT1_9EURY/241-339     1.13724914    1.23642582    1.27048359    0.84617907    0.91809081    0.87630282    0.86569557    0.85076310    0.43944922    0.35435385    0.39080798    0.00000000    1.57532887    1.38515885    1.51416355    2.03480208    1.97426768    2.37589758    2.36799086    2.24461148    2.48253899    2.25395796    2.45542265    2.18981073    2.46406466    2.37488211    2.23559707    2.28757483    2.20246177    2.13943828    1.87291889    2.06894109    1.95141112    1.89316715    1.90407672    2.00211284    2.07792854    2.29979935    2.03423881    2.00855982    1.81304743    1.54338782    1.31876421    1.21811832    1.29882275    1.40731702    1.80060588    1.95878523    2.02027772    1.46688872    1.47219601    1.38705623
Q9HQY0_HALSA/388-483     1.07681069    1.02490888    1.19529490    1.15585491    1.26073076    1.57252366    1.56739700    1.58267384    1.48824509    1.36568927    1.26287265    1.57532887    0.00000000    1.06920746    1.75832901    2.08102067    1.63629648    1.79482322    1.67980127    1.70857643    1.89704801    1.83801425    2.26890746    1.69793003    2.11232011    2.00476885    2.07133099    2.08765127    2.41969379    1.76920532    1.85767414    1.73821495    1.81151498    1.75692931    2.09075142    2.08934215    1.98982324    1.70881480    2.32617583    2.21659421    2.17349811    1.28081422    1.33554856    1.28951460    1.25529044    1.16482728    1.40863298    1.38421271    1.49444092    1.47010082    1.35352156    1.20667593
R4W885_9EURY/404-499     0.96627461    1.06924306    0.93928185    0.91819546    0.94492592    1.49243812    1.49992790    1.31976988    1.26491743    1.23263846    1.36084120    1.38515885    1.06920746    0.00000000    1.47255386    1.81128792    1.71921996    2.16142130    1.95525267    2.06360153    1.98144607    1.85497336    2.47156463    1.75783052    1.74528717    1.99276484    2.03500496    1.83057343    2.48990289    1.91711028    1.93501905    2.00198121    2.08072220    2.14076229    1.93895834    2.35987553    2.17328171    1.89608136    1.83212067    2.16709696    2.02205521    1.27257538    1.27280298    1.57126487    1.29310422    1.27144713    1.67427574    1.64100945    1.60941412    1.32207999    1.44668799    1.57457350
E4NP52_HALBP/342-433     1.49759627    1.45081153    1.73433557    1.46930010    1.47350678    1.89725776    1.57917327    1.62848740    1.45296878    1.64849660    1.69854473    1.51416355    1.75832901    1.47255386    0.00000000    2.10929498    2.04557651    2.29979352    2.24469058    2.33701945    2.11843624    2.17394846    2.25945195    2.05575868    2.48461149    2.40030355    2.58031131    2.57079468    2.52300398    1.86934840    2.01560887    1.98811460    2.19804936    2.28348871    2.17955409    1.82413348    1.96783708    1.82438444    1.88989596    1.73000851    1.79503749    1.66282055    1.64398873    1.48620308    1.44951327    1.47926512    2.04914357    1.70885731    1.58046484    1.74685433    1.98833654    1.65296377
D4GWW3_HALVD/57-146     1.69034165    1.82209083    1.81588312    1.72495340    1.84908388    1.97733123    2.03208732    2.20315094    2.09847030    1.84115659    1.84241571    2.03480208    2.08102067    1.81128792    2.10929498    0.00000000    1.84494719    2.58795792    2.37262940    2.50537565    2.48703527    2.26608423    2.36011090    2.38726311    2.67614435    2.19730102    2.43263926    2.35460886    2.39876596    1.90470627    2.20022809    2.14132541    2.34485490    2.21755201    1.77345842    1.95497425    1.95293036    2.47053091    1.82721186    2.18476485    2.24229007    1.54859626    1.67622907    1.67883271    1.75192781    1.57905464    1.78514597    1.85479673    1.83815879    1.84185630    1.85054934    2.20204120
F2KP74_ARCVS/264-357     1.40331491    1.68440061    1.71899111    1.69364871    1.79980713    1.61774319    1.72960273    1.70956949    2.12532612    1.94616073    1.90880631    1.97426768    1.63629648    1.71921996    2.04557651    1.84494719    0.00000000    1.58163176    1.41878841    1.44050018    1.64168256    1.55662652    1.69906878    1.54656095    1.74635420    1.67667196    1.49436200    1.48345269    1.83529782    1.59002749    1.63381691    1.63375995    1.64693113    1.81895268    1.36101918    1.52752966    1.51521850    1.33049172    2.24391485    2.22459912    2.31965718    1.39491612    1.45184129    1.70681599    1.54226851    1.51329459    1.78328109    1.84283000    1.96394400    1.83418284    1.73004332    1.83067003
Q9HKP2_THEAC/95-187     1.79465541    1.85564750    2.25562316    1.90896140    2.00808184    2.29020785    2.07919569    2.11312883    2.38103592    2.55746444    2.35052309    2.37589758    1.79482322    2.16142130    2.29979352    2.58795792    1.58163176    0.00000000    0.26889530    0.26199860    1.29038496    1.20478250    1.44868184    1.27025237    1.45231793    1.18766805    1.23218637    1.23831804    1.35872023    1.54606588    1.46462131    1.44370117    1.71084574    1.49833373    1.78063639    1.45087398    1.37182589    0.99369639    2.11710361    1.92927291    1.80111020    1.68587108    1.70051072    1.95609056    1.67372446    1.64263557    1.97126330    2.30530536    2.44055089    1.80194598    1.95794693    1.98990782
T0MW51_9ARCH/112-201     1.63156103    1.82734329    1.97918692    1.90739649    1.95173934    2.23867364    2.06489096    2.11707626    2.16582022    2.31011132    2.31857196    2.36799086    1.67980127    1.95525267    2.24469058    2.37262940    1.41878841    0.26889530    0.00000000    0.22567952    1.33595034    1.29276491    1.36087188    1.34992895    1.47360342    1.24936506    1.14831462    1.16715858    1.61255817    1.51412040    1.57084415    1.59419806    1.75622884    1.61675125    1.83729330    1.51531725    1.52692945    1.16331612    1.98516883    1.76717837    1.94111175    1.63373992    1.70424981    2.08676399    1.63115447    1.78799280    1.83091319    2.05617790    2.25237987    1.81934264    1.81940526    2.14902954
T0NF60_9ARCH/113-205     1.64646149    1.73646756    2.05300940    1.77694684    1.88124685    2.24414721    1.98464988    2.11022523    2.20583089    2.45743912    2.32736607    2.24461148    1.70857643    2.06360153    2.33701945    2.50537565    1.44050018    0.26199860    0.22567952    0.00000000    1.30786310    1.28223201    1.22213948    1.27030737    1.51104514    1.15767874    1.08964280    1.11269728    1.44954939    1.61896999    1.63918430    1.68150687    1.74926819    1.69775934    1.66805884    1.45172754    1.30611127    1.06400563    2.00623529    1.92846281    1.91320523    1.74349519    1.75150962    1.80162199    1.74344280    1.71638530    2.00294796    2.18562523    2.29353770    1.77215587    1.83926061    1.96736407
FLAD_METJA/220-314     1.84050941    2.01870461    2.23442802    2.13729199    2.18179485    2.60472598    2.52620187    2.40036080    2.43263524    2.37335489    2.17654028    2.48253899    1.89704801    1.98144607    2.11843624    2.48703527    1.64168256    1.29038496    1.33595034    1.30786310    0.00000000    0.76010420    1.04765681    0.80091516    1.30075910    1.05035675    0.97897864    1.00985755    1.26712404    1.25509822    1.23380714    1.14925572    1.26175080    1.27834542    1.27328373    1.49654257    1.36150095    1.12065499    2.23022601    2.68541520    2.71666407    1.75986563    1.81558278    1.70799678    1.77961821    1.77095809    2.32593273    2.36704184    2.26448075    1.91100391    1.87221989    2.28182544
Q6LWN9_METMP/200-294     1.67577692    1.99620274    2.10515908    2.26384132    2.16629155    2.31353828    2.22904321    2.38908019    2.37148529    2.31512111    2.23575890    2.25395796    1.83801425    1.85497336    2.17394846    2.26608423    1.55662652    1.20478250    1.29276491    1.28223201    0.76010420    0.00000000    0.68349860    0.26144145    1.27305250    1.07810373    0.88205578    0.83888567    1.16714275    1.33347879    1.20911425    1.19767343    1.34949483    1.18557950    1.19186021    1.15578596    1.28208323    0.98237534    2.00117464    2.30906452    2.56463950    1.60310511    1.80003556    1.88663298    1.72712877    1.82167502    2.19261973    2.22301515    2.12303143    1.59675204    1.70560939    2.25790102
A6UTM9_META3/171-267     2.01955678    2.17535467    2.38611288    2.22827093    2.22433013    2.47585411    2.34142624    2.38069237    2.55054660    2.66036926    2.67341283    2.45542265    2.26890746    2.47156463    2.25945195    2.36011090    1.69906878    1.44868184    1.36087188    1.22213948    1.04765681    0.68349860    0.00000000    0.69243737    1.47048097    1.35849735    1.13699423    1.22852265    1.39817698    1.41578030    1.25120262    1.42731975    1.32228371    1.36054307    1.14208822    1.00782810    1.08199483    1.24506837    2.14530463    2.25795769    2.54950139    1.98915289    2.00965999    1.75143794    1.84937720    1.77701481    2.19155407    2.29172042    2.18390344    2.08280419    2.14789194    2.48638972
D7DUY9_METV3/237-331     1.54976476    1.96675946    2.00242222    2.12854055    1.92586774    2.25461364    2.17999032    2.28372017    2.40200369    2.11350204    2.22589134    2.18981073    1.69793003    1.75783052    2.05575868    2.38726311    1.54656095    1.27025237    1.34992895    1.27030737    0.80091516    0.26144145    0.69243737    0.00000000    1.20778489    1.13319822    0.96754363    0.90826441    1.29193950    1.19381192    1.19490417    1.18413839    1.29122592    1.23930242    1.19813200    1.14104965    1.27095183    0.91197389    2.32188749    2.66065124    2.68147999    1.71768888    1.81165454    1.82125220    1.67214151    1.70213761    2.32101236    2.31964173    2.30823240    1.60460036    1.58501791    2.15155028
A6UTN0_META3/15-108     1.61879624    2.05381968    1.98033822    2.06645514    2.01865266    2.02027397    2.32031406    2.07286231    2.70942544    2.21400742    2.11637920    2.46406466    2.11232011    1.74528717    2.48461149    2.67614435    1.74635420    1.45231793    1.47360342    1.51104514    1.30075910    1.27305250    1.47048097    1.20778489    0.00000000    0.71161594    0.71111362    0.72844295    1.38748564    1.35579128    1.75465819    1.45019550    1.71392299    1.70510184    1.35028363    1.41349613    1.29516658    1.02341753    1.98389685    1.93495345    2.12347986    1.84590941    1.71418532    1.88035532    1.78995597    1.86765898    2.24693320    2.54698049    2.51132162    2.31496518    1.92612997    2.09577738
FLAE_METJA/18-112     1.62958175    1.91459813    2.04011556    1.76500965    1.66537529    1.98152046    2.25248913    2.17962292    2.39399595    2.10511908    2.01540830    2.37488211    2.00476885    1.99276484    2.40030355    2.19730102    1.67667196    1.18766805    1.24936506    1.15767874    1.05035675    1.07810373    1.35849735    1.13319822    0.71161594    0.00000000    0.52450045    0.52467897    1.20741966    1.41966094    1.62233728    1.42772032    1.49077025    1.41199720    1.54485761    1.41471006    1.28015693    1.03360585    2.15690403    2.26916307    2.33765390    1.41946519    1.57422079    1.85714745    1.60705344    1.57515279    2.28900351    2.51457037    2.42782876    1.83991099    1.72299863    2.17088194
Q6LWN8_METMP/14-107     1.97979289    2.11316795    2.18863399    2.00358886    1.88302046    2.04169795    2.20522074    2.18949374    2.71458683    2.18872035    2.14934364    2.23559707    2.07133099    2.03500496    2.58031131    2.43263926    1.49436200    1.23218637    1.14831462    1.08964280    0.97897864    0.88205578    1.13699423    0.96754363    0.71111362    0.52450045    0.00000000    0.30172236    1.18372010    1.35281998    1.53761175    1.37018648    1.61518988    1.43432408    1.33498857    1.31447147    1.31945905    0.94711387    2.17972093    2.28880331    2.49517688    1.65387589    1.66132752    1.91370850    1.60383623    1.53604559    2.20185941    2.44615786    2.45013323    1.77768022    1.59607923    2.13267969
D7DUY8_METV3/14-107     1.85894760    1.84786114    2.04297961    1.76254024    1.69956641    1.81551724    1.92018272    1.90327019    2.43089614    2.11956295    2.01933370    2.28757483    2.08765127    1.83057343    2.57079468    2.35460886    1.48345269    1.23831804    1.16715858    1.11269728    1.00985755    0.83888567    1.22852265    0.90826441    0.72844295    0.52467897    0.30172236    0.00000000    1.20306662    1.25187427    1.53429923    1.36452225    1.52966508    1.38405922    1.29685599    1.33231579    1.19988565    0.94751423    1.98937121    2.14721153    2.23179013    1.41376746    1.42653806    1.77959172    1.52769744    1.51793780    1.81442642    2.17158168    2.21134479    1.64490857    1.38958766    2.10066598
D3RYP6_FERPA/156-248     2.06232583    2.09718905    2.22074932    2.27984150    2.28800943    2.41712506    2.43116487    2.46596041    2.26324087    2.15310145    2.19144704    2.20246177    2.41969379    2.48990289    2.52300398    2.39876596    1.83529782    1.35872023    1.61255817    1.44954939    1.26712404    1.16714275    1.39817698    1.29193950    1.38748564    1.20741966    1.18372010    1.20306662    0.00000000    1.18898705    1.10706454    1.21975711    1.09533163    0.99716462    0.91144693    0.81415592    0.82454685    1.05128888    2.67027551    2.61152509    2.63747666    1.82182493    1.97742086    1.83947632    1.44627097    1.51394388    2.08657897    2.47282728    2.41530797    2.09713292    1.98844600    2.34490212
D7E855_METEZ/936-1026     1.89541404    2.09028784    2.04068296    1.83751577    1.92365440    2.08390120    1.98644134    2.09057056    2.10939735    1.84986792    2.06370425    2.13943828    1.76920532    1.91711028    1.86934840    1.90470627    1.59002749    1.54606588    1.51412040    1.61896999    1.25509822    1.33347879    1.41578030    1.19381192    1.35579128    1.41966094    1.35281998    1.25187427    1.18898705    0.00000000    0.54472781    0.66957934    0.58268247    0.62797248    1.00709153    1.04292854    1.08077587    1.18592193    2.21112696    2.39275065    2.29939200    1.93911703    2.00705411    1.73761943    1.51858058    1.58297113    2.04274278    2.06822501    1.93185027    1.90178039    1.87826869    1.84343127
F7XNV7_METZD/794-884     1.90162335    1.83588043    1.98844413    1.91024331    2.18378219    2.19634490    1.99405979    2.12130427    1.99155604    1.85666758    1.96050620    1.87291889    1.85767414    1.93501905    2.01560887    2.20022809    1.63381691    1.46462131    1.57084415    1.63918430    1.23380714    1.20911425    1.25120262    1.19490417    1.75465819    1.62233728    1.53761175    1.53429923    1.10706454    0.54472781    0.00000000    0.40812447    0.38607738    0.36415562    1.03401297    0.83819099    0.97558706    1.44912605    2.25024267    2.39428574    2.15990670    1.81322644    2.00060650    1.71393220    1.54251960    1.77270806    2.16983674    2.09784312    1.93816791    1.66628537    1.68720778    1.94289025
F7XQ56_METZD/763-853     1.78894826    1.99467632    2.11180998    1.92443434    2.09283536    2.23340699    2.22967900    2.44869792    2.08568607    2.12539854    1.88345088    2.06894109    1.73821495    2.00198121    1.98811460    2.14132541    1.63375995    1.44370117    1.59419806    1.68150687    1.14925572    1.19767343    1.42731975    1.18413839    1.45019550    1.42772032    1.37018648    1.36452225    1.21975711    0.66957934    0.40812447    0.00000000    0.45854168    0.40967599    1.02120440    0.84264899    0.84866486    1.37143614    2.15335946    2.17025397    2.14666035    1.85100826    2.13338592    1.74197748    1.74416363    1.77315758    1.96382557    2.11851210    2.07398342    1.71252059    1.72455863    2.00342515
Q12WK8_METBU/589-679     1.74425900    1.87322384    1.91121008    1.96108880    2.18919783    2.05885739    2.00121369    2.14104226    1.99032308    2.08117767    1.95670565    1.95141112    1.81151498    2.08072220    2.19804936    2.34485490    1.64693113    1.71084574    1.75622884    1.74926819    1.26175080    1.34949483    1.32228371    1.29122592    1.71392299    1.49077025    1.61518988    1.52966508    1.09533163    0.58268247    0.38607738    0.45854168    0.00000000    0.35028951    0.90393870    0.85582451    0.83788248    1.48178636    2.30755115    2.36166508    2.21939799    1.85110262    2.09721936    1.61041994    1.74096477    1.83586227    2.08850288    2.21088948    2.19014420    1.91692018    1.92639871    2.04017940
L0KXP8_METHD/703-793     1.89218639    1.92016363    2.17157453    2.05396802    2.30223086    2.36337934    2.24200075    2.44805804    2.01160103    1.95270790    1.83763443    1.89316715    1.75692931    2.14076229    2.28348871    2.21755201    1.81895268    1.49833373    1.61675125    1.69775934    1.27834542    1.18557950    1.36054307    1.23930242    1.70510184    1.41199720    1.43432408    1.38405922    0.99716462    0.62797248    0.36415562    0.40967599    0.35028951    0.00000000    0.96709020    0.77971922    0.91066343    1.42700668    2.26815824    2.27277396    2.25322753    1.86597787    2.14721184    1.75877293    1.63517384    1.84028098    2.17326391    2.28158841    2.04644614    1.79406404    1.74052379    2.10022420
D7E7V7_METEZ/263-351     1.69183695    1.78116476    1.82880176    1.89489601    1.98785597    2.06630674    1.82774757    1.97216141    2.10791542    1.95862111    1.83748013    1.90407672    2.09075142    1.93895834    2.17955409    1.77345842    1.36101918    1.78063639    1.83729330    1.66805884    1.27328373    1.19186021    1.14208822    1.19813200    1.35028363    1.54485761    1.33498857    1.29685599    0.91144693    1.00709153    1.03401297    1.02120440    0.90393870    0.96709020    0.00000000    0.62426273    0.65107298    1.28149160    1.93365087    2.01380908    2.14377771    1.48381131    1.68074899    1.37135605    1.53208543    1.54440255    1.85109236    1.82751254    2.06549241    1.71636075    1.50240585    2.02976695
Q12VQ1_METBU/310-400     1.65753762    1.73343799    1.91922601    1.98947579    1.93330697    2.43037901    2.19287229    2.40585879    2.34677496    2.28663563    2.23056339    2.00211284    2.08934215    2.35987553    1.82413348    1.95497425    1.52752966    1.45087398    1.51531725    1.45172754    1.49654257    1.15578596    1.00782810    1.14104965    1.41349613    1.41471006    1.31447147    1.33231579    0.81415592    1.04292854    0.83819099    0.84264899    0.85582451    0.77971922    0.62426273    0.00000000    0.23775276    1.14299943    1.94848437    1.94784627    2.06724435    1.53254833    1.74426179    1.55824241    1.38639532    1.55216411    2.03762071    2.25231421    2.26618680    1.69304442    1.75488813    1.97213514
F7XQ58_METZD/306-393     1.66532801    1.68881873    1.93965705    1.80024038    1.81839018    2.20871852    2.00447725    2.23188381    2.23638964    2.23024135    1.98844268    2.07792854    1.98982324    2.17328171    1.96783708    1.95293036    1.51521850    1.37182589    1.52692945    1.30611127    1.36150095    1.28208323    1.08199483    1.27095183    1.29516658    1.28015693    1.31945905    1.19988565    0.82454685    1.08077587    0.97558706    0.84866486    0.83788248    0.91066343    0.65107298    0.23775276    0.00000000    1.17750563    1.76071137    1.85818836    1.92356117    1.43272790    1.54135326    1.53883835    1.53338817    1.57931470    1.91917909    2.00598853    1.98363321    1.62219797    1.57983915    2.00780517
Q5JEE8_THEKO/352-446     1.54232747    1.64949201    1.84819344    1.75789576    1.70395559    2.14242752    2.02321604    2.04750542    2.50979886    2.23389374    2.19235456    2.29979935    1.70881480    1.89608136    1.82438444    2.47053091    1.33049172    0.99369639    1.16331612    1.06400563    1.12065499    0.98237534    1.24506837    0.91197389    1.02341753    1.03360585    0.94711387    0.94751423    1.05128888    1.18592193    1.44912605    1.37143614    1.48178636    1.42700668    1.28149160    1.14299943    1.17750563    0.00000000    2.13178827    2.29872440    2.30391943    1.58567692    1.60606844    1.73232402    1.39391206    1.48561741    2.00890053    1.93386144    2.04603186    1.73885906    1.65964889    1.88923225
L0JYG8_9EURY/3-105     1.99455076    2.00036806    2.20626424    1.79864678    1.76656251    2.16078067    1.96616187    2.11508083    1.95520925    2.04630185    1.92299205    2.03423881    2.32617583    1.83212067    1.88989596    1.82721186    2.24391485    2.11710361    1.98516883    2.00623529    2.23022601    2.00117464    2.14530463    2.32188749    1.98389685    2.15690403    2.17972093    1.98937121    2.67027551    2.21112696    2.25024267    2.15335946    2.30755115    2.26815824    1.93365087    1.94848437    1.76071137    2.13178827    0.00000000    0.57413326    0.57218435    1.50442898    1.43439638    2.20731810    1.93485905    2.10880289    2.10084346    2.42683610    2.52047235    1.60182854    1.84304221    2.01007008
L0IB60_HALRX/3-108     1.94458629    1.98315533    2.30917483    1.94004559    1.89301846    2.28219597    2.18028105    2.19647722    2.32359998    2.07017588    1.89079303    2.00855982    2.21659421    2.16709696    1.73000851    2.18476485    2.22459912    1.92927291    1.76717837    1.92846281    2.68541520    2.30906452    2.25795769    2.66065124    1.93495345    2.26916307    2.28880331    2.14721153    2.61152509    2.39275065    2.39428574    2.17025397    2.36166508    2.27277396    2.01380908    1.94784627    1.85818836    2.29872440    0.57413326    0.00000000    0.15393096    2.07053932    1.93184820    2.37218916    1.90617150    1.97767000    2.19536110    2.47868823    2.19359627    2.07641268    2.43126647    2.14195361
D2RQ96_HALTV/4-108     1.89094767    1.84352671    2.17890997    1.78748814    1.72868137    2.10111822    1.94761226    1.97460067    2.03301632    1.82452209    1.75329608    1.81304743    2.17349811    2.02205521    1.79503749    2.24229007    2.31965718    1.80111020    1.94111175    1.91320523    2.71666407    2.56463950    2.54950139    2.68147999    2.12347986    2.33765390    2.49517688    2.23179013    2.63747666    2.29939200    2.15990670    2.14666035    2.21939799    2.25322753    2.14377771    2.06724435    1.92356117    2.30391943    0.57218435    0.15393096    0.00000000    1.87678979    1.62981501    2.15505056    1.79861246    1.80665626    2.06367187    2.40716087    2.23847569    1.86402310    2.26449812    1.97030758
W0K2L7_9EURY/63-154     1.33103879    1.18811985    1.30416240    1.14307970    1.26521769    1.39481094    1.40729828    1.58055293    1.51082215    1.55606077    1.44468285    1.54338782    1.28081422    1.27257538    1.66282055    1.54859626    1.39491612    1.68587108    1.63373992    1.74349519    1.75986563    1.60310511    1.98915289    1.71768888    1.84590941    1.41946519    1.65387589    1.41376746    1.82182493    1.93911703    1.81322644    1.85100826    1.85110262    1.86597787    1.48381131    1.53254833    1.43272790    1.58567692    1.50442898    2.07053932    1.87678979    0.00000000    0.32349322    1.04844427    0.99588214    1.02626658    1.32544185    1.63323292    1.87477320    1.03704638    1.15325734    1.58433983
Q9HQX9_HALSA/63-154     1.29293852    1.13326798    1.28736650    1.11686965    1.14439501    1.31891804    1.30412746    1.32055649    1.40831854    1.32382482    1.32313761    1.31876421    1.33554856    1.27280298    1.64398873    1.67622907    1.45184129    1.70051072    1.70424981    1.75150962    1.81558278    1.80003556    2.00965999    1.81165454    1.71418532    1.57422079    1.66132752    1.42653806    1.97742086    2.00705411    2.00060650    2.13338592    2.09721936    2.14721184    1.68074899    1.74426179    1.54135326    1.60606844    1.43439638    1.93184820    1.62981501    0.32349322    0.00000000    0.99160236    1.01196599    0.97613735    1.39767424    1.60090093    1.80208602    1.12650102    1.20234595    1.36499005
E4NP63_HALBP/234-322     1.22087511    1.06003284    1.26881846    1.34770066    1.30097035    1.33659968    1.23879469    1.37891594    1.38640792    1.28195642    1.32685348    1.21811832    1.28951460    1.57126487    1.48620308    1.67883271    1.70681599    1.95609056    2.08676399    1.80162199    1.70799678    1.88663298    1.75143794    1.82125220    1.88035532    1.85714745    1.91370850    1.77959172    1.83947632    1.73761943    1.71393220    1.74197748    1.61041994    1.75877293    1.37135605    1.55824241    1.53883835    1.73232402    2.20731810    2.37218916    2.15505056    1.04844427    0.99160236    0.00000000    0.77950570    0.76126449    1.52691399    1.51711794    1.62437516    1.38831005    1.06958947    1.24817705
C7P4N3_HALMD/70-160     1.02701233    0.87126179    1.07945903    1.30487011    1.31779031    1.48657605    1.47794622    1.54591579    1.49754980    1.29326733    1.27928720    1.29882275    1.25529044    1.29310422    1.44951327    1.75192781    1.54226851    1.67372446    1.63115447    1.74344280    1.77961821    1.72712877    1.84937720    1.67214151    1.78995597    1.60705344    1.60383623    1.52769744    1.44627097    1.51858058    1.54251960    1.74416363    1.74096477    1.63517384    1.53208543    1.38639532    1.53338817    1.39391206    1.93485905    1.90617150    1.79861246    0.99588214    1.01196599    0.77950570    0.00000000    0.27656687    1.34800734    1.40408474    1.57832649    1.18032375    1.26291003    1.14089112
Q5V245_HALMA/69-159     1.22945021    0.91172024    1.09050099    1.30360232    1.12071424    1.44768024    1.52175685    1.51658604    1.56856524    1.33263691    1.20144970    1.40731702    1.16482728    1.27144713    1.47926512    1.57905464    1.51329459    1.64263557    1.78799280    1.71638530    1.77095809    1.82167502    1.77701481    1.70213761    1.86765898    1.57515279    1.53604559    1.51793780    1.51394388    1.58297113    1.77270806    1.77315758    1.83586227    1.84028098    1.54440255    1.55216411    1.57931470    1.48561741    2.10880289    1.97767000    1.80665626    1.02626658    0.97613735    0.76126449    0.27656687    0.00000000    1.40855576    1.45154384    1.54704767    1.11111810    1.21264802    1.17974209
L0K1W4_9EURY/259-349     1.44807776    1.51861375    1.54297207    1.53569242    1.47582776    1.86752665    1.83123622    1.89558027    1.88161562    1.85026976    1.73983270    1.80060588    1.40863298    1.67427574    2.04914357    1.78514597    1.78328109    1.97126330    1.83091319    2.00294796    2.32593273    2.19261973    2.19155407    2.32101236    2.24693320    2.28900351    2.20185941    1.81442642    2.08657897    2.04274278    2.16983674    1.96382557    2.08850288    2.17326391    1.85109236    2.03762071    1.91917909    2.00890053    2.10084346    2.19536110    2.06367187    1.32544185    1.39767424    1.52691399    1.34800734    1.40855576    0.00000000    0.53895018    0.58516931    1.46088325    1.13249564    1.75450677
D2RQA2_HALTV/275-369     1.71970983    1.46890130    1.59855318    1.76511465    1.84045437    2.34599554    2.18589048    2.15636564    1.95936997    1.73626437    1.61377845    1.95878523    1.38421271    1.64100945    1.70885731    1.85479673    1.84283000    2.30530536    2.05617790    2.18562523    2.36704184    2.22301515    2.29172042    2.31964173    2.54698049    2.51457037    2.44615786    2.17158168    2.47282728    2.06822501    2.09784312    2.11851210    2.21088948    2.28158841    1.82751254    2.25231421    2.00598853    1.93386144    2.42683610    2.47868823    2.40716087    1.63323292    1.60090093    1.51711794    1.40408474    1.45154384    0.53895018    0.00000000    0.25653380    1.56967429    1.50214994    1.71453101
L0I8R3_HALRX/290-384     1.49279881    1.44187240    1.65114545    1.75945910    1.80665274    2.22213660    2.29427868    2.20991273    2.15863765    1.73937464    1.70280928    2.02027772    1.49444092    1.60941412    1.58046484    1.83815879    1.96394400    2.44055089    2.25237987    2.29353770    2.26448075    2.12303143    2.18390344    2.30823240    2.51132162    2.42782876    2.45013323    2.21134479    2.41530797    1.93185027    1.93816791    2.07398342    2.19014420    2.04644614    2.06549241    2.26618680    1.98363321    2.04603186    2.52047235    2.19359627    2.23847569    1.87477320    1.80208602    1.62437516    1.57832649    1.54704767    0.58516931    0.25653380    0.00000000    1.50516634    1.55924955    1.78219196
M1XRP5_NATM8/198-288     1.42492050    1.40737826    1.39952388    1.24928990    1.24312911    1.38307734    1.44164997    1.37778957    1.42583349    1.43784419    1.51049184    1.46688872    1.47010082    1.32207999    1.74685433    1.84185630    1.83418284    1.80194598    1.81934264    1.77215587    1.91100391    1.59675204    2.08280419    1.60460036    2.31496518    1.83991099    1.77768022    1.64490857    2.09713292    1.90178039    1.66628537    1.71252059    1.91692018    1.79406404    1.71636075    1.69304442    1.62219797    1.73885906    1.60182854    2.07641268    1.86402310    1.03704638    1.12650102    1.38831005    1.18032375    1.11111810    1.46088325    1.56967429    1.50516634    0.00000000    0.67019662    1.27516931
A0A1U7EWG0_NATPD/254-343     1.40515033    1.30564378    1.69234597    1.28035494    1.23768067    1.48017791    1.50105416    1.38741201    1.36820437    1.37073483    1.34608486    1.47219601    1.35352156    1.44668799    1.98833654    1.85054934    1.73004332    1.95794693    1.81940526    1.83926061    1.87221989    1.70560939    2.14789194    1.58501791    1.92612997    1.72299863    1.59607923    1.38958766    1.98844600    1.87826869    1.68720778    1.72455863    1.92639871    1.74052379    1.50240585    1.75488813    1.57983915    1.65964889    1.84304221    2.43126647    2.26449812    1.15325734    1.20234595    1.06958947    1.26291003    1.21264802    1.13249564    1.50214994    1.55924955    0.67019662    0.00000000    1.39372987
R4W6I1_9EURY/448-545     1.11077456    1.26727910    1.20086902    1.25425007    1.07877147    1.44597461    1.45832937    1.37291154    1.60845502    1.65816692    1.58512095    1.38705623    1.20667593    1.57457350    1.65296377    2.20204120    1.83067003    1.98990782    2.14902954    1.96736407    2.28182544    2.25790102    2.48638972    2.15155028    2.09577738    2.17088194    2.13267969    2.10066598    2.34490212    1.84343127    1.94289025    2.00342515    2.04017940    2.10022420    2.02976695    1.97213514    2.00780517    1.88923225    2.01007008    2.14195361    1.97030758    1.58433983    1.36499005    1.24817705    1.14089112    1.17974209    1.75450677    1.71453101    1.78219196    1.27516931    1.39372987    0.00000000

