50
D4N0S3_ANAHA/8-89     0.00000000    3.77797785    3.80750643    3.69825294    4.27504505    3.51495616    4.32656309    4.52464183    3.93899651    3.47300824    4.40734659    4.06604750    5.76467780    4.51938460    3.77072037    3.89753004    5.27983193    4.96172692    5.91581081    5.93867361    3.67246378    4.41433810    2.91100580    4.64278338    3.32893965    4.68848363    4.68415969    3.96796299    4.42877714    3.77647235    4.36629617    5.02306278    4.51639365    4.90316767    7.54166214    3.78404419    4.43213516    3.88343461    4.08480139    5.70682242    5.93996498    5.58124005    4.74202591    4.70783890    4.69652627    4.15967893    4.14299227    4.15788026    3.36074746    5.31212559
A5I2K1_CLOBH/13-116     3.77797785    0.00000000    1.22774209    1.23650299    1.17898568    1.50598549    2.45115480    2.44558791    2.34916506    2.39309064    3.05559389    2.71434432    3.11723236    2.73087931    2.92180343    3.32632102    3.28108646    2.91466764    3.01012816    3.42237826    2.67739810    2.39340596    2.36426209    2.53479650    2.38184323    2.55519003    2.66018400    2.23032512    2.61343276    2.82834465    2.50123773    3.01145140    2.32615778    2.54249831    3.61133911    3.87273633    4.02207412    5.02330266    4.35299910    6.10759203    3.91235777    2.93087065    3.27068127    3.03227543    3.29361198    2.65614083    2.11404719    2.52392422    2.04120289    2.48785196
Q184A0_CLOD6/14-96     3.80750643    1.22774209    0.00000000    0.96465989    0.79440835    1.04831525    2.55892260    2.33406120    2.39328352    2.46738152    2.39467691    2.08254570    2.72659240    2.99586012    3.12233656    3.71403913    3.24811379    3.36272400    3.06786047    3.31579349    1.88852318    2.23111275    2.56126055    2.52180904    2.39207925    2.28403079    2.64099580    2.51464598    2.69519655    2.60719677    2.46487461    2.97956863    2.75149700    2.13059317    3.57002464    3.69079317    4.55992743    3.87252427    3.79048796    7.47950309    3.24365017    3.07399446    3.19187647    3.10845336    3.59117951    3.31951928    2.15012715    2.65138292    1.98134126    2.48575009
D4M0Z5_9FIRM/13-109     3.69825294    1.23650299    0.96465989    0.00000000    0.59390899    0.96237475    2.57364742    2.62179377    2.49521477    2.53074584    3.16257932    2.37645946    3.26878754    2.33094568    3.56178432    3.39158025    3.35618419    3.48025505    3.30091226    3.47202614    3.07155893    3.25338577    3.00626704    2.54206476    2.57015715    2.51718751    3.07642575    2.65280399    3.03380054    3.11883836    2.51514399    3.98989806    3.11841992    2.71560826    3.61159409    4.19018246    3.75383998    3.98495122    3.46713977    5.86416015    3.82160264    4.04004766    4.36160565    3.75577131    3.22784019    3.15224419    3.06057677    3.15954279    2.51053684    2.67784302
A9KQ06_LACP7/13-108     4.27504505    1.17898568    0.79440835    0.59390899    0.00000000    0.91069384    2.22446524    2.63088913    2.38395199    2.52276948    2.62604639    2.24502907    2.37245775    2.82754281    3.05154590    3.77010348    3.32456428    2.89587203    3.48571225    3.45893812    2.44816044    2.39446610    2.93438640    2.77064829    2.37232444    1.99481158    3.19018075    2.21481570    3.40361509    3.25378687    2.62179767    3.30097518    3.09966850    2.26958720    3.95200006    3.60244880    4.84506677    5.02007677    4.33627912    7.11298214    4.62223525    4.29146972    3.56057786    4.20900413    3.66833231    3.27168208    2.68084948    2.71739658    2.06564846    2.53493720
D1AHR2_SEBTE/13-93     3.51495616    1.50598549    1.04831525    0.96237475    0.91069384    0.00000000    2.21581806    2.28662416    2.01550703    2.13354132    2.97137385    2.27253517    2.45183919    3.41807148    2.86819085    3.27337617    3.26038642    2.59536686    2.79350196    2.58392090    2.62303268    2.89277976    2.81082811    2.44766732    2.05621106    2.38222139    2.13540750    1.95311548    3.43321630    3.23401581    2.78015746    3.62332690    2.70194911    2.35254736    3.38111518    2.92903329    3.00657794    4.00000187    4.01232904    5.17395475    3.05386728    3.28929518    3.13300013    4.02842529    3.92382995    3.26809929    2.79882827    2.52935721    1.88406586    2.82301233
D9SQ10_CLOC7/10-87     4.32656309    2.45115480    2.55892260    2.57364742    2.22446524    2.21581806    0.00000000    1.69919572    1.82744485    1.45493649    3.24647223    2.71260580    1.77923259    3.62324201    2.71747725    3.06127714    2.82818085    2.77574209    2.86344107    2.90392938    2.30243554    2.57918366    2.92571513    2.62381436    2.41723343    2.58731799    2.87620296    2.95687904    3.48403528    3.97483892    3.05711558    4.16520786    3.96668825    4.01363700    4.26048418    3.18895956    3.89668739    5.19792884    4.89707117    5.14197018    3.63478743    3.13932467    3.13156470    3.60490758    3.43537814    3.03025892    2.84602201    2.83787451    2.85724204    2.75305875
E6UA04_ETHHY/12-90     4.52464183    2.44558791    2.33406120    2.62179377    2.63088913    2.28662416    1.69919572    0.00000000    0.62265899    0.61442007    3.32984436    2.47775934    2.38089676    2.64953794    2.32540258    2.90982641    2.47896441    2.67001783    2.36642227    3.18365328    2.13757471    2.06211771    2.31539849    2.61597201    2.43466469    2.24138256    2.58825361    2.64974755    2.49162104    2.85708031    2.99515953    2.93669235    3.35570743    2.69242531    2.93421113    3.35972197    2.81346778    4.39140562    4.50416608    3.52593121    3.26880551    2.73964257    2.79577313    3.65558125    2.88139503    2.79718089    2.65623462    2.50939140    2.92478848    2.62261346
B5CRZ2_9FIRM/13-91     3.93899651    2.34916506    2.39328352    2.49521477    2.38395199    2.01550703    1.82744485    0.62265899    0.00000000    0.43824598    3.20601963    2.78035168    2.47221610    2.57162846    2.26048460    2.85559799    2.27857234    2.22697042    2.17865726    2.36371798    2.14079360    2.08011136    2.11201710    2.16645043    2.81611089    1.88512186    2.64540282    2.04345142    3.20397471    3.00594024    2.65354520    3.36573887    3.20819943    3.11648575    2.81646223    2.96252577    2.85619208    3.85700745    4.09713949    3.09717968    4.27634586    3.90334690    2.86181654    3.25706237    2.32321978    2.60751030    1.98134491    2.69191699    2.43649763    2.61503402
R5QU38_9FIRM/11-88     3.47300824    2.39309064    2.46738152    2.53074584    2.52276948    2.13354132    1.45493649    0.61442007    0.43824598    0.00000000    3.03291191    2.64357415    2.03660665    2.34193478    2.18646888    2.46582010    2.24617751    2.34427860    2.23369409    2.47079272    1.86372302    1.85989820    2.12431688    2.29429888    2.03289028    2.18896599    2.48722917    2.27304151    2.37007870    2.80944439    2.37070550    2.37048837    2.96958496    3.01568997    2.08892466    2.74470219    2.81191014    3.29502795    3.84002613    2.98126787    3.04147617    2.86569567    3.02683639    2.95751596    2.57058008    2.33354518    1.96198674    1.98454962    2.47410568    2.51903574
Q838U0_ENTFA/6-81     4.40734659    3.05559389    2.39467691    3.16257932    2.62604639    2.97137385    3.24647223    3.32984436    3.20601963    3.03291191    0.00000000    2.19145732    2.09052884    4.04266883    2.31170349    4.60557409    3.27576102    2.68893020    2.60450407    3.15276054    2.01551089    2.04225198    3.00848915    2.43260444    2.20229835    2.51747586    3.10628503    2.41577661    3.11234062    4.70022867    3.46062301    3.74525695    3.46306797    3.30173429    3.71264858    3.34141599    4.44158305    4.55423933    3.80808352    6.33714495    3.80414561    4.27930826    2.82183736    3.18080189    3.07405519    2.47713604    2.38887430    2.66807029    3.02884684    2.83913350
Q82C40_STRAW/2-75     4.06604750    2.71434432    2.08254570    2.37645946    2.24502907    2.27253517    2.71260580    2.47775934    2.78035168    2.64357415    2.19145732    0.00000000    2.20811961    3.18379137    2.10796733    3.74491649    4.06583591    3.46454632    2.59914593    3.76107785    2.46210130    2.73189164    2.63184582    2.27163383    2.20138706    2.62759672    2.67095571    2.94748896    2.62803694    3.72877472    3.14926211    3.24932234    3.08748481    3.05462394    4.46828480    4.58607029    4.34498598    4.49587886    4.41395839    6.75095495    4.13492015    4.10819583    3.35239339    3.78940391    3.84076089    3.15458110    2.68843203    2.94155390    2.65712031    3.71651261
Q72BY8_DESVH/14-90     5.76467780    3.11723236    2.72659240    3.26878754    2.37245775    2.45183919    1.77923259    2.38089676    2.47221610    2.03660665    2.09052884    2.20811961    0.00000000    2.86207605    1.88105993    2.94670825    2.25650971    2.40503427    2.40690277    2.75017832    2.12860615    1.73183859    2.44918781    2.57001633    2.23858145    2.69752337    2.90429885    3.02369963    3.35032354    3.13434531    2.44605171    3.07623278    3.16949481    3.03970504    4.34422475    3.67795359    4.15462397    4.05515988    4.53936538    4.52793900    3.87224812    3.21578607    2.42188746    2.93526510    2.40472416    3.04665520    3.12851289    2.37384874    3.01260604    3.51308489
Q3J5Z8_RHOS4/11-103     4.51938460    2.73087931    2.99586012    2.33094568    2.82754281    3.41807148    3.62324201    2.64953794    2.57162846    2.34193478    4.04266883    3.18379137    2.86207605    0.00000000    1.18110318    2.29597312    2.39854589    2.81179695    2.32064513    2.59574184    2.48036150    2.09652708    1.62281811    2.92350227    2.06700321    2.75262304    3.00014595    3.11062412    3.91991291    3.63172662    3.71268339    3.33464803    5.00083377    5.37878212    4.10613249    3.27007607    4.03626074    4.32410428    3.70752448    3.37905329    2.66811258    2.98807946    2.78788413    2.97824245    2.41813692    2.39110763    3.62714547    3.61540105    3.26161165    3.98487026
Q3J226_RHOS4/17-104     3.77072037    2.92180343    3.12233656    3.56178432    3.05154590    2.86819085    2.71747725    2.32540258    2.26048460    2.18646888    2.31170349    2.10796733    1.88105993    1.18110318    0.00000000    2.29137616    2.09388556    2.14342578    1.93039372    2.20745744    1.96287122    2.02217969    1.70430439    2.16079018    1.73556445    2.25145906    2.90995562    2.81851257    4.04669097    3.26048709    3.29295519    4.13842507    4.26209997    4.42247138    4.84619380    3.80489096    3.06225902    3.25180996    3.66059083    3.28069864    3.71957093    2.57197787    2.02074077    2.64107194    2.09879883    2.75292089    2.37640386    2.98363136    2.76411791    3.36577163
B2JL16_PARP8/13-118     3.89753004    3.32632102    3.71403913    3.39158025    3.77010348    3.27337617    3.06127714    2.90982641    2.85559799    2.46582010    4.60557409    3.74491649    2.94670825    2.29597312    2.29137616    0.00000000    1.97850449    2.65814409    2.77671276    2.99232908    2.76147654    2.78428180    2.47159330    2.61157747    2.81508302    3.62612052    2.93707702    2.05362544    4.34839135    2.79366269    3.08097558    3.97193957    3.39757609    3.61378434    2.95975988    2.58136801    3.58300655    3.16013449    3.01396286    3.86793260    2.73659808    2.81879640    2.53031511    1.91502548    2.30357292    2.82597317    3.39016081    3.05628230    2.81703014    3.50041325
A9BYE2_DELAS/12-111     5.27983193    3.28108646    3.24811379    3.35618419    3.32456428    3.26038642    2.82818085    2.47896441    2.27857234    2.24617751    3.27576102    4.06583591    2.25650971    2.39854589    2.09388556    1.97850449    0.00000000    1.91151666    2.53298860    2.71944859    2.75716720    2.36748332    2.09973875    2.71916961    2.79380047    2.39871356    3.37185085    3.55917889    4.92541755    3.71668484    4.07347774    6.46580453    6.32215773    5.38716305    3.75340707    3.89447816    2.86015536    4.59262638    3.52279449    3.39232140    3.59934882    3.53667376    2.68302444    2.43498095    2.24602135    2.71929417    4.10882022    3.05126165    3.22513174    3.15278190
Q5P0C0_AROAE/11-112     4.96172692    2.91466764    3.36272400    3.48025505    2.89587203    2.59536686    2.77574209    2.67001783    2.22697042    2.34427860    2.68893020    3.46454632    2.40503427    2.81179695    2.14342578    2.65814409    1.91151666    0.00000000    1.55390907    1.41202912    2.57709725    2.86995238    2.08207166    3.46391693    2.26308593    3.61970975    3.04521790    3.60442451    4.22691648    3.75715521    3.46572745    4.59777452    4.24654049    4.09307574    4.66376068    3.42172866    3.60699759    4.03541113    3.58125564    3.83353095    2.87336016    3.00617483    2.52021485    2.47040985    2.73727875    3.22311189    3.49717393    3.41776740    3.34036914    3.14152262
Q8ED13_SHEON/12-115     5.91581081    3.01012816    3.06786047    3.30091226    3.48571225    2.79350196    2.86344107    2.36642227    2.17865726    2.23369409    2.60450407    2.59914593    2.40690277    2.32064513    1.93039372    2.77671276    2.53298860    1.55390907    0.00000000    1.32398391    2.52667619    2.19579246    2.52163959    3.18261546    2.33023780    3.27759663    3.18827641    2.67071794    2.65482555    3.38567953    3.21274426    4.06348137    3.92647407    3.68765801    3.75160190    3.45639423    3.13745946    4.02786375    3.39176534    2.71257370    3.10958425    3.28207980    2.50774787    2.09566122    2.28252923    2.12027805    4.13044561    4.11706375    2.92566373    3.45644049
Q88MK0_PSEPK/13-114     5.93867361    3.42237826    3.31579349    3.47202614    3.45893812    2.58392090    2.90392938    3.18365328    2.36371798    2.47079272    3.15276054    3.76107785    2.75017832    2.59574184    2.20745744    2.99232908    2.71944859    1.41202912    1.32398391    0.00000000    2.60463834    1.88721457    2.14622519    2.78808637    2.25773683    3.21845785    2.37095688    3.61816025    4.06212437    3.66679910    3.80946835    4.39122850    3.98929308    3.58761845    4.18813499    3.35603621    3.36869422    3.90584169    3.37877477    3.49534743    2.61801058    2.78622043    2.07710038    3.08079862    3.27248974    3.21276827    3.73145861    4.31446492    3.13343972    3.17800589
Q11H44_CHESB/8-99     3.67246378    2.67739810    1.88852318    3.07155893    2.44816044    2.62303268    2.30243554    2.13757471    2.14079360    1.86372302    2.01551089    2.46210130    2.12860615    2.48036150    1.96287122    2.76147654    2.75716720    2.57709725    2.52667619    2.60463834    0.00000000    0.77734162    1.80042376    1.72893510    2.11745959    2.19496807    2.49813186    2.47259791    3.33458337    2.81892020    2.80351578    2.96592009    2.91145490    3.12281790    4.22907119    2.61650235    3.12222169    2.83662475    3.14713869    2.41628710    2.67454287    2.05103749    2.23973830    2.10047942    2.39555416    2.58106282    2.37604364    1.95992572    2.66116404    3.07984789
Q3J3X1_RHOS4/9-100     4.41433810    2.39340596    2.23111275    3.25338577    2.39446610    2.89277976    2.57918366    2.06211771    2.08011136    1.85989820    2.04225198    2.73189164    1.73183859    2.09652708    2.02217969    2.78428180    2.36748332    2.86995238    2.19579246    1.88721457    0.77734162    0.00000000    2.08242231    1.91540726    1.82364046    2.32709786    2.43016197    2.78527559    3.20408395    2.81297160    2.87842477    3.08498573    4.17359125    3.25776368    4.27978619    2.90530928    3.13407825    3.19361686    2.66625292    2.64395464    3.23312862    2.53448605    2.15383595    3.11992812    3.12373714    2.37639280    2.74662909    2.21029553    3.18104857    3.46483045
A6WVH4_OCHA4/6-107     2.91100580    2.36426209    2.56126055    3.00626704    2.93438640    2.81082811    2.92571513    2.31539849    2.11201710    2.12431688    3.00848915    2.63184582    2.44918781    1.62281811    1.70430439    2.47159330    2.09973875    2.08207166    2.52163959    2.14622519    1.80042376    2.08242231    0.00000000    1.54190048    2.37468396    2.49807164    2.08006977    3.52528295    3.57476187    2.67682555    2.62643836    3.22484183    3.57954001    3.42776761    3.60018801    2.63115139    3.92012434    3.19395305    3.04848999    3.98779872    3.10246926    3.21027098    2.57709237    2.32987249    2.64670698    2.66333212    2.97426439    3.03516420    3.09752899    3.61115462
A1B0R4_PARDP/4-112     4.64278338    2.53479650    2.52180904    2.54206476    2.77064829    2.44766732    2.62381436    2.61597201    2.16645043    2.29429888    2.43260444    2.27163383    2.57001633    2.92350227    2.16079018    2.61157747    2.71916961    3.46391693    3.18261546    2.78808637    1.72893510    1.91540726    1.54190048    0.00000000    1.80749204    2.27425880    2.42881803    3.08622352    3.85905493    3.17811122    2.52125961    3.85173721    3.06137277    2.78621463    3.29606022    3.28801113    3.47670180    3.83094677    3.32452461    4.78001708    3.42391707    2.73770222    2.55867727    3.17566622    3.59055921    2.64994675    2.42991446    2.39578042    2.81374495    2.70149478
Q65KN8_BACLD/6-79     3.32893965    2.38184323    2.39207925    2.57015715    2.37232444    2.05621106    2.41723343    2.43466469    2.81611089    2.03289028    2.20229835    2.20138706    2.23858145    2.06700321    1.73556445    2.81508302    2.79380047    2.26308593    2.33023780    2.25773683    2.11745959    1.82364046    2.37468396    1.80749204    0.00000000    1.76836634    2.25873062    2.47351443    2.35255333    2.94451201    2.42309889    2.35302694    2.79926338    3.15041685    2.44410820    2.83977215    2.82921073    3.81143901    2.92197060    3.92500436    3.53887549    3.48307911    2.66549754    2.85321811    2.89241597    2.45969192    2.51111432    2.05620218    2.01470960    2.91919860
Q03G20_PEDPA/12-83     4.68848363    2.55519003    2.28403079    2.51718751    1.99481158    2.38222139    2.58731799    2.24138256    1.88512186    2.18896599    2.51747586    2.62759672    2.69752337    2.75262304    2.25145906    3.62612052    2.39871356    3.61970975    3.27759663    3.21845785    2.19496807    2.32709786    2.49807164    2.27425880    1.76836634    0.00000000    1.67783257    2.55344067    3.95084739    3.01115481    2.86147108    2.81915642    3.53412285    3.14693628    2.65735478    3.88732267    3.09843727    4.26959580    3.02387697    3.38252413    5.03369812    4.02202483    3.27467145    4.39297030    3.16202142    3.02831059    2.68763708    2.35171794    1.96731587    2.03525983
Q2FX60_STAA8/7-85     4.68415969    2.66018400    2.64099580    3.07642575    3.19018075    2.13540750    2.87620296    2.58825361    2.64540282    2.48722917    3.10628503    2.67095571    2.90429885    3.00014595    2.90995562    2.93707702    3.37185085    3.04521790    3.18827641    2.37095688    2.49813186    2.43016197    2.08006977    2.42881803    2.25873062    1.67783257    0.00000000    3.15980455    4.02463049    3.23500254    2.92207508    3.07209739    3.43775157    2.79437505    3.17884013    3.08570377    3.72597804    3.13525285    3.58043400    3.04664006    3.69676744    3.46096997    3.22376529    3.21024778    3.84867428    2.96919389    1.98424588    3.19799842    2.29907163    3.23639267
C0ZFF2_BREBN/10-93     3.96796299    2.23032512    2.51464598    2.65280399    2.21481570    1.95311548    2.95687904    2.64974755    2.04345142    2.27304151    2.41577661    2.94748896    3.02369963    3.11062412    2.81851257    2.05362544    3.55917889    3.60442451    2.67071794    3.61816025    2.47259791    2.78527559    3.52528295    3.08622352    2.47351443    2.55344067    3.15980455    0.00000000    2.79247847    2.26253081    2.41058507    3.14919922    2.47220853    2.33509637    4.09479839    3.01244247    3.11800110    2.97166292    3.37698525    4.20275643    4.28835439    4.30473220    2.52304392    2.73576324    3.39421562    2.78106712    2.11923689    2.50991454    2.58996432    3.00637846
C4Z5U3_LACE2/10-84     4.42877714    2.61343276    2.69519655    3.03380054    3.40361509    3.43321630    3.48403528    2.49162104    3.20397471    2.37007870    3.11234062    2.62803694    3.35032354    3.91991291    4.04669097    4.34839135    4.92541755    4.22691648    2.65482555    4.06212437    3.33458337    3.20408395    3.57476187    3.85905493    2.35255333    3.95084739    4.02463049    2.79247847    0.00000000    2.78069032    2.36855873    2.45705295    1.83389333    2.16850702    3.57601514    3.32576304    2.47548397    4.06318447    3.01429126    4.68672948    2.85374041    3.41840354    2.87457161    2.64601285    3.68789449    2.15471149    2.94259028    3.14912323    3.04420334    3.32229742
E3E565_PAEPS/7-94     3.77647235    2.82834465    2.60719677    3.11883836    3.25378687    3.23401581    3.97483892    2.85708031    3.00594024    2.80944439    4.70022867    3.72877472    3.13434531    3.63172662    3.26048709    2.79366269    3.71668484    3.75715521    3.38567953    3.66679910    2.81892020    2.81297160    2.67682555    3.17811122    2.94451201    3.01115481    3.23500254    2.26253081    2.78069032    0.00000000    1.37169985    2.17198008    1.54690252    1.57766965    2.83927417    2.42594546    3.30699207    3.11519077    2.70540037    3.72407386    3.47363101    3.61278388    3.39814577    2.49397824    3.38290852    2.72329255    3.53603520    3.14245577    2.25554922    3.26319418
Q65L26_BACLD/7-92     4.36629617    2.50123773    2.46487461    2.51514399    2.62179767    2.78015746    3.05711558    2.99515953    2.65354520    2.37070550    3.46062301    3.14926211    2.44605171    3.71268339    3.29295519    3.08097558    4.07347774    3.46572745    3.21274426    3.80946835    2.80351578    2.87842477    2.62643836    2.52125961    2.42309889    2.86147108    2.92207508    2.41058507    2.36855873    1.37169985    0.00000000    0.97688441    0.94620828    0.87925526    3.38860372    3.41625873    3.99800989    3.47377090    3.84220465    4.44219948    3.67617791    3.40618198    3.17927190    3.31786969    3.98951355    2.69474292    2.66075724    2.53904236    2.41390736    2.78853371
XKDI_BACSU/7-92     5.02306278    3.01145140    2.97956863    3.98989806    3.30097518    3.62332690    4.16520786    2.93669235    3.36573887    2.37048837    3.74525695    3.24932234    3.07623278    3.33464803    4.13842507    3.97193957    6.46580453    4.59777452    4.06348137    4.39122850    2.96592009    3.08498573    3.22484183    3.85173721    2.35302694    2.81915642    3.07209739    3.14919922    2.45705295    2.17198008    0.97688441    0.00000000    0.89379558    1.05449004    3.23016400    4.04025297    3.00751131    3.19465070    3.39497120    3.93911051    3.49573829    3.12910782    3.39261387    3.58739912    3.95310244    3.39597701    2.50792715    2.01145498    2.95107789    3.33795896
YQBI_BACSU/7-92     4.51639365    2.32615778    2.75149700    3.11841992    3.09966850    2.70194911    3.96668825    3.35570743    3.20819943    2.96958496    3.46306797    3.08748481    3.16949481    5.00083377    4.26209997    3.39757609    6.32215773    4.24654049    3.92647407    3.98929308    2.91145490    4.17359125    3.57954001    3.06137277    2.79926338    3.53412285    3.43775157    2.47220853    1.83389333    1.54690252    0.94620828    0.89379558    0.00000000    0.62351889    3.43371970    3.34379407    3.53374403    3.22013197    4.08843724    4.95166685    3.48992991    3.33212439    3.12194838    3.38455786    4.11833427    3.07807368    2.05161107    2.82868834    2.57013638    3.18321116
A8FGQ3_BACP2/7-92     4.90316767    2.54249831    2.13059317    2.71560826    2.26958720    2.35254736    4.01363700    2.69242531    3.11648575    3.01568997    3.30173429    3.05462394    3.03970504    5.37878212    4.42247138    3.61378434    5.38716305    4.09307574    3.68765801    3.58761845    3.12281790    3.25776368    3.42776761    2.78621463    3.15041685    3.14693628    2.79437505    2.33509637    2.16850702    1.57766965    0.87925526    1.05449004    0.62351889    0.00000000    3.22860877    3.57706858    3.56154498    3.09309841    4.62969661    4.77389031    4.58335954    3.50702957    3.48235507    4.03424391    4.66847684    3.26433672    2.45759969    2.63891877    2.65984442    3.10929523
Q2G4Q9_NOVAD/7-98     7.54166214    3.61133911    3.57002464    3.61159409    3.95200006    3.38111518    4.26048418    2.93421113    2.81646223    2.08892466    3.71264858    4.46828480    4.34422475    4.10613249    4.84619380    2.95975988    3.75340707    4.66376068    3.75160190    4.18813499    4.22907119    4.27978619    3.60018801    3.29606022    2.44410820    2.65735478    3.17884013    4.09479839    3.57601514    2.83927417    3.38860372    3.23016400    3.43371970    3.22860877    0.00000000    2.67974424    3.23177426    4.03773454    3.68306317    4.04159238    3.34101239    3.86030575    3.21227854    2.99388386    4.07758764    3.11164922    3.03254689    3.51944446    2.28259757    4.47207347
B8I7Q3_RUMCH/10-107     3.78404419    3.87273633    3.69079317    4.19018246    3.60244880    2.92903329    3.18895956    3.35972197    2.96252577    2.74470219    3.34141599    4.58607029    3.67795359    3.27007607    3.80489096    2.58136801    3.89447816    3.42172866    3.45639423    3.35603621    2.61650235    2.90530928    2.63115139    3.28801113    2.83977215    3.88732267    3.08570377    3.01244247    3.32576304    2.42594546    3.41625873    4.04025297    3.34379407    3.57706858    2.67974424    0.00000000    3.72694618    5.06777546    3.27150581    3.78420376    3.46648068    3.21706009    2.65765269    2.01530163    2.87083229    2.29070225    3.53305762    3.60281636    2.76135643    4.37352474
A0JQF2_LACS1/2-93     4.43213516    4.02207412    4.55992743    3.75383998    4.84506677    3.00657794    3.89668739    2.81346778    2.85619208    2.81191014    4.44158305    4.34498598    4.15462397    4.03626074    3.06225902    3.58300655    2.86015536    3.60699759    3.13745946    3.36869422    3.12222169    3.13407825    3.92012434    3.47670180    2.82921073    3.09843727    3.72597804    3.11800110    2.47548397    3.30699207    3.99800989    3.00751131    3.53374403    3.56154498    3.23177426    3.72694618    0.00000000    1.19955759    1.42453729    1.36324598    2.36357732    3.07506628    2.54977766    2.30651782    2.96627699    2.56886012    3.09395700    3.37837867    3.15696310    3.21791777
Q03FG8_PEDPA/8-100     3.88343461    5.02330266    3.87252427    3.98495122    5.02007677    4.00000187    5.19792884    4.39140562    3.85700745    3.29502795    4.55423933    4.49587886    4.05515988    4.32410428    3.25180996    3.16013449    4.59262638    4.03541113    4.02786375    3.90584169    2.83662475    3.19361686    3.19395305    3.83094677    3.81143901    4.26959580    3.13525285    2.97166292    4.06318447    3.11519077    3.47377090    3.19465070    3.22013197    3.09309841    4.03773454    5.06777546    1.19955759    0.00000000    1.34982359    1.71856789    2.99919141    3.31899986    2.87026386    2.86730765    3.02183918    3.17054740    3.69206271    3.73641941    3.88839945    3.29709340
A5VKJ4_LACRD/8-104     4.08480139    4.35299910    3.79048796    3.46713977    4.33627912    4.01232904    4.89707117    4.50416608    4.09713949    3.84002613    3.80808352    4.41395839    4.53936538    3.70752448    3.66059083    3.01396286    3.52279449    3.58125564    3.39176534    3.37877477    3.14713869    2.66625292    3.04848999    3.32452461    2.92197060    3.02387697    3.58043400    3.37698525    3.01429126    2.70540037    3.84220465    3.39497120    4.08843724    4.62969661    3.68306317    3.27150581    1.42453729    1.34982359    0.00000000    1.33451364    2.53592707    3.18731465    2.97588134    2.24316559    2.89192787    2.46868768    3.83755085    2.97464493    3.16989761    3.76746206
Q9CI91_LACLA/13-103     5.70682242    6.10759203    7.47950309    5.86416015    7.11298214    5.17395475    5.14197018    3.52593121    3.09717968    2.98126787    6.33714495    6.75095495    4.52793900    3.37905329    3.28069864    3.86793260    3.39232140    3.83353095    2.71257370    3.49534743    2.41628710    2.64395464    3.98779872    4.78001708    3.92500436    3.38252413    3.04664006    4.20275643    4.68672948    3.72407386    4.44219948    3.93911051    4.95166685    4.77389031    4.04159238    3.78420376    1.36324598    1.71856789    1.33451364    0.00000000    2.80934604    2.66329776    3.54837466    3.09580001    2.71681178    2.94343955    4.42433192    3.66150594    4.09738378    3.65812559
Q830H0_ENTFA/8-85     5.93996498    3.91235777    3.24365017    3.82160264    4.62223525    3.05386728    3.63478743    3.26880551    4.27634586    3.04147617    3.80414561    4.13492015    3.87224812    2.66811258    3.71957093    2.73659808    3.59934882    2.87336016    3.10958425    2.61801058    2.67454287    3.23312862    3.10246926    3.42391707    3.53887549    5.03369812    3.69676744    4.28835439    2.85374041    3.47363101    3.67617791    3.49573829    3.48992991    4.58335954    3.34101239    3.46648068    2.36357732    2.99919141    2.53592707    2.80934604    0.00000000    1.32155355    2.61301744    2.39319867    2.62220459    2.03801068    4.52848918    3.45583651    3.48838084    3.18820177
Q81CZ5_BACCR/9-86     5.58124005    2.93087065    3.07399446    4.04004766    4.29146972    3.28929518    3.13932467    2.73964257    3.90334690    2.86569567    4.27930826    4.10819583    3.21578607    2.98807946    2.57197787    2.81879640    3.53667376    3.00617483    3.28207980    2.78622043    2.05103749    2.53448605    3.21027098    2.73770222    3.48307911    4.02202483    3.46096997    4.30473220    3.41840354    3.61278388    3.40618198    3.12910782    3.33212439    3.50702957    3.86030575    3.21706009    3.07506628    3.31899986    3.18731465    2.66329776    1.32155355    0.00000000    2.71684884    2.99430179    3.11666291    2.44858632    3.78171841    3.09030820    2.86794338    3.12746055
A5F9K2_CLOK5/11-93     4.74202591    3.27068127    3.19187647    4.36160565    3.56057786    3.13300013    3.13156470    2.79577313    2.86181654    3.02683639    2.82183736    3.35239339    2.42188746    2.78788413    2.02074077    2.53031511    2.68302444    2.52021485    2.50774787    2.07710038    2.23973830    2.15383595    2.57709237    2.55867727    2.66549754    3.27467145    3.22376529    2.52304392    2.87457161    3.39814577    3.17927190    3.39261387    3.12194838    3.48235507    3.21227854    2.65765269    2.54977766    2.87026386    2.97588134    3.54837466    2.61301744    2.71684884    0.00000000    1.31737867    1.63655295    1.25143816    2.66903614    3.34128346    2.99957897    3.36334138
Q5L2L0_GEOKA/10-92     4.70783890    3.03227543    3.10845336    3.75577131    4.20900413    4.02842529    3.60490758    3.65558125    3.25706237    2.95751596    3.18080189    3.78940391    2.93526510    2.97824245    2.64107194    1.91502548    2.43498095    2.47040985    2.09566122    3.08079862    2.10047942    3.11992812    2.32987249    3.17566622    2.85321811    4.39297030    3.21024778    2.73576324    2.64601285    2.49397824    3.31786969    3.58739912    3.38455786    4.03424391    2.99388386    2.01530163    2.30651782    2.86730765    2.24316559    3.09580001    2.39319867    2.99430179    1.31737867    0.00000000    1.50483051    1.44785361    3.74116632    3.54854041    2.92106452    3.97234090
Q65ET1_BACLD/11-97     4.69652627    3.29361198    3.59117951    3.22784019    3.66833231    3.92382995    3.43537814    2.88139503    2.32321978    2.57058008    3.07405519    3.84076089    2.40472416    2.41813692    2.09879883    2.30357292    2.24602135    2.73727875    2.28252923    3.27248974    2.39555416    3.12373714    2.64670698    3.59055921    2.89241597    3.16202142    3.84867428    3.39421562    3.68789449    3.38290852    3.98951355    3.95310244    4.11833427    4.66847684    4.07758764    2.87083229    2.96627699    3.02183918    2.89192787    2.71681178    2.62220459    3.11666291    1.63655295    1.50483051    0.00000000    1.98397742    4.02724143    2.87142209    3.18463172    3.55072400
A3DG57_HUNT2/10-95     4.15967893    2.65614083    3.31951928    3.15224419    3.27168208    3.26809929    3.03025892    2.79718089    2.60751030    2.33354518    2.47713604    3.15458110    3.04665520    2.39110763    2.75292089    2.82597317    2.71929417    3.22311189    2.12027805    3.21276827    2.58106282    2.37639280    2.66333212    2.64994675    2.45969192    3.02831059    2.96919389    2.78106712    2.15471149    2.72329255    2.69474292    3.39597701    3.07807368    3.26433672    3.11164922    2.29070225    2.56886012    3.17054740    2.46868768    2.94343955    2.03801068    2.44858632    1.25143816    1.44785361    1.98397742    0.00000000    4.03801272    3.05061907    2.33592512    3.99340698
D3S1Y3_FERPA/56-128     4.14299227    2.11404719    2.15012715    3.06057677    2.68084948    2.79882827    2.84602201    2.65623462    1.98134491    1.96198674    2.38887430    2.68843203    3.12851289    3.62714547    2.37640386    3.39016081    4.10882022    3.49717393    4.13044561    3.73145861    2.37604364    2.74662909    2.97426439    2.42991446    2.51111432    2.68763708    1.98424588    2.11923689    2.94259028    3.53603520    2.66075724    2.50792715    2.05161107    2.45759969    3.03254689    3.53305762    3.09395700    3.69206271    3.83755085    4.42433192    4.52848918    3.78171841    2.66903614    3.74116632    4.02724143    4.03801272    0.00000000    2.09520058    2.28978272    2.63729409
D3DZY7_METRM/1-76     4.15788026    2.52392422    2.65138292    3.15954279    2.71739658    2.52935721    2.83787451    2.50939140    2.69191699    1.98454962    2.66807029    2.94155390    2.37384874    3.61540105    2.98363136    3.05628230    3.05126165    3.41776740    4.11706375    4.31446492    1.95992572    2.21029553    3.03516420    2.39578042    2.05620218    2.35171794    3.19799842    2.50991454    3.14912323    3.14245577    2.53904236    2.01145498    2.82868834    2.63891877    3.51944446    3.60281636    3.37837867    3.73641941    2.97464493    3.66150594    3.45583651    3.09030820    3.34128346    3.54854041    2.87142209    3.05061907    2.09520058    0.00000000    1.90855471    2.38448050
A3DIA5_HUNT2/12-88     3.36074746    2.04120289    1.98134126    2.51053684    2.06564846    1.88406586    2.85724204    2.92478848    2.43649763    2.47410568    3.02884684    2.65712031    3.01260604    3.26161165    2.76411791    2.81703014    3.22513174    3.34036914    2.92566373    3.13343972    2.66116404    3.18104857    3.09752899    2.81374495    2.01470960    1.96731587    2.29907163    2.58996432    3.04420334    2.25554922    2.41390736    2.95107789    2.57013638    2.65984442    2.28259757    2.76135643    3.15696310    3.88839945    3.16989761    4.09738378    3.48838084    2.86794338    2.99957897    2.92106452    3.18463172    2.33592512    2.28978272    1.90855471    0.00000000    2.43762045
Q833F2_ENTFA/13-90     5.31212559    2.48785196    2.48575009    2.67784302    2.53493720    2.82301233    2.75305875    2.62261346    2.61503402    2.51903574    2.83913350    3.71651261    3.51308489    3.98487026    3.36577163    3.50041325    3.15278190    3.14152262    3.45644049    3.17800589    3.07984789    3.46483045    3.61115462    2.70149478    2.91919860    2.03525983    3.23639267    3.00637846    3.32229742    3.26319418    2.78853371    3.33795896    3.18321116    3.10929523    4.47207347    4.37352474    3.21791777    3.29709340    3.76746206    3.65812559    3.18820177    3.12746055    3.36334138    3.97234090    3.55072400    3.99340698    2.63729409    2.38448050    2.43762045    0.00000000

