21
Y4990_ARATH/384-503     0.00000000    1.43667872    1.57395729    1.50524228    1.40816734    1.80084130    2.34548341    2.02766907    2.64810839    2.40275548    2.76084652    2.69220632    3.26303811    2.79317748    3.80492020    4.88278030    4.23964944    2.44164453    3.08481481    2.82266818    2.81385142
Q9C949_ARATH/165-289     1.43667872    0.00000000    0.86458738    0.78820945    0.70026563    1.94262316    2.52290085    2.37394145    2.34076976    2.41671903    2.99294254    2.70926228    3.41341990    3.08842070    2.87064708    4.16562617    3.87581176    2.71772419    4.26244425    4.04781840    2.65816220
O80440_ARATH/466-590     1.57395729    0.86458738    0.00000000    0.71141050    0.64956895    1.90948684    2.40405467    2.04593849    2.46032318    2.52124142    3.44779269    2.97565748    3.40027499    2.96989166    2.74177088    3.32329956    3.06975164    2.62314786    3.87734175    3.85111799    2.66508505
O80440_ARATH/110-235     1.50524228    0.78820945    0.71141050    0.00000000    0.45844793    1.65231816    2.13447055    2.50659843    2.17040080    2.45404945    3.00307627    2.66410042    3.70890324    3.03113615    3.68143832    4.43533400    3.62646716    2.89086351    3.57864121    3.49347623    2.82754974
Q9LFB1_ARATH/139-263     1.40816734    0.70026563    0.64956895    0.45844793    0.00000000    1.99807767    2.41018858    2.15588813    2.73256564    3.02361827    3.41393794    3.47036052    3.58930074    3.01413966    3.98582260    5.04414488    3.85189757    2.88788421    3.95385489    3.61929323    2.70561684
A4GAT_RAT/98-222     1.80084130    1.94262316    1.90948684    1.65231816    1.99807767    0.00000000    1.11200571    1.87727919    2.10628018    2.54777802    2.78906593    2.92128146    4.54388318    3.41966526    2.82610393    4.06307471    3.29391012    2.48612310    3.27583884    3.19633816    2.56067081
A4GCT_HUMAN/64-182     2.34548341    2.52290085    2.40405467    2.13447055    2.41018858    1.11200571    0.00000000    1.93222678    1.83734613    2.52421392    2.59822034    2.88408589    3.76282157    2.66109284    3.09875065    3.24148331    3.16936237    2.26313508    3.61108824    3.26917514    2.26191670
Q9VQK4_DROME/97-219     2.02766907    2.37394145    2.04593849    2.50659843    2.15588813    1.87727919    1.93222678    0.00000000    2.17158491    1.91187126    2.93232289    2.36354549    3.35673550    3.35384105    2.61560943    3.10139753    2.82235534    2.50152221    4.47046017    3.62692090    2.21606859
IMT1_SCHPO/78-169     2.64810839    2.34076976    2.46032318    2.17040080    2.73256564    2.10628018    1.83734613    2.17158491    0.00000000    0.91599394    0.97254105    0.95119533    2.94089286    2.68182518    1.94141506    2.54504666    2.53633255    2.03574975    4.11968481    4.49384546    1.75712919
IMT3_SCHPO/71-158     2.40275548    2.41671903    2.52124142    2.45404945    3.02361827    2.54777802    2.52421392    1.91187126    0.91599394    0.00000000    0.75659875    0.49247323    2.64810617    2.62906739    1.80586165    2.56220762    2.88655845    2.13663730    3.69983466    3.75124634    1.87433570
SUR1_YEAST/69-157     2.76084652    2.99294254    3.44779269    3.00307627    3.41393794    2.78906593    2.59822034    2.93232289    0.97254105    0.75659875    0.00000000    0.67050614    2.59788305    2.28521483    2.42407934    2.72149747    3.05942156    2.28294535    3.70073543    3.95120451    2.28692418
IMT2_SCHPO/96-183     2.69220632    2.70926228    2.97565748    2.66410042    3.47036052    2.92128146    2.88408589    2.36354549    0.95119533    0.49247323    0.67050614    0.00000000    2.90111821    2.84584834    2.00629735    2.75312012    2.83589330    2.49356786    4.48177319    4.38284830    2.64914287
Q9CLU0_PASMU/75-162     3.26303811    3.41341990    3.40027499    3.70890324    3.58930074    4.54388318    3.76282157    3.35673550    2.94089286    2.64810617    2.59788305    2.90111821    0.00000000    0.61996700    2.55097592    3.07009342    3.18456737    2.92749395    3.50273960    3.71205462    3.00424389
Q9KVB2_VIBCH/72-160     2.79317748    3.08842070    2.96989166    3.03113615    3.01413966    3.41966526    2.66109284    3.35384105    2.68182518    2.62906739    2.28521483    2.84584834    0.61996700    0.00000000    2.37766916    2.86384254    3.28108643    2.53394889    3.04723784    3.16132332    2.92309060
OCH1_YEAST/114-206     3.80492020    2.87064708    2.74177088    3.68143832    3.98582260    2.82610393    3.09875065    2.61560943    1.94141506    1.80586165    2.42407934    2.00629735    2.55097592    2.37766916    0.00000000    1.59936435    1.42286064    2.37817922    3.44813580    4.07732191    2.02291139
HOC1_YEAST/144-235     4.88278030    4.16562617    3.32329956    4.43533400    5.04414488    4.06307471    3.24148331    3.10139753    2.54504666    2.56220762    2.72149747    2.75312012    3.07009342    2.86384254    1.59936435    0.00000000    1.32082558    3.06242445    4.94150288    5.24318616    3.13377858
OCH1_SCHPO/155-248     4.23964944    3.87581176    3.06975164    3.62646716    3.85189757    3.29391012    3.16936237    2.82235534    2.53633255    2.88655845    3.05942156    2.83589330    3.18456737    3.28108643    1.42286064    1.32082558    0.00000000    2.94833787    4.16424367    4.47712794    2.87101240
Q8DZD7_STRA5/17-101     2.44164453    2.71772419    2.62314786    2.89086351    2.88788421    2.48612310    2.26313508    2.50152221    2.03574975    2.13663730    2.28294535    2.49356786    2.92749395    2.53394889    2.37817922    3.06242445    2.94833787    0.00000000    3.09071433    2.89343917    0.89861088
Q9PKM8_CHLMU/447-556     3.08481481    4.26244425    3.87734175    3.57864121    3.95385489    3.27583884    3.61108824    4.47046017    4.11968481    3.69983466    3.70073543    4.48177319    3.50273960    3.04723784    3.44813580    4.94150288    4.16424367    3.09071433    0.00000000    0.91211034    3.13063916
Q9RM48_ECOLX/472-583     2.82266818    4.04781840    3.85111799    3.49347623    3.61929323    3.19633816    3.26917514    3.62692090    4.49384546    3.75124634    3.95120451    4.38284830    3.71205462    3.16132332    4.07732191    5.24318616    4.47712794    2.89343917    0.91211034    0.00000000    2.92028609
Q9AHA0_STREE/17-102     2.81385142    2.65816220    2.66508505    2.82754974    2.70561684    2.56067081    2.26191670    2.21606859    1.75712919    1.87433570    2.28692418    2.64914287    3.00424389    2.92309060    2.02291139    3.13377858    2.87101240    0.89861088    3.13063916    2.92028609    0.00000000

