7
L_TSWV1/823-1667     0.00000000    2.41427298    2.42758949    3.42518151    5.94136094    4.86838080    5.60507008
L_BUNYW/597-1330     2.41427298    0.00000000    0.38706795    2.97240075    6.73841660    4.29859330    4.54111931
L_BUNL8/596-1353     2.42758949    0.38706795    0.00000000    3.13039164    6.78386194    4.41024099    4.57126191
L_HANTV/562-1285     3.42518151    2.97240075    3.13039164    0.00000000    6.32492569    4.93982630    5.25149807
L_DUGBA/2129-2869     5.94136094    6.73841660    6.78386194    6.32492569    0.00000000    6.10282729    6.76752680
RDRP_RSVT/1066-1804     4.86838080    4.29859330    4.41024099    4.93982630    6.10282729    0.00000000    1.26471482
L_UUKS/609-1305     5.60507008    4.54111931    4.57126191    5.25149807    6.76752680    1.26471482    0.00000000

