16
A0A3M0BNF4_9AQUI/1-645     0.00000000    0.64384802    0.61419326    0.66840039    1.34809530    1.25453047    1.73214637    1.54017850    2.09655145    2.00556889    2.00239951    2.19772561    2.31856019    1.18738250    1.29572668    1.25094758
O66955_AQUAE/1-645     0.64384802    0.00000000    0.76230096    0.97999483    1.25298944    1.32496865    1.77706579    1.61436471    2.13332442    2.13649822    1.95781118    2.24120293    2.27057398    1.23564378    1.40907935    1.38973210
A0A1R1MM71_9BACT/1-640     0.61419326    0.76230096    0.00000000    0.77657632    1.38753032    1.15966026    1.87405918    1.73475092    2.00585630    2.01789916    1.94413876    2.18603082    2.20752644    1.15995019    1.28024310    1.32157208
E6X1K4_NITSE/1-644     0.66840039    0.97999483    0.77657632    0.00000000    1.46232555    1.39763758    1.69389128    1.55000652    2.19969838    2.19955663    2.08625156    2.11543905    2.29270041    1.24887018    1.34905213    1.29789709
Q9X0A7_THEMA/1-577     1.34809530    1.25298944    1.38753032    1.46232555    0.00000000    1.22937165    2.00360215    1.70836314    2.05892889    2.02644724    1.92596822    2.27844299    2.46558758    1.54948496    1.56008809    1.56625033
A0A0S3QSG9_THET7/1-571     1.25453047    1.32496865    1.15966026    1.39763758    1.22937165    0.00000000    1.91476723    1.58518794    2.08150452    2.07347536    1.97619163    2.29748856    2.43499535    1.32781621    1.33694849    1.45894267
A0A402ASD3_9CHLR/1-631     1.73214637    1.77706579    1.87405918    1.69389128    2.00360215    1.91476723    0.00000000    0.84788631    2.36857535    2.25084811    2.04634119    2.48415398    2.54305001    1.63346052    1.67968057    1.63455285
A0A328VAC2_9CHLR/1-644     1.54017850    1.61436471    1.73475092    1.55000652    1.70836314    1.58518794    0.84788631    0.00000000    2.29392453    2.17379508    2.05727504    2.28285469    2.47069005    1.48924362    1.63312836    1.51251635
A0A0U3FS66_9CREN/1-582     2.09655145    2.13332442    2.00585630    2.19969838    2.05892889    2.08150452    2.36857535    2.29392453    0.00000000    0.54801657    2.28473619    2.25713431    2.34689398    2.09032441    2.36860353    2.34304520
A8A8Q8_IGNH4/1-585     2.00556889    2.13649822    2.01789916    2.19955663    2.02644724    2.07347536    2.25084811    2.17379508    0.54801657    0.00000000    1.92560221    2.06323635    2.22458283    2.06238860    2.32809868    2.22224956
Q8TZ95_METKA/1-589     2.00239951    1.95781118    1.94413876    2.08625156    1.92596822    1.97619163    2.04634119    2.05727504    2.28473619    1.92560221    0.00000000    1.89954152    2.08665553    1.88013747    1.95551098    1.92869085
Q5JFF3_THEKO/1-566     2.19772561    2.24120293    2.18603082    2.11543905    2.27844299    2.29748856    2.48415398    2.28285469    2.25713431    2.06323635    1.89954152    0.00000000    0.53970446    2.17752212    2.28503235    2.07780684
Y1355_METJA/1-566     2.31856019    2.27057398    2.20752644    2.29270041    2.46558758    2.43499535    2.54305001    2.47069005    2.34689398    2.22458283    2.08665553    0.53970446    0.00000000    2.25222612    2.38677935    2.32091393
F8ACH7_THEID/1-627     1.18738250    1.23564378    1.15995019    1.24887018    1.54948496    1.32781621    1.63346052    1.48924362    2.09032441    2.06238860    1.88013747    2.17752212    2.25222612    0.00000000    0.98155841    0.99098248
A6Q0X4_NITSB/1-613     1.29572668    1.40907935    1.28024310    1.34905213    1.56008809    1.33694849    1.67968057    1.63312836    2.36860353    2.32809868    1.95551098    2.28503235    2.38677935    0.98155841    0.00000000    0.85211832
A0A1N6E4M9_9GAMM/1-625     1.25094758    1.38973210    1.32157208    1.29789709    1.56625033    1.45894267    1.63455285    1.51251635    2.34304520    2.22224956    1.92869085    2.07780684    2.32091393    0.99098248    0.85211832    0.00000000

