7
F6GZZ6_VITVI/10-273     0.00000000    0.21947573    1.81627901    1.24947394    1.11729694    0.35659217    0.20614689
B9R7D1_RICCO/10-268     0.21947573    0.00000000    1.72956242    1.21639949    1.11487290    0.34458249    0.17236375
Q55386_SYNY3/34-279     1.81627901    1.72956242    0.00000000    2.23770561    1.82001857    1.94111927    1.85375565
TI22L_ARATH/56-311     1.24947394    1.21639949    2.23770561    0.00000000    0.70306723    1.20408155    1.23574783
Q84ZH3_ORYSJ/33-287     1.11729694    1.11487290    1.82001857    0.70306723    0.00000000    1.04153039    1.08269932
TIC22_ARATH/10-264     0.35659217    0.34458249    1.94111927    1.20408155    1.04153039    0.00000000    0.32331110
B9GNW7_POPTR/11-269     0.20614689    0.17236375    1.85375565    1.23574783    1.08269932    0.32331110    0.00000000

