64
B1L6U0_KORCO/4-135     0.00000000    1.03505178    1.10740386    1.17290689    1.01161476    0.95763220    0.94043359    1.12738761    0.97617730    1.27336698    1.45083325    1.50555564    1.15778233    1.22177685    1.45131945    1.21026231    1.23542119    1.47255978    1.48775222    1.17745625    1.19974352    1.52708703    1.31812732    1.33860724    1.38347505    1.07850827    1.17953214    1.17630119    1.36187019    1.14201642    1.17462645    1.26245809    1.26035589    1.24846957    1.36718682    1.62695847    1.42833700    1.42189820    1.37665695    1.47645775    1.70938267    1.67393134    1.54218762    1.62929008    1.50970420    1.76876320    1.51690644    1.45946788    1.41420551    1.41706913    1.58911590    1.29464124    1.40523387    1.44597974    1.50873997    1.42891774    1.54416608    1.40920692    1.51716856    1.41312988    1.50612218    1.34005390    1.25376575    1.25179197
K0II76_NITGG/6-139     1.03505178    0.00000000    0.76580555    0.94476784    1.05228694    0.96516071    1.17602296    1.18545583    1.23762004    1.46361449    1.47382839    1.62555869    1.32238685    1.42572485    1.24961603    1.25566371    1.13030333    1.80636023    1.11892217    1.18315007    1.30998882    1.42013092    1.43096003    1.45314925    1.39608041    1.42052652    1.11438971    1.27902592    1.50603618    1.14439219    1.06868718    1.03449840    1.34385220    1.32866079    1.16462458    1.29698099    1.31306384    1.34457118    1.33180167    1.46940873    1.64060444    1.70093521    1.51982774    1.77449727    1.62321073    1.48009599    1.59146736    1.38112818    1.69049572    1.50077144    1.70372309    1.47305347    1.38439082    1.37633219    1.53272518    1.39857200    1.41737137    1.35572320    1.30767676    1.17026159    1.37071749    1.47033627    1.44102424    1.21399692
A9A5J7_NITMS/5-138     1.10740386    0.76580555    0.00000000    0.77031183    1.04355868    0.97130530    1.21017285    1.19153950    1.07784950    1.55630030    1.57716639    1.80638675    1.34853537    1.45180154    1.35290523    1.39595261    1.28642842    1.49135874    1.32033568    1.21212423    1.23735274    1.47284935    1.40620740    1.40696938    1.50693238    1.33981289    1.11364162    1.23885444    1.13245539    0.91716740    0.84361539    0.89640576    1.27539058    1.10486356    1.39041540    1.37662334    1.26046413    1.30903008    1.33508042    1.41399577    1.27348448    1.34611132    1.15836582    1.41987462    1.35927331    1.40918725    1.15504593    1.15255424    1.26477120    1.23470682    1.31699066    1.23524904    1.35033516    1.34106796    1.32330612    1.29985120    1.36536238    1.50923637    1.22826502    1.15927332    1.17263570    1.22512183    1.51686276    1.19005242
A0RWA4_CENSY/4-135     1.17290689    0.94476784    0.77031183    0.00000000    1.13390937    1.23923031    1.39198404    1.45061140    1.30160834    1.59476008    1.57816954    2.05193027    1.62839551    1.42274681    1.54714736    1.43964994    1.47544419    1.71969670    1.56479917    1.30525202    1.60998640    1.52218227    1.35908253    1.66010759    1.41685258    1.24870417    1.34554137    1.39724381    1.47383002    1.23012887    1.30521698    1.16863053    1.29894683    1.26920086    1.25613996    1.44289318    1.45926557    1.28007021    1.30632821    1.50897206    1.49840034    1.57336041    1.35600785    1.52612002    1.50175524    1.67131141    1.49072668    1.43222976    1.50538482    1.49143279    1.65171459    1.51738208    1.52975662    1.64118266    1.57718549    1.67497324    1.34298830    1.28150475    1.37310373    1.28331493    1.45444221    1.20976682    1.36596402    1.37344862
O29194_ARCFU/4-138     1.01161476    1.05228694    1.04355868    1.13390937    0.00000000    0.66936023    0.78018517    0.76112873    0.73566228    1.26009587    1.27409759    1.65695253    1.17476327    1.03315531    1.26781427    1.02560434    0.90243405    1.24913768    1.22163912    1.10121744    1.12895291    1.19347510    1.10733652    0.96548798    1.13722230    1.07227928    0.99243281    1.03212840    1.04311819    0.80276924    0.82620058    0.84929016    1.12540460    1.07408386    1.28672398    1.14733687    1.15104092    1.10593239    1.34006569    1.30012949    1.38222300    1.51118104    1.46959391    1.40840228    1.36089235    1.58117274    1.43961396    1.48740946    1.38115942    1.42361852    1.46666214    1.38547448    1.29746765    1.43209802    1.48461492    1.34784291    1.29003886    1.24232388    1.04325735    0.99569983    1.05172284    1.14922694    1.28339764    0.97954558
F2KNJ3_ARCVS/6-139     0.95763220    0.96516071    0.97130530    1.23923031    0.66936023    0.00000000    0.65156609    0.68052530    0.58025989    1.26862107    1.18220020    1.25522022    1.11502192    1.13843025    1.10659621    1.03949129    1.00789273    1.18069788    1.08585325    0.99426762    1.08121757    1.23221543    0.96595608    1.16356864    1.16605731    1.01927077    0.86715414    1.00713463    1.08158042    0.88230936    0.92507586    0.94089921    1.13722073    1.25473808    1.25652179    1.30357779    1.18642194    1.35290387    1.30981897    1.31466829    1.42242584    1.45638321    1.34470088    1.41692805    1.27949076    1.35231729    1.33157027    1.34586382    1.19416595    1.31362346    1.39559805    1.38399783    1.39320564    1.33081017    1.21824965    1.46974931    1.25833270    1.12309051    1.07586595    1.08475814    1.00954940    0.93464490    0.96221748    0.83621129
D2RDW3_ARCPA/5-139     0.94043359    1.17602296    1.21017285    1.39198404    0.78018517    0.65156609    0.00000000    0.64077797    0.66717642    1.34196135    1.37471108    1.42232163    1.22306097    1.08104889    1.05045061    0.99805935    0.93614074    1.17348999    1.24311108    1.15850265    0.89974083    1.45367354    1.13585321    1.08048765    1.08807427    1.17004978    0.81183274    0.86582333    1.06209304    0.81005923    0.86139467    0.90201572    1.30762694    1.32577716    1.34030212    1.42570743    1.41983461    1.39760054    1.31440298    1.56746889    1.61363760    1.49459030    1.52238406    1.51434460    1.49951630    1.55237825    1.60043726    1.49612505    1.46148161    1.60758653    1.51471988    1.34010537    1.53802351    1.45819405    1.52480009    1.48750847    1.44305805    1.35904319    1.14838096    1.13405927    1.13113767    1.17121554    1.27927195    1.10136442
D3RY66_FERPA/8-142     1.12738761    1.18545583    1.19153950    1.45061140    0.76112873    0.68052530    0.64077797    0.00000000    0.61930102    1.23800642    1.28922985    1.61925111    1.32710748    1.08632251    0.97915541    1.09164894    0.99457219    1.04165406    1.14737944    1.05553856    0.94839283    1.22943342    1.22107569    1.24437240    1.12140618    0.90719588    0.91388465    0.96640377    1.18703630    0.91016892    0.94061744    0.87887203    1.14362729    1.34382678    1.51721966    1.47101607    1.55064854    1.39279510    1.29943160    1.51168000    1.51270560    1.57945525    1.43974022    1.47893622    1.48315845    1.45081786    1.45949355    1.43434146    1.45207571    1.33655496    1.43957118    1.37547624    1.47549851    1.26994734    1.39619004    1.37891310    1.39178900    1.30278840    1.04022776    1.09357932    1.08140653    1.14513287    1.20087401    1.06638335
N0BCQ3_9EURY/10-144     0.97617730    1.23762004    1.07784950    1.30160834    0.73566228    0.58025989    0.66717642    0.61930102    0.00000000    1.24185638    1.40913952    1.48350588    1.28661075    1.18722880    1.24278197    1.22909980    1.10052826    1.18036647    1.30870420    1.18801748    1.21779956    1.65864027    1.21337002    1.25260018    1.20115503    1.20443828    1.01172985    0.98354699    1.00739297    0.88905745    0.92822545    0.85691521    1.12558859    1.25103045    1.37917285    1.22258845    1.32683570    1.34548507    1.26592782    1.51357504    1.62272502    1.63173768    1.57337072    1.52393033    1.49697253    1.56926598    1.51813470    1.53737344    1.37658062    1.33587615    1.48089365    1.44708678    1.56263421    1.51703301    1.41474481    1.56251185    1.37086140    1.25705099    1.01509917    1.07013859    0.90209366    1.01603081    1.09219404    0.96767909
D5U2B4_THEAM/12-145     1.27336698    1.46361449    1.55630030    1.59476008    1.26009587    1.26862107    1.34196135    1.23800642    1.24185638    0.00000000    1.16827114    1.18200391    1.14131361    1.08794995    1.25765309    1.16483609    1.16137395    1.12772947    1.29650329    1.40232225    0.99152443    1.20829439    0.96206427    1.13584479    1.16170217    1.21335939    1.26016035    1.28228638    1.26944670    1.08211516    1.21809269    1.19976785    1.12522003    1.13734202    1.34786304    1.34576937    1.50927925    1.17996821    1.29896881    1.35345061    1.46275696    1.39625191    1.33967929    1.26589513    1.31116358    1.63351562    1.48302029    1.44431812    1.31251021    1.45238383    1.52857325    1.46455738    1.56400344    1.50228212    1.55332361    1.43306584    1.16762429    1.47654305    1.27801399    1.39632215    1.28463103    1.39967198    1.48040653    1.17164662
A8MAH3_CALMQ/6-138     1.45083325    1.47382839    1.57716639    1.57816954    1.27409759    1.18220020    1.37471108    1.28922985    1.40913952    1.16827114    0.00000000    1.05644092    1.19403740    0.87718922    1.05082029    0.90057075    0.93212648    1.04999395    1.18042974    1.07098350    0.96467859    1.18887270    1.14442071    1.12394729    1.09785802    1.13444551    0.99120746    1.10151658    1.44729504    1.20654003    1.39797283    1.29743013    1.43768225    1.47136733    1.76437045    1.61327077    1.60652162    1.38294896    1.38054136    1.32434153    1.32518539    1.38085191    1.25281655    1.49980780    1.34628110    1.22369285    1.43166033    1.32773904    1.46226161    1.43808104    1.42217207    1.55307233    1.50414500    1.38496051    1.36427610    1.46222476    1.31940596    1.33974045    1.30157134    1.24554359    1.28670785    1.37005133    1.34754536    1.21803003
Q8ZYT8_PYRAE/31-161     1.50555564    1.62555869    1.80638675    2.05193027    1.65695253    1.25522022    1.42232163    1.61925111    1.48350588    1.18200391    1.05644092    0.00000000    0.71633011    1.20578071    1.34144196    1.26267818    1.23488713    1.38041885    1.34766180    1.33368125    1.17496443    1.40103871    1.24500783    1.31901819    1.43942067    1.31201935    1.16268189    1.39686678    1.70462709    1.50064977    1.57568344    1.55117786    1.58708657    1.74421171    1.76491471    1.56466706    1.84591537    1.67594411    1.76272438    1.45360864    1.50486033    1.42448431    1.46401974    1.50694755    1.58191180    1.41445509    1.44897576    1.55082252    1.50301351    1.66494774    1.59644199    1.69345215    1.70689322    1.73336277    1.51251071    1.56874291    1.36576523    1.58282934    1.72631985    1.61298961    1.26423276    1.51169717    1.50487577    1.37548189
G4RKZ8_THETK/8-138     1.15778233    1.32238685    1.34853537    1.62839551    1.17476327    1.11502192    1.22306097    1.32710748    1.28661075    1.14131361    1.19403740    0.71633011    0.00000000    1.20629967    1.35312163    1.08766244    1.08308638    1.26312387    1.24513378    1.25181798    1.21374890    1.38500201    1.26051447    1.56942732    1.49863959    1.29269747    1.08903634    1.25159847    1.48460606    1.11374275    1.05305271    1.15739387    1.51688531    1.52642897    1.69333490    1.66248900    1.60349140    1.49925817    1.65690380    1.45429378    1.37913357    1.40809983    1.36857820    1.42677750    1.44458441    1.60731798    1.46468348    1.51137666    1.61575969    1.50147254    1.57087054    1.59166415    1.53142554    1.63965132    1.62472430    1.40284595    1.42448906    1.36377109    1.78739861    1.46194441    1.50110031    1.54611129    1.71396337    1.37869673
E1QUK1_VULDI/9-141     1.22177685    1.42572485    1.45180154    1.42274681    1.03315531    1.13843025    1.08104889    1.08632251    1.18722880    1.08794995    0.87718922    1.20578071    1.20629967    0.00000000    0.83744697    0.82502627    0.72386606    0.92905203    1.00183980    0.97393915    0.73856320    1.02487220    0.91829202    0.79004939    1.02294773    1.17863016    0.87247706    0.96431869    1.13186153    0.95925013    1.07909399    1.12607925    1.58224618    1.38467309    1.49030027    1.41740451    1.44634870    1.44755083    1.53040293    1.15737920    1.40062575    1.37104483    1.34878683    1.29760395    1.32074530    1.46206751    1.28397736    1.34217241    1.31959431    1.32954614    1.39849151    1.40947893    1.22459178    1.27163562    1.32783373    1.36947753    1.26449475    1.30256168    1.18592171    1.26301548    1.09132174    1.32660023    1.18658571    1.16593056
Q97WJ3_SACS2/7-139     1.45131945    1.24961603    1.35290523    1.54714736    1.26781427    1.10659621    1.05045061    0.97915541    1.24278197    1.25765309    1.05082029    1.34144196    1.35312163    0.83744697    0.00000000    0.59476512    0.66600770    1.02913440    0.82975306    1.07899593    0.93860465    1.14404627    1.11100690    1.02622797    1.16938873    1.36294174    0.93334892    1.12220076    1.21362493    0.99496757    1.25131940    0.97401173    1.48699943    1.43059960    1.36265087    1.40046964    1.47938623    1.48184974    1.30525214    1.29284829    1.54982566    1.53622909    1.43248807    1.54204968    1.37491327    1.43375254    1.39095207    1.38179229    1.43590946    1.41642105    1.46469023    1.45035078    1.57133880    1.39625869    1.35267168    1.47749949    1.22953930    1.11290763    1.24127504    1.23733142    1.28234811    1.39600717    1.47401122    1.30553390
Q4JCL8_SULAC/7-140     1.21026231    1.25566371    1.39595261    1.43964994    1.02560434    1.03949129    0.99805935    1.09164894    1.22909980    1.16483609    0.90057075    1.26267818    1.08766244    0.82502627    0.59476512    0.00000000    0.61548134    0.92848882    0.86334475    0.87261175    0.87127987    1.09155295    1.14640511    1.04316976    1.12460423    1.16695289    0.98641178    1.16625775    1.10844437    0.72630025    0.98623166    0.92542948    1.35904002    1.29221428    1.36559838    1.24729389    1.32892391    1.41753980    1.23926304    1.34374837    1.39408868    1.38310453    1.39612334    1.47825822    1.29153253    1.52076229    1.47807575    1.42579004    1.32442789    1.55354009    1.52412887    1.55135420    1.41621918    1.38554486    1.45422146    1.57329550    1.20814471    1.08393923    1.19815682    1.23004226    1.14791700    1.14394198    1.26147939    1.12930984
Q96YP1_SULTO/7-140     1.23542119    1.13030333    1.28642842    1.47544419    0.90243405    1.00789273    0.93614074    0.99457219    1.10052826    1.16137395    0.93212648    1.23488713    1.08308638    0.72386606    0.66600770    0.61548134    0.00000000    0.83503314    0.66158536    0.87775206    0.84916492    1.29074064    1.12234463    0.91686595    1.29118737    1.18602793    0.83104449    1.06136868    1.00935477    0.74324498    0.92155065    0.95049090    1.28974575    1.24703804    1.28655151    1.38217687    1.43181928    1.45082515    1.28779923    1.25486017    1.39239891    1.46716048    1.38537084    1.40640209    1.33544230    1.45356167    1.26710598    1.31831373    1.30912784    1.37928138    1.47238004    1.37166940    1.53364631    1.33885691    1.33561675    1.39361691    1.29186920    1.33051829    1.07501372    1.06215937    1.12354914    1.12274634    1.18798189    1.03522142
A4YER8_METS5/7-137     1.47255978    1.80636023    1.49135874    1.71969670    1.24913768    1.18069788    1.17348999    1.04165406    1.18036647    1.12772947    1.04999395    1.38041885    1.26312387    0.92905203    1.02913440    0.92848882    0.83503314    0.00000000    0.76679043    0.94623506    1.06048091    1.15281495    1.00502726    1.16598176    1.27079977    1.35267096    1.03363844    0.99929829    1.13805654    0.99938350    1.16928112    1.15456609    1.19072659    1.38895403    1.47091913    1.43885033    1.38354630    1.26103591    1.37010079    1.55757109    1.39845033    1.37867854    1.47399187    1.40240673    1.35489447    1.50887550    1.38362096    1.50661790    1.43619099    1.46981442    1.42977751    1.66062094    1.51452742    1.54626472    1.53294324    1.49640993    1.29843391    1.36670998    1.24004355    1.21554690    1.30843675    1.39576338    1.42795735    1.22588894
F4B9X2_ACIHW/9-140     1.48775222    1.11892217    1.32033568    1.56479917    1.22163912    1.08585325    1.24311108    1.14737944    1.30870420    1.29650329    1.18042974    1.34766180    1.24513378    1.00183980    0.82975306    0.86334475    0.66158536    0.76679043    0.00000000    1.03582628    1.00527002    1.27616680    1.01121279    1.12209756    1.30121628    1.35428674    1.04334844    1.05484986    1.12146551    1.06103536    1.09327375    1.02151245    1.55958861    1.47046968    1.49501194    1.48206750    1.46054052    1.50406540    1.39817618    1.41636473    1.51498156    1.51338837    1.51032348    1.64277943    1.38235576    1.49288582    1.56564602    1.51259417    1.54738503    1.58805646    1.71273657    1.62815533    1.58509016    1.56131816    1.50643778    1.51638552    1.42613575    1.54236959    1.20877237    1.11922093    1.28228500    1.36472725    1.38034928    1.25684752
H9ZZN8_FERFK/16-148     1.17745625    1.18315007    1.21212423    1.30525202    1.10121744    0.99426762    1.15850265    1.05553856    1.18801748    1.40232225    1.07098350    1.33368125    1.25181798    0.97393915    1.07899593    0.87261175    0.87775206    0.94623506    1.03582628    0.00000000    0.88114578    1.12696411    1.12918668    0.97095003    1.09134138    1.32442540    0.89848232    1.04444560    1.17179409    0.78484257    0.93080198    1.00042567    1.37065882    1.45933455    1.50554128    1.35544658    1.51008362    1.44805991    1.26484565    1.47348296    1.41805013    1.49163590    1.56115937    1.55497377    1.32229959    1.54002826    1.38665640    1.45183702    1.40407146    1.44424295    1.47388077    1.53848114    1.48491370    1.55287284    1.49647648    1.54200280    1.37884130    1.36157454    1.24873807    1.05175756    1.22067592    1.18032280    1.19601705    0.96125877
A3DMG4_STAMF/7-140     1.19974352    1.30998882    1.23735274    1.60998640    1.12895291    1.08121757    0.89974083    0.94839283    1.21779956    0.99152443    0.96467859    1.17496443    1.21374890    0.73856320    0.93860465    0.87127987    0.84916492    1.06048091    1.00527002    0.88114578    0.00000000    1.16161344    0.98964097    0.90824076    0.93752445    1.24132870    0.80562179    0.88563656    1.03807412    0.95114538    1.07009549    1.17281324    1.51302560    1.33281352    1.40497325    1.51535700    1.42823227    1.49397560    1.41268727    1.47253497    1.78735323    1.54770714    1.57791626    1.60232902    1.53356203    1.75533905    1.65193469    1.55648385    1.56944297    1.67276086    1.69418741    1.64881665    1.63565491    1.58528701    1.59768836    1.46493754    1.47667973    1.64771641    1.42032671    1.21999790    1.16905201    1.59430510    1.42011642    1.22183575
Q9YDA3_AERPE/7-139     1.52708703    1.42013092    1.47284935    1.52218227    1.19347510    1.23221543    1.45367354    1.22943342    1.65864027    1.20829439    1.18887270    1.40103871    1.38500201    1.02487220    1.14404627    1.09155295    1.29074064    1.15281495    1.27616680    1.12696411    1.16161344    0.00000000    0.88089468    0.80553439    1.10725662    1.04720219    1.31158448    1.36291445    1.19887868    1.13578862    1.28847724    1.25974757    1.31337557    1.47538173    1.51558229    1.33372079    1.25514003    1.26778779    1.48167998    1.20458919    1.25602866    1.24683446    1.29286041    1.16891628    1.13988902    1.33684457    1.21610112    1.26548386    1.21418449    1.16091817    1.33911450    1.24708994    1.06598283    1.23833800    1.24296065    1.10383456    1.26286218    1.32842414    1.24946848    1.21801341    1.12282163    1.12583642    1.21492129    1.16793229
D9Q0F9_ACIS3/11-143     1.31812732    1.43096003    1.40620740    1.35908253    1.10733652    0.96595608    1.13585321    1.22107569    1.21337002    0.96206427    1.14442071    1.24500783    1.26051447    0.91829202    1.11100690    1.14640511    1.12234463    1.00502726    1.01121279    1.12918668    0.98964097    0.88089468    0.00000000    0.71867095    1.20374654    1.11271177    1.18148656    1.25919410    1.19943370    1.08453669    1.22261364    1.09010800    1.28381080    1.43006250    1.57230999    1.52691453    1.36235336    1.44983673    1.51909469    1.38712425    1.38798753    1.37635342    1.39942260    1.41705439    1.38101316    1.43487073    1.42054116    1.42311382    1.24364512    1.35051861    1.47763399    1.38199859    1.25698557    1.31489042    1.18254518    1.27485862    1.32625487    1.20558237    1.13997714    1.17775609    1.05377994    1.11902341    1.11444218    1.12517038
L0ADM0_CALLD/13-144     1.33860724    1.45314925    1.40696938    1.66010759    0.96548798    1.16356864    1.08048765    1.24437240    1.25260018    1.13584479    1.12394729    1.31901819    1.56942732    0.79004939    1.02622797    1.04316976    0.91686595    1.16598176    1.12209756    0.97095003    0.90824076    0.80553439    0.71867095    0.00000000    1.27316294    1.25190365    1.01153233    1.11044825    0.86653719    0.85416904    1.00803394    1.16001049    1.55640176    1.41942760    1.65846762    1.61126018    1.56136119    1.52949983    1.63709842    1.37084906    1.47826655    1.38034358    1.42206784    1.37444944    1.31136971    1.53532838    1.42076099    1.44870140    1.34204474    1.47031788    1.51201872    1.32689931    1.25937647    1.53657672    1.57371373    1.34263095    1.50415222    1.53636707    1.01589031    1.12125410    0.91480829    1.13169557    1.14230012    0.94353526
E0SPN7_IGNAA/9-143     1.38347505    1.39608041    1.50693238    1.41685258    1.13722230    1.16605731    1.08807427    1.12140618    1.20115503    1.16170217    1.09785802    1.43942067    1.49863959    1.02294773    1.16938873    1.12460423    1.29118737    1.27079977    1.30121628    1.09134138    0.93752445    1.10725662    1.20374654    1.27316294    0.00000000    1.10906259    1.31768792    1.11287821    1.29466308    1.18608649    1.37129628    1.36378779    1.55187951    1.54262341    1.51460477    1.51598232    1.50038704    1.42620426    1.47917260    1.55763802    1.77627989    1.73279925    1.81555364    1.69884198    1.63034659    1.76190049    1.77269868    1.80501475    1.69471255    1.75281693    1.76852924    1.70008899    1.69095461    1.73494195    1.79164621    1.69092472    1.64259100    1.42995975    1.28445283    1.24695387    1.37084825    1.36706003    1.35170614    1.14367032
Q8TUU6_METKA/5-137     1.07850827    1.42052652    1.33981289    1.24870417    1.07227928    1.01927077    1.17004978    0.90719588    1.20443828    1.21335939    1.13444551    1.31201935    1.29269747    1.17863016    1.36294174    1.16695289    1.18602793    1.35267096    1.35428674    1.32442540    1.24132870    1.04720219    1.11271177    1.25190365    1.10906259    0.00000000    1.02160548    1.12381188    1.09358494    1.07287512    1.33560210    1.21303968    1.40108949    1.36848036    1.66059370    1.35790708    1.50014146    1.47505552    1.29014029    1.23814021    1.21425598    1.24974380    1.14987598    1.00962904    1.13559371    1.12857781    1.25535409    1.12228149    1.10622058    1.23767946    1.11657106    1.12781570    1.13312527    1.17316379    1.13502183    1.13612954    1.10153050    1.03584349    1.13683638    1.26649253    1.03846124    0.96688928    0.88859867    0.94684467
Q8U1W8_PYRFU/16-148     1.17953214    1.11438971    1.11364162    1.34554137    0.99243281    0.86715414    0.81183274    0.91388465    1.01172985    1.26016035    0.99120746    1.16268189    1.08903634    0.87247706    0.93334892    0.98641178    0.83104449    1.03363844    1.04334844    0.89848232    0.80562179    1.31158448    1.18148656    1.01153233    1.31768792    1.02160548    0.00000000    0.46663474    0.96751699    0.71809247    0.84102168    0.85801421    1.19438247    1.24266154    1.26561587    1.23473091    1.25896286    1.44138631    1.24865825    1.18863850    1.25095821    1.23836785    1.14867161    1.19441943    1.34470547    1.13962751    1.17015517    1.14400350    1.24315030    1.29796485    1.34107037    1.18786106    1.30063507    1.09716284    1.18466931    1.19553584    1.11725157    1.08466003    1.10804278    1.06006253    1.12787609    1.07311295    1.14989460    0.93561665
Q5JDC6_THEKO/6-138     1.17630119    1.27902592    1.23885444    1.39724381    1.03212840    1.00713463    0.86582333    0.96640377    0.98354699    1.28228638    1.10151658    1.39686678    1.25159847    0.96431869    1.12220076    1.16625775    1.06136868    0.99929829    1.05484986    1.04444560    0.88563656    1.36291445    1.25919410    1.11044825    1.11287821    1.12381188    0.46663474    0.00000000    0.74729501    0.76550190    0.91382078    0.99678586    1.17262186    1.14842275    1.22552254    1.17103968    1.29530858    1.23233292    1.30415109    1.05486399    1.23411786    1.23293208    1.20778761    1.11333456    1.17132325    1.15540226    1.16041389    1.06440461    1.16407307    1.16411476    1.26429503    1.31691113    1.24419486    1.20160322    1.20070898    1.14250398    1.06954206    1.20591070    1.15427578    1.05949269    1.22964684    1.35925227    1.21633835    1.09696225
D7DTY5_METV3/14-151     1.36187019    1.50603618    1.13245539    1.47383002    1.04311819    1.08158042    1.06209304    1.18703630    1.00739297    1.26944670    1.44729504    1.70462709    1.48460606    1.13186153    1.21362493    1.10844437    1.00935477    1.13805654    1.12146551    1.17179409    1.03807412    1.19887868    1.19943370    0.86653719    1.29466308    1.09358494    0.96751699    0.74729501    0.00000000    0.59702037    0.70934428    0.98976017    1.19688112    1.11649256    1.34172990    1.28865940    1.32013746    1.26980131    1.45152393    1.31010570    1.38101658    1.41629037    1.43956224    1.50024632    1.25055004    1.50303162    1.43348757    1.37675581    1.36022984    1.27819553    1.54157756    1.43885992    1.43019210    1.49924635    1.34620949    1.48875523    1.40276311    1.34371907    0.97813139    1.06125902    0.88542493    1.07742937    1.23878133    0.92808682
Y206_METJA/5-135     1.14201642    1.14439219    0.91716740    1.23012887    0.80276924    0.88230936    0.81005923    0.91016892    0.88905745    1.08211516    1.20654003    1.50064977    1.11374275    0.95925013    0.99496757    0.72630025    0.74324498    0.99938350    1.06103536    0.78484257    0.95114538    1.13578862    1.08453669    0.85416904    1.18608649    1.07287512    0.71809247    0.76550190    0.59702037    0.00000000    0.32314503    0.42577139    1.14057993    1.09522939    1.16774195    1.12270505    1.18374199    1.23940011    1.11404136    1.19866977    1.16716628    1.24843273    1.12361426    1.13598677    1.05311693    1.27862136    1.10054588    1.08498795    1.06795368    1.20716341    1.16546353    1.24984227    1.09732181    1.17804557    1.19193898    1.22672968    1.18098971    1.14081159    0.75059030    0.78166474    0.95226242    0.83163154    1.02277720    0.74149739
A6UTA3_META3/5-136     1.17462645    1.06868718    0.84361539    1.30521698    0.82620058    0.92507586    0.86139467    0.94061744    0.92822545    1.21809269    1.39797283    1.57568344    1.05305271    1.07909399    1.25131940    0.98623166    0.92155065    1.16928112    1.09327375    0.93080198    1.07009549    1.28847724    1.22261364    1.00803394    1.37129628    1.33560210    0.84102168    0.91382078    0.70934428    0.32314503    0.00000000    0.51671131    1.20467976    1.12138121    1.30016809    1.37387859    1.24507271    1.31048905    1.42548526    1.33655873    1.39040694    1.50332651    1.41360349    1.42995798    1.34255353    1.50749194    1.39587682    1.27895913    1.35039761    1.25884845    1.42703236    1.45036010    1.24550824    1.32224441    1.34070917    1.29111870    1.37557655    1.27142941    0.78546913    0.85326891    1.01787717    1.06668795    1.18230807    0.87435856
Q6LXF8_METMP/7-138     1.26245809    1.03449840    0.89640576    1.16863053    0.84929016    0.94089921    0.90201572    0.87887203    0.85691521    1.19976785    1.29743013    1.55117786    1.15739387    1.12607925    0.97401173    0.92542948    0.95049090    1.15456609    1.02151245    1.00042567    1.17281324    1.25974757    1.09010800    1.16001049    1.36378779    1.21303968    0.85801421    0.99678586    0.98976017    0.42577139    0.51671131    0.00000000    1.08357710    1.17729699    1.28735275    1.21208241    1.23377393    1.14921354    1.04468626    1.10378619    1.04231940    1.16712706    1.16908641    1.17107726    1.14258461    1.13230163    1.10880481    1.09027840    1.16321822    1.05153693    1.16010061    1.16594508    1.06384508    1.05966868    1.13141431    1.17822161    1.17203222    1.04421456    0.78514313    0.74285694    0.82080068    0.80475639    1.08451461    0.82052203
Q2FTV7_METHJ/8-140     1.26035589    1.34385220    1.27539058    1.29894683    1.12540460    1.13722073    1.30762694    1.14362729    1.12558859    1.12522003    1.43768225    1.58708657    1.51688531    1.58224618    1.48699943    1.35904002    1.28974575    1.19072659    1.55958861    1.37065882    1.51302560    1.31337557    1.28381080    1.55640176    1.55187951    1.40108949    1.19438247    1.17262186    1.19688112    1.14057993    1.20467976    1.08357710    0.00000000    0.68438011    0.90596081    0.86765669    0.88698842    0.77411176    0.78803041    1.25967606    1.16071262    1.27903741    1.28021584    1.38754349    1.39339382    1.15449397    1.31445881    1.26955154    1.32061195    1.11874428    1.37128181    1.41874619    1.44455384    1.36508709    1.32125475    1.09253944    1.11770476    1.16568104    1.17625327    1.10743470    1.33727010    1.11571008    1.38777380    1.16868288
A2SSZ5_METLZ/7-139     1.24846957    1.32866079    1.10486356    1.26920086    1.07408386    1.25473808    1.32577716    1.34382678    1.25103045    1.13734202    1.47136733    1.74421171    1.52642897    1.38467309    1.43059960    1.29221428    1.24703804    1.38895403    1.47046968    1.45933455    1.33281352    1.47538173    1.43006250    1.41942760    1.54262341    1.36848036    1.24266154    1.14842275    1.11649256    1.09522939    1.12138121    1.17729699    0.68438011    0.00000000    0.69705789    0.78752715    0.71480546    0.62260594    0.71937534    1.20540168    1.24323548    1.19447034    1.21545075    1.18336055    1.21310929    1.22973416    1.25043623    1.25017379    1.28447558    1.31809020    1.29668368    1.24769847    1.33175678    1.42863884    1.40607551    1.14465330    1.08683645    0.91929487    1.06329666    1.21863416    1.24659998    1.28059159    1.25922595    1.17634964
H1YWI3_9EURY/10-142     1.36718682    1.16462458    1.39041540    1.25613996    1.28672398    1.25652179    1.34030212    1.51721966    1.37917285    1.34786304    1.76437045    1.76491471    1.69333490    1.49030027    1.36265087    1.36559838    1.28655151    1.47091913    1.49501194    1.50554128    1.40497325    1.51558229    1.57230999    1.65846762    1.51460477    1.66059370    1.26561587    1.22552254    1.34172990    1.16774195    1.30016809    1.28735275    0.90596081    0.69705789    0.00000000    0.76768005    0.70107601    0.87749567    0.82611418    1.48457270    1.67400440    1.67956775    1.63594918    1.61468016    1.69960449    1.65485536    1.61171287    1.60365809    1.53171927    1.71283585    1.63597081    1.55066158    1.50532571    1.42278049    1.62329120    1.44860886    1.30736193    1.18480063    1.29976113    1.43412301    1.28400363    1.46792543    1.38662821    1.33797034
L0HFN7_METFS/7-139     1.62695847    1.29698099    1.37662334    1.44289318    1.14733687    1.30357779    1.42570743    1.47101607    1.22258845    1.34576937    1.61327077    1.56466706    1.66248900    1.41740451    1.40046964    1.24729389    1.38217687    1.43885033    1.48206750    1.35544658    1.51535700    1.33372079    1.52691453    1.61126018    1.51598232    1.35790708    1.23473091    1.17103968    1.28865940    1.12270505    1.37387859    1.21208241    0.86765669    0.78752715    0.76768005    0.00000000    0.43191087    0.74814927    0.91515843    1.34621388    1.31467372    1.24775778    1.39025670    1.14015779    1.30672715    1.38971736    1.40137962    1.35554682    1.34619624    1.30735854    1.47590018    1.35649314    1.36158939    1.53301761    1.45979110    1.08387813    1.02113773    1.03426375    1.05640505    1.22459578    1.16571300    1.16424941    1.16751631    1.24275833
A7I9J9_METB6/7-139     1.42833700    1.31306384    1.26046413    1.45926557    1.15104092    1.18642194    1.41983461    1.55064854    1.32683570    1.50927925    1.60652162    1.84591537    1.60349140    1.44634870    1.47938623    1.32892391    1.43181928    1.38354630    1.46054052    1.51008362    1.42823227    1.25514003    1.36235336    1.56136119    1.50038704    1.50014146    1.25896286    1.29530858    1.32013746    1.18374199    1.24507271    1.23377393    0.88698842    0.71480546    0.70107601    0.43191087    0.00000000    0.66260436    0.94297969    1.37091249    1.51861277    1.39475796    1.46013405    1.34079629    1.50506951    1.46754079    1.48647498    1.38515766    1.42823149    1.38002825    1.51412107    1.46424227    1.36320659    1.53455784    1.51729855    1.15727004    1.14383358    1.15560260    1.20476740    1.20685791    1.32299502    1.34872927    1.30195616    1.41735673
B8GKL7_METPE/7-139     1.42189820    1.34457118    1.30903008    1.28007021    1.10593239    1.35290387    1.39760054    1.39279510    1.34548507    1.17996821    1.38294896    1.67594411    1.49925817    1.44755083    1.48184974    1.41753980    1.45082515    1.26103591    1.50406540    1.44805991    1.49397560    1.26778779    1.44983673    1.52949983    1.42620426    1.47505552    1.44138631    1.23233292    1.26980131    1.23940011    1.31048905    1.14921354    0.77411176    0.62260594    0.87749567    0.74814927    0.66260436    0.00000000    0.81571825    1.28781127    1.18928131    1.09870093    1.25132188    1.29813571    1.23907129    1.31566351    1.25339121    1.34269113    1.45919409    1.30005027    1.40358027    1.30224930    1.29833704    1.49045916    1.54373612    1.12038311    1.23784273    1.17509981    1.15862931    1.09151033    1.10701727    1.19133412    1.32002337    1.32181485
E1RIC3_METP4/19-151     1.37665695    1.33180167    1.33508042    1.30632821    1.34006569    1.30981897    1.31440298    1.29943160    1.26592782    1.29896881    1.38054136    1.76272438    1.65690380    1.53040293    1.30525214    1.23926304    1.28779923    1.37010079    1.39817618    1.26484565    1.41268727    1.48167998    1.51909469    1.63709842    1.47917260    1.29014029    1.24865825    1.30415109    1.45152393    1.11404136    1.42548526    1.04468626    0.78803041    0.71937534    0.82611418    0.91515843    0.94297969    0.81571825    0.00000000    1.43849270    1.56685610    1.45420065    1.53676560    1.43365623    1.46009696    1.47772237    1.48205023    1.43554284    1.55881053    1.45915343    1.41262394    1.60689369    1.59122923    1.51167866    1.60886633    1.45953629    1.07793360    1.07741507    1.28146915    1.22215871    1.20524637    1.09670440    1.20211428    1.01439599
Q18JZ6_HALWD/21-158     1.47645775    1.46940873    1.41399577    1.50897206    1.30012949    1.31466829    1.56746889    1.51168000    1.51357504    1.35345061    1.32434153    1.45360864    1.45429378    1.15737920    1.29284829    1.34374837    1.25486017    1.55757109    1.41636473    1.47348296    1.47253497    1.20458919    1.38712425    1.37084906    1.55763802    1.23814021    1.18863850    1.05486399    1.31010570    1.19866977    1.33655873    1.10378619    1.25967606    1.20540168    1.48457270    1.34621388    1.37091249    1.28781127    1.43849270    0.00000000    0.56572032    0.66054926    0.64647483    0.64623678    0.59345388    0.61269242    0.55432120    0.42329013    0.61839423    0.57057469    0.59881737    0.75005789    0.60905383    0.60078089    0.58761701    0.69185774    1.04582390    0.99818683    1.31341250    1.18387149    1.32768796    1.33719271    1.52029496    1.40263877
D3SX86_NATMM/5-137     1.70938267    1.64060444    1.27348448    1.49840034    1.38222300    1.42242584    1.61363760    1.51270560    1.62272502    1.46275696    1.32518539    1.50486033    1.37913357    1.40062575    1.54982566    1.39408868    1.39239891    1.39845033    1.51498156    1.41805013    1.78735323    1.25602866    1.38798753    1.47826655    1.77627989    1.21425598    1.25095821    1.23411786    1.38101658    1.16716628    1.39040694    1.04231940    1.16071262    1.24323548    1.67400440    1.31467372    1.51861277    1.18928131    1.56685610    0.56572032    0.00000000    0.28475648    0.24941146    0.39646324    0.41109258    0.40053450    0.42902534    0.38455220    0.58651425    0.52127950    0.45069903    0.52874401    0.57749255    0.63462101    0.64281008    0.50798836    0.99180123    0.95414767    1.41796765    1.16753444    1.39590081    1.27144457    1.61998897    1.45590662
W0JME0_9EURY/28-160     1.67393134    1.70093521    1.34611132    1.57336041    1.51118104    1.45638321    1.49459030    1.57945525    1.63173768    1.39625191    1.38085191    1.42448431    1.40809983    1.37104483    1.53622909    1.38310453    1.46716048    1.37867854    1.51338837    1.49163590    1.54770714    1.24683446    1.37635342    1.38034358    1.73279925    1.24974380    1.23836785    1.23293208    1.41629037    1.24843273    1.50332651    1.16712706    1.27903741    1.19447034    1.67956775    1.24775778    1.39475796    1.09870093    1.45420065    0.66054926    0.28475648    0.00000000    0.29822559    0.36221636    0.51610917    0.42040285    0.46038014    0.52687837    0.66520928    0.59878976    0.52855796    0.51812771    0.62446999    0.63804625    0.68995343    0.51590496    0.99903015    1.11176106    1.32092447    1.14622077    1.31708113    1.35701107    1.48024737    1.52495159
D2RW41_HALTV/5-137     1.54218762    1.51982774    1.15836582    1.35600785    1.46959391    1.34470088    1.52238406    1.43974022    1.57337072    1.33967929    1.25281655    1.46401974    1.36857820    1.34878683    1.43248807    1.39612334    1.38537084    1.47399187    1.51032348    1.56115937    1.57791626    1.29286041    1.39942260    1.42206784    1.81555364    1.14987598    1.14867161    1.20778761    1.43956224    1.12361426    1.41360349    1.16908641    1.28021584    1.21545075    1.63594918    1.39025670    1.46013405    1.25132188    1.53676560    0.64647483    0.24941146    0.29822559    0.00000000    0.37836161    0.48021137    0.39835935    0.44572295    0.38183095    0.67529150    0.61341706    0.41197102    0.46441948    0.57389452    0.52159920    0.61616720    0.52328866    0.92711101    0.92409238    1.37311131    1.28322261    1.38372387    1.35475776    1.54377646    1.53278462
