139
D2VRT6_NAEGR/433-524     0.00000000    1.05881207    1.08611619    1.32120530    1.30011619    1.26286712    1.02348925    1.17223028    1.05173260    1.17481893    1.10588663    1.27931440    1.17542145    1.43940075    1.38542608    1.39427566    1.60103264    1.55502930    1.44441879    1.40805262    1.21018485    1.33835392    1.03547385    1.08765311    1.09065003    1.34047467    1.65944220    1.56662506    1.80513273    1.69572615    1.81986691    1.78435226    1.33481638    1.09602817    1.14345792    1.32030200    1.38040511    1.03636871    1.20692929    1.40313323    1.49397351    1.34137581    1.29270704    1.31320571    1.38806708    1.48562251    1.48765493    1.83847683    1.45906181    1.51444675    1.55820432    1.41637967    1.86774880    2.05652056    2.03034941    1.85866956    1.52820134    2.03602084    1.82692482    1.64766223    1.54335651    1.71594163    1.51344570    1.46229400    1.81496374    1.89687685    1.92423544    1.80993028    1.94225495    1.80585616    1.78353894    1.80030871    1.67282893    1.57484630    1.74882966    1.70033300    1.53687083    1.57613572    1.68023035    1.84490108    1.53529395    1.62319693    1.58391331    1.54163170    1.62004172    1.58468388    1.52575987    1.71631878    1.70125290    1.68146185    1.73148207    1.64018470    1.74735493    1.71940351    1.56753656    1.78836835    1.79262962    1.93246595    2.12394519    1.91293117    2.04108435    2.21701691    3.29708869    3.28268009    3.48625123    2.90303554    2.92782222    3.01267807    3.42507288    2.83902636    2.83982195    3.27577905    2.97259670    3.13068147    3.02656854    2.50991595    2.46220041    2.62045675    2.64628108    3.35709694    2.89813139    3.00140568    2.50975678    2.83031701    2.82826907    3.04420005    3.15082359    2.38702355    2.77461538    3.27121936    2.59214970    2.74673727    2.79239796    3.29272196    2.65954301    2.68937093    2.56510787    1.13882147    1.20422962
F2U139_SALR5/787-881     1.05881207    0.00000000    0.91483613    1.30610527    1.31300479    0.82966531    0.81412562    0.82520480    0.77013862    0.91719029    0.91883581    1.09267055    1.32535738    0.95658400    1.24008294    1.18006545    0.97439452    0.99814587    0.97790861    0.98517184    0.86402276    1.14491898    0.89874434    0.82874204    0.82999546    1.30823971    1.31231911    1.38919774    1.59038266    1.79374909    1.81786578    2.22425000    1.37583701    0.83682462    0.84121853    1.13339511    1.26319191    1.05229803    1.14222858    1.41193746    1.39345899    1.22943277    1.09631227    1.21981737    1.42550844    1.56223639    1.51642952    1.81246232    1.41386931    1.37053901    1.12607445    1.08817366    1.67311569    1.80690094    1.69842391    1.49493354    1.18517148    1.33564469    1.18005916    1.06955819    1.07370843    1.10965550    1.18423065    1.06800148    1.17761781    1.31358610    1.36881126    1.53735477    1.47230464    1.42316090    1.51844770    1.56252907    1.08232029    1.27477561    1.29940268    1.37607355    1.32376456    1.20584322    1.23892983    1.30416977    1.20209801    1.28710033    1.23561990    1.33237010    1.34526831    1.43065179    1.45194262    1.16210858    1.38689082    1.33236477    1.44761560    1.27862264    1.26021949    1.18676313    1.44488662    1.93513982    1.77648034    2.14526836    1.91969923    1.83289911    1.93273795    2.44910166    2.62793601    3.39935861    3.71764300    2.90749906    2.88859358    2.80224983    2.82419040    2.97563858    2.85724327    3.35910528    3.30528376    2.89261599    2.95080302    2.57586398    2.37626840    2.87298357    2.44764281    2.89327885    2.70754182    2.65618056    2.91533118    2.76117140    2.72806337    3.32191821    2.78036867    2.54435795    2.94274475    2.87828942    2.48183819    2.79105448    2.78108426    2.97619558    2.56671688    2.65241821    3.10378594    0.92023558    1.07422900
T1G2E6_HELRO/347-440     1.08611619    0.91483613    0.00000000    1.21559025    1.13831238    0.73305070    0.58341185    0.77539646    0.58894565    0.72843075    0.82067150    0.68774829    0.86178996    0.78599000    1.01964144    1.04087190    1.00524085    0.83690047    0.84711467    0.78308781    0.83163964    0.88294120    0.70291410    0.67399855    0.80061332    1.24316878    1.46944626    1.41286309    1.39711474    1.46272140    1.53206502    2.18673048    1.29642756    0.89230771    0.91894066    1.00628146    1.09239471    0.98508796    1.28084240    1.50476808    1.58396342    1.42019609    1.19402175    1.51491253    1.34027638    1.69310799    1.61722882    1.55957923    1.34882916    1.08865971    1.28448109    1.11831612    1.55174489    1.56843202    1.65761288    1.30296329    1.25436597    1.54380668    1.38484001    1.37281037    1.35461005    1.35852379    1.41879691    1.25124114    1.29161672    1.43387373    1.45858280    1.37548721    1.51409147    1.33001181    1.64599697    1.82662376    1.15701816    1.10665251    1.15713727    1.23271393    1.19992417    1.07753155    1.08449193    1.15290943    1.10396837    1.11190314    1.30468419    1.26047497    1.32560561    1.41107913    1.30741253    1.22313460    1.22410754    1.34620500    1.39649126    1.27052646    1.32724636    1.29302334    1.47322713    1.97034791    1.82120094    1.87819098    1.70439018    1.88368853    1.64672071    1.85835796    2.71191709    2.62340432    2.76460877    2.45153792    2.50268408    2.54602821    2.77863147    2.40689776    2.50557263    2.86537870    2.80684896    2.31647454    2.88109177    2.26546882    2.25698661    2.33948087    2.60691443    2.65366119    2.47156622    2.59475363    2.61284781    3.15720049    2.83086091    2.65613755    2.95884417    2.36988632    2.71667850    3.32219721    2.53456343    2.57882532    2.62722665    2.77378853    2.81236231    2.47383858    2.51831789    1.02825940    0.87389812
G4VJS6_SCHMA/550-645     1.32120530    1.30610527    1.21559025    0.00000000    0.90155193    1.05159452    1.16128748    1.13594763    1.03836845    1.15297018    1.11783696    1.37874583    1.48285032    1.40587767    1.71211726    1.65551596    1.38913839    1.30026128    1.42176463    1.45372602    1.27996749    1.54276169    0.91552657    1.04070544    1.23757375    1.70031143    1.98127354    1.78817693    1.81511743    1.77824437    1.79105138    2.08837312    1.71962786    1.54552735    1.43174174    1.52872019    1.73180369    1.51479896    1.56904850    1.78410541    1.80805336    1.73973490    1.60095132    1.99980509    2.24857117    2.26608905    2.41006519    2.12903903    1.92108999    1.85850508    1.61583915    1.83940304    2.41600119    2.23492211    2.27509091    1.56476218    1.49742772    2.08613595    1.78727599    1.48231907    1.59639430    1.64031964    1.47448971    1.46037598    1.51099135    1.66456869    1.80587778    2.29147790    2.42123833    2.18125159    2.28524737    2.34434570    2.03886630    2.11933431    2.12712960    2.21678719    2.26796967    2.10809812    2.10491228    2.34849799    1.90372823    2.21782500    2.12032600    2.23926838    2.10753233    2.16182361    2.12683737    2.09751488    2.24696275    2.12942849    2.60377725    2.37003520    2.39991589    2.16732843    2.22706002    2.68317420    2.31884226    2.55366108    2.48856048    2.76189878    2.56674388    2.40262729    2.62562821    2.94334839    3.09253682    3.09094293    3.34959567    3.22584469    3.27481342    3.13173892    3.39386300    3.74463738    3.27505611    2.85472732    3.36374809    2.52328817    2.57426695    3.13779752    3.05229199    3.03597162    2.81732515    2.81452875    3.13716828    3.57040380    2.91923238    3.25173282    3.25840360    2.63569087    2.92339778    3.07614784    3.06408899    3.43287514    2.98464050    3.11609606    2.97411072    3.11483908    3.04073637    1.46999519    1.38531660
A0A068YB51_ECHMU/449-541     1.30011619    1.31300479    1.13831238    0.90155193    0.00000000    1.26671350    1.18878651    1.29551045    1.24425239    1.17020650    1.13141908    1.16980144    1.42891778    1.40886753    1.52277764    1.51139831    1.62347779    1.49871699    1.64262853    1.51338651    1.19143792    1.42350046    1.09508649    1.26043236    1.28636397    1.42236819    1.83333482    1.46705349    1.80215292    1.76576648    1.75437972    2.41046156    1.48608492    1.41470301    1.37684178    1.25796014    1.41868520    1.16817894    1.49024221    1.73845745    1.69239348    1.73990540    1.23987816    1.59565685    1.62501729    1.99489323    2.01567371    1.86041653    1.42699742    1.45976128    1.49135088    1.23853123    1.55632591    1.59262897    1.75156923    1.50891865    1.45120984    1.56840099    1.44028972    1.41287808    1.52213921    1.52348926    1.44593639    1.40424817    1.44835960    1.63199912    1.74194311    1.77633824    2.22768881    1.86387592    2.00665492    2.08855401    1.96561088    1.95800153    2.09497582    2.05344138    2.01134371    1.71603682    1.74667547    1.86396543    1.84790900    1.73471405    1.78913809    1.74055357    1.97283588    1.99267541    1.80265997    1.96685410    1.95091184    1.98578281    1.80295586    1.94120200    1.95381010    1.95970491    2.13480859    2.02156404    2.10056818    2.25746202    1.97736278    1.74803685    1.91148306    1.87183130    2.84951667    2.89540059    2.80055250    2.80644352    3.10778907    2.68716957    3.22029163    3.34618943    3.72756778    3.94348970    3.25465635    2.84155163    3.19835533    2.58788426    2.35785420    3.04237921    2.66425616    2.86335041    2.80357216    2.92049274    2.90700606    3.68096229    3.28826113    3.10015966    3.05306186    2.73909797    2.52937640    3.05375426    2.63530529    3.35788676    3.12968851    3.37753363    2.70477306    2.97544711    3.22335711    1.20081707    1.68221003
B3RXW7_TRIAD/166-260     1.26286712    0.82966531    0.73305070    1.05159452    1.26671350    0.00000000    0.55117688    0.58147748    0.56693415    0.67444270    0.79819478    0.80327137    1.09027661    0.81575045    0.92971023    0.99857967    0.94465107    0.92778995    0.94301798    0.86912455    0.72243014    0.97359138    0.68504257    0.55845376    0.82443061    1.45256741    1.40372508    1.31097966    1.76825047    1.78708343    1.72280275    2.11515121    1.60400985    0.99616888    0.94592646    1.08870517    1.30221975    1.07934848    1.23450211    1.52892230    1.68711661    1.49941204    1.20685295    1.39410360    1.38744817    1.74936570    1.62370470    1.59722499    1.24514053    1.18408816    1.21775032    1.09320014    1.57253721    1.56595124    1.51489009    1.11578215    1.08475868    1.16424744    1.15906401    1.02082065    1.03282189    0.92877179    1.09687137    0.93897313    1.03017719    1.09598492    1.18436959    1.36032914    1.35867333    1.37615633    1.77914761    1.57472344    1.05244949    1.10232603    1.15512603    1.22270523    1.18884500    1.06042481    1.07725167    1.16155759    1.12976544    1.22467625    1.13976790    1.24200221    1.16912805    1.37435034    1.21885983    1.16843382    1.35812269    1.43704650    1.42107011    1.23122579    1.18364528    1.10247412    1.57574250    1.97009910    1.91920345    1.98245585    1.89527348    2.11612221    1.97947440    2.06679830    2.47658728    3.23947037    3.24006993    2.93366282    2.75080947    2.96764017    3.40589537    3.10221490    2.79986601    3.31225671    2.89894349    2.87501315    3.32894030    2.43538319    2.82194920    2.71205042    2.88065446    3.13488858    2.81355077    2.49869837    3.29160022    2.88204149    3.03848595    2.95763417    3.19810114    2.64359618    2.92279013    3.07825514    2.67088967    3.53103390    3.08931069    3.14050241    2.77256611    2.86245123    2.87993941    0.87920466    1.05620050
A7RNA6_NEMVE/299-393     1.02348925    0.81412562    0.58341185    1.16128748    1.18878651    0.55117688    0.00000000    0.58402540    0.52116084    0.53671786    0.76541287    0.70818740    1.00549071    0.83493398    0.94555760    0.96078326    0.93769816    0.77143892    0.74353270    0.66691721    0.60476182    0.89642788    0.52771303    0.61684182    0.60976332    1.34661047    1.42029049    1.55860336    1.62657458    1.59554788    1.67972136    1.91407322    1.25874528    0.93002543    0.81782025    1.01098014    1.19612898    0.80395496    1.14525931    1.34880898    1.43676760    1.28294204    1.19470565    1.22546473    1.28235139    1.53727317    1.50923260    1.31545097    1.18305995    1.23422385    1.10855778    1.07283373    1.64640470    1.64905107    1.62958267    1.17364136    1.19743903    1.38341523    1.27709727    1.10082989    1.03503444    1.16589990    1.12292397    1.04459639    1.20966971    1.28475366    1.24082845    1.29407162    1.38382707    1.29704567    1.46396522    1.49775415    1.15293257    1.10808478    1.13243754    1.33815921    1.13645264    1.09074371    1.09710610    1.18197996    1.06522328    1.14684864    1.12278973    1.14470441    1.25428489    1.31698266    1.13948254    1.17660119    1.27316890    1.31996922    1.37960980    1.19990612    1.31378183    1.19979255    1.42587645    1.78337837    1.64699344    1.83682349    1.94365720    1.99157609    2.01159001    1.98547927    2.73085200    2.87588713    3.12550305    2.68625837    2.55739536    2.57024111    2.79125916    2.72240846    2.76571329    3.03608550    3.07890935    2.84841201    3.10595217    2.63292628    2.48459570    2.86932080    2.77964107    3.10181359    2.84472204    2.65184980    2.71482351    3.17131222    2.97159245    3.05408305    3.23176598    2.48014526    3.14084022    3.21781631    2.38945161    3.01749664    2.99532034    3.23259774    2.69095559    2.58975995    2.61152661    0.86293730    0.92644809
H2ZM96_CIOSA/655-749     1.17223028    0.82520480    0.77539646    1.13594763    1.29551045    0.58147748    0.58402540    0.00000000    0.64528073    0.69507149    0.75511500    0.88214397    1.25373425    0.90959617    0.91935594    1.05899417    1.17166703    0.95180709    1.06411888    0.86468243    0.84163448    1.03770779    0.67342606    0.65559582    0.76453863    1.41528675    1.59863284    1.55977064    1.75233508    1.75953165    1.92627474    2.04028928    1.44635819    1.18007980    1.04458189    1.21516200    1.40209760    1.01767025    1.16573551    1.44791339    1.53186463    1.41944723    1.14934419    1.36893165    1.60695005    1.81864406    1.78682269    1.71183625    1.38204518    1.38822646    1.28646926    1.11839696    1.69873439    1.73460057    1.72810357    1.35081507    1.07537334    1.31477517    1.31898957    1.11103102    1.16861294    1.19352427    1.29261835    1.18404184    1.20139663    1.17750265    1.26255521    1.53386792    1.48191128    1.46701159    1.39455739    1.42646322    1.12372901    1.15787223    1.11450641    1.11919668    1.13219206    1.10055456    1.12011480    1.16448550    1.10948419    1.13204995    1.07808564    1.29493419    1.15040216    1.30247846    1.19048782    1.15131142    1.22480250    1.29788408    1.39915788    1.20966382    1.34409259    1.17229495    1.55298187    1.52651190    1.39413828    1.57952626    1.90519235    1.96407473    1.98740748    1.84266809    2.23401738    2.83923198    3.01476268    1.97565864    2.26368360    2.66114158    2.87883231    2.47895934    2.38202507    2.87264071    2.74180498    2.85480431    2.98533388    2.50627668    2.60967644    2.54049505    2.65985059    3.19115472    2.62286082    2.52427922    2.88614108    2.74524149    2.96302563    3.06176265    2.79034581    2.17755710    2.61865300    2.72006914    2.33508506    3.04322284    2.61462755    2.88416364    2.39464896    2.41662786    2.80861701    0.91145573    0.86115268
U3J8Y8_ANAPP/933-1027     1.05173260    0.77013862    0.58894565    1.03836845    1.24425239    0.56693415    0.52116084    0.64528073    0.00000000    0.25469584    0.47079080    0.64064163    0.99488383    0.62265603    0.74750275    0.88674986    0.82804442    0.78290948    0.85608358    0.84069749    0.63710324    0.62896442    0.37409455    0.37774819    0.59399507    1.25202607    1.34090718    1.34595584    1.59886261    1.69904348    1.76516629    1.84838788    1.35051877    0.95806200    0.92086102    1.11383710    1.34209737    1.02763178    1.33498971    1.35913508    1.55014236    1.36199154    1.23208365    1.24142537    1.31932743    1.62265412    1.49320381    1.39431494    1.18587142    1.03041161    1.19630998    1.07208636    1.33079201    1.40261497    1.53100375    1.13776334    0.99296696    1.20413206    1.13751941    0.99698626    0.91066452    1.10794761    1.06753796    0.94160166    1.05972067    1.07435351    1.16125839    1.57228756    1.56383231    1.30225739    1.65862559    1.66080774    1.14638730    1.15422568    1.19039446    1.32540972    1.25290064    1.17016376    1.18846068    1.29134728    1.16305396    1.20583071    1.19917778    1.30042403    1.32994181    1.37020641    1.21701207    1.17597152    1.31378642    1.38683571    1.54404828    1.35286299    1.38544355    1.22513670    1.50950892    1.75930511    1.52856644    1.84626942    1.63758266    1.70125972    1.57606478    1.79525122    2.60253984    2.54647182    2.70046874    2.14247736    2.13317370    2.31796537    2.60110496    2.50388851    2.49953790    2.80803941    2.70787582    2.72009533    2.75614548    2.35556201    2.51043931    2.55238471    2.38303628    2.98502770    2.67006634    2.40676216    2.56841930    2.72933892    2.72056844    2.82327242    2.67989838    2.36982609    2.54513189    2.80901560    2.19239368    2.86841402    2.65240743    2.87575535    2.63089221    2.54111001    2.68207457    0.89203828    1.01536495
H3CBZ8_TETNG/524-618     1.17481893    0.91719029    0.72843075    1.15297018    1.17020650    0.67444270    0.53671786    0.69507149    0.25469584    0.00000000    0.53313573    0.70266334    1.01781427    0.65736636    0.79994060    0.97037721    0.95592826    0.84037113    0.93777278    0.83124031    0.65425909    0.61280253    0.49528355    0.38468010    0.69584310    1.32731114    1.42424502    1.49835795    1.72777148    1.92352057    1.94837824    2.30204531    1.31683486    0.97036547    0.94018650    0.97160989    1.21623260    1.01698242    1.31442815    1.51942918    1.61665399    1.48866643    1.12590766    1.25455550    1.35574713    1.65601745    1.49896105    1.23908699    1.18294480    1.10322877    1.19498080    1.08832168    1.16515246    1.42424811    1.43394259    1.19284112    1.13461643    1.15294314    1.22896102    1.05395899    1.04031859    1.20163964    1.17416679    1.04909434    1.22477414    1.07879620    1.10410378    1.52281179    1.68925632    1.55614936    1.83005315    1.70889734    1.30470648    1.29978403    1.24123653    1.46147846    1.21351685    1.33589831    1.35929146    1.45086308    1.14255473    1.33565813    1.21021089    1.22315315    1.40269937    1.44384346    1.33023466    1.35497294    1.38285958    1.52245853    1.54209432    1.41473933    1.54619175    1.27131924    1.69069443    1.87349667    1.56021412    1.89899928    1.78862165    1.73551018    1.85623048    2.10071642    2.35601686    2.90391788    3.16375673    2.43906373    2.43587284    2.62189519    2.92535014    2.86069200    2.78142741    3.00431443    2.98754751    2.96352556    2.99624485    2.52317915    2.73815875    2.57292453    2.56325718    3.27631663    2.75480355    2.53909270    2.73549518    2.99016167    2.83782056    3.11095721    2.93259893    2.78959954    2.90115558    3.03170173    2.57123864    3.44047385    3.27091554    3.26426547    2.98159307    3.03381980    2.90055316    0.92551642    0.97945280
E9GYP6_DAPPU/606-700     1.10588663    0.91883581    0.82067150    1.11783696    1.13141908    0.79819478    0.76541287    0.75511500    0.47079080    0.53313573    0.00000000    0.63436683    0.98772293    0.61340447    0.78265484    0.81090720    0.85409232    0.73877104    0.83315059    0.73399878    0.68103816    0.70935279    0.43348768    0.60504775    0.87959360    1.19848663    1.30216203    1.30169903    1.63919636    1.76019365    1.84842001    2.10835015    1.41665219    1.02772281    1.03706127    1.06264978    1.21668598    1.12499366    1.21119312    1.62480095    1.50890540    1.51069361    1.20129345    1.44449485    1.34184184    1.74231057    1.65856062    1.52554327    1.35629089    1.18851441    1.37347821    1.40008960    1.35362715    1.42296830    1.49959106    1.27937305    1.11501995    1.34668139    1.34153782    1.12654795    1.18684628    1.19960279    1.11469296    1.15163025    1.13418200    1.32685728    1.29663343    1.56589838    1.72529035    1.53306122    1.70454453    1.84027011    1.21091603    1.27671975    1.30442282    1.48136426    1.44569250    1.27286469    1.28066350    1.31907997    1.27250962    1.37332705    1.30939042    1.36865050    1.30053858    1.33766143    1.21198450    1.24073890    1.28404477    1.34716776    1.54760674    1.31050816    1.41432286    1.28181089    1.75447882    1.84816986    1.74277289    1.80798530    1.86902780    1.82860646    1.76174515    2.18129992    2.85482870    2.83695991    2.74842624    2.33460991    2.47523020    2.74152946    2.93747850    2.88847395    2.79874394    3.16290006    3.12038975    2.85243012    2.75452006    2.50789331    2.63066287    2.55858012    2.62121000    3.09178871    2.86451172    2.70023305    2.51471968    2.77932652    2.74467743    3.05748274    2.66671517    2.52857887    2.67810501    3.21611567    2.51101016    3.17857383    2.87158240    3.15572237    2.90669236    2.52291192    2.68765915    1.01310156    1.00749981
E2C3X8_HARSA/636-728     1.27931440    1.09267055    0.68774829    1.37874583    1.16980144    0.80327137    0.70818740    0.88214397    0.64064163    0.70266334    0.63436683    0.00000000    0.74297552    0.55627442    0.96106761    0.92282686    0.94915386    0.84430971    0.88832475    0.76319576    0.58396948    0.66094556    0.67902191    0.72703815    0.92580979    1.34242635    1.36360666    1.46226388    1.69765691    1.87516935    1.88202541    2.50711069    1.63313337    1.23970825    1.17674526    1.23043870    1.49152882    1.10710760    1.48380077    1.57877534    1.58395220    1.54600038    1.38190282    1.34233886    1.36860905    1.61853323    1.63148826    1.46545321    1.22418715    1.21206504    1.47560104    1.14592244    1.18468165    1.42864364    1.43635734    1.26664235    1.28663063    1.46336005    1.26849004    1.12565755    1.11306367    1.29444638    1.18581561    1.16488427    1.20600250    1.30693362    1.37883946    1.54412243    1.63309660    1.57230800    1.79927615    1.69524326    1.46433986    1.43390845    1.32507891    1.64100041    1.47578728    1.34633384    1.29819340    1.36383355    1.36281639    1.38305590    1.50987804    1.53727971    1.45638243    1.68134420    1.54368979    1.51870820    1.54712492    1.59532044    1.69293974    1.48884184    1.57810912    1.43278916    1.75307859    1.89462915    1.67370070    1.86462365    1.97380594    2.13723962    1.85539697    2.07931462    3.19081530    2.87257434    3.03290721    2.70159488    2.75138065    3.03508373    3.09428238    2.61283762    3.12087631    3.27415700    3.35541952    2.41864444    2.84817293    2.41227511    2.29754311    2.55854433    2.53855358    2.97798704    2.75148862    2.64271111    2.73240851    3.15139616    3.06008460    2.88029429    3.12483262    2.58535631    2.79886438    3.01384064    2.44008620    3.30393332    3.11950716    3.34238318    3.13964463    2.82788670    3.30068240    1.05927977    1.12692022
T1KIZ5_TETUR/351-445     1.17542145    1.32535738    0.86178996    1.48285032    1.42891778    1.09027661    1.00549071    1.25373425    0.99488383    1.01781427    0.98772293    0.74297552    0.00000000    0.90870241    1.07338214    1.08510257    1.34462574    1.15488877    1.17718756    1.11220513    0.93427142    1.03007896    0.98531474    1.11216621    1.19214154    1.20656124    1.29529758    1.28472130    1.58245759    1.79888220    1.82343170    2.16885549    1.81346163    1.28867286    1.21752718    1.42735800    1.49608963    1.16697486    1.52825584    1.91410389    1.98351763    1.91916975    1.38340205    1.59215638    1.46925081    1.77737040    1.72594502    1.79072271    1.70581334    1.51850450    1.33127597    1.48402995    1.41094792    1.58343616    1.61111798    1.35911240    1.34319876    1.93322830    1.58563016    1.39976983    1.32124970    1.43162855    1.38171507    1.28225890    1.54515190    1.59685527    1.66663772    1.58509780    1.92450941    1.79108283    1.77532558    1.92570952    1.51047619    1.56493273    1.64250081    1.67677605    1.65246202    1.44713350    1.52638158    1.54249753    1.52647319    1.40974750    1.65313146    1.73245285    1.68258602    1.66582404    1.63775364    1.53447952    1.71720529    1.83246009    2.03435543    1.53894183    1.77484654    1.54124341    1.92508637    2.02448459    1.99137879    2.01974284    2.43916200    2.44041523    2.13266397    2.37809945    3.15225987    3.01826336    3.16391333    2.89598419    2.83906804    3.03210838    2.77330596    2.86334063    3.11666854    3.62966690    3.15911863    2.87692299    2.97534898    2.35343825    2.66376247    2.72771793    2.67577085    3.18290280    2.84275819    2.65912344    2.82764722    3.27473871    3.12897976    3.47176936    3.28216972    2.35732177    2.96137936    3.13437691    2.63466088    3.33946262    3.11872489    3.28125232    2.86552964    3.14922956    3.02872179    1.07869501    1.17019320
A0A212ES02_DANPL/519-611     1.43940075    0.95658400    0.78599000    1.40587767    1.40886753    0.81575045    0.83493398    0.90959617    0.62265603    0.65736636    0.61340447    0.55627442    0.90870241    0.00000000    0.88384317    0.74507219    0.82085460    0.69633532    0.72691208    0.73737334    0.58702751    0.69452144    0.66409727    0.70460641    1.04496725    1.36345690    1.30645202    1.34331689    1.93143695    1.76829282    1.89105906    2.91321708    1.46691801    1.15260742    1.13443022    1.22148239    1.49871876    1.26100475    1.41052251    1.67041084    1.69044339    1.61291806    1.35675549    1.56611199    1.60650013    1.78330984    1.75456715    1.41806573    1.58499427    1.37546388    1.55410554    1.46232626    1.49983066    1.78492146    1.71840597    1.51324472    1.47984944    1.57510115    1.54665961    1.28717784    1.26286623    1.44969073    1.42415644    1.34331470    1.34397411    1.36482468    1.57301647    1.69181453    1.69883337    1.52060857    1.85665034    1.83937691    1.34883540    1.35606709    1.42172965    1.50687129    1.41146110    1.31712456    1.35230013    1.31120006    1.30540489    1.33628480    1.36212928    1.52343841    1.47972006    1.63915631    1.58003111    1.40063625    1.46470328    1.52945741    1.65622133    1.42229322    1.52446623    1.35261919    1.69590076    1.91101095    1.78917046    2.05072524    2.13871519    2.33300434    1.94651693    2.41717706    3.07606402    3.42314876    3.60139147    3.02904346    3.12784506    3.25289203    3.08869646    3.14082284    3.21672155    3.61328976    3.37143748    2.98494890    3.24068844    2.64566809    2.81047627    2.79130649    2.87788196    3.37054594    3.01830612    2.91758909    3.00969845    3.55665488    3.39882151    3.37618138    3.36645721    2.87756723    3.30881823    3.30299580    2.95520895    3.86066786    3.55165701    3.77801760    3.35282588    3.49261639    3.45046708    0.99500812    1.05215486
Q170F4_AEDAE/482-572     1.38542608    1.24008294    1.01964144    1.71211726    1.52277764    0.92971023    0.94555760    0.91935594    0.74750275    0.79994060    0.78265484    0.96106761    1.07338214    0.88384317    0.00000000    0.29757564    0.86303726    0.76730257    0.94994713    0.82923180    0.96953697    0.93463962    0.84715891    0.94050770    1.23000821    1.30221377    1.27769330    1.20012612    1.67644654    1.85337990    1.81780317    2.10853330    1.70072005    1.41187458    1.31098680    1.39569208    1.54842532    1.25861256    1.47349884    1.97292116    1.99844043    1.79766724    1.73264086    1.88794401    1.70834171    1.93198041    1.72938205    1.92446681    1.80124552    1.55731769    1.20099122    1.53203363    1.68193319    1.78641274    2.02652876    1.09616696    1.16141158    1.34187294    1.24176883    1.25530375    1.23719993    1.32007710    1.24313267    1.21293297    1.22774683    1.29270704    1.57829184    1.56538969    1.78256968    1.53937065    1.94898445    1.90974631    1.43770845    1.27978109    1.41185027    1.42796236    1.39460811    1.31166948    1.43115125    1.47820190    1.29523614    1.44067777    1.39076706    1.35630050    1.47088438    1.37974120    1.23476228    1.36837352    1.62037744    1.64187695    1.71963636    1.57344942    1.61969456    1.53376394    1.96245017    1.76947352    1.63080068    1.87750240    2.08698962    1.89875228    1.69821880    2.41054955    2.53146663    3.21371153    3.01416972    2.88851522    2.71016577    2.67788667    3.02110923    2.95186370    3.07274206    3.59033066    3.15291875    2.53008515    2.64576542    2.49972990    2.62592037    2.50019236    2.68145113    2.74179612    2.95742133    2.68932403    2.68127235    2.86861532    3.16864859    3.08135731    2.80741619    2.27770979    2.74657543    2.38848412    2.13713396    2.78970530    2.77091710    2.61520877    2.75919857    2.67575981    2.95011481    0.94556234    1.19317171
Q7PFI1_ANOGA/502-593     1.39427566    1.18006545    1.04087190    1.65551596    1.51139831    0.99857967    0.96078326    1.05899417    0.88674986    0.97037721    0.81090720    0.92282686    1.08510257    0.74507219    0.29757564    0.00000000    0.88873534    0.75539865    0.89826303    0.83402313    0.92450783    0.96365105    0.84083129    1.00640193    1.29394426    1.34044845    1.40002628    1.20463809    1.66328852    1.69822511    1.77282043    1.96866240    1.50711359    1.39683473    1.29039190    1.41014619    1.46752453    1.47176156    1.37959189    1.76016619    1.69739970    1.57057399    1.65863748    1.68861372    1.60067665    1.86524834    1.76489869    1.69830645    1.87079710    1.63167608    1.17025468    1.58298789    1.62001518    1.73256665    1.88219595    1.20075104    1.26810487    1.68990064    1.45198542    1.38650064    1.27113160    1.26620864    1.40372970    1.26850550    1.38978829    1.27555610    1.60953465    1.44955358    1.81772377    1.78177978    1.93827702    1.80854833    1.51212875    1.48031113    1.53066507    1.54019547    1.57978622    1.40025807    1.51772405    1.45238489    1.37897000    1.46693090    1.46858818    1.50838475    1.47357415    1.47049339    1.28264647    1.48315519    1.69167707    1.74848848    1.78851258    1.58459140    1.69799938    1.69612170    1.96293124    1.63839446    1.62227724    1.72014096    1.99786262    1.89515143    1.70726920    2.46103691    2.77134792    3.10341448    2.81504448    2.77400156    2.59225055    2.57250545    3.09370914    3.00492499    3.14070784    3.57074846    3.07485713    2.43020856    2.95764239    2.45019413    2.64528908    2.73339914    2.70229746    2.71306629    2.90062035    2.69806797    2.78816356    2.83358390    3.12297847    3.02155549    2.85013752    2.21920930    2.67912204    2.29761380    2.07422161    2.71574450    2.60564090    2.42655376    2.52794989    2.44422527    2.89060246    0.89903905    1.25320443
B4L7Y7_DROMO/556-648     1.60103264    0.97439452    1.00524085    1.38913839    1.62347779    0.94465107    0.93769816    1.17166703    0.82804442    0.95592826    0.85409232    0.94915386    1.34462574    0.82085460    0.86303726    0.88873534    0.00000000    0.44546855    0.53039515    0.54412487    0.90188911    1.03103848    0.89939056    0.94555667    1.22560428    1.28403990    1.10800136    1.41407507    1.52974164    1.73454294    1.70173331    2.03227252    1.45228299    1.36560587    1.23304796    1.29930649    1.57972763    1.29946983    1.58803776    1.70495326    1.49071289    1.59248826    1.45952270    1.39288571    1.33744502    1.56476536    1.55728379    1.53317237    1.50792340    1.48128241    1.26618431    1.38289624    1.64580879    1.69620144    1.69659812    1.30040437    1.33175678    1.67432961    1.60471028    1.36915130    1.26599168    1.42943680    1.36836866    1.33824452    1.39743751    1.47700927    1.36341887    1.54907790    1.49192954    1.41499773    1.68222499    1.65116694    1.37524949    1.40557406    1.41739240    1.55025140    1.58056054    1.30327762    1.30270915    1.40303843    1.34910142    1.32003584    1.38265574    1.48813439    1.45144608    1.40583645    1.48227724    1.42894244    1.56358954    1.52726956    1.72355699    1.39702438    1.62758068    1.60085264    1.83245752    2.20822692    1.70795447    1.89658508    1.74620855    1.83888114    1.87281087    2.39456353    2.63154610    2.59877589    2.59331491    2.23191419    2.06111577    2.09247461    2.33645265    2.27660868    2.30522865    2.60232057    2.64656535    2.32058974    2.83247214    2.38355424    2.23698315    2.65109235    2.70342432    2.93766039    2.70965624    2.27302352    2.41835847    2.57229054    2.38127659    2.59120900    2.68606798    2.26856930    2.66382776    2.88410553    2.09783593    2.69857085    2.55638590    2.61537447    2.66138349    2.61694103    2.94306714    1.14317118    1.30356973
B4JK83_DROGR/621-712     1.55502930    0.99814587    0.83690047    1.30026128    1.49871699    0.92778995    0.77143892    0.95180709    0.78290948    0.84037113    0.73877104    0.84430971    1.15488877    0.69633532    0.76730257    0.75539865    0.44546855    0.00000000    0.27318282    0.29047808    0.75480016    0.78050806    0.72204911    0.86181254    1.15978471    1.38274947    1.18747398    1.41871252    1.60666076    1.82195302    1.85284040    1.83958852    1.43498944    1.26700526    1.07606160    1.26957435    1.46726844    1.19966605    1.41054133    1.58366246    1.48767738    1.47689302    1.38176823    1.57501846    1.47322097    1.66975314    1.58555588    1.50172454    1.56595060    1.47061744    1.38631448    1.39780421    1.64702298    1.54997638    1.63661242    1.23388126    1.31963274    1.67640334    1.45628504    1.35539688    1.40310975    1.35806227    1.40270569    1.32718020    1.44658739    1.48707551    1.24966607    1.72082810    1.60165007    1.53771841    1.87842130    1.91640969    1.42249112    1.35541078    1.37160958    1.55349120    1.48099836    1.35629575    1.26217434    1.39989399    1.40022815    1.37549007    1.38783851    1.46534026    1.51701684    1.55505311    1.49106317    1.44257256    1.46677285    1.39997633    1.61360866    1.40088139    1.59575169    1.60379092    1.84898888    2.06185494    1.50337259    1.74308643    1.82367353    1.82805011    1.79528686    2.51434686    2.55667044    2.82803768    2.86698395    2.63728401    2.63329156    2.52453912    3.08355922    2.87004075    2.98934505    3.13150996    2.88260767    2.53743828    2.56850694    2.35392878    2.40783219    2.53551162    2.53558969    2.91101444    2.66626122    2.14460742    2.45776125    2.92113852    2.81822455    3.01322225    2.58743679    2.50402124    2.71250178    2.80675078    2.19638679    2.87881469    2.63887275    2.57326010    2.90252353    2.59588052    2.94110943    0.92983850    1.24084342
B4NEV5_DROWI/610-702     1.44441879    0.97790861    0.84711467    1.42176463    1.64262853    0.94301798    0.74353270    1.06411888    0.85608358    0.93777278    0.83315059    0.88832475    1.17718756    0.72691208    0.94994713    0.89826303    0.53039515    0.27318282    0.00000000    0.26840177    0.83903048    0.76925138    0.82882312    0.88552311    1.18710903    1.40001067    1.23482909    1.47171686    1.59708159    1.66062302    1.80055621    1.77821484    1.47716140    1.26390160    1.09562165    1.32322543    1.50342372    1.21945558    1.51619787    1.61070417    1.57473962    1.57777028    1.37623273    1.55160290    1.34878757    1.59499342    1.53086231    1.34367372    1.61924165    1.56720896    1.50387327    1.47880117    1.75596722    1.73536246    1.93887772    1.37958127    1.32712575    1.68472115    1.55908552    1.41101360    1.39965749    1.39179913    1.38675460    1.36147052    1.46436669    1.56372377    1.35238726    1.86040493    1.47880532    1.50470986    1.97839789    1.83856863    1.31312860    1.22669177    1.31683576    1.48917424    1.39861131    1.38064236    1.32263976    1.48882501    1.32547525    1.41021026    1.36648542    1.37526235    1.45067907    1.49278766    1.38294245    1.32582713    1.39052707    1.38328359    1.68185549    1.49099895    1.37646764    1.53394976    1.75457400    2.27550113    1.76758224    1.88053403    2.21802225    2.19096570    2.01749178    2.68052704    2.68560494    3.10451720    3.19378444    2.91118401    2.84154176    2.91666669    3.19761068    3.06609379    3.22818716    3.41312190    3.19145435    2.92991025    2.93713832    2.53244987    2.72444785    3.01287587    2.84574176    3.26208100    3.03041899    2.52395943    2.76721656    3.28918354    3.31267807    3.32896080    3.00830349    2.90645297    3.06890583    3.08908563    2.52608480    3.03840821    2.87959110    3.01057386    3.18259787    3.01122268    3.18497243    1.07387793    1.25888869
B4HAM9_DROPE/621-712     1.40805262    0.98517184    0.78308781    1.45372602    1.51338651    0.86912455    0.66691721    0.86468243    0.84069749    0.83124031    0.73399878    0.76319576    1.11220513    0.73737334    0.82923180    0.83402313    0.54412487    0.29047808    0.26840177    0.00000000    0.73241527    0.80769240    0.78217746    0.89627042    1.16530883    1.29455292    1.35038909    1.50550610    1.64393661    1.74695009    1.66042617    1.68805119    1.27077210    1.15321873    1.08314414    1.17690137    1.33569169    1.18084470    1.51676203    1.54275089    1.48062193    1.49185309    1.36860336    1.56346607    1.48207926    1.57022739    1.51860594    1.34446823    1.49531445    1.47868893    1.50020176    1.38629107    1.61768142    1.62698860    1.70143032    1.28350185    1.30420438    1.69927708    1.47825384    1.32062819    1.40046560    1.35691638    1.27221666    1.35248265    1.39922614    1.42101423    1.29314037    1.65601400    1.52949669    1.42643250    1.73953250    1.79457838    1.20689744    1.17412165    1.26383488    1.36125639    1.30334133    1.19271986    1.21419017    1.33822914    1.22071390    1.30327077    1.28948689    1.30802375    1.36899186    1.52262817    1.36629459    1.26090903    1.41511461    1.24801601    1.55504542    1.33567846    1.35660136    1.45690283    1.71779060    1.99375298    1.61023002    1.75271715    1.97925716    1.97740101    2.06830843    2.53426456    2.33384295    2.83168295    2.95011986    2.54786232    2.45120612    2.50614767    2.86110847    2.49882215    2.61425125    2.77225408    2.54300961    2.26179328    2.60209240    2.14499242    2.17139620    2.36336270    2.36154506    2.90271468    2.44940772    1.96840846    2.43091521    2.73780921    2.59055807    2.63363749    2.66051692    2.51407153    2.75874414    2.65007708    2.43885185    2.67297593    2.57827410    2.81873625    2.83349745    2.69251830    2.86989421    0.98902867    1.15582767
