78
I2H9A1_TETBL/47-317     0.00000000    1.35429569    1.24484468    1.15417973    1.20931181    1.12669125    1.06535952    1.10876250    1.21856960    1.36630141    1.76875210    1.80042517    1.82412662    1.84331624    1.99772905    1.83256568    1.96840168    1.81459859    1.84460162    1.89482421    1.83871192    1.81949013    1.75677910    1.81764090    1.71084278    1.71571900    1.91942777    1.85191199    1.77320014    2.07917904    2.37990349    1.75464248    1.74621320    2.28331930    2.31388358    2.52057849    3.21203083    2.87938612    2.68615395    2.73402218    2.23114740    1.94374348    2.09870560    2.19986018    2.22932271    2.28106716    2.09769389    2.52975252    2.56086623    2.19351861    1.85806127    2.12892763    2.39883689    2.28333129    2.14581269    2.22688356    2.46769521    2.28174603    2.40069836    1.93425104    1.67077947    1.62100816    1.63705365    1.65422882    1.67685312    1.62202739    1.79121695    1.88065316    1.69547653    1.90292263    1.75108903    1.77534015    1.50817611    1.74048278    1.28543922    1.54321967    1.20805800    1.12731628
G0V5S0_NAUCC/69-338     1.35429569    0.00000000    1.18416691    1.12269186    1.11785757    1.19941302    1.27652625    1.29745720    1.23891608    1.47552273    1.90929142    2.03106692    2.05194174    2.07995385    2.11885485    1.89565721    1.92484480    1.97322349    2.00444608    1.99687895    1.84773699    1.71338679    1.85954080    1.85096300    1.88547670    1.78459094    1.82235367    1.87253086    1.80429948    2.06988401    2.63959972    1.94033394    2.10010760    2.52469297    2.58065428    2.66025680    3.15730245    2.96494987    2.91941141    2.94465957    2.50293579    2.62741058    2.61743919    3.12858131    2.93768371    2.99708670    2.86440707    2.66691950    2.97996516    2.08997574    2.26662300    2.31421317    2.26291990    2.27752210    2.35817581    2.46939955    2.59833115    2.32723221    2.41916320    1.86265887    1.80628867    1.80885381    1.71073647    1.81938985    1.72757388    1.71453763    1.71507304    1.78620377    1.84398523    2.00862633    1.86687492    1.92055498    1.77361866    1.94601466    1.24366278    1.74453373    1.22491221    1.26437922
G0WAE0_NAUDC/78-382     1.24484468    1.18416691    0.00000000    0.92636529    1.04496765    1.00779630    1.16967431    0.92886053    1.19569619    1.20593710    1.91103805    2.13756983    1.98775611    1.99835923    2.00453887    1.76685995    2.03553015    1.94996346    1.88626133    1.87400000    2.00920217    1.90730844    1.85193225    1.98866628    2.00413540    1.93800937    2.04619241    2.05604863    2.03416822    2.18429123    2.61058431    1.84771879    1.98933646    2.47639762    2.45274225    2.22723563    3.14966975    2.90791783    2.87358105    2.88697766    2.54733442    2.31910229    2.58305253    2.35888966    2.19605658    2.75320618    2.27971505    2.53605560    2.74639511    2.05805167    2.16960249    2.33008092    2.59440707    2.56328597    2.20272637    2.24822596    2.41550030    2.44880788    2.29316037    1.94849522    1.63380580    1.65357246    1.66804968    1.82604959    1.58169168    1.68441140    1.67136383    1.81233706    1.75027004    1.94615411    1.80782602    1.94843757    1.64971300    1.91092786    1.15387881    1.62162544    1.22669422    1.10829944
G8ZUS0_TORDC/53-306     1.15417973    1.12269186    0.92636529    0.00000000    0.76704628    0.66789629    0.75389717    0.77085753    0.77297265    0.93539440    1.63522711    1.71677282    1.85019398    1.91068224    1.89681410    1.72212925    1.88688241    1.78931289    1.70461899    1.69745967    1.72667642    1.60377588    1.64460134    1.66301857    1.69909656    1.71443237    1.85335920    1.79510616    1.80037973    1.86859679    2.21106914    1.69368485    1.67524850    2.26781838    2.33628532    2.42152120    2.99639737    2.69999699    2.50107560    2.67926394    2.42036058    2.24069685    2.22456619    2.17410648    1.98963213    2.19264453    2.10712130    2.08710952    2.35578653    1.98923714    1.90863750    2.18278934    2.38175727    2.27563055    1.85572198    2.26734697    2.31083357    2.43108949    2.29151856    1.69707667    1.56393615    1.42711444    1.42168424    1.49859753    1.41849998    1.37893546    1.58709739    1.55754125    1.41246356    1.80073618    1.61481587    1.63857363    1.61596676    1.69844528    0.87311638    1.22461348    0.88395469    0.69889879
C5DFE1_LACTC/44-308     1.20931181    1.11785757    1.04496765    0.76704628    0.00000000    0.72621558    0.85795567    0.79127618    0.98080347    1.05907530    1.68958783    1.63585643    1.68519688    1.69789990    2.03982387    1.76927389    1.70874125    1.85074959    1.84119550    1.92990172    1.73972984    1.72132990    1.71903297    1.77781960    1.90464089    1.72673817    1.79923046    1.78159530    1.76012021    1.95098338    2.24826290    1.60534828    1.72513866    2.22223271    2.08220962    2.24736340    2.66621072    2.69284751    2.55963626    2.55750038    2.36692315    2.10511969    2.22442720    2.18386962    2.26391778    2.32597715    2.11756889    2.20909618    2.49639310    1.97294369    2.03536657    2.14507269    2.17707559    1.96599918    2.05327073    2.15840308    2.22877781    2.24128956    2.08356010    1.76935468    1.59704565    1.70438916    1.62524149    1.71387444    1.52674240    1.58063255    1.63355533    1.78893412    1.64934962    1.63803238    1.69971540    1.75352221    1.65872471    1.47969933    0.89912117    1.34241599    0.94390636    0.90771138
Q6CPG8_KLULA/48-300     1.12669125    1.19941302    1.00779630    0.66789629    0.72621558    0.00000000    0.75281525    0.66182267    0.89864486    1.04635804    1.89894288    1.85753499    2.00877788    1.93594382    1.85871749    1.93049978    2.02404958    1.87554214    1.82160707    1.87622481    1.96442577    1.63572752    1.79199139    1.75426155    1.68426657    1.83130689    1.80602992    1.80213565    1.82666643    2.06929612    2.48974516    1.71748291    1.67720901    2.01187893    2.18294601    2.36204688    2.92038013    2.96724554    2.57214334    2.86467412    2.45854251    2.06995567    2.26077849    2.26398640    2.20050896    2.40302439    2.14104390    2.29889334    2.58794154    2.13649498    1.78783736    2.07721018    2.29964124    2.13646931    1.99013235    2.05752033    2.26117287    2.23451138    2.14944808    1.80695835    1.63972198    1.58605681    1.58874379    1.58932947    1.46060453    1.58733325    1.62441662    1.60483320    1.52477041    1.56491179    1.67209051    1.64019846    1.55940742    1.58789632    1.02673985    1.36691628    0.99307748    0.86367643
Q757F6_ASHGO/57-312     1.06535952    1.27652625    1.16967431    0.75389717    0.85795567    0.75281525    0.00000000    0.52208793    0.99694514    1.12668341    1.75289936    1.84984878    1.89607873    1.74043762    1.91497543    1.84264247    1.72656016    1.72983750    1.69385139    1.70843873    1.90492356    1.83799631    1.83193427    1.79479038    1.99227247    1.82681372    1.86441922    1.81390974    1.88088121    2.01628345    2.32561352    1.63405368    1.53947615    2.41586846    1.91472228    2.30630708    2.89686874    2.82763725    2.72075502    2.68970008    2.64423992    2.10253639    2.13657597    2.34892658    2.30111341    2.60343923    2.18454018    2.19726978    2.54215045    1.96225755    2.05307199    2.03863545    2.30887235    2.17147539    2.00641240    2.29013867    2.12603950    2.20718160    2.02944002    1.79327206    1.69204050    1.55631751    1.64256954    1.61597116    1.62342775    1.63746505    1.79754898    1.73791527    1.55511229    1.88972194    1.70243908    1.77934132    1.62880487    1.70933786    1.04584707    1.36154534    0.94677392    0.96397688
G8JRJ3_ERECY/57-314     1.10876250    1.29745720    0.92886053    0.77085753    0.79127618    0.66182267    0.52208793    0.00000000    1.04394780    1.08377249    1.71921445    1.76155308    1.82172279    1.87778324    1.82861279    1.82734480    2.03723893    1.80170176    1.93535220    1.87973991    1.83723899    1.97536495    1.88624519    1.83864789    2.02048618    1.82987419    1.98271446    1.92857040    1.96575340    1.84269846    2.23938559    1.69478050    1.70647504    2.06914674    2.14989624    2.22733823    2.73289401    2.65800285    2.47660629    2.48796273    2.48556131    2.33789069    2.29694990    2.39492662    2.38800106    2.54028583    2.32800028    2.40453315    2.40108589    1.95414006    1.86193381    1.91250526    2.43206637    2.15053875    1.96396777    2.18518785    2.21356644    2.34949778    1.98696479    1.62515326    1.42571900    1.59039567    1.62657206    1.67788869    1.58186546    1.56467713    1.67620890    1.71901074    1.54391396    1.77568228    1.77280051    1.61370769    1.63837614    1.70848760    1.05367922    1.27953937    0.91141309    0.75692510
J4U2Y1_SACK1/66-341     1.21856960    1.23891608    1.19569619    0.77297265    0.98080347    0.89864486    0.99694514    1.04394780    0.00000000    1.08960765    1.81094289    1.84850113    1.80749813    1.91124653    1.85539989    1.96947245    1.84489357    1.74275899    1.85395296    1.78244308    2.08801037    1.76128545    1.83219972    1.75141584    1.86675019    1.69308857    1.97585311    1.84076654    1.79715372    2.07991432    2.45528236    1.70748575    1.83277994    2.28891579    2.44583636    2.43305932    2.92150548    2.78790949    2.80173487    2.81180880    2.49771719    2.40654575    2.48333679    2.48054868    2.43268980    2.66185272    2.43574206    2.27945013    2.63879453    1.97857643    2.01419013    2.34327670    2.15825919    2.19888024    2.19520681    2.33957949    2.35168023    2.20392950    2.32921535    1.88429352    1.62785295    1.62249105    1.69280241    1.74361062    1.61237311    1.64325623    1.78389571    1.73917937    1.62857478    1.77987449    1.74059325    1.80782455    1.67777341    1.78811024    1.05062913    1.40972442    0.99164546    0.89750986
J7R5Q2_KAZNA/50-313     1.36630141    1.47552273    1.20593710    0.93539440    1.05907530    1.04635804    1.12668341    1.08377249    1.08960765    0.00000000    1.68412588    1.65799589    1.76728098    1.76209127    2.00687406    1.66104058    1.79404039    1.75771382    1.57573264    1.66978493    1.55532944    1.62702183    1.59897439    1.65536482    1.64306581    1.66842824    1.66775005    1.73076704    1.67326044    2.03742203    2.56155293    1.86640179    1.72556215    2.42237579    2.48658601    2.34970063    2.88906305    2.83103365    2.74337037    2.75055815    2.36570012    2.34508121    2.31340250    2.45431308    2.39835738    2.68274054    2.29587503    2.62416325    2.99258861    1.99584097    1.90186285    2.05376711    2.22466924    1.98753934    2.07065295    1.97397976    2.45668067    2.27484029    1.97859819    1.81941415    1.78593228    1.74292343    1.80094951    1.80235869    1.84052822    1.74970436    1.73858405    1.93437696    1.72032951    1.69028731    1.73568067    1.85019177    1.87761222    1.85427571    1.20647053    1.81175379    1.22308371    1.04624426
L8FTP2_PSED2/104-346     1.76875210    1.90929142    1.91103805    1.63522711    1.68958783    1.89894288    1.75289936    1.71921445    1.81094289    1.68412588    0.00000000    0.57922483    0.54204556    0.60561052    0.67822469    0.56851125    0.53777911    0.97104224    0.93164678    0.97178579    0.94283536    1.08067003    1.12473840    0.95371593    1.05657350    1.03222744    1.04184790    1.00868491    0.96673071    1.43040921    1.57781093    1.27404679    1.12873934    1.59148952    1.71099634    2.24041106    2.10624289    1.98027073    1.99969261    2.05325883    1.77225283    1.75203269    1.79143558    1.90372273    1.91105283    1.96173161    1.72534950    1.62185127    1.68445134    1.33598961    1.47563561    1.39092204    1.28871929    1.22425787    1.33711437    1.29731019    1.83980501    1.57863557    1.49075858    1.45853268    1.49311148    1.45192531    1.35686705    1.40142212    1.54113879    1.35504544    1.44777198    1.48775812    1.44979267    1.42999594    1.45705711    1.37002900    1.34055808    1.70025493    1.54952213    1.89065964    1.52316482    1.80237830
K1W987_MARBU/89-342     1.80042517    2.03106692    2.13756983    1.71677282    1.63585643    1.85753499    1.84984878    1.76155308    1.84850113    1.65799589    0.57922483    0.00000000    0.30264181    0.50796648    0.60838739    0.63511149    0.55449713    0.97654194    0.97548126    1.01930554    0.99530960    1.06061527    1.14442523    0.97397194    1.17013966    1.06188208    1.03776485    1.04239404    0.95747194    1.62974939    1.71800615    1.17799732    1.25201140    1.65816427    1.58564586    2.35347317    1.95701502    2.11860710    1.90337175    1.97976444    1.73762443    1.62513996    1.70863188    1.74008062    1.72175961    1.87576607    1.64229294    1.69334488    1.94934607    1.41249824    1.52789250    1.32684022    1.28380571    1.26698830    1.47344829    1.40291258    1.64334564    1.49687514    1.61854649    1.51629062    1.33164949    1.45516117    1.32491072    1.34848937    1.46249455    1.43032954    1.52024474    1.34064456    1.36916439    1.44975401    1.56917185    1.49849911    1.38002873    1.62142629    1.72680118    1.96342870    1.64731881    1.93559470
G2YDD5_BOTF4/97-336     1.82412662    2.05194174    1.98775611    1.85019398    1.68519688    2.00877788    1.89607873    1.82172279    1.80749813    1.76728098    0.54204556    0.30264181    0.00000000    0.44134293    0.59301775    0.51398863    0.51081048    0.97465254    0.90005509    0.95613893    0.91096893    1.01801611    1.05351616    0.95542352    1.09843985    0.94082870    0.96342252    0.93553569    0.89222674    1.51009627    1.66013292    1.10033532    1.12660048    1.66152091    1.47794020    2.28789769    1.81828469    1.82799930    1.74046460    1.75856263    1.62264222    1.46427390    1.61835848    1.60239802    1.59798621    1.76518112    1.51484303    1.58465004    1.84411878    1.32357442    1.43425140    1.33842701    1.27312340    1.18916200    1.33187173    1.36091006    1.51570740    1.44613772    1.45693808    1.56351667    1.39938430    1.50915022    1.31186707    1.37031330    1.47186548    1.48443177    1.51259234    1.48384550    1.46976560    1.46720583    1.54042125    1.48028445    1.43152611    1.70656769    1.71961266    1.89619047    1.68747033    1.92615797
S3EF86_GLAL2/90-340     1.84331624    2.07995385    1.99835923    1.91068224    1.69789990    1.93594382    1.74043762    1.87778324    1.91124653    1.76209127    0.60561052    0.50796648    0.44134293    0.00000000    0.58777728    0.67539100    0.59372613    0.95037713    1.02735672    1.03970343    0.97156247    1.11528278    1.13272164    1.06397783    1.25981631    1.04419421    0.99823745    0.99515962    0.99671353    1.57876721    1.44687484    1.22357174    1.20833639    1.92543150    1.60385087    2.28688288    1.91202435    2.03143778    2.01283962    1.93812381    1.82204070    1.67468662    1.84540688    1.76023843    1.77905191    1.95509661    1.70442336    1.59655709    1.77769582    1.51290013    1.48867445    1.33510006    1.40126360    1.27353330    1.40025081    1.56079579    1.62882907    1.62680750    1.63865689    1.39853846    1.30063328    1.42695457    1.36242676    1.37479733    1.43820392    1.39994257    1.52103859    1.43124867    1.43873872    1.56729985    1.42074757    1.56187301    1.49495567    1.83807546    1.62728850    1.80194262    1.70414703    1.93570277
N1J560_BLUG1/88-335     1.99772905    2.11885485    2.00453887    1.89681410    2.03982387    1.85871749    1.91497543    1.82861279    1.85539989    2.00687406    0.67822469    0.60838739    0.59301775    0.58777728    0.00000000    0.77261514    0.80991248    1.07544061    1.13312543    1.14909411    1.13365632    1.19828641    1.30982537    1.11992255    1.30322571    1.19579549    1.25170416    1.16666797    1.13847401    1.71936998    1.82626411    1.33716971    1.45402633    1.93355143    1.91064879    2.68124527    2.14768694    2.08196680    2.10940780    2.04081609    2.09839201    1.77325633    1.99965264    1.95345843    1.94471123    2.05368960    1.80316732    1.95368963    1.92360878    1.61112878    1.61341254    1.55345764    1.69459745    1.64838605    1.61048625    1.67294400    1.80323247    1.59009477    1.75420844    1.59909751    1.49363886    1.50318746    1.46519571    1.45464701    1.43438240    1.50428301    1.59897784    1.57257523    1.58122282    1.62168520    1.54701816    1.53012189    1.62847099    1.76766179    1.72786959    2.03672616    1.77875015    1.93924677
G9NVZ5_HYPAI/90-368     1.83256568    1.89565721    1.76685995    1.72212925    1.76927389    1.93049978    1.84264247    1.82734480    1.96947245    1.66104058    0.56851125    0.63511149    0.51398863    0.67539100    0.77261514    0.00000000    0.53484665    1.02008810    1.06535561    1.20950395    1.00286255    1.16108055    1.18242009    1.13609442    1.19656662    1.15716789    1.04679052    1.18802834    1.14027051    1.53346536    1.64981202    1.13419654    1.22944739    1.68577901    1.67620980    2.45953124    1.93765687    1.93276461    1.93870124    2.00011383    1.79595618    1.58780341    1.79896407    1.81731097    1.86728875    1.93510892    1.72630776    1.56379499    1.82376497    1.47027649    1.45886851    1.22236623    1.34350396    1.29023892    1.38339784    1.53875348    1.60893112    1.54893766    1.53231069    1.35587623    1.30355374    1.43436635    1.30355813    1.40633268    1.47462507    1.45432545    1.44839043    1.39624785    1.39913756    1.48271777    1.38832498    1.32672938    1.30549224    1.47886818    1.65227706    1.75637449    1.68105378    1.75912399
A0A0C4DZR6_MAGP6/198-439     1.96840168    1.92484480    2.03553015    1.88688241    1.70874125    2.02404958    1.72656016    2.03723893    1.84489357    1.79404039    0.53777911    0.55449713    0.51081048    0.59372613    0.80991248    0.53484665    0.00000000    0.97123019    0.97421459    1.05233035    0.91172492    0.98901491    1.04470599    0.93133782    1.14945411    1.02919698    0.94860319    0.93363090    0.89607666    1.33948107    1.50522982    1.13410363    1.11857642    1.61776567    1.51984127    2.21877213    1.67564234    1.95713497    1.79105539    1.85145668    1.71811298    1.55209269    1.60126044    1.64272192    1.69009170    1.86494892    1.51789796    1.43418005    1.67584524    1.28674363    1.40591835    1.33843263    1.36964371    1.29631627    1.31223326    1.35411711    1.46316741    1.38088254    1.40541392    1.44853348    1.35230665    1.40771635    1.32306574    1.39325806    1.42943475    1.33773998    1.43293636    1.36849121    1.35580796    1.41921724    1.37019539    1.42229483    1.32166768    1.75189865    1.61458488    1.85016226    1.62409532    1.90276365
C5FS83_ARTOC/87-368     1.81459859    1.97322349    1.94996346    1.78931289    1.85074959    1.87554214    1.72983750    1.80170176    1.74275899    1.75771382    0.97104224    0.97654194    0.97465254    0.95037713    1.07544061    1.02008810    0.97123019    0.00000000    0.72792350    0.70906382    0.96180105    0.98408231    1.11147494    0.90539413    1.15737515    0.92874690    1.01191451    1.04339570    0.97307438    1.14910395    1.73207517    1.41265599    1.36068689    2.19241042    1.67619714    2.15267752    2.18545654    2.51617779    2.51804968    2.51174112    2.24692101    1.91871679    1.94373984    2.07616235    2.15493195    2.21891380    2.06065122    1.98445048    2.17177974    1.58283884    2.05545357    1.97274213    1.88192759    1.88175735    1.90241787    1.95046533    2.43502359    1.81550414    2.14128112    1.71359083    1.52501440    1.41226879    1.49065398    1.44236675    1.48518243    1.52068013    1.70810912    1.59340436    1.46439644    1.62733620    1.65203809    1.42065877    1.46600110    1.71281667    1.60842235    1.89614682    1.66754610    1.71339141
C5G7K8_AJEDR/135-425     1.84460162    2.00444608    1.88626133    1.70461899    1.84119550    1.82160707    1.69385139    1.93535220    1.85395296    1.57573264    0.93164678    0.97548126    0.90005509    1.02735672    1.13312543    1.06535561    0.97421459    0.72792350    0.00000000    0.28682054    0.88649623    0.92368516    0.91740235    0.84324401    0.95021406    0.85625058    0.97806002    0.90551743    0.83793978    1.31105151    1.88968282    1.55279640    1.46489004    1.98264312    1.59409798    2.34945103    2.19260937    2.25394193    2.36368974    2.22674250    2.30894380    1.85886482    1.80850411    2.06444455    1.95216633    2.27194848    2.03257773    1.99460597    2.28752201    1.73984503    1.87256744    1.61285678    1.76423903    1.76680771    1.80157665    1.77017660    2.03723081    1.73939813    1.96113265    1.79234447    1.61729007    1.61236026    1.63918885    1.67236837    1.68197072    1.58878574    1.69356478    1.75095232    1.72705361    1.79680109    1.69393542    1.53296343    1.60605107    1.70988671    1.57290992    2.18399379    1.72413831    1.80974877
C1FYF2_PARBD/129-424     1.89482421    1.99687895    1.87400000    1.69745967    1.92990172    1.87622481    1.70843873    1.87973991    1.78244308    1.66978493    0.97178579    1.01930554    0.95613893    1.03970343    1.14909411    1.20950395    1.05233035    0.70906382    0.28682054    0.00000000    0.82801380    0.90408812    0.94819856    0.81102443    0.95712657    0.78980571    0.92212167    0.87057656    0.84743601    1.17837128    1.82547574    1.55620743    1.47566454    2.11461038    1.68154107    2.19550481    2.03289205    2.23259740    2.19493840    2.13355494    2.25242064    1.89322832    1.90797112    2.14943663    2.19387128    2.24501428    2.10165684    2.07824848    2.19664636    1.74547156    1.99419261    1.80521229    1.77808136    1.68673487    1.93660015    1.85872305    2.00426737    1.74625850    2.03616490    1.74620132    1.64690431    1.62662766    1.67880499    1.77504805    1.68931817    1.62285255    1.74608490    1.77143088    1.78283657    1.81378552    1.69590908    1.47727805    1.62174563    1.74432605    1.60680329    2.11096088    1.72312658    1.81750426
V5GAL7_BYSSN/101-378     1.83871192    1.84773699    2.00920217    1.72667642    1.73972984    1.96442577    1.90492356    1.83723899    2.08801037    1.55532944    0.94283536    0.99530960    0.91096893    0.97156247    1.13365632    1.00286255    0.91172492    0.96180105    0.88649623    0.82801380    0.00000000    0.76756746    0.76772527    0.72397239    0.90959460    0.66381609    0.61425264    0.63518049    0.63754161    1.10357561    1.72461333    1.44965936    1.54703571    2.17714068    1.68036414    2.38486362    2.00947185    2.48388476    2.30008985    2.38293622    2.38836610    1.97832831    2.01141563    2.05099297    2.06603756    2.22739938    2.04221145    1.90993230    2.07511900    1.58379123    1.82727490    1.70390628    1.71402536    1.68281094    1.76924574    1.72771581    1.99817527    1.91116274    1.87371294    1.62984281    1.50452998    1.62156588    1.64094887    1.68056357    1.61155563    1.58453924    1.69094105    1.73014819    1.53233319    1.69084927    1.53935565    1.46795597    1.51973322    1.73754769    1.81396902    1.76224086    1.65211474    1.89419735
A1CKJ7_ASPCL/121-403     1.81949013    1.71338679    1.90730844    1.60377588    1.72132990    1.63572752    1.83799631    1.97536495    1.76128545    1.62702183    1.08067003    1.06061527    1.01801611    1.11528278    1.19828641    1.16108055    0.98901491    0.98408231    0.92368516    0.90408812    0.76756746    0.00000000    0.31837340    0.50923378    0.56203937    0.67998578    0.60747782    0.63475214    0.56676819    1.23734238    1.61215052    1.48744198    1.51287055    1.79492930    1.66754458    2.26886544    1.91141829    2.26250951    1.96756306    2.05299192    2.26142654    1.88602200    1.90995041    1.94765021    1.95536693    2.06041528    1.95382175    1.72431033    1.87404054    1.63392024    1.89746308    1.73012731    1.61569404    1.49423015    1.83296353    1.72395085    2.09459908    1.85385927    2.00222957    1.74592300    1.50368475    1.58612014    1.60401595    1.57357207    1.56103204    1.55757030    1.47518968    1.40362847    1.60766615    1.69869774    1.46703967    1.47567072    1.49653471    1.73422414    1.59406516    2.01099209    1.62858537    1.74475094
Q4WXW6_ASPFU/112-389     1.75677910    1.85954080    1.85193225    1.64460134    1.71903297    1.79199139    1.83193427    1.88624519    1.83219972    1.59897439    1.12473840    1.14442523    1.05351616    1.13272164    1.30982537    1.18242009    1.04470599    1.11147494    0.91740235    0.94819856    0.76772527    0.31837340    0.00000000    0.48809058    0.57262106    0.62069214    0.60709184    0.59197389    0.53713304    1.16423951    1.71782722    1.48576168    1.55062212    1.99453062    1.62708119    2.33580180    1.96223525    2.42760000    2.19711521    2.18016708    2.31656936    1.77969179    1.73253347    1.81752356    1.75174983    2.04644836    1.80068898    1.80845009    1.89870764    1.62834483    1.86887177    1.78257875    1.71308939    1.56827927    1.89217899    1.76760654    1.98668964    1.78790422    1.92964845    1.73870041    1.51634483    1.60872720    1.56687570    1.58190074    1.59245890    1.62290912    1.46426497    1.42892942    1.56313485    1.63909110    1.44883526    1.43899014    1.55352363    1.71742278    1.58868842    1.83495348    1.56673654    1.78791738
Q5B3I1_EMENI/102-375     1.81764090    1.85096300    1.98866628    1.66301857    1.77781960    1.75426155    1.79479038    1.83864789    1.75141584    1.65536482    0.95371593    0.97397194    0.95542352    1.06397783    1.11992255    1.13609442    0.93133782    0.90539413    0.84324401    0.81102443    0.72397239    0.50923378    0.48809058    0.00000000    0.48448012    0.51329080    0.58230787    0.62189630    0.55441743    1.16905449    1.60793989    1.47281716    1.41509551    2.01403548    1.68215022    2.46423048    2.06602745    2.38866238    2.23964172    2.20903193    2.27617730    1.70241182    1.71926507    1.92197443    1.97388561    2.15501212    1.87672696    1.85027512    1.81072029    1.58986225    1.87966047    1.59634246    1.59566277    1.52285772    1.87463691    1.65042143    2.06087725    1.78847468    1.95105065    1.49333183    1.43179149    1.50754971    1.47436723    1.39313694    1.52363255    1.46374109    1.44647574    1.36383732    1.47782494    1.49545810    1.42364863    1.38448623    1.46142071    1.68068626    1.50960612    2.01341381    1.49583826    1.82860207
B8N3T8_ASPFN/110-383     1.71084278    1.88547670    2.00413540    1.69909656    1.90464089    1.68426657    1.99227247    2.02048618    1.86675019    1.64306581    1.05657350    1.17013966    1.09843985    1.25981631    1.30322571    1.19656662    1.14945411    1.15737515    0.95021406    0.95712657    0.90959460    0.56203937    0.57262106    0.48448012    0.00000000    0.74745958    0.64023026    0.64407027    0.61145133    1.31856747    1.63887058    1.42075356    1.46675116    1.95780850    1.81659811    2.49558016    1.96244947    2.36579510    1.99535505    2.07169035    2.46491604    1.69974534    1.82454856    1.94030056    1.89134701    2.11231611    1.85818009    1.86915806    1.70017426    1.61955729    1.81158650    1.71270994    1.75916860    1.48045516    1.85596052    1.71280814    1.96938006    1.68691984    1.92386920    1.56210572    1.52552505    1.57463272    1.58035542    1.53649582    1.59547641    1.58327894    1.46250759    1.47942552    1.56003010    1.71900764    1.42082289    1.36187420    1.50183417    1.64682159    1.68559697    2.04773423    1.58454813    1.95099746
G7X4S3_ASPKW/108-398     1.71571900    1.78459094    1.93800937    1.71443237    1.72673817    1.83130689    1.82681372    1.82987419    1.69308857    1.66842824    1.03222744    1.06188208    0.94082870    1.04419421    1.19579549    1.15716789    1.02919698    0.92874690    0.85625058    0.78980571    0.66381609    0.67998578    0.62069214    0.51329080    0.74745958    0.00000000    0.53367225    0.53168076    0.50242864    1.14870858    1.70477394    1.51033034    1.52138637    1.83091406    1.61612109    2.48098663    2.08169850    2.51901787    2.30884353    2.37218615    2.28437787    1.94276071    1.91355441    2.11047514    2.12172945    2.21858182    2.08602833    1.87339826    1.96769816    1.59164249    1.83861335    1.74256697    1.56128973    1.55377930    1.87337304    1.70560746    2.06569048    1.73021873    1.88592153    1.63818001    1.60797035    1.53325879    1.55048376    1.58538325    1.70591147    1.59637163    1.58646340    1.50833997    1.51611692    1.73554873    1.49482800    1.38585463    1.44598648    1.56870027    1.54688941    1.92614838    1.57795823    1.75587681
S8B617_PENO1/49-340     1.91942777    1.82235367    2.04619241    1.85335920    1.79923046    1.80602992    1.86441922    1.98271446    1.97585311    1.66775005    1.04184790    1.03776485    0.96342252    0.99823745    1.25170416    1.04679052    0.94860319    1.01191451    0.97806002    0.92212167    0.61425264    0.60747782    0.60709184    0.58230787    0.64023026    0.53367225    0.00000000    0.44970731    0.39576582    1.20715762    1.64593426    1.50240427    1.56595886    2.05597720    1.71352245    2.56208533    2.09503274    2.48739360    2.24474929    2.33596681    2.37386658    1.75657623    1.82395728    1.96038444    1.99262796    2.19713618    1.97118238    1.86483011    1.93702359    1.52584130    1.77249387    1.58963691    1.47222987    1.45228807    1.94211395    1.69274709    1.98311325    1.76636472    1.82383855    1.59562167    1.62180818    1.69821813    1.64707559    1.64773113    1.70246076    1.70784335    1.57370761    1.59276092    1.60905318    1.65969725    1.52060682    1.47676521    1.52896955    1.61480955    1.83390026    1.94853318    1.65802670    1.72851373
K9FK85_PEND2/94-375     1.85191199    1.87253086    2.05604863    1.79510616    1.78159530    1.80213565    1.81390974    1.92857040    1.84076654    1.73076704    1.00868491    1.04239404    0.93553569    0.99515962    1.16666797    1.18802834    0.93363090    1.04339570    0.90551743    0.87057656    0.63518049    0.63475214    0.59197389    0.62189630    0.64407027    0.53168076    0.44970731    0.00000000    0.14732612    1.20543943    1.79784812    1.43206890    1.48249417    2.10027659    1.66680968    2.61490618    2.03647571    2.62750349    2.36170016    2.35046956    2.26569201    1.88059403    1.84598872    2.03084185    1.99945356    2.23316193    2.03026848    1.82975592    2.00756116    1.64789449    1.83026749    1.80383781    1.61908000    1.55848991    1.88943467    1.80597206    2.09108999    1.88288201    1.88885375    1.62911171    1.52182228    1.50243643    1.50248513    1.60387928    1.63757845    1.51319277    1.50328541    1.49600513    1.50018596    1.67304127    1.44670077    1.44754128    1.49700792    1.71227765    1.71003533    1.81120250    1.72859518    1.76679394
B6HC35_PENRW/94-381     1.77320014    1.80429948    2.03416822    1.80037973    1.76012021    1.82666643    1.88088121    1.96575340    1.79715372    1.67326044    0.96673071    0.95747194    0.89222674    0.99671353    1.13847401    1.14027051    0.89607666    0.97307438    0.83793978    0.84743601    0.63754161    0.56676819    0.53713304    0.55441743    0.61145133    0.50242864    0.39576582    0.14732612    0.00000000    1.09773670    1.78225647    1.46257199    1.58035675    2.02583241    1.65941594    2.51405004    1.91211375    2.56627566    2.41599357    2.38386686    2.27048245    1.85673705    1.82077703    1.96426079    1.97453252    2.16406252    1.94993214    1.81276168    1.94552961    1.58038423    1.84911577    1.78116094    1.50622508    1.50413916    1.84863645    1.81965037    2.05321625    1.73087388    1.83168188    1.69575832    1.61225772    1.51254902    1.53685768    1.60946894    1.61997851    1.53342253    1.58142116    1.56870103    1.55240995    1.68728420    1.51515340    1.44765798    1.45004777    1.71534470    1.72410306    1.83080063    1.65014078    1.74961914
B8M5P5_TALSN/80-375     2.07917904    2.06988401    2.18429123    1.86859679    1.95098338    2.06929612    2.01628345    1.84269846    2.07991432    2.03742203    1.43040921    1.62974939    1.51009627    1.57876721    1.71936998    1.53346536    1.33948107    1.14910395    1.31105151    1.17837128    1.10357561    1.23734238    1.16423951    1.16905449    1.31856747    1.14870858    1.20715762    1.20543943    1.09773670    0.00000000    1.99233281    1.77020470    1.68338378    2.29754117    2.37323440    2.19292142    2.56386047    2.79233391    2.41574651    2.49759357    2.30379080    2.15906744    2.07591951    2.18553161    2.27547991    2.48051229    2.08516440    2.11335133    1.95692902    1.79277690    2.29951885    2.42742069    2.31108989    2.34186199    2.16693769    2.22223107    2.37706859    2.25698002    2.24751912    2.17628238    2.05779277    2.06346966    2.06517432    2.05266359    2.17331869    2.06191525    2.21135458    2.26407717    2.10234632    2.15196921    2.20757180    1.93628036    2.22556418    2.18619655    1.88445167    2.22577760    1.80854809    1.97265321
F4P9T6_BATDJ/57-309     2.37990349    2.63959972    2.61058431    2.21106914    2.24826290    2.48974516    2.32561352    2.23938559    2.45528236    2.56155293    1.57781093    1.71800615    1.66013292    1.44687484    1.82626411    1.64981202    1.50522982    1.73207517    1.88968282    1.82547574    1.72461333    1.61215052    1.71782722    1.60793989    1.63887058    1.70477394    1.64593426    1.79784812    1.78225647    1.99233281    0.00000000    1.26899216    1.31490407    2.23861013    2.25103642    2.53091039    2.18086420    2.69704747    2.49185901    2.40198273    2.20628719    1.94814903    2.07777505    2.15280270    2.07931941    2.49239677    2.19889325    2.02200596    1.91593213    1.57557166    1.83537152    1.95758896    1.66222738    1.64303977    1.84846282    1.88214666    1.97280819    1.71726596    1.86120990    2.03984060    2.15998462    2.13727467    2.21740201    2.30598447    2.37302717    2.33436193    2.29650483    2.07161261    2.10511989    2.26973132    2.14143505    2.23727769    1.83992038    1.99845649    2.10913138    2.43638694    1.92401534    2.08269648
I1CSE2_RHIO9/48-272     1.75464248    1.94033394    1.84771879    1.69368485    1.60534828    1.71748291    1.63405368    1.69478050    1.70748575    1.86640179    1.27404679    1.17799732    1.10033532    1.22357174    1.33716971    1.13419654    1.13410363    1.41265599    1.55279640    1.55620743    1.44965936    1.48744198    1.48576168    1.47281716    1.42075356    1.51033034    1.50240427    1.43206890    1.46257199    1.77020470    1.26899216    0.00000000    0.29045066    1.51772461    1.61348916    2.38560525    1.86857634    1.94986279    1.85300206    1.86520058    1.81182589    1.51892946    1.62060768    1.51518436    1.49929937    1.64867719    1.49954640    1.41209268    1.55900226    1.23906618    1.42004926    1.42325360    1.30409599    1.21279897    1.35729739    1.31538558    1.28968019    1.37368126    1.38571999    1.58516202    1.46062461    1.53275621    1.50894101    1.44892038    1.48851295    1.55317727    1.55957308    1.61101368    1.45972330    1.69526313    1.55930373    1.64323430    1.72700924    1.45307159    1.64048404    1.75132917    1.55742404    1.58285760
S2JE92_MUCC1/67-316     1.74621320    2.10010760    1.98933646    1.67524850    1.72513866    1.67720901    1.53947615    1.70647504    1.83277994    1.72556215    1.12873934    1.25201140    1.12660048    1.20833639    1.45402633    1.22944739    1.11857642    1.36068689    1.46489004    1.47566454    1.54703571    1.51287055    1.55062212    1.41509551    1.46675116    1.52138637    1.56595886    1.48249417    1.58035675    1.68338378    1.31490407    0.29045066    0.00000000    1.47080801    1.67445925    2.36257531    1.92348713    1.86571348    1.70197527    1.77016184    1.76152052    1.53252441    1.59641787    1.41619910    1.46561880    1.77636243    1.45188620    1.44325071    1.36644214    1.12004597    1.39325343    1.37972789    1.26001311    1.18332008    1.33650964    1.41764994    1.36399356    1.34352256    1.34733580    1.67329349    1.52755334    1.57534426    1.53186237    1.52486912    1.58167185    1.55302397    1.62049214    1.58603042    1.57547870    1.75246817    1.62892805    1.56477485    1.55320263    1.51252517    1.66059902    1.97839725    1.64075554    1.67538477
Q5KIF7_CRYNJ/64-348     2.28331930    2.52469297    2.47639762    2.26781838    2.22223271    2.01187893    2.41586846    2.06914674    2.28891579    2.42237579    1.59148952    1.65816427    1.66152091    1.92543150    1.93355143    1.68577901    1.61776567    2.19241042    1.98264312    2.11461038    2.17714068    1.79492930    1.99453062    2.01403548    1.95780850    1.83091406    2.05597720    2.10027659    2.02583241    2.29754117    2.23861013    1.51772461    1.47080801    0.00000000    2.23287226    2.59755633    2.41473172    2.52742622    2.38265119    2.56657973    2.30768569    2.05920068    2.05524590    2.21479214    2.12666414    2.40603728    2.08262675    2.04466519    2.19514072    1.78910749    1.93673369    1.90277655    1.61374233    1.58523479    1.66810265    1.69320171    1.64431154    1.55544531    1.55663331    2.00072191    1.90258214    1.97934370    2.06879434    2.17470239    2.16091024    2.06530779    2.00874887    1.85915395    1.92038529    2.06230526    2.15494889    1.96656780    2.03483098    1.95388560    1.89198613    2.82106858    2.19730777    2.22592701
A0A0D2U2D1_CAPO3/67-315     2.31388358    2.58065428    2.45274225    2.33628532    2.08220962    2.18294601    1.91472228    2.14989624    2.44583636    2.48658601    1.71099634    1.58564586    1.47794020    1.60385087    1.91064879    1.67620980    1.51984127    1.67619714    1.59409798    1.68154107    1.68036414    1.66754458    1.62708119    1.68215022    1.81659811    1.61612109    1.71352245    1.66680968    1.65941594    2.37323440    2.25103642    1.61348916    1.67445925    2.23287226    0.00000000    1.92877079    1.79545661    1.92491393    1.84298757    1.99119555    1.77301029    1.80612912    1.68254315    1.63089627    1.51844959    1.67518855    1.59255943    1.50584077    1.98603257    1.72740527    1.66282708    1.71356084    1.65383815    1.59512169    1.56714038    1.53523566    1.45117477    1.64714973    1.38333457    2.08638379    1.95578818    2.06038520    2.13078232    2.06643900    1.96768298    2.14899404    2.05866008    2.04246538    2.14169157    2.31576718    2.10464889    2.18252604    2.26261922    2.11912266    2.09248829    2.14424665    2.08208973    2.32710990
