8
Q08FR3_DPV83/6-145     0.00000000    0.87143546    1.11058944    1.39133361    1.79489514    1.84813086    2.37074949    1.35958687
Q8V3L8_SWPV1/3-136     0.87143546    0.00000000    0.77423172    1.02201099    2.10828200    2.04137772    1.98136768    1.00835550
Q9Q8M3_MYXVL/3-133     1.11058944    0.77423172    0.00000000    1.17337750    1.86909569    1.45192393    1.96659302    1.13430147
Q6TUT5_YMTV5/2-143     1.39133361    1.02201099    1.17337750    0.00000000    1.72390289    1.88503703    1.71866822    0.96159833
Q9J582_FOWPN/4-139     1.79489514    2.10828200    1.86909569    1.72390289    0.00000000    1.60786214    2.39197032    1.81141774
Q98258_MCV1/5-155     1.84813086    2.04137772    1.45192393    1.88503703    1.60786214    0.00000000    1.53767282    1.24976260
Q6TVQ5_ORFSA/8-146     2.37074949    1.98136768    1.96659302    1.71866822    2.39197032    1.53767282    0.00000000    1.95581600
D2_VARV/5-135     1.35958687    1.00835550    1.13430147    0.96159833    1.81141774    1.24976260    1.95581600    0.00000000

