133
U3TTU3_9ENTR/3-108     0.00000000    0.93380852    1.35955300    0.74617218    0.50716702    0.48841591    0.39441502    0.54723549    0.42750858    1.29529753    0.92765349    1.17706570    1.12963008    0.98916413    0.95739184    1.06211887    1.29597562    1.25416523    1.02960617    1.01992056    1.04460568    1.04238821    1.06825528    0.99268508    1.09280303    1.47006517    1.01992045    0.93403750    1.03220282    1.05715580    1.16437140    1.14924903    1.15359371    1.22125381    1.35392050    1.16656471    1.18274866    1.30079852    1.37210536    1.48646176    1.21351624    1.19535144    1.15041776    0.93563874    1.13256670    1.38669043    1.26372654    0.97398918    1.28999006    1.60681044    1.42006286    1.29794716    1.22606744    1.19400945    1.41697041    1.11823859    1.10999815    1.37738604    1.36045043    1.11104863    1.15501862    1.01800601    0.82355760    1.51644788    1.16713751    1.12732593    0.74669254    0.82530351    0.72707224    0.77212257    0.81030123    0.69182979    0.95283265    0.92196523    0.66372875    0.81297550    0.80562379    0.90276274    0.78363672    1.00408896    1.59292401    1.64353108    1.00971904    1.02719178    1.18096461    1.01383323    1.12239191    1.44358172    1.24158965    1.29313552    1.14187060    1.17769870    1.31331141    1.35697018    0.89651439    0.99309771    0.78808750    0.87263327    0.76064201    0.74518053    0.68303858    0.82320703    0.82585130    0.85890098    0.89490175    0.95447472    1.40437991    1.25727108    0.90924933    0.93468444    0.76696998    0.87262638    0.96403772    0.32464680    0.41357842    0.37373234    0.50321351    0.49075571    0.48931764    0.55640148    0.51677433    0.52343019    0.52962522    0.62606028    0.48373806    0.41363415    0.41222345    0.47344745    0.39920773    0.29470642    0.46519011    0.38342799    0.52449257
Q7VR11_BLOFL/2-109     0.93380852    0.00000000    1.29827124    1.00541147    0.98564997    1.01489425    0.88655062    0.94605586    0.92764640    1.57861256    1.54881533    1.53561195    1.71980047    1.47107111    1.61545712    1.68091403    1.83452069    1.54939108    1.64228910    1.58868523    1.80298679    1.50123222    1.60019370    1.54870492    1.54950489    1.87512280    1.59610240    1.43466410    1.41824180    1.62851485    1.82350081    1.61335372    1.41990338    1.83398457    1.91569466    1.93057221    1.85437178    2.06102378    1.97513867    1.90494445    1.80084337    2.04786309    1.93160779    1.29528167    1.45541701    1.85723799    1.46908264    1.44248867    1.85446265    1.87614254    1.80419897    1.68035376    1.72902157    1.70074082    1.78153411    1.54560900    1.60269771    1.56368592    2.21540406    1.63792204    1.66047517    1.51812637    1.56449831    1.99740973    1.64116273    1.74748982    1.35475888    1.21009178    1.27396770    1.20310775    1.33183930    1.26146114    1.11467373    1.21779289    1.11951741    1.26389034    1.39515712    1.29423107    1.20327961    1.59202343    2.05500326    1.58594662    1.54230598    1.60697355    1.61679607    1.76470832    1.57738568    1.65551343    1.71471609    1.66767855    1.46676422    1.55167462    1.77726302    1.69580130    1.36665695    1.55099702    1.44374664    1.20466189    1.20902069    1.19944225    1.05672472    1.24960408    1.14602778    1.29546317    1.37622494    1.24372963    1.48532727    1.41971322    1.39814929    1.32870526    1.21239978    1.36836194    1.24787479    0.92033982    0.94503038    1.03811229    1.03359351    0.96568284    1.01868645    1.02297673    1.01993077    1.06836067    1.10160626    1.15284665    1.15136425    0.92237881    1.11588616    1.07359189    0.99883991    0.94345999    0.94962661    0.93483050    0.97281323
D4G8Q4_RIEPU/3-108     1.35955300    1.29827124    0.00000000    1.00365016    1.40253987    1.56008498    1.41753034    1.33903952    1.53861218    1.75670094    1.47507251    1.69670540    1.67790461    1.48207115    1.36349182    1.37843162    1.62848284    1.54262791    1.20794036    1.24487455    1.20582469    1.22317107    1.25872310    1.39589081    1.65800913    1.83159922    1.41075269    1.29334294    1.40050194    1.41950570    1.48451330    1.53216506    1.54885425    1.42573701    1.74112779    1.53432578    1.49449692    1.48983953    1.53202001    1.58020938    1.59931994    1.61294168    1.51198601    1.27651687    1.57694595    1.50403570    1.79135720    1.61648053    1.65827331    2.19150836    1.86901641    1.94090683    2.04754980    1.79659655    1.92814560    1.50868036    1.68850235    1.56418025    1.70796548    1.62354031    1.54934332    1.86530493    1.65778149    1.85946304    1.81364934    1.71346120    1.41009355    1.33150080    1.48617457    1.46095925    1.41106236    1.41532187    1.54339888    1.65864164    1.36560011    1.38341287    1.42376862    1.51802003    1.40064383    1.49746924    1.69054262    1.86829733    1.91275243    1.67676936    1.71375531    1.75325954    1.82214476    1.62417352    1.72245555    1.94379129    1.74963912    2.07990651    2.31397265    2.06884679    1.67428837    1.64763577    1.48055094    1.46741449    1.48444434    1.48977767    1.32006527    1.36463265    1.59281769    1.72084864    1.51287225    1.48417562    1.81538760    1.79545244    1.50339576    1.67335655    1.47369765    1.64744010    1.50165186    1.31926258    1.20977123    1.61783523    1.34266175    1.40456494    1.40384628    1.50893430    1.42423195    1.28461627    1.37262964    1.21941235    1.25271890    1.21654585    1.40983016    1.53926328    1.25207278    1.30531133    1.20729123    1.26787283    1.14375750
TUSE_BUCAI/10-114     0.74617218    1.00541147    1.00365016    0.00000000    0.69810984    0.84897460    0.90704725    0.83161793    0.89856416    1.24223049    1.13282248    1.38524688    1.60094393    1.23264750    1.10079851    1.18439056    1.79171261    1.62003967    1.24662751    1.39745915    1.24586022    1.37353646    1.32136540    1.44508390    1.48263282    2.05772372    1.43653568    1.27458352    1.39369787    1.35631189    1.44830510    1.43030430    1.42890827    1.54961648    1.63376598    1.45882154    1.48489399    1.62206168    1.62730252    1.69065825    1.50870729    1.66841925    1.61471410    1.17006005    1.50776217    1.52638658    1.54620767    1.34451386    1.54771327    2.02351484    1.64027161    1.64706310    1.78614947    1.82989666    1.69787903    1.38602788    1.44820702    1.54490110    1.75045749    1.41368407    1.61154785    1.59645649    1.48933858    1.66897605    1.23888544    1.47572936    1.11112490    1.12493661    1.08468052    0.90817417    1.04742029    0.99173606    1.20290003    1.26604164    0.94512067    1.00768459    1.07556360    1.02477341    1.00977265    1.28726848    2.07213321    1.74348986    1.34714856    1.43274154    1.52863231    1.63957054    1.54710614    1.53248489    1.42380092    1.63719351    1.43971844    1.50352936    1.56969130    1.34699677    1.17529347    1.20066341    1.09595464    1.18008193    1.11221554    0.92075625    0.94603247    1.00281475    0.88454190    1.25074011    1.18699405    1.22488489    1.34273800    1.42557965    1.14738133    1.23955579    1.10694439    1.13624622    1.30966909    0.89004482    0.82545124    0.79468237    0.90092390    0.79635584    0.72705340    0.85429425    0.82002330    0.70954597    0.82271839    0.85944595    0.87491127    0.71977013    0.78913091    0.91078862    0.78140050    0.78388408    0.70386745    0.81308766    0.83786825
Q1LT58_BAUCH/57-163     0.50716702    0.98564997    1.40253987    0.69810984    0.00000000    0.88145330    0.64789373    0.72202423    0.71460430    1.41660441    1.04072112    1.33552050    1.29056537    1.15762801    1.16105686    1.27319745    1.79851364    1.51093783    1.23935555    1.31531494    1.29983553    1.28670414    1.31445821    1.23891097    1.38157465    1.68075726    1.21058095    1.18935800    1.14472677    1.18761334    1.36711928    1.45620670    1.54829055    1.59608362    1.76771985    1.52493438    1.49528027    1.63397490    1.57939510    1.61862859    1.54116586    1.49681857    1.44747415    1.12560656    1.32661140    1.61029348    1.56215671    1.13695072    1.51918149    1.69260725    1.48767568    1.54295311    1.45395016    1.41434813    1.76905514    1.36040577    1.35885694    1.70757549    1.51038088    1.32288162    1.37605841    1.18572249    1.08970071    1.53380634    1.21619370    1.25118827    1.06632610    0.96307761    0.96160492    0.97440524    0.95194362    1.02274687    1.06844541    1.10436691    0.95121537    0.99156326    0.98067562    1.02787388    0.95488601    1.06652220    1.68993066    1.67327769    1.13752298    1.15174265    1.44083582    1.41755793    1.36972664    1.53436558    1.25610474    1.64963017    1.44083032    1.54339577    1.48014062    1.49575165    1.29913709    1.21272766    1.21000752    1.15889821    0.99645273    0.86165096    0.90168679    1.09329195    0.89537010    1.10521812    1.22008704    1.16564011    1.79239420    1.64142070    1.10568117    1.27430349    1.03310356    1.21358537    1.17337347    0.68910829    0.61481556    0.70500294    0.72642692    0.68068997    0.72589310    0.85336612    0.84429765    0.70178378    0.78157051    0.89287975    0.83322253    0.76597523    0.69090468    0.79504353    0.71172896    0.67684985    0.80289555    0.62544401    0.76544971
G4QGW0_GLANF/6-112     0.48841591    1.01489425    1.56008498    0.84897460    0.88145330    0.00000000    0.48368930    0.54967979    0.42227711    1.38257154    1.13403695    1.08186303    1.33848615    0.93306103    1.02162405    1.00542043    1.14911567    1.30926924    1.03608351    1.16666790    1.02573130    1.05107256    1.02391360    1.07317073    1.20919217    1.68828387    1.25714834    1.10155112    1.09423169    1.13345396    1.23655047    1.07070842    1.25701615    1.20881977    1.26027292    1.23946442    1.18246958    1.11712768    1.35862113    1.38128727    1.12094645    1.28889831    1.21240587    0.94233353    1.17658712    1.35371096    1.36311681    0.96665092    1.47720406    1.47085850    1.58325264    1.46491774    1.39252045    1.53480015    1.48436634    1.28069497    1.19745883    1.39282278    1.33913503    1.08837334    1.14354331    1.28711966    1.06562755    1.55231456    1.17686136    1.27829362    0.86427178    0.86447557    0.68865539    0.81337580    0.80986268    0.75428608    0.94970550    1.00462542    0.75474172    0.85476730    0.88967335    0.88158253    0.77997267    1.27045996    1.82779445    1.57360942    1.17705076    1.20348838    1.34520987    1.27982106    1.40187415    1.60978846    1.33963091    1.41274865    1.22633299    1.23684819    1.31895230    1.22649111    1.02687588    1.32420866    1.01881779    0.99488605    0.92750777    0.83057343    0.84304045    0.86734925    0.89759540    0.90217647    1.03781041    1.00958530    1.39536289    1.10359673    1.01412716    1.05495791    0.95654939    1.03690177    0.99517256    0.46354735    0.73625919    0.50668976    0.52407856    0.62281034    0.50592841    0.57318606    0.64197020    0.51519691    0.63907192    0.80432395    0.63542251    0.47064075    0.59771672    0.55938619    0.52917260    0.53014387    0.57424124    0.61594706    0.73296301
TUSE_HAEIN/3-109     0.39441502    0.88655062    1.41753034    0.90704725    0.64789373    0.48368930    0.00000000    0.33710485    0.25142831    1.23766985    1.13817688    0.99750973    1.33040846    0.93633483    0.95918247    1.13488575    1.34715045    1.24582803    1.04215599    1.04227002    1.16856045    1.03639640    1.04541543    1.04480771    1.04373644    1.42886419    1.00078007    0.86773396    0.86769683    0.97469137    1.16300251    1.26131007    1.27302958    1.19726542    1.34186433    1.34937859    1.17841156    1.25191765    1.39858142    1.36301203    1.24872654    1.36910138    1.20753075    0.95543881    1.17241931    1.27882511    1.23439952    0.97895589    1.50108655    1.27690952    1.72719438    1.54569391    1.57143641    1.32709696    1.55108916    1.37796241    1.28524012    1.43610935    1.30354322    1.05716525    1.05214950    1.12944138    1.10991379    1.36493932    1.11460031    1.07888872    0.84470560    0.69849750    0.65768956    0.77830845    0.76429958    0.79397253    0.95860510    0.87795840    0.69098720    0.77659282    0.89547749    0.90489036    0.81247022    1.14911638    1.62005923    1.39093801    1.15991855    1.00742721    1.18225512    1.12393455    1.29251431    1.47346784    1.32493014    1.36929529    1.34078964    1.33578838    1.26027661    1.36879881    0.94865491    1.14556240    0.87764660    0.84489280    0.88233941    0.71744100    0.79890270    0.82843765    0.83050907    0.85708052    0.90260716    0.86655193    1.54202437    1.09953569    0.91182513    0.85716641    0.82158257    0.96413727    0.90506259    0.43419697    0.59109155    0.49621036    0.47495191    0.48469326    0.53391949    0.61971008    0.52530308    0.44507106    0.56875417    0.72063418    0.54997174    0.53708260    0.59728153    0.55395931    0.52995107    0.50968480    0.53070503    0.58167894    0.68303788
B0UVQ9_HISS2/3-109     0.54723549    0.94605586    1.33903952    0.83161793    0.72202423    0.54967979    0.33710485    0.00000000    0.27371089    1.13094279    1.21356268    1.14850840    1.20247298    0.97924320    0.98188912    1.04697831    1.37472178    1.37724031    1.02396722    1.07977826    1.12655495    1.01299215    1.11607101    0.98773652    1.13312911    1.49257976    0.92725547    0.89756683    0.79777992    0.92944370    1.03134497    1.30333253    1.33464572    1.31670157    1.36921981    1.38027766    1.12861020    1.36572853    1.48495084    1.41026316    1.31938895    1.46033373    1.22688673    0.96424417    1.35266250    1.32257558    1.33284535    1.14853919    1.49611957    1.35629009    1.62499325    1.55185979    1.54754877    1.46432504    1.64660723    1.30342010    1.38520742    1.26147210    1.35010724    0.99226612    1.20272722    1.16750690    1.24627898    1.35698522    1.11251516    1.20566160    0.90278067    0.68265883    0.70485395    0.71525073    0.70099612    0.72533400    0.95846091    0.91200222    0.66980248    0.67737197    0.72096012    0.82549748    0.78509333    1.13993820    1.70731381    1.45069043    1.18979867    1.12336538    1.29859122    1.18679360    1.30710812    1.45013830    1.31430855    1.40131690    1.26767946    1.29143661    1.37666790    1.44403136    1.01847438    1.11127543    0.83282999    0.77037433    0.86735678    0.68916000    0.78921767    0.87484433    0.77484292    0.89581267    0.95492466    0.85770325    1.55492157    1.06068977    0.99742810    0.77587937    0.76122963    0.90232766    0.88002823    0.41789288    0.74177229    0.54339303    0.55266400    0.43360463    0.52908459    0.56397456    0.54374375    0.50887376    0.67243141    0.75040778    0.68379521    0.62394596    0.62582768    0.64642358    0.57816468    0.60119064    0.66682148    0.66176828    0.69281256
Q9CNM6_PASMU/3-109     0.42750858    0.92764640    1.53861218    0.89856416    0.71460430    0.42227711    0.25142831    0.27371089    0.00000000    1.14344263    1.07156033    0.99119014    1.24357416    0.87369454    0.96092188    1.07518880    1.27694657    1.28938313    1.05260951    1.08309006    1.15431336    1.07532936    1.10715827    1.03510401    1.02332390    1.63040951    1.08376652    0.95432893    0.98036537    1.07252910    1.26750592    1.16784842    1.34598443    1.23945578    1.46662812    1.47778077    1.19468647    1.33905253    1.53809223    1.45527680    1.24559993    1.42778246    1.19972604    0.89349183    1.27255136    1.33892729    1.34416178    1.13300381    1.62654128    1.43305140    1.79582953    1.48254964    1.52303215    1.42612471    1.49405636    1.44861617    1.35658243    1.36687803    1.16564466    0.93478417    1.12551320    1.11260424    1.06185404    1.39081187    1.18825026    1.26268438    0.78471307    0.63884881    0.70857761    0.76420846    0.77764295    0.74843525    0.93363874    0.90414371    0.59384892    0.73331170    0.77584941    0.85925645    0.76655336    1.20420522    1.86869918    1.45249742    1.10381011    1.04964491    1.11379472    1.13965007    1.12502544    1.36585029    1.25337814    1.42737959    1.29985340    1.37382149    1.19845958    1.38525480    0.96420881    1.04946986    0.84390562    0.72399593    0.85241987    0.68699060    0.76744000    0.86777954    0.80045623    0.85439115    0.95208225    0.81835242    1.48662711    1.06178970    0.92825107    0.80149293    0.76695360    0.99717384    0.77320245    0.33935488    0.58361107    0.40683863    0.46665747    0.41489459    0.52928616    0.48290393    0.52603462    0.35317463    0.58375948    0.64092760    0.53883079    0.49257137    0.50784696    0.43342346    0.47090771    0.45192603    0.50765866    0.52537103    0.66152336
S6ACQ6_SULDS/3-105     1.29529753    1.57861256    1.75670094    1.24223049    1.41660441    1.38257154    1.23766985    1.13094279    1.14344263    0.00000000    1.07075616    1.24028915    1.47349786    1.36991306    1.60269562    1.59401088    1.84628847    1.92497205    1.72546006    1.65084859    1.95337639    1.72159579    1.74352717    1.58884630    1.58369936    1.81819852    1.51782807    1.52729828    1.57642238    1.43859950    1.84193303    1.74391451    1.49292053    1.76993564    1.94435591    1.95159640    1.72957624    2.02299788    2.07491763    1.95056969    1.76561212    1.92297282    1.84101105    1.31599241    1.59531225    1.84499693    2.18076177    1.73898447    1.95105873    2.36634391    2.65992940    2.07705358    2.53016936    2.19984721    2.33943732    1.88712369    1.90670481    2.03599165    1.80289668    1.40620085    1.49387586    1.63661540    1.61692388    2.11474556    1.71164513    1.94334160    1.20254066    1.13888712    1.23258154    1.27434536    1.26524681    1.09845617    1.32731885    1.20882740    1.25025871    1.23916227    1.23758224    1.31860287    1.22821766    1.61816283    1.74592034    1.90675384    1.51391591    1.57607695    1.66546850    1.67905825    1.81442759    1.85733620    1.79696769    2.03523220    1.94899236    1.44539386    1.44875019    1.45265384    1.38182424    1.15182966    1.10311158    1.19763616    1.46180284    1.20234958    1.18471918    1.17419724    1.37854139    1.63440553    1.47933225    1.50857210    1.51712967    1.82497226    1.20426491    1.34042207    1.28409448    1.61452914    1.61243766    1.09487036    1.33533961    1.28021976    1.27946615    1.22948164    1.34123965    1.26492072    1.20947907    1.21639078    1.48213848    1.42224676    1.37761338    1.41084404    1.34088595    1.37186230    1.13072214    1.32007533    1.28441415    1.39068520    1.22072171
S6ACQ6_SULDS/140-246     0.92765349    1.54881533    1.47507251    1.13282248    1.04072112    1.13403695    1.13817688    1.21356268    1.07156033    1.07075616    0.00000000    1.19586295    1.30749021    1.12462886    1.03489616    1.21148966    1.45821472    1.51981835    1.09879728    1.22897412    1.26084867    1.14724225    1.16141100    1.24207028    1.49733145    1.68863899    1.28163884    1.20515141    1.33437162    1.25294556    1.46394906    1.44528623    1.27078431    1.18845293    1.20733348    1.22458874    1.08441117    1.22357099    1.20650323    1.26117717    1.31980981    1.20223744    1.30510564    0.98669610    1.23194274    1.61207315    1.48787809    1.15849344    1.61220844    2.06160859    1.69492927    1.41248910    1.48927601    1.50354807    1.66161213    1.35073778    1.19596799    1.61794604    1.35443896    1.13546776    1.23981307    1.36163670    1.11946734    1.76070248    1.53148723    1.48260757    0.83113775    0.90449745    0.92997324    1.01883140    1.07409082    0.93831201    1.11446627    1.15518431    0.95104498    0.91585509    0.92194107    0.98131159    0.96606420    1.21781981    1.62295060    1.87493282    1.09162831    1.34200824    1.27018920    1.28108526    1.35176135    1.60843582    1.38751950    1.79361186    1.65899035    1.31365325    1.36262517    1.34621319    1.21688114    1.12347507    1.38950748    1.23340464    1.20540194    1.07235235    1.03217918    1.05652199    1.03799874    1.32621381    1.34405299    1.19428228    1.59373734    1.75300475    1.21103444    1.38322715    1.21989377    1.22732889    1.38801682    0.90121119    0.95665656    1.01253548    1.03008482    0.97129635    0.99296117    0.89689560    1.04917577    0.95364695    1.05811064    1.14064906    0.80164542    0.96615692    1.02965129    1.00628628    0.97716247    1.00392083    0.88801332    0.94597290    0.90597681
V6F4A3_MAGGM/5-110     1.17706570    1.53561195    1.69670540    1.38524688    1.33552050    1.08186303    0.99750973    1.14850840    0.99119014    1.24028915    1.19586295    0.00000000    0.65347884    0.97131507    1.01666147    1.22001790    1.34935495    1.38398427    1.19579543    1.30399998    1.26182606    1.12024461    1.20610257    1.35004683    1.56104308    1.75024213    1.27407770    1.25371442    1.23560065    1.03672724    1.32965671    1.14325103    1.29852140    1.25713270    1.66535100    1.52732751    1.32600186    1.40120512    1.51006282    1.54225242    1.18951359    1.27622425    1.51319567    1.19022625    1.22639287    1.46650781    1.55685308    1.27845214    1.72698663    1.61766032    1.89268159    1.77642976    1.84631234    1.39569829    1.71263962    1.57467487    1.38394701    1.62417794    1.44050972    1.14904274    1.04364279    1.38859561    1.15239630    1.44090059    1.38979144    1.46839769    1.13082424    1.04951211    0.91538725    0.94175121    0.87531765    0.93481220    1.23217738    1.23080673    0.93991676    0.98733073    1.17098503    0.95235610    1.05749891    1.33544088    1.68972066    1.46706758    1.28627502    1.35387130    1.10771721    1.34786168    1.20327795    1.43029000    1.19310699    1.92174559    1.35563674    1.60678278    1.54609278    1.54842771    1.31665902    1.21650768    1.32782126    1.24714950    1.21008351    1.29398963    1.42225374    1.25056477    1.29817607    1.36214752    1.51768206    1.43960507    1.60616100    1.55971448    1.28385604    1.55795389    1.44161782    1.37003457    1.65980477    1.18299407    1.26391066    1.20123985    1.19962699    1.11412139    1.21923507    1.19581667    1.27675194    1.08208718    1.15826004    1.19358136    1.27310639    1.13974175    1.21447637    1.28796141    1.21688458    1.11792114    1.22777365    1.16850186    1.30815371
B8GUV2_THISH/4-110     1.12963008    1.71980047    1.67790461    1.60094393    1.29056537    1.33848615    1.33040846    1.20247298    1.24357416    1.47349786    1.30749021    0.65347884    0.00000000    1.11110852    1.09036755    1.12617989    1.58058502    1.37175222    1.25569036    1.41243372    1.26512189    1.34838113    1.23372437    1.08231312    1.31838106    1.60882225    1.22606650    1.05250469    1.22680543    1.02502039    1.27397681    1.57210378    1.35991090    1.35213899    1.59627441    1.42395347    1.33454812    1.37537540    1.31515490    1.47915071    1.35543733    1.28076584    1.35638062    1.23954177    1.28108233    1.50858697    1.23110960    1.15217469    1.51873289    2.02435042    1.74888430    1.79101714    1.70775258    1.44068900    1.64484395    1.29352855    1.62885812    1.54571279    1.60197231    1.40746896    1.29716945    1.36663483    1.21056833    1.76446191    1.81879825    1.57022952    1.19631954    1.23443215    1.17676510    1.09265310    1.01858355    1.12123768    1.28522532    1.36519211    1.13231744    1.14658886    1.02584906    1.20985905    1.07591628    1.13005001    1.80723443    1.94439299    1.43003217    1.35438733    1.55631126    1.63644341    1.61058608    1.65405488    1.46844075    2.12934615    1.57716535    1.59319109    1.80128647    1.85032979    1.55071133    1.15893645    1.54277039    1.25433188    1.31861224    1.23628810    1.26716984    1.30943580    1.18480493    1.56133809    1.50487831    1.46921369    1.84126112    1.69129032    1.44968309    1.73467156    1.43602043    1.39769769    1.56328971    1.13988272    1.40858171    1.23262860    1.41239054    1.15737419    1.32281924    1.25031610    1.27392272    1.36067370    1.47254519    1.47884470    1.27580877    1.12765449    1.24397219    1.34016050    1.28416962    1.36111619    1.30930063    1.21810168    1.30819458
N0BF08_9EURY/5-116     0.98916413    1.47107111    1.48207115    1.23264750    1.15762801    0.93306103    0.93633483    0.97924320    0.87369454    1.36991306    1.12462886    0.97131507    1.11110852    0.00000000    0.38518920    0.39908507    0.98167214    1.10209065    0.81484328    0.79684052    0.77662589    0.77603683    0.75031195    0.80318385    1.09339907    1.44869337    0.76240839    0.72856751    0.72169317    0.62935436    0.83745447    0.76911414    0.81769517    0.76999212    0.96999204    0.96844727    0.85950424    0.93596111    0.93108767    1.03806547    0.91028889    0.89858759    0.93894548    0.92158393    1.09724043    1.54269040    1.41875071    1.17178485    1.42319933    1.32483930    1.44238706    1.29214129    1.22972317    1.09150905    1.23081416    1.29102894    1.12316797    1.35359504    1.31122499    1.15687518    1.15357918    1.31525213    1.23454080    1.38627520    1.43683489    1.31712242    0.66412030    0.73738735    0.65686454    0.82206715    0.66606503    0.80571667    1.00039517    0.91167805    0.69013115    0.78804779    0.71654653    0.79787927    0.68543255    1.08754021    1.71369677    1.32763162    1.08379998    1.26857806    1.07712017    1.21315530    1.21238150    1.46283730    1.24213393    1.71864320    1.17223418    1.24660779    1.27441904    1.36257030    0.92693380    1.04969449    1.22434798    0.99320356    0.99301762    1.03903909    0.88240756    1.01737422    0.95421989    0.98719888    1.12909544    1.08204501    1.57290738    1.31056379    1.24629825    0.96376562    1.09235477    0.94511231    1.18684176    0.91876891    1.12190640    1.07503838    0.91505807    0.88910887    0.98609352    0.97042094    0.95568014    0.92475478    1.13453927    1.29499369    1.01715209    0.90939375    0.95548062    0.92958499    0.97025257    0.97729851    0.94739257    0.98203597    1.04533837
F2KQF8_ARCVS/5-116     0.95739184    1.61545712    1.36349182    1.10079851    1.16105686    1.02162405    0.95918247    0.98188912    0.96092188    1.60269562    1.03489616    1.01666147    1.09036755    0.38518920    0.00000000    0.27656349    1.03631521    1.16648216    0.68144696    0.80258584    0.72911745    0.77215295    0.73877793    0.74840484    1.13182407    1.37419051    0.75133120    0.68325779    0.78368996    0.74070718    0.87716025    0.82854760    0.74094193    0.85561078    0.94462069    0.93592968    0.90185026    0.91900678    0.91253342    1.12459613    0.92798832    0.90676627    0.91517202    0.95826611    1.10808619    1.42773318    1.45296681    1.15659579    1.47479865    1.57137025    1.44617363    1.36176426    1.42224687    1.27538008    1.47616442    1.16845199    1.19805309    1.24490813    1.27371353    1.25918402    1.14598967    1.33028585    1.14572762    1.38680803    1.36667112    1.34228549    0.76075765    0.84091387    0.85931682    0.93118422    0.81067317    0.83724908    0.95772439    1.02045238    0.80040732    0.91108892    0.79027806    0.85489822    0.74307222    1.01602639    1.89580519    1.50986067    1.33068228    1.31021294    1.28850205    1.35827696    1.35422356    1.37530306    1.23511272    1.66190105    1.38217422    1.31091140    1.42358896    1.35973735    1.02429817    1.16554077    1.21969540    1.11057510    1.16992786    1.12789364    0.98980536    1.04895146    1.06721714    1.25067657    1.23761224    1.11068295    1.64588572    1.39784364    1.27750618    1.15334288    1.00851778    0.96925659    1.33690017    1.00264582    1.08967480    1.03872866    1.04209967    1.02460746    0.98030337    1.13564911    1.10903896    0.90066868    1.04949889    1.35505211    1.04872462    0.97717245    0.98186520    1.09056063    0.96979854    1.04482005    0.97318934    1.10384593    1.24302788
D2RF77_ARCPA/5-114     1.06211887    1.68091403    1.37843162    1.18439056    1.27319745    1.00542043    1.13488575    1.04697831    1.07518880    1.59401088    1.21148966    1.22001790    1.12617989    0.39908507    0.27656349    0.00000000    0.97796699    1.13344455    0.68670348    0.78151822    0.70122569    0.71424417    0.73239328    0.76517634    1.19740449    1.31717118    0.77005659    0.71741344    0.75412778    0.66775156    0.80125326    0.72180335    0.71802841    0.79429546    0.93302799    0.89352922    0.83900291    0.84196332    0.84487803    1.01710435    0.83722780    0.87560528    0.89189342    0.91956014    1.00577893    1.44403126    1.49456140    1.12537832    1.39129750    1.42885017    1.29121757    1.29158255    1.30742756    1.24302611    1.36121423    1.08718784    1.20390370    1.18631051    1.42379213    1.34191398    1.31995794    1.38932897    1.23539117    1.44135242    1.34755344    1.32745927    0.87235652    0.89610637    0.93213213    0.97786541    0.89224741    0.95959590    1.07604410    1.06874262    0.93600462    1.01272324    0.87477852    0.96221981    0.86421084    1.10188157    1.87194778    1.55861444    1.48092684    1.46381928    1.42854208    1.42415486    1.56895597    1.49233192    1.33566246    1.88545218    1.51415042    1.34624511    1.38601217    1.35658247    1.11207506    1.31821317    1.31592777    1.24590518    1.31717946    1.34305713    1.10343084    1.21845584    1.20031470    1.30121505    1.34684319    1.24036327    1.52683082    1.28471775    1.30249360    1.33042973    1.25630018    1.18281971    1.45848114    1.04757753    1.12008444    1.21152335    1.02901293    1.12086318    1.08701090    1.17540107    1.19149524    1.09080831    1.26125071    1.38730493    1.17388565    1.08529259    1.14058793    1.18808155    1.07816481    1.07584429    1.13482454    1.19564698    1.30611415
U5Q8B2_9BACT/5-105     1.29597562    1.83452069    1.62848284    1.79171261    1.79851364    1.14911567    1.34715045    1.37472178    1.27694657    1.84628847    1.45821472    1.34935495    1.58058502    0.98167214    1.03631521    0.97796699    0.00000000    1.03586633    0.73774560    0.80305720    0.79121865    0.70331323    0.57080806    0.85770024    1.21346165    1.43629977    0.88901341    0.84177957    0.87882052    0.91033463    0.96197319    0.84733659    1.08331220    0.91622563    1.07678167    1.04377844    0.93029318    0.99712683    1.00405292    1.17551900    1.00846970    0.97343205    0.77041932    0.78936114    1.00885080    1.30368779    1.45322064    1.11159539    1.37359378    1.34267937    1.36227471    1.28890388    1.29454175    1.25623505    1.37282754    1.08066823    1.05770708    1.25764654    1.27809280    1.23316977    1.16788278    1.32536517    1.15781785    1.41747346    1.36925670    1.30482254    1.19674142    0.87912058    1.06283947    1.14380558    1.02826172    1.03114933    1.35651390    1.31638459    1.01284523    1.00141630    1.08180274    1.14976339    0.99917132    1.32860703    1.86012900    1.56203454    1.96470583    1.68104112    1.72080152    1.34843788    1.56733897    1.63210501    1.42460256    1.43247992    1.67187476    1.72297788    1.74091404    1.78044308    1.54755798    1.81466950    1.57496145    1.63966942    1.43274907    1.76181920    1.45123059    1.44398260    1.44195310    1.70764076    1.62567722    1.46074220    1.84104459    1.67766480    1.71655479    1.54407578    1.73056885    1.50722583    1.63124285    1.39343360    1.30292719    1.30985144    1.34220386    1.34191181    1.27038751    1.38972576    1.40751079    1.30873082    1.45685666    1.38462665    1.36773728    1.36189301    1.29818497    1.34679883    1.28500592    1.18125735    1.39871009    1.38933135    1.57521279
Q1IU10_KORVE/10-110     1.25416523    1.54939108    1.54262791    1.62003967    1.51093783    1.30926924    1.24582803    1.37724031    1.28938313    1.92497205    1.51981835    1.38398427    1.37175222    1.10209065    1.16648216    1.13344455    1.03586633    0.00000000    0.91074415    0.96884590    0.91773983    0.85826024    0.96033125    0.93154602    1.25603431    1.50472730    0.94738644    0.92985229    0.91057106    1.13669906    0.94991701    1.14547845    1.11722631    1.05407430    1.13407874    1.20809112    1.13525259    1.17427029    1.21348656    1.28709674    1.16620530    1.31780907    1.06113440    1.17527044    1.24583372    1.49521781    1.47180627    1.26572372    1.57995085    1.53589108    1.28432403    1.30082896    1.26166481    1.46651178    1.27477919    1.29294368    1.22795894    1.34404386    1.64189030    1.58961514    1.58422523    1.84160651    1.54805140    1.45963242    1.41002462    1.34874424    1.23586887    1.28532658    1.26874231    1.30096221    1.29693174    1.34538697    1.43078465    1.33987530    1.22955891    1.25985984    1.33612572    1.30133571    1.18685248    1.31099045    1.73140038    1.69966076    1.46156198    1.40483318    1.42645771    1.40265082    1.52397141    1.38776253    1.49629839    1.38385650    1.57293475    1.52062613    1.59701246    1.55923168    1.26334922    1.64426290    1.42783476    1.44823390    1.41471683    1.51055129    1.43148369    1.44029813    1.45751757    1.77458144    1.65317425    1.67723128    1.60485047    1.72188673    1.66298257    1.55664964    1.46711626    1.41904602    1.74706110    1.32875952    1.32065962    1.34478135    1.25026521    1.35212358    1.32208086    1.34570693    1.33497054    1.27804069    1.30004643    1.28510385    1.38136543    1.32018285    1.48707577    1.39659056    1.33677885    1.45167575    1.38237836    1.22295974    1.44306188
F6B672_DESCC/5-105     1.02960617    1.64228910    1.20794036    1.24662751    1.23935555    1.03608351    1.04215599    1.02396722    1.05260951    1.72546006    1.09879728    1.19579543    1.25569036    0.81484328    0.68144696    0.68670348    0.73774560    0.91074415    0.00000000    0.41150918    0.37030934    0.39565698    0.34728362    0.33572710    0.93636231    1.09610631    0.46747584    0.34717688    0.41871066    0.54032878    0.56464995    0.60223303    0.73259758    0.59112878    0.68608871    0.58449169    0.60408096    0.57310487    0.64677747    0.67416631    0.65561382    0.61093045    0.52075353    0.70087761    0.82166515    1.16790434    1.09862978    0.84660213    1.17128068    1.20238239    1.26811436    1.16608966    1.30153529    1.14644019    1.26873517    0.91960348    1.04618114    1.24539794    1.14596119    1.02980110    1.01117325    1.27701236    1.15750050    1.38351946    1.05937457    1.02479154    0.75785159    0.71785404    0.68645655    0.88742168    0.97869712    0.84033723    0.89908938    0.97121246    0.75573400    0.83793217    0.85216943    0.91148432    0.79924778    0.95630733    1.73143183    1.62285220    1.35132932    1.24010807    1.26420159    1.31544404    1.44182958    1.38658809    1.26759726    1.63215899    1.36291447    1.30929599    1.39365010    1.28109794    1.28557858    1.39219254    1.34349091    1.23522942    1.16944572    1.27254963    1.25747512    1.27047475    1.10761464    1.32996576    1.12072651    1.16487120    1.66548617    1.32279540    1.23365685    1.22209327    1.24245432    1.35691819    1.39285945    1.15358268    1.17744098    1.14183293    1.02820977    0.98236591    1.01221348    1.07531843    1.12660098    1.00824124    1.17628833    1.14573334    1.14721985    1.05411128    1.01117177    1.21492009    0.94360822    1.03480088    1.09982527    1.04732229    1.21921620
Q2RI05_MOOTA/5-105     1.01992056    1.58868523    1.24487455    1.39745915    1.31531494    1.16666790    1.04227002    1.07977826    1.08309006    1.65084859    1.22897412    1.30399998    1.41243372    0.79684052    0.80258584    0.78151822    0.80305720    0.96884590    0.41150918    0.00000000    0.37269030    0.32325960    0.37910595    0.47325797    1.01300105    1.26635830    0.55361463    0.40586430    0.49147966    0.55755686    0.59280006    0.61893174    0.78681942    0.63219395    0.84085654    0.72031640    0.69520659    0.84038255    0.86704984    0.87066263    0.78690603    0.79089004    0.63045185    0.73416661    0.94868904    1.23566111    1.37041071    0.99082359    0.96726872    1.34948521    1.19921999    1.08904641    1.19927182    1.10164366    1.23700920    0.97151460    1.12229490    1.19090519    1.17055154    1.16771170    1.02744851    1.18251244    1.29399863    1.33901939    1.18685448    1.07950037    0.86991928    0.65234215    0.68715115    0.86867715    0.85618668    0.91890688    0.98072196    0.95559908    0.80266625    0.89919236    0.91704632    1.05280273    0.94369687    1.25507681    1.74443436    1.37418695    1.48604402    1.32296909    1.33685754    1.45921136    1.45739124    1.38934799    1.41995888    1.65740620    1.50395058    1.24371532    1.36528542    1.27972300    1.31365190    1.42157190    1.39172637    1.30665857    1.27843473    1.30532517    1.23935070    1.31589702    1.18448053    1.22882314    1.27489319    1.15538662    1.70791073    1.37533051    1.36740335    1.25320603    1.27593206    1.39572307    1.41742120    1.18537849    1.26999256    1.30222631    1.03220544    1.11679580    1.17912531    1.18912108    1.16912770    1.08700196    1.23532137    1.29564080    1.25429164    1.11995779    1.27381745    1.21203718    1.15065148    1.14751233    1.23010850    1.13257118    1.23370588
C9RAA3_AMMDK/5-105     1.04460568    1.80298679    1.20582469    1.24586022    1.29983553    1.02573130    1.16856045    1.12655495    1.15431336    1.95337639    1.26084867    1.26182606    1.26512189    0.77662589    0.72911745    0.70122569    0.79121865    0.91773983    0.37030934    0.37269030    0.00000000    0.28133418    0.39697841    0.50871207    1.05279209    1.29996153    0.61043936    0.48837657    0.50030095    0.55744669    0.56756732    0.64289963    0.78815735    0.70114369    0.80369046    0.63283907    0.68433811    0.70451800    0.79363270    0.85384173    0.71029464    0.70426149    0.53605089    0.70396842    0.93870512    1.41599110    1.23612481    0.96981563    1.07182908    1.36731102    1.11453437    1.23463844    1.17581016    1.15888460    1.33141289    0.96510704    1.11438346    1.18128674    1.03313455    1.17303635    1.07832486    1.31849569    1.28892360    1.39714705    1.17271103    1.13421000    0.73098738    0.81284602    0.77477195    0.88801751    0.85546376    0.89101351    1.04757637    1.01930277    0.75370851    0.86378942    0.93017761    0.95348501    0.79416685    1.09894366    1.60276415    1.63233957    1.52166358    1.40187311    1.47564521    1.54250865    1.59695593    1.47166335    1.35638304    1.53976725    1.41442248    1.50432911    1.50965567    1.46225212    1.43998694    1.54671972    1.54342935    1.44520119    1.39860286    1.32508223    1.37487387    1.41300965    1.11172921    1.36778063    1.38805200    1.24167911    1.55093745    1.46709517    1.42265843    1.32980962    1.16249333    1.35805900    1.54979157    1.22824052    1.21887623    1.03533228    0.96617300    1.03701121    1.04080170    1.00673609    1.08451114    0.96046100    1.02186107    1.25105297    1.20340521    1.06400496    1.18654538    1.27262837    1.15458506    1.12069521    1.10673306    1.13937195    1.29600944
