15
ADN2_SCHPO/156-693     0.00000000    1.64260186    1.80309877    1.81755129    1.93559866    1.59485183    1.62706854    1.59493984    1.76486700    1.63367018    1.68107058    1.75122514    1.60857472    1.83644749    1.83477399
B7P2M6_IXOSC/81-381     1.64260186    0.00000000    0.47758290    0.46657106    0.63225111    0.35097938    0.36037442    0.45349788    0.68831663    0.62784578    0.71227180    1.00120798    0.54059773    0.72631722    0.62448602
B3M2U9_DROAN/81-395     1.80309877    0.47758290    0.00000000    0.04784972    0.50137937    0.34204175    0.30863142    0.40911937    0.83913055    0.80680791    0.86541227    1.10233235    0.70444325    0.90594696    0.78868372
B4JUH9_DROGR/81-402     1.81755129    0.46657106    0.04784972    0.00000000    0.50747761    0.33117888    0.30061484    0.39044443    0.83425863    0.79354463    0.84815021    1.07611149    0.70001728    0.91096431    0.77264897
A0A212F866_DANPL/81-364     1.93559866    0.63225111    0.50137937    0.50747761    0.00000000    0.48547847    0.44505865    0.54900396    0.94184658    0.88448799    0.82889711    1.02453868    0.81631603    0.94593820    0.93051168
D6W786_TRICA/81-382     1.59485183    0.35097938    0.34204175    0.33117888    0.48547847    0.00000000    0.18447160    0.28588508    0.73321670    0.71695987    0.79761577    0.97199364    0.59284941    0.82066598    0.71829907
F4W8Q1_ACREC/69-381     1.62706854    0.36037442    0.30863142    0.30061484    0.44505865    0.18447160    0.00000000    0.27166114    0.73161554    0.65733411    0.75433473    0.89928474    0.59587871    0.80086494    0.69581377
J9JXF4_ACYPI/81-395     1.59493984    0.45349788    0.40911937    0.39044443    0.54900396    0.28588508    0.27166114    0.00000000    0.76170084    0.72606111    0.77041731    0.98208234    0.63504060    0.83531436    0.70283762
F7CLE9_XENTR/81-364     1.76486700    0.68831663    0.83913055    0.83425863    0.94184658    0.73321670    0.73161554    0.76170084    0.00000000    0.40423198    0.42000406    0.65169023    0.25869469    0.45000800    0.36546916
W5MEG5_LEPOC/79-368     1.63367018    0.62784578    0.80680791    0.79354463    0.88448799    0.71695987    0.65733411    0.72606111    0.40423198    0.00000000    0.41486841    0.59763894    0.33785705    0.64244826    0.49598732
SSBP4_HUMAN/82-360     1.68107058    0.71227180    0.86541227    0.84815021    0.82889711    0.79761577    0.75433473    0.77041731    0.42000406    0.41486841    0.00000000    0.26045860    0.38245923    0.59584665    0.50427550
G3TZG6_LOXAF/69-337     1.75122514    1.00120798    1.10233235    1.07611149    1.02453868    0.97199364    0.89928474    0.98208234    0.65169023    0.59763894    0.26045860    0.00000000    0.52745674    0.80350628    0.67179919
A8E4N8_BOVIN/81-365     1.60857472    0.54059773    0.70444325    0.70001728    0.81631603    0.59284941    0.59587871    0.63504060    0.25869469    0.33785705    0.38245923    0.52745674    0.00000000    0.34959050    0.25792838
W5KGL7_ASTMX/81-343     1.83644749    0.72631722    0.90594696    0.91096431    0.94593820    0.82066598    0.80086494    0.83531436    0.45000800    0.64244826    0.59584665    0.80350628    0.34959050    0.00000000    0.37195681
G3PEI6_GASAC/45-324     1.83477399    0.62448602    0.78868372    0.77264897    0.93051168    0.71829907    0.69581377    0.70283762    0.36546916    0.49598732    0.50427550    0.67179919    0.25792838    0.37195681    0.00000000

