31
C3XTE9_BRAFL/48-481     0.00000000    0.82552365    0.55321793    0.62246674    0.63544262    0.72912482    0.69191591    0.62237230    0.66731741    0.66655374    0.79174456    0.82846607    0.79227193    0.56326916    0.55600630    0.61250348    0.84490398    0.86014754    0.95129523    1.01677163    0.78253310    0.79861586    0.76730496    0.75705953    0.77392473    1.04440476    1.04110693    1.27342839    1.22401918    1.79946474    0.59201715
H2ZKE8_CIOSA/216-661     0.82552365    0.00000000    0.88702249    0.95465125    0.86434066    0.91642927    0.90968669    0.82260804    0.85010195    0.80926663    0.93035294    0.94239799    0.87602600    0.86956892    0.83705266    0.86875611    1.07311112    1.06460630    1.14188125    1.19727334    0.99721801    1.04534386    1.03955240    1.04458159    0.98012698    1.35339920    1.15444851    1.46627161    1.43087173    1.93669641    0.83542039
H2RRP9_TAKRU/47-489     0.55321793    0.88702249    0.00000000    0.33530872    0.46177052    0.56210886    0.53568683    0.50835752    0.51878029    0.51528647    0.60956070    0.64929076    0.61562543    0.49461329    0.50550092    0.53436309    0.77392646    0.80585037    0.83378003    0.90348004    0.88471900    0.91697005    0.87943556    0.87329074    0.85623533    1.20284601    1.08981956    1.33809199    1.30694701    1.83133746    0.73978829
H3BCQ9_LATCH/18-462     0.62246674    0.95465125    0.33530872    0.00000000    0.54866151    0.68516819    0.60015859    0.59158618    0.60968850    0.58192487    0.71171663    0.74985892    0.68944595    0.54898374    0.58236281    0.66957275    0.79844400    0.83116379    0.90955518    0.98196270    0.96105711    1.02967129    1.03491708    1.06192821    0.93768696    1.27290715    1.16423462    1.48459815    1.40678531    1.96211062    0.82979804
H3BCK5_LATCH/13-462     0.63544262    0.86434066    0.46177052    0.54866151    0.00000000    0.41584595    0.35763463    0.29961178    0.33378072    0.36742612    0.55236122    0.60292688    0.56396186    0.49704833    0.49303772    0.53044163    0.77608101    0.86676527    0.89484663    0.93846698    0.89416624    0.94528554    0.90701097    0.90183169    0.95438378    1.21438201    1.07093308    1.40762818    1.44859703    1.80633051    0.77334833
A0A2R8P1V8_CALJA/43-479     0.72912482    0.91642927    0.56210886    0.68516819    0.41584595    0.00000000    0.21912901    0.32180977    0.33580601    0.42660796    0.66795432    0.62136732    0.57304657    0.61336940    0.59079250    0.59547848    0.88816428    0.87512934    0.88350468    0.91426409    0.95447438    1.00696859    1.01101530    0.98964520    0.95930793    1.30832914    1.16635078    1.43561495    1.45136407    1.82772346    0.83845017
F7ARK8_MONDO/41-477     0.69191591    0.90968669    0.53568683    0.60015859    0.35763463    0.21912901    0.00000000    0.29106465    0.31998449    0.38560952    0.62117847    0.60912003    0.54653330    0.54168565    0.54036606    0.59211905    0.81828839    0.87709446    0.91002148    0.98970982    0.93170699    0.96913622    0.96641513    0.95364944    0.94770697    1.26321401    1.15567130    1.39025378    1.43660419    1.85392679    0.82101187
H9GH47_ANOCA/62-498     0.62237230    0.82260804    0.50835752    0.59158618    0.29961178    0.32180977    0.29106465    0.00000000    0.24756124    0.38918955    0.59548420    0.59236327    0.56101484    0.51663570    0.51199612    0.51770765    0.78246338    0.84197372    0.86788757    0.93265296    0.90247870    0.94308033    0.95625126    0.93445222    0.91033498    1.19849170    1.09462595    1.37171064    1.36224771    1.85182271    0.78160322
U3K820_FICAL/39-467     0.66731741    0.85010195    0.51878029    0.60968850    0.33378072    0.33580601    0.31998449    0.24756124    0.00000000    0.36290142    0.59934608    0.57887960    0.55463465    0.55153894    0.53887165    0.56916177    0.78145050    0.79878501    0.82970849    0.87631026    0.85994655    0.92493948    0.90633642    0.91629379    0.88752645    1.22725424    1.05530019    1.33189223    1.36185841    1.76026537    0.73089566
W5MCN8_LEPOC/98-536     0.66655374    0.80926663    0.51528647    0.58192487    0.36742612    0.42660796    0.38560952    0.38918955    0.36290142    0.00000000    0.48101164    0.51912046    0.51056742    0.54993456    0.54475011    0.57535201    0.78981280    0.80188038    0.86899568    0.94533583    0.91296281    0.94350856    0.92071488    0.95209019    0.90242522    1.22342057    1.03686400    1.42156657    1.37364198    1.75813278    0.76595796
I3J1U7_ORENI/125-556     0.79174456    0.93035294    0.60956070    0.71171663    0.55236122    0.66795432    0.62117847    0.59548420    0.59934608    0.48101164    0.00000000    0.44384797    0.44122679    0.67122629    0.64986572    0.65028870    0.96718932    0.90833770    0.93256601    1.01732767    1.01531023    1.06829129    1.04187373    1.06535172    0.97117454    1.19724833    1.11826375    1.55632393    1.50421594    1.80224725    0.87956734
W5LN19_ASTMX/16-447     0.82846607    0.94239799    0.64929076    0.74985892    0.60292688    0.62136732    0.60912003    0.59236327    0.57887960    0.51912046    0.44384797    0.00000000    0.22740385    0.74609864    0.68617222    0.70109782    0.97069841    0.95197126    0.93985182    1.02259953    1.03088641    1.02597959    1.06039812    0.98876632    1.00674320    1.17916396    1.09358858    1.54047574    1.47555222    1.84342236    0.90936988
A0F081_DANRE/15-443     0.79227193    0.87602600    0.61562543    0.68944595    0.56396186    0.57304657    0.54653330    0.56101484    0.55463465    0.51056742    0.44122679    0.22740385    0.00000000    0.69366435    0.64679080    0.63095246    0.95805047    0.91721397    0.93713405    1.02190092    1.02480182    1.04287001    1.03320854    1.00986179    0.96894011    1.13587744    1.07239522    1.48227207    1.44943336    1.83025104    0.87539804
A0A5F9DK86_RABIT/39-491     0.56326916    0.86956892    0.49461329    0.54898374    0.49704833    0.61336940    0.54168565    0.51663570    0.55153894    0.54993456    0.67122629    0.74609864    0.69366435    0.00000000    0.22796374    0.36315968    0.69026921    0.72390477    0.80157837    0.83337985    0.88974616    0.97388433    0.91299756    0.90137267    0.87449028    1.28900557    1.16074730    1.39858775    1.39662473    1.99278884    0.75051663
W5MLE5_LEPOC/40-480     0.55600630    0.83705266    0.50550092    0.58236281    0.49303772    0.59079250    0.54036606    0.51199612    0.53887165    0.54475011    0.64986572    0.68617222    0.64679080    0.22796374    0.00000000    0.25433368    0.68463408    0.70181038    0.76256735    0.80673281    0.85509633    0.92825577    0.87195339    0.85941672    0.86804524    1.23965948    1.14999626    1.31289629    1.29460308    1.87930234    0.72509910
F1R1P4_DANRE/28-465     0.61250348    0.86875611    0.53436309    0.66957275    0.53044163    0.59547848    0.59211905    0.51770765    0.56916177    0.57535201    0.65028870    0.70109782    0.63095246    0.36315968    0.25433368    0.00000000    0.74996659    0.74460326    0.78311032    0.84925482    0.88932868    0.95991798    0.91456040    0.88974428    0.93761677    1.26446937    1.17217755    1.43914169    1.35665371    1.85725386    0.73122189
H3ALF1_LATCH/43-502     0.84490398    1.07311112    0.77392646    0.79844400    0.77608101    0.88816428    0.81828839    0.78246338    0.78145050    0.78981280    0.96718932    0.97069841    0.95805047    0.69026921    0.68463408    0.74996659    0.00000000    0.47950320    0.65475025    0.68337864    0.95569363    1.05870884    1.03544089    1.01574815    1.07426521    1.46545392    1.40261370    1.56877701    1.61888145    1.99263125    0.95612684
W5NCK4_LEPOC/13-441     0.86014754    1.06460630    0.80585037    0.83116379    0.86676527    0.87512934    0.87709446    0.84197372    0.79878501    0.80188038    0.90833770    0.95197126    0.91721397    0.72390477    0.70181038    0.74460326    0.47950320    0.00000000    0.34621354    0.44795750    1.02861253    1.12669630    1.11369203    1.06956107    1.08907882    1.39721406    1.18538029    1.47173513    1.54781100    1.93978400    0.95225579
W5KLV4_ASTMX/13-439     0.95129523    1.14188125    0.83378003    0.90955518    0.89484663    0.88350468    0.91002148    0.86788757    0.82970849    0.86899568    0.93256601    0.93985182    0.93713405    0.80157837    0.76256735    0.78311032    0.65475025    0.34621354    0.00000000    0.34646568    1.06676053    1.17093368    1.16788051    1.10667367    1.12614690    1.40794225    1.21975757    1.48878375    1.53815678    1.90930473    1.03588359
G3PXZ5_GASAC/6-439     1.01677163    1.19727334    0.90348004    0.98196270    0.93846698    0.91426409    0.98970982    0.93265296    0.87631026    0.94533583    1.01732767    1.02259953    1.02190092    0.83337985    0.80673281    0.84925482    0.68337864    0.44795750    0.34646568    0.00000000    1.08565810    1.17372566    1.15085546    1.11265655    1.20631550    1.49300439    1.29482516    1.52871098    1.59068761    1.91077819    1.06013830
Q7PTB1_ANOGA/4-440     0.78253310    0.99721801    0.88471900    0.96105711    0.89416624    0.95447438    0.93170699    0.90247870    0.85994655    0.91296281    1.01531023    1.03088641    1.02480182    0.88974616    0.85509633    0.88932868    0.95569363    1.02861253    1.06676053    1.08565810    0.00000000    0.42656020    0.43565554    0.36833668    0.91253833    1.33778959    1.20122044    1.34007233    1.33255291    1.88099219    0.83104397
B4QAY3_DROSI/4-496     0.79861586    1.04534386    0.91697005    1.02967129    0.94528554    1.00696859    0.96913622    0.94308033    0.92493948    0.94350856    1.06829129    1.02597959    1.04287001    0.97388433    0.92825577    0.95991798    1.05870884    1.12669630    1.17093368    1.17372566    0.42656020    0.00000000    0.27990955    0.25261965    0.96515329    1.24389065    1.30074936    1.41733831    1.37888298    1.90666423    0.83729685
B4MDV6_DROVI/4-499     0.76730496    1.03955240    0.87943556    1.03491708    0.90701097    1.01101530    0.96641513    0.95625126    0.90633642    0.92071488    1.04187373    1.06039812    1.03320854    0.91299756    0.87195339    0.91456040    1.03544089    1.11369203    1.16788051    1.15085546    0.43565554    0.27990955    0.00000000    0.25056464    0.95931339    1.34672330    1.29670695    1.40467494    1.36455363    1.86930929    0.80950913
B4NMK7_DROWI/4-489     0.75705953    1.04458159    0.87329074    1.06192821    0.90183169    0.98964520    0.95364944    0.93445222    0.91629379    0.95209019    1.06535172    0.98876632    1.00986179    0.90137267    0.85941672    0.88974428    1.01574815    1.06956107    1.10667367    1.11265655    0.36833668    0.25261965    0.25056464    0.00000000    0.97171024    1.27328086    1.23220008    1.46415726    1.38821019    1.87980619    0.80439717
A7SCG7_NEMVE/102-542     0.77392473    0.98012698    0.85623533    0.93768696    0.95438378    0.95930793    0.94770697    0.91033498    0.88752645    0.90242522    0.97117454    1.00674320    0.96894011    0.87449028    0.86804524    0.93761677    1.07426521    1.08907882    1.12614690    1.20631550    0.91253833    0.96515329    0.95931339    0.97171024    0.00000000    1.06264955    1.08702174    1.26459186    1.25826670    1.86744895    0.85147961
A0A1X7UZB9_AMPQE/119-585     1.04440476    1.35339920    1.20284601    1.27290715    1.21438201    1.30832914    1.26321401    1.19849170    1.22725424    1.22342057    1.19724833    1.17916396    1.13587744    1.28900557    1.23965948    1.26446937    1.46545392    1.39721406    1.40794225    1.49300439    1.33778959    1.24389065    1.34672330    1.27328086    1.06264955    0.00000000    1.20018526    1.38312505    1.39914097    1.97804569    1.15083941
A0A0D2VRW9_CAPO3/294-722     1.04110693    1.15444851    1.08981956    1.16423462    1.07093308    1.16635078    1.15567130    1.09462595    1.05530019    1.03686400    1.11826375    1.09358858    1.07239522    1.16074730    1.14999626    1.17217755    1.40261370    1.18538029    1.21975757    1.29482516    1.20122044    1.30074936    1.29670695    1.23220008    1.08702174    1.20018526    0.00000000    1.34288686    1.23132322    1.94252189    1.16628064
F4Q7E9_CAVFA/150-592     1.27342839    1.46627161    1.33809199    1.48459815    1.40762818    1.43561495    1.39025378    1.37171064    1.33189223    1.42156657    1.55632393    1.54047574    1.48227207    1.39858775    1.31289629    1.43914169    1.56877701    1.47173513    1.48878375    1.52871098    1.34007233    1.41733831    1.40467494    1.46415726    1.26459186    1.38312505    1.34288686    0.00000000    0.37063856    2.16711240    1.33110258
SESN_DICDI/138-598     1.22401918    1.43087173    1.30694701    1.40678531    1.44859703    1.45136407    1.43660419    1.36224771    1.36185841    1.37364198    1.50421594    1.47555222    1.44943336    1.39662473    1.29460308    1.35665371    1.61888145    1.54781100    1.53815678    1.59068761    1.33255291    1.37888298    1.36455363    1.38821019    1.25826670    1.39914097    1.23132322    0.37063856    0.00000000    2.02534608    1.27050523
A8WVR0_CAEBR/66-543     1.79946474    1.93669641    1.83133746    1.96211062    1.80633051    1.82772346    1.85392679    1.85182271    1.76026537    1.75813278    1.80224725    1.84342236    1.83025104    1.99278884    1.87930234    1.85725386    1.99263125    1.93978400    1.90930473    1.91077819    1.88099219    1.90666423    1.86930929    1.87980619    1.86744895    1.97804569    1.94252189    2.16711240    2.02534608    0.00000000    1.73302456
K1Q3S5_CRAGI/175-609     0.59201715    0.83542039    0.73978829    0.82979804    0.77334833    0.83845017    0.82101187    0.78160322    0.73089566    0.76595796    0.87956734    0.90936988    0.87539804    0.75051663    0.72509910    0.73122189    0.95612684    0.95225579    1.03588359    1.06013830    0.83104397    0.83729685    0.80950913    0.80439717    0.85147961    1.15083941    1.16628064    1.33110258    1.27050523    1.73302456    0.00000000

