84
CSPLO_ARATH/21-177     0.00000000    0.81439000    0.67339196    2.22359666    2.15605327    2.05045667    2.00361852    2.38299322    2.48348099    2.71683301    2.52347105    2.55531916    2.87519818    2.86221556    2.80235269    2.48134523    2.71801899    2.54790454    2.66853784    3.04327600    2.79787192    2.44583506    2.41835126    2.46926444    2.32475651    2.17258295    2.60998154    2.30168698    2.41962529    2.85973071    2.76707569    2.97573995    2.93938336    2.53127361    2.51639525    2.88155847    3.96713204    1.57547371    1.56986399    1.62997964    2.07633969    1.92440597    2.26469147    2.23159287    2.20130774    1.70302000    1.79840898    1.85277532    1.76882414    1.67065272    2.03199338    2.61353222    1.42317010    1.55840820    1.63660216    1.92882988    2.02300271    1.81893881    1.93930397    1.80143820    1.74881749    1.76509368    1.97115397    1.71994844    1.71313622    2.06048355    1.97924312    1.88718518    1.83984957    1.80267245    1.49809463    1.70027836    1.57741673    1.54353501    1.75674538    1.67218597    1.91301294    1.66042679    1.52713233    1.48530523    1.71913292    1.87503201    1.82063257    1.11734031
CSPL8_VITVI/27-183     0.81439000    0.00000000    0.65998399    2.41375941    2.12178897    2.21275651    1.77217280    2.79989104    2.63822691    2.71447244    2.52067566    2.70622098    2.91775098    2.58344814    2.87533256    2.82576105    3.08470255    2.85895592    2.99863421    2.99490088    2.92853200    2.23476385    3.00931380    2.74110866    2.44702448    2.48960353    2.41158727    2.47158177    2.83649008    3.21013370    2.45281869    2.65258511    2.82427927    2.61216580    2.96110057    2.95192738    3.55929032    1.78763523    1.78277895    1.61863597    1.80351618    2.05206161    2.10434086    2.48280740    2.11561835    1.75817713    1.77706857    1.80609973    1.65556754    1.91691302    2.32567857    2.83530202    1.50660631    1.45633610    1.94094205    1.85739823    1.71095491    1.75165840    1.71446903    1.71939726    1.68392812    1.69577798    1.89582968    1.69613061    1.82734703    2.04111200    2.08962635    2.05732529    1.89109686    1.80054727    1.51346710    1.53178647    1.56595599    1.52611792    1.72182799    1.54848101    2.27434264    1.82230972    1.56729605    1.50359665    1.46814256    2.00044986    1.86976522    1.28119793
CSPL5_VITVI/24-179     0.67339196    0.65998399    0.00000000    2.51832304    2.18081182    2.02954415    1.90449119    2.53612196    2.49178348    2.71755509    2.35628471    2.60761209    2.82641952    2.92467425    3.02483919    2.72989407    2.76409527    2.89338064    2.48601516    2.75598106    2.40568350    2.03448849    2.53318492    2.60456990    2.47373781    2.46465184    2.40580254    2.30032755    2.75023188    2.74717215    2.69287173    2.97422569    3.25216442    2.44831405    2.55176832    3.39323262    4.33212096    1.57392520    1.58744894    1.44759303    2.10064838    2.01708833    2.04044354    2.12312580    1.99156534    1.86089409    1.96351635    1.99436654    1.82792334    1.56929917    1.98860760    2.44635353    1.74984274    1.61471158    2.16581167    1.75436468    1.69216768    1.69714657    1.59169714    1.60928705    1.64411015    1.53763482    1.79363501    1.55690347    1.60383982    1.99679663    1.93419688    1.84782113    1.82895945    1.55406316    1.47187958    1.60778284    1.59748696    1.68590981    1.61074851    1.53295766    1.86681603    1.62954679    1.60457427    1.41373423    1.38311519    2.01604014    1.62684907    1.14621433
CSPL5_ARATH/17-172     2.22359666    2.41375941    2.51832304    0.00000000    0.91609686    0.89316924    0.74350098    2.39019662    2.36907250    2.33812706    2.64354750    2.61966445    2.79458895    3.00189862    2.69572138    2.11958715    2.36315530    2.48684437    2.10528713    2.09973649    2.45981992    1.85899271    2.54719796    3.42856836    1.91612275    1.90238721    1.90086246    1.94787781    2.05756852    2.65053780    2.63327626    2.48743821    2.41443476    2.25101636    1.88266100    2.52643898    3.21126970    2.50142335    2.97690868    2.63362431    2.62710236    2.53943578    3.48993940    2.98215539    2.89604888    2.08596165    2.15497074    2.00826829    2.04555593    2.31331081    2.09773076    2.18948616    2.04366519    2.15009732    1.96313595    2.58918195    2.87262496    2.50140407    2.49453527    2.62143363    2.66246433    2.46133526    2.64941315    2.51893246    2.63718038    3.09018076    2.46768745    2.13642534    2.44525215    2.52189761    2.25045587    2.26417819    2.22748552    2.33932856    2.07043638    1.90115913    2.00060835    1.62810023    2.11326363    2.43237193    2.57000667    2.79857719    2.40951237    2.25037812
CSPLF_ARATH/41-196     2.15605327    2.12178897    2.18081182    0.91609686    0.00000000    0.93613531    0.64695488    2.43914042    2.34632137    2.28017124    2.24684740    2.51555860    2.59071815    2.84339630    2.49334476    2.52487068    2.87029215    2.83629687    2.43315052    2.17618670    2.40409593    2.05643930    2.53720394    3.18562705    2.11081188    1.75566424    1.84977435    1.99279475    1.84837746    2.65472720    2.55228402    2.88442108    2.67853402    2.65960026    2.31162031    3.28072646    3.95294731    2.10198290    1.85563740    1.99498446    2.64341282    2.46021463    2.64151389    2.67209338    2.40498870    2.18149048    2.02781065    2.17129615    2.15134613    2.10987117    1.97589764    2.03816941    2.09820795    2.12201826    2.29946458    2.15414512    2.56407627    2.29153823    2.33226404    2.31039457    2.12916695    2.18078040    2.49058955    2.27952131    2.26705536    2.40418955    2.43478274    2.18688590    2.22377589    2.38055868    2.22654017    2.20280220    2.36535185    2.28025481    1.95451355    1.94215818    1.75880170    1.65412480    1.77698460    2.00909253    2.11593218    2.63381151    2.27365924    2.04143473
CSPLC_ORYSI/34-189     2.05045667    2.21275651    2.02954415    0.89316924    0.93613531    0.00000000    0.66486921    2.49581616    2.52467901    2.39226647    2.68160435    2.49337479    2.92910117    2.78358019    2.77144294    2.40317143    2.46160665    2.37693851    2.41662166    2.37537623    2.45619338    2.07487805    3.00002941    2.69701550    1.72152470    1.68795489    1.54299024    2.00966256    1.85095259    2.80953348    2.25545813    2.25446111    2.33237725    2.26723561    1.90283570    2.50780375    3.77469604    2.14334182    2.12042653    2.12517372    2.58692402    2.32710592    2.90319972    2.39677702    2.27965410    1.97101119    2.18571821    2.08417469    1.82531238    1.70682483    1.85792385    2.14528694    1.92381013    2.25256609    2.01383164    2.56458786    2.74277409    2.39446580    2.36194971    2.25493656    2.24475292    2.02734593    2.59600619    2.35729876    2.64229662    2.53095641    2.30479740    2.36840523    1.84416747    2.22875477    2.42254689    2.42911637    2.49317164    2.41600485    1.96314656    1.97726756    1.80875780    1.85939824    2.10653932    2.32624047    2.38273089    2.34783885    2.40239686    2.22562733
CSPLD_VITVI/40-195     2.00361852    1.77217280    1.90449119    0.74350098    0.64695488    0.66486921    0.00000000    2.06600905    2.03237050    2.06408439    2.18478160    2.39497924    2.48144524    2.43600644    2.74990288    2.57777829    2.61064731    2.82290020    2.34603302    1.98837822    2.25742075    1.92746211    2.56983813    2.69084037    1.77058860    1.58005905    1.75561044    1.96997637    1.86529090    2.35575677    2.27223640    2.41038166    2.52031257    2.36207679    1.93083247    3.04982074    3.22147375    2.15520213    1.91853620    2.02541281    2.54293684    2.40353422    2.76163677    2.45483157    2.48060688    1.94856624    1.87011861    1.87473470    1.83503561    1.84505228    2.01854414    2.01584817    1.72075892    1.88899601    1.89970639    2.12835036    2.01969226    1.81533630    2.01650480    1.88346297    2.03304783    1.84705356    2.18626349    2.05249973    2.19969574    1.97787883    2.01412375    1.95028971    2.06012823    2.08897969    2.23182909    2.26147252    2.36988886    2.16278541    1.98329210    1.79268480    1.73783686    1.70153091    1.97100406    2.00064967    2.09221537    2.43174879    2.34279648    2.02265488
CSPL6_ARATH/34-164     2.38299322    2.79989104    2.53612196    2.39019662    2.43914042    2.49581616    2.06600905    0.00000000    0.36076964    0.36954454    0.44621599    1.22300649    1.27362185    1.21694556    0.75706503    0.75749502    0.72776836    0.75409710    0.77432871    0.79849648    2.49118601    2.22613491    2.62129097    3.16766612    2.11663856    2.66594313    2.79556914    2.62878409    2.38408408    3.29423505    2.96136694    3.17688331    2.84960476    2.56529537    2.38139542    3.88733359    2.59595885    1.99690484    2.35820949    2.58848996    2.96257948    3.81442901    2.99949915    3.23276429    2.85068206    2.25437022    2.38799965    2.18550443    2.23966802    2.10557852    2.46110170    2.56083043    2.40555583    3.30258269    2.38352854    2.37284770    2.76676913    2.49399192    2.30542943    2.47244110    2.58246807    2.49343053    2.22130424    2.11848524    2.20102266    2.59245001    2.40745481    2.44102514    2.45630485    2.23642949    2.52445284    2.06488933    2.42327422    2.16288267    2.04404379    2.15347441    2.29042072    1.98490158    2.23802556    2.19023157    2.38418197    2.64989287    2.25284634    2.28699171
CSPLV_ORYSJ/33-163     2.48348099    2.63822691    2.49178348    2.36907250    2.34632137    2.52467901    2.03237050    0.36076964    0.00000000    0.42261169    0.47793517    1.39192424    1.44643398    1.37789155    0.96489076    0.91586915    0.87312102    0.92900598    0.92025819    0.91362266    2.84504165    2.55252995    2.75746892    2.57463128    1.77771334    2.47233697    2.17987880    2.07177240    2.05769780    3.53617470    2.64541946    2.93313112    2.30281793    2.13065120    2.02316382    3.02283308    2.44666859    2.33357250    2.66798220    2.84233237    3.00754265    3.49160398    3.70426523    3.42730902    3.43107145    2.51085550    2.68604538    2.45328808    2.49798897    2.22222300    2.73502486    2.54178060    2.45612539    3.10855628    2.29808859    2.57580511    2.94563935    2.49894443    2.36663519    2.74678753    2.86464347    2.43163639    2.22998649    2.04229506    2.17133549    2.78768717    2.42231619    2.54254180    2.91342108    2.36274182    2.84769589    2.48585400    2.54336534    2.35236649    2.17736856    2.51301900    2.23110162    2.12979058    2.06418485    2.13887932    2.36347227    2.43185100    1.91848080    2.14077021
Q38HU1_SOLTU/29-159     2.71683301    2.71447244    2.71755509    2.33812706    2.28017124    2.39226647    2.06408439    0.36954454    0.42261169    0.00000000    0.37684506    1.18547256    1.33375942    1.25372871    0.78015731    0.94439418    0.89411550    0.89006406    0.91856585    0.83987123    2.79250639    2.50993779    2.45699519    3.46440659    2.03484787    2.74241434    2.47555732    2.52623530    2.29701570    3.28554303    2.90351544    2.80415227    2.37315042    2.42540675    2.21034845    3.24626922    2.52695988    2.11887250    2.47450588    2.60311052    3.04673568    3.38700481    2.83320576    3.09864305    2.96117409    2.26750737    2.37520587    2.20959686    2.20795538    2.30339185    2.19933832    2.25119247    2.56618717    3.22358846    2.35305366    2.95627191    2.95702918    2.59581736    2.49847884    2.76062108    2.85309346    2.58069737    2.19751086    2.32518302    2.42903186    2.83211879    2.40700180    2.31223647    2.70068608    2.31139293    3.13496806    2.58827418    2.93548929    2.74826577    2.24654302    2.39401970    2.68132401    2.05020454    2.21990955    1.91019651    2.40779400    2.67127532    2.00015092    2.03578146
CSPL9_ARATH/36-165     2.52347105    2.52067566    2.35628471    2.64354750    2.24684740    2.68160435    2.18478160    0.44621599    0.47793517    0.37684506    0.00000000    1.23811735    1.44899136    1.38054999    0.84252251    0.97840352    0.97957306    1.00583128    0.92661156    0.95418721    2.99842582    2.34396335    2.45340106    3.39170917    2.26399806    3.06011743    3.03830132    2.58862668    2.54787363    3.86491165    3.32519090    3.98198800    2.90443084    2.60543122    2.35228558    3.97174953    2.69518254    2.25685254    2.41132995    2.72573210    2.90618698    3.04713095    3.02019839    3.13989667    2.87729305    2.30840701    2.62172337    2.34616596    2.24673658    2.60435613    2.82898888    2.76133842    2.82829176    3.08545162    2.21220064    2.83142776    2.88406350    2.83634635    2.62949002    2.64902541    2.81977296    2.69505009    2.34620168    2.18836695    2.25452547    2.65102801    2.35802623    2.44907849    2.91835632    2.26629305    2.48871831    2.55368920    2.67994855    2.45383164    1.99884823    2.11715824    2.50485224    2.08774410    2.31153853    1.97650682    2.28822269    2.68874337    2.11915931    1.98462217
CSPL4_ARATH/6-136     2.55531916    2.70622098    2.60761209    2.61966445    2.51555860    2.49337479    2.39497924    1.22300649    1.39192424    1.18547256    1.23811735    0.00000000    0.85601576    0.96462632    1.17537094    1.20569772    1.32117834    1.22074650    1.28410607    1.14294004    3.35832403    2.63078456    2.90794863    3.17142093    2.34582370    3.07712023    2.27579835    2.82362572    2.67900747    2.97077553    3.67506825    3.11159616    2.57910163    2.81532464    2.25261325    3.57255470    3.35296868    2.74207907    2.58656444    3.08152537    3.48356023    3.53722948    3.45760335    3.82366337    3.40419773    2.37513144    2.49513147    2.47393945    2.60689516    2.39629808    2.76937065    2.97715198    2.94702385    2.82806553    2.62253591    2.92363903    3.10638627    3.01154177    2.75141795    2.97150174    3.00505029    2.59609421    2.39144081    2.44238111    2.53223936    2.93763119    2.70954128    2.76321231    2.81578389    2.77717133    2.66570677    2.12183988    2.50587885    2.24240100    2.38468480    2.45503320    2.75909516    2.44790680    2.70946406    2.75849608    3.18281418    2.61448415    2.42426194    2.50314615
A5BVF2_VITVI/6-137     2.87519818    2.91775098    2.82641952    2.79458895    2.59071815    2.92910117    2.48144524    1.27362185    1.44643398    1.33375942    1.44899136    0.85601576    0.00000000    0.76994083    1.40009317    1.34624016    1.41565581    1.37499744    1.46596096    1.27330254    2.90320318    2.81877034    3.36044625    3.09188667    2.54957093    3.50774383    2.48040710    3.12188736    2.80187260    3.55799980    4.14126640    3.09147888    2.76482142    3.22023554    2.48093484    3.97822042    3.99544760    2.71700931    2.94738938    3.12023806    3.04545682    3.56616336    3.87202309    3.70803798    3.55545203    2.58302866    2.90818218    2.36029753    2.48196751    2.81145395    2.92427210    3.03604735    3.16342554    3.69706710    3.11260850    3.35424715    3.60536613    3.61808146    3.23495038    3.50091292    3.37846466    3.38810667    2.75708258    2.75501899    2.49461511    3.22151339    2.95982024    2.86495017    2.91665844    3.00315939    3.13911748    2.56991036    3.10555477    2.78531160    2.87782446    2.98954700    2.72637288    2.50217975    2.84466847    2.91444869    3.28609931    3.05498176    2.59670126    3.18281252
CSPLT_ARATH/6-134     2.86221556    2.58344814    2.92467425    3.00189862    2.84339630    2.78358019    2.43600644    1.21694556    1.37789155    1.25372871    1.38054999    0.96462632    0.76994083    0.00000000    1.17290247    1.21369978    1.25337118    1.19706683    1.27580627    1.15659267    2.86913066    2.73201128    3.07217995    3.34684428    2.16262139    2.77422471    2.39085046    2.49870131    2.45980300    3.50021019    3.06414469    3.36702620    3.02531414    2.76549162    2.17454790    3.81957941    3.26227466    2.37537654    2.85867493    3.02382387    3.39273424    3.59915279    4.32122268    3.51751044    3.31864512    2.46721874    2.53033849    2.45557426    2.36327815    2.67838555    2.95501879    3.09162166    3.01526397    3.22452132    2.88884536    2.77876205    2.84097356    2.96220379    2.63200797    2.86906564    2.68594083    3.07618661    2.41648358    2.67237358    2.60335531    2.55215084    2.38178788    2.78338792    2.94658642    2.66985710    2.96977769    2.47916446    3.07452349    2.78263248    2.55948497    2.52162367    2.33093880    2.48782312    3.03622579    2.81269321    2.85892214    2.64518848    2.79622402    2.81891025
CSPLG_ARATH/6-137     2.80235269    2.87533256    3.02483919    2.69572138    2.49334476    2.77144294    2.74990288    0.75706503    0.96489076    0.78015731    0.84252251    1.17537094    1.40009317    1.17290247    0.00000000    0.65840469    0.81491595    0.71971038    0.61331676    0.67212049    2.61775252    2.33436985    3.26756260    3.47706981    2.65002079    3.13409225    2.65152345    2.69035641    3.08698213    3.53759975    3.65317686    3.27012554    3.01554747    3.03069687    2.52682406    4.40964481    3.45489859    2.00562117    2.26842893    2.44327506    3.81943463    4.01572281    4.51926233    4.20619773    3.75492758    2.39636392    2.22237788    2.41578189    2.33505434    2.10232560    2.44059527    2.75196079    2.74116389    2.84329315    2.77765969    3.11404844    3.23822381    2.87781568    2.80459299    2.98159829    2.94922778    2.66942418    2.19706384    2.43452379    2.47534291    2.78778047    2.35446265    2.56769977    2.75531070    2.84656699    3.50149739    2.83439030    3.56316088    3.48860723    2.32490912    2.73591463    2.97560261    2.46285435    2.72346164    2.34358639    2.87947216    3.04889684    2.53049306    2.51671575
CSPLQ_ORYSI/6-139     2.48134523    2.82576105    2.72989407    2.11958715    2.52487068    2.40317143    2.57777829    0.75749502    0.91586915    0.94439418    0.97840352    1.20569772    1.34624016    1.21369978    0.65840469    0.00000000    0.41935994    0.37541022    0.53097419    0.51652794    3.39858688    2.87543803    2.98217753    4.04736624    2.35665171    2.78931933    2.59950561    2.63198680    2.90996728    3.66270744    3.23166127    3.12734525    2.88222064    2.62655923    2.39057378    3.68012725    2.98708717    2.24279698    2.51452905    2.75831878    3.34602272    3.35124041    3.99648982    3.63593945    3.33753516    2.63951259    2.52305720    2.28226759    2.62791535    2.17421027    2.70176331    2.86806679    3.06432055    2.90360682    3.07123848    2.71407500    3.05335260    2.60909491    2.84579528    2.79753766    2.99641027    2.38196484    2.17944594    2.39140885    2.57848613    2.96059165    2.48451494    2.70641197    2.99535182    2.60611931    3.15894278    2.52025960    2.80529328    2.68548178    2.22838134    2.50637701    2.58886379    2.32795138    2.28922492    2.30822819    2.97495847    2.68447774    2.05601058    2.10579133
CSPLS_ORYSI/7-140     2.71801899    3.08470255    2.76409527    2.36315530    2.87029215    2.46160665    2.61064731    0.72776836    0.87312102    0.89411550    0.97957306    1.32117834    1.41565581    1.25337118    0.81491595    0.41935994    0.00000000    0.35292088    0.55305140    0.57497559    2.96401504    2.71689756    3.28920890    3.52471576    2.53189335    3.00231104    2.86431889    2.97502996    3.05617894    3.93927925    3.38058440    3.10533193    2.90116749    2.64000567    2.57411674    3.74603218    2.76895103    2.57553727    2.82558678    3.16327233    3.67347787    3.49857329    4.14223934    3.59995545    3.17736469    2.61604620    2.54434122    2.33169989    2.64731663    2.32380300    2.39747431    2.68207020    3.01859287    3.04466900    2.66141365    3.19198710    3.23962910    3.03305276    2.97883447    3.10070036    3.26646488    2.75210665    2.33870935    2.47883701    2.59867197    3.19225807    2.78942310    2.80115900    3.10801979    2.79801233    3.33363441    2.61800466    2.99834547    2.97520822    2.17407436    2.46538231    2.58487673    2.40665083    2.26411800    2.14611292    2.60951698    2.66915452    2.07421053    2.46100022
CSPLR_ORYSI/6-138     2.54790454    2.85895592    2.89338064    2.48684437    2.83629687    2.37693851    2.82290020    0.75409710    0.92900598    0.89006406    1.00583128    1.22074650    1.37499744    1.19706683    0.71971038    0.37541022    0.35292088    0.00000000    0.54696374    0.60864676    2.61881827    2.82684006    3.36837360    4.13633200    2.58054099    2.70964452    2.65329294    3.00401102    3.00729133    3.62019019    3.41124494    2.94448380    2.77346537    2.93266978    2.48065776    3.84218800    2.85771753    2.45882228    2.82481809    3.34924953    3.05678270    3.46890264    3.61275188    3.77561597    3.08545300    2.79826554    2.79343587    2.53796967    2.79125357    2.22950098    2.40132503    2.69732123    3.19778186    3.15790247    2.89157186    3.09616701    3.43405082    3.06153429    3.18722388    3.20430326    3.28049999    2.60609722    2.42017956    2.61011322    2.65277591    3.30748769    2.69132291    2.82343376    2.82589030    2.75390199    3.19224890    2.59545693    2.88201561    2.79224018    2.40759340    2.41668218    2.71699492    2.37943941    2.49697950    2.31343755    3.29246541    2.78896220    2.08392165    2.40784371
CSPLI_ARATH/6-139     2.66853784    2.99863421    2.48601516    2.10528713    2.43315052    2.41662166    2.34603302    0.77432871    0.92025819    0.91856585    0.92661156    1.28410607    1.46596096    1.27580627    0.61331676    0.53097419    0.55305140    0.54696374    0.00000000    0.44301761    2.73073604    2.54907021    3.12634213    3.99880616    2.48205154    2.82170730    2.68104500    2.81576982    2.80326596    3.60127356    3.12634245    3.00152946    2.80959592    3.08550061    2.21423620    3.14066346    2.73996725    2.42066675    2.74187641    3.03909300    3.89110302    3.84886568    4.61401061    4.07811036    3.61276996    2.37827775    2.36296691    2.31587194    2.24588940    2.16513167    2.66814158    2.71815812    2.68543971    2.87647703    2.41587513    2.85334365    3.28344363    2.78871043    2.80155012    2.99634226    2.95559879    2.66704134    2.09871480    2.35667729    2.40056910    2.89928872    2.51633336    2.63050457    2.76328350    2.69838594    3.19777797    2.55903840    2.79301390    2.93804207    2.04334012    2.23647076    2.59954168    2.14450466    2.35652041    2.10865154    2.74954118    2.71467045    2.09302715    2.40827937
CSPLU_ARATH/6-139     3.04327600    2.99490088    2.75598106    2.09973649    2.17618670    2.37537623    1.98837822    0.79849648    0.91362266    0.83987123    0.95418721    1.14294004    1.27330254    1.15659267    0.67212049    0.51652794    0.57497559    0.60864676    0.44301761    0.00000000    2.86063075    2.57922620    2.91591966    3.58858789    2.65425411    2.79648057    2.57249629    2.71524267    2.71078313    3.36901567    3.37354722    2.88159160    2.71711948    3.22811938    2.36604986    2.99182756    2.89165952    2.41888239    2.67916027    2.81058103    3.97084936    3.75030023    3.55983385    3.86044215    3.40836128    2.51917786    2.49906604    2.19989331    2.44638790    2.38327163    2.78457072    2.53788569    2.72356334    2.76081542    2.47586178    2.63108560    2.83257155    2.60821886    2.57077420    2.68187824    2.67148324    2.45269724    2.03667189    2.24911530    2.36671751    2.79081492    2.40957000    2.58214917    2.79469516    2.65231687    3.39309398    2.38018679    2.83430950    2.98395648    2.00069254    2.27127434    2.37044705    2.04680274    2.67559064    1.93127761    2.65612558    2.47371041    2.20818715    2.43781331
A2ZLT7_ORYSI/23-151     2.79787192    2.92853200    2.40568350    2.45981992    2.40409593    2.45619338    2.25742075    2.49118601    2.84504165    2.79250639    2.99842582    3.35832403    2.90320318    2.86913066    2.61775252    3.39858688    2.96401504    2.61881827    2.73073604    2.86063075    0.00000000    0.79779633    2.78843469    2.75668102    2.16767615    1.70714993    2.10531612    2.24869799    2.42607814    2.62009957    1.98909935    1.81699190    1.92671044    2.04620660    2.17577068    2.03625795    2.60279439    1.98277004    2.17587716    2.19786890    3.20235162    2.55284907    2.70104411    2.28097323    2.70344281    2.11770662    2.18007188    1.98137920    2.28774501    2.05239857    2.44652855    2.59331916    2.29945821    2.55203625    2.69259874    3.35094073    2.90986095    2.62389117    2.65399449    2.89552986    2.95005975    2.57531663    2.76490195    2.75460106    2.87391447    3.09154002    2.29667552    2.73659127    3.27388049    2.67793193    2.76853731    3.08500045    2.64422799    2.96064111    3.18257634    2.99027141    3.03232140    2.35965589    2.98967067    3.67129211    4.67251332    2.47418990    2.33354789    3.16908393
CSPLJ_ARATH/30-168     2.44583506    2.23476385    2.03448849    1.85899271    2.05643930    2.07487805    1.92746211    2.22613491    2.55252995    2.50993779    2.34396335    2.63078456    2.81877034    2.73201128    2.33436985    2.87543803    2.71689756    2.82684006    2.54907021    2.57922620    0.79779633    0.00000000    2.53131914    3.06147221    1.83094385    2.00947414    1.95748099    1.70651707    1.89997010    2.04051179    1.97551321    2.11817913    1.99895285    2.22335900    1.79987285    1.98457049    2.43594918    1.93756637    2.25755621    2.14323527    3.50804513    3.06840955    2.86548788    2.46943889    2.52607867    1.72038716    1.74161597    1.61004802    1.61104941    1.66738607    2.05883701    2.01688206    2.13177347    2.00624520    2.50776938    2.58630365    2.13284305    2.28766978    2.24323738    2.25715840    2.20998037    1.92466928    2.17930877    2.24729239    2.31862560    2.58639721    2.16780691    2.21385337    2.15059855    1.91500648    2.20376716    2.03954493    2.08748488    2.19547506    1.89953793    2.11189953    2.54132982    2.07858263    2.45975416    2.45722187    2.35181405    2.38762060    2.04089524    2.58901592
A5C0X4_VITVI/7-154     2.41835126    3.00931380    2.53318492    2.54719796    2.53720394    3.00002941    2.56983813    2.62129097    2.75746892    2.45699519    2.45340106    2.90794863    3.36044625    3.07217995    3.26756260    2.98217753    3.28920890    3.36837360    3.12634213    2.91591966    2.78843469    2.53131914    0.00000000    1.45807586    2.02687617    2.12068190    2.31402285    2.28551468    2.26893800    2.50744488    2.07291030    2.90243959    2.46491089    2.17520612    2.75117637    2.59555447    3.38533618    2.41699811    2.41767158    2.82745424    3.20207674    2.95872251    2.80186531    2.78610824    2.82039511    2.67498772    3.03060407    2.65625004    2.51219170    2.69057341    2.91593173    2.74724797    2.81941278    2.82093319    2.67958462    2.52111505    2.61012558    2.68620772    2.83822268    2.69084952    2.73961089    2.55700033    2.68082800    2.91473915    2.82102276    3.30551071    3.09300474    2.96251875    3.33877356    2.66258556    3.00291178    2.80869711    3.25439839    2.85371508    2.50845323    2.47658037    3.17729005    2.72381291    2.55859158    2.49150369    2.36192461    3.09602189    3.78035016    2.55883293
A2ZF82_ORYSI/6-157     2.46926444    2.74110866    2.60456990    3.42856836    3.18562705    2.69701550    2.69084037    3.16766612    2.57463128    3.46440659    3.39170917    3.17142093    3.09188667    3.34684428    3.47706981    4.04736624    3.52471576    4.13633200    3.99880616    3.58858789    2.75668102    3.06147221    1.45807586    0.00000000    2.35269503    2.15564779    1.99900937    2.49079406    2.46934094    2.95904967    2.50886841    2.22081845    2.24843200    2.02174102    3.01263260    2.61376045    3.41110860    3.37147835    2.59012922    3.35836995    3.71413677    3.32306229    3.07071216    2.78000163    2.91095482    2.13767038    2.90983358    2.45653434    2.29925274    2.51345770    2.50826477    3.13532197    2.07146595    2.95112057    2.83644449    3.08387588    2.87096413    2.68128067    2.27174063    2.70225971    2.80783740    2.49421488    2.44773259    2.31206065    2.17609800    2.59877269    2.80492880    2.45516379    2.70158438    2.50801623    3.09694843    3.25787857    3.55798981    3.56924218    2.60204452    2.41234583    3.40405566    2.57609439    2.40318846    2.61387021    3.15659651    2.93251729    2.96378602    2.77327409
A2XND4_ORYSI/2-138     2.32475651    2.44702448    2.47373781    1.91612275    2.11081188    1.72152470    1.77058860    2.11663856    1.77771334    2.03484787    2.26399806    2.34582370    2.54957093    2.16262139    2.65002079    2.35665171    2.53189335    2.58054099    2.48205154    2.65425411    2.16767615    1.83094385    2.02687617    2.35269503    0.00000000    0.96576857    0.75701657    0.73055011    0.81204488    1.69078201    1.67345141    1.59443579    1.41441687    1.48662529    1.39932817    1.74825823    1.66620124    1.96875812    1.96861832    2.17297473    2.96815314    2.62432638    3.14569237    3.32157900    3.29339923    2.32367060    2.36722205    2.41878119    2.19754368    1.93826804    2.45377891    2.59178528    2.62570881    3.25618428    3.04957449    3.16955689    2.58449640    2.72343018    2.70976500    2.79109322    2.80030723    2.72911180    2.45306008    2.65617303    2.72976741    3.10388511    3.07418800    2.80633608    2.77448980    2.52587725    2.53360303    2.52298506    2.80934114    2.61351636    2.61035136    2.50430643    2.65881888    2.39147787    2.58251679    2.48292333    2.67716834    2.21376286    1.83629955    2.37383290
A2YQ71_ORYSI/48-177     2.17258295    2.48960353    2.46465184    1.90238721    1.75566424    1.68795489    1.58005905    2.66594313    2.47233697    2.74241434    3.06011743    3.07712023    3.50774383    2.77422471    3.13409225    2.78931933    3.00231104    2.70964452    2.82170730    2.79648057    1.70714993    2.00947414    2.12068190    2.15564779    0.96576857    0.00000000    0.53756199    1.00749041    1.19669909    1.75782184    1.72948243    1.56501083    1.49483255    1.48239111    1.37594597    1.86742087    1.82186491    1.89705009    1.92691524    2.17959520    2.33515974    2.43441580    2.80507845    2.79748763    2.80863485    2.68764368    2.74531745    2.52479882    2.39710508    2.04040012    2.19865106    2.26004855    2.63527200    2.62390851    3.08027898    2.95296397    2.99869839    2.96970691    3.37283150    2.77796054    2.73681590    2.69288625    2.41337512    2.76460622    2.72689249    2.90531900    2.84369492    2.99520327    3.04461580    2.61057685    2.94768660    3.19585086    3.71033215    3.34483342    2.64428941    2.54174716    2.96248367    2.34241362    2.45622581    2.80985092    3.17306492    2.27851952    1.95581476    2.43312380
A2XFN2_ORYSI/55-188     2.60998154    2.41158727    2.40580254    1.90086246    1.84977435    1.54299024    1.75561044    2.79556914    2.17987880    2.47555732    3.03830132    2.27579835    2.48040710    2.39085046    2.65152345    2.59950561    2.86431889    2.65329294    2.68104500    2.57249629    2.10531612    1.95748099    2.31402285    1.99900937    0.75701657    0.53756199    0.00000000    0.68404069    1.10921506    1.93228948    1.81358414    1.53019950    1.34214792    1.36310989    1.37841746    1.84075579    1.73724776    1.88965546    1.92166744    1.98621925    2.62079373    2.58411249    3.60157374    2.78505353    3.04190720    2.16185247    2.59616001    2.40752494    2.05126288    1.89042650    2.05647833    2.20981452    2.46530263    2.73268316    3.15876611    3.07813155    2.92554120    3.02919146    2.71583006    2.92391309    2.88549320    2.66734235    2.14787283    2.41294811    2.46792087    2.95287286    2.57805309    2.70315872    2.40549268    2.24403811    2.78687209    2.87849578    3.06070073    3.18760950    2.39722414    2.21701848    2.27401251    2.19473346    2.61799340    2.57571496    3.08009244    2.10823672    2.51036085    2.57860705
A2Y3F2_ORYSI/54-186     2.30168698    2.47158177    2.30032755    1.94787781    1.99279475    2.00966256    1.96997637    2.62878409    2.07177240    2.52623530    2.58862668    2.82362572    3.12188736    2.49870131    2.69035641    2.63198680    2.97502996    3.00401102    2.81576982    2.71524267    2.24869799    1.70651707    2.28551468    2.49079406    0.73055011    1.00749041    0.68404069    0.00000000    0.78127633    1.73023972    1.63348725    1.64085646    1.34662592    1.53292595    1.54302459    1.88797606    1.95724840    2.07866468    2.27579027    2.35940798    3.29190318    3.02209429    3.02629288    3.11360165    3.14074068    2.25114708    2.39510490    2.38529233    2.14194278    1.94398564    2.26899832    2.32024036    2.43904704    3.02726810    2.88877184    3.06105022    3.09214475    2.87522517    3.02970918    2.84572602    2.94581516    2.41190410    2.25723769    2.54858359    2.53117278    3.29817860    2.75286506    2.79234013    3.09201765    2.07424330    2.66826843    2.75926590    2.70136072    2.57424468    2.45166609    2.36368358    3.01553870    2.41723842    3.04668058    2.99274784    2.95713932    2.72998087    2.65839121    2.32084221
CSPLA_ARATH/41-170     2.41962529    2.83649008    2.75023188    2.05756852    1.84837746    1.85095259    1.86529090    2.38408408    2.05769780    2.29701570    2.54787363    2.67900747    2.80187260    2.45980300    3.08698213    2.90996728    3.05617894    3.00729133    2.80326596    2.71078313    2.42607814    1.89997010    2.26893800    2.46934094    0.81204488    1.19669909    1.10921506    0.78127633    0.00000000    1.82098582    1.66942657    1.60417460    1.45808425    1.60523304    1.50221092    1.68083773    1.74262756    2.14289241    2.23675893    2.61451207    3.09611595    3.15422240    3.10194539    3.20280383    3.34177202    2.33133894    2.47357150    2.60642936    2.39977887    2.18140578    2.32987036    2.42648114    2.59485166    2.67389901    2.90915815    2.88873491    3.07474907    2.76321198    3.09265602    2.73518729    2.65959344    2.52404697    2.73163331    2.80143019    2.71681567    3.35937811    3.27014143    2.88417276    3.29242630    2.51682677    2.45946395    3.11221187    2.92752784    2.84079580    2.55860451    2.57154194    3.44260882    2.74350187    2.78870536    2.60674738    2.30399624    2.60924929    2.67595124    2.76058570
CSPLL_ARATH/49-190     2.85973071    3.21013370    2.74717215    2.65053780    2.65472720    2.80953348    2.35575677    3.29423505    3.53617470    3.28554303    3.86491165    2.97077553    3.55799980    3.50021019    3.53759975    3.66270744    3.93927925    3.62019019    3.60127356    3.36901567    2.62009957    2.04051179    2.50744488    2.95904967    1.69078201    1.75782184    1.93228948    1.73023972    1.82098582    0.00000000    1.72782692    1.74769341    1.62383046    1.77862418    2.21828664    2.09828126    2.38380218    3.27309398    2.53859108    3.05652297    3.80476104    3.60147678    2.61938179    3.13157234    2.67466031    2.43415604    2.50787515    2.90577453    2.18816679    2.18545831    2.73562314    2.55193485    3.32806023    3.54826532    3.79583757    2.76534469    2.63742784    2.61503971    2.43905853    2.51862051    3.23422301    2.59855228    3.06274913    3.02359917    2.91435826    3.15319872    3.36559611    3.29650511    3.81806774    2.64376957    3.11304443    3.24745192    3.70893501    3.47380946    2.94831252    2.79385878    3.93271238    3.22369643    3.47259963    3.10509762    3.25302820    3.06075514    2.56606110    2.70936674
N24_MEDTR/61-218     2.76707569    2.45281869    2.69287173    2.63327626    2.55228402    2.25545813    2.27223640    2.96136694    2.64541946    2.90351544    3.32519090    3.67506825    4.14126640    3.06414469    3.65317686    3.23166127    3.38058440    3.41124494    3.12634245    3.37354722    1.98909935    1.97551321    2.07291030    2.50886841    1.67345141    1.72948243    1.81358414    1.63348725    1.66942657    1.72782692    0.00000000    1.19304971    1.13071594    1.16014705    1.56960361    1.16786777    1.46356520    2.90791727    3.11762457    3.51131789    4.90931062    4.26684388    3.46792096    2.99010271    3.70582279    2.91886714    3.27449484    2.90582062    2.60628426    2.56145290    3.40562119    3.42461215    2.32734328    3.13485262    3.61418524    3.05623566    3.30412550    2.67915591    3.19140457    2.93912883    2.79875098    2.30320173    2.86237789    2.65150158    3.02816660    3.25123462    3.16633372    3.38330501    2.87953568    2.72639005    2.87128119    3.16110566    3.61072110    3.32309775    2.50737695    2.53949684    3.68611672    3.22561989    3.05356964    4.01516857    3.18641810    3.71561929    2.85155059    2.68551041
CSPLY_ARATH/143-279     2.97573995    2.65258511    2.97422569    2.48743821    2.88442108    2.25446111    2.41038166    3.17688331    2.93313112    2.80415227    3.98198800    3.11159616    3.09147888    3.36702620    3.27012554    3.12734525    3.10533193    2.94448380    3.00152946    2.88159160    1.81699190    2.11817913    2.90243959    2.22081845    1.59443579    1.56501083    1.53019950    1.64085646    1.60417460    1.74769341    1.19304971    0.00000000    0.37798698    0.96122864    1.03486255    0.91028611    0.84851921    2.87340757    2.96785863    3.09165075    5.42343219    4.10714509    3.37337400    3.25349463    3.34812905    2.43127496    2.72144834    2.02482093    2.21438268    1.88873362    2.80359632    2.77338326    2.99826748    3.13820442    3.69128342    3.54689864    3.29956716    3.01781645    3.15540387    3.27737314    3.24750422    2.59668961    3.01437170    2.91205164    3.26908244    3.41594563    3.37078263    3.37473309    2.63330524    2.91669550    3.34243748    3.71010709    3.78485581    3.95828299    3.17197754    3.31633399    4.40330269    2.96613894    3.34202715    3.01599164    3.55385255    3.17916970    2.43368412    2.75716852
CSPL8_ARATH/129-265     2.93938336    2.82427927    3.25216442    2.41443476    2.67853402    2.33237725    2.52031257    2.84960476    2.30281793    2.37315042    2.90443084    2.57910163    2.76482142    3.02531414    3.01554747    2.88222064    2.90116749    2.77346537    2.80959592    2.71711948    1.92671044    1.99895285    2.46491089    2.24843200    1.41441687    1.49483255    1.34214792    1.34662592    1.45808425    1.62383046    1.13071594    0.37798698    0.00000000    0.86992009    0.95580119    0.77058238    0.76031473    2.74863944    2.62039367    3.01653251    4.35067220    4.03689361    3.18412233    2.85139804    2.92428445    2.48952256    2.58935874    2.39101829    2.19803698    1.98938965    2.61754442    2.68117634    3.05948667    3.12230155    3.67320718    3.30215861    3.49078395    3.10014721    3.60635795    3.31592910    3.34426711    2.72070987    3.35022198    2.63591749    2.95845268    3.66405338    3.46774373    3.31787011    2.81678632    2.97343349    3.51664299    3.42746762    3.36250423    3.15223251    2.80297085    3.39641851    4.45252259    3.11270791    3.72023840    3.26289600    3.65886634    2.97070712    2.82751620    2.87927301
