103
G0RHU2_HYPJQ/77-566     0.00000000    0.50528752    0.48193557    0.48240960    0.51710863    0.50042872    0.60158626    0.57345900    0.57836453    0.59392005    0.75409150    0.59104156    0.57444744    0.74151363    0.62762280    1.06748601    1.07746181    1.12269525    1.12904951    1.03274653    0.89019301    0.85601837    0.94127399    0.76500057    0.70676391    0.91064537    0.87226399    1.00700194    0.90153326    0.98314659    0.87400273    0.98652037    0.98142251    0.95783395    0.91881468    0.93963780    0.91751989    0.98279490    0.94585424    1.18480942    1.08034764    1.06285764    1.15224876    1.10625320    1.07149860    1.06865803    1.08935256    1.06521880    1.09346844    0.98067642    1.09703078    1.01321043    1.05516894    0.93650012    1.15474619    0.94032839    0.97547833    0.90564230    0.94575695    0.93212684    0.89356278    0.90009984    0.90499276    1.14486719    1.61558990    1.53386860    1.50933980    1.36208458    1.51339971    1.47016316    1.47458034    1.43315365    1.48165190    1.35001640    1.81645611    2.98053760    2.84797071    1.56016202    1.31499368    1.36077181    1.67647997    1.79225350    1.59696844    1.68835347    1.54409899    1.76586268    1.87929845    1.83011038    1.71712636    1.70529805    1.76364408    1.69371468    1.66400893    1.80236078    1.83687149    1.62223402    1.61169529    1.74808569    1.81739982    1.29471793    1.01285702    0.96969441    0.90503083
G2XGZ4_VERDV/188-677     0.50528752    0.00000000    0.37234777    0.48679573    0.55325276    0.51005166    0.55945263    0.56423136    0.62518559    0.71012202    0.81559247    0.68322820    0.63731469    0.75602773    0.65593085    1.03560366    1.10644441    1.11113931    1.10998025    1.02065253    0.87786769    0.87854768    0.98710958    0.86859593    0.77142328    0.90626809    0.89098636    1.06762467    0.96069597    1.07114954    1.00041556    0.99482685    1.01233302    1.03089090    1.01796841    1.02830161    1.02751145    1.05619863    1.04457144    1.28297168    1.13544480    1.09024592    1.11829931    1.18874506    1.13924750    1.10243533    1.13274935    1.14199751    1.12921733    1.05862124    1.17360941    1.10750315    1.01287997    1.00938152    1.13158514    1.00272442    1.01235340    0.96197142    0.99676126    0.98852275    0.96939723    0.91292940    0.93186555    1.17115086    1.56030471    1.43078156    1.51817974    1.42708476    1.55514128    1.46697274    1.44351351    1.48369126    1.47267106    1.40218036    1.84866102    3.09739197    2.86691542    1.65272813    1.37451810    1.34025823    1.68536260    1.87368198    1.63351968    1.72379791    1.62867949    1.84104698    1.86860491    1.92852498    1.71454196    1.72259521    1.81817673    1.69243178    1.74282123    1.83604117    1.90708434    1.65940144    1.63706133    1.71465437    1.92049123    1.39235113    1.03076823    1.04161243    0.90750412
E3QI23_COLGM/196-685     0.48193557    0.37234777    0.00000000    0.45546113    0.46341014    0.50445319    0.55856053    0.54676185    0.59517783    0.63938248    0.75278550    0.65084549    0.60278351    0.74033383    0.62973063    1.00238452    1.01625362    1.11318461    1.08215319    1.01463065    0.94116826    0.82185812    0.92988970    0.79850493    0.72433733    0.89704320    0.85725512    1.06756779    0.94430311    1.05931990    0.98597767    0.99316373    1.02150310    1.03697450    0.99881013    0.98068627    0.98383865    1.05915253    1.01003414    1.19033476    1.04014044    1.00463320    1.04805254    1.11004755    1.07019032    1.03624074    1.13497605    1.08984652    1.08967079    1.03126673    1.11392586    1.02880714    0.99153730    0.94337000    1.06931293    0.94265385    0.90898633    0.89581892    0.90835620    0.92619826    0.89211802    0.85215543    0.91256499    1.13261012    1.60989232    1.40946838    1.45338585    1.42481933    1.46156358    1.41380136    1.37184858    1.42946086    1.40382969    1.32423344    1.85874727    2.91129046    2.77168716    1.60102643    1.36662285    1.32047311    1.69642479    1.81202410    1.61867314    1.71974124    1.64884884    1.78417804    1.87067066    1.83785703    1.66090101    1.70085481    1.68647215    1.63042047    1.64561233    1.75862545    1.92268630    1.63427406    1.60128695    1.63776528    1.85255086    1.35561442    1.00928087    1.01815364    0.88705487
F0XNF8_GROCL/235-725     0.48240960    0.48679573    0.45546113    0.00000000    0.41243679    0.37243231    0.44940408    0.42674285    0.51451541    0.57844677    0.69935725    0.56187940    0.55197672    0.64967262    0.56622600    1.05603322    1.02611471    1.05814578    1.06334775    1.04419649    0.82309819    0.80278606    0.87420672    0.69921532    0.61525292    0.81941342    0.77385799    0.97586264    0.85700028    0.94585320    0.91068417    0.97422983    0.96391926    0.91934729    0.91412554    0.87308213    0.89383624    0.94378782    0.91458255    1.14699942    1.04099779    1.03978205    1.08205687    1.12217751    1.06523897    1.02757219    1.03764770    1.07047447    1.02800577    0.93357789    1.00242773    0.95578314    0.89628737    0.87485940    1.06735276    0.89364931    0.86211513    0.85906077    0.87146727    0.95397279    0.83960634    0.84741333    0.81572374    1.14714681    1.49624512    1.41309085    1.43425430    1.30334067    1.44462674    1.39641762    1.39123340    1.37981433    1.35352266    1.32677092    1.80549226    2.89232671    2.88384407    1.63293386    1.25165477    1.24957327    1.72110611    1.75486025    1.55874814    1.62584176    1.59859506    1.79845300    1.89271534    1.78424395    1.61093265    1.63715597    1.62934159    1.55026870    1.56784149    1.74367728    1.84854590    1.65525297    1.53425536    1.71081331    1.76869536    1.26775815    0.93906197    0.95275443    0.83317013
ATG9_NEUCR/185-675     0.51710863    0.55325276    0.46341014    0.41243679    0.00000000    0.30132236    0.41696579    0.49431592    0.57198725    0.62896361    0.75807378    0.63461483    0.61205328    0.69163445    0.61585471    1.06143429    1.05957825    1.08531399    1.04885900    1.03197914    0.87653322    0.80696086    0.92144889    0.73695042    0.67570082    0.85252227    0.75377670    0.93518596    0.81482046    0.91680584    0.84604136    0.93048776    0.92495268    0.90122987    0.86199609    0.85545889    0.83905473    0.89637671    0.86345614    1.11753623    1.01156843    0.98220547    0.99346700    1.05048797    1.01290198    0.97070234    1.00095792    0.97713183    0.97949729    0.95158782    1.04490218    1.00369131    0.96991125    0.91572823    1.12047162    0.90445817    0.85040094    0.86776499    0.88847861    0.90815356    0.83944829    0.88092450    0.85193776    1.10969417    1.49412043    1.32299145    1.32882103    1.32968783    1.38705922    1.30980237    1.29388453    1.31394660    1.29972652    1.31858587    1.77577426    2.81829499    2.80407023    1.60552495    1.27620463    1.28264103    1.63619580    1.75741926    1.57201199    1.65748253    1.56907369    1.75903783    1.76578640    1.73748665    1.57405848    1.63821991    1.61837055    1.60006970    1.50462757    1.73851514    1.85701237    1.63564600    1.59123301    1.62757634    1.87283644    1.35031715    0.97141697    0.98620994    0.81788959
G2R731_THETT/183-672     0.50042872    0.51005166    0.50445319    0.37243231    0.30132236    0.00000000    0.30225129    0.47889324    0.57751154    0.65286723    0.78849074    0.64140502    0.63164249    0.70376464    0.59530585    1.06594967    1.05901457    1.10424634    1.02601470    1.01701976    0.85338458    0.80266834    0.90736527    0.73459863    0.67692998    0.91618107    0.81986136    1.00153160    0.87322828    0.94590984    0.90161778    1.00823205    0.94376217    0.96443782    0.92101347    0.91230107    0.90212651    0.95065255    0.93709772    1.17094087    1.07434033    1.05427652    1.07830858    1.10275705    1.04333606    1.04182121    1.05651764    1.01762790    1.05208792    0.97116713    1.08025401    1.01680645    0.99683351    0.90977124    1.09715264    0.97814388    0.88826592    0.89402291    0.89960205    0.89731042    0.85143541    0.85445067    0.91175219    1.14997438    1.62731146    1.45309661    1.48207125    1.36832951    1.47680247    1.42545348    1.46172193    1.39058053    1.44683251    1.39617976    1.79136490    2.90753564    2.84270319    1.59498996    1.36103105    1.33052219    1.80697989    1.83762942    1.64808464    1.75312497    1.67495100    1.82980537    1.88280969    1.88380230    1.69357597    1.76935416    1.74649239    1.72268994    1.65746973    1.86584903    1.89089947    1.67305861    1.65158524    1.68545347    1.92588552    1.37127638    1.04741022    1.05391870    0.88480121
G2QHZ9_MYCTT/180-669     0.60158626    0.55945263    0.55856053    0.44940408    0.41696579    0.30225129    0.00000000    0.53116071    0.65015126    0.70184804    0.80420763    0.70523322    0.68024274    0.75285506    0.67343517    1.09748254    1.08773523    1.08071734    1.09986971    1.06748136    0.82796353    0.84665911    0.90678414    0.78305560    0.76707207    0.94429465    0.86921798    1.00494516    0.91553766    1.01722047    0.96680267    1.06073808    1.01643870    1.01444841    1.01343283    1.01766174    0.97300729    1.00858187    0.96852140    1.19794442    1.12886886    1.08891116    1.10550694    1.13740898    1.10165713    1.03998294    1.08810433    1.06484068    1.08119671    0.98863367    1.09784425    1.06259104    1.01223489    0.96688483    1.09031430    0.99677618    0.90859153    0.94170320    0.94385471    0.96681058    0.90396412    0.90364368    0.88682901    1.14023680    1.59276724    1.40532797    1.44045353    1.38802613    1.53127080    1.42188559    1.42979295    1.40055152    1.43558360    1.42071224    1.88305984    2.84332621    2.84033808    1.64833283    1.37290546    1.36425119    1.76470982    1.86018324    1.69900732    1.74946880    1.66046289    1.85956881    1.91792971    1.90268610    1.65448077    1.76561810    1.71218939    1.72211707    1.68068304    1.86235602    1.96490224    1.72781742    1.65548628    1.78780543    1.99033172    1.37433661    1.04005243    1.11537741    0.88143055
A0A0C4DUI7_MAGP6/192-681     0.57345900    0.56423136    0.54676185    0.42674285    0.49431592    0.47889324    0.53116071    0.00000000    0.61971306    0.66212667    0.75558382    0.65275568    0.64428944    0.73320817    0.69381789    0.99824238    1.03349233    1.06792783    1.06410739    1.10359961    0.85756851    0.79701135    0.85872711    0.79089093    0.72760749    0.90920110    0.85469979    1.00141451    0.93445271    1.03190529    0.97835921    0.98219756    1.03163619    1.00311186    0.98155446    0.95002050    0.95592845    0.98026917    1.00104126    1.18620378    1.06183657    1.05064710    1.06008540    1.12443530    1.04379233    1.03110966    1.07382396    1.05722661    1.05122835    0.99291213    1.08396383    1.00899942    0.95579032    0.93277410    1.07034777    0.90778944    0.93475764    0.90134313    0.92909322    0.93575332    0.92058309    0.89442516    0.87094719    1.08780808    1.59485891    1.36319077    1.52010825    1.32145478    1.42173215    1.36560705    1.39678079    1.39286236    1.33831037    1.27851803    1.82458177    2.89651037    2.75636360    1.51988845    1.33656320    1.27711161    1.62080556    1.63081458    1.53838243    1.53145411    1.51059017    1.72630952    1.77938508    1.76069598    1.55990795    1.64279516    1.56845739    1.49983304    1.54835791    1.62607068    1.75819521    1.50920255    1.42109957    1.54534186    1.77647881    1.29376352    1.02923264    1.03358693    0.86339099
L8G8B9_PSED2/93-582     0.57836453    0.62518559    0.59517783    0.51451541    0.57198725    0.57751154    0.65015126    0.61971306    0.00000000    0.42826981    0.67236330    0.49127625    0.41877939    0.57661386    0.42475914    0.91673735    0.90547674    0.92901464    0.97232522    0.93485750    0.75457064    0.71873463    0.79482129    0.64876341    0.60612635    0.80808069    0.71282887    0.93613286    0.85102425    0.92835081    0.87439915    0.95293571    0.93004897    0.91437758    0.88235040    0.87807851    0.85100276    0.92935521    0.90481083    1.11230111    0.97051893    0.97406934    0.99957208    1.01628486    1.02124413    0.98176510    0.95666052    0.96937723    1.00869602    0.80212742    1.04548568    0.97711838    0.93222380    0.88007854    1.03204868    0.91712438    0.80059895    0.82565577    0.84632576    0.86551088    0.81670776    0.74873968    0.79429255    1.11167492    1.60270660    1.42074951    1.43375205    1.36922743    1.45510608    1.45714773    1.43158992    1.38434227    1.43105967    1.31172672    1.75029442    2.84565260    2.80453333    1.58007520    1.33506060    1.27335772    1.72487560    1.76424725    1.66855486    1.63723209    1.62290215    1.76064745    1.79600139    1.77751639    1.64549891    1.68758421    1.66645294    1.61521902    1.62272239    1.69035928    1.87709133    1.57395402    1.58806746    1.68156079    1.76030775    1.24548288    0.84405579    0.92245291    0.78552067
ATG9_SCLS1/212-704     0.59392005    0.71012202    0.63938248    0.57844677    0.62896361    0.65286723    0.70184804    0.66212667    0.42826981    0.00000000    0.61767520    0.39424825    0.33157579    0.69937748    0.53845810    1.00554422    0.98355421    1.03996045    1.04391685    1.02575786    0.85014375    0.79628551    0.87022163    0.68918366    0.65844206    0.80239910    0.78616799    0.92424849    0.89460338    0.93807574    0.89449721    0.94441783    0.99574909    0.96358976    0.88548525    0.89626056    0.90454873    0.92588774    0.91896960    1.08217165    0.98125940    0.96797788    1.03383203    1.00070558    0.99231183    1.01539121    1.02482887    1.01684897    1.03933836    0.90196439    1.03831135    0.96549284    0.99818667    0.87552736    1.03286968    0.92886094    0.90657829    0.83101332    0.89490180    0.91629927    0.86607839    0.79879127    0.81263248    1.07449154    1.65606512    1.31271755    1.40277173    1.33334030    1.42203892    1.36368334    1.31001445    1.29942468    1.34099813    1.28140793    1.71590218    2.82345401    2.82551924    1.61623354    1.34723606    1.25601150    1.59828267    1.69290226    1.55091666    1.53423169    1.48485031    1.71136271    1.80109286    1.73517782    1.56730862    1.64434681    1.51518755    1.55061577    1.53299254    1.67138384    1.79519470    1.49188276    1.49033039    1.64159567    1.65194124    1.21101744    0.90443727    0.90227884    0.84520928
S3DBG6_GLAL2/201-691     0.75409150    0.81559247    0.75278550    0.69935725    0.75807378    0.78849074    0.80420763    0.75558382    0.67236330    0.61767520    0.00000000    0.61936062    0.57308153    0.82884272    0.73854223    1.07542255    1.06914019    1.18119241    1.12162473    1.13533742    0.96010058    0.94963158    0.92277771    0.81018499    0.80759234    0.97886419    0.93057966    1.10905935    1.01567675    1.16319970    1.05982730    1.10021484    1.18741719    1.09821689    1.06098945    1.01735319    1.03089680    1.07726234    1.03593761    1.24501584    1.12232509    1.15299121    1.20702672    1.18678137    1.18296672    1.13685048    1.16718438    1.13046018    1.13898775    1.00124537    1.22415530    1.10056786    1.14221393    1.04614363    1.17415686    1.02402258    1.01410255    1.00185230    0.97792228    0.99703590    0.94278231    0.96268794    1.01977047    1.27302106    1.79808400    1.64319238    1.69888121    1.51455786    1.64004201    1.64810014    1.56935805    1.59324922    1.58708148    1.52761300    1.94795615    2.95212731    2.88679141    1.85413731    1.49947741    1.43235712    1.77319519    1.86401218    1.75174264    1.78058201    1.79862497    1.84348773    1.92625532    1.84500329    1.66702594    1.72969976    1.72052355    1.66840542    1.73122781    1.71151203    1.80373108    1.74966142    1.69229964    1.81920029    1.81593131    1.44108101    1.15540443    1.20408372    1.05204632
N1J899_BLUG1/201-661     0.59104156    0.68322820    0.65084549    0.56187940    0.63461483    0.64140502    0.70523322    0.65275568    0.49127625    0.39424825    0.61936062    0.00000000    0.34414560    0.63610033    0.53166238    1.00153409    0.98909855    1.07860849    1.09368308    1.01960061    0.89892896    0.83566278    0.82416849    0.68517814    0.65942719    0.82674089    0.78493807    0.98949639    0.88157916    0.95930842    0.91226347    0.96963701    0.98692106    0.95799557    0.92646389    0.88003824    0.90291507    0.95954222    0.90484996    1.13114202    1.03276822    1.00284208    1.04958951    1.04029660    1.03609802    1.03540537    1.03206514    0.99465582    0.99431764    0.88787533    1.08314962    1.01457470    0.94068403    0.86299616    1.03353780    0.93085909    0.90057429    0.85251549    0.90325128    0.88568695    0.87349870    0.76933331    0.84232936    1.19413955    1.54221275    1.41242445    1.45046889    1.41680109    1.53606298    1.40544360    1.42059510    1.41171499    1.44936095    1.26039175    1.66988388    2.84639307    2.99355742    1.56621026    1.28887863    1.26917592    1.67501073    1.75107842    1.56390051    1.54011139    1.52912322    1.70545365    1.75838077    1.81204075    1.55086556    1.67251171    1.54880100    1.57197369    1.62038646    1.67441839    1.77903163    1.49005186    1.55210496    1.66869943    1.83614658    1.15657734    0.91887847    0.85904436    0.83545838
K1WM64_MARBU/196-685     0.57444744    0.63731469    0.60278351    0.55197672    0.61205328    0.63164249    0.68024274    0.64428944    0.41877939    0.33157579    0.57308153    0.34414560    0.00000000    0.64105694    0.50477831    0.93124850    0.91900222    1.02232532    0.96145562    0.99454089    0.83118475    0.77253804    0.87052893    0.72347655    0.67956512    0.81216806    0.74189229    0.93817113    0.85005201    0.90850162    0.86821271    0.91661548    0.98368484    0.89799985    0.88458016    0.86453964    0.85717863    0.91523113    0.88932079    1.16651914    1.03918213    1.00261127    1.08803610    1.06374610    1.03847268    1.01406234    1.01307657    0.99297770    1.00257477    0.85595042    1.04353657    0.98561124    0.96699166    0.87469396    1.06509495    0.87843854    0.86018658    0.82664612    0.85172839    0.85099321    0.82602330    0.75361484    0.82945969    1.15752893    1.61843083    1.36519309    1.40269459    1.43772587    1.44357241    1.38206282    1.34662469    1.37578860    1.39872912    1.33550199    1.76138147    2.83522445    2.96586175    1.63454241    1.40180399    1.30033469    1.63307995    1.73977121    1.60693202    1.57185648    1.55513275    1.72150280    1.80953534    1.76256703    1.57182643    1.73760828    1.56972302    1.52749926    1.57385860    1.72437054    1.82733648    1.50341832    1.53588725    1.65819412    1.74264859    1.28161244    0.94922353    0.91984142    0.85879568
H6C4W6_EXODN/223-711     0.74151363    0.75602773    0.74033383    0.64967262    0.69163445    0.70376464    0.75285506    0.73320817    0.57661386    0.69937748    0.82884272    0.63610033    0.64105694    0.00000000    0.44453983    0.92706104    0.94557183    0.97910850    0.93638793    0.95494376    0.80275700    0.72599661    0.81065677    0.70165439    0.65820719    0.85168683    0.75819061    0.95902178    0.87848821    0.94940448    0.91207246    0.91589274    0.93962983    0.93470157    0.91842858    0.89202772    0.92158092    0.97172164    0.93332342    1.11385397    1.05614624    1.03487868    1.04928608    1.09004640    1.03723417    1.05336129    1.05243391    0.95865583    0.98766863    0.88647677    1.02216461    0.96238736    0.98220113    0.93310138    1.10768376    0.93031176    0.88188183    0.84602276    0.88519905    0.87829899    0.85306656    0.77982367    0.86976392    1.12461452    1.60126592    1.43186045    1.47463943    1.39975759    1.44411108    1.43552783    1.40986551    1.47476422    1.43125623    1.30703238    1.74898133    2.74460539    2.84791846    1.55892758    1.33604863    1.27750876    1.71759812    1.77139226    1.66639487    1.68213372    1.59228311    1.81937953    1.83165650    1.76880456    1.59943802    1.62680988    1.58333113    1.59799055    1.66318178    1.83538582    1.87585298    1.66215530    1.54797403    1.66727679    1.70971636    1.21828470    0.95764808    1.02772505    0.85207247
ATG9_ASPFU/209-698     0.62762280    0.65593085    0.62973063    0.56622600    0.61585471    0.59530585    0.67343517    0.69381789    0.42475914    0.53845810    0.73854223    0.53166238    0.50477831    0.44453983    0.00000000    0.79535331    0.81975768    0.80146824    0.84066891    0.84213183    0.76023080    0.64066314    0.70855451    0.57045928    0.54916152    0.66301339    0.59385042    0.82855015    0.74812692    0.78999081    0.75833581    0.81243224    0.84908667    0.73122210    0.76033434    0.77173102    0.73717358    0.78386850    0.77296291    1.03667430    0.95008197    0.91473816    0.92226633    0.96781980    0.95375740    0.93796505    0.92271971    0.87900479    0.92000256    0.79064759    0.93681907    0.84455425    0.87925866    0.72821371    0.91373778    0.84165255    0.70695763    0.69362548    0.75538149    0.78321135    0.69886929    0.66291845    0.78682324    1.09391428    1.55430032    1.42094855    1.39791874    1.36296424    1.39437166    1.37311901    1.35406570    1.38109381    1.39748052    1.24654414    1.65213410    2.81964795    2.89089608    1.50193173    1.20322161    1.18688194    1.66445017    1.70662288    1.59806176    1.61093962    1.56140246    1.73798061    1.79816781    1.71918128    1.58340577    1.60422986    1.59598369    1.60419800    1.54866217    1.75683693    1.84514263    1.59348164    1.57637986    1.68510072    1.76335264    1.17827335    0.84017073    0.86174811    0.68497174
M2MW99_BAUPA/8-497     1.06748601    1.03560366    1.00238452    1.05603322    1.06143429    1.06594967    1.09748254    0.99824238    0.91673735    1.00554422    1.07542255    1.00153409    0.93124850    0.92706104    0.79535331    0.00000000    0.33604370    0.40642698    0.50879504    0.42744120    0.94149129    0.82157698    1.01537798    1.04347410    1.00478177    1.06034019    1.03709461    1.17655731    1.12736475    1.19991145    1.14351503    1.13997408    1.20698796    1.14410967    1.10495578    1.12378684    1.12305042    1.19575080    1.18664126    1.29117757    1.26461758    1.18847659    1.23131812    1.23046924    1.21870035    1.22188621    1.23050384    1.16956624    1.16545020    1.06315294    1.21617845    1.18877382    1.20337658    1.12293349    1.26806017    1.10485630    1.15191035    1.07063873    1.11847291    1.13587995    1.07245028    1.02226869    1.05903707    1.33722374    1.75426401    1.52276674    1.56448066    1.56913068    1.63472972    1.64777780    1.57154991    1.60893181    1.60788549    1.45730768    2.06590331    2.75421809    2.71340831    1.73411110    1.51485515    1.44935482    1.88869664    1.95961698    1.83854933    1.77690705    1.82097173    1.91043625    2.08228216    2.01293347    1.71873329    1.87631562    1.82134600    1.79414384    1.81996925    1.93333905    1.93402044    1.64844641    1.78715877    1.83305637    2.05380829    1.40376951    1.21397380    1.20865229    1.03253031
N1PIV0_DOTSN/170-663     1.07746181    1.10644441    1.01625362    1.02611471    1.05957825    1.05901457    1.08773523    1.03349233    0.90547674    0.98355421    1.06914019    0.98909855    0.91900222    0.94557183    0.81975768    0.33604370    0.00000000    0.35111847    0.40865283    0.36445839    0.98431615    0.86914963    1.05630740    1.04999479    1.04104127    1.07063494    1.08883531    1.22968401    1.15914693    1.22283636    1.19449375    1.19428974    1.25817942    1.17340697    1.20252350    1.17970008    1.17014140    1.16833264    1.20299224    1.35706134    1.25513510    1.20644726    1.27131819    1.26488705    1.23459947    1.24878857    1.23753602    1.25346738    1.26354343    1.12687661    1.26188322    1.14723590    1.21285462    1.13025166    1.30562725    1.14824351    1.14127265    1.07521293    1.11820590    1.12123792    1.07760296    1.06596287    1.03091999    1.24777355    1.79247695    1.57465250    1.54344008    1.57765247    1.68541722    1.62419837    1.62518385    1.63877436    1.57826243    1.47587077    2.02027843    2.85098118    2.75592164    1.87308690    1.61986069    1.53535461    1.85294047    1.97293791    1.82824239    1.84383764    1.90812895    2.00457058    2.05900541    1.95719973    1.78282785    1.93639608    1.81882784    1.83251530    1.78978745    2.02656100    2.00602869    1.68746426    1.79279504    1.75164659    2.08911011    1.35411425    1.17194792    1.24596650    1.08460449
F9XDQ1_ZYMTI/156-645     1.12269525    1.11113931    1.11318461    1.05814578    1.08531399    1.10424634    1.08071734    1.06792783    0.92901464    1.03996045    1.18119241    1.07860849    1.02232532    0.97910850    0.80146824    0.40642698    0.35111847    0.00000000    0.50601376    0.43461101    1.02694412    0.90855493    1.02661251    1.05751869    1.00950117    1.01520254    0.98454797    1.17196711    1.12289516    1.19181556    1.12161661    1.11881257    1.22329207    1.14006081    1.15747933    1.14925227    1.12335229    1.13323631    1.14871277    1.33945313    1.34701128    1.23018315    1.31623366    1.32114160    1.26088156    1.30034263    1.24908300    1.23165310    1.31570453    1.08935230    1.26154733    1.18882603    1.19503933    1.09987809    1.26200429    1.12929961    1.09541092    1.02925617    1.07707585    1.12421005    1.04453012    1.04583147    1.01721099    1.36848398    1.83975369    1.58345987    1.63247992    1.64975841    1.73533374    1.72098642    1.66770696    1.72342199    1.65596682    1.52954740    1.99055910    2.96506583    2.90396783    1.86756157    1.58106585    1.49779381    1.93140475    2.04290550    1.91421965    1.92622129    1.87394993    2.04044300    2.14965671    1.92136174    1.84129142    1.94348368    1.91110108    1.89750221    1.83259923    2.07258684    2.10681054    1.69329897    1.82123247    1.74611778    2.03901469    1.44324809    1.24723620    1.25180206    1.03655338
M3AXZ1_SPHMS/187-677     1.12904951    1.10998025    1.08215319    1.06334775    1.04885900    1.02601470    1.09986971    1.06410739    0.97232522    1.04391685    1.12162473    1.09368308    0.96145562    0.93638793    0.84066891    0.50879504    0.40865283    0.50601376    0.00000000    0.42190468    1.05325901    0.90914057    1.10197374    1.08219802    1.09716288    1.11857044    1.08932522    1.26168333    1.21800285    1.26855566    1.25185043    1.21195334    1.26075211    1.20514960    1.24683026    1.18046745    1.15374316    1.24410616    1.26059492    1.38422133    1.37400080    1.27870448    1.27259255    1.34323222    1.33478254    1.32622295    1.27262449    1.22615660    1.30849334    1.13187814    1.29794815    1.20461448    1.23763504    1.10436659    1.26520377    1.10737524    1.17856757    1.11288324    1.13101857    1.14526002    1.10223032    1.10437274    1.11966447    1.39451508    1.72027738    1.49162204    1.49045603    1.54994449    1.63908219    1.64257157    1.64664955    1.66254133    1.60023696    1.47988418    1.93725193    2.64244517    2.57221105    1.73726030    1.54885210    1.45799250    1.90662405    1.96629118    1.90180402    1.93314622    1.99666136    2.02104444    2.10756014    1.95349957    1.80519458    1.82392366    1.90740022    1.82291390    1.85759364    2.07649720    2.01521297    1.77622564    1.85512432    1.83844404    2.14137324    1.39046067    1.30715978    1.33821285    1.07837764
M3AV60_PSEFD/8-499     1.03274653    1.02065253    1.01463065    1.04419649    1.03197914    1.01701976    1.06748136    1.10359961    0.93485750    1.02575786    1.13533742    1.01960061    0.99454089    0.95494376    0.84213183    0.42744120    0.36445839    0.43461101    0.42190468    0.00000000    0.99876141    0.94719631    1.05427469    1.05265464    1.00859404    1.10500511    1.03801415    1.17628902    1.17308024    1.24220195    1.20453583    1.24803631    1.19565133    1.15627866    1.16129798    1.17009945    1.16979035    1.22295726    1.21132537    1.37735919    1.29775508    1.26239253    1.29791186    1.27427037    1.25181695    1.25437141    1.24883468    1.25425366    1.32300460    1.10622927    1.26328215    1.16671934    1.16822707    1.14314114    1.30609863    1.16992536    1.16538050    1.10559382    1.14235998    1.15237179    1.08497482    1.06660583    1.09317119    1.37222784    1.82693409    1.50477862    1.56881270    1.69473383    1.73952989    1.67364078    1.63328899    1.67002477    1.66260080    1.54509265    1.97134087    2.92531889    2.73971375    1.84747377    1.54423093    1.51212488    1.91489823    1.99700152    1.89741093    1.86269108    1.88167978    2.12013627    2.18006943    2.05829924    1.83277461    1.89151247    1.90346130    1.87651843    1.82988259    2.10193909    2.14707751    1.73824974    1.84668553    1.82867721    2.07802306    1.41192239    1.22670788    1.26277142    1.06256284
E5ACR3_LEPMJ/200-690     0.89019301    0.87786769    0.94116826    0.82309819    0.87653322    0.85338458    0.82796353    0.85756851    0.75457064    0.85014375    0.96010058    0.89892896    0.83118475    0.80275700    0.76023080    0.94149129    0.98431615    1.02694412    1.05325901    0.99876141    0.00000000    0.72335666    0.78894968    0.99530242    0.85555718    1.05297349    0.91176536    1.14389119    1.04158873    1.20189748    1.10817366    1.12523530    1.12370552    1.09682660    1.06156587    1.07124667    1.10362070    1.10168556    1.06512621    1.32084197    1.24525439    1.17773976    1.29975335    1.24951900    1.19865399    1.19424904    1.18141146    1.10038470    1.11171377    0.97839902    1.19730021    1.13246597    1.11558765    1.01669939    1.14642023    1.01960765    1.02866742    0.96890772    0.99288020    0.99865102    0.99539269    0.96402480    0.95232243    1.30198884    1.85048939    1.56437305    1.60420709    1.63019383    1.65835419    1.60718671    1.59210911    1.54911030    1.57169304    1.45170272    1.90082325    2.86343652    2.69015739    1.77370842    1.43882239    1.42274339    1.95595123    1.87134446    1.72103292    1.84543648    1.79188847    1.96779699    2.03931824    1.96888308    1.82247312    1.93907787    1.81620379    1.70873432    1.79677087    1.91681424    1.85447710    1.72406660    1.64565452    1.81422282    1.92010696    1.45792557    1.25798422    1.25311885    0.99544130
R7YPT8_CONA1/182-671     0.85601837    0.87854768    0.82185812    0.80278606    0.80696086    0.80266834    0.84665911    0.79701135    0.71873463    0.79628551    0.94963158    0.83566278    0.77253804    0.72599661    0.64066314    0.82157698    0.86914963    0.90855493    0.90914057    0.94719631    0.72335666    0.00000000    0.66035726    0.81610350    0.79650521    0.97833894    0.96640116    1.16935264    1.02530595    1.12690529    1.05368549    1.08076184    1.09239326    1.07250125    1.07003270    1.07908589    1.08490833    1.11773019    1.08448840    1.24622401    1.17934020    1.17038350    1.19887340    1.17042451    1.15036442    1.18232873    1.14546411    1.16023676    1.16288677    0.97075705    1.15380675    1.08778766    1.10123764    0.99852414    1.17813298    1.01149200    0.97879555    0.94443987    1.01500912    0.95661235    0.98384331    0.92507865    0.99485329    1.24554126    1.66454221    1.44996529    1.55530662    1.50821861    1.51847318    1.46456900    1.43350470    1.48910185    1.45234532    1.34410439    1.76799868    2.84129417    2.76372804    1.66457123    1.40397819    1.38976772    1.84301708    1.80195377    1.65938350    1.70360267    1.67900455    1.80437005    1.81939485    1.81868956    1.62044664    1.78019901    1.71210058    1.73096258    1.65968606    1.80606932    1.86160232    1.63045893    1.70033207    1.77804086    1.87039043    1.25084745    1.09424644    1.10855140    0.99178092
K2R5H3_MACPH/106-596     0.94127399    0.98710958    0.92988970    0.87420672    0.92144889    0.90736527    0.90678414    0.85872711    0.79482129    0.87022163    0.92277771    0.82416849    0.87052893    0.81065677    0.70855451    1.01537798    1.05630740    1.02661251    1.10197374    1.05427469    0.78894968    0.66035726    0.00000000    0.92678114    0.84912161    0.96970116    0.93320953    1.06171267    0.99822052    1.09683106    1.03492210    1.02701487    1.02108998    1.00118073    0.99745796    0.98953131    1.00758200    1.03604539    1.03102040    1.27526944    1.20432319    1.17447452    1.24183837    1.20051428    1.16017076    1.18676733    1.20091074    1.12373422    1.16915800    1.04404723    1.22941932    1.22569638    1.12628853    1.03277223    1.16749078    1.01949808    1.03736577    0.98651746    0.98890258    1.03883386    1.00357110    0.88961152    1.06602315    1.21260419    1.78230488    1.46396755    1.59764365    1.52310605    1.56302772    1.56594651    1.56310241    1.59567662    1.56676787    1.42896825    1.90780938    2.94251391    2.80842791    1.62663740    1.43418244    1.32462878    1.84259467    1.77944628    1.66962294    1.74878439    1.73724370    1.99232623    2.04883871    1.70985211    1.59867708    1.78157772    1.65921106    1.62872665    1.75938931    1.77151038    1.88811073    1.64172596    1.66135498    1.75797487    1.80375631    1.42220545    1.12204708    1.23672946    1.04602466
D5G546_TUBMM/202-689     0.76500057    0.86859593    0.79850493    0.69921532    0.73695042    0.73459863    0.78305560    0.79089093    0.64876341    0.68918366    0.81018499    0.68517814    0.72347655    0.70165439    0.57045928    1.04347410    1.04999479    1.05751869    1.08219802    1.05265464    0.99530242    0.81610350    0.92678114    0.00000000    0.62879921    0.83310543    0.74151824    0.89546470    0.84092379    0.91050215    0.88418461    0.92514966    0.92768955    0.90137082    0.90117043    0.86341647    0.86962285    0.90913965    0.89622033    1.11028679    1.03528424    0.99078270    1.02356674    1.03097438    0.98580642    0.93326583    1.02880340    0.99701861    1.09349084    0.87187166    1.05556578    0.90720143    0.95791606    0.88770400    1.07787549    0.93113934    0.86669594    0.85676761    0.83711455    0.84960417    0.80832325    0.72368043    0.79851616    1.12915610    1.64573599    1.41724851    1.41052588    1.41392929    1.48432680    1.49387713    1.46120400    1.50884726    1.45454697    1.29063063    1.74924614    2.80378778    2.81918152    1.64991439    1.25348962    1.22754332    1.59744690    1.61748069    1.58593252    1.59587723    1.55950787    1.61327553    1.76821479    1.70086279    1.56953320    1.65915498    1.65380332    1.57018146    1.60442277    1.68318503    1.79152558    1.51781488    1.52705001    1.61244298    1.68162658    1.13104639    0.91187974    1.02813261    0.84357744
S8C0D7_DACHA/222-671     0.70676391    0.77142328    0.72433733    0.61525292    0.67570082    0.67692998    0.76707207    0.72760749    0.60612635    0.65844206    0.80759234    0.65942719    0.67956512    0.65820719    0.54916152    1.00478177    1.04104127    1.00950117    1.09716288    1.00859404    0.85555718    0.79650521    0.84912161    0.62879921    0.00000000    0.73489325    0.65789899    0.81166534    0.72203494    0.77205891    0.75338416    0.81921916    0.82788037    0.77769864    0.75826299    0.76335076    0.82012061    0.82491901    0.79771295    1.00161721    0.92274201    0.92650202    0.91709910    0.95752690    0.94761529    0.96865590    0.92113912    0.91908987    0.94610080    0.79229410    0.93430161    0.86875120    0.87455181    0.73843166    0.96136434    0.84734936    0.76733199    0.74072658    0.77950269    0.78122690    0.71015613    0.74512821    0.74868446    1.01990350    1.50377927    1.34038356    1.40725586    1.35226676    1.35614632    1.30293557    1.32054561    1.31241582    1.27125085    1.22889628    1.51509867    2.54751537    2.73109377    1.53534134    1.14365914    1.10310507    1.70497970    1.67439492    1.54446984    1.55419311    1.54554764    1.75674239    1.76360917    1.67763725    1.58384479    1.60544961    1.64136305    1.54901818    1.53195901    1.74916027    1.82627774    1.52712283    1.49168255    1.56813764    1.65369987    1.15250837    0.88187580    0.86102101    0.79336553
ATG9_YARLI/148-632     0.91064537    0.90626809    0.89704320    0.81941342    0.85252227    0.91618107    0.94429465    0.90920110    0.80808069    0.80239910    0.97886419    0.82674089    0.81216806    0.85168683    0.66301339    1.06034019    1.07063494    1.01520254    1.11857044    1.10500511    1.05297349    0.97833894    0.96970116    0.83310543    0.73489325    0.00000000    0.68308461    0.86163252    0.82667544    0.88931255    0.88118347    0.83268229    0.93135401    0.81270837    0.84789194    0.83163710    0.84509735    0.85759608    0.82716949    1.06888932    0.97257387    1.00630436    1.00196440    1.02721270    0.99565060    0.95269025    0.99584173    0.94999149    0.90126654    0.85084812    0.98056973    0.95663300    0.89391049    0.79826463    1.02812439    0.91727506    0.82103117    0.81595409    0.86202292    0.84081464    0.76253803    0.88196945    0.80159876    1.13984857    1.63073520    1.30309813    1.39555716    1.40054097    1.39519489    1.39438505    1.44550856    1.43240771    1.39194076    1.32751275    1.54399337    2.75667600    2.74361072    1.42318369    1.30941831    1.24870543    1.66824706    1.77742862    1.62764629    1.67256141    1.59300023    1.64019575    1.71291942    1.61595876    1.60915659    1.57949584    1.60709167    1.51919710    1.48699009    1.78121367    1.79853908    1.51797535    1.49238957    1.58071841    1.76408312    1.14423876    0.90750410    0.97419421    0.80375675
K0KR50_WICCF/228-710     0.87226399    0.89098636    0.85725512    0.77385799    0.75377670    0.81986136    0.86921798    0.85469979    0.71282887    0.78616799    0.93057966    0.78493807    0.74189229    0.75819061    0.59385042    1.03709461    1.08883531    0.98454797    1.08932522    1.03801415    0.91176536    0.96640116    0.93320953    0.74151824    0.65789899    0.68308461    0.00000000    0.54562025    0.46881627    0.56536363    0.54883906    0.55216574    0.63757085    0.53920985    0.51143251    0.50716003    0.56673168    0.53406198    0.51705786    0.86711895    0.78745084    0.78870661    0.77490468    0.76052042    0.76360088    0.73567410    0.75001859    0.74230550    0.75361014    0.84056311    0.95824626    0.88065987    0.86692069    0.82585021    1.00743679    0.90349223    0.83402045    0.82172589    0.84793112    0.87603391    0.78439092    0.76202548    0.82840678    1.14834409    1.61427551    1.37388292    1.38638489    1.41720051    1.47635240    1.35761801    1.40284443    1.43608977    1.38753230    1.29022168    1.67772901    2.84955088    2.68030785    1.62118705    1.21621433    1.13641580    1.70588116    1.66364491    1.46839220    1.60313668    1.55633651    1.86085086    1.83371638    1.72947470    1.56629061    1.57463712    1.53601510    1.49145454    1.56434582    1.73072632    1.77845442    1.55986275    1.52458793    1.60058967    1.70075139    1.31387596    0.92466651    1.00648934    0.79179576
