123
M9LZX5_PSEA3/297-542     0.00000000    0.49084349    0.60637949    1.84126178    1.59704064    1.47723943    1.23438969    1.39197743    1.28158596    1.26873678    1.44538634    1.33336911    1.30390799    1.36760951    1.84945243    1.69728783    1.55746944    1.50117099    1.69807103    1.77667177    1.64468202    1.66285951    1.69051828    1.54144735    1.55441176    1.54716730    1.65677804    1.57643134    1.61808038    1.60726892    1.69069009    1.67040505    1.50577449    1.60867605    1.48638128    1.46458861    1.52289185    1.51733733    1.35952154    1.43353207    1.37292058    1.61638757    1.60794536    1.31703813    1.43653554    1.56016361    1.59274502    1.49655175    1.62186042    1.39526144    1.41392223    1.51480208    1.26714674    1.38582010    1.57311969    1.50835782    1.64211147    1.72389827    1.71752912    1.67776910    1.65463564    1.65247771    1.84601676    1.73227358    1.66657367    1.55903036    1.36741345    1.64149870    1.67545244    1.37794736    1.41082680    1.47223794    1.38969580    1.35000316    1.32502392    1.46991808    1.57176394    1.66268212    1.62197707    1.58695555    1.55772549    1.68230399    1.93719949    1.68953710    1.57646928    1.78058267    1.94950878    2.02790247    1.81087466    2.10285314    2.31106642    2.28134376    1.83812880    2.43213682    2.05484118    2.07451532    1.69453884    1.67286756    1.60126153    1.66695128    1.82286358    1.74982896    1.89023392    1.60899279    2.02551480    2.11630460    2.20367034    2.04893679    1.94544722    2.00256027    1.69894026    1.87736629    1.96979751    1.84992337    1.83580652    1.97484794    1.85929901    1.91796510    1.95085435    2.14792564    1.60847646    1.99674658    1.87386824
A0A0D1DY49_USTMA/283-526     0.49084349    0.00000000    0.30897831    1.93780963    1.49409916    1.36737677    1.19880961    1.32567510    1.39541001    1.29879149    1.47130174    1.23964176    1.18377212    1.33958633    1.99593427    1.68469017    1.57008667    1.53882842    1.58241721    1.85668650    1.47320173    1.55083203    1.74384740    1.56044994    1.49902720    1.55750218    1.68653741    1.63210191    1.69130964    1.64416577    1.67777055    1.70045126    1.56534556    1.57390848    1.34271770    1.47575331    1.41243660    1.55692090    1.47419059    1.45290728    1.35063816    1.55359502    1.50384749    1.43073169    1.49285169    1.55693334    1.66812317    1.44686526    1.64903842    1.43996535    1.44148798    1.57618673    1.46545134    1.43513689    1.60377796    1.47474451    1.51630743    1.71331819    1.71547176    1.61519683    1.58678446    1.63633070    1.71555223    1.61144386    1.59664126    1.59906810    1.40311951    1.57879264    1.62292343    1.60355837    1.52830361    1.60217129    1.63451969    1.39035787    1.32876219    1.47655935    1.69173610    1.75903345    1.73897025    1.54554968    1.57367036    1.46330333    1.77299919    1.65870192    1.52487795    1.70637708    1.82895215    2.14942632    2.03502140    2.19972315    2.33115379    2.29786424    1.79073730    2.21011573    1.97687060    2.01021351    1.65028231    1.55941609    1.67382926    1.73148431    1.73352912    1.69986878    1.83352815    1.65206410    1.96973400    1.91830620    1.91473573    1.77507341    1.77876352    1.77433951    1.78669712    1.78179498    1.84728279    1.82231051    1.74843804    1.80310529    1.80293265    1.83029050    2.00591922    1.91428893    1.50054070    1.95815166    1.91876352
I2FX53_USTH4/272-514     0.60637949    0.30897831    0.00000000    2.16154961    1.52448413    1.37636170    1.28005550    1.40022685    1.43668095    1.39095723    1.59282346    1.32348933    1.31334182    1.38717786    2.13175616    1.75470026    1.68840154    1.62590265    1.61258347    1.78106926    1.55448783    1.64220879    1.78372278    1.63964030    1.59934722    1.61898364    1.66471091    1.63215088    1.68193586    1.65839823    1.66294076    1.76580650    1.55046700    1.57559665    1.36876825    1.56125533    1.48753827    1.55022477    1.44551906    1.44212725    1.48382323    1.57890393    1.63778632    1.48052883    1.58817120    1.55510437    1.78847585    1.48956033    1.74227519    1.59535155    1.53849593    1.70485780    1.61084195    1.40104179    1.55832009    1.42822787    1.54065106    1.73808394    1.72345520    1.60361893    1.60964826    1.62458675    1.70323729    1.64783973    1.72637755    1.63107564    1.54884684    1.74328875    1.69165476    1.67834881    1.53069365    1.56583077    1.72290561    1.43598857    1.42639020    1.47593921    1.68296982    1.91697458    1.75485650    1.52384717    1.66352823    1.60656875    1.84400436    1.65876956    1.54193246    1.79462004    1.84687031    2.17948971    2.08893486    2.27732759    2.49392912    2.49172229    1.84876507    2.31973545    2.06179107    2.04655938    1.70751120    1.60305412    1.77773971    1.76469966    1.80798976    1.81181933    2.01853993    1.73327075    2.02364627    2.00072648    1.95494303    1.84735082    1.74652425    1.89345910    1.80724659    1.71958042    1.83290301    1.84446774    1.72030594    1.75820226    1.79235505    1.87357165    2.11975847    2.03195763    1.59675134    2.08049617    1.96089055
G7E504_MIXOS/182-431     1.84126178    1.93780963    2.16154961    0.00000000    1.27590612    1.44750530    1.26086666    1.30973304    1.68295539    1.54097494    1.43287474    1.41270245    1.31549897    1.31318305    1.91511190    1.92892831    1.57387741    2.11029992    2.22684105    2.08146434    2.23719634    2.24294985    2.09024655    2.09069319    2.08381300    2.09193747    2.07398774    2.02532682    2.02786954    2.30360593    2.02737082    2.06510741    2.19556387    1.83755468    1.98614917    2.00803230    1.92302813    1.85568443    1.79267029    1.89039241    1.88982101    2.06845351    2.00822270    1.91867237    2.06485938    1.80181868    2.00631022    2.04802614    2.01579933    1.95242534    2.04242283    2.05585213    2.03058522    1.73393016    1.87484512    1.83824989    2.15943311    1.92952426    2.11996294    1.92587635    1.82163202    1.93701566    1.90206418    2.03392214    1.84027026    1.91486651    1.83425969    2.10045705    2.23244686    2.07258437    2.01953004    2.02368092    1.85382428    1.83224144    1.88925664    1.81754727    2.22360183    2.27564506    1.90283842    1.92879762    1.71642962    1.80761052    2.12316662    2.11521591    2.05658540    2.14406265    2.07454057    2.03382561    2.20519456    2.37877489    2.50833556    2.60026933    1.83817469    2.15576077    2.13337805    2.15796315    2.20020614    1.92060257    2.17127726    2.04776725    2.17436827    2.36341034    2.15288586    2.07294384    2.46299615    2.40910350    1.92406897    2.11252436    1.98803230    1.94910806    1.75354744    2.00074915    1.91927738    2.11824299    1.87535104    1.94893425    1.98477631    1.92826324    2.01562128    1.98564372    2.00175389    2.40391489    2.06528278
U5GZE7_USTV1/208-454     1.59704064    1.49409916    1.52448413    1.27590612    0.00000000    1.22271654    1.08204901    1.24992261    1.39894185    1.24735447    1.37348903    1.24159925    1.21720437    1.28424354    1.82739679    1.80348671    1.47271682    1.58129464    1.76897794    1.71285706    1.66689821    1.73915206    1.64679096    1.69032641    1.63758907    1.77093104    1.73513315    1.71750249    1.72080199    1.76273638    1.59294211    1.72119228    1.51079963    1.51941235    1.46461830    1.47874576    1.40198923    1.46014702    1.47101206    1.45783785    1.57591064    1.45083794    1.49454014    1.50836076    1.45053613    1.34742330    1.58335784    1.66746284    1.75507059    1.76449075    1.61851042    1.78385374    1.54358329    1.74496535    1.75810138    1.63862949    1.71119619    1.77811493    1.68000245    1.71188970    1.56849427    1.67641947    1.80326026    1.79720758    1.75718395    1.64836195    1.56674908    1.58797450    1.71859292    1.54257650    1.48300713    1.50986262    1.55422012    1.39988648    1.39191339    1.51188684    1.68285966    1.66622293    1.76088467    1.75067099    1.56265222    1.56572443    1.84007349    1.73982020    1.74302544    1.82326441    2.05286890    2.04875255    1.88103488    2.14839755    2.21753595    2.30453965    1.71125916    1.92554778    2.11796310    1.97592199    1.97197101    1.51572094    1.75915700    1.66303303    2.02329210    2.11331214    2.03238611    1.68362395    2.07839962    1.79573663    1.98432740    1.81995554    1.80936347    1.85437268    1.72835680    1.73986890    1.85166357    2.09664502    1.84913435    1.95906812    1.96089866    1.95091925    1.77294894    1.75697601    1.67153756    1.71045373    1.91419426
L8WQJ4_THACA/171-356     1.47723943    1.36737677    1.37636170    1.44750530    1.22271654    0.00000000    0.63968030    0.80123377    1.01894325    0.88964386    0.89173987    0.75337809    0.67760543    0.74115422    1.56739837    1.47590652    1.14357357    1.61877200    1.77156223    1.71035853    2.03499376    1.90594413    1.71546247    1.80951484    1.72183324    1.72979323    1.76857789    1.72090438    1.71275594    1.76569191    1.76423077    1.70080548    1.47829467    1.60667202    1.59206776    1.64992843    1.38086931    1.60201004    1.50395398    1.58745712    1.38430853    1.42655221    1.25154518    1.43781127    1.46130594    1.34729370    1.45112221    1.43743995    1.69619899    1.42940848    1.51064029    1.51467283    1.47392610    1.48531029    1.31625131    1.37260329    1.60101393    1.76831989    1.73714607    1.63346143    1.48379660    1.52531371    1.72100832    1.74012755    1.51744359    1.40934641    1.63452945    1.62002132    1.66270206    1.56342822    1.49463781    1.36810750    1.51573454    1.54850851    1.33733507    1.47438704    1.69482890    1.61186189    1.68843302    1.69606581    1.54968893    1.77717707    1.79375139    1.73420256    1.73739288    1.80511548    1.80637223    2.03205167    2.04305580    1.97974479    1.92112014    2.39499166    1.64809315    1.95268440    1.85199932    1.78887673    1.99148190    1.71660735    1.85465655    1.90692163    1.84267019    1.86940228    1.93696754    2.17010219    2.18225429    2.02459692    1.76854280    1.92255050    1.73878425    1.70528303    1.85649836    1.80160393    1.82051231    1.91335890    1.75272910    1.88590646    1.84646287    1.83082149    1.94399578    1.99438233    1.76698597    1.96205312    2.01353730
K5X5P8_AGABU/180-378     1.23438969    1.19880961    1.28005550    1.26086666    1.08204901    0.63968030    0.00000000    0.47657642    0.71022457    0.63923854    0.74619277    0.64941566    0.45797381    0.55266964    1.65210937    1.53921034    1.18713491    1.35627519    1.56202603    1.80631199    1.61026787    1.63049907    1.50534605    1.50386751    1.48323794    1.51145232    1.48498051    1.51324295    1.53367983    1.54843514    1.34909486    1.41933339    1.24814304    1.40640723    1.33978712    1.39884443    1.10872823    1.36943142    1.19389294    1.41290140    1.12596559    1.24253771    1.10844725    1.28838259    1.16799903    1.28639419    1.35835794    1.15804640    1.33584024    1.23487079    1.21505967    1.31074996    1.23718046    1.24582626    1.31624049    1.18030258    1.32305771    1.38300724    1.39087721    1.25151016    1.26622101    1.30646115    1.43154883    1.44795233    1.27829676    1.23042447    1.27414708    1.45860079    1.58602214    1.29616258    1.37782189    1.47542371    1.39528150    1.16604310    1.13384302    1.28514077    1.69480801    1.45665853    1.53766359    1.44635167    1.19299663    1.37189164    1.59249816    1.57475331    1.39645920    1.65076426    1.76531426    1.73988974    1.78352002    2.11477760    1.97627612    2.15488919    1.47420784    1.84905978    1.75822643    1.63784309    1.92417807    1.43522671    1.70462294    1.57384306    1.48824001    2.01433076    1.84553885    1.82462960    1.97050454    1.76359960    1.49532561    1.56869547    1.40380128    1.50120155    1.38203473    1.33796586    1.39714561    1.56801001    1.41828273    1.58355005    1.48531240    1.57739415    1.49635157    1.52713896    1.65842750    1.57622295    1.81301639
F8PSS7_SERL3/183-384     1.39197743    1.32567510    1.40022685    1.30973304    1.24992261    0.80123377    0.47657642    0.00000000    0.78417419    0.63223521    0.76275632    0.58234426    0.50367913    0.48842239    1.87576334    1.61578794    1.20768384    1.53978439    1.75432831    1.95631338    1.87846660    1.82444495    1.77897020    1.90950173    1.77409530    1.71474661    1.61113320    1.84300324    1.64829336    1.93078217    1.61370413    1.61208053    1.44807144    1.67152382    1.55114360    1.62750933    1.36575433    1.56435904    1.46503338    1.54930068    1.33756500    1.62370477    1.42216030    1.43674961    1.43990211    1.47090957    1.66086258    1.48339134    1.64102979    1.56325511    1.59823328    1.54723352    1.43525380    1.57201214    1.62508508    1.42774844    1.69070214    1.68496455    1.74900297    1.61229364    1.49590570    1.55692810    1.71210570    1.72816725    1.55633511    1.44671417    1.47409601    1.63551963    1.77167141    1.56041216    1.59503910    1.64680065    1.57473679    1.35892514    1.45021525    1.72671563    1.95571396    1.77977286    1.78671705    1.61150865    1.65571554    1.58098296    1.74973900    1.83061776    1.79151238    1.84569470    1.96724769    2.00734465    1.92236504    2.29783657    2.22456908    2.35264315    1.56091398    2.11121973    1.90640371    1.94235794    2.22246202    1.66668937    1.80456109    1.71269177    1.75528229    2.01434129    1.98659343    2.14069866    2.15966716    2.05208394    1.78622753    1.99903616    1.62184946    1.75266650    1.58364451    1.66055494    1.83505909    1.84274105    1.74547997    1.74058547    1.72811885    1.84568644    1.81650025    1.90091820    1.80252919    2.00753216    2.20500069
G4T7U8_SERID/174-365     1.28158596    1.39541001    1.43668095    1.68295539    1.39894185    1.01894325    0.71022457    0.78417419    0.00000000    0.64373027    0.95578053    0.81292912    0.76068110    0.77758666    1.53818142    1.52295613    1.14503730    1.54861251    1.89822536    1.80034738    1.91919716    1.86368005    1.66143661    1.82516312    1.72555618    1.74546901    1.65718910    1.79473981    1.88580051    1.74799593    1.74390428    1.79813983    1.53887617    1.66161338    1.45766385    1.43147626    1.46964336    1.45480236    1.44029170    1.63154855    1.25741376    1.43838187    1.35794187    1.42776651    1.38998501    1.39538061    1.65033138    1.60806609    1.73599595    1.57030087    1.48782450    1.62757860    1.37240387    1.50428929    1.45909765    1.44899836    1.34409021    1.85286797    1.72204344    1.65686001    1.69539052    1.84335833    1.93297729    1.87020049    1.78507891    1.54670422    1.52781792    1.53825981    1.50214637    1.49426819    1.46157150    1.63506995    1.60024754    1.45430075    1.42682423    1.46913205    1.60490679    1.74525345    1.55061810    1.52607672    1.73147422    1.63488241    1.85002773    1.73687280    1.85021001    1.79466024    1.77147370    2.17663693    2.02506084    2.07905778    2.17266883    2.09404826    1.75842773    2.08907514    1.75341390    1.64186887    1.57512205    1.46072772    1.83887440    1.65454345    1.73043679    1.68871316    1.75693690    2.00126805    2.02631559    1.89616998    1.77238233    1.78655566    1.88150655    1.68593279    1.77226005    1.79525582    1.88280289    1.95045042    1.82358116    1.86405763    1.86848848    2.05402863    1.64205715    1.87321691    1.74881845    1.88803267    1.83730216
V2YHM8_MONRO/170-374     1.26873678    1.29879149    1.39095723    1.54097494    1.24735447    0.88964386    0.63923854    0.63223521    0.64373027    0.00000000    0.92393603    0.76667138    0.67419544    0.70477652    1.50895276    1.57468583    1.06095487    1.66058063    1.79279463    1.98577483    1.79261763    1.78647037    1.74501650    1.73984310    1.69903172    1.76083479    1.69019175    1.86188253    1.82987657    1.93130894    1.76458439    1.83450751    1.50517565    1.66502374    1.56982062    1.50476590    1.50647562    1.51580257    1.46122996    1.59225214    1.10118476    1.40471442    1.29912057    1.34280866    1.29871743    1.25389404    1.50623559    1.42847941    1.43024464    1.34230473    1.34936030    1.36106285    1.14776542    1.46755444    1.55220869    1.40135079    1.47545985    1.66715157    1.48536246    1.46222130    1.51001141    1.48714677    1.77445581    1.74189627    1.63587921    1.42127394    1.43461615    1.57699474    1.59811307    1.60517668    1.53348834    1.52212935    1.42071990    1.32310063    1.40397241    1.47511586    1.59513527    1.52323045    1.57016606    1.59674017    1.57177902    1.56266427    1.64145541    1.95285311    1.94118241    1.94698416    1.88295489    2.32085236    1.94990692    2.61175287    2.35389217    2.30318498    1.83477236    2.04798993    1.84570163    1.96322249    2.08146739    1.65005033    1.73525069    1.66573925    1.79922046    1.90749159    2.00056027    1.87472171    2.12697842    2.00226415    1.80646143    1.82388123    1.70445920    1.80953282    1.65034104    1.73565039    1.81917495    1.90498750    1.85280538    1.93713666    1.81264552    1.95516663    1.96222855    1.89390823    1.88064766    2.00516984    1.92040833
A8PDL9_COPC7/198-416     1.44538634    1.47130174    1.59282346    1.43287474    1.37348903    0.89173987    0.74619277    0.76275632    0.95578053    0.92393603    0.00000000    0.65361367    0.67092028    0.72669704    1.84662760    1.69762839    1.22399669    1.53734286    1.77066314    1.96587475    1.74608980    1.82816680    1.70031728    1.81571135    1.73606177    1.73477271    1.65771520    1.75068173    1.56987848    1.65642110    1.71769533    1.56933360    1.55267496    1.57156063    1.60028218    1.62210168    1.39606199    1.56881642    1.50948440    1.43783119    1.16375834    1.26142140    1.17759316    1.25818395    1.22132342    1.22686077    1.43586875    1.28617106    1.47587336    1.30989279    1.21856476    1.29182393    1.22044334    1.46681648    1.56362473    1.32908676    1.39228921    1.58426248    1.51197050    1.55762629    1.33542544    1.49539033    1.52757867    1.57903430    1.49568551    1.54532015    1.32730376    1.49636742    1.57782546    1.48537496    1.43351531    1.42238779    1.45625424    1.41128535    1.34580201    1.45160448    1.82249705    1.60135154    1.84501053    1.50797937    1.43321892    1.61619836    1.72094130    1.98020774    1.79687381    1.89913557    2.01948533    1.98674548    1.94705468    2.23046297    2.05433665    2.58493525    1.69266689    2.05666262    1.76884629    1.85356359    1.88451952    1.47052825    1.96209148    1.72021524    1.99104494    1.90914012    1.84669965    2.12656114    1.98806023    1.59571836    1.86054056    1.86509848    1.72281031    1.71280120    1.63649987    1.74794331    1.70778175    1.64880878    1.81310386    1.79100008    1.79047484    1.91417072    1.83553469    1.83004510    1.76179877    1.89884047    2.01240574
B0CNU4_LACBS/181-382     1.33336911    1.23964176    1.32348933    1.41270245    1.24159925    0.75337809    0.64941566    0.58234426    0.81292912    0.76667138    0.65361367    0.00000000    0.49525545    0.55950446    2.04684162    1.80067538    1.26561086    1.51387706    1.80181906    2.06454545    2.02377377    1.86330651    1.80695922    1.80218721    1.77358328    1.77764437    1.71045918    1.70576542    1.67978363    1.71921718    1.69334252    1.70536792    1.55349368    1.65247634    1.57457425    1.50854144    1.37875839    1.68636796    1.46497292    1.48813319    1.09899437    1.20108865    1.11507743    1.33642347    1.20483435    1.19729699    1.36989702    1.25967969    1.45264182    1.26021900    1.22499683    1.31320230    1.30721522    1.48547953    1.46281261    1.33970392    1.39444996    1.50427882    1.56780098    1.48706020    1.31587624    1.39222270    1.57136825    1.60955054    1.37536621    1.39618982    1.40471777    1.57334991    1.62195284    1.41286038    1.43188405    1.47646404    1.28388108    1.39479077    1.25343094    1.28227019    1.82996240    1.67942326    1.77275842    1.69515659    1.45470577    1.49641388    1.68919270    2.15684322    1.97323554    1.99346173    1.98853133    1.96498151    2.06351420    2.38210272    2.03231569    2.54378542    1.69815309    2.23087510    2.05046680    1.94640878    2.28094672    1.76477581    1.86624078    1.80782215    1.84805502    2.17317352    2.36852128    1.90214647    1.93905586    2.05028855    1.70956805    1.76859738    1.75717930    1.57941138    1.71341562    1.63353560    1.81028421    1.80740611    1.68023546    1.77362155    1.72707106    1.80754757    1.90402241    1.95236864    1.90217161    2.19779517    2.23874758
M2RDU2_CERS8/181-381     1.30390799    1.18377212    1.31334182    1.31549897    1.21720437    0.67760543    0.45797381    0.50367913    0.76068110    0.67419544    0.67092028    0.49525545    0.00000000    0.45405264    1.84157867    1.56308969    1.15077495    1.53376020    1.69227832    2.00825719    1.86673106    1.81441089    1.83727952    1.74500242    1.75888332    1.55818616    1.68483524    1.72356352    1.72666739    1.77435967    1.69156209    1.65139906    1.42302359    1.61219931    1.50824201    1.56923477    1.39150278    1.64423701    1.53698835    1.50840371    1.28449323    1.48225285    1.26794783    1.35647038    1.28750630    1.32186544    1.52728988    1.35859498    1.60772787    1.47120498    1.45788061    1.51195802    1.42119665    1.45632115    1.49885866    1.32260891    1.49951722    1.72045569    1.64379475    1.54264467    1.46736301    1.47456333    1.67160788    1.59736583    1.49289698    1.45275014    1.47236547    1.64920470    1.68864291    1.53826374    1.53551836    1.52226872    1.52948425    1.46453651    1.38724904    1.54966660    1.71526439    1.71236735    1.74229073    1.63950302    1.53782755    1.50104852    1.73518389    1.85412897    1.75806666    1.96572172    1.68083465    2.01729412    1.80041291    2.12415227    1.98551966    2.38888196    1.60862612    2.09952800    1.66730685    1.83569059    1.99815900    1.69172977    1.81225649    1.62906730    1.66069508    1.97241950    1.95081501    2.05497433    2.03255993    1.78076749    1.78975653    1.83724894    1.66671243    1.72868369    1.68206150    1.69515577    1.67637157    1.81790166    1.60638859    1.67051214    1.69628937    1.80564796    1.79268664    1.85122265    1.76975881    1.94426134    2.05902081
S8DQ27_FOMPI/172-377     1.36760951    1.33958633    1.38717786    1.31318305    1.28424354    0.74115422    0.55266964    0.48842239    0.77758666    0.70477652    0.72669704    0.55950446    0.45405264    0.00000000    1.84092728    1.73732333    1.15706529    1.45036815    1.81037357    1.85047263    1.83135078    1.91020149    1.69957606    1.70891580    1.69775852    1.72863677    1.64070584    1.81146743    1.74217235    1.86887710    1.57576233    1.65838953    1.38547527    1.67582426    1.62081026    1.62816485    1.37078746    1.61537754    1.53874029    1.62160160    1.42456771    1.48926431    1.33615004    1.39517370    1.44471509    1.44602328    1.62636425    1.49520953    1.84540083    1.54040863    1.57171196    1.59899368    1.50304394    1.51401886    1.51524316    1.38191582    1.49172140    1.64015017    1.62470354    1.52464163    1.50217750    1.50199976    1.64548495    1.67715914    1.51459578    1.50572558    1.55831241    1.65166814    1.70992825    1.59005430    1.52919183    1.62682476    1.59047900    1.53463749    1.57685356    1.61304355    1.68826741    1.61503155    1.84525396    1.72343512    1.80844173    1.53640370    1.75846256    1.91795405    1.63181323    1.76102672    1.81773423    1.81484683    1.96092840    2.28206127    2.03305583    2.27105793    1.49566437    1.86618985    1.73730938    1.68371549    2.00118505    1.67671828    1.93691147    1.69593364    1.73034441    1.99651158    2.01163090    1.86743173    1.96961770    1.82550689    1.68632766    1.73195620    1.64426206    1.70104548    1.68414279    1.66330873    1.78097222    1.85179931    1.71271707    1.79558632    1.63852321    1.79962742    1.86650832    1.83334873    1.72062761    1.97123432    2.03486088
E3JS09_PUCGT/168-429     1.84945243    1.99593427    2.13175616    1.91511190    1.82739679    1.56739837    1.65210937    1.87576334    1.53818142    1.50895276    1.84662760    2.04684162    1.84157867    1.84092728    0.00000000    0.79534119    1.48577459    2.18427626    2.16457638    1.97023206    2.10268425    2.03863345    2.17250214    1.88128304    2.06357477    2.13750202    2.10702091    2.17997448    2.02826518    1.89606772    2.10881162    2.11427676    2.04668107    2.00509085    1.96557994    2.01086529    1.96124571    2.03469682    1.87730174    2.07632059    1.73721217    1.99189877    1.97340246    1.86588901    1.89972682    1.85701880    2.00751659    1.97260037    1.94861187    1.98899131    2.02564453    1.98349459    1.79761513    1.96599687    2.04920983    1.94165582    1.94163119    1.78344936    2.07160236    1.88552026    1.90228326    1.80788135    1.96620069    1.87163992    1.91911738    1.95915542    1.85286221    1.94645879    1.93934029    1.95129964    1.80098481    1.84356768    1.98560346    1.85829096    1.69922976    1.77241830    1.73206022    1.87474368    2.08256140    2.17143650    1.61760856    1.89756519    1.85050587    2.08313645    1.88205796    2.27978243    2.04017413    2.27711397    2.09989130    2.52371865    2.33882685    2.71420138    2.43410869    2.33285253    2.02816368    2.31290213    2.09865711    1.98266943    2.07223552    1.82571693    2.13083198    2.08097030    2.36955776    1.96155355    2.14204899    2.27057335    2.31115109    2.16173390    2.07239702    2.33113153    2.22298444    2.10340289    2.11712267    2.17729784    2.19356335    2.26937686    2.22532835    2.29720410    1.98834318    2.17027674    1.91128633    2.03390122    1.80094708
F4RNF0_MELLP/159-424     1.69728783    1.68469017    1.75470026    1.92892831    1.80348671    1.47590652    1.53921034    1.61578794    1.52295613    1.57468583    1.69762839    1.80067538    1.56308969    1.73732333    0.79534119    0.00000000    1.38533007    2.20097255    2.14499357    2.24168013    2.15060647    2.04450517    2.19894146    2.11463319    2.07986961    2.12420043    2.02480083    2.11717962    2.00659622    2.07777714    2.25022640    2.15565266    2.13243962    2.35347599    2.08132910    1.96672739    1.96821718    2.09294691    1.91380529    2.07346494    1.70213108    2.00302264    1.92570132    1.91796854    2.00365386    1.87315483    1.97381379    1.92767684    2.03241902    2.02151959    1.94785433    2.00275271    1.77235119    1.86746928    1.92325164    1.85862991    1.95376515    2.01167233    2.12092382    2.03227075    1.96161881    1.93874619    2.01650010    1.96062487    2.06126151    1.94078978    1.91761970    2.03453830    2.08006058    1.91624347    1.84083870    1.80174085    1.86011455    1.74893920    1.70817052    1.71865326    1.80009938    1.95852493    2.00412024    1.80255634    1.65573256    1.80096628    1.90506114    1.86838205    1.87983709    2.15760430    2.11130324    1.95226657    1.96234278    2.50197625    2.22146085    2.74103610    2.16473801    2.45298341    2.15304071    2.26390221    2.28886579    1.94096094    2.01154642    1.89241647    2.23746701    1.96268847    2.41429192    2.03694142    2.15403199    2.25165104    2.32479022    2.27094758    2.15126181    2.35648347    2.09562283    2.07377881    2.24397697    2.14891862    2.18132838    2.15026883    2.15828515    2.17156898    2.20286338    2.24926151    1.78485303    2.17963277    2.01511547
Q5KN02_CRYNJ/151-350     1.55746944    1.57008667    1.68840154    1.57387741    1.47271682    1.14357357    1.18713491    1.20768384    1.14503730    1.06095487    1.22399669    1.26561086    1.15077495    1.15706529    1.48577459    1.38533007    0.00000000    1.79509007    1.86824984    1.79479504    1.89581193    1.84508999    1.91783731    1.72253529    1.86757748    1.84471739    1.79968993    1.95515441    1.85069222    1.89296989    1.93766142    1.86826524    1.89158400    1.77932558    1.67267077    1.86494061    1.55321425    1.71860446    1.77328182    1.91911455    1.30579467    1.48992023    1.34213304    1.46748919    1.39601144    1.38723720    1.65344371    1.49545492    1.57438269    1.56587265    1.51017608    1.55046804    1.42196919    1.47932607    1.55024646    1.44582397    1.59360154    1.56828162    1.54508935    1.47654157    1.56290674    1.37705641    1.59194959    1.59311001    1.41793020    1.51909235    1.42341465    1.59254878    1.67918224    1.52193757    1.55703128    1.61376060    1.65283844    1.50868192    1.41606823    1.50531316    1.74643051    1.77950440    1.68144827    1.82301458    1.60844249    1.69634444    1.84675523    1.71698666    1.67323187    1.73520482    1.87561180    2.19280559    1.90209908    2.17919230    2.17246532    2.10801635    2.03701534    2.13441426    1.80795725    1.92173204    2.10573505    1.76109255    2.05513831    1.79476564    2.06281291    2.03310005    1.95034598    1.99715087    2.36373878    2.09731757    2.00402032    1.96980869    1.86873118    1.82646874    1.89091351    1.91779756    2.06355108    1.98018895    1.99683388    2.04863355    1.94386138    2.11886733    1.98539087    1.94106962    1.88155235    1.94466148    1.76812462
K0KXK4_WICCF/248-440     1.50117099    1.53882842    1.62590265    2.11029992    1.58129464    1.61877200    1.35627519    1.53978439    1.54861251    1.66058063    1.53734286    1.51387706    1.53376020    1.45036815    2.18427626    2.20097255    1.79509007    0.00000000    0.73604522    0.84225724    0.94773346    0.89513191    0.75139308    0.82696975    0.80599513    0.78601029    0.80445877    0.81826859    0.78468131    0.79221398    0.76170149    0.77181236    0.85092409    0.88535093    0.77735048    0.89709204    0.78941081    0.77663407    0.81513739    0.72361221    1.25454690    1.24766332    1.34833755    1.21681552    1.36339531    1.44191708    1.43757904    1.41727883    1.67478726    1.42275063    1.44030165    1.45564782    1.41229034    1.33465285    1.42199854    1.34624307    1.51416942    1.50650326    1.37944701    1.40366425    1.40672442    1.38702220    1.53411243    1.46111541    1.30510872    1.39002694    1.34750797    1.50716194    1.47749025    1.53661494    1.44174740    1.47597843    1.60467121    1.40041004    1.38291831    1.30889426    1.22506050    1.43996316    1.21545376    1.27340209    1.30350909    1.58482020    1.51304933    1.41572931    1.29247886    1.71234487    1.85266338    1.88420176    1.81860390    2.32649240    1.99190373    2.05618397    1.60406631    2.04131991    1.78487776    1.76910250    1.76573998    1.84106340    1.47539699    1.70383877    1.78401423    2.01502920    1.73710782    1.90606443    1.79593914    1.98774891    1.86589120    1.70846923    1.63198126    1.59221977    1.78775552    1.67634263    1.74328856    1.71967445    1.62358853    1.74688133    1.84823219    1.69420962    1.56551932    1.77730002    1.78578282    2.08065091    2.01653332
A7TR53_VANPO/222-424     1.69807103    1.58241721    1.61258347    2.22684105    1.76897794    1.77156223    1.56202603    1.75432831    1.89822536    1.79279463    1.77066314    1.80181906    1.69227832    1.81037357    2.16457638    2.14499357    1.86824984    0.73604522    0.00000000    0.51773580    0.65643924    0.45091346    0.51840897    0.47150493    0.54229495    0.61011565    0.59622234    0.65737982    0.59151874    0.56950852    0.54233369    0.52298423    0.88025252    0.81276569    0.84019178    0.93641818    0.75664242    0.86501160    0.88244931    0.76441331    1.46243437    1.57798985    1.59224019    1.49956351    1.46759601    1.56950903    1.59841860    1.52279271    1.73108392    1.60937204    1.71013940    1.72393156    1.59732611    1.56344338    1.74596573    1.50918488    1.66158881    1.64244940    1.61447045    1.64087023    1.59089002    1.49002384    1.57854398    1.51752864    1.52374549    1.66649934    1.70936009    1.81468113    1.78509726    1.78485295    1.49620410    1.68649119    1.78235130    1.47135000    1.45896185    1.50007517    1.46117214    1.53626370    1.42010505    1.32770149    1.28814658    1.67318529    1.59567244    1.58572313    1.61868303    1.97156119    2.10713404    2.51655380    2.31518917    2.49604838    2.30040404    2.03487153    1.78516630    2.39549347    1.95262004    2.04664272    1.97062906    1.86362076    1.78158532    1.96479189    2.20077648    2.33645165    1.79919426    1.84689679    1.99232632    1.98934790    2.07031231    1.96131373    1.96292427    1.92174558    1.96862854    1.86896179    2.07290819    2.05328474    1.79880210    1.98578394    2.05902592    1.91605614    1.95818396    2.22188561    1.75806586    2.13176910    2.18000496
I2GUS9_TETBL/224-438     1.77667177    1.85668650    1.78106926    2.08146434    1.71285706    1.71035853    1.80631199    1.95631338    1.80034738    1.98577483    1.96587475    2.06454545    2.00825719    1.85047263    1.97023206    2.24168013    1.79479504    0.84225724    0.51773580    0.00000000    0.58731558    0.47895891    0.55259683    0.52399502    0.55597779    0.67066266    0.64711415    0.60402071    0.53111803    0.61605225    0.61323223    0.55281140    0.89083177    0.94506210    0.87423424    0.97742152    0.78467706    0.78664491    0.90629879    0.82391926    1.41939551    1.55196688    1.63482840    1.55490037    1.52966170    1.44340851    1.58709519    1.61336454    1.66068676    1.59546136    1.56766283    1.63228330    1.49351618    1.56667744    1.75829015    1.56642261    1.61687685    1.60612066    1.53102994    1.59021763    1.55852034    1.48347740    1.56610896    1.49664715    1.51577287    1.60282051    1.54954100    1.63522211    1.67890281    1.58462740    1.37988163    1.64524860    1.65897940    1.31644286    1.34414579    1.51276981    1.30194073    1.43813862    1.29859045    1.26541210    1.25581631    1.59578495    1.49781636    1.53005911    1.52217979    2.05511728    2.12827856    2.20917816    2.09950336    2.36130979    2.24056106    2.18258008    1.78526068    2.06923394    2.04108400    2.06101063    1.93611829    1.66558233    1.76705997    1.76882798    1.95025588    2.40664076    1.93437748    1.93390557    2.18596357    2.14213672    2.01680016    1.97871493    1.91663772    1.90425363    1.87804519    2.05167483    2.17046680    2.10318678    1.95286066    2.08863267    2.01589677    2.16013004    1.83994318    2.05025300    1.81992131    2.04165551    1.95733834
J7S4G3_NAUDC/213-415     1.64468202    1.47320173    1.55448783    2.23719634    1.66689821    2.03499376    1.61026787    1.87846660    1.91919716    1.79261763    1.74608980    2.02377377    1.86673106    1.83135078    2.10268425    2.15060647    1.89581193    0.94773346    0.65643924    0.58731558    0.00000000    0.56688437    0.65931843    0.58936596    0.64766025    0.67790193    0.78237615    0.74660822    0.76102949    0.85961026    0.75446121    0.76522890    0.93857948    0.85688050    0.97354189    0.97690500    0.86797030    0.88913200    0.93517665    0.88519697    1.42697135    1.56191670    1.58864506    1.56982586    1.51208315    1.53101628    1.52870915    1.57091299    1.58198196    1.52147803    1.47178009    1.67757421    1.45548256    1.50321671    1.68921794    1.43505263    1.50198095    1.52566565    1.43403640    1.49930394    1.40064580    1.52846917    1.47768210    1.41598830    1.52285609    1.63252645    1.60450970    1.57379141    1.66843148    1.55702539    1.45807380    1.54852044    1.67462794    1.38404755    1.39649773    1.51492570    1.43271895    1.66759114    1.75479436    1.49165327    1.68181686    1.54837084    1.71711471    1.41557880    1.51231559    2.07644650    2.46407311    2.18605923    2.24654028    2.67913071    2.43622366    1.95519765    1.76486040    2.14229984    1.77043090    1.74640645    1.84437707    1.75816120    1.67633591    1.67068361    1.99735219    2.25907924    1.82638439    1.89390108    2.07986534    1.91595179    2.14013877    2.02140627    2.01794624    2.10467835    1.86618526    1.91163475    2.17756837    2.06985779    1.94181752    2.20149544    2.08666677    2.06580110    1.91845103    2.07795632    1.92062088    1.86004548    2.20653202
G8C1C0_TETPH/201-400     1.66285951    1.55083203    1.64220879    2.24294985    1.73915206    1.90594413    1.63049907    1.82444495    1.86368005    1.78647037    1.82816680    1.86330651    1.81441089    1.91020149    2.03863345    2.04450517    1.84508999    0.89513191    0.45091346    0.47895891    0.56688437    0.00000000    0.57228736    0.50064782    0.58991314    0.58746589    0.60214391    0.67775637    0.60653558    0.61969414    0.64455014    0.67354126    0.97081396    0.99860172    0.94478370    1.11147479    0.83567741    0.87220578    0.93151133    0.93329398    1.44909270    1.54987282    1.63617196    1.56373501    1.55308653    1.53703166    1.55623049    1.61636205    1.74639279    1.66437212    1.65429717    1.75333977    1.51846539    1.63680440    1.89111372    1.60077405    1.62933596    1.60041642    1.56470218    1.62736776    1.65342741    1.52525840    1.67331675    1.62032690    1.58736527    1.60634639    1.65619569    1.71978917    1.85129146    1.78634374    1.57160053    1.65118195    1.81797081    1.44523717    1.49329550    1.54010186    1.44732117    1.60279200    1.43319648    1.32879908    1.43664507    1.80145548    1.67528740    1.72149628    1.65303921    2.02252998    2.10173711    2.41254649    2.32046090    2.58789601    2.39589774    1.99089662    1.80533344    2.34886497    1.86932842    2.07185335    2.02950020    1.79335641    1.86101584    1.86549304    2.21673463    2.30122040    1.96739190    2.04718992    2.15280031    1.93794735    2.03074458    1.95528684    2.02613901    1.97019893    1.99455229    2.07637518    2.22193240    2.07845700    2.01894410    2.13361932    2.12953332    2.09200550    1.93408196    2.15626485    1.84626069    2.14342589    2.03937150
