113
A1WYV7_HALHL/3-142     0.00000000    0.91144227    1.00304367    0.93730892    0.94133787    1.12457133    0.92749577    1.10284006    1.07841455    1.11430343    1.11875659    0.95397774    0.87024514    0.96515983    1.11827984    0.98349250    0.94352062    0.78321636    0.89391729    0.84357546    0.83677319    0.80207294    0.83648336    0.92131505    0.81397042    0.82350292    0.74345209    1.08005661    1.19147330    1.28666427    1.22324299    1.00081089    1.05821298    1.20829604    1.04042130    1.12574519    1.15754998    0.91340113    0.95317735    0.85519117    1.04036545    1.20629169    1.12950126    1.09266549    0.98671655    0.98727308    1.09305669    1.01292550    0.96953537    0.96380360    1.08155488    1.03432017    1.00725952    0.98842816    1.06770672    1.08842073    1.13057163    0.93292323    1.03240570    1.25764675    1.36992843    3.03793237    3.08145632    2.45950755    2.73317236    2.76416449    2.63505347    2.65237225    2.71460268    2.64773413    4.02385033    3.46666646    3.26076507    3.27451029    2.95269300    2.87725584    2.81533961    3.58335162    2.97399831    3.23092691    3.06700736    2.98667660    2.75971006    3.33197439    3.21097805    2.96931264    2.71171146    2.94039785    3.24864074    2.77765465    3.01534765    2.37236955    2.81366519    2.89896373    2.60918730    2.85238059    3.39482454    3.16251786    3.45936221    3.39440594    3.02874213    3.51266113    3.03058789    2.87280739    2.91797289    3.06847026    3.23222960    2.60350955    3.01689165    2.90955493    2.70324746    1.36304678    0.94567525
E1VHE8_9GAMM/3-163     0.91144227    0.00000000    1.17729975    1.00631878    0.94663072    1.18661028    0.91682729    1.14534425    1.03460955    1.36741609    1.00038460    1.02118334    1.22658130    1.15249471    1.21213045    1.13975976    1.12605848    1.06220286    1.06615530    1.02971945    0.92757089    0.88905231    0.92517334    0.89387432    0.88052698    0.91541976    0.95382701    1.07842470    1.17777516    1.15630766    1.22094559    1.39000475    1.19281273    1.19689867    1.30407505    1.18108980    1.23422045    1.02932803    1.00334642    1.01059299    1.20812229    1.53365464    1.35230547    1.35177777    1.21458280    1.24918194    1.27011029    1.08832887    1.24849270    1.21174849    1.18194766    1.25783444    1.12103278    1.13457175    0.98684868    0.96842446    1.08854203    1.08730264    1.23884424    1.28630891    1.39775320    2.65607693    3.45197736    2.78572874    2.69811071    3.01884969    2.66948630    2.83601700    2.59728875    3.18341075    3.05186096    2.73897441    3.14819273    2.77144362    3.09726373    3.01184844    2.56886156    3.18522276    2.70075357    2.86549261    3.17978890    3.15933102    3.09489161    3.24902265    2.92802797    3.00995737    2.91150761    3.09031494    2.50172688    2.65641006    2.63537643    2.41219287    2.30894045    2.35728255    2.37704259    2.48505198    2.62172949    3.03774600    3.24347799    3.22064638    3.24232186    3.36926624    3.28546102    2.57174479    2.99702463    3.30878370    2.83958837    2.75723673    2.87390482    2.50965366    2.57622593    1.43345577    0.82353393
W0DW66_MARPU/3-153     1.00304367    1.17729975    0.00000000    0.64050341    0.65757006    1.05929431    1.11507715    1.16958840    1.04732746    1.33946267    1.13104509    1.10521035    1.04872918    1.17461297    1.11842177    1.14351702    1.24547256    1.13472035    1.05940350    0.85490993    0.93198720    0.95271135    1.13313543    1.00522233    0.92900498    0.97023824    0.95230045    1.24732026    1.18333578    1.17905709    1.28446783    1.53663447    1.18856537    1.08411885    1.23419982    1.23056355    1.20947008    0.97722069    1.16744933    0.94846156    1.24243377    1.24513173    1.10199026    1.09086319    1.17856516    1.24597855    1.02905967    1.12134313    1.10841121    1.09901429    1.06867986    1.23952516    1.23262261    1.23336173    1.14813311    1.10129444    1.13537219    1.04394508    1.37424644    1.22373891    1.31972936    2.83844334    3.05967151    3.11186502    3.02632061    3.05688311    2.78940091    3.06755415    2.69538605    2.91356943    3.16672234    3.10696303    2.92272184    2.77246033    2.53922032    2.67854516    2.53120282    3.07539889    2.76582151    2.72839286    3.16979530    2.76552005    2.91871147    3.19831017    2.83197872    2.77774441    2.52695310    3.71755547    3.00567940    2.75067960    3.02538173    2.60013269    2.73723970    2.69255373    2.86119587    2.61240121    2.89274189    3.26958091    3.24026714    3.26301336    2.99860326    3.13672611    3.52410083    3.10306002    2.58747811    3.29029711    2.93273327    2.74291097    2.83076153    2.59969597    2.63115526    1.51227372    0.91237402
I3YF26_THIV6/10-162     0.93730892    1.00631878    0.64050341    0.00000000    0.49470755    1.01398882    0.94467919    1.18772011    1.04929228    1.13920109    1.06479941    1.11384633    1.08866334    1.19340120    1.34266838    1.30676584    1.22350350    1.06565711    1.22172525    0.89664355    0.96714867    0.98278392    1.00833069    1.07037240    0.97649857    1.01029509    1.06942447    1.21403855    1.27371460    1.23153099    1.31941385    1.41399739    1.13856655    1.29329868    1.18825771    1.33775071    1.28255863    1.08103199    1.08897444    1.07519263    1.10495273    1.14799462    1.14878786    1.10916186    1.12888008    1.19557951    1.11064801    1.04556127    1.06739993    1.10693702    1.01345984    1.04661834    1.01240142    1.03616278    1.05836753    1.13672458    1.15922911    1.23126797    1.18380635    1.21924659    1.30878389    3.06447207    3.34196201    3.12431163    2.93638147    2.92898947    2.93965092    3.50137367    3.20436043    3.55174069    2.94775094    3.28637438    3.11719226    3.11251612    2.93247590    2.78736413    2.70641178    3.15156527    2.98313828    2.85718508    3.47308365    3.20733163    3.08941420    3.07667101    2.86474660    2.83621170    2.72099478    3.33864545    3.08358531    3.08134148    2.64498089    2.78049393    2.82334585    2.54742232    2.59750745    3.06809093    3.20298150    3.46704127    3.48412506    3.15055348    3.06611700    3.49484416    3.68384799    3.24764460    3.06123997    3.21231520    3.02390556    2.92689468    2.98450981    2.81368705    2.64593788    1.31144221    1.07801324
D3RUZ5_ALLVD/11-161     0.94133787    0.94663072    0.65757006    0.49470755    0.00000000    1.04983072    0.92627581    1.11061022    1.10911886    1.20086869    1.00647933    0.91152917    1.10052560    1.14738354    1.15434725    1.14406130    1.12141466    1.08355459    1.15848965    0.92275882    0.85732515    0.90257961    0.95011816    1.01580229    0.89239199    1.02270337    1.04883411    1.25525944    1.42169287    1.31205684    1.32998477    1.54344623    1.06030316    1.07912693    1.15221780    1.20161260    1.19771693    1.06911201    1.12751569    0.99915393    1.19317098    1.24603155    1.13954577    1.06487386    1.08835797    1.24480571    1.12955758    1.13213619    1.00899792    1.12513314    0.97862542    1.17799879    0.99516262    1.00051969    1.21497946    1.19813485    1.14206248    1.20538374    1.17921821    1.20439689    1.32115987    3.25095311    3.20981018    3.07552751    3.20413836    3.04880371    3.07946976    3.28144845    3.06550112    3.35090705    3.06320258    3.33652367    3.28296221    2.97254103    3.40616654    2.93223432    3.06585907    2.97589858    3.13833643    2.78848743    2.93230572    2.56215710    2.61520073    3.27496987    2.96982027    2.84343271    2.72591547    3.70373826    2.99739719    2.82979152    3.00354501    2.96302843    2.74336270    2.97289192    3.00458698    2.91543000    2.83834947    2.98574422    2.94571392    2.72740756    3.15316044    3.36166065    3.75400440    3.14173331    2.68477715    3.60563938    2.77508714    3.07122463    2.70590573    2.78433379    2.66227084    1.42100695    0.97455177
Q31EU3_HYDCU/3-153     1.12457133    1.18661028    1.05929431    1.01398882    1.04983072    0.00000000    0.97240879    1.20612508    0.91170824    1.29870910    1.14219063    1.19887340    1.13612588    1.23331123    1.37402549    1.15933189    1.12592274    1.20895150    1.20019370    0.94379048    0.96934789    1.04908464    1.12307845    1.00037728    1.08538386    0.97983611    1.06641130    1.11653736    1.18743121    1.26134472    1.28322107    1.39770458    1.25470933    1.18256863    1.24551867    1.24548838    1.23139358    1.21495732    1.21378762    0.99274123    1.35507229    1.25646979    1.23549278    1.28479022    1.13194102    1.23307964    1.12385527    1.11248974    1.18574381    1.17602433    1.23826583    1.32181375    1.28536038    1.18681422    1.15709721    1.28625869    1.23016241    1.22543076    1.29613487    1.43897663    1.32291111    3.03770043    3.28730219    3.06040469    2.99098633    3.19546476    2.93002930    3.30351567    3.17519079    3.16841621    3.39363216    3.42097975    3.45513341    3.47975109    2.85727146    2.83374573    2.96174399    3.38704177    3.35260987    3.08273939    3.08888618    2.72139402    2.85284738    3.40149145    2.90434670    3.02840140    3.14340645    3.23455639    2.78910251    2.79224900    2.88255116    2.80796874    2.77823303    2.65350928    2.87879262    2.72097989    3.15631309    3.42724847    3.15144247    3.12937263    3.22962390    3.40569700    3.23338451    3.12821301    2.90730627    3.24560186    2.99464197    3.39327665    3.08748590    2.69220789    2.81398611    1.44589838    1.06351804
L0DXD7_THIND/3-142     0.92749577    0.91682729    1.11507715    0.94467919    0.92627581    0.97240879    0.00000000    0.87274453    0.85097015    1.05118127    0.78103054    0.82088863    0.82213164    0.92268477    1.00723966    0.82715943    0.85940079    0.94075456    0.98365777    0.95111349    0.97307204    0.81301593    0.85684662    0.88624307    0.92326912    0.96605024    0.93095036    1.03010989    1.04568675    1.08581602    1.14553980    1.13244663    1.06170477    1.02534438    0.93957805    1.04943658    0.95869458    1.03946384    0.93621364    0.90397660    1.16854130    1.19606821    1.21027275    1.18106915    1.09192335    1.11970492    1.11551874    1.19608264    1.19449367    1.13294303    1.20135866    1.16553035    1.20375689    1.24248846    1.23452165    1.25180894    1.26915657    1.25374249    1.28936829    1.28401868    1.28824697    3.49629486    3.33132575    2.75391920    2.70299530    2.93023528    2.88618098    2.79628110    2.95817159    2.73247546    3.10036297    3.00806169    3.09426421    3.08194217    2.75881983    2.58151385    2.41222767    2.71758272    3.01874755    2.88586585    2.88439447    2.67101072    2.78130039    3.33580906    2.78153242    2.80158703    2.57839466    3.30109264    2.94969011    3.05297100    2.87839575    2.73854386    2.92532899    3.01570691    2.78041016    2.96270742    3.02908654    3.41984768    3.34465808    3.37514416    3.44124159    3.22473517    3.68504578    2.82612596    2.75811419    2.91591779    2.79438850    3.20910328    2.59354879    2.88146739    2.32061515    1.15020024    0.82639066
E1V9J7_HALED/3-159     1.10284006    1.14534425    1.16958840    1.18772011    1.11061022    1.20612508    0.87274453    0.00000000    0.87556591    0.98248056    0.80622759    0.93033415    1.00825379    0.95774254    0.97627956    0.93598108    0.91909111    1.11831150    1.11048540    1.03816830    0.87552405    0.95666086    0.99405834    1.03230406    0.94762097    1.03873665    1.10530893    1.06812178    1.15983891    1.07151539    1.17096489    1.34224746    1.08288216    1.00927155    1.24756191    1.08370228    1.06985984    1.08426449    1.13789970    0.88399229    1.27548702    1.30736209    1.06086443    1.18125596    1.10406312    1.06447090    1.20537696    1.39794680    1.36648223    1.20364760    1.18133538    1.12220040    1.22453866    1.19278636    1.17471751    1.13990426    1.26099671    1.08497976    1.24001008    1.37062622    1.20648270    3.09955884    3.03403866    2.56645369    2.59516126    2.68822227    2.31330629    2.51476104    2.83324726    2.53064429    3.04389719    3.00378029    2.88201615    2.58632190    2.62318397    2.36488497    2.66811232    3.14810749    2.87310919    2.77500313    2.79972789    2.66338153    2.68232803    2.67812247    2.48143931    2.84291160    2.73246098    2.73026482    2.93852115    2.69326801    2.63138821    2.67177961    2.34980467    2.61388186    2.61230537    2.62886115    3.13658314    3.05162588    3.02306528    3.04991951    3.06222694    3.30995428    3.24567397    2.48231640    2.42912261    2.73184624    2.40234521    2.97678355    2.49233685    2.21560177    2.22830872    1.44290364    0.90518958
Q3IG08_PSET1/3-145     1.07841455    1.03460955    1.04732746    1.04929228    1.10911886    0.91170824    0.85097015    0.87556591    0.00000000    0.77355120    0.77856268    0.89986643    0.83431104    0.85892574    0.96133357    0.83270518    0.86903718    0.93021085    1.02390109    0.98957451    0.93234242    0.76758752    0.91084797    0.88210826    0.90914549    0.83885635    0.87183960    0.97693022    0.88520297    0.91284993    0.91143517    0.94125089    0.90354125    0.92047249    0.88475866    0.97200226    0.98652283    0.93660799    1.01395296    0.89976111    1.19809274    1.03918771    1.17087927    1.12802958    1.15194740    1.23858839    1.13737963    1.29468894    1.29902938    1.33621770    1.13864704    1.31211777    1.34869096    1.30816994    1.09448312    1.20510035    1.31045998    1.22074199    1.27100181    1.24477426    1.30895818    2.99010553    3.37191711    3.03042876    2.83997147    3.00700632    2.60137080    3.04448669    2.80972727    2.86864383    3.13612867    3.17230318    2.88365195    3.09082657    2.94401626    2.90250011    2.79154657    2.76991774    3.60550635    2.70929616    3.25087154    2.83847236    2.86995217    3.21775819    3.17344477    3.11131430    2.71581998    3.24905672    3.17006377    3.04700735    2.99019731    2.59853199    2.59674045    3.01376086    2.71401087    2.83620270    3.36141320    3.54172978    3.46940731    3.58731539    3.39478741    3.36198306    3.02252393    3.03089520    3.02132240    2.92487643    3.18668136    3.08881133    2.96119177    2.78226751    2.59438587    1.17439725    0.94697289
G4QJ08_GLANF/6-178     1.11430343    1.36741609    1.33946267    1.13920109    1.20086869    1.29870910    1.05118127    0.98248056    0.77355120    0.00000000    0.81081846    1.07431645    1.07903808    0.96340459    1.05858720    1.02066688    0.99500290    1.16070387    1.52583446    1.23092858    1.17793380    1.08530685    1.05359033    1.09414500    1.02181408    1.08586456    1.13524767    1.14416160    1.25687404    1.29019412    1.31658296    1.36988504    0.96091282    1.04843224    1.25345675    1.09899823    1.01798272    1.07070801    1.18463085    0.87423098    1.18237503    1.46321319    1.20572918    1.12091214    1.35070634    1.23938627    1.27588118    1.49652486    1.35673760    1.35361373    1.46987224    1.55854019    1.16671164    1.19077579    1.33060621    1.31959094    1.22885573    1.28210653    1.15126156    1.24247686    1.34056742    3.20578741    3.05275313    3.12525745    2.73590969    2.74204025    2.75402419    2.68574784    3.18017136    3.00309530    3.22233553    3.40484162    2.91200251    2.91283396    2.63286983    2.31083838    2.63841068    3.15919628    2.99081379    3.10581035    3.20027034    3.15918807    3.13296373    3.59064120    3.19588768    3.01481831    3.06916517    3.00179203    3.36529028    3.32606549    3.28410005    3.37971490    3.19935685    3.39656985    3.02475797    3.25930030    3.05280299    3.38181971    3.30685557    3.57412665    3.58246758    3.46985350    3.23452658    3.27957763    2.74316177    3.03627982    3.10149282    3.06893175    3.18940723    2.91690242    2.96067816    1.54238951    1.10024340
H2G1L0_OCESG/6-145     1.11875659    1.00038460    1.13104509    1.06479941    1.00647933    1.14219063    0.78103054    0.80622759    0.77856268    0.81081846    0.00000000    0.52961815    0.64058860    0.77963037    0.72600622    0.70456616    0.76775467    0.77740814    0.83392782    0.75181659    0.69761586    0.64995249    0.69189335    0.65745136    0.69983216    0.67856438    0.72269405    0.99014307    1.02740607    0.92427682    1.06625041    1.05041926    0.82388021    0.70910549    0.77126664    0.76148174    0.77497540    1.09308207    1.05801209    0.93635786    1.10882993    1.01749800    1.09281677    1.00510086    1.08528841    1.06293923    1.13752497    1.28302249    1.17188985    1.22323383    0.96445899    1.28086112    1.14935904    1.14794685    1.14994541    1.15898627    1.12950119    1.18215274    1.24098674    1.28639742    1.19003351    3.08473185    3.32371642    3.00145888    2.91202896    2.87709195    2.64702636    3.03397972    3.14625847    2.79305852    3.38988236    3.18701870    3.26386911    3.35249847    2.95441693    2.68361820    2.78956254    3.32398256    3.31909169    3.41180401    3.34310628    3.13798599    3.23782344    3.32574259    3.10261962    3.10528796    2.93349281    3.28494995    3.44381483    2.81056657    3.18623584    3.17408231    2.97742785    3.03989689    2.88463425    3.07168595    3.47804737    3.82571164    3.55133177    3.48173379    3.51726068    3.83259420    3.53198436    3.20500657    3.14189763    2.69134629    2.63848545    3.07464095    2.53026766    2.63368584    2.71412846    1.05453704    0.81980875
C4L9F3_TOLAT/7-146     0.95397774    1.02118334    1.10521035    1.11384633    0.91152917    1.19887340    0.82088863    0.93033415    0.89986643    1.07431645    0.52961815    0.00000000    0.77341108    0.84708301    0.84961214    0.87030121    0.75028015    0.74084947    0.74999444    0.70964782    0.60376946    0.65623980    0.72097044    0.70008260    0.63094175    0.69648628    0.70489949    0.91569720    0.97502336    0.94853082    0.98331664    1.01077294    0.83521809    0.85458778    0.82395150    0.82044178    0.84497498    0.92902492    0.94009562    0.91522012    1.00360090    1.17687303    1.14407289    1.09078150    0.99932341    1.17036133    1.24453739    1.28836406    1.21157507    1.28014856    1.08246139    1.31170416    1.15542466    1.19431575    1.10062352    1.11964449    1.11185376    1.00656258    1.21781461    1.28509420    1.26284831    2.87777235    2.87409409    2.99568083    2.60083641    2.87188888    2.61849815    2.85295441    2.92326457    3.07933011    3.90942722    3.54887129    3.46417808    3.20718724    3.21741545    2.79509279    3.10956269    2.94863763    2.90697306    2.99364959    3.06009151    3.10261284    2.94395363    3.08054508    2.69150783    2.69296557    2.86010186    3.09399987    3.17019649    2.83006270    2.69429466    2.79135891    2.72366684    2.58900898    2.41511557    2.80030188    3.20655960    3.22372998    3.13616069    3.16643307    3.04308181    3.10679446    3.15466182    2.79509049    2.59849939    2.91439842    2.83517438    2.79451770    2.75858150    2.47453128    2.38121384    1.12761978    0.86081371
Q6LME0_PHOPR/8-168     0.87024514    1.22658130    1.04872918    1.08866334    1.10052560    1.13612588    0.82213164    1.00825379    0.83431104    1.07903808    0.64058860    0.77341108    0.00000000    0.54790331    0.59800551    0.55246305    0.50540979    0.55578632    0.73294373    0.65139791    0.70481768    0.53456316    0.58906761    0.52112241    0.54102581    0.51644615    0.54557117    1.04331168    1.03580979    1.02138318    1.12094842    1.17616506    0.84291588    0.79521257    0.96341239    0.76533883    0.90270748    0.98936020    0.84834819    0.78354751    1.39235888    1.39892075    1.18730635    1.20882987    1.15877048    1.18480571    1.20211067    1.28262677    1.19654183    1.17901207    1.26178453    1.53095508    1.28648808    1.39662724    1.23283526    1.24253779    1.15564952    1.18032150    1.15427111    1.35540478    1.38839002    3.08788828    3.25104146    3.28406025    2.87593903    2.79721066    2.70177664    3.19280363    3.13595464    2.84037952    3.13997098    3.43401161    3.21967174    3.45076761    2.89003990    2.79692892    2.81332739    3.32498503    3.32462466    3.59765240    3.52243916    3.60010344    3.49666494    3.55477122    3.02540350    3.19777226    2.78180651    3.34267369    3.57388452    3.36849549    3.26465104    2.59070919    3.17918311    3.21735057    3.10397946    3.39424379    3.41937469    3.36659075    3.52337446    3.57022634    3.49911230    3.98114292    3.71033097    2.94348946    3.02613897    3.18490822    2.96942475    3.04357410    3.12884768    2.74867888    2.92360268    1.19413002    0.81522025
Q87SH8_VIBPA/8-160     0.96515983    1.15249471    1.17461297    1.19340120    1.14738354    1.23331123    0.92268477    0.95774254    0.85892574    0.96340459    0.77963037    0.84708301    0.54790331    0.00000000    0.39228346    0.37716289    0.42158274    0.63984174    0.77297677    0.66652609    0.63503450    0.57184694    0.62941627    0.59640120    0.55001466    0.59288163    0.62870865    0.91146164    0.84929945    0.82666124    0.90995994    0.98055221    0.98112849    0.89918457    1.03833878    0.90032694    0.99374415    0.99904058    0.98627763    0.73192827    1.14893394    1.20266153    1.14465403    1.24314001    1.04919369    1.10609908    1.25773197    1.30170701    1.23055207    1.23519895    1.33982797    1.37413964    1.14407069    1.23299933    1.08383579    1.22802608    1.13815099    1.06217867    1.17103716    1.37878801    1.40026791    3.14746418    3.39656018    3.22588233    2.98481631    2.86222520    2.64537303    3.06937443    2.96453445    2.77685041    3.03411982    3.02280235    2.90475059    3.29560035    2.95864243    3.03420980    2.80698667    3.24752764    3.12475369    3.07374748    2.80158126    2.93601953    2.86630154    3.00417008    3.10271354    2.80095070    2.88392517    3.10482522    3.08429244    2.92256043    2.77096696    2.73742585    2.39817262    2.70237379    2.60705594    2.83756518    3.34524379    2.95517882    2.91318866    2.94637620    3.29935205    3.40846901    3.35530404    3.03381135    2.74450679    2.68838465    2.97716687    3.20214133    3.08399984    2.72470389    2.61892396    1.25304558    0.89727999
A0A233HH91_9VIBR/9-160     1.11827984    1.21213045    1.11842177    1.34266838    1.15434725    1.37402549    1.00723966    0.97627956    0.96133357    1.05858720    0.72600622    0.84961214    0.59800551    0.39228346    0.00000000    0.39740993    0.48877483    0.73786148    0.81911550    0.74274881    0.66613495    0.62137059    0.67878564    0.59129934    0.65076761    0.61970687    0.65735652    0.91143493    0.97128566    0.86535613    0.96040865    1.10866359    1.00626806    0.85016465    1.01946084    0.92187483    0.98015815    1.19705968    1.11466824    0.74323495    1.29140876    1.37067184    1.25514546    1.18114838    1.20747712    1.16369554    1.39600850    1.53530869    1.35976814    1.34939044    1.35665753    1.48415623    1.26845300    1.31328014    1.21887942    1.25896130    1.21035871    1.22027059    1.31496155    1.59946212    1.51235940    3.43294177    3.12839384    3.22651025    3.03918933    3.02597332    2.67424470    2.81824465    3.10769839    2.73887981    2.96807371    3.26841500    3.42850349    2.99435353    3.06746394    3.05982028    2.97624621    3.44083585    3.22722954    3.06834017    3.18942631    3.17559350    3.19348492    3.01399903    3.33471132    3.07793144    2.98046376    3.76179419    3.38508413    2.84225829    3.07439715    2.95233442    2.51189341    2.59256863    2.49941146    2.97544704    3.13721422    3.29441316    3.13057527    3.22509923    3.31820832    3.62786298    3.63227596    3.03566922    2.69622557    2.98692651    3.05899157    3.20674221    2.98532453    2.60434574    2.76201327    1.38427536    1.14915689
B7VIY9_VIBA3/8-164     0.98349250    1.13975976    1.14351702    1.30676584    1.14406130    1.15933189    0.82715943    0.93598108    0.83270518    1.02066688    0.70456616    0.87030121    0.55246305    0.37716289    0.39740993    0.00000000    0.36899508    0.68005816    0.83598373    0.70208003    0.64243694    0.65550300    0.67073574    0.64682066    0.62302324    0.62279738    0.63902326    0.89761682    1.05091693    0.93211247    0.99361181    1.02841758    0.94018137    0.83281577    1.09368808    0.86474760    0.96500036    1.08496218    0.99323084    0.67009096    1.31690428    1.25729438    1.07754842    1.24168893    1.21121371    1.09748406    1.30800294    1.57177862    1.22322810    1.33509809    1.29991152    1.25300160    1.28766158    1.41034683    1.17352965    1.19401301    1.10123332    1.13028328    1.19194962    1.38885007    1.50901284    3.32079364    3.04461866    3.05033893    3.00116648    2.80488327    2.65492515    2.96980654    2.98511481    2.62632496    3.13473865    3.07462910    3.04858875    2.93819854    2.72910494    2.78153805    2.76236820    3.05297796    2.92718187    3.07010628    2.85297481    2.86879969    2.90288765    2.98171823    3.01527791    2.89878086    2.99572448    3.23582867    3.18287653    2.69918826    3.09221309    2.75070270    2.85734498    2.85440480    2.83211534    3.00858577    3.14084860    2.84143128    3.02825272    2.83800932    3.33146201    3.47031002    3.62275449    2.98467236    2.53652693    3.20341451    2.85899343    3.41767801    2.83075342    2.74488588    2.67512486    1.34835814    0.85399687
Q5E2N6_ALIF1/8-154     0.94352062    1.12605848    1.24547256    1.22350350    1.12141466    1.12592274    0.85940079    0.91909111    0.86903718    0.99500290    0.76775467    0.75028015    0.50540979    0.42158274    0.48877483    0.36899508    0.00000000    0.61050158    0.77894898    0.70059665    0.51630592    0.56339701    0.61399365    0.61290648    0.56777310    0.57867644    0.63019943    0.92853707    1.01750782    0.90637521    0.95420215    1.03461671    0.89615356    0.82787312    0.96841688    0.81774824    0.88968502    1.09217554    0.96111889    0.69957857    1.22612242    1.21419460    1.14353232    1.07938310    1.05774650    1.05744408    1.29966747    1.33504104    1.14893619    1.30892768    1.18709237    1.28667528    1.24544626    1.28732696    1.19158937    1.21582364    1.17105755    1.05758408    1.27652434    1.43763841    1.41399385    3.45407034    2.93588444    2.80854108    2.85925647    2.64676970    2.46150775    2.62099842    2.85706209    2.74250954    3.29712863    3.09904986    2.90347830    2.90458965    2.74104211    2.77809984    2.56177988    2.81128931    2.93407714    2.77432933    2.90384216    2.95743044    2.92045525    2.86582265    2.69990216    2.61849907    2.72601066    3.00748588    3.04255723    2.56999616    2.76592222    2.50823854    2.67874723    2.81900566    2.60076602    2.52104216    3.21563777    2.79624562    2.98357046    2.83172155    2.91321129    3.04532895    3.15912750    2.78652747    2.66211825    2.60620599    2.76502758    3.35356362    2.89149639    2.66169323    2.42883489    1.11041339    0.82860742
A0A5P8YKL4_YERPE/8-171     0.78321636    1.06220286    1.13472035    1.06565711    1.08355459    1.20895150    0.94075456    1.11831150    0.93021085    1.16070387    0.77740814    0.74084947    0.55578632    0.63984174    0.73786148    0.68005816    0.61050158    0.00000000    0.50598362    0.50794568    0.53713797    0.38464810    0.46863641    0.39481463    0.43730672    0.32500320    0.33445437    0.94456388    0.91622446    0.90706137    0.94595111    1.06326716    0.89342071    0.82865585    1.01073557    0.86926842    0.89658436    0.89671494    0.86498902    0.81268833    1.15212552    1.37631605    1.23575216    1.01190801    1.15038237    1.24829445    1.24004129    1.26365661    1.14233525    1.24907860    1.14701774    1.25710808    1.23770735    1.24710280    1.07516051    1.15364879    1.10968137    1.02071542    1.13171225    1.21482116    1.40925654    2.77848558    2.78586847    2.83907710    2.67776243    2.79485760    2.59233715    2.84026677    2.76985461    2.62338114    3.31766679    2.96873768    2.85987756    3.07314206    2.58572426    2.48122786    2.69720681    3.36960676    2.63405821    3.07058825    2.87728545    2.96432634    3.00026795    3.03192638    2.82790230    3.02603528    2.70343908    3.06575632    2.88699259    2.85564900    2.69181535    2.55701685    2.81233768    2.83733108    2.86090085    2.80218134    2.93876949    2.82971271    3.08764132    3.05577660    3.17767304    3.39714065    3.22518695    2.67523697    2.53972775    3.02947343    2.79547511    2.82620541    2.68655867    2.56351868    2.55812560    1.40497516    1.01523764
Q7N081_PHOLL/8-171     0.89391729    1.06615530    1.05940350    1.22172525    1.15848965    1.20019370    0.98365777    1.11048540    1.02390109    1.52583446    0.83392782    0.74999444    0.73294373    0.77297677    0.81911550    0.83598373    0.77894898    0.50598362    0.00000000    0.48752516    0.50760749    0.54063579    0.55885585    0.55191655    0.57899283    0.48958946    0.50051920    0.94181894    0.84845936    0.90187877    1.00036109    1.24535421    0.99310575    0.88733093    1.12145105    0.97343616    0.89340999    1.06210812    0.96302559    0.91591064    1.37115375    1.56681133    1.42701913    1.19148731    1.34955938    1.28117089    1.32315998    1.48945203    1.36408338    1.26625554    1.26782491    1.43873887    1.32323535    1.37578217    1.15951804    1.16046087    1.26220392    1.13165878    1.29305941    1.29812112    1.28078065    2.84954468    3.06372376    2.95266080    2.58104190    3.11509477    2.81778427    3.03432898    3.06410229    2.73110294    3.27130913    2.87994531    3.03106070    3.11702665    2.60179853    2.60868424    2.84310194    3.52230004    2.85630834    2.94368862    3.24076071    3.05380547    2.91323510    3.16656590    2.64812178    3.26177017    2.82545222    2.96778563    3.15095725    2.58050895    2.40572673    2.45956070    2.43167661    2.60704405    2.67280506    2.59985637    3.13760327    3.31687464    3.27259777    3.08333978    3.32163699    3.44913712    3.18912634    2.71051390    2.64551777    2.98584541    3.11175450    3.18217312    2.95145715    2.52165983    2.66422327    1.55223644    1.03256602
D3VDF7_XENNA/3-156     0.84357546    1.02971945    0.85490993    0.89664355    0.92275882    0.94379048    0.95111349    1.03816830    0.98957451    1.23092858    0.75181659    0.70964782    0.65139791    0.66652609    0.74274881    0.70208003    0.70059665    0.50794568    0.48752516    0.00000000    0.46890964    0.51970587    0.58411791    0.50743298    0.60537567    0.51121663    0.50923870    0.78749046    0.80223530    0.86731984    0.91714034    1.18838795    0.90614279    0.80400636    0.99805514    0.80954663    0.83438686    0.98917901    0.94326445    0.88798940    1.15768891    1.34233663    1.16781249    1.08663289    1.06529441    1.05677050    0.99936393    1.21220175    1.00383198    1.01933401    0.97193407    1.08542357    1.03422772    1.10718202    1.06412595    1.08231953    1.10233317    1.08301384    1.11562163    1.23263318    1.19277028    2.88148291    3.25402161    2.87351064    2.56974149    2.90165608    2.53619255    2.87610080    2.99742595    2.73455454    3.49865977    3.18563793    3.06072007    3.21257178    2.89510141    2.69997437    2.91730781    3.13599065    2.77917861    2.92914881    2.90719641    2.99280595    2.82004427    2.97696377    2.77350814    3.10502035    2.65349286    2.84013596    3.08154168    2.68008914    2.79549669    2.39841535    2.66039285    2.65073966    2.75724612    2.62396989    3.10015815    2.80150282    3.03456855    2.95568968    2.95458192    3.47855193    2.89437654    2.73951485    2.76387422    2.67027328    2.61502564    2.97090115    2.67545259    2.52971598    2.46548249    1.13539928    0.95665877
J7TQD2_MORMO/8-162     0.83677319    0.92757089    0.93198720    0.96714867    0.85732515    0.96934789    0.97307204    0.87552405    0.93234242    1.17793380    0.69761586    0.60376946    0.70481768    0.63503450    0.66613495    0.64243694    0.51630592    0.53713797    0.50760749    0.46890964    0.00000000    0.52840993    0.55306025    0.53912983    0.51680670    0.56991791    0.54479173    0.86539323    0.78988713    0.82977054    0.93237334    1.13641636    0.75885430    0.69910520    0.92852756    0.66164316    0.71391441    0.85538549    0.89283746    0.79011829    1.05485628    1.42696552    1.13675153    1.05091763    1.13094135    1.07439788    1.20037552    1.35131487    1.19467977    1.21982474    1.07107982    1.19240828    1.00983254    1.08544753    1.05966741    1.14470948    1.06723777    1.04214115    1.02499057    1.31264351    1.14560450    2.97482275    2.80530303    2.82638653    2.66425770    2.69621374    2.46980298    2.73116162    2.83534144    2.97475155    3.34483371    3.20135499    2.94520405    2.98298961    2.80814765    2.45877040    2.71876535    2.75638905    2.51342308    2.91040630    3.07771603    2.98579095    2.84622010    3.11584171    2.62542529    2.94528965    2.60857761    2.65631391    3.15122184    2.53033593    2.71851806    2.50367494    2.47604795    2.54715860    2.50751532    2.36041766    2.96414465    2.60435978    2.69625551    2.51102053    2.61335203    2.63447405    3.20074226    2.51122728    2.50123059    2.70181025    2.52749872    3.02528015    2.46769601    2.32623264    2.41938001    1.37661020    0.93482513
W0LBI2_9GAMM/8-160     0.80207294    0.88905231    0.95271135    0.98278392    0.90257961    1.04908464    0.81301593    0.95666086    0.76758752    1.08530685    0.64995249    0.65623980    0.53456316    0.57184694    0.62137059    0.65550300    0.56339701    0.38464810    0.54063579    0.51970587    0.52840993    0.00000000    0.32892973    0.31152456    0.38041320    0.33849891    0.33505102    0.85516148    0.80645344    0.78587354    0.86786748    0.98619689    0.75416162    0.67000597    0.82970483    0.64111509    0.76449969    0.92283533    0.84955701    0.75922125    1.13874914    1.31567706    1.06827550    0.98397842    1.03341204    1.17901854    1.05907603    1.10259654    1.07057284    1.11312341    1.08194189    1.25756966    1.17304216    1.18776539    1.10232218    1.10885265    1.03559346    1.02839945    1.07889281    1.19328818    1.17022202    2.73047462    2.89753628    2.64838671    2.83961900    2.64325640    2.58192108    2.79820224    2.83762786    2.56896268    3.23130411    2.97589830    2.95029864    3.19276514    2.78420365    2.58162140    2.66836649    3.31463799    2.78016215    2.76206091    3.04604025    2.79038008    2.69477297    3.01329266    2.98684403    2.86285353    2.69228638    3.01465080    3.32118620    2.80803578    2.80982165    2.46894118    2.80096703    2.92299748    2.86196714    2.63826176    2.93084700    2.94549070    3.20380877    3.06232619    3.20242146    3.26709588    3.52855728    2.91096054    2.58709799    3.00668035    2.84061028    3.19041657    2.64519965    2.44594848    2.23384010    1.19570709    0.88622050
Q6DAE4_PECAS/8-167     0.83648336    0.92517334    1.13313543    1.00833069    0.95011816    1.12307845    0.85684662    0.99405834    0.91084797    1.05359033    0.69189335    0.72097044    0.58906761    0.62941627    0.67878564    0.67073574    0.61399365    0.46863641    0.55885585    0.58411791    0.55306025    0.32892973    0.00000000    0.32418357    0.44219240    0.38364590    0.37589256    0.90142889    0.87305563    0.93648381    1.01413404    1.07649737    0.84511274    0.80283505    0.95667135    0.78732948    0.85301180    0.96039477    0.96739261    0.84240280    1.16856487    1.51671837    1.24042892    0.99724733    1.11452496    1.25672609    1.11850494    1.16256331    1.18599594    1.26588464    1.05856470    1.25900235    1.17249823    1.24773142    1.15942036    1.12273491    1.24031356    1.16295267    1.07668326    1.24120597    1.31899860    3.21111254    3.10597465    2.83054485    2.94745960    2.79735656    2.78831645    2.81290254    2.80697682    2.80931697    3.52651421    2.99790926    3.04630921    3.40039253    2.70845160    2.70623710    2.88029632    3.26980568    2.89240925    3.00695064    3.31214827    3.12457859    3.07984623    3.24376080    2.96394812    3.01515814    2.53364198    3.01402935    3.30214738    3.05897507    2.93287088    2.82771776    2.98045825    2.82715273    2.86428231    2.68514532    3.04180087    3.23172146    3.62852081    3.26830656    3.27055029    3.45199578    3.19771492    2.84748496    2.61857271    3.16109078    2.83958138    3.20354498    2.88873272    2.72045331    2.20509878    1.35997901    0.98530121
E0SHE7_DICD3/8-165     0.92131505    0.89387432    1.00522233    1.07037240    1.01580229    1.00037728    0.88624307    1.03230406    0.88210826    1.09414500    0.65745136    0.70008260    0.52112241    0.59640120    0.59129934    0.64682066    0.61290648    0.39481463    0.55191655    0.50743298    0.53912983    0.31152456    0.32418357    0.00000000    0.36073769    0.32490895    0.36934055    0.84799577    0.83403899    0.86397474    0.93772475    1.04714571    0.75065102    0.70149466    0.83236090    0.63447768    0.70580437    0.99493658    0.95005535    0.79601651    1.17460015    1.36893379    1.18443147    0.97955547    1.01281418    1.19010945    1.12988276    1.13299095    1.17796105    1.22151019    1.03605932    1.34410066    1.15591706    1.22756485    1.07247060    1.07211985    1.09648102    1.11989700    1.10588901    1.30403160    1.22118081    2.97577197    3.07072530    3.03185525    2.83554687    2.67861429    2.56810232    2.72601733    2.86643420    2.70134146    3.29860618    3.37563303    3.32262404    3.11323753    2.87013070    2.66642927    2.70965915    3.34289918    2.99552510    2.88087314    3.02368247    3.24361238    3.12628224    3.06728842    2.99072015    2.79620689    2.59009539    3.02670571    2.86258464    2.87166990    2.63955809    2.49139983    2.64160889    2.49406398    2.64622848    2.65986271    3.09636447    2.88278251    3.01840143    3.23916923    2.95806837    3.35589739    2.89368691    2.75552172    2.69426550    2.75686192    2.78602801    3.10898795    2.93581341    2.62088486    2.40783589    1.19147202    0.97507230
