66
Q16Q55_AEDAE/168-262     0.00000000    0.47397033    0.60664593    0.70544615    0.53169950    0.73182947    0.74371831    0.76727208    0.79096804    1.06892598    2.45488870    2.92051703    2.22127591    2.15032259    2.43266100    2.33315028    2.62098438    2.46537960    2.19477741    2.03421959    2.20450722    2.04377882    2.29369261    2.26119767    2.24832668    2.20201358    2.21387508    1.94736073    2.05276319    1.80564762    1.60419892    1.66181470    1.68019286    1.79742944    1.46024233    1.54482083    1.72892877    1.14709147    0.87406050    1.28428625    1.10572306    1.54736034    1.11768032    1.14925038    1.25657148    1.22165037    1.26515601    1.12780798    1.07207928    1.32305271    0.88562476    0.99806784    0.82616492    0.99238556    1.10634211    1.01436609    0.93513032    0.91909407    0.93509922    0.88165846    0.80675768    0.82342369    0.80715754    0.82668648    0.89583490    0.67926414
B0W0R5_CULQU/168-252     0.47397033    0.00000000    0.73530741    0.78073015    0.62711041    0.66928581    0.70814805    0.81274881    0.74883802    1.08592418    2.53667588    2.93962089    2.36631616    2.28393990    2.25405646    2.06418802    2.49322260    2.40992422    2.26745884    2.23355027    2.25822360    2.34731070    2.55635200    2.59563432    2.24433561    2.06912416    2.32535577    2.41432371    2.13169582    1.53039733    1.60578030    1.66083929    1.66193760    1.74724511    1.30069988    1.48325483    1.41771217    1.05240808    0.77245433    1.32078658    1.13463623    1.32516941    1.01419607    0.89603382    1.14165870    1.13528738    1.12209549    1.01023452    0.96620347    1.24524107    0.69263485    1.03761086    0.92081722    1.02324812    1.06688589    0.90855899    0.80757330    1.02581632    0.92169599    0.79502004    0.91219755    0.89139257    0.96006071    0.88662887    0.85275473    0.67161103
D6WDE3_TRICA/165-246     0.60664593    0.73530741    0.00000000    0.51531582    0.54096722    0.59952467    0.61186029    0.68749646    0.86815679    0.87603869    2.36789438    3.14856329    1.73941506    2.04851455    2.06268349    2.25286900    2.23627115    2.16290081    2.00478951    2.09061163    1.93036766    1.88534700    2.15844532    2.06992612    2.03790937    1.99049136    1.93744872    2.24638540    2.07997051    1.67823085    1.79224354    1.68368316    1.75542774    1.92991790    1.65834595    1.57807883    1.65693962    0.80856510    0.80464239    1.06268804    1.02254856    1.22979577    1.13246150    1.07869061    1.03882859    1.13866402    1.05971595    1.07946855    1.05634121    1.08823990    0.70406248    0.97094403    0.97951361    0.97591642    0.96206124    0.99944530    0.66237657    1.01052860    0.92407692    0.75659130    0.76536641    0.75775490    0.84597501    0.71810364    0.79324147    0.75202629
B4NIU8_DROWI/168-258     0.70544615    0.78073015    0.51531582    0.00000000    0.39226606    0.55962971    0.59056828    0.79988437    0.78034903    0.93540484    2.07539281    2.68349298    1.66963370    1.92761169    2.03418205    1.86778876    1.85377422    1.90090227    1.86070712    2.04371442    1.76044770    1.90486045    2.13712374    1.96992586    1.71627784    2.09831871    1.62920409    1.91268682    2.11135486    1.90283475    1.99658691    1.87160841    1.88953127    2.00849407    1.80652182    1.38511793    1.61452052    1.11012309    0.90936293    1.16922405    1.07439203    1.49694301    1.11898598    1.22111791    1.34890514    1.21874239    1.14464458    1.22170950    1.16299015    1.25357281    0.67813857    0.97820457    0.98273089    0.98317632    1.07847947    0.91489201    0.81220644    0.99230379    0.79659508    0.94163393    1.07323709    1.09324346    1.00502382    0.71649308    1.16183437    0.82358162
B4GEZ5_DROPE/168-257     0.53169950    0.62711041    0.54096722    0.39226606    0.00000000    0.31275548    0.31396655    0.69371351    0.75584214    0.89017284    1.85851854    2.53185918    1.65835959    1.92170364    1.91585291    1.88125958    2.02180667    1.75369898    1.65257533    1.93989807    1.72274211    1.82611153    1.88841362    2.04304501    1.68657097    1.87994594    1.65860665    2.05592499    2.05850506    1.69395213    1.52623266    1.50659674    1.62990767    1.70900133    1.43093201    1.56952105    1.52133446    1.11580854    0.96668567    1.20673256    1.15591924    1.45150718    1.29999529    1.27494639    1.20677557    1.14292047    1.09308253    1.20750375    1.11649121    1.45963058    0.74781567    1.02249775    0.89072960    0.95234836    0.96668765    0.98734196    0.72121350    0.93160786    0.91910817    0.95518564    0.86686253    0.92322443    0.93064104    0.84082396    0.92563120    0.76164694
B4LZ26_DROVI/167-261     0.73182947    0.66928581    0.59952467    0.55962971    0.31275548    0.00000000    0.30467925    0.75110455    0.95264774    1.34819511    2.34802473    2.85378400    1.91445172    2.32133280    2.31904018    2.32852580    2.06765838    1.83146051    1.84182566    2.30443611    1.91932627    1.83429468    2.22287025    2.16164869    1.96206812    2.08498620    1.84424688    2.25777181    2.13956162    2.00921470    2.11068220    2.16564637    2.07849796    2.17491050    1.53940893    1.61654213    1.58791622    1.34991124    1.10242471    1.15715309    1.16134183    1.57768759    1.24277576    1.29156091    1.34680178    1.24564501    1.42499749    1.35914395    1.25638741    1.34745792    0.81209278    1.24066841    1.08436407    1.18591425    1.15626801    1.11688540    0.84405408    1.04228738    1.01577393    0.84234610    0.97283991    0.90833852    0.92349940    0.86118351    0.97277121    0.77966549
B4JZ15_DROGR/168-257     0.74371831    0.70814805    0.61186029    0.59056828    0.31396655    0.30467925    0.00000000    0.78648045    0.88191706    1.16158357    2.16435998    2.83240449    1.89867568    2.05975981    2.20450226    2.15482513    1.96021903    1.96623595    1.90990707    1.97592655    1.77966108    2.03207475    2.24949890    2.05920097    2.00810627    1.79937194    1.58514554    2.31646430    1.94320397    2.07060409    1.97854343    1.77683178    2.18101840    2.35801362    1.58015270    1.83792253    1.77553555    1.17709082    1.00503380    1.35882352    1.29082713    1.54390994    1.26342440    1.26856148    1.23827239    1.32156795    1.25531825    1.28631558    1.27470959    1.41733349    0.80395913    1.10318784    1.11928275    1.13741508    1.09491604    1.12135488    0.87235753    0.95286977    0.95702566    0.92307407    0.89263684    0.97932762    1.00737537    0.82278596    0.97754368    0.76403741
E9FZJ3_DAPPU/165-249     0.76727208    0.81274881    0.68749646    0.79988437    0.69371351    0.75110455    0.78648045    0.00000000    0.83586835    1.11879787    2.68379867    3.17070128    2.05571544    2.49727191    2.67198359    2.66808583    2.75116759    2.49788671    2.49279056    2.39998412    2.44218655    2.49212719    2.74180989    2.39320015    2.24686123    2.11255400    2.00226489    2.40290475    2.11155434    1.58269293    1.60074873    1.66637607    1.97275727    2.16151851    1.42033453    1.43181261    1.35472535    0.89955969    0.72327366    1.08487378    0.92785747    1.10706413    1.03048766    0.90767101    0.89049794    0.93892556    0.86106555    0.87259547    0.97684172    1.07210953    0.75188189    0.90555088    0.99185393    0.98287546    0.97623874    0.91491350    0.85105332    0.92956955    1.19669421    0.85509830    0.82734170    0.89614286    0.94149905    0.84652530    0.86756818    0.85921798
B7P5X4_IXOSC/173-264     0.79096804    0.74883802    0.86815679    0.78034903    0.75584214    0.95264774    0.88191706    0.83586835    0.00000000    0.84379809    2.01933588    2.34116070    1.62271108    1.88827431    1.84859185    1.91177390    1.99970072    2.09496878    2.07987533    2.28343004    2.00150314    2.07339150    2.18336729    2.18865991    1.78323336    1.67564980    1.83338276    2.59253904    2.13574410    1.50496338    1.45172500    1.51953713    2.02069803    2.00619243    1.56000809    1.41887927    1.41276549    0.91801781    0.86114195    1.05039131    1.05557503    0.90605751    0.82415429    0.71777784    0.73287423    0.73119851    0.65699350    0.68079205    0.74249158    0.85436699    0.71709210    0.93984427    0.82269584    0.85697493    0.85498577    0.82447332    0.84149831    1.16787357    0.84844241    0.88202281    1.14036227    0.85355838    0.94813109    1.10406766    0.99281201    0.85313350
F2U204_SALR5/173-255     1.06892598    1.08592418    0.87603869    0.93540484    0.89017284    1.34819511    1.16158357    1.11879787    0.84379809    0.00000000    2.16537322    2.56805788    1.76088673    1.79126655    1.70403786    1.96098627    1.85157707    1.76435495    1.73892453    1.87058342    1.95203935    1.69594265    1.90369214    1.83430620    1.59891968    1.92831832    1.62074585    2.04540309    1.86324547    1.48040276    1.44336689    1.42199820    1.65373075    1.84972578    1.44350404    1.37093126    1.50251561    1.00878572    0.77595465    1.23658769    1.00528327    1.36971913    1.06478716    1.07573999    1.09107676    0.99724501    0.80888275    1.07715260    0.85146037    1.09525472    0.96880668    0.98308686    1.08918523    1.21802039    1.31442407    0.96368949    1.24017107    1.42136217    1.33764701    1.29755378    1.32402418    1.49046226    1.32460498    1.19672062    1.48722515    1.18405517
C5MG47_CANTT/170-250     2.45488870    2.53667588    2.36789438    2.07539281    1.85851854    2.34802473    2.16435998    2.68379867    2.01933588    2.16537322    0.00000000    0.50698279    0.79675358    0.83669393    0.71560182    0.91893026    0.93515036    0.93453663    0.95400573    0.90496909    0.77321966    0.81194028    0.83691612    0.76396214    0.87907492    1.09587885    0.95480368    1.10484838    1.27389475    1.14996152    1.12310016    1.19034436    2.33382393    2.37946735    1.81323447    2.15888094    2.19035446    2.46964415    2.41206163    2.06042400    2.23630533    2.73092050    2.42859755    2.63495132    2.17867918    1.95169136    2.18045377    2.04574514    2.15397768    2.59417402    2.73409504    2.17562532    1.97034050    2.19564649    2.38658383    2.13202718    2.01935237    2.60180518    2.43441713    2.88463511    2.91601523    2.97666392    3.34273884    2.73329666    3.50847730    2.79551085
G8B916_CANPC/167-251     2.92051703    2.93962089    3.14856329    2.68349298    2.53185918    2.85378400    2.83240449    3.17070128    2.34116070    2.56805788    0.50698279    0.00000000    0.64438201    0.73236247    0.78065460    0.89494351    0.97120378    0.95094015    1.02133877    0.93523240    0.93369309    1.01933954    0.97256598    0.94888780    0.74021793    1.17615777    1.23324226    1.11549823    1.51186263    1.33319301    1.38897145    1.30362449    3.12809662    3.24000879    2.21011852    2.27549292    2.45772788    2.97868989    2.63156765    2.43481575    2.64393806    2.92877174    3.07787346    3.04234394    2.98088644    2.05501416    2.58056518    2.44540632    2.58997855    2.95338033    2.95518192    2.59618812    2.40904701    2.35788566    2.45553778    2.22191846    2.31011547    2.83156405    2.38626689    3.39046138    3.52465599    3.44007970    3.91029920    3.07248324    3.65128426    3.14739444
C4R439_KOMPG/167-245     2.22127591    2.36631616    1.73941506    1.66963370    1.65835959    1.91445172    1.89867568    2.05571544    1.62271108    1.76088673    0.79675358    0.64438201    0.00000000    0.46285113    0.41842022    0.48873914    0.61596596    0.58157169    0.62956227    0.58518336    0.45361859    0.44187001    0.58551422    0.55786729    0.31881705    0.99107361    0.81354823    0.85506611    1.20581933    1.10094416    1.02795377    1.10330533    2.74537717    2.80344090    2.06349113    1.76680609    1.86115208    2.09911713    1.49815779    1.83791480    1.91181432    1.96267287    1.93723492    2.05899918    1.71368299    1.49888323    1.67736543    1.69371047    1.49835960    2.16622089    1.79225408    1.97488687    1.85150416    1.99171705    1.72031966    1.86668710    1.71040167    2.36013879    1.81639500    2.54662251    2.34988271    2.40888972    2.64474655    1.90555198    2.44003002    2.21342178
K0KLA9_WICCF/168-248     2.15032259    2.28393990    2.04851455    1.92761169    1.92170364    2.32133280    2.05975981    2.49727191    1.88827431    1.79126655    0.83669393    0.73236247    0.46285113    0.00000000    0.49085592    0.48452673    0.71671067    0.55801427    0.62547611    0.56526123    0.57022732    0.65357872    0.73658937    0.58412155    0.43373672    1.17884361    0.96080783    1.05143840    1.40839048    1.14674741    1.16958049    1.23188067    2.52042383    2.51784305    2.07647192    1.72394296    2.16693503    2.23101956    1.89958081    2.31968569    2.34903835    2.46283498    2.15639329    2.23173329    2.20594779    1.82213304    2.20774451    1.93666036    1.90272873    2.30254045    1.88838036    2.03098229    2.00204392    1.96738006    1.87204510    1.64895110    2.19724671    2.49065876    2.06555894    2.29621084    2.37209299    2.74475550    2.89524740    2.15271942    2.53936948    1.67266553
Q6CJ91_KLULA/166-245     2.43266100    2.25405646    2.06268349    2.03418205    1.91585291    2.31904018    2.20450226    2.67198359    1.84859185    1.70403786    0.71560182    0.78065460    0.41842022    0.49085592    0.00000000    0.30961480    0.49645734    0.44977944    0.49289341    0.55812247    0.48103958    0.37702345    0.36102885    0.46079145    0.34431813    1.10168448    0.98713619    1.03124148    1.31400290    1.19436533    1.22851112    1.13134230    2.13146888    2.21390296    1.74916237    1.63573467    1.87177168    2.15255227    1.88075296    1.99758841    2.21158033    2.16903439    2.32883414    2.32799729    2.04639803    1.59411815    1.72849440    1.93404882    1.77575750    2.34973189    2.21942712    2.19516404    2.13486633    2.27803007    1.99218722    1.95696719    2.17171201    2.53096927    1.84253901    2.59289160    2.86877139    2.77501621    2.86325888    1.84110656    2.73324144    2.12690071
Q6FLC2_CANGA/159-237     2.33315028    2.06418802    2.25286900    1.86778876    1.88125958    2.32852580    2.15482513    2.66808583    1.91177390    1.96098627    0.91893026    0.89494351    0.48873914    0.48452673    0.30961480    0.00000000    0.55963751    0.36811741    0.42733677    0.48076084    0.52705492    0.44973886    0.47996248    0.43466804    0.35890406    1.23157206    1.06167281    0.94898102    1.41753057    1.34679855    1.36090389    1.32369482    2.40058087    2.27591424    2.10227773    1.73012727    2.28344163    2.21409676    2.33555051    2.23958920    2.25700906    2.39393357    2.33031402    2.18595428    2.33819440    1.91012691    2.34771304    2.33818724    1.89339199    2.35948040    2.07981913    2.23640957    2.20402986    2.29438990    1.79204999    2.01826354    2.08128500    2.54575749    2.16231432    2.28162009    2.49436735    2.77920596    3.11948024    2.36717421    2.81502494    2.03046642
G8ZY19_TORDC/166-248     2.62098438    2.49322260    2.23627115    1.85377422    2.02180667    2.06765838    1.96021903    2.75116759    1.99970072    1.85157707    0.93515036    0.97120378    0.61596596    0.71671067    0.49645734    0.55963751    0.00000000    0.53145683    0.55145451    0.58250642    0.57074780    0.46754290    0.52846321    0.48087059    0.49312982    1.22104318    1.14157364    1.06956910    1.36946036    1.32258987    1.45374322    1.41604211    2.85255503    2.93495830    1.81955760    1.45046890    1.69773460    2.51229889    1.75735536    2.13915011    2.17231454    2.45604167    2.39578525    2.16350953    2.35967499    1.86304241    2.08124049    2.22617693    1.94443283    2.28947006    2.25574065    2.45377038    2.37008558    2.35918754    2.25170296    2.26643103    1.99776785    3.00779300    2.06283585    2.87262563    2.65876897    2.70262623    2.99079737    2.45951607    3.09032674    2.46405728
G0VG88_NAUCC/166-250     2.46537960    2.40992422    2.16290081    1.90090227    1.75369898    1.83146051    1.96623595    2.49788671    2.09496878    1.76435495    0.93453663    0.95094015    0.58157169    0.55801427    0.44977944    0.36811741    0.53145683    0.00000000    0.31232913    0.55303895    0.54926838    0.43931501    0.48897072    0.39750964    0.49313479    1.36750733    1.25173875    1.10095254    1.35907120    1.36104531    1.36273132    1.31760661    2.63702437    2.54301722    2.24154833    1.95400501    2.13048365    2.08866954    1.94531156    1.74531609    2.16388938    2.52495015    2.41848054    2.18683731    2.02110485    1.71225686    2.27980183    2.12160274    1.74886580    2.27640996    2.00759417    2.09488536    2.27733951    2.20432866    1.67665489    1.98006239    1.81813103    2.26686958    2.49756173    2.27820719    2.33903708    2.64466606    2.89008922    2.23189567    2.52335592    2.12680509
G8BYD6_TETPH/166-247     2.19477741    2.26745884    2.00478951    1.86070712    1.65257533    1.84182566    1.90990707    2.49279056    2.07987533    1.73892453    0.95400573    1.02133877    0.62956227    0.62547611    0.49289341    0.42733677    0.55145451    0.31232913    0.00000000    0.61741046    0.58624510    0.42465684    0.44193391    0.46258786    0.52472608    1.19517856    1.06446888    1.02034189    1.25905141    1.35474771    1.28148197    1.39549209    2.32288610    2.20071442    2.15476909    1.73343725    2.03514774    2.15316917    1.91026892    2.16203385    2.10818404    2.05320627    2.26072837    1.99395312    1.93016761    1.67891765    2.08171878    2.01455988    1.61596002    2.15865623    2.02245184    2.16298421    2.24110533    2.17698253    1.72853410    2.03852017    1.91043216    2.29621618    2.22541578    2.38230082    2.70723846    2.65341757    2.61003270    2.24904875    2.60831473    2.32546150
H2AY43_KAZAF/163-243     2.03421959    2.23355027    2.09061163    2.04371442    1.93989807    2.30443611    1.97592655    2.39998412    2.28343004    1.87058342    0.90496909    0.93523240    0.58518336    0.56526123    0.55812247    0.48076084    0.58250642    0.55303895    0.61741046    0.00000000    0.40538889    0.42339175    0.47337598    0.52135996    0.52254303    1.28983013    1.32676137    0.93064767    1.33878774    1.41499746    1.36670807    1.50463448    2.68899596    2.75113752    2.48990624    1.90628114    2.30831272    2.56784944    2.08908641    2.42146723    1.95543747    2.83038836    2.44510571    2.12415532    2.42166516    1.98783368    2.25735276    2.25121705    2.05278439    2.47132682    1.98137646    2.12008218    2.04520881    2.25999575    2.08740738    2.00341985    2.20712856    2.70526780    2.47737068    2.55782307    2.43974091    2.56923564    2.83565105    2.29367792    2.05151555    2.19184822
J7RST8_KAZNA/166-245     2.20450722    2.25822360    1.93036766    1.76044770    1.72274211    1.91932627    1.77966108    2.44218655    2.00150314    1.95203935    0.77321966    0.93369309    0.45361859    0.57022732    0.48103958    0.52705492    0.57074780    0.54926838    0.58624510    0.40538889    0.00000000    0.46379697    0.46592908    0.54411878    0.48223611    1.34401928    1.15870917    0.99077747    1.43861193    1.19074110    1.25642345    1.22700627    2.71464479    2.75599024    2.12912589    2.08643386    2.45730089    2.52499654    1.96175902    2.19254798    1.85887977    2.50615043    2.30369704    1.97249468    2.00641313    1.81265668    2.16372571    2.11212294    1.62228229    2.27806462    1.96900816    2.06282130    1.57908571    1.88323269    1.77951344    1.80069456    2.12435768    2.58690870    2.34028222    2.55372715    2.78838283    2.87729352    3.04784603    2.06915061    2.42584289    2.34989846
A7TJX9_VANPO/166-247     2.04377882    2.34731070    1.88534700    1.90486045    1.82611153    1.83429468    2.03207475    2.49212719    2.07339150    1.69594265    0.81194028    1.01933954    0.44187001    0.65357872    0.37702345    0.44973886    0.46754290    0.43931501    0.42465684    0.42339175    0.46379697    0.00000000    0.24922383    0.32232992    0.44506414    1.03997345    1.11989035    0.95744832    1.38816119    1.38417441    1.23301060    1.31034634    2.48904122    2.42661443    1.94365005    1.87101341    2.14806762    2.17806406    1.93656542    2.31393694    2.12163763    2.40439830    2.07562002    2.27111895    2.19527345    1.80268008    2.10770232    2.18842054    1.80654772    2.19623812    1.94285583    2.30882381    2.00937211    2.24087111    1.88904504    2.04602537    2.35250556    2.59788602    2.49628368    2.60108962    2.43712379    2.55791907    2.79699032    2.34644674    2.67678997    2.50472780
I2H6J2_TETBL/166-247     2.29369261    2.55635200    2.15844532    2.13712374    1.88841362    2.22287025    2.24949890    2.74180989    2.18336729    1.90369214    0.83691612    0.97256598    0.58551422    0.73658937    0.36102885    0.47996248    0.52846321    0.48897072    0.44193391    0.47337598    0.46592908    0.24922383    0.00000000    0.35786114    0.47139225    1.20509151    1.21161123    0.85918382    1.24054433    1.48928919    1.30478642    1.36036467    2.63131044    2.61667935    1.88776832    1.94742949    2.43146137    2.64235712    2.32549674    2.35887916    2.24079711    2.47370896    2.45303798    2.27545329    2.18281183    1.66698378    1.97438004    2.22728099    1.78497223    2.23830152    2.31339967    2.25694115    2.17279331    2.45949445    1.99563600    2.20912893    2.38651378    2.63849516    2.65686009    2.63317088    2.81422231    2.66520247    2.69977654    2.43672028    2.71701405    2.77406938
G0WI66_NAUDC/169-251     2.26119767    2.59563432    2.06992612    1.96992586    2.04304501    2.16164869    2.05920097    2.39320015    2.18865991    1.83430620    0.76396214    0.94888780    0.55786729    0.58412155    0.46079145    0.43466804    0.48087059    0.39750964    0.46258786    0.52135996    0.54411878    0.32232992    0.35786114    0.00000000    0.47777189    1.18025837    1.14613009    0.96787374    1.37780044    1.54485664    1.37179582    1.48685193    2.62654911    2.66089750    2.23077868    2.01096156    2.52448958    2.34328308    2.17149451    2.00251588    2.09389438    2.34179546    2.15198269    2.17513465    2.08076009    1.79857606    2.16891011    2.16593432    1.86902898    2.28484164    2.10081381    2.41606688    2.05757101    2.10582214    1.83043377    2.04982839    2.33203925    2.89917958    2.49844202    2.55303377    2.24028217    2.47672370    3.07199135    2.08421171    2.90036223    2.26322200
G8JR70_ERECY/166-247     2.24832668    2.24433561    2.03790937    1.71627784    1.68657097    1.96206812    2.00810627    2.24686123    1.78323336    1.59891968    0.87907492    0.74021793    0.31881705    0.43373672    0.34431813    0.35890406    0.49312982    0.49313479    0.52472608    0.52254303    0.48223611    0.44506414    0.47139225    0.47777189    0.00000000    1.07325308    0.88823870    0.75829322    1.10595493    1.19285287    1.13121021    1.13329782    2.92125150    2.91076898    2.34439571    2.34714565    2.49438904    2.14683274    2.08213839    2.09984240    2.11965337    2.16829456    2.12454898    1.99856000    1.94328740    1.58791070    2.08272225    1.94916138    1.55525245    2.17011450    1.72750539    1.98097241    1.98936567    1.78900707    1.95635391    1.89298028    1.84187437    2.45796579    2.08405680    2.32292697    2.54214153    2.50995745    2.66226969    2.05027516    2.65053215    2.44103623
S8AQX9_DACHA/172-257     2.20201358    2.06912416    1.99049136    2.09831871    1.87994594    2.08498620    1.79937194    2.11255400    1.67564980    1.92831832    1.09587885    1.17615777    0.99107361    1.17884361    1.10168448    1.23157206    1.22104318    1.36750733    1.19517856    1.28983013    1.34401928    1.03997345    1.20509151    1.18025837    1.07325308    0.00000000    0.40965823    0.89292761    1.28695145    0.78100121    0.90859714    1.27875346    1.84912415    1.80897602    1.87591135    2.04236047    1.82788286    2.24223483    1.74071422    2.19990960    2.07570494    2.35177647    2.02001077    2.13096336    2.01980642    1.82941121    1.73856677    1.75821331    1.74785545    2.32355668    2.37872189    2.51961015    2.51218504    2.55613459    2.11630034    2.23646586    2.03279465    2.45397983    2.40539107    2.51799029    2.54174946    2.59105070    2.88280296    2.08671392    2.60956658    2.30253051
G1XK87_ARTOA/172-256     2.21387508    2.32535577    1.93744872    1.62920409    1.65860665    1.84424688    1.58514554    2.00226489    1.83338276    1.62074585    0.95480368    1.23324226    0.81354823    0.96080783    0.98713619    1.06167281    1.14157364    1.25173875    1.06446888    1.32676137    1.15870917    1.11989035    1.21161123    1.14613009    0.88823870    0.40965823    0.00000000    0.71703170    0.91485853    0.80096656    0.91929559    1.17263021    1.89470092    2.00242426    2.07690903    1.52290713    1.65102297    2.25672188    1.80248249    2.03887649    1.95438625    2.11411921    2.21563410    2.11925468    1.76759145    1.75949971    1.86836509    1.78074972    1.67717201    2.04811465    2.09832591    2.04145208    2.32004181    2.23479754    1.86364934    2.05340840    2.04045937    2.43289783    2.14275290    2.26438153    2.54437752    2.44802347    2.78173638    1.91646333    2.60845416    2.24996983
S9VVU6_SCHCR/171-251     1.94736073    2.41432371    2.24638540    1.91268682    2.05592499    2.25777181    2.31646430    2.40290475    2.59253904    2.04540309    1.10484838    1.11549823    0.85506611    1.05143840    1.03124148    0.94898102    1.06956910    1.10095254    1.02034189    0.93064767    0.99077747    0.95744832    0.85918382    0.96787374    0.75829322    0.89292761    0.71703170    0.00000000    0.37999820    0.85168177    0.83584149    1.03582020    2.07355196    2.18283079    1.51317705    1.38372690    1.95802177    2.16034899    1.86153403    2.06036242    2.00075678    2.38465763    2.51087074    2.39568301    2.21836178    1.96260010    1.89732895    2.09805524    1.85938412    2.49932105    2.07500802    2.08039156    2.03332059    2.06205083    1.60595981    1.96460742    2.17191390    2.02898373    2.07682313    2.22011582    2.09192585    1.84393225    2.04803531    2.16281650    2.71039367    2.09630990
SYQ_SCHPO/171-257     2.05276319    2.13169582    2.07997051    2.11135486    2.05850506    2.13956162    1.94320397    2.11155434    2.13574410    1.86324547    1.27389475    1.51186263    1.20581933    1.40839048    1.31400290    1.41753057    1.36946036    1.35907120    1.25905141    1.33878774    1.43861193    1.38816119    1.24054433    1.37780044    1.10595493    1.28695145    0.91485853    0.37999820    0.00000000    1.07175646    1.34361732    1.15237247    2.18201563    2.39113948    1.44050842    1.64903795    1.96589253    1.66004037    1.96642910    2.25305807    1.72741862    2.30470251    2.37356423    2.01465092    1.93448713    1.74971889    2.01809076    1.87960956    1.60149410    1.91355174    1.98789840    1.74940014    1.79780691    1.93269134    1.63621191    1.85649858    1.82266667    1.71857968    2.28731644    1.74017663    1.88829396    1.65533536    1.76860071    2.07030823    2.59425356    2.16251597
I1CEB6_RHIO9/161-242     1.80564762    1.53039733    1.67823085    1.90283475    1.69395213    2.00921470    2.07060409    1.58269293    1.50496338    1.48040276    1.14996152    1.33319301    1.10094416    1.14674741    1.19436533    1.34679855    1.32258987    1.36104531    1.35474771    1.41499746    1.19074110    1.38417441    1.48928919    1.54485664    1.19285287    0.78100121    0.80096656    0.85168177    1.07175646    0.00000000    0.30032068    0.71487139    2.14727622    2.21660010    1.24628045    1.36019087    1.41631917    1.72064182    1.38841521    2.00878189    1.55557468    2.22954383    2.02839559    1.90569353    1.67706354    1.49722455    1.40426786    1.49550038    1.36120628    1.87916182    2.11496863    2.05983749    1.71494443    2.00208314    1.46146240    1.68533293    1.79881007    1.77242299    1.86403285    1.98625875    2.15928164    2.19287960    2.18702360    2.12838134    2.10374848    1.75263580
S2KL32_MUCC1/160-240     1.60419892    1.60578030    1.79224354    1.99658691    1.52623266    2.11068220    1.97854343    1.60074873    1.45172500    1.44336689    1.12310016    1.38897145    1.02795377    1.16958049    1.22851112    1.36090389    1.45374322    1.36273132    1.28148197    1.36670807    1.25642345    1.23301060    1.30478642    1.37179582    1.13121021    0.90859714    0.91929559    0.83584149    1.34361732    0.30032068    0.00000000    0.70326102    2.02468427    1.96962881    1.28250028    1.37924952    1.27031869    1.79721439    1.39177698    2.21128914    1.72789383    2.21006257    2.08812115    1.99199800    1.62541253    1.50487550    1.27354062    1.51064260    1.51203091    2.36789028    1.98480675    2.01846768    1.47365959    1.70612072    1.40135477    1.59417814    1.73168812    1.54696932    1.84235859    2.14604508    2.05766533    2.06372029    2.07116554    1.87288438    2.10902342    1.85735924
F4NXW0_BATDJ/166-260     1.66181470    1.66083929    1.68368316    1.87160841    1.50659674    2.16564637    1.77683178    1.66637607    1.51953713    1.42199820    1.19034436    1.30362449    1.10330533    1.23188067    1.13134230    1.32369482    1.41604211    1.31760661    1.39549209    1.50463448    1.22700627    1.31034634    1.36036467    1.48685193    1.13329782    1.27875346    1.17263021    1.03582020    1.15237247    0.71487139    0.70326102    0.00000000    1.90356113    2.06948616    1.36212754    1.56406105    1.73376970    1.73630890    1.71476157    1.96859823    1.54399659    1.93533267    1.90837291    1.79646542    1.82141555    1.52132221    1.67990268    1.88141378    1.43914356    1.92438289    2.07972418    1.49260182    1.62008873    1.86377524    1.72935343    1.58397992    1.59721529    1.61505268    1.84391144    1.79728966    2.14298373    2.23220598    2.02420396    2.07488730    2.38287660    1.88326055
C5XMK4_SORBI/173-254     1.68019286    1.66193760    1.75542774    1.88953127    1.62990767    2.07849796    2.18101840    1.97275727    2.02069803    1.65373075    2.33382393    3.12809662    2.74537717    2.52042383    2.13146888    2.40058087    2.85255503    2.63702437    2.32288610    2.68899596    2.71464479    2.48904122    2.63131044    2.62654911    2.92125150    1.84912415    1.89470092    2.07355196    2.18201563    2.14727622    2.02468427    1.90356113    0.00000000    0.17294469    1.57756728    1.70171178    1.97355964    1.86154253    2.08950352    2.30296236    1.67394465    2.71262559    1.70952239    2.24190011    1.88814660    1.90357896    1.82070131    1.99611171    1.87527395    2.38900371    2.07054230    2.31842331    1.86450691    2.08674295    1.76378299    1.92579201    1.56033893    1.99774791    1.94447590    1.79908245    2.01099989    2.15084084    2.12060001    2.10165246    2.21735460    2.05258157
J3KX40_ORYBR/173-254     1.79742944    1.74724511    1.92991790    2.00849407    1.70900133    2.17491050    2.35801362    2.16151851    2.00619243    1.84972578    2.37946735    3.24000879    2.80344090    2.51784305    2.21390296    2.27591424    2.93495830    2.54301722    2.20071442    2.75113752    2.75599024    2.42661443    2.61667935    2.66089750    2.91076898    1.80897602    2.00242426    2.18283079    2.39113948    2.21660010    1.96962881    2.06948616    0.17294469    0.00000000    1.80119706    1.68533311    1.94721946    1.99544575    2.23983902    2.37634959    1.79171368    3.07827667    1.85443701    2.41326570    2.05969938    2.07563008    1.99998154    2.15134473    2.03828063    2.42327440    2.23245454    2.31187703    2.16824578    2.00876807    1.83786028    2.12684083    1.55432030    1.96087363    1.95714628    1.95361004    2.08795161    2.12683078    2.15388869    2.29526064    2.19452246    2.28681604
D3B344_POLPP/185-263     1.46024233    1.30069988    1.65834595    1.80652182    1.43093201    1.53940893    1.58015270    1.42033453    1.56000809    1.44350404    1.81323447    2.21011852    2.06349113    2.07647192    1.74916237    2.10227773    1.81955760    2.24154833    2.15476909    2.48990624    2.12912589    1.94365005    1.88776832    2.23077868    2.34439571    1.87591135    2.07690903    1.51317705    1.44050842    1.24628045    1.28250028    1.36212754    1.57756728    1.80119706    0.00000000    1.02354971    0.92779181    1.36164446    1.93235642    1.53589838    1.53175907    1.63213033    1.58716964    1.64117203    1.32946412    1.33668790    1.37792641    1.41247412    1.35802388    1.44954056    1.88720264    2.44207195    1.65468493    1.90403229    1.87259780    1.81584703    1.47097292    1.73468621    1.76596760    1.56794897    1.54985600    1.40719192    1.41063936    1.66388524    1.59089756    1.52380099
F0ZU88_DICPU/165-243     1.54482083    1.48325483    1.57807883    1.38511793    1.56952105    1.61654213    1.83792253    1.43181261    1.41887927    1.37093126    2.15888094    2.27549292    1.76680609    1.72394296    1.63573467    1.73012727    1.45046890    1.95400501    1.73343725    1.90628114    2.08643386    1.87101341    1.94742949    2.01096156    2.34714565    2.04236047    1.52290713    1.38372690    1.64903795    1.36019087    1.37924952    1.56406105    1.70171178    1.68533311    1.02354971    0.00000000    0.51011166    1.66570822    1.87573838    1.78398707    1.54264063    1.67227554    1.59435959    1.60488567    1.44069755    1.56384788    1.50087780    1.50391274    1.37946057    1.51773824    1.83176780    2.66134244    1.98936684    2.25991288    2.13621099    2.16706384    1.80895983    2.04502072    1.81583112    1.70492152    1.80478299    1.69314039    1.46246418    1.88482082    1.71175453    1.49301433
SYQ_DICDI/171-255     1.72892877    1.41771217    1.65693962    1.61452052    1.52133446    1.58791622    1.77553555    1.35472535    1.41276549    1.50251561    2.19035446    2.45772788    1.86115208    2.16693503    1.87177168    2.28344163    1.69773460    2.13048365    2.03514774    2.30831272    2.45730089    2.14806762    2.43146137    2.52448958    2.49438904    1.82788286    1.65102297    1.95802177    1.96589253    1.41631917    1.27031869    1.73376970    1.97355964    1.94721946    0.92779181    0.51011166    0.00000000    1.55919421    1.73372832    1.79365239    1.52492489    1.72898504    1.65779671    1.63008015    1.33157379    1.41778180    1.45049376    1.48222236    1.30681586    1.61935964    1.85677294    2.98718124    2.07767482    2.29317413    2.01272996    2.07198927    1.72918436    1.98072907    1.76629001    1.72463758    1.78055045    1.61582838    1.62461060    1.98849396    1.70359486    1.64896770
T1FXK3_HELRO/169-255     1.14709147    1.05240808    0.80856510    1.11012309    1.11580854    1.34991124    1.17709082    0.89955969    0.91801781    1.00878572    2.46964415    2.97868989    2.09911713    2.23101956    2.15255227    2.21409676    2.51229889    2.08866954    2.15316917    2.56784944    2.52499654    2.17806406    2.64235712    2.34328308    2.14683274    2.24223483    2.25672188    2.16034899    1.66004037    1.72064182    1.79721439    1.73630890    1.86154253    1.99544575    1.36164446    1.66570822    1.55919421    0.00000000    0.81212945    0.99449274    0.86931582    0.98161730    0.97445280    1.09942534    0.88268658    0.98567807    0.98856930    0.95308027    0.97523328    1.05630950    1.15683578    1.31416496    1.14051979    1.15979402    1.34249262    1.24043301    1.06012487    1.09158189    1.11830145    1.03931469    0.98449624    0.97402084    1.01059061    1.04388320    1.07219279    1.06434685
K1R2L7_CRAGI/117-211     0.87406050    0.77245433    0.80464239    0.90936293    0.96668567    1.10242471    1.00503380    0.72327366    0.86114195    0.77595465    2.41206163    2.63156765    1.49815779    1.89958081    1.88075296    2.33555051    1.75735536    1.94531156    1.91026892    2.08908641    1.96175902    1.93656542    2.32549674    2.17149451    2.08213839    1.74071422    1.80248249    1.86153403    1.96642910    1.38841521    1.39177698    1.71476157    2.08950352    2.23983902    1.93235642    1.87573838    1.73372832    0.81212945    0.00000000    0.87350641    0.74884009    0.74081033    0.58520689    0.62882004    0.56699611    0.56382573    0.49314844    0.53046970    0.55260190    0.67994450    0.91090955    1.42329688    1.04295410    1.22034069    1.22089117    1.15220530    0.84716087    1.39870212    0.93787132    0.92663893    0.91946109    0.91107492    1.00378335    1.00592652    0.87061497    0.84480161
A7S8N2_NEMVE/163-254     1.28428625    1.32078658    1.06268804    1.16922405    1.20673256    1.15715309    1.35882352    1.08487378    1.05039131    1.23658769    2.06042400    2.43481575    1.83791480    2.31968569    1.99758841    2.23958920    2.13915011    1.74531609    2.16203385    2.42146723    2.19254798    2.31393694    2.35887916    2.00251588    2.09984240    2.19990960    2.03887649    2.06036242    2.25305807    2.00878189    2.21128914    1.96859823    2.30296236    2.37634959    1.53589838    1.78398707    1.79365239    0.99449274    0.87350641    0.00000000    0.82302399    1.06336260    0.93861965    0.88546461    0.78783748    0.87352257    0.98987451    0.91263859    0.95947402    0.99806662    1.02708075    1.31824351    1.48123585    1.40820424    1.52206515    1.29986492    1.19515495    1.57335403    1.39207403    1.33091210    1.35787383    1.35259928    1.39926723    1.05053306    1.32844089    1.29480122
F6S399_CIOIN/163-248     1.10572306    1.13463623    1.02254856    1.07439203    1.15591924    1.16134183    1.29082713    0.92785747    1.05557503    1.00528327    2.23630533    2.64393806    1.91181432    2.34903835    2.21158033    2.25700906    2.17231454    2.16388938    2.10818404    1.95543747    1.85887977    2.12163763    2.24079711    2.09389438    2.11965337    2.07570494    1.95438625    2.00075678    1.72741862    1.55557468    1.72789383    1.54399659    1.67394465    1.79171368    1.53175907    1.54264063    1.52492489    0.86931582    0.74884009    0.82302399    0.00000000    0.76621335    0.63218184    0.61769853    0.62636584    0.57243386    0.55528490    0.63276272    0.53371633    0.67397811    1.10181559    1.17316649    1.22348724    1.26422219    1.19980245    1.20993509    1.01234655    1.07070058    1.16132905    1.04744849    1.22092842    1.00793469    1.05388267    0.96711531    1.11552236    0.98981176
L5KUE3_PTEAL/79-172     1.54736034    1.32516941    1.22979577    1.49694301    1.45150718    1.57768759    1.54390994    1.10706413    0.90605751    1.36971913    2.73092050    2.92877174    1.96267287    2.46283498    2.16903439    2.39393357    2.45604167    2.52495015    2.05320627    2.83038836    2.50615043    2.40439830    2.47370896    2.34179546    2.16829456    2.35177647    2.11411921    2.38465763    2.30470251    2.22954383    2.21006257    1.93533267    2.71262559    3.07827667    1.63213033    1.67227554    1.72898504    0.98161730    0.74081033    1.06336260    0.76621335    0.00000000    0.51720923    0.58272236    0.57021409    0.62560763    0.60044769    0.67550331    0.51214233    0.72819950    1.37107715    1.50070143    1.40843183    1.58333958    1.73591040    1.44313917    1.27008672    1.59977179    1.46748799    1.37728685    1.58536329    1.41021857    1.52161782    1.24414192    1.60194464    1.53500420
