50
M1MDE8_9CLOT/5-225     0.00000000    2.31340250    2.60771677    2.79015675    2.88704958    2.66607068    2.87023230    2.57111402    2.81642846    2.88344173    3.00118267    2.94501910    3.74624320    3.72818657    3.52054730    2.67558850    3.60084000    2.90533773    3.39581811    3.03216558    3.54355240    2.89034291    2.70404242    2.58031357    2.56966528    2.60212228    2.45778620    2.37984138    2.57896319    2.59969871    2.59593081    2.66717099    2.76265275    2.18142205    3.15526305    2.53998200    3.03916378    3.03557056    2.69369453    2.88761201    2.43384740    2.57359822    2.63081457    2.80493834    3.00224567    3.58448376    2.88975693    2.37215043    2.46895328    2.18611781
K9P866_CYAGP/22-215     2.31340250    0.00000000    1.05090008    2.50335769    2.15455093    2.61299006    2.51986750    2.79147282    2.98495322    2.87696802    2.58024282    2.27017399    2.81918259    2.53289533    2.49647421    2.40347601    2.37523374    2.53018316    2.65428291    2.61807725    2.64456077    2.42364753    2.61631933    2.44549156    2.45250030    2.42899878    2.24191446    2.06275084    2.32982758    2.43947628    2.52804109    2.61953384    2.88741732    2.68597920    2.63459417    2.50748148    2.35749820    2.84247634    2.96342671    3.11535986    2.72279162    3.19438844    2.33544259    3.12906473    2.61580852    2.78103790    2.43442425    2.04974272    2.03062057    2.25807748
D5CQT9_SIDLE/10-201     2.60771677    1.05090008    0.00000000    2.49413651    2.48131651    2.54215036    2.70085360    3.09586340    3.06785977    3.01379125    2.54508850    2.50617956    2.72919882    3.12040472    3.03914591    2.59074022    2.65141475    2.66902836    3.00190488    3.01705365    2.99574199    2.36126016    2.79237690    2.41575865    2.60940628    2.71980752    2.68428848    2.71897489    2.69059451    2.44957582    2.97839486    2.74285986    2.53288487    2.90546191    3.38084559    2.90667172    3.06767099    3.21511296    3.30708664    3.39158125    3.27365038    3.33301728    2.85462794    3.14660433    2.59594681    2.46519395    2.42579995    2.39582201    2.73725001    2.92539114
J7J2S6_DESMD/5-237     2.79015675    2.50335769    2.49413651    0.00000000    1.98794332    2.07095421    2.13106865    2.65938754    2.67791078    2.09720086    2.12367379    2.98697066    3.56950117    3.73057832    3.79758128    3.03429110    3.73219554    3.56795204    3.44231562    4.42986459    3.53726091    3.74893207    3.21036867    3.68232576    3.54279724    3.55382013    3.85400637    3.82476437    3.91084935    3.60355672    3.51891396    3.54330962    3.01903860    3.29629555    3.28354244    3.53432620    3.37323448    4.04001586    3.71518177    3.87872320    3.43409480    3.95888953    3.72622292    3.58367611    4.33588447    4.08101603    3.19207960    3.32778073    3.48589391    3.14202871
F5XNB5_MICPN/7-227     2.88704958    2.15455093    2.48131651    1.98794332    0.00000000    0.58615810    0.75850165    1.79147269    1.88483926    1.50377575    1.24895856    2.36460103    3.12189349    3.12452897    3.43272302    2.50762423    2.81998736    3.33465271    2.89430731    2.99273414    2.99520516    3.16868934    2.77355507    3.07988500    2.50244823    2.91745362    3.01725770    2.78672551    3.05301076    2.71386462    2.69703686    3.50205531    2.64215476    2.91323092    2.98539724    3.38650245    3.27595040    3.44456775    3.78325898    3.78358505    3.63355344    3.22357024    3.50736325    3.49725336    3.99889465    4.00082357    3.02541648    3.02692284    3.89786416    3.03839644
I4F018_9ACTN/5-228     2.66607068    2.61299006    2.54215036    2.07095421    0.58615810    0.00000000    0.55154001    1.97592544    1.97890029    1.37505237    1.32986027    2.57029593    3.35855167    2.90333415    3.43809826    2.65414437    3.02605248    3.25387467    3.08583894    3.24512018    2.89749127    3.12989310    3.08085697    3.05007502    2.70495270    3.18506448    2.93045595    2.81438469    3.25920358    2.70148839    2.67604197    3.67126634    2.94062170    3.30804487    3.06863978    3.30103514    3.98392851    3.66192067    3.66850019    4.52192935    3.96448451    3.66315246    3.58755022    3.51498901    4.06568636    4.09177594    2.84669282    2.89439800    3.37363471    3.31455762
E2SBZ6_9ACTN/5-232     2.87023230    2.51986750    2.70085360    2.13106865    0.75850165    0.55154001    0.00000000    1.77887653    1.86396189    1.24941315    1.26136238    2.64485476    3.39213933    2.84871837    3.17177983    1.99914148    2.87023563    3.01284866    2.89171299    2.76157464    2.86614760    3.01485471    2.67612412    2.96700025    2.66429334    2.99900831    2.94022981    2.96934516    3.52370941    2.87187342    3.14554920    3.71717933    2.99120143    3.23504923    2.94297531    3.55554896    3.65112151    3.82401729    3.82817712    4.36544195    3.74017610    3.44142035    3.26819900    3.24505114    3.60769192    3.62904125    2.69626000    3.02629353    3.60910541    3.07331871
Q114U8_TRIEI/5-233     2.57111402    2.79147282    3.09586340    2.65938754    1.79147269    1.97592544    1.77887653    0.00000000    0.52712875    1.80704704    1.73723975    3.49034308    3.63971429    3.42970212    3.53850726    3.40700562    3.66597692    3.61212696    3.63138708    3.72841487    3.55727316    3.16812850    3.23223352    3.58605659    3.26250609    3.30216249    3.25603398    3.19838799    3.38067759    2.92053517    3.01696110    3.67829097    3.22904878    3.20684741    3.31425143    3.42071414    2.97365614    3.24092492    3.34394708    3.38378186    3.17535437    3.33941534    3.73298674    3.67539183    4.34278656    4.21013586    2.92954265    3.75518283    3.93112755    2.98682928
Q8YXE2_NOSS1/5-232     2.81642846    2.98495322    3.06785977    2.67791078    1.88483926    1.97890029    1.86396189    0.52712875    0.00000000    1.81491308    1.68119837    3.35164158    3.86388240    3.40603323    3.77573769    3.57556504    3.56901076    3.74356095    3.78026247    3.71007403    3.28212668    3.29088535    3.68557823    3.51761494    3.29687124    3.34043117    3.29479687    3.50512791    3.47876900    2.96516767    3.15611964    3.55178598    3.18277161    3.74309788    3.33323833    3.45718006    3.13456334    3.27045720    3.74556466    3.80424459    3.34673865    3.90066108    3.61130314    3.79033138    4.68774633    4.55459562    2.83257444    3.43505825    3.58675039    3.06804885
E8U6M7_DEIML/10-239     2.88344173    2.87696802    3.01379125    2.09720086    1.50377575    1.37505237    1.24941315    1.80704704    1.81491308    0.00000000    0.79385040    3.04234706    3.97979297    2.95110142    3.08293179    2.45955988    3.25622768    2.98769911    2.64955171    2.72036210    3.28561212    3.08636060    3.48178631    3.71125555    3.16997450    3.15701386    3.46088524    3.32316463    4.02888686    3.66082922    3.41431210    3.65688438    3.55515621    3.66616873    3.51546724    3.90380675    4.02030476    3.91519914    4.34647732    4.33516451    3.78858305    4.24221921    3.92541841    3.84977723    5.83193916    6.08852603    3.50318462    3.24004709    3.53857771    3.15851511
H8GUN1_DEIGI/5-236     3.00118267    2.58024282    2.54508850    2.12367379    1.24895856    1.32986027    1.26136238    1.73723975    1.68119837    0.79385040    0.00000000    2.71183041    3.48241036    2.99409305    2.93977451    2.37778300    3.00446527    2.84252989    2.98375813    2.94086984    3.22004683    2.96590640    3.18087734    2.83994418    2.88323789    2.81843943    3.33444771    2.83666410    3.48504260    3.07054879    3.13782628    3.58723182    2.83967279    3.31064333    3.49366945    3.25916692    2.99635102    3.61970177    4.63305342    4.45949250    3.72149637    4.11393905    3.71124730    3.76289527    4.80734816    4.85683746    2.70814844    2.86154726    3.22405452    2.93122787
Q3A4H6_PELCD/5-210     2.94501910    2.27017399    2.50617956    2.98697066    2.36460103    2.57029593    2.64485476    3.49034308    3.35164158    3.04234706    2.71183041    0.00000000    3.13686698    2.47595684    2.81365730    2.60839322    2.62065630    2.37216634    2.36726102    2.44172278    2.70720458    2.72931718    2.50789874    2.30095780    2.11268468    2.36280884    2.26739568    2.56755958    2.41394284    2.33879395    2.52781634    3.24661540    2.47838496    2.50755187    2.68964290    2.78375388    2.43956285    2.55608447    3.58206510    3.36428942    3.27598668    3.04781458    2.93750600    2.85726623    2.85303419    3.37705899    2.38351223    2.44503990    2.76764055    2.82919399
B8FBW6_DESAL/7-232     3.74624320    2.81918259    2.72919882    3.56950117    3.12189349    3.35855167    3.39213933    3.63971429    3.86388240    3.97979297    3.48241036    3.13686698    0.00000000    1.96848004    1.96271443    1.86322095    2.16152959    1.96391750    1.87417401    2.07758695    2.15827701    2.25083427    3.06590129    2.79464495    2.94288205    2.89943408    3.01663525    3.07698765    3.12991426    2.72203578    2.98994563    3.37767665    2.91660148    2.77581260    3.00987245    3.16167746    3.03281549    3.49918939    3.35730077    3.81312047    3.75317464    3.22741736    3.81007341    4.22842630    4.18131921    4.56886529    3.50178283    3.10832798    4.06325929    3.51350527
H6N276_GORPV/6-223     3.72818657    2.53289533    3.12040472    3.73057832    3.12452897    2.90333415    2.84871837    3.42970212    3.40603323    2.95110142    2.99409305    2.47595684    1.96848004    0.00000000    0.58265011    1.04610722    1.08758536    1.20569937    1.35463549    1.37789242    1.26893006    1.35875454    3.43956402    2.35976479    2.53970813    2.67409610    2.30473653    2.70854979    2.70831647    2.07433020    2.67874970    3.18365530    2.89860817    2.56499041    2.77018039    2.51933165    2.82549010    3.14214399    3.11843553    3.55123792    3.13385307    3.59867737    2.76641625    3.44259229    3.38823781    3.65096908    2.65914187    2.59603318    2.65292066    3.13881858
D0L8F1_GORB4/6-224     3.52054730    2.49647421    3.03914591    3.79758128    3.43272302    3.43809826    3.17177983    3.53850726    3.77573769    3.08293179    2.93977451    2.81365730    1.96271443    0.58265011    0.00000000    1.02519268    1.09335126    1.13391961    1.30355114    1.29069451    1.14235036    1.34384395    3.51994848    2.54369683    2.73998296    2.99693098    2.76355039    3.06104055    3.19688672    2.65186921    2.93067733    3.43299735    2.67611581    2.64778419    3.03805887    2.54911766    2.48343211    2.53259398    3.64785651    3.97067280    2.94763734    3.33121831    3.00897759    3.78233462    3.99613860    4.01965970    3.04504844    2.35867708    2.38696543    2.73598727
C8X860_NAKMY/5-227     2.67558850    2.40347601    2.59074022    3.03429110    2.50762423    2.65414437    1.99914148    3.40700562    3.57556504    2.45955988    2.37778300    2.60839322    1.86322095    1.04610722    1.02519268    0.00000000    0.86756035    1.00027154    1.20304732    1.12946879    1.21192410    1.23524476    2.97085118    2.72533801    2.58344722    2.77337819    2.65958847    2.91949656    2.69133725    2.48150356    2.79853821    3.06306529    2.74059411    2.86017593    2.85307344    2.69712747    2.61141321    3.00953191    3.52883061    3.70091841    3.15570207    3.44966586    2.92271828    3.41228454    3.34502006    3.70022769    3.09741149    2.54329571    2.51382057    2.66108411
F4F5P9_MICM1/5-225     3.60084000    2.37523374    2.65141475    3.73219554    2.81998736    3.02605248    2.87023563    3.66597692    3.56901076    3.25622768    3.00446527    2.62065630    2.16152959    1.08758536    1.09335126    0.86756035    0.00000000    0.95330831    1.13996607    1.08690749    1.02172858    1.34275318    3.30069916    2.75842391    2.75753314    2.63713370    2.80596134    2.91691192    2.92707649    2.48238150    2.65209857    3.19562603    2.28693790    3.05654050    2.98540875    2.70599448    2.71300035    3.36586227    3.40283389    3.66275396    3.28907509    3.40376371    2.86499668    3.47587081    3.18709793    3.14129210    2.96514888    2.78339979    3.12324738    2.82532083
A6W3Z1_KINRD/5-227     2.90533773    2.53018316    2.66902836    3.56795204    3.33465271    3.25387467    3.01284866    3.61212696    3.74356095    2.98769911    2.84252989    2.37216634    1.96391750    1.20569937    1.13391961    1.00027154    0.95330831    0.00000000    1.12465121    1.17752684    1.08493134    1.34786434    3.00992413    2.46340202    2.46775970    2.66906788    2.60306661    2.70066285    2.80996629    2.49147108    2.63275232    3.18487588    2.11586929    2.76566426    3.07647890    2.92977128    2.73217912    3.09762799    3.36356905    3.19592371    2.99666194    3.21879534    2.78536225    3.22672523    3.54278962    3.73787674    2.54143478    2.54911475    2.64505056    2.54279035
C7MER5_BRAFD/7-228     3.39581811    2.65428291    3.00190488    3.44231562    2.89430731    3.08583894    2.89171299    3.63138708    3.78026247    2.64955171    2.98375813    2.36726102    1.87417401    1.35463549    1.30355114    1.20304732    1.13996607    1.12465121    0.00000000    0.80103853    1.20163165    1.46448437    3.32104446    2.18235967    2.05930971    2.27898491    2.39467541    2.52150392    2.58382118    2.55363410    2.45067346    3.13317235    2.46765123    2.76642052    2.87461728    2.89834699    2.37857816    2.55245663    3.29232965    3.28864148    3.07834535    3.01824245    2.82584479    3.63471620    3.88892697    4.22524050    3.14361496    2.81649964    2.83482416    2.07562027
B2GK95_KOCRD/30-250     3.03216558    2.61807725    3.01705365    4.42986459    2.99273414    3.24512018    2.76157464    3.72841487    3.71007403    2.72036210    2.94086984    2.44172278    2.07758695    1.37789242    1.29069451    1.12946879    1.08690749    1.17752684    0.80103853    0.00000000    1.31532070    1.57089397    3.71424000    2.48038437    2.44247203    2.33502683    2.67468030    2.38865682    2.68943077    2.43886657    2.56056741    2.49585175    2.58209428    2.90471872    2.68548512    2.38160512    2.41530042    2.58166213    3.27729322    3.00297431    3.04579638    2.89199335    3.10601166    3.61738844    3.61718751    3.69725936    3.09608123    2.36653505    2.69196394    2.17672410
A0JR75_ARTS2/2-226     3.54355240    2.64456077    2.99574199    3.53726091    2.99520516    2.89749127    2.86614760    3.55727316    3.28212668    3.28561212    3.22004683    2.70720458    2.15827701    1.26893006    1.14235036    1.21192410    1.02172858    1.08493134    1.20163165    1.31532070    0.00000000    1.43037426    3.37573233    2.84102402    2.90641474    3.00310309    2.75997296    2.80412680    3.04566560    2.35973987    2.88622014    3.28375839    2.54566447    2.95696823    3.22857992    2.80172045    2.56140961    2.86600343    3.54884892    3.70293303    3.32865546    3.18983263    2.62638483    3.23856098    3.64629632    3.51195750    3.01669358    2.52306060    2.67605786    2.47598869
D0LWH1_HALO1/13-242     2.89034291    2.42364753    2.36126016    3.74893207    3.16868934    3.12989310    3.01485471    3.16812850    3.29088535    3.08636060    2.96590640    2.72931718    2.25083427    1.35875454    1.34384395    1.23524476    1.34275318    1.34786434    1.46448437    1.57089397    1.43037426    0.00000000    2.84718367    2.45414899    2.38259845    2.26722823    2.64441462    2.93878114    3.07969963    2.84645827    2.59238856    2.99818352    2.01851680    2.61503260    3.06397727    2.39788517    2.42119463    2.63582352    2.86156046    3.20557981    2.97618297    2.64410003    2.52858749    2.75489131    3.14371803    3.15094260    2.51178756    2.47600045    2.72909809    2.43014158
H6RIT2_BLASD/5-213     2.70404242    2.61631933    2.79237690    3.21036867    2.77355507    3.08085697    2.67612412    3.23223352    3.68557823    3.48178631    3.18087734    2.50789874    3.06590129    3.43956402    3.51994848    2.97085118    3.30069916    3.00992413    3.32104446    3.71424000    3.37573233    2.84718367    0.00000000    1.49405853    1.68308606    1.61388560    1.61577897    1.66906930    1.85656880    1.68850428    1.43093443    2.05289794    1.49965888    1.64695194    1.62508043    2.01545380    2.05277883    1.84125472    2.37092890    2.51337037    2.17107744    1.99058802    2.10312985    2.12347794    2.41870931    2.19825996    1.57458303    1.65364570    1.88924933    1.82327868
B1LXS6_METRJ/7-229     2.58031357    2.44549156    2.41575865    3.68232576    3.07988500    3.05007502    2.96700025    3.58605659    3.51761494    3.71125555    2.83994418    2.30095780    2.79464495    2.35976479    2.54369683    2.72533801    2.75842391    2.46340202    2.18235967    2.48038437    2.84102402    2.45414899    1.49405853    0.00000000    0.76077472    0.81017938    1.16488402    1.17770959    1.23760612    1.06750640    1.45400368    1.63572582    1.43450018    1.45377073    1.43362937    1.51624767    1.42215315    1.73514146    2.06530160    2.30248497    1.88389840    1.64374912    1.96148686    2.12278326    2.36072272    2.31723135    1.41074918    1.50549281    1.90265871    1.70290956
B0UE34_METS4/7-226     2.56966528    2.45250030    2.60940628    3.54279724    2.50244823    2.70495270    2.66429334    3.26250609    3.29687124    3.16997450    2.88323789    2.11268468    2.94288205    2.53970813    2.73998296    2.58344722    2.75753314    2.46775970    2.05930971    2.44247203    2.90641474    2.38259845    1.68308606    0.76077472    0.00000000    0.29075810    1.08344947    1.15867778    1.25135672    1.04307362    1.40360301    1.61631548    1.36948431    1.61577566    1.33832432    1.52917820    1.48405829    1.79474486    2.13004329    2.18208752    1.93944634    1.69888231    2.03213952    2.08997822    2.41445155    2.55167721    1.59366906    1.40280303    1.51553392    1.65736312
B8IMZ7_METNO/7-227     2.60212228    2.42899878    2.71980752    3.55382013    2.91745362    3.18506448    2.99900831    3.30216249    3.34043117    3.15701386    2.81843943    2.36280884    2.89943408    2.67409610    2.99693098    2.77337819    2.63713370    2.66906788    2.27898491    2.33502683    3.00310309    2.26722823    1.61388560    0.81017938    0.29075810    0.00000000    1.04541909    1.11405888    1.31447687    1.14914294    1.39405644    1.64376411    1.49278354    1.79802816    1.39825003    1.45862665    1.51489579    1.72195071    2.07595690    2.15510216    1.89337510    1.63914710    2.06583368    2.28896190    2.50481792    2.61626788    1.75472929    1.38919867    1.61637676    1.65074232
A6WXT9_OCHA4/10-229     2.45778620    2.24191446    2.68428848    3.85400637    3.01725770    2.93045595    2.94022981    3.25603398    3.29479687    3.46088524    3.33444771    2.26739568    3.01663525    2.30473653    2.76355039    2.65958847    2.80596134    2.60306661    2.39467541    2.67468030    2.75997296    2.64441462    1.61577897    1.16488402    1.08344947    1.04541909    0.00000000    0.96695759    1.11037937    0.98738702    1.30335330    1.48258983    1.65785410    1.64428996    1.48982834    1.62239421    1.75290174    1.55925453    1.92668687    2.02806291    2.01567517    1.52310185    1.87567938    2.27802301    2.27058815    2.21216916    1.66725231    1.56593455    1.61203627    1.57282179
D7A8L8_STAND/5-239     2.37984138    2.06275084    2.71897489    3.82476437    2.78672551    2.81438469    2.96934516    3.19838799    3.50512791    3.32316463    2.83666410    2.56755958    3.07698765    2.70854979    3.06104055    2.91949656    2.91691192    2.70066285    2.52150392    2.38865682    2.80412680    2.93878114    1.66906930    1.17770959    1.15867778    1.11405888    0.96695759    0.00000000    0.73387364    0.62467143    1.43602807    1.59101598    1.44258242    1.53435973    1.53634196    1.62150437    1.71795808    1.92577913    2.08335120    2.14822778    1.91021211    1.80595212    2.05055883    2.11318053    2.14673624    2.09362784    1.76568869    1.53429700    1.78343956    1.71377480
A8INC9_AZOC5/15-247     2.57896319    2.32982758    2.69059451    3.91084935    3.05301076    3.25920358    3.52370941    3.38067759    3.47876900    4.02888686    3.48504260    2.41394284    3.12991426    2.70831647    3.19688672    2.69133725    2.92707649    2.80996629    2.58382118    2.68943077    3.04566560    3.07969963    1.85656880    1.23760612    1.25135672    1.31447687    1.11037937    0.73387364    0.00000000    0.61591862    1.69080839    1.55550049    1.72970236    1.57618996    1.53773851    1.95609346    1.73020864    2.16383306    2.32261383    2.12694463    2.05029014    2.03600712    1.96758332    2.47542958    2.25921344    2.33070853    1.83261315    1.68940246    1.74522097    1.83209159
A7IG31_XANP2/9-242     2.59969871    2.43947628    2.44957582    3.60355672    2.71386462    2.70148839    2.87187342    2.92053517    2.96516767    3.66082922    3.07054879    2.33879395    2.72203578    2.07433020    2.65186921    2.48150356    2.48238150    2.49147108    2.55363410    2.43886657    2.35973987    2.84645827    1.68850428    1.06750640    1.04307362    1.14914294    0.98738702    0.62467143    0.61591862    0.00000000    1.53037351    1.45413591    1.39635266    1.55534528    1.35938126    1.67035950    1.72767865    1.99270016    2.01696710    2.11108888    1.90344890    1.92137615    1.97440174    2.05802612    2.18601321    2.12883809    1.82762907    1.77851095    1.92815208    1.83394119
B2JPM6_PARP8/11-234     2.59593081    2.52804109    2.97839486    3.51891396    2.69703686    2.67604197    3.14554920    3.01696110    3.15611964    3.41431210    3.13782628    2.52781634    2.98994563    2.67874970    2.93067733    2.79853821    2.65209857    2.63275232    2.45067346    2.56056741    2.88622014    2.59238856    1.43093443    1.45400368    1.40360301    1.39405644    1.30335330    1.43602807    1.69080839    1.53037351    0.00000000    1.60718486    1.31181902    1.54967030    1.30441600    1.65749842    1.75113950    1.67519983    1.74098947    2.26171140    2.25573824    1.67817564    1.80623165    1.87536983    2.12849343    1.96298077    1.67875733    1.57114503    1.66483713    1.39082264
F8A9M9_THEID/9-221     2.66717099    2.61953384    2.74285986    3.54330962    3.50205531    3.67126634    3.71717933    3.67829097    3.55178598    3.65688438    3.58723182    3.24661540    3.37767665    3.18365530    3.43299735    3.06306529    3.19562603    3.18487588    3.13317235    2.49585175    3.28375839    2.99818352    2.05289794    1.63572582    1.61631548    1.64376411    1.48258983    1.59101598    1.55550049    1.45413591    1.60718486    0.00000000    1.40027144    1.51966952    1.63713089    2.00449870    2.04186490    1.95712023    1.59028131    2.16013713    1.91063370    1.76462751    2.08205787    2.25673046    2.44074647    2.53296279    1.81666879    1.94393246    1.89169531    1.70163809
Q2S543_SALRD/43-263     2.76265275    2.88741732    2.53288487    3.01903860    2.64215476    2.94062170    2.99120143    3.22904878    3.18277161    3.55515621    2.83967279    2.47838496    2.91660148    2.89860817    2.67611581    2.74059411    2.28693790    2.11586929    2.46765123    2.58209428    2.54566447    2.01851680    1.49965888    1.43450018    1.36948431    1.49278354    1.65785410    1.44258242    1.72970236    1.39635266    1.31181902    1.40027144    0.00000000    1.20780219    1.61441995    2.17337458    1.80479825    1.99462022    1.99335157    2.41073178    2.25721974    1.96372888    1.89393765    1.83153099    2.20857932    2.22570868    1.62963200    1.63103216    1.80060592    1.46497501
G0GE98_SPITZ/5-222     2.18142205    2.68597920    2.90546191    3.29629555    2.91323092    3.30804487    3.23504923    3.20684741    3.74309788    3.66616873    3.31064333    2.50755187    2.77581260    2.56499041    2.64778419    2.86017593    3.05654050    2.76566426    2.76642052    2.90471872    2.95696823    2.61503260    1.64695194    1.45377073    1.61577566    1.79802816    1.64428996    1.53435973    1.57618996    1.55534528    1.54967030    1.51966952    1.20780219    0.00000000    1.51853557    2.28660950    2.12710847    2.19762091    1.75753775    2.30542958    1.69483766    1.97856681    2.31113482    2.43002827    2.64302305    3.08343245    1.58890967    1.81541676    2.08634158    1.54144716
E8R2A4_ISOPI/18-246     3.15526305    2.63459417    3.38084559    3.28354244    2.98539724    3.06863978    2.94297531    3.31425143    3.33323833    3.51546724    3.49366945    2.68964290    3.00987245    2.77018039    3.03805887    2.85307344    2.98540875    3.07647890    2.87461728    2.68548512    3.22857992    3.06397727    1.62508043    1.43362937    1.33832432    1.39825003    1.48982834    1.53634196    1.53773851    1.35938126    1.30441600    1.63713089    1.61441995    1.51853557    0.00000000    1.51889257    1.29873169    1.55405803    1.84912814    2.14025602    1.86565250    1.57379387    2.04408549    2.01746336    2.44441962    2.36219976    1.62656619    1.52855618    1.64877614    1.44318964
F0JIL9_9DELT/5-221     2.53998200    2.50748148    2.90667172    3.53432620    3.38650245    3.30103514    3.55554896    3.42071414    3.45718006    3.90380675    3.25916692    2.78375388    3.16167746    2.51933165    2.54911766    2.69712747    2.70599448    2.92977128    2.89834699    2.38160512    2.80172045    2.39788517    2.01545380    1.51624767    1.52917820    1.45862665    1.62239421    1.62150437    1.95609346    1.67035950    1.65749842    2.00449870    2.17337458    2.28660950    1.51889257    0.00000000    0.83747059    1.04422712    1.63088228    1.92968768    1.73245971    1.55574705    1.57844905    1.73180120    1.90597871    2.04086508    1.63253707    1.82473469    2.08945442    1.64444781
E6VRR6_PSEA9/5-230     3.03916378    2.35749820    3.06767099    3.37323448    3.27595040    3.98392851    3.65112151    2.97365614    3.13456334    4.02030476    2.99635102    2.43956285    3.03281549    2.82549010    2.48343211    2.61141321    2.71300035    2.73217912    2.37857816    2.41530042    2.56140961    2.42119463    2.05277883    1.42215315    1.48405829    1.51489579    1.75290174    1.71795808    1.73020864    1.72767865    1.75113950    2.04186490    1.80479825    2.12710847    1.29873169    0.83747059    0.00000000    0.96959883    1.92404380    1.94385568    1.87136496    1.42937207    1.72400543    1.76005342    2.12112312    2.35862440    1.73966191    1.58815222    1.69651607    1.59499797
M1WMG4_PSEP2/5-219     3.03557056    2.84247634    3.21511296    4.04001586    3.44456775    3.66192067    3.82401729    3.24092492    3.27045720    3.91519914    3.61970177    2.55608447    3.49918939    3.14214399    2.53259398    3.00953191    3.36586227    3.09762799    2.55245663    2.58166213    2.86600343    2.63582352    1.84125472    1.73514146    1.79474486    1.72195071    1.55925453    1.92577913    2.16383306    1.99270016    1.67519983    1.95712023    1.99462022    2.19762091    1.55405803    1.04422712    0.96959883    0.00000000    1.79846830    1.82682045    1.60986742    1.32259939    1.69900685    1.81660002    2.12532760    2.15180171    2.05185362    2.16052385    1.99882582    1.75021007
Q8RCK8_CALS4/9-227     2.69369453    2.96342671    3.30708664    3.71518177    3.78325898    3.66850019    3.82817712    3.34394708    3.74556466    4.34647732    4.63305342    3.58206510    3.35730077    3.11843553    3.64785651    3.52883061    3.40283389    3.36356905    3.29232965    3.27729322    3.54884892    2.86156046    2.37092890    2.06530160    2.13004329    2.07595690    1.92668687    2.08335120    2.32261383    2.01696710    1.74098947    1.59028131    1.99335157    1.75753775    1.84912814    1.63088228    1.92404380    1.79846830    0.00000000    1.75090862    1.78473205    1.64144104    1.81324659    1.91206547    2.25480135    2.37227953    2.03340267    2.33786342    2.28271160    2.07669560
A9KPY1_LACP7/159-374     2.88761201    3.11535986    3.39158125    3.87872320    3.78358505    4.52192935    4.36544195    3.38378186    3.80424459    4.33516451    4.45949250    3.36428942    3.81312047    3.55123792    3.97067280    3.70091841    3.66275396    3.19592371    3.28864148    3.00297431    3.70293303    3.20557981    2.51337037    2.30248497    2.18208752    2.15510216    2.02806291    2.14822778    2.12694463    2.11108888    2.26171140    2.16013713    2.41073178    2.30542958    2.14025602    1.92968768    1.94385568    1.82682045    1.75090862    0.00000000    1.20732478    1.76716948    2.21561815    2.44959140    2.57314205    2.55173062    2.17527900    2.33026454    2.67947502    2.20529812
R4KQH5_9FIRM/183-397     2.43384740    2.72279162    3.27365038    3.43409480    3.63355344    3.96448451    3.74017610    3.17535437    3.34673865    3.78858305    3.72149637    3.27598668    3.75317464    3.13385307    2.94763734    3.15570207    3.28907509    2.99666194    3.07834535    3.04579638    3.32865546    2.97618297    2.17107744    1.88389840    1.93944634    1.89337510    2.01567517    1.91021211    2.05029014    1.90344890    2.25573824    1.91063370    2.25721974    1.69483766    1.86565250    1.73245971    1.87136496    1.60986742    1.78473205    1.20732478    0.00000000    1.73004722    1.92714409    2.43493677    2.27333064    2.30511748    2.00306334    2.04401740    2.21192515    1.69802336
Q8TPF9_METAC/8-236     2.57359822    3.19438844    3.33301728    3.95888953    3.22357024    3.66315246    3.44142035    3.33941534    3.90066108    4.24221921    4.11393905    3.04781458    3.22741736    3.59867737    3.33121831    3.44966586    3.40376371    3.21879534    3.01824245    2.89199335    3.18983263    2.64410003    1.99058802    1.64374912    1.69888231    1.63914710    1.52310185    1.80595212    2.03600712    1.92137615    1.67817564    1.76462751    1.96372888    1.97856681    1.57379387    1.55574705    1.42937207    1.32259939    1.64144104    1.76716948    1.73004722    0.00000000    1.80301376    2.00619589    2.03708952    1.99663249    2.09343256    1.83468387    2.18443639    1.89199494
Q5UZZ1_HALMA/8-227     2.63081457    2.33544259    2.85462794    3.72622292    3.50736325    3.58755022    3.26819900    3.73298674    3.61130314    3.92541841    3.71124730    2.93750600    3.81007341    2.76641625    3.00897759    2.92271828    2.86499668    2.78536225    2.82584479    3.10601166    2.62638483    2.52858749    2.10312985    1.96148686    2.03213952    2.06583368    1.87567938    2.05055883    1.96758332    1.97440174    1.80623165    2.08205787    1.89393765    2.31113482    2.04408549    1.57844905    1.72400543    1.69900685    1.81324659    2.21561815    1.92714409    1.80301376    0.00000000    0.67986472    0.82863688    0.85519799    2.02896244    1.90292618    1.81420634    1.84003656
C7NZ92_HALMD/14-226     2.80493834    3.12906473    3.14660433    3.58367611    3.49725336    3.51498901    3.24505114    3.67539183    3.79033138    3.84977723    3.76289527    2.85726623    4.22842630    3.44259229    3.78233462    3.41228454    3.47587081    3.22672523    3.63471620    3.61738844    3.23856098    2.75489131    2.12347794    2.12278326    2.08997822    2.28896190    2.27802301    2.11318053    2.47542958    2.05802612    1.87536983    2.25673046    1.83153099    2.43002827    2.01746336    1.73180120    1.76005342    1.81660002    1.91206547    2.44959140    2.43493677    2.00619589    0.67986472    0.00000000    0.79764463    0.84655474    2.06720757    1.99837426    2.10121644    2.11056049
A0A1U7EV46_NATPD/12-224     3.00224567    2.61580852    2.59594681    4.33588447    3.99889465    4.06568636    3.60769192    4.34278656    4.68774633    5.83193916    4.80734816    2.85303419    4.18131921    3.38823781    3.99613860    3.34502006    3.18709793    3.54278962    3.88892697    3.61718751    3.64629632    3.14371803    2.41870931    2.36072272    2.41445155    2.50481792    2.27058815    2.14673624    2.25921344    2.18601321    2.12849343    2.44074647    2.20857932    2.64302305    2.44441962    1.90597871    2.12112312    2.12532760    2.25480135    2.57314205    2.27333064    2.03708952    0.82863688    0.79764463    0.00000000    0.38285053    2.29680840    2.23679293    2.30160250    2.28768359
M1Y109_NATM8/12-224     3.58448376    2.78103790    2.46519395    4.08101603    4.00082357    4.09177594    3.62904125    4.21013586    4.55459562    6.08852603    4.85683746    3.37705899    4.56886529    3.65096908    4.01965970    3.70022769    3.14129210    3.73787674    4.22524050    3.69725936    3.51195750    3.15094260    2.19825996    2.31723135    2.55167721    2.61626788    2.21216916    2.09362784    2.33070853    2.12883809    1.96298077    2.53296279    2.22570868    3.08343245    2.36219976    2.04086508    2.35862440    2.15180171    2.37227953    2.55173062    2.30511748    1.99663249    0.85519799    0.84655474    0.38285053    0.00000000    2.28291297    2.02550730    2.21579041    2.42580232
A6WDU7_KINRD/10-222     2.88975693    2.43442425    2.42579995    3.19207960    3.02541648    2.84669282    2.69626000    2.92954265    2.83257444    3.50318462    2.70814844    2.38351223    3.50178283    2.65914187    3.04504844    3.09741149    2.96514888    2.54143478    3.14361496    3.09608123    3.01669358    2.51178756    1.57458303    1.41074918    1.59366906    1.75472929    1.66725231    1.76568869    1.83261315    1.82762907    1.67875733    1.81666879    1.62963200    1.58890967    1.62656619    1.63253707    1.73966191    2.05185362    2.03340267    2.17527900    2.00306334    2.09343256    2.02896244    2.06720757    2.29680840    2.28291297    0.00000000    1.28384810    1.40823798    1.73605278
D7C1T6_STRBB/23-231     2.37215043    2.04974272    2.39582201    3.32778073    3.02692284    2.89439800    3.02629353    3.75518283    3.43505825    3.24004709    2.86154726    2.44503990    3.10832798    2.59603318    2.35867708    2.54329571    2.78339979    2.54911475    2.81649964    2.36653505    2.52306060    2.47600045    1.65364570    1.50549281    1.40280303    1.38919867    1.56593455    1.53429700    1.68940246    1.77851095    1.57114503    1.94393246    1.63103216    1.81541676    1.52855618    1.82473469    1.58815222    2.16052385    2.33786342    2.33026454    2.04401740    1.83468387    1.90292618    1.99837426    2.23679293    2.02550730    1.28384810    0.00000000    0.76910993    1.32474991
I0H100_ACTM4/7-215     2.46895328    2.03062057    2.73725001    3.48589391    3.89786416    3.37363471    3.60910541    3.93112755    3.58675039    3.53857771    3.22405452    2.76764055    4.06325929    2.65292066    2.38696543    2.51382057    3.12324738    2.64505056    2.83482416    2.69196394    2.67605786    2.72909809    1.88924933    1.90265871    1.51553392    1.61637676    1.61203627    1.78343956    1.74522097    1.92815208    1.66483713    1.89169531    1.80060592    2.08634158    1.64877614    2.08945442    1.69651607    1.99882582    2.28271160    2.67947502    2.21192515    2.18443639    1.81420634    2.10121644    2.30160250    2.21579041    1.40823798    0.76910993    0.00000000    1.55102423
Q8PBN9_XANCP/10-229     2.18611781    2.25807748    2.92539114    3.14202871    3.03839644    3.31455762    3.07331871    2.98682928    3.06804885    3.15851511    2.93122787    2.82919399    3.51350527    3.13881858    2.73598727    2.66108411    2.82532083    2.54279035    2.07562027    2.17672410    2.47598869    2.43014158    1.82327868    1.70290956    1.65736312    1.65074232    1.57282179    1.71377480    1.83209159    1.83394119    1.39082264    1.70163809    1.46497501    1.54144716    1.44318964    1.64444781    1.59499797    1.75021007    2.07669560    2.20529812    1.69802336    1.89199494    1.84003656    2.11056049    2.28768359    2.42580232    1.73605278    1.32474991    1.55102423    0.00000000

