17
A0A0D2VZW6_CAPO3/60-543     0.00000000    0.82004451    0.88862713    0.90070050    1.22280520    1.30956450    1.47190929    1.68577670    1.51329825    1.34395545    1.90853948    1.89742779    1.43374407    1.44194507    1.19933715    1.43623579    1.42972555
I3KUI1_ORENI/31-484     0.82004451    0.00000000    0.65090351    0.63389657    1.16817830    1.37251739    1.51097085    1.67128740    1.52744945    1.31099269    1.88516535    1.82428702    1.60782815    1.54412691    1.35444912    1.41375086    1.44440251
F1P9N2_CANLF/34-512     0.88862713    0.65090351    0.00000000    0.19899362    1.24321660    1.31368121    1.48083595    1.52141042    1.35980406    1.29848727    2.08063310    1.99732584    1.46561346    1.46922915    1.29246213    1.39130798    1.37660539
PLBL1_MOUSE/67-545     0.90070050    0.63389657    0.19899362    0.00000000    1.25250989    1.32209151    1.52171916    1.56359308    1.40315678    1.33211684    2.03340587    2.03220056    1.43969492    1.46793675    1.35507142    1.43970776    1.39839652
A0A0D2VSE2_CAPO3/66-572     1.22280520    1.16817830    1.24321660    1.25250989    0.00000000    1.10803610    1.34035205    1.53303677    1.49377650    1.31515108    1.95925719    1.97457197    1.49690456    1.51410143    1.23185916    1.41194869    1.28118914
D3B1B3_POLPP/67-565     1.30956450    1.37251739    1.31368121    1.32209151    1.10803610    0.00000000    1.27503657    1.61268482    1.46873272    1.27139761    2.01310528    2.03319722    1.57405092    1.51867562    1.20434301    1.50355791    1.35576713
A9V691_MONBE/54-539     1.47190929    1.51097085    1.48083595    1.52171916    1.34035205    1.27503657    0.00000000    1.57858931    1.43303375    1.41947947    2.23595950    2.19696424    1.56766279    1.40322786    1.30320046    1.52198706    1.34909054
Q57ZQ0_TRYB2/68-600     1.68577670    1.67128740    1.52141042    1.56359308    1.53303677    1.61268482    1.57858931    0.00000000    1.56832659    1.48203536    2.20337230    2.32284723    1.66688915    1.68926138    1.52862799    1.62973300    1.52931785
PLBL1_CAEEL/53-548     1.51329825    1.52744945    1.35980406    1.40315678    1.49377650    1.46873272    1.43303375    1.56832659    0.00000000    1.05728062    1.90329339    1.91190436    1.13968705    1.16724144    1.39058821    1.67315697    1.42122879
E9GSQ2_DAPPU/57-563     1.34395545    1.31099269    1.29848727    1.33211684    1.31515108    1.27139761    1.41947947    1.48203536    1.05728062    0.00000000    1.59083998    1.65864579    1.07978381    1.22621990    1.30778049    1.46851614    1.37038954
Q7Q692_ANOGA/75-689     1.90853948    1.88516535    2.08063310    2.03340587    1.95925719    2.01310528    2.23595950    2.20337230    1.90329339    1.59083998    0.00000000    0.57491781    1.96020681    1.77747438    1.89106144    2.12218022    1.97002182
W5JC79_ANODA/75-670     1.89742779    1.82428702    1.99732584    2.03220056    1.97457197    2.03319722    2.19696424    2.32284723    1.91190436    1.65864579    0.57491781    0.00000000    1.94968206    1.78007355    1.97513481    2.12696023    1.98559384
PLBL2_CAEEL/82-574     1.43374407    1.60782815    1.46561346    1.43969492    1.49690456    1.57405092    1.56766279    1.66688915    1.13968705    1.07978381    1.96020681    1.94968206    0.00000000    0.92637303    1.41171739    1.73319526    1.46536474
PLBL3_CAEEL/73-566     1.44194507    1.54412691    1.46922915    1.46793675    1.51410143    1.51867562    1.40322786    1.68926138    1.16724144    1.22621990    1.77747438    1.78007355    0.92637303    0.00000000    1.43944663    1.50313665    1.47320767
D3BKS0_POLPP/63-553     1.19933715    1.35444912    1.29246213    1.35507142    1.23185916    1.20434301    1.30320046    1.52862799    1.39058821    1.30778049    1.89106144    1.97513481    1.41171739    1.43944663    0.00000000    1.24496454    1.15073775
PLBLE_DICDI/55-552     1.43623579    1.41375086    1.39130798    1.43970776    1.41194869    1.50355791    1.52198706    1.62973300    1.67315697    1.46851614    2.12218022    2.12696023    1.73319526    1.50313665    1.24496454    0.00000000    1.30205987
F2UM01_SALR5/59-539     1.42972555    1.44440251    1.37660539    1.39839652    1.28118914    1.35576713    1.34909054    1.52931785    1.42122879    1.37038954    1.97002182    1.98559384    1.46536474    1.47320767    1.15073775    1.30205987    0.00000000

