9
Q6TUY1_YMTV5/10-103     0.00000000    0.26420329    0.31325966    0.29842918    0.40766938    0.99602589    0.75355003    1.80098113    1.31444450
Q08FW2_DPV83/11-107     0.26420329    0.00000000    0.33919765    0.35721614    0.43851259    1.01370133    0.80131276    2.07157138    1.49152516
Q8V3R5_SWPV1/7-101     0.31325966    0.33919765    0.00000000    0.35093765    0.42768358    0.95907892    0.71016050    2.14049696    1.40711377
Q9Q945_RFVKA/7-100     0.29842918    0.35721614    0.35093765    0.00000000    0.36778210    0.94023792    0.68959214    1.85361046    1.23700996
F17_VACCW/8-100     0.40766938    0.43851259    0.42768358    0.36778210    0.00000000    0.84200253    0.52437915    1.61866633    0.86199562
F17_FOWPN/14-112     0.99602589    1.01370133    0.95907892    0.94023792    0.84200253    0.00000000    0.93964280    1.72830753    1.44788302
Q98198_MCV1/2-91     0.75355003    0.80131276    0.71016050    0.68959214    0.52437915    0.93964280    0.00000000    1.43234650    0.79721033
Q070J8_CPRVZ/6-114     1.80098113    2.07157138    2.14049696    1.85361046    1.61866633    1.72830753    1.43234650    0.00000000    1.26763409
Q6TVV3_ORFSA/5-102     1.31444450    1.49152516    1.40711377    1.23700996    0.86199562    1.44788302    0.79721033    1.26763409    0.00000000

