7
ITP_SHV21/6-866     0.00000000    1.43426137    1.44852748    1.52300460    2.08183341    2.84548031    2.81342087
ITP_HHV8P/7-896     1.43426137    0.00000000    1.63429555    1.84089545    2.18959854    3.36913618    3.13693735
ITP_EHV2/7-930     1.44852748    1.63429555    0.00000000    1.72870435    2.04953819    2.97497406    3.10494755
ITP_ALHV1/8-904     1.52300460    1.84089545    1.72870435    0.00000000    2.20468588    3.16026086    2.91671770
ITP_EBVB9/29-1032     2.08183341    2.18959854    2.04953819    2.20468588    0.00000000    3.55143596    3.38866610
ITP_HCMVM/9-925     2.84548031    3.36913618    2.97497406    3.16026086    3.55143596    0.00000000    1.80886486
ITP_HHV6U/155-1043     2.81342087    3.13693735    3.10494755    2.91671770    3.38866610    1.80886486    0.00000000

