170
A4H8I5_LEIBR/131-192     0.00000000    2.26231292    1.90589172    1.59271455    1.71957107    2.47155747    1.89545044    2.84940828    1.72107121    2.37606370    1.86065428    3.27061049    3.07257091    2.08159086    2.39862076    2.45565814    2.33174799    2.40132949    2.23885115    2.24778385    2.04457883    2.21622468    2.69242956    2.49069620    2.37677655    2.00983392    2.20010206    2.21530960    2.29613310    2.15605026    3.72341701    2.82986719    3.01124647    3.03578020    2.46318241    2.96459419    3.12781178    2.95551529    2.97170574    2.77019571    3.04738637    2.52532662    2.78978173    2.81908238    2.26914045    2.49318523    2.80085659    2.74487463    2.98061917    3.33528946    2.92994105    3.42834640    3.15650348    3.10616032    2.62614968    2.77133808    2.25772161    2.40335002    2.70264447    2.66374126    2.66043102    2.16222961    2.58190362    2.00662077    2.04740740    2.07867402    1.90830844    1.99460569    2.19817221    2.02596254    2.25750806    2.19560865    2.40278578    2.02660803    2.15067653    1.77203098    2.67559277    1.81482337    2.10288779    2.00643305    2.37738900    2.13216018    2.32762500    2.16164458    2.18792530    2.20234158    2.14742859    2.03951013    2.20819247    2.38530867    2.18147816    3.11153632    2.87356106    1.87537917    2.05619470    2.27964862    2.00273090    1.81205143    2.43071244    2.05467658    2.77193247    1.96299041    2.26475956    2.22911666    1.96330924    2.34553588    1.94661371    1.98985967    3.13977936    1.61818786    1.90894901    2.56924304    2.20878957    1.58737396    1.76252615    2.02695001    1.97201093    1.83518917    2.25912106    1.99061103    2.23251545    2.11117968    2.13943907    1.95350903    2.23617080    1.71333177    1.85438860    2.54251820    1.80735605    2.60637121    2.70196717    2.90364905    2.63041047    1.60121605    1.59509781    1.56936461    1.85360148    2.02358025    1.55514768    1.80075551    2.34148638    2.38765152    2.51349633    2.18871037    2.15478566    2.36680819    2.02546656    2.52367394    2.44217645    2.37825495    2.51468115    2.73873009    2.82387893    2.83338575    3.02329567    2.95619293    2.22421542    2.15982837    2.25320312    2.24941226    2.26186765    1.93624090    1.96148463    1.62092937    2.03724078    2.05302840    2.45857324    1.59233658    1.54058115    1.36997321
Q8I5N7_PLAF7/36-97     2.26231292    0.00000000    1.57063823    1.10867452    1.37739006    1.21659134    1.44000464    2.17168400    1.55017903    1.36698814    1.61446710    2.04992204    2.01584975    1.92030985    2.43112483    2.41069662    2.26643089    2.37419050    2.10234613    2.52607380    2.64886740    2.90674771    2.50406547    2.63414723    2.00525128    2.35635102    2.22551909    1.98512066    2.11460099    1.78412623    2.10829542    2.30426284    2.38465597    2.65916977    2.35944800    2.32345879    1.95842089    1.83345619    1.69796337    1.76749936    1.90024181    1.87165631    2.16276059    2.09944015    1.83119810    1.95200600    1.92473045    2.17733396    2.11777047    1.99500516    1.97695590    2.01631244    2.03963069    1.94465750    2.11597291    1.78098458    2.01815608    1.87663537    2.20607225    2.12939598    2.38979867    2.46630405    2.67606099    1.43722415    1.60800345    2.04221061    2.07398938    2.05894306    2.02228258    2.02060665    1.86127755    1.90008444    2.06124054    2.29209140    2.02775816    1.78751323    2.02619529    2.14923567    1.80554546    1.93805984    2.16150459    2.34133923    2.03305412    1.96597007    2.08729455    2.04627023    2.06481124    2.11276963    1.75897783    2.28237590    2.42341250    2.70793086    2.62062776    2.08607465    2.07450096    2.22553776    1.68204247    1.84551482    1.99218599    1.78733918    1.57199047    1.87115726    1.83287906    1.77580043    2.11223698    1.92801587    1.79141257    1.56946236    2.47199231    1.89299628    2.34735574    2.78684705    2.36547325    2.16205132    1.79679962    2.08422771    1.59018804    1.83525815    1.61897166    2.03126167    2.16310389    1.83873327    2.03803359    2.00129688    1.84015001    2.00794869    2.09140837    1.83623026    2.23573915    2.59129317    3.15847233    2.57949726    2.47468361    1.57001131    1.74514869    1.76939951    1.56253792    2.16007180    2.25968495    2.11918683    2.25866990    2.01400104    2.13726559    1.78115806    2.01752990    1.89364829    2.46567803    2.57143653    2.32998253    1.99714462    1.70964433    1.82580795    1.57160260    1.81189372    1.83785974    1.76545780    2.36885240    2.22551295    2.59059418    2.36572549    2.54211845    2.10855936    2.12305672    2.00774209    2.37126919    2.09079934    1.80238002    1.87927464    1.61947033    1.69514445
A0A125YMA9_TOXGV/47-108     1.90589172    1.57063823    0.00000000    1.51678929    1.36759702    1.80659520    1.89983084    2.43084588    1.84246458    2.10075932    1.70421769    2.41078739    2.84165196    1.63662999    2.07861128    2.05953058    2.19733143    2.01295980    1.92945994    2.10868405    2.13554962    1.90063245    2.11566380    2.23785625    1.59155471    1.81055426    1.76119302    1.52463370    1.60259675    1.96395041    1.62155944    2.03812289    2.26205853    2.02444883    1.93088775    1.73705019    2.08927625    2.33865113    2.37714393    2.51445552    2.22384131    1.91259605    2.56859537    2.39736649    1.92253020    2.00927725    2.26116713    2.23660895    2.63790398    2.29785007    2.03082094    2.42862246    2.23050369    2.33660835    1.86939795    1.93407620    2.10413960    1.95397893    1.80094520    2.27976506    1.86628565    1.76550334    2.37157603    2.00300380    2.02709933    2.17314963    1.84327775    1.83869684    2.03524926    2.17089851    2.16252454    2.24008154    2.27937071    2.61953104    2.01918596    2.11416319    2.31448801    1.83069869    1.97106049    1.55695780    2.60742800    2.47948929    2.23567016    2.58487173    2.69940191    2.67819510    2.04599838    2.25037112    1.84008709    2.45654553    2.22333218    2.32252269    2.43973222    2.39668656    2.33396231    2.56179832    2.76236145    2.48969486    2.21758738    2.23427715    2.44088702    2.41599601    2.65757275    2.20709170    2.47388041    2.66003493    2.22809000    2.36293250    2.97919044    1.60326595    1.59016953    1.60647496    1.83689358    2.12520916    1.95195663    1.55825120    1.84969839    1.53905383    1.81812151    2.01475533    2.16357284    2.19528132    2.02857907    1.92751893    1.76477434    2.62084391    1.75299535    1.69109900    2.20669168    2.05064587    2.51516766    2.85955004    2.38479261    1.44391734    1.58586644    1.27649197    1.39980554    1.96259786    1.68607729    1.63589240    1.91240808    1.98323662    2.12655984    1.95041597    2.35502797    2.03030235    2.06404346    1.92033555    1.78807070    1.88503032    1.55088595    1.47037613    1.54493587    1.80770348    1.71607003    1.63769818    2.39711101    1.55389659    2.39273449    1.91897127    2.23762111    1.75254329    1.67288272    1.85197244    1.39233570    1.64539656    2.02315730    1.73547483    1.53206625    1.74346077
Q5CW77_CRYPI/53-114     1.59271455    1.10867452    1.51678929    0.00000000    0.54991451    1.94247027    1.89097841    2.18777412    1.93113229    1.69287375    1.71952548    2.22977515    2.02921682    1.67840145    2.68276151    2.48308454    2.44472154    2.59657563    2.52990303    2.41463726    2.20783360    2.50963390    2.40816646    2.60760582    1.85624261    2.46260914    2.08543788    1.92426030    1.85020388    1.86862241    2.60882431    2.36435185    2.61577982    2.04455382    2.83585228    1.91459874    2.19006730    2.19304673    2.04925564    2.03847563    2.01132727    1.74439237    2.02036889    2.12501357    1.94571894    1.98113275    1.99849405    2.48701634    2.66807020    2.86342948    2.33882311    2.32501097    2.66788222    3.08267908    1.77298469    2.09084322    2.27901500    2.42677584    2.57552611    2.46498243    2.98277317    2.48878840    2.33347547    2.14300525    2.03005748    1.72731860    1.95617205    2.04197795    1.97996864    1.77792725    1.76873995    1.67051589    1.95165728    1.88736425    1.96059004    1.75504898    2.57154562    1.69502116    1.76210317    1.72959484    1.46976194    1.63254758    1.72699075    1.74420944    1.74717435    1.89216370    1.53708094    1.95473285    1.56298716    2.09008441    1.75356183    1.91355412    1.83717980    1.38933390    1.43046067    1.31409424    1.38854263    1.37279568    1.57258763    1.67227726    2.05299094    1.89355695    1.90076537    1.78178847    2.15403428    2.34034060    2.24648505    1.97672351    2.64038540    1.43517259    1.73694510    1.86083660    1.94114286    1.91335235    2.00963053    1.71620026    1.61929799    1.79459344    1.73065291    1.82025958    1.83355567    1.83364343    1.80014900    1.76739524    1.58385267    1.98899195    1.59068216    2.28479943    2.13592771    2.18919285    2.31477143    2.24405089    2.78356720    1.51663186    1.59076801    1.51602966    1.51379668    1.83282547    1.65208048    1.43210961    2.23836658    2.32677739    2.33593621    1.26199885    1.49497443    1.30658895    1.75955139    2.48863476    2.09808872    2.11540000    1.67394366    1.62914114    1.66070136    1.52188978    1.64407976    1.69276544    2.04914652    2.26776585    2.40878996    2.36475699    2.78129726    2.37860148    2.28296606    2.23228546    1.89641868    1.51075166    1.69085700    1.84159507    1.61024846    1.42907385
B6AAX0_CRYMR/45-106     1.71957107    1.37739006    1.36759702    0.54991451    0.00000000    1.84870448    2.05280760    2.20153222    2.03424274    1.85209900    2.09706453    2.40844512    2.29301997    1.37386153    2.62898283    2.57455058    2.38443587    2.53435144    2.32317854    2.42345307    2.16247657    2.33522590    2.50045375    2.39414289    2.09509556    2.47981611    2.27737521    2.34445433    1.62116969    1.66562370    2.36700321    2.37313456    2.35101870    2.22082945    2.39502202    1.81146412    2.20505980    2.11835512    2.23153925    2.15229963    2.28266592    1.70177634    1.83572453    1.93881704    2.33338496    2.37596675    2.18727160    2.21918472    2.72564811    2.95927022    2.48037278    2.25071334    2.78121009    2.88860114    1.86872346    2.19914739    1.88367736    1.97930749    1.83552543    2.05382715    2.48585182    2.37969166    2.76747641    2.08406539    1.84575923    1.94117106    2.03328752    2.12324212    2.11046215    1.64245212    1.92643970    2.01115504    1.95520269    1.63507371    2.15217489    1.92371239    2.24752695    1.56842465    1.80546348    1.69943885    1.72221058    1.71301825    1.95352780    1.91602583    1.82971178    1.54416115    1.61062711    2.08566896    1.59830057    2.34163767    2.02493885    2.14217283    2.18693453    1.90475909    1.62180837    1.56138431    1.68203070    1.73781234    1.57355565    1.73315831    2.26142538    1.88417992    1.79511577    1.58944868    2.09820273    2.10061621    2.16009209    2.00418429    2.60135566    1.52189916    1.62881853    1.77956654    1.93667680    1.70156354    1.76868811    1.41533128    1.42401442    1.56163929    1.56083877    1.47003501    1.78313768    1.78717309    2.05251678    1.64548304    1.65792201    2.05482795    1.55139492    2.25799951    2.06422909    2.32580108    2.26392728    2.32208960    2.26114023    1.41697017    1.62146250    1.39672579    1.30055606    1.64675853    1.55153539    1.53151798    2.18113135    2.04353347    2.15258503    1.47070315    1.66344053    1.45049568    1.74632318    1.81892702    1.86529816    2.12343551    1.58189273    1.60148932    1.46689199    1.46858861    1.67019352    1.84324310    1.55733507    1.96842888    2.25142078    2.31017842    2.42598193    2.20844268    2.18537760    1.97379635    1.42272003    1.71186407    1.89075018    2.11319010    1.76351783    1.97332704
Q23RZ0_TETTS/125-187     2.47155747    1.21659134    1.80659520    1.94247027    1.84870448    0.00000000    1.27813223    1.62692024    1.52022104    1.58164109    1.61948767    2.11703248    1.96449402    1.60717488    2.56113593    2.71647030    2.55138078    2.61846677    2.40636359    2.72202888    2.67166446    2.68708882    2.67619591    2.69366444    2.34979418    2.32523731    2.54797109    2.49906135    2.38481008    2.15922868    2.20225127    2.20495794    2.72605554    2.77361252    2.49323647    2.41249028    2.23136495    2.46466584    2.70700807    2.42576523    2.35703233    2.04820633    2.46291354    2.26335595    2.08342917    1.95653414    2.38302310    2.43588268    2.46969996    2.97121951    2.60491145    2.61528646    2.36132045    2.30942426    2.58920766    2.31698543    2.07499480    2.26020544    2.28621853    2.54440325    2.45696871    1.91681462    2.08213751    1.72257861    1.49381154    1.53233037    1.72524538    1.67170282    1.94139014    1.53934316    1.44734219    1.83111467    1.46024287    2.31510964    2.05799131    1.83478641    2.06069656    1.52921251    1.59500340    1.38865888    1.94780933    1.90018488    1.63054785    1.70479176    2.01273472    2.02199536    1.85943545    2.02964388    1.84666097    2.35233964    2.01003158    2.33659259    2.39997082    2.03594663    1.93499828    2.01874049    1.91425000    1.75488231    1.76877943    1.59466570    1.56292951    1.85660779    1.51616578    1.60117842    1.52434253    1.69766124    1.42665364    1.64766306    2.44214139    1.63888630    1.84346363    2.02890579    1.93750340    1.52488099    1.55517287    1.56655668    1.29737175    1.48518985    1.53948462    1.44814800    1.60154861    1.39579448    1.69820727    1.93672017    2.04645289    1.87012901    1.67639379    1.77955931    2.13069512    2.30898298    3.17357726    2.85754272    2.21750024    1.62201997    1.63896575    1.61011059    1.46005439    1.73076296    1.95063776    1.87602608    2.68116370    1.36537410    1.50502983    1.95861187    1.99686326    2.12713498    1.86021531    2.45381458    1.67754689    1.93843131    1.69843624    1.79620832    1.48253984    1.59193740    1.67236631    1.91030316    2.26089222    1.75282324    2.70344883    1.68393892    2.13336618    1.76011546    1.88635943    1.77805447    1.61425129    2.05270235    1.96692127    2.02245664    1.62166053    1.79806706
Q3SD96_PARTE/53-114     1.89545044    1.44000464    1.89983084    1.89097841    2.05280760    1.27813223    0.00000000    2.21955807    1.99342395    1.96713452    1.74735782    2.59598527    2.97410292    2.09733484    1.81590469    1.94328559    1.71853972    1.80781979    1.81131709    2.15005901    2.08338903    2.26055494    1.89205558    1.98365474    1.77071463    2.30973032    1.98900333    2.04326889    1.94340317    1.70602900    2.24633212    1.87446269    1.68865253    2.39910393    2.27679175    2.47958869    2.17266656    2.36655628    2.13981589    2.22845514    2.52980061    2.54055660    2.49129104    2.69416099    2.23222829    2.50928909    2.53361054    2.49577452    2.47495041    2.65931687    2.66456992    2.53571683    2.24726027    2.30863589    3.01565634    2.68155284    2.17332528    2.47850727    2.31163411    2.42630335    2.25543904    1.96165827    2.18323662    1.58242934    1.39400314    1.76731848    2.24256333    1.96738024    2.24734784    1.64617395    1.68881615    1.77732564    1.67939872    2.11646229    1.69617128    1.91728799    2.15969510    1.82962768    1.77231760    1.63195524    2.04457043    2.39258100    2.07028379    2.22708533    2.15487532    2.09768313    2.10766690    2.09877163    1.77320742    2.26322634    2.14712267    2.45744679    2.43081780    2.25572308    2.33652124    2.18050552    1.83758583    1.86270087    1.91836965    1.89894846    1.70660902    1.75626241    1.85204755    1.50984093    1.81306301    1.44795877    1.62812996    1.44797867    2.38593817    1.84737950    1.98969117    2.65233072    2.66149928    1.90954824    2.27702831    2.10456941    2.08626375    1.89769565    2.12228077    2.36381694    2.30205440    2.03040000    2.28620964    1.61776895    1.81725165    1.74004242    2.20067288    1.88463684    2.28104332    2.77168229    3.03115798    2.91843189    2.98535979    1.52811434    1.50229050    1.68852973    1.60756431    1.92564968    2.23170236    1.67017902    1.97569901    1.78298058    1.86373649    1.84326747    1.75948834    2.09441814    2.41224078    2.53033911    1.88415027    1.93796474    2.22549146    2.36950832    1.97874127    2.42788269    2.11999328    2.27162614    2.40648713    2.26106111    2.61666597    2.24820054    2.77590135    2.40007116    2.04564361    2.10892734    1.91138348    1.85637371    1.69910312    1.80612663    1.79724243    1.96600780
B1L6W9_KORCO/68-136     2.84940828    2.17168400    2.43084588    2.18777412    2.20153222    1.62692024    2.21955807    0.00000000    2.00705058    1.92114679    1.45613181    2.03430392    2.41748160    1.93379132    2.09112306    2.49623789    2.13356320    2.31570618    1.85540574    2.23803393    1.88745514    2.10704985    1.70079689    2.16111203    2.35822607    2.35555825    2.29670374    2.46458594    1.99029698    1.90973401    2.89068712    2.43956755    2.07456903    2.02844685    2.27204917    2.12400647    1.71220387    2.21156664    2.48822244    2.08492154    2.16074426    1.91208660    2.04143388    2.09613782    1.78383479    2.05352931    2.14204107    2.27188853    2.54005396    2.45916085    2.36443418    2.66881818    1.99699775    2.11599043    1.87180089    1.85334159    1.48285356    1.83148263    2.15766450    2.04789161    2.10993445    2.57396922    4.41999397    2.00456103    2.14131127    2.18756019    2.10789405    1.89954254    2.61727297    2.11779121    1.93737959    2.13643184    2.20700830    2.52411327    3.55820602    2.60983862    2.96293124    2.09850052    2.40258785    2.19966259    2.42420795    1.82519482    1.87997624    1.79708834    2.48272049    2.18436437    1.81979597    1.98575595    2.01622474    2.77902327    2.35123914    2.19656451    2.11849586    2.75402469    2.26199723    2.05128459    2.38708342    1.82777072    2.61689668    2.49041883    2.10550126    1.86035234    1.93592264    2.05795647    2.02885738    1.71449842    1.80472751    2.03579401    3.44204985    2.13401407    2.27788141    2.42230848    2.42088025    2.38069630    2.11480858    2.52081116    1.77952251    2.40149233    2.09828131    2.40855427    2.32959945    2.86874911    2.51044131    2.36269176    2.18945095    2.27741194    1.83282206    2.06295997    1.94871120    2.79549389    3.13577118    3.01292200    2.66333093    2.15410427    2.29252769    2.14596346    2.08673514    2.18436736    2.06755990    2.18421827    2.78998320    1.80151042    1.94820584    2.30708752    2.32417619    2.71897947    1.80774920    2.85581159    2.38490374    2.14190773    2.11644942    2.39753796    1.77546509    2.14101740    1.91532931    2.40494058    1.52377162    2.66160517    2.44770087    2.65161731    3.65764946    2.64985548    3.22149400    2.69826397    1.97068857    1.94734960    2.53878293    1.88853501    1.88993401    1.97015737
Q0W5E7_METAR/77-146     1.72107121    1.55017903    1.84246458    1.93113229    2.03424274    1.52022104    1.99342395    2.00705058    0.00000000    1.59176408    1.60319530    2.18199605    2.22652333    2.41939486    2.42380542    2.44883459    2.12871153    2.32529206    2.42500958    2.10002529    2.35412302    2.22517665    2.52618823    2.43160950    2.29062844    2.48456126    2.33992751    1.98971194    2.01519568    1.85553184    2.34955935    2.16376287    2.00532540    2.22642148    2.15743579    2.08694443    1.59721352    1.68999979    1.79158527    1.57305472    1.71350164    1.41071284    1.59949115    1.73044552    1.34613690    1.44922465    1.62974675    1.82714395    1.79852177    1.85596640    2.03576700    1.87990937    1.68244271    1.64137803    1.85182695    1.72765561    1.91228974    1.95488334    1.90540013    2.21284631    2.17223163    2.11913996    2.67283991    1.96484185    1.65269411    1.42870560    1.62531483    1.45428815    1.59045329    1.57689469    1.50455979    1.66379003    1.76180733    2.10149142    2.25837792    1.96635366    2.09651842    1.57425996    1.46208933    1.76832677    1.88979490    2.19209085    2.19448070    1.91741985    2.12415204    2.08296799    1.88049708    1.92478410    2.08379131    2.51436141    1.43672280    1.82912536    1.73267602    1.92792515    1.73603558    2.00242332    1.65611372    1.66212457    1.86439437    1.79148896    1.78408452    1.59532968    1.76264212    1.91847695    1.64844764    1.59067144    1.39848692    1.35749743    2.83770755    1.99591384    2.41202288    3.21027898    2.48842017    1.93436787    2.06742971    2.35132714    2.01021693    1.39653185    1.80843302    1.98957576    1.83243794    1.70608664    2.21762077    2.37833726    1.87736294    2.15089121    2.08172291    1.73306168    1.90999009    2.36176650    2.96254327    2.99799914    2.34794965    1.67736764    1.61718436    1.60042380    1.74348965    2.09089975    1.85765024    2.02060252    1.87225009    2.16315106    1.95763830    1.78926599    1.89967078    1.84126392    2.04916401    2.75914483    2.01604134    2.11315842    2.18582278    2.01660535    2.17472249    2.02001864    2.00085867    2.05299187    1.75539857    2.22275452    2.88308866    2.30969391    2.56799832    2.58670207    2.22238059    1.98679317    1.91372181    1.59323707    1.81280536    1.77181645    1.70601946    1.82681994
G3B1W2_CANTC/83-145     2.37606370    1.36698814    2.10075932    1.69287375    1.85209900    1.58164109    1.96713452    1.92114679    1.59176408    0.00000000    1.09090772    2.23629858    2.36057756    2.27938307    2.75774848    2.77652556    2.56241878    2.50652996    2.43146750    2.77538128    2.58887315    2.48128208    2.64216872    3.09875434    1.87563974    2.10525942    1.96796609    1.83904229    2.11474152    1.65453371    2.26395242    2.00171370    2.12788291    2.13980171    2.16258195    2.72900073    2.00944815    2.95652399    2.68544078    2.55849760    2.75936262    2.24113547    2.32618727    2.26830873    2.17028072    2.30612446    2.34714800    2.67677766    3.14608486    2.79325797    3.12932786    3.06739895    3.26487970    3.07686092    2.76286360    2.61965527    2.05096497    2.31042176    2.42776158    2.39326793    2.72468817    1.80725720    2.15168108    1.83505353    1.47497335    1.42170812    1.46131463    1.32888808    1.38553295    1.62346658    1.68186876    1.71554883    1.86650953    2.13601620    2.45134885    1.73505218    2.25764643    1.52078685    1.55633102    1.74827680    1.55369856    1.56206184    1.67770560    1.59962096    1.39649280    1.47285839    1.44938566    1.52751493    1.44827982    1.86402468    1.73296485    2.01610780    1.80557934    1.82494081    1.61527983    1.28835229    1.47613856    1.34957136    1.49383788    1.35618961    1.46959795    1.32536863    1.14666836    1.21893641    1.30344540    1.35176905    1.45603966    1.34871408    1.73446384    1.72620311    2.02831042    2.37498621    1.84657289    1.61552880    1.50744774    1.70808159    1.53912356    1.54297756    1.68369721    1.99028592    1.43079157    1.70508136    1.97273733    1.22044084    1.09889530    1.56824748    2.03341936    2.05322327    1.71931878    1.87141625    2.21013275    2.57038279    1.87137886    1.56341024    1.63298811    1.56805361    1.37154032    1.83286190    1.48093423    1.43480944    1.64089644    2.32213818    2.20755213    1.93454154    2.27347576    2.18606602    2.02722493    2.75250043    1.52309531    1.58990713    1.40056959    1.47955258    1.39146391    1.30846504    1.54846787    1.48184854    2.32643645    1.62704657    2.46913255    2.28921727    2.39860296    2.28442166    2.31127152    2.14547741    1.84512263    2.27439000    2.11158309    1.80084396    1.47115420    1.63370880
Q6MJB7_BDEBA/73-145     1.86065428    1.61446710    1.70421769    1.71952548    2.09706453    1.61948767    1.74735782    1.45613181    1.60319530    1.09090772    0.00000000    1.63424813    1.74537649    1.64528165    2.36977283    2.30188820    2.17024073    2.02284908    2.14991319    2.31030398    2.08836450    2.24133438    2.43211703    2.48217370    1.71486965    1.85385881    1.90307395    1.62385192    1.62617977    1.75923584    1.67591385    1.66057558    1.54180768    1.64645031    1.47763732    2.42148162    1.49966625    2.16406544    2.04563898    2.00477155    1.98309678    1.59374192    1.80144159    1.77131274    1.46107618    1.50403423    1.75643458    1.83635100    1.92696145    1.62604751    2.14459753    2.17948313    1.79467756    1.85118665    1.96437647    1.88267390    1.46708776    1.69052624    1.67173829    1.78428959    1.96401175    1.68509296    2.29444632    1.83796902    1.51216158    1.56751991    1.26047543    1.43758364    1.71165818    1.67990036    1.82090971    1.69200288    1.92002313    2.08772501    2.14487721    1.73609334    1.75687661    1.52421702    1.65621507    1.56947108    1.64022360    1.46339997    1.59178983    1.55798883    1.63302251    1.67320675    1.47692087    1.67576665    1.74955882    2.03795166    1.85582886    1.93595559    1.77176898    1.70172178    1.68879770    1.67367079    1.61251758    1.46035877    1.56280981    1.59561970    1.65093417    1.41075855    1.47439050    1.65089303    1.46805330    1.26623720    1.21940574    1.24669474    1.83085961    1.59881099    2.61100021    2.94970772    2.05892156    1.95042937    1.40461951    1.73649533    1.90120964    1.39984647    1.68822918    2.11728792    2.15455301    2.07648231    1.90344656    1.86831595    1.30084519    1.64667875    1.68110639    1.76726424    1.34902456    1.70285299    2.24704712    2.95374780    1.58146886    1.30901461    1.47013348    1.34438256    1.18863408    1.46347187    1.16102636    1.24368093    1.84909756    1.64430718    1.66098201    1.73203944    1.87990973    2.07709884    1.93727582    2.35877732    1.84809777    1.58004923    1.40498136    1.37853510    1.36145712    1.45325196    1.42816482    1.37183212    1.84963724    1.61056955    2.48391874    2.05211371    2.49274580    2.13828594    2.51260381    2.06494521    1.35472971    1.93327931    1.99764562    1.37106670    1.29834039    1.22694078
M8AQW6_TRIUA/434-495     3.27061049    2.04992204    2.41078739    2.22977515    2.40844512    2.11703248    2.59598527    2.03430392    2.18199605    2.23629858    1.63424813    0.00000000    0.91646197    1.85823985    2.39876594    2.35666050    2.44674394    2.83243316    2.37027165    2.49264966    2.45731546    2.37279695    2.35899233    2.48718474    2.26560475    2.20465869    2.37981173    2.28413903    1.97607759    1.95990533    2.31460340    2.29874552    1.93087410    2.00216444    2.36562309    2.27662623    1.79043692    2.08368636    2.16426951    2.26711190    2.05554858    1.53286663    1.79075589    1.88088422    1.54065043    1.72506675    1.87482625    2.18029044    2.42893681    2.17137948    2.17592496    2.07366021    2.28965992    2.39361879    2.47356546    2.33300969    2.13922174    2.37771153    2.50534703    2.35332885    2.82131121    3.15488368    2.94677922    2.58565348    2.42630322    2.27071307    1.90574821    1.75814711    2.16369552    2.26237526    2.30300818    2.48586385    2.31944838    1.82774541    2.87102019    2.12855471    2.54223027    1.69087156    2.01156045    2.08877896    2.18464354    1.88239012    2.04134781    1.97171196    1.86294207    1.86734120    1.95862554    2.08280602    1.94290973    2.26633596    2.26909864    2.24427738    2.47392497    2.09881143    1.92608118    2.15681029    2.07960195    2.25994250    1.98672649    2.20323246    2.53114371    1.86284364    1.73879967    2.00155952    2.00434021    1.90756962    1.99061500    1.90947185    2.50049474    2.66217148    3.17439371    3.37023235    2.97030501    3.01788560    2.68725541    2.66385669    3.22508964    2.04303221    2.65325071    3.24311412    3.07129123    3.24762619    2.76853079    2.62819766    2.37188869    2.25601702    2.72223516    2.05511334    2.38808126    2.81822576    2.57789814    2.78583034    2.69473241    1.82678124    1.87459013    1.90652633    1.82900333    2.02065577    1.74641742    2.18784031    1.68450181    2.10006206    2.17433038    1.71073451    1.74128307    2.05155610    2.42789328    3.28403112    2.27501707    2.33742481    1.32041641    1.42558212    1.40073814    1.35005791    1.36624598    1.36675128    2.25533564    2.41647692    1.97438330    2.36810791    2.51612454    2.04288674    2.34335510    2.15153799    2.26735789    1.95171493    1.89815913    2.12505441    1.75260060    1.79102325
SPO14_ORYSJ/184-245     3.07257091    2.01584975    2.84165196    2.02921682    2.29301997    1.96449402    2.97410292    2.41748160    2.22652333    2.36057756    1.74537649    0.91646197    0.00000000    2.15159008    2.61670408    2.62271941    2.70899416    2.84736124    2.65884333    2.51635460    2.40889992    2.63764034    2.68364394    2.51049508    1.90984354    2.13606913    1.96496376    1.99524851    2.04299222    2.02756529    2.50491497    2.36573351    2.35049151    2.15939302    2.13180930    2.24262263    2.02285607    2.22419521    2.25568763    2.38193436    2.13516474    1.99683809    2.10925882    2.06257704    1.90253273    1.89311752    2.11567608    2.16887499    2.11317027    2.03132536    2.59401304    2.13606584    2.13774393    2.24725168    2.51894753    2.44268025    2.30125435    2.45013580    2.54492225    2.49631743    3.11187160    2.44442310    3.06796968    2.27097093    1.94122301    1.92860893    1.64206717    1.83839500    2.06934528    1.96659612    1.99288261    2.17587307    2.05360622    2.51156897    2.69523016    2.44901017    2.43663494    1.98325474    2.06606497    1.67641092    1.88260023    1.68992204    1.96912671    1.90655633    2.14614552    2.32534171    1.85371617    2.00876088    1.98682411    2.12172119    2.30905840    2.46846924    2.59335991    2.51587889    1.93067529    2.15280529    2.02562210    1.99941051    1.95719503    1.95753682    2.76173873    1.64944624    1.98863053    1.77291935    1.65752716    1.77548161    1.76653605    1.90878732    2.38676954    2.45985538    2.96277898    3.16869666    2.72252899    2.65691025    2.43177158    2.61349975    3.16328101    2.13695021    1.88065072    3.01131165    3.02595914    2.48445375    2.62234368    2.10288250    2.18186400    1.65602592    2.47907637    2.06465585    2.23650126    2.74779656    2.50537302    2.75744433    2.05459281    1.81590569    1.87417681    1.59918166    1.63770088    1.95847847    1.77321396    1.90488983    2.01607117    2.14819680    2.00427774    1.50700988    1.75633899    2.01040283    1.99672980    2.57844868    2.49573286    1.86967668    1.51155390    1.53337286    1.52322323    1.28497239    1.53276269    1.51215696    2.07780137    2.45446307    2.13226000    1.78880242    2.13961707    1.93176409    1.89273023    1.93159453    2.39223273    1.91686611    1.73375025    1.79714054    1.77703549    1.51841537
B6AG59_CRYMR/43-104     2.08159086    1.92030985    1.63662999    1.67840145    1.37386153    1.60717488    2.09733484    1.93379132    2.41939486    2.27938307    1.64528165    1.85823985    2.15159008    0.00000000    2.13966776    2.24366336    1.90462717    2.07280145    1.95964909    2.19368619    1.93040470    1.91065918    2.29951707    2.20294931    1.97460706    2.01721185    1.95090458    2.16121947    1.88164957    1.61053948    1.86349311    1.73406740    2.00237957    1.65469988    2.26191448    2.21114720    1.69137976    1.95946516    1.80161501    1.75141833    1.96754877    1.95883757    2.23223400    2.06819248    2.21789475    2.04862091    2.15505076    1.66898966    1.91006626    2.11776438    2.30001013    2.01018481    1.64068073    1.86630895    2.04832771    2.14201897    1.67863226    1.41828951    1.40741521    1.48004509    1.53997474    2.23021089    2.46427967    1.93801605    1.67205296    2.02998790    1.75489960    1.83958781    2.04570570    1.94013638    1.80404084    2.06728430    1.87657912    1.90536080    1.91139394    1.52036099    2.46362716    1.82029253    2.06512780    1.54318338    2.00807544    1.83948332    1.71300048    1.74279524    2.31364149    2.10269248    2.06649454    2.22199673    2.05207394    2.35378577    2.60173761    2.61782435    2.85082655    2.34331189    2.34630946    2.22728236    2.37246423    2.27957419    2.01575608    1.97862538    2.52186003    2.11176405    1.95816835    1.90520670    2.03326430    1.87542557    1.77142289    2.11488516    2.28254798    2.12161036    2.08597357    2.24546517    2.09416162    1.85943756    2.23740722    2.04492168    1.57883349    2.17829104    1.79989341    2.44237643    2.18856680    1.88177486    1.90206116    2.38241745    1.78096540    1.73252662    2.20089930    1.66906018    1.72662432    2.59800170    2.09804540    2.24800919    1.94656034    1.27449838    1.25953630    1.28158533    1.35743467    1.28388548    1.65781351    1.60397471    2.64365003    2.16103428    2.03030771    1.83930691    2.02789694    1.98890869    1.53203892    2.37451592    1.87995743    2.10955715    1.76190705    1.86333238    1.63931500    1.80851498    1.65091120    1.86276885    1.85056584    2.16454981    2.13712237    1.96643895    2.08407831    1.79765244    1.72222458    1.65060355    1.64924235    1.74819539    1.72493263    1.71242680    1.91146182    1.73268011
G0EGC7_PYRF1/78-154     2.39862076    2.43112483    2.07861128    2.68276151    2.62898283    2.56113593    1.81590469    2.09112306    2.42380542    2.75774848    2.36977283    2.39876594    2.61670408    2.13966776    0.00000000    0.38818770    0.41516388    0.26637662    0.30645896    0.33518835    0.36123822    0.44763445    0.25080652    0.25494202    0.46730375    0.60532502    0.52961119    0.61716561    1.06576300    1.11491064    1.09338167    0.97450380    0.98573026    1.26332527    1.36227065    1.57034128    1.55220619    1.97027916    2.14092995    2.00064634    2.07510736    1.66285946    1.71102816    1.78760617    1.47447204    1.48354070    1.75252663    1.78517230    1.59684097    1.76628411    1.78970195    1.97468725    1.80420722    1.85559655    1.56134558    1.79343920    1.54059372    1.79228835    1.71497453    1.89859436    1.77569662    3.67129256    2.64904055    2.02095515    1.95607424    1.76854865    1.99454662    2.06842836    2.21521874    2.12648566    2.14233124    1.99502709    1.85339222    1.77228490    3.11043336    1.85655854    2.16055951    2.12132562    2.04627164    2.11487758    2.92120586    2.10219967    2.01218968    2.04818456    2.74860750    2.50014011    2.43047379    2.41634591    2.36498514    2.94757313    2.65232500    3.00453731    2.62936775    2.20233285    2.19057665    2.48705433    2.19907767    2.19107778    1.77528418    2.21272520    2.95402281    2.08159903    2.02260792    1.84864335    2.26822847    1.65419090    1.83841288    1.89575068    2.51335937    2.16627241    2.57608414    3.01287478    3.12800666    2.57633900    2.47026275    2.90492141    2.85056070    2.49460087    2.35907421    2.56516398    2.55842367    2.53121840    2.54695162    2.43753985    2.06096431    2.57542233    2.75718485    1.84090983    1.89104257    2.69704732    2.79375061    3.92598241    2.84895032    1.68778747    1.85267413    1.84488321    1.88986510    2.29016913    1.84615103    1.97681318    1.84507972    2.13058872    2.10195870    2.22872897    2.52263534    2.62756183    2.15501397    2.17836824    1.83089955    2.32712425    1.82933040    1.90693667    1.79137610    1.82242115    1.75293908    1.85943223    1.93047267    2.95690259    2.72312644    2.66901427    2.69895664    2.37026369    2.43973660    2.33844763    1.96926711    2.09074895    1.86253749    1.95014548    1.92399273    2.06058999
I0A182_FERFK/76-150     2.45565814    2.41069662    2.05953058    2.48308454    2.57455058    2.71647030    1.94328559    2.49623789    2.44883459    2.77652556    2.30188820    2.35666050    2.62271941    2.24366336    0.38818770    0.00000000    0.48529082    0.36217868    0.44802680    0.51055868    0.49563746    0.60590038    0.52765703    0.50633934    0.68900211    0.77146064    0.74489094    0.68026464    1.12323007    1.13625922    1.32615453    1.12213329    1.13633599    1.23167007    1.54998260    1.58075000    1.78901843    2.04312547    2.04040542    1.97869883    1.98888980    1.62202503    1.75544118    1.85036109    1.43135602    1.50319711    1.69880950    1.93017128    1.67427956    1.76066541    1.81615157    2.01935574    1.99361387    2.08536843    1.60249373    1.64351871    1.71883100    1.85613980    1.99858521    1.91768804    1.76090936    3.85348610    2.61321823    2.04054602    2.07304100    2.10710030    2.16494903    2.19469790    2.22192991    2.35279408    2.34472421    2.22706617    2.07619098    1.75564139    3.15798271    1.81162107    2.19583310    2.30139367    2.09138005    2.27330198    2.75218732    2.14395253    2.26654725    2.19782288    2.78829124    2.44000858    2.34695925    2.68371405    2.40177275    2.76547111    2.76440678    3.01811212    2.90736240    2.11358455    2.06492370    2.50037325    2.18020165    2.29652790    1.75707255    2.06906989    2.97702587    2.40144083    2.16033688    1.88742149    2.58293501    1.73444323    1.85627503    1.98055284    2.53159323    2.43616600    2.52720151    2.71653374    3.16388294    2.37569133    2.67052321    2.98008948    3.07521916    2.77897541    2.49861385    2.33683736    2.63951528    2.56369106    2.32240051    2.43617905    2.00326069    2.73885509    2.80273585    1.58087060    2.14363421    2.54571643    2.45723699    3.64990633    3.05874844    1.79663396    1.82981849    1.77610583    1.98467965    2.40794602    2.12409978    2.18594348    1.85092164    2.17117132    2.17070231    1.97353995    2.36717909    2.35603313    2.09546549    1.86607201    1.91002324    2.49266664    1.70051495    1.97086888    1.83834573    1.71576985    1.65693259    1.76299124    1.74962960    3.03376152    2.92246199    2.87446153    2.59011510    2.56966294    2.71455795    2.50342940    2.23351205    2.12754291    1.74173664    1.84988605    1.77973129    2.09408909
