8
Q32F12_SHIDS/5-68     0.00000000    0.28113828    0.58063585    0.44415705    1.44399987    1.38911436    1.28587716    1.56888151
A0A0Q4MLZ8_9GAMM/5-68     0.28113828    0.00000000    0.51758041    0.43728102    1.35667682    1.38121298    1.49962379    1.58117483
A0A1J7D1S8_9GAMM/5-68     0.58063585    0.51758041    0.00000000    0.72034720    1.42214773    1.52644775    1.57160314    2.00525157
A0A097R819_HAFAL/5-68     0.44415705    0.43728102    0.72034720    0.00000000    1.36300078    1.34027658    1.28986062    1.53277583
A0A0U5L3G4_9GAMM/6-66     1.44399987    1.35667682    1.42214773    1.36300078    0.00000000    0.49026602    1.35342837    1.44655259
A0A090VYT6_PSEVU/5-65     1.38911436    1.38121298    1.52644775    1.34027658    0.49026602    0.00000000    1.72656935    1.55402506
F3LHY1_9GAMM/3-59     1.28587716    1.49962379    1.57160314    1.28986062    1.35342837    1.72656935    0.00000000    1.35362268
A0A0J9B8R8_9GAMM/5-66     1.56888151    1.58117483    2.00525157    1.53277583    1.44655259    1.55402506    1.35362268    0.00000000

