76
B3S4S7_TRIAD/3-538     0.00000000    0.93475708    0.90149899    0.97464373    0.90229154    0.97673750    0.98952630    1.00799664    1.00305948    1.08378615    0.98117307    0.87285372    1.35611640    3.70377518    3.90782829    3.79484552    3.77470398    3.71931338    3.42983603    3.42352050    3.41368435    3.78679020    3.84168676    3.83699115    3.93407665    4.08875304    3.40386348    3.52952140    3.68731247    3.51979803    3.20551800    3.30277819    3.15914014    3.73616838    2.52082946    2.53187202    2.30675698    2.40132970    2.66081858    2.45349182    2.46256370    2.35484949    2.46289456    2.37014346    2.41374400    2.40554644    2.36205990    2.39223045    2.35372495    2.38852947    2.53360313    2.34918034    2.31220401    2.20687441    2.29960463    2.19758478    2.25360757    2.20984317    2.14991053    2.34472036    2.03827842    1.57477689    1.57352423    1.25107978    1.28004502    1.03243391    1.11769112    1.26065931    1.03884523    1.06460013    1.03946139    1.05941539    1.13724391    1.06882862    0.99057863    1.11413968
A7RTZ5_NEMVE/1-542     0.93475708    0.00000000    0.87265242    0.85518249    0.83172386    0.84548260    0.90835370    0.86218404    0.86721784    0.98264585    0.80803576    0.75363347    1.20674602    3.54011742    3.91949455    4.10878801    4.01504750    3.85496586    3.53626738    3.53513596    3.59112695    3.73868269    3.91393874    3.69034480    3.92144024    4.13794418    3.32503100    3.87825672    3.92326011    3.81465179    3.58727673    3.64732299    3.51062568    3.44814738    2.44298396    2.57397041    2.29039418    2.27415417    2.46441536    2.37593932    2.30904632    2.30631045    2.42907708    2.30764627    2.40456414    2.39458285    2.37156165    2.43261215    2.40090746    2.34795567    2.37372497    2.14367207    2.12827488    2.05363245    2.35177231    2.25392715    2.06952721    2.26692147    2.04023074    2.23509533    1.77824777    1.57047978    1.58085095    1.17251855    1.20677167    0.89934488    1.00294759    1.10548919    0.91758306    0.96576264    0.95474902    0.89987065    0.99761597    0.91790677    0.86259635    1.01187400
LMD2B_DANRE/2-555     0.90149899    0.87265242    0.00000000    0.29970880    0.25984887    0.42013152    0.42503643    0.37134793    0.39891165    0.48014343    0.80295195    0.70496486    1.31350122    3.74388224    4.22733985    3.92378520    3.96525492    3.96444108    3.56711366    3.58206949    3.54497533    4.16747606    3.83316197    3.92988921    3.99324382    4.15155563    3.37319028    3.70005282    3.65656144    3.65117013    3.51295350    3.42003030    3.35324121    3.57540922    2.60962168    2.77048775    2.08925346    2.32823602    2.47316199    2.36142102    2.27667379    2.25125881    2.44994242    2.34085994    2.31395104    2.36325057    2.27129571    2.32950890    2.24014478    2.13421429    2.22157320    2.20300878    2.20665108    2.03881645    2.29691481    2.09690221    2.03112749    2.04051726    1.98381077    2.19625214    1.86027793    1.54242544    1.56810875    1.07554252    1.21308492    0.84943724    1.03412440    1.13911298    0.88496006    0.92411390    0.88292894    0.92885195    0.88073797    0.91144482    0.79934885    1.04799037
F6TRU8_XENTR/2-554     0.97464373    0.85518249    0.29970880    0.00000000    0.19300241    0.48345160    0.49605666    0.43624396    0.49655157    0.56137595    0.78501630    0.67640960    1.33696922    3.68309712    4.20622598    3.86257062    3.83283841    3.79982946    3.49515292    3.50365138    3.47669464    4.17340647    3.85192816    3.88998821    3.97479999    4.16622180    3.21538312    3.50886978    3.46500021    3.53134204    3.33438039    3.29505193    3.33643272    3.45560308    2.48461550    2.60608058    2.05606487    2.23908050    2.46250917    2.31001599    2.14226926    2.18944843    2.41687330    2.28443826    2.31658832    2.34171842    2.27972114    2.33690105    2.21482991    2.17633228    2.25017002    2.24177535    2.21645821    1.99744659    2.27894871    2.08908559    2.03252235    1.97767190    1.92530317    2.29908988    1.88615036    1.60006363    1.56818113    1.07190984    1.24058508    0.85711822    1.02066825    1.13660444    0.90994559    0.94485624    0.90173273    0.91179714    0.86244041    0.91957646    0.85264235    1.08042936
F7FJY9_MONDO/2-548     0.90229154    0.83172386    0.25984887    0.19300241    0.00000000    0.47616296    0.51041989    0.45441734    0.46405112    0.55676730    0.74805141    0.65549317    1.27621187    3.67443844    4.12401391    3.91115269    3.89492388    3.84628885    3.49797651    3.51516035    3.51131550    4.11989533    3.81412768    3.79395220    3.91694519    4.15530485    3.27264284    3.54897061    3.49145435    3.49138074    3.30748260    3.24098586    3.30524365    3.46250970    2.53530899    2.62637217    2.14808434    2.25236445    2.45582826    2.34510330    2.26205514    2.23196862    2.40495281    2.26653054    2.26602891    2.33364762    2.28216127    2.31597446    2.28769472    2.22326322    2.23331944    2.20241433    2.08471277    1.98800139    2.29619767    2.05944959    1.92058548    2.05283229    1.92598549    2.21389939    1.89934608    1.48387138    1.51784541    0.99699540    1.17307241    0.80075258    0.94852742    1.04059386    0.85906167    0.86769854    0.85026296    0.90047140    0.85072043    0.89670193    0.78713440    1.02046841
M4AR29_XIPMA/2-545     0.97673750    0.84548260    0.42013152    0.48345160    0.47616296    0.00000000    0.33751804    0.28718870    0.31676143    0.42215205    0.86648731    0.75918313    1.30773477    3.64890136    4.07775965    3.88872609    4.00357271    3.88701267    3.51997300    3.55756085    3.49040032    3.99310592    3.92481526    3.93382182    4.01923901    4.25145624    3.25472987    3.60971532    3.60407604    3.62197613    3.41724116    3.34320627    3.30417356    3.49808881    2.53592741    2.65934505    2.18270631    2.38494612    2.52240060    2.41719943    2.25599957    2.30935531    2.49382939    2.37907230    2.42385180    2.50199854    2.39782864    2.42244563    2.33921410    2.34186737    2.28824542    2.23605556    2.13411866    2.07780838    2.26463628    2.06459351    2.07940831    2.06162587    2.00110329    2.19400512    1.86160608    1.54624833    1.58544719    1.12584415    1.18125657    0.88878122    1.04282074    1.14390508    0.91695430    0.97773958    0.95608608    0.96540670    0.98840032    0.99477548    0.88732935    1.07858580
I3KCK7_ORENI/2-550     0.98952630    0.90835370    0.42503643    0.49605666    0.51041989    0.33751804    0.00000000    0.28087618    0.33381455    0.42760778    0.89922384    0.83178047    1.33052027    3.54145940    3.99856409    3.85432917    3.97589767    3.86502352    3.52693365    3.55015573    3.52606658    3.97947436    3.96382969    3.94065289    4.01945556    4.28765909    3.28680189    3.69067870    3.74300827    3.75383707    3.52745197    3.52163738    3.42263498    3.60065846    2.55748807    2.75647246    2.12844423    2.30214458    2.59423878    2.45165578    2.33171553    2.33041777    2.46624739    2.34959489    2.35641645    2.39234619    2.35068781    2.37746428    2.28596812    2.26602142    2.23564926    2.19536447    2.13703001    1.96275701    2.27783657    2.11355319    2.07976925    2.11232418    1.92397399    2.25444456    1.87067636    1.51126420    1.59969791    1.13505611    1.17161490    0.93980042    1.11512922    1.18782427    0.92336483    0.95051805    0.94124972    0.94508017    0.95392039    0.99574823    0.90077085    1.14437300
G3NXX2_GASAC/2-551     1.00799664    0.86218404    0.37134793    0.43624396    0.45441734    0.28718870    0.28087618    0.00000000    0.23750303    0.31763432    0.87108184    0.78895715    1.34408088    3.67309446    4.31523940    3.84675633    3.97451957    3.81211528    3.57299585    3.60739311    3.56944636    4.02676491    3.79554116    3.78849741    3.89509387    4.14146167    3.25631812    3.54297900    3.61257588    3.65340204    3.45329646    3.45941442    3.42288651    3.42346165    2.53463423    2.58568026    2.06989914    2.24986683    2.56026484    2.46948221    2.23721494    2.27178819    2.37548679    2.29881440    2.31380690    2.35349492    2.25849764    2.34790130    2.17979307    2.15055554    2.12029434    2.29484899    2.06554243    2.05920163    2.29253867    2.07491122    2.07260527    2.19553299    1.98809259    2.34955619    1.82378146    1.56402610    1.65686536    1.12009083    1.17883781    0.91249663    1.05739036    1.19506340    0.91478774    0.96551612    0.94415828    0.95575594    0.95767292    0.96462668    0.87090192    1.04190043
H2T8G9_TAKRU/2-543     1.00305948    0.86721784    0.39891165    0.49655157    0.46405112    0.31676143    0.33381455    0.23750303    0.00000000    0.23633055    0.85682859    0.77511855    1.28475885    3.43095466    3.87913717    3.61864855    3.75511582    3.68913786    3.47815684    3.52620986    3.48646743    3.75916105    3.55822601    3.60692044    3.70872905    3.89414848    3.15525531    3.28065738    3.34061590    3.44234300    3.22028838    3.38562979    3.24363554    3.43957262    2.51501157    2.59274335    2.14998126    2.22794010    2.54832042    2.51660130    2.31290329    2.29201147    2.40593197    2.27702741    2.34793991    2.37936883    2.28462088    2.41536579    2.25617666    2.29983336    2.18031338    2.20150982    2.08514154    2.00811224    2.32064310    2.12661425    2.14585387    2.07147181    2.02812305    2.16300938    1.84746236    1.61497608    1.69464327    1.11263283    1.15856492    0.90380530    1.05914231    1.20317859    0.91808158    0.98467275    0.96725797    0.93867969    0.93321660    0.95226607    0.84739232    1.10314988
H3DED4_TETNG/2-551     1.08378615    0.98264585    0.48014343    0.56137595    0.55676730    0.42215205    0.42760778    0.31763432    0.23633055    0.00000000    1.00713658    0.87636205    1.42915208    3.73105420    4.18313679    3.81009035    3.88387165    4.00277068    3.59154325    3.65465453    3.64796274    3.80896534    3.63297866    3.69767449    3.75147980    4.04654577    3.35920605    3.69592496    3.75317590    3.73303248    3.55337686    3.60297710    3.47844052    3.70776393    2.45748402    2.51822149    2.19116914    2.43584968    2.70714838    2.62359870    2.42183995    2.43183867    2.54549701    2.47258369    2.48571197    2.53414589    2.45835331    2.52701225    2.41788000    2.42791582    2.27807253    2.25810265    2.28920503    2.16785948    2.50311200    2.26287888    2.21377182    2.32847346    2.18315562    2.32475336    1.93388925    1.63477748    1.70627749    1.22084964    1.32412503    1.02062800    1.11512619    1.25669386    1.03324582    1.03724600    1.04662504    1.01210466    1.02715074    1.06910129    0.93848491    1.14850654
F6Y2U7_CIOIN/2-553     0.98117307    0.80803576    0.80295195    0.78501630    0.74805141    0.86648731    0.89922384    0.87108184    0.85682859    1.00713658    0.00000000    0.62817149    1.21425266    3.69942222    4.06022396    3.70137395    3.86989636    3.92933668    3.25243565    3.18970429    3.23121723    3.93005987    3.72406914    3.76927694    3.77981628    4.01046811    3.12858076    3.64155749    3.65155348    3.59218137    3.47978822    3.25855485    3.15949874    3.51075081    2.63002399    2.78875474    2.30899201    2.39725281    2.43232496    2.29979593    2.34076433    2.37386271    2.45948286    2.42880533    2.37164688    2.46717412    2.41313344    2.36779239    2.30852979    2.38668969    2.37306332    2.27418459    2.15115401    2.06680329    2.23218031    2.17005248    2.04142945    2.13068342    2.04296989    2.19487115    2.03103356    1.59719363    1.63649624    1.08539297    1.10999377    0.93015735    0.95094320    1.04895115    0.85997711    0.86359306    0.89368972    0.96494195    0.94478717    0.84333128    0.81540569    1.02219283
C3YM55_BRAFL/2-554     0.87285372    0.75363347    0.70496486    0.67640960    0.65549317    0.75918313    0.83178047    0.78895715    0.77511855    0.87636205    0.62817149    0.00000000    1.26507623    3.47000005    3.83531196    3.90620778    3.90839569    3.91144363    3.49852225    3.49436385    3.50963072    3.80909948    3.72820885    3.96474506    3.97810716    4.08330679    3.34177139    3.57634333    3.60536618    3.48452056    3.32761369    3.23507782    3.13432715    3.72282620    2.55592359    2.63708419    2.25984524    2.44964834    2.50573116    2.46841921    2.33353758    2.40453864    2.44611466    2.38806250    2.40022746    2.39078593    2.37026468    2.34727962    2.34458923    2.39433631    2.37964500    2.33779820    2.12031093    1.94283685    2.22257586    2.19700496    1.96963139    2.03097541    2.03875390    2.22429040    1.89160263    1.57408086    1.60306901    1.07045347    1.13019462    0.84829345    0.92357698    1.01768354    0.78958350    0.85837049    0.81442663    0.85819032    0.87064014    0.75516821    0.76316247    1.02536886
A0A0D2WGY0_CAPO3/2-631     1.35611640    1.20674602    1.31350122    1.33696922    1.27621187    1.30773477    1.33052027    1.34408088    1.28475885    1.42915208    1.21425266    1.26507623    0.00000000    3.57368328    3.75047536    3.68345316    3.73916302    3.57596770    3.61062885    3.68408269    3.67946866    3.76589270    3.75210877    3.77514313    3.65737295    3.86630591    3.50437735    3.98311588    3.87511063    3.94694509    3.95326277    3.81528785    3.50742325    3.76930821    2.42212790    2.68648170    2.20217532    2.34471627    2.62490231    2.31558649    2.27377440    2.21119996    2.35170814    2.27545867    2.23569175    2.35453027    2.29544487    2.31647046    2.21905421    2.30343247    2.19361300    2.49115193    2.23104106    2.15549243    2.52234247    2.17452412    1.86370623    2.02518516    1.97454335    2.02071629    1.79732650    1.60927362    1.52031817    1.41708628    1.55345238    1.31788870    1.32500631    1.37500883    1.32601743    1.33515629    1.31027007    1.29893540    1.29505025    1.37507559    1.32320782    1.36924943
Q86AH0_DICDI/93-715     3.70377518    3.54011742    3.74388224    3.68309712    3.67443844    3.64890136    3.54145940    3.67309446    3.43095466    3.73105420    3.69942222    3.47000005    3.57368328    0.00000000    2.06425809    1.74075334    1.79505389    1.84260013    2.40342898    2.46371322    2.40374986    1.88791278    1.88889708    1.99457810    1.86639932    1.88082576    3.33349129    2.76940672    2.67188229    2.72942017    2.67112394    2.75056138    2.73763404    3.65903035    3.72340181    3.49900066    3.56898878    3.80592206    4.14740421    3.69340128    3.70502640    3.53434952    3.61463780    3.68685362    3.73589855    3.74398414    3.63598865    3.71582400    3.33142452    3.35091143    3.46425287    4.20654403    3.99308914    3.89280042    3.77001387    4.15671345    3.55813745    3.85405652    3.93251942    3.83615283    3.98258332    4.02912292    4.01271229    3.74937282    3.32133818    3.91720393    3.88813408    4.02649398    3.65880213    3.93967433    3.64703405    3.91276281    3.84336271    3.83331758    3.82859214    4.01397842
A0A015JBY3_RHIIW/26-498     3.90782829    3.91949455    4.22733985    4.20622598    4.12401391    4.07775965    3.99856409    4.31523940    3.87913717    4.18313679    4.06022396    3.83531196    3.75047536    2.06425809    0.00000000    1.68171855    1.73895274    1.98677437    2.09782598    2.16488251    2.11031811    1.99433562    1.78731223    1.95423259    1.92050676    1.79668722    3.29738260    3.13882274    3.11993181    3.09242959    3.05487427    2.91108073    3.34306264    3.84964705    3.82652152    4.07724374    4.03391979    3.79701968    3.92933420    3.90316804    3.96155236    3.78652717    3.75080223    3.63523461    3.81835806    3.87783791    3.85933157    3.73917909    3.80286842    3.85851146    3.81974140    4.47169719    4.23176477    4.16297442    4.05917192    4.24693373    3.60724532    3.81138977    4.05664169    3.52961843    3.65391698    4.03649407    3.97495763    3.89116790    3.63679926    4.35652810    4.08691015    4.19386707    4.23724894    4.41825307    4.33338532    4.23131123    4.49838008    4.45569429    3.94098294    4.11720525
H2QZM6_PANTR/20-491     3.79484552    4.10878801    3.92378520    3.86257062    3.91115269    3.88872609    3.85432917    3.84675633    3.61864855    3.81009035    3.70137395    3.90620778    3.68345316    1.74075334    1.68171855    0.00000000    0.67176380    1.02944426    1.51166080    1.53947954    1.48938381    1.00129534    0.93665303    1.06994602    0.92905370    0.88756736    3.21245613    2.76755089    2.82510043    2.85100252    2.88292753    2.67481848    2.90390657    3.08883758    4.04393477    3.90780542    4.13688708    4.22652079    4.41864663    4.00854383    4.23189150    4.02454690    4.18670921    4.10044676    4.09352857    4.27551906    4.17865370    4.14227514    3.94079100    3.84784349    4.00266592    4.60971578    4.09616385    4.00961741    3.83411437    3.93232032    3.68803218    4.34379909    4.26061265    4.22917635    3.68488588    4.30810115    4.22778688    4.01462247    3.66649077    4.44721603    4.10646263    4.14625845    4.17035375    4.43577147    4.45787258    4.40212232    4.27787414    4.53661168    3.64607973    4.27352313
C3Z9N3_BRAFL/22-485     3.77470398    4.01504750    3.96525492    3.83283841    3.89492388    4.00357271    3.97589767    3.97451957    3.75511582    3.88387165    3.86989636    3.90839569    3.73916302    1.79505389    1.73895274    0.67176380    0.00000000    0.87318096    1.43811969    1.43198481    1.43791704    0.93596379    0.80749844    0.81176365    0.75475810    0.69405314    3.06435585    2.63376353    2.71638065    2.79836590    2.71700845    2.71420262    3.00023524    3.13782122    4.04615743    4.13558368    4.05664942    4.44541475    4.19030155    4.16621566    4.21505813    4.12907665    4.31849313    4.26940769    4.37141375    4.41226215    4.21343616    4.34139569    4.13213076    4.02902457    4.14247048    4.30004373    3.96326385    4.04027396    4.07295269    4.22564754    4.05232790    4.31662043    4.65807102    4.24812721    3.63101015    4.10345823    3.93307545    4.10259096    3.84514700    4.15968592    4.03955719    4.12407448    4.12003281    4.38053412    4.32351580    4.25668706    4.21046116    4.53315998    3.86169013    4.28422791
T1EFV7_HELRO/18-489     3.71931338    3.85496586    3.96444108    3.79982946    3.84628885    3.88701267    3.86502352    3.81211528    3.68913786    4.00277068    3.92933668    3.91144363    3.57596770    1.84260013    1.98677437    1.02944426    0.87318096    0.00000000    1.34259720    1.37656787    1.35689358    1.18849294    1.05094139    1.07218954    1.09383452    1.08695926    3.14657549    2.60945540    2.67203416    2.67380727    2.62511650    2.50221981    3.15728936    2.90407523    4.01937639    4.16400613    3.96784713    4.09828347    4.17872568    4.12617899    4.22741744    4.02898705    4.02819452    4.00668066    4.08684309    4.19689463    4.06250059    4.12741619    3.77497121    3.76891711    4.02341206    4.22635809    3.80363606    3.99634178    3.63480359    3.95652773    3.90383423    4.17769211    3.86176818    4.07156844    3.69767099    3.93478598    3.71499067    3.92328720    3.62283942    4.26847413    4.18464238    4.26807475    4.07309124    4.27079104    4.25188924    4.09696934    3.98210603    4.49737630    3.88446305    4.05500335
A8XT56_CAEBR/67-691     3.42983603    3.53626738    3.56711366    3.49515292    3.49797651    3.51997300    3.52693365    3.57299585    3.47815684    3.59154325    3.25243565    3.49852225    3.61062885    2.40342898    2.09782598    1.51166080    1.43811969    1.34259720    0.00000000    0.28405627    0.28670827    1.47774138    1.31924066    1.49580029    1.41895277    1.36519980    2.96655583    2.95473299    2.84104267    2.90043055    2.84488151    2.60845011    3.28977416    3.30880124    3.76437686    3.73348734    3.77009153    3.67894516    4.18458879    4.20808681    4.13756264    3.69304458    3.93112673    4.00413431    3.79843946    3.90080828    3.97957525    3.82209928    3.52824116    3.68992028    3.81562554    3.99904655    3.70261780    3.40707433    3.86558552    3.60550844    3.32208314    3.76990386    3.58098321    3.94459178    3.26158196    3.68087954    3.70164723    3.77672158    3.43351437    3.67377813    3.43478841    3.55459163    3.43120091    3.91442481    3.57830585    3.66990487    3.50361333    3.67392835    3.55551592    3.69981415
E3MI86_CAERE/67-695     3.42352050    3.53513596    3.58206949    3.50365138    3.51516035    3.55756085    3.55015573    3.60739311    3.52620986    3.65465453    3.18970429    3.49436385    3.68408269    2.46371322    2.16488251    1.53947954    1.43198481    1.37656787    0.28405627    0.00000000    0.27126088    1.49330912    1.37993207    1.53720817    1.41380286    1.38216007    2.97722749    2.99348173    2.86913825    2.91257712    2.87014327    2.57676509    3.26359777    3.37800446    3.66450703    3.62687154    3.87191768    3.84049947    4.20088377    4.22563107    4.19906319    3.78703818    3.98066064    4.12940572    3.84964323    3.96057284    3.99478328    3.93453448    3.50682039    3.63285329    3.76429905    4.08177880    3.73972528    3.41230029    3.77704042    3.55504914    3.32386554    3.80138787    3.67176005    4.00523105    3.28231657    3.65903669    3.70140704    3.82070879    3.43969216    3.71337507    3.43294877    3.53389135    3.46329445    3.95224111    3.62533347    3.70563219    3.53169113    3.69513272    3.57379207    3.77387167
YNC2_CAEEL/68-698     3.41368435    3.59112695    3.54497533    3.47669464    3.51131550    3.49040032    3.52606658    3.56944636    3.48646743    3.64796274    3.23121723    3.50963072    3.67946866    2.40374986    2.11031811    1.48938381    1.43791704    1.35689358    0.28670827    0.27126088    0.00000000    1.50986544    1.31270224    1.49939648    1.40825760    1.36913338    2.99493758    2.92503669    2.79391825    2.86672741    2.82776403    2.56399322    3.23920849    3.33110221    3.81214933    3.78151112    3.85120997    3.79961140    4.33232042    4.28017134    4.32366357    3.66802436    4.02711708    4.06647983    3.86749423    3.98343761    4.03442055    3.89899651    3.59307107    3.80078341    3.87347114    4.13732530    3.70271035    3.43821495    3.84183821    3.53257102    3.41688147    3.73817919    3.80297439    4.04870276    3.33982433    3.71080721    3.71520182    3.84166100    3.45448159    3.75918320    3.54263195    3.65942846    3.46132474    3.96354000    3.62333623    3.74717290    3.60689500    3.71371676    3.53443930    3.78903437
J9JWK3_ACYPI/20-483     3.78679020    3.73868269    4.16747606    4.17340647    4.11989533    3.99310592    3.97947436    4.02676491    3.75916105    3.80896534    3.93005987    3.80909948    3.76589270    1.88791278    1.99433562    1.00129534    0.93596379    1.18849294    1.47774138    1.49330912    1.50986544    0.00000000    0.66096492    0.77798490    0.74354218    0.66091973    3.46894149    3.00386263    2.96176718    3.07895886    3.15499354    2.92704224    3.09190401    3.27852957    3.68190315    3.48101310    3.89090057    3.82385481    3.85677704    3.80229448    3.86316012    3.78497254    3.80213056    3.70196132    3.82449973    3.86709668    3.86243149    3.90547667    3.76539110    3.88160841    3.66580749    3.56399248    3.85671118    3.60782165    3.53335315    3.61785495    3.54378391    3.81465998    3.73872989    4.06623908    3.52055435    3.88706756    3.82162537    3.93300633    3.82931719    4.00250180    3.79306930    3.95899198    3.99792336    4.27677907    4.10596137    4.03082197    4.25000846    3.95187569    3.95780709    3.93041114
E2A3U5_CAMFO/1-473     3.84168676    3.91393874    3.83316197    3.85192816    3.81412768    3.92481526    3.96382969    3.79554116    3.55822601    3.63297866    3.72406914    3.72820885    3.75210877    1.88889708    1.78731223    0.93665303    0.80749844    1.05094139    1.31924066    1.37993207    1.31270224    0.66096492    0.00000000    0.60663449    0.49501089    0.46041255    3.29633712    2.88238197    2.87255333    2.90930726    2.82030488    2.79293350    3.15757444    3.29532040    3.83262110    3.81981797    3.82932113    3.96482494    3.85861592    3.83982775    3.84391286    3.68999024    3.66305206    3.77813870    3.70039268    3.82294884    3.77287634    3.71724755    3.58868675    3.61121838    3.68442798    4.02356744    3.96015020    4.04248662    3.67153515    3.83773996    3.78799466    3.91988556    4.07351064    4.20530401    3.46094929    4.04806941    4.02872938    4.01201229    3.91222575    3.96568594    3.73562725    3.91324498    4.08305542    4.10104044    4.10843315    4.09080827    4.30319241    4.03661466    3.72068052    4.06484259
LILI_DROME/23-500     3.83699115    3.69034480    3.92988921    3.88998821    3.79395220    3.93382182    3.94065289    3.78849741    3.60692044    3.69767449    3.76927694    3.96474506    3.77514313    1.99457810    1.95423259    1.06994602    0.81176365    1.07218954    1.49580029    1.53720817    1.49939648    0.77798490    0.60663449    0.00000000    0.39735603    0.63482668    3.33483121    3.15893341    3.16901068    3.11320554    3.04366122    2.94849066    3.26828745    3.44979620    3.80569642    3.59903978    3.66789518    3.92874180    3.88472719    3.75122533    4.02404311    3.70679151    3.64180313    3.80175059    3.80710470    3.84699845    3.79307593    3.85300083    3.65126242    3.70884217    3.65438107    3.67378023    3.83942983    3.77814868    3.66957678    3.95384335    3.67328876    4.02212657    4.12116373    4.01584667    3.34336500    3.82389604    3.63608868    3.90525244    4.02665896    3.88302363    3.82120804    3.87578960    3.82504564    3.97131829    3.90651460    3.88708979    4.07047431    3.83942573    3.68453910    3.97405412
Q16UA7_AEDAE/21-487     3.93407665    3.92144024    3.99324382    3.97479999    3.91694519    4.01923901    4.01945556    3.89509387    3.70872905    3.75147980    3.77981628    3.97810716    3.65737295    1.86639932    1.92050676    0.92905370    0.75475810    1.09383452    1.41895277    1.41380286    1.40825760    0.74354218    0.49501089    0.39735603    0.00000000    0.46104809    3.35655685    3.07143377    3.09072639    3.06065718    2.99992693    2.94512591    3.00995416    3.25795437    3.72551688    3.64403344    3.90205520    4.05815016    3.99560046    3.76218101    3.81656792    3.74282223    3.79159829    3.91730883    3.77703972    3.97652330    3.93486435    3.87719902    3.72437182    3.79746681    3.72248435    4.16398177    4.15891949    3.94391834    3.67868561    3.97634605    3.74877302    4.27013551    4.04287330    4.25592248    3.55267444    4.24129445    4.05036252    3.92025766    3.93817501    4.14613984    3.81378623    3.94018907    4.17452104    4.09343948    4.14144045    4.13858422    4.28466109    4.06887882    3.75320247    4.08935236
A0A139WB21_TRICA/22-489     4.08875304    4.13794418    4.15155563    4.16622180    4.15530485    4.25145624    4.28765909    4.14146167    3.89414848    4.04654577    4.01046811    4.08330679    3.86630591    1.88082576    1.79668722    0.88756736    0.69405314    1.08695926    1.36519980    1.38216007    1.36913338    0.66091973    0.46041255    0.63482668    0.46104809    0.00000000    3.22023028    2.99940014    3.02416777    3.01827954    3.01221603    2.86612618    3.04082079    3.41027298    3.99807333    3.77534098    4.06594993    4.29157812    4.08630168    4.10439889    4.16530209    3.99850530    3.91390749    4.08648918    4.09628889    4.03876640    3.93952439    4.09001216    3.86500113    3.84691951    3.79481887    4.15675046    4.20725064    4.33981006    3.79849687    3.94525827    4.01543919    4.18545106    4.10072743    4.12548393    3.58783576    4.36364403    4.24303605    4.07877480    3.81422060    4.25884548    4.13736665    4.27433386    4.22475177    4.40433785    4.26637761    4.29696441    4.36758778    4.33160688    4.10531991    4.29331741
E1Z6S9_CHLVA/5-503     3.40386348    3.32503100    3.37319028    3.21538312    3.27264284    3.25472987    3.28680189    3.25631812    3.15525531    3.35920605    3.12858076    3.34177139    3.50437735    3.33349129    3.29738260    3.21245613    3.06435585    3.14657549    2.96655583    2.97722749    2.99493758    3.46894149    3.29633712    3.33483121    3.35655685    3.22023028    0.00000000    1.01151129    1.02847519    1.06693363    1.11036855    1.15908638    1.67285306    1.86824849    3.70905401    3.52042119    3.95309756    4.09727204    4.31774788    4.04578120    4.04723300    4.08428623    3.93445133    4.10690841    3.96179695    4.01600699    3.85120243    4.15001032    3.79139401    3.81327889    4.17800354    3.63175817    3.22473574    3.34584148    3.74872689    3.33772150    3.37828730    3.57254498    3.33374226    3.56692166    3.77264953    3.55995841    3.47383565    3.47115570    3.21441792    3.24133642    3.25315259    3.34450664    3.10997061    3.47033100    3.45642974    3.58882386    3.46051546    3.41982039    3.30892780    3.78645827
M0SFK9_MUSAM/59-540     3.52952140    3.87825672    3.70005282    3.50886978    3.54897061    3.60971532    3.69067870    3.54297900    3.28065738    3.69592496    3.64155749    3.57634333    3.98311588    2.76940672    3.13882274    2.76755089    2.63376353    2.60945540    2.95473299    2.99348173    2.92503669    3.00386263    2.88238197    3.15893341    3.07143377    2.99940014    1.01151129    0.00000000    0.22254275    0.24459098    0.41946088    0.58153467    1.52035958    1.71768710    3.57129713    3.35382669    3.36166790    3.94040455    3.98125537    3.73721529    3.71309837    3.64320883    3.68820175    3.69747101    3.58495646    3.56365680    3.60154002    3.84554169    3.32904429    3.45546946    3.69869243    3.54870271    3.51420131    3.31781245    3.94254110    3.51308603    3.73173427    3.70638970    3.47733188    3.72271117    3.91742553    3.92620703    3.94649736    3.47721751    3.46891037    3.67843918    3.66561300    3.75458449    3.35543554    3.93894445    3.96827839    4.02082940    3.72818784    3.89480207    3.56388582    4.16839906
F2CR18_HORVV/8-492     3.68731247    3.92326011    3.65656144    3.46500021    3.49145435    3.60407604    3.74300827    3.61257588    3.34061590    3.75317590    3.65155348    3.60536618    3.87511063    2.67188229    3.11993181    2.82510043    2.71638065    2.67203416    2.84104267    2.86913825    2.79391825    2.96176718    2.87255333    3.16901068    3.09072639    3.02416777    1.02847519    0.22254275    0.00000000    0.22374352    0.42372281    0.57025558    1.53058776    1.68582214    3.62940039    3.34044754    3.35817095    3.83829685    4.00651233    3.63223990    3.77307440    3.49629822    3.57436393    3.65648477    3.50407506    3.47885026    3.53213274    3.72512454    3.27466063    3.34340055    3.71071265    3.49252007    3.55810047    3.32571883    3.97114912    3.57661773    3.77244592    3.79223511    3.27878644    3.70898539    3.90729367    3.97372374    3.99121780    3.46639593    3.44485627    3.72947285    3.64711175    3.64918965    3.38381853    3.95551278    3.99367258    4.09816462    3.67798505    3.88438078    3.61906888    4.17360895
LMBD1_ARATH/8-489     3.51979803    3.81465179    3.65117013    3.53134204    3.49138074    3.62197613    3.75383707    3.65340204    3.44234300    3.73303248    3.59218137    3.48452056    3.94694509    2.72942017    3.09242959    2.85100252    2.79836590    2.67380727    2.90043055    2.91257712    2.86672741    3.07895886    2.90930726    3.11320554    3.06065718    3.01827954    1.06693363    0.24459098    0.22374352    0.00000000    0.40933096    0.57359815    1.55855197    1.80704876    3.65407160    3.37012002    3.49356165    4.07545609    4.13426302    3.74954000    3.72581574    3.74973141    3.79642925    3.81940686    3.67973948    3.63956373    3.71239781    3.79620117    3.47420027    3.51367500    3.90283282    3.51867883    3.58161729    3.31777944    3.92312115    3.63026963    3.81630922    3.66434082    3.44056902    3.62775513    3.90168057    4.01544837    4.13637142    3.62808907    3.61322310    3.64678056    3.56150127    3.61594671    3.29673634    3.88488108    3.98063642    3.87613388    3.67143904    3.77730974    3.64755408    4.18146888
D8QQI2_SELML/8-492     3.20551800    3.58727673    3.51295350    3.33438039    3.30748260    3.41724116    3.52745197    3.45329646    3.22028838    3.55337686    3.47978822    3.32761369    3.95326277    2.67112394    3.05487427    2.88292753    2.71700845    2.62511650    2.84488151    2.87014327    2.82776403    3.15499354    2.82030488    3.04366122    2.99992693    3.01221603    1.11036855    0.41946088    0.42372281    0.40933096    0.00000000    0.49256140    1.55237439    1.76623321    3.58526795    3.48120860    3.37711882    3.81789974    4.02990346    3.74382349    3.73215197    3.59526497    3.54364701    3.61549875    3.57254048    3.54386143    3.54066657    3.70856294    3.30841344    3.36983374    3.65978608    3.53716338    3.30159328    3.15362776    3.86876950    3.55829731    3.62496036    3.66365196    3.36556949    3.62618588    3.89149432    3.89944259    3.92214342    3.48135413    3.41242915    3.46387929    3.33764138    3.46371581    3.21216938    3.60002529    3.72692726    3.73283595    3.46909357    3.55449927    3.43606846    3.84339305
D8RQN1_SELML/7-493     3.30277819    3.64732299    3.42003030    3.29505193    3.24098586    3.34320627    3.52163738    3.45941442    3.38562979    3.60297710    3.25855485    3.23507782    3.81528785    2.75056138    2.91108073    2.67481848    2.71420262    2.50221981    2.60845011    2.57676509    2.56399322    2.92704224    2.79293350    2.94849066    2.94512591    2.86612618    1.15908638    0.58153467    0.57025558    0.57359815    0.49256140    0.00000000    1.61930674    1.79326063    3.59202102    3.43477072    3.57828217    3.93674558    3.99264640    3.59663183    3.66243498    3.64882295    3.43638839    3.50475590    3.52473884    3.59022027    3.45788324    3.56538982    3.36192094    3.33462417    3.71299463    3.43644537    3.57475719    3.35197384    3.90552777    3.64803475    3.71163047    3.82515940    3.63363356    3.40107719    3.73854668    3.90448470    3.91178237    3.22998665    3.33953496    3.46360117    3.35681472    3.49847563    3.08690570    3.61599772    3.62841554    3.66984449    3.58007884    3.64768352    3.28811300    3.92150699
B7GCP5_PHATC/6-522     3.15914014    3.51062568    3.35324121    3.33643272    3.30524365    3.30417356    3.42263498    3.42288651    3.24363554    3.47844052    3.15949874    3.13432715    3.50742325    2.73763404    3.34306264    2.90390657    3.00023524    3.15728936    3.28977416    3.26359777    3.23920849    3.09190401    3.15757444    3.26828745    3.00995416    3.04082079    1.67285306    1.52035958    1.53058776    1.55855197    1.55237439    1.61930674    0.00000000    1.77530969    3.46821129    3.35871724    3.47249729    3.85162396    4.30274953    3.96359118    4.03273584    3.79086206    3.71777660    3.70517043    3.64560700    3.57129363    3.59406940    3.70887208    3.44361768    3.56782718    3.75512004    3.82300057    3.90351727    3.77728577    3.93054869    3.64660113    3.59510940    3.74449830    3.53565459    3.53486215    3.88085508    3.67198058    3.57969584    3.13243263    3.37461024    3.38695064    3.37163898    3.52199899    3.24116015    3.61875158    3.72100861    3.71215364    3.41988681    3.44767670    3.15580637    3.43982602
V4Z3T5_TOXGV/5-506     3.73616838    3.44814738    3.57540922    3.45560308    3.46250970    3.49808881    3.60065846    3.42346165    3.43957262    3.70776393    3.51075081    3.72282620    3.76930821    3.65903035    3.84964705    3.08883758    3.13782122    2.90407523    3.30880124    3.37800446    3.33110221    3.27852957    3.29532040    3.44979620    3.25795437    3.41027298    1.86824849    1.71768710    1.68582214    1.80704876    1.76623321    1.79326063    1.77530969    0.00000000    3.40250126    3.56638787    3.76050073    3.97309275    4.24245147    3.69031361    3.99425845    3.98401073    3.94215410    3.80462185    3.88408988    3.88280558    3.69056685    3.91161131    3.82515695    3.78504640    4.04232397    4.17950996    3.37368320    3.54689354    4.06890155    3.63591028    4.00288220    3.75646638    3.46177845    4.32229920    4.08231303    4.19278540    3.98429116    3.56601484    3.45430347    3.60043992    3.56643900    3.52447172    3.58620975    3.64116347    3.75120796    3.70392429    3.47530437    3.67921450    3.41931456    3.46068075
S9W0Y5_SCHCR/1-443     2.52082946    2.44298396    2.60962168    2.48461550    2.53530899    2.53592741    2.55748807    2.53463423    2.51501157    2.45748402    2.63002399    2.55592359    2.42212790    3.72340181    3.82652152    4.04393477    4.04615743    4.01937639    3.76437686    3.66450703    3.81214933    3.68190315    3.83262110    3.80569642    3.72551688    3.99807333    3.70905401    3.57129713    3.62940039    3.65407160    3.58526795    3.59202102    3.46821129    3.40250126    0.00000000    0.47645146    1.85738146    2.07358845    2.06582477    1.93195851    2.10895796    1.98782102    1.94544218    2.02920844    2.00808098    1.92637545    1.94695016    1.92600287    1.79050711    1.82337929    1.90898431    2.88690734    2.75331532    2.65591235    2.93951540    2.77397707    2.30817604    2.39607654    2.56831834    3.08457723    2.36994835    2.57680595    2.45001720    2.45343948    2.44863457    2.36409653    2.51756826    2.47541518    2.56504549    2.56818164    2.63786172    2.53371747    2.55221419    2.64400685    2.47864449    2.70051688
YC8B_SCHPO/56-501     2.53187202    2.57397041    2.77048775    2.60608058    2.62637217    2.65934505    2.75647246    2.58568026    2.59274335    2.51822149    2.78875474    2.63708419    2.68648170    3.49900066    4.07724374    3.90780542    4.13558368    4.16400613    3.73348734    3.62687154    3.78151112    3.48101310    3.81981797    3.59903978    3.64403344    3.77534098    3.52042119    3.35382669    3.34044754    3.37012002    3.48120860    3.43477072    3.35871724    3.56638787    0.47645146    0.00000000    1.95582924    2.18635676    2.10072980    2.08206898    2.14142601    1.98822978    1.94301869    2.02231902    1.99468867    1.95252677    2.02558060    2.02613356    1.82689971    1.87913411    1.93871854    2.87368359    2.78570962    2.77763918    2.85600189    2.73686173    2.48400346    2.64834510    2.72193492    3.09306260    2.58714749    2.67554235    2.63322068    2.47554715    2.61285541    2.65988879    2.59090933    2.56794994    2.64504196    2.61038362    2.62571375    2.55349167    2.60745177    2.64123985    2.66287955    2.78635215
