122
F4PNT1_CAVFA/357-510     0.00000000    0.46937786    0.52283645    1.28296127    1.41935885    1.38260430    1.59663760    1.24800555    1.41916535    1.51039130    1.19822246    1.27844092    1.19614118    1.29655493    1.59175675    1.69421084    1.80287203    1.88743611    1.80575893    1.82171364    1.70284905    1.66903762    1.62046366    1.68154120    1.49706821    1.69499102    1.59217643    1.59001694    1.57514536    1.53530192    1.50212097    2.08730203    1.83499180    1.46186708    1.67883701    1.85844803    1.88740907    1.89130275    1.76459918    1.62762051    1.62721895    1.63527386    1.59130108    1.68621405    1.64987254    1.64899888    1.70310856    1.68392445    1.72038745    1.62010628    1.73315657    1.87848750    2.12600231    2.02932840    2.35994079    1.72029624    2.14728556    1.93981409    1.74612961    2.09117433    1.89829115    2.18392674    2.05870488    2.01818123    1.93046345    1.95580610    2.07220244    2.05920802    1.89683079    2.00301300    1.91975624    2.20535956    2.07337765    2.10982509    1.86375589    1.92902110    1.92632836    1.92307493    1.93342098    2.21300711    2.29012136    2.21829772    1.89340758    1.80728760    1.66096339    2.19871584    1.74823411    1.93669100    1.76558634    1.91155124    1.96093017    1.92937139    1.63887877    1.72371914    1.52163835    1.55501472    1.54502545    1.59078554    1.56094268    1.53585413    1.52696670    1.61401493    1.54086944    1.60596539    1.50161643    1.47177728    1.92149630    1.98778463    1.97073407    1.94565142    1.95483130    1.85271192    2.14039609    2.11482787    2.18050134    1.85949241    1.71472542    1.67601535    1.65681693    2.08734518    1.90387440    1.87689621
LEO1_DICDI/184-338     0.46937786    0.00000000    0.26992358    1.32374682    1.53388690    1.42814486    1.50509815    1.24688745    1.44279355    1.50333961    1.15414209    1.27576806    1.18839326    1.21018173    1.61730320    1.67957639    1.86935190    1.89074396    1.75089509    1.67389360    1.62902826    1.59110077    1.55232192    1.55159139    1.41949081    1.51625565    1.49046914    1.53782597    1.48330998    1.46180693    1.45110867    1.91705315    1.63643641    1.35206290    1.50015008    1.66473300    1.82158619    1.82237984    1.60264379    1.56391190    1.62531281    1.69537426    1.67642266    1.61057500    1.55023674    1.62887158    1.63136260    1.61374116    1.72883759    1.63076487    1.57038125    1.71495112    2.02178444    1.92734959    2.24450516    1.86072120    2.04427817    1.90308096    1.77205715    2.14107059    1.90964030    2.17053360    2.19643614    2.09180307    1.84390315    1.81460928    1.79297805    2.11264475    1.97654763    2.15252551    2.00729618    2.18175063    2.12517890    2.13413866    1.77622441    1.85942288    1.84048435    1.96265216    1.98038043    2.09641203    2.21931834    2.13994106    1.83716467    1.81147515    1.72106493    2.11262037    1.90174852    2.09995134    1.62229856    1.83504050    1.74713131    1.93006957    1.54167318    1.62909333    1.54111790    1.53169006    1.52194065    1.64738751    1.52734377    1.61759875    1.56967686    1.69268695    1.52856638    1.56600406    1.46441715    1.40762622    1.72381101    1.72491515    1.82098361    1.88826109    1.88725034    1.79467370    2.09552048    1.99327636    2.11111324    1.92835641    1.66320849    1.71646827    1.70072696    1.93329415    1.86335921    1.78838308
F0ZZ33_DICPU/174-329     0.52283645    0.26992358    0.00000000    1.41294452    1.44592969    1.32374456    1.41525192    1.16052503    1.33658674    1.34914417    1.13997282    1.17203514    1.15450934    1.20759547    1.60302391    1.76178740    1.95058630    1.97092710    1.81457452    1.78026423    1.79980811    1.71181477    1.66469289    1.77285037    1.59378955    1.68715559    1.53326287    1.72296680    1.68645418    1.58922300    1.55679200    2.01910916    1.68214873    1.41791818    1.53132435    1.57815682    1.91016500    1.87463081    1.71036311    1.66420205    1.63093106    1.68282144    1.70760231    1.70268351    1.67423593    1.71841591    1.72161010    1.73528029    1.79037351    1.67790417    1.51898403    1.86971405    1.97437318    2.09083595    2.36079539    1.92271927    2.00622265    1.90796685    1.82634335    2.25987547    2.01374756    2.23721715    2.16972201    2.05804172    1.88333990    1.88262043    1.81388060    2.24599056    2.14837671    2.21736651    2.13207565    2.31377566    2.20626006    2.17811222    1.79975026    1.97049813    1.98187758    1.96520750    1.98025444    2.06786555    2.20154247    2.18645592    1.81660849    1.77793244    1.83556537    2.10527679    1.95942172    2.16109394    1.80571923    2.12249551    1.92533418    2.16466784    1.66136086    1.75003453    1.61785950    1.60200969    1.54505345    1.64669283    1.56636565    1.60170764    1.60232508    1.70235398    1.55508692    1.59349471    1.52747046    1.45437680    1.71872900    1.65237855    1.81308571    1.87596030    1.87003725    1.80139347    2.12820298    2.04096963    2.16415750    1.92278913    1.53222347    1.59068777    1.60647537    2.10790828    1.94958703    1.96492569
B8C076_THAPS/213-437     1.28296127    1.32374682    1.41294452    0.00000000    1.37649610    1.39229343    1.64835336    1.47698019    1.50038925    1.60054064    1.41641904    1.46632443    1.42109492    1.44957664    1.74338695    1.69582616    1.79749624    2.16207205    1.93507414    1.68861916    1.83676367    1.46162362    1.49315354    1.61055636    1.54062446    1.54729262    1.54240484    1.48953692    1.63852926    1.53777407    1.52867199    2.33550236    1.71710153    1.68732274    1.62503301    1.82053793    1.80883813    1.74392142    2.10351672    1.77446244    1.87840679    1.94824315    1.87693796    1.85085054    1.76723703    1.91009647    1.87172365    1.82200263    1.87081248    1.84437276    2.01795197    2.13297397    1.87263957    2.08163083    2.60448864    2.46915522    2.58837228    2.62404068    2.46650214    2.67600187    2.74062247    2.78249311    2.71253637    2.46483348    2.64249949    2.51392252    2.57645146    2.67862857    2.65886367    2.39152404    2.60660868    2.61977722    2.33623773    2.58239344    2.41190824    2.40345007    2.40381242    2.51177631    2.56578397    2.53233414    2.79299448    2.51595837    2.37258155    2.45010926    2.26768738    2.90711765    2.58922664    2.31383900    2.00420032    2.42847403    2.59664918    2.48934870    1.89371080    1.83267292    1.73812135    1.76681838    1.71205803    2.02494367    1.87826707    1.89116466    1.71516850    1.74234224    1.60360381    1.68961190    1.63221618    1.78828386    1.96692949    1.86021416    1.66131008    1.71967214    1.89627679    1.78251416    1.73984216    1.97309630    1.88556876    2.06080071    1.82486512    1.80879636    1.67345156    2.01822262    1.99001365    2.08877394
D0NAM9_PHYIT/151-330     1.41935885    1.53388690    1.44592969    1.37649610    0.00000000    1.79349665    1.54078207    1.60334654    1.46862595    1.68553118    1.49515496    1.59239739    1.51260378    1.88723410    1.86414900    1.82345916    2.19776195    2.18141816    2.04213587    1.71979298    1.63052926    1.49684729    1.73041727    1.71711731    1.68033782    1.94948273    1.73094503    1.86052641    1.81634915    1.55008952    1.58990587    2.28093909    1.80417609    1.48536162    1.79919856    1.82606374    1.85106877    1.79812223    1.82076663    1.72542477    1.75535411    1.81678787    1.80853322    1.81787903    1.85753986    1.76593768    1.75537661    1.67874080    1.68153302    1.79818744    1.88052079    1.88532084    1.81518551    2.44724925    2.21859860    2.24942771    2.85663123    2.39494715    2.56145283    2.37378210    2.35584554    2.44726796    2.39568127    2.18172637    2.39330197    2.47462385    2.45387112    2.61300735    2.60267184    2.58723619    2.65313433    2.29708736    2.21275165    2.43816578    2.28610426    2.20783227    2.45761598    2.25734413    2.20322079    2.36556535    2.41047893    2.34068897    2.35799260    2.25657415    2.18060355    2.77325207    2.31468824    2.51120371    2.33662920    2.51912763    2.72727834    2.32804560    1.89204348    1.85554075    1.88049840    1.79753682    1.87551468    1.73641328    1.75697185    1.68496555    1.76170576    1.65554381    1.50054653    1.67030418    1.64814194    1.85476056    1.98689967    1.88077065    1.78348256    1.89642812    2.04544026    1.84459346    1.75784461    2.11428453    1.89051437    1.90821461    1.82326848    1.70707408    1.57943031    2.02073131    2.13679704    2.21460545
C1FIB1_MICCC/118-278     1.38260430    1.42814486    1.32374456    1.39229343    1.79349665    0.00000000    1.03411594    1.08693320    1.14612658    1.20594175    1.05871469    1.09225121    1.13125629    1.03133852    1.50022926    1.68773828    2.16926762    2.04820461    1.95868522    1.52885355    1.43034865    1.36549735    1.29681578    1.58379930    1.27329911    1.47586834    1.37137124    1.27696667    1.18246329    1.16096540    1.23088924    1.65262552    1.32625682    1.39414493    1.31210549    1.62746176    1.50007790    1.49454317    1.57572327    1.44117532    1.72406309    1.66915520    1.48312099    1.34634809    1.26862450    1.23225521    1.20944218    1.40008231    1.32194970    1.30818907    1.49968841    1.75837659    1.61460792    1.68098240    2.01918175    1.86158465    1.97203552    2.18092751    1.99991590    2.27103534    2.16120175    2.14957984    2.28375465    2.28772526    1.95640372    2.05981480    2.03634505    2.50341797    2.53186584    2.12429743    2.45541746    2.07526990    1.99141087    2.27976343    2.10805436    1.98707963    2.03210856    2.26546567    2.37326835    2.47300163    2.64236716    2.49745701    2.42269597    2.46064553    2.35562884    2.59121576    2.15671288    2.11376179    2.13223898    2.24727031    2.14846404    2.19211503    1.72189768    1.78131509    1.91869676    1.98074278    1.89837127    1.90427609    1.85170024    1.87796578    1.78792179    1.87995669    1.78069648    1.82133446    1.95810471    1.88775585    2.22857391    2.00859869    1.78236375    1.91552711    1.94732926    1.87258610    1.89022577    2.00344776    1.96932556    2.14783454    1.73559984    1.50525586    1.35024793    1.87401295    1.78257494    1.67088687
A4SAF7_OSTLU/86-244     1.59663760    1.50509815    1.41525192    1.64835336    1.54078207    1.03411594    0.00000000    1.19799767    1.21999631    1.61808443    1.20893275    1.24950714    1.22187798    1.10702665    1.69633433    1.98898193    2.16549675    2.28812658    2.08327339    1.55309600    1.80089105    1.50381976    1.68053767    1.73125813    1.53516778    1.65821222    1.60210017    1.57060647    1.48155921    1.49344071    1.50492071    1.64255673    1.53683564    1.54878427    1.60586254    1.52782989    1.59377039    1.69888139    1.79997785    2.05793178    2.00274103    2.13232548    1.80877592    1.59891119    1.73686067    1.70290990    1.64582266    1.68215246    1.64297385    1.76208619    1.92163974    2.07492315    1.83731994    2.24873379    2.65648678    2.36545942    2.48296272    2.29310306    2.13390939    2.26416202    2.32626639    2.33448506    2.21138572    2.06478448    2.31103642    2.27697960    2.40415719    2.37648052    2.29652480    2.23452795    2.22519047    1.97820554    1.82776442    2.38062516    2.03686231    1.95018925    2.07936160    2.14990936    2.09134782    2.27727453    2.55432199    2.41147093    2.30908784    2.33025057    2.25394466    2.60314777    2.62611852    2.38615930    2.02339479    2.22843661    2.25112837    2.23811286    1.73553757    1.91737816    1.89343631    1.91720937    1.89767209    1.77672717    1.71949710    1.64922597    1.73882031    1.77461109    1.86032562    1.74188792    1.86547755    1.84340465    1.95201783    1.83804253    1.92133716    1.89390174    2.01642846    2.03661266    1.95557392    2.04915459    2.03966712    2.36011481    1.95246108    1.58436500    1.53494177    1.69651199    1.76529805    1.90321842
D8STI6_SELML/223-381     1.24800555    1.24688745    1.16052503    1.47698019    1.60334654    1.08693320    1.19799767    0.00000000    0.54521222    0.73906627    0.32694818    0.45792822    0.44449670    0.94584221    1.41839441    1.62060737    2.07029768    2.09913713    1.85092435    1.49373552    1.31556548    1.39637485    1.21535699    1.50551422    1.24272937    1.31747251    1.25596195    1.23816896    1.25177243    1.30548370    1.27372704    1.80822155    1.44155290    1.53289928    1.41732811    1.82262015    1.64622361    1.65548691    1.44587941    1.62496836    1.81602058    1.71886531    1.58636993    1.57986195    1.47349406    1.51638731    1.47023204    1.48489409    1.58391879    1.68399015    1.45814212    1.82385301    1.64041580    1.97144684    2.29006252    2.14645604    2.34814619    2.11994853    2.24841008    2.37696405    2.30918510    2.47385638    2.17979779    2.14115466    2.15975073    2.16777909    2.06224865    2.80100990    2.45854616    2.55877970    2.53828629    2.41767508    2.34199813    2.81396939    2.27620497    2.27258726    2.33739944    2.42038390    2.51109504    2.56558109    2.70864877    2.58775681    2.45862095    2.40012537    2.43188881    3.00295288    2.45601082    2.41542122    2.19803633    2.52312719    2.42990750    2.39693904    1.55395680    1.62655650    1.64369404    1.60374706    1.66882832    1.64774947    1.60291139    1.49821920    1.47986032    1.67495753    1.59181110    1.50156950    1.61122222    1.56661546    1.90138485    1.67206581    1.63230938    1.69650643    1.67796515    1.65603602    1.67223649    1.79437615    1.75895721    1.98996546    1.52390404    1.34348875    1.32566763    1.66197676    1.67729080    1.59948887
J3LSY9_ORYBR/243-403     1.41916535    1.44279355    1.33658674    1.50038925    1.46862595    1.14612658    1.21999631    0.54521222    0.00000000    0.27577959    0.39711191    0.51943933    0.57181673    1.07985572    1.68914316    1.68561537    2.31352125    2.32339116    2.00654665    1.50408631    1.53665240    1.45549219    1.46386796    1.70474526    1.40780811    1.54722577    1.37051825    1.44768524    1.44283707    1.36014509    1.33023226    2.08585496    1.46280205    1.64216740    1.43836041    1.89474191    1.77627641    1.79688499    1.56994540    1.73066903    1.63666435    1.61575389    1.68373982    1.65331820    1.66418702    1.65476382    1.56224397    1.54380823    1.69636956    1.79254318    1.66540303    1.77635426    1.56789577    2.10576945    2.13356212    2.20584960    2.35368358    2.19315898    2.15488105    2.25841258    2.37100139    2.50887780    2.41083599    2.23536186    2.23545705    2.20360392    2.21619614    2.66313896    2.43309068    2.34464541    2.58540402    2.06824604    2.01161031    2.51577513    1.92808026    2.08202313    2.21162790    2.33088384    2.31604759    2.29499696    2.42141118    2.36277596    2.27614879    2.25537247    2.29072159    2.77675027    2.28691940    2.39380749    2.15023616    2.48279859    2.34530367    2.37940697    1.56771264    1.77898996    1.56516988    1.50098102    1.66208741    1.71823205    1.65416038    1.53996937    1.53132830    1.53474560    1.55757270    1.42181044    1.54687958    1.60529425    2.01581257    1.86353883    1.68085448    1.65169701    1.78445298    1.72848291    1.68925484    1.83742202    1.67193273    1.74690597    1.54872196    1.37496339    1.30785733    1.66071015    1.67186013    1.63642170
A2XM50_ORYSI/251-414     1.51039130    1.50333961    1.34914417    1.60054064    1.68553118    1.20594175    1.61808443    0.73906627    0.27577959    0.00000000    0.49796482    0.67206385    0.67612362    1.21300666    1.73006763    1.91269266    2.58633841    2.32720286    2.02668903    1.77317028    1.63894246    1.69917679    1.62645417    1.88762194    1.51498983    1.71580108    1.57161899    1.60801517    1.54014065    1.53365213    1.56205750    2.01583502    1.69233165    1.74369122    1.63021036    2.13343768    1.95603747    1.94755277    1.80815087    1.83443303    1.89325078    1.89447979    1.78459203    1.68962101    1.65837484    1.60489921    1.49010852    1.64804232    1.69286358    1.74042765    1.60036869    1.75433218    1.84289026    2.32910516    2.34747393    2.48156441    2.60881011    2.34878196    2.51421945    2.50698828    2.60800994    2.75302881    2.71542819    2.62332091    2.42008248    2.48047194    2.44365587    3.13635219    2.96340920    2.70175507    3.10315287    2.44252267    2.40491305    3.06104250    2.22710769    2.56167189    2.50954487    2.65480420    2.68068301    2.81261957    2.92548167    2.85624773    2.65594075    2.58568443    2.60764796    3.31627878    2.43056414    2.69022474    2.32136046    2.71426227    2.69161618    2.68888315    1.52732061    2.01971290    1.85129342    1.65592700    1.78175623    1.78389581    1.79910516    1.61340584    1.58194117    1.65873501    1.68777193    1.57069196    1.70671596    1.67635815    2.08316843    1.81944211    1.92175320    1.82157726    1.82827908    1.85887319    1.86021340    1.93744824    1.88870621    2.03696337    1.64650103    1.48904760    1.45381837    2.06125966    1.99252987    1.95377812
W1NWJ0_AMBTC/118-278     1.19822246    1.15414209    1.13997282    1.41641904    1.49515496    1.05871469    1.20893275    0.32694818    0.39711191    0.49796482    0.00000000    0.24003046    0.22217922    0.90615156    1.48134718    1.61502630    1.95036598    2.05256261    1.95633147    1.59990143    1.30882518    1.37826122    1.32360571    1.51820377    1.28859288    1.45380381    1.31028704    1.29668515    1.38213320    1.35363801    1.33399378    1.86029744    1.59780814    1.56381247    1.41345449    1.87019332    1.80624676    1.79377988    1.42791990    1.57930767    1.75945044    1.70764442    1.61050952    1.59365388    1.46262653    1.47030866    1.39043158    1.44903964    1.52867158    1.56617104    1.49469307    1.73850623    1.58782506    2.04936502    2.15277105    2.14701600    2.46409570    2.14188671    2.08892876    2.37563440    2.27414719    2.48863896    2.21582698    2.18404189    2.12650412    2.19231852    2.18703783    2.69517550    2.45838461    2.41975886    2.53524010    2.20269311    2.16788782    2.72927908    2.16495578    2.25281163    2.29936648    2.26186645    2.34938087    2.40543201    2.59015887    2.39950741    2.38497728    2.25340453    2.25889404    2.86568423    2.30882561    2.47931591    2.21174371    2.60456981    2.59316346    2.52174158    1.52833913    1.70646871    1.51717636    1.54606697    1.56817319    1.61001392    1.51981108    1.40363280    1.35439185    1.55341031    1.49627995    1.41145290    1.49655197    1.48372603    1.85884107    1.69937957    1.57144671    1.64145505    1.60012794    1.60668972    1.56507419    1.83234553    1.65244788    1.84368057    1.57748781    1.44414420    1.40054442    1.79831934    1.77852893    1.82368016
B9RLP8_RICCO/265-425     1.27844092    1.27576806    1.17203514    1.46632443    1.59239739    1.09225121    1.24950714    0.45792822    0.51943933    0.67206385    0.24003046    0.00000000    0.34553791    1.02480877    1.52396013    1.70066041    2.09363840    2.10300086    1.94241320    1.69484963    1.65499845    1.54995891    1.56683024    1.69889359    1.48145427    1.66502421    1.40812855    1.55864886    1.54887877    1.45604763    1.47570664    1.96529857    1.61652789    1.73380548    1.54933590    1.89050667    1.79892105    1.88629734    1.50311804    1.52529760    1.66561795    1.68084691    1.73351046    1.70026363    1.57622781    1.70211570    1.56902141    1.61666264    1.66519854    1.70775437    1.55847567    1.97610343    1.63673133    2.02783990    2.13930299    1.91990861    2.36094183    1.91400152    2.10885486    2.15316082    2.08139375    2.37254334    2.05495340    2.02441517    2.01432856    2.04478451    2.07502747    2.47200597    2.31199809    2.25117067    2.41630208    2.06350192    1.99235296    2.51981654    1.95176838    2.04606744    2.02812672    2.27595577    2.33691687    2.39662592    2.55214035    2.28132255    2.23567900    2.19168389    2.11129644    2.57998351    2.22493914    2.33938927    2.05920798    2.36212477    2.24137087    2.20594774    1.68323770    1.73565968    1.63695233    1.62669602    1.67454550    1.73863597    1.64135443    1.50807098    1.50762341    1.65332021    1.62380387    1.53824236    1.59324169    1.55930047    1.92481940    1.76438149    1.75697746    1.71732778    1.72945008    1.82451476    1.79497642    2.00446594    1.80101396    1.93774399    1.70098197    1.43359308    1.38453853    1.96241497    1.84761692    1.85944669
D7MUH9_ARALL/350-510     1.19614118    1.18839326    1.15450934    1.42109492    1.51260378    1.13125629    1.22187798    0.44449670    0.57181673    0.67612362    0.22217922    0.34553791    0.00000000    1.00819420    1.52613218    1.56450721    1.93806457    1.95848737    1.83358628    1.77987544    1.50375036    1.42450069    1.42604404    1.63329691    1.42469210    1.48117238    1.42535408    1.47550992    1.49111230    1.49228781    1.47908761    1.92051226    1.59868304    1.63938131    1.56289462    1.80795815    1.67197728    1.72267073    1.60739231    1.50652492    1.66618483    1.60606191    1.63921565    1.67854153    1.51999850    1.54114922    1.43891370    1.50821213    1.59612885    1.68401931    1.66376233    1.79706966    1.78736862    2.15348033    2.31554134    2.31821971    2.66998422    2.12888297    2.18838904    2.39945065    2.22543849    2.47149445    2.14906731    2.20144008    2.05847967    2.14132347    2.10882515    2.66426039    2.57878986    2.52893470    2.65344986    2.35821693    2.33287806    2.73151320    2.22477703    2.24331328    2.36230505    2.26768005    2.25926846    2.43552195    2.52454226    2.39294850    2.37420909    2.21359198    2.33170189    2.91755740    2.27928122    2.42080539    2.33442843    2.61418301    2.41621234    2.47243025    1.57725697    1.69202332    1.50627310    1.62869737    1.58557766    1.73679525    1.58874299    1.48211080    1.43200006    1.61506193    1.59786181    1.48965643    1.61908645    1.60369087    1.86952670    1.66249631    1.56917606    1.49727478    1.54664198    1.61262158    1.59815055    1.86651109    1.65949783    1.88378815    1.46721702    1.58146743    1.53979451    1.95739387    1.93476413    2.05237924
E1Z4X2_CHLVA/104-263     1.29655493    1.21018173    1.20759547    1.44957664    1.88723410    1.03133852    1.10702665    0.94584221    1.07985572    1.21300666    0.90615156    1.02480877    1.00819420    0.00000000    1.56171980    1.75867409    2.18368487    2.35724670    1.73627909    1.44860713    1.49532077    1.36980794    1.41055996    1.49817437    1.37295386    1.51009521    1.25460079    1.36976294    1.28861102    1.27059500    1.34220328    1.54868630    1.42798216    1.33654899    1.38041874    1.88344765    1.61659443    1.60346364    1.50448870    1.64659889    1.72508212    1.66775548    1.39560759    1.43605225    1.44576019    1.42234338    1.33364968    1.42946747    1.47727924    1.46695875    1.41200738    1.60356876    1.50986850    2.08816642    2.17439271    2.05784181    2.28515660    2.26078195    2.19512694    2.23276674    2.26725082    2.24920143    2.30493343    2.16403880    1.99919203    2.11022447    2.03729827    2.51681806    2.39691368    2.34403394    2.36758511    2.23155864    2.09405761    2.32103716    2.13480717    2.10860906    2.21522044    2.17007479    2.16775742    2.39924250    2.64378544    2.44546554    2.35659629    2.39589878    2.43781436    2.71852122    2.18827758    2.13203990    1.97096514    2.26335368    2.13069453    2.39500713    1.53613660    1.80489728    1.54201990    1.57889909    1.50796175    1.58682049    1.55655387    1.51662607    1.38859959    1.52118930    1.52866835    1.37976474    1.60841390    1.55388385    1.65371028    1.68609388    1.49479324    1.65139338    1.70297904    1.61330830    1.53113092    1.70022789    1.69986633    1.90710410    1.63809302    1.37783042    1.37153372    1.69903028    1.71096775    1.76579522
A0A0D2X1J2_CAPO3/189-341     1.59175675    1.61730320    1.60302391    1.74338695    1.86414900    1.50022926    1.69633433    1.41839441    1.68914316    1.73006763    1.48134718    1.52396013    1.52613218    1.56171980    0.00000000    1.58023720    1.94847632    1.96809029    1.84507019    1.26377446    1.10495522    1.10623427    1.09031528    1.12235446    1.11156369    1.13521963    1.10430443    1.10732106    1.14501076    1.15947276    1.16043171    1.38276558    1.35867983    1.60975552    1.45134014    1.66034091    1.77772558    1.72392972    1.60842463    1.84671869    1.77224533    1.79696982    1.56631378    1.51720795    1.47318023    1.52966529    1.30378402    1.42158425    1.42295274    1.55420892    1.57509869    1.77380780    1.68937587    2.04080103    2.47512684    2.12344053    2.07895214    1.87290462    2.15477474    2.16711634    2.04423893    2.18616159    1.89084167    1.89952549    1.98729572    2.07043454    2.03649109    2.47257691    2.18397163    2.27720795    2.17900999    2.34414047    2.16839257    2.36469669    2.32944251    2.13774369    2.07444424    2.41299279    2.41953585    2.28007393    2.73574334    2.27568345    2.27340746    2.44419602    2.09492230    2.50748878    2.40822773    2.37463840    2.21831785    2.11213784    2.35695409    2.55028182    1.34537480    1.75167764    1.82501449    1.92658925    1.83117913    1.82603658    1.62933797    1.71833783    1.75384528    1.67204072    1.72672668    1.74214790    1.73499322    1.67870837    1.97054753    1.72694727    1.68523183    1.60638383    1.59284168    1.65332699    1.66539962    1.81587301    1.58625210    2.00015299    1.71406705    1.44750242    1.41924985    1.84431472    1.72133245    1.73433805
B4IIF5_DROSE/296-455     1.69421084    1.67957639    1.76178740    1.69582616    1.82345916    1.68773828    1.98898193    1.62060737    1.68561537    1.91269266    1.61502630    1.70066041    1.56450721    1.75867409    1.58023720    0.00000000    0.62937521    0.77617582    0.67950431    1.24933472    1.26768658    1.23213487    1.26577237    1.23238712    1.14094390    1.15573343    1.03100312    1.15687755    1.22099784    1.14450133    1.14543769    2.08513167    1.60516029    1.84872875    1.86326210    1.61389105    1.60896196    1.50648020    1.85677944    1.55606596    1.73630337    1.70793507    1.68459029    1.56012636    1.66771303    1.49924360    1.54482598    1.45206366    1.51056986    1.60844766    1.69015226    2.05300054    2.00888648    2.06526463    2.43827607    1.89091729    2.05664605    1.95220203    2.04799583    2.08142661    2.00665768    2.12450119    2.10834147    1.99388017    1.84818017    1.94023249    1.91228229    2.62180203    2.29940820    2.33100395    2.27569497    2.27550224    2.35729464    2.32685834    2.33038185    2.13278849    2.08068221    2.21133164    2.20704063    2.07923285    2.47332904    2.12210455    2.22038360    2.18079990    2.09153516    2.36822953    2.08366588    2.30673835    2.31868533    2.37671836    2.33970898    2.33992946    1.75448021    1.93452213    1.94671033    2.08659210    2.18107652    2.14953677    1.99744474    1.95911366    2.03243895    2.07472699    1.99312878    2.02045360    2.10648878    2.02540884    1.93778611    1.73345337    1.73481473    1.77848645    1.75248471    1.82181298    1.81682301    1.95310518    1.79229141    2.20521720    1.92953384    2.04453492    1.96498672    2.06319137    2.16526250    2.13404852
B4NGB2_DROWI/187-350     1.80287203    1.86935190    1.95058630    1.79749624    2.19776195    2.16926762    2.16549675    2.07029768    2.31352125    2.58633841    1.95036598    2.09363840    1.93806457    2.18368487    1.94847632    0.62937521    0.00000000    0.78136845    0.66855566    1.48861797    1.52495557    1.45587246    1.45557027    1.47750791    1.28250825    1.35022836    1.23191387    1.38043745    1.52095709    1.41496793    1.34664736    2.16075678    1.86442807    2.05317329    2.23673827    1.76171136    2.01185009    2.00889170    1.97408804    1.75807564    1.82884436    1.85169135    1.99518391    1.92340563    2.06121455    2.04398694    1.97138685    1.83641768    1.94532774    2.10182471    1.93560018    2.30709677    2.18243946    2.39393557    2.87811447    2.16549970    2.45896204    2.42494279    2.51299871    2.34561095    2.20487395    2.51572642    2.36607438    2.29537573    2.16039065    2.19399910    2.25501999    2.68783644    2.48646565    2.54355484    2.36286985    2.38400147    2.44361129    2.63492884    2.39172521    2.31191196    2.29615416    2.39686254    2.33689674    2.43031260    2.57652786    2.59674539    2.44900878    2.33404495    2.20626352    2.43134030    2.38614143    2.41230669    2.60800610    2.50785669    2.52111585    2.53398793    2.15767017    2.30658835    1.99808281    2.23428103    2.22174517    2.21853271    2.17561025    2.18874806    2.38457650    2.30814397    2.19730648    2.20490601    2.42860737    2.14187379    1.97568348    2.00297451    2.24642044    2.07873975    2.22719965    2.29124061    2.32804773    2.52108348    2.42221348    2.67471290    2.33926165    2.16900502    2.09911004    2.26507253    2.26284659    2.22472592
B4LXJ5_DROVI/170-334     1.88743611    1.89074396    1.97092710    2.16207205    2.18141816    2.04820461    2.28812658    2.09913713    2.32339116    2.32720286    2.05256261    2.10300086    1.95848737    2.35724670    1.96809029    0.77617582    0.78136845    0.00000000    0.62467735    1.62749066    1.52186013    1.55524989    1.47413614    1.45460245    1.28364381    1.39949015    1.30772082    1.43613970    1.51971077    1.41869985    1.39280826    2.21359585    1.88588525    2.19118857    2.41147923    1.96017650    1.84977705    1.85032093    2.18577728    1.88270722    2.09882245    2.29672713    1.98478199    1.91300251    2.00256676    1.85577394    1.99406926    1.89220094    1.96892726    1.97507694    1.88610292    2.22216690    2.37939122    2.22516924    2.52554055    2.12553004    2.30652720    2.20795070    2.19111074    2.07492487    2.00976445    2.24234380    1.97494779    2.01323637    2.01494860    2.08803985    2.04215506    2.42201117    2.37510274    2.31898525    2.19916299    2.25679174    2.49445308    2.53226482    2.17346400    2.13936804    2.24366603    2.16096767    2.04244668    2.18035208    2.23999713    2.20133670    2.10324179    2.02240499    2.00856182    2.34843940    2.21069165    2.30649356    2.29772082    2.26559785    2.24696239    2.36957974    2.13271513    2.17597932    2.15688445    2.22446912    2.13804113    2.29308298    2.29806606    2.25881032    2.38381929    2.24322152    2.17957935    2.33142252    2.15121955    2.20592297    2.14850845    2.26640514    2.63065845    2.08076810    2.37665161    2.39301692    2.66288570    2.50754657    2.59233653    2.44044355    2.24175689    2.46793252    2.32119815    2.38033192    2.64832199    2.64819387
B3LXW1_DROAN/202-361     1.80575893    1.75089509    1.81457452    1.93507414    2.04213587    1.95868522    2.08327339    1.85092435    2.00654665    2.02668903    1.95633147    1.94241320    1.83358628    1.73627909    1.84507019    0.67950431    0.66855566    0.62467735    0.00000000    1.23816317    1.51651736    1.27660646    1.33073876    1.45839604    1.21110798    1.25980913    1.21644244    1.32257133    1.33475589    1.24684455    1.26779559    2.13701157    1.77027126    1.87668598    1.90000657    2.06907650    1.87073202    1.86244450    1.98109915    1.80530435    1.95701339    1.97311769    1.79249490    1.78036776    1.87671751    1.74467782    1.86209956    1.60492782    1.76869829    1.86218070    1.85355174    1.98847866    2.12859504    2.37647224    2.78758026    2.21535367    2.41402443    2.20305021    2.26013535    2.29722066    2.23395949    2.19556230    2.32110522    2.27341306    2.33858260    2.40954210    2.24176268    2.50689272    2.41194733    2.37896612    2.34023000    2.31376339    2.45203388    2.59309222    2.28573882    2.35865571    2.42312939    2.25963779    2.27749017    2.41271040    2.60299308    2.50781955    2.37357844    2.22072492    2.21443225    2.56350663    2.45029948    2.40580137    2.37317520    2.54294604    2.43468724    2.55266220    1.74051467    2.13880908    2.10983829    2.26349371    2.30563554    2.22274641    2.06617084    2.01170245    2.20754913    2.27405194    2.20184691    2.17470029    2.33998858    2.18456664    2.08396652    2.07489494    2.09445173    2.09788941    2.23175072    2.20164459    2.26824762    2.29916292    2.26397194    2.77833695    2.17478153    2.14001467    2.23668900    2.28532232    2.26533187    2.35276986
LEO1_CAEEL/167-330     1.82171364    1.67389360    1.78026423    1.68861916    1.71979298    1.52885355    1.55309600    1.49373552    1.50408631    1.77317028    1.59990143    1.69484963    1.77987544    1.44860713    1.26377446    1.24933472    1.48861797    1.62749066    1.23816317    0.00000000    0.73586153    0.75996477    0.70366128    0.82972614    0.75041792    0.71409863    0.72293648    0.69099692    0.78203098    0.61193331    0.58560354    1.54914694    1.29799372    1.39307415    1.43998436    1.70638297    1.50639976    1.43436620    1.34122471    1.56572908    1.47939540    1.45093645    1.33202620    1.27127981    1.38587552    1.29430558    1.20224427    1.16428395    1.23198863    1.39221223    1.45765753    1.94092605    1.70364786    2.17372196    2.18828603    1.82894640    2.06097497    2.13143268    2.07463606    2.07248740    2.27335332    2.29803502    2.22844151    2.16988267    2.08102350    2.18711593    2.10134077    2.54989287    2.12684323    2.48329959    2.26136616    2.13259739    2.04609755    2.53099131    2.40148917    2.24012770    2.36528570    2.39343755    2.41005789    2.45289594    2.52372243    2.32848044    2.44691200    2.43668931    2.26305014    2.65901166    2.21231984    2.12870055    2.08227619    2.36443357    2.09715779    2.29553526    1.48808265    1.67870653    1.70487360    1.63276196    1.87815041    1.67730301    1.67398659    1.65548961    1.60736342    1.67625112    1.67857893    1.54365970    1.75542396    1.69787040    1.86599325    1.74790129    1.64475388    1.68783913    1.78170485    1.56364888    1.72059281    1.68031047    1.61231368    2.03628519    1.78119611    1.45352676    1.47912731    1.65472697    1.62060862    1.66269180
A0A1P6BNQ2_BRUMA/203-364     1.70284905    1.62902826    1.79980811    1.83676367    1.63052926    1.43034865    1.80089105    1.31556548    1.53665240    1.63894246    1.30882518    1.65499845    1.50375036    1.49532077    1.10495522    1.26768658    1.52495557    1.52186013    1.51651736    0.73586153    0.00000000    0.58160329    0.49434788    0.59320508    0.52853914    0.57623130    0.60882601    0.51887767    0.56706645    0.52017613    0.48723993    1.58005299    1.32270128    1.22619431    1.45681289    1.82075684    1.59702811    1.53323346    1.48942227    1.49597047    1.50003722    1.60577736    1.50489113    1.41512444    1.42195602    1.43012671    1.36917712    1.29964670    1.30025198    1.40809853    1.39568784    2.02036872    1.64263738    2.25698198    2.31932209    2.11376725    2.30036965    2.05003864    2.05193281    2.00283383    2.32596347    2.46479172    2.19081374    2.20552752    2.07260868    2.24773941    2.21982634    2.35811965    2.30547427    2.40617633    2.28652407    2.22099989    2.17093988    2.49968258    2.44332819    2.30742448    2.34835118    2.29017742    2.32252988    2.27598867    2.44191688    2.34815978    2.29737024    2.43041435    2.20464603    2.70060632    2.32838403    2.43693391    2.32847455    2.43064446    2.50702553    2.40919540    1.49723969    1.55135587    1.48412227    1.55586148    1.64647209    1.60541588    1.49681658    1.57797525    1.53152693    1.58374768    1.46115521    1.50640403    1.54069423    1.43306047    1.67934010    1.68988717    1.44487068    1.58010293    1.62014019    1.52482555    1.51330901    1.72204612    1.55347857    1.98507830    1.66842321    1.47768352    1.40344000    1.58903113    1.69429740    1.71173994
A7RUX9_NEMVE/166-328     1.66903762    1.59110077    1.71181477    1.46162362    1.49684729    1.36549735    1.50381976    1.39637485    1.45549219    1.69917679    1.37826122    1.54995891    1.42450069    1.36980794    1.10623427    1.23213487    1.45587246    1.55524989    1.27660646    0.75996477    0.58160329    0.00000000    0.44277342    0.59233008    0.51614671    0.52146258    0.59938748    0.42339258    0.56244186    0.37458612    0.35797332    1.47415731    1.26640842    1.15027288    1.33656915    1.70200286    1.48640113    1.46553703    1.18582652    1.43943748    1.31720132    1.43945772    1.20977819    1.25811879    1.30217739    1.24801963    1.17969719    1.20203826    1.21210035    1.24937123    1.54096683    1.78178538    1.50129588    2.00516585    2.16914873    2.05086913    1.77936465    1.96243460    1.80961914    1.98712774    2.00050755    2.16785414    1.99597694    2.00360719    2.07348009    2.18670343    1.97800732    2.23025933    2.16852428    2.37685488    2.18111941    2.31869306    2.31896543    2.11981934    2.36089827    2.19544896    2.14893747    2.18093957    2.27938511    2.27480771    2.32526989    2.25864649    2.23913086    2.33619000    2.19889584    2.68922584    2.32802147    2.43175611    2.11831654    2.34847056    2.25967130    2.35313041    1.39133813    1.43645044    1.56088733    1.50803568    1.62725034    1.59316342    1.45799262    1.57088014    1.46710215    1.51598359    1.50452891    1.55628370    1.53638209    1.40718778    1.71280961    1.76131559    1.35136366    1.52220518    1.56746170    1.47200239    1.57290367    1.63412596    1.47726400    1.80287581    1.47943828    1.39572781    1.38977422    1.45681603    1.49656610    1.47507631
B7PV64_IXOSC/365-528     1.62046366    1.55232192    1.66469289    1.49315354    1.73041727    1.29681578    1.68053767    1.21535699    1.46386796    1.62645417    1.32360571    1.56683024    1.42604404    1.41055996    1.09031528    1.26577237    1.45557027    1.47413614    1.33073876    0.70366128    0.49434788    0.44277342    0.00000000    0.33879927    0.29232731    0.27337821    0.37184336    0.28260141    0.41757311    0.31757824    0.28565047    1.41437115    1.35247510    1.22945023    1.40523227    1.75551525    1.61455283    1.53363772    1.44163228    1.39067397    1.45033848    1.48447802    1.26782700    1.32377607    1.31691502    1.27686745    1.23665350    1.26906078    1.25154623    1.24964775    1.42706370    1.80501085    1.50441659    1.84947058    2.29586275    1.94510088    1.87863465    1.94963755    1.94026902    1.93149056    2.11786158    2.22958598    2.02542108    1.96631113    1.97297342    2.05461198    1.85860262    2.33086405    2.11821167    2.22609622    2.17749888    2.28489414    2.15548225    2.45037880    2.17086986    2.08475208    2.03855639    2.27445364    2.32288435    2.28254241    2.32562357    2.15816271    2.15567765    2.23960574    2.12783896    2.37435129    2.35807999    2.29259310    2.00463835    2.26681781    2.31438074    2.24951211    1.46844318    1.37664454    1.54476713    1.60294989    1.67384206    1.60614203    1.50994930    1.59206746    1.60976120    1.54953102    1.57827642    1.55942255    1.59110333    1.49644210    1.62718117    1.62757754    1.41427475    1.49217925    1.51813169    1.43440234    1.40679527    1.61025165    1.44367285    1.85797324    1.52052196    1.37625965    1.31664014    1.58383692    1.61846639    1.49732230
