166
I4Y5I9_WALMC/441-569     0.00000000    0.58517204    0.63470137    0.53023472    0.49011410    0.61717625    0.81168075    0.41613924    0.55890870    0.65497476    0.95543995    0.80172333    0.75407053    0.87779053    0.81039179    0.74736192    0.68738206    0.85631434    0.80883539    0.68549085    0.55107132    0.59644049    0.93539726    1.03365057    1.05813645    1.09411523    0.95945620    0.78962121    0.86713323    0.71397039    1.02475124    0.85913102    0.96491921    1.02605530    0.77733801    0.78707072    1.06637696    1.26953905    1.08775906    1.45511583    1.40936351    1.32265952    1.35018813    1.37404753    1.30151081    1.45146764    1.44819206    1.33415205    1.53741830    1.54884013    1.48172953    1.36962548    1.42894644    1.48799436    1.52327345    1.87171187    1.93373533    1.83754523    1.82299182    2.07394651    1.96467428    1.92014539    2.10816723    2.04870521    2.00360654    1.84006552    1.86672620    1.72627367    1.82749706    2.09571207    1.76876385    2.04445103    1.81099768    1.71333542    1.70608058    1.70692007    1.93246854    1.83437665    1.93853697    1.96566999    2.23311961    1.54906393    1.80344858    1.95604366    2.30882383    1.98588344    1.82108362    1.90386092    2.65766737    2.54008428    2.48850694    2.16265328    2.33390489    2.10617403    2.22109217    1.97211332    2.03256940    1.74873814    1.88884324    1.85604250    1.99984896    2.09959449    1.97999209    1.90008304    1.79057457    1.91685258    1.87579196    1.87760739    2.06572701    2.23757106    1.79321554    2.33330109    2.10314009    1.78602930    1.80302351    1.75632199    1.96233443    1.81582742    1.86585808    1.80897112    1.50917617    1.95073836    1.81985280    1.92696261    1.53959555    2.10452750    2.05768125    2.13334727    2.07616147    1.90881676    2.06157428    2.18471120    2.10959080    1.94970443    2.07257003    2.03427141    2.27224259    2.36863627    2.54407799    2.41132388    2.40256966    2.68864409    2.45585981    2.01708787    2.67373420    2.29928682    2.59350413    2.19895847    2.19422874    0.95172432    0.71296421    0.66376428    0.68106274    0.78165100    0.62390492    0.63422469    0.74065344    0.76234703    0.70488111    0.75191423    0.75060449    0.71719052    0.70834032    0.71575251    0.65666150    0.71420299
Q5KEY0_CRYNJ/565-693     0.58517204    0.00000000    0.61740838    0.51666056    0.51920507    0.71241540    0.83146855    0.44717164    0.63294168    0.71888766    0.96762212    0.88144869    0.87805496    0.95341609    0.90292690    0.89276285    0.67252736    1.00015703    0.79333403    0.83362721    0.61310914    0.61028686    0.88906079    1.22369650    1.24545318    1.29445180    1.06489723    0.88870590    0.86637811    0.84443343    1.23327324    1.05823533    1.22262941    1.28724342    0.89153043    0.88166280    1.09748863    1.07692685    1.17176389    1.46323263    1.42494788    1.46540219    1.39759198    1.56296307    1.50726513    1.69559148    1.62943197    1.55366989    1.46509775    1.43581455    1.33394550    1.30858677    1.41001920    1.47161696    1.44080609    1.97791210    2.03489143    1.98300016    1.87859833    2.33108421    2.28360493    1.93771985    2.19840418    1.98072117    1.99966059    1.99874183    2.19733434    1.83267561    1.96220000    2.33099387    1.84304205    2.04310983    1.80060912    1.98634660    1.84112334    1.85380480    2.05692915    1.94343174    1.93706961    2.07378617    2.11897424    1.64679858    1.86039959    2.14409019    2.79148998    2.26680919    2.05118325    2.20083778    2.78270123    2.70521248    2.49760022    2.33470447    2.54497501    2.33723691    2.55650903    2.18016701    2.10813309    2.05265997    2.20691574    2.10406117    2.17493090    2.30403698    2.22667868    2.07851645    2.21206070    2.25675547    2.14636870    2.17718541    2.34527810    2.43130967    2.20283346    2.75681550    2.36471131    2.20357298    2.11160801    2.07452536    2.26722272    2.05472096    2.20615983    2.17511484    1.84242478    2.12753252    1.94013603    2.05702989    1.98734422    2.55026874    2.38897252    2.12167869    2.01582863    2.10690048    1.98042630    2.17935614    1.95851547    2.01352113    2.00601364    1.83958995    2.04189711    2.12692509    2.32354140    2.16915353    2.26547387    2.39908340    2.22208839    1.97721872    2.51065750    2.05104926    2.16450030    1.97186750    2.26705952    0.97617249    0.77213276    0.81016784    0.77605769    0.74883275    0.67077632    0.60657764    0.71895044    0.76526547    0.74259713    0.72661653    0.72189315    0.71983428    0.75434588    0.75188273    0.74356230    0.74143240
G4TRS0_SERID/637-762     0.63470137    0.61740838    0.00000000    0.40121664    0.53954416    0.68240288    0.83751786    0.59199726    0.59082030    0.67339620    0.97221477    0.81502663    0.85656613    0.80863804    0.72635208    0.72734726    0.70633798    0.93110627    0.73180934    0.74080443    0.62923236    0.68893883    1.00074856    1.26474599    1.29541164    1.17488867    1.00663339    0.77652021    0.69974349    0.64092974    0.97533368    0.87561554    1.05701403    1.16396648    0.75936223    0.87861216    1.07478468    1.23041857    1.09147227    1.69383366    1.43398187    1.52196428    1.59410797    1.58798772    1.46980563    1.55303123    1.61785124    1.66306398    1.76420036    1.68958543    1.62344597    1.35580177    1.61441019    1.75543914    1.71056019    1.98400488    1.84852002    1.97284119    1.94126176    2.02641636    2.00023739    1.92132593    1.94631369    1.91734298    2.04865528    1.99559758    2.08102974    1.61669580    1.89727223    2.07842302    1.83450546    2.25255030    2.08269043    2.07412560    1.95408826    1.92187404    2.26742206    1.89492364    1.93002019    1.84787889    2.09041565    1.80579241    1.78247524    2.14062000    2.91450052    2.34910077    1.95285168    2.06118309    2.49701547    2.50233483    2.33807666    2.24483237    2.44785650    2.29011088    2.24442926    2.31241045    2.24564929    2.13968352    2.23825906    2.16221622    2.26361115    2.31946194    2.36917633    2.23673416    1.93877925    2.09791450    2.03729462    2.01534050    2.15096720    2.27533537    2.01680843    2.28748254    2.03650118    1.99106196    1.88130993    2.07453636    2.21202788    1.85548693    1.93297636    1.90004211    1.74286344    2.03116938    1.91970464    1.99866568    1.84236719    2.39388150    2.42885606    2.43807715    2.21157719    2.35704725    2.07379301    2.19410153    2.12524336    2.17989347    2.02726959    1.98316907    2.08856270    2.13973089    2.45328588    2.34483664    2.31923980    2.28797898    2.36164952    2.00510696    2.55608916    2.18008110    2.19870625    1.97502029    2.11059938    0.97866023    0.65995384    0.69158414    0.81192364    0.87936677    0.74124532    0.86162166    0.82658217    0.88829788    0.87861640    0.93935585    0.95694011    0.84918862    0.92039218    0.95963852    0.83780734    0.77716981
M2R9J6_CERS8/634-762     0.53023472    0.51666056    0.40121664    0.00000000    0.44821669    0.54632947    0.76001431    0.35809797    0.50804864    0.56045266    0.87615545    0.69763795    0.69049003    0.77872836    0.69313229    0.68715341    0.60139145    0.70683587    0.67406770    0.61349905    0.58295544    0.58569180    0.79640253    1.16719036    1.13617768    1.00854890    0.86025682    0.61745654    0.64822930    0.59397796    0.89738466    0.79261800    0.93515158    0.94535935    0.79464410    0.82188205    0.96766198    1.03500235    1.09417180    1.31581196    1.26324130    1.52567346    1.60665603    1.67116956    1.41141830    1.58233805    1.53367412    1.49903770    1.64820364    1.62879223    1.55518607    1.41399701    1.56393976    1.65236019    1.68022164    2.06140594    1.86193546    2.00043798    2.03265466    2.19220733    2.19247341    2.04352816    2.04023910    2.07671237    1.97916766    2.11372324    2.27821054    1.80547206    1.99105633    2.19084823    1.85959262    2.17525752    1.96032264    1.83133044    1.87140287    1.82834811    2.22834010    1.97237842    2.02572562    2.13576305    2.13591645    1.75052327    1.87359430    2.19194126    2.52396853    1.93876857    1.82685503    1.91848442    2.44714932    2.41619990    2.27789210    2.19453919    2.21259240    2.17687838    2.26268416    2.03153040    1.86781714    1.65731294    1.95679969    1.87379921    1.97005343    1.99871957    2.01871921    1.95375591    1.92977059    2.04040609    1.90334029    1.80419232    2.14944971    2.14170669    1.75216526    2.05681905    1.83647135    1.87671689    1.75686352    1.83080406    1.99491778    1.72958219    1.89476651    1.91782252    1.58423354    1.94024359    1.82766034    1.79666486    1.71291189    2.10961807    2.14470596    2.38077912    2.23330782    2.13660218    2.24455483    2.14180735    2.05302910    2.07973442    2.10707835    1.97623125    2.13700418    2.27609747    2.51733324    2.36270362    2.52894310    2.41812611    2.46063016    2.07137991    2.56705044    2.32993287    2.17151010    2.14174779    2.23133864    0.80043228    0.61277146    0.61598158    0.69706339    0.69355994    0.62403839    0.65662410    0.67286311    0.72597659    0.66615410    0.78123681    0.77245171    0.75654048    0.76184481    0.79106268    0.79828542    0.71852067
U5GZI7_USTV1/564-692     0.49011410    0.51920507    0.53954416    0.44821669    0.00000000    0.47634841    0.65089414    0.32727208    0.45762915    0.58262692    0.93602039    0.75977620    0.79999498    0.86257074    0.76457273    0.76765835    0.62626978    0.84438096    0.72708843    0.68927009    0.57634373    0.53496064    0.89855803    1.06427447    1.16557804    1.09323008    0.97923569    0.85023156    0.81569433    0.68306707    0.99083843    0.89948982    0.99957608    1.07076349    0.80955887    0.83601330    1.04311065    1.16249527    1.17996372    1.51134454    1.22201912    1.38267925    1.45525160    1.49939198    1.35367120    1.52460149    1.52883194    1.22754981    1.36629170    1.32185377    1.28379122    1.24001522    1.30000317    1.39061620    1.36512107    1.84070851    1.99852035    2.11617869    1.97312264    2.23068938    2.11364935    1.97839011    2.14216181    1.97763745    2.08532127    1.93114086    2.04313473    1.57981054    1.92763958    2.13200375    1.79568677    2.09782042    1.91045240    1.78204855    1.67664442    1.72877987    2.13975469    1.86944890    1.87680323    1.87664534    2.04220256    1.54485233    1.71729766    2.08339799    2.70014763    1.98834587    1.85652612    1.87864040    2.53377364    2.42924119    2.36673480    2.03170998    2.27659043    2.12452084    2.24948363    2.04024745    2.12280250    1.83350110    1.89429285    2.07996126    1.98663750    2.11380049    2.06969107    1.99503906    1.89338018    2.04618779    1.94069440    1.85391787    2.23365228    2.24269895    1.77637964    2.17759237    2.01441681    1.95487745    1.85904896    1.80580818    2.05751329    1.76700382    1.94050192    1.83485494    1.68038158    2.11690871    1.94786472    2.01855132    1.74286845    1.99788738    2.22168896    2.22282127    2.21981440    2.18638417    1.97437080    1.98591156    1.88592596    1.88235709    1.86097069    1.82402879    1.89081517    2.01043074    2.36181702    2.38215493    2.28255411    2.42148746    2.27639702    1.88580994    2.49088279    2.19531567    2.57164265    2.12872027    2.04100265    0.90301521    0.62292458    0.61570652    0.67319558    0.67483237    0.56020940    0.68677705    0.70241054    0.85485924    0.76544920    0.74056192    0.78237932    0.74817632    0.72579736    0.70753540    0.68908017    0.65965751
G7E1T8_MIXOS/533-659     0.61717625    0.71241540    0.68240288    0.54632947    0.47634841    0.00000000    0.72564280    0.51698627    0.63235751    0.74368306    0.98873688    0.76636980    0.74941798    0.80866052    0.78488670    0.81470454    0.69835586    0.90361558    0.92111556    0.82951280    0.69724124    0.71297565    0.95900614    1.24827975    1.27732988    1.19689576    0.94546449    0.87253711    0.73445247    0.66060756    1.02476295    0.77898664    0.97519316    1.12201158    0.80861965    0.87448426    1.01231169    1.35451512    1.27179143    1.63355970    1.48102972    1.66235200    1.59723278    1.72191581    1.54045584    1.61854237    1.52930695    1.55577785    1.68292227    1.63989433    1.56114306    1.54867972    1.59431552    1.52345670    1.66819681    2.11152944    2.16639390    2.05348346    2.03937043    2.55355175    2.36479372    2.17447999    2.35381893    2.25917535    2.18431317    2.10921109    2.19339223    1.67981380    1.93159315    2.07119329    1.63409923    2.08311859    1.92010959    1.90006380    1.57937469    1.66160205    1.82213915    1.78748212    1.82173925    1.86033759    2.09436747    1.53097525    1.66877335    2.24567991    2.39735210    1.92145463    1.80528744    1.69349234    2.74332646    2.60718243    2.42856080    1.94489469    2.34172329    2.38243670    2.30199509    2.01859054    1.87107991    1.69482720    1.99427331    1.69332733    1.75964223    1.76594624    1.80291619    1.64342605    1.95702312    1.91243846    1.96519909    2.09562188    2.22426758    2.27256147    1.88071579    2.35304219    2.14044452    1.94728853    1.99820831    2.04525245    2.13585563    1.99793148    2.07047575    2.09960472    1.89848860    2.02102906    1.92556047    2.02441304    1.72647329    1.94376599    2.24614551    2.16263120    2.13403820    2.07638302    2.00505697    2.00293718    1.90777416    1.91466346    1.84067795    1.89328039    1.84109076    2.11489802    2.39931025    2.28798322    2.38026238    2.40660830    2.08064082    2.02114573    2.38769104    2.18847815    2.32127649    2.04205589    2.20870029    1.02475841    0.62566971    0.68659763    0.76387583    0.78531102    0.69877586    0.73145058    0.71009281    0.89940910    0.84384163    0.87000389    0.85187905    0.92905420    0.83702243    0.82123374    0.75045677    0.73910104
F4S5Y3_MELLP/490-617     0.81168075    0.83146855    0.83751786    0.76001431    0.65089414    0.72564280    0.00000000    0.71542701    0.73618789    0.91216010    1.23550462    0.86348753    0.97973983    1.07826666    1.01730699    1.02619760    0.82104603    0.92629280    0.97155065    0.97123989    0.82961129    0.90017674    1.15269580    1.37198921    1.38587108    1.34788168    1.20447782    1.04230738    1.06328639    1.02940540    1.30109991    1.23526024    1.37464360    1.50251363    1.07247841    1.17809068    1.36909327    1.30292932    1.18550519    1.65004884    1.36167278    1.52477131    1.44519320    1.52303258    1.50264815    1.50960339    1.57382264    1.46407105    1.56126787    1.59092293    1.52485636    1.37433296    1.53631813    1.60934315    1.54910370    2.26675960    2.27811876    2.28415079    2.04597217    2.31001298    2.37736214    2.24045669    2.43536992    2.19603603    2.41516619    2.19761440    2.42894687    1.76522848    2.24812870    2.10819844    1.75691076    2.40715029    2.26282307    2.16886368    1.98848140    2.04728325    2.42661985    2.16429256    2.21650827    2.26158591    2.25545191    1.90763046    2.01045287    2.16072272    2.36683695    2.11368031    2.01361710    1.99629548    2.62154410    2.68353574    2.17749552    2.12843742    2.20294640    2.34775265    2.31397366    2.19968883    2.20220290    1.96926790    2.08061145    1.98194527    1.99639689    2.04163184    2.07636755    1.95470477    2.36630753    2.32557201    2.29801801    2.19319749    2.25661453    2.33724631    2.01916589    2.49130794    2.10389726    2.13673410    2.06556067    2.22963673    2.37697789    2.14384603    2.20452829    2.16309669    2.08354600    2.30285969    2.11199526    2.19213068    1.97970487    2.08877095    2.53527293    2.49654969    2.43534382    2.48891861    1.95665697    1.98276655    1.95758733    1.99879742    1.99000441    1.76396546    2.05871432    2.05950758    2.33722218    2.25902052    2.17355622    2.11552685    2.18094676    1.98755958    2.33203263    1.90605386    2.10902678    1.80998172    1.97975428    1.14155769    0.93041869    0.92008673    0.94713967    0.87312359    0.89629285    0.83684381    0.88421735    1.03930908    1.02699985    1.11055371    1.07594629    1.00941004    1.03531733    1.00089453    1.03469115    0.88461722
V5EX63_KALBG/584-712     0.41613924    0.44717164    0.59199726    0.35809797    0.32727208    0.51698627    0.71542701    0.00000000    0.32135118    0.46014252    0.77139726    0.55550179    0.66714841    0.75250079    0.64667621    0.64324223    0.48695777    0.67169762    0.57827702    0.53459045    0.44104003    0.40921064    0.79289694    1.01564975    1.09992607    0.99649746    0.94902037    0.74513323    0.75445618    0.61233812    0.92774710    0.72318982    0.93939574    0.97716695    0.72587305    0.64039054    0.92750129    1.09745527    1.11436644    1.52949892    1.19719374    1.31770460    1.34841574    1.41993128    1.19159554    1.43430129    1.34212786    1.24926974    1.30066404    1.26650763    1.21786139    1.28430850    1.28396727    1.31660749    1.26505594    2.00807947    1.84234189    2.00165594    1.89000378    2.26868493    2.20516815    1.93613679    2.09369842    1.86861492    2.00348655    1.96490112    2.10650341    1.71392235    2.02115225    2.25068049    1.92768590    2.18941039    1.96795774    1.80622634    1.77859681    1.79586322    2.21345722    1.86781293    1.97778647    1.96403161    2.13512335    1.62062570    1.82241593    2.13786784    2.60353980    1.96635541    1.87594117    1.89559592    2.61240498    2.55944739    2.30921795    2.12773630    2.25570517    2.14608812    2.29094822    1.99767732    1.85995495    1.64598680    1.93689274    1.82019662    2.01568425    2.03607628    1.97900212    1.85042361    1.89447158    2.02641797    1.89133972    1.97901865    2.22983901    2.19044696    1.81575594    2.29053077    2.09434851    1.86169131    1.89745672    1.84076921    2.01092610    1.84243414    1.93088533    1.96528647    1.61332614    1.94561836    1.81205800    1.92822114    1.72670552    2.19284301    2.17967955    2.38278521    2.23740133    2.19112786    2.18737851    2.11593273    1.93485478    2.08266856    2.06028665    1.91168398    2.03304526    2.17101092    2.60015221    2.42240481    2.50993645    2.71315074    2.25167223    1.90714531    2.62062791    2.44704708    2.49512068    2.27286125    2.16767201    0.83621785    0.50647691    0.51443321    0.57603459    0.56195995    0.55698834    0.52901738    0.57859268    0.63389067    0.63475967    0.62611894    0.59882420    0.69461175    0.62047913    0.67218825    0.62968497    0.67896455
A0A015JPG4_RHIIW/535-663     0.55890870    0.63294168    0.59082030    0.50804864    0.45762915    0.63235751    0.73618789    0.32135118    0.00000000    0.42065634    0.73877023    0.48200263    0.60868778    0.61117198    0.56454461    0.60018668    0.37753574    0.53378966    0.47500622    0.39516438    0.27170747    0.33646165    0.73132382    0.93048205    1.06543177    0.98973097    0.87804031    0.69757109    0.69672791    0.54946964    0.80202726    0.69828241    0.89773445    1.04778656    0.63239416    0.67493032    0.94303748    1.07925710    1.12750263    1.49680839    1.18289310    1.23523257    1.23055163    1.33160360    1.19419186    1.32754241    1.30130411    1.32108647    1.23770438    1.22711249    1.16774491    1.18861687    1.19667552    1.30674164    1.27216055    2.15818208    1.99802695    1.90468244    1.99604533    2.30977145    2.36426430    2.00195315    2.11077068    2.00875837    2.12658325    2.06446896    2.32447063    1.80303727    1.99293329    2.26428656    1.87524787    2.19063982    1.97539194    1.85681944    1.85790386    1.78579474    2.26807543    1.85187485    1.89852465    1.91424660    2.03897674    1.62057935    1.78085204    2.19783040    2.61788850    1.94017944    1.76945412    1.79895799    2.80469701    2.56404248    2.36597708    2.02775320    2.20735590    2.20751461    2.26424997    2.05027310    1.82597294    1.68889155    2.00518967    1.85061379    2.10389641    2.07723676    2.03711119    1.87020635    1.87858961    1.99063779    2.02254193    1.98139467    2.34028260    2.35515429    1.96279367    2.36856515    2.16616959    1.83112381    1.74612951    1.83298271    2.05415424    1.67557582    1.83630992    1.84816380    1.49422110    1.76233013    1.76906578    1.82940607    1.70560644    2.39328495    2.37791032    2.52324724    2.37700940    2.24432779    2.05389895    2.01878566    1.92892674    1.94600579    1.96192849    1.90628689    1.96356259    2.10720915    2.49357199    2.38477571    2.45749552    2.57623009    2.24784143    2.00903008    2.58194700    2.42286511    2.65740707    2.35706515    2.21287602    0.79455231    0.50077313    0.42252166    0.55562163    0.56947980    0.53038497    0.56225083    0.57721795    0.70909910    0.69379521    0.66484716    0.61148150    0.69830676    0.64698086    0.68975004    0.57299379    0.58050017
F4NTU8_BATDJ/558-687     0.65497476    0.71888766    0.67339620    0.56045266    0.58262692    0.74368306    0.91216010    0.46014252    0.42065634    0.00000000    0.84345210    0.65538575    0.62439299    0.77705325    0.67865023    0.76370070    0.46394342    0.65777444    0.50519642    0.58015402    0.38086173    0.49389216    0.68943781    0.96850325    1.04415706    1.01125239    0.96521485    0.76022833    0.77144947    0.62287088    0.93574789    0.74466415    0.90652063    0.96448341    0.79943570    0.68405990    0.95812396    1.15621779    1.19611433    1.58991575    1.27907586    1.33346252    1.44901706    1.48543776    1.40770722    1.56679621    1.50042547    1.49581112    1.41073798    1.37198601    1.33755748    1.23617462    1.32368441    1.46300989    1.43478039    2.43235581    2.18168264    2.06522921    2.17584497    2.45497864    2.46776385    2.13612084    2.44755099    2.19960718    2.26092227    2.20193791    2.30177511    1.70937186    2.08604037    2.29908471    1.97035566    2.39941430    2.18587273    1.97640285    1.93994158    2.00486188    2.39229033    1.88487782    1.95648837    1.95974614    2.06569162    1.78498167    1.97410783    2.05265068    2.37709169    1.92434980    1.91568317    1.88353494    2.79833915    2.57909482    2.54664569    2.01053603    2.21807456    2.22093349    2.14363136    2.13302943    1.96449574    1.82342240    2.11086150    1.79912721    2.19001355    2.09619327    2.09371325    1.99714274    1.89830472    2.12341022    1.94452821    2.13302046    2.23881177    2.36745180    2.04188292    2.47451228    2.14275096    1.93305708    1.95185158    2.00530373    2.07085367    1.73257008    1.96285302    1.96904032    1.43914470    1.84462849    1.70299614    1.92893393    1.80372539    2.50077759    2.38507288    2.67889975    2.13941797    2.22455865    2.09942166    2.04277825    2.04038711    1.96482921    1.93128939    1.95815107    1.84539793    2.13998259    2.40679620    2.42541157    2.24808520    2.37167629    2.23701320    2.00856043    2.55029492    2.38261713    2.57909065    2.22735076    2.17925643    0.82928519    0.47944412    0.55659211    0.59935114    0.63320603    0.55989897    0.65515686    0.64271216    0.79851914    0.70299940    0.69013103    0.69511992    0.71320669    0.72323558    0.73845979    0.71715173    0.67940477
C1EIA7_MICCC/547-679     0.95543995    0.96762212    0.97221477    0.87615545    0.93602039    0.98873688    1.23550462    0.77139726    0.73877023    0.84345210    0.00000000    0.68166708    0.70179549    0.68609730    0.70796097    0.74475858    0.69335131    0.91600073    0.87763233    0.90585106    0.81818045    0.82331075    0.96045228    1.24958072    1.13076237    1.25647083    1.15044376    1.07145553    1.00146915    0.94861785    1.17481172    0.97295511    1.20331888    1.26759034    1.16277468    1.13988950    1.21186740    1.26525976    1.38357042    1.64061460    1.66790154    1.67524708    1.82645733    1.89602561    1.87378601    1.87924946    1.91916262    2.14102977    1.87076770    1.69818135    1.66426540    1.54246506    1.64983307    1.75745719    1.77534209    2.10514420    1.94930335    2.15957110    1.99392281    2.25456438    2.21580922    2.12933811    2.25402140    2.15105581    1.90429912    2.05311091    2.06585107    1.76142415    2.00907839    2.32347175    1.79884258    2.21812659    1.96288841    1.99814964    1.99347315    1.87089841    2.24430572    2.09754222    2.00239431    2.03014037    2.12742409    1.75350070    1.81221863    2.06050687    2.78839897    1.88312462    1.91467707    1.78413415    2.51584484    2.55946042    2.63699063    2.10451565    2.17127741    2.15052231    2.12116122    2.06226200    1.84107812    1.77095049    2.04127417    1.71756837    1.80482507    1.89070881    1.91631929    1.80964085    1.84123469    1.95683615    1.93581490    2.13774886    2.39003301    2.45945489    1.94228192    2.43186011    2.09704568    1.87482847    1.99674966    2.03015658    2.10576873    2.01049253    2.10748561    2.05839381    1.57092649    1.88238211    1.85865973    1.86623918    1.83998562    2.23605211    2.17576889    2.21937228    2.27625649    2.12662830    2.04993817    2.22198748    1.99823871    1.97548806    2.02261649    1.91096275    1.84612766    2.15035759    2.27329746    2.19628905    2.40333884    2.32897531    2.11502275    2.07078926    2.76944973    2.25731246    2.41686897    2.11646110    2.17564566    1.23113495    0.89011420    0.80415059    0.93860372    1.02880465    0.96812413    0.96061257    0.93613469    1.01656285    1.06274756    1.05174363    0.95368446    1.07515408    1.01196835    1.00497332    1.01325896    1.02720369
D8RGN9_SELML/69-204     0.80172333    0.88144869    0.81502663    0.69763795    0.75977620    0.76636980    0.86348753    0.55550179    0.48200263    0.65538575    0.68166708    0.00000000    0.39407480    0.39201755    0.27836688    0.44715839    0.42012577    0.60210921    0.60969093    0.58821644    0.56650338    0.60868703    0.88060125    1.12618464    1.20735547    1.09657339    1.06186163    0.89663451    0.74683225    0.70243282    0.86502457    0.82050397    1.02976322    1.12435496    0.86585938    0.85121351    1.13847272    1.20896844    1.19234887    1.58389609    1.31994203    1.53414754    1.58235669    1.66848904    1.53195568    1.61878022    1.56231216    1.72278084    1.66725114    1.67043649    1.55903436    1.39711019    1.61951574    1.72277226    1.64249313    2.02307370    2.25210047    2.08631076    2.13195968    2.38517677    2.34524945    2.17339054    2.34971952    2.08551690    2.30336251    2.22482166    2.11729087    1.80813357    1.94916819    2.29402936    1.81768746    2.18030967    1.99607839    1.80499726    1.90738150    1.83805813    2.10477629    1.90405753    2.00741816    1.90012303    2.03353963    1.74316260    1.85110605    2.07159658    2.71682987    1.82043285    1.73257864    1.89663075    2.69886373    2.44819039    2.60874638    1.97299731    2.05331429    2.14339490    2.20734422    2.03939454    1.90683419    1.78017099    2.08854513    1.85064996    1.86727362    1.90665937    1.78916126    1.66225496    1.91357395    2.02261760    2.02986832    2.03359506    2.26543073    2.41540468    1.99772818    2.44585686    2.17412264    1.87565319    1.85458233    1.85020032    2.02895681    1.77100543    1.90262648    1.90115102    1.50515075    1.87299989    1.75135005    1.83441973    1.85006348    2.28560840    2.39493022    2.45509870    2.39888089    2.24029140    2.18591142    2.21877403    1.95567479    1.90733080    1.93527433    1.99551204    1.95375322    2.18916311    2.44920343    2.35649709    2.32585803    2.57910098    2.18159946    2.10379466    2.39051243    2.27757729    2.28411769    2.17973922    2.28993357    1.08592201    0.76331881    0.61876376    0.66925314    0.78437530    0.69709052    0.73419170    0.68654589    0.88193492    0.87490681    0.84441107    0.82999764    0.87694209    0.81981148    0.84542617    0.77238388    0.73116313
W1NEI1_AMBTC/761-894     0.75407053    0.87805496    0.85656613    0.69049003    0.79999498    0.74941798    0.97973983    0.66714841    0.60868778    0.62439299    0.70179549    0.39407480    0.00000000    0.31422137    0.27833978    0.43226850    0.49329085    0.61156409    0.66208054    0.63408774    0.64170046    0.70800341    0.73232558    1.15317893    1.06921067    1.12651553    1.06022660    0.86668404    0.70688686    0.75105852    0.91513074    0.87478244    1.08514446    1.13981744    0.86812027    0.85207301    1.22319075    1.21480551    1.21172406    1.65065726    1.42177382    1.60366184    1.79355462    1.89316617    1.68704722    1.84205746    1.69113731    1.97075735    1.85916374    1.80552411    1.68428669    1.44109131    1.74351440    1.91871099    1.81106821    2.13632963    2.25145104    2.14563808    2.25332416    2.56289033    2.55927527    2.23912807    2.53167944    2.27512641    2.43519908    2.35840127    2.30931811    1.79009065    2.08464818    2.32785984    1.68834792    2.09592325    1.81453469    1.81048795    1.92162643    1.87910666    2.03202769    1.97336693    2.00205189    2.00345747    2.04335933    1.73069338    1.82132923    1.98559842    2.53756267    1.88466844    1.72190874    1.74691144    2.61960007    2.54356781    2.43533753    1.93179299    2.14266883    1.93215976    2.22658433    2.04701579    1.89368768    1.78776819    1.89056692    1.67692887    1.94622832    2.05356316    1.95671773    1.83599816    1.94435597    2.06721587    2.10407589    1.98118237    2.15265870    2.30648064    2.03466831    2.48251452    2.25838161    1.70742902    1.94396658    1.85902909    1.95451381    1.82021808    1.94611704    2.01312924    1.58541898    1.87143313    1.69767809    1.77794688    1.76067186    2.22695239    2.34190938    2.50251565    2.33059149    2.20768040    2.23717818    2.05800939    1.95913099    1.93858001    1.96204794    1.99712612    2.02231971    2.13087444    2.47585253    2.46312478    2.50127280    2.67191755    2.29467849    2.18786949    2.67972768    2.44979097    2.61082961    2.38373557    2.08583716    1.00838157    0.80192907    0.71940851    0.80548851    0.87151959    0.77128755    0.79799324    0.75766278    0.96045569    0.85722404    0.85838304    0.86306345    0.84431953    0.81332899    0.85782113    0.79894163    0.78115676
M0SQV6_MUSAM/728-868     0.87779053    0.95341609    0.80863804    0.77872836    0.86257074    0.80866052    1.07826666    0.75250079    0.61117198    0.77705325    0.68609730    0.39201755    0.31422137    0.00000000    0.24058322    0.45638348    0.53097217    0.65537085    0.80257376    0.72317974    0.68497838    0.74637845    1.03019044    1.24577419    1.12057572    1.10068954    1.09014247    0.98000527    0.64531036    0.77231162    0.97661862    0.91570476    1.10139860    1.26786648    0.89896509    0.91576629    1.27883742    1.27264726    1.19801563    1.72997983    1.36406543    1.61813327    1.75031079    1.72892350    1.61933293    1.72621052    1.61740792    1.85454677    1.77334212    1.80392029    1.74778636    1.45054472    1.73379183    1.86996326    1.80823132    2.10524412    2.15378543    1.98669713    2.07144225    2.54870770    2.40020997    2.26267970    2.48198715    2.15210872    2.23857535    2.29964505    2.15971757    1.74946075    2.06026109    2.33745371    1.64548943    2.08250463    2.03061771    2.01729558    1.96111536    1.99957127    2.09993344    1.92397311    1.94059069    1.96820177    2.08676985    1.77098536    1.82679838    2.03862958    2.82382322    1.96305800    1.86448705    1.88113514    2.65003074    2.35735951    2.70769677    2.14144715    2.32030142    2.22054471    2.23215147    2.07317237    2.07177340    1.98831556    1.95471693    1.76654071    1.84034325    2.01705031    1.96272627    1.83337262    2.06238942    2.08855352    2.13889399    2.10970469    2.45469451    2.46062399    2.01526268    2.42129937    2.25733781    1.91629081    2.17180433    2.01723161    2.03357049    1.95737166    1.92938520    2.15238380    1.71315528    1.87115552    1.73794179    1.69610277    1.92521053    2.17778105    2.19236808    2.58929724    2.34751898    2.33101616    2.22689934    2.16677219    1.99344908    2.08222578    2.09238545    2.22213699    2.10501388    2.12309433    2.68275384    2.75970539    2.65552482    2.61892872    2.47648417    2.32847840    2.86379293    2.44509085    2.69056358    2.34422328    2.26734644    1.05217583    0.85750061    0.74743450    0.85148343    0.92118153    0.82395263    0.84486975    0.79406141    1.06490244    0.98540980    0.92799801    0.95066195    0.97571880    0.96472669    0.96619797    0.82596294    0.85987272
D7TI48_VITVI/751-891     0.81039179    0.90292690    0.72635208    0.69313229    0.76457273    0.78488670    1.01730699    0.64667621    0.56454461    0.67865023    0.70796097    0.27836688    0.27833978    0.24058322    0.00000000    0.28378897    0.42733833    0.66177839    0.62931952    0.59844887    0.62118920    0.68653137    0.80727708    1.10957971    1.14673901    1.02100999    1.04679135    0.82869394    0.60735483    0.63921558    0.83160568    0.80064231    1.06711084    1.18433279    0.78679746    0.79242721    1.08643174    1.16262463    1.14449355    1.58571315    1.40843097    1.50212494    1.66877969    1.71044731    1.56426468    1.63358864    1.54801870    1.79995072    1.80541006    1.77423426    1.71635705    1.47969853    1.77741444    1.95001610    1.80269515    2.01337456    2.12876326    2.06783559    2.11839434    2.45301692    2.30724082    2.17551790    2.33988980    2.17302006    2.19202967    2.31768203    2.19406085    1.81943651    2.00477395    2.25685044    1.69965118    1.94633033    1.88685164    1.84118921    1.92408530    1.86639820    1.95460580    1.93114928    1.94057046    1.99852898    2.04991910    1.68092070    1.84125812    2.03414675    2.85459916    1.86007529    1.72878723    1.79767047    2.59978750    2.29407362    2.50457825    1.90231008    2.09340937    2.01678249    2.12883897    2.02622254    2.05494052    1.94480128    2.01278159    1.79346690    1.85900750    1.98630858    1.91023979    1.79135918    1.85106254    1.98455994    2.12895070    2.06343736    2.33654065    2.40963138    2.00564978    2.44559052    2.17603769    1.95052397    2.12300925    2.03760539    2.17297843    1.98491339    2.07813104    2.19752377    1.70966923    2.06365118    1.85690947    1.88613764    1.83787980    2.19855906    2.16214018    2.54510713    2.37964938    2.24807596    2.13798744    2.07677347    1.96406768    1.95532237    1.97429496    2.09428398    1.91665069    2.03375214    2.44547715    2.51290728    2.55920877    2.56559768    2.34534677    2.21686674    2.76307612    2.39968299    2.59462591    2.34433578    2.20065925    1.10594122    0.77444855    0.63729010    0.74883611    0.88872417    0.70310183    0.79946804    0.72509935    0.96645651    0.89232382    0.84820980    0.87652872    0.84842196    0.86808686    0.87002553    0.78412129    0.81533209
F4JWJ6_ARATH/696-837     0.74736192    0.89276285    0.72734726    0.68715341    0.76765835    0.81470454    1.02619760    0.64324223    0.60018668    0.76370070    0.74475858    0.44715839    0.43226850    0.45638348    0.28378897    0.00000000    0.50303285    0.68291578    0.74151168    0.68857472    0.65514783    0.68812012    0.84044766    1.07031358    1.14422030    1.04616052    1.07330508    0.94473774    0.66957978    0.70661349    0.89980829    0.92159039    1.11176861    1.21640728    0.85964503    0.89628687    1.15479142    1.14241192    1.14613261    1.50074042    1.36310303    1.58511695    1.61922095    1.70145838    1.58569289    1.60501849    1.55037606    1.78065334    1.76520017    1.75624986    1.70028792    1.49180917    1.75277101    1.90035651    1.75865807    2.06415364    2.09030988    2.05762219    2.17704967    2.48191916    2.34631050    2.17743057    2.37168007    2.19952063    2.19916581    2.28958828    2.16349713    1.93454730    1.98350758    2.49439389    1.80840584    2.04882648    1.97303373    1.97514727    2.02444348    1.88735293    2.03157983    1.88287009    1.86108983    1.90861722    2.14964159    1.78574294    1.96160612    2.18225330    2.88474427    1.91682858    1.77271454    1.89794579    2.59504128    2.38325216    2.55664317    1.96867289    2.11454458    2.03187368    2.13247597    1.92135505    1.96133643    1.87508837    1.96371644    1.80219917    1.92202237    2.05436207    1.90526778    1.83336886    1.88224146    1.96309033    2.14049724    1.96442049    2.23316340    2.34609145    1.97694309    2.40743824    2.10468772    1.85238049    1.99541807    1.95311185    2.13721548    1.89442160    1.98989663    2.04447659    1.71222951    1.94433803    1.85490229    1.86761063    1.78810801    2.26027772    2.21482797    2.56465494    2.41809248    2.20626413    2.09992603    2.02553452    1.94913717    1.86574657    1.86019856    2.02027773    1.93917131    1.92786658    2.40254125    2.37460932    2.42102567    2.67301052    2.30614448    2.16441357    2.69298742    2.39970059    2.51436231    2.34162645    2.17773756    1.15523749    0.81904880    0.69468926    0.78030422    0.92671935    0.74516826    0.83121028    0.79212918    0.99725752    0.90443553    0.93785029    0.87160661    0.92886334    0.95097307    0.93249643    0.81936399    0.92235167
B8CE67_THAPS/6-134     0.68738206    0.67252736    0.70633798    0.60139145    0.62626978    0.69835586    0.82104603    0.48695777    0.37753574    0.46394342    0.69335131    0.42012577    0.49329085    0.53097217    0.42733833    0.50303285    0.00000000    0.48875504    0.49020336    0.56433838    0.42625309    0.53965798    0.68428358    0.98096258    1.00874839    0.99234888    0.94017392    0.74138705    0.70638837    0.55079381    0.75291109    0.73417285    0.97508518    1.09847266    0.80180833    0.77121102    0.90936804    1.07228407    1.13503674    1.47227593    1.40772846    1.41603276    1.47563930    1.51194886    1.37363344    1.54561738    1.43993753    1.57995937    1.54616768    1.57420385    1.52999149    1.41196406    1.50585670    1.64405763    1.55649569    2.00568486    1.90795859    1.97439110    1.96805836    2.21777102    2.18693111    1.90175419    2.21143342    1.85813655    2.06895422    1.99091867    2.01994556    1.73570470    1.92505407    2.28873553    1.79133177    2.19844410    1.95275749    1.85505912    1.84787203    1.78815396    2.05239670    1.90713459    1.83909460    1.99117787    2.05090345    1.63130885    1.71326648    2.06684626    2.38584564    1.95249274    1.83528052    1.77019754    2.53106278    2.58451363    2.46018960    1.90490279    2.06923014    2.16095182    2.09056835    2.08991137    1.88778524    1.69312951    1.90507129    1.71317620    1.86315085    1.86612151    1.79328745    1.77127678    1.86467772    2.05582793    2.07718566    2.11306780    2.33330189    2.45285057    2.05928794    2.45792155    2.24797442    1.90041955    1.85390265    1.92579868    2.08987827    1.88449271    2.03391322    1.99030635    1.60231496    1.78539929    1.81118560    1.94165725    1.79871090    2.22708714    2.29277215    2.41159068    2.46569676    2.32870378    1.96299855    1.96171915    1.79677410    1.83291235    1.81432666    1.88812042    1.76129901    1.93804289    2.30324306    2.32241707    2.30485626    2.31100661    2.17270324    1.89408113    2.67709821    2.33827499    2.45131585    2.32165348    2.07165480    0.85880193    0.59152815    0.55432713    0.58460510    0.71039108    0.63081747    0.58378514    0.62160675    0.79706042    0.81245964    0.77698094    0.71635021    0.75509288    0.78166774    0.71958605    0.68118693    0.65928782
