8
Q9A4J3_CAUVC/56-161     0.00000000    1.18913428    1.16226233    0.99911593    1.17524459    1.25464394    1.49012286    1.18104240
Q9AB13_CAUVC/1-109     1.18913428    0.00000000    0.43496259    1.11134723    1.15480723    1.48936080    1.37342191    0.96521047
Q9A4L6_CAUVC/1-109     1.16226233    0.43496259    0.00000000    1.25118399    1.26992996    1.32836179    1.47066972    1.11360971
YCJD_ECOLI/3-111     0.99911593    1.11134723    1.25118399    0.00000000    0.94796705    1.18435613    1.30816036    0.97568528
Q5FAH0_NEIG1/15-121     1.17524459    1.15480723    1.26992996    0.94796705    0.00000000    1.01499301    1.05523342    0.85555910
Y1162_HAEIN/26-134     1.25464394    1.48936080    1.32836179    1.18435613    1.01499301    0.00000000    1.15158985    1.04882956
Y925_HAEIN/6-116     1.49012286    1.37342191    1.47066972    1.30816036    1.05523342    1.15158985    0.00000000    1.32882766
Q9RXT5_DEIRA/58-167     1.18104240    0.96521047    1.11360971    0.97568528    0.85555910    1.04882956    1.32882766    0.00000000

