10
Q6D140_PECAS/151-236     0.00000000    0.50633156    0.67213002    1.11458009    1.27413442    1.18768579    1.07326208    1.15986250    1.03557070    1.08496265
A0A5P8YBR9_YERPE/161-246     0.50633156    0.00000000    0.56095146    1.06472826    1.05677319    1.13867324    1.09031950    1.09553141    0.95439777    1.04500755
Q8ZK78_SALTY/126-210     0.67213002    0.56095146    0.00000000    1.16325879    1.19630521    1.28544862    1.03543276    1.21256088    1.11037707    1.12875733
Q9CPE6_PASMU/307-388     1.11458009    1.06472826    1.16325879    0.00000000    0.60233472    0.30707863    1.60981822    1.49495836    1.27979868    1.38675467
Q7VNA5_HAEDU/333-409     1.27413442    1.05677319    1.19630521    0.60233472    0.00000000    0.45471348    1.76539971    1.91163581    1.65949419    1.68105189
OAPA_HAEIN/350-431     1.18768579    1.13867324    1.28544862    0.30707863    0.45471348    0.00000000    1.56314065    1.74062168    1.37661154    1.51201524
Q6LM63_PHOPR/156-240     1.07326208    1.09031950    1.03543276    1.60981822    1.76539971    1.56314065    0.00000000    0.78905280    0.72897580    0.80224487
Q5E836_ALIF1/132-216     1.15986250    1.09553141    1.21256088    1.49495836    1.91163581    1.74062168    0.78905280    0.00000000    0.62372311    0.53500516
Q87SY6_VIBPA/115-199     1.03557070    0.95439777    1.11037707    1.27979868    1.65949419    1.37661154    0.72897580    0.62372311    0.00000000    0.32914621
Q9KP12_VIBCH/106-190     1.08496265    1.04500755    1.12875733    1.38675467    1.68105189    1.51201524    0.80224487    0.53500516    0.32914621    0.00000000

