17
Q876A9_SACEX/84-364     0.00000000    0.62733363    0.59730431    0.70129465    0.66985714    0.68596620    0.72018712    0.78528550    1.07420157    1.95663211    1.74803722    1.37311835    0.76412439    0.93556673    0.83133158    0.96446453    0.90631985
Q875T2_NAUCA/649-900     0.62733363    0.00000000    0.25558294    0.62801497    0.66559074    0.67926636    0.68181134    0.75082592    0.84868289    1.82549253    1.82009392    1.18024070    0.85439442    0.90235947    0.76778782    0.96457537    0.89587393
Q875T3_NAUCA/685-968     0.59730431    0.25558294    0.00000000    0.66110487    0.62335486    0.67922813    0.75911104    0.75351434    0.96245708    1.84730005    1.74222552    1.37822632    0.85627938    0.95476049    0.76097170    0.99080513    0.91732518
G0VB73_NAUCC/724-972     0.70129465    0.62801497    0.66110487    0.00000000    0.72901527    0.72838977    0.69287230    0.75884705    0.95470709    1.98412543    1.87852800    1.37249575    0.79941614    0.96723041    0.83448197    0.94404381    0.88802373
Q6FUH4_CANGA/671-930     0.66985714    0.66559074    0.62335486    0.72901527    0.00000000    0.58739414    0.64975101    0.67267313    0.96666850    1.81416424    1.94227837    1.26340000    0.89284452    0.91690232    0.77839668    0.96836864    0.95101968
A7TIV7_VANPO/678-956     0.68596620    0.67926636    0.67922813    0.72838977    0.58739414    0.00000000    0.63135410    0.73277666    1.00509223    1.97840615    1.79112751    1.32341305    0.88027869    1.03572796    0.86358998    0.93758851    0.88088342
BUL1_YEAST/690-974     0.72018712    0.68181134    0.75911104    0.69287230    0.64975101    0.63135410    0.00000000    0.71552441    1.03543239    1.68854822    1.78229372    1.41231549    0.91227325    0.98453463    0.77599865    1.01548285    0.91258748
Q876C9_SACBA/567-838     0.78528550    0.75082592    0.75351434    0.75884705    0.67267313    0.73277666    0.71552441    0.00000000    1.06766762    2.03614239    1.99255241    1.51602703    0.90500941    1.07031999    0.83933881    1.08221627    0.90114350
Q6FP46_CANGA/714-987     1.07420157    0.84868289    0.96245708    0.95470709    0.96666850    1.00509223    1.03543239    1.06766762    0.00000000    2.14826524    2.08091236    1.54584156    1.09924009    1.12871460    1.11532962    1.31861059    1.22585607
A5DN73_PICGU/487-709     1.95663211    1.82549253    1.84730005    1.98412543    1.81416424    1.97840615    1.68854822    2.03614239    2.14826524    0.00000000    1.83765250    2.61826582    1.93976411    2.16885810    1.96627383    2.26969503    2.16193276
A3LRU1_PICST/490-711     1.74803722    1.82009392    1.74222552    1.87852800    1.94227837    1.79112751    1.78229372    1.99255241    2.08091236    1.83765250    0.00000000    2.12477641    2.03155419    2.05212867    1.82251655    1.91498065    1.85139164
YN97_YEAST/5-270     1.37311835    1.18024070    1.37822632    1.37249575    1.26340000    1.32341305    1.41231549    1.51602703    1.54584156    2.61826582    2.12477641    0.00000000    1.38514573    1.49874260    1.40176339    1.63190689    1.39287954
Q876B6_KAZSE/751-983     0.76412439    0.85439442    0.85627938    0.79941614    0.89284452    0.88027869    0.91227325    0.90500941    1.09924009    1.93976411    2.03155419    1.38514573    0.00000000    0.89463763    1.04829434    1.10227427    1.10129574
Q876A8_SACEX/772-1038     0.93556673    0.90235947    0.95476049    0.96723041    0.91690232    1.03572796    0.98453463    1.07031999    1.12871460    2.16885810    2.05212867    1.49874260    0.89463763    0.00000000    1.14623819    1.28133022    1.19991481
Q875N4_LACKL/634-906     0.83133158    0.76778782    0.76097170    0.83448197    0.77839668    0.86358998    0.77599865    0.83933881    1.11532962    1.96627383    1.82251655    1.40176339    1.04829434    1.14623819    0.00000000    0.75653926    0.75925489
Q6CSE2_KLULA/655-926     0.96446453    0.96457537    0.99080513    0.94404381    0.96836864    0.93758851    1.01548285    1.08221627    1.31861059    2.26969503    1.91498065    1.63190689    1.10227427    1.28133022    0.75653926    0.00000000    0.77221569
Q75E04_ASHGO/592-863     0.90631985    0.89587393    0.91732518    0.88802373    0.95101968    0.88088342    0.91258748    0.90114350    1.22585607    2.16193276    1.85139164    1.39287954    1.10129574    1.19991481    0.75925489    0.77221569    0.00000000

