30
Q2GVL9_CHAGB/37-82     0.00000000    0.62385140    1.11995172    0.91795224    0.93735351    1.25093174    1.08049284    1.01590191    1.17740862    1.03666035    1.16108903    0.97224953    1.38680216    1.38061976    1.25581310    1.82413251    1.33043260    1.57739068    1.33775598    1.21369480    1.33368096    1.47297825    0.99465980    1.01740088    1.07423673    0.90323404    1.01964073    0.95709206    0.83799558    1.37928482
Q7RY61_NEUCR/56-101     0.62385140    0.00000000    0.70348610    0.96522433    0.92503734    1.05580134    1.17611353    1.20800232    1.22396535    1.04634324    1.37606318    1.52983047    1.47981738    1.61177498    1.79303744    2.15623268    1.44683775    1.58726814    1.73711971    1.51047381    1.53973987    1.61144429    1.29000739    1.24856664    1.33523159    0.93808463    0.89187931    0.81791429    0.99373367    1.17120542
F0X6I9_GROCL/51-96     1.11995172    0.70348610    0.00000000    1.13476160    1.32715666    1.23724490    1.43018299    1.16323955    1.22034558    1.12375019    2.17182888    1.57604188    1.59930768    1.77243176    1.80085930    2.15758135    1.26457967    1.48421513    1.25836675    1.64187667    1.73264651    1.95191678    1.13844796    1.29047711    1.38929107    0.99423018    1.12089167    0.93942074    1.15129102    1.38085508
S8AQ12_DACHA/46-91     0.91795224    0.96522433    1.13476160    0.00000000    1.36948763    0.96617098    1.05632440    0.77588871    0.81556022    1.07228436    1.50279681    1.42053081    1.18691504    1.22813706    1.34751612    1.44477922    1.12211018    1.10979640    1.23328570    0.98786376    1.56870499    1.77538842    1.62652685    1.33651087    1.40249893    1.28241938    1.40099750    1.21536383    0.94911006    1.15538185
R1G127_BOTPV/67-112     0.93735351    0.92503734    1.32715666    1.36948763    0.00000000    0.84568225    0.64647102    0.87326650    1.20106417    0.81714070    1.11951772    0.92863164    2.04044814    1.56346819    1.55451944    2.19781042    2.00541928    2.13369906    1.81836788    1.64575206    1.71431808    1.03999625    0.98519141    0.91204059    1.03203234    1.13398515    1.35828060    0.91527941    1.22313641    1.44745204
M2TJ67_COCSN/73-118     1.25093174    1.05580134    1.23724490    0.96617098    0.84568225    0.00000000    0.64007101    0.66308395    0.82331245    0.73859333    1.16802290    1.02015307    1.45454612    1.22513914    1.38540820    1.87161828    1.18937448    1.34503138    1.40745652    1.35193027    1.45152127    1.41688675    0.81901710    0.85132102    0.88627786    0.91436737    0.95513137    0.80462377    1.14375085    1.05029149
C4JV48_UNCRE/38-82     1.08049284    1.17611353    1.43018299    1.05632440    0.64647102    0.64007101    0.00000000    0.53761834    0.73961607    0.55111173    1.26011630    0.85279236    1.18970833    1.12534575    1.38129745    1.95145004    1.34639183    1.52496740    1.18545597    1.36216585    1.59547977    1.33520174    0.78288405    0.99019345    0.90525527    0.88425069    1.45093019    0.92255903    1.06448149    1.04859896
S7ZY67_PENO1/44-89     1.01590191    1.20800232    1.16323955    0.77588871    0.87326650    0.66308395    0.53761834    0.00000000    0.57519535    0.59384994    1.43306733    0.81562389    1.09690083    0.99743505    1.04660833    1.55471699    0.91140036    1.13121622    1.08770088    1.38594342    1.31315182    1.75349298    1.09917144    1.02661682    0.80667556    0.81442379    1.35146206    1.02621771    1.25910072    1.11370139
L8G2X1_PSED2/36-81     1.17740862    1.22396535    1.22034558    0.81556022    1.20106417    0.82331245    0.73961607    0.57519535    0.00000000    0.55639658    1.46755581    1.21997254    1.73749240    1.26930466    1.14102674    1.72412048    1.17925096    1.33870068    1.26345493    1.41183372    1.52852508    1.64927717    1.19691162    1.07895462    0.99440101    0.93560598    1.19273267    1.07374173    1.21463491    0.88796721
S3DET5_GLAL2/81-126     1.03666035    1.04634324    1.12375019    1.07228436    0.81714070    0.73859333    0.55111173    0.59384994    0.55639658    0.00000000    1.63055109    1.21837739    1.52585208    1.42025040    1.37631857    1.94519194    1.39114465    1.57158187    1.34259097    1.77542911    1.58258213    1.60121334    0.80014663    0.81814452    0.94486020    0.84594868    1.35233735    0.84398204    1.09752504    1.08339758
I2FWF7_USTH4/31-77     1.16108903    1.37606318    2.17182888    1.50279681    1.11951772    1.16802290    1.26011630    1.43306733    1.46755581    1.63055109    0.00000000    1.14772685    1.69491518    1.69173448    1.36382212    1.70473086    1.59035642    1.32655671    1.85514709    1.31083330    1.32224919    1.78023608    1.69514349    1.75671625    1.49595707    1.93256612    1.54294848    1.76696925    1.49410626    1.81395253
Q6FV35_CANGA/6-51     0.97224953    1.52983047    1.57604188    1.42053081    0.92863164    1.02015307    0.85279236    0.81562389    1.21997254    1.21837739    1.14772685    0.00000000    0.86219539    0.84564359    1.07240765    1.71689927    1.22185948    1.31276206    1.20341087    1.03105321    1.05131645    1.19307914    1.31486779    0.95711737    1.01873362    1.25291274    1.40675492    1.28235473    1.15168760    1.52520745
A5E0V7_LODEL/1-46     1.38680216    1.47981738    1.59930768    1.18691504    2.04044814    1.45454612    1.18970833    1.09690083    1.73749240    1.52585208    1.69491518    0.86219539    0.00000000    0.66853823    1.01856977    1.08941043    0.85749945    0.73289192    0.89199908    0.95684238    1.14177553    1.32708312    1.73735528    1.68344689    1.37246549    1.60368154    1.91805183    1.52982851    1.13094992    1.28607384
E4ZHY9_LEPMJ/2-47     1.38061976    1.61177498    1.77243176    1.22813706    1.56346819    1.22513914    1.12534575    0.99743505    1.26930466    1.42025040    1.69173448    0.84564359    0.66853823    0.00000000    0.50563331    1.01888968    0.84365120    0.59508638    0.78609431    1.19060998    1.17303439    1.18599083    1.44658031    1.35142924    1.54640115    1.36252382    1.77280963    1.44664490    1.50430966    1.39222095
S3BV60_OPHP1/3-48     1.25581310    1.79303744    1.80085930    1.34751612    1.55451944    1.38540820    1.38129745    1.04660833    1.14102674    1.37631857    1.36382212    1.07240765    1.01856977    0.50563331    0.00000000    1.09606091    0.89870530    0.94709661    0.93339571    1.19309494    0.98400228    1.17405701    1.62510601    1.57706422    1.74687759    1.39313915    1.66276894    1.82394932    1.49946763    1.26865633
M0SK42_MUSAM/43-88     1.82413251    2.15623268    2.15758135    1.44477922    2.19781042    1.87161828    1.95145004    1.55471699    1.72412048    1.94519194    1.70473086    1.71689927    1.08941043    1.01888968    1.09606091    0.00000000    0.79149647    0.86982622    0.88229118    1.01651198    1.01953837    1.43616916    2.19740576    2.29446149    2.36920016    1.72643628    2.66234405    2.71559672    1.92542198    1.56773770
A0A0D2WI56_CAPO3/53-98     1.33043260    1.44683775    1.26457967    1.12211018    2.00541928    1.18937448    1.34639183    0.91140036    1.17925096    1.39114465    1.59035642    1.22185948    0.85749945    0.84365120    0.89870530    0.79149647    0.00000000    0.69424097    0.76525161    1.03260778    1.06857702    1.79354381    1.49821335    1.77151403    1.52242595    1.23030435    1.52637301    1.43730271    1.43407823    1.43348245
S2K5E6_MUCC1/64-109     1.57739068    1.58726814    1.48421513    1.10979640    2.13369906    1.34503138    1.52496740    1.13121622    1.33870068    1.57158187    1.32655671    1.31276206    0.73289192    0.59508638    0.94709661    0.86982622    0.69424097    0.00000000    0.53182079    1.31593792    1.21974482    1.69610724    1.58127535    1.65775815    1.44141616    1.32817370    1.52949456    1.55466412    1.33070247    1.38161398
F0ZT84_DICPU/136-181     1.33775598    1.73711971    1.25836675    1.23328570    1.81836788    1.40745652    1.18545597    1.08770088    1.26345493    1.34259097    1.85514709    1.20341087    0.89199908    0.78609431    0.93339571    0.88229118    0.76525161    0.53182079    0.00000000    1.16591265    1.15454266    1.60351631    1.39419947    1.76113130    1.78578581    1.29394447    2.07149621    2.15417123    1.53787499    1.22309221
Q5K827_CRYNJ/8-53     1.21369480    1.51047381    1.64187667    0.98786376    1.64575206    1.35193027    1.36216585    1.38594342    1.41183372    1.77542911    1.31083330    1.03105321    0.95684238    1.19060998    1.19309494    1.01651198    1.03260778    1.31593792    1.16591265    0.00000000    1.06389821    1.24008589    1.79393398    1.90412268    1.77726613    1.77289171    1.88624256    1.56807520    1.37532973    1.47755472
Q38CL4_TRYB2/24-69     1.33368096    1.53973987    1.73264651    1.56870499    1.71431808    1.45152127    1.59547977    1.31315182    1.52852508    1.58258213    1.32224919    1.05131645    1.14177553    1.17303439    0.98400228    1.01953837    1.06857702    1.21974482    1.15454266    1.06389821    0.00000000    0.88391440    1.71494237    1.70527990    1.75990363    1.50195961    1.57519774    1.80041613    1.79904504    1.20235039
A4HZJ0_LEIIN/29-74     1.47297825    1.61144429    1.95191678    1.77538842    1.03999625    1.41688675    1.33520174    1.75349298    1.64927717    1.60121334    1.78023608    1.19307914    1.32708312    1.18599083    1.17405701    1.43616916    1.79354381    1.69610724    1.60351631    1.24008589    0.88391440    0.00000000    1.36517616    1.22958799    1.44265238    1.61514409    1.33359489    1.30745539    1.52869584    1.34225424
J5JLF8_BEAB2/42-87     0.99465980    1.29000739    1.13844796    1.62652685    0.98519141    0.81901710    0.78288405    1.09917144    1.19691162    0.80014663    1.69514349    1.31486779    1.73735528    1.44658031    1.62510601    2.19740576    1.49821335    1.58127535    1.39419947    1.79393398    1.71494237    1.36517616    0.00000000    0.65189222    0.82121860    0.87380571    1.07161877    1.03395097    0.96502242    1.09562288
G9NU33_HYPAI/40-85     1.01740088    1.24856664    1.29047711    1.33651087    0.91204059    0.85132102    0.99019345    1.02661682    1.07895462    0.81814452    1.75671625    0.95711737    1.68344689    1.35142924    1.57706422    2.29446149    1.77151403    1.65775815    1.76113130    1.90412268    1.70527990    1.22958799    0.65189222    0.00000000    0.60766582    0.74497883    0.88704622    0.80337723    0.80546841    1.23002269
I1RKC9_GIBZE/65-110     1.07423673    1.33523159    1.38929107    1.40249893    1.03203234    0.88627786    0.90525527    0.80667556    0.99440101    0.94486020    1.49595707    1.01873362    1.37246549    1.54640115    1.74687759    2.36920016    1.52242595    1.44141616    1.78578581    1.77726613    1.75990363    1.44265238    0.82121860    0.60766582    0.00000000    0.91908471    0.70999272    0.89585038    1.03576379    1.22468461
E3QPZ6_COLGM/43-88     0.90323404    0.93808463    0.99423018    1.28241938    1.13398515    0.91436737    0.88425069    0.81442379    0.93560598    0.84594868    1.93256612    1.25291274    1.60368154    1.36252382    1.39313915    1.72643628    1.23030435    1.32817370    1.29394447    1.77289171    1.50195961    1.61514409    0.87380571    0.74497883    0.91908471    0.00000000    0.79886786    0.88179224    0.96830265    0.94564407
J3NSU6_GAET3/29-74     1.01964073    0.89187931    1.12089167    1.40099750    1.35828060    0.95513137    1.45093019    1.35146206    1.19273267    1.35233735    1.54294848    1.40675492    1.91805183    1.77280963    1.66276894    2.66234405    1.52637301    1.52949456    2.07149621    1.88624256    1.57519774    1.33359489    1.07161877    0.88704622    0.70999272    0.79886786    0.00000000    0.71314827    0.86762778    1.47232514
G4NCH6_MAGO7/21-66     0.95709206    0.81791429    0.93942074    1.21536383    0.91527941    0.80462377    0.92255903    1.02621771    1.07374173    0.84398204    1.76696925    1.28235473    1.52982851    1.44664490    1.82394932    2.71559672    1.43730271    1.55466412    2.15417123    1.56807520    1.80041613    1.30745539    1.03395097    0.80337723    0.89585038    0.88179224    0.71314827    0.00000000    0.93813273    1.32873162
M1W269_CLAP2/21-66     0.83799558    0.99373367    1.15129102    0.94911006    1.22313641    1.14375085    1.06448149    1.25910072    1.21463491    1.09752504    1.49410626    1.15168760    1.13094992    1.50430966    1.49946763    1.92542198    1.43407823    1.33070247    1.53787499    1.37532973    1.79904504    1.52869584    0.96502242    0.80546841    1.03576379    0.96830265    0.86762778    0.93813273    0.00000000    1.13223513
N1JAK2_BLUG1/38-83     1.37928482    1.17120542    1.38085508    1.15538185    1.44745204    1.05029149    1.04859896    1.11370139    0.88796721    1.08339758    1.81395253    1.52520745    1.28607384    1.39222095    1.26865633    1.56773770    1.43348245    1.38161398    1.22309221    1.47755472    1.20235039    1.34225424    1.09562288    1.23002269    1.22468461    0.94564407    1.47232514    1.32873162    1.13223513    0.00000000

