75
Q7LX84_SACS2/2-267     0.00000000    1.90672177    1.74312919    3.30406380    4.31673114    4.06478275    4.15837119    2.50722679    3.21272286    3.40451960    5.10444343    4.23642105    3.16972272    4.14637007    4.16625633    3.96378192    4.20864123    3.83246143    3.54651300    4.22993166    4.56548496    4.48303449    3.63992999    3.89834576    4.95393582    3.54668318    3.99969383    4.02910255    4.00874499    3.89345860    4.21557655    4.57897373    4.21499478    5.90866918    4.78568095    4.97368080    3.14866963    4.18093012    4.37679175    3.26240559    3.32828119    3.43050862    3.49825549    3.58215899    3.39267581    3.95307483    3.68442359    3.76276972    3.85415003    3.65436624    3.75949801    4.61645532    3.86721802    3.78260234    3.43910809    3.38732246    4.18871980    3.44254751    4.03804930    4.11173265    5.05332287    3.63984386    4.75033568    4.70416175    4.71277401    4.04515487    4.51454266    4.48717414    3.96570857    4.87496069    3.80010355    3.82438272    3.47758216    3.05054822    3.00711742
Q89D91_BRADU/15-294     1.90672177    0.00000000    1.00914766    2.60790384    4.67567690    4.20423120    3.97854001    2.62432252    3.19729946    3.56548560    3.91740058    3.10359551    3.66080825    3.84172114    3.98204826    3.99555307    4.02844617    3.88663789    3.80368277    3.96264025    4.74347794    3.69463979    3.79117881    3.95882936    4.01631976    3.12789854    4.14183958    3.53006415    4.18215261    3.84173635    4.34909713    5.25401696    4.39725917    5.71067741    3.94280316    4.45387648    3.94940076    5.98830784    3.93863073    3.38174173    3.07059203    3.36112524    3.68387989    4.13639879    3.64339002    4.13458633    3.49853535    3.54338557    3.54838819    4.22990844    3.74150332    4.19722079    3.64857587    3.62252328    3.98960883    3.40167117    3.72257283    3.90951752    3.76309504    3.85640148    4.03536214    4.18832816    4.52596100    4.59796797    3.55135434    4.67961632    3.92553739    3.48043195    3.52304613    4.79798090    3.33638755    3.22439020    2.91590174    2.75392928    3.10205256
Q8NTL9_CORGL/20-297     1.74312919    1.00914766    0.00000000    2.05375061    3.96574748    3.73697739    3.35753173    2.54147479    2.85615736    3.00737776    4.09760309    2.98768150    2.98855150    3.20309848    3.76807600    3.23613525    3.24875772    3.39480588    3.35047817    3.45330949    3.85283024    3.03317397    2.59808391    3.54537274    4.04266955    3.31585203    3.75547188    3.16940199    4.11467424    3.62037792    3.82406652    3.87396309    3.68413954    4.59318549    3.92804673    4.07430236    3.50508419    5.55466747    3.80301685    3.40917179    3.15141890    3.42490097    3.79143179    3.82103128    3.62349964    4.06381042    3.34196971    3.60038476    3.49960827    4.04095776    3.51866314    4.96603637    3.93773884    3.40707622    3.94193969    3.31640927    4.02260847    3.22398664    3.76467803    4.68985040    4.22880631    4.26137432    4.04219878    3.65902645    4.45768115    4.22409924    4.42757231    3.86340235    3.26759052    4.48501433    3.36061340    3.14366468    2.83460136    2.64976008    3.06966474
Q50662_MYCTU/11-305     3.30406380    2.60790384    2.05375061    0.00000000    3.91803963    3.70519345    3.29116009    3.29145760    2.59021723    3.49662698    4.08080864    3.18284824    4.09642626    3.35962847    4.25280518    4.00134252    4.39589524    3.93668888    4.11358175    4.34682364    4.19536991    4.07652158    3.60937678    3.82743789    4.62421771    3.74255840    3.86020597    3.76674434    5.07915214    5.19797948    4.64163208    4.43384727    5.21466039    4.43734080    5.17632337    5.64463961    5.04929593    4.41904990    5.27964766    4.11064214    5.07946355    4.84067566    4.59081574    4.23498061    3.94841783    5.07162789    4.85814272    5.10692623    4.33927346    5.71288606    4.04238308    5.38038797    5.19842581    5.41595103    4.63249101    4.56038915    4.43428478    5.14826702    4.63162363    6.20981952    6.47930251    6.21444110    6.95085830    5.76610212    4.87229472    4.80001345    5.71195693    5.19382375    4.47479524    5.46106491    3.54678787    3.88666062    3.73009809    3.29339339    5.18512962
Q9KZC8_STRCO/108-374     4.31673114    4.67567690    3.96574748    3.91803963    0.00000000    3.08037530    3.02596923    5.82220347    5.29893750    4.06818403    5.59930253    5.32552916    4.67547422    4.68362223    5.18183608    5.26841497    4.78412641    4.92341515    5.22098516    5.51407632    5.89602928    7.35042760    7.61539347    5.10461610    5.97380993    4.73890137    5.59054274    6.26068115    6.62038559    5.71687870    5.58401767    6.36363553    6.88588620    5.12420501    6.58444459    8.56203636    4.41184742    7.22775385    7.66702697    5.60713373    5.19310805    6.03230432    5.46101988    6.15309020    4.95754134    5.53310683    5.37146819    5.31991835    4.62082693    4.78220410    5.06062103    8.06009295    5.70418109    4.66424753    6.46159432    7.36571209    7.14486901    6.08514216    6.61250143    8.07556229   10.78505801    6.77286442    9.15893824    5.01318971    7.04830887    5.18852869    6.02113076    5.57036583    5.44333363    9.37202036    5.37948717    6.13050181    5.07419998    5.87619939    5.66578145
Q976N6_SULTO/49-353     4.06478275    4.20423120    3.73697739    3.70519345    3.08037530    0.00000000    0.50003305    4.55580451    4.85000830    3.96173567    5.62713583    3.94532726    4.27100635    4.23576799    4.78334550    5.40244352    5.26644870    5.23741730    5.72850682    5.05104369    5.14258742    5.13410204    6.39261801    5.87274159    4.85776815    6.08710555    5.84081676    5.26480783    4.52692446    4.73127275    4.53120270    5.16029104    5.57333413    5.42753928    6.07615997    5.87725989    4.86536582    6.27766134    5.43745651    4.79126741    5.10792907    5.99637186    5.89963220    5.09668843    4.96332713    6.48086489    6.14449512    6.19590527    4.78409248    6.13246264    5.55961847    6.18096251    4.78668726    4.98816219    4.33037039    5.95451984    5.85061081    5.88483576    5.19584519    7.19239199    5.86031270    5.75726455    7.35037660    5.48011307    6.67676472    5.16344565    7.14855844    6.74383039    6.62015066    6.92113334    4.52737775    4.45566078    4.68166603    4.65600049    4.59289020
Q97VR0_SACS2/49-338     4.15837119    3.97854001    3.35753173    3.29116009    3.02596923    0.50003305    0.00000000    4.00268110    4.23409315    3.68238901    5.10750378    3.68869566    3.50593403    3.98964852    5.18107261    5.35109480    5.38669632    5.33780082    5.67574529    5.86852191    4.86526281    4.93155695    5.74147417    5.14395947    4.80336696    5.18001564    6.06221359    5.72817471    4.16182541    4.20054693    4.92150175    4.49445083    5.07094240    4.85325446    5.57706081    5.75981770    4.65134891    5.74335858    4.46066977    4.39060028    4.80654204    6.21842615    5.88636603    4.31453225    4.97383559    5.68892412    5.69502076    5.75822369    4.92511361    5.56253455    5.69017720    6.08354262    5.19823311    4.97436494    4.46059281    5.50998792    5.25319638    5.13677510    5.06278345    6.81156111    5.60616877    4.81380045    5.97908872    5.22165056    6.03449033    5.02566284    6.30999143    5.92912884    6.12656449    6.91423645    4.57396720    4.28549303    4.71106382    4.08490187    4.33707464
Q7VS36_BORPE/4-278     2.50722679    2.62432252    2.54147479    3.29145760    5.82220347    4.55580451    4.00268110    0.00000000    2.43433190    3.33266728    4.23760126    4.35110162    3.59734630    3.61077129    4.37738268    4.49669622    4.26158208    4.08820035    4.61362313    4.95093872    4.24541880    4.35938561    5.49005500    4.27345474    5.29885652    3.69799306    4.11720361    4.26971158    4.21364490    3.66660229    4.27031535    4.51289976    4.31360722    5.26694959    4.32313041    4.62302049    3.84175471    4.60234736    4.55013773    3.44828317    4.23293501    4.01469668    4.73410688    3.92491519    3.61797643    3.34972286    3.41258026    3.27619442    3.65172650    3.92723528    4.12564673    4.22539931    3.68684467    4.37646941    3.99103583    4.11282802    3.88713019    4.03678887    3.59264287    4.63687801    4.90456291    4.37049035    5.21811891    5.10428669    4.03961107    5.73000138    4.38571349    4.31611241    4.29765321    5.13360633    4.50379851    3.90641766    4.21841595    4.12107120    4.33188299
Q7VVK7_BORPE/3-283     3.21272286    3.19729946    2.85615736    2.59021723    5.29893750    4.85000830    4.23409315    2.43433190    0.00000000    4.27036245    4.26305016    3.68633230    4.16623527    3.92830062    4.62369480    4.45147655    5.20319977    4.25638628    4.10967066    3.64340061    4.11694362    3.97622906    3.93016858    3.74055008    3.85491841    3.92338495    3.81370766    4.02624417    4.30957585    3.98814819    4.13953170    4.10801563    3.97212049    5.26576400    4.53950398    4.78624467    4.51306413    4.68075755    5.60391640    4.71904843    4.29811299    4.76751838    4.59722804    4.52996950    4.43472970    4.97790013    4.29387407    4.27148898    3.80423092    4.24747056    3.95437874    4.84723884    4.64854366    4.09269208    4.32576504    3.66679711    3.83723689    3.86846459    3.71612142    3.74209889    4.81803631    4.75268654    5.12619225    4.21626998    4.38523611    4.57878415    4.12106821    4.43729125    4.69549070    5.15562789    4.19275191    4.11482533    3.97565468    3.50179102    4.11580951
Q9A3M4_CAUVC/41-342     3.40451960    3.56548560    3.00737776    3.49662698    4.06818403    3.96173567    3.68238901    3.33266728    4.27036245    0.00000000    5.35794585    3.72575398    3.51626471    3.41520551    4.51610325    4.24668706    4.78625129    4.84058588    5.38434966    4.94352476    3.76077070    4.44311010    3.63880069    4.72587299    4.52487843    4.24772257    3.66563582    4.41325265    3.71623534    3.71988492    4.25998784    4.55058024    4.22311045    4.80675210    5.62569934    5.91323412    6.03286967    4.35377408    5.36086332    3.89446690    3.90621049    5.30285308    5.10349661    5.40066129    4.32620947    5.42306371    4.51187034    4.25525457    5.33183925    4.54628395    3.80066565    5.62866517    5.37301434    5.57635176    4.46864101    4.26452812    3.71013378    3.79043128    4.22167532    5.38533832    4.78040727    3.70484642    5.67663157    4.76938949    4.59997664    4.90910760    4.56972787    4.60337226    4.54742138    5.72048319    4.83359685    4.77415772    4.83380485    4.79057633    4.89774004
Q7UIC1_RHOBA/190-512     5.10444343    3.91740058    4.09760309    4.08080864    5.59930253    5.62713583    5.10750378    4.23760126    4.26305016    5.35794585    0.00000000    1.28008275    3.39401766    3.26284699    4.03078118    4.19234484    4.15526027    4.36179463    4.85816450    5.06974932    4.08231249    4.83277214    4.86812721    3.91173137    4.47586939    4.54234976    3.87194918    4.26655516    5.52583748    5.84404260    4.87790563    5.29661031    5.89022745    4.68932171    4.89465653    4.98257927    5.36654655    5.38958991    5.71500970    5.24068977    4.86098098    6.07888157    5.49827736    3.77641618    3.57200025    3.73624435    3.94697032    3.61207940    4.41062212    4.31680191    4.07139875    4.76809467    3.95258831    3.87235933    4.35979851    4.47238924    4.81118600    4.66594532    4.99073670    4.88425536    5.33875505    4.49898890    5.40696668    5.08399909    4.70208242    5.08511730    5.38586528    5.17380066    5.39340317    5.38770187    4.74026610    4.54347215    4.30411602    4.13035762    4.12505549
Q7UWE3_RHOBA/320-631     4.23642105    3.10359551    2.98768150    3.18284824    5.32552916    3.94532726    3.68869566    4.35110162    3.68633230    3.72575398    1.28008275    0.00000000    3.08870223    3.01354837    4.03210560    4.05180460    4.21665307    4.45601474    4.87162579    4.29691966    4.07123090    3.61343156    4.33198338    3.21620504    4.13034861    4.66686932    3.98686192    3.75194416    4.50519041    5.09231011    4.46561048    5.06033874    5.35141040    5.17148242    4.97397525    5.07185085    6.35138098    5.50473993    4.88765385    5.09584585    4.92745032    6.23823545    6.26608030    4.28376076    4.26448899    4.20814481    4.18619226    4.07928488    4.53636987    4.85653320    4.18203346    5.17946186    4.25790051    3.94512986    4.62363371    3.82341307    3.63275001    4.76013545    4.73926148    5.35728098    4.07006821    4.06281832    4.27308377    4.47264898    3.97976241    3.41344044    4.50230557    4.15483439    4.57448737    5.01922966    3.62270373    3.88678634    3.73454936    3.45200326    4.05739089
Q8F2P5_LEPIN/53-317     3.16972272    3.66080825    2.98855150    4.09642626    4.67547422    4.27100635    3.50593403    3.59734630    4.16623527    3.51626471    3.39401766    3.08870223    0.00000000    2.21778318    4.06236979    3.89740683    4.14173954    4.02426723    3.67191403    3.91787997    3.90418273    3.07008148    3.28667076    3.70704794    3.31576482    3.70791273    3.37372805    3.43775435    3.60111577    3.75711755    4.35698011    3.93390002    3.80703495    5.70481039    4.79641251    4.26467692    3.92727781    4.38524695    3.38724865    3.86857166    3.38807635    4.13156092    4.38619409    4.30610665    3.85692659    3.38889920    3.53870311    3.28921070    4.07980812    4.10890427    3.35552008    4.66075303    3.46859142    3.86510821    4.84801358    3.17842509    3.73118126    4.03132223    3.82888416    4.47869449    4.25291035    3.96672020    4.32156111    4.89565307    4.11451905    4.27358915    3.87802465    3.84718295    3.76671016    4.04282322    3.96786033    3.72258034    3.47601291    3.77280424    4.02590143
Q9ADP0_STRCO/22-293     4.14637007    3.84172114    3.20309848    3.35962847    4.68362223    4.23576799    3.98964852    3.61077129    3.92830062    3.41520551    3.26284699    3.01354837    2.21778318    0.00000000    5.25558069    5.39405349    4.38784294    4.98182809    4.99072464    4.63246901    3.92747739    3.82478710    4.04201820    4.62843193    4.20900653    4.47541374    4.50342771    4.55622843    4.85157010    4.28423761    3.95530868    4.45268123    4.00777999    4.39781302    5.22774783    5.30998853    3.76579659    4.72612591    3.74364163    4.18278616    4.00309754    4.78951761    4.15741665    3.89452928    3.91213441    3.45652346    3.97828693    3.83231742    3.59536933    4.80969232    3.36003782    4.87723800    3.92206674    3.62107458    5.86127033    4.37972801    3.66809381    4.72489257    4.48323898    5.55898618    4.97034464    4.59551501    5.77640611    5.21465177    5.79851120    5.67558212    5.85023667    4.64327527    4.66565375    4.40096633    4.91724265    5.21590883    5.42022400    3.68797058    4.35761897
Q8P3N7_XANCP/3-330     4.16625633    3.98204826    3.76807600    4.25280518    5.18183608    4.78334550    5.18107261    4.37738268    4.62369480    4.51610325    4.03078118    4.03210560    4.06236979    5.25558069    0.00000000    0.35250487    0.56421505    0.51670490    1.70962222    1.59909493    2.94411318    3.28971131    4.12607415    3.68585024    3.81458929    3.32397411    2.73156418    3.14660138    3.76626627    4.02952296    3.76034030    4.51756247    4.25053361    4.08006126    4.23869938    4.21631290    3.56899932    4.65679768    4.29109371    4.57421166    4.90264725    5.75328389    5.72557843    5.08911966    4.30567601    6.52135201    5.09348005    4.58692598    4.87911072    5.74344343    4.40414251    4.87359030    4.05923567    4.40966458    4.81678009    3.87799899    4.46368280    4.11506765    4.26828245    4.36766918    4.33706958    3.77822963    5.37779686    4.63810536    4.04709840    4.89355273    4.50527607    4.61939897    4.40009374    5.03192954    4.61969466    4.15976220    3.97486698    4.80777776    5.01712658
LIGJ_SPHSK/5-331     3.96378192    3.99555307    3.23613525    4.00134252    5.26841497    5.40244352    5.35109480    4.49669622    4.45147655    4.24668706    4.19234484    4.05180460    3.89740683    5.39405349    0.35250487    0.00000000    0.60005318    0.54063917    1.73791023    1.65770642    2.94295811    3.28964729    4.12271968    3.30108228    3.68113041    3.42394802    2.62493158    3.02103766    4.14077117    4.27780017    3.69191909    4.50580089    4.34930126    4.00489771    4.39432732    4.36140340    3.68048150    4.95815647    4.35934133    4.59280952    4.43998206    5.95187463    5.64039570    5.48680559    4.52074165    6.83017639    5.23062054    4.54467878    5.10068205    5.51051213    4.69204629    4.98936449    4.43757213    4.76293753    4.41527221    3.93275397    4.58559288    4.24802901    4.02239766    4.60772817    4.33154166    3.92055768    4.96569515    4.79086993    4.48636316    4.79401209    4.59187260    4.57502119    4.33520850    5.73214923    5.14381552    4.42956682    4.00208861    4.47123738    4.71098761
A0AWP3_ARTS2/3-332     4.20864123    4.02844617    3.24875772    4.39589524    4.78412641    5.26644870    5.38669632    4.26158208    5.20319977    4.78625129    4.15526027    4.21665307    4.14173954    4.38784294    0.56421505    0.60005318    0.00000000    0.39876696    1.76687547    1.72086289    2.94851033    3.47775315    4.13622351    3.21820142    3.15956366    3.39309234    3.19721820    3.37344463    4.42843917    4.28948408    3.65060881    3.64377913    4.07250487    4.47896140    4.66479282    4.60007553    3.74975166    4.66666726    4.25486537    5.93565978    5.21643102    6.53184725    6.17570604    5.56128517    5.45231635    6.86103963    5.42057885    4.67579052    5.48689700    7.07163184    5.41711943    5.50119293    4.59580879    4.68848999    5.43042361    4.67304773    5.01431294    4.76124189    4.88635818    6.20291773    5.96235170    4.35732864    6.13356955    5.25302395    4.88987227    6.43755776    5.82995746    5.70421565    5.25852830    6.07728990    5.53583135    4.92920841    5.08358535    4.95444000    5.10157215
A0A454XWQ6_COMT2/3-330     3.83246143    3.88663789    3.39480588    3.93668888    4.92341515    5.23741730    5.33780082    4.08820035    4.25638628    4.84058588    4.36179463    4.45601474    4.02426723    4.98182809    0.51670490    0.54063917    0.39876696    0.00000000    1.87297705    1.72810162    2.96662500    3.43727666    4.24980741    3.42529022    3.43281503    3.45733072    3.01304424    3.26718674    4.47996951    4.36963904    3.85545005    4.65395927    4.87174418    4.27302764    4.40858577    4.64857488    3.60866463    4.23901902    4.36466477    5.47528367    4.84458819    6.19403668    5.43969613    5.34607124    4.91018756    6.62560515    5.14260243    4.63946582    5.09514262    6.00900086    4.85894595    4.94476910    4.64730033    4.72444164    5.02200790    4.08606570    4.67500547    4.30815604    4.24631235    5.29333240    4.78172680    3.73190305    5.09680788    5.20234123    4.76572119    5.20019871    4.31522193    4.96852173    4.67187476    5.62282768    5.41175987    4.53632595    4.46545632    4.38443507    5.23660746
A4XDR8_NOVAD/3-331     3.54651300    3.80368277    3.35047817    4.11358175    5.22098516    5.72850682    5.67574529    4.61362313    4.10967066    5.38434966    4.85816450    4.87162579    3.67191403    4.99072464    1.70962222    1.73791023    1.76687547    1.87297705    0.00000000    1.27679098    2.96151091    2.99659594    3.24160788    3.54791792    3.98115461    3.45154141    3.20982878    3.22325341    3.88360678    3.62764910    4.51001131    4.38078486    4.37198284    4.12214422    4.80010794    5.18191804    3.36510774    4.80537987    4.30235173    4.52500185    4.15850710    4.19682821    5.00676239    4.37697466    4.13852144    4.94255588    4.59757686    4.60115007    4.61621868    4.65031231    4.12715166    4.79294456    4.28274946    4.25541202    4.77606652    3.71665248    4.33221159    4.07844184    4.24423119    4.43713206    4.92342435    4.18730595    4.22445820    3.98439596    4.50360236    4.32981887    4.94717762    4.38252679    3.69880132    4.49756758    5.64495289    5.11912338    4.35890041    3.93006544    4.74224524
G2IN02_SPHSK/3-330     4.22993166    3.96264025    3.45330949    4.34682364    5.51407632    5.05104369    5.86852191    4.95093872    3.64340061    4.94352476    5.06974932    4.29691966    3.91787997    4.63246901    1.59909493    1.65770642    1.72086289    1.72810162    1.27679098    0.00000000    2.84785846    2.77109573    3.32363969    3.62696939    3.79016351    3.23412974    3.13966881    2.88013182    3.17351052    3.49646597    4.12086785    3.91312183    3.66498480    4.07220137    4.39562633    4.43626438    3.64011382    5.11855907    4.16115561    4.50671114    3.73245857    4.52450903    4.69182095    4.87164214    4.26867673    5.91225804    4.82333438    4.56732091    3.95223702    5.01111040    4.24540256    4.66906728    3.51265983    3.87947241    4.39206359    3.03015213    4.57534005    3.53525925    3.95209887    4.47083524    3.96693485    4.01622296    3.92641576    3.72158291    4.60515771    3.96854926    4.66360461    4.56561865    4.08296620    4.16958959    4.78072277    4.81922723    5.05732352    4.13662510    4.31095708
Q93RT6_STRCO/21-346     4.56548496    4.74347794    3.85283024    4.19536991    5.89602928    5.14258742    4.86526281    4.24541880    4.11694362    3.76077070    4.08231249    4.07123090    3.90418273    3.92747739    2.94411318    2.94295811    2.94851033    2.96662500    2.96151091    2.84785846    0.00000000    1.87411873    1.93422608    2.73990515    3.15938092    2.65392992    2.59247670    2.69187618    3.68327946    3.56549500    3.87689728    4.34422724    3.86773296    4.35672720    3.77523325    4.26301341    5.70667789    5.63884100    4.21569515    4.59131262    4.44847469    6.74240691    6.20287561    4.78729453    4.77133883    6.29095052    5.81481880    5.00354823    5.64789174    4.98420949    4.29382029    4.26050728    4.50405924    4.71865493    5.35184070    4.77046422    3.74412809    4.33083152    4.43808245    5.60285082    5.87253347    4.15349497    5.61096887    4.98059177    4.52206388    4.81514866    5.12544726    4.87433981    4.45047456    6.16331832    5.15060038    4.43294404    4.96648513    3.94473642    5.03583821
ACMSD_HUMAN/3-330     4.48303449    3.69463979    3.03317397    4.07652158    7.35042760    5.13410204    4.93155695    4.35938561    3.97622906    4.44311010    4.83277214    3.61343156    3.07008148    3.82478710    3.28971131    3.28964729    3.47775315    3.43727666    2.99659594    2.77109573    1.87411873    0.00000000    1.06540441    2.91737849    2.99324518    2.45030518    2.82202667    2.27449377    3.25514743    3.24641423    3.32348149    3.68094148    3.32532857    4.93665523    3.92277758    4.15217769    5.39744871    5.57306372    3.72987991    4.56917007    4.38469934    5.05630235    5.62054691    4.78272339    4.13380974    4.55983925    5.01883916    4.29188804    4.99849960    4.73336633    4.06250441    4.85505788    4.92073922    5.72520928    4.46774547    3.71690963    4.06627744    4.42973247    4.27866698    5.26485898    4.53766619    4.43673957    4.88613319    4.61947192    5.11701205    4.41037794    4.33376390    3.73423183    4.17552748    4.84689250    4.56161577    4.29842706    4.37669141    3.85710318    4.06804730
ACMSD_CAEEL/15-391     3.63992999    3.79117881    2.59808391    3.60937678    7.61539347    6.39261801    5.74147417    5.49005500    3.93016858    3.63880069    4.86812721    4.33198338    3.28667076    4.04201820    4.12607415    4.12271968    4.13622351    4.24980741    3.24160788    3.32363969    1.93422608    1.06540441    0.00000000    3.01255101    3.66388439    2.91980548    2.86458422    2.55975472    4.30326899    4.02430332    4.45246164    4.70169119    4.33892944    5.24213454    4.32673772    3.96981680    5.09110397    5.06123721    3.93554751    4.08898477    3.64803875    5.14129896    4.28286118    4.27705030    4.11983537    4.56120577    4.67129394    4.15290122    5.25610735    4.52269245    3.79629077    5.12131834    4.43959422    4.80042933    4.07197838    3.81757636    3.94143965    4.30886235    4.21466872    5.10609135    5.00998164    3.90703580    4.89589315    4.70577184    4.83231217    3.83552310    4.75595737    4.31140123    3.78433781    4.72802422    4.60618298    4.13670934    4.10745164    3.97575277    4.17631848
Q89RM0_BRADU/54-361     3.89834576    3.95882936    3.54537274    3.82743789    5.10461610    5.87274159    5.14395947    4.27345474    3.74055008    4.72587299    3.91173137    3.21620504    3.70704794    4.62843193    3.68585024    3.30108228    3.21820142    3.42529022    3.54791792    3.62696939    2.73990515    2.91737849    3.01255101    0.00000000    2.20043698    3.12089726    3.31274643    2.74420552    4.70542263    4.44247085    4.30376876    4.12987374    4.00412934    5.72823817    4.45264267    4.73137676    5.25047174    6.76686603    5.57555059    4.09588706    4.38975759    5.38103575    4.51906704    5.10581038    5.07323517    6.03824077    5.26865241    5.02590601    4.73146690    5.00782230    4.10894361    4.93616330    5.46247429    4.57921940    5.18846538    3.60167332    4.45714774    4.45545080    3.75435422    4.92279457    5.25942624    5.15683469    5.14931768    4.96836894    6.05133051    4.81883016    4.14706259    5.10718873    4.80970259    4.17217269    4.59431898    4.47263737    4.42712229    3.60093105    4.58542338
Q7S0G8_NEUCR/49-376     4.95393582    4.01631976    4.04266955    4.62421771    5.97380993    4.85776815    4.80336696    5.29885652    3.85491841    4.52487843    4.47586939    4.13034861    3.31576482    4.20900653    3.81458929    3.68113041    3.15956366    3.43281503    3.98115461    3.79016351    3.15938092    2.99324518    3.66388439    2.20043698    0.00000000    2.91375314    3.00620834    2.99663875    5.00653319    3.88294766    3.75098256    3.56731127    3.92064836    5.47380120    6.01642377    5.22352200    5.28469862    6.50493907    5.61125356    4.66798282    4.51233640    4.87847260    4.73810613    5.53951995    6.03613795    5.36265235    5.38254493    5.07751501    5.26554524    4.49934062    4.76683574    5.69160361    4.88540854    5.25871311    4.87400366    5.02226883    4.15440380    4.49126279    6.00888776    5.48392685    5.07667324    4.23003252    4.98697488    5.13843212    6.23699694    5.48232494    4.95017801    7.56360914    4.99394493    5.63772828    5.09232452    5.11529186    4.86670402    4.20232351    4.24145798
Q55861_SYNY3/17-336     3.54668318    3.12789854    3.31585203    3.74255840    4.73890137    6.08710555    5.18001564    3.69799306    3.92338495    4.24772257    4.54234976    4.66686932    3.70791273    4.47541374    3.32397411    3.42394802    3.39309234    3.45733072    3.45154141    3.23412974    2.65392992    2.45030518    2.91980548    3.12089726    2.91375314    0.00000000    1.80396051    1.54150694    2.97996713    2.96853245    3.11363591    3.87746987    3.80289863    5.17650497    3.90520656    4.54994475    5.02421494    5.73004380    4.69376240    4.26735721    4.67091325    4.74570505    4.35418175    5.23960251    4.25226056    4.83908995    4.87713468    4.63926893    4.98292481    4.89979175    4.52243266    3.61776316    4.77939968    5.29897065    4.98411770    4.03194658    3.97473289    3.90639031    4.22442633    5.23497325    4.79444947    4.26440965    5.42180166    4.47692541    4.27475230    4.60262827    4.35404848    3.88071075    3.98302200    5.38606073    4.91565633    4.80684606    4.74959384    3.48960741    3.98413807
Q7S4Z2_NEUCR/40-322     3.99969383    4.14183958    3.75547188    3.86020597    5.59054274    5.84081676    6.06221359    4.11720361    3.81370766    3.66563582    3.87194918    3.98686192    3.37372805    4.50342771    2.73156418    2.62493158    3.19721820    3.01304424    3.20982878    3.13966881    2.59247670    2.82202667    2.86458422    3.31274643    3.00620834    1.80396051    0.00000000    1.52817006    3.75233513    3.33248162    3.80439881    3.60645262    3.66377034    4.83832204    4.36114968    4.93667600    4.48911200    5.95388804    5.17346328    4.48974726    5.13373208    4.72811598    4.97262094    4.60399101    4.39861534    5.30898634    4.98466644    4.67602874    4.93637415    4.65788353    5.04517165    4.62514625    4.84454303    4.55690147    4.91687870    3.89087340    4.09897165    4.44334284    4.48103855    4.26488237    5.19580684    5.59921944    5.74837923    4.50537897    4.62430229    4.45115910    4.93779304    5.64119660    5.99329544    5.32708427    5.15681585    4.97787259    5.49841833    3.56108340    4.48411040
Q8Y8M7_LISMO/45-332     4.02910255    3.53006415    3.16940199    3.76674434    6.26068115    5.26480783    5.72817471    4.26971158    4.02624417    4.41325265    4.26655516    3.75194416    3.43775435    4.55622843    3.14660138    3.02103766    3.37344463    3.26718674    3.22325341    2.88013182    2.69187618    2.27449377    2.55975472    2.74420552    2.99663875    1.54150694    1.52817006    0.00000000    3.21158207    2.90152563    3.10446195    2.83758426    2.98971720    4.69776276    4.28950204    4.09340860    5.11170410    6.52108933    5.68224776    4.34174063    4.84527018    5.24731104    5.67833448    4.91613096    3.97460755    4.93788541    4.88726512    4.56387191    4.22028675    5.11347446    4.48482789    4.58636882    4.48420981    4.18762302    4.36836316    4.52447903    4.69035197    4.08692412    4.50236999    5.60313915    6.14174470    5.64881466    6.16135324    5.04655015    7.52298696    5.87007331    5.11029165    5.12471216    5.07974572    5.56304197    4.73768903    4.63055072    4.82496284    3.28564422    4.54594753
Q89D35_BRADU/45-392     4.00874499    4.18215261    4.11467424    5.07915214    6.62038559    4.52692446    4.16182541    4.21364490    4.30957585    3.71623534    5.52583748    4.50519041    3.60111577    4.85157010    3.76626627    4.14077117    4.42843917    4.47996951    3.88360678    3.17351052    3.68327946    3.25514743    4.30326899    4.70542263    5.00653319    2.97996713    3.75233513    3.21158207    0.00000000    1.07461641    1.71041240    2.02252034    1.82680035    3.86444048    3.65435494    4.17493200    4.79799654    6.61952077    4.34149420    3.44442075    4.16867697    3.93523060    4.37730360    5.36213873    4.19339322    4.41168953    4.01402371    4.08643399    4.43905542    4.97904511    3.90339614    4.49813230    4.48448090    4.92551346    4.26939567    3.52105121    4.21350204    3.74801918    3.88249126    4.76012383    5.61237669    4.51466884    5.05560365    4.50783854    4.12925208    4.76765035    4.49094782    4.25244806    4.05237426    4.99345199    4.03123859    3.66424236    4.07931004    3.83703124    5.99155841
Q89C90_BRADU/22-368     3.89345860    3.84173635    3.62037792    5.19797948    5.71687870    4.73127275    4.20054693    3.66660229    3.98814819    3.71988492    5.84404260    5.09231011    3.75711755    4.28423761    4.02952296    4.27780017    4.28948408    4.36963904    3.62764910    3.49646597    3.56549500    3.24641423    4.02430332    4.44247085    3.88294766    2.96853245    3.33248162    2.90152563    1.07461641    0.00000000    1.72753626    1.99061170    1.63365827    3.87783234    3.39351344    3.93647167    5.22506538    6.96194202    3.89635676    4.32509218    3.55779290    4.23478178    4.42199292    4.57998046    3.82041373    3.76962006    3.83789906    3.56726016    4.47204445    4.10430098    3.80665956    4.51783512    3.87116629    4.41988278    4.24254244    3.72830530    3.97170851    3.69566978    3.85983829    5.09253897    4.68979653    4.22719051    5.03622995    4.88345530    4.29960468    4.88102062    4.42325207    4.77955274    3.87473310    5.33629916    4.21117393    4.15549762    4.12517568    3.47566110    6.03954751
Q92YD0_RHIME/41-350     4.21557655    4.34909713    3.82406652    4.64163208    5.58401767    4.53120270    4.92150175    4.27031535    4.13953170    4.25998784    4.87790563    4.46561048    4.35698011    3.95530868    3.76034030    3.69191909    3.65060881    3.85545005    4.51001131    4.12086785    3.87689728    3.32348149    4.45246164    4.30376876    3.75098256    3.11363591    3.80439881    3.10446195    1.71041240    1.72753626    0.00000000    1.94374480    2.06827929    4.42937993    3.68323851    4.09737937    4.11398852    5.01037824    4.65471347    4.26671953    3.71186922    3.78037669    4.00449219    5.22604146    4.29475260    4.04782423    4.31740484    4.05043264    4.05858666    4.29778133    4.45135845    6.13822366    4.50133476    5.40345250    4.74803253    4.29139536    4.02874339    4.03675516    3.78094924    4.44979134    5.02448151    5.09873273    5.06292891    5.16510131    4.23796099    4.76168672    4.13201877    4.56530489    4.56950300    5.22976952    4.31022584    4.01216621    3.82253517    4.09017219    4.37086006
Q89D34_BRADU/6-349     4.57897373    5.25401696    3.87396309    4.43384727    6.36363553    5.16029104    4.49445083    4.51289976    4.10801563    4.55058024    5.29661031    5.06033874    3.93390002    4.45268123    4.51756247    4.50580089    3.64377913    4.65395927    4.38078486    3.91312183    4.34422724    3.68094148    4.70169119    4.12987374    3.56731127    3.87746987    3.60645262    2.83758426    2.02252034    1.99061170    1.94374480    0.00000000    1.04576182    4.65799329    4.31129924    4.90072841    5.02315207    5.67114108    5.81462605    4.17141076    4.23386469    4.49211462    4.77290547    4.56708799    4.02000866    3.90252723    4.15349851    3.74026976    5.04651455    4.84766649    4.85143824    4.87729828    4.20184353    4.82540838    4.17106464    4.61305198    4.38558871    4.97554154    4.49038296    6.01053877    6.37154056    5.67324179    5.71628516    5.56155949    5.82870709    6.56556794    5.43126625    5.70725466    6.26567642    5.73175645    6.16702047    6.17756621    6.96924092    4.71908632    5.17882817
Q89C89_BRADU/18-359     4.21499478    4.39725917    3.68413954    5.21466039    6.88588620    5.57333413    5.07094240    4.31360722    3.97212049    4.22311045    5.89022745    5.35141040    3.80703495    4.00777999    4.25053361    4.34930126    4.07250487    4.87174418    4.37198284    3.66498480    3.86773296    3.32532857    4.33892944    4.00412934    3.92064836    3.80289863    3.66377034    2.98971720    1.82680035    1.63365827    2.06827929    1.04576182    0.00000000    5.83799718    4.05167205    4.28221221    5.40540159    7.85367297    5.37681329    4.44442964    3.86880702    4.51604819    4.63251312    5.07357057    3.85697121    3.89396571    3.84061372    3.81883372    4.73463885    5.34623270    4.25135303    4.89190581    4.38393697    5.03692487    4.60472121    4.30850057    4.62047306    5.21607041    5.15952050    4.97067889    6.67012718    6.32586280    6.53403872    6.43258271    5.06500369    7.12253168    5.06468990    5.31427720    6.03570357    5.71219316    5.50451872    5.50283544    5.39926180    4.44764103    4.29121791
Q829G7_STRAW/51-365     5.90866918    5.71067741    4.59318549    4.43734080    5.12420501    5.42753928    4.85325446    5.26694959    5.26576400    4.80675210    4.68932171    5.17148242    5.70481039    4.39781302    4.08006126    4.00489771    4.47896140    4.27302764    4.12214422    4.07220137    4.35672720    4.93665523    5.24213454    5.72823817    5.47380120    5.17650497    4.83832204    4.69776276    3.86444048    3.87783234    4.42937993    4.65799329    5.83799718    0.00000000    2.96583121    3.27545432    4.68379265    6.62501212    4.64163234    4.58071754    4.13033693    4.20563410    4.38242448    4.86708809    5.37809966    5.41136075    4.64786171    5.26731660    4.11114700    5.99558947    4.85376467    4.44248480    4.32789193    4.72709960    4.47606224    5.52118427    4.10091524    3.47742259    3.74337425    6.07191757    4.51795301    4.19666798    4.99699221    4.09358439    5.16275642    6.92440914    5.65471440    5.55651371    5.06396507    7.24297624    6.16476939    6.46304644    5.61349344    4.46189938    4.62399202
Q82GU3_STRAW/122-406     4.78568095    3.94280316    3.92804673    5.17632337    6.58444459    6.07615997    5.57706081    4.32313041    4.53950398    5.62569934    4.89465653    4.97397525    4.79641251    5.22774783    4.23869938    4.39432732    4.66479282    4.40858577    4.80010794    4.39562633    3.77523325    3.92277758    4.32673772    4.45264267    6.01642377    3.90520656    4.36114968    4.28950204    3.65435494    3.39351344    3.68323851    4.31129924    4.05167205    2.96583121    0.00000000    0.67993642    5.62620051    6.54356061    4.46254576    4.38000625    4.40722009    4.15309190    5.41228608    4.53163665    3.79943888    4.23228394    4.49087182    4.06551828    4.74159618    4.67950745    3.99213835    4.65250432    4.08286748    4.46997196    4.99088545    5.66379539    5.77669821    5.27128089    5.23694315    6.70795667    5.57804592    5.41311289    6.90438018    5.64581140    5.06687136    6.20780834    6.30363906    5.22893290    5.83826437    6.84578606    5.52109979    6.21651145    6.00401901    4.48958738    4.29561761
Q82GQ7_STRAW/62-393     4.97368080    4.45387648    4.07430236    5.64463961    8.56203636    5.87725989    5.75981770    4.62302049    4.78624467    5.91323412    4.98257927    5.07185085    4.26467692    5.30998853    4.21631290    4.36140340    4.60007553    4.64857488    5.18191804    4.43626438    4.26301341    4.15217769    3.96981680    4.73137676    5.22352200    4.54994475    4.93667600    4.09340860    4.17493200    3.93647167    4.09737937    4.90072841    4.28221221    3.27545432    0.67993642    0.00000000    5.55238471    7.02165747    4.30107049    4.12823880    4.85153337    4.68138933    5.91477730    4.29145289    3.82427302    4.08022825    4.68815468    4.03642060    5.12247639    5.32803964    4.56849222    4.91673136    4.19454384    4.59231198    5.18175345    5.55728457    6.29983982    6.47279189    5.24888300    8.59884939    6.56591228    6.18859789    8.89406801    7.10883478    6.15864490    7.85557903    6.77484271    6.75162486    6.17839423    6.96016832    6.14589192    5.72526947    6.49207461    4.69314371    4.17914206
Q8DXP6_STRA5/4-308     3.14866963    3.94940076    3.50508419    5.04929593    4.41184742    4.86536582    4.65134891    3.84175471    4.51306413    6.03286967    5.36654655    6.35138098    3.92727781    3.76579659    3.56899932    3.68048150    3.74975166    3.60866463    3.36510774    3.64011382    5.70667789    5.39744871    5.09110397    5.25047174    5.28469862    5.02421494    4.48911200    5.11170410    4.79799654    5.22506538    4.11398852    5.02315207    5.40540159    4.68379265    5.62620051    5.55238471    0.00000000    5.23032904    2.99900637    3.79270921    3.16382383    3.23724090    2.91445424    3.07596939    3.22413871    3.47927541    3.13192102    3.28506569    2.95646813    4.03801056    3.63593281    6.77520729    3.54340204    3.57536264    3.34046084    3.52590186    4.19892262    3.77802785    3.52172424    3.74350726    3.53825163    3.95107785    4.76018976    3.93132853    4.14045221    3.93617558    4.17553717    3.58510197    3.97026825    5.24265890    5.12454851    4.91907023    4.69809210    4.01764177    3.90079023
