37
Q88I63_PSEPK/18-297     0.00000000    2.73104630    2.57405582    2.65592582    2.70756082    2.01737970    2.42107969    2.23745636    2.37845056    2.57503605    2.18204417    2.47894651    2.54315247    2.51912190    2.75163028    2.47216735    2.26263344    2.40537907    2.33743571    2.50967079    2.24620453    2.04779529    2.21222094    2.18924940    2.15895771    2.45005272    2.20471376    1.89814035    2.09567810    2.27309170    2.20627389    2.32844716    1.99076903    2.17958278    2.55846463    2.20556998    2.28064379
G0VQ41_MEGEL/20-290     2.73104630    0.00000000    1.47374191    1.49127179    1.43068674    2.28822518    2.29786132    2.43471546    2.02210650    2.17257885    2.24248525    2.29268551    2.43778601    2.43312504    2.54674581    2.48913267    2.17668488    2.26899260    2.31686038    2.24993522    2.57059198    2.51997220    2.54954337    2.57193448    2.83034717    2.63026443    2.49229473    2.26102586    2.34672316    2.58493923    2.69938959    2.32913331    2.59029624    2.60864432    3.07175245    2.82748437    2.80911112
F4EYG7_SELS3/17-293     2.57405582    1.47374191    0.00000000    1.05237351    1.10884448    1.93859429    2.01038153    2.07786035    2.10125148    1.99366503    2.54195155    2.27043911    2.25267362    2.25402044    2.22841212    2.03310801    1.98638116    1.87794260    2.00886631    1.90194672    2.27680411    2.24674761    2.24118440    2.13906658    2.12954968    2.66303184    2.37060610    2.11722827    2.39617570    2.28860260    2.25804442    2.15887987    2.32151173    2.18577057    2.38170741    2.60897219    2.51881572
D2RLR3_ACIFV/17-294     2.65592582    1.49127179    1.05237351    0.00000000    0.35505900    2.25667012    2.10792876    2.03825942    2.06327720    1.97869569    2.28142030    2.33236908    2.50175640    2.30722729    2.64590131    2.49688706    2.22061457    2.25428151    2.35548224    2.15864053    2.43250496    2.26495611    2.35434882    2.54977735    2.33057082    2.46372450    2.39810518    2.54306434    2.29741793    2.36611890    2.41805202    2.19397240    2.27107994    2.37306475    2.64645954    2.59896188    2.86142934
G4Q4Q2_ACIIR/35-311     2.70756082    1.43068674    1.10884448    0.35505900    0.00000000    2.23073345    2.19856058    2.12421052    2.07406063    2.00687402    2.43138755    2.57818692    2.72011827    2.33051219    2.80918607    2.60010811    2.26077716    2.23151789    2.36665293    2.14822792    2.39228085    2.46420763    2.44587209    2.52279222    2.42900787    2.55199854    2.51203921    2.60074404    2.46898109    2.40049097    2.41248906    2.47632780    2.34657626    2.44004645    2.50122666    2.42850279    2.75287799
A0KEN3_AERHH/9-285     2.01737970    2.28822518    1.93859429    2.25667012    2.23073345    0.00000000    1.70707191    1.64572215    1.80631370    1.66509542    2.26822494    2.34069485    2.35516652    1.96909106    2.53009727    2.62861688    2.42459910    2.48920327    2.59987533    2.35700173    1.89427052    2.21777442    1.92421874    2.12738259    1.94854376    2.29253039    2.03538968    1.76814002    1.85177506    1.73722445    1.82525131    1.86570327    1.83877862    1.86577360    2.33913797    2.04791011    2.01159345
Q6LHN3_PHOPR/41-318     2.42107969    2.29786132    2.01038153    2.10792876    2.19856058    1.70707191    0.00000000    1.00827485    1.64479856    1.85327371    2.32637945    2.27450055    2.07884123    2.19981261    2.67015728    2.79616989    2.50692758    2.34341766    2.60206564    2.42799176    2.00640009    2.30461856    2.08062581    2.16749526    1.95233546    2.12878892    2.04682283    2.01767592    2.10215755    2.13897855    1.94183542    1.97658861    2.14450101    2.13859052    2.26791138    2.40650131    2.11813926
Q9KSE0_VIBCH/23-295     2.23745636    2.43471546    2.07786035    2.03825942    2.12421052    1.64572215    1.00827485    0.00000000    1.80598527    1.74012480    2.34021490    2.43868296    2.37646432    2.06666344    2.77252226    2.65394256    2.53207003    2.43499588    2.69889570    2.42941760    1.93387214    2.06247220    1.96021434    2.02530707    1.98880412    2.09427130    1.88706520    1.95627549    2.09903804    2.19169886    1.81777119    1.91520462    2.03014727    2.11448364    2.38967087    2.23386306    2.15047428
Q6LIC7_PHOPR/14-284     2.37845056    2.02210650    2.10125148    2.06327720    2.07406063    1.80631370    1.64479856    1.80598527    0.00000000    1.45928420    2.15138810    2.28029241    2.31356997    2.05547839    2.23394349    2.11890615    2.31942682    1.95915633    2.27959885    2.12029915    2.00822281    1.95671327    1.98798973    2.11650744    2.06760545    2.31915767    2.14418713    1.87009209    2.12381069    1.98707484    1.97471561    2.06296230    2.00460357    2.03427120    2.56484834    2.40123606    2.40195402
Q87JK6_VIBPA/24-301     2.57503605    2.17257885    1.99366503    1.97869569    2.00687402    1.66509542    1.85327371    1.74012480    1.45928420    0.00000000    2.41584621    2.57509935    2.45470453    2.15853166    2.54772970    2.31011817    2.20374363    2.26737721    2.49765780    2.29094239    2.04899550    1.95143304    2.05942624    2.26149996    1.83219300    2.29793452    2.27990542    1.93248225    2.10970004    2.06553692    1.80314225    1.80315852    2.06640043    1.90018314    2.23958323    2.07175744    2.20625624
Q9CML1_PASMU/19-287     2.18204417    2.24248525    2.54195155    2.28142030    2.43138755    2.26822494    2.32637945    2.34021490    2.15138810    2.41584621    0.00000000    0.74197835    0.72239361    0.70213270    1.81780199    1.57557601    1.46289142    1.38044533    1.53328968    1.51040675    2.33534412    2.37461173    2.58438490    2.59971605    2.38311265    2.64160509    2.49156342    2.12617525    2.22816773    2.16221280    2.35007444    2.18731835    2.13015630    2.21869761    2.70087945    2.26977708    2.43240348
A6VPL1_ACTSZ/7-275     2.47894651    2.29268551    2.27043911    2.33236908    2.57818692    2.34069485    2.27450055    2.43868296    2.28029241    2.57509935    0.74197835    0.00000000    0.72118907    0.82200156    1.79156819    1.44063774    1.48626913    1.50705628    1.63143569    1.55537532    2.29426780    2.60330662    2.57211583    2.53591886    2.47533324    2.76472692    2.41199712    2.21565226    2.25772662    1.98630955    2.42965829    2.14230338    2.30225785    2.32802188    2.73168260    2.33559222    2.60267316
B0UW59_HISS2/18-286     2.54315247    2.43778601    2.25267362    2.50175640    2.72011827    2.35516652    2.07884123    2.37646432    2.31356997    2.45470453    0.72239361    0.72118907    0.00000000    0.70477719    1.75643445    1.50400138    1.31472278    1.40521226    1.53219331    1.53406935    2.22224984    2.47311741    2.54869873    2.39217592    2.19735926    2.50903763    2.31134607    2.31203847    2.18334046    2.15266071    2.35666839    2.12309975    2.20268144    2.02656257    2.63836112    2.24078089    2.60290358
Y461_HAEIN/23-290     2.51912190    2.43312504    2.25402044    2.30722729    2.33051219    1.96909106    2.19981261    2.06666344    2.05547839    2.15853166    0.70213270    0.82200156    0.70477719    0.00000000    1.69302433    1.40870556    1.47652954    1.33268406    1.44819352    1.44980318    1.93509411    2.12499426    2.20527750    2.40203399    2.22632530    2.60564616    2.38495742    2.01850609    2.23396278    2.05698209    2.12295245    2.13374081    2.05805318    2.05997379    2.73641073    2.30691315    2.28955452
Q0P9I5_CAMJE/16-282     2.75163028    2.54674581    2.22841212    2.64590131    2.80918607    2.53009727    2.67015728    2.77252226    2.23394349    2.54772970    1.81780199    1.79156819    1.75643445    1.69302433    0.00000000    1.52939079    1.40477786    1.51152027    1.66101560    1.40777749    2.54190087    2.70998952    2.83180393    2.47621343    2.80377504    2.79811811    2.73564837    2.59254748    2.45423392    2.54858956    2.66288933    2.56300963    2.53056705    2.73008557    2.93386117    2.69641516    2.83204146
B8F806_HAEPS/19-285     2.47216735    2.48913267    2.03310801    2.49688706    2.60010811    2.62861688    2.79616989    2.65394256    2.11890615    2.31011817    1.57557601    1.44063774    1.50400138    1.40870556    1.52939079    0.00000000    0.47463815    0.58693247    0.55621218    0.45302034    2.23082386    2.24087266    2.27936357    2.40594522    2.38024548    2.41033000    2.39611254    2.14770201    2.21550121    2.31552639    2.48811113    2.35836483    2.42479697    2.15060727    2.79914727    2.26780669    2.40924737
M4RAS6_BIBTR/19-277     2.26263344    2.17668488    1.98638116    2.22061457    2.26077716    2.42459910    2.50692758    2.53207003    2.31942682    2.20374363    1.46289142    1.48626913    1.31472278    1.47652954    1.40477786    0.47463815    0.00000000    0.44018034    0.54902188    0.41959879    2.12348217    2.28632429    2.34285260    2.21795551    2.13269083    2.34507645    2.56686089    2.20634842    2.00360198    2.15133099    2.37597018    2.18652602    2.26877820    2.13547967    2.53762243    2.09068266    2.36226209
Q7VLT2_HAEDU/16-281     2.40537907    2.26899260    1.87794260    2.25428151    2.23151789    2.48920327    2.34341766    2.43499588    1.95915633    2.26737721    1.38044533    1.50705628    1.40521226    1.33268406    1.51152027    0.58693247    0.44018034    0.00000000    0.72159394    0.53469575    2.04326509    2.20486827    2.29122198    2.28659937    2.22010007    2.44425337    2.45346347    2.04844891    1.88913231    2.15255793    2.04871425    2.07294384    2.31860539    2.06458491    2.86266554    2.15636115    2.37406657
Y1119_HAEIN/24-288     2.33743571    2.31686038    2.00886631    2.35548224    2.36665293    2.59987533    2.60206564    2.69889570    2.27959885    2.49765780    1.53328968    1.63143569    1.53219331    1.44819352    1.66101560    0.55621218    0.54902188    0.72159394    0.00000000    0.48664297    2.45847793    2.38341203    2.46306915    2.31767516    2.29724292    2.48363243    2.80994461    2.28159983    2.30369375    2.28225151    2.46363074    2.55192650    2.26424521    2.37441791    2.80619990    2.38907798    2.53185391
Q9CKU4_PASMU/19-285     2.50967079    2.24993522    1.90194672    2.15864053    2.14822792    2.35700173    2.42799176    2.42941760    2.12029915    2.29094239    1.51040675    1.55537532    1.53406935    1.44980318    1.40777749    0.45302034    0.41959879    0.53469575    0.48664297    0.00000000    2.33118575    2.32623972    2.50096720    2.31476151    2.21642719    2.34526699    2.39011178    2.05742012    2.11556490    2.18024030    2.45595072    2.11100318    2.44239281    2.18393553    2.63785758    2.22951133    2.21401340
A6TB10_KLEP7/35-313     2.24620453    2.57059198    2.27680411    2.43250496    2.39228085    1.89427052    2.00640009    1.93387214    2.00822281    2.04899550    2.33534412    2.29426780    2.22224984    1.93509411    2.54190087    2.23082386    2.12348217    2.04326509    2.45847793    2.33118575    0.00000000    0.85130801    1.03267031    1.17619296    1.09094861    1.37030476    1.30556413    1.37713851    1.39526555    1.36104109    1.28307962    1.30322270    1.35193513    1.51769809    2.01137803    2.09492768    1.93082681
I2B8E0_SHIBC/33-311     2.04779529    2.51997220    2.24674761    2.26495611    2.46420763    2.21777442    2.30461856    2.06247220    1.95671327    1.95143304    2.37461173    2.60330662    2.47311741    2.12499426    2.70998952    2.24087266    2.28632429    2.20486827    2.38341203    2.32623972    0.85130801    0.00000000    1.07323305    1.25095276    1.12118800    1.36440470    1.27050154    1.35210023    1.53092477    1.50342858    1.42520894    1.29438296    1.40658379    1.51267240    2.13184728    2.19643904    2.12444597
H2J259_RAHAC/44-322     2.21222094    2.54954337    2.24118440    2.35434882    2.44587209    1.92421874    2.08062581    1.96021434    1.98798973    2.05942624    2.58438490    2.57211583    2.54869873    2.20527750    2.83180393    2.27936357    2.34285260    2.29122198    2.46306915    2.50096720    1.03267031    1.07323305    0.00000000    1.02595400    0.96170141    1.18388696    1.21313277    1.31156491    1.26461578    1.36976525    1.30923488    1.31340800    1.18968897    1.35985074    2.01586433    1.78664648    1.93353369
E0SFW3_DICD3/22-300     2.18924940    2.57193448    2.13906658    2.54977735    2.52279222    2.12738259    2.16749526    2.02530707    2.11650744    2.26149996    2.59971605    2.53591886    2.39217592    2.40203399    2.47621343    2.40594522    2.21795551    2.28659937    2.31767516    2.31476151    1.17619296    1.25095276    1.02595400    0.00000000    0.99732673    1.33519842    1.17697340    1.37266042    1.36570530    1.31433361    1.24208608    1.32388651    1.25113235    1.41563419    2.12725254    1.93006095    2.01293695
W0HYH6_9GAMM/32-310     2.15895771    2.83034717    2.12954968    2.33057082    2.42900787    1.94854376    1.95233546    1.98880412    2.06760545    1.83219300    2.38311265    2.47533324    2.19735926    2.22632530    2.80377504    2.38024548    2.13269083    2.22010007    2.29724292    2.21642719    1.09094861    1.12118800    0.96170141    0.99732673    0.00000000    1.16100509    1.15953515    1.32689980    1.13234088    1.24590095    1.21803053    1.19217663    1.31359741    1.36600507    1.94804434    1.88677845    1.91510089
Q326Y6_SHIDS/25-300     2.45005272    2.63026443    2.66303184    2.46372450    2.55199854    2.29253039    2.12878892    2.09427130    2.31915767    2.29793452    2.64160509    2.76472692    2.50903763    2.60564616    2.79811811    2.41033000    2.34507645    2.44425337    2.48363243    2.34526699    1.37030476    1.36440470    1.18388696    1.33519842    1.16100509    0.00000000    0.81428640    1.63325017    1.47675978    1.51138706    1.51090609    1.46182717    1.47674989    1.53074778    2.25862479    2.41122878    2.39524478
Q8ZMM7_SALTY/29-305     2.20471376    2.49229473    2.37060610    2.39810518    2.51203921    2.03538968    2.04682283    1.88706520    2.14418713    2.27990542    2.49156342    2.41199712    2.31134607    2.38495742    2.73564837    2.39611254    2.56686089    2.45346347    2.80994461    2.39011178    1.30556413    1.27050154    1.21313277    1.17697340    1.15953515    0.81428640    0.00000000    1.40879400    1.57250390    1.40625452    1.38409490    1.23764496    1.33680263    1.43070402    2.50724064    2.12677404    2.25240332
Q7NZK9_CHRVO/25-299     1.89814035    2.26102586    2.11722827    2.54306434    2.60074404    1.76814002    2.01767592    1.95627549    1.87009209    1.93248225    2.12617525    2.21565226    2.31203847    2.01850609    2.59254748    2.14770201    2.20634842    2.04844891    2.28159983    2.05742012    1.37713851    1.35210023    1.31156491    1.37266042    1.32689980    1.63325017    1.40879400    0.00000000    1.22132234    1.32399713    1.21934470    1.22635927    1.33726437    1.36314239    1.96573780    1.86481147    1.99364044
A0A2U2GWW5_YERPE/32-312     2.09567810    2.34672316    2.39617570    2.29741793    2.46898109    1.85177506    2.10215755    2.09903804    2.12381069    2.10970004    2.22816773    2.25772662    2.18334046    2.23396278    2.45423392    2.21550121    2.00360198    1.88913231    2.30369375    2.11556490    1.39526555    1.53092477    1.26461578    1.36570530    1.13234088    1.47675978    1.57250390    1.22132234    0.00000000    0.92633818    1.01797434    0.90022700    1.11208747    1.22470369    2.17205540    1.94424943    1.98139210
H2IRE0_RAHAC/33-311     2.27309170    2.58493923    2.28860260    2.36611890    2.40049097    1.73722445    2.13897855    2.19169886    1.98707484    2.06553692    2.16221280    1.98630955    2.15266071    2.05698209    2.54858956    2.31552639    2.15133099    2.15255793    2.28225151    2.18024030    1.36104109    1.50342858    1.36976525    1.31433361    1.24590095    1.51138706    1.40625452    1.32399713    0.92633818    0.00000000    1.20034208    1.03901082    1.14582892    1.34437436    2.24602512    1.76121411    1.89990670
H9L481_SALTY/39-318     2.20627389    2.69938959    2.25804442    2.41805202    2.41248906    1.82525131    1.94183542    1.81777119    1.97471561    1.80314225    2.35007444    2.42965829    2.35666839    2.12295245    2.66288933    2.48811113    2.37597018    2.04871425    2.46363074    2.45595072    1.28307962    1.42520894    1.30923488    1.24208608    1.21803053    1.51090609    1.38409490    1.21934470    1.01797434    1.20034208    0.00000000    0.63593692    1.15756916    1.09368415    2.14510984    2.11549782    2.08072077
YBJX_ECOLI/47-326     2.32844716    2.32913331    2.15887987    2.19397240    2.47632780    1.86570327    1.97658861    1.91520462    2.06296230    1.80315852    2.18731835    2.14230338    2.12309975    2.13374081    2.56300963    2.35836483    2.18652602    2.07294384    2.55192650    2.11100318    1.30322270    1.29438296    1.31340800    1.32388651    1.19217663    1.46182717    1.23764496    1.22635927    0.90022700    1.03901082    0.63593692    0.00000000    1.10387963    1.08978248    2.07203327    2.10832103    1.96802518
Q7N0A5_PHOLL/27-306     1.99076903    2.59029624    2.32151173    2.27107994    2.34657626    1.83877862    2.14450101    2.03014727    2.00460357    2.06640043    2.13015630    2.30225785    2.20268144    2.05805318    2.53056705    2.42479697    2.26877820    2.31860539    2.26424521    2.44239281    1.35193513    1.40658379    1.18968897    1.25113235    1.31359741    1.47674989    1.33680263    1.33726437    1.11208747    1.14582892    1.15756916    1.10387963    0.00000000    0.81988463    2.09613801    1.82720425    1.72568554
J7TQE5_MORMO/20-298     2.17958278    2.60864432    2.18577057    2.37306475    2.44004645    1.86577360    2.13859052    2.11448364    2.03427120    1.90018314    2.21869761    2.32802188    2.02656257    2.05997379    2.73008557    2.15060727    2.13547967    2.06458491    2.37441791    2.18393553    1.51769809    1.51267240    1.35985074    1.41563419    1.36600507    1.53074778    1.43070402    1.36314239    1.22470369    1.34437436    1.09368415    1.08978248    0.81988463    0.00000000    1.90986247    2.02776503    1.99488407
Q1LGG4_CUPMC/45-318     2.55846463    3.07175245    2.38170741    2.64645954    2.50122666    2.33913797    2.26791138    2.38967087    2.56484834    2.23958323    2.70087945    2.73168260    2.63836112    2.73641073    2.93386117    2.79914727    2.53762243    2.86266554    2.80619990    2.63785758    2.01137803    2.13184728    2.01586433    2.12725254    1.94804434    2.25862479    2.50724064    1.96573780    2.17205540    2.24602512    2.14510984    2.07203327    2.09613801    1.90986247    0.00000000    2.04885106    1.78371362
G0AG31_COLFT/225-494     2.20556998    2.82748437    2.60897219    2.59896188    2.42850279    2.04791011    2.40650131    2.23386306    2.40123606    2.07175744    2.26977708    2.33559222    2.24078089    2.30691315    2.69641516    2.26780669    2.09068266    2.15636115    2.38907798    2.22951133    2.09492768    2.19643904    1.78664648    1.93006095    1.88677845    2.41122878    2.12677404    1.86481147    1.94424943    1.76121411    2.11549782    2.10832103    1.82720425    2.02776503    2.04885106    0.00000000    0.76645197
D8IQA3_HERSS/45-315     2.28064379    2.80911112    2.51881572    2.86142934    2.75287799    2.01159345    2.11813926    2.15047428    2.40195402    2.20625624    2.43240348    2.60267316    2.60290358    2.28955452    2.83204146    2.40924737    2.36226209    2.37406657    2.53185391    2.21401340    1.93082681    2.12444597    1.93353369    2.01293695    1.91510089    2.39524478    2.25240332    1.99364044    1.98139210    1.89990670    2.08072077    1.96802518    1.72568554    1.99488407    1.78371362    0.76645197    0.00000000

