28
D1YYL8_METPS/1-118     0.00000000    0.85627608    1.41082080    1.42695025    1.58250207    1.40272624    1.46787288    1.53236269    1.42942571    1.50074120    1.59220761    1.43234155    1.57262862    1.66616724    1.77013649    1.59100563    1.84933469    1.38587037    1.54982519    1.61641493    1.71566430    1.49887005    1.81755437    2.16620389    2.00116170    1.55472801    1.51646664    1.44372658
Q0W0N3_METAR/1-118     0.85627608    0.00000000    1.45143027    1.31696438    1.34392199    1.15000528    1.35747589    1.33609976    1.23617620    1.34973882    1.23558441    1.29547716    1.50663004    1.63071886    1.82764834    1.60597022    1.83504349    1.45461216    1.47751551    1.72597081    1.73671793    1.41832753    1.60403705    2.27853267    1.79799087    1.77842305    1.81377721    1.80883895
Q2FPW2_METHJ/1-120     1.41082080    1.45143027    0.00000000    0.88109603    0.86447546    0.79498935    0.95439908    0.87744778    1.33550006    1.34126604    1.24934473    1.33980055    1.46605311    1.58669448    1.58693372    1.46960616    1.65039961    1.50926440    1.51063539    1.53789528    1.77606858    1.62441672    1.82683500    1.83644254    2.02209842    1.97611418    1.76745348    1.50371348
H1YWK3_9EURY/1-119     1.42695025    1.31696438    0.88109603    0.00000000    0.36303469    0.74332346    0.89015788    0.82575832    1.23139851    1.48075402    1.39724743    1.39655003    1.39433963    1.40003760    1.62821969    1.50934138    2.05371351    1.69513212    1.85278044    1.85337060    1.91552255    1.76616225    1.67541403    1.95455783    1.95416374    1.63281119    1.95017694    1.64465104
E1RI98_METP4/1-119     1.58250207    1.34392199    0.86447546    0.36303469    0.00000000    0.64823053    0.71788672    0.71282307    1.29986494    1.52075236    1.47691847    1.35967839    1.44147249    1.39245630    1.54381682    1.44566227    2.08610688    1.74411785    1.96146346    2.02663489    2.08316180    2.03458952    1.81248031    2.14960799    2.03539891    1.73755849    1.83714396    1.49579296
B8GFL2_METPE/1-119     1.40272624    1.15000528    0.79498935    0.74332346    0.64823053    0.00000000    0.63470187    0.59719936    1.24451943    1.31797396    1.48594684    1.34664469    1.27884422    1.48356117    1.67741841    1.47128328    1.86240038    1.49960193    1.61160914    1.75789699    1.86975182    1.75070829    1.97421136    1.89702527    1.87241312    1.66243418    1.82238139    1.57999689
A7I9N2_METB6/1-121     1.46787288    1.35747589    0.95439908    0.89015788    0.71788672    0.63470187    0.00000000    0.42850855    1.56308151    1.41112439    1.39753728    1.30366192    1.17648397    1.34169102    1.33696865    1.45049177    2.14135387    1.80670479    1.87679977    1.88487273    1.88233339    1.87409288    2.16131509    2.10871403    1.94718096    1.77371306    1.99311653    1.69135918
L0HDJ1_METFS/1-122     1.53236269    1.33609976    0.87744778    0.82575832    0.71282307    0.59719936    0.42850855    0.00000000    1.53211121    1.55479687    1.46931978    1.15983723    1.22108061    1.31408951    1.35609629    1.47870327    1.89651544    1.52260582    1.73220692    1.67241803    1.76994954    1.52155163    1.98113977    2.05373162    1.89618419    1.97239338    2.08575074    1.69974703
A0B735_METTP/1-118     1.42942571    1.23617620    1.33550006    1.23139851    1.29986494    1.24451943    1.56308151    1.53211121    0.00000000    0.67218440    1.03413406    0.93292137    1.02714230    0.98757264    0.99670709    0.98023432    1.87466412    1.42955193    1.40511905    1.47951794    1.49440737    1.39892799    1.51065511    1.78351726    1.57505553    1.52691943    1.61356604    1.36235682
G7WQB5_METH6/3-120     1.50074120    1.34973882    1.34126604    1.48075402    1.52075236    1.31797396    1.41112439    1.55479687    0.67218440    0.00000000    1.14003303    0.98153397    0.95020610    1.10318364    1.05470842    1.16907692    1.45783512    1.47392863    1.54614462    1.58555601    1.56407378    1.48177095    1.48986429    1.73218004    1.69502161    1.48571764    1.71174660    1.40892670
Q8THU7_METAC/1-118     1.59220761    1.23558441    1.24934473    1.39724743    1.47691847    1.48594684    1.39753728    1.46931978    1.03413406    1.14003303    0.00000000    0.62434133    0.71067699    0.80358464    0.89152183    0.87463594    1.77865911    1.39702476    1.41283035    1.34498741    1.44646336    1.36910565    1.54061123    2.08357190    1.71535980    1.75387708    1.73799861    1.55091132
D7EB45_METEZ/1-118     1.43234155    1.29547716    1.33980055    1.39655003    1.35967839    1.34664469    1.30366192    1.15983723    0.93292137    0.98153397    0.62434133    0.00000000    0.45433210    0.65189559    0.54338880    0.69912199    1.69321938    1.20395095    1.21727261    1.14732378    1.39999827    1.11329626    1.30065498    1.80235861    1.66998304    1.63761847    1.69237106    1.49181341
D5EAK6_METMS/1-118     1.57262862    1.50663004    1.46605311    1.39433963    1.44147249    1.27884422    1.17648397    1.22108061    1.02714230    0.95020610    0.71067699    0.45433210    0.00000000    0.54406427    0.62381660    0.70310328    1.73757872    1.31835789    1.21757799    1.11069372    1.36474272    1.12478863    1.52114444    1.89105470    1.72497499    1.75933756    1.69676431    1.72237114
Q12XF8_METBU/1-118     1.66616724    1.63071886    1.58669448    1.40003760    1.39245630    1.48356117    1.34169102    1.31408951    0.98757264    1.10318364    0.80358464    0.65189559    0.54406427    0.00000000    0.66183535    0.82929122    1.88471024    1.34959270    1.34317695    1.25706409    1.41322227    1.29159678    1.53610734    2.00637925    2.04698542    1.68123953    1.76003568    1.54942032
F7XNM2_METZD/5-122     1.77013649    1.82764834    1.58693372    1.62821969    1.54381682    1.67741841    1.33696865    1.35609629    0.99670709    1.05470842    0.89152183    0.54338880    0.62381660    0.66183535    0.00000000    0.71116335    1.54268445    1.36745144    1.35132923    1.31704253    1.38994010    1.27656851    1.51400348    1.97518408    1.64770094    1.69933001    2.04576486    1.62380372
L0KV02_METHD/5-122     1.59100563    1.60597022    1.46960616    1.50934138    1.44566227    1.47128328    1.45049177    1.47870327    0.98023432    1.16907692    0.87463594    0.69912199    0.70310328    0.82929122    0.71116335    0.00000000    1.62497300    1.28674443    1.35449060    1.36388365    1.31387555    1.30283611    1.58780666    1.89705163    1.89119394    1.76347359    1.79587400    1.74096622
Q8TWN5_METKA/1-117     1.84933469    1.83504349    1.65039961    2.05371351    2.08610688    1.86240038    2.14135387    1.89651544    1.87466412    1.45783512    1.77865911    1.69321938    1.73757872    1.88471024    1.54268445    1.62497300    0.00000000    1.58363719    2.01356325    1.91560053    1.92509076    1.89169720    1.98962619    2.34981960    1.82704588    1.99807987    2.20709489    2.04684217
O29018_ARCFU/1-117     1.38587037    1.45461216    1.50926440    1.69513212    1.74411785    1.49960193    1.80670479    1.52260582    1.42955193    1.47392863    1.39702476    1.20395095    1.31835789    1.34959270    1.36745144    1.28674443    1.58363719    0.00000000    0.50587793    0.55850077    0.61303390    0.56171379    1.33067092    1.49560014    1.77648400    1.86147688    1.80303845    1.93229942
F2KMZ2_ARCVS/1-117     1.54982519    1.47751551    1.51063539    1.85278044    1.96146346    1.61160914    1.87679977    1.73220692    1.40511905    1.54614462    1.41283035    1.21727261    1.21757799    1.34317695    1.35132923    1.35449060    2.01356325    0.50587793    0.00000000    0.45210698    0.60520297    0.48445016    1.44466633    1.68493442    2.00258138    1.80481273    1.99539259    2.05002715
N0BLV8_9EURY/1-116     1.61641493    1.72597081    1.53789528    1.85337060    2.02663489    1.75789699    1.88487273    1.67241803    1.47951794    1.58555601    1.34498741    1.14732378    1.11069372    1.25706409    1.31704253    1.36388365    1.91560053    0.55850077    0.45210698    0.00000000    0.59053751    0.63012207    1.65444061    1.86383447    2.02965423    1.95355953    1.83667205    1.75088305
D3RXD4_FERPA/1-115     1.71566430    1.73671793    1.77606858    1.91552255    2.08316180    1.86975182    1.88233339    1.76994954    1.49440737    1.56407378    1.44646336    1.39999827    1.36474272    1.41322227    1.38994010    1.31387555    1.92509076    0.61303390    0.60520297    0.59053751    0.00000000    0.61588113    1.51528426    1.58376547    1.88940004    2.10489106    1.85186280    2.24575151
D2RGW2_ARCPA/1-117     1.49887005    1.41832753    1.62441672    1.76616225    2.03458952    1.75070829    1.87409288    1.52155163    1.39892799    1.48177095    1.36910565    1.11329626    1.12478863    1.29159678    1.27656851    1.30283611    1.89169720    0.56171379    0.48445016    0.63012207    0.61588113    0.00000000    1.34823247    1.69476703    1.66268658    1.55959273    1.56174306    1.57144426
Q8U4R0_PYRFU/4-117     1.81755437    1.60403705    1.82683500    1.67541403    1.81248031    1.97421136    2.16131509    1.98113977    1.51065511    1.48986429    1.54061123    1.30065498    1.52114444    1.53610734    1.51400348    1.58780666    1.98962619    1.33067092    1.44466633    1.65444061    1.51528426    1.34823247    0.00000000    0.76851745    1.43800646    1.56208444    1.63402203    1.67864989
Q5JEQ4_THEKO/1-116     2.16620389    2.27853267    1.83644254    1.95455783    2.14960799    1.89702527    2.10871403    2.05373162    1.78351726    1.73218004    2.08357190    1.80235861    1.89105470    2.00637925    1.97518408    1.89705163    2.34981960    1.49560014    1.68493442    1.86383447    1.58376547    1.69476703    0.76851745    0.00000000    1.95483405    2.00754445    1.91355618    1.93206264
Y105_METJA/39-149     2.00116170    1.79799087    2.02209842    1.95416374    2.03539891    1.87241312    1.94718096    1.89618419    1.57505553    1.69502161    1.71535980    1.66998304    1.72497499    2.04698542    1.64770094    1.89119394    1.82704588    1.77648400    2.00258138    2.02965423    1.88940004    1.66268658    1.43800646    1.95483405    0.00000000    1.35740330    1.37928645    1.25625925
A6UT47_META3/1-115     1.55472801    1.77842305    1.97611418    1.63281119    1.73755849    1.66243418    1.77371306    1.97239338    1.52691943    1.48571764    1.75387708    1.63761847    1.75933756    1.68123953    1.69933001    1.76347359    1.99807987    1.86147688    1.80481273    1.95355953    2.10489106    1.55959273    1.56208444    2.00754445    1.35740330    0.00000000    1.18412725    0.98701649
D7DU20_METV3/1-110     1.51646664    1.81377721    1.76745348    1.95017694    1.83714396    1.82238139    1.99311653    2.08575074    1.61356604    1.71174660    1.73799861    1.69237106    1.69676431    1.76003568    2.04576486    1.79587400    2.20709489    1.80303845    1.99539259    1.83667205    1.85186280    1.56174306    1.63402203    1.91355618    1.37928645    1.18412725    0.00000000    1.03791509
Q6LYS5_METMP/1-115     1.44372658    1.80883895    1.50371348    1.64465104    1.49579296    1.57999689    1.69135918    1.69974703    1.36235682    1.40892670    1.55091132    1.49181341    1.72237114    1.54942032    1.62380372    1.74096622    2.04684217    1.93229942    2.05002715    1.75088305    2.24575151    1.57144426    1.67864989    1.93206264    1.25625925    0.98701649    1.03791509    0.00000000

