7
Q8EF76_SHEON/32-182     0.00000000    1.01591185    1.01198313    1.12172034    1.11784546    0.81601549    0.97626066
Q2YIP2_BRUA2/25-176     1.01591185    0.00000000    0.38669451    0.37820810    1.11152011    0.96192040    1.03464102
Q92JX1_RHIME/6-158     1.01198313    0.38669451    0.00000000    0.22722196    1.29028805    0.96977945    1.00554379
Q7CT90_AGRFC/14-166     1.12172034    0.37820810    0.22722196    0.00000000    1.29174713    1.10636443    1.13425076
Q9CNZ9_PASMU/32-183     1.11784546    1.11152011    1.29028805    1.29174713    0.00000000    0.92107268    1.27074057
Q9KSI7_VIBCH/29-179     0.81601549    0.96192040    0.96977945    1.10636443    0.92107268    0.00000000    0.92022609
Q9A852_CAUVC/63-213     0.97626066    1.03464102    1.00554379    1.13425076    1.27074057    0.92022609    0.00000000

