8
Q9ZDI1_RICPR/1-711     0.00000000    3.67377878    4.02093015    3.84096004    3.36634884    3.50954049    3.15196976    2.90837042
Q9JY87_NEIMB/8-615     3.67377878    0.00000000    4.07080892    3.66597366    3.64843876    3.44605107    3.41900948    3.07179087
Q87TE2_VIBPA/1-570     4.02093015    4.07080892    0.00000000    1.15926413    4.84590838    5.04878571    4.41364447    3.89093508
Q9KNJ9_VIBCH/1-570     3.84096004    3.66597366    1.15926413    0.00000000    4.51203625    4.39180310    4.16416858    3.68282186
Q9HUT4_PSEAE/1-577     3.36634884    3.64843876    4.84590838    4.51203625    0.00000000    0.83350176    2.78389405    2.94274980
YHJG_ECOLI/1-582     3.50954049    3.44605107    5.04878571    4.39180310    0.83350176    0.00000000    2.75969584    3.00035493
Q9HU38_PSEAE/1-636     3.15196976    3.41900948    4.41364447    4.16416858    2.78389405    2.75969584    0.00000000    2.19290501
Q9KT66_VIBCH/1-595     2.90837042    3.07179087    3.89093508    3.68282186    2.94274980    3.00035493    2.19290501    0.00000000

