49
Q7SCS0_NEUCR/16-893     0.00000000    0.08097030    0.44003606    0.36085084    0.37409025    0.48830602    0.49889528    0.60390587    0.55489589    0.71671513    0.68086609    0.65420335    0.79764695    0.76775728    0.75917990    1.72529528    1.88453132    2.48117129    2.56482237    2.59163341    2.63508991    2.47767750    2.46495917    1.94114924    1.89558728    1.85721007    1.20017517    1.28928228    0.65470487    0.74278592    0.69589968    0.69223225    0.70004755    0.73845288    0.69864461    0.70210565    0.72706404    0.71582263    0.71682490    0.68691304    0.55525943    0.55316047    0.70505328    0.42096628    0.48923022    0.50019924    0.55287792    0.43676049    0.42571723
F7VLM0_SORMK/17-904     0.08097030    0.00000000    0.46358744    0.38344937    0.37959248    0.51846784    0.50807439    0.60904471    0.55855639    0.73168500    0.68944316    0.66384947    0.83080554    0.79570767    0.77797027    1.76835006    1.95734493    2.50455909    2.56884564    2.60490529    2.61972877    2.47878263    2.46448365    2.02631347    1.90714569    1.89280637    1.18664944    1.31767199    0.65977906    0.75426046    0.70001663    0.69973455    0.71732144    0.75220233    0.71050028    0.72798149    0.73697494    0.73093786    0.74202678    0.71652587    0.56333590    0.54829110    0.72418288    0.42378790    0.50213474    0.53421543    0.56408374    0.44970972    0.43315944
G0SBJ6_CHATD/18-889     0.44003606    0.46358744    0.00000000    0.33363761    0.43835791    0.54029785    0.54736174    0.61309545    0.54042093    0.71192466    0.68192708    0.64355814    0.89238773    0.85492811    0.79139268    1.76976251    1.96049072    2.45094504    2.60478262    2.67337606    2.70072891    2.52090691    2.49118394    2.06653717    1.99473655    2.02482277    1.20455113    1.37618552    0.65115207    0.69174254    0.68483154    0.66617557    0.68119916    0.72806362    0.69464238    0.69247750    0.69751282    0.70547015    0.71769492    0.69008222    0.51991165    0.51410703    0.75255662    0.42115671    0.45981617    0.45928684    0.58161156    0.46487904    0.43820781
G2RFA2_THETT/19-901     0.36085084    0.38344937    0.33363761    0.00000000    0.36783176    0.45404204    0.46665251    0.60145989    0.52654753    0.69715013    0.66243146    0.63230718    0.87367225    0.86598071    0.79759271    1.73918764    1.90269910    2.44796876    2.65745534    2.66047160    2.74232019    2.52136121    2.53743221    1.99846144    1.92411495    1.93152737    1.18679589    1.31750808    0.63099155    0.68998070    0.67694360    0.66541340    0.66777574    0.67305468    0.68438668    0.65972218    0.67877188    0.68897162    0.68582603    0.67119117    0.53603745    0.52492204    0.68546338    0.37532527    0.44200060    0.43998612    0.56032501    0.42530791    0.41523425
A0A0C4E2U8_MAGP6/23-869     0.37409025    0.37959248    0.43835791    0.36783176    0.00000000    0.39450322    0.40544551    0.61469277    0.55338823    0.70217288    0.66154552    0.66608959    0.82603263    0.78428857    0.78004129    1.71678362    1.84565812    2.48114617    2.47679658    2.57819064    2.56659792    2.44084666    2.39228384    1.99310916    1.91401907    1.97457668    1.28814392    1.31903925    0.62065208    0.70322696    0.69029293    0.64994724    0.69239251    0.70389610    0.68851035    0.70413126    0.72385403    0.71717207    0.73519875    0.69877138    0.51492863    0.50081075    0.68235009    0.36869865    0.45146717    0.46643954    0.53668578    0.43058854    0.37610996
U7PUN1_SPOS1/23-938     0.48830602    0.51846784    0.54029785    0.45404204    0.39450322    0.00000000    0.15522921    0.61812177    0.56946738    0.73861553    0.66461402    0.66554438    0.83156532    0.81030941    0.75887016    1.69972316    1.86053729    2.42311566    2.48836038    2.53662974    2.53090531    2.41827382    2.42346945    1.88750907    1.85471474    1.93416225    1.25787965    1.32294604    0.66335159    0.71509575    0.70181093    0.65054594    0.68068712    0.71931197    0.68531240    0.67570159    0.68340123    0.67918835    0.67226015    0.68873997    0.58292346    0.56660573    0.73079838    0.42101140    0.45532376    0.49658552    0.56449335    0.45344710    0.43028186
S3CTF3_OPHP1/23-937     0.49889528    0.50807439    0.54736174    0.46665251    0.40544551    0.15522921    0.00000000    0.60357993    0.58517908    0.72798735    0.68458316    0.66328546    0.82942390    0.79914910    0.76753928    1.71874659    1.89647855    2.41907705    2.48576803    2.57447162    2.52368511    2.42468888    2.45595543    1.92365681    1.91254558    1.94800836    1.26542222    1.31821961    0.66283955    0.75282327    0.70998487    0.66040989    0.70358791    0.72301241    0.67808831    0.68555931    0.70015101    0.70427629    0.67391782    0.67529999    0.57110909    0.55345585    0.71839327    0.40447881    0.46123131    0.49829189    0.54849844    0.45142806    0.42914136
K2QXP5_MACPH/9-797     0.60390587    0.60904471    0.61309545    0.60145989    0.61469277    0.61812177    0.60357993    0.00000000    0.41821120    0.61777716    0.61058222    0.58616368    0.74785119    0.73726804    0.76915553    1.55622341    1.73956371    2.39226546    2.52352695    2.55243735    2.50494996    2.46714891    2.48075198    1.78798023    1.82347077    1.86953961    1.05269281    1.24397051    0.66460518    0.68832797    0.68598009    0.62107855    0.63009601    0.64861804    0.64315906    0.62346161    0.63213967    0.64946032    0.64186203    0.63774009    0.56373870    0.52054610    0.64168537    0.57242473    0.67279951    0.64680465    0.70450291    0.57849869    0.61015077
R7YSL9_CONA1/9-795     0.55489589    0.55855639    0.54042093    0.52654753    0.55338823    0.56946738    0.58517908    0.41821120    0.00000000    0.58203870    0.57268542    0.56347242    0.70132121    0.69801852    0.72579409    1.58280012    1.72956384    2.45746466    2.58277463    2.53330780    2.57846153    2.43176211    2.49569650    1.95430179    1.92698529    1.96517776    1.07693617    1.25719972    0.58245688    0.61014809    0.60536089    0.55854135    0.55497202    0.60469175    0.57008305    0.56058829    0.55753550    0.58239915    0.56570413    0.56871321    0.47777853    0.44447307    0.62167032    0.51444931    0.55335571    0.59248660    0.66577478    0.55122109    0.52523095
M2MYQ6_BAUPA/8-810     0.71671513    0.73168500    0.71192466    0.69715013    0.70217288    0.73861553    0.72798735    0.61777716    0.58203870    0.00000000    0.47958587    0.43101359    0.80777886    0.81985761    0.81033988    1.72125188    1.94017673    2.48527884    2.64085167    2.77060743    2.75906898    2.59462239    2.59878412    1.99654195    1.93590608    2.00919875    1.20553876    1.36778484    0.66513166    0.70561492    0.71713000    0.70523175    0.63677912    0.68339633    0.64700633    0.67757392    0.69807552    0.70099793    0.70323826    0.69598854    0.65512665    0.62157250    0.70631041    0.65919285    0.67560284    0.65582541    0.75310999    0.68644128    0.68196767
M3AS54_PSEFD/10-826     0.68086609    0.68944316    0.68192708    0.66243146    0.66154552    0.66461402    0.68458316    0.61058222    0.57268542    0.47958587    0.00000000    0.26575859    0.86005080    0.83857229    0.82707828    1.72988652    1.84518456    2.42437447    2.62185102    2.75398616    2.76716148    2.57128934    2.55447678    1.90693438    1.83482521    1.91314826    1.13930006    1.34627659    0.67595866    0.69838054    0.67952766    0.67984744    0.66440564    0.69744424    0.64520731    0.67596373    0.68562535    0.66476305    0.69414619    0.68082583    0.57996564    0.58056107    0.74812557    0.61962243    0.65282369    0.64638850    0.70891520    0.60012258    0.60768398
M3BUE2_SPHMS/8-817     0.65420335    0.66384947    0.64355814    0.63230718    0.66608959    0.66554438    0.66328546    0.58616368    0.56347242    0.43101359    0.26575859    0.00000000    0.80721340    0.80259528    0.81603892    1.80038430    1.83667695    2.49070247    2.72980650    2.79246637    2.80417194    2.48012610    2.47418571    1.84919981    1.81789425    1.88576945    1.14059606    1.36258860    0.63213419    0.69636334    0.67199028    0.64352940    0.61121345    0.64887469    0.61364755    0.62879047    0.63841068    0.63989187    0.64325758    0.60976789    0.56779783    0.59312967    0.70899695    0.60741868    0.62228074    0.62484442    0.67854819    0.59607092    0.60744481
G1X7Y0_ARTOA/11-827     0.79764695    0.83080554    0.89238773    0.87367225    0.82603263    0.83156532    0.82942390    0.74785119    0.70132121    0.80777886    0.86005080    0.80721340    0.00000000    0.24460245    0.75310061    1.61990619    1.85319774    2.56497765    2.60035840    2.72202168    2.76452303    2.61897779    2.66244804    1.90510680    1.92144290    1.96806369    1.20498865    1.27143140    0.80587589    0.83601746    0.84130324    0.81564329    0.78391094    0.80725613    0.77621593    0.81474878    0.81797734    0.82044102    0.87366310    0.81651808    0.78849071    0.77278839    0.88454650    0.72966366    0.78786892    0.79342155    0.87254568    0.77627582    0.76697500
S8A8M8_DACHA/8-822     0.76775728    0.79570767    0.85492811    0.86598071    0.78428857    0.81030941    0.79914910    0.73726804    0.69801852    0.81985761    0.83857229    0.80259528    0.24460245    0.00000000    0.75503804    1.57651372    1.77660425    2.51517770    2.49870850    2.59666310    2.65848881    2.40084889    2.47693326    1.81486797    1.82820484    1.92171333    1.15295139    1.24651869    0.77510443    0.81184748    0.81261321    0.77403822    0.76629811    0.79550871    0.75179108    0.77089830    0.79449685    0.79273447    0.81703645    0.78087162    0.74432568    0.76608974    0.84481704    0.73939232    0.76237947    0.79040735    0.84244747    0.74374368    0.75390595
D5GHC6_TUBMM/17-817     0.75917990    0.77797027    0.79139268    0.79759271    0.78004129    0.75887016    0.76753928    0.76915553    0.72579409    0.81033988    0.82707828    0.81603892    0.75310061    0.75503804    0.00000000    1.69649959    1.82673193    2.38528234    2.54847026    2.74565245    2.50894366    2.51616453    2.47639883    1.91074681    1.84256439    1.87235899    1.20167199    1.21470123    0.79331735    0.85440968    0.86199074    0.79136827    0.81348677    0.84089432    0.78591016    0.81485928    0.80047027    0.83498072    0.84762821    0.84188705    0.70229215    0.68313478    0.80286144    0.71038825    0.71582512    0.70376095    0.81368361    0.70882945    0.66151888
C1FH14_MICCC/17-757     1.72529528    1.76835006    1.76976251    1.73918764    1.71678362    1.69972316    1.71874659    1.55622341    1.58280012    1.72125188    1.72988652    1.80038430    1.61990619    1.57651372    1.69649959    0.00000000    1.80809640    2.21407390    2.40719673    2.40333361    2.48162138    2.34763691    2.42738185    1.86132571    1.93262319    1.93428731    1.80259486    1.99946849    1.64640874    1.69287172    1.67491168    1.65313815    1.67944474    1.70063300    1.66676905    1.63604504    1.71967979    1.59179622    1.61133232    1.63922725    1.73806523    1.64802308    1.73466896    1.77502356    1.74560375    1.70108719    1.76791567    1.68156017    1.74507324
D3BE66_POLPP/98-914     1.88453132    1.95734493    1.96049072    1.90269910    1.84565812    1.86053729    1.89647855    1.73956371    1.72956384    1.94017673    1.84518456    1.83667695    1.85319774    1.77660425    1.82673193    1.80809640    0.00000000    2.39615601    2.29164807    2.31449864    2.36619698    2.21137407    2.37455704    1.81989528    1.82879081    1.91434116    2.02429600    1.88482969    1.76645014    1.85793027    1.83743096    1.78622903    1.77870370    1.75677418    1.79539273    1.80175180    1.81570824    1.77017792    1.80775430    1.79278693    1.80441016    1.76876090    1.91578657    1.84385184    1.80086549    1.87825939    1.88748910    1.86864923    1.87587696
B0WXP7_CULQU/8-743     2.48117129    2.50455909    2.45094504    2.44796876    2.48114617    2.42311566    2.41907705    2.39226546    2.45746466    2.48527884    2.42437447    2.49070247    2.56497765    2.51517770    2.38528234    2.21407390    2.39615601    0.00000000    1.13733083    1.13613357    1.14747430    1.20930108    1.18845417    2.25934935    1.96615580    2.03371079    2.34408987    2.40722004    2.35697218    2.38810796    2.36530906    2.41513837    2.35559784    2.34335292    2.32217439    2.37204284    2.31015715    2.30029311    2.26169103    2.31224113    2.43330886    2.48756191    2.32016818    2.40981581    2.39495223    2.42291567    2.32150261    2.44460693    2.42564751
B4JQ86_DROGR/7-747     2.56482237    2.56884564    2.60478262    2.65745534    2.47679658    2.48836038    2.48576803    2.52352695    2.58277463    2.64085167    2.62185102    2.72980650    2.60035840    2.49870850    2.54847026    2.40719673    2.29164807    1.13733083    0.00000000    0.23191041    0.37663053    0.52120608    0.50463097    2.37287694    2.22107582    2.18497437    2.40014734    2.48772078    2.60864169    2.65961130    2.59439040    2.48784355    2.42120096    2.55964946    2.44458670    2.46500341    2.45839393    2.47098086    2.43614201    2.48178629    2.63216207    2.50796626    2.63418244    2.48205906    2.48754436    2.46968744    2.61634071    2.69476485    2.61947646
B4M9L3_DROVI/7-750     2.59163341    2.60490529    2.67337606    2.66047160    2.57819064    2.53662974    2.57447162    2.55243735    2.53330780    2.77060743    2.75398616    2.79246637    2.72202168    2.59666310    2.74565245    2.40333361    2.31449864    1.13613357    0.23191041    0.00000000    0.28112764    0.50224647    0.51653138    2.41208384    2.40671598    2.26708061    2.53727977    2.60878435    2.63643110    2.70628413    2.68747151    2.54237273    2.53273096    2.63151148    2.52189004    2.55335766    2.52012278    2.50453513    2.52929691    2.53535791    2.62287382    2.60560559    2.66862416    2.56855023    2.59913531    2.60443407    2.69925597    2.71875433    2.58598479
B4KKW5_DROMO/7-744     2.63508991    2.61972877    2.70072891    2.74232019    2.56659792    2.53090531    2.52368511    2.50494996    2.57846153    2.75906898    2.76716148    2.80417194    2.76452303    2.65848881    2.50894366    2.48162138    2.36619698    1.14747430    0.37663053    0.28112764    0.00000000    0.54385369    0.52699672    2.33780952    2.25378957    2.23505223    2.57144665    2.51116660    2.53243135    2.70427663    2.67963986    2.51936321    2.49271365    2.57636037    2.50082695    2.56761118    2.56800678    2.44742202    2.47802688    2.55568030    2.58837798    2.62530015    2.73080952    2.51675876    2.58040462    2.58644437    2.57978689    2.63809138    2.53491987
Q9VIP9_DROME/7-732     2.47767750    2.47878263    2.52090691    2.52136121    2.44084666    2.41827382    2.42468888    2.46714891    2.43176211    2.59462239    2.57128934    2.48012610    2.61897779    2.40084889    2.51616453    2.34763691    2.21137407    1.20930108    0.52120608    0.50224647    0.54385369    0.00000000    0.32892610    2.18589244    2.13737576    2.01405125    2.50831260    2.53334992    2.46349497    2.63413886    2.55729048    2.42288479    2.37109025    2.45692331    2.37513667    2.43271479    2.45735685    2.39739567    2.38299424    2.44945422    2.43511542    2.38977871    2.41874054    2.29306553    2.36738419    2.38048517    2.38732149    2.47545114    2.40061657
B3ML33_DROAN/7-739     2.46495917    2.46448365    2.49118394    2.53743221    2.39228384    2.42346945    2.45595543    2.48075198    2.49569650    2.59878412    2.55447678    2.47418571    2.66244804    2.47693326    2.47639883    2.42738185    2.37455704    1.18845417    0.50463097    0.51653138    0.52699672    0.32892610    0.00000000    2.30431142    2.27911125    2.15062298    2.54477260    2.48777059    2.53752252    2.66024121    2.62667042    2.52741101    2.44127326    2.49944628    2.43959950    2.48401192    2.52815574    2.41530302    2.47829562    2.51097233    2.49437213    2.46679807    2.43778850    2.33168951    2.35175544    2.31293912    2.46552595    2.52888751    2.43732146
A2BG39_DANRE/26-688     1.94114924    2.02631347    2.06653717    1.99846144    1.99310916    1.88750907    1.92365681    1.78798023    1.95430179    1.99654195    1.90693438    1.84919981    1.90510680    1.81486797    1.91074681    1.86132571    1.81989528    2.25934935    2.37287694    2.41208384    2.33780952    2.18589244    2.30431142    0.00000000    0.80492150    0.76269078    2.00663716    2.10489741    1.90318312    1.96180238    1.98812675    1.93143898    1.97244412    1.87428514    1.79951201    1.96494930    1.86457624    1.91091577    1.93537065    1.96230990    2.00373967    1.90907835    1.90791817    2.06600162    1.96930656    1.92781866    2.04997598    1.91691917    1.97247086
H9GDF5_ANOCA/38-723     1.89558728    1.90714569    1.99473655    1.92411495    1.91401907    1.85471474    1.91254558    1.82347077    1.92698529    1.93590608    1.83482521    1.81789425    1.92144290    1.82820484    1.84256439    1.93262319    1.82879081    1.96615580    2.22107582    2.40671598    2.25378957    2.13737576    2.27911125    0.80492150    0.00000000    0.61199499    1.90022374    1.92292686    1.91571884    1.88485390    1.83529126    1.95635172    1.94914310    1.84899995    1.82311547    1.91480609    1.87640806    1.84567174    1.91653951    1.87294125    1.92702936    1.87615720    1.92170463    2.00541020    1.90989718    1.88993135    2.01347745    1.88700056    1.93638980
F1Q3I3_CANLF/34-726     1.85721007    1.89280637    2.02482277    1.93152737    1.97457668    1.93416225    1.94800836    1.86953961    1.96517776    2.00919875    1.91314826    1.88576945    1.96806369    1.92171333    1.87235899    1.93428731    1.91434116    2.03371079    2.18497437    2.26708061    2.23505223    2.01405125    2.15062298    0.76269078    0.61199499    0.00000000    1.92093497    2.06734409    2.01606146    1.97922733    2.00520755    2.03734864    2.03498210    1.94640417    1.92738062    1.98805751    1.95193028    2.01264931    2.04043956    2.00069639    1.97128087    1.93334222    2.03206352    1.96403981    2.02965806    1.93578100    2.01676416    1.91693903    1.91775383
Q6CFV1_YARLI/16-728     1.20017517    1.18664944    1.20455113    1.18679589    1.28814392    1.25787965    1.26542222    1.05269281    1.07693617    1.20553876    1.13930006    1.14059606    1.20498865    1.15295139    1.20167199    1.80259486    2.02429600    2.34408987    2.40014734    2.53727977    2.57144665    2.50831260    2.54477260    2.00663716    1.90022374    1.92093497    0.00000000    1.51273934    1.14045394    1.20679478    1.23194419    1.13563121    1.13816262    1.16747856    1.16064683    1.18848304    1.16614587    1.14075616    1.20606165    1.16810722    1.16707648    1.14945967    1.22093447    1.19169643    1.23466738    1.20282280    1.25748879    1.16308375    1.17938437
A5DQ47_PICGU/21-709     1.28928228    1.31767199    1.37618552    1.31750808    1.31903925    1.32294604    1.31821961    1.24397051    1.25719972    1.36778484    1.34627659    1.36258860    1.27143140    1.24651869    1.21470123    1.99946849    1.88482969    2.40722004    2.48772078    2.60878435    2.51116660    2.53334992    2.48777059    2.10489741    1.92292686    2.06734409    1.51273934    0.00000000    1.36459945    1.37514738    1.33915933    1.32079482    1.32377643    1.35993734    1.28800090    1.34394594    1.31102806    1.30230746    1.33338011    1.33335123    1.35908991    1.34576698    1.35751709    1.29408405    1.32662748    1.31186725    1.30740729    1.24531830    1.22539527
C6HBL7_AJECH/18-881     0.65470487    0.65977906    0.65115207    0.63099155    0.62065208    0.66335159    0.66283955    0.66460518    0.58245688    0.66513166    0.67595866    0.63213419    0.80587589    0.77510443    0.79331735    1.64640874    1.76645014    2.35697218    2.60864169    2.63643110    2.53243135    2.46349497    2.53752252    1.90318312    1.91571884    2.01606146    1.14045394    1.36459945    0.00000000    0.31048398    0.34545388    0.38580399    0.38934882    0.47378215    0.42936141    0.41319906    0.42716514    0.44427535    0.43303818    0.41119035    0.56876620    0.56987965    0.76507478    0.59799000    0.61968288    0.65074710    0.72297699    0.60688234    0.58648801
E9DGV6_COCPS/20-883     0.74278592    0.75426046    0.69174254    0.68998070    0.70322696    0.71509575    0.75282327    0.68832797    0.61014809    0.70561492    0.69838054    0.69636334    0.83601746    0.81184748    0.85440968    1.69287172    1.85793027    2.38810796    2.65961130    2.70628413    2.70427663    2.63413886    2.66024121    1.96180238    1.88485390    1.97922733    1.20679478    1.37514738    0.31048398    0.00000000    0.34756512    0.40441290    0.41213604    0.51112051    0.44773331    0.44497898    0.46442409    0.44353693    0.44946468    0.44865252    0.61894654    0.59866868    0.77483716    0.62124635    0.66860737    0.68683500    0.77570812    0.63340928    0.63240335
C5FYD3_ARTOC/21-878     0.69589968    0.70001663    0.68483154    0.67694360    0.69029293    0.70181093    0.70998487    0.68598009    0.60536089    0.71713000    0.67952766    0.67199028    0.84130324    0.81261321    0.86199074    1.67491168    1.83743096    2.36530906    2.59439040    2.68747151    2.67963986    2.55729048    2.62667042    1.98812675    1.83529126    2.00520755    1.23194419    1.33915933    0.34545388    0.34756512    0.00000000    0.43639600    0.41679188    0.50071670    0.46031060    0.44306772    0.47874251    0.45915009    0.44463902    0.46119381    0.63790489    0.61050467    0.75919222    0.64241103    0.66864455    0.68911972    0.76180850    0.65064172    0.64580483
B8LZG5_TALSN/16-876     0.69223225    0.69973455    0.66617557    0.66541340    0.64994724    0.65054594    0.66040989    0.62107855    0.55854135    0.70523175    0.67984744    0.64352940    0.81564329    0.77403822    0.79136827    1.65313815    1.78622903    2.41513837    2.48784355    2.54237273    2.51936321    2.42288479    2.52741101    1.93143898    1.95635172    2.03734864    1.13563121    1.32079482    0.38580399    0.40441290    0.43639600    0.00000000    0.28850110    0.40246960    0.38502368    0.35739839    0.37263542    0.38986678    0.36369521    0.36585295    0.56484964    0.56934777    0.71264149    0.56238591    0.61657918    0.62982844    0.68115432    0.57691784    0.58319074
V5I0K7_BYSSN/13-881     0.70004755    0.71732144    0.68119916    0.66777574    0.69239251    0.68068712    0.70358791    0.63009601    0.55497202    0.63677912    0.66440564    0.61121345    0.78391094    0.76629811    0.81348677    1.67944474    1.77870370    2.35559784    2.42120096    2.53273096    2.49271365    2.37109025    2.44127326    1.97244412    1.94914310    2.03498210    1.13816262    1.32377643    0.38934882    0.41213604    0.41679188    0.28850110    0.00000000    0.40035569    0.33748491    0.35799195    0.35890632    0.35763671    0.36238939    0.33993640    0.57757302    0.55891062    0.74137274    0.60638121    0.66487121    0.67791459    0.75289888    0.63570543    0.62207328
S8AVQ9_PENO1/14-857     0.73845288    0.75220233    0.72806362    0.67305468    0.70389610    0.71931197    0.72301241    0.64861804    0.60469175    0.68339633    0.69744424    0.64887469    0.80725613    0.79550871    0.84089432    1.70063300    1.75677418    2.34335292    2.55964946    2.63151148    2.57636037    2.45692331    2.49944628    1.87428514    1.84899995    1.94640417    1.16747856    1.35993734    0.47378215    0.51112051    0.50071670    0.40246960    0.40035569    0.00000000    0.25013489    0.36641194    0.34328495    0.34467360    0.34670276    0.34635075    0.65275292    0.60963614    0.77492700    0.61657806    0.64447904    0.66445032    0.73623520    0.63849483    0.61230926
B6HN71_PENRW/13-855     0.69864461    0.71050028    0.69464238    0.68438668    0.68851035    0.68531240    0.67808831    0.64315906    0.57008305    0.64700633    0.64520731    0.61364755    0.77621593    0.75179108    0.78591016    1.66676905    1.79539273    2.32217439    2.44458670    2.52189004    2.50082695    2.37513667    2.43959950    1.79951201    1.82311547    1.92738062    1.16064683    1.28800090    0.42936141    0.44773331    0.46031060    0.38502368    0.33748491    0.25013489    0.00000000    0.29849165    0.30212664    0.29849980    0.28685765    0.27505576    0.61628798    0.58785510    0.76840530    0.61426786    0.63505181    0.64132026    0.73193492    0.60407365    0.57793140
Q4WG60_ASPFU/13-869     0.70210565    0.72798149    0.69247750    0.65972218    0.70413126    0.67570159    0.68555931    0.62346161    0.56058829    0.67757392    0.67596373    0.62879047    0.81474878    0.77089830    0.81485928    1.63604504    1.80175180    2.37204284    2.46500341    2.55335766    2.56761118    2.43271479    2.48401192    1.96494930    1.91480609    1.98805751    1.18848304    1.34394594    0.41319906    0.44497898    0.44306772    0.35739839    0.35799195    0.36641194    0.29849165    0.00000000    0.25292767    0.27319951    0.22744388    0.24068788    0.59100487    0.57568280    0.72206578    0.61903813    0.64758758    0.67694235    0.71783495    0.61256335    0.62188339
Q5B5B5_EMENI/11-875     0.72706404    0.73697494    0.69751282    0.67877188    0.72385403    0.68340123    0.70015101    0.63213967    0.55753550    0.69807552    0.68562535    0.63841068    0.81797734    0.79449685    0.80047027    1.71967979    1.81570824    2.31015715    2.45839393    2.52012278    2.56800678    2.45735685    2.52815574    1.86457624    1.87640806    1.95193028    1.16614587    1.31102806    0.42716514    0.46442409    0.47874251    0.37263542    0.35890632    0.34328495    0.30212664    0.25292767    0.00000000    0.26787817    0.25661850    0.25259204    0.60187397    0.58420829    0.72393282    0.61556843    0.63092534    0.66427510    0.72044289    0.61577987    0.60945492
A2R182_ASPNC/14-870     0.71582263    0.73093786    0.70547015    0.68897162    0.71717207    0.67918835    0.70427629    0.64946032    0.58239915    0.70099793    0.66476305    0.63989187    0.82044102    0.79273447    0.83498072    1.59179622    1.77017792    2.30029311    2.47098086    2.50453513    2.44742202    2.39739567    2.41530302    1.91091577    1.84567174    2.01264931    1.14075616    1.30230746    0.44427535    0.44353693    0.45915009    0.38986678    0.35763671    0.34467360    0.29849980    0.27319951    0.26787817    0.00000000    0.22961835    0.24525455    0.60885635    0.58090482    0.75771668    0.62104272    0.66230149    0.67141849    0.73800613    0.63098279    0.58777121
B8NFM9_ASPFN/13-870     0.71682490    0.74202678    0.71769492    0.68582603    0.73519875    0.67226015    0.67391782    0.64186203    0.56570413    0.70323826    0.69414619    0.64325758    0.87366310    0.81703645    0.84762821    1.61133232    1.80775430    2.26169103    2.43614201    2.52929691    2.47802688    2.38299424    2.47829562    1.93537065    1.91653951    2.04043956    1.20606165    1.33338011    0.43303818    0.44946468    0.44463902    0.36369521    0.36238939    0.34670276    0.28685765    0.22744388    0.25661850    0.22961835    0.00000000    0.19809272    0.61846959    0.59340437    0.75202758    0.62757081    0.65730272    0.67540174    0.74622562    0.63297620    0.62745032
Q0CPW2_ASPTN/13-863     0.68691304    0.71652587    0.69008222    0.67119117    0.69877138    0.68873997    0.67529999    0.63774009    0.56871321    0.69598854    0.68082583    0.60976789    0.81651808    0.78087162    0.84188705    1.63922725    1.79278693    2.31224113    2.48178629    2.53535791    2.55568030    2.44945422    2.51097233    1.96230990    1.87294125    2.00069639    1.16810722    1.33335123    0.41119035    0.44865252    0.46119381    0.36585295    0.33993640    0.34635075    0.27505576    0.24068788    0.25259204    0.24525455    0.19809272    0.00000000    0.62549133    0.58594049    0.75642621    0.62194987    0.63407820    0.65960985    0.72433908    0.60643841    0.61747206
M7TYE6_BOTF1/24-854     0.55525943    0.56333590    0.51991165    0.53603745    0.51492863    0.58292346    0.57110909    0.56373870    0.47777853    0.65512665    0.57996564    0.56779783    0.78849071    0.74432568    0.70229215    1.73806523    1.80441016    2.43330886    2.63216207    2.62287382    2.58837798    2.43511542    2.49437213    2.00373967    1.92702936    1.97128087    1.16707648    1.35908991    0.56876620    0.61894654    0.63790489    0.56484964    0.57757302    0.65275292    0.61628798    0.59100487    0.60187397    0.60885635    0.61846959    0.62549133    0.00000000    0.34034848    0.59829421    0.52965964    0.51778745    0.53349587    0.61926621    0.48435989    0.49249302
L8G0K4_PSED2/19-853     0.55316047    0.54829110    0.51410703    0.52492204    0.50081075    0.56660573    0.55345585    0.52054610    0.44447307    0.62157250    0.58056107    0.59312967    0.77278839    0.76608974    0.68313478    1.64802308    1.76876090    2.48756191    2.50796626    2.60560559    2.62530015    2.38977871    2.46679807    1.90907835    1.87615720    1.93334222    1.14945967    1.34576698    0.56987965    0.59866868    0.61050467    0.56934777    0.55891062    0.60963614    0.58785510    0.57568280    0.58420829    0.58090482    0.59340437    0.58594049    0.34034848    0.00000000    0.59400451    0.48953307    0.50736013    0.52648175    0.58121041    0.48727793    0.48363760
N1JBF6_BLUG1/15-813     0.70505328    0.72418288    0.75255662    0.68546338    0.68235009    0.73079838    0.71839327    0.64168537    0.62167032    0.70631041    0.74812557    0.70899695    0.88454650    0.84481704    0.80286144    1.73466896    1.91578657    2.32016818    2.63418244    2.66862416    2.73080952    2.41874054    2.43778850    1.90791817    1.92170463    2.03206352    1.22093447    1.35751709    0.76507478    0.77483716    0.75919222    0.71264149    0.74137274    0.77492700    0.76840530    0.72206578    0.72393282    0.75771668    0.75202758    0.75642621    0.59829421    0.59400451    0.00000000    0.69335825    0.71153757    0.70792098    0.75695810    0.68821995    0.68583079
C9SHQ8_VERA1/17-841     0.42096628    0.42378790    0.42115671    0.37532527    0.36869865    0.42101140    0.40447881    0.57242473    0.51444931    0.65919285    0.61962243    0.60741868    0.72966366    0.73939232    0.71038825    1.77502356    1.84385184    2.40981581    2.48205906    2.56855023    2.51675876    2.29306553    2.33168951    2.06600162    2.00541020    1.96403981    1.19169643    1.29408405    0.59799000    0.62124635    0.64241103    0.56238591    0.60638121    0.61657806    0.61426786    0.61903813    0.61556843    0.62104272    0.62757081    0.62194987    0.52965964    0.48953307    0.69335825    0.00000000    0.37251880    0.41012052    0.42829736    0.33867472    0.29426295
E9DTV2_METAQ/19-828     0.48923022    0.50213474    0.45981617    0.44200060    0.45146717    0.45532376    0.46123131    0.67279951    0.55335571    0.67560284    0.65282369    0.62228074    0.78786892    0.76237947    0.71582512    1.74560375    1.80086549    2.39495223    2.48754436    2.59913531    2.58040462    2.36738419    2.35175544    1.96930656    1.90989718    2.02965806    1.23466738    1.32662748    0.61968288    0.66860737    0.66864455    0.61657918    0.66487121    0.64447904    0.63505181    0.64758758    0.63092534    0.66230149    0.65730272    0.63407820    0.51778745    0.50736013    0.71153757    0.37251880    0.00000000    0.19465541    0.40216084    0.34206226    0.33126035
M1WFM8_CLAP2/19-847     0.50019924    0.53421543    0.45928684    0.43998612    0.46643954    0.49658552    0.49829189    0.64680465    0.59248660    0.65582541    0.64638850    0.62484442    0.79342155    0.79040735    0.70376095    1.70108719    1.87825939    2.42291567    2.46968744    2.60443407    2.58644437    2.38048517    2.31293912    1.92781866    1.88993135    1.93578100    1.20282280    1.31186725    0.65074710    0.68683500    0.68911972    0.62982844    0.67791459    0.66445032    0.64132026    0.67694235    0.66427510    0.67141849    0.67540174    0.65960985    0.53349587    0.52648175    0.70792098    0.41012052    0.19465541    0.00000000    0.43487896    0.34729941    0.33923467
G3J5P2_CORMM/14-857     0.55287792    0.56408374    0.58161156    0.56032501    0.53668578    0.56449335    0.54849844    0.70450291    0.66577478    0.75310999    0.70891520    0.67854819    0.87254568    0.84244747    0.81368361    1.76791567    1.88748910    2.32150261    2.61634071    2.69925597    2.57978689    2.38732149    2.46552595    2.04997598    2.01347745    2.01676416    1.25748879    1.30740729    0.72297699    0.77570812    0.76180850    0.68115432    0.75289888    0.73623520    0.73193492    0.71783495    0.72044289    0.73800613    0.74622562    0.72433908    0.61926621    0.58121041    0.75695810    0.42829736    0.40216084    0.43487896    0.00000000    0.40248985    0.44646641
G9P839_HYPAI/12-840     0.43676049    0.44970972    0.46487904    0.42530791    0.43058854    0.45344710    0.45142806    0.57849869    0.55122109    0.68644128    0.60012258    0.59607092    0.77627582    0.74374368    0.70882945    1.68156017    1.86864923    2.44460693    2.69476485    2.71875433    2.63809138    2.47545114    2.52888751    1.91691917    1.88700056    1.91693903    1.16308375    1.24531830    0.60688234    0.63340928    0.65064172    0.57691784    0.63570543    0.63849483    0.60407365    0.61256335    0.61577987    0.63098279    0.63297620    0.60643841    0.48435989    0.48727793    0.68821995    0.33867472    0.34206226    0.34729941    0.40248985    0.00000000    0.34556694
A0A0D2XCR3_FUSO4/20-825     0.42571723    0.43315944    0.43820781    0.41523425    0.37610996    0.43028186    0.42914136    0.61015077    0.52523095    0.68196767    0.60768398    0.60744481    0.76697500    0.75390595    0.66151888    1.74507324    1.87587696    2.42564751    2.61947646    2.58598479    2.53491987    2.40061657    2.43732146    1.97247086    1.93638980    1.91775383    1.17938437    1.22539527    0.58648801    0.63240335    0.64580483    0.58319074    0.62207328    0.61230926    0.57793140    0.62188339    0.60945492    0.58777121    0.62745032    0.61747206    0.49249302    0.48363760    0.68583079    0.29426295    0.33126035    0.33923467    0.44646641    0.34556694    0.00000000

