8
Q6LZQ5_METMP/6-275     0.00000000    1.41800103    1.33959934    1.31157978    1.38046597    1.18913017    2.36026155    2.38697690
A6UUR1_META3/6-270     1.41800103    0.00000000    0.95089191    1.01904443    1.18993328    0.94291414    1.78435888    2.22411515
Q6M088_METMP/6-297     1.33959934    0.95089191    0.00000000    0.85185479    0.99197961    0.92305307    2.20842724    2.08693272
D7DR47_METV3/6-301     1.31157978    1.01904443    0.85185479    0.00000000    0.71809868    0.97941591    2.04605943    1.98342216
D7DRS7_METV3/7-271     1.38046597    1.18993328    0.99197961    0.71809868    0.00000000    1.09989926    2.09539942    2.32394471
CSG_METJA/6-282     1.18913017    0.94291414    0.92305307    0.97941591    1.09989926    0.00000000    1.73811538    1.84786616
Q5JI58_THEKO/4-325     2.36026155    1.78435888    2.20842724    2.04605943    2.09539942    1.73811538    0.00000000    1.01641120
Q8U130_PYRFU/4-321     2.38697690    2.22411515    2.08693272    1.98342216    2.32394471    1.84786616    1.01641120    0.00000000

