150
Q9ZHL3_HAEDC/651-728     0.00000000    0.46120536    1.14996101    1.09856183    1.75910162    0.90077038    2.34689769    2.02061102    2.50281730    2.31689795    4.20641887    4.57994893    4.86028479    4.84067935    4.53006139    4.42902897    4.07506304    2.99045194    3.23247365    4.12225921    3.38975242    3.51948868    3.12224150    2.97835499    3.62438706    2.89195552    3.89445273    3.96586069    4.45355051    3.45413111    2.41723441    3.64176760    3.41855528    4.11996262    3.94302020    3.54036794    3.84265341    4.38138563    3.26736016    9.02688101   11.67544885    2.31783848    2.82516438    2.16576991    2.52211563    3.39352820    2.05698364    4.33317131    2.42411987    2.51474833    2.32260411    2.28896877    2.87582557    2.93078181    2.62495583    3.06139661    3.95976688    2.97569030    3.30076104    2.92258493    3.33441872    2.76962749    2.49926220    1.85029612    2.09920228    2.33116919    2.63142587    2.72002596    2.69102678    2.61199058    3.54144068    2.87228166    3.70241611    4.06868722    2.25495381    2.68870987    3.65303087    3.61279430    4.91240874    5.44496294    3.28339014    4.07623383    2.19988240    3.87922223    5.30222302    2.89178507    2.20840817    5.08488276    2.20592656    2.54949920    2.70766634    2.23972545    5.12973095    3.74309212    2.51391641    1.84460247    2.69838739    2.33184498    2.51614667    2.79994786    3.75932493    2.14371862    3.41202776    1.85963595    3.43060525    3.62282204    2.33863171    2.82812144    2.39112141    3.05750109    2.57845090    1.59306402    3.05594131    2.15578820    2.39883374    2.77893343    2.37137160    2.93807097    2.16632820    2.50937301    2.18437886    2.32537636    2.31399083    2.24300434    2.58682816    3.88286026    3.29280061    2.97037002    3.87011606    6.01303671    3.45793318    5.10747333    3.39281130    2.26948132    2.41137880    2.09356315    1.84803904    2.64771830    2.08486205    1.80168924    2.64782442    3.98917973    3.44551674    3.17948953    2.74092439    3.30466411    2.74064716    2.56719338    3.46118219    2.91941267
G1UB82_HAEDU/773-850     0.46120536    0.00000000    1.35800818    1.52804330    1.86266382    1.16190314    2.18128908    1.95745674    3.87545588    3.62929949    5.58277469    5.42716061    7.13484362    4.25268835    4.73678589    3.98556548    3.87457575    2.83652749    3.31916880    4.52766313    3.22656685    4.07400821    3.60257792    3.28462914    3.50847175    3.54697394    4.28772134    3.40140845    5.58113013    3.04189855    3.40084696    3.94416606    4.06309994    4.54942301    4.01587743    4.55622468    4.69738152    4.00998908    3.81316109    7.44811663    7.44004256    2.69607649    3.13224363    2.43828719    2.78039397    3.74007365    2.77708002    5.33050155    2.59924175    3.07249660    2.88121628    3.00496492    3.10669772    3.31537938    3.14118299    3.05169896    4.09986783    3.35305932    3.52498970    3.12983099    3.33409395    2.73841596    2.58635222    2.04290942    2.39343835    2.35818664    2.96451325    2.93162121    2.60339908    2.33647516    3.51227213    3.09517833    3.29361441    3.62043113    3.02485254    3.09009819    3.70307327    3.75206044    5.92545772    6.57568059    4.14750965    4.47977766    2.48758266    4.35606415    6.36364179    2.86174051    2.50390330    6.03438630    2.02804813    2.62827975    2.34909257    2.30296137    6.10676587    3.44361841    3.22649006    2.46452971    3.25243180    2.69358070    4.01031267    3.63353273    3.68979438    2.12779591    3.39512693    2.26719777    4.24858401    3.32388384    2.70899588    2.89588958    2.58572760    3.32341921    2.87423369    1.78569376    3.10881914    2.26594866    2.29870541    2.59978380    2.07701988    3.05066136    2.78263881    3.09106121    2.72445084    2.35240178    2.82189274    2.80353881    2.94869554    3.77399778    3.06689307    2.89050690    4.01876416    6.08952802    3.24595060    4.58112931    3.66890107    2.40271992    2.78078307    2.10361568    2.23727094    2.94059884    2.37159164    2.51865178    3.15762655    4.08040834    3.78218367    3.46828256    3.12791701    4.00332608    2.66855852    2.47537027    3.58636586    2.46676537
Q9K0T0_NEIMB/769-825     1.14996101    1.35800818    0.00000000    1.73934481    2.62029881    1.83895456    2.07451120    2.19272766    2.18044691    2.11990055    4.53890011    5.50844946    6.38495471    4.98380509    6.10892356    4.33012464    3.65035687    3.19768638    3.37036591    3.64585536    2.79880017    2.62814293    3.31214138    3.22755832    3.57864807    3.73109658    3.09520804    3.12194946    4.82162443    2.96670454    3.22503590    4.12099734    2.60738776    4.80927992    5.38860765    4.02306867    4.06346229    3.70362092    2.63006418   13.33941784   15.03244530    3.31831966    3.22040253    3.00361624    2.24522232    3.71099970    2.27796626    3.01186404    1.82348748    3.41124776    3.35416531    2.64723519    3.41999257    2.59758033    2.64908557    3.69404637    4.15448840    3.43286469    3.52535703    3.09900198    3.64203753    3.93451559    3.14333608    2.91627588    3.09467569    3.53818336    2.77632053    3.92986589    2.10155808    3.63278481    4.96754030    3.70141944    3.04311795    3.14212539    2.57813479    3.34262116    2.96268626    3.09719988    5.12609822    3.42048025    2.96886502    5.06886397    2.46600674    4.88534744    3.93967043    1.79390847    3.78949580    2.85463289    2.18386640    2.08114876    2.10134322    2.70048221    3.72003438    2.79547750    2.91719235    2.27368162    3.43027499    1.55443046    2.72534071    2.64609387    3.52322647    2.03629347    3.05154304    1.93993714    3.94234851    2.69458722    2.05319184    2.28097605    2.62036681    3.66079206    2.92297033    1.72423266    2.87069783    1.84970462    1.89326125    1.80014581    1.93382932    2.41208771    4.39433190    4.02726655    3.34323138    3.10034923    3.37325256    2.92164838    2.97649854    2.67375846    2.52333694    1.71482851    1.88300758    3.74697135    2.74567328    3.31944469    2.81528392    2.24827350    2.48387869    1.69771933    2.87205844    1.78494799    1.86307596    3.11512160    3.06303310    3.33422957    3.69533168    2.62719718    2.55729994    4.39257144    2.31346799    2.79668332    4.75747817    2.24176065
G1UB82_HAEDU/884-936     1.09856183    1.52804330    1.73934481    0.00000000    1.67727716    0.91885963    2.09840943    1.56675470    2.57458329    2.34379831    3.70239679    4.77854045    5.64440434    4.00201021    3.24260592   20.00000000    5.04077969    2.40693808    2.42701136    2.73999775    2.23661017    2.78394534    1.56755418    2.02047519    2.47914317    1.86929538    2.76656862    2.91510325    4.09611776    3.37271754    1.82472626    3.93688616    2.94851005    5.01701500    3.34834357    3.60058958    3.55926576    3.99736103    3.32459083   20.00000000    5.23955655    2.62895534    1.99008822    2.66517230    2.57863606    2.18580386    2.45052322    4.35362904    2.17827464    3.19561194    3.32869952    2.74311346    2.78098613    2.80586504    3.25171503    4.24575167    5.17280381    4.01685565    4.26477993    3.67189431    2.79356515    2.74360066    2.51043402    2.14870175    2.28345607    2.31836476    2.95796413    2.79722827    2.49153324    2.71474094    3.40271200    3.69024200    3.91493162    4.27854131    2.34726807    2.47513975    3.36902845    2.38302208    3.63566233    3.30280948    2.15306065    6.25191568    2.84948398    3.60025036    3.00514781    2.99127749    2.83059645    2.24814974    3.10839083    2.64686972    3.03886495    2.42109453    5.57217755    2.49124497    2.65940358    2.22556915    2.84419867    1.82236572    3.33258707    1.91011561    4.09299310    2.24996042    2.76404848    1.73363030    2.89566239    3.04146409    1.68125898    2.18253526    2.56571529    2.69231615    2.31597806    2.57263922    2.99859747    2.35110280    1.89055554    2.35411023    2.09919172    2.56940190    2.93426922    2.35490405    2.09968829    2.24228703    2.56954946    2.86108616    3.34834412    2.23388385    2.39957054    2.07679890    2.35860809    4.18026592    2.73595537    3.84043956    2.29313459    2.51853485    2.55771929    2.05504891    1.72044059    1.65561373    1.76266526    1.69340184    2.73178446    2.54402369    2.58445689    3.60642988    2.23411525    5.33189325    2.91888879    2.48732984    3.17810963    2.01314410
Q8RGZ3_FUSNN/335-393     1.75910162    1.86266382    2.62029881    1.67727716    0.00000000    1.75875769    2.83623401    2.52438346    4.04844091    3.75922885    4.19171217    9.30381475    8.20103536    5.92381719   20.00000000    4.53862527    3.43047034    4.28218545    4.32493119    5.96422862    5.83996253    4.34251984    3.64779865    3.84078791    3.55830619    4.01850790    4.99851117    3.75611080    6.80493011    4.48897195    4.02546649    3.95309996    4.89993933    6.00622584    5.53345097    3.47514844    3.37863269    4.71329244    4.95436581    9.04786459    4.04168981    4.80029618    3.81697902    3.05235530    4.27659344    3.43769195    2.96762061    3.98903232    3.20414191    3.75609140    3.43471947    2.99817068    2.75651625    3.15423481    3.33682243    2.27184903    3.58587677    4.93174289    3.57278680    3.08076078    3.64760810    3.77942285    3.29822275    2.82405452    3.24444648    3.26148683    4.01224777    3.39563385    3.37999152    3.49250748    3.91781270    3.22247583    3.84803557    4.24533039    3.20600346    2.71639911    3.95191221    3.86167359    4.19963874    3.47871528    3.35026608    5.05756075    3.27574086    2.83122611    5.48718097    2.47362634    2.60689525    3.74945528    2.41973368    2.60449037    2.50321202    2.28775431    2.78142166    2.09716250    4.23432868    2.61139963    3.62784816    2.96757601    6.60675528    2.68187068    3.73686909    3.33327774    2.52238729    3.57909721    4.60604981    3.58577034    2.80152396    6.45424634    2.54079186    2.76704763    2.65025194    3.11261562    3.83359842    3.30796926    2.41762950    3.01469123    2.78169335    3.39469198    4.20282246    4.17915965    2.88807038    3.55012730    3.00213612    3.90185326    5.25595744    2.78016742    4.19766023    2.78749485    2.85426396    7.01882518    3.18901849    4.34409790    3.57312492    3.83280616    2.88829961    2.70398448    2.33175085    3.89746276    2.56179920    2.25576091    3.15921037    3.80115982    3.85368633    3.81465252    3.44590750    4.80277848    4.36842403    3.38345847    2.98569293    2.33944197
Q9ZHL3_HAEDC/759-809     0.90077038    1.16190314    1.83895456    0.91885963    1.75875769    0.00000000    1.63901270    1.78027389    3.40362853    3.07317086    5.94216233    5.78283463   20.00000000   12.51692357    4.09976852    4.57832639    5.74317475    3.23610244    2.54371641    3.32308061    3.26576371    2.73139856    2.83541997    2.44438541    2.63548383    2.67369796    4.14084112    2.27988568    3.59896180    2.87097088    2.34585553    4.52539046    3.44010468    4.36806164    3.75556331    2.78357338    3.12611855    3.43609912    4.00720810    8.31256258    7.15800087    2.75179211    2.89292017    2.43813280    2.19494510    2.11391381    2.98641008    3.87117674    1.76671581    3.07881178    3.20721278    3.18358958    3.38462375    3.29625594    3.50817032    3.60880124    3.14765436    3.34166585    3.16282986    3.02569995    1.92486072    2.56726660    1.96872820    1.80795066    2.03130451    1.87030014    3.21964815    3.03155916    2.06473173    3.66231650    4.68890601    3.47207611    3.45173562    3.49184780    3.43104362    3.02162667    4.17678855    3.23985710    3.05638425    4.87517597    2.74400678    4.25983082    2.72436624    5.22728345    5.36300559    2.65741289    5.09583482    3.36057462    2.68941123    2.69035919    2.61876871    1.96470923    4.74326932    2.58584091    2.73563282    2.27842179    2.79419912    1.82420115    3.89960270    2.43640685    3.38700950    1.71558282    2.83818900    1.80540325    4.06092155    2.92520449    1.92366154    3.94465954    2.67162024    3.08946906    2.93776298    2.31317384    3.16715056    1.99962748    1.71767096    2.62355422    2.07899507    2.96011668    2.64657744    2.37242572    2.12481148    2.20390343    1.96668238    2.19340757    2.93676291    3.28979711    3.05289391    2.33645939    2.85497705    4.43297337    2.54013547    4.15033703    3.46741856    1.91377042    5.15614851    3.28507340    1.71695425    1.88179639    2.48293919    1.68985495    2.44015996    4.20744897    2.03432094    2.86208160    4.62150291    3.47691883    2.13882386    2.44910422    3.58233532    2.52746788
Q9PBE8_XYLFA/2062-2138     2.34689769    2.18128908    2.07451120    2.09840943    2.83623401    1.63901270    0.00000000    1.92154815    2.60070079    2.43857440    5.46540691    9.69314676   20.00000000    7.61823820    4.38390463    4.29174700    7.91260871    2.81516930    3.20973429    3.42530296    4.29573208    4.25464379    3.56276342    2.93938866    3.64956355    2.25650636    3.30680144    4.58416219    8.25893597    3.76074709    5.58659048    3.80073718    4.60352316    3.22535473    5.53448860    3.09819863    3.02211810    4.93770048    6.47889247   10.32232560    7.79139381    2.97223727    3.96335313    2.42677067    2.64407052    2.54205985    2.20291241    3.47649660    2.06573210    2.90995335    3.25572810    2.08597112    2.44210634    2.77377730    2.35820617    2.79356383    3.45636140    2.36611375    2.24266310    2.20004186    2.99048731    2.79941265    3.00016641    2.34021814    2.05336425    1.71068526    2.34297993    2.37708922    2.90106978    2.65566700    3.50056633    2.09575664    2.61905806    2.64183777    2.88810488    3.09253244    2.79600812    2.33771687    3.26878292    3.30732798    4.58945803    4.42135720    3.07239274    5.21975568    4.46404266    2.60807409    3.19056613    3.42675329    2.04153034    2.75483156    2.10778813    2.04705859    3.38642030    3.29350007    2.35848674    2.61856158    2.84654836    2.31111853    2.24701253    3.07113266    4.02081706    2.82896722    3.68703203    2.38715859    4.45011047    3.27673805    3.58754017    5.49492453    3.56245148    3.54977350    2.68337430    2.28412407    3.01346557    2.84113454    2.93213389    2.76517219    3.17829435    3.01142346    3.36408559    3.51898211    3.47462269    3.11400372    3.25352823    3.46885651    3.67350721    2.67360067    2.52008912    2.71763458    2.49586132    4.60777120    2.56797788    3.80673659    3.13787562    2.28322339    3.87471083    2.32861256    2.40784187    4.63755643    2.54423088    3.40018981    3.96497584    3.68176064    3.50059868    4.54995019    5.92952231    4.85134753    3.06798047    3.39026478    3.39562337    2.72445956
Q9ZHL3_HAEDC/464-521     2.02061102    1.95745674    2.19272766    1.56675470    2.52438346    1.78027389    1.92154815    0.00000000    2.34911947    2.16141870    4.74476702    7.96932965   20.00000000    8.63064961    3.22571708    3.06721679    7.87377396    2.57186308    2.74903794    3.10894559    3.97745346    2.69840859    2.01902950    2.27592696    2.51262333    2.84989072    2.73843693    3.74234222    4.58209431    3.97158612    2.99103127    2.67153457    2.75201357    4.25375631    2.91618212    3.45662392    3.38781659    5.43059150    4.76726659   20.00000000    8.36271614    2.54325107    2.36602813    3.42895168    3.23718113    2.50175660    2.12637210    3.50490649    2.09242342    2.68854849    2.28605374    2.31365300    2.54461969    2.58709113    2.93869536    2.65261945    4.29020554    2.90115787    2.59726494    3.08514328    2.60462730    3.37740714    2.49351742    2.49682614    3.31063142    3.43320267    2.92770155    2.57068086    2.22737338    3.37623197    4.02785015    2.88936536    2.36212827    2.47730570    2.64435149    2.12616404    2.15610341    2.58859267    2.83894228    3.56572057    2.21183683    3.06093100    2.52854535    2.91466101    3.00710830    2.52983594    1.89537502    4.31007379    2.55676389    2.72475159    2.34781707    3.31366526    4.67255097    3.92728700    3.77311082    2.59532199    2.56709693    2.08035895    2.04844240    4.01410006    4.18462416    2.48907666    4.09756108    2.66324742    3.18414017    3.38362815    3.25986529    2.69643490    3.29796580    3.70052818    2.82698706    2.53247691    2.80811312    1.94459080    1.34589594    1.55747925    1.52061327    2.19817243    3.17433553    2.52096432    2.66406397    2.21455123    2.32181342    2.35749927    2.57268533    2.73883923    2.19662287    2.12664202    2.06722067    3.58341404    2.55976527    3.37369710    3.08703136    2.07540967    2.95360091    2.18335913    2.45177095    1.93269711    1.63275839    2.22349060    2.32918918    3.57345704    4.15959658    3.29593534    2.34019472    6.80611800    2.46554098    2.19048163    3.61265399    2.65920592
FHAB_BORPE/1684-1755     2.50281730    3.87545588    2.18044691    2.57458329    4.04844091    3.40362853    2.60070079    2.34911947    0.00000000    0.02691944    4.56949871    7.08958817    5.64316594    5.65687862    4.57349134    3.18011171    4.43265015    2.83108966    2.90325301    3.79502062    5.18332482    3.28810248    3.26907518    3.32575836    3.67606853    2.99723055    3.81971038    4.85746725    4.52567074    3.06151522    5.34905142    5.24524083    3.48251320    3.74371838    4.55239378    3.27364592    2.97283310    5.66821498    5.91142533    9.55057287    8.24250394    2.49621014    3.64504426    3.64822310    3.56318883    3.44370395    3.39313095    3.17250944    2.32983873    4.50260437    4.90423934    2.28249313    2.90813712    2.70363258    2.47054354    2.87491850    4.19046031    3.49955200    2.88364807    3.19208221    4.35193529    4.12514375    2.92857454    2.28798252    3.41376970    3.65572166    3.58979842    3.09834224    3.37056644    2.99445109    2.86887551    2.99409907    5.02724334    5.07995599    3.80758570    3.50101494    2.82922455    4.36206337    6.06663337   11.36493998    4.45706362    6.19570675    3.18960457    4.95046265    5.10513062    3.34702005    4.10237428    3.83679691    3.82620616    3.66427750    2.86568684    3.32441429    4.02390276    3.69712492    3.45054528    4.00379201    5.62929141    3.03657919    2.53614691    2.41851439    3.86581259    5.02432886    6.07904437    3.86248683    3.31246366    4.08551375    3.28390593    4.89403870    3.48266259    2.98689771    2.36564923    2.51923617    4.41748817    3.38353407    2.94871723    3.16655758    3.96003663    4.05729839    3.86115765    3.35500826    2.93704439    2.59299841    2.24821356    3.17250525    4.13162277    3.18936313    3.87589569    2.77558259    2.69028670    5.14978400    2.94101981    2.64774464    2.72165823    3.37147683    5.05975001    3.09020062    3.21364626    3.10345527    2.85591934    3.27945204    3.35123132    4.05343406    4.57172858    3.58428440    2.79099281    7.26022580    4.39849030    3.35983430    2.66929634    2.88537249
Q9JP78_BORBO/1722-1793     2.31689795    3.62929949    2.11990055    2.34379831    3.75922885    3.07317086    2.43857440    2.16141870    0.02691944    0.00000000    4.34702509    6.78143990    5.40968592    5.58689539    4.61196007    2.97383045    4.44742245    2.77006476    2.80848979    3.74877995    5.16553724    3.30830773    3.28985385    3.34662537    3.69074018    3.02038614    3.83130867    4.84503856    5.05872474    2.91717137    5.04342482    5.00877741    3.36165109    3.64379846    4.40436026    3.29800767    3.00212999    5.66946369    5.89982902    9.41457325    7.97041957    2.38640830    3.42741892    3.41807244    3.55532667    3.26469630    3.14320628    3.10321836    2.19780672    4.30665639    4.87890884    2.23129336    2.90657614    2.68427796    2.45798268    2.77351940    4.26545135    3.31085104    2.67948007    2.97463931    4.23356112    4.01799494    2.91346304    2.22600808    3.36409394    3.58035191    3.61499894    3.07438445    3.28784137    2.92016921    2.80412666    3.02244838    4.82975033    4.87152638    3.75554214    3.31929284    2.77561515    4.26611627    5.60935949   10.99220996    4.10851915    6.18696525    2.99574287    4.70122231    4.79768986    3.17805471    3.75901796    3.74775291    3.81287161    3.63732176    2.81039923    3.13201954    3.95932206    3.71209084    3.50772597    3.77571958    5.51745703    3.05326957    2.44361333    2.31391322    3.75540835    4.71576532    5.94285158    3.73118250    3.15124678    3.90038666    3.31038261    4.75803413    3.33730316    2.80630885    2.26912530    2.34501737    4.16325992    3.25265975    2.73654975    2.95254746    3.85082359    3.92218557    3.67016397    3.14534125    2.76987314    2.56063409    2.12384328    3.08812915    3.91704399    3.27959041    3.76061969    2.59460585    2.50340162    5.02494783    3.00151956    2.64641270    2.68369698    3.19597389    4.84964493    3.12374831    3.10385999    3.01479388    2.80223411    3.19506118    3.22971416    3.89137587    4.30078702    3.84502949    2.75552132    6.86550223    4.24767587    3.15561595    2.59861527    2.69783111
Q47955_HAEDC/208-282     4.20641887    5.58277469    4.53890011    3.70239679    4.19171217    5.94216233    5.46540691    4.74476702    4.56949871    4.34702509    0.00000000    2.43148821    2.98064975    3.68944620    4.43632175    3.79936536    3.56340064    5.12710704    4.05362005   10.03926382   20.00000000    5.71648622    4.66506945    3.04624446    4.08162294    3.00246800    3.63049349    5.04172652    5.64930642    4.78034232    5.49220995    3.82906587    3.73335973    4.96710314    6.79101995    5.24595499    5.25625883    5.76905292    6.51338825    4.64379659    4.87810249    4.12815600    3.28898759    3.71442123    6.70324868    3.79585075    3.57184594    3.18424897    3.86499051    5.65821238    3.59865516    3.75458391    5.53718398    4.27763170    4.13070503    3.89353339    3.65315611    4.60426160    3.95859028    4.39787530    5.63523508    3.61185315    4.32569168    3.45444532    5.00454967    5.50568892    4.46300727    4.30646660    5.07357655    6.98913905    3.70922615    5.39153782    5.11444645    5.59242179    5.54150759    4.09303076    5.53060905    4.67048449    5.65511173   20.00000000    4.01293594    4.15833989    3.28960295    4.60147355    3.00358310    3.41173560    3.94866201    4.21522667    4.35114386    4.64810562    3.69110186    4.15101639    4.50952178    8.93803716    4.78973201    3.72788792    3.56254536    6.22197397    4.80063802    3.51686015    5.45150408    3.13899065    3.28949582    4.69491747    3.66859971    5.43827202    5.41460791    3.86746393    3.27092613    2.85730932    3.51639151    4.90911086    3.91410536    2.65252584    2.85988390    2.77494707    2.77048589    3.38609620    4.37837360    3.63939537    2.79910637    2.87742737    2.73214116    3.33891173    3.70533633    3.76827781    4.46405640    4.05157831    4.24628832    4.22630862    5.45513514    5.87584191    3.29267993    3.78079101    4.04684076    3.96876299    5.79474878    4.52560918    6.57885191    3.06621903    2.64079628    5.12932496    5.76372769    7.30667100    3.90257101    4.43699778    4.32373954    3.59730453    3.80175651    2.93911895
Q9L6B0_PASMD/305-383     4.57994893    5.42716061    5.50844946    4.77854045    9.30381475    5.78283463    9.69314676    7.96932965    7.08958817    6.78143990    2.43148821    0.00000000    0.79914868    2.90342785    4.77328338    4.48668132    3.21974897    6.66716009    4.12667154    7.53633280    6.81153967    5.36633829    5.30317113    4.40067576    5.84344060    3.65162839    4.99035148    3.83955275    3.77077131    5.50505432    3.06916104    4.49080805    5.99962804    3.12138168    4.60562880    3.13996748    3.17668187    4.73494392    6.98803229    6.43187561    4.89882854    4.12347780    3.57269505    3.75291315    3.75970910    3.31964367    3.14969240    5.43287850    3.47819551    3.98025878    4.15458254    4.18488571    7.32965177    5.11093718    4.32838005    6.18347190    3.79151055    5.58008159    4.56035347    4.87142631    4.21675855    4.39890915    4.72876511    3.44992234    5.43003552    4.95739438    5.21839311    5.34531154    4.47409612    5.14586046    4.34605040    4.44006376    5.57913159    5.66858283    6.10688765    4.44649142    6.59479708    6.96899527    5.01376532    6.43366531    3.42248846    4.74739906    5.44776439    6.59023061    4.90825337    3.96732475    5.33108693    5.85106711    4.91330142    4.31818062    4.04441851    5.47440139    4.18077087    6.95730855    5.49887146    4.94049235    4.27636108    6.15503244    7.00561859    4.15266387    6.70158146    3.49044415    3.77338565    5.11952659    3.09372406    4.29859157    5.41662291    7.18890594    4.50693396   20.00000000   20.00000000    3.95020013    4.99518760    3.80955088    5.10174686    4.93339406    4.54047746    5.17311046    4.92863196    4.33245257    3.70481811    4.00438134    3.55139549    2.98577387    3.14477707    3.69234863    3.59102024    4.68185416    4.46535840    3.72620243    5.00601490    5.06602367    6.28474733    3.46379726    4.81771989    4.97928507    5.54832777    5.74661105    6.12559347    4.27642321    4.25968418    6.82770416    7.99442507    6.76561397    6.73580564    3.79526184    4.29690261    3.63896530    5.51274199    4.04413982
Q9ZHL3_HAEDC/302-381     4.86028479    7.13484362    6.38495471    5.64440434    8.20103536   20.00000000   20.00000000   20.00000000    5.64316594    5.40968592    2.98064975    0.79914868    0.00000000    2.94073830    5.17781997    4.15234280    3.20924245    6.44015363    4.75810745   20.00000000    9.30177289    5.68074262    5.15663721    4.66541830    5.59719137    3.68642066    4.72915670    5.63439442    4.06014450    7.74003041    3.69216630    3.96533161    4.29393896    3.66272613    5.53086361    2.98565512    3.06067573    4.93841789   20.00000000    9.75561004    7.66096044    4.20733327    3.68848759    3.55828043    4.60662411    3.96948489    3.73682047    5.39519113    3.53985040    4.52851340    4.50599443    5.97222570    7.68284425    6.33953747    5.88843021    6.16222334    4.79852531    5.83904765    5.41541276    6.81684655   20.00000000    6.03543000   20.00000000    5.70284048   20.00000000   20.00000000    5.04814121    6.41533966    5.42606225    5.88336677    5.55778845    3.89443750    5.73471655    5.72378232    7.98638028    4.79875657   10.41677462   20.00000000    5.42228390   12.74274995    3.61809619    6.85012317    4.78404228    9.88129150    5.99357482    3.66859969    5.44517668   20.00000000    5.25321494   20.00000000    5.29287519    6.94781164    5.08429661    6.99192719    5.33745499    7.11433975    4.58862824    8.31810105    7.37912371    4.47391674   20.00000000    4.74320275    5.40513659    6.19728764    3.76179166    5.19245618    4.39291769    5.62872424    7.16279601    7.71583863   20.00000000    3.89713836    5.21989654    5.39051116    4.54473701    4.82996808    4.54830289    5.54073328    7.51702112    4.89263209    4.83653857    4.43423257    5.71082198    4.51744698    4.13340264    5.73955760    4.33441769    4.24139100    3.72925667    5.17696207    4.67884840    6.04575892    8.25560705    4.21504874    5.29004995    5.85812134    6.36148923    6.63992627    6.28659517    4.78596659    4.18149792   20.00000000   20.00000000    9.21817725    7.02104577    4.39007675    3.68470292    2.90655195    4.82199796    3.85563572
A5TVV7_FUSNP/2900-2961     4.84067935    4.25268835    4.98380509    4.00201021    5.92381719   12.51692357    7.61823820    8.63064961    5.65687862    5.58689539    3.68944620    2.90342785    2.94073830    0.00000000    2.03613300    3.67575680    3.33584827    3.84603840    7.03238001   20.00000000   20.00000000    6.81300605    5.00190827    4.53388069    4.77184651    4.62511272    4.52908911    4.90603948    7.24333605    6.00937541    9.02180550    4.41690645    5.03334483    3.09464941    3.96263735    4.08047757    4.05107693    3.84289143    4.95622362    5.54904854   20.00000000    5.07991532    4.00191478    4.20854671    4.56509042    4.24056814    4.44273989    5.09736676    5.29908889    4.73484432    3.54574014    4.65394693    3.39925873    6.04910298    4.34709696    4.80864495    2.66935089    4.43853232    4.76674121    5.29287299    9.44534165    4.14620405    5.45252266    4.06554736    6.29440014    5.20756078    2.77354887    3.64559401    5.55989597    3.96132323    3.71889790    5.25149410    5.47498222    6.19310609    4.82665934    4.15802328    8.14173409   13.28363804   20.00000000   20.00000000    4.84934244   20.00000000    4.29957508    4.60985146    6.91774516    4.23224246    2.90479240    5.07459781    4.75768462    3.49207015    7.65149050    5.02287972    5.25383249    5.88275592    4.93371154    7.07439406    4.85136277    4.22044291    4.54602918    3.50965573    6.01941422   20.00000000    7.67853317    4.60294438    3.72410658    3.68054449    4.69805057    5.20620458    6.07792817    5.29552727    4.99766990    4.65505202    3.44728370    3.94917083    3.53335648    2.75351891    4.11136508    4.86156519    4.45246467    3.14673252    3.92698759    3.98888925    3.76891484    4.17448799    3.77718734    3.74177660    3.60584836    3.59919886    3.93577040    6.50307492    4.60531120    3.15685601    3.75602241    4.84955154    4.79626128    4.04530713    4.08263751    6.87503307    3.80943005   12.69034880    5.25655828    5.04376092    5.26425361    4.90710178    4.01675206    5.79301922    6.67109002    6.06540936    4.04019885    3.46377578
Q9PEY9_XYLFA/465-546     4.53006139    4.73678589    6.10892356    3.24260592   20.00000000    4.09976852    4.38390463    3.22571708    4.57349134    4.61196007    4.43632175    4.77328338    5.17781997    2.03613300    0.00000000    3.15316510    3.05957713    2.81930534    3.64745594    4.54009820    4.94936466    3.57753274    2.58440083    3.35611058    3.61834401    3.60285608    3.23564804    3.90887835    5.05284992    4.03265864    4.30877882    4.52107521    3.66327656    4.39624687    4.44788455    4.06088983    4.03598119    4.35650838    8.10988466    6.06477301    3.38481520    4.55012037    2.77015120    5.90213753    5.17374085    4.30604862    3.93561740    5.90080034    4.31003823    4.00456567    3.62583512    3.62908366    2.92723992    4.10236452    4.17145203    6.09392994    4.80853048    4.32170877    3.89199425    3.82496525    5.62618596    3.85163095    6.71731722    4.13380728    4.55351514    3.46322060    3.31933676    5.04286151    3.90160694    3.49771852    4.99801305    3.94331950    6.60758868    7.44697402    3.68663993    3.05338447    4.71132182    7.24089047    4.88536858    4.73324356    3.30392701    4.63937426    3.70784769    4.46159016    6.29349557    3.03838022    2.60654267    4.03282850    4.40305776    3.20724847    5.46154744    4.26959486    4.69610632    5.35529270    3.79555560    5.54072574    5.00661015    3.16886498    5.98542771    4.50928909    5.68071620    5.03999931    4.74631272    3.47708673    4.35943090    4.34601139    4.04985636    4.70936146    4.37997666    6.09196206    4.36664423    6.07677095    4.58200700    3.81911489    4.15232845    3.89789167    4.13840459    4.50942379    3.30625988    3.69263044    3.42530918    3.28346452    3.10252091    2.69092142    2.71436646    2.14693719    4.27089632    3.48693186    3.76883902    5.26853161    3.14225630    3.58851210    3.64220107    3.39463415    5.19262874    4.02558718    3.77254420    6.12830470    2.65610476    3.58687597    5.12027420    3.22784879    3.03098833    5.53165105    3.99796498    6.32863598    4.72878120    4.22425038    3.38763530    4.03536466
Q9PEY9_XYLFA/2190-2268     4.42902897    3.98556548    4.33012464   20.00000000    4.53862527    4.57832639    4.29174700    3.06721679    3.18011171    2.97383045    3.79936536    4.48668132    4.15234280    3.67575680    3.15316510    0.00000000    2.28637278    3.89477049    2.65422242    3.60255675    5.77228089    3.55925954    4.00573688    3.71900354    4.74929479    3.44731727    4.28645576    3.71664773    5.77206610    3.74804003    6.04561100    3.44074686    7.10527003    4.00119211    5.08011567    3.05398474    3.08537355    5.91551033    6.43703884   11.82420161    7.67307203    3.92867836    4.01171313    2.92340941    4.14358077    3.08668698    3.94261178    2.99936425    2.95541071    3.67935601    3.68546894    3.48835554    3.94144249    3.24223618    3.18704350    3.97544442    4.21982797    4.04755846    3.39869116    3.47537419    5.79041418    3.49529008    4.38279331    3.14185015    3.05829369    3.77445246    3.23868663    4.31214893    3.67502165    3.03453285    3.52853668    3.78094609    5.86716315    5.94188380    5.72594568    4.76218857    5.56582914    6.89999829    4.24358620   17.09407077    5.59261645    4.08847247    4.28027320    5.49367864    4.03878414    4.31103698    4.45955873    5.99085610    2.97383661    4.51329607    2.73467964    4.76324570    4.42644510    4.17742341    3.70588415    3.58817275    4.15059933    5.97438253    6.44751927    3.80088695    5.00515696    3.17738936    4.84431430    4.99240886    3.28047066    3.46308780    4.06763628    5.52846924    3.30360510    3.58479006    4.31884406    2.95120582    3.92479055    3.11935250    2.81491821    3.28322574    3.55946289    3.61614342    3.30255973    2.86660701    2.77194051    2.32734737    2.12114802    2.33679337    3.26174524    5.58866244    4.76539378    3.21290025    3.55266811    3.63968143    3.28394628    3.87064524    3.10132698    3.52657611    5.43696329    3.03212149    3.68380315    4.88232398    3.71269834    3.08732729    5.25059857    3.95911476    3.13790391    5.12284510    4.09502438    3.75114972    4.07894700    3.21093232    2.91389870    3.68957356
O32608_EDWTA/1428-1532     4.07506304    3.87457575    3.65035687    5.04077969    3.43047034    5.74317475    7.91260871    7.87377396    4.43265015    4.44742245    3.56340064    3.21974897    3.20924245    3.33584827    3.05957713    2.28637278    0.00000000    6.05048968    4.32879024    6.13005892    7.66239444    4.60646781    3.75206061    5.45077943    6.24032746    5.61827285    5.36581941    5.21023525    6.25136106    3.09962672    5.00166752    3.28259280    4.61503017    3.62788928    5.85193278    3.59915978    3.67550001    5.28745452    6.75639605    6.43884690    6.14734480    5.17123204    3.73131426    3.00426803    3.35493317    3.08999817    3.99583608    5.13020769    5.16707425    4.48450456    3.33818161    3.88929105    3.76039769    3.92159337    3.64052582    4.38240555    4.75968916    4.12441319    4.18791633    3.99104581    3.82274877    4.45028497    3.53031736    3.40849535    4.17980189    3.17016371    4.38523743    5.21391676    4.79886862    2.42946115    3.68673756    3.60363162    5.41072612    5.85695446    4.36558903    4.08494909    3.66981171    5.09660356    8.18179847    8.25931114    4.66189848    5.94512193    3.55658401    4.83160502    5.55764469    3.42758408    3.74519797    2.43206201    3.38189404    3.43867468    2.59636622    3.09285886    3.72830458    3.35035200    4.20432249    5.08357247    4.57050839    3.32143402    5.97598950    2.55755690    4.59290217    3.21866187    4.26759832    3.64502386    3.34229912    4.08688024    3.48040608    4.97794539    5.46129219    6.49517256    5.75302341    3.50036042    4.46421063    3.05377626    3.10286716    2.95326569    2.87616027    3.09925080    4.77267545    3.49452681    3.25047811    3.07613724    3.17943043    3.04665517    4.30413254    3.23011946    3.59668455    4.19243946    4.66926697    3.78783522    2.94440799    3.42527880    5.30119119    3.15817801    3.40978503    2.98519496    4.23218470    5.92508163    3.45891043    5.35352929    5.87787489    5.12142865    5.08723916    6.02738595    4.83523221    5.30987205    5.61483352    5.08072641    4.73034949    5.22786211
Q88MW9_PSEPK/219-293     2.99045194    2.83652749    3.19768638    2.40693808    4.28218545    3.23610244    2.81516930    2.57186308    2.83108966    2.77006476    5.12710704    6.66716009    6.44015363    3.84603840    2.81930534    3.89477049    6.05048968    0.00000000    1.66669877    1.75437456    1.71280724    1.57238886    1.54549980    1.50554913    1.47449005    1.59472682    1.39276232    2.15043455    3.54546917    3.19504465    3.91393805    3.46339998    4.68574312    3.90432632    3.98851958    2.67363177    2.68155571    3.34253314    4.53592763    6.64976168    3.50166274    2.27218535    2.89030821    3.70130989    2.78157997    4.83687433    3.35936602    3.05702015    4.74825457    3.85555739    2.19220384    2.48105969    3.00784284    3.00924982    2.70119931    4.21241914    3.38273505    3.68959474    2.82773824    2.19934915    3.41140040    3.01397172    3.47339633    2.34992966    2.93492878    2.83495189    3.27606176    3.14616658    2.53029451    3.02919306    3.33112534    3.00259507    3.68377683    3.93877812    1.97877252    2.76337011    3.49513603    3.99442971    2.99202889    3.01926120    2.58029098    2.74035916    2.51318607    4.12258079    2.90516220    3.04041646    3.88730701    2.70193954    3.29287168    2.79363949    2.67319307    2.39469654    3.71107273    3.64481070    2.10979844    2.57324791    2.55078175    3.52553407    3.10458177    2.77538667    3.55741647    3.22624142    3.12886820    2.56508932    4.31924216    2.82460328    2.97971919    3.39519225    3.42625105    2.90843667    3.03138798    4.47840013    2.87236780    2.48461749    2.47924352    2.83446797    2.60091001    2.94036785    2.57477564    2.39295111    2.09742297    2.52134854    2.85538609    1.86369472    2.83413421    2.08288263    2.92876037    3.14603224    2.82225394    3.96538032    3.22626207    2.47967610    2.64894143    2.50885219    2.48016003    2.50641842    3.50866669    4.29415764    2.48714409    3.68369804    4.34875907    2.93127020    2.79621106    4.18922358    3.75687933    4.22659023    4.51804611    3.22431493    3.44788059    3.56689028
