28
Q7NBD3_MYCGA/259-697     0.00000000    0.83967851    0.78072425    0.79437284    0.79724028    0.78519326    0.65507926    0.85028152    0.70301539    0.77192421    0.78565190    0.81774921    0.85819140    0.79427461    0.77259246    0.81482550    0.70699743    0.77673108    0.95872073    0.81363086    0.84005187    0.97036922    0.93570340    0.93598761    0.90735804    0.89625456    1.03787485    0.93443663
Q7NB55_MYCGA/253-684     0.83967851    0.00000000    0.62589038    0.70066758    0.72725490    0.65713017    0.74428983    0.86067087    0.73799979    0.89046152    0.90234607    0.93934763    1.03243166    0.82897153    0.78427595    0.82622678    0.78787154    0.78571089    0.98290703    0.76524163    0.67570679    0.93476486    0.88619202    0.87348146    0.87180581    0.82925528    1.10007037    0.99946177
D3DEJ8_MYCGA/229-665     0.78072425    0.62589038    0.00000000    0.43252861    0.44478279    0.30634082    0.63677448    0.84122163    0.68412886    0.83441461    0.84288144    0.84627059    0.84231835    0.78137549    0.80449404    0.80674061    0.77990283    0.73643688    0.88214349    0.74734965    0.73279099    0.83422186    0.84964423    0.82549163    0.89032905    0.80189958    1.02619208    0.97902072
Q7NBD8_MYCGA/258-688     0.79437284    0.70066758    0.43252861    0.00000000    0.20144724    0.30168287    0.64892581    0.77474033    0.64735622    0.88149432    0.85838142    0.85540170    0.82953085    0.71070115    0.74252164    0.76478084    0.75787230    0.86486801    0.97364910    0.86952024    0.82430030    0.93495992    0.85852057    0.90052027    0.89907447    0.86172314    1.00730876    1.08474421
Q7NAP2_MYCGA/257-693     0.79724028    0.72725490    0.44478279    0.20144724    0.00000000    0.36955979    0.67377481    0.79676600    0.66998149    0.80433788    0.83573202    0.80276405    0.84915378    0.80346287    0.73797827    0.78980325    0.75295172    0.79697563    0.94348154    0.76740665    0.77195863    0.88253557    0.88073142    0.89300036    0.89911452    0.84608595    1.03000574    1.06326842
Q7NBR1_MYCGA/267-695     0.78519326    0.65713017    0.30634082    0.30168287    0.36955979    0.00000000    0.66733530    0.85366903    0.70095577    0.81085403    0.82629253    0.84233708    0.88949484    0.72641517    0.75886984    0.80312300    0.74877507    0.76150382    0.94496184    0.76647689    0.80190059    0.85359922    0.84914032    0.88637955    0.92026772    0.85408045    1.03029922    1.04237693
Q7NAP5_MYCGA/224-628     0.65507926    0.74428983    0.63677448    0.64892581    0.67377481    0.66733530    0.00000000    0.71644962    0.64805278    0.79870078    0.73505669    0.73967086    0.78153432    0.79107613    0.79118193    0.81635740    0.76802954    0.75769983    0.87823323    0.80854322    0.71625796    0.89457123    0.93297251    0.89915505    0.90530259    0.89711590    1.08013310    1.00167236
Q7NAN8_MYCGA/247-689     0.85028152    0.86067087    0.84122163    0.77474033    0.79676600    0.85366903    0.71644962    0.00000000    0.49109947    0.77313688    0.79728512    0.82853393    0.90910091    0.72717537    0.78787330    0.76128868    0.76389909    0.72151501    0.99564398    0.76216908    0.75801488    0.99804265    0.97406568    0.93280304    0.90090440    0.89280281    1.04485208    1.01901038
Q7NBR6_MYCGA/248-666     0.70301539    0.73799979    0.68412886    0.64735622    0.66998149    0.70095577    0.64805278    0.49109947    0.00000000    0.70845817    0.72560680    0.79405243    0.87175583    0.74427615    0.69010984    0.69009016    0.67418296    0.69535833    0.98892617    0.75864212    0.75800991    0.85707964    0.87844811    0.89327521    0.86192609    0.82244356    1.04238770    0.97906259
Q7NBE1_MYCGA/242-699     0.77192421    0.89046152    0.83441461    0.88149432    0.80433788    0.81085403    0.79870078    0.77313688    0.70845817    0.00000000    0.54388483    0.57635895    0.80044758    0.70066880    0.76180470    0.71335324    0.67847549    0.78513838    0.90773415    0.76226288    0.76598990    0.92280612    0.93168807    0.99049866    0.87390584    0.93783754    1.01081426    0.93768297
Q7NBE0_MYCGA/250-715     0.78565190    0.90234607    0.84288144    0.85838142    0.83573202    0.82629253    0.73505669    0.79728512    0.72560680    0.54388483    0.00000000    0.51495937    0.81584563    0.70506825    0.73560469    0.66062087    0.67383817    0.74490757    1.02258259    0.72618271    0.72292951    0.97902085    0.99340718    0.92762938    0.87436868    0.93764009    1.16086053    0.98279012
Q7NAP3_MYCGA/248-716     0.81774921    0.93934763    0.84627059    0.85540170    0.80276405    0.84233708    0.73967086    0.82853393    0.79405243    0.57635895    0.51495937    0.00000000    0.89494563    0.68964880    0.85734926    0.66258444    0.69439764    0.76631160    0.98878882    0.77042653    0.72156469    0.94558385    1.00417536    0.97980009    0.95473939    1.01221585    1.20418413    0.97899848
D3DEH7_MYCGA/69-497     0.85819140    1.03243166    0.84231835    0.82953085    0.84915378    0.88949484    0.78153432    0.90910091    0.87175583    0.80044758    0.81584563    0.89494563    0.00000000    0.84047292    0.89420485    0.86620421    0.80714346    0.80239781    0.95797065    0.88951605    0.88517999    0.88823772    1.04477196    0.97548870    1.02261494    1.03616225    1.05079381    0.96801137
Q7NBD2_MYCGA/243-652     0.79427461    0.82897153    0.78137549    0.71070115    0.80346287    0.72641517    0.79107613    0.72717537    0.74427615    0.70066880    0.70506825    0.68964880    0.84047292    0.00000000    0.57599735    0.74135783    0.74547840    0.80912869    0.95760095    0.81591988    0.74865562    0.89301530    0.92647174    0.88759802    0.86128934    0.89256809    1.10641477    1.02051142
Q7NB56_MYCGA/242-660     0.77259246    0.78427595    0.80449404    0.74252164    0.73797827    0.75886984    0.79118193    0.78787330    0.69010984    0.76180470    0.73560469    0.85734926    0.89420485    0.57599735    0.00000000    0.68202142    0.69366592    0.77677983    1.01215232    0.76832191    0.74785994    0.86342987    0.92215669    0.93240563    0.87672232    0.86865117    1.11715899    1.07240788
Q7NBQ8_MYCGA/242-679     0.81482550    0.82622678    0.80674061    0.76478084    0.78980325    0.80312300    0.81635740    0.76128868    0.69009016    0.71335324    0.66062087    0.66258444    0.86620421    0.74135783    0.68202142    0.00000000    0.45343611    0.77351420    1.01597696    0.73193135    0.74101943    0.87112123    0.92724014    0.96266675    0.87520184    0.91097221    1.08270474    0.98180018
Q7NBD5_MYCGA/273-684     0.70699743    0.78787154    0.77990283    0.75787230    0.75295172    0.74877507    0.76802954    0.76389909    0.67418296    0.67847549    0.67383817    0.69439764    0.80714346    0.74547840    0.69366592    0.45343611    0.00000000    0.66267498    0.96459164    0.70270576    0.61179499    0.84981339    0.93192131    0.92145763    0.84456010    0.84445976    1.05971721    1.07197734
Q7NBE2_MYCGA/214-608     0.77673108    0.78571089    0.73643688    0.86486801    0.79697563    0.76150382    0.75769983    0.72151501    0.69535833    0.78513838    0.74490757    0.76631160    0.80239781    0.80912869    0.77677983    0.77351420    0.66267498    0.00000000    0.46879175    0.40394153    0.46403290    0.81538909    0.85695743    0.87335372    0.87887069    0.85360350    0.97462915    0.97555502
Q7NBD0_MYCGA/214-610     0.95872073    0.98290703    0.88214349    0.97364910    0.94348154    0.94496184    0.87823323    0.99564398    0.98892617    0.90773415    1.02258259    0.98878882    0.95797065    0.95760095    1.01215232    1.01597696    0.96459164    0.46879175    0.00000000    0.89205289    0.83506815    1.01198672    1.04605298    1.01752109    1.01622932    1.03400123    0.99915077    1.03854277
D3DEH8_MYCGA/254-664     0.81363086    0.76524163    0.74734965    0.86952024    0.76740665    0.76647689    0.80854322    0.76216908    0.75864212    0.76226288    0.72618271    0.77042653    0.88951605    0.81591988    0.76832191    0.73193135    0.70270576    0.40394153    0.89205289    0.00000000    0.39068068    0.76305661    0.77172004    0.77606997    0.83608859    0.79166676    0.99531834    0.97608439
Q7NBD7_MYCGA/245-674     0.84005187    0.67570679    0.73279099    0.82430030    0.77195863    0.80190059    0.71625796    0.75801488    0.75800991    0.76598990    0.72292951    0.72156469    0.88517999    0.74865562    0.74785994    0.74101943    0.61179499    0.46403290    0.83506815    0.39068068    0.00000000    0.84230846    0.90595354    0.84743273    0.86182213    0.83781240    1.02457912    0.98910832
D3DEL0_MYCGA/73-532     0.97036922    0.93476486    0.83422186    0.93495992    0.88253557    0.85359922    0.89457123    0.99804265    0.85707964    0.92280612    0.97902085    0.94558385    0.88823772    0.89301530    0.86342987    0.87112123    0.84981339    0.81538909    1.01198672    0.76305661    0.84230846    0.00000000    0.75048019    0.72145794    0.75674396    0.75799449    1.02694123    0.97103113
Q7NBR8_MYCGA/221-630     0.93570340    0.88619202    0.84964423    0.85852057    0.88073142    0.84914032    0.93297251    0.97406568    0.87844811    0.93168807    0.99340718    1.00417536    1.04477196    0.92647174    0.92215669    0.92724014    0.93192131    0.85695743    1.04605298    0.77172004    0.90595354    0.75048019    0.00000000    0.50570381    0.53564805    0.50464766    1.00591156    1.02394099
Q7NAP0_MYCGA/250-652     0.93598761    0.87348146    0.82549163    0.90052027    0.89300036    0.88637955    0.89915505    0.93280304    0.89327521    0.99049866    0.92762938    0.97980009    0.97548870    0.88759802    0.93240563    0.96266675    0.92145763    0.87335372    1.01752109    0.77606997    0.84743273    0.72145794    0.50570381    0.00000000    0.43391358    0.33968650    1.04162067    1.00193488
Q7NBD9_MYCGA/232-631     0.90735804    0.87180581    0.89032905    0.89907447    0.89911452    0.92026772    0.90530259    0.90090440    0.86192609    0.87390584    0.87436868    0.95473939    1.02261494    0.86128934    0.87672232    0.87520184    0.84456010    0.87887069    1.01622932    0.83608859    0.86182213    0.75674396    0.53564805    0.43391358    0.00000000    0.34177339    1.02248608    0.93713604
Q7NBD6_MYCGA/242-648     0.89625456    0.82925528    0.80189958    0.86172314    0.84608595    0.85408045    0.89711590    0.89280281    0.82244356    0.93783754    0.93764009    1.01221585    1.03616225    0.89256809    0.86865117    0.91097221    0.84445976    0.85360350    1.03400123    0.79166676    0.83781240    0.75799449    0.50464766    0.33968650    0.34177339    0.00000000    1.03664318    0.95199187
Q7NB54_MYCGA/260-719     1.03787485    1.10007037    1.02619208    1.00730876    1.03000574    1.03029922    1.08013310    1.04485208    1.04238770    1.01081426    1.16086053    1.20418413    1.05079381    1.10641477    1.11715899    1.08270474    1.05971721    0.97462915    0.99915077    0.99531834    1.02457912    1.02694123    1.00591156    1.04162067    1.02248608    1.03664318    0.00000000    1.02261005
Q7NB57_MYCGA/249-659     0.93443663    0.99946177    0.97902072    1.08474421    1.06326842    1.04237693    1.00167236    1.01901038    0.97906259    0.93768297    0.98279012    0.97899848    0.96801137    1.02051142    1.07240788    0.98180018    1.07197734    0.97555502    1.03854277    0.97608439    0.98910832    0.97103113    1.02394099    1.00193488    0.93713604    0.95199187    1.02261005    0.00000000

