116
A2SJW7_METPP/38-175     0.00000000    1.27638454    1.15929143    1.28263495    1.21983819    1.39033398    1.33724630    1.31269363    1.81657580    1.82292248    1.65160765    1.99091381    2.10560636    1.90899365    1.75406995    1.32209952    1.66025027    1.95813160    1.55778710    1.87505881    1.59645400    1.73544417    2.55536748    1.99280461    3.23997145    1.92797736    1.90934810    1.82316491    1.60551144    1.88744926    1.70610776    2.07526960    2.03262350    1.92018328    2.98788635    2.56378625    2.08868029    2.01497144    2.34493079    2.44533675    2.52372318    2.26329901    2.52290071    3.28761326    2.33997713    2.16901554    2.36313210    2.47640526    2.28313476    2.57753057    2.45652773    2.73989014    2.53098741    2.80351639    2.68544682    2.25062071    2.32853169    2.05765301    2.39887163    2.62364498    2.78469160    2.64783650    2.41805176    2.68106531    3.04834417    4.53433698    2.81034117    3.08570146    2.82101137    2.64319476    3.18395150    3.50738506    3.10381420    2.54888739    2.32694105    3.01637000    3.61155757    3.26253694    3.16451684    3.93366311    4.48329501    3.89372802    3.44549319    2.50121394    2.60589567    2.28540291    1.91138869    2.73304607    2.51081807    1.80767545    2.59896609    2.59146728    2.61622493    2.60799150    2.55597492    2.40565905    2.13904686    2.43859662    2.67052775    2.11828647    2.54930137    2.42895661    2.93953886    2.99434929    2.82511965    3.62979576    2.46229111    1.71413680    2.40761747    2.04780408    2.29803573    2.11207512    2.09269768    2.38931685    2.38897647    1.64873889
Q12FH0_POLSJ/36-173     1.27638454    0.00000000    0.74615418    0.79272778    1.03932410    1.11086882    0.99695933    0.94126118    1.99675257    1.84967870    1.62705516    1.86994677    1.89268053    1.85034737    2.25866500    1.58009757    1.89418016    2.10669509    1.44346329    1.84568262    1.66154926    1.76236002    1.96961242    1.67565580    3.62021009    1.88734294    1.84266978    1.80438577    1.55312294    1.59349244    1.55952533    1.92497506    1.69339227    1.68638111    3.07799385    2.42539850    1.99165673    2.55105830    2.58878642    2.24469150    2.12268066    2.65643015    2.49427425    3.33644722    2.55655735    2.62211872    2.29152204    2.79003636    2.40085476    2.65440453    2.70930608    2.55182919    3.34327021    3.12297868    2.43310863    2.31811438    2.06638107    2.03646735    2.67163559    2.21010379    3.49360773    3.05104432    2.41575068    2.31626569    2.80498218    3.79782607    3.10979777    3.02983116    2.51267983    2.73961411    2.88429798    2.69933725    2.31340022    2.74483033    2.24525766    2.66153790    2.59697617    3.09483467    2.88158184    3.17521656    4.18954685    3.87790535    4.01103252    2.92815151    2.83463884    2.48240796    2.15798815    2.52660452    2.42845862    2.57108425    2.77042191    2.70883642    2.48050667    2.26897509    2.33974809    2.54191593    1.95431312    2.13729730    2.04058752    2.35006206    2.26749116    2.56456716    2.14730027    2.64200622    2.48197682    3.00209566    2.44138867    1.99999574    2.06621864    1.82431285    2.36922042    1.88405870    1.71974525    2.12881865    2.08324682    1.60865418
A1VKR0_POLNA/37-174     1.15929143    0.74615418    0.00000000    0.38697003    0.81055047    0.94906460    0.80224475    0.76987886    1.79617739    1.81765635    1.58998640    1.76665788    2.22587953    1.98357366    2.04519625    1.46891433    1.63036859    2.06213720    1.43450666    1.79867516    1.67312167    1.75271435    2.05492885    1.94797069    3.64791812    1.82163966    1.87753325    1.97036333    1.51551492    1.74556333    1.64849572    1.79550417    2.22437726    1.84097620    3.65176543    2.79281268    2.21632232    2.29956951    2.47273074    2.47256853    2.18363568    2.45734032    3.05210449    3.23150574    2.76945164    2.52554279    2.66722663    2.72259825    2.25765399    2.41380266    2.81196768    2.35488184    3.06941585    2.90376123    2.45307987    2.25029345    1.88382669    1.87614991    2.85805615    2.38496933    3.07041758    3.14101113    2.16402393    2.56250503    2.51452402    3.51320096    3.06415060    2.89064316    2.56427279    2.53142215    2.86368060    2.90027847    2.56458827    2.46217521    2.06900543    2.30217404    2.57018908    2.20409313    2.64306871    2.88441224    3.46854736    3.66154625    3.42725705    2.81963721    2.61842747    2.35840101    2.46333340    2.61597193    2.52133976    2.66276398    2.61138451    2.77512338    2.35202073    2.59369562    2.50667251    2.03119300    2.03901510    2.05946811    2.14154380    2.39982145    2.58046249    2.23347973    2.43717785    2.54053131    2.82119224    2.83032352    2.32707592    1.82405314    2.25447953    2.47984890    2.03801933    2.15815580    1.91870809    2.15238016    2.24776753    1.69795214
Q12F56_POLSJ/37-174     1.28263495    0.79272778    0.38697003    0.00000000    0.75939665    0.81331232    0.79348991    0.72747712    1.86104055    1.95813835    1.69049085    2.02784817    2.04952871    1.76543739    2.14276715    1.53431900    1.84126398    2.26064475    1.42775303    1.76253649    1.74257421    1.60269786    1.92851249    1.96183387    3.59823990    2.04374638    1.98537215    2.00294252    1.52268833    1.66429419    1.68215979    1.79496128    2.13906700    1.91739412    3.22049982    2.68360167    2.37598790    2.37543049    2.78574138    2.69004475    2.20372671    2.37612671    3.00057311    3.00245755    2.42576874    2.59656340    2.69416420    2.85444971    2.32408877    2.33204655    3.45518148    2.31783429    2.95527493    2.77150043    2.47287063    2.36742225    2.04418952    1.97313551    2.80641618    2.17713259    3.23407754    3.21212695    2.42038652    3.14385115    2.73774548    3.72114830    3.20370647    3.23039453    2.63644249    2.52804026    2.93748451    2.96408153    2.73182180    2.33231600    2.18460656    2.51996498    2.74400485    2.38844475    2.73569832    2.68486567    3.93762766    3.28216396    3.31742406    3.00448104    2.62289755    2.28013746    2.28048921    2.70980641    2.44104514    2.87335229    3.12261561    2.62269036    2.51293793    2.93731644    2.63438353    2.11829583    2.29090868    2.14584343    2.17625680    2.35455364    2.47554078    2.21735353    2.28733754    2.60738599    3.04489774    2.79663900    2.19928315    2.25260478    2.19642683    2.71170100    2.32368027    2.13470598    1.77838622    2.27430625    2.12962673    1.75898731
A1WDW7_VEREI/55-192     1.21983819    1.03932410    0.81055047    0.75939665    0.00000000    0.82013097    0.75287938    0.72042069    1.57786701    1.71003454    1.89602345    2.42196823    2.07263123    1.67932675    1.96121319    1.61911632    1.69072360    2.03960607    1.70948982    1.79401020    1.85076045    1.40131190    2.11599982    2.27610701    3.39949967    1.81188149    2.06595459    1.80397458    1.76198880    1.54047090    1.86765922    2.05580230    2.30527558    1.90629621    4.28961046    2.70735497    2.12849569    2.21858438    2.76017275    2.60442874    2.60845652    2.12409580    2.72601031    3.13380738    2.33523394    2.27567302    2.37414093    2.92664918    2.31165138    2.43526288    3.24546434    2.63911011    2.93718818    3.32049237    2.40305388    2.50972362    2.24367597    2.12646142    2.59371934    1.89136467    2.94355867    3.25349273    2.68074015    2.70044243    2.28883825    3.58753911    2.84194961    3.26548013    2.28358829    2.43632067    2.94947621    2.86789799    2.64012467    2.26112480    2.39363495    2.77986073    2.84927118    3.04066619    3.28651033    2.92108163    3.72914442    3.00311624    3.32467028    2.52216924    2.55549173    2.30577293    2.17373232    2.24049316    2.49715697    3.13941702    2.68097827    2.76225937    2.70677653    2.66893516    2.55707506    2.10687455    2.24057995    2.34919734    2.54427576    2.34940689    2.72003255    2.59833419    2.56394313    2.53799280    2.71023781    3.10706358    2.42069839    2.19216672    2.61409523    2.59890493    2.26941704    1.79529196    1.87815667    2.12912191    2.32967890    1.64120014
A0A454Y4C0_COMT2/40-170     1.39033398    1.11086882    0.94906460    0.81331232    0.82013097    0.00000000    0.70780713    0.74419959    1.82368214    1.66045604    1.89650361    2.14637083    2.33468151    2.05743514    1.71993876    1.53113740    1.98235104    2.16647807    1.67673388    1.81024483    1.77438626    1.47659907    2.23058825    1.90466956    3.26835769    2.08742979    2.08945060    1.70992314    1.67332180    1.65336160    1.80227246    2.04235929    2.33801240    1.85743118    3.85878541    2.83436472    2.59799211    2.74224534    2.45107697    2.75841072    2.50575095    2.38088207    3.57025708    3.46859299    2.54183683    2.52815203    2.72884587    2.67588838    2.46843875    2.40884943    3.35446734    2.61357373    2.91525321    2.72622476    2.45557302    2.44489888    2.27029169    2.15166867    2.53644657    2.04319388    2.92622152    3.10378720    2.30793625    2.77635019    2.42515829    3.80800632    2.75400125    3.39026802    2.38614205    2.52514439    2.87075343    2.91708036    2.91321354    2.45344949    2.35439240    2.52992739    2.77177772    2.31885150    2.85002951    2.82000931    3.88459545    3.20712963    2.85543724    2.62123639    2.60585938    2.80195922    2.16324926    2.09265755    2.36520880    2.87108474    2.83141080    2.75397499    2.58054295    2.84822211    2.52689391    2.04189419    2.09659179    1.99151708    2.14277952    1.97706636    2.54570705    2.34602851    2.72615190    2.62771840    3.04531690    3.09441449    2.59479901    1.87941779    2.49053108    2.34154966    2.10150004    2.14957590    1.73306317    2.20645300    2.36312101    1.56542853
A1TTX0_ACIAC/37-174     1.33724630    0.99695933    0.80224475    0.79348991    0.75287938    0.70780713    0.00000000    0.38347272    1.74885155    1.67318538    1.81430837    1.99283964    2.18375870    1.66281567    1.73611260    1.38618825    1.64247390    1.96776692    1.35863743    1.59621949    1.52093573    1.59328191    2.01063012    1.71103554    3.10760145    1.71961365    1.97810826    1.77050025    1.68361898    1.49442539    1.69044048    1.74272279    2.14078371    1.98425506    3.28316429    2.42894074    2.16115577    2.45828172    2.03645643    2.28710052    2.27007541    2.25901553    2.66721704    2.70474458    2.62646704    2.31897732    2.71504969    2.63702197    2.08593564    2.09756254    3.13561763    2.38931030    2.94793562    2.76302449    2.24211536    2.26619576    1.80830456    1.97578053    2.87419657    1.77500303    2.96482170    3.08406996    2.43802753    2.84458077    2.86373976    3.12730995    2.65219758    3.48976712    2.36008473    2.18580994    2.89166737    2.70531099    2.82793086    2.54637768    2.37223848    2.62905476    2.59921689    2.30237196    2.43423665    2.91923295    3.32831263    3.03194492    3.38356347    2.72955140    2.60036369    2.25930183    2.19229611    2.18444770    2.44176748    2.61806367    2.51054109    2.77172087    2.30079966    2.33571422    2.30617063    1.86717913    1.77404804    2.15828889    1.81884213    1.99708808    2.24451472    2.06279333    2.09758511    1.91967906    2.19840559    2.73172106    2.24956005    1.98481408    2.42715314    2.24869185    2.19062407    1.99465054    1.76935175    2.40261643    2.06254135    1.51150529
A1WBJ8_ACISJ/37-174     1.31269363    0.94126118    0.76987886    0.72747712    0.72042069    0.74419959    0.38347272    0.00000000    1.57537282    1.58624816    1.62045293    2.10840034    2.12067019    1.76690776    1.88678576    1.45589852    1.56683321    2.15131091    1.57589877    1.76353111    1.47734191    1.54103624    2.06431980    1.77197009    3.46327009    1.82073812    2.21832202    2.06947890    1.83920030    1.57494837    1.66297328    1.88578253    2.11782601    1.91394358    3.69562145    2.38918858    2.02417632    2.23357808    2.44404661    2.53499950    2.49756876    2.23466087    2.74011083    2.68432973    2.54021495    2.37436101    2.91106383    2.89398533    2.19970349    2.27450862    3.19618000    2.43917727    3.06061171    3.20293921    2.26657779    2.40244115    1.94263947    2.13357787    2.84503164    1.64568290    2.85200806    3.04294048    2.39014773    2.50509025    2.87847353    3.24126250    2.67711375    3.48782607    2.34290736    2.22784144    2.93419803    2.91512052    2.88224519    2.34230109    2.35395994    2.61608253    2.78450744    2.25982795    2.67425182    3.02985279    3.38263419    3.15458750    3.28105486    2.57325442    2.74158953    2.39570340    2.09583622    2.13387503    2.32402620    2.59038987    2.85794318    2.66458391    2.38823808    2.36543124    2.36927031    2.25709996    2.12742103    2.20775767    2.20753265    2.23145890    2.22924006    2.40550450    2.51266749    2.29427989    2.60099847    3.05436269    2.34036980    2.14263330    2.52514919    2.08182174    2.18870314    1.94208425    1.68891685    2.12815739    1.91837537    1.52435075
Q1LS98_CUPMC/38-174     1.81657580    1.99675257    1.79617739    1.86104055    1.57786701    1.82368214    1.74885155    1.57537282    0.00000000    0.40653980    1.89707371    2.08285576    2.40920350    2.15475620    2.39823191    2.13516055    1.68556726    2.02511296    2.00927283    1.69614137    1.69337080    1.63529897    2.48720430    2.21225048    3.13779013    2.01245677    2.03231490    1.81125175    1.74770671    1.65071750    1.95496436    1.70943712    2.08426305    1.97834329    4.23599483    2.37860150    2.11170554    2.32778772    2.36213761    3.05247347    2.88035036    2.47901340    3.54253899    3.33775169    2.42664695    2.61080433    3.05499754    2.51785708    2.33356265    2.36131485    3.50825114    2.68584196    2.81350128    3.37580644    2.80015922    2.99469989    2.15209672    2.30678578    2.80491286    2.31232286    3.01163304    2.53387663    2.54652928    2.71498433    2.90759540    3.28527624    2.85445748    2.70604547    2.94693892    2.75498148    3.21224752    3.67480941    3.31218008    2.87766098    2.97106525    3.07400857    3.25826464    3.66637067    3.09594710    4.11021699    3.66187164    3.33729808    3.95277423    2.51510209    2.34746171    2.62564651    2.46917947    2.45278583    2.56816425    2.95951775    3.04238909    3.39693840    2.74327090    2.84276603    2.77237657    2.47108193    2.38304763    2.86517972    2.72581989    2.25476232    2.64456590    2.71653718    2.99538807    2.92753779    2.31188763    3.46431506    2.65165306    2.13899652    2.59591641    2.61664283    2.62828901    2.21394256    2.04795993    2.30677278    2.35536031    1.71818050
Q0KFB4_CUPNH/37-173     1.82292248    1.84967870    1.81765635    1.95813835    1.71003454    1.66045604    1.67318538    1.58624816    0.40653980    0.00000000    1.79125241    1.77366881    2.35404173    2.00538847    2.26423684    2.06080117    1.54169384    1.86564601    1.71216265    1.59585624    1.41528899    1.49085552    2.34772681    1.95535765    3.02605557    1.77240466    1.82179169    1.68406020    1.70297337    1.68067789    1.76908312    1.52004638    1.70980732    1.88069857    4.05351453    2.12336139    1.99147608    2.61078817    2.15352847    2.55402769    2.63852830    2.30461444    3.36837457    3.04672207    2.32316429    2.50584594    2.49990613    2.28984953    2.19116877    2.18522329    3.06803883    2.24084073    2.57841101    3.26532506    2.72369365    2.75396634    1.91540068    2.18021682    2.64819310    2.35231649    3.06904849    2.44682295    2.20654920    2.43925281    2.78759814    3.25174594    2.60971398    2.54777897    2.74125197    2.72766690    3.17046847    3.49729808    3.19058689    2.84116669    2.87211307    2.72162207    3.01605565    3.21950077    2.99398203    3.44471148    3.27464829    3.58687140    3.76316166    2.45396519    2.39681948    2.42093585    2.37413840    2.08902926    2.26590031    2.77294125    2.76828263    2.81185184    2.39463799    2.64563679    2.68896908    2.48403923    2.01079203    2.47305037    2.64140069    2.16976901    2.45572851    2.43959036    2.70488676    2.94423121    2.30696109    3.23853461    2.31782895    2.11673710    2.41754565    2.50081086    2.37109180    2.18415094    1.83958525    2.37389714    2.32658443    1.66551248
Q63KK2_BURPS/60-192     1.65160765    1.62705516    1.58998640    1.69049085    1.89602345    1.89650361    1.81430837    1.62045293    1.89707371    1.79125241    0.00000000    1.46669805    1.61026362    1.59674911    1.59803283    1.38164342    1.26988475    1.43293414    1.19197291    1.28990652    1.37270902    1.71332055    1.42095307    1.85932200    2.68093770    1.59184139    1.55375402    1.20124534    1.22145066    1.05221064    1.27656072    1.53320511    1.42967509    1.48044145    2.44701751    1.85004812    1.68518524    2.12210891    1.72696121    2.21997960    2.24772981    1.96399727    2.65458654    2.08117198    1.97204531    2.10207456    1.96102311    2.62394802    1.82551571    1.99050590    2.87579724    1.62108949    2.83018203    2.61057669    1.67918056    1.81584946    1.72779681    1.56765055    2.48634834    2.22931308    2.78365335    2.01126234    2.28413167    2.40974639    2.95374829    3.65401579    2.62678257    3.02918362    2.51329844    2.23181404    3.23916825    3.43468857    2.69750168    2.49687233    2.41662397    3.26493860    3.36404557    3.06594776    3.53091584    3.41919831    3.24146986    2.65304911    3.35795520    2.10178776    1.98025832    1.58988674    1.61671595    2.06736005    1.97224379    2.23678756    2.00916650    2.03186362    1.89009943    2.08593201    2.03207463    1.90863355    1.67568845    2.11238355    1.70094037    2.03537683    1.97862873    2.12641475    2.20589836    2.44381912    2.57751339    2.60536521    2.47712819    1.60883396    1.59694643    1.70094186    1.94398434    2.09395545    1.84605822    2.21324053    1.59195653    1.40529679
Q2RWM5_RHORT/121-258     1.99091381    1.86994677    1.76665788    2.02784817    2.42196823    2.14637083    1.99283964    2.10840034    2.08285576    1.77366881    1.46669805    0.00000000    1.68295015    1.78391644    1.82725151    1.60415559    1.50704873    2.29698689    1.59960246    1.87151947    1.64776063    1.72025051    2.11196670    2.01425951    3.06263671    1.68051094    1.64959555    1.50506137    1.44531685    1.58866744    1.73388720    1.56340811    1.83345024    1.86062940    3.10567745    2.39267553    1.96883612    2.79235213    2.14229281    2.20376619    2.04000985    2.03236925    2.80951877    2.51099108    2.47232912    2.21744740    2.27521229    2.24889530    1.66698303    1.91262430    2.63323705    2.31007545    2.72437791    2.32802515    2.25852215    2.70897490    1.76159253    1.59093956    2.74048815    2.23597116    2.96055778    2.50657171    2.82503396    2.40960938    3.00481988    4.43273069    2.99315500    3.11572334    2.72602540    2.85813966    3.54101339    3.36842581    2.76535229    2.75835155    2.71341021    3.00072164    3.09663293    3.00781992    2.74076928    3.14376312    3.42609584    3.92804982    3.91796487    2.57036608    2.46219140    1.98372934    2.38706275    2.70489076    2.42074464    2.47453392    2.41818344    2.86690256    1.95332281    2.46729327    2.38719272    2.81621418    2.22528834    2.26426028    2.12706033    2.41987614    2.41189107    2.64499601    2.62301178    2.86352849    2.77280693    3.08560291    2.55556591    1.74184265    2.14437817    2.02437838    1.76113637    1.71471967    1.88092624    2.00151695    2.08322206    2.13399289
Q7CY49_AGRFC/26-163     2.10560636    1.89268053    2.22587953    2.04952871    2.07263123    2.33468151    2.18375870    2.12067019    2.40920350    2.35404173    1.61026362    1.68295015    0.00000000    1.88809299    2.34410005    1.94724799    2.19455142    2.44453641    1.51811288    1.62508890    1.93639783    1.45848561    2.45109797    2.20659408    2.96957123    1.83449589    1.87121882    1.96803499    1.74482199    1.70393392    1.93302158    1.50550433    1.93683576    1.64236366    3.19892425    2.25972540    2.35145753    2.61346813    2.22305349    2.93565359    2.53818283    2.66348512    3.29983341    3.12429820    2.53074751    2.45097215    2.45824204    2.12004340    1.97352339    2.03905421    2.55354806    2.74571626    3.74648325    3.03435880    2.19678280    2.47337826    2.11060393    2.01975911    2.63050756    2.26702658    2.86975142    2.58145390    3.12653118    2.73432539    2.66443761    3.52772597    2.67377660    2.77291086    2.94564960    2.45554649    2.82108948    2.82017825    2.94086371    2.71021544    2.56607274    2.91870048    3.48715551    2.67554964    2.73409860    2.79406590    3.66860044    4.35557861    2.74667065    2.99150016    2.52320785    2.02578128    2.27666434    2.63243190    2.49583498    2.84142078    2.58254433    3.10876833    2.63482654    2.74117866    3.16333984    2.74692600    2.65543906    2.62549485    2.45524412    2.45192777    2.38139769    3.00718789    2.60120923    2.84945074    2.25358396    2.74772800    2.68761637    2.15139864    2.73608525    2.02443228    2.16525890    1.98141950    2.12906076    2.18936272    1.94724436    1.79806827
A5V5G0_SPHWW/46-182     1.90899365    1.85034737    1.98357366    1.76543739    1.67932675    2.05743514    1.66281567    1.76690776    2.15475620    2.00538847    1.59674911    1.78391644    1.88809299    0.00000000    1.97361515    1.51226389    1.70642454    1.70306568    1.57447719    1.57815002    1.35979917    1.54901566    2.24064083    1.99429149    3.44544982    1.50317729    2.14232210    1.53408955    1.59544665    1.50203330    1.50616715    2.01712495    2.38626194    2.11025330    3.76680535    2.48611111    2.02154133    2.37126314    2.10613982    2.39550326    2.10625032    2.34059725    2.84191432    2.41092208    2.56126033    2.45607729    2.44301824    2.33028932    2.00158687    2.09662372    2.62953598    2.28250564    2.66973069    3.03506919    2.05703295    2.11283655    1.60212350    1.88197448    2.79664227    2.06288501    3.00081281    2.72340291    2.59174604    2.35884296    2.72328086    3.61391202    2.66101089    3.44902214    2.48098427    2.30212059    2.58145555    2.45118523    2.84889697    2.37142211    2.41097708    2.69931833    2.88486784    2.85384663    2.55038684    3.09633451    3.14986798    2.83241354    3.31807467    2.56451721    2.16470529    1.82262990    2.36281025    2.75309561    2.77300430    2.71748596    2.66212591    2.85826252    2.09407063    2.50268439    2.37087155    2.15177635    2.31437483    2.61050587    2.43668942    2.28045617    2.44813271    2.60235757    2.36220314    2.59902651    2.62774356    3.23128667    2.13621942    2.00347445    2.06344627    2.51557471    2.37845496    1.96983106    1.96564418    2.32143491    1.89586108    1.91343681
A1W3R7_ACISJ/33-169     1.75406995    2.25866500    2.04519625    2.14276715    1.96121319    1.71993876    1.73611260    1.88678576    2.39823191    2.26423684    1.59803283    1.82725151    2.34410005    1.97361515    0.00000000    0.93965340    1.51802394    1.39037300    1.89097646    1.62919591    1.78906203    1.86998621    2.17634235    1.83424338    2.52533760    1.83044248    1.81247502    1.61238385    1.72172902    1.38860354    1.56016300    1.92558640    2.07854778    1.93533469    2.78097927    2.17238056    1.92340146    2.23159283    2.09467338    2.32538413    1.98182215    2.13162029    2.35285941    2.43470001    2.25319728    2.23438391    2.55951638    1.74097728    1.75734352    1.77301107    2.28497397    1.80820460    2.84113634    2.62886706    2.00667066    2.33721461    1.99035139    1.93120840    2.55615981    2.06735300    3.05616127    2.21390673    2.50597333    2.48786977    2.73833104    4.02831330    3.20448290    3.27210758    3.64584653    2.64954374    3.72473501    4.11435806    3.50233227    3.57964744    3.16094861    3.58349329    3.29738830    3.32877745    3.32426868    3.47090438    3.79495419    3.04769337    3.55654672    2.64923864    2.44545622    2.03146661    2.51089953    2.78159073    2.47909649    2.30244199    2.31293958    2.16721238    2.33531242    2.47385685    2.41296449    2.29525625    2.03340962    1.86061976    2.11989034    1.91665059    2.61665379    2.02808040    2.36610196    2.23889746    2.44595942    3.08352764    2.19027111    1.93896332    2.44628298    1.81477383    2.01738697    2.61081351    1.84259297    2.43837640    2.22437453    1.73059069
A1TUA0_ACIAC/47-184     1.32209952    1.58009757    1.46891433    1.53431900    1.61911632    1.53113740    1.38618825    1.45589852    2.13516055    2.06080117    1.38164342    1.60415559    1.94724799    1.51226389    0.93965340    0.00000000    1.18893576    1.52441063    1.22347446    1.27590935    1.21134668    1.58466148    1.91386975    1.70441868    2.72477280    1.33045535    1.48425224    1.10188157    1.42812349    1.24253689    1.41423502    1.58488248    1.69018479    1.54526569    2.98953824    2.26634263    1.94297993    2.19141836    1.75926219    1.88773195    1.92314483    1.98358247    1.92159849    2.13721909    2.07041488    1.93095394    2.20352636    2.03585200    1.74245312    1.57323316    2.34324569    1.74573701    2.33065340    2.48115415    1.84854913    2.08901710    1.34941493    1.61155873    2.65980243    2.31050871    3.08075548    2.12926660    2.25691771    2.16220126    2.53937119    3.71044563    2.89107190    2.89087103    3.03956180    2.27087258    2.72745598    3.20856686    2.81823720    2.63373581    2.50856419    2.44708567    2.57994461    2.85225090    2.55104334    3.13141426    3.30245308    2.66623241    3.29924826    2.47144828    2.09593833    1.92285957    1.88545603    2.57498545    1.90984720    1.58913440    1.82358464    2.16164083    1.94796289    2.10542597    2.03988303    2.12861280    1.75684489    1.68098109    2.00684165    1.69205090    2.35478285    1.93614698    1.95271782    2.09628684    2.11291393    2.74378325    2.01523142    1.45184280    1.59040436    1.84141676    1.73811791    1.75556923    1.44164039    2.17083236    1.81213827    1.48792761
A9BLH7_DELAS/47-184     1.66025027    1.89418016    1.63036859    1.84126398    1.69072360    1.98235104    1.64247390    1.56683321    1.68556726    1.54169384    1.26988475    1.50704873    2.19455142    1.70642454    1.51802394    1.18893576    0.00000000    1.55737968    1.18637829    1.40126899    1.50773134    1.69817349    1.62835534    1.81789204    2.39994169    1.43064219    1.51599559    1.31362772    1.45992158    1.41416251    1.41451718    1.26014898    1.50808937    1.57428091    2.27405993    2.02159393    1.74267112    2.07187437    1.82117352    1.88533004    1.74951396    2.01629156    2.28451510    2.32778283    2.27139132    2.28490217    2.16211321    2.20298191    1.81578744    1.76050799    2.47337730    1.65839667    2.47272594    2.40097604    1.80945588    1.92073798    1.43947574    1.76063017    1.89455641    2.19701964    2.70868453    2.09300507    2.06250826    2.48741102    2.44800210    3.12526454    2.65185827    2.76221654    2.71228983    2.22297589    3.35809557    3.45058418    2.71711676    2.46976356    2.56078898    2.68745737    2.73277339    2.60539038    2.43787923    3.12820471    2.63279968    2.71448997    3.05029594    2.23708599    2.01994884    1.83806103    2.00851248    1.97777011    1.81350519    2.01633666    2.14479528    2.23254629    2.05877049    2.11816343    1.94856154    1.97280020    1.76191338    2.10291161    1.88416268    1.73793885    2.14893226    1.94407043    2.02041083    2.27120647    2.16267284    2.68934161    1.78951926    1.62345442    1.70741106    1.97271419    1.67639780    1.65890467    1.60672910    2.07655243    1.85148458    1.69337952
E3FRV7_STIAD/35-168     1.95813160    2.10669509    2.06213720    2.26064475    2.03960607    2.16647807    1.96776692    2.15131091    2.02511296    1.86564601    1.43293414    2.29698689    2.44453641    1.70306568    1.39037300    1.52441063    1.55737968    0.00000000    1.24326447    1.50334711    1.46513651    1.78370688    1.59449545    1.96519869    2.21339844    1.47999735    1.81766767    1.45333601    1.65865704    1.49025293    1.29404610    1.67093903    1.94737078    2.11290818    2.36700477    1.73653542    2.14164603    1.73990401    1.52645007    1.78541096    1.58869277    1.60622728    2.11574778    1.99581443    1.81121870    1.94282594    1.83740716    1.58367477    1.88117464    1.82629640    2.50798131    1.51285673    2.39792582    2.23158262    1.74595722    2.01299673    1.47558407    1.83189641    2.26184767    2.59880639    2.85282519    2.24370614    2.32120795    2.18212025    2.58447350    2.80219941    2.59863044    3.08903458    2.88485924    2.28737295    2.62526700    2.69954121    2.88608920    3.00745972    2.56798348    2.63629168    2.88222610    3.54077182    3.56566105    3.44127183    2.92131651    2.81582925    2.94548934    2.73042405    1.78991964    1.90860814    1.86779926    1.87109479    2.22666435    2.22675947    2.07616931    1.90475880    2.07452048    2.26921598    2.09198294    1.61154950    1.71347438    2.03616346    2.07029223    1.60020819    2.06289688    2.08993443    1.95414012    2.30825650    1.98836876    1.87160403    1.75240249    1.76407941    1.87730961    2.08331755    2.30523101    2.36865911    2.32835201    2.08740316    2.02719119    1.69671220
A5VGP5_SPHWW/47-184     1.55778710    1.44346329    1.43450666    1.42775303    1.70948982    1.67673388    1.35863743    1.57589877    2.00927283    1.71216265    1.19197291    1.59960246    1.51811288    1.57447719    1.89097646    1.22347446    1.18637829    1.24326447    0.00000000    0.94418394    1.09645521    1.09730755    1.23065211    1.50723579    2.12602272    1.27280596    1.45386775    1.04011948    1.20100781    1.17399886    1.33433194    1.12807560    1.20075253    1.30993529    2.39929593    1.63942580    1.92973630    2.05198761    1.45136255    1.86381873    1.43411455    1.53895939    2.20732013    1.60799466    1.83434725    1.89207000    1.55362322    1.90585397    1.61844698    1.78768229    2.08471667    1.72037809    2.40331389    1.89995919    1.56792250    1.81488770    1.21292002    1.54346702    2.40324329    2.26252822    2.42459192    2.28706515    2.02839690    2.31910482    2.52839306    2.58845628    2.65601216    3.68653008    2.33043584    2.20910717    2.35087985    2.65456112    2.82945970    2.38551868    2.42565970    2.60245269    2.89133657    2.40874638    2.72540755    2.51844812    2.83235589    3.44892142    4.02288657    2.60678827    2.13719229    1.68347749    1.63396426    1.84554593    1.57052248    2.09516768    1.91744941    2.47903955    1.72055314    1.97223014    1.90206200    1.80158397    1.52336307    1.53948027    1.48690640    1.53047269    1.68095437    1.65572851    1.73308709    1.79137914    2.12272710    2.26327607    1.79968447    1.51950147    1.46226694    1.96680477    2.23404998    2.07617489    1.73344644    2.07771984    1.91381516    1.43671784
A6X818_OCHA4/47-184     1.87505881    1.84568262    1.79867516    1.76253649    1.79401020    1.81024483    1.59621949    1.76353111    1.69614137    1.59585624    1.28990652    1.87151947    1.62508890    1.57815002    1.62919591    1.27590935    1.40126899    1.50334711    0.94418394    0.00000000    1.24332492    1.18365212    1.75727476    1.73768138    2.62078741    1.31004719    1.65049694    1.24551020    1.30451486    1.26275445    1.53679985    1.51114011    1.52570678    1.57246593    2.98520334    2.03871764    1.91199539    1.75066878    1.60411852    2.17782307    2.07130558    2.21608779    2.34908107    2.13562292    1.98252069    1.88148657    2.15560359    2.02521517    1.83585174    2.10790217    2.53992761    1.88169168    2.89166382    2.36450356    1.63878506    1.89374598    1.48069298    1.82458439    2.26585539    2.16550590    3.13557331    2.56782836    2.54975785    2.78077872    3.11641434    3.18775340    2.54344844    3.47982748    2.65827442    2.38652546    2.88492462    3.07798994    2.66407028    2.33772006    2.48935709    2.98032084    3.08418178    2.17151784    2.81589749    2.36058385    3.66367178    3.19874335    3.50270689    2.68860536    2.13082119    1.82531811    1.75528519    2.18350270    2.22089411    2.32484394    2.00388013    2.53364364    1.92496772    1.93453395    2.34266045    1.83587495    1.86297204    2.02791223    1.82531556    1.55112121    2.02725342    1.99340293    1.73402896    1.95551994    2.06513565    2.79440533    2.22683102    1.65958586    1.78033938    2.30783569    1.91328889    2.23924547    1.66977889    2.13092503    1.95089348    1.46947777
B9M3W8_GEODF/37-174     1.59645400    1.66154926    1.67312167    1.74257421    1.85076045    1.77438626    1.52093573    1.47734191    1.69337080    1.41528899    1.37270902    1.64776063    1.93639783    1.35979917    1.78906203    1.21134668    1.50773134    1.46513651    1.09645521    1.24332492    0.00000000    1.12645562    1.78452153    1.46991588    2.79878813    1.39157369    1.63579700    1.22247903    1.30656275    1.17773461    1.20371636    1.43966646    1.72422278    1.51686323    2.31149948    1.90089298    1.85173774    2.11741686    1.67392873    1.57830089    1.83547888    1.97760110    1.93385926    2.05460204    1.85153479    1.83192218    2.03894369    1.97876927    1.81293494    1.91574016    2.47802110    1.95199108    2.42526042    2.52144080    1.79853861    1.81449808    1.27077010    1.30239602    2.38131516    2.20480545    2.38573453    1.96007073    1.82591401    1.71414315    2.43780902    2.98397065    2.88744197    2.75244294    2.01607943    2.62608020    2.72901126    2.70420853    2.86477260    2.67793105    2.42783355    2.58815208    2.98032488    2.59258560    2.85217920    2.76874090    2.83356772    3.89518170    3.35510438    2.22995160    1.98765947    1.69508532    1.98077273    2.04885879    2.18412687    2.30623772    2.36110569    2.27778859    1.96716934    1.94335665    2.12607414    1.85163185    1.53263517    1.59928439    1.59092069    1.43900783    1.83215366    1.91738472    1.94981281    2.04671521    1.90982003    2.63056137    1.85692803    1.46645440    1.83629250    1.89297068    2.21508354    1.93113543    1.54992119    2.10408878    1.86466193    1.39798948
Q02D29_SOLUE/39-176     1.73544417    1.76236002    1.75271435    1.60269786    1.40131190    1.47659907    1.59328191    1.54103624    1.63529897    1.49085552    1.71332055    1.72025051    1.45848561    1.54901566    1.86998621    1.58466148    1.69817349    1.78370688    1.09730755    1.18365212    1.12645562    0.00000000    1.98586375    1.93107542    2.99168789    1.37651418    1.67309156    1.42498202    1.22835614    1.39094499    1.35483462    1.56382286    1.98907343    1.48719307    2.78443425    2.05675374    1.76542025    2.16073353    2.22031035    2.34463838    2.28375750    2.00786052    2.47147418    2.45906819    2.08692632    2.18421880    2.02419556    2.22291506    1.88861015    1.85519975    2.41070550    2.08268046    2.66928525    2.54302215    1.63422116    1.94307869    1.52323085    1.51743846    2.41344107    2.13249733    2.75820947    2.52444966    2.10405708    2.15061603    2.02989141    2.71390144    2.53574613    2.97177796    2.44986926    2.47579404    2.58394077    2.51140636    2.80037943    2.40447810    2.22326614    2.52630421    2.27994027    2.45827033    2.45569701    2.33605545    2.83084415    3.35826966    3.29040543    2.02251448    2.08937394    1.48648802    1.89378687    2.04179847    2.06195488    2.32049461    2.23988178    2.43137213    2.17589588    1.91670475    2.15964873    2.05899076    1.93479526    2.10413892    1.81510631    1.73859223    1.87866541    1.90814261    2.20325700    2.32081046    1.87715829    2.66472329    2.16051527    1.51902714    2.06080342    2.18966381    1.80125064    1.79533378    1.64355627    1.98312222    1.75827020    1.41214223
A0A6N4SSI5_CYTH3/37-173     2.55536748    1.96961242    2.05492885    1.92851249    2.11599982    2.23058825    2.01063012    2.06431980    2.48720430    2.34772681    1.42095307    2.11196670    2.45109797    2.24064083    2.17634235    1.91386975    1.62835534    1.59449545    1.23065211    1.75727476    1.78452153    1.98586375    0.00000000    1.58182923    1.85066625    1.71243664    1.67487824    1.32846006    1.25627892    1.47686539    1.41493798    1.31791823    1.61769577    1.40358949    2.63114152    1.67889495    2.10085447    2.47165120    1.86900407    1.67597610    1.70832864    1.78842087    1.91423197    1.84444238    2.03849644    2.25185936    2.05396167    1.93567617    1.95726997    2.08862832    2.74650496    1.72360974    2.46083625    2.33545991    1.57263373    1.93216615    1.57944110    1.63640462    2.11288497    2.44157032    2.95404118    2.67087696    2.46809718    2.50101159    3.21223794    3.75792190    3.54627748    3.27438221    2.23320355    2.40185583    3.73576401    3.35727905    3.12103049    2.87555979    2.79713758    2.53156663    2.83419743    3.28277941    3.56150334    2.87220703    3.05871790    2.62480806    3.81265430    2.15799499    2.03980531    2.06875798    1.66045793    2.00598226    1.67195197    2.31396166    2.22196302    2.19870368    1.76350946    2.28274468    1.78271797    1.87602893    1.63204631    1.89930831    1.65305971    1.59616158    1.61446027    2.08405250    2.05079486    2.16029559    2.20715611    2.65668565    1.59277674    1.77925449    1.95336549    2.23493600    2.05122955    2.79274031    2.29159074    2.37917419    2.13078253    2.01281488
A2TZQ8_9FLAO/41-178     1.99280461    1.67565580    1.94797069    1.96183387    2.27610701    1.90466956    1.71103554    1.77197009    2.21225048    1.95535765    1.85932200    2.01425951    2.20659408    1.99429149    1.83424338    1.70441868    1.81789204    1.96519869    1.50723579    1.73768138    1.46991588    1.93107542    1.58182923    0.00000000    2.29325343    1.86145621    1.60276372    1.41708788    1.60314614    1.52394535    1.41157256    1.52064716    1.63246495    1.74157797    2.52666003    1.87769556    2.22028263    2.45840582    1.94428101    1.84200273    1.63710226    1.95284394    2.43630003    2.74698233    2.14094716    2.49629709    2.14735781    2.24686795    1.90187712    2.09131832    2.46943727    2.12386696    2.69675970    2.40844138    1.87389530    2.10678414    1.94005052    1.67134068    2.41174793    2.17231674    2.85017239    2.34523234    2.25830081    2.01953032    2.80284695    4.54227980    3.05957578    3.28190745    2.79372805    2.47104503    3.35132780    3.34431018    3.47803730    3.23389106    2.99305852    2.88612584    2.79834014    3.08219891    2.98121029    3.06173614    3.46304366    4.18301876    3.29320037    2.37266588    2.06736085    2.12134024    1.92793883    2.18810151    2.07936105    2.42821758    2.51741010    2.51789887    1.82630591    2.53480139    2.38747977    1.87753850    2.33771490    1.76603947    1.79789507    1.98107388    1.93506250    2.03729543    2.04148782    2.19312482    2.21055181    2.77596291    2.02278417    2.03354898    2.22920315    1.92658741    2.01697126    2.34443001    2.02383024    2.01265352    2.02751914    1.85014329
