17
M4D9S3_BRARP/137-173     0.00000000    0.51727208    0.29043848    0.36354393    0.45343544    0.27016526    1.04169200    0.44414962    0.80636135    0.74054817    0.78132821    0.80643576    0.56208538    0.92980322    0.94210485    0.80450364    0.60547632
M1CPC8_SOLTU/190-226     0.51727208    0.00000000    0.31978757    0.39988691    0.42352770    0.35770637    1.06552177    0.43987064    0.82068836    0.86548445    0.91270098    0.73330456    0.75401496    0.96253919    1.09970101    0.78558431    0.54671856
C6TH04_SOYBN/174-210     0.29043848    0.31978757    0.00000000    0.36130175    0.43526916    0.24355937    1.06596233    0.33046511    0.78435017    0.62716390    0.67811041    0.88620843    0.49881332    0.91739859    0.80831438    0.68164318    0.50919461
A0A3Q7JE92_SOLLC/240-276     0.36354393    0.39988691    0.36130175    0.00000000    0.38243333    0.27932659    1.12919522    0.45637937    0.64937854    0.79581706    0.73472715    0.79175837    0.58772921    0.74965414    0.94870833    0.70388273    0.45874916
W1NTL7_AMBTC/150-186     0.45343544    0.42352770    0.43526916    0.38243333    0.00000000    0.37349119    1.05340026    0.34043823    0.66521472    0.83943715    0.67059883    0.83330439    0.63442929    0.93323554    0.97238842    0.76468367    0.61881829
I1I8T9_BRADI/171-206     0.27016526    0.35770637    0.24355937    0.27932659    0.37349119    0.00000000    0.83894114    0.29863778    0.74119214    0.66787644    0.60083046    0.66861778    0.53306069    0.81635098    0.72066666    0.68072284    0.40167591
K7UQS4_MAIZE/80-116     1.04169200    1.06552177    1.06596233    1.12919522    1.05340026    0.83894114    0.00000000    0.74866042    1.19297758    1.23128879    1.09261902    1.24659958    1.17425605    1.37769287    1.47671223    1.42947017    1.20157377
M0STS2_MUSAM/52-88     0.44414962    0.43987064    0.33046511    0.45637937    0.34043823    0.29863778    0.74866042    0.00000000    0.59731129    0.72180278    0.53503298    0.74417174    0.47229728    0.75809588    0.73075883    0.69676367    0.41508615
J3LX52_ORYBR/160-196     0.80636135    0.82068836    0.78435017    0.64937854    0.66521472    0.74119214    1.19297758    0.59731129    0.00000000    1.15667671    0.87542533    1.12904231    0.84171350    1.12859076    1.23362294    1.12451633    0.76450127
I1JJT4_SOYBN/2-38     0.74054817    0.86548445    0.62716390    0.79581706    0.83943715    0.66787644    1.23128879    0.72180278    1.15667671    0.00000000    0.48931532    0.98096111    0.34837339    0.71136967    0.61561956    0.54979545    0.78742927
M4DNH1_BRARP/5-40     0.78132821    0.91270098    0.67811041    0.73472715    0.67059883    0.60083046    1.09261902    0.53503298    0.87542533    0.48931532    0.00000000    0.63450750    0.23455268    0.48814836    0.38426243    0.46880846    0.95414859
M0S0Y0_MUSAM/145-180     0.80643576    0.73330456    0.88620843    0.79175837    0.83330439    0.66861778    1.24659958    0.74417174    1.12904231    0.98096111    0.63450750    0.00000000    0.85334106    1.20826502    1.04371714    0.78009053    0.84785829
M0RTD1_MUSAM/3-39     0.56208538    0.75401496    0.49881332    0.58772921    0.63442929    0.53306069    1.17425605    0.47229728    0.84171350    0.34837339    0.23455268    0.85334106    0.00000000    0.33917046    0.29573534    0.33123456    0.76375823
B9S6S1_RICCO/4-39     0.92980322    0.96253919    0.91739859    0.74965414    0.93323554    0.81635098    1.37769287    0.75809588    1.12859076    0.71136967    0.48814836    1.20826502    0.33917046    0.00000000    0.61235721    0.58242905    1.17832340
K3YDT2_SETIT/5-41     0.94210485    1.09970101    0.80831438    0.94870833    0.97238842    0.72066666    1.47671223    0.73075883    1.23362294    0.61561956    0.38426243    1.04371714    0.29573534    0.61235721    0.00000000    0.31392859    0.87422936
D7L9G9_ARALL/4-40     0.80450364    0.78558431    0.68164318    0.70388273    0.76468367    0.68072284    1.42947017    0.69676367    1.12451633    0.54979545    0.46880846    0.78009053    0.33123456    0.58242905    0.31392859    0.00000000    0.76510253
A0A3B6N3Q6_WHEAT/167-203     0.60547632    0.54671856    0.50919461    0.45874916    0.61881829    0.40167591    1.20157377    0.41508615    0.76450127    0.78742927    0.95414859    0.84785829    0.76375823    1.17832340    0.87422936    0.76510253    0.00000000

