16
E3NET1_CAERE/133-468     0.00000000    0.65047670    1.75463269    1.86627030    1.87714622    1.90625438    1.88731568    1.90677233    2.29667966    2.18367074    2.19609228    2.06823433    2.53057360    2.22241907    2.63039577    2.36847026
E3LYV6_CAERE/128-462     0.65047670    0.00000000    1.70287769    1.85406921    1.84741143    1.83134922    1.79088302    1.75952939    1.89875592    1.93308359    2.00271783    1.74208337    1.96441902    1.92828607    2.20280261    2.02122099
A8XIF3_CAEBR/62-401     1.75463269    1.70287769    0.00000000    1.22309162    1.15501408    1.03108332    1.88870925    1.79752294    2.04867565    1.72995467    2.03835688    1.60531073    1.73435623    1.67388843    1.92468711    2.01499460
E3NE55_CAERE/32-367     1.86627030    1.85406921    1.22309162    0.00000000    1.09581064    1.12446290    2.23655312    2.05141824    2.01803194    1.77244847    2.10048260    1.85990034    2.07121417    1.96106184    1.91206983    2.12291955
A8XIF1_CAEBR/61-404     1.87714622    1.84741143    1.15501408    1.09581064    0.00000000    0.34895358    2.03999677    1.79127447    2.08296388    1.95544648    2.33286560    1.65732571    1.99663314    1.93262666    1.96854358    2.03836899
A8XIF0_CAEBR/60-403     1.90625438    1.83134922    1.03108332    1.12446290    0.34895358    0.00000000    2.04331960    1.90220563    2.26696382    1.96976622    2.31226201    1.77341113    1.98821068    1.91391409    1.87116213    1.98704483
Q9N2W4_CAEEL/63-401     1.88731568    1.79088302    1.88870925    2.23655312    2.03999677    2.04331960    0.00000000    1.26708585    1.93465865    1.84380300    2.60006712    1.95750467    2.30177391    2.14677924    2.49022800    2.08187471
G5ECS2_CAEEL/57-384     1.90677233    1.75952939    1.79752294    2.05141824    1.79127447    1.90220563    1.26708585    0.00000000    1.80599221    1.65323231    2.11287781    1.68346263    2.00095562    1.79421922    2.05082290    1.84466075
Q9XX90_CAEEL/172-518     2.29667966    1.89875592    2.04867565    2.01803194    2.08296388    2.26696382    1.93465865    1.80599221    0.00000000    1.56273951    2.22162641    1.82874950    2.10644101    2.19915288    2.10239579    2.01037391
G0NN78_CAEBE/69-397     2.18367074    1.93308359    1.72995467    1.77244847    1.95544648    1.96976622    1.84380300    1.65323231    1.56273951    0.00000000    1.99927661    1.60145047    1.73246505    1.70904235    1.81691692    1.77213424
G0NXG1_CAEBE/82-408     2.19609228    2.00271783    2.03835688    2.10048260    2.33286560    2.31226201    2.60006712    2.11287781    2.22162641    1.99927661    0.00000000    1.95391190    1.52390707    1.82427792    1.91510630    2.07583739
G0NTM3_CAEBE/76-412     2.06823433    1.74208337    1.60531073    1.85990034    1.65732571    1.77341113    1.95750467    1.68346263    1.82874950    1.60145047    1.95391190    0.00000000    1.36238254    1.13678951    1.31597503    1.44824494
G0NXE5_CAEBE/148-484     2.53057360    1.96441902    1.73435623    2.07121417    1.99663314    1.98821068    2.30177391    2.00095562    2.10644101    1.73246505    1.52390707    1.36238254    0.00000000    0.52569915    1.34240286    1.67071370
G0NXG6_CAEBE/102-438     2.22241907    1.92828607    1.67388843    1.96106184    1.93262666    1.91391409    2.14677924    1.79421922    2.19915288    1.70904235    1.82427792    1.13678951    0.52569915    0.00000000    1.02134477    1.13588814
G0P417_CAEBE/111-441     2.63039577    2.20280261    1.92468711    1.91206983    1.96854358    1.87116213    2.49022800    2.05082290    2.10239579    1.81691692    1.91510630    1.31597503    1.34240286    1.02134477    0.00000000    1.07653543
G0NXF5_CAEBE/80-431     2.36847026    2.02122099    2.01499460    2.12291955    2.03836899    1.98704483    2.08187471    1.84466075    2.01037391    1.77213424    2.07583739    1.44824494    1.67071370    1.13588814    1.07653543    0.00000000

