6
Q7X1Q9_PSESY/1-328     0.00000000    0.28989320    0.84042351    1.35452885    1.24071445    1.47276114
Q4ZX49_PSEU2/1-323     0.28989320    0.00000000    0.91319215    1.40724787    1.35751692    1.50655359
Q48NF3_PSE14/1-323     0.84042351    0.91319215    0.00000000    1.32885012    1.46546927    1.60091962
AVRB_PSESG/1-319     1.35452885    1.40724787    1.32885012    0.00000000    0.96313088    0.95669601
G3CSE1_XANCE/4-329     1.24071445    1.35751692    1.46546927    0.96313088    0.00000000    0.33492367
A2BCU4_PSESH/26-350     1.47276114    1.50655359    1.60091962    0.95669601    0.33492367    0.00000000

