27
F8L2Z2_SIMNZ/1-183     0.00000000    1.85392431    2.83528836    2.38610812    2.41798608    2.77986989    3.08931072    2.66984199    2.64545898    2.78226747    3.02836060    2.32983129    2.56009602    2.73706769    2.82287567    2.31928125    2.63132342    2.61341204    2.18192592    2.27538453    2.09463183    2.42120120    2.08907415    2.48761269    2.71829031    2.82521483    2.69778066
Q6MBA2_PARUW/6-180     1.85392431    0.00000000    2.59083485    2.39269795    2.42883296    3.04418166    2.67110279    2.15354503    2.49240710    2.60065811    2.91909072    2.11240391    2.11202353    2.11713956    2.34988007    2.13292835    2.56745301    2.80660041    1.89669229    2.35017070    2.64855840    2.50125224    2.35908038    2.82604253    2.67252917    2.71360327    2.90325500
C5ANL9_BURGB/6-184     2.83528836    2.59083485    0.00000000    1.49734686    1.39066187    3.10842186    3.33649899    3.08405580    3.34767757    3.18052175    3.04071420    3.16330993    3.05505961    3.23960255    2.24369059    2.69973116    2.38297815    2.29506515    2.09618084    2.76524296    2.52413645    2.53310413    2.56512205    2.48382014    2.89914460    2.98959186    2.88118630
E5AVZ2_MYCRK/5-183     2.38610812    2.39269795    1.49734686    0.00000000    0.24834479    2.71839061    3.34954461    2.62843167    2.79760143    2.63093932    2.58737712    2.32775283    2.54757419    2.81198681    2.04637905    2.28116322    2.35294415    2.56023358    2.13060709    2.67236351    2.31008126    2.74803132    2.54894250    2.54199345    2.69422370    3.12308783    2.90184600
A1WDF9_ACISJ/11-183     2.41798608    2.42883296    1.39066187    0.24834479    0.00000000    2.40506411    3.33526135    2.81550734    2.97265946    2.91389046    2.83838485    2.33120370    2.48027736    2.76853532    2.19905146    2.29478907    2.34952468    2.59901973    1.90268131    2.64269174    2.28258969    2.66578082    2.54947194    2.31785023    2.55919331    2.86656438    2.70053540
Q3IUW8_RHOS4/1-178     2.77986989    3.04418166    3.10842186    2.71839061    2.40506411    0.00000000    2.38583560    2.35128832    2.31802341    2.45087706    2.41812813    2.65955155    2.39735894    2.43487406    2.94148520    2.39784379    2.92515546    2.93539728    2.58721893    2.77809509    3.09407123    2.95644232    3.05368259    2.85171112    2.98068404    2.97320370    2.66817265
E8RVX2_ASTEC/1-179     3.08931072    2.67110279    3.33649899    3.34954461    3.33526135    2.38583560    0.00000000    2.03484488    2.13839790    2.38551902    2.38437039    2.05206760    1.93617827    1.95465614    2.76211009    2.35254160    2.44761081    2.32895362    2.57994921    3.08700888    2.90522367    2.65417751    3.28743679    3.39455256    3.44297875    3.01615613    3.01029936
E0TB15_PARBH/1-179     2.66984199    2.15354503    3.08405580    2.62843167    2.81550734    2.35128832    2.03484488    0.00000000    1.46378296    1.50869698    1.42622208    1.46088774    1.63327904    1.52243940    2.85896087    2.62482101    2.47686668    2.42971761    2.44648874    2.64373435    2.38723396    2.06770258    2.32244214    2.58894095    2.69819104    2.66386958    2.65965620
A4XE91_NOVAD/1-179     2.64545898    2.49240710    3.34767757    2.79760143    2.97265946    2.31802341    2.13839790    1.46378296    0.00000000    0.56777491    0.58967116    0.74514392    0.90299839    0.89267398    2.37198693    2.28521223    2.51898709    2.72340161    2.48120845    2.70217463    2.54267198    2.44690289    2.55660223    2.52356916    2.91227037    3.00264810    3.15840492
A5VGQ8_SPHWW/1-179     2.78226747    2.60065811    3.18052175    2.63093932    2.91389046    2.45087706    2.38551902    1.50869698    0.56777491    0.00000000    0.36067390    0.84137354    0.91960108    0.90583459    2.32094866    2.49278550    2.69029646    3.02167731    2.38529145    2.83041641    2.63812422    2.40439227    2.77188184    2.80006816    2.70225116    2.89374301    3.10925205
M4SBD8_9SPHN/1-179     3.02836060    2.91909072    3.04071420    2.58737712    2.83838485    2.41812813    2.38437039    1.42622208    0.58967116    0.36067390    0.00000000    0.88715185    0.99647602    0.89916948    2.31418047    2.37865209    2.73613180    3.00368142    2.58934964    2.68170289    2.36915927    2.37865107    2.48509355    2.92210971    2.69779964    3.33825119    2.95056173
Q2G6C7_NOVAD/1-179     2.32983129    2.11240391    3.16330993    2.32775283    2.33120370    2.65955155    2.05206760    1.46088774    0.74514392    0.84137354    0.88715185    0.00000000    0.58813344    0.50396262    2.47402983    2.37965455    2.80612202    2.93368100    2.26509546    2.65089051    2.58202867    2.44200645    2.21725011    2.42561245    2.87275940    2.39433166    3.18660539
Q2NBH7_ERYLH/1-179     2.56009602    2.11202353    3.05505961    2.54757419    2.48027736    2.39735894    1.93617827    1.63327904    0.90299839    0.91960108    0.99647602    0.58813344    0.00000000    0.35367154    2.46987594    2.33731160    2.52663326    2.79162288    2.46424613    2.58129938    2.80228465    2.57393599    2.53872019    2.67034841    2.77420960    2.48239914    2.65554375
Q2N5H9_ERYLH/1-179     2.73706769    2.11713956    3.23960255    2.81198681    2.76853532    2.43487406    1.95465614    1.52243940    0.89267398    0.90583459    0.89916948    0.50396262    0.35367154    0.00000000    2.53029041    2.51591768    2.48387208    2.88114527    2.20034891    2.71229513    2.79207093    2.59310333    2.41915580    2.79033790    2.78190412    2.37578991    2.92782649
Q5ZTS0_LEGPH/3-186     2.82287567    2.34988007    2.24369059    2.04637905    2.19905146    2.94148520    2.76211009    2.85896087    2.37198693    2.32094866    2.31418047    2.47402983    2.46987594    2.53029041    0.00000000    2.23033829    2.22455228    2.33181639    2.46571536    2.36517053    2.28345519    2.77669324    2.42392250    2.94767712    2.66046076    3.25114105    2.50091790
W0BF37_9GAMM/1-182     2.31928125    2.13292835    2.69973116    2.28116322    2.29478907    2.39784379    2.35254160    2.62482101    2.28521223    2.49278550    2.37865209    2.37965455    2.33731160    2.51591768    2.23033829    0.00000000    1.77871354    1.68533438    2.43590910    2.58833507    2.45797350    2.40591889    2.46841224    2.57851671    2.55098976    4.17869628    3.55765128
A6TIG2_KLEP7/1-182     2.63132342    2.56745301    2.38297815    2.35294415    2.34952468    2.92515546    2.44761081    2.47686668    2.51898709    2.69029646    2.73613180    2.80612202    2.52663326    2.48387208    2.22455228    1.77871354    0.00000000    0.45842781    2.27662127    2.96409672    2.24208010    2.91348805    2.46581592    2.78341426    2.66812357    3.21943725    3.02459439
H9L421_SALTY/1-182     2.61341204    2.80660041    2.29506515    2.56023358    2.59901973    2.93539728    2.32895362    2.42971761    2.72340161    3.02167731    3.00368142    2.93368100    2.79162288    2.88114527    2.33181639    1.68533438    0.45842781    0.00000000    2.58756161    2.79103219    2.49430637    2.93415798    2.62801147    2.75834862    2.52434228    3.07206601    3.54074658
A1W658_ACISJ/1-182     2.18192592    1.89669229    2.09618084    2.13060709    1.90268131    2.58721893    2.57994921    2.44648874    2.48120845    2.38529145    2.58934964    2.26509546    2.46424613    2.20034891    2.46571536    2.43590910    2.27662127    2.58756161    0.00000000    2.26285003    2.28941116    2.00718996    1.98519040    2.66181187    2.51209904    2.23424845    2.27923674
E6W6U8_DESIS/8-179     2.27538453    2.35017070    2.76524296    2.67236351    2.64269174    2.77809509    3.08700888    2.64373435    2.70217463    2.83041641    2.68170289    2.65089051    2.58129938    2.71229513    2.36517053    2.58833507    2.96409672    2.79103219    2.26285003    0.00000000    1.65451661    1.69472459    1.85467835    2.16698560    1.86987932    2.39660425    2.21819843
Q2LTZ4_SYNAS/1-182     2.09463183    2.64855840    2.52413645    2.31008126    2.28258969    3.09407123    2.90522367    2.38723396    2.54267198    2.63812422    2.36915927    2.58202867    2.80228465    2.79207093    2.28345519    2.45797350    2.24208010    2.49430637    2.28941116    1.65451661    0.00000000    1.07731193    0.78842603    1.24713308    1.40783715    2.95978197    2.07315485
A0R7R2_PELPD/1-182     2.42120120    2.50125224    2.53310413    2.74803132    2.66578082    2.95644232    2.65417751    2.06770258    2.44690289    2.40439227    2.37865107    2.44200645    2.57393599    2.59310333    2.77669324    2.40591889    2.91348805    2.93415798    2.00718996    1.69472459    1.07731193    0.00000000    0.84644650    1.68561972    1.51208804    2.89975110    2.72896279
B3EB64_GEOLS/1-182     2.08907415    2.35908038    2.56512205    2.54894250    2.54947194    3.05368259    3.28743679    2.32244214    2.55660223    2.77188184    2.48509355    2.21725011    2.53872019    2.41915580    2.42392250    2.46841224    2.46581592    2.62801147    1.98519040    1.85467835    0.78842603    0.84644650    0.00000000    1.47006206    1.35215963    2.63908313    1.98666770
F8ACL1_THEID/1-183     2.48761269    2.82604253    2.48382014    2.54199345    2.31785023    2.85171112    3.39455256    2.58894095    2.52356916    2.80006816    2.92210971    2.42561245    2.67034841    2.79033790    2.94767712    2.57851671    2.78341426    2.75834862    2.66181187    2.16698560    1.24713308    1.68561972    1.47006206    0.00000000    1.55712689    3.04783401    2.98877013
F2LV23_HIPMA/1-183     2.71829031    2.67252917    2.89914460    2.69422370    2.55919331    2.98068404    3.44297875    2.69819104    2.91227037    2.70225116    2.69779964    2.87275940    2.77420960    2.78190412    2.66046076    2.55098976    2.66812357    2.52434228    2.51209904    1.86987932    1.40783715    1.51208804    1.35215963    1.55712689    0.00000000    2.77994357    2.56662337
B7J827_ACIF2/8-179     2.82521483    2.71360327    2.98959186    3.12308783    2.86656438    2.97320370    3.01615613    2.66386958    3.00264810    2.89374301    3.33825119    2.39433166    2.48239914    2.37578991    3.25114105    4.17869628    3.21943725    3.07206601    2.23424845    2.39660425    2.95978197    2.89975110    2.63908313    3.04783401    2.77994357    0.00000000    1.82057416
A2SNK1_METPP/1-178     2.69778066    2.90325500    2.88118630    2.90184600    2.70053540    2.66817265    3.01029936    2.65965620    3.15840492    3.10925205    2.95056173    3.18660539    2.65554375    2.92782649    2.50091790    3.55765128    3.02459439    3.54074658    2.27923674    2.21819843    2.07315485    2.72896279    1.98666770    2.98877013    2.56662337    1.82057416    0.00000000

