40
W5N3T1_LEPOC/78-254     0.00000000    0.32867762    0.28787064    0.34654121    0.30178375    0.31668408    0.78344464    0.86697661    0.84207916    0.81831538    0.81870034    0.85438816    0.72916676    0.72205535    0.76250926    0.69920174    1.12632192    0.67839124    0.63176684    0.81762451    1.69382971    1.32424655    1.12287874    1.35168684    1.31604349    1.40030844    1.34015093    1.30985634    1.30166017    0.88039149    1.04433514    0.84926001    1.12788388    1.08417350    1.17071012    0.98171299    0.40684026    0.41481115    0.46557656    0.40453674
A0A3B1K9S7_ASTMX/85-266     0.32867762    0.00000000    0.21943559    0.30023946    0.27136743    0.40252391    0.70554269    0.83947423    0.77806526    0.82114235    0.83349737    0.89705408    0.74240619    0.80119636    0.77061465    0.69400903    1.10723248    0.70982809    0.66817695    0.70538129    1.60586910    1.30116978    1.07474307    1.22038849    1.29229209    1.26725568    1.26157071    1.23104402    1.25711507    0.81128328    0.95084939    0.76488052    0.97245509    0.96321819    1.08161762    0.92999404    0.44720741    0.42787321    0.48270818    0.39040921
E9QJA6_DANRE/81-263     0.28787064    0.21943559    0.00000000    0.24587316    0.24196893    0.41204470    0.75941201    0.84012728    0.75688778    0.80639051    0.77375627    0.91317789    0.73080227    0.72206727    0.69013065    0.74511543    1.14201499    0.69713014    0.69445261    0.66376046    1.57701074    1.34424320    0.99540133    1.22954888    1.17404540    1.12995699    1.24629072    1.23155521    1.18666215    0.83891431    0.97659236    0.79531267    1.02193497    0.96130606    1.12731053    0.86915788    0.45617622    0.41488422    0.50053642    0.42334616
H3CQA8_TETNG/36-206     0.34654121    0.30023946    0.24587316    0.00000000    0.23087418    0.40237778    0.69865142    0.81243732    0.82959167    0.84023409    0.79033902    0.80505179    0.71061109    0.71028586    0.66525266    0.64550846    1.13848973    0.67444807    0.71964788    0.75262539    1.58607637    1.36814219    1.19112447    1.31467837    1.39078177    1.34114963    1.37573288    1.29143196    1.29681103    0.87385864    0.95688289    0.85200129    1.04412510    0.95110645    1.05354200    0.93985308    0.41672504    0.39841389    0.47665681    0.39058424
G3QCB4_GASAC/83-251     0.30178375    0.27136743    0.24196893    0.23087418    0.00000000    0.38452606    0.72484729    0.77266124    0.78803619    0.84861945    0.77869210    0.79994271    0.66307635    0.69828591    0.64023495    0.70494213    1.17668523    0.67086865    0.71654434    0.70341982    1.61008230    1.35167850    1.09870996    1.31899320    1.26509204    1.39084172    1.37396184    1.29882247    1.30211635    0.90848223    1.03512200    0.84824035    1.02536356    0.98952456    1.08047512    1.02477354    0.41045016    0.43418732    0.49090203    0.40573408
H3BGX6_LATCH/12-183     0.31668408    0.40252391    0.41204470    0.40237778    0.38452606    0.00000000    0.62106971    0.77209084    0.77585340    0.78011171    0.75291668    0.74807796    0.66871987    0.62670390    0.61705667    0.63998042    1.01345482    0.52570899    0.59532848    0.72209556    1.51176757    1.29408467    1.08411621    1.17293134    1.45726473    1.40633934    1.31828355    1.38010005    1.42155792    0.86489582    0.99450495    0.86292583    1.11312242    1.07767293    1.19718947    1.01241934    0.32378780    0.35566063    0.43223399    0.31612946
W5N622_LEPOC/45-214     0.78344464    0.70554269    0.75941201    0.69865142    0.72484729    0.62106971    0.00000000    0.38498573    0.36338849    0.48734775    0.43246267    0.53638719    0.44084300    0.42376659    0.49339064    0.45584912    0.83583262    0.43684525    0.53183770    0.98242178    1.97144914    1.31662673    1.27187801    1.32449076    1.47361001    1.56372889    1.50288213    1.39962231    1.39680213    1.00933528    1.16120994    1.02352574    1.28632495    1.17767139    1.23357090    1.14594470    0.72527543    0.61954075    0.84254555    0.67882610
M4A4W6_XIPMA/115-292     0.86697661    0.83947423    0.84012728    0.81243732    0.77266124    0.77209084    0.38498573    0.00000000    0.21884118    0.30769890    0.28641377    0.69196457    0.60204684    0.52906461    0.54991430    0.60065657    1.05066277    0.59483424    0.63357128    1.01819516    2.16262645    1.33178257    1.35768525    1.39597567    1.63179510    1.60552776    1.53215990    1.45111573    1.45205824    1.14584172    1.39394751    1.16336351    1.34529411    1.34462300    1.37137790    1.27268406    0.89518015    0.71892877    0.90645991    0.78673028
I3JQY5_ORENI/101-260     0.84207916    0.77806526    0.75688778    0.82959167    0.78803619    0.77585340    0.36338849    0.21884118    0.00000000    0.17507136    0.19863690    0.70054930    0.60992819    0.56902774    0.57718669    0.56165441    0.98199649    0.54843487    0.58503337    0.98556253    2.15930460    1.36326558    1.28129353    1.36899616    1.51134522    1.53517865    1.50166956    1.51180952    1.59434288    1.07667119    1.39815649    1.16645730    1.27376573    1.24165192    1.36070293    1.23016020    0.83140936    0.71901008    0.76888358    0.69885153
H2LLB5_ORYLA/112-285     0.81831538    0.82114235    0.80639051    0.84023409    0.84861945    0.78011171    0.48734775    0.30769890    0.17507136    0.00000000    0.34001235    0.71572576    0.65008338    0.63764131    0.68195593    0.63677847    1.17519110    0.62423294    0.68840715    1.03628555    2.03091593    1.36296017    1.26329317    1.34362403    1.56686083    1.58057909    1.44238888    1.44108762    1.43217967    1.03967763    1.36171018    1.11058772    1.38911669    1.24776912    1.30845743    1.18901394    0.87390725    0.71277233    0.86635239    0.76412331
G3PUK3_GASAC/6-178     0.81870034    0.83349737    0.77375627    0.79033902    0.77869210    0.75291668    0.43246267    0.28641377    0.19863690    0.34001235    0.00000000    0.74315926    0.61780445    0.60392888    0.62377197    0.64909867    1.14565128    0.64679953    0.65098096    0.95999728    2.12576100    1.33496127    1.24932765    1.26414694    1.52478854    1.48234834    1.42086306    1.44594777    1.51704186    1.10038034    1.40516978    1.09668895    1.39355121    1.18037452    1.30827537    1.15377480    0.83682650    0.71400600    0.93535793    0.71624001
F6YQN9_ORNAN/103-277     0.85438816    0.89705408    0.91317789    0.80505179    0.79994271    0.74807796    0.53638719    0.69196457    0.70054930    0.71572576    0.74315926    0.00000000    0.45104641    0.44080943    0.42985618    0.54788221    1.06032857    0.47254792    0.51318844    1.00460236    2.00872585    1.53477814    1.40346467    1.52605726    1.58846271    1.71423783    1.51821538    1.45751408    1.49067034    1.14202626    1.39536022    1.16709422    1.52690181    1.32785890    1.38146412    1.23217315    0.86009965    0.75797503    0.84348821    0.83710628
F7ENF5_MONDO/192-365     0.72916676    0.74240619    0.73080227    0.71061109    0.66307635    0.66871987    0.44084300    0.60204684    0.60992819    0.65008338    0.61780445    0.45104641    0.00000000    0.27689001    0.29531781    0.40093722    0.93096650    0.34644608    0.46308007    1.01225812    1.85215245    1.47681771    1.34009459    1.31720431    1.38100829    1.57519918    1.41528210    1.39140725    1.40712601    1.05687656    1.35954520    1.15485099    1.33077839    1.18731903    1.16922416    1.13055210    0.77075405    0.66945161    0.80008537    0.74561378
H2PD42_PONAB/125-299     0.72205535    0.80119636    0.72206727    0.71028586    0.69828591    0.62670390    0.42376659    0.52906461    0.56902774    0.63764131    0.60392888    0.44080943    0.27689001    0.00000000    0.23386481    0.44439888    0.85189397    0.33303766    0.44725843    0.94945903    1.75232306    1.45260174    1.28777209    1.40625245    1.57604943    1.73148743    1.56768972    1.50648241    1.53183382    1.04577428    1.32966826    1.14039911    1.26324381    1.20527183    1.15175989    1.15332356    0.78107177    0.66389352    0.84568185    0.75966687
NXP20_MOUSE/124-300     0.76250926    0.77061465    0.69013065    0.66525266    0.64023495    0.61705667    0.49339064    0.54991430    0.57718669    0.68195593    0.62377197    0.42985618    0.29531781    0.23386481    0.00000000    0.45207481    0.87414798    0.33961889    0.44559858    0.96743103    2.02181309    1.55274362    1.29934822    1.45222355    1.43356054    1.52998263    1.38766599    1.38204862    1.39816747    1.03985057    1.33223246    1.12458047    1.34259867    1.19800019    1.23011868    1.15584619    0.77103949    0.65696079    0.82801607    0.74952246
H9GCM0_ANOCA/77-252     0.69920174    0.69400903    0.74511543    0.64550846    0.70494213    0.63998042    0.45584912    0.60065657    0.56165441    0.63677847    0.64909867    0.54788221    0.40093722    0.44439888    0.45207481    0.00000000    0.90842794    0.39049903    0.53203955    1.00843984    1.85375130    1.54536812    1.36496048    1.49132404    1.54671106    1.55420166    1.50551264    1.45238183    1.50815395    1.13276960    1.23259666    1.15172011    1.34354091    1.24712262    1.28604653    1.10298197    0.72233741    0.62070292    0.76012376    0.67370383
H3AL15_LATCH/35-201     1.12632192    1.10723248    1.14201499    1.13848973    1.17668523    1.01345482    0.83583262    1.05066277    0.98199649    1.17519110    1.14565128    1.06032857    0.93096650    0.85189397    0.87414798    0.90842794    0.00000000    0.82006693    0.80346568    1.35292169    2.64749739    2.20042225    1.48898651    2.11766357    2.19566554    2.17072170    2.15037090    2.10196423    2.20018542    1.50007981    1.59214411    1.47920500    1.58384766    1.49975571    1.78998225    1.59598664    1.21742751    1.11504240    1.31545422    1.14084044
G1NID1_MELGA/122-296     0.67839124    0.70982809    0.69713014    0.67444807    0.67086865    0.52570899    0.43684525    0.59483424    0.54843487    0.62423294    0.64679953    0.47254792    0.34644608    0.33303766    0.33961889    0.39049903    0.82006693    0.00000000    0.40062235    0.92138438    1.68000998    1.39267578    1.25030498    1.31053042    1.55035548    1.60804181    1.37264846    1.45262125    1.46888634    1.00256553    1.21662295    1.03459441    1.22099555    1.17052786    1.14722612    1.07156998    0.60052698    0.53696256    0.70055033    0.60973741
F6R1M7_XENTR/102-271     0.63176684    0.66817695    0.69445261    0.71964788    0.71654434    0.59532848    0.53183770    0.63357128    0.58503337    0.68840715    0.65098096    0.51318844    0.46308007    0.44725843    0.44559858    0.53203955    0.80346568    0.40062235    0.00000000    0.90293679    2.00790949    1.39019808    1.31163160    1.47393584    1.48420167    1.55233537    1.53001405    1.59825741    1.51720846    1.00588988    1.24900668    1.05816430    1.24609337    1.15831458    1.31562245    1.06226107    0.69774067    0.62309617    0.72828909    0.70479997
C3XWM1_BRAFL/5-170     0.81762451    0.70538129    0.66376046    0.75262539    0.70341982    0.72209556    0.98242178    1.01819516    0.98556253    1.03628555    0.95999728    1.00460236    1.01225812    0.94945903    0.96743103    1.00843984    1.35292169    0.92138438    0.90293679    0.00000000    1.51535271    1.22176487    0.98143793    1.21859660    1.29592710    1.37057351    1.28869432    1.25980642    1.24954944    1.01725857    1.03615175    0.90988361    1.02686838    1.03047842    1.02720226    0.88805161    0.82333308    0.77421277    0.85123728    0.72662442
A0A0D2X1R5_CAPO3/242-468     1.69382971    1.60586910    1.57701074    1.58607637    1.61008230    1.51176757    1.97144914    2.16262645    2.15930460    2.03091593    2.12576100    2.00872585    1.85215245    1.75232306    2.02181309    1.85375130    2.64749739    1.68000998    2.00790949    1.51535271    0.00000000    1.82539282    1.99153524    1.79175240    1.77267130    1.96555426    1.71765989    1.86308122    1.75774539    1.56622425    1.75246985    1.67010357    1.74454433    1.89015441    1.78218632    1.49242929    1.51325497    1.43139288    1.72082111    1.46593559
E9H2D3_DAPPU/245-432     1.32424655    1.30116978    1.34424320    1.36814219    1.35167850    1.29408467    1.31662673    1.33178257    1.36326558    1.36296017    1.33496127    1.53477814    1.47681771    1.45260174    1.55274362    1.54536812    2.20042225    1.39267578    1.39019808    1.22176487    1.82539282    0.00000000    1.21186339    1.55863918    1.56595644    1.44354864    1.50973620    1.57152041    1.62006910    1.18409358    1.53897703    1.10966912    1.22905032    1.27788839    1.37272899    1.29876588    1.30017798    1.18245086    1.35812702    1.27468296
J9K689_ACYPI/119-292     1.12287874    1.07474307    0.99540133    1.19112447    1.09870996    1.08411621    1.27187801    1.35768525    1.28129353    1.26329317    1.24932765    1.40346467    1.34009459    1.28777209    1.29934822    1.36496048    1.48898651    1.25030498    1.31163160    0.98143793    1.99153524    1.21186339    0.00000000    1.05350859    1.12595243    1.22430655    1.18426483    1.18459111    1.24660072    0.69121054    0.81767116    0.74639011    0.79444089    0.85476199    0.99280602    0.92301561    1.09470413    1.05921670    1.24433316    1.05918274
Q7QA27_ANOGA/329-515     1.35168684    1.22038849    1.22954888    1.31467837    1.31899320    1.17293134    1.32449076    1.39597567    1.36899616    1.34362403    1.26414694    1.52605726    1.31720431    1.40625245    1.45222355    1.49132404    2.11766357    1.31053042    1.47393584    1.21859660    1.79175240    1.55863918    1.05350859    0.00000000    0.91016730    1.05292785    0.96273428    0.90835157    0.97280572    0.95719966    1.00098201    0.85459845    0.91391864    0.96485956    0.94634930    1.19302349    1.27095717    1.17780135    1.32733613    1.21670543
Q9VF39_DROME/75-249     1.31604349    1.29229209    1.17404540    1.39078177    1.26509204    1.45726473    1.47361001    1.63179510    1.51134522    1.56686083    1.52478854    1.58846271    1.38100829    1.57604943    1.43356054    1.54671106    2.19566554    1.55035548    1.48420167    1.29592710    1.77267130    1.56595644    1.12595243    0.91016730    0.00000000    0.22669939    0.26384626    0.26658393    0.27153824    1.01090933    1.02555053    0.95698084    0.93802850    0.94985905    1.07415272    1.16570251    1.47574317    1.37002669    1.34844041    1.31529203
B4NA76_DROWI/77-259     1.40030844    1.26725568    1.12995699    1.34114963    1.39084172    1.40633934    1.56372889    1.60552776    1.53517865    1.58057909    1.48234834    1.71423783    1.57519918    1.73148743    1.52998263    1.55420166    2.17072170    1.60804181    1.55233537    1.37057351    1.96555426    1.44354864    1.22430655    1.05292785    0.22669939    0.00000000    0.35099864    0.38280355    0.33274795    1.05436883    1.14561007    0.99485819    1.03679905    0.96748441    1.13680911    1.12929727    1.48113684    1.34164089    1.38982403    1.28791543
B4JFS2_DROGR/84-268     1.34015093    1.26157071    1.24629072    1.37573288    1.37396184    1.31828355    1.50288213    1.53215990    1.50166956    1.44238888    1.42086306    1.51821538    1.41528210    1.56768972    1.38766599    1.50551264    2.15037090    1.37264846    1.53001405    1.28869432    1.71765989    1.50973620    1.18426483    0.96273428    0.26384626    0.35099864    0.00000000    0.26197587    0.21720500    0.98863060    1.13562538    1.07043575    1.00558303    0.95998148    1.11317461    1.26508352    1.46449217    1.29383130    1.32471463    1.24800445
B4KB88_DROMO/78-259     1.30985634    1.23104402    1.23155521    1.29143196    1.29882247    1.38010005    1.39962231    1.45111573    1.51180952    1.44108762    1.44594777    1.45751408    1.39140725    1.50648241    1.38204862    1.45238183    2.10196423    1.45262125    1.59825741    1.25980642    1.86308122    1.57152041    1.18459111    0.90835157    0.26658393    0.38280355    0.26197587    0.00000000    0.15434903    1.02232180    1.12104921    1.06641171    0.97401629    1.04633423    1.22635539    1.28233872    1.54435904    1.32417723    1.39462364    1.27470661
B4M450_DROVI/76-256     1.30166017    1.25711507    1.18666215    1.29681103    1.30211635    1.42155792    1.39680213    1.45205824    1.59434288    1.43217967    1.51704186    1.49067034    1.40712601    1.53183382    1.39816747    1.50815395    2.20018542    1.46888634    1.51720846    1.24954944    1.75774539    1.62006910    1.24660072    0.97280572    0.27153824    0.33274795    0.21720500    0.15434903    0.00000000    0.95261047    1.11861596    0.98059066    1.03879906    1.04362119    1.22757417    1.27156924    1.54185955    1.32184222    1.37524281    1.30706091
A0A212F978_DANPL/153-324     0.88039149    0.81128328    0.83891431    0.87385864    0.90848223    0.86489582    1.00933528    1.14584172    1.07667119    1.03967763    1.10038034    1.14202626    1.05687656    1.04577428    1.03985057    1.13276960    1.50007981    1.00256553    1.00588988    1.01725857    1.56622425    1.18409358    0.69121054    0.95719966    1.01090933    1.05436883    0.98863060    1.02232180    0.95261047    0.00000000    0.37575108    0.59063270    0.53541856    0.58384526    0.64619569    0.83924948    0.93097478    0.90161737    0.99386703    0.87322746
H9JI87_BOMMO/220-406     1.04433514    0.95084939    0.97659236    0.95688289    1.03512200    0.99450495    1.16120994    1.39394751    1.39815649    1.36171018    1.40516978    1.39536022    1.35954520    1.32966826    1.33223246    1.23259666    1.59214411    1.21662295    1.24900668    1.03615175    1.75246985    1.53897703    0.81767116    1.00098201    1.02555053    1.14561007    1.13562538    1.12104921    1.11861596    0.37575108    0.00000000    0.56258087    0.59952629    0.72744747    0.75422667    0.84561985    1.04712392    0.96049922    1.10905832    0.97003126
D2A0T0_TRICA/231-405     0.84926001    0.76488052    0.79531267    0.85200129    0.84824035    0.86292583    1.02352574    1.16336351    1.16645730    1.11058772    1.09668895    1.16709422    1.15485099    1.14039911    1.12458047    1.15172011    1.47920500    1.03459441    1.05816430    0.90988361    1.67010357    1.10966912    0.74639011    0.85459845    0.95698084    0.99485819    1.07043575    1.06641171    0.98059066    0.59063270    0.56258087    0.00000000    0.45232571    0.47972450    0.58927636    0.80046037    0.90006420    0.90955531    0.93330370    0.83071254
A0A7M7H9D8_NASVI/304-497     1.12788388    0.97245509    1.02193497    1.04412510    1.02536356    1.11312242    1.28632495    1.34529411    1.27376573    1.38911669    1.39355121    1.52690181    1.33077839    1.26324381    1.34259867    1.34354091    1.58384766    1.22099555    1.24609337    1.02686838    1.74454433    1.22905032    0.79444089    0.91391864    0.93802850    1.03679905    1.00558303    0.97401629    1.03879906    0.53541856    0.59952629    0.45232571    0.00000000    0.48302355    0.46493138    0.94331782    1.13528222    1.03242731    1.14795981    1.09206461
E2ADP0_CAMFO/286-470     1.08417350    0.96321819    0.96130606    0.95110645    0.98952456    1.07767293    1.17767139    1.34462300    1.24165192    1.24776912    1.18037452    1.32785890    1.18731903    1.20527183    1.19800019    1.24712262    1.49975571    1.17052786    1.15831458    1.03047842    1.89015441    1.27788839    0.85476199    0.96485956    0.94985905    0.96748441    0.95998148    1.04633423    1.04362119    0.58384526    0.72744747    0.47972450    0.48302355    0.00000000    0.33241711    0.93478137    1.07066252    1.08347703    1.05054084    1.03770801
E2B2E0_HARSA/312-493     1.17071012    1.08161762    1.12731053    1.05354200    1.08047512    1.19718947    1.23357090    1.37137790    1.36070293    1.30845743    1.30827537    1.38146412    1.16922416    1.15175989    1.23011868    1.28604653    1.78998225    1.14722612    1.31562245    1.02720226    1.78218632    1.37272899    0.99280602    0.94634930    1.07415272    1.13680911    1.11317461    1.22635539    1.22757417    0.64619569    0.75422667    0.58927636    0.46493138    0.33241711    0.00000000    0.99013772    1.14241937    1.17263571    1.17900353    1.13158110
B7PB10_IXOSC/119-313     0.98171299    0.92999404    0.86915788    0.93985308    1.02477354    1.01241934    1.14594470    1.27268406    1.23016020    1.18901394    1.15377480    1.23217315    1.13055210    1.15332356    1.15584619    1.10298197    1.59598664    1.07156998    1.06226107    0.88805161    1.49242929    1.29876588    0.92301561    1.19302349    1.16570251    1.12929727    1.26508352    1.28233872    1.27156924    0.83924948    0.84561985    0.80046037    0.94331782    0.93478137    0.99013772    0.00000000    1.01036952    0.92544038    1.06258257    0.90493017
F7C6V7_ORNAN/106-280     0.40684026    0.44720741    0.45617622    0.41672504    0.41045016    0.32378780    0.72527543    0.89518015    0.83140936    0.87390725    0.83682650    0.86009965    0.77075405    0.78107177    0.77103949    0.72233741    1.21742751    0.60052698    0.69774067    0.82333308    1.51325497    1.30017798    1.09470413    1.27095717    1.47574317    1.48113684    1.46449217    1.54435904    1.54185955    0.93097478    1.04712392    0.90006420    1.13528222    1.07066252    1.14241937    1.01036952    0.00000000    0.26952051    0.41879910    0.25837989
F1142_MOUSE/77-243     0.41481115    0.42787321    0.41488422    0.39841389    0.43418732    0.35566063    0.61954075    0.71892877    0.71901008    0.71277233    0.71400600    0.75797503    0.66945161    0.66389352    0.65696079    0.62070292    1.11504240    0.53696256    0.62309617    0.77421277    1.43139288    1.18245086    1.05921670    1.17780135    1.37002669    1.34164089    1.29383130    1.32417723    1.32184222    0.90161737    0.96049922    0.90955531    1.03242731    1.08347703    1.17263571    0.92544038    0.26952051    0.00000000    0.32997030    0.20449666
H9G8W6_ANOCA/77-253     0.46557656    0.48270818    0.50053642    0.47665681    0.49090203    0.43223399    0.84254555    0.90645991    0.76888358    0.86635239    0.93535793    0.84348821    0.80008537    0.84568185    0.82801607    0.76012376    1.31545422    0.70055033    0.72828909    0.85123728    1.72082111    1.35812702    1.24433316    1.32733613    1.34844041    1.38982403    1.32471463    1.39462364    1.37524281    0.99386703    1.10905832    0.93330370    1.14795981    1.05054084    1.17900353    1.06258257    0.41879910    0.32997030    0.00000000    0.30700120
R0L5A6_ANAPL/77-252     0.40453674    0.39040921    0.42334616    0.39058424    0.40573408    0.31612946    0.67882610    0.78673028    0.69885153    0.76412331    0.71624001    0.83710628    0.74561378    0.75966687    0.74952246    0.67370383    1.14084044    0.60973741    0.70479997    0.72662442    1.46593559    1.27468296    1.05918274    1.21670543    1.31529203    1.28791543    1.24800445    1.27470661    1.30706091    0.87322746    0.97003126    0.83071254    1.09206461    1.03770801    1.13158110    0.90493017    0.25837989    0.20449666    0.30700120    0.00000000

