24
G1SX65_RABIT/4-192     0.00000000    0.32136542    0.29817109    0.35533720    0.25772199    0.23395117    0.32488657    0.56450875    0.52408085    0.80674498    0.86641530    0.96770263    0.89707921    1.24789925    1.24802321    1.61901585    1.80529018    1.47859621    1.89962120    1.85847299    1.83242897    1.64557575    1.73913049    0.26460841
G3UES0_LOXAF/4-214     0.32136542    0.00000000    0.25930622    0.24598587    0.24146187    0.19735611    0.30740835    0.49429252    0.46373143    0.63380757    0.76613215    0.88894448    0.92102890    1.14459376    1.16445280    1.50731123    1.69020745    1.45873213    1.74042108    1.83362636    1.86372468    1.68585688    1.70204370    0.25546604
G5AYS0_HETGA/4-214     0.29817109    0.25930622    0.00000000    0.19104729    0.24510371    0.22450344    0.29710525    0.46013878    0.48968294    0.64066776    0.72360874    0.92673278    0.87885053    1.10302826    1.14813101    1.36697962    1.68540330    1.42489081    1.64560894    1.77385890    1.82014453    1.67414027    1.70631344    0.26618248
H0UVI2_CAVPO/4-214     0.35533720    0.24598587    0.19104729    0.00000000    0.27579575    0.25992028    0.32979843    0.53802036    0.51839723    0.65460157    0.64693796    0.92476271    0.87065960    1.12003678    1.06884297    1.32227985    1.57411760    1.40599503    1.66602058    1.83617332    1.91585065    1.74337498    1.69837667    0.32650451
EVG1_MOUSE/4-213     0.25772199    0.24146187    0.24510371    0.27579575    0.00000000    0.18155583    0.25920548    0.51017434    0.49577748    0.62329250    0.77293509    0.97324308    0.83312715    1.08694988    1.13421990    1.39388856    1.63930615    1.38592601    1.63891698    1.76819912    1.79604509    1.65268212    1.76645361    0.23942123
A0A2I2V2M4_FELCA/4-214     0.23395117    0.19735611    0.22450344    0.25992028    0.18155583    0.00000000    0.22768920    0.49661381    0.46355888    0.59540725    0.71317017    0.92586390    0.84575124    1.02892135    1.09328383    1.41918647    1.57152672    1.41078860    1.71398215    1.73751567    1.74735002    1.66181192    1.78083501    0.16881724
G1QG78_MYOLU/4-214     0.32488657    0.30740835    0.29710525    0.32979843    0.25920548    0.22768920    0.00000000    0.49406723    0.48551733    0.65955808    0.72284134    0.92300608    0.88714599    1.15564724    1.11119009    1.36667426    1.73622349    1.34663430    1.69194605    1.66674051    1.76055542    1.58117850    1.68878594    0.25460104
H9H795_MONDO/8-218     0.56450875    0.49429252    0.46013878    0.53802036    0.51017434    0.49661381    0.49406723    0.00000000    0.52928017    0.62393098    0.78061982    0.95347260    0.88098504    0.99638523    1.14674868    1.35672788    1.78507346    1.33508455    1.64410470    1.74887378    1.83158533    1.49624838    1.60712900    0.48836749
F7GBE7_ORNAN/4-215     0.52408085    0.46373143    0.48968294    0.51839723    0.49577748    0.46355888    0.48551733    0.52928017    0.00000000    0.62283261    0.67375823    0.89368603    0.78075135    1.08397986    1.10611309    1.36425456    1.72797927    1.36501351    1.66575642    1.68319818    1.73412808    1.64492681    1.54064110    0.48947819
H9GM59_ANOCA/5-216     0.80674498    0.63380757    0.64066776    0.65460157    0.62329250    0.59540725    0.65955808    0.62393098    0.62283261    0.00000000    0.67574689    0.80369534    0.76506010    1.03423796    1.20441852    1.27433044    1.72253150    1.42810566    1.74061824    1.57969574    1.75160898    1.60184600    1.58237265    0.62529619
H2ZXF7_LATCH/4-215     0.86641530    0.76613215    0.72360874    0.64693796    0.77293509    0.71317017    0.72284134    0.78061982    0.67375823    0.67574689    0.00000000    0.75622050    0.75377837    1.04444833    1.04445632    1.20504273    1.80311710    1.25738645    1.45117863    1.58131387    1.61697177    1.53226947    1.58269604    0.73563035
A0A3B1JZP3_ASTMX/3-211     0.96770263    0.88894448    0.92673278    0.92476271    0.97324308    0.92586390    0.92300608    0.95347260    0.89368603    0.80369534    0.75622050    0.00000000    0.87585499    1.03563711    1.24781453    1.27280095    1.69084065    1.60123572    1.75818083    1.58109756    1.71506049    1.67273573    1.68347404    0.97558089
F6SAG1_XENTR/4-213     0.89707921    0.92102890    0.87885053    0.87065960    0.83312715    0.84575124    0.88714599    0.88098504    0.78075135    0.76506010    0.75377837    0.87585499    0.00000000    0.98964489    1.22323009    1.19499628    1.80470389    1.33898684    1.40913081    1.62420640    1.52819400    1.55151010    1.54091312    0.87302935
A7SHG6_NEMVE/2-217     1.24789925    1.14459376    1.10302826    1.12003678    1.08694988    1.02892135    1.15564724    0.99638523    1.08397986    1.03423796    1.04444833    1.03563711    0.98964489    0.00000000    0.90624507    1.25195170    1.65686632    1.32308041    1.61922218    1.65064606    1.61531139    1.54873649    1.45780069    1.17917680
F6VB34_CIOIN/3-216     1.24802321    1.16445280    1.14813101    1.06884297    1.13421990    1.09328383    1.11119009    1.14674868    1.10611309    1.20441852    1.04445632    1.24781453    1.22323009    0.90624507    0.00000000    1.25615572    1.62532396    1.47823334    1.76543016    1.69386081    1.70729612    1.81092049    1.73784076    1.07075117
T1F880_HELRO/1-227     1.61901585    1.50731123    1.36697962    1.32227985    1.39388856    1.41918647    1.36667426    1.35672788    1.36425456    1.27433044    1.20504273    1.27280095    1.19499628    1.25195170    1.25615572    0.00000000    1.62844439    1.50196381    1.87832278    1.72210055    1.78916585    1.79255388    1.88933930    1.49112159
J9L591_ACYPI/2-207     1.80529018    1.69020745    1.68540330    1.57411760    1.63930615    1.57152672    1.73622349    1.78507346    1.72797927    1.72253150    1.80311710    1.69084065    1.80470389    1.65686632    1.62532396    1.62844439    0.00000000    1.75968821    1.97371715    1.64833510    1.64661232    1.93874201    1.99581272    1.73533181
E2AYD5_CAMFO/2-210     1.47859621    1.45873213    1.42489081    1.40599503    1.38592601    1.41078860    1.34663430    1.33508455    1.36501351    1.42810566    1.25738645    1.60123572    1.33898684    1.32308041    1.47823334    1.50196381    1.75968821    0.00000000    0.28439713    1.43467804    1.38163719    1.49087014    1.45421697    1.33581857
E2BQQ9_HARSA/2-239     1.89962120    1.74042108    1.64560894    1.66602058    1.63891698    1.71398215    1.69194605    1.64410470    1.66575642    1.74061824    1.45117863    1.75818083    1.40913081    1.61922218    1.76543016    1.87832278    1.97371715    0.28439713    0.00000000    1.71288337    1.57716930    1.65718690    1.63487512    1.65163686
B4LEV1_DROVI/46-254     1.85847299    1.83362636    1.77385890    1.83617332    1.76819912    1.73751567    1.66674051    1.74887378    1.68319818    1.57969574    1.58131387    1.58109756    1.62420640    1.65064606    1.69386081    1.72210055    1.64833510    1.43467804    1.71288337    0.00000000    0.26347711    1.09384062    1.24937588    1.62308581
B4HKJ6_DROSE/38-246     1.83242897    1.86372468    1.82014453    1.91585065    1.79604509    1.74735002    1.76055542    1.83158533    1.73412808    1.75160898    1.61697177    1.71506049    1.52819400    1.61531139    1.70729612    1.78916585    1.64661232    1.38163719    1.57716930    0.26347711    0.00000000    1.25177446    1.31677120    1.66933752
Q17M27_AEDAE/8-213     1.64557575    1.68585688    1.67414027    1.74337498    1.65268212    1.66181192    1.58117850    1.49624838    1.64492681    1.60184600    1.53226947    1.67273573    1.55151010    1.54873649    1.81092049    1.79255388    1.93874201    1.49087014    1.65718690    1.09384062    1.25177446    0.00000000    0.30190098    1.62839569
Q7Q4D0_ANOGA/32-236     1.73913049    1.70204370    1.70631344    1.69837667    1.76645361    1.78083501    1.68878594    1.60712900    1.54064110    1.58237265    1.58269604    1.68347404    1.54091312    1.45780069    1.73784076    1.88933930    1.99581272    1.45421697    1.63487512    1.24937588    1.31677120    0.30190098    0.00000000    1.69700139
EVG1_HUMAN/4-214     0.26460841    0.25546604    0.26618248    0.32650451    0.23942123    0.16881724    0.25460104    0.48836749    0.48947819    0.62529619    0.73563035    0.97558089    0.87302935    1.17917680    1.07075117    1.49112159    1.73533181    1.33581857    1.65163686    1.62308581    1.66933752    1.62839569    1.69700139    0.00000000

