26
G1KM03_ANOCA/13-517     0.00000000    0.54198273    0.48820559    0.49375271    0.65232522    0.59387472    0.76786444    0.70173874    1.43288180    1.45571178    0.95538869    0.90641962    1.01346579    1.00498049    1.25937929    1.06455489    1.08827048    1.17336049    1.14566916    1.30529147    1.16674312    1.23674157    0.62092453    0.75768211    0.75700591    0.74426551
K7F7I3_PELSI/8-520     0.54198273    0.00000000    0.29106001    0.32656098    0.51138490    0.43774812    0.72096589    0.53894798    1.45796886    1.42573548    0.96155446    0.96462338    1.00433235    1.00792997    1.27159520    0.98543276    1.02738936    1.17668964    1.01762019    1.26480164    1.05315875    1.19217840    0.51048754    0.63270290    0.63598087    0.59822333
A0A151NMM8_ALLMI/8-522     0.48820559    0.29106001    0.00000000    0.25267770    0.40230507    0.35770545    0.67772992    0.49181760    1.39050513    1.38733193    0.88064860    0.87214710    0.95232040    0.95494031    1.15094676    0.96478971    1.01982219    1.05593843    0.97422850    1.21310861    1.00693731    1.12893063    0.44374529    0.58440361    0.59619371    0.57198497
R0LX63_ANAPL/3-519     0.49375271    0.32656098    0.25267770    0.00000000    0.27687865    0.23256021    0.69873656    0.54505584    1.40551752    1.42683920    0.91019839    0.90145536    0.99920423    0.92913126    1.13274176    1.03193586    1.03924458    1.06998904    0.99625510    1.27485724    1.08170449    1.13651000    0.44958817    0.63521952    0.62307094    0.59393395
G1N6P9_MELGA/15-529     0.65232522    0.51138490    0.40230507    0.27687865    0.00000000    0.40291577    0.81075466    0.64084812    1.49564289    1.49745563    0.95579873    0.94390370    1.00957606    0.97676748    1.17903825    1.07617897    1.13755777    1.14513611    1.03198448    1.32238087    1.08848591    1.16675668    0.60321928    0.76705548    0.74702455    0.73722365
A0A091J5D3_CALAN/3-520     0.59387472    0.43774812    0.35770545    0.23256021    0.40291577    0.00000000    0.80897641    0.64177263    1.58675855    1.66078174    0.96186645    0.93294484    1.07849259    1.03998873    1.20894730    1.12950673    1.17536200    1.23035577    1.09622132    1.41864932    1.14519447    1.26606487    0.58501834    0.69371365    0.66763597    0.68894124
A0A1L8HVR5_XENLA/13-483     0.76786444    0.72096589    0.67772992    0.69873656    0.81075466    0.80897641    0.00000000    0.69509479    1.40123990    1.43167385    1.03199803    1.05773995    1.12972381    1.05568542    1.23569610    1.17776832    1.15843997    1.22359700    1.14431093    1.37741597    1.13881610    1.34501368    0.75877511    0.82020655    0.78722464    0.81386614
H3AF32_LATCH/4-515     0.70173874    0.53894798    0.49181760    0.54505584    0.64084812    0.64177263    0.69509479    0.00000000    1.32296387    1.27231903    0.83733450    0.81228811    0.90532950    0.88824585    1.10595861    0.95433067    1.06192492    1.06792801    0.96767235    1.15693351    1.00442969    1.22036274    0.59009892    0.69484096    0.68731812    0.67873472
H3CQ12_TETNG/8-503     1.43288180    1.45796886    1.39050513    1.40551752    1.49564289    1.58675855    1.40123990    1.32296387    0.00000000    0.78765477    1.52986916    1.44483417    1.50616355    1.61269940    1.68107516    1.61483576    1.62766861    1.71806371    1.63850992    1.87441307    1.50460479    1.83351921    1.42616688    1.49870572    1.41632368    1.49223861
G3PVC9_GASAC/8-470     1.45571178    1.42573548    1.38733193    1.42683920    1.49745563    1.66078174    1.43167385    1.27231903    0.78765477    0.00000000    1.53425501    1.50341974    1.54075675    1.51275449    1.64503094    1.60711634    1.63432658    1.79908121    1.69893196    1.86286335    1.52470834    1.67534389    1.38719401    1.44600072    1.51853588    1.47421881
A0A2K5P2Y3_CERAT/2-479     0.95538869    0.96155446    0.88064860    0.91019839    0.95579873    0.96186645    1.03199803    0.83733450    1.52986916    1.53425501    0.00000000    0.23680325    0.43550218    0.36787728    0.97164004    0.86673532    0.93961158    1.00324306    0.92776866    1.10123454    0.86987514    1.11905463    0.96727635    0.95163231    0.96403074    1.00788116
A0A1L8GVC8_XENLA/2-470     0.90641962    0.96462338    0.87214710    0.90145536    0.94390370    0.93294484    1.05773995    0.81228811    1.44483417    1.50341974    0.23680325    0.00000000    0.48709513    0.43671001    1.04430400    0.86870011    0.93092037    0.99953975    0.88637080    1.07467159    0.88032979    1.12087557    0.94455158    0.97233924    0.98000105    1.03276232
H2L774_ORYLA/9-462     1.01346579    1.00433235    0.95232040    0.99920423    1.00957606    1.07849259    1.12972381    0.90532950    1.50616355    1.54075675    0.43550218    0.48709513    0.00000000    0.43826875    1.15620500    1.00637995    1.02805018    1.14595017    1.08880831    1.25897638    1.09646131    1.25059919    0.98970247    1.05236181    1.07198129    0.98864764
W5MX90_LEPOC/9-492     1.00498049    1.00792997    0.95494031    0.92913126    0.97676748    1.03998873    1.05568542    0.88824585    1.61269940    1.51275449    0.36787728    0.43671001    0.43826875    0.00000000    1.06317010    0.94535216    0.98677319    1.07764718    1.02614832    1.15125664    0.99968747    1.21983936    0.98277056    1.05671499    1.03323344    1.07875627
A0A2I0MS51_COLLI/31-502     1.25937929    1.27159520    1.15094676    1.13274176    1.17903825    1.20894730    1.23569610    1.10595861    1.68107516    1.64503094    0.97164004    1.04430400    1.15620500    1.06317010    0.00000000    0.89368900    0.91696578    0.97212817    0.91846830    1.07414904    0.84654156    0.99494911    1.17466413    1.26222274    1.17380004    1.26738301
W5NE93_LEPOC/18-536     1.06455489    0.98543276    0.96478971    1.03193586    1.07617897    1.12950673    1.17776832    0.95433067    1.61483576    1.60711634    0.86673532    0.86870011    1.00637995    0.94535216    0.89368900    0.00000000    0.36805841    0.42911548    0.43464807    0.57266162    0.41343038    0.59681474    1.02228693    1.09362168    1.10198787    1.07909386
E7F2E1_DANRE/20-513     1.08827048    1.02738936    1.01982219    1.03924458    1.13755777    1.17536200    1.15843997    1.06192492    1.62766861    1.63432658    0.93961158    0.93092037    1.02805018    0.98677319    0.91696578    0.36805841    0.00000000    0.43256572    0.54499246    0.74872359    0.49986639    0.68091725    1.07175225    1.15931890    1.17331179    1.12628814
A0A1S3SUY6_SALSA/20-576     1.17336049    1.17668964    1.05593843    1.06998904    1.14513611    1.23035577    1.22359700    1.06792801    1.71806371    1.79908121    1.00324306    0.99953975    1.14595017    1.07764718    0.97212817    0.42911548    0.43256572    0.00000000    0.66780629    0.76253060    0.55595691    0.72636689    1.15024628    1.18419107    1.15761865    1.23818942
F6WY12_XENTR/18-529     1.14566916    1.01762019    0.97422850    0.99625510    1.03198448    1.09622132    1.14431093    0.96767235    1.63850992    1.69893196    0.92776866    0.88637080    1.08880831    1.02614832    0.91846830    0.43464807    0.54499246    0.66780629    0.00000000    0.47981901    0.31929599    0.57960449    1.08459719    1.11272032    1.18475739    1.11088306
F7F3C1_MONDO/71-543     1.30529147    1.26480164    1.21310861    1.27485724    1.32238087    1.41864932    1.37741597    1.15693351    1.87441307    1.86286335    1.10123454    1.07467159    1.25897638    1.15125664    1.07414904    0.57266162    0.74872359    0.76253060    0.47981901    0.00000000    0.43857696    0.62109984    1.31192144    1.25346853    1.29377837    1.31912589
A0A091ET50_CORBR/2-519     1.16674312    1.05315875    1.00693731    1.08170449    1.08848591    1.14519447    1.13881610    1.00442969    1.50460479    1.52470834    0.86987514    0.88032979    1.09646131    0.99968747    0.84654156    0.41343038    0.49986639    0.55595691    0.31929599    0.43857696    0.00000000    0.50811508    1.12547270    1.10829041    1.15966672    1.09226401
A0A2K5NBR2_CERAT/18-525     1.23674157    1.19217840    1.12893063    1.13651000    1.16675668    1.26606487    1.34501368    1.22036274    1.83351921    1.67534389    1.11905463    1.12087557    1.25059919    1.21983936    0.99494911    0.59681474    0.68091725    0.72636689    0.57960449    0.62109984    0.50811508    0.00000000    1.21431024    1.28727555    1.28162144    1.25692058
F7FA27_ORNAN/8-504     0.62092453    0.51048754    0.44374529    0.44958817    0.60321928    0.58501834    0.75877511    0.59009892    1.42616688    1.38719401    0.96727635    0.94455158    0.98970247    0.98277056    1.17466413    1.02228693    1.07175225    1.15024628    1.08459719    1.31192144    1.12547270    1.21431024    0.00000000    0.57072064    0.51716653    0.49886558
A0A1U8CCA4_MESAU/8-511     0.75768211    0.63270290    0.58440361    0.63521952    0.76705548    0.69371365    0.82020655    0.69484096    1.49870572    1.44600072    0.95163231    0.97233924    1.05236181    1.05671499    1.26222274    1.09362168    1.15931890    1.18419107    1.11272032    1.25346853    1.10829041    1.28727555    0.57072064    0.00000000    0.23566958    0.62912496
D3ZBU5_RAT/17-515     0.75700591    0.63598087    0.59619371    0.62307094    0.74702455    0.66763597    0.78722464    0.68731812    1.41632368    1.51853588    0.96403074    0.98000105    1.07198129    1.03323344    1.17380004    1.10198787    1.17331179    1.15761865    1.18475739    1.29377837    1.15966672    1.28162144    0.51716653    0.23566958    0.00000000    0.63838529
F7G971_MONDO/8-527     0.74426551    0.59822333    0.57198497    0.59393395    0.73722365    0.68894124    0.81386614    0.67873472    1.49223861    1.47421881    1.00788116    1.03276232    0.98864764    1.07875627    1.26738301    1.07909386    1.12628814    1.23818942    1.11088306    1.31912589    1.09226401    1.25692058    0.49886558    0.62912496    0.63838529    0.00000000

