7
ZOT_VIBCH/2-211     0.00000000    1.46382770    1.63527127    3.13168361    2.32981042    2.70466604    2.68727285
Q9I5K2_PSEAE/2-213     1.46382770    0.00000000    1.91416894    3.64339919    2.67693109    2.73871605    3.36866082
Q79YX7_VIBPA/2-255     1.63527127    1.91416894    0.00000000    3.25829730    3.27960923    3.22396213    3.04189601
G1P_BPM13/2-185     3.13168361    3.64339919    3.25829730    0.00000000    3.24952883    3.08106183    3.14119116
Q8NL40_XANCP/1-200     2.32981042    2.67693109    3.27960923    3.24952883    0.00000000    2.71004676    3.01569971
Q9PCA6_XYLFA/1-188     2.70466604    2.73871605    3.22396213    3.08106183    2.71004676    0.00000000    1.92001374
Q9JY47_NEIMB/1-190     2.68727285    3.36866082    3.04189601    3.14119116    3.01569971    1.92001374    0.00000000

