19
MFAL2_YEAST/1-81     0.00000000    0.87250349    0.94797609    0.84467884    0.86549511    0.79974934    0.94971792    0.72841552    0.60661471    0.55673887    1.09398419    0.86773209    0.96598638    0.72325173    1.01992955    1.48865801    1.52838442    1.10147926    1.17339131
G0VIT5_NAUCC/1-88     0.87250349    0.00000000    0.87171450    0.95087992    0.90048212    0.99667592    1.01556536    0.81686070    0.80749680    0.93065385    1.24809367    0.98773460    0.96930119    1.05822175    1.34725684    1.70934778    1.70150684    1.32993898    1.17182284
G0WCN5_NAUDC/1-92     0.94797609    0.87171450    0.00000000    0.87794690    0.88574655    0.97110488    0.95730809    1.00134137    0.94313342    0.96591963    1.16298191    0.97085297    1.00556023    1.00118125    1.34870369    1.70176062    1.61086689    1.18674096    1.31186347
G0WFY2_NAUDC/1-86     0.84467884    0.95087992    0.87794690    0.00000000    0.39737131    0.53267115    0.63724034    0.54660728    0.48741329    0.63346968    0.87851574    0.76854420    0.69618047    0.76931476    0.72335952    1.15938924    1.30015247    0.88155408    0.99838153
G0VEF5_NAUCC/1-90     0.86549511    0.90048212    0.88574655    0.39737131    0.00000000    0.58500299    0.78644902    0.60806040    0.61161344    0.67885424    0.98194511    0.78481389    0.56585690    0.70171395    0.87665376    1.31696173    1.51123900    0.98118659    0.96856807
J7S8E5_KAZNA/1-86     0.79974934    0.99667592    0.97110488    0.53267115    0.58500299    0.00000000    0.67340289    0.68397240    0.57350672    0.60621048    1.06733316    0.70843168    0.70951894    0.86506800    0.85491371    1.16102619    1.56667843    1.01564561    1.17514465
H2AS56_KAZAF/1-88     0.94971792    1.01556536    0.95730809    0.63724034    0.78644902    0.67340289    0.00000000    0.76523679    0.74418607    0.68817004    0.91224470    0.81206878    0.87773106    0.78557276    1.13693781    1.02283671    1.33585201    0.82732582    1.05551323
G0WGY0_NAUDC/1-88     0.72841552    0.81686070    1.00134137    0.54660728    0.60806040    0.68397240    0.76523679    0.00000000    0.36110591    0.67771858    0.90690447    0.62031926    0.71303590    0.67411317    0.97878448    1.29766670    1.40419381    0.97632776    1.18080661
G0VKM8_NAUCC/1-86     0.60661471    0.80749680    0.94313342    0.48741329    0.61161344    0.57350672    0.74418607    0.36110591    0.00000000    0.53210536    0.92042463    0.68112468    0.78709566    0.66911257    0.82357168    1.32264981    1.32155447    1.11784452    1.17781945
G8BYV1_TETPH/1-85     0.55673887    0.93065385    0.96591963    0.63346968    0.67885424    0.60621048    0.68817004    0.67771858    0.53210536    0.00000000    0.92324398    0.65601181    0.69739609    0.61245994    0.70274212    1.11012002    1.20465195    0.95352231    1.00967857
F2Z659_CANGA/1-79     1.09398419    1.24809367    1.16298191    0.87851574    0.98194511    1.06733316    0.91224470    0.90690447    0.92042463    0.92324398    0.00000000    0.85285174    0.95765596    0.84059744    1.16153256    1.80294706    1.85200806    1.28912213    1.44465770
H2ARH5_KAZAF/1-84     0.86773209    0.98773460    0.97085297    0.76854420    0.78481389    0.70843168    0.81206878    0.62031926    0.68112468    0.65601181    0.85285174    0.00000000    0.77148855    0.78277782    0.82322135    1.12161157    1.35398812    0.86766475    1.30680190
A7TE98_VANPO/1-92     0.96598638    0.96930119    1.00556023    0.69618047    0.56585690    0.70951894    0.87773106    0.71303590    0.78709566    0.69739609    0.95765596    0.77148855    0.00000000    0.73651344    0.95359525    1.19450172    1.19939936    0.91954436    0.93457142
A7TJ28_VANPO/1-94     0.72325173    1.05822175    1.00118125    0.76931476    0.70171395    0.86506800    0.78557276    0.67411317    0.66911257    0.61245994    0.84059744    0.78277782    0.73651344    0.00000000    0.84886313    1.19506120    1.13168535    0.95318267    0.89766406
I2GYZ9_TETBL/1-89     1.01992955    1.34725684    1.34870369    0.72335952    0.87665376    0.85491371    1.13693781    0.97878448    0.82357168    0.70274212    1.16153256    0.82322135    0.95359525    0.84886313    0.00000000    1.34148764    1.13335391    0.83133554    1.07882163
G8JP74_ERECY/1-86     1.48865801    1.70934778    1.70176062    1.15938924    1.31696173    1.16102619    1.02283671    1.29766670    1.32264981    1.11012002    1.80294706    1.12161157    1.19450172    1.19506120    1.34148764    0.00000000    1.36075747    1.26530979    1.22315584
Q75ED2_ASHGO/1-79     1.52838442    1.70150684    1.61086689    1.30015247    1.51123900    1.56667843    1.33585201    1.40419381    1.32155447    1.20465195    1.85200806    1.35398812    1.19939936    1.13168535    1.13335391    1.36075747    0.00000000    1.15098873    1.34024873
Q6CMM5_KLULA/1-86     1.10147926    1.32993898    1.18674096    0.88155408    0.98118659    1.01564561    0.82732582    0.97632776    1.11784452    0.95352231    1.28912213    0.86766475    0.91954436    0.95318267    0.83133554    1.26530979    1.15098873    0.00000000    1.03320942
G8JR13_ERECY/1-85     1.17339131    1.17182284    1.31186347    0.99838153    0.96856807    1.17514465    1.05551323    1.18080661    1.17781945    1.00967857    1.44465770    1.30680190    0.93457142    0.89766406    1.07882163    1.22315584    1.34024873    1.03320942    0.00000000

