71
Q835X0_ENTFA/4-442     0.00000000    0.78768451    0.75119810    0.80816172    0.82677988    0.81708893    0.78184412    0.88380254    0.87520541    0.73030717    0.85536480    0.74748536    1.08918366    1.03740154    1.11471279    1.17333920    1.07530228    1.02571577    0.91220806    0.94714873    0.99564889    0.97883624    0.99497014    1.02841970    1.07878710    1.25725916    1.52049648    1.51920873    1.34321100    1.57189978    1.54387897    2.09948794    2.41800990    2.33310860    2.51045611    2.68195207    1.83097011    1.96188664    2.12883770    2.05797136    1.90461714    1.89274166    1.88045859    2.17119426    2.38643569    2.53192365    2.12613844    2.18073812    2.05571959    2.13704251    2.14631963    1.99128576    2.03468954    2.64642363    1.46510324    1.41482260    1.45293875    1.37136235    1.38778840    1.47883028    1.37565467    1.39652658    1.46865021    1.44431621    1.43253851    1.61715479    1.39302872    1.45278640    1.55838457    1.44456551    1.58095059
Q9CFY4_LACLA/4-414     0.78768451    0.00000000    0.52594302    0.55374397    0.56091129    0.60435043    0.58179667    1.06707209    1.03037727    1.06989602    0.98607340    0.95250209    1.08409287    1.19147117    1.12446598    1.19931561    1.13819271    1.22489661    1.12777182    1.13238154    1.09029653    1.14162710    1.20361687    1.05583287    1.15217891    1.17030932    1.53387729    1.47525083    1.40585111    1.61287982    1.59207693    2.18063491    2.46563615    2.34020428    2.65950507    2.84019481    1.95456227    1.91160075    2.05934489    1.97630196    1.78196589    2.11261501    2.04914549    2.35028821    2.33114336    2.42473828    2.18306687    2.05245114    2.02904715    2.11221042    2.05744814    1.92902234    2.07250236    2.55711941    1.47018485    1.34512741    1.43569320    1.34000530    1.46536394    1.56243479    1.47181742    1.41107148    1.44670051    1.48969697    1.26680142    1.46123380    1.36412080    1.30497847    1.61235099    1.51486565    1.63253757
RQCH_STRR6/4-428     0.75119810    0.52594302    0.00000000    0.38653529    0.40978065    0.41302359    0.35155116    1.06936780    1.01676542    1.02939438    0.98805659    0.90384300    1.09960857    1.09006856    1.14565957    1.24513162    1.06236036    1.18120922    1.12840495    1.15376567    1.13924554    1.20522447    1.18089595    1.09863368    1.20457140    1.22246398    1.42469947    1.51312117    1.38342733    1.64131262    1.42493420    2.14210714    2.30783607    2.30619511    2.57334538    2.77924680    1.90680131    1.92954062    1.97304052    1.90091533    1.68797560    1.94143200    1.93417009    2.25837668    2.22803389    2.43295884    2.11740138    2.01680531    2.05921685    2.08163563    2.08160535    1.86799594    2.00685785    2.61843192    1.41978142    1.35082865    1.36764483    1.26900146    1.40580591    1.45846887    1.42359428    1.30372643    1.44283489    1.47481805    1.29950686    1.51283488    1.36846795    1.38031720    1.56622414    1.55726176    1.65972689
Q8DTA9_STRMU/4-427     0.80816172    0.55374397    0.38653529    0.00000000    0.29737107    0.31850895    0.36326556    1.10236692    1.07316432    1.09730160    1.02953323    0.94167023    1.09132312    1.20105949    1.20449927    1.30365783    1.14828938    1.16316146    1.13814476    1.17474110    1.13799282    1.21428128    1.15301655    1.12616687    1.12576319    1.20427622    1.45726370    1.48578381    1.42915119    1.61113814    1.47981890    2.24668830    2.46288639    2.37102335    2.53446498    2.81945048    1.89527340    1.87000769    2.06319281    1.94834548    1.78821887    2.16766806    2.10269970    2.31903801    2.19950360    2.52855800    2.12133388    2.05172476    2.03238486    2.06163738    2.23821032    1.98843400    2.11935403    2.61540915    1.38150247    1.27812644    1.33120064    1.29737691    1.35561240    1.44887123    1.41947830    1.32098618    1.40012431    1.44305940    1.26069824    1.51919702    1.37401338    1.32620415    1.54436616    1.48676389    1.53693511
Q5M4J6_STRT2/4-429     0.82677988    0.56091129    0.40978065    0.29737107    0.00000000    0.27480899    0.39209536    1.15573200    1.07766763    1.11379914    1.00490240    0.95534310    1.07430074    1.22144251    1.27973991    1.31037500    1.09437217    1.24449571    1.11745855    1.22132979    1.19240075    1.20911368    1.15834261    1.18739461    1.23860213    1.22503326    1.54255296    1.54019517    1.47658747    1.58993496    1.60615068    2.24371933    2.34997968    2.47287106    2.53048983    2.70754931    1.91165342    1.90958898    2.08882916    2.02526312    1.85062737    2.21209517    2.02204352    2.26451419    2.23088866    2.55717992    2.09544497    2.06689416    2.05422661    2.10578025    2.16104119    2.00521032    2.11384396    2.68785635    1.42673884    1.29450857    1.41381823    1.31516226    1.36499082    1.46104750    1.37148378    1.30677158    1.41233671    1.43528154    1.29123130    1.49726929    1.40429405    1.39854947    1.60928755    1.46820789    1.59491423
Q8DZB9_STRA5/4-427     0.81708893    0.60435043    0.41302359    0.31850895    0.27480899    0.00000000    0.40317516    1.10454021    1.08303804    1.08693857    0.99726001    0.95628612    1.05637368    1.18258038    1.22799466    1.30535638    1.15572422    1.27587072    1.16821357    1.30649102    1.21397240    1.25497809    1.21214622    1.18074684    1.16418052    1.21422798    1.50293284    1.58691691    1.50493141    1.60530991    1.65015988    2.26852894    2.51215289    2.48646797    2.65276639    2.98936958    1.94918610    1.94262453    2.10482427    2.04217040    1.87286418    2.21760351    2.15407743    2.33783088    2.23706120    2.57570771    2.15513649    2.11224026    2.12875202    2.06426827    2.16178951    2.04314357    2.19325342    2.71009116    1.44886723    1.32909817    1.50085078    1.29710369    1.36296522    1.39744467    1.40095773    1.29470765    1.42526931    1.36583879    1.28559952    1.52449916    1.38830816    1.42975423    1.59037091    1.40044333    1.57281538
RQCH_STRSY/4-429     0.78184412    0.58179667    0.35155116    0.36326556    0.39209536    0.40317516    0.00000000    1.08793813    1.03928907    1.09249981    0.98716732    0.90745543    1.08636377    1.19983533    1.24980897    1.21418964    1.05491166    1.24511269    1.08467335    1.14888082    1.17767197    1.22061819    1.15776275    1.08402944    1.20694210    1.25471921    1.40091756    1.48480921    1.36754816    1.53192889    1.55447310    2.14170861    2.27744852    2.30525207    2.55958669    2.75767664    1.87373371    1.89535106    2.06489976    2.03874961    1.70904330    2.04709782    1.97822776    2.35825628    2.22587959    2.49075146    2.03773206    2.08990935    2.10607044    2.01921215    2.08108004    1.99075594    2.04276098    2.64628984    1.36698367    1.30373268    1.33018377    1.32744412    1.35109289    1.47644157    1.42938301    1.38424565    1.45224578    1.48071298    1.26508014    1.50871534    1.40256893    1.40156706    1.45667880    1.46791972    1.54002239
A5VK20_LACRD/4-442     0.88380254    1.06707209    1.06936780    1.10236692    1.15573200    1.10454021    1.08793813    0.00000000    0.83628002    0.82301185    0.73980488    0.75863291    0.99172059    1.15631975    1.12696308    1.18880534    1.20622244    1.13637118    1.19401531    1.17544812    1.26346286    1.26909913    1.11912831    1.22807354    1.21799068    1.36647921    1.55008668    1.59658776    1.38888797    1.68327911    1.70935525    2.14678399    2.31662812    2.30246195    2.57822542    2.74030533    1.97238928    2.00609209    2.16354653    2.27132839    1.94348433    2.03915951    2.21928987    2.30824346    2.38800372    2.62674888    2.24808760    2.16284596    2.07561723    2.16886591    2.09085476    2.06198367    2.24028524    2.57944537    1.40570762    1.44931092    1.46693154    1.46978197    1.44851856    1.37375052    1.47677935    1.45619763    1.45922445    1.40708398    1.51575486    1.72943429    1.52603759    1.49572603    1.60833722    1.49202118    1.52451269
Q03FM0_PEDPA/4-444     0.87520541    1.03037727    1.01676542    1.07316432    1.07766763    1.08303804    1.03928907    0.83628002    0.00000000    0.75234770    0.71026186    0.69668121    1.02238461    1.11113492    1.08542625    1.11960614    1.08778209    1.16542276    1.10129381    1.12146802    1.09505411    1.11365827    1.16517511    1.16770060    1.19326231    1.40814866    1.48440874    1.54983107    1.50683432    1.71179608    1.91529001    2.33595849    2.70491426    2.54556088    2.56056685    2.77027113    1.90971699    2.03145792    2.19443222    2.05058235    1.94883812    2.09042233    2.23394886    2.37443463    2.51229811    2.39626599    2.18712123    2.05670764    2.10302278    2.11964155    2.10359114    2.07972689    2.12129574    2.76364001    1.52811506    1.48505802    1.47791706    1.38111550    1.49420176    1.61712061    1.46905872    1.53513660    1.54412636    1.57307392    1.45644185    1.76343689    1.53726529    1.49192363    1.65000876    1.59493716    1.66280935
Q38X19_LACSS/4-442     0.73030717    1.06989602    1.02939438    1.09730160    1.11379914    1.08693857    1.09249981    0.82301185    0.75234770    0.00000000    0.70583218    0.67358199    0.95051303    1.11863937    1.12399242    1.16123047    1.19690744    1.11690702    1.00395852    1.09735626    1.12920204    1.11837838    1.08068469    1.15805642    1.17379503    1.45991196    1.52292983    1.63703724    1.37308801    1.76473854    1.66925597    2.28772778    2.53682457    2.40406778    2.71785709    2.80543414    2.04120722    1.95460164    2.16828759    2.21016684    2.04287787    2.09026983    2.17007566    2.25874912    2.52280034    2.56607694    2.29761798    2.18263005    2.08953824    2.17534216    2.12436432    2.03443135    2.14287411    2.78991414    1.59549992    1.40175660    1.55418932    1.46412093    1.56161369    1.43846606    1.47822653    1.58951902    1.58332872    1.61599758    1.56331241    1.77650929    1.65217962    1.61195492    1.79335316    1.66208766    1.64843148
Q1WTS3_LACS1/4-435     0.85536480    0.98607340    0.98805659    1.02953323    1.00490240    0.99726001    0.98716732    0.73980488    0.71026186    0.70583218    0.00000000    0.64323190    0.99819607    1.13367683    1.09907783    1.12180169    1.15010937    1.17048205    1.00905622    1.12312829    1.13895653    1.21136319    1.14970625    1.17753553    1.19090961    1.30422512    1.44945983    1.47596325    1.40867114    1.56471979    1.51535710    2.29025116    2.55187598    2.38861433    2.73370405    2.70324611    1.85471758    1.89253445    2.08798515    1.97383886    1.79688001    2.11226558    2.02820435    2.22999677    2.45634098    2.46006178    2.02976967    1.90345595    1.97774814    2.10428945    2.06001414    2.05414893    2.06785940    2.57913185    1.49314516    1.31175591    1.31821470    1.33479435    1.42001601    1.39489005    1.42476350    1.42062066    1.36284708    1.37381568    1.34734453    1.66084389    1.47040861    1.40721167    1.55234231    1.44482212    1.51074541
Q03S51_LACBA/4-442     0.74748536    0.95250209    0.90384300    0.94167023    0.95534310    0.95628612    0.90745543    0.75863291    0.69668121    0.67358199    0.64323190    0.00000000    0.97092127    1.19325983    1.15706368    1.19493939    1.24099633    1.21352868    1.06847532    1.14721291    1.10167894    1.17550537    1.14913009    1.10759538    1.23273819    1.40083594    1.52710405    1.57006705    1.46022956    1.65268070    1.72798615    2.27847226    2.63148246    2.72282450    2.77407626    2.86206970    1.90143974    2.07080248    2.20761892    2.16861236    1.83047918    2.14983455    2.07783821    2.36909166    2.58392079    2.63865132    2.12275010    2.25943178    2.09697835    2.24519427    2.13221640    2.05177403    2.11895562    2.61372617    1.50597306    1.48655669    1.47992764    1.37679507    1.49965844    1.64564240    1.62990653    1.52926210    1.64159925    1.50742704    1.50621122    1.82108836    1.62603464    1.61191702    1.56574847    1.60073105    1.64823707
Q04EZ3_OENOB/4-421     1.08918366    1.08409287    1.09960857    1.09132312    1.07430074    1.05637368    1.08636377    0.99172059    1.02238461    0.95051303    0.99819607    0.97092127    0.00000000    1.26837347    1.23702490    1.21240914    1.25086074    1.27151201    1.25543732    1.29346005    1.23699098    1.21744738    1.29646858    1.31910828    1.41513158    1.42241893    1.69074297    1.71601306    1.43619747    1.76862723    1.72929981    2.40300127    2.34241585    2.22846626    2.80855550    2.74436099    2.15949078    2.23481939    2.16973732    2.01796194    2.01864005    2.09058070    2.15002141    2.23835487    2.40485730    2.55734144    2.42666669    2.29214912    2.11425114    2.21323291    2.28724924    2.16728755    2.30580271    2.65987184    1.49868118    1.48307394    1.51451743    1.51176376    1.48193678    1.58499551    1.56920831    1.46042107    1.55022095    1.50140897    1.46386280    1.71024029    1.56504996    1.50863934    1.67123632    1.59817686    1.75167505
Q1GA87_LACDA/4-437     1.03740154    1.19147117    1.09006856    1.20105949    1.22144251    1.18258038    1.19983533    1.15631975    1.11113492    1.11863937    1.13367683    1.19325983    1.26837347    0.00000000    0.42309280    0.48554279    1.33519285    1.39757052    1.32440257    1.36631360    1.40431885    1.40370527    1.33381868    1.41166637    1.42306860    1.51261787    1.67971975    1.61488510    1.55100838    1.78349964    1.73948020    2.25913848    2.63375795    2.31752158    2.74221199    3.12577992    2.02323384    1.92176936    2.24990750    2.10287191    2.06911042    2.15839463    2.34231117    2.37800098    2.52955563    2.54723262    2.31526547    2.20753510    2.22376091    2.19696158    2.29405280    2.03975538    2.16817589    2.74452155    1.70461137    1.51636862    1.58416485    1.55565326    1.46306448    1.54559401    1.63515593    1.46400261    1.61935436    1.45588053    1.47060534    1.86979800    1.70170465    1.65303714    1.58375921    1.72789132    1.72363442
Q5FJY7_LACAC/4-438     1.11471279    1.12446598    1.14565957    1.20449927    1.27973991    1.22799466    1.24980897    1.12696308    1.08542625    1.12399242    1.09907783    1.15706368    1.23702490    0.42309280    0.00000000    0.38181662    1.34600145    1.36355207    1.29826540    1.31302255    1.25496427    1.32575055    1.25652155    1.31393695    1.39269545    1.46788914    1.67653090    1.69648036    1.55588311    1.81142638    1.73495981    2.28817221    2.46917193    2.36444704    2.72025430    2.97954904    2.01939046    2.03243787    2.32863052    1.97822631    2.19967508    2.26847076    2.25946692    2.37221671    2.70148367    2.68138296    2.33422794    2.12186272    2.07705589    2.18205912    2.31150535    2.11294014    2.26816362    2.78127264    1.64072369    1.44085645    1.59724851    1.51930433    1.54969863    1.49813806    1.54675128    1.57614948    1.56849060    1.43249868    1.42818049    1.81817687    1.67956268    1.58312093    1.60465727    1.63139628    1.76313593
Q74JC6_LACJO/4-439     1.17333920    1.19931561    1.24513162    1.30365783    1.31037500    1.30535638    1.21418964    1.18880534    1.11960614    1.16123047    1.12180169    1.19493939    1.21240914    0.48554279    0.38181662    0.00000000    1.39300117    1.43126744    1.44028460    1.38872012    1.42815645    1.39315750    1.42321418    1.48462582    1.40588571    1.68974013    1.65781839    1.65562445    1.68835002    1.78774195    1.82253665    2.33129111    2.59045760    2.28543038    2.66144383    3.01052036    2.07514771    2.11611251    2.23640413    2.17833500    2.18315058    2.18478638    2.34839255    2.36490657    2.65435909    2.65708501    2.30819272    2.06503678    1.97526406    2.02347478    2.17741688    2.07330978    2.26734572    2.55054185    1.71863680    1.39597486    1.52424486    1.57611488    1.59514329    1.61043999    1.58477419    1.55022558    1.60728750    1.47267536    1.57683269    1.82370370    1.76230694    1.75883749    1.68443033    1.68904109    1.80055083
Q8Y670_LISMO/4-446     1.07530228    1.13819271    1.06236036    1.14828938    1.09437217    1.15572422    1.05491166    1.20622244    1.08778209    1.19690744    1.15010937    1.24099633    1.25086074    1.33519285    1.34600145    1.39300117    0.00000000    0.87772666    0.79693900    0.84368629    0.86584653    0.82082493    0.87577667    0.97564076    1.07820039    1.16306713    1.38272969    1.51496918    1.24940363    1.71285902    1.61126690    2.58168835    2.42504965    2.38374130    2.69206514    2.63206137    1.98510662    2.07216581    1.91489205    2.16451889    2.06639700    2.01113090    1.91903615    2.39457695    2.53153391    2.44415125    2.05303989    1.88728063    1.89914860    1.90349229    2.03504952    1.91520883    2.11656722    2.59968590    1.45561804    1.25577828    1.39123737    1.40492596    1.30602388    1.30981195    1.31016364    1.36510103    1.38795180    1.30105213    1.37602378    1.65089159    1.58875116    1.44865455    1.46065343    1.39277847    1.62371324
Q812X1_BACCR/4-444     1.02571577    1.22489661    1.18120922    1.16316146    1.24449571    1.27587072    1.24511269    1.13637118    1.16542276    1.11690702    1.17048205    1.21352868    1.27151201    1.39757052    1.36355207    1.43126744    0.87772666    0.00000000    0.52277147    0.58541272    0.56321817    0.60704117    0.59126103    0.72161322    0.76353283    0.99123159    1.33101046    1.27852439    1.28075703    1.41491874    1.32626422    2.05701792    2.04084841    2.02744976    2.37196079    2.60604226    1.85147369    1.99398396    1.98229972    2.04554636    1.82891789    1.82556082    1.92596208    2.10855069    2.49229832    2.49863526    2.07682170    2.03683704    2.16148920    2.21725985    2.22437943    1.95993885    2.10594595    2.46698325    1.27090901    1.18295813    1.23169973    1.10525935    1.28617531    1.28866513    1.23629822    1.30616031    1.32625390    1.21763910    1.22311875    1.59203273    1.35429754    1.29734419    1.54749673    1.25164550    1.38561459
U5L7J1_9BACI/4-442     0.91220806    1.12777182    1.12840495    1.13814476    1.11745855    1.16821357    1.08467335    1.19401531    1.10129381    1.00395852    1.00905622    1.06847532    1.25543732    1.32440257    1.29826540    1.44028460    0.79693900    0.52277147    0.00000000    0.58483723    0.57485241    0.55466295    0.60607929    0.63072025    0.83728579    0.98278206    1.32990553    1.26578351    1.22348567    1.43286934    1.32103913    2.04381943    2.38530325    2.32753037    2.46026197    2.39079313    1.81156390    1.84086315    1.94694188    2.07840130    1.83270475    1.82388442    1.86445923    2.26198250    2.55438988    2.45759845    2.03089227    1.96348436    2.10025747    2.10581313    2.08760981    2.01378726    2.09756419    2.51008353    1.27351850    1.11385908    1.26274659    1.11759050    1.32180823    1.23606037    1.30459298    1.35933242    1.35211371    1.21827129    1.18717234    1.52287764    1.37493023    1.34841537    1.43249696    1.18787049    1.30202496
Q5L0T2_GEOKA/4-444     0.94714873    1.13238154    1.15376567    1.17474110    1.22132979    1.30649102    1.14888082    1.17544812    1.12146802    1.09735626    1.12312829    1.14721291    1.29346005    1.36631360    1.31302255    1.38872012    0.84368629    0.58541272    0.58483723    0.00000000    0.58309177    0.57184547    0.64843898    0.70055074    0.91451185    1.00436669    1.27979243    1.37766708    1.12844323    1.43601312    1.34696146    2.24208677    2.21275276    2.19598695    2.40007036    2.44070547    1.77373527    1.90637120    1.91380829    2.03971186    1.72027902    1.68724131    1.87717345    2.20306498    2.61689466    2.40811988    1.98033477    1.96248451    1.93405189    2.05373168    1.85959316    1.96267208    2.05231296    2.52117540    1.38888485    1.23046961    1.23735589    1.15556343    1.30922386    1.37289821    1.25084261    1.40886812    1.39896526    1.26864612    1.21652730    1.53073289    1.34827747    1.24824982    1.53922777    1.23617135    1.41792820
A8FD29_BACP2/4-445     0.99564889    1.09029653    1.13924554    1.13799282    1.19240075    1.21397240    1.17767197    1.26346286    1.09505411    1.12920204    1.13895653    1.10167894    1.23699098    1.40431885    1.25496427    1.42815645    0.86584653    0.56321817    0.57485241    0.58309177    0.00000000    0.33299101    0.68838226    0.75676123    0.92652664    0.92005544    1.32520990    1.34893759    1.27267496    1.55331211    1.45014648    1.99500587    2.27021294    1.99475721    2.35970494    2.32559785    1.85307814    1.79903886    2.02873519    1.83952377    1.78807441    1.91272292    1.89539609    2.29952817    2.58573068    2.54799163    2.15280768    1.97594744    2.07703287    2.13546008    2.12708558    2.11337601    2.12984222    2.57810222    1.39398795    1.13421622    1.24863165    1.17944093    1.29992433    1.28732819    1.23376208    1.32690595    1.35982969    1.18840658    1.21025086    1.57931441    1.41686480    1.33283630    1.54092666    1.24615427    1.37697386
Q65JT4_BACLD/4-446     0.97883624    1.14162710    1.20522447    1.21428128    1.20911368    1.25497809    1.22061819    1.26909913    1.11365827    1.11837838    1.21136319    1.17550537    1.21744738    1.40370527    1.32575055    1.39315750    0.82082493    0.60704117    0.55466295    0.57184547    0.33299101    0.00000000    0.64390147    0.73511853    0.87229088    0.97452632    1.29055594    1.32000754    1.25281133    1.50592203    1.44873710    2.01895610    2.24397418    2.04496426    2.49374342    2.37982575    1.94661477    1.97898861    2.07467140    2.05351664    1.84098884    1.81605006    1.84307657    2.43600540    2.54885638    2.40024594    2.14265752    1.98754928    1.98256597    2.09566760    2.15942093    2.07574088    2.15270147    2.61594948    1.34391276    1.18739748    1.28134544    1.26765996    1.28305520    1.33949710    1.28302441    1.38448667    1.33867428    1.26566352    1.27512641    1.54109559    1.33926630    1.30429640    1.38633842    1.25941776    1.35959629
Q9K9X8_BACHD/4-445     0.99497014    1.20361687    1.18089595    1.15301655    1.15834261    1.21214622    1.15776275    1.11912831    1.16517511    1.08068469    1.14970625    1.14913009    1.29646858    1.33381868    1.25652155    1.42321418    0.87577667    0.59126103    0.60607929    0.64843898    0.68838226    0.64390147    0.00000000    0.59456413    0.85628094    1.03306263    1.28930802    1.34768617    1.30535503    1.38305565    1.31961366    2.23643472    2.24814042    2.25916447    2.50106586    2.53176333    1.89387427    1.83763421    1.87458638    1.95369502    1.71749930    1.69435979    1.87518479    2.17664845    2.40210949    2.54820536    1.89616410    1.93519318    1.90976290    2.03421429    2.07382736    1.95882352    1.98714513    2.39088809    1.23184822    1.13485061    1.08338445    1.15840798    1.33080297    1.34866374    1.35604211    1.33852941    1.45385670    1.32629564    1.12876842    1.53370665    1.24406775    1.20078986    1.43215130    1.24216177    1.39739097
Q5WFK0_BACSK/4-443     1.02841970    1.05583287    1.09863368    1.12616687    1.18739461    1.18074684    1.08402944    1.22807354    1.16770060    1.15805642    1.17753553    1.10759538    1.31910828    1.41166637    1.31393695    1.48462582    0.97564076    0.72161322    0.63072025    0.70055074    0.75676123    0.73511853    0.59456413    0.00000000    0.83190028    1.06997751    1.30724394    1.35121994    1.31019101    1.41751862    1.41482792    2.16979721    2.16426472    2.19584736    2.51108200    2.60981775    1.79582362    2.03404355    2.09826014    1.89661404    1.74379417    1.67680871    1.70382748    2.10783066    2.24405503    2.39286935    1.97439629    1.86111631    1.90991208    1.96093538    1.94935787    1.79993827    1.89568253    2.45628892    1.36369243    1.22746803    1.22291270    1.08840301    1.37119345    1.30486345    1.36078157    1.31035543    1.40559657    1.39663024    1.19843376    1.57066274    1.34773466    1.36015494    1.47355976    1.19043076    1.24647082
Q8ER31_OCEIH/4-445     1.07878710    1.15217891    1.20457140    1.12576319    1.23860213    1.16418052    1.20694210    1.21799068    1.19326231    1.17379503    1.19090961    1.23273819    1.41513158    1.42306860    1.39269545    1.40588571    1.07820039    0.76353283    0.83728579    0.91451185    0.92652664    0.87229088    0.85628094    0.83190028    0.00000000    1.00133251    1.35748787    1.49555345    1.37871739    1.55697878    1.50608455    2.16494352    2.33437686    2.16508646    2.48105576    2.64145104    1.97667689    1.85117850    1.86419831    2.01502534    1.87495725    1.96997877    2.04676059    1.97576891    2.28823270    2.28713715    1.95532208    1.88792276    1.93846545    1.99861797    1.82394884    1.84924015    2.06551844    2.71476244    1.33053559    1.27173396    1.37883853    1.27668169    1.43244275    1.45290582    1.41079134    1.50234601    1.50393591    1.41295098    1.33121692    1.59030651    1.40247759    1.38633355    1.53340472    1.35058427    1.46598885
Q2G1U1_STAA8/4-441     1.25725916    1.17030932    1.22246398    1.20427622    1.22503326    1.21422798    1.25471921    1.36647921    1.40814866    1.45991196    1.30422512    1.40083594    1.42241893    1.51261787    1.46788914    1.68974013    1.16306713    0.99123159    0.98278206    1.00436669    0.92005544    0.97452632    1.03306263    1.06997751    1.00133251    0.00000000    1.58386320    1.53837653    1.47774394    1.71539872    1.67024063    2.39248620    2.51353241    2.51508329    2.69045435    2.79235489    1.96871259    2.01669717    2.21347550    1.95536175    1.85930436    2.32239284    2.20842595    2.36361554    2.68079736    2.61261853    2.27077420    2.20148979    2.18311801    2.37520162    2.29514280    2.32501642    2.38728438    2.72121653    1.57219651    1.27648867    1.40554617    1.33831035    1.44550204    1.44039056    1.44296047    1.41999511    1.49023500    1.39904672    1.41053407    1.60272455    1.50789866    1.41380512    1.69437767    1.34800026    1.45615487
A4J565_DESRM/4-461     1.52049648    1.53387729    1.42469947    1.45726370    1.54255296    1.50293284    1.40091756    1.55008668    1.48440874    1.52292983    1.44945983    1.52710405    1.69074297    1.67971975    1.67653090    1.65781839    1.38272969    1.33101046    1.32990553    1.27979243    1.32520990    1.29055594    1.28930802    1.30724394    1.35748787    1.58386320    0.00000000    1.13721855    1.11480984    1.37115569    1.24649908    2.28058110    2.45833229    2.44692653    2.58282889    2.70780250    1.84580949    1.98721304    2.03021960    2.20349757    1.74234884    1.87623600    2.14800324    2.47845404    2.55643109    2.68255538    2.02305612    2.10224160    1.96756801    2.17225894    1.98412292    1.96890908    2.01903517    2.53966783    1.39021573    1.39726538    1.40380494    1.24240856    1.56017145    1.73252533    1.69544169    1.70028338    1.69419166    1.66323580    1.40521505    1.50489772    1.43525538    1.31794795    1.65318774    1.37741742    1.48975338
Q2RK36_MOOTA/4-459     1.51920873    1.47525083    1.51312117    1.48578381    1.54019517    1.58691691    1.48480921    1.59658776    1.54983107    1.63703724    1.47596325    1.57006705    1.71601306    1.61488510    1.69648036    1.65562445    1.51496918    1.27852439    1.26578351    1.37766708    1.34893759    1.32000754    1.34768617    1.35121994    1.49555345    1.53837653    1.13721855    0.00000000    1.25671029    1.43712593    1.23651303    2.22792945    2.42783528    2.56012514    2.81109358    2.70745553    1.92477618    1.90356771    2.37609687    2.33045014    1.76820379    1.77441060    1.95846948    2.48466262    2.68240165    2.59058190    2.12949343    2.31675554    2.11208637    2.16806399    2.10623617    1.94122757    1.85767799    2.42630512    1.49505569    1.44533430    1.46209531    1.48610402    1.60430423    1.69939399    1.61756440    1.63744862    1.72324095    1.60048075    1.51418422    1.66454412    1.56736777    1.51850026    1.50202210    1.29648742    1.55031112
Q67PS6_SYMTH/4-455     1.34321100    1.40585111    1.38342733    1.42915119    1.47658747    1.50493141    1.36754816    1.38888797    1.50683432    1.37308801    1.40867114    1.46022956    1.43619747    1.55100838    1.55588311    1.68835002    1.24940363    1.28075703    1.22348567    1.12844323    1.27267496    1.25281133    1.30535503    1.31019101    1.37871739    1.47774394    1.11480984    1.25671029    0.00000000    1.53549445    1.39609068    2.40719875    2.23007990    2.45504638    2.67457640    2.77308335    1.93460021    1.98166223    2.21860880    2.10382378    1.62964294    1.67403784    1.79724984    2.28246165    2.45907818    2.50370662    2.13198901    2.02377814    1.95134445    2.10544219    1.95691601    1.90842734    1.98200845    2.54988043    1.38806573    1.38950881    1.36346343    1.30216499    1.60865921    1.62032458    1.70781675    1.61655626    1.65421464    1.63719243    1.40379979    1.56933064    1.58593137    1.50511146    1.53721754    1.35160322    1.45265913
Q0AXH0_SYNWW/4-462     1.57189978    1.61287982    1.64131262    1.61113814    1.58993496    1.60530991    1.53192889    1.68327911    1.71179608    1.76473854    1.56471979    1.65268070    1.76862723    1.78349964    1.81142638    1.78774195    1.71285902    1.41491874    1.43286934    1.43601312    1.55331211    1.50592203    1.38305565    1.41751862    1.55697878    1.71539872    1.37115569    1.43712593    1.53549445    0.00000000    1.35106531    2.38908680    2.48322445    2.35104636    2.84305288    2.70687596    2.14108549    2.10440753    2.21393576    2.36187686    1.86928853    1.96135412    2.02952391    2.32754026    2.64371331    2.50333671    2.20328983    2.39641329    2.15529099    2.26043912    2.09082221    2.06855735    2.12257034    2.73608121    1.40239984    1.33713409    1.39590558    1.32978661    1.65853561    1.67781175    1.61282795    1.61573671    1.62161815    1.49237592    1.31794279    1.54041687    1.40699682    1.38587875    1.78353576    1.36775228    1.48926882
Q24TV3_DESHY/15-479     1.54387897    1.59207693    1.42493420    1.47981890    1.60615068    1.65015988    1.55447310    1.70935525    1.91529001    1.66925597    1.51535710    1.72798615    1.72929981    1.73948020    1.73495981    1.82253665    1.61126690    1.32626422    1.32103913    1.34696146    1.45014648    1.44873710    1.31961366    1.41482792    1.50608455    1.67024063    1.24649908    1.23651303    1.39609068    1.35106531    0.00000000    2.42955559    2.71824259    2.63135447    2.59225578    2.88394669    1.98365225    2.00959749    2.34619702    2.11609117    1.67494317    2.02431477    1.92581459    2.32122844    2.50536814    2.68106277    1.90206157    2.06588833    2.11817525    2.26042264    1.99628448    1.99940353    1.81638673    2.82664142    1.65923272    1.54678916    1.42738198    1.43930774    1.66036221    1.71599441    1.69152360    1.81505330    1.73119854    1.61341542    1.44768690    1.58359194    1.52511235    1.42395298    1.64308682    1.47544989    1.55285077
Q2NGY7_METST/2-454     2.09948794    2.18063491    2.14210714    2.24668830    2.24371933    2.26852894    2.14170861    2.14678399    2.33595849    2.28772778    2.29025116    2.27847226    2.40300127    2.25913848    2.28817221    2.33129111    2.58168835    2.05701792    2.04381943    2.24208677    1.99500587    2.01895610    2.23643472    2.16979721    2.16494352    2.39248620    2.28058110    2.22792945    2.40719875    2.38908680    2.42955559    0.00000000    1.23992058    1.34101181    1.72366820    1.98444839    2.49430364    2.59493562    2.78352881    2.86851441    2.68104217    2.41699288    3.00825863    2.64236087    2.58277831    3.12213503    2.84373932    2.67774038    2.65392414    2.85195330    2.97242551    2.60010114    2.79229087    3.13943603    2.03103378    2.07347288    2.13367535    2.08024742    2.37158405    2.20793005    2.37674994    2.34711564    2.54356035    2.38128908    2.09344331    2.14684263    2.13459627    2.11113763    2.37970395    2.01280374    2.25072277
Q8TSZ2_METAC/6-492     2.41800990    2.46563615    2.30783607    2.46288639    2.34997968    2.51215289    2.27744852    2.31662812    2.70491426    2.53682457    2.55187598    2.63148246    2.34241585    2.63375795    2.46917193    2.59045760    2.42504965    2.04084841    2.38530325    2.21275276    2.27021294    2.24397418    2.24814042    2.16426472    2.33437686    2.51353241    2.45833229    2.42783528    2.23007990    2.48322445    2.71824259    1.23992058    0.00000000    1.42768972    1.56225308    1.79579792    2.69672441    2.90083554    2.96210853    3.05808150    2.72373315    2.29267954    2.51435195    2.75375858    2.89101499    3.31227509    3.14196963    2.85626140    2.92268241    3.10990748    3.23859146    2.70905961    2.82128241    3.25129772    2.22410603    2.07547260    2.21684409    2.21359796    2.53205141    2.46366605    2.52802969    2.53275133    2.76994158    2.53939597    2.32739316    2.42278654    2.30609429    2.28020245    2.42747505    2.34426565    2.56659074
RQCH_METJA/6-475     2.33310860    2.34020428    2.30619511    2.37102335    2.47287106    2.48646797    2.30525207    2.30246195    2.54556088    2.40406778    2.38861433    2.72282450    2.22846626    2.31752158    2.36444704    2.28543038    2.38374130    2.02744976    2.32753037    2.19598695    1.99475721    2.04496426    2.25916447    2.19584736    2.16508646    2.51508329    2.44692653    2.56012514    2.45504638    2.35104636    2.63135447    1.34101181    1.42768972    0.00000000    1.75810686    1.91956372    2.76299973    2.94007293    2.55325256    2.70610787    2.86946019    2.58227119    3.02418253    2.88832582    3.07440336    3.38429212    3.08836574    2.99275328    2.83123854    3.03811639    3.02496769    2.97275548    3.00722307    3.57579520    2.28676474    1.98366206    2.25736858    2.29475769    2.31477860    2.07364998    2.04093269    2.42833591    2.26701630    2.18278552    2.04716634    2.24206718    2.31934251    2.18519567    2.58485509    2.38406832    2.25636931
Q18J82_HALWD/8-471     2.51045611    2.65950507    2.57334538    2.53446498    2.53048983    2.65276639    2.55958669    2.57822542    2.56056685    2.71785709    2.73370405    2.77407626    2.80855550    2.74221199    2.72025430    2.66144383    2.69206514    2.37196079    2.46026197    2.40007036    2.35970494    2.49374342    2.50106586    2.51108200    2.48105576    2.69045435    2.58282889    2.81109358    2.67457640    2.84305288    2.59225578    1.72366820    1.56225308    1.75810686    0.00000000    1.78186607    2.77425588    2.80493758    2.72777171    2.85031449    2.40698977    2.56083479    2.89738527    2.90260556    3.35411262    3.38830758    3.09431017    3.07313691    2.97432884    3.18342466    3.09463531    2.89952943    3.06393421    3.40547485    2.55655086    2.29838033    2.24972985    2.31167488    2.81059883    2.52822704    2.54944022    2.70363738    2.63244688    2.54625172    2.57129606    2.39611983    2.32383056    2.39669131    2.46884089    2.26968102    2.45436475
Q8TZ51_METKA/10-472     2.68195207    2.84019481    2.77924680    2.81945048    2.70754931    2.98936958    2.75767664    2.74030533    2.77027113    2.80543414    2.70324611    2.86206970    2.74436099    3.12577992    2.97954904    3.01052036    2.63206137    2.60604226    2.39079313    2.44070547    2.32559785    2.37982575    2.53176333    2.60981775    2.64145104    2.79235489    2.70780250    2.70745553    2.77308335    2.70687596    2.88394669    1.98444839    1.79579792    1.91956372    1.78186607    0.00000000    2.99595438    2.99441923    2.85236199    3.05421781    3.03364659    2.95777059    3.15932355    2.81027859    3.23565485    3.74562460    3.20199796    3.09033624    2.92110405    3.23900639    2.89868386    3.00850129    2.89800264    3.66606672    2.99808594    2.51823606    2.56325786    2.71905903    3.16525792    2.92030089    2.89472409    3.11491893    2.97957043    2.78468755    2.75255244    2.70541724    2.67383117    2.58908217    2.92167945    2.65241944    2.88798774
Q3A4K7_PELCD/16-444     1.83097011    1.95456227    1.90680131    1.89527340    1.91165342    1.94918610    1.87373371    1.97238928    1.90971699    2.04120722    1.85471758    1.90143974    2.15949078    2.02323384    2.01939046    2.07514771    1.98510662    1.85147369    1.81156390    1.77373527    1.85307814    1.94661477    1.89387427    1.79582362    1.97667689    1.96871259    1.84580949    1.92477618    1.93460021    2.14108549    1.98365225    2.49430364    2.69672441    2.76299973    2.77425588    2.99595438    0.00000000    2.24642341    2.32250892    2.46801744    2.41244816    2.56385593    2.45394322    2.56001566    3.07332247    3.04846508    2.75307970    2.45681500    2.46573789    2.63806562    2.43376881    2.36155309    2.32643109    2.71187173    1.90993994    1.93255210    1.99474579    1.87029429    2.11764102    2.41301744    2.24640648    2.40657345    2.31767387    2.24175136    1.98151642    2.21418124    1.92324944    2.01518488    2.08309448    1.93517559    2.13290085
Q9WYJ8_THEMA/4-433     1.96188664    1.91160075    1.92954062    1.87000769    1.90958898    1.94262453    1.89535106    2.00609209    2.03145792    1.95460164    1.89253445    2.07080248    2.23481939    1.92176936    2.03243787    2.11611251    2.07216581    1.99398396    1.84086315    1.90637120    1.79903886    1.97898861    1.83763421    2.03404355    1.85117850    2.01669717    1.98721304    1.90356771    1.98166223    2.10440753    2.00959749    2.59493562    2.90083554    2.94007293    2.80493758    2.99441923    2.24642341    0.00000000    1.70990369    1.49867175    2.35227629    2.63552893    2.67497139    2.61912476    2.97684893    2.87515881    2.59509088    2.46742406    2.22168788    2.33955580    2.67423286    2.75662067    2.72767078    2.70755130    1.93016311    1.90244707    1.94043752    1.90262349    2.04893075    2.14022195    1.95382253    2.29684132    2.16481206    1.88803975    1.73013790    2.03128988    2.00473236    2.00249045    2.01489272    1.98404444    2.16809184
A8F860_PSELT/4-437     2.12883770    2.05934489    1.97304052    2.06319281    2.08882916    2.10482427    2.06489976    2.16354653    2.19443222    2.16828759    2.08798515    2.20761892    2.16973732    2.24990750    2.32863052    2.23640413    1.91489205    1.98229972    1.94694188    1.91380829    2.02873519    2.07467140    1.87458638    2.09826014    1.86419831    2.21347550    2.03021960    2.37609687    2.21860880    2.21393576    2.34619702    2.78352881    2.96210853    2.55325256    2.72777171    2.85236199    2.32250892    1.70990369    0.00000000    1.63145627    2.69868727    2.81713269    2.75525709    2.83949757    3.00150454    3.12126972    2.63463604    2.60189349    2.37187592    2.31946878    2.56256771    2.58936365    2.70459611    2.98763810    2.01001938    1.99290634    2.20594502    2.11889853    2.06120958    2.31302437    2.20488846    2.37816209    2.45354736    2.24827560    2.02834320    2.14139689    2.14383382    2.06662893    2.27445767    2.03634283    2.36308279
