67
D5G7Q1_TUBMM/30-397     0.00000000    1.42055896    1.26996004    1.26111792    1.34055200    1.30990965    1.32788549    1.21189743    1.43330333    1.57981573    1.49600270    1.52246146    1.48549198    1.53723944    2.27041263    2.27303621    2.08451880    2.16816477    2.12855016    2.06928817    2.19336220    2.08293425    2.05772977    2.06010451    1.99972159    2.04686321    2.00581094    1.89448833    1.97420880    1.99017068    1.94850694    1.91452016    1.88454823    2.08987015    2.07510209    2.17201702    2.28240740    2.24320176    2.20667710    2.07671099    2.12009848    2.08221752    0.86772752    0.83248945    0.85373714    0.85071962    0.85806874    0.87513689    0.75132340    0.86128044    0.79549028    0.88618763    0.94553618    0.80468233    0.69699186    1.11399571    1.04110002    1.17846672    1.14506612    1.11782058    1.10226851    0.96864022    0.89907816    0.89069563    0.90918488    0.95067746    1.02137608
ELP4_SCHPO/12-361     1.42055896    0.00000000    0.33365444    1.70873385    1.89729912    1.83014622    1.78427258    1.73881010    1.89729984    1.96555702    1.98113157    1.94485405    2.07644257    2.00792494    2.09595022    2.18153200    2.22582819    2.23342848    2.13646180    2.17224857    2.29970970    2.01279867    2.18991031    2.11297798    1.99169314    2.29837517    2.25651420    2.30014104    1.96797282    1.96734834    1.88301486    1.92055515    2.11617866    2.09880128    2.06699626    2.17283057    2.09018433    2.03003918    2.04982587    1.99810317    1.87682239    2.17080445    1.36676044    1.24586563    1.35001769    1.41787359    1.40507961    1.39056676    1.28472494    1.35206285    1.25691532    1.42735814    1.51548730    1.36879260    1.38001535    1.51737118    1.55358127    1.64913856    1.59696494    1.52663601    1.44880800    1.49539849    1.48519751    1.59054767    1.50764873    1.55171613    1.30987915
S9X2I7_SCHCR/12-358     1.26996004    0.33365444    0.00000000    1.60374279    1.68696420    1.74005187    1.71700885    1.65155344    1.89260906    1.87376334    1.86030112    1.82866455    1.87385359    1.90676558    2.12231837    2.19998424    2.15846875    2.19932169    2.16219309    2.11276065    2.34167388    1.97647382    2.06013929    1.95000205    1.86913292    2.17465787    2.15425797    2.15582833    1.93747997    1.85496305    1.74616197    1.79041590    1.96481720    2.11411860    2.04741059    2.10029661    2.09482423    2.03281447    2.05720780    1.94035782    1.84845948    2.03955057    1.27424892    1.15105059    1.18441429    1.26934247    1.26998414    1.25021189    1.28687880    1.22200783    1.21367874    1.30093295    1.34894128    1.28103502    1.25700054    1.42322775    1.47556007    1.58959758    1.46161344    1.39860467    1.43621219    1.45535537    1.39776839    1.40497534    1.35127176    1.40880715    1.19585326
M3K3Y7_CANMX/59-431     1.26111792    1.70873385    1.60374279    0.00000000    0.42178501    0.37637987    0.37270176    0.25677888    0.81977280    1.00076651    0.89567735    0.89778108    0.85192360    0.80177330    2.29113913    2.33184322    2.39043607    2.39779980    2.20251022    2.38285783    2.17609490    2.08369788    2.08815054    2.22645898    2.10385080    2.28911651    2.24313013    2.33217632    2.05261686    1.96137016    1.97717499    1.97369197    2.09232534    2.37231384    2.43976172    2.31162243    2.20806146    2.24875637    2.20517747    2.18046654    2.07547854    2.12111882    1.48585095    1.50050543    1.47510893    1.44397822    1.49918756    1.52561497    1.43899210    1.45353118    1.43367694    1.49493865    1.48890480    1.38338854    1.32676507    1.62578838    1.54386646    1.60406610    1.67182074    1.61167918    1.55035513    1.53124804    1.48110391    1.51818231    1.51500805    1.56656249    1.49380396
A3GHX3_PICST/59-431     1.34055200    1.89729912    1.68696420    0.42178501    0.00000000    0.46672797    0.52014384    0.48474196    0.95219938    1.09189262    0.95121881    0.97361894    0.98391562    0.93935535    2.34538792    2.24157246    2.26720573    2.28690950    2.19744863    2.24288043    2.15894069    1.98868821    2.18490162    2.24891977    2.14370624    2.29779317    2.34801400    2.35121697    2.09440312    1.96867651    2.03120745    2.02536121    2.03532861    2.51535266    2.50979390    2.41123463    2.40337348    2.43337576    2.36530122    2.28558838    2.19314832    2.11059606    1.45471896    1.50278940    1.41559766    1.44185625    1.44739510    1.50009047    1.44731243    1.48280030    1.45090853    1.51666442    1.50486412    1.52257306    1.45097024    1.63494047    1.66854146    1.67039078    1.70239376    1.60839342    1.60187443    1.58331809    1.67864467    1.59963131    1.56450073    1.55767958    1.41343479
G8BFB0_CANPC/64-431     1.30990965    1.83014622    1.74005187    0.37637987    0.46672797    0.00000000    0.31171914    0.36027416    0.90702741    1.07610804    0.93241053    0.95886805    0.92346768    0.88452343    2.32324585    2.34602466    2.42880212    2.39076527    2.27925171    2.36162852    2.25417316    2.30661819    2.30144767    2.42845131    2.29853244    2.44459896    2.52283815    2.57302541    2.18839424    2.12882413    2.03171772    2.05438863    2.07394054    2.46843680    2.54332692    2.38166539    2.29142653    2.34372936    2.34202471    2.32401699    2.13733020    2.25455151    1.53965333    1.46532137    1.47358770    1.44035670    1.44584387    1.49176630    1.43220139    1.40221382    1.45050015    1.49227531    1.45093431    1.44778904    1.40475739    1.65713778    1.56993899    1.53226041    1.53086175    1.59734820    1.61527763    1.56442875    1.55572686    1.51802820    1.52565987    1.50064041    1.48552623
A5E1N5_LODEL/98-473     1.32788549    1.78427258    1.71700885    0.37270176    0.52014384    0.31171914    0.00000000    0.39277526    0.94129219    1.08721154    0.99730276    1.00874654    0.97396222    0.91690043    2.47214673    2.31530544    2.47615845    2.40330928    2.35507702    2.37683183    2.12962792    2.11989171    2.28046817    2.28726240    2.26138018    2.38904236    2.38797929    2.44279477    2.11640265    2.05146104    2.01789392    2.05011035    2.06085087    2.55274107    2.58339132    2.42620019    2.37041897    2.43883993    2.44404285    2.36074648    2.28195910    2.24435064    1.45323664    1.46522872    1.45990095    1.41235085    1.41909894    1.51045005    1.44392819    1.46717632    1.49437130    1.47046116    1.50987051    1.43792348    1.38282614    1.57631360    1.59119473    1.61153167    1.52612721    1.55479739    1.56038644    1.56312255    1.50330885    1.53749118    1.56880301    1.52032297    1.44495713
Q59M28_CANAL/74-446     1.21189743    1.73881010    1.65155344    0.25677888    0.48474196    0.36027416    0.39277526    0.00000000    0.77838905    0.90344348    0.85023509    0.89974715    0.83157585    0.82402802    2.15867830    2.25238132    2.27109129    2.30283186    2.08374198    2.20029013    2.21866012    2.09824176    2.10297821    2.23789387    2.13087844    2.27135963    2.27985892    2.36447556    2.01774295    1.97665373    1.94541864    1.98918546    1.99919931    2.31541638    2.32182909    2.31634094    2.15419366    2.18155379    2.14298879    2.16329469    2.05426129    2.07159437    1.45375712    1.44919372    1.46964013    1.44785261    1.41319633    1.48535557    1.39217103    1.43065983    1.41754925    1.51502475    1.48129327    1.37703802    1.30532163    1.60864912    1.52474839    1.60296616    1.52692946    1.58719786    1.50838702    1.40795027    1.49057296    1.40646194    1.38458287    1.41908852    1.41010722
I2GYS8_TETBL/94-485     1.43330333    1.89729984    1.89260906    0.81977280    0.95219938    0.90702741    0.94129219    0.77838905    0.00000000    0.60017648    0.57187339    0.64649835    0.67904386    0.58107884    2.34143569    2.36519327    2.44005986    2.44532235    2.36366476    2.33016996    2.40420170    2.04881293    2.11455520    2.15117775    2.23887714    2.29877640    2.31113984    2.40628798    2.14503167    2.19784222    2.13678867    2.20163557    2.17971918    2.31204481    2.37873980    2.32319656    2.25776474    2.32890153    2.26593165    2.35379408    2.33836993    2.13423972    1.63402367    1.57077914    1.55793294    1.54891706    1.59127760    1.57294773    1.55250483    1.61582107    1.56636014    1.60208708    1.59880978    1.60993636    1.62942279    1.68743404    1.61988735    1.76102895    1.83393515    1.70372117    1.61470308    1.62194750    1.56456790    1.52571766    1.66695665    1.61670876    1.52148853
G0W8X3_NAUDC/91-473     1.57981573    1.96555702    1.87376334    1.00076651    1.09189262    1.07610804    1.08721154    0.90344348    0.60017648    0.00000000    0.41687996    0.57468682    0.58108825    0.59382451    2.50438948    2.39421342    2.50359265    2.45104952    2.40421003    2.34778526    2.51859403    2.10103903    2.16366240    2.19702557    2.12367860    2.26218411    2.28510175    2.36053860    2.24014016    2.23113365    1.94089150    2.06525502    2.13727012    2.36107565    2.35976846    2.37932482    2.26975179    2.31038094    2.25388971    2.26595908    2.22449779    2.24630816    1.57928172    1.61704410    1.53867098    1.58795074    1.54067089    1.62365290    1.53275091    1.56356741    1.58741604    1.59696162    1.59083182    1.67615272    1.67396327    1.76655097    1.75952208    1.81369876    1.89846146    1.75144138    1.79714710    1.74436471    1.66311721    1.59125477    1.66460666    1.79635709    1.62706806
H2AV25_KAZAF/84-469     1.49600270    1.98113157    1.86030112    0.89567735    0.95121881    0.93241053    0.99730276    0.85023509    0.57187339    0.41687996    0.00000000    0.58791245    0.58631403    0.55521373    2.23783906    2.26142401    2.35207940    2.30653878    2.35762289    2.25823918    2.31386607    2.06806418    2.13005145    2.23744353    2.14183259    2.14977552    2.14569844    2.23354330    2.14619833    2.07119927    2.10982669    2.12495921    2.24777413    2.29283928    2.27229006    2.24924774    2.14739519    2.20185045    2.11825910    2.20449483    2.25356499    2.11364944    1.64921328    1.54804070    1.63582623    1.62311244    1.60048449    1.67120808    1.61930257    1.59573729    1.58072154    1.63765832    1.64014401    1.72044096    1.63178071    1.65212925    1.69222740    1.77716942    1.83536746    1.80799860    1.86013435    1.79747518    1.75212952    1.63131459    1.68395674    1.72750942    1.54501964
C5DYQ3_ZYGRC/62-448     1.52246146    1.94485405    1.82866455    0.89778108    0.97361894    0.95886805    1.00874654    0.89974715    0.64649835    0.57468682    0.58791245    0.00000000    0.54785682    0.52782958    2.07197186    2.10436964    2.12479189    2.07280464    2.08257639    2.13073003    2.11531869    2.04576515    2.15876848    2.20882028    2.05978408    2.11353324    2.12311054    2.16050558    2.10535530    2.20046706    1.96302198    2.04270722    2.14768811    2.23761179    2.15121135    2.23016480    2.13693188    2.04958251    2.05790701    2.12295017    2.11054156    2.09319853    1.67008923    1.64470529    1.52561799    1.57950300    1.64311016    1.62940051    1.59855459    1.51463730    1.59458007    1.63767429    1.65388787    1.59699416    1.64892634    1.70501466    1.65220943    1.76364789    1.83511724    1.67103235    1.68365439    1.75487346    1.71635242    1.64239364    1.67590738    1.76267925    1.67917119
G8ZML3_TORDC/75-450     1.48549198    2.07644257    1.87385359    0.85192360    0.98391562    0.92346768    0.97396222    0.83157585    0.67904386    0.58108825    0.58631403    0.54785682    0.00000000    0.47270199    2.40545251    2.34888256    2.44529602    2.54500800    2.43953908    2.46833395    2.36411722    2.13955575    2.24950079    2.33325864    2.22853941    2.28247000    2.35197107    2.37626037    2.17455679    2.16582886    2.06964105    2.10685048    2.12460683    2.32970736    2.18985626    2.25847137    2.22086742    2.25289358    2.18199895    2.24394505    2.12837873    2.26829423    1.64415479    1.65931358    1.64194248    1.66858451    1.71230046    1.71279609    1.62290002    1.57495561    1.62864717    1.61326403    1.67938091    1.73941593    1.71966087    1.67920450    1.63394159    1.82473914    1.83370605    1.70726148    1.76162398    1.74466791    1.62939393    1.69466225    1.58629782    1.73453623    1.60538944
A7TGK2_VANPO/95-483     1.53723944    2.00792494    1.90676558    0.80177330    0.93935535    0.88452343    0.91690043    0.82402802    0.58107884    0.59382451    0.55521373    0.52782958    0.47270199    0.00000000    2.47811775    2.44162926    2.56647909    2.53811498    2.51200471    2.55112633    2.23717724    1.97136851    2.20501801    2.34552220    2.26229910    2.34719515    2.35189403    2.49976153    2.20848272    2.24922464    2.04163540    2.04714159    2.13132414    2.26049279    2.25288977    2.13759867    2.07860648    2.16659041    2.06401516    2.32453692    2.20294096    2.30911304    1.54809331    1.50584314    1.52445661    1.49378313    1.57936141    1.54119323    1.61236935    1.50330003    1.53071972    1.59248441    1.64968006    1.67085143    1.63683146    1.66970711    1.61787885    1.82683783    1.77103372    1.73597398    1.76080568    1.67156980    1.58625963    1.68289818    1.62985461    1.69061178    1.56896235
C5Z6M5_SORBI/24-373     2.27041263    2.09595022    2.12231837    2.29113913    2.34538792    2.32324585    2.47214673    2.15867830    2.34143569    2.50438948    2.23783906    2.07197186    2.40545251    2.47811775    0.00000000    0.59347605    0.53124242    0.50429404    0.51576484    0.45944281    1.97327351    1.87113656    2.02557985    2.04407446    2.06445167    1.94952079    2.01163651    2.02973273    1.89576988    1.85469963    2.14134255    2.05336768    1.86114173    1.97820381    2.04945591    2.05772457    2.03039457    1.94505820    2.05518965    1.89455995    1.87553796    1.79777014    2.24941541    2.18616219    2.12358487    2.16015851    2.25482423    2.10583474    2.04002680    2.09273666    2.06196960    2.12779319    2.13540625    2.14789655    2.17223947    2.22095879    2.24447325    2.11078575    2.22657508    2.23461221    2.21172585    2.40171180    2.37191355    2.33738068    2.33103623    2.18880360    2.20892893
D7L9V5_ARALL/20-355     2.27303621    2.18153200    2.19998424    2.33184322    2.24157246    2.34602466    2.31530544    2.25238132    2.36519327    2.39421342    2.26142401    2.10436964    2.34888256    2.44162926    0.59347605    0.00000000    0.40121288    0.39907585    0.43630634    0.38247781    1.94864609    1.87545338    2.04844941    1.96243052    2.06360591    2.03795690    1.92238196    1.96168217    1.77734141    1.81484673    1.91089049    1.87538396    1.77940037    2.10822832    2.07954657    2.12570265    2.08629028    2.06295083    2.10766421    1.83360568    1.94097790    1.72079915    2.16556414    2.08094778    1.99754504    2.12493840    2.09902419    2.05160936    2.04546587    2.08946172    1.93707850    2.23440134    2.19571299    2.16490114    2.19630186    2.15946304    2.30029824    2.24751155    2.36541183    2.41771944    2.21922412    2.25191530    2.29579014    2.25664965    2.27878305    2.15266366    2.01854024
I1LXN7_SOYBN/18-361     2.08451880    2.22582819    2.15846875    2.39043607    2.26720573    2.42880212    2.47615845    2.27109129    2.44005986    2.50359265    2.35207940    2.12479189    2.44529602    2.56647909    0.53124242    0.40121288    0.00000000    0.30341244    0.36786918    0.33627361    1.94711114    1.90468125    2.13489464    2.04675382    2.05974758    1.95035307    2.06139994    1.99284404    1.79002977    1.84925044    2.05821794    2.10616875    1.99266182    2.09143543    2.10965717    2.20876002    2.15150355    2.11880780    2.12196827    2.00341712    2.05590198    1.66824576    2.23287684    2.16521260    2.09060988    2.08834181    2.16556027    2.08228916    2.01903029    2.14152904    2.01214586    2.16635966    2.19591217    2.11442572    2.19719155    2.15697316    2.38200739    2.49717410    2.38517612    2.21008900    2.30955823    2.14899103    2.23718661    2.22380648    2.16974536    2.14138415    2.13158489
F6I720_VITVI/19-365     2.16816477    2.23342848    2.19932169    2.39779980    2.28690950    2.39076527    2.40330928    2.30283186    2.44532235    2.45104952    2.30653878    2.07280464    2.54500800    2.53811498    0.50429404    0.39907585    0.30341244    0.00000000    0.34425402    0.28760714    2.04399409    1.92318864    2.11159293    2.05530360    2.16374893    2.01119273    2.12938555    2.14338718    1.83115270    1.91710339    2.05743092    2.14601342    1.90180528    2.08622770    2.12215827    2.15188362    2.01826900    1.98505066    2.01797092    1.95159451    1.95220529    1.74228395    2.33424302    2.24941888    2.11984624    2.19299370    2.20506106    2.07074646    2.15536913    2.12263564    2.06569001    2.07872892    2.17675651    2.25315461    2.24668779    2.31527215    2.46741758    2.32706011    2.34646464    2.25746663    2.21550681    2.28412810    2.35306734    2.36614169    2.34902916    2.26707269    2.24595943
M1BBW4_SOLTU/19-361     2.12855016    2.13646180    2.16219309    2.20251022    2.19744863    2.27925171    2.35507702    2.08374198    2.36366476    2.40421003    2.35762289    2.08257639    2.43953908    2.51200471    0.51576484    0.43630634    0.36786918    0.34425402    0.00000000    0.33187839    1.91775645    1.82859537    2.05754160    2.02141285    2.06485417    1.88957271    1.90447401    1.92511208    1.76538804    1.76756427    2.02808011    1.98206622    1.97054490    2.06444362    2.05579499    2.10776945    2.10611147    2.03097707    2.10193635    1.90675369    1.95825341    1.64069709    2.03380728    2.04436487    1.92088109    2.07663688    2.03756706    1.94252382    2.02665446    1.90746368    1.93758784    1.91050933    2.03852654    1.97081185    2.06689351    2.01878606    2.19470869    2.19358724    2.27202572    2.20919776    2.21655452    2.21441237    2.28080192    2.10245570    2.10900604    2.12615194    1.94536651
B9HSP5_POPTR/19-363     2.06928817    2.17224857    2.11276065    2.38285783    2.24288043    2.36162852    2.37683183    2.20029013    2.33016996    2.34778526    2.25823918    2.13073003    2.46833395    2.55112633    0.45944281    0.38247781    0.33627361    0.28760714    0.33187839    0.00000000    1.91435427    1.84506112    2.11824651    2.12581359    2.14957195    2.07384887    2.14937757    2.09245294    1.75360749    1.82190321    2.03874207    2.04547102    1.87871226    2.07880945    2.08916359    2.10653811    2.06666830    2.04761858    2.08739382    1.97757684    2.00380789    1.62145725    2.23457788    2.16806834    2.04699706    2.09600391    2.15977104    1.97873363    2.11066782    2.12017781    2.01125741    2.05504289    2.05790490    2.12827834    2.16917015    2.06760927    2.23668747    2.10531947    2.25767900    2.26517155    2.18714550    2.19053671    2.29165760    2.23815161    2.32488881    2.19693043    2.08372809
H3GR70_PHYRM/11-361     2.19336220    2.29970970    2.34167388    2.17609490    2.15894069    2.25417316    2.12962792    2.21866012    2.40420170    2.51859403    2.31386607    2.11531869    2.36411722    2.23717724    1.97327351    1.94864609    1.94711114    2.04399409    1.91775645    1.91435427    0.00000000    1.72199745    1.64564002    1.56961822    1.72093026    1.79797329    1.76628468    1.88262077    1.68076514    1.65503085    1.84787910    1.95989643    1.93167051    2.02060021    1.93062200    1.95262968    1.82873897    1.85065161    1.87822079    1.97849299    2.15436696    1.80439537    2.15122826    2.21996235    2.16132581    2.23490050    2.34085856    2.17738921    2.09618085    2.10426846    2.08372780    2.04855240    1.98183116    2.39947576    2.19673536    2.12154645    2.45749781    2.43734847    2.29472522    2.33667088    2.18498900    2.28840613    2.05447737    2.42380577    2.21528096    2.17827812    2.21016691
F2UB01_SALR5/13-386     2.08293425    2.01279867    1.97647382    2.08369788    1.98868821    2.30661819    2.11989171    2.09824176    2.04881293    2.10103903    2.06806418    2.04576515    2.13955575    1.97136851    1.87113656    1.87545338    1.90468125    1.92318864    1.82859537    1.84506112    1.72199745    0.00000000    1.35530905    1.33479797    1.42883527    1.48666557    1.50215418    1.43888940    1.40943125    1.41876468    1.53656656    1.54427756    1.52573933    1.44635909    1.55511042    1.53388181    1.42942746    1.49391719    1.50135692    1.56847777    1.66700030    1.60151188    1.91790474    1.92250968    1.85523063    1.91048213    1.94224712    1.90085465    1.81855787    1.78529605    1.87743403    1.99280694    1.94416668    1.99925126    1.93009569    1.82217347    2.06092281    1.99868767    2.04583130    1.86985394    1.86625286    1.84703321    1.98918140    2.04302869    2.05826862    1.93891510    1.92270582
M4AIN2_XIPMA/41-414     2.05772977    2.18991031    2.06013929    2.08815054    2.18490162    2.30144767    2.28046817    2.10297821    2.11455520    2.16366240    2.13005145    2.15876848    2.24950079    2.20501801    2.02557985    2.04844941    2.13489464    2.11159293    2.05754160    2.11824651    1.64564002    1.35530905    0.00000000    0.41130112    0.59219286    0.81328249    0.72658272    0.70285167    1.04086228    0.92571130    1.20294483    1.19351977    1.11817339    1.20962209    1.23388810    1.24991807    1.19741228    1.19464385    1.21462815    1.29575888    1.23068078    1.47689056    2.02061807    1.94407753    1.93363801    2.04525383    2.12034624    2.04092061    1.95176743    1.97233307    1.83517092    1.99440589    2.00166801    1.97548614    1.91422766    1.92543044    2.06199449    2.29302282    2.20940330    1.97082129    1.99201706    1.94505616    2.08998089    2.02217247    2.06167505    2.13624167    1.93238779
ELP4_DANRE/27-397     2.06010451    2.11297798    1.95000205    2.22645898    2.24891977    2.42845131    2.28726240    2.23789387    2.15117775    2.19702557    2.23744353    2.20882028    2.33325864    2.34552220    2.04407446    1.96243052    2.04675382    2.05530360    2.02141285    2.12581359    1.56961822    1.33479797    0.41130112    0.00000000    0.48604414    0.69286479    0.64708521    0.64102393    0.98679138    0.88754036    1.18034138    1.24576879    1.15720636    1.24752545    1.27175543    1.29611215    1.26138386    1.25386223    1.25652865    1.22356342    1.24644631    1.41467720    2.01635181    1.97003760    1.89113353    1.92489643    2.01494165    1.96994011    1.92731568    2.03980604    1.91685632    1.88212706    2.01459030    1.90011734    1.89097155    1.92071312    2.07684640    2.28914407    2.29918836    2.04031869    1.86492386    1.92450364    2.01893006    1.99703936    2.10816527    2.12813441    2.01280683
H3B3C7_LATCH/57-438     1.99972159    1.99169314    1.86913292    2.10385080    2.14370624    2.29853244    2.26138018    2.13087844    2.23887714    2.12367860    2.14183259    2.05978408    2.22853941    2.26229910    2.06445167    2.06360591    2.05974758    2.16374893    2.06485417    2.14957195    1.72093026    1.42883527    0.59219286    0.48604414    0.00000000    0.51999640    0.53745371    0.48359102    1.06007940    0.89730680    1.19325868    1.20950496    1.07068567    1.26608459    1.32111954    1.27444182    1.22148363    1.28061615    1.27416189    1.27684022    1.29978891    1.44165307    1.90233776    1.86165257    1.88851807    1.96789888    1.96236550    1.90135795    1.90900347    1.94696728    1.90960847    1.87880945    1.94950505    1.91786277    1.83447133    1.95697155    2.16373721    2.37619915    2.36319126    2.00337249    1.98611508    1.89521325    2.03372191    1.93226747    2.05147678    2.10691391    1.95929224
G1KAE0_ANOCA/31-411     2.04686321    2.29837517    2.17465787    2.28911651    2.29779317    2.44459896    2.38904236    2.27135963    2.29877640    2.26218411    2.14977552    2.11353324    2.28247000    2.34719515    1.94952079    2.03795690    1.95035307    2.01119273    1.88957271    2.07384887    1.79797329    1.48666557    0.81328249    0.69286479    0.51999640    0.00000000    0.51098441    0.51415227    1.12357510    1.11557809    1.29481700    1.38582395    1.16654615    1.41669322    1.36520723    1.36621906    1.41422880    1.38161284    1.40406297    1.27883733    1.37020313    1.50239119    2.10128777    1.96887453    1.92852165    1.89117369    1.96791683    1.88863624    1.91812884    2.06428755    1.94452868    2.05341059    2.11368616    2.02319218    1.96818603    2.19974940    2.36725987    2.56368074    2.46691593    2.16817458    2.13184250    1.93942879    2.14371531    2.06398294    2.24449491    2.10191444    2.06659883
ELP4_MOUSE/44-422     2.00581094    2.25651420    2.15425797    2.24313013    2.34801400    2.52283815    2.38797929    2.27985892    2.31113984    2.28510175    2.14569844    2.12311054    2.35197107    2.35189403    2.01163651    1.92238196    2.06139994    2.12938555    1.90447401    2.14937757    1.76628468    1.50215418    0.72658272    0.64708521    0.53745371    0.51098441    0.00000000    0.24112166    1.09011174    1.07133772    1.35405771    1.45921870    1.15994399    1.38535043    1.37444853    1.39742234    1.39429111    1.36943743    1.41740814    1.22650562    1.27679773    1.46527441    2.05911305    2.00958009    1.94947412    2.05107828    2.12142369    2.02701111    1.88355302    2.00878324    1.92605644    2.04354541    1.99434744    2.04199411    1.92474210    1.90964482    2.23345017    2.32627679    2.24830382    2.05014973    2.07168409    1.94711573    1.99813184    2.11204525    2.10666076    2.01911346    1.99253037
ELP4_BOVIN/45-423     1.89448833    2.30014104    2.15582833    2.33217632    2.35121697    2.57302541    2.44279477    2.36447556    2.40628798    2.36053860    2.23354330    2.16050558    2.37626037    2.49976153    2.02973273    1.96168217    1.99284404    2.14338718    1.92511208    2.09245294    1.88262077    1.43888940    0.70285167    0.64102393    0.48359102    0.51415227    0.24112166    0.00000000    1.08437217    0.99790635    1.31399812    1.36309481    1.13416754    1.40871601    1.39387399    1.44881602    1.38649317    1.41316635    1.41279093    1.24368275    1.25911460    1.44764478    2.07195694    2.00889206    2.02384848    2.15868703    2.13533230    2.04049852    2.00538010    2.05620848    1.92469021    2.10186080    2.06733370    2.07817519    2.00316973    1.95127695    2.20843309    2.38819234    2.32409483    2.07622959    2.05029368    2.00391039    2.07393845    2.03907361    2.22209231    2.10885024    1.98345863
K1PV90_CRAGI/13-380     1.97420880    1.96797282    1.93747997    2.05261686    2.09440312    2.18839424    2.11640265    2.01774295    2.14503167    2.24014016    2.14619833    2.10535530    2.17455679    2.20848272    1.89576988    1.77734141    1.79002977    1.83115270    1.76538804    1.75360749    1.68076514    1.40943125    1.04086228    0.98679138    1.06007940    1.12357510    1.09011174    1.08437217    0.00000000    0.86356717    1.15550743    1.22593909    1.08193429    1.27392584    1.34139686    1.32498680    1.25480680    1.28011071    1.28590746    1.28601093    1.27540985    1.32262401    1.87168972    1.84586211    1.78329887    1.83972706    1.95168336    1.76891690    1.79094409    1.91372669    1.68093614    1.82723793    1.99118798    1.89581056    1.90992874    1.78761895    2.03486031    2.15139105    2.06325990    1.99704895    1.86975656    1.92344855    1.93391883    1.97205238    1.94143480    1.96968131    1.89754204
C3YQ08_BRAFL/22-400     1.99017068    1.96734834    1.85496305    1.96137016    1.96867651    2.12882413    2.05146104    1.97665373    2.19784222    2.23113365    2.07119927    2.20046706    2.16582886    2.24922464    1.85469963    1.81484673    1.84925044    1.91710339    1.76756427    1.82190321    1.65503085    1.41876468    0.92571130    0.88754036    0.89730680    1.11557809    1.07133772    0.99790635    0.86356717    0.00000000    1.26443425    1.24762348    1.07061609    1.29551903    1.30717761    1.35002453    1.21420710    1.23044759    1.25991209    1.21556829    1.21304268    1.43625231    1.85872746    1.82878677    1.82305115    1.90447855    1.90849003    1.86319982    1.76823938    1.82761345    1.81398210    1.89050385    2.06236424    1.83928313    1.81365168    1.80898580    2.01314725    2.15800351    2.09125497    1.99456903    1.85611535    1.91329572    1.89461382    1.96950949    2.10861533    1.99891630    1.85880743
H2YRH0_CIOSA/16-365     1.94850694    1.88301486    1.74616197    1.97717499    2.03120745    2.03171772    2.01789392    1.94541864    2.13678867    1.94089150    2.10982669    1.96302198    2.06964105    2.04163540    2.14134255    1.91089049    2.05821794    2.05743092    2.02808011    2.03874207    1.84787910    1.53656656    1.20294483    1.18034138    1.19325868    1.29481700    1.35405771    1.31399812    1.15550743    1.26443425    0.00000000    0.37509458    1.28148816    1.29584754    1.29682584    1.37762828    1.26240200    1.31729747    1.32033043    1.21603703    1.22485705    1.52035533    1.97300147    1.80657172    1.75185526    1.90702566    1.82444352    1.84831595    1.83156306    1.78774939    1.85528703    1.91396380    2.04020791    1.88533508    1.83487977    1.83079049    1.98496406    2.06575521    1.88120121    1.91168235    1.99481587    1.89623468    1.93269692    1.98842016    2.02369643    1.92781696    1.95093733
F6V1A9_CIOIN/15-353     1.91452016    1.92055515    1.79041590    1.97369197    2.02536121    2.05438863    2.05011035    1.98918546    2.20163557    2.06525502    2.12495921    2.04270722    2.10685048    2.04714159    2.05336768    1.87538396    2.10616875    2.14601342    1.98206622    2.04547102    1.95989643    1.54427756    1.19351977    1.24576879    1.20950496    1.38582395    1.45921870    1.36309481    1.22593909    1.24762348    0.37509458    0.00000000    1.31171248    1.33766900    1.34192105    1.36777215    1.31260301    1.32100124    1.35579033    1.22635276    1.27239935    1.51113251    1.93739591    1.81975996    1.78432072    1.91012532    1.83531464    1.91542453    1.92174296    1.74150645    1.84689463    2.03116204    2.06507239    1.80927036    1.86692966    1.80575386    1.98261958    2.01964874    1.87878417    1.80139783    1.93361747    1.85588042    1.84609485    1.91515420    1.99091068    1.79434702    1.92978417
E2A5E7_CAMFO/14-370     1.88454823    2.11617866    1.96481720    2.09232534    2.03532861    2.07394054    2.06085087    1.99919931    2.17971918    2.13727012    2.24777413    2.14768811    2.12460683    2.13132414    1.86114173    1.77940037    1.99266182    1.90180528    1.97054490    1.87871226    1.93167051    1.52573933    1.11817339    1.15720636    1.07068567    1.16654615    1.15994399    1.13416754    1.08193429    1.07061609    1.28148816    1.31171248    0.00000000    1.24072905    1.33112749    1.23430036    1.15056662    1.19761950    1.18610349    1.17610676    1.19423004    1.37341809    1.81433774    1.78736316    1.72573681    1.82692768    1.88137129    1.81419590    1.73989564    1.85012761    1.80912182    1.86538280    1.93069936    1.99092448    1.88589749    2.01929539    2.21774115    2.34859586    2.14499386    1.88335865    1.91464979    1.82602303    2.06645839    1.93622847    2.05209370    1.94180616    1.82327174
B4LNS5_DROVI/9-454     2.08987015    2.09880128    2.11411860    2.37231384    2.51535266    2.46843680    2.55274107    2.31541638    2.31204481    2.36107565    2.29283928    2.23761179    2.32970736    2.26049279    1.97820381    2.10822832    2.09143543    2.08622770    2.06444362    2.07880945    2.02060021    1.44635909    1.20962209    1.24752545    1.26608459    1.41669322    1.38535043    1.40871601    1.27392584    1.29551903    1.29584754    1.33766900    1.24072905    0.00000000    0.40704511    0.45284325    0.51341272    0.53030624    0.49101716    1.01110165    1.12428817    1.59796757    2.09701015    1.99894903    2.02186275    2.16612832    2.20466260    2.14249625    2.00355862    2.03970596    2.06694395    2.05401617    2.09687355    2.18477103    1.96224495    2.28937093    2.23274284    2.43619401    2.49011921    2.18227358    2.08838075    2.05339422    2.13929743    2.19007574    2.27128108    2.06533607    2.08571430
B4KT72_DROMO/9-489     2.07510209    2.06699626    2.04741059    2.43976172    2.50979390    2.54332692    2.58339132    2.32182909    2.37873980    2.35976846    2.27229006    2.15121135    2.18985626    2.25288977    2.04945591    2.07954657    2.10965717    2.12215827    2.05579499    2.08916359    1.93062200    1.55511042    1.23388810    1.27175543    1.32111954    1.36520723    1.37444853    1.39387399    1.34139686    1.30717761    1.29682584    1.34192105    1.33112749    0.40704511    0.00000000    0.41447974    0.50096018    0.59327363    0.47254916    0.99793516    1.03522489    1.55062284    2.06440014    1.96040105    2.02221246    2.11942912    2.11256107    2.07327574    1.94344651    2.00851100    2.11807402    2.08325147    2.10006380    2.09278514    2.05456154    2.25208810    2.24024673    2.32580611    2.26067151    2.07657224    1.99371157    2.05906520    2.25343473    2.27444703    2.22672588    2.11711703    2.10269954
B4MYH2_DROWI/9-445     2.17201702    2.17283057    2.10029661    2.31162243    2.41123463    2.38166539    2.42620019    2.31634094    2.32319656    2.37932482    2.24924774    2.23016480    2.25847137    2.13759867    2.05772457    2.12570265    2.20876002    2.15188362    2.10776945    2.10653811    1.95262968    1.53388181    1.24991807    1.29611215    1.27444182    1.36621906    1.39742234    1.44881602    1.32498680    1.35002453    1.37762828    1.36777215    1.23430036    0.45284325    0.41447974    0.00000000    0.41009299    0.44267138    0.46302841    0.98525497    1.03680242    1.60322027    2.04386685    1.89631246    2.03106721    2.12526970    2.08934132    2.06262928    2.02503294    1.98054839    2.03731752    2.08318775    2.12978169    2.14609129    2.04739488    2.25896771    2.34816187    2.41121045    2.40124143    2.19151489    2.01643045    2.20271227    2.34774166    2.32769567    2.34578253    2.23034740    2.17895918
B4GJL2_DROPE/9-446     2.28240740    2.09018433    2.09482423    2.20806146    2.40337348    2.29142653    2.37041897    2.15419366    2.25776474    2.26975179    2.14739519    2.13693188    2.22086742    2.07860648    2.03039457    2.08629028    2.15150355    2.01826900    2.10611147    2.06666830    1.82873897    1.42942746    1.19741228    1.26138386    1.22148363    1.41422880    1.39429111    1.38649317    1.25480680    1.21420710    1.26240200    1.31260301    1.15056662    0.51341272    0.50096018    0.41009299    0.00000000    0.34645508    0.35049326    0.96882415    1.05694532    1.52417038    2.14718804    1.92285754    2.04471207    2.14284201    2.21407034    2.10567492    2.05119760    2.06267829    2.03684609    2.12964698    2.13500147    2.11536875    1.99214533    2.18906336    2.35690197    2.55621559    2.49332785    2.20235621    1.94320170    2.21255631    2.27330892    2.27193218    2.23884389    2.24114618    2.07339742
B3MMZ0_DROAN/9-477     2.24320176    2.03003918    2.03281447    2.24875637    2.43337576    2.34372936    2.43883993    2.18155379    2.32890153    2.31038094    2.20185045    2.04958251    2.25289358    2.16659041    1.94505820    2.06295083    2.11880780    1.98505066    2.03097707    2.04761858    1.85065161    1.49391719    1.19464385    1.25386223    1.28061615    1.38161284    1.36943743    1.41316635    1.28011071    1.23044759    1.31729747    1.32100124    1.19761950    0.53030624    0.59327363    0.44267138    0.34645508    0.00000000    0.30247021    0.96574765    1.03720216    1.56031819    2.19116399    2.00448888    2.02403038    2.20308114    2.20184958    2.12039740    2.04299948    2.06746450    2.10647255    2.14278583    2.15560751    2.22760923    2.06787537    2.25434260    2.34599577    2.39637712    2.34885997    2.16495700    2.05855830    2.28513096    2.27143617    2.38277684    2.24446537    2.21989198    2.09917722
ELP4_DROME/9-437     2.20667710    2.04982587    2.05720780    2.20517747    2.36530122    2.34202471    2.44404285    2.14298879    2.26593165    2.25388971    2.11825910    2.05790701    2.18199895    2.06401516    2.05518965    2.10766421    2.12196827    2.01797092    2.10193635    2.08739382    1.87822079    1.50135692    1.21462815    1.25652865    1.27416189    1.40406297    1.41740814    1.41279093    1.28590746    1.25991209    1.32033043    1.35579033    1.18610349    0.49101716    0.47254916    0.46302841    0.35049326    0.30247021    0.00000000    0.95796769    1.08420501    1.53632693    2.07383310    1.92686974    1.96360828    2.11662126    2.14733967    2.06855327    2.00026879    2.05477540    2.04215913    2.15103597    2.14997945    2.16071181    2.04144980    2.15468285    2.29881512    2.52582976    2.40016733    2.08484143    1.94099632    2.16111179    2.29049725    2.41242476    2.27255323    2.20773003    2.20338225
Q17D33_AEDAE/9-370     2.07671099    1.99810317    1.94035782    2.18046654    2.28558838    2.32401699    2.36074648    2.16329469    2.35379408    2.26595908    2.20449483    2.12295017    2.24394505    2.32453692    1.89455995    1.83360568    2.00341712    1.95159451    1.90675369    1.97757684    1.97849299    1.56847777    1.29575888    1.22356342    1.27684022    1.27883733    1.22650562    1.24368275    1.28601093    1.21556829    1.21603703    1.22635276    1.17610676    1.01110165    0.99793516    0.98525497    0.96882415    0.96574765    0.95796769    0.00000000    0.59130242    1.58215801    1.95699202    1.99205625    1.85710723    2.06027095    2.10393912    1.95577605    1.87838587    2.03667774    2.00436177    2.03409332    2.14202363    1.94467905    2.00831417    2.00780343    2.20128116    2.14948913    2.09464284    2.11601874    2.11883931    2.14921916    2.18251117    2.24620737    2.23026410    1.95771222    2.08461582
W5J4H7_ANODA/9-373     2.12009848    1.87682239    1.84845948    2.07547854    2.19314832    2.13733020    2.28195910    2.05426129    2.33836993    2.22449779    2.25356499    2.11054156    2.12837873    2.20294096    1.87553796    1.94097790    2.05590198    1.95220529    1.95825341    2.00380789    2.15436696    1.66700030    1.23068078    1.24644631    1.29978891    1.37020313    1.27679773    1.25911460    1.27540985    1.21304268    1.22485705    1.27239935    1.19423004    1.12428817    1.03522489    1.03680242    1.05694532    1.03720216    1.08420501    0.59130242    0.00000000    1.60663953    2.02017689    2.00681104    1.86699293    2.01007129    2.05881203    1.94897932    1.91227275    2.09131780    2.01185375    2.07187603    2.07225675    2.11134420    2.09217274    2.13938349    2.09103000    2.17970195    2.09614996    1.98472355    1.97782219    2.22742595    2.16195264    2.27590392    2.27476196    2.09525474    1.94630114
