89
D5EDR6_AMICL/3-75     0.00000000    0.34511400    0.32838592    0.27736765    0.37879489    0.81246734    0.70866001    0.89240461    0.81029097    0.76150678    0.83492974    0.73666551    0.89945136    0.95076467    0.96997974    0.83870422    0.80682026    0.69859322    0.78372899    0.58811086    0.93831166    0.90658179    0.74294332    0.80206537    0.74549017    0.72451423    0.75861764    0.83766382    0.72950451    0.71404119    0.82848772    0.73168546    0.74929399    0.73833000    0.87017756    0.77270197    0.69806423    0.71408691    0.77121494    0.78630999    0.83739584    0.72006298    0.80508051    0.70216633    0.76210557    0.77074293    0.80634230    0.83231830    0.67019824    0.82373453    0.76494606    0.85531837    0.80175438    0.68683393    0.77960678    0.87072771    0.85641082    0.72274376    0.85559662    0.80986369    0.79213506    0.75439995    0.70186672    0.67298072    0.81699399    0.71994596    0.79338693    0.84612543    0.77648717    0.66870809    0.72557019    0.80869471    0.93174400    0.77051959    0.72797470    0.90159519    0.92708061    0.97642089    0.59006960    0.60154100    0.82999751    0.72682156    0.75758310    0.73226928    0.63368443    0.76345706    0.81930470    0.75587033    0.64678992
H0UJM5_9BACT/4-79     0.34511400    0.00000000    0.42509147    0.45720474    0.43934340    0.90807878    0.72874579    0.87609814    0.82090859    0.86302798    0.88650410    0.76186959    0.87946736    0.87856061    0.88300478    0.95337903    0.81358992    0.79851469    0.88713606    0.67775160    0.91703732    0.89206146    0.66132452    0.88638848    0.68425609    0.81869165    0.75000591    0.79879311    0.77028446    0.68843609    0.78397503    0.79518403    0.84269637    0.77322625    0.79068088    0.83221508    0.79219664    0.81625320    0.77016127    0.73978192    0.85228517    0.72925922    0.81879014    0.69568631    0.66510426    0.66422193    0.72908173    0.70641912    0.74588565    0.80056837    0.77999074    0.76333335    0.64101512    0.70499072    0.71642086    0.79196711    0.69542726    0.65674513    0.71126392    0.67881779    0.71593421    0.57757119    0.63858760    0.71439671    0.76063511    0.73722981    0.85862989    0.91588241    0.76881234    0.83941705    0.87473040    0.87895257    0.84267851    0.87877304    0.77396040    0.82080567    0.84585397    0.98431658    0.60630115    0.59391365    0.77191369    0.68621858    0.76684633    0.71093713    0.71922259    0.75892885    0.78985111    0.80735007    0.68997811
D1B6J5_THEAS/3-74     0.32838592    0.42509147    0.00000000    0.35288060    0.44651648    0.67864864    0.64952757    0.84174663    0.89993605    0.89344300    0.85057380    0.74913873    1.04290768    0.97754333    0.90298057    1.00865073    0.84851271    0.63877530    0.75860099    0.68089838    0.95947917    0.92201087    0.86717568    0.87264777    0.74921039    0.81695119    0.71988904    0.90082820    0.75800054    0.70183705    0.74967508    0.67277127    0.70107261    0.85414865    0.85328246    0.86642072    0.73587318    0.75977786    0.83720536    0.82626411    0.84643096    0.76164074    0.88170990    0.80096489    0.83322640    0.87077303    0.91129400    0.89715506    0.73187973    0.85972901    0.80692691    0.87622568    0.85347588    0.81791579    0.89322815    0.94804191    0.84325380    0.82047204    0.81032720    0.94907254    0.75717411    0.76617144    0.76685628    0.79437915    0.85081767    0.78483467    0.84015983    0.83279404    0.73643544    0.77533616    0.90467553    0.91367925    0.81084605    0.68733985    0.83099655    0.75357131    0.91752749    0.96112670    0.72968694    0.62540771    0.82479911    0.75747892    0.79361305    0.62811190    0.70201393    0.81701907    0.88934892    0.80701828    0.74870743
G7V6L9_THELD/3-74     0.27736765    0.45720474    0.35288060    0.00000000    0.33983544    0.68724386    0.76268287    0.90830839    0.93629174    0.79309659    0.78379206    0.71088482    1.01000214    1.08969786    1.03676606    1.00700046    0.86849259    0.78332586    0.79989588    0.72392479    0.89343255    0.85222164    0.77899981    0.86305908    0.74382709    0.84339034    0.76726286    0.85215501    0.82774309    0.66515008    0.74651132    0.61027935    0.66891052    0.69725530    0.73412332    0.71109330    0.69025982    0.67294840    0.83112151    0.67576393    0.78119072    0.65387966    0.74577684    0.67736895    0.67235892    0.76143241    0.78776951    0.81502314    0.73970470    0.79667379    0.79539008    0.78235901    0.73523821    0.71932844    0.80162271    0.86790898    0.84316765    0.88292275    0.87013861    0.69377667    0.77715964    0.75428924    0.77916148    0.67051975    0.77219982    0.76129148    0.71058632    0.85084961    0.74026526    0.76657681    0.70811101    0.82983126    0.91706354    0.75756556    0.74989168    0.99071523    0.92393340    0.89769979    0.60892768    0.62021971    0.80544699    0.72922812    0.78061440    0.64080327    0.67264712    0.78788169    0.81723033    0.78264010    0.66088495
I4BXY5_ACEMN/3-74     0.37879489    0.43934340    0.44651648    0.33983544    0.00000000    0.78386917    0.66557065    0.82587201    0.88301107    0.75523559    0.77617039    0.71135049    0.95870174    0.97616501    0.87933016    0.89797016    0.81077679    0.74934912    0.80823932    0.66212353    0.80936643    0.87687305    0.80789094    0.90723826    0.81937110    0.96536694    0.73749163    0.88049463    0.79134472    0.71104324    0.70399211    0.60310770    0.65868605    0.80391454    0.76517052    0.75087151    0.65152681    0.66737738    0.77165001    0.73337219    0.83901754    0.72214865    0.81225939    0.76712225    0.76780952    0.85361422    0.73549312    0.93267477    0.73312908    0.75267092    0.69593579    0.81173257    0.77177652    0.74009068    0.77156534    0.84135204    0.79965486    0.88192664    0.88355965    0.76665840    0.72357399    0.82923029    0.78385530    0.74374496    0.85187697    0.79249859    0.74843991    0.90483318    0.70913374    0.77503153    0.76761938    0.82191700    0.69907535    0.76337654    0.66812991    0.98267511    0.86683112    0.87852579    0.75179616    0.66828291    0.85854156    0.61815047    0.72712477    0.69936577    0.83448964    0.84495820    0.72820032    0.69565742    0.51584027
E6SLG3_THEM7/3-73     0.81246734    0.90807878    0.67864864    0.68724386    0.78386917    0.00000000    0.56652361    0.76772328    0.71256410    0.88243377    0.68997390    0.65471695    1.03690376    0.91507524    0.89005365    0.82654029    0.58059166    0.77436700    0.60964345    0.70105754    0.87215420    0.77489328    0.99125912    0.81390195    0.90591170    0.92513712    0.79774784    1.09251247    1.00638456    0.93639895    0.85761471    0.74089117    0.76979401    0.86339561    0.87806333    0.84385573    0.81555877    0.90931620    0.80176977    0.78473560    0.70947875    0.65462534    0.71823524    0.66888696    0.66630856    0.77773028    0.71125145    0.71578763    0.80835116    0.84031124    0.68893382    0.72151041    0.76225443    0.80143155    0.87691030    0.69292470    0.85911356    0.92057074    0.87064884    0.77841641    0.79962601    0.72754856    0.76225878    0.79062217    0.77012403    0.77027340    0.83450505    0.88339778    0.74952007    0.69210774    0.66023072    0.66804827    0.86721166    0.58899307    0.56850069    0.78360244    0.75415717    0.93253441    0.59114920    0.66811348    0.59566705    0.57216182    0.64206342    0.74372354    0.50785888    0.75300431    0.80059687    0.67539884    0.72940269
D7CJQ7_SYNLT/3-74     0.70866001    0.72874579    0.64952757    0.76268287    0.66557065    0.56652361    0.00000000    0.70312934    0.67321354    0.75508769    0.74910381    0.62081894    1.08357228    0.77040654    0.80441371    0.70989586    0.66687103    0.74298090    0.70632379    0.58517981    0.75466723    0.80896813    0.80447667    0.69830495    0.68437746    0.73649200    0.76227722    1.06528996    0.86231418    0.77703433    0.75976135    0.60387345    0.66222582    0.76498942    0.82187873    0.91542762    0.69910172    0.79911980    0.65586323    0.61759800    0.67338147    0.60046966    0.82318159    0.69821934    0.67942089    0.67159225    0.74492656    0.81583637    0.89979771    0.89636121    0.74713116    0.64625311    0.78085934    0.70068396    0.88675785    0.86060661    0.82684830    0.75237147    0.74415293    0.71143795    0.74612590    0.77774383    0.75980066    0.69635658    0.64078723    0.63993183    0.62116811    0.65902541    0.65332564    0.66742925    0.77277956    0.75774099    0.82864104    0.61468395    0.59302246    0.66619483    0.78992174    0.91299785    0.45497357    0.57784904    0.71979845    0.64408234    0.66157158    0.75804086    0.58182698    0.64421547    0.74423680    0.74495075    0.67549447
D9SXD0_CLOC7/3-74     0.89240461    0.87609814    0.84174663    0.90830839    0.82587201    0.76772328    0.70312934    0.00000000    0.24742244    0.39549556    0.39258759    0.44810460    0.71529844    0.43230246    0.26341374    0.43260372    0.42017148    0.48962661    0.51760521    0.62166990    0.50054345    0.58013474    0.51715067    0.51102804    0.47994211    0.48738223    0.74573668    0.72429555    0.72518695    0.78068254    0.72718664    0.72389118    0.74086689    0.71975510    0.71895509    0.77200508    0.78136156    0.75425470    0.42483760    0.48517864    0.48964003    0.55709009    0.58254484    0.57509782    0.66315438    0.66918968    0.64173501    0.68395268    0.75698276    0.68712569    0.76260247    0.76267815    0.65761105    0.66210378    0.71938801    0.75999257    0.66637809    0.75365519    0.69473915    0.67415782    0.63490953    0.68706747    0.67008121    0.68608309    0.63548842    0.68881917    0.78396697    0.72490068    0.82665304    0.73113634    0.80305041    0.82825252    0.90670143    0.69416988    0.72850551    0.94100952    0.88927917    0.87461101    0.57743109    0.65345703    0.72778087    0.65146673    0.69713995    0.76925470    0.59477577    0.71066295    0.84493216    0.71941424    0.63655963
R4KFD0_CLOPA/3-74     0.81029097    0.82090859    0.89993605    0.93629174    0.88301107    0.71256410    0.67321354    0.24742244    0.00000000    0.37720566    0.33434718    0.39922782    0.55206061    0.34657470    0.28682824    0.25190668    0.42268856    0.36973840    0.36861060    0.50860624    0.50945555    0.52521599    0.50649129    0.42918766    0.52028159    0.41443176    0.60572130    0.68331784    0.66524395    0.75611833    0.66755442    0.65230203    0.73056491    0.55769608    0.66489086    0.63861921    0.67083343    0.62466348    0.38524935    0.47742206    0.39030585    0.49406042    0.48966372    0.45753141    0.56294658    0.58606306    0.50998276    0.56709976    0.77980506    0.67055995    0.71777933    0.68217749    0.56768015    0.62572046    0.62436222    0.68292021    0.61910638    0.67244465    0.59072600    0.59446146    0.55676963    0.62438718    0.60096907    0.63858030    0.64851547    0.58828072    0.74940946    0.65132547    0.76310295    0.65123847    0.66753654    0.81401927    0.82500406    0.62904595    0.67468684    0.89456148    0.78133202    0.72070133    0.53753400    0.64169295    0.60626008    0.59301770    0.63373640    0.70124262    0.54695534    0.69142566    0.81923854    0.71976357    0.64379354
Q18CA8_CLOD6/3-72     0.76150678    0.86302798    0.89344300    0.79309659    0.75523559    0.88243377    0.75508769    0.39549556    0.37720566    0.00000000    0.39734850    0.51787283    0.67555388    0.59283482    0.38603244    0.48390469    0.56910837    0.53604387    0.55827579    0.62113810    0.61670185    0.61727296    0.55766116    0.61706098    0.49048529    0.58546885    0.81709313    0.70295752    0.67151396    0.89816672    0.74502524    0.83094160    0.75387429    0.67188601    0.71414968    0.78170049    0.76411922    0.63458954    0.55137750    0.49303548    0.60181250    0.53734449    0.58603430    0.60741349    0.64953839    0.65822264    0.66849032    0.65825308    0.75521465    0.77105620    0.80800475    0.77405660    0.62002431    0.59936277    0.65793503    0.77591262    0.71209837    0.76338922    0.69770740    0.60684326    0.62464862    0.72189929    0.73091564    0.73080426    0.72213381    0.66728633    0.67067115    0.67197537    0.79487807    0.75590898    0.72475630    0.70867850    0.93186105    0.67117521    0.82562014    0.95283905    0.96336994    0.77320826    0.61453232    0.63055891    0.75454818    0.69100054    0.73853278    0.74642521    0.62652837    0.70150828    0.74727450    0.81065635    0.76878453
Q8R7R8_CALS4/5-76     0.83492974    0.88650410    0.85057380    0.78379206    0.77617039    0.68997390    0.74910381    0.39258759    0.33434718    0.39734850    0.00000000    0.46706343    0.61506912    0.62390199    0.47031695    0.51626500    0.58277736    0.52180380    0.53146238    0.54414272    0.58247596    0.57105578    0.55031779    0.58915574    0.55721573    0.54191848    0.66044173    0.85438182    0.74151402    0.76218724    0.72117376    0.64015794    0.68650981    0.63128489    0.70619819    0.65721099    0.66615030    0.70798260    0.44171318    0.53047719    0.40047544    0.50193278    0.59936886    0.52320132    0.59463653    0.59179820    0.61213853    0.66422023    0.81865926    0.64537580    0.71597653    0.66503568    0.62009482    0.60066798    0.57184390    0.68022142    0.61732064    0.75978672    0.61457528    0.54480805    0.60709627    0.66954836    0.70207369    0.68384317    0.78004672    0.66768564    0.68754822    0.74698379    0.85453732    0.73438528    0.67409485    0.68534107    0.94290867    0.68215923    0.76934015    0.84541695    0.92522913    0.79550181    0.52971775    0.54503886    0.61293584    0.51008203    0.62384221    0.69163163    0.52320774    0.66238100    0.84895562    0.68569768    0.61031527
D9S0I2_THEOJ/3-73     0.73666551    0.76186959    0.74913873    0.71088482    0.71135049    0.65471695    0.62081894    0.44810460    0.39922782    0.51787283    0.46706343    0.00000000    0.56605579    0.48123718    0.45906781    0.50726901    0.40130064    0.51814141    0.48211169    0.63783621    0.48993968    0.66255067    0.57044606    0.58015901    0.47746079    0.53338897    0.47577957    0.66273946    0.63578976    0.64657968    0.62562910    0.52614701    0.59207711    0.52445700    0.58909915    0.60604442    0.54624974    0.58241842    0.56114213    0.55096499    0.43569990    0.50756327    0.61754781    0.49157132    0.49401632    0.56675686    0.49002103    0.63583021    0.77127005    0.79178057    0.53546560    0.57537704    0.62934896    0.61452853    0.67171957    0.58900625    0.73224258    0.84566372    0.64562985    0.57857450    0.62042229    0.65673817    0.64528692    0.63767848    0.62581992    0.57178344    0.66104882    0.62752472    0.66068485    0.58291702    0.57702806    0.63483999    0.84796901    0.52397116    0.49596356    0.74177505    0.75967519    0.69986934    0.41972827    0.49062268    0.63523584    0.53396027    0.61172409    0.66566651    0.51227044    0.70526286    0.66599428    0.73410815    0.64802927
R6WE01_9CLOT/2-71     0.89945136    0.87946736    1.04290768    1.01000214    0.95870174    1.03690376    1.08357228    0.71529844    0.55206061    0.67555388    0.61506912    0.56605579    0.00000000    0.66569797    0.71314031    0.73433063    0.64663481    0.61964216    0.76405964    0.77606319    0.84024009    0.89572045    0.55610102    0.81042622    0.71491915    0.80247854    0.75648332    0.86103203    0.85671918    0.95539411    0.92308504    0.89198672    0.92734909    0.72576229    0.69150243    0.77684774    0.66639881    0.85055490    0.59510683    0.76634553    0.68039953    0.74507003    0.66860488    0.69893168    0.75194122    0.77373646    0.72223536    0.83137221    0.91961039    0.87771539    0.78876856    0.84887995    0.71375164    0.78515602    0.77431114    0.70802132    0.71674054    0.91043040    0.77892960    0.68651154    0.85589314    0.71015647    0.77615684    0.79951976    0.73191647    0.65231213    1.09238312    0.94744110    0.85983658    0.95857192    0.92936018    1.07725909    1.07776833    0.80985963    0.90493292    1.00862721    0.88881197    0.94806919    0.82606952    0.87961199    0.76332276    0.71470364    0.75572266    0.80773604    0.78772480    0.96236748    1.04060336    0.87455981    0.82836364
A0PXR6_CLONN/3-74     0.95076467    0.87856061    0.97754333    1.08969786    0.97616501    0.91507524    0.77040654    0.43230246    0.34657470    0.59283482    0.62390199    0.48123718    0.66569797    0.00000000    0.27889386    0.35809825    0.41287048    0.36544717    0.47966699    0.54572482    0.59573135    0.57704359    0.49905027    0.43005240    0.53930582    0.52561921    0.63181353    0.66961195    0.72680493    0.70862458    0.67759766    0.80381341    0.78992368    0.64357270    0.72117819    0.84802316    0.68237108    0.77931203    0.48850513    0.57766039    0.49288495    0.64074933    0.70341273    0.68467169    0.71341688    0.70910671    0.69356035    0.76797935    0.81002098    0.76436826    0.79610648    0.80405976    0.66116928    0.74827905    0.78170335    0.75239445    0.71175995    0.80245485    0.76851196    0.73158342    0.69816961    0.69284934    0.71376897    0.90154065    0.82702191    0.68456253    0.71763994    0.69652976    0.82373452    0.87766146    0.97484872    0.97012679    0.95108725    0.73823034    0.75038066    0.83066840    0.89500223    0.66071653    0.63269234    0.58162949    0.66476197    0.63769068    0.66096863    0.75022979    0.75244495    0.77600417    0.96727681    0.80296803    0.73146183
A5N4L7_CLOK5/3-75     0.96997974    0.88300478    0.90298057    1.03676606    0.87933016    0.89005365    0.80441371    0.26341374    0.28682824    0.38603244    0.47031695    0.45906781    0.71314031    0.27889386    0.00000000    0.29616134    0.44745104    0.42239314    0.42228470    0.64989771    0.45200040    0.52880886    0.49309012    0.45321042    0.48788608    0.51636646    0.70536271    0.64558839    0.60317175    0.78529158    0.68058679    0.79832907    0.77510348    0.65038031    0.71525444    0.79365828    0.72926064    0.74242908    0.50334740    0.50787448    0.49082007    0.63263583    0.63554181    0.57084416    0.67371187    0.63630731    0.56796161    0.73829513    0.85458986    0.80406432    0.76456376    0.75908529    0.62855822    0.70005115    0.74508049    0.73407669    0.65639399    0.83487367    0.70701916    0.66347785    0.63043610    0.71064381    0.68969883    0.75977151    0.69968148    0.62953502    0.74496685    0.77336736    0.87116406    0.79007284    0.93996653    0.91567816    0.96473648    0.80733320    0.80435312    1.00010559    0.88134057    0.80445616    0.68396114    0.58373461    0.78645352    0.65399403    0.81961053    0.83762948    0.63667232    0.79181136    0.79193322    0.75816116    0.70940659
Q890L2_CLOTE/3-74     0.83870422    0.95337903    1.00865073    1.00700046    0.89797016    0.82654029    0.70989586    0.43260372    0.25190668    0.48390469    0.51626500    0.50726901    0.73433063    0.35809825    0.29616134    0.00000000    0.42762700    0.49699635    0.33696650    0.53741050    0.55416819    0.56370509    0.53050714    0.40833795    0.56547583    0.44005838    0.64957586    0.75196012    0.55775607    0.76340232    0.66466048    0.65200766    0.71061882    0.69812355    0.69242350    0.77315104    0.68628855    0.70784584    0.49655303    0.51033848    0.38173009    0.59928274    0.61111291    0.59623544    0.69900232    0.69479250    0.61973155    0.82976828    0.76807257    0.84750778    0.81801411    0.79615490    0.68796725    0.81162209    0.75048655    0.74650172    0.72114800    0.81460685    0.79542761    0.74684521    0.68114045    0.71165646    0.72286906    0.69980239    0.72096799    0.60893319    0.77135510    0.66707035    0.86588427    0.73424868    0.74852754    0.84213014    0.90809666    0.69265434    0.71399209    0.98592195    0.92575860    0.81895061    0.56995065    0.55949065    0.72866787    0.66875168    0.74761877    0.81126338    0.64356266    0.75200363    0.81619912    0.80940224    0.70824766
F3ZYC6_MAHA5/3-74     0.80682026    0.81358992    0.84851271    0.86849259    0.81077679    0.58059166    0.66687103    0.42017148    0.42268856    0.56910837    0.58277736    0.40130064    0.64663481    0.41287048    0.44745104    0.42762700    0.00000000    0.40615087    0.39252763    0.53348730    0.54831642    0.61516622    0.50866173    0.46014285    0.50019148    0.53296151    0.59933160    0.71574825    0.70242835    0.62571494    0.57442808    0.64099502    0.64731011    0.63766096    0.65294430    0.73468002    0.59354018    0.73600377    0.47659465    0.45006980    0.39950318    0.58461270    0.62610468    0.50863321    0.54660633    0.59229263    0.56432846    0.72681261    0.73573296    0.86134701    0.64628536    0.63109324    0.70737501    0.67672540    0.78416894    0.69897277    0.66575946    0.88209802    0.74304028    0.66436945    0.65166864    0.60153816    0.62147048    0.72583949    0.63823596    0.60500404    0.77834952    0.72817565    0.58595766    0.65997127    0.63831558    0.67221439    0.80323345    0.63343351    0.53898843    0.82707384    0.77845717    0.79746879    0.49826658    0.48129714    0.71571003    0.56287212    0.64801565    0.69658853    0.60303446    0.74615303    0.78424216    0.72726782    0.69043156
W8TCC0_PEPAC/2-71     0.69859322    0.79851469    0.63877530    0.78332586    0.74934912    0.77436700    0.74298090    0.48962661    0.36973840    0.53604387    0.52180380    0.51814141    0.61964216    0.36544717    0.42239314    0.49699635    0.40615087    0.00000000    0.39185231    0.45298123    0.61817481    0.62857226    0.61490937    0.58342452    0.44833657    0.47134407    0.63288877    0.81337428    0.72513186    0.74860297    0.76922209    0.67674905    0.74171350    0.69217490    0.72801194    0.74748816    0.71691396    0.71758789    0.44809954    0.48260359    0.42987281    0.52924693    0.57747141    0.50274341    0.71171160    0.61936450    0.55758291    0.68385529    0.65633819    0.73008040    0.60359904    0.72766918    0.61717940    0.69482110    0.77381546    0.72896936    0.69445373    0.82576106    0.72366757    0.63178710    0.61865276    0.62444075    0.49434044    0.61745317    0.54411222    0.52931214    0.69860045    0.66299046    0.68157823    0.68573108    0.80149285    0.75842891    0.78827191    0.65265259    0.69429648    0.65228810    0.80479288    0.62495026    0.55310262    0.56458120    0.59816727    0.61109077    0.56441591    0.62543489    0.59023878    0.73161112    0.90446141    0.67710328    0.63449784
K0AZU8_GOTA9/6-77     0.78372899    0.88713606    0.75860099    0.79989588    0.80823932    0.60964345    0.70632379    0.51760521    0.36861060    0.55827579    0.53146238    0.48211169    0.76405964    0.47966699    0.42228470    0.33696650    0.39252763    0.39185231    0.00000000    0.44873165    0.59289908    0.40948567    0.58455026    0.50476840    0.54644089    0.44430418    0.52806881    0.67781014    0.60766408    0.60878214    0.56054812    0.59342200    0.60908376    0.64200188    0.63811740    0.67427480    0.62772638    0.69589610    0.50533766    0.45843283    0.35133906    0.57438944    0.53147908    0.56809534    0.60575608    0.58774771    0.55580007    0.60061129    0.69841345    0.66088103    0.67591304    0.73265843    0.53943276    0.69915565    0.78205979    0.68066362    0.63388554    0.75407964    0.76352454    0.71738124    0.61408601    0.60668710    0.63979277    0.60855041    0.66561392    0.63731952    0.68676496    0.63534621    0.65999084    0.56735817    0.67337222    0.69796145    0.81397314    0.64012615    0.51589838    0.77909069    0.74603399    0.68208761    0.58670956    0.46938555    0.69165762    0.56610176    0.68882626    0.62430767    0.50776434    0.71902603    0.71335683    0.69799044    0.61575793
R7ILK5_9FIRM/2-72     0.58811086    0.67775160    0.68089838    0.72392479    0.66212353    0.70105754    0.58517981    0.62166990    0.50860624    0.62113810    0.54414272    0.63783621    0.77606319    0.54572482    0.64989771    0.53741050    0.53348730    0.45298123    0.44873165    0.00000000    0.55530990    0.63589914    0.62215637    0.54908474    0.58946719    0.65896607    0.66813441    0.86535495    0.67579991    0.66755341    0.66589109    0.64928929    0.65549246    0.68143004    0.67569017    0.69917521    0.53226609    0.59290321    0.58860576    0.59465629    0.58938615    0.58663493    0.67091985    0.63189671    0.71214008    0.69387209    0.72468688    0.62760508    0.79206026    0.83539785    0.69326871    0.65119163    0.67970506    0.72989984    0.70544337    0.71026799    0.74313809    0.71274553    0.72732205    0.74430339    0.69230249    0.70132897    0.68145355    0.70202435    0.65806422    0.71500484    0.68761825    0.61510888    0.69763962    0.67006482    0.62223730    0.64337817    0.73614806    0.69609616    0.63595656    0.64221883    0.79469077    0.65055701    0.41742936    0.60054002    0.57974239    0.54583307    0.57377414    0.68736760    0.62825038    0.67165180    0.74997935    0.66223440    0.57371217
Q8XHN8_CLOPE/3-74     0.93831166    0.91703732    0.95947917    0.89343255    0.80936643    0.87215420    0.75466723    0.50054345    0.50945555    0.61670185    0.58247596    0.48993968    0.84024009    0.59573135    0.45200040    0.55416819    0.54831642    0.61817481    0.59289908    0.55530990    0.00000000    0.49677887    0.63735527    0.62109290    0.64178731    0.68838155    0.72332807    0.87898583    0.75702033    0.75741521    0.78872465    0.84287531    0.73598080    0.79932291    0.74953858    0.79123315    0.67380411    0.73396546    0.59057829    0.66872426    0.59759003    0.71636403    0.71875367    0.60330264    0.68560882    0.62789885    0.61943998    0.70290211    0.91113044    0.90699378    0.74721823    0.73297389    0.68772053    0.63136254    0.65152410    0.71120090    0.72417164    0.85443108    0.70917038    0.60162078    0.62121932    0.62451613    0.63972979    0.75984432    0.70539789    0.66728761    0.62514149    0.68699909    0.67322115    0.72127367    0.71579483    0.80227465    0.84146326    0.79643112    0.56273300    0.93811713    0.84561529    0.70694228    0.58833936    0.59766545    0.75528710    0.65744844    0.79825772    0.68129808    0.61525848    0.60338842    0.71192979    0.71732815    0.65648328
B0S3X6_FINM2/3-74     0.90658179    0.89206146    0.92201087    0.85222164    0.87687305    0.77489328    0.80896813    0.58013474    0.52521599    0.61727296    0.57105578    0.66255067    0.89572045    0.57704359    0.52880886    0.56370509    0.61516622    0.62857226    0.40948567    0.63589914    0.49677887    0.00000000    0.60768536    0.64814165    0.63478580    0.54143239    0.83623805    0.87376239    0.76028924    0.67659837    0.73678235    0.80346664    0.73994561    0.88793646    0.87254093    0.88507210    0.75560257    0.78347652    0.59886183    0.49549586    0.56312110    0.71549196    0.67844654    0.73425161    0.72116944    0.73097436    0.67169663    0.76089311    0.81281703    0.68270109    0.86214352    0.84304010    0.74868974    0.69477875    0.83135098    0.80363472    0.73854240    0.83262629    0.80460359    0.77358315    0.60352569    0.61561101    0.79485050    0.71658723    0.74978258    0.74740016    0.72219424    0.73108960    0.74352568    0.73784659    0.71655764    0.81103236    0.78587481    0.71898921    0.56127543    0.88075753    1.00964763    0.76402247    0.69603744    0.65943409    0.72041925    0.72195118    0.75862643    0.64857620    0.63623846    0.63760967    0.73322965    0.79468099    0.68402653
R5N5N2_9CLOT/2-71     0.74294332    0.66132452    0.86717568    0.77899981    0.80789094    0.99125912    0.80447667    0.51715067    0.50649129    0.55766116    0.55031779    0.57044606    0.55610102    0.49905027    0.49309012    0.53050714    0.50866173    0.61490937    0.58455026    0.62215637    0.63735527    0.60768536    0.00000000    0.30222666    0.31391337    0.35447201    0.55216666    0.58268729    0.50838937    0.51599496    0.48965987    0.61196640    0.52038498    0.48464936    0.48593356    0.51506007    0.56244581    0.62109589    0.51432482    0.41040140    0.43849243    0.54656019    0.61101537    0.46076260    0.56039584    0.59449044    0.55857680    0.75695997    0.90986507    0.72402693    0.75285647    0.75589815    0.55575000    0.64681105    0.59831482    0.62071000    0.61514373    0.65461763    0.60720018    0.59196927    0.61295686    0.55223496    0.59642588    0.63573550    0.56977036    0.62169873    0.71475787    0.70156160    0.69092295    0.81899023    0.81962071    0.96472383    0.86401191    0.75747166    0.81672518    0.89355319    0.98903170    0.86797758    0.69511829    0.58575893    0.65630360    0.54940598    0.70047893    0.75911641    0.74187048    0.66878355    0.85887329    0.73815431    0.71218307
R7F8X6_9CLOT/2-71     0.80206537    0.88638848    0.87264777    0.86305908    0.90723826    0.81390195    0.69830495    0.51102804    0.42918766    0.61706098    0.58915574    0.58015901    0.81042622    0.43005240    0.45321042    0.40833795    0.46014285    0.58342452    0.50476840    0.54908474    0.62109290    0.64814165    0.30222666    0.00000000    0.27468366    0.22414203    0.55604466    0.70052702    0.60527449    0.59225859    0.48970006    0.60023675    0.52900968    0.47128094    0.54920527    0.61734128    0.56490415    0.59509564    0.52189509    0.41717079    0.32531921    0.54304140    0.60706621    0.50804282    0.53380960    0.61268720    0.58574201    0.78744751    0.83627534    0.68282282    0.70777542    0.70023911    0.60363432    0.63920539    0.62973778    0.69207178    0.72619625    0.68139924    0.70094323    0.65084141    0.61409025    0.60643254    0.69424204    0.65927362    0.66755144    0.62851618    0.78216267    0.63844767    0.73049013    0.88763925    0.90356354    0.98973571    0.94949086    0.68485110    0.80450816    0.89469809    0.90315871    0.81594024    0.61312543    0.58936317    0.57488854    0.51048533    0.59233540    0.74886384    0.73641619    0.67618332    0.99768766    0.82856436    0.74193216
R6YES5_9CLOT/2-72     0.74549017    0.68425609    0.74921039    0.74382709    0.81937110    0.90591170    0.68437746    0.47994211    0.52028159    0.49048529    0.55721573    0.47746079    0.71491915    0.53930582    0.48788608    0.56547583    0.50019148    0.44833657    0.54644089    0.58946719    0.64178731    0.63478580    0.31391337    0.27468366    0.00000000    0.22466561    0.67168048    0.67602738    0.59694196    0.69336843    0.60045179    0.64430875    0.66248855    0.56061189    0.57820691    0.60691473    0.68186645    0.62278636    0.50177552    0.40660877    0.42082258    0.46185422    0.60959300    0.52694450    0.56567191    0.55132801    0.63831331    0.63278690    0.74578846    0.66923646    0.61386348    0.59366072    0.57720909    0.57850031    0.66414927    0.69587032    0.63781839    0.61486131    0.66467991    0.58901263    0.54120320    0.48876873    0.64753269    0.56044596    0.53918653    0.53341768    0.72518253    0.55881750    0.73928906    0.81133332    0.88074159    0.86901183    0.96208118    0.67909792    0.82175643    0.79769315    0.98095009    0.87580343    0.59689816    0.60473256    0.55988857    0.54667108    0.61305498    0.69852146    0.63248307    0.62633143    0.81600275    0.80299882    0.76377756
R7L7T2_9CLOT/2-71     0.72451423    0.81869165    0.81695119    0.84339034    0.96536694    0.92513712    0.73649200    0.48738223    0.41443176    0.58546885    0.54191848    0.53338897    0.80247854    0.52561921    0.51636646    0.44005838    0.53296151    0.47134407    0.44430418    0.65896607    0.68838155    0.54143239    0.35447201    0.22414203    0.22466561    0.00000000    0.59462317    0.61811640    0.51716271    0.59543245    0.57380891    0.59922804    0.61114830    0.62167097    0.62380402    0.63541475    0.68447406    0.60495692    0.46478221    0.34657715    0.28643394    0.42512939    0.51010467    0.48397462    0.58731258    0.56795679    0.58757886    0.71859547    0.74839244    0.61794449    0.63320209    0.61334342    0.53551453    0.60670450    0.67366758    0.67185840    0.59177519    0.68488540    0.65122930    0.62979033    0.57595744    0.55527803    0.56304240    0.55219629    0.57234590    0.55484209    0.68971409    0.65522195    0.77164353    0.79304195    0.74599582    0.86236446    0.91668144    0.69499884    0.75140805    0.81591003    1.06227147    0.94559889    0.67041719    0.64507295    0.61355756    0.61719898    0.63470492    0.77156551    0.72241263    0.66016339    0.93884963    0.92798542    0.79745845
E6U6R6_ETHHY/2-73     0.75861764    0.75000591    0.71988904    0.76726286    0.73749163    0.79774784    0.76227722    0.74573668    0.60572130    0.81709313    0.66044173    0.47577957    0.75648332    0.63181353    0.70536271    0.64957586    0.59933160    0.63288877    0.52806881    0.66813441    0.72332807    0.83623805    0.55216666    0.55604466    0.67168048    0.59462317    0.00000000    0.50233129    0.42342953    0.44383310    0.41428654    0.33834934    0.35930561    0.40117376    0.28508435    0.36623060    0.30186070    0.47065193    0.51024097    0.55521323    0.45473628    0.60632986    0.71033360    0.50709326    0.63381436    0.70507504    0.63751051    0.77107459    0.85586751    0.78200430    0.59741878    0.71254631    0.71264503    0.64543471    0.69043813    0.57728250    0.69162251    0.85878494    0.70322923    0.69460253    0.63196102    0.59442835    0.66366860    0.71369736    0.72046174    0.65219110    0.84828485    0.65544945    0.68956571    0.81325455    0.83361344    1.00287182    0.82647854    0.71735308    0.68984536    0.83608364    0.83337682    0.95244637    0.60973409    0.62314389    0.69514774    0.64657696    0.76519828    0.75897088    0.72113936    0.87145467    0.98612832    0.80420323    0.63620407
R5XAU4_9FIRM/2-72     0.83766382    0.79879311    0.90082820    0.85215501    0.88049463    1.09251247    1.06528996    0.72429555    0.68331784    0.70295752    0.85438182    0.66273946    0.86103203    0.66961195    0.64558839    0.75196012    0.71574825    0.81337428    0.67781014    0.86535495    0.87898583    0.87376239    0.58268729    0.70052702    0.67602738    0.61811640    0.50233129    0.00000000    0.25683661    0.38544458    0.48466694    0.46729757    0.48026791    0.52172281    0.42301596    0.53784172    0.52546470    0.56741642    0.70959021    0.65740093    0.67322060    0.79173679    0.70477470    0.71622257    0.79114773    0.77772335    0.80341558    0.77817926    0.81744973    0.78486129    0.91294918    0.95095595    0.74659004    0.89977998    0.88972434    0.81814253    0.80320880    0.98215599    0.89782028    0.86722923    0.75882762    0.68093262    0.84663507    0.78844202    0.72228147    0.79477952    0.93018512    0.78136370    0.90208831    1.02635880    1.02102460    1.17890492    1.01617674    0.82174562    0.91034962    1.07924674    0.92594280    0.92070697    0.82281925    0.82716591    0.96374652    0.84327692    0.94747346    0.99618127    0.91813926    1.06009661    1.02001936    0.98105468    0.85576634
R6QID4_9FIRM/2-72     0.72950451    0.77028446    0.75800054    0.82774309    0.79134472    1.00638456    0.86231418    0.72518695    0.66524395    0.67151396    0.74151402    0.63578976    0.85671918    0.72680493    0.60317175    0.55775607    0.70242835    0.72513186    0.60766408    0.67579991    0.75702033    0.76028924    0.50838937    0.60527449    0.59694196    0.51716271    0.42342953    0.25683661    0.00000000    0.33501914    0.40147580    0.34639197    0.39302504    0.48543733    0.37467821    0.49203530    0.44336053    0.49395774    0.62746936    0.57243001    0.60571552    0.70119645    0.76111577    0.69620810    0.78748862    0.73014302    0.80066172    0.86801103    0.89838073    0.84763978    0.92983235    0.91320206    0.73763453    0.83523580    0.91294548    0.89130407    0.86125225    0.93978231    0.90796141    0.93583685    0.76420717    0.79731135    0.72162544    0.72974552    0.68793580    0.74315386    0.85464057    0.63665907    0.78707043    0.85251363    0.94555015    0.99667115    0.92546742    0.79173216    0.91776590    0.91610369    1.00891370    0.86931734    0.67096220    0.78843423    0.85225313    0.80332024    0.93262373    0.87068229    0.82969675    0.87269441    0.84376437    0.93767128    0.84861161
R5MKH7_9FIRM/2-71     0.71404119    0.68843609    0.70183705    0.66515008    0.71104324    0.93639895    0.77703433    0.78068254    0.75611833    0.89816672    0.76218724    0.64657968    0.95539411    0.70862458    0.78529158    0.76340232    0.62571494    0.74860297    0.60878214    0.66755341    0.75741521    0.67659837    0.51599496    0.59225859    0.69336843    0.59543245    0.44383310    0.38544458    0.33501914    0.00000000    0.21642122    0.29479956    0.26115431    0.48836408    0.41771073    0.47510103    0.42513928    0.47443829    0.66397482    0.56835324    0.56712134    0.56386976    0.59732134    0.57349038    0.60189710    0.62234830    0.64213240    0.82047754    0.79096729    0.80804785    0.71682733    0.77622692    0.67682940    0.69177903    0.73816199    0.69753636    0.71648710    0.78642931    0.73484492    0.68996179    0.68429242    0.67536478    0.68645823    0.60319018    0.63965259    0.65773265    0.81233751    0.65335752    0.73553713    0.92961600    0.85617588    0.92537678    0.73988755    0.73231809    0.70450348    0.77973584    0.87384115    0.80348017    0.64827708    0.60106323    0.85271732    0.65116188    0.71730287    0.66747099    0.76511564    0.89116097    0.95309177    0.78037962    0.73223863
R6E5S1_9FIRM/2-71     0.82848772    0.78397503    0.74967508    0.74651132    0.70399211    0.85761471    0.75976135    0.72718664    0.66755442    0.74502524    0.72117376    0.62562910    0.92308504    0.67759766    0.68058679    0.66466048    0.57442808    0.76922209    0.56054812    0.66589109    0.78872465    0.73678235    0.48965987    0.48970006    0.60045179    0.57380891    0.41428654    0.48466694    0.40147580    0.21642122    0.00000000    0.31765734    0.22712492    0.44752798    0.35344083    0.41547490    0.37390362    0.38572029    0.65050429    0.54469689    0.53359163    0.60990924    0.73552884    0.55012087    0.58480734    0.63962746    0.60784970    0.82237917    0.78089611    0.83758098    0.76320067    0.77865984    0.67404152    0.69496626    0.75517533    0.69105747    0.69314635    0.70164788    0.76440520    0.67921550    0.59674962    0.65306624    0.69306202    0.72801343    0.72047691    0.71007274    0.77585487    0.78621987    0.68145748    0.92911305    0.87288449    0.97307861    0.83855759    0.70720846    0.78358265    0.86472122    0.85514987    0.84950951    0.62229851    0.63303213    0.77825799    0.67854972    0.74369000    0.71115938    0.70470404    0.87982218    0.91051421    0.77852544    0.63575374
