70
F4S8P7_MELLP/7-68     0.00000000    0.73216466    0.75836322    0.77327570    0.64960860    0.77783058    0.67773428    0.78745169    0.62142193    0.75283872    0.65871654    0.52501985    0.61592910    0.61007218    0.58738518    0.80687630    0.72425898    0.56075715    0.67178485    0.59434312    0.65802078    0.60182521    0.75147595    0.55601331    0.86848149    0.63306526    0.97030518    1.05031313    1.19354755    0.97158766    1.48568513    1.22361045    1.16629948    1.21694339    1.47781034    1.29063926    1.56888848    1.04739877    1.00858480    1.04695648    1.33934296    0.95423967    1.02311290    0.99977003    1.62575354    1.52503965    0.97808118    0.98211795    0.95673921    0.90726787    0.95785719    1.53427739    1.55964488    1.17404744    1.84436875    1.47944336    1.42934427    1.50025131    0.91411800    0.87762008    0.70701583    0.77359330    0.63650428    0.58830998    0.88141547    1.24871022    0.80659270    0.55217048    0.85753083    0.70561841
M9M7H2_PSEA3/6-68     0.73216466    0.00000000    0.56478035    0.52613146    0.45771520    0.57080814    0.39545293    0.68172472    0.57038234    0.39678468    0.53461481    0.35646991    0.74432154    0.69804388    0.57126458    0.87326565    0.59751511    0.63411474    0.77951125    0.69093319    0.69356889    0.55029112    0.63978453    0.57095448    0.83653252    0.58017289    1.17193470    0.81445474    1.38839541    1.24206312    1.55295473    1.60980389    1.58887468    1.63910206    1.73607760    1.53257698    1.89099760    1.29728582    1.41750310    1.32553362    1.43764728    1.43757126    1.24368554    1.35759933    1.88157690    1.70787053    1.23302787    1.33384528    1.23203399    1.24970003    1.28835899    1.52829051    1.93136986    1.21177330    2.07628677    1.38269474    1.58996737    1.72788285    0.97920532    0.82777024    0.94112899    0.75607045    0.93120613    0.81744410    0.76851721    1.40248165    0.96131724    0.81722912    0.81319602    0.73450555
U5HH20_USTV1/17-75     0.75836322    0.56478035    0.00000000    0.51136206    0.54995388    0.57419199    0.52026967    0.77063904    0.48678249    0.61496145    0.60259180    0.45209704    0.78229340    0.79375402    0.70677623    1.03437580    0.61443294    0.80333201    0.93304391    0.85000238    0.92656103    0.84309628    0.93814510    0.72302284    1.00234019    0.82669876    1.11932470    0.96349243    1.34599195    1.25051347    1.74716124    1.67133660    1.60251632    1.57211936    1.76415704    1.37288344    1.75059924    1.20148862    1.21296876    1.29217736    1.35834433    1.10606212    1.26578973    1.21252521    2.12167721    1.82409136    1.21277933    1.42703879    1.24107608    1.21312267    1.10961032    1.78216907    1.78619548    1.38182892    2.27154874    1.56849068    1.81072400    1.94249257    0.95947419    1.11031035    1.02674951    0.91991771    0.91177255    0.67395655    0.92178366    1.55458336    1.14177304    0.93803240    0.97195042    0.85787586
G4T9D7_SERID/8-70     0.77327570    0.52613146    0.51136206    0.00000000    0.41309955    0.60383387    0.46503142    0.70261668    0.50424102    0.58718924    0.45460897    0.55211314    0.83325687    0.73485687    0.72088100    1.03359320    0.70530427    0.76134373    0.86244988    0.81789262    0.95471298    0.88877547    0.86258404    0.66299083    0.94464710    0.77164301    1.16648374    0.90282260    1.00613621    1.12618835    1.73553127    1.55557105    1.49923212    1.56086080    1.86700027    1.17029170    1.47624140    1.28331998    1.28332601    1.32138827    1.26370916    1.34369481    1.22908953    1.13874960    1.85933787    1.65729265    1.19178089    1.23602658    1.12594810    1.15583311    1.12484868    1.43290904    1.82238841    1.32083991    1.74571502    1.57205984    1.50124390    1.82058067    0.98670244    0.85160411    0.86144817    0.87898251    0.89541971    0.80466113    0.80154382    1.45148419    0.95778368    0.83014965    0.94699562    0.83259418
M5BVS5_THACB/5-67     0.64960860    0.45771520    0.54995388    0.41309955    0.00000000    0.61190606    0.50074470    0.73214031    0.45568293    0.51047010    0.57021051    0.43895661    0.70585171    0.57988513    0.61740710    0.88093272    0.68310471    0.70297294    0.79420252    0.76384446    0.84640526    0.73976076    0.88139030    0.50780390    0.85878467    0.69979666    1.11312343    0.94538027    1.05570566    1.08791544    1.87495431    1.35688485    1.36278470    1.46837687    1.86043503    1.23449703    1.68491524    1.20678192    1.30535303    1.24900621    1.34769551    1.24538168    1.18842641    1.15169738    1.63386834    1.65368147    1.20005811    1.15480249    1.20793433    1.07006440    1.22526003    1.42431374    1.90611019    1.31998523    1.47067026    1.34775286    1.32165378    1.57739215    1.04848304    0.84292543    0.67634107    0.62571367    0.76822270    0.76714219    0.83184077    1.40226964    1.02455084    0.79383394    0.85466451    0.76279643
I4YGC2_WALMC/5-66     0.77783058    0.57080814    0.57419199    0.60383387    0.61190606    0.00000000    0.47259342    0.68845462    0.55894886    0.50546666    0.57581846    0.36598463    0.78670333    0.88200287    0.69792860    0.89407207    0.75136628    0.80028571    0.85612188    0.72830149    0.88196437    0.84447634    0.97238903    0.66877055    0.93250348    0.86234095    1.24444009    1.12446415    1.17086237    1.27917435    1.78127071    1.65922540    1.70317335    1.57031161    1.79514611    1.46877439    1.62390150    1.46805579    1.50269667    1.54169254    1.53909909    1.26985644    1.49103274    1.39948880    2.06856243    1.66479005    1.48220718    1.43182932    1.41737660    1.25488230    1.42981441    1.61997526    1.99644335    1.40381938    1.77763907    1.43347043    1.47123383    1.60014169    0.97115896    1.02846680    0.80860459    0.81441048    1.05858442    0.91142115    1.02129039    1.64311885    1.18290880    0.63129892    0.85112926    0.61797178
D8QHL6_SCHCM/6-67     0.67773428    0.39545293    0.52026967    0.46503142    0.50074470    0.47259342    0.00000000    0.41632989    0.31070764    0.34656303    0.36764653    0.27679341    0.65115555    0.60508852    0.55367930    0.79437799    0.60571936    0.61679530    0.74619269    0.73670503    0.68892024    0.63670204    0.69043943    0.57751353    0.78646077    0.56755602    1.02599875    0.78798943    1.18232949    1.20762301    1.34479735    1.35724962    1.28653531    1.24086926    1.45436983    1.07486529    1.44344120    1.03216954    1.24191172    1.09274550    1.06514027    1.15189626    1.03972389    1.00967625    1.91211216    1.69472606    1.15491286    1.11601146    1.12706284    1.10955456    1.12394917    1.56550028    1.65416067    1.33567158    1.96847519    1.27783432    1.45540523    1.60697347    0.99719179    0.70676173    0.64927742    0.71850211    0.71365910    0.53920841    0.69296509    1.28890429    0.85558555    0.74904214    0.88426118    0.71131065
K5W541_PHACS/6-71     0.78745169    0.68172472    0.77063904    0.70261668    0.73214031    0.68845462    0.41632989    0.00000000    0.32987483    0.46941583    0.53579197    0.44985083    0.69925807    0.81949201    0.63277844    0.89743674    0.85039848    0.91604620    0.89465420    0.93598307    0.72221680    0.88437026    0.91450267    0.77486846    0.86898484    0.85569631    1.04420445    1.11390650    1.30114059    1.34139769    1.82521768    1.75487339    1.66233831    1.69525452    1.60822103    1.54823885    1.95928460    1.27772638    1.50736361    1.39360276    1.44932113    1.20717311    1.34214449    1.16757685    2.22502537    1.87408718    1.27766309    1.32572306    1.32554584    1.22907816    1.22453731    2.17841218    1.85818145    1.63008382    1.65539964    1.19115311    1.50643916    1.51585114    1.03363964    0.88054806    0.84490029    0.89301690    0.88685776    0.88044560    1.03506124    1.50643155    1.08899264    0.80692185    0.94272838    0.79380843
V2WNT4_MONRO/5-65     0.62142193    0.57038234    0.48678249    0.50424102    0.45568293    0.55894886    0.31070764    0.32987483    0.00000000    0.39378388    0.37874804    0.38587793    0.62609511    0.60882834    0.53032144    0.84640626    0.66731022    0.70490808    0.78922195    0.78514865    0.67639745    0.67360367    0.72231757    0.53288442    0.82114383    0.71407318    0.93308445    0.84515232    1.06727799    1.12378476    1.55193915    1.35945587    1.42205245    1.42636845    1.64895677    1.27134278    1.41517335    0.99252732    1.09493115    1.14004484    1.24149805    1.12238789    0.99733522    0.88850734    1.72042721    1.75975738    0.99050565    1.07580980    0.99360166    0.97776107    0.98304382    1.55355445    1.59487588    1.30516558    1.94231913    1.25601546    1.29011797    1.49498312    0.73951927    0.78786704    0.76706246    0.80664885    0.72557455    0.67609968    0.70262131    1.24197700    0.83874994    0.70287874    0.80280094    0.71337351
B0DBA8_LACBS/6-68     0.75283872    0.39678468    0.61496145    0.58718924    0.51047010    0.50546666    0.34656303    0.46941583    0.39378388    0.00000000    0.27998025    0.35167806    0.79699521    0.81536212    0.73834047    0.88630111    0.75950670    0.79524234    0.97181563    0.78835546    0.80296214    0.72468687    0.91415301    0.60649492    1.07107471    0.79896629    1.10443598    1.01211784    0.97836664    1.06991669    1.52363344    1.50160305    1.36436379    1.30236739    1.60435989    1.33012437    1.75483224    1.06657692    1.23054667    1.21822860    1.22484670    1.21115518    1.15316182    1.03523949    2.07313679    1.84191662    1.11974042    1.15305893    1.13663723    0.96162153    1.17625961    1.50570337    1.68030338    1.13054002    1.71022989    1.15151544    1.36270960    1.47657891    0.94413880    0.94248109    0.74468752    0.68234670    0.84038370    0.89827317    0.84369886    1.38227996    0.87147397    0.74236731    0.96239727    0.69128236
A8NC29_COPC7/6-68     0.65871654    0.53461481    0.60259180    0.45460897    0.57021051    0.57581846    0.36764653    0.53579197    0.37874804    0.27998025    0.00000000    0.40672033    0.93710034    0.94816196    0.79713477    1.03145406    0.83824053    0.81786314    0.99024597    0.75806498    0.91499408    0.86036160    0.98076912    0.67261323    0.99952914    0.73819861    1.16078596    1.06436570    1.06479397    1.12474275    1.48176405    1.40470175    1.24447464    1.13184229    1.79202524    1.33193647    1.76201971    1.13126428    1.19087577    1.31126433    1.44849459    1.18768145    1.23006521    1.14984913    2.17134540    1.68343035    1.17202417    1.23076455    1.12641155    1.09225548    1.13632214    1.50494943    1.53593314    1.22325298    1.76220110    1.05440079    1.23562401    1.41772518    0.85719527    0.81803069    0.58994746    0.70446548    0.92368157    0.83754628    0.86739848    1.38244373    0.88387331    0.81490759    1.05662229    0.68925198
Q5KK26_CRYNJ/6-68     0.52501985    0.35646991    0.45209704    0.55211314    0.43895661    0.36598463    0.27679341    0.44985083    0.38587793    0.35167806    0.40672033    0.00000000    0.58805223    0.60692663    0.50926554    0.73624321    0.67661269    0.61451403    0.75727175    0.65110988    0.70349445    0.60315942    0.77563615    0.54940809    0.81790749    0.64955144    1.03784747    1.03980009    1.09316038    1.21829747    1.44730940    1.53422569    1.38076720    1.42102552    1.60732061    1.23036213    1.51860889    1.25971186    1.18996040    1.30283041    1.25961702    1.17426217    1.03986134    1.08778674    2.08028341    1.77147001    1.30173857    1.29416388    1.25248655    1.07577100    1.27713102    1.63886353    1.65853229    1.28593968    1.87528660    1.37988235    1.38777769    1.68335107    0.97784936    0.82888428    0.85182017    0.77717348    0.72597086    0.79860857    0.86280023    1.29952034    0.85281348    0.60341312    0.82751346    0.54154566
A5BAM7_VITVI/11-73     0.61592910    0.74432154    0.78229340    0.83325687    0.70585171    0.78670333    0.65115555    0.69925807    0.62609511    0.79699521    0.93710034    0.58805223    0.00000000    0.23820330    0.36648365    0.65446561    0.61268689    0.66837232    0.62202290    0.66876542    0.49874015    0.52014500    0.59747731    0.59200329    0.65497378    0.54442879    0.79412230    0.83424495    1.20240168    1.19745606    1.54028965    1.52988570    1.52264483    1.58604478    1.59088509    1.36784685    1.98128968    1.12830518    1.43940426    1.05847319    1.43288722    1.24458331    1.09657017    1.05905708    1.63017976    1.67918219    1.19447120    1.29523612    1.23759785    1.20835059    1.31506022    1.63968560    1.84678112    1.44328705    1.67273888    1.84741270    1.74471336    1.99966559    1.07042729    0.91202870    0.95736932    0.84693150    0.60171835    0.61293303    0.61576113    1.17932331    0.86835478    0.53929097    0.81475520    0.69668259
A0A0D9Z1L7_9ORYZ/19-81     0.61007218    0.69804388    0.79375402    0.73485687    0.57988513    0.88200287    0.60508852    0.81949201    0.60882834    0.81536212    0.94816196    0.60692663    0.23820330    0.00000000    0.48098401    0.65275627    0.51722658    0.53899900    0.52035404    0.57516779    0.55819600    0.43695193    0.54384428    0.54379264    0.67000153    0.58215230    0.85688754    0.79475803    1.26233119    1.29450626    1.81127123    1.67670322    1.57258297    1.67945073    1.63767794    1.39126981    1.76591172    1.22828350    1.39804673    1.13139469    1.32798535    1.35070459    1.14540836    1.14512288    1.62617906    1.78446570    1.15663935    1.27248693    1.26495789    1.16294745    1.26088060    1.61850007    1.85286518    1.39432376    1.68079454    2.10308454    1.69033320    1.99896372    1.04643793    0.84845182    1.01863846    0.86392672    0.52548619    0.71229086    0.73535938    1.23422659    0.97172222    0.51924210    0.63535115    0.59558762
A9SE49_PHYPA/8-70     0.58738518    0.57126458    0.70677623    0.72088100    0.61740710    0.69792860    0.55367930    0.63277844    0.53032144    0.73834047    0.79713477    0.50926554    0.36648365    0.48098401    0.00000000    0.69922489    0.50282145    0.57940157    0.53681957    0.58159587    0.55468025    0.51088079    0.55057217    0.47619496    0.69334870    0.54599487    0.86676305    0.72967529    1.12363007    1.11234679    1.46482182    1.46856080    1.51687557    1.64573851    1.48369897    1.31626813    1.59955057    1.23451852    1.32082372    1.08272688    1.25667955    1.34773741    1.02388295    1.02697275    1.80922852    1.48706585    1.17111390    1.14105803    1.10220417    1.16390152    1.15222758    1.58144985    1.80378612    1.26190422    1.99260941    1.96371658    1.99277647    2.27711437    1.04106987    0.82224460    0.94975632    0.88261579    0.79662720    0.80465358    0.74084562    1.35428516    0.81697120    0.63201137    0.75186800    0.69432626
D8T1P1_SELML/2-63     0.80687630    0.87326565    1.03437580    1.03359320    0.88093272    0.89407207    0.79437799    0.89743674    0.84640626    0.88630111    1.03145406    0.73624321    0.65446561    0.65275627    0.69922489    0.00000000    0.82811244    0.65881948    0.61883160    0.61828290    0.63010139    0.58254369    0.71914200    0.78422214    0.90656724    0.85053597    0.83052898    1.03952252    1.42703799    1.41951607    1.58421053    1.75833660    1.58690890    1.64643653    1.68576206    1.37223029    1.80828133    1.47230880    1.47428744    1.42286259    1.34614149    1.52941124    1.36053615    1.35591044    1.85980837    1.99035003    1.54278455    1.50702532    1.48943386    1.32672069    1.46130809    1.84551807    2.18392625    1.35481624    1.54566471    1.98852723    1.95111739    2.00479373    1.03104943    0.83093707    1.08347169    0.86547380    0.79423747    0.84289676    0.95988640    1.47207118    1.10898075    0.79951622    0.94102762    0.89832375
G1X8L5_ARTOA/9-71     0.72425898    0.59751511    0.61443294    0.70530427    0.68310471    0.75136628    0.60571936    0.85039848    0.66731022    0.75950670    0.83824053    0.67661269    0.61268689    0.51722658    0.50282145    0.82811244    0.00000000    0.28484079    0.44851018    0.47191973    0.35764986    0.36126634    0.38862689    0.48153763    0.63472948    0.49379783    0.97476027    0.70072157    1.21350842    1.35927724    1.49732312    1.71589489    1.68457583    1.73820502    1.70675004    1.57586849    1.83738713    1.32354444    1.35023938    1.29658660    1.39747034    1.35262470    1.19920978    1.28188129    1.89914032    1.69344322    1.28050966    1.32062961    1.30438735    1.23344815    1.19017306    1.49773364    1.77139350    1.24249880    1.89027080    1.78633600    1.73337324    1.94611472    1.03737138    0.64032002    0.82599452    0.68092417    0.68689495    0.65196910    0.70840491    1.12346378    0.92186119    0.70644374    0.74594165    0.75206947
N1J7Q8_BLUG1/19-81     0.56075715    0.63411474    0.80333201    0.76134373    0.70297294    0.80028571    0.61679530    0.91604620    0.70490808    0.79524234    0.81786314    0.61451403    0.66837232    0.53899900    0.57940157    0.65881948    0.28484079    0.00000000    0.44692755    0.44012048    0.39934914    0.25983658    0.29983659    0.57149623    0.70242835    0.54399122    1.02441661    0.85592169    1.40833141    1.33801835    1.50990067    1.65279270    1.58555208    1.60740719    1.73689741    1.61849875    1.99403864    1.42538372    1.34032576    1.40236693    1.46412527    1.32468446    1.28310280    1.32236529    2.04771944    2.03320408    1.49515280    1.45852372    1.44741476    1.35753481    1.31997469    1.52203965    1.81426638    1.22920252    1.95321811    1.84816448    1.67294008    1.93436755    1.06666556    0.83632398    0.86193255    0.80440957    0.64532424    0.57135993    0.80570625    1.13984170    0.97333642    0.58922001    0.83227313    0.68818024
N1Q7N9_PSEFD/26-88     0.67178485    0.77951125    0.93304391    0.86244988    0.79420252    0.85612188    0.74619269    0.89465420    0.78922195    0.97181563    0.99024597    0.75727175    0.62202290    0.52035404    0.53681957    0.61883160    0.44851018    0.44692755    0.00000000    0.22071498    0.28004961    0.30683629    0.33105330    0.52935076    0.54287853    0.49482798    0.78137957    0.65891944    1.17495067    1.18647068    1.43749236    1.52509269    1.50450266    1.56077613    1.45547323    1.35015202    1.53992992    1.16914383    1.28061897    1.12820355    1.23508246    1.34682976    1.05735709    1.02895984    1.85689535    1.74961017    1.13134179    1.19649218    1.15581781    1.22124982    1.24934288    1.41467482    1.52090565    1.20578586    1.85882234    2.13898414    1.95903641    2.19770258    1.03400296    0.66928685    0.80153721    0.68663405    0.54504108    0.69095403    0.62077801    1.07817963    0.82215717    0.58153409    0.64191817    0.72406665
M2NHQ1_BAUPA/20-82     0.59434312    0.69093319    0.85000238    0.81789262    0.76384446    0.72830149    0.73670503    0.93598307    0.78514865    0.78835546    0.75806498    0.65110988    0.66876542    0.57516779    0.58159587    0.61828290    0.47191973    0.44012048    0.22071498    0.00000000    0.31493791    0.31208292    0.37723267    0.55166779    0.63644117    0.53988113    0.84190672    0.74465257    1.10244693    1.00197836    1.36626695    1.40824658    1.36949169    1.47299833    1.43255638    1.28743399    1.49535163    1.13868507    1.22607556    1.11493542    1.24553847    1.26346737    1.08239511    1.10007363    1.72715969    1.59767826    1.20306295    1.22625474    1.13751373    1.07366523    1.18221260    1.31468633    1.47042161    1.13397610    1.86430992    1.96234380    1.87107755    2.09055942    0.90567186    0.73686089    0.79336457    0.68391389    0.69640793    0.78570265    0.66329402    0.93900841    0.75661568    0.53564627    0.73499024    0.63662500
G0SAE9_CHATD/11-73     0.65802078    0.69356889    0.92656103    0.95471298    0.84640526    0.88196437    0.68892024    0.72221680    0.67639745    0.80296214    0.91499408    0.70349445    0.49874015    0.55819600    0.55468025    0.63010139    0.35764986    0.39934914    0.28004961    0.31493791    0.00000000    0.23912913    0.23721808    0.51469746    0.52085046    0.43202587    0.82216648    0.71732085    1.33901465    1.35742213    1.56027395    1.67039205    1.59931747    1.63582713    1.58323143    1.38757977    1.92495472    1.18059058    1.35667324    1.25390243    1.38915588    1.31115650    1.19960523    1.24426436    1.81558510    1.81277697    1.27748196    1.22691699    1.36544435    1.27106602    1.32953105    1.62989107    1.72857545    1.31693361    1.76084958    1.76893829    1.57397460    1.76113486    0.95631762    0.53922881    0.78856093    0.61185246    0.53360676    0.59456550    0.50699601    0.98670169    0.73690265    0.54274921    0.70827211    0.74867648
C8VIG1_EMENI/17-79     0.60182521    0.55029112    0.84309628    0.88877547    0.73976076    0.84447634    0.63670204    0.88437026    0.67360367    0.72468687    0.86036160    0.60315942    0.52014500    0.43695193    0.51088079    0.58254369    0.36126634    0.25983658    0.30683629    0.31208292    0.23912913    0.00000000    0.25251360    0.51208691    0.54587257    0.42193842    0.91694805    0.77473385    1.27842607    1.28726934    1.48761215    1.54265466    1.44162171    1.52720762    1.58139816    1.51319005    1.78588786    1.16907152    1.31527735    1.15997856    1.32620224    1.33628173    1.04833764    1.16548681    1.68815518    1.68184122    1.28392680    1.22841023    1.27232582    1.18675600    1.27280531    1.33392828    1.59516424    1.19682033    1.88447524    1.86582467    1.67993570    1.98771147    0.93719370    0.80446427    0.90440338    0.70712512    0.57593466    0.56652430    0.55389983    0.85706115    0.70745618    0.53791734    0.78347706    0.62897873
A0A0C4EA84_MAGP6/11-73     0.75147595    0.63978453    0.93814510    0.86258404    0.88139030    0.97238903    0.69043943    0.91450267    0.72231757    0.91415301    0.98076912    0.77563615    0.59747731    0.54384428    0.55057217    0.71914200    0.38862689    0.29983659    0.33105330    0.37723267    0.23721808    0.25251360    0.00000000    0.51861977    0.48320613    0.45393323    0.96459862    0.67403493    1.33658038    1.45329084    1.58003135    1.64465319    1.53260150    1.67105407    1.57981510    1.63621572    1.74750498    1.25643997    1.44996331    1.38420650    1.46090893    1.48030255    1.13164209    1.17510972    1.80583014    1.84088506    1.30556274    1.36217006    1.39444543    1.41002413    1.33793293    1.52354322    1.83395277    1.25653534    1.82045488    2.14271722    1.76539096    2.16273307    0.98415062    0.74601104    0.97152571    0.83819026    0.57300510    0.61862605    0.60435988    0.94402804    0.74663637    0.55480875    0.62015612    0.72201200
I1C3R9_RHIO9/5-66     0.55601331    0.57095448    0.72302284    0.66299083    0.50780390    0.66877055    0.57751353    0.77486846    0.53288442    0.60649492    0.67261323    0.54940809    0.59200329    0.54379264    0.47619496    0.78422214    0.48153763    0.57149623    0.52935076    0.55166779    0.51469746    0.51208691    0.51861977    0.00000000    0.66279969    0.41920766    0.81285286    0.61272266    0.91777451    1.02203962    1.31016106    1.35293813    1.15428676    1.23747255    1.37564907    1.20901056    1.42456848    0.97713799    1.02852563    1.05661234    1.10626442    1.04722919    0.95052585    0.93014416    1.35932654    1.47833697    0.97852744    1.03506986    1.12998921    0.99920422    1.03243357    1.48007665    1.44600898    1.03529713    1.74191354    1.54392484    1.43496015    1.70555557    0.75339874    0.67276365    0.72227292    0.61618340    0.61501267    0.69150858    0.63826625    1.00075195    0.66713807    0.53986141    0.72566579    0.60332657
D0NJK1_PHYIT/11-73     0.86848149    0.83653252    1.00234019    0.94464710    0.85878467    0.93250348    0.78646077    0.86898484    0.82114383    1.07107471    0.99952914    0.81790749    0.65497378    0.67000153    0.69334870    0.90656724    0.63472948    0.70242835    0.54287853    0.63644117    0.52085046    0.54587257    0.48320613    0.66279969    0.00000000    0.50527576    1.04621021    0.76929959    1.35860094    1.44323288    1.89819889    1.68712901    1.64534673    1.70776604    1.84067360    1.52925404    1.98119087    1.44509632    1.48064281    1.32700083    1.44767791    1.53406157    1.35752979    1.35080326    1.84257203    1.73450183    1.22946307    1.35885776    1.61168162    1.48318915    1.43508045    1.88207278    2.15750733    1.71451585    1.60347091    2.10256368    2.01435740    2.37004497    1.13191105    0.72209675    1.04483170    0.91157728    0.59696466    0.65467806    0.73827466    1.12596333    0.94337040    0.76743593    0.69713420    0.85812758
R4X7U4_TAPDE/13-74     0.63306526    0.58017289    0.82669876    0.77164301    0.69979666    0.86234095    0.56755602    0.85569631    0.71407318    0.79896629    0.73819861    0.64955144    0.54442879    0.58215230    0.54599487    0.85053597    0.49379783    0.54399122    0.49482798    0.53988113    0.43202587    0.42193842    0.45393323    0.41920766    0.50527576    0.00000000    0.85954393    0.74173587    1.26562952    1.06336974    1.24922372    1.35072736    1.29431858    1.26350999    1.35748935    1.23742045    1.69416197    1.10670522    1.15524655    1.04688633    1.18553607    1.13748197    0.86936729    0.86655786    1.54540280    1.52964511    1.05021865    1.06717572    1.06548657    1.03510324    1.01962830    1.38530177    1.53798853    1.03808707    1.62879417    1.65749699    1.60492108    1.80190155    1.03975755    0.71506018    0.83419325    0.61572709    0.68973222    0.60422937    0.63497213    1.04511108    0.79253839    0.72379014    0.79667325    0.81659780
A0A1X7U8Y8_AMPQE/10-71     0.97030518    1.17193470    1.11932470    1.16648374    1.11312343    1.24444009    1.02599875    1.04420445    0.93308445    1.10443598    1.16078596    1.03784747    0.79412230    0.85688754    0.86676305    0.83052898    0.97476027    1.02441661    0.78137957    0.84190672    0.82216648    0.91694805    0.96459862    0.81285286    1.04621021    0.85954393    0.00000000    0.43985802    0.80403305    0.97266404    1.20156153    1.19731048    1.19277997    1.24996064    1.23003727    1.10403791    1.63015412    0.95552393    1.10505950    0.92217421    0.97698554    1.19578498    1.05264879    1.07644303    1.61644560    1.63905334    0.93726240    0.95011920    0.81697785    0.83970392    0.94807445    1.37387597    1.55647601    0.99309250    1.97466518    1.41569555    1.41660641    1.59388814    1.00408938    0.92577547    1.02224588    0.95349920    0.82033029    1.00420731    0.90173775    1.13046095    0.90256720    0.85114937    0.91067354    0.94761381
A7RTS0_NEMVE/9-71     1.05031313    0.81445474    0.96349243    0.90282260    0.94538027    1.12446415    0.78798943    1.11390650    0.84515232    1.01211784    1.06436570    1.03980009    0.83424495    0.79475803    0.72967529    1.03952252    0.70072157    0.85592169    0.65891944    0.74465257    0.71732085    0.77473385    0.67403493    0.61272266    0.76929959    0.74173587    0.43985802    0.00000000    0.85740363    1.03778628    1.37827388    1.21244943    1.34556376    1.41973681    1.52059074    1.17232803    1.52465012    1.01584429    1.09826652    1.02231152    1.08725886    1.37888836    0.89257172    1.02322442    1.47907019    1.47311527    0.87244366    0.94635874    1.00088219    1.06296775    1.02711186    1.28730176    1.55922996    0.95530154    2.03539682    1.66444861    1.80451742    1.74343761    0.93789406    0.82625532    1.01619418    0.93478854    0.65598712    0.88814559    0.78557244    1.04069181    0.79364611    0.84222635    0.63816659    0.85204085
C3YCJ2_BRAFL/44-106     1.19354755    1.38839541    1.34599195    1.00613621    1.05570566    1.17086237    1.18232949    1.30114059    1.06727799    0.97836664    1.06479397    1.09316038    1.20240168    1.26233119    1.12363007    1.42703799    1.21350842    1.40833141    1.17495067    1.10244693    1.33901465    1.27842607    1.33658038    0.91777451    1.35860094    1.26562952    0.80403305    0.85740363    0.00000000    0.58438723    1.24103070    0.96048442    0.99462877    1.01640340    1.25412360    1.08697444    1.15379660    0.88878575    1.05577832    1.01545099    0.91351248    1.08381628    0.87585817    0.77744380    1.17061233    1.42893601    0.72471159    0.63668360    0.68709805    0.61603526    0.81186709    1.12594090    1.67295419    1.07943503    1.93877750    1.39869266    1.53596374    1.61186765    1.28595210    1.29762131    1.41368670    1.31773444    1.12335420    1.46577025    1.13145733    1.29361636    1.06721918    1.14377835    1.28659319    1.21726365
A0A7M7RBD0_STRPU/40-102     0.97158766    1.24206312    1.25051347    1.12618835    1.08791544    1.27917435    1.20762301    1.34139769    1.12378476    1.06991669    1.12474275    1.21829747    1.19745606    1.29450626    1.11234679    1.41951607    1.35927724    1.33801835    1.18647068    1.00197836    1.35742213    1.28726934    1.45329084    1.02203962    1.44323288    1.06336974    0.97266404    1.03778628    0.58438723    0.00000000    1.04254993    0.74717311    0.92543015    0.87937967    1.02084270    0.90475119    1.03629161    0.64599189    0.78399722    0.80963156    0.86614841    1.01708344    0.81849456    0.74142195    1.00594122    1.18381171    0.69865545    0.63209016    0.61477349    0.56377923    0.61411320    1.01526219    1.31998752    1.22483884    1.92182493    1.50771063    1.57285085    1.61203542    1.44032355    1.23965095    1.33398178    1.14352386    1.17382808    1.20182097    1.24065801    1.19018993    1.05176011    1.16077242    1.44853481    1.27333620
A0A7M7G7M5_APIME/38-100     1.48568513    1.55295473    1.74716124    1.73553127    1.87495431    1.78127071    1.34479735    1.82521768    1.55193915    1.52363344    1.48176405    1.44730940    1.54028965    1.81127123    1.46482182    1.58421053    1.49732312    1.50990067    1.43749236    1.36626695    1.56027395    1.48761215    1.58003135    1.31016106    1.89819889    1.24922372    1.20156153    1.37827388    1.24103070    1.04254993    0.00000000    0.90528249    0.99910040    0.88513343    1.05064554    1.29055573    1.38189695    0.94025480    0.94338203    0.99828134    1.21889275    1.09253616    0.97217463    0.95332391    1.52194607    1.46728478    1.52249950    1.40947342    1.35150044    1.28915354    1.25799812    1.41040184    1.33864639    1.43276867    2.57007860    1.80852449    1.93962099    1.83364931    1.53282105    1.60025786    1.94672354    1.55905630    1.60802017    1.74681857    1.42899890    1.20198994    1.59182201    1.55716950    1.74805758    1.37532031
E2C5R3_HARSA/2-64     1.22361045    1.60980389    1.67133660    1.55557105    1.35688485    1.65922540    1.35724962    1.75487339    1.35945587    1.50160305    1.40470175    1.53422569    1.52988570    1.67670322    1.46856080    1.75833660    1.71589489    1.65279270    1.52509269    1.40824658    1.67039205    1.54265466    1.64465319    1.35293813    1.68712901    1.35072736    1.19731048    1.21244943    0.96048442    0.74717311    0.90528249    0.00000000    0.43090080    0.45474397    1.12871831    1.06338578    1.23983768    0.86533964    0.96962461    0.93302405    1.00646303    0.91252810    0.83916825    0.93025583    1.35903110    1.21995820    1.13246411    1.16354861    1.04821309    0.97882446    1.10403462    1.31985641    1.23355703    1.51528391    2.40443000    1.67282811    1.99526054    1.77979500    1.52320842    1.49968300    1.39915833    1.49017759    1.25601801    1.36023252    1.43894734    1.38360452    1.44658304    1.36148743    1.62411063    1.37360886
E1ZZG8_CAMFO/2-64     1.16629948    1.58887468    1.60251632    1.49923212    1.36278470    1.70317335    1.28653531    1.66233831    1.42205245    1.36436379    1.24447464    1.38076720    1.52264483    1.57258297    1.51687557    1.58690890    1.68457583    1.58555208    1.50450266    1.36949169    1.59931747    1.44162171    1.53260150    1.15428676    1.64534673    1.29431858    1.19277997    1.34556376    0.99462877    0.92543015    0.99910040    0.43090080    0.00000000    0.32265747    1.10508303    1.04056783    1.33949534    0.86141476    1.07414864    0.97368097    0.96370698    0.77783865    0.88601737    0.89719680    1.56316969    1.34354918    1.12289649    1.12006736    0.99383764    0.86650810    1.10211556    1.38148373    1.28695661    1.47800379    2.50183402    1.52869123    1.81216548    1.71661073    1.47626942    1.46429099    1.33761390    1.51976118    1.24035307    1.41713049    1.31366573    1.31335533    1.32051213    1.44787588    1.68286240    1.29397613
A0A158NN77_ATTCE/40-102     1.21694339    1.63910206    1.57211936    1.56086080    1.46837687    1.57031161    1.24086926    1.69525452    1.42636845    1.30236739    1.13184229    1.42102552    1.58604478    1.67945073    1.64573851    1.64643653    1.73820502    1.60740719    1.56077613    1.47299833    1.63582713    1.52720762    1.67105407    1.23747255    1.70776604    1.26350999    1.24996064    1.41973681    1.01640340    0.87937967    0.88513343    0.45474397    0.32265747    0.00000000    1.07571407    1.13440712    1.36606152    0.90112724    1.04838698    1.13085437    1.02280991    0.93393501    0.97775230    0.95458745    1.55406989    1.43067153    1.20402782    1.20715140    1.06004518    0.94329607    1.14850816    1.29646665    1.23689380    1.48788426    2.44447475    1.34075542    1.63844156    1.58483829    1.45384570    1.52197096    1.17900685    1.51852668    1.23290476    1.33361313    1.41425826    1.27105803    1.39101054    1.36345953    1.71420415    1.32155855
A0A7M6W5R8_NASVI/42-104     1.47781034    1.73607760    1.76415704    1.86700027    1.86043503    1.79514611    1.45436983    1.60822103    1.64895677    1.60435989    1.79202524    1.60732061    1.59088509    1.63767794    1.48369897    1.68576206    1.70675004    1.73689741    1.45547323    1.43255638    1.58323143    1.58139816    1.57981510    1.37564907    1.84067360    1.35748935    1.23003727    1.52059074    1.25412360    1.02084270    1.05064554    1.12871831    1.10508303    1.07571407    0.00000000    1.18200400    1.40514352    0.84748615    1.06899934    0.88583672    0.87496360    0.98377830    0.99899126    0.91634857    1.40561364    1.43612420    1.32223273    1.34008414    1.22902109    1.09093690    1.09261862    1.54171298    1.45322922    1.62322283    2.83462185    2.32245674    2.76813569    2.49825983    1.58133006    1.65374842    1.94719619    1.79260251    1.48491115    1.66804138    1.67303758    1.79573230    1.33724317    1.39472838    1.66206164    1.25326016
J9JJU0_ACYPI/39-101     1.29063926    1.53257698    1.37288344    1.17029170    1.23449703    1.46877439    1.07486529    1.54823885    1.27134278    1.33012437    1.33193647    1.23036213    1.36784685    1.39126981    1.31626813    1.37223029    1.57586849    1.61849875    1.35015202    1.28743399    1.38757977    1.51319005    1.63621572    1.20901056    1.52925404    1.23742045    1.10403791    1.17232803    1.08697444    0.90475119    1.29055573    1.06338578    1.04056783    1.13440712    1.18200400    0.00000000    0.95831100    0.87355979    0.81532264    0.75563042    0.86157691    1.20728757    0.84710358    0.82252285    1.32235734    1.52344007    1.12517080    1.05981609    1.00274770    0.95816424    1.03415499    1.33317102    1.39183105    1.28151447    1.67715991    1.90378895    2.15313476    2.02598499    1.57023826    1.41431744    1.59694552    1.30704161    1.22876678    1.15101087    1.22653217    1.48821683    1.13052204    1.22324914    1.37389611    1.22250002
T1JWJ7_TETUR/45-107     1.56888848    1.89099760    1.75059924    1.47624140    1.68491524    1.62390150    1.44344120    1.95928460    1.41517335    1.75483224    1.76201971    1.51860889    1.98128968    1.76591172    1.59955057    1.80828133    1.83738713    1.99403864    1.53992992    1.49535163    1.92495472    1.78588786    1.74750498    1.42456848    1.98119087    1.69416197    1.63015412    1.52465012    1.15379660    1.03629161    1.38189695    1.23983768    1.33949534    1.36606152    1.40514352    0.95831100    0.00000000    0.91370063    1.14371408    1.22978736    0.99552036    1.11779515    0.94924128    0.85724555    1.34973344    1.32235541    1.22226593    1.16900429    1.08353018    1.26020233    1.02168267    1.29369560    1.39333562    1.41345318    2.15313890    2.13677822    2.09013151    2.06388966    1.72843536    1.80675404    2.31509904    1.92181811    1.64054607    1.80947837    1.63351308    1.69850705    1.49686742    1.63453725    1.73741670    1.48345091
D6X169_TRICA/47-109     1.04739877    1.29728582    1.20148862    1.28331998    1.20678192    1.46805579    1.03216954    1.27772638    0.99252732    1.06657692    1.13126428    1.25971186    1.12830518    1.22828350    1.23451852    1.47230880    1.32354444    1.42538372    1.16914383    1.13868507    1.18059058    1.16907152    1.25643997    0.97713799    1.44509632    1.10670522    0.95552393    1.01584429    0.88878575    0.64599189    0.94025480    0.86533964    0.86141476    0.90112724    0.84748615    0.87355979    0.91370063    0.00000000    0.54472471    0.50638066    0.70072806    0.63360358    0.49737992    0.53762907    1.32580797    1.08825673    0.71517224    0.82668321    0.68339098    0.74781935    0.74304236    1.02889756    1.01678068    1.11504068    2.00139348    1.27105852    1.64247740    1.41321393    1.31528677    1.38031455    1.39900256    1.08314457    1.02011389    1.18523195    1.11907886    1.19741003    0.97906249    1.16730347    1.25587566    1.09012796
E9G263_DAPPU/1-61     1.00858480    1.41750310    1.21296876    1.28332601    1.30535303    1.50269667    1.24191172    1.50736361    1.09493115    1.23054667    1.19087577    1.18996040    1.43940426    1.39804673    1.32082372    1.47428744    1.35023938    1.34032576    1.28061897    1.22607556    1.35667324    1.31527735    1.44996331    1.02852563    1.48064281    1.15524655    1.10505950    1.09826652    1.05577832    0.78399722    0.94338203    0.96962461    1.07414864    1.04838698    1.06899934    0.81532264    1.14371408    0.54472471    0.00000000    0.43612556    0.71683573    0.81212861    0.59561916    0.52530790    1.39511906    1.35853650    1.03783463    1.02320128    1.03563628    1.03456054    0.92330979    1.32748776    0.97903603    1.23250579    1.93318078    1.79865929    1.89625633    1.92008909    1.24070478    1.38893356    1.49627053    1.35350941    1.20573706    1.46465928    1.51488789    1.50799542    1.26558064    1.19142840    1.33928250    1.10656675
