6
YJQC_BACSU/1-278     0.00000000    0.39380982    0.53201961    1.90412295    1.77048400    1.67017627
Q9KAU6_BACHD/1-281     0.39380982    0.00000000    0.46562952    2.08264201    1.83453075    1.61833460
MCAT_BACSU/1-273     0.53201961    0.46562952    0.00000000    1.82358480    1.62620888    1.48168615
Q9KDZ2_BACHD/1-298     1.90412295    2.08264201    1.82358480    0.00000000    2.93878657    2.45688905
Q9I1T0_PSEAE/1-294     1.77048400    1.83453075    1.62620888    2.93878657    0.00000000    1.24429297
COTJC_BACSU/1-189     1.67017627    1.61833460    1.48168615    2.45688905    1.24429297    0.00000000

