8
Q070A9_CPRVZ/1-81     0.00000000    1.10491628    0.98461332    1.22903322    1.10720846    1.24050041    1.23676050    1.23142504
Q6TVM4_ORFSA/20-89     1.10491628    0.00000000    0.84104821    1.25076639    0.99464698    1.11810409    0.91173667    1.19790063
Q98291_MCV1/1-77     0.98461332    0.84104821    0.00000000    1.04432973    0.85984555    0.98263427    0.94447818    1.02958291
A19_FOWPN/3-86     1.22903322    1.25076639    1.04432973    0.00000000    1.01951443    1.22099771    1.09795580    1.32394006
A19_VACCW/1-76     1.10720846    0.99464698    0.85984555    1.01951443    0.00000000    0.39829255    0.49624660    0.56696348
Q08FN2_DPV83/1-74     1.24050041    1.11810409    0.98263427    1.22099771    0.39829255    0.00000000    0.24227864    0.27662426
Q9Q8W9_RFVKA/3-72     1.23676050    0.91173667    0.94447818    1.09795580    0.49624660    0.24227864    0.00000000    0.27806478
Q6TUQ8_YMTV5/1-73     1.23142504    1.19790063    1.02958291    1.32394006    0.56696348    0.27662426    0.27806478    0.00000000

