62
D6WCC7_TRICA/4-120     0.00000000    1.00227227    1.55369477    1.37279869    1.72493667    1.60931956    1.43467342    1.51904960    1.34950355    1.37439816    1.36313916    1.37070979    1.46676370    1.71111950    1.55991963    1.52119351    1.61073517    1.70393538    1.21380222    1.26173794    1.49615736    0.78950271    1.94083037    1.78889611    1.40817845    1.47126416    1.40068880    1.08527762    0.80912077    1.00797882    0.88604036    1.02678645    0.84635692    0.89394506    0.81681591    1.01484556    1.09620913    1.04695521    0.88770555    0.96924233    0.92047419    0.86691507    0.93524591    0.82424054    0.79253234    1.02483936    0.89122242    1.10627912    0.95652282    1.03594763    0.88022590    0.87128493    1.03259010    0.82399983    0.87643310    0.97787731    1.12063051    1.01074584    0.84412939    1.26027258    0.99274092    0.96885207
T1EEI7_HELRO/4-110     1.00227227    0.00000000    1.62412924    1.39815349    1.68749492    1.42120327    1.52984156    1.47247221    1.20054418    1.44551359    1.37868810    1.63275800    1.65011027    1.90095442    1.50151158    1.43684443    1.77915906    1.80203524    1.15225786    1.25690234    1.25932896    0.98257973    1.61925531    1.58388344    1.57662784    1.50088911    1.47236492    1.18727599    1.02029835    1.04848000    1.09486220    1.16537736    1.09507450    1.01379554    0.96298740    1.05976659    1.06311213    1.04052403    0.91111934    0.93999493    1.15694846    1.04980389    1.14731236    0.99202770    0.94712983    1.00030202    0.98452885    1.24765489    1.21352777    1.10692176    1.06747843    1.09066625    1.00775434    1.13011846    1.07166277    1.00287058    1.05812584    1.07815965    1.07234782    1.47123971    1.08347214    1.02421827
C1FG10_MICCC/50-162     1.55369477    1.62412924    0.00000000    0.87539731    1.31404039    1.82397412    1.84409107    1.84445982    1.77455963    2.10084508    1.88011763    1.84616624    1.88246813    2.41477551    2.00548440    1.92424637    1.91055515    1.83771464    1.63954504    1.54119164    2.04342797    1.51900559    1.88925519    2.09298996    2.03689438    1.93699440    1.96571301    1.48210018    1.39725211    1.65141064    1.69901559    1.33105113    1.89858207    1.95836253    1.89924573    1.92394298    2.11710061    1.98822642    2.16610563    1.97896946    1.72534843    1.50956728    1.39880659    1.74520905    1.62994408    1.85191119    1.66506319    1.55499311    1.66819183    1.56620112    1.76950524    1.97597614    1.75985275    1.76206957    1.67211565    1.58572384    1.69123551    1.75137086    1.83636449    1.70110469    1.77618302    1.47400120
A4RTS4_OSTLU/49-156     1.37279869    1.39815349    0.87539731    0.00000000    0.88831529    1.42615383    1.57873949    1.60060999    1.65215186    1.94206439    1.53469914    1.78815973    1.68810495    2.03321501    1.57475974    1.58513148    1.76426960    1.61215111    1.69827240    1.53506743    1.67038702    1.62836817    2.05291261    1.85622876    1.68115437    1.85874509    1.89347194    1.41935734    1.15412696    1.59993039    1.57711630    1.48060604    1.55938562    1.73264373    1.65399764    1.63035166    1.60192697    1.62960600    1.62184754    1.62909560    1.61528153    1.45322231    1.32544538    1.50287812    1.21905079    1.45964129    1.33667965    1.59996642    1.53353149    1.42612224    1.65363376    1.55334896    1.50291526    1.58181475    1.45563993    1.48734369    1.63240212    1.58599030    1.52798820    1.85784011    1.62967159    1.45045488
Q01DA6_OSTTA/40-149     1.72493667    1.68749492    1.31404039    0.88831529    0.00000000    1.81535270    1.61358139    1.69778671    1.66916328    1.82166164    1.60085155    2.01887382    1.91303964    2.22533456    1.92398349    1.82344580    1.73433863    1.57683244    1.80642392    1.59329943    1.98319841    1.84769924    1.97689274    2.16997149    2.30502632    2.15371465    2.21144083    1.78331074    1.59107774    1.91308132    1.86466786    1.66440785    1.68073609    1.86442888    1.93051092    1.98241298    1.87537885    1.82418521    1.90308939    1.85011447    1.83056394    1.78804304    1.79801802    1.61159568    1.65175359    1.73282803    1.76083307    1.60321219    1.81591578    1.60803437    1.90305691    1.68398473    1.80713080    1.88591176    1.71283502    1.74604494    1.82526864    1.75377851    1.75746702    2.04680335    1.82678424    1.67521168
B4GJ85_DROPE/33-139     1.60931956    1.42120327    1.82397412    1.42615383    1.81535270    0.00000000    0.57964610    0.63052335    0.70031355    0.95688532    0.69165154    1.22578303    1.18725086    1.22830641    1.27073097    1.38164170    1.34913690    1.31048028    1.49590835    1.56676648    1.51039440    1.69974648    2.34597679    2.33322043    1.99641164    2.03803382    1.89459701    1.64387754    1.46810462    1.74465948    1.48915162    1.68735545    1.54488936    1.46386689    1.49188149    1.69461129    1.43470481    1.43398789    1.53891087    1.53274237    1.64278993    1.58033098    1.61791953    1.49014105    1.45606104    1.45502634    1.48644480    1.64647169    1.55161008    1.56451017    1.46968774    1.32025418    1.32048347    1.31630093    1.20477415    1.23794783    1.49666961    1.30681154    1.33863828    1.48988095    1.56260552    1.49211251
Q9VLG0_DROME/30-136     1.43467342    1.52984156    1.84409107    1.57873949    1.61358139    0.57964610    0.00000000    0.31525837    0.58688090    0.75161719    0.57750103    1.15325228    1.34443016    1.39464438    1.16802353    1.26102107    1.31310152    1.33420420    1.66264285    1.74984851    1.68750266    1.65624478    2.46865071    2.18461737    2.05255288    2.00829154    2.30180097    1.58461837    1.40642557    1.44015243    1.50980824    1.64363551    1.53633583    1.57658168    1.54148716    1.68877741    1.41549426    1.46468290    1.60299870    1.62748990    1.64960605    1.47547074    1.54230224    1.59761557    1.51683046    1.41788603    1.43220914    1.64129617    1.46749937    1.48336331    1.32262401    1.22405161    1.40047935    1.27356596    1.25169048    1.23378518    1.41670928    1.34985184    1.30329088    1.48333209    1.35115731    1.27600228
B3MUQ9_DROAN/30-136     1.51904960    1.47247221    1.84445982    1.60060999    1.69778671    0.63052335    0.31525837    0.00000000    0.64164415    0.67086554    0.51700338    1.15033239    1.24843449    1.41516463    1.30345302    1.28246755    1.32398403    1.23433069    1.72848102    1.83509362    1.54244398    1.77440582    2.48213862    2.37142636    2.21971820    2.17432481    2.50152622    1.67399728    1.60994796    1.77775387    1.69723098    1.87444183    1.63853115    1.77221450    1.79534183    1.84364878    1.57554396    1.71334952    1.78173217    1.71487182    1.66672453    1.58803688    1.68351746    1.61588513    1.56438518    1.54307758    1.46566224    1.88301385    1.51445576    1.51758401    1.42781650    1.26985547    1.33237096    1.27344624    1.20239508    1.22267066    1.42973003    1.37115893    1.44484771    1.40809583    1.51562622    1.38994842
B4MUK7_DROWI/16-122     1.34950355    1.20054418    1.77455963    1.65215186    1.66916328    0.70031355    0.58688090    0.64164415    0.00000000    0.74589475    0.64316661    1.14877631    1.24568963    1.32023514    1.24250725    1.24643913    1.31205576    1.18452755    1.59970313    1.72371073    1.46748896    1.46756381    2.21147813    2.12578457    1.74581778    1.65992778    1.93845644    1.62722003    1.47815052    1.47297096    1.59436441    1.53258637    1.37260571    1.40486361    1.48891272    1.62997180    1.28671045    1.51094551    1.51658044    1.36535590    1.41460073    1.32802666    1.55234035    1.35737477    1.41592799    1.32640554    1.35302216    1.65608090    1.42371656    1.42767768    1.34524944    1.28942349    1.20743094    1.21887793    1.22188779    1.12039126    1.19175874    1.03782534    1.31748439    1.29753778    1.26081909    1.36359932
B4JZD7_DROGR/16-124     1.37439816    1.44551359    2.10084508    1.94206439    1.82166164    0.95688532    0.75161719    0.67086554    0.74589475    0.00000000    0.36596082    1.11577574    1.18182876    1.44655124    1.45057069    1.37931972    1.48496818    1.38604991    1.51529035    1.63714583    1.55028288    1.44831965    2.07741191    2.33236462    1.97700190    1.92427266    2.13121921    1.51228370    1.47421587    1.49429296    1.44079250    1.45944777    1.43127858    1.35050416    1.62995973    1.63539232    1.45336471    1.47953239    1.59537650    1.71373346    1.41677051    1.57163503    1.51282349    1.48344426    1.49711766    1.42283718    1.38907485    1.71132334    1.34589028    1.28016136    1.15524331    1.12054946    1.18402075    1.18444000    1.17921689    1.22476491    1.21423412    1.21353381    1.08038098    1.35508149    1.29071354    1.17085269
B4KFB3_DROMO/30-138     1.36313916    1.37868810    1.88011763    1.53469914    1.60085155    0.69165154    0.57750103    0.51700338    0.64316661    0.36596082    0.00000000    0.97561966    1.00742567    1.30809497    1.14338693    1.34333042    1.43451923    1.26236020    1.42175196    1.62405857    1.49071400    1.41284971    2.27421032    2.41302334    1.89084884    1.81210244    1.96540491    1.41603598    1.35054681    1.52523993    1.34655841    1.45055736    1.33704993    1.37006407    1.52696978    1.65905541    1.39546235    1.43153495    1.54253891    1.62857883    1.41973020    1.56034578    1.45920703    1.35724842    1.36914294    1.43054148    1.27146462    1.47069733    1.42902655    1.32315052    1.19768145    1.13218957    1.19395689    1.12416634    1.16748592    1.21147084    1.33557114    1.22237667    1.12280001    1.39546681    1.43632795    1.21179343
B4JER4_DROGR/32-139     1.37070979    1.63275800    1.84616624    1.78815973    2.01887382    1.22578303    1.15325228    1.15033239    1.14877631    1.11577574    0.97561966    0.00000000    0.79238585    0.84682943    1.03515606    1.01919094    0.92215893    0.92780176    1.74321200    1.82076094    1.84519572    1.86122889    2.51321145    2.27642068    1.98621623    2.12474293    2.17896773    1.61726003    1.67877953    1.59321988    1.47984816    1.67535116    1.46099268    1.31925275    1.37045326    1.58339427    1.34866464    1.46458842    1.52343568    1.39322279    1.49968210    1.53645780    1.50792108    1.38976340    1.49516496    1.28334572    1.47412984    1.58906034    1.66466665    1.63848893    1.37067580    1.41072940    1.55096972    1.46560877    1.53223017    1.57094624    1.51239412    1.44851111    1.42983354    1.62828084    1.51644033    1.45545056
B4GNH6_DROPE/28-135     1.46676370    1.65011027    1.88246813    1.68810495    1.91303964    1.18725086    1.34443016    1.24843449    1.24568963    1.18182876    1.00742567    0.79238585    0.00000000    0.79924444    1.02659670    1.03639187    0.77801203    0.90504319    1.48645284    1.87469143    1.75649072    1.45273506    2.62058386    2.14287401    2.23566797    2.09480277    2.15199573    1.69889187    1.39802790    1.66271983    1.48338305    1.83206347    1.43202495    1.46402350    1.47510670    1.40409266    1.50044522    1.37461406    1.47905752    1.43280321    1.50171516    1.51474899    1.52268135    1.53567801    1.43496685    1.50528217    1.44496338    1.76722343    1.43291533    1.68355265    1.29507583    1.32455361    1.22274625    1.41455538    1.28444538    1.42684692    1.45166585    1.40573843    1.31886100    1.61632402    1.56251116    1.43352667
B4NJJ2_DROWI/28-135     1.71111950    1.90095442    2.41477551    2.03321501    2.22533456    1.22830641    1.39464438    1.41516463    1.32023514    1.44655124    1.30809497    0.84682943    0.79924444    0.00000000    1.07100884    1.11004000    0.89149963    0.85707049    1.94684788    1.87471032    2.16410711    1.86152683    2.80573278    2.50659032    2.37657279    2.42245892    2.51419707    1.81137941    1.73702658    2.04022009    1.69232855    1.83960677    1.61219245    1.46019147    1.52822444    1.55153623    1.42996603    1.49573905    1.48930112    1.38528392    1.62822767    1.76328174    1.78020468    1.71264018    1.52897822    1.66643228    1.67370511    1.75112852    1.75112603    1.61616495    1.70149169    1.64186021    1.63711411    1.77262188    1.74299888    1.81163648    1.58723321    1.60318753    1.68691954    1.73044278    1.65788800    1.60139041
B3MSV5_DROAN/27-134     1.55991963    1.50151158    2.00548440    1.57475974    1.92398349    1.27073097    1.16802353    1.30345302    1.24250725    1.45057069    1.14338693    1.03515606    1.02659670    1.07100884    0.00000000    0.59702486    0.87153194    0.88513271    1.67205735    1.94715775    1.73093182    1.82575748    2.41833858    1.90889718    1.93954341    1.81569997    1.87417528    1.64563574    1.43369619    1.45069182    1.59251973    1.72427717    1.34228074    1.36782037    1.48683203    1.58099255    1.49505518    1.39595645    1.51524441    1.44225452    1.62669636    1.51657471    1.37299349    1.51275562    1.51646411    1.39277227    1.32462279    1.76913172    1.37890609    1.63874725    1.51352397    1.40378319    1.35743992    1.46094098    1.40390126    1.42662079    1.32400744    1.28990651    1.31926964    1.59163292    1.37174062    1.40945154
JANB_DROSE/28-135     1.52119351    1.43684443    1.92424637    1.58513148    1.82344580    1.38164170    1.26102107    1.28246755    1.24643913    1.37931972    1.34333042    1.01919094    1.03639187    1.11004000    0.59702486    0.00000000    0.76209301    0.77311714    1.53400976    2.02472328    1.73259774    1.78572675    2.27697017    2.07387278    2.15660105    1.92418995    2.09703038    1.67454125    1.50957527    1.46123648    1.67565705    1.71479911    1.54802784    1.50916038    1.48393260    1.57836810    1.55189371    1.60194523    1.55788949    1.57923314    1.56772730    1.51406899    1.50473279    1.51954327    1.48497716    1.40086283    1.58094060    1.56660432    1.42864586    1.49837637    1.47075521    1.43874143    1.39268998    1.33380414    1.26815493    1.30817011    1.38079823    1.26373037    1.29422284    1.54381864    1.31681269    1.28122881
B3MSV6_DROAN/34-141     1.61073517    1.77915906    1.91055515    1.76426960    1.73433863    1.34913690    1.31310152    1.32398403    1.31205576    1.48496818    1.43451923    0.92215893    0.77801203    0.89149963    0.87153194    0.76209301    0.00000000    0.33149892    1.74087853    2.04659369    1.99628218    1.71899710    2.72031685    2.11993354    2.33435950    2.00005809    2.12077539    1.77092904    1.59930658    1.68927086    1.64939090    1.97004741    1.51431147    1.46681845    1.54258267    1.56120816    1.52687119    1.55995079    1.50131838    1.43176119    1.72603082    1.57221383    1.67502026    1.58844585    1.73139121    1.62275058    1.58597059    1.57576070    1.36998611    1.74948892    1.41354606    1.41552224    1.31641641    1.38629417    1.33067805    1.42970150    1.50710653    1.45352579    1.21030982    1.66685600    1.48825464    1.28520659
B4HZK5_DROSE/29-136     1.70393538    1.80203524    1.83771464    1.61215111    1.57683244    1.31048028    1.33420420    1.23433069    1.18452755    1.38604991    1.26236020    0.92780176    0.90504319    0.85707049    0.88513271    0.77311714    0.33149892    0.00000000    1.86269558    1.93199655    1.74153999    1.71945872    2.51817843    2.24323660    1.93643014    2.04448041    2.07718103    1.89054991    1.54927700    1.78099252    1.80055986    1.94858859    1.52686873    1.66836576    1.54943311    1.72010940    1.54689086    1.63988035    1.65093782    1.44970547    1.72135523    1.63895397    1.63965559    1.62388622    1.64037991    1.53839153    1.74193432    1.66653877    1.49120957    1.82666028    1.45312862    1.45712453    1.43948327    1.57296942    1.32639205    1.41209898    1.39972229    1.33930285    1.41240815    1.56663770    1.45219637    1.54340826
C4WU53_ACYPI/6-114     1.21380222    1.15225786    1.63954504    1.69827240    1.80642392    1.49590835    1.66264285    1.72848102    1.59970313    1.51529035    1.42175196    1.74321200    1.48645284    1.94684788    1.67205735    1.53400976    1.74087853    1.86269558    0.00000000    1.50334224    1.19834800    1.02929699    1.85909621    2.05662652    1.73519861    1.54683601    1.45423875    1.39240318    1.04817189    1.27724879    1.06042295    1.04060277    1.07184295    1.11101812    1.26392812    1.31795078    1.21991420    1.19452743    1.17725405    1.21394841    1.41942744    1.47822770    1.28906418    1.30228428    1.18132080    1.30336336    1.34295693    1.37448230    1.28690850    1.35271389    1.35554380    1.28486954    1.20558490    1.40337552    1.26484159    1.40811707    1.48825210    1.53642965    1.25460996    1.38977586    1.28107533    1.15874551
D8TR36_VOLCA/1-107     1.26173794    1.25690234    1.54119164    1.53506743    1.59329943    1.56676648    1.74984851    1.83509362    1.72371073    1.63714583    1.62405857    1.82076094    1.87469143    1.87471032    1.94715775    2.02472328    2.04659369    1.93199655    1.50334224    0.00000000    1.12459319    1.34905065    1.74344240    1.65844502    1.81785804    1.79178957    1.81106613    1.22282331    1.31457961    1.32874553    1.44250811    1.29800181    1.32963582    1.50873913    1.32629041    1.35551794    1.28705351    1.25262416    1.41744913    1.41732286    1.36652778    1.23447292    1.30026966    1.36269780    1.28196362    1.31259404    1.34474030    1.23700966    1.37950867    1.27148251    1.39993311    1.36771346    1.50786434    1.56219156    1.54639180    1.53968415    1.52968878    1.40462280    1.49593583    1.50948849    1.15651779    1.30292880
D8RVF9_SELML/147-251     1.49615736    1.25932896    2.04342797    1.67038702    1.98319841    1.51039440    1.68750266    1.54244398    1.46748896    1.55028288    1.49071400    1.84519572    1.75649072    2.16410711    1.73093182    1.73259774    1.99628218    1.74153999    1.19834800    1.12459319    0.00000000    1.33693326    1.87487614    1.84999833    1.58646765    1.52629117    1.65863416    1.29628344    1.57595203    1.55218572    1.41776221    1.38791130    1.29706744    1.28542845    1.22381881    1.42543878    1.25028939    1.27704818    1.27692903    1.19343078    1.59596698    1.38592553    1.62387191    1.47272415    1.43016130    1.33186998    1.32283099    1.39142199    1.41423694    1.33109523    1.31982818    1.21938160    1.28431301    1.38008495    1.23723045    1.30577183    1.45365501    1.31444198    1.23111929    1.64456190    1.22014861    1.28302004
P90861_CAEEL/3-108     0.78950271    0.98257973    1.51900559    1.62836817    1.84769924    1.69974648    1.65624478    1.77440582    1.46756381    1.44831965    1.41284971    1.86122889    1.45273506    1.86152683    1.82575748    1.78572675    1.71899710    1.71945872    1.02929699    1.34905065    1.33693326    0.00000000    1.89683057    1.72120502    1.34025824    1.32295395    1.29185075    1.07133623    0.82978198    0.96626348    0.91082726    0.86420601    1.05792884    1.04155769    1.12229835    1.20923946    1.33676573    1.14903429    1.13816776    1.06229346    1.16067003    1.02728000    1.10990244    1.04996713    1.12723948    1.17474965    1.01889529    1.03489102    1.02284125    1.13120827    1.06401992    0.98406421    1.02152410    1.16326685    1.07497324    1.11763986    1.09408507    1.18958557    1.00736909    1.34875903    1.05910776    1.02439198
D7FIT0_ECTSI/40-149     1.94083037    1.61925531    1.88925519    2.05291261    1.97689274    2.34597679    2.46865071    2.48213862    2.21147813    2.07741191    2.27421032    2.51321145    2.62058386    2.80573278    2.41833858    2.27697017    2.72031685    2.51817843    1.85909621    1.74344240    1.87487614    1.89683057    0.00000000    1.62928744    1.78114824    2.09110955    2.19433477    1.75547008    1.71972535    1.69492958    1.79005809    1.65719500    1.46472836    1.95021837    2.09070194    2.01013328    1.84926765    1.94138325    1.82077958    1.93636004    1.77534070    1.67025357    1.61711772    1.66609139    1.62490350    1.76332289    1.66462614    1.54516223    2.01422243    1.86535132    1.90903859    1.99324318    1.92372981    2.05206930    2.05362534    2.01931339    1.81668893    1.85517836    1.94240751    1.85548035    1.75265439    1.72880942
B7FPK2_PHATC/35-143     1.78889611    1.58388344    2.09298996    1.85622876    2.16997149    2.33322043    2.18461737    2.37142636    2.12578457    2.33236462    2.41302334    2.27642068    2.14287401    2.50659032    1.90889718    2.07387278    2.11993354    2.24323660    2.05662652    1.65844502    1.84999833    1.72120502    1.62928744    0.00000000    1.94389860    2.05067679    1.85118987    1.82475552    1.43346872    1.74793642    1.57088266    1.53104645    1.62718630    1.72028877    1.63160026    1.88322368    1.71071515    1.59424019    1.74988227    1.65712185    1.66448817    1.39804729    1.53567353    1.56970267    1.72358721    1.64533601    1.62532142    1.84182775    1.59659982    1.92922163    1.91907709    1.70649766    1.57795774    1.72626785    1.62134866    1.63038255    1.82174179    1.80200585    1.58900840    1.76517206    1.50296055    1.62228555
Q22AM4_TETTS/12-142     1.40817845    1.57662784    2.03689438    1.68115437    2.30502632    1.99641164    2.05255288    2.21971820    1.74581778    1.97700190    1.89084884    1.98621623    2.23566797    2.37657279    1.93954341    2.15660105    2.33435950    1.93643014    1.73519861    1.81785804    1.58646765    1.34025824    1.78114824    1.94389860    0.00000000    1.43566219    1.50209585    1.51633158    1.33688494    1.53756771    1.46213885    1.41500343    1.40329700    1.65890868    1.66312654    1.70980836    1.62674852    1.59034065    1.65542057    1.56111385    1.59515884    1.49714612    1.48355740    1.63134055    1.66557428    1.61649706    1.68804334    1.78333292    1.34914578    1.74318765    1.76120971    1.67881982    1.72913092    1.73500593    1.64709410    1.61042950    1.68679358    1.64796753    1.68893577    1.54003986    1.37503468    1.45405663
A0CIG1_PARTE/16-143     1.47126416    1.50088911    1.93699440    1.85874509    2.15371465    2.03803382    2.00829154    2.17432481    1.65992778    1.92427266    1.81210244    2.12474293    2.09480277    2.42245892    1.81569997    1.92418995    2.00005809    2.04448041    1.54683601    1.79178957    1.52629117    1.32295395    2.09110955    2.05067679    1.43566219    0.00000000    0.34269811    1.65042576    1.56078223    1.55911940    1.34798497    1.44747512    1.39654392    1.47520950    1.35176383    1.62123207    1.57657850    1.51196840    1.52469309    1.55831882    1.58288139    1.39761579    1.55199769    1.47535151    1.57332248    1.59692243    1.49376126    1.53957995    1.36429878    1.61468858    1.65384030    1.60218741    1.53568141    1.52327093    1.55714608    1.50968904    1.66061769    1.66268092    1.36893353    1.79836908    1.51931445    1.49010888
A0DXU6_PARTE/58-185     1.40068880    1.47236492    1.96571301    1.89347194    2.21144083    1.89459701    2.30180097    2.50152622    1.93845644    2.13121921    1.96540491    2.17896773    2.15199573    2.51419707    1.87417528    2.09703038    2.12077539    2.07718103    1.45423875    1.81106613    1.65863416    1.29185075    2.19433477    1.85118987    1.50209585    0.34269811    0.00000000    1.80845965    1.50791846    1.58458238    1.42549415    1.43059840    1.47792214    1.45436458    1.44490997    1.62853031    1.60693683    1.54748797    1.54061463    1.60739095    1.54187718    1.46850894    1.49876605    1.54143187    1.57468144    1.68638235    1.59963326    1.59311218    1.56256456    1.72539758    1.72185895    1.66892839    1.56712133    1.70726092    1.63708714    1.78602520    1.83763693    1.84033051    1.49020877    2.03203893    1.49970280    1.65509221
F2UR78_SALR5/1-104     1.08527762    1.18727599    1.48210018    1.41935734    1.78331074    1.64387754    1.58461837    1.67399728    1.62722003    1.51228370    1.41603598    1.61726003    1.69889187    1.81137941    1.64563574    1.67454125    1.77092904    1.89054991    1.39240318    1.22282331    1.29628344    1.07133623    1.75547008    1.82475552    1.51633158    1.65042576    1.80845965    0.00000000    0.90716248    1.05220253    1.14784595    0.96468251    0.89597154    1.18184578    1.21986694    1.34164800    1.20013508    1.15397765    1.23882161    1.38208968    1.11269309    1.05138134    1.02068187    1.02667626    0.90757462    1.10149230    0.90084458    1.21646669    1.19811869    1.15764591    1.27895525    1.28540949    1.15005957    1.14698301    1.19037614    1.30768834    1.24881729    1.26661272    1.08545707    1.66280194    1.24222312    0.97755677
A0A7M7RE46_STRPU/6-110     0.80912077    1.02029835    1.39725211    1.15412696    1.59107774    1.46810462    1.40642557    1.60994796    1.47815052    1.47421587    1.35054681    1.67877953    1.39802790    1.73702658    1.43369619    1.50957527    1.59930658    1.54927700    1.04817189    1.31457961    1.57595203    0.82978198    1.71972535    1.43346872    1.33688494    1.56078223    1.50791846    0.90716248    0.00000000    0.93034689    0.77321645    0.79455088    0.55471906    1.06481513    0.96245973    1.02226255    1.03436324    0.94704603    0.92631236    1.02179882    0.91823433    0.80448278    0.80196550    0.78292667    0.73790838    0.98527891    0.71423766    0.96800883    0.75572910    0.96646099    1.02926722    0.99737772    1.07327670    0.97450117    0.95933432    1.00257674    1.01766455    0.97809203    0.95289632    1.17670359    1.01308207    0.85656179
F7AD14_CIOIN/7-110     1.00797882    1.04848000    1.65141064    1.59993039    1.91308132    1.74465948    1.44015243    1.77775387    1.47297096    1.49429296    1.52523993    1.59321988    1.66271983    2.04022009    1.45069182    1.46123648    1.68927086    1.78099252    1.27724879    1.32874553    1.55218572    0.96626348    1.69492958    1.74793642    1.53756771    1.55911940    1.58458238    1.05220253    0.93034689    0.00000000    0.77267127    0.94836150    0.66685516    0.99346599    0.99902575    1.02326505    0.92824418    0.95928212    1.05835513    1.00256123    0.91891895    0.83477844    0.81213250    0.83906194    0.75740527    0.94326816    0.83505578    1.01973146    0.95245097    1.21095279    1.10265155    1.10023543    1.15073669    1.22392415    1.21742138    1.30561120    1.15356964    1.19276475    1.18829054    1.19321711    0.75289614    0.87728956
A7SNS5_NEMVE/12-116     0.88604036    1.09486220    1.69901559    1.57711630    1.86466786    1.48915162    1.50980824    1.69723098    1.59436441    1.44079250    1.34655841    1.47984816    1.48338305    1.69232855    1.59251973    1.67565705    1.64939090    1.80055986    1.06042295    1.44250811    1.41776221    0.91082726    1.79005809    1.57088266    1.46213885    1.34798497    1.42549415    1.14784595    0.77321645    0.77267127    0.00000000    0.69528247    0.55494347    0.88750118    0.88254961    0.91149895    0.84664878    0.80607343    0.79144287    0.82379181    0.81317961    0.64303816    0.73049973    0.73831219    0.73581674    0.80517301    0.56709352    0.96014291    0.78913208    0.99258831    0.97257009    0.88936340    0.83321128    0.83330828    0.77794559    0.93836007    0.99339048    1.02011426    0.78836771    1.18551143    0.90494525    0.66157962
B3RN85_TRIAD/15-119     1.02678645    1.16537736    1.33105113    1.48060604    1.66440785    1.68735545    1.64363551    1.87444183    1.53258637    1.45944777    1.45055736    1.67535116    1.83206347    1.83960677    1.72427717    1.71479911    1.97004741    1.94858859    1.04060277    1.29800181    1.38791130    0.86420601    1.65719500    1.53104645    1.41500343    1.44747512    1.43059840    0.96468251    0.79455088    0.94836150    0.69528247    0.00000000    0.74485059    1.07287974    1.17564669    1.09596075    0.99897704    1.10251043    1.09548297    1.05997982    0.97934985    0.88648744    0.94853022    0.99969940    0.91451876    0.94737146    0.95232093    1.13024727    0.95730334    1.26921951    1.09774390    1.20281475    1.11896883    1.23977964    1.20524224    1.27037785    1.15929564    1.28010815    1.05282797    1.15159557    0.88035865    0.83545983
C3YTP4_BRAFL/1-103     0.84635692    1.09507450    1.89858207    1.55938562    1.68073609    1.54488936    1.53633583    1.63853115    1.37260571    1.43127858    1.33704993    1.46099268    1.43202495    1.61219245    1.34228074    1.54802784    1.51431147    1.52686873    1.07184295    1.32963582    1.29706744    1.05792884    1.46472836    1.62718630    1.40329700    1.39654392    1.47792214    0.89597154    0.55471906    0.66685516    0.55494347    0.74485059    0.00000000    0.79239972    0.80522803    0.87393617    0.69695922    0.64666799    0.73237934    0.78823182    0.57660444    0.59531206    0.58558159    0.54560751    0.56621338    0.68430063    0.46964950    0.92625866    0.67769491    1.10892910    0.91224186    0.82547101    0.97926862    1.00485901    1.06573221    1.18593861    1.13704102    0.98011328    0.98203278    1.11386905    0.72135849    0.63840384
A0A6I8SGA3_XENTR/8-116     0.89394506    1.01379554    1.95836253    1.73264373    1.86442888    1.46386689    1.57658168    1.77221450    1.40486361    1.35050416    1.37006407    1.31925275    1.46402350    1.46019147    1.36782037    1.50916038    1.46681845    1.66836576    1.11101812    1.50873913    1.28542845    1.04155769    1.95021837    1.72028877    1.65890868    1.47520950    1.45436458    1.18184578    1.06481513    0.99346599    0.88750118    1.07287974    0.79239972    0.00000000    0.36782714    0.49395001    0.42699396    0.38134716    0.38334851    0.38249240    0.88014117    0.86383192    0.81842752    0.72900457    0.80901580    0.88584273    0.83169417    1.16168424    1.12484549    1.13741352    1.05776570    0.92768459    1.08023753    1.18254342    1.21468015    1.28397978    1.29715898    1.25507744    1.09902119    1.24015322    0.86661647    0.96661139
U3IF16_ANAPP/1-107     0.81681591    0.96298740    1.89924573    1.65399764    1.93051092    1.49188149    1.54148716    1.79534183    1.48891272    1.62995973    1.52696978    1.37045326    1.47510670    1.52822444    1.48683203    1.48393260    1.54258267    1.54943311    1.26392812    1.32629041    1.22381881    1.12229835    2.09070194    1.63160026    1.66312654    1.35176383    1.44490997    1.21986694    0.96245973    0.99902575    0.88254961    1.17564669    0.80522803    0.36782714    0.00000000    0.42470575    0.47585926    0.40379440    0.35742915    0.31601696    0.87599820    0.83649555    0.95592517    0.72068990    0.82620492    0.92657396    0.87579600    1.04642385    1.15243392    1.26246509    1.12553696    0.92351991    1.08793083    1.19406927    1.11015686    1.21154469    1.22943793    1.19266882    1.14036431    1.37376820    0.94967171    1.00507911
Q5TYP3_DANRE/5-111     1.01484556    1.05976659    1.92394298    1.63035166    1.98241298    1.69461129    1.68877741    1.84364878    1.62997180    1.63539232    1.65905541    1.58339427    1.40409266    1.55153623    1.58099255    1.57836810    1.56120816    1.72010940    1.31795078    1.35551794    1.42543878    1.20923946    2.01013328    1.88322368    1.70980836    1.62123207    1.62853031    1.34164800    1.02226255    1.02326505    0.91149895    1.09596075    0.87393617    0.49395001    0.42470575    0.00000000    0.40101074    0.26204764    0.34153837    0.36290264    1.00721204    0.91017807    0.96789230    0.85827948    0.86955801    0.89565994    0.88497472    1.09639487    1.14957260    1.18088640    1.08839907    1.05727084    1.01482641    1.31355274    1.19361100    1.30263676    1.17241605    1.13721171    1.19974476    1.28500880    1.03262562    1.04931526
A0A5C6MSY3_9TELE/5-111     1.09620913    1.06311213    2.11710061    1.60192697    1.87537885    1.43470481    1.41549426    1.57554396    1.28671045    1.45336471    1.39546235    1.34866464    1.50044522    1.42996603    1.49505518    1.55189371    1.52687119    1.54689086    1.21991420    1.28705351    1.25028939    1.33676573    1.84926765    1.71071515    1.62674852    1.57657850    1.60693683    1.20013508    1.03436324    0.92824418    0.84664878    0.99897704    0.69695922    0.42699396    0.47585926    0.40101074    0.00000000    0.23315575    0.34051474    0.39777399    0.84247488    0.82777935    0.77422384    0.65534543    0.70616440    0.80769725    0.72234319    1.21590631    1.06784366    1.18684481    1.11629730    1.02321474    1.03155164    1.15107376    1.15820418    1.31908168    1.29571888    1.29837580    1.19777358    1.29094290    0.90638853    0.99705903
A0A669CTY5_ORENI/29-135     1.04695521    1.04052403    1.98822642    1.62960600    1.82418521    1.43398789    1.46468290    1.71334952    1.51094551    1.47953239    1.43153495    1.46458842    1.37461406    1.49573905    1.39595645    1.60194523    1.55995079    1.63988035    1.19452743    1.25262416    1.27704818    1.14903429    1.94138325    1.59424019    1.59034065    1.51196840    1.54748797    1.15397765    0.94704603    0.95928212    0.80607343    1.10251043    0.64666799    0.38134716    0.40379440    0.26204764    0.23315575    0.00000000    0.30990992    0.41680400    0.80937531    0.76701618    0.70694095    0.72853815    0.77394810    0.82401577    0.75110683    1.06679941    1.11019937    1.25181524    1.11887070    0.89410923    0.92211945    1.07084288    1.05669229    1.21147409    1.18063301    1.11938496    1.10067684    1.21347515    0.88902653    0.97033005
W5LZR4_LEPOC/13-119     0.88770555    0.91111934    2.16610563    1.62184754    1.90308939    1.53891087    1.60299870    1.78173217    1.51658044    1.59537650    1.54253891    1.52343568    1.47905752    1.48930112    1.51524441    1.55788949    1.50131838    1.65093782    1.17725405    1.41744913    1.27692903    1.13816776    1.82077958    1.74988227    1.65542057    1.52469309    1.54061463    1.23882161    0.92631236    1.05835513    0.79144287    1.09548297    0.73237934    0.38334851    0.35742915    0.34153837    0.34051474    0.30990992    0.00000000    0.26834760    0.88465616    0.85394431    0.79351804    0.72245740    0.67442405    0.74879281    0.76365202    1.19213301    1.12629222    1.34000520    1.09392155    0.94564311    1.01228823    1.26491415    1.12414617    1.25392882    1.26109012    1.23099324    1.03827001    1.36476328    0.93310193    1.03028872
H2ZS22_LATCH/31-137     0.96924233    0.93999493    1.97896946    1.62909560    1.85011447    1.53274237    1.62748990    1.71487182    1.36535590    1.71373346    1.62857883    1.39322279    1.43280321    1.38528392    1.44225452    1.57923314    1.43176119    1.44970547    1.21394841    1.41732286    1.19343078    1.06229346    1.93636004    1.65712185    1.56111385    1.55831882    1.60739095    1.38208968    1.02179882    1.00256123    0.82379181    1.05997982    0.78823182    0.38249240    0.31601696    0.36290264    0.39777399    0.41680400    0.26834760    0.00000000    0.96518918    0.84040836    0.91624284    0.69435343    0.75262448    0.83364116    0.82998054    1.13428614    1.09852222    1.19685192    1.08870910    0.99957805    1.06295002    1.19374501    1.05071623    1.11653682    1.16790345    1.13316170    1.16348433    1.37888813    0.84373015    1.03492748
F7A7G4_XENTR/6-116     0.92047419    1.15694846    1.72534843    1.61528153    1.83056394    1.64278993    1.64960605    1.66672453    1.41460073    1.41677051    1.41973020    1.49968210    1.50171516    1.62822767    1.62669636    1.56772730    1.72603082    1.72135523    1.41942744    1.36652778    1.59596698    1.16067003    1.77534070    1.66448817    1.59515884    1.58288139    1.54187718    1.11269309    0.91823433    0.91891895    0.81317961    0.97934985    0.57660444    0.88014117    0.87599820    1.00721204    0.84247488    0.80937531    0.88465616    0.96518918    0.00000000    0.38232784    0.42541719    0.37651254    0.43626216    0.65044640    0.39959694    1.19838894    0.83647237    1.03013852    0.99442484    0.97416022    0.98941552    1.10378174    1.05064119    1.12572349    1.20490121    1.18248404    0.97874584    1.26859740    1.03548797    0.67696961
Q4T1D2_TETNG/11-120     0.86691507    1.04980389    1.50956728    1.45322231    1.78804304    1.58033098    1.47547074    1.58803688    1.32802666    1.57163503    1.56034578    1.53645780    1.51474899    1.76328174    1.51657471    1.51406899    1.57221383    1.63895397    1.47822770    1.23447292    1.38592553    1.02728000    1.67025357    1.39804729    1.49714612    1.39761579    1.46850894    1.05138134    0.80448278    0.83477844    0.64303816    0.88648744    0.59531206    0.86383192    0.83649555    0.91017807    0.82777935    0.76701618    0.85394431    0.84040836    0.38232784    0.00000000    0.30533409    0.44228004    0.41258325    0.55978336    0.40409657    0.98491431    0.81535790    0.98475152    0.99973026    0.94350574    0.93511880    0.95896227    0.88239814    0.88833246    1.04808285    0.96901379    0.93878697    1.12863735    0.87041688    0.56916695
Q6DC18_DANRE/6-113     0.93524591    1.14731236    1.39880659    1.32544538    1.79801802    1.61791953    1.54230224    1.68351746    1.55234035    1.51282349    1.45920703    1.50792108    1.52268135    1.78020468    1.37299349    1.50473279    1.67502026    1.63965559    1.28906418    1.30026966    1.62387191    1.10990244    1.61711772    1.53567353    1.48355740    1.55199769    1.49876605    1.02068187    0.80196550    0.81213250    0.73049973    0.94853022    0.58558159    0.81842752    0.95592517    0.96789230    0.77422384    0.70694095    0.79351804    0.91624284    0.42541719    0.30533409    0.00000000    0.38227233    0.41460693    0.63526562    0.38237945    1.07790137    0.86551380    0.90296356    0.99979603    0.96370143    0.87514208    1.00623208    0.93346995    1.06307800    1.13328283    1.08857800    0.92116967    1.02931796    0.75674031    0.66578617
H0XUK7_OTOGA/6-117     0.82424054    0.99202770    1.74520905    1.50287812    1.61159568    1.49014105    1.59761557    1.61588513    1.35737477    1.48344426    1.35724842    1.38976340    1.53567801    1.71264018    1.51275562    1.51954327    1.58844585    1.62388622    1.30228428    1.36269780    1.47272415    1.04996713    1.66609139    1.56970267    1.63134055    1.47535151    1.54143187    1.02667626    0.78292667    0.83906194    0.73831219    0.99969940    0.54560751    0.72900457    0.72068990    0.85827948    0.65534543    0.72853815    0.72245740    0.69435343    0.37651254    0.44228004    0.38227233    0.00000000    0.36268797    0.54902454    0.34666014    1.08625517    0.91008378    0.90125696    0.93951164    0.97574031    0.91682105    1.02520960    1.03166834    1.06956497    1.18129389    1.16883555    0.98859669    1.24994729    0.95552766    0.68899082
