6
ROH1_ARATH/2-404     0.00000000    0.56503974    0.53548111    1.05813933    1.16901440    1.21332162
O81749_ARATH/2-390     0.56503974    0.00000000    0.37237111    1.01242756    1.10028001    1.18649470
Q9SUT1_ARATH/2-369     0.53548111    0.37237111    0.00000000    1.12343771    1.11285167    1.19839904
Q9M9U5_ARATH/1-382     1.05813933    1.01242756    1.12343771    0.00000000    0.32868534    0.33824485
Q9CA69_ARATH/1-390     1.16901440    1.10028001    1.11285167    0.32868534    0.00000000    0.40685274
Q6DYE2_ARATH/31-406     1.21332162    1.18649470    1.19839904    0.33824485    0.40685274    0.00000000

