8
Q9HW92_PSEAE/6-495     0.00000000    1.14780977    0.85237167    0.78704299    0.82609133    0.79656185    0.88282295    0.84224908
I6Y0X6_MYCTU/37-532     1.14780977    0.00000000    1.13905087    1.10001804    1.14932494    1.12283445    1.18220378    1.08582255
Q9CL13_PASMU/2-499     0.85237167    1.13905087    0.00000000    0.83477149    0.82958750    0.77787059    0.78965918    0.68648923
Q9ABY0_CAUVC/9-512     0.78704299    1.10001804    0.83477149    0.00000000    0.62176118    0.61195423    0.73400275    0.73191405
Q92RC7_RHIME/11-520     0.82609133    1.14932494    0.82958750    0.62176118    0.00000000    0.39590901    0.75050435    0.71966060
Q2YMR9_BRUA2/13-501     0.79656185    1.12283445    0.77787059    0.61195423    0.39590901    0.00000000    0.69294758    0.74625281
Q8XXC6_RALSO/3-534     0.88282295    1.18220378    0.78965918    0.73400275    0.75050435    0.69294758    0.00000000    0.51551844
YJGR_ECOLI/3-500     0.84224908    1.08582255    0.68648923    0.73191405    0.71966060    0.74625281    0.51551844    0.00000000

