101
C4JJV1_UNCRE/84-252     0.00000000    0.51922064    0.43603106    0.36249048    0.46062207    0.39420612    0.43857676    0.53929075    0.43501271    0.39603400    0.48440489    0.50750072    0.64248276    0.61405831    0.55292292    0.54278135    0.83810849    0.52532964    0.47375385    0.59540536    0.46618860    0.71324998    0.86816677    0.80028994    0.78971567    0.76727533    0.90076781    0.68674204    0.94102429    0.78538654    0.76174724    0.74968577    1.17595325    1.18727766    1.09243063    1.02874809    0.73020778    0.71643565    0.80170834    0.78853375    0.72771098    0.78298483    0.96596253    0.92205765    1.23492294    1.27273386    1.10416391    1.17354236    1.13562619    1.11216399    1.26688232    1.38756444    1.31846593    1.23447195    1.15052101    1.22362563    1.36506165    1.33814851    1.32542156    1.30202279    1.30288052    1.22678911    1.36687485    1.44453682    1.50946295    1.38959624    1.20586860    1.16180188    1.09495885    1.06258999    0.95081506    0.93306503    0.99766853    1.00574261    1.04971787    1.05639293    1.08244557    0.95461549    0.99775281    1.02711052    0.94905313    0.99509993    0.93095200    1.20267452    1.03247534    1.66746764    1.56962784    1.24721797    0.96680802    1.11040667    1.11322772    1.04787889    0.95559950    1.09009858    0.85498100    0.97264993    0.87544851    0.90265831    0.56882840    0.40857611    0.39603874
G4MNQ2_MAGO7/84-252     0.51922064    0.00000000    0.47380144    0.40080706    0.46676165    0.43764571    0.43605064    0.59635824    0.40217066    0.46006253    0.57449025    0.47604325    0.58434411    0.61088061    0.57099942    0.63069216    0.84232512    0.54073021    0.61290150    0.78403027    0.71111328    0.77657208    0.92807844    0.73489504    0.86806880    0.83468436    0.99054576    0.95105531    0.96780514    0.85886649    0.80902410    0.86918203    1.15451999    1.16336267    1.14100466    1.07015096    0.90207994    0.85940035    0.88714972    0.85781209    0.89601230    0.87195960    0.96860259    0.86944960    1.31968203    1.30702653    1.23061342    1.22787389    1.21075650    1.27535372    1.26261321    1.34853980    1.40657552    1.32895989    1.21827069    1.23257752    1.32856453    1.30083744    1.31931318    1.43031134    1.34395386    1.18552284    1.23817437    1.51440612    1.52409909    1.43021174    1.17013596    1.23001663    1.15748814    1.19885580    1.08627927    1.13368652    1.14858085    1.20152137    1.26277405    1.27062555    1.24905832    1.21781668    1.11844001    1.11727875    1.10451807    1.03546416    0.91286424    1.20836939    1.07089780    1.53859878    1.54442940    1.35795140    0.97346108    1.05372221    1.15835551    0.97799018    0.97863547    1.15772591    0.99246463    1.09026422    0.90763506    0.97720436    0.49718713    0.49151369    0.44912778
E9EBJ4_METAQ/18-186     0.43603106    0.47380144    0.00000000    0.40253566    0.43782298    0.43121903    0.42754810    0.58076367    0.38589257    0.42242045    0.54928210    0.52748086    0.62913223    0.63222851    0.57910481    0.62266440    0.90210717    0.45559501    0.54208137    0.63356529    0.62316546    0.72299507    0.90142461    0.80672106    0.86723717    0.75363631    0.91595979    0.76044639    0.93168534    0.92170605    0.80315815    0.70879057    1.33364167    1.18502501    1.18178061    1.09080110    0.80240366    0.85607494    0.83199217    0.77881592    0.79050480    0.84701383    1.08059167    0.94648274    1.38636134    1.24333393    1.21926142    1.21024762    1.25890799    1.27760881    1.31253386    1.56390632    1.51397595    1.34139397    1.24522142    1.27292637    1.49046540    1.33701697    1.36279444    1.35558929    1.36357771    1.18574834    1.41629928    1.37256134    1.46351991    1.42797968    1.22513471    1.23743708    1.16208434    1.15601330    1.03099041    0.98177767    0.94990984    1.03667800    1.10675186    1.14808974    1.16166378    1.03735699    0.99653039    1.07825166    1.05356822    1.10793941    0.96225198    1.25238548    1.10034340    1.75990132    1.57863299    1.48560909    1.05426513    1.12180847    1.24053258    1.13357938    1.00568874    1.07418633    0.99267851    1.02590659    0.85728923    0.99974044    0.48858015    0.45674987    0.37234553
A0A0C4EDI6_MAGP6/75-243     0.36249048    0.40080706    0.40253566    0.00000000    0.38126865    0.35514126    0.41579180    0.47051102    0.30647091    0.36283986    0.48059767    0.47816135    0.53789509    0.50479035    0.54056931    0.50308840    0.78037329    0.47728145    0.52101568    0.59965111    0.49267780    0.74833495    0.87806253    0.74548307    0.81937683    0.74222664    0.80140923    0.73218538    0.85782993    0.81648687    0.71793466    0.68489646    1.13869273    1.11609647    1.05773953    1.00572718    0.72268670    0.71514815    0.80646937    0.70532498    0.72158191    0.79785578    0.80916816    0.77086128    1.21547336    1.19009725    1.11905362    1.12466862    1.14463617    1.12690795    1.23456555    1.45296213    1.31702274    1.26224056    1.13092926    1.18940413    1.17540169    1.11835754    1.22466331    1.23528262    1.13738841    1.08440654    1.24651952    1.30168680    1.44814314    1.35699834    1.09021777    1.09822437    1.02221646    1.11972919    1.02358812    0.99999105    1.03507997    1.09070497    1.13970412    1.19823300    1.19983232    1.13965821    1.00101095    1.02470990    1.00873299    0.99879362    0.98510030    1.10294428    1.01171024    1.78198569    1.56929186    1.27563710    0.95488838    1.08837390    1.05247397    1.03744983    0.88851902    1.07022363    0.79888141    0.87630859    0.83153331    0.75703848    0.47221249    0.35256462    0.29631454
M7SQ47_EUTLA/66-234     0.46062207    0.46676165    0.43782298    0.38126865    0.00000000    0.35447687    0.35505257    0.48112090    0.32607052    0.32719424    0.54946958    0.61866345    0.64692520    0.56340682    0.55429690    0.54298159    0.76987526    0.44266346    0.53699930    0.66189879    0.59552073    0.77663162    0.87790837    0.75285536    0.85400851    0.75454464    0.87009586    0.78409368    0.99384676    0.78858802    0.75610897    0.71225067    1.18312556    1.13104947    1.09663726    0.96368390    0.73334444    0.79371767    0.76241635    0.71534541    0.72405955    0.84036082    1.04282097    0.85522458    1.29245406    1.28197235    1.20148480    1.22033061    1.23381439    1.23686044    1.30583875    1.40502924    1.39446216    1.25185538    1.22111911    1.29282426    1.41980773    1.39580797    1.44111003    1.34790845    1.38166350    1.34162239    1.37642251    1.50577592    1.67724726    1.46326557    1.31480443    1.28271594    1.15223708    1.09941973    1.10073555    1.05430681    1.08531559    1.10684606    1.07366868    1.13258576    1.13856235    1.06442081    1.08772360    1.13104635    1.08857783    1.11655943    1.05179017    1.15215855    1.01927360    1.74645074    1.48781301    1.45730004    0.99423998    0.99928405    1.09661126    1.09652282    0.96787161    1.16820201    0.84732066    0.89463282    0.84200381    0.80715976    0.50322115    0.38005462    0.38051741
H1UX75_COLHI/78-246     0.39420612    0.43764571    0.43121903    0.35514126    0.35447687    0.00000000    0.29082075    0.50829530    0.32497932    0.32099313    0.48098113    0.47315866    0.52980756    0.51128457    0.48207633    0.53597103    0.73556963    0.43197169    0.53254204    0.61343386    0.60793737    0.73100458    0.83750285    0.74536484    0.82637128    0.74959391    0.91729824    0.72317195    0.95135659    0.83879460    0.77975019    0.73649381    1.15754107    1.06509588    1.01683471    1.03303511    0.74840739    0.73186262    0.88054971    0.70984306    0.77719875    0.90385796    0.97679961    0.97290399    1.34084858    1.19872146    1.12383746    1.11055847    1.09739179    1.16001083    1.34213365    1.41608449    1.32151945    1.25745735    1.11222475    1.19463381    1.39920079    1.36697856    1.33938193    1.39535049    1.36724822    1.21795855    1.25806041    1.45242433    1.47378375    1.31651027    1.23212239    1.18875218    1.06331389    1.09384458    0.92361270    0.97156193    0.97633681    1.05646383    1.02443909    1.05438772    1.08080638    1.04599631    0.99612856    1.02343379    0.95194634    1.04373671    0.92802037    1.03828175    0.99853416    1.59349051    1.47030855    1.25568899    0.98822815    1.04974955    1.00642811    0.98414980    0.91834490    1.09350005    0.78672826    0.88723797    0.85184016    0.79191395    0.46934503    0.36106192    0.35491893
T0K8D8_COLGC/77-245     0.43857676    0.43605064    0.42754810    0.41579180    0.35505257    0.29082075    0.00000000    0.54864664    0.30202992    0.31251362    0.56401936    0.49915492    0.49512087    0.48618779    0.54513514    0.59644735    0.82878038    0.46818114    0.59770474    0.67604108    0.59341009    0.73846713    0.87385374    0.72502984    0.94675346    0.84522963    0.99091931    0.79365427    0.94256534    0.82538672    0.81391789    0.71317305    1.17824324    1.02945775    1.02665886    1.01706211    0.75928188    0.76193940    0.83059419    0.72206003    0.78086278    0.84273319    0.99572091    0.92681384    1.37530379    1.21836748    1.11300662    1.10095902    1.11098333    1.20248688    1.29130034    1.45144391    1.36213938    1.32063698    1.19060752    1.31133359    1.36454284    1.30881320    1.29233844    1.30339765    1.31040694    1.13556241    1.27604791    1.37496178    1.47152912    1.35981106    1.21119827    1.23504241    1.08193971    1.02433342    1.13828421    0.99581192    1.06290593    1.06865759    1.08932628    1.13903106    1.17513120    1.10292029    1.01814739    1.10089734    1.09172077    1.05104068    1.05983660    1.09405192    1.10291470    1.64227088    1.51711541    1.34638445    1.04905481    1.16334020    1.01577343    1.05456392    0.93589684    1.04355407    0.86375034    0.97199024    0.87109703    0.96184960    0.45915379    0.40240139    0.37520496
B2VUB2_PYRTR/75-243     0.53929075    0.59635824    0.58076367    0.47051102    0.48112090    0.50829530    0.54864664    0.00000000    0.32962590    0.44381638    0.51253569    0.57778738    0.64314132    0.63217402    0.74419484    0.63511677    0.92629128    0.57277372    0.59839217    0.67557743    0.71919493    0.86425894    0.93368229    0.85881086    0.93653033    0.92301989    1.01972875    0.83800046    1.10407792    0.98145651    0.89172293    0.84708822    1.25484377    1.20641718    1.08692355    1.07080275    0.82914037    0.84640782    0.77977290    0.85125800    0.84905507    0.96789424    0.93504722    0.91393978    1.34817567    1.19487067    1.14147998    1.13664489    1.10487504    1.13127077    1.12912397    1.30372052    1.28458791    1.26880466    1.10824386    1.29234926    1.28366369    1.27331724    1.33001975    1.32050930    1.23352829    1.30601937    1.30117764    1.42286830    1.52014300    1.38839510    1.24647892    1.17569996    1.07267658    1.13930585    0.99896795    0.97774192    1.02456503    1.11803465    1.13429817    1.10079673    1.11504446    1.05945362    1.14284909    1.10550101    1.00002479    1.04721808    1.04385839    1.12599126    1.10292807    1.66625419    1.56404173    1.27072855    1.00191878    1.06680006    1.29027304    1.18685485    0.95329376    1.08641358    0.97649413    0.91252796    0.94608411    0.97880161    0.64166882    0.54442253    0.48185670
M2SX69_COCSN/76-244     0.43501271    0.40217066    0.38589257    0.30647091    0.32607052    0.32497932    0.30202992    0.32962590    0.00000000    0.25179897    0.44783764    0.51084769    0.58643783    0.54133386    0.50552983    0.47817829    0.84497724    0.39850245    0.47614476    0.59568456    0.52672892    0.75987259    0.87306615    0.73101120    0.88825707    0.80072560    0.91110387    0.77811625    0.94683218    0.82398610    0.81834946    0.77974759    1.22972469    1.22863526    1.13356403    1.08834932    0.83105669    0.82465844    0.86198707    0.82436232    0.80577195    0.83223519    1.05569315    0.97608584    1.28672681    1.23881342    1.18340671    1.19288354    1.25418372    1.24180080    1.32457238    1.48959094    1.38849148    1.35878388    1.26846308    1.30511128    1.37868387    1.33161176    1.34469633    1.38054274    1.26374258    1.31065017    1.29898422    1.50898453    1.62163426    1.46510610    1.29062163    1.24647718    1.13063090    1.17430243    1.07365896    0.97403087    1.01941541    1.06971742    1.10590279    1.12905860    1.18269536    1.11551163    1.02031481    1.06071356    1.07670273    1.07762755    1.04106193    1.19334620    1.11025774    1.63135642    1.50542050    1.33889847    0.97745735    1.07106796    1.19784815    1.10556327    0.92436992    1.14074739    0.94267591    1.04401168    0.83529192    0.92756422    0.52314085    0.37926193    0.25819555
N1S4R5_FUSC4/79-247     0.39603400    0.46006253    0.42242045    0.36283986    0.32719424    0.32099313    0.31251362    0.44381638    0.25179897    0.00000000    0.48191651    0.47006338    0.57846041    0.54434062    0.47330539    0.46699480    0.76999920    0.40032206    0.45021017    0.65207117    0.50663667    0.68829035    0.86032498    0.72501806    0.86845504    0.77521130    0.89296000    0.76248183    0.89552754    0.80863939    0.72539632    0.69658149    1.22488182    1.07831234    1.07937812    0.98684561    0.72216938    0.71918192    0.78641101    0.70965078    0.67381563    0.69880136    0.98911403    0.90411517    1.26714811    1.23412381    1.09994970    1.07810162    1.18311727    1.10378307    1.25344852    1.43048163    1.35838524    1.25249622    1.16818041    1.23227706    1.35104417    1.25513317    1.28339275    1.34650948    1.31221133    1.22797715    1.26800661    1.41870043    1.55815629    1.38826579    1.24729634    1.20712378    1.13995337    1.11740984    0.99659721    0.88259171    0.94689552    1.06302796    1.00007694    1.05658555    1.12138584    1.08595806    0.96773082    0.99851579    0.97339864    0.93840745    1.05955271    1.06013603    1.07594186    1.42234060    1.35079629    1.27064750    0.95918613    1.02224789    1.11564628    1.17385704    0.93014242    1.15872349    0.93488396    1.00681270    0.73462629    0.91488327    0.55178925    0.35507327    0.30867846
H6BSL1_EXODN/85-253     0.48440489    0.57449025    0.54928210    0.48059767    0.54946958    0.48098113    0.56401936    0.51253569    0.44783764    0.48191651    0.00000000    0.49592691    0.54908331    0.57928687    0.60252113    0.56059215    0.78578925    0.51541458    0.58362256    0.67477453    0.62129873    0.61745309    0.80498679    0.73368457    0.82756175    0.70862962    0.86556542    0.75539033    0.98816469    0.87487505    0.78081865    0.73558626    1.22392600    1.17727600    1.14614219    0.97101273    0.73736315    0.79514296    0.86526586    0.77105785    0.78529402    0.78709897    1.04540422    0.98220663    1.33724705    1.14473923    1.12769764    1.23823244    1.12931838    1.25239719    1.30637034    1.53177876    1.44372468    1.31377256    1.21135617    1.29371401    1.51107205    1.40624706    1.41464784    1.44516110    1.40365984    1.32619842    1.44406103    1.44886376    1.50102367    1.42121075    1.34374792    1.38960568    1.26143646    1.18181889    0.97699700    0.93621610    0.93106412    0.95447887    0.99948701    0.98105998    1.06373797    1.05503667    0.96205629    0.98514879    0.94253341    0.98098273    1.01768708    1.22193901    1.12530707    1.60111979    1.48733922    1.16497777    1.06915661    1.13292953    1.23051986    1.09969749    0.93504134    1.19253692    0.90590588    0.98878421    0.85948705    0.88628546    0.61904969    0.48311513    0.37938253
J5JK78_BEAB2/77-245     0.50750072    0.47604325    0.52748086    0.47816135    0.61866345    0.47315866    0.49915492    0.57778738    0.51084769    0.47006338    0.49592691    0.00000000    0.29160931    0.59378969    0.61011346    0.55374910    0.82209786    0.47767953    0.52818514    0.62310844    0.55531384    0.69325739    0.77659333    0.75735285    0.68295312    0.68234252    0.84972809    0.75605893    0.86638134    0.83814142    0.76202620    0.62256469    1.20712555    0.98292952    0.96360020    0.93128372    0.64206927    0.64936512    0.73227777    0.67063778    0.68844162    0.73829482    0.90312813    0.83734188    1.25228798    1.04422818    1.00226865    1.06845772    1.11900392    1.18824590    1.20018274    1.43755530    1.26458117    1.14955092    1.12280666    1.07292605    1.36319789    1.25643120    1.33523698    1.33908332    1.40457133    1.11561397    1.26256617    1.33815380    1.46684277    1.38919130    1.18245057    1.20280076    1.17199501    1.12508395    0.86873632    0.88011233    0.80946492    1.02919124    0.96098723    0.93555473    0.94715794    1.00434157    0.93678185    0.94769582    0.92434627    0.91695630    1.06207930    1.12189161    1.11588895    1.58203914    1.43821907    1.17638779    1.03227427    1.14325548    1.17079849    1.10248077    0.90706994    1.01978108    0.90101036    1.05464014    0.90188562    0.92177264    0.61068215    0.47723839    0.40130383
G3JTA5_CORMM/75-243     0.64248276    0.58434411    0.62913223    0.53789509    0.64692520    0.52980756    0.49512087    0.64314132    0.58643783    0.57846041    0.54908331    0.29160931    0.00000000    0.61417371    0.70568884    0.62784440    0.82802009    0.55853683    0.66471467    0.72909057    0.67858526    0.78798133    0.79316968    0.75589298    0.79518211    0.80119339    0.84497745    0.77058033    1.00129934    0.95910856    0.82971972    0.71269239    1.23257159    0.99824491    1.02305028    0.97247841    0.78837882    0.75926742    0.87002640    0.77505050    0.78421330    0.86059685    1.00209192    0.93000660    1.23613824    1.05080752    1.09774685    1.12918052    1.10139425    1.17813222    1.18635136    1.38321605    1.23885293    1.17179875    1.08550292    1.12888036    1.30378955    1.24156454    1.33717569    1.25570159    1.40767322    1.07794822    1.22995871    1.29723031    1.41980294    1.36933888    1.16140399    1.16173218    1.03377765    1.06833862    0.97197475    0.93712989    0.90029708    0.99391743    1.04142304    1.02928694    1.01371681    1.04670548    0.93765153    0.95515332    0.92289767    0.92740776    1.02962889    1.10926710    1.08868801    1.49587788    1.40366375    1.23228816    1.10636276    1.30134962    1.23117299    1.29288914    0.95151412    0.93437934    1.03375654    1.09337900    1.03572926    0.97712932    0.60805577    0.53987964    0.53938481
N1JIF2_BLUG1/65-234     0.61405831    0.61088061    0.63222851    0.50479035    0.56340682    0.51128457    0.48618779    0.63217402    0.54133386    0.54434062    0.57928687    0.59378969    0.61417371    0.00000000    0.48314301    0.52289893    0.60643893    0.48400063    0.62410174    0.60823993    0.63001721    0.74560834    0.75513967    0.71274724    0.85157078    0.73953803    0.84087458    0.72066093    0.85673982    0.80048944    0.68800964    0.73448926    1.20301680    1.16515315    1.10294106    1.06822259    0.81327382    0.80977989    0.74141652    0.83366755    0.82228612    0.87150711    0.94339622    0.82735038    1.27425625    1.10222450    1.16293023    1.17327053    1.06307318    1.16167247    1.33049649    1.41954122    1.44375285    1.31988427    1.15648281    1.21236424    1.41171409    1.31519504    1.39851978    1.49040342    1.40509128    1.30768613    1.36304609    1.40613415    1.47522037    1.37140627    1.36988623    1.42262105    1.07208846    1.15611199    1.05183217    0.95302095    0.98162836    0.90617667    1.04610931    1.06671166    1.06525544    1.08298978    1.02260220    1.03319142    0.94942621    0.98239148    0.98522203    1.12325661    1.02760442    1.69397472    1.51278135    1.30703841    0.97657407    1.06999352    1.04952978    0.97211040    0.89803420    0.96179407    0.78740802    0.87778841    0.92891510    0.77460655    0.52348557    0.53715856    0.57430969
K1WV35_MARBU/115-286     0.55292292    0.57099942    0.57910481    0.54056931    0.55429690    0.48207633    0.54513514    0.74419484    0.50552983    0.47330539    0.60252113    0.61011346    0.70568884    0.48314301    0.00000000    0.42694717    0.62443528    0.49349258    0.61509646    0.62887456    0.56015616    0.76502191    0.77232545    0.73943856    0.80539607    0.75807330    0.96632668    0.73334459    0.96065125    0.67849794    0.77316860    0.68817148    1.29141351    1.15965352    1.14198576    1.11279240    0.73714465    0.74695315    0.84804429    0.73250713    0.78145472    0.85101569    1.07926857    0.90019085    1.32999937    1.17367970    1.30886611    1.31647188    1.17824372    1.28035220    1.38492955    1.53627417    1.46394823    1.28923963    1.21646173    1.27790005    1.42722312    1.33950906    1.40822227    1.50490210    1.37702990    1.29223687    1.29715856    1.45908490    1.44846591    1.32682783    1.29650751    1.35386986    1.11917485    1.18538909    1.13236998    0.99989402    1.04405735    1.04476427    1.14222839    1.16327639    1.20969631    1.20404653    1.01958824    1.08634463    1.04507169    1.03061437    1.06767028    1.22964984    1.08814232    1.64116678    1.54888859    1.42044397    1.14677596    1.15146546    1.09627241    1.16221687    1.02125645    1.11974324    0.90270978    1.03609075    0.77120366    0.88683344    0.56287684    0.49649829    0.44883188
A7F628_SCLS1/71-243     0.54278135    0.63069216    0.62266440    0.50308840    0.54298159    0.53597103    0.59644735    0.63511677    0.47817829    0.46699480    0.56059215    0.55374910    0.62784440    0.52289893    0.42694717    0.00000000    0.53139208    0.55644217    0.58162883    0.70180660    0.54936391    0.75689857    0.81855829    0.82311174    0.82691553    0.81152247    0.96046576    0.73709663    0.88352271    0.74791633    0.76438664    0.71238704    1.29991247    1.09765641    1.11289377    1.06898878    0.69199491    0.77803268    0.78832504    0.70065964    0.72847789    0.80150009    0.93525659    0.88396395    1.19192194    1.14501071    1.25298510    1.39184249    1.25414634    1.36334670    1.45812386    1.56938026    1.43094547    1.40252506    1.17962982    1.22397380    1.46955823    1.39699325    1.40560481    1.45302297    1.41855578    1.38565973    1.36921159    1.49501743    1.49084587    1.53793549    1.34402107    1.35531595    1.24401792    1.26680522    1.06166443    0.96918112    1.08440435    0.96708498    1.06892646    1.05308424    1.10081246    1.08597176    1.00193214    0.98654403    0.95414815    0.97636922    0.96147413    1.14610675    0.97607421    1.75642235    1.68067198    1.39124565    1.06732091    1.17584458    1.21623482    1.19569254    0.89830734    1.17758321    0.94861709    1.09579004    0.84723815    0.91422293    0.65646011    0.49782326    0.47603697
G2YVJ3_BOTF4/138-309     0.83810849    0.84232512    0.90210717    0.78037329    0.76987526    0.73556963    0.82878038    0.92629128    0.84497724    0.76999920    0.78578925    0.82209786    0.82802009    0.60643893    0.62443528    0.53139208    0.00000000    0.78599047    0.88466328    0.89902222    0.90191620    0.83503102    0.91421033    0.83795104    0.98530256    0.88672985    0.96208791    1.03313813    0.99379815    0.95928860    0.94617153    0.93633578    1.32505255    1.16929332    1.13081668    1.13241877    0.95733908    0.94754114    0.94508197    0.92558364    0.90264707    0.96599891    1.03730134    0.96276914    1.23253358    1.16623757    1.15423607    1.14355511    1.12784311    1.20106821    1.29025356    1.48266261    1.31400922    1.31690234    1.24801814    1.29111554    1.38533576    1.33114393    1.41047199    1.38156879    1.43840041    1.24360717    1.27386880    1.27178105    1.28124465    1.25821853    1.20505480    1.17826052    1.14768648    1.23861437    1.04645194    1.12386277    1.07779530    1.02877678    1.10368163    1.10801678    1.08215229    1.14379240    1.18384838    1.13021430    1.03103116    1.05918373    1.02576980    1.06206617    0.94250382    1.84299329    1.54732972    1.30386404    1.25861117    1.34439767    1.18933053    1.44859071    1.23208515    1.30262499    1.09636914    1.03900926    1.12388688    1.06285765    0.78727641    0.78144463    0.78304189
G9P0S4_HYPAI/77-245     0.52532964    0.54073021    0.45559501    0.47728145    0.44266346    0.43197169    0.46818114    0.57277372    0.39850245    0.40032206    0.51541458    0.47767953    0.55853683    0.48400063    0.49349258    0.55644217    0.78599047    0.00000000    0.49928200    0.50667431    0.52620781    0.61956847    0.67285691    0.66708224    0.73242066    0.68677995    0.92447333    0.72807874    0.87315647    0.77043355    0.69526783    0.63930325    1.11274280    1.09669724    1.04867240    1.03699086    0.80062691    0.77400487    0.82344260    0.77911892    0.79881214    0.85501626    1.03661690    0.96295605    1.27223722    1.07502966    1.14807462    1.13555789    1.02824620    1.14524007    1.21507497    1.40953717    1.25849308    1.20283029    1.09639091    1.12146573    1.33686323    1.36541874    1.33944294    1.34631583    1.28589533    1.23294940    1.24587392    1.37416584    1.47191049    1.38283536    1.15590646    1.20280988    1.04065621    1.05099675    0.88367197    0.83626256    0.82495613    0.91534014    0.92177698    0.97087482    0.96973562    0.92749904    0.88221725    0.99004031    0.93970179    0.89541563    0.96017174    1.13864404    1.02263189    1.59347620    1.51937034    1.17446985    1.04000881    0.95775566    0.99554980    1.13600816    0.98571923    1.11418158    1.00737599    1.06430105    0.89413526    0.95882682    0.51307147    0.42490998    0.38394571
M2RFF2_CERS8/70-238     0.47375385    0.61290150    0.54208137    0.52101568    0.53699930    0.53254204    0.59770474    0.59839217    0.47614476    0.45021017    0.58362256    0.52818514    0.66471467    0.62410174    0.61509646    0.58162883    0.88466328    0.49928200    0.00000000    0.51309575    0.42684732    0.69708148    0.72445930    0.67793320    0.63607772    0.69336138    0.80573381    0.65893140    0.98573734    0.71221384    0.69329314    0.67247788    1.23517005    1.12749960    1.04654801    0.98774623    0.76201038    0.72772805    0.74353619    0.74565120    0.76319369    0.78555439    0.97435330    0.93420266    1.24304218    1.18837599    1.15235001    1.20216420    1.13357358    1.15592181    1.28943504    1.43586920    1.27346779    1.14502824    1.16778976    1.15743302    1.42607902    1.47308821    1.42346235    1.47012366    1.27262432    1.36855391    1.31849833    1.46923224    1.52818886    1.43580775    1.27354141    1.22830678    1.11959727    1.14198593    0.92132856    0.82023610    0.96219593    0.97201246    1.03310617    1.02787454    1.09178431    1.02525032    0.92567838    0.94669639    0.95751355    0.94781093    0.95064823    1.17991454    0.97922639    1.73749642    1.50593272    1.22466957    1.10229713    1.12458791    1.19944711    1.26330423    0.90672779    1.07118455    0.94194100    1.10991035    0.79264011    0.79223183    0.61694759    0.55195328    0.47238418
S8ELD9_FOMPI/63-230     0.59540536    0.78403027    0.63356529    0.59965111    0.66189879    0.61343386    0.67604108    0.67557743    0.59568456    0.65207117    0.67477453    0.62310844    0.72909057    0.60823993    0.62887456    0.70180660    0.89902222    0.50667431    0.51309575    0.00000000    0.42183941    0.64342392    0.73062840    0.76053393    0.68482098    0.70518825    0.80020638    0.70402658    0.94911135    0.75587261    0.78599819    0.69972935    1.29726547    1.14222701    1.13990405    1.07814686    0.79513826    0.83228350    0.74780639    0.73898046    0.74801652    0.86313138    1.02973886    0.98400578    1.34888045    1.17058153    1.20413327    1.24892236    1.18216090    1.27428710    1.35372270    1.49758546    1.37731762    1.40670773    1.21916892    1.33846267    1.53147168    1.45568533    1.36224319    1.46922699    1.45603403    1.28829695    1.37080894    1.49602485    1.57465560    1.38623828    1.36438027    1.37301218    1.21734682    1.26754941    0.97782883    1.00159995    1.00134553    1.02646569    1.04206050    1.07896981    1.05517298    1.05724520    1.07236473    1.02583044    1.04827023    0.97878802    1.03557626    1.27280967    1.11118719    1.82006946    1.73385956    1.44049541    1.23593267    1.16819025    1.15289984    1.34481699    1.04482028    1.28401852    0.88836033    0.98844041    0.95589856    0.93427097    0.68280353    0.59175851    0.59829766
B8P3H3_POSPM/64-231     0.46618860    0.71111328    0.62316546    0.49267780    0.59552073    0.60793737    0.59341009    0.71919493    0.52672892    0.50663667    0.62129873    0.55531384    0.67858526    0.63001721    0.56015616    0.54936391    0.90191620    0.52620781    0.42684732    0.42183941    0.00000000    0.65961202    0.76008592    0.74969995    0.67627991    0.70670330    0.83109588    0.67498967    0.93542706    0.70456387    0.77891307    0.64998026    1.21729295    1.14363284    1.09359883    1.05041611    0.75106156    0.66909738    0.74910191    0.72464787    0.71763343    0.78618377    1.03363829    0.92378232    1.36541188    1.13168047    1.12360050    1.19353749    1.08847137    1.19244519    1.27371464    1.37866381    1.29420413    1.26582291    1.16548578    1.16381507    1.37784969    1.39024692    1.30676674    1.38863574    1.30378541    1.25007706    1.33324974    1.50319748    1.52117298    1.37534943    1.28686716    1.23865465    1.14451284    1.19670662    1.01921149    0.89841732    0.95337900    1.02018148    1.05641198    1.05651902    1.14652916    1.06237019    0.92957261    0.92109223    0.97377264    0.95433609    1.10224076    1.24017634    1.11587357    1.61743137    1.48216654    1.36404826    1.15139625    1.23276955    1.17033710    1.23601424    1.00613876    1.13899081    0.90398710    1.11738270    0.85845957    0.93098100    0.62931634    0.48275764    0.48994377
N1PPK3_DOTSN/103-267     0.71324998    0.77657208    0.72299507    0.74833495    0.77663162    0.73100458    0.73846713    0.86425894    0.75987259    0.68829035    0.61745309    0.69325739    0.78798133    0.74560834    0.76502191    0.75689857    0.83503102    0.61956847    0.69708148    0.64342392    0.65961202    0.00000000    0.39087182    0.36534273    0.38867208    0.32376093    0.60138409    0.44926504    1.11204796    0.86913293    0.82442244    0.74990490    1.30889164    1.11432089    1.14048179    1.10372029    0.77868722    0.85898843    0.83354244    0.83506940    0.89735495    0.87473492    0.96672270    0.92051181    1.23160593    1.15247403    1.07121979    1.10173178    1.10932130    1.24669945    1.33911459    1.37964651    1.34028327    1.29594165    1.30230307    1.31385351    1.62371836    1.61100117    1.57843316    1.54741207    1.57554316    1.35389884    1.52787200    1.43587294    1.50300944    1.37724160    1.40806483    1.34301295    1.17774737    1.24853044    0.86742643    0.88255958    0.89337496    0.89515292    0.92587024    0.93875188    0.97534594    1.00800696    0.85922846    0.89294801    0.94791632    0.97396509    0.99769788    1.15782985    1.10585216    1.52484983    1.51076615    1.36326471    1.27989338    1.25839475    1.18569766    1.32640641    1.08313321    1.20801242    0.99670160    0.95649771    0.94778871    0.94795442    0.77943711    0.69846518    0.58392486
F9X765_ZYMTI/51-216     0.86816677    0.92807844    0.90142461    0.87806253    0.87790837    0.83750285    0.87385374    0.93368229    0.87306615    0.86032498    0.80498679    0.77659333    0.79316968    0.75513967    0.77232545    0.81855829    0.91421033    0.67285691    0.72445930    0.73062840    0.76008592    0.39087182    0.00000000    0.38884691    0.41088118    0.45741937    0.69389782    0.56131810    1.08063884    0.97579609    0.86219928    0.84982429    1.23847719    1.09467195    1.18894300    1.09356063    0.86787970    0.87183516    0.93530589    0.93110871    0.99592684    0.98287983    1.01428512    0.91332518    1.28405397    1.25535398    1.24681495    1.20374976    1.27919815    1.41981559    1.46756207    1.43217973    1.43515893    1.44808965    1.34358889    1.53840331    1.51258460    1.55116699    1.52106321    1.52716280    1.39921590    1.40310715    1.61875092    1.45529413    1.53230982    1.33439664    1.47788949    1.46647490    1.24335362    1.33902338    1.05370357    1.03770557    1.05844398    1.08046189    1.04337844    1.05751732    1.04607188    1.12461085    0.97097013    1.08201054    1.16897291    1.21157086    1.07221716    1.33785651    1.18170728    1.80311078    1.66267216    1.32981091    1.29003622    1.32408344    1.27321550    1.23838824    1.05676893    1.16295253    1.04928052    1.00314220    1.04155599    0.91616394    0.82914037    0.81672159    0.76271285
M3D239_SPHMS/91-258     0.80028994    0.73489504    0.80672106    0.74548307    0.75285536    0.74536484    0.72502984    0.85881086    0.73101120    0.72501806    0.73368457    0.75735285    0.75589298    0.71274724    0.73943856    0.82311174    0.83795104    0.66708224    0.67793320    0.76053393    0.74969995    0.36534273    0.38884691    0.00000000    0.50883440    0.57131335    0.65661188    0.51229822    1.13577394    0.97701179    0.86938981    0.85856529    1.29288269    1.25065721    1.24972089    1.11056724    0.96250662    0.95319813    0.95110901    0.97535613    0.98988153    0.98572886    1.16251451    0.99293709    1.24771519    1.23828814    1.21106229    1.16797589    1.16490252    1.20804853    1.31330409    1.27649246    1.32449791    1.28501341    1.40100531    1.39305706    1.52031711    1.59743899    1.50637210    1.59700751    1.61295843    1.42495215    1.59983949    1.48687635    1.55889571    1.46254497    1.31535049    1.28015647    1.16873691    1.24051402    0.97207478    0.96035630    0.97203237    0.96395666    0.99634363    1.09177846    1.13178349    1.13607023    0.94537751    0.97017659    1.02334464    1.11853152    1.00006948    1.23777123    1.10690887    1.77893998    1.63687190    1.42378315    1.21517537    1.23363016    1.19397507    1.36169208    1.16371419    1.24093144    1.05267047    0.97789656    1.09745333    0.86382360    0.66784398    0.65660756    0.68102651
R7YKW5_CONA1/107-275     0.78971567    0.86806880    0.86723717    0.81937683    0.85400851    0.82637128    0.94675346    0.93653033    0.88825707    0.86845504    0.82756175    0.68295312    0.79518211    0.85157078    0.80539607    0.82691553    0.98530256    0.73242066    0.63607772    0.68482098    0.67627991    0.38867208    0.41088118    0.50883440    0.00000000    0.31548486    0.50105653    0.46086317    1.07153165    0.91429455    0.83405795    0.75609784    1.14992069    1.07343093    1.11987277    1.06944554    0.81957483    0.83537599    0.77388969    0.82192203    0.84490211    0.88850481    0.90640323    0.91590151    1.44954865    1.17296617    1.16436761    1.24272520    1.23093596    1.43550462    1.40151862    1.41650381    1.47447203    1.27076431    1.38036663    1.37228691    1.66490577    1.64049974    1.72728081    1.67461698    1.60271287    1.44820885    1.72095901    1.59844179    1.66167469    1.49664283    1.41559776    1.36374892    1.24973515    1.35607025    0.93510076    0.92130050    0.99423904    1.01860197    1.02158218    1.05619306    1.06755283    1.07157305    0.95655061    1.03222588    1.03462624    1.11216796    1.07256071    1.31421960    1.17113587    1.76435686    1.70386268    1.42778130    1.30951975    1.22402898    1.25411292    1.31904843    1.02048446    1.12999508    1.10040449    1.00363335    0.95103984    0.85784722    0.85119975    0.82794878    0.75117678
K2RRQ6_MACPH/115-282     0.76727533    0.83468436    0.75363631    0.74222664    0.75454464    0.74959391    0.84522963    0.92301989    0.80072560    0.77521130    0.70862962    0.68234252    0.80119339    0.73953803    0.75807330    0.81152247    0.88672985    0.68677995    0.69336138    0.70518825    0.70670330    0.32376093    0.45741937    0.57131335    0.31548486    0.00000000    0.42061776    0.40881123    1.03183732    0.87887761    0.84591132    0.76998087    1.25660355    1.06307148    1.08247850    1.03788530    0.74558772    0.80380871    0.84351017    0.77406823    0.79785975    0.90423835    1.00044480    0.98569795    1.36845223    1.18819306    1.17572526    1.18529998    1.23333460    1.38542138    1.46984573    1.44245409    1.43138328    1.26910875    1.28648216    1.30481324    1.70607469    1.65344880    1.63118403    1.70965945    1.69918853    1.44579339    1.60613545    1.48224697    1.63857236    1.41913001    1.47879504    1.46974301    1.23496324    1.30384316    1.03344782    1.00189233    0.92131006    0.94095909    1.01107274    0.96870888    1.02151162    1.06427093    0.98900512    1.10413360    1.07920939    1.17130050    1.03650874    1.29542399    1.15020685    1.69238842    1.56074827    1.50045189    1.18578556    1.20558851    1.30262859    1.37793803    1.16006817    1.18763562    1.07533247    1.02191523    1.03661930    0.94939556    0.86461569    0.78941007    0.68719768
R1H351_BOTPV/148-315     0.90076781    0.99054576    0.91595979    0.80140923    0.87009586    0.91729824    0.99091931    1.01972875    0.91110387    0.89296000    0.86556542    0.84972809    0.84497745    0.84087458    0.96632668    0.96046576    0.96208791    0.92447333    0.80573381    0.80020638    0.83109588    0.60138409    0.69389782    0.65661188    0.50105653    0.42061776    0.00000000    0.64807015    1.17474383    1.14846315    1.01779400    0.98997502    1.42690193    1.18277961    1.23369390    1.17958942    1.01346294    1.02192476    0.97595968    1.00030598    1.02617253    1.11038290    1.02220594    1.04908256    1.28410434    1.33034986    1.29605809    1.24990701    1.37772985    1.52939002    1.56392551    1.58856896    1.56850498    1.48728518    1.63268302    1.58150797    1.77088754    1.63021277    1.58758785    1.59831450    1.75021664    1.58472514    1.83120347    1.80412691    1.74962884    1.73563942    1.56462559    1.60629259    1.33453806    1.51325357    1.20091555    1.20702309    1.10300293    1.11018003    1.11358647    1.19537717    1.15349595    1.20279377    1.12404619    1.14351589    1.11168286    1.24523888    1.20472941    1.48822394    1.31292810    1.76301479    1.56764674    1.57015394    1.24682478    1.36157199    1.38451696    1.34920739    1.26210883    1.26453120    1.04675624    1.04894818    1.13520875    0.95858799    0.86747448    0.83805205    0.83123336
