16
H2IZZ7_RAHAC/9-306     0.00000000    0.50371490    0.78264177    0.72011886    0.64451584    0.68773841    0.63875547    0.63032390    0.84347379    1.46612877    1.42803377    1.66521522    1.75825679    1.93676391    0.69621460    0.58117168
TUS_YERPE/9-306     0.50371490    0.00000000    0.76393171    0.74172234    0.76501670    0.74760112    0.63590061    0.59595012    0.96965527    1.59454727    1.59110034    1.77481833    1.89398495    2.23899725    0.66424171    0.59354434
I2B9X9_SHIBC/9-306     0.78264177    0.76393171    0.00000000    0.52038905    0.59208742    0.59902265    0.79533029    0.74843921    1.05606693    1.37470896    1.49065677    1.67072458    1.83234069    2.01348435    0.95346386    0.81703266
TUS_KLEP7/9-306     0.72011886    0.74172234    0.52038905    0.00000000    0.39570680    0.38278861    0.73824321    0.69934902    1.04534804    1.65265688    1.57941007    1.66732091    1.82031723    1.98232484    0.89079539    0.81034341
TUS_SHIDS/9-306     0.64451584    0.76501670    0.59208742    0.39570680    0.00000000    0.24221064    0.81619566    0.74505571    1.03587153    1.53104357    1.49936128    1.68485874    1.72236401    1.96334016    0.90437837    0.80143898
TUS_SALTY/9-306     0.68773841    0.74760112    0.59902265    0.38278861    0.24221064    0.00000000    0.80044495    0.76582682    1.04190320    1.54513212    1.58526757    1.73172673    1.70238551    1.98724971    0.88282568    0.80458654
Q6D4X9_PECAS/9-306     0.63875547    0.63590061    0.79533029    0.73824321    0.81619566    0.80044495    0.00000000    0.43232766    0.94264137    1.48130697    1.56600663    1.93304647    1.87187064    2.15836684    0.77310238    0.68661181
E0SC01_DICD3/9-303     0.63032390    0.59595012    0.74843921    0.69934902    0.74505571    0.76582682    0.43232766    0.00000000    0.91387321    1.57647825    1.52934634    1.92775623    1.83030373    1.94335356    0.68436768    0.60030378
J7U357_MORMO/4-298     0.84347379    0.96965527    1.05606693    1.04534804    1.03587153    1.04190320    0.94264137    0.91387321    0.00000000    1.39153997    1.67990831    1.59111308    1.73318570    2.11719692    0.83129726    0.81339080
H2FW59_OCESG/7-295     1.46612877    1.59454727    1.37470896    1.65265688    1.53104357    1.54513212    1.48130697    1.57647825    1.39153997    0.00000000    0.84200780    1.85218903    2.05973941    1.93735759    1.59376622    1.49515895
A0KM73_AERHH/9-293     1.42803377    1.59110034    1.49065677    1.57941007    1.49936128    1.58526757    1.56600663    1.52934634    1.67990831    0.84200780    0.00000000    1.72570407    1.97170235    1.90952190    1.47569593    1.49682046
Q3ICK8_PSET1/6-287     1.66521522    1.77481833    1.67072458    1.66732091    1.68485874    1.73172673    1.93304647    1.92775623    1.59111308    1.85218903    1.72570407    0.00000000    2.16228901    1.86629852    1.78724915    1.69316257
W1I242_KLEPN/6-281     1.75825679    1.89398495    1.83234069    1.82031723    1.72236401    1.70238551    1.87187064    1.83030373    1.73318570    2.05973941    1.97170235    2.16228901    0.00000000    1.97533070    1.80968378    1.79311378
M1FJW4_9ALTE/13-304     1.93676391    2.23899725    2.01348435    1.98232484    1.96334016    1.98724971    2.15836684    1.94335356    2.11719692    1.93735759    1.90952190    1.86629852    1.97533070    0.00000000    1.96387920    2.12453650
D3VFQ8_XENNA/9-305     0.69621460    0.66424171    0.95346386    0.89079539    0.90437837    0.88282568    0.77310238    0.68436768    0.83129726    1.59376622    1.47569593    1.78724915    1.80968378    1.96387920    0.00000000    0.38898443
Q7N4I1_PHOLL/9-305     0.58117168    0.59354434    0.81703266    0.81034341    0.80143898    0.80458654    0.68661181    0.60030378    0.81339080    1.49515895    1.49682046    1.69316257    1.79311378    2.12453650    0.38898443    0.00000000

