26
Q63YL8_BURPS/39-168     0.00000000    1.01886989    0.91307295    0.84648862    0.88855490    1.01718114    1.13358090    0.91470483    0.80259888    1.19227946    0.96925036    0.92056423    0.89639493    0.77923529    1.62574779    1.81450796    1.85501411    1.91135258    2.28104994    1.93040099    1.92688261    1.13500832    1.05470278    1.36893634    1.38500056    1.29221050
A1VSG2_POLNA/37-165     1.01886989    0.00000000    0.84629359    0.78257471    0.96986775    1.35424345    1.36583379    1.04017541    1.08634336    1.50639763    1.40444963    1.18641585    1.33886464    0.94039714    1.93584256    2.44286393    2.40759924    2.73317859    2.83552481    2.66192108    2.90383215    1.41085991    0.98490729    1.18777167    1.42513435    1.32502446
D8J086_HERSS/38-168     0.91307295    0.84629359    0.00000000    0.66631360    1.04856000    1.26910330    1.35593324    1.17569797    1.05795307    1.18373671    1.20773791    1.12967326    1.23502071    1.07459884    2.01091765    1.94503061    2.21948370    2.24961275    2.67522866    2.04464733    2.34495883    1.46861429    1.18887594    1.09533121    1.45286826    1.31901721
G0AIP6_COLFT/38-168     0.84648862    0.78257471    0.66631360    0.00000000    1.17204348    1.10391573    1.32910856    1.16280501    1.10339047    1.45731981    1.18219335    1.25246370    1.21542708    1.03075204    1.96612003    1.79400942    1.82460761    2.37062052    2.76332675    2.31306417    2.47302151    1.33023621    1.12310192    1.30036396    1.21387425    1.23718529
C1DBL4_LARHH/38-167     0.88855490    0.96986775    1.04856000    1.17204348    0.00000000    1.00256216    0.98538137    0.82790799    0.77340767    1.34631663    0.82838196    0.83876566    0.77862617    0.84899677    1.87762448    1.99318689    1.95899715    2.11109818    2.43197776    2.01650413    2.32032003    1.19933969    1.33877318    1.32172890    1.37399262    1.33237727
B8F4E2_HAEPS/34-163     1.01718114    1.35424345    1.26910330    1.10391573    1.00256216    0.00000000    0.37230319    0.97525382    1.08179814    1.31295739    1.23698071    1.14103885    1.02405222    1.08067456    2.20409625    2.18986365    2.10232879    2.05373598    2.20296670    2.11010706    2.13497974    1.49151027    1.25987407    1.44880439    1.49530338    1.41981885
B0UTP5_HISS2/34-163     1.13358090    1.36583379    1.35593324    1.32910856    0.98538137    0.37230319    0.00000000    0.99200511    1.10321802    1.45941106    1.44496161    1.09294699    1.06345677    1.10168200    2.06976881    2.16853915    2.06765239    1.93481925    2.11473276    1.97676304    2.22689599    1.63388944    1.34519674    1.24323321    1.34194479    1.39578071
Q19UY1_9CAUD/37-166     0.91470483    1.04017541    1.17569797    1.16280501    0.82790799    0.97525382    0.99200511    0.00000000    0.93022014    1.28415881    1.22695150    1.05636200    1.11177751    0.97097329    1.98491295    2.15316912    2.06219336    2.19638753    2.67136661    2.11414073    2.12726866    1.20382410    1.14129649    1.22324487    1.31694778    1.19274268
Q8P6J4_XANCP/38-167     0.80259888    1.08634336    1.05795307    1.10339047    0.77340767    1.08179814    1.10321802    0.93022014    0.00000000    1.11765304    0.90490368    0.83810349    0.81713658    0.77703696    1.50544134    1.82358239    2.00113482    2.05020087    2.38268862    1.96697174    2.21652543    1.09576022    0.94430530    1.22519753    1.12056848    1.13008518
H2IRH7_RAHAC/36-164     1.19227946    1.50639763    1.18373671    1.45731981    1.34631663    1.31295739    1.45941106    1.28415881    1.11765304    0.00000000    0.82508842    1.01899513    1.15650472    1.12016361    2.02415840    2.36915053    1.84692171    2.42158349    3.03720732    2.38651791    2.40134662    1.66969915    1.36007733    1.59446337    1.73816304    1.27894409
VPM_BPP2/35-164     0.96925036    1.40444963    1.20773791    1.18219335    0.82838196    1.23698071    1.44496161    1.22695150    0.90490368    0.82508842    0.00000000    0.85327570    0.85386611    0.90383737    2.04604463    2.05184921    2.02577958    2.13435069    2.33215088    2.13485462    1.95707433    1.36782271    1.51412007    1.59415343    1.50282146    1.35782218
J7TVZ6_MORMO/36-165     0.92056423    1.18641585    1.12967326    1.25246370    0.83876566    1.14103885    1.09294699    1.05636200    0.83810349    1.01899513    0.85327570    0.00000000    0.59530921    0.85264563    1.75505288    2.21648270    1.77482752    1.93268076    2.34875090    1.90196444    2.06337165    1.04902387    1.14464403    1.24957639    1.44218948    1.10205573
D3VKM5_XENNA/35-164     0.89639493    1.33886464    1.23502071    1.21542708    0.77862617    1.02405222    1.06345677    1.11177751    0.81713658    1.15650472    0.85386611    0.59530921    0.00000000    0.87375179    2.12086918    1.75596559    2.01343387    1.95661415    2.20127440    2.13570298    2.05151316    1.07747823    1.13711162    1.26824562    1.50289744    1.25936448
Q8XY27_RALSO/37-166     0.77923529    0.94039714    1.07459884    1.03075204    0.84899677    1.08067456    1.10168200    0.97097329    0.77703696    1.12016361    0.90383737    0.85264563    0.87375179    0.00000000    1.42427772    1.60706734    1.91696342    1.98320248    2.25813472    1.93257608    2.08704419    1.07113466    0.84356698    1.25115527    1.16724470    1.06109184
E6VXL4_PSEA9/42-160     1.62574779    1.93584256    2.01091765    1.96612003    1.87762448    2.20409625    2.06976881    1.98491295    1.50544134    2.02415840    2.04604463    1.75505288    2.12086918    1.42427772    0.00000000    1.71500070    1.57559046    2.04136885    1.92699890    2.10763430    2.09655302    1.77245538    1.74225858    1.91236261    1.80491377    1.71848459
Q2S7I2_HAHCH/50-180     1.81450796    2.44286393    1.94503061    1.79400942    1.99318689    2.18986365    2.16853915    2.15316912    1.82358239    2.36915053    2.05184921    2.21648270    1.75596559    1.60706734    1.71500070    0.00000000    1.35831052    1.44983521    1.70745826    1.62868419    1.48255174    1.70822057    1.89452602    2.17502676    2.10171179    2.13938967
H2FUB9_OCESG/39-168     1.85501411    2.40759924    2.21948370    1.82460761    1.95899715    2.10232879    2.06765239    2.06219336    2.00113482    1.84692171    2.02577958    1.77482752    2.01343387    1.91696342    1.57559046    1.35831052    0.00000000    0.69372795    0.97856297    1.08867352    1.08412131    1.84801948    2.03798299    2.02977540    2.23382316    2.30600070
E0SAM9_DICD3/37-165     1.91135258    2.73317859    2.24961275    2.37062052    2.11109818    2.05373598    1.93481925    2.19638753    2.05020087    2.42158349    2.13435069    1.93268076    1.95661415    1.98320248    2.04136885    1.44983521    0.69372795    0.00000000    0.79293612    1.08962357    0.84218124    2.25268231    2.25185059    2.14836661    2.52254770    2.71645703
W0HUY6_9GAMM/35-159     2.28104994    2.83552481    2.67522866    2.76332675    2.43197776    2.20296670    2.11473276    2.67136661    2.38268862    3.03720732    2.33215088    2.34875090    2.20127440    2.25813472    1.92699890    1.70745826    0.97856297    0.79293612    0.00000000    1.34985327    1.09865662    2.47771005    2.40042412    2.20760412    2.70418058    3.04744385
B0UW32_HISS2/40-169     1.93040099    2.66192108    2.04464733    2.31306417    2.01650413    2.11010706    1.97676304    2.11414073    1.96697174    2.38651791    2.13485462    1.90196444    2.13570298    1.93257608    2.10763430    1.62868419    1.08867352    1.08962357    1.34985327    0.00000000    0.81861125    2.23692637    2.31859304    2.46837552    2.31859704    2.37726605
VPM_BPHC1/41-170     1.92688261    2.90383215    2.34495883    2.47302151    2.32032003    2.13497974    2.22689599    2.12726866    2.21652543    2.40134662    1.95707433    2.06337165    2.05151316    2.08704419    2.09655302    1.48255174    1.08412131    0.84218124    1.09865662    0.81861125    0.00000000    2.35983081    2.51575880    2.36877872    2.54181928    2.63689548
F6IH74_9SPHN/54-186     1.13500832    1.41085991    1.46861429    1.33023621    1.19933969    1.49151027    1.63388944    1.20382410    1.09576022    1.66969915    1.36782271    1.04902387    1.07747823    1.07113466    1.77245538    1.70822057    1.84801948    2.25268231    2.47771005    2.23692637    2.35983081    0.00000000    1.03296104    1.35319775    1.54028622    1.37411047
W0L3Y4_9GAMM/35-167     1.05470278    0.98490729    1.18887594    1.12310192    1.33877318    1.25987407    1.34519674    1.14129649    0.94430530    1.36007733    1.51412007    1.14464403    1.13711162    0.84356698    1.74225858    1.89452602    2.03798299    2.25185059    2.40042412    2.31859304    2.51575880    1.03296104    0.00000000    1.03419589    1.11204585    0.95420166
M1SVM7_MORMO/21-154     1.36893634    1.18777167    1.09533121    1.30036396    1.32172890    1.44880439    1.24323321    1.22324487    1.22519753    1.59446337    1.59415343    1.24957639    1.26824562    1.25115527    1.91236261    2.17502676    2.02977540    2.14836661    2.20760412    2.46837552    2.36877872    1.35319775    1.03419589    0.00000000    1.19716263    1.18969062
Q6D3X3_PECAS/36-168     1.38500056    1.42513435    1.45286826    1.21387425    1.37399262    1.49530338    1.34194479    1.31694778    1.12056848    1.73816304    1.50282146    1.44218948    1.50289744    1.16724470    1.80491377    2.10171179    2.23382316    2.52254770    2.70418058    2.31859704    2.54181928    1.54028622    1.11204585    1.19716263    0.00000000    0.88293259
H2IY52_RAHAC/34-166     1.29221050    1.32502446    1.31901721    1.23718529    1.33237727    1.41981885    1.39578071    1.19274268    1.13008518    1.27894409    1.35782218    1.10205573    1.25936448    1.06109184    1.71848459    2.13938967    2.30600070    2.71645703    3.04744385    2.37726605    2.63689548    1.37411047    0.95420166    1.18969062    0.88293259    0.00000000

