9
Q8XVP9_RALSO/4-193     0.00000000    1.01724352    1.40268476    1.38624974    2.53987817    2.83351928    2.72624823    2.82629697    2.77847746
Q9HUJ7_PSEAE/7-191     1.01724352    0.00000000    1.33832827    1.33578583    2.50518746    2.62227552    2.46059954    2.66405055    2.53771164
Q9KPD8_VIBCH/7-194     1.40268476    1.33832827    0.00000000    0.81048121    2.48719718    2.73935037    2.71277262    2.82296234    2.80785138
Q32BT7_SHIDS/4-188     1.38624974    1.33578583    0.81048121    0.00000000    2.71974544    2.84627696    3.04942855    3.01751750    2.94995121
Q8YMG6_NOSS1/3-209     2.53987817    2.50518746    2.48719718    2.71974544    0.00000000    3.49249186    3.72707200    3.82076587    3.53421461
Y825_PASMU/1-178     2.83351928    2.62227552    2.73935037    2.84627696    3.49249186    0.00000000    0.31896230    0.34902604    0.38256987
Y1892_VIBCH/1-178     2.72624823    2.46059954    2.71277262    3.04942855    3.72707200    0.31896230    0.00000000    0.31702581    0.33733754
YCFP_ECOLI/1-177     2.82629697    2.66405055    2.82296234    3.01751750    3.82076587    0.34902604    0.31702581    0.00000000    0.24160483
Y1616_YERPE/1-178     2.77847746    2.53771164    2.80785138    2.94995121    3.53421461    0.38256987    0.33733754    0.24160483    0.00000000

