7
MTA_STRPU/2-64     0.00000000    1.31078267    1.45713802    1.36862004    0.38299195    0.36384112    0.39720363
MT_EISFE/4-75     1.31078267    0.00000000    0.32252930    0.27108133    1.46346286    1.40299496    1.40009699
O76953_9ANNE/3-73     1.45713802    0.32252930    0.00000000    0.38412700    1.62178987    1.57183380    1.55492513
Q9GRJ0_LUMRU/9-77     1.36862004    0.27108133    0.38412700    0.00000000    1.58767520    1.60131276    1.59097216
Q966Z5_PARLI/2-66     0.38299195    1.46346286    1.62178987    1.58767520    0.00000000    0.36760590    0.35899871
MTB_SPHGR/3-67     0.36384112    1.40299496    1.57183380    1.60131276    0.36760590    0.00000000    0.26285775
MT_LYTPI/4-68     0.39720363    1.40009699    1.55492513    1.59097216    0.35899871    0.26285775    0.00000000

