30
TAG2T_AGEOR/36-69     0.00000000    0.20562602    0.20344007    0.20360847    0.20497201    0.17052343    1.16415386    1.51486934    0.73205536    1.63006977    1.93212092    1.68726213    2.02597847    2.03346406    1.71432659    1.85640314    1.86097003    1.75492304    1.70135365    1.70365101    0.23894485    0.24106335    0.20642194    0.29036533    0.17419198    0.22242193    0.18838180    0.28285212    0.30236051    0.24268502
TAG2F_AGEOR/36-69     0.20562602    0.00000000    0.06600624    0.06609856    0.06657374    0.06815244    1.23854466    1.36700739    0.59226784    1.67661722    2.08675410    1.82888531    2.17943935    2.19589089    1.86018979    2.01571397    2.02238840    1.82663412    1.83482316    1.83780542    0.09974336    0.10067769    0.10313296    0.10301331    0.06925486    0.17806595    0.17982366    0.35569093    0.26150095    0.10127633
TAG2K_AGEOR/35-68     0.20344007    0.06600624    0.00000000    0.06540620    0.06587165    0.06741773    1.34462521    1.47710505    0.58482839    1.65993704    2.07565206    1.81456439    2.17039550    2.18667340    1.84586407    2.00279490    2.00941298    1.81142529    1.81945314    1.82240438    0.09869654    0.09961193    0.10201693    0.17810739    0.06849677    0.17609610    0.17781597    0.35147207    0.25849287    0.10019753
TAG2D_AGEOR/36-69     0.20360847    0.06609856    0.06540620    0.00000000    0.06596358    0.06751350    1.24220750    1.40349285    0.58412483    1.55121627    1.94478554    1.70376913    2.03669261    2.04461779    1.73071592    1.87103728    1.87567694    1.69488921    1.70043953    1.70274323    0.06654042    0.09973767    0.10214754    0.17828313    0.06859525    0.17626937    0.17799115    0.35153580    0.25865684    0.10032456
TAG2O_AGEOR/35-68     0.20497201    0.06657374    0.06587165    0.06596358    0.00000000    0.06800822    1.27856727    1.40319577    0.58717403    1.57512042    1.96973622    1.76147496    2.06137235    2.03172673    1.78898245    1.92845166    1.93357910    1.71921853    1.69850714    1.72764309    0.09951433    0.10044379    0.10288601    0.17956122    0.06910537    0.17751927    0.17926374    0.35387852    0.26046200    0.10103909
Q5Y4X8_AGEOR/35-68     0.17052343    0.06815244    0.06741773    0.06751350    0.06800822    0.00000000    1.28934281    1.40556873    0.54153852    1.53838745    1.97836053    1.73069706    2.07154831    2.08159137    1.75888253    1.90428464    1.90942003    1.72302214    1.75279697    1.75541209    0.10182397    0.10279485    0.10534688    0.18389022    0.07080211    0.18174933    0.18357323    0.31451993    0.22284411    0.10341876
TX10A_CYRSC/41-72     1.16415386    1.23854466    1.34462521    1.24220750    1.27856727    1.28934281    0.00000000    1.57394691    1.16956672    1.67503368    2.11059433    1.73437765    1.95210613    2.02689676    1.85481463    1.91572424    2.08540880    1.99092642    1.88238348    1.88972042    1.22838726    1.31913672    1.35687245    1.41273384    1.33293536    1.23690711    1.35639476    1.12986736    1.21667487    1.44306455
C7TRQ6_SCHJA/23-56     1.51486934    1.36700739    1.47710505    1.40349285    1.40319577    1.40556873    1.57394691    0.00000000    1.75548878    2.14364793    1.98222314    1.81067642    1.85669536    1.99054547    1.97687494    1.95973407    2.00887816    1.93380669    2.37478411    2.38028750    1.29714059    1.38144397    1.35394615    1.27048542    1.24399017    1.42791302    1.20639641    1.43048738    1.40061559    1.52879878
TXAG5_AGEOR/35-68     0.73205536    0.59226784    0.58482839    0.58412483    0.58717403    0.54153852    1.16956672    1.75548878    0.00000000    0.95106860    0.78811636    0.65145771    0.85993626    0.99929987    0.70303666    0.71982028    0.71822995    1.10383733    1.08699887    1.12233210    0.53586737    0.54090470    0.55423327    0.63830165    0.61364345    0.60969920    0.74109162    0.73798491    0.60659255    0.54651367
T3D1A_PIRLC/1-34     1.63006977    1.67661722    1.65993704    1.55121627    1.57512042    1.53838745    1.67503368    2.14364793    0.95106860    0.00000000    0.60828057    0.70528518    0.69850770    0.73495905    0.66866734    0.68366809    0.68214857    0.63723534    0.67470844    0.66073150    1.49916882    1.62967607    1.66043548    1.90786535    1.72717303    1.58776133    1.68323822    1.66103315    1.59648953    1.67086727
T4G1D_AGEAP/1-34     1.93212092    2.08675410    2.07565206    1.94478554    1.96973622    1.97836053    2.11059433    1.98222314    0.78811636    0.60828057    0.00000000    0.10880421    0.11140240    0.24540793    0.10414606    0.10560025    0.10525222    0.51158756    0.62746195    0.61401954    1.88743044    2.03408025    1.85551171    1.91969676    1.78209894    1.90712389    1.89805841    1.91946775    1.93100979    2.09158071
T4G1E_AGEOR/35-68     1.68726213    1.82888531    1.81456439    1.70376913    1.76147496    1.73069706    1.73437765    1.81067642    0.65145771    0.70528518    0.10880421    0.00000000    0.10526528    0.18093805    0.06987436    0.07084139    0.07059940    0.69620217    0.74970143    0.77781453    1.65210922    1.78212490    1.62220600    1.67230395    1.54935942    1.66322078    1.65598190    1.67034972    1.68551759    1.82676198
T4G1F_AGEAP/1-34     2.02597847    2.17943935    2.17039550    2.03669261    2.06137235    2.07154831    1.95210613    1.85669536    0.85993626    0.69850770    0.11140240    0.10526528    0.00000000    0.11020211    0.18573195    0.18860451    0.18798694    0.70971300    0.75266099    0.73992561    1.97924708    2.12686117    1.94780205    2.01514044    1.87663352    2.00162886    1.99221386    2.01564732    2.02534064    2.18693249
T4G1F_AGEOR/36-69     2.03346406    2.19589089    2.18667340    2.04461779    2.03172673    2.08159137    2.02689676    1.99054547    0.99929987    0.73495905    0.24540793    0.18093805    0.11020211    0.00000000    0.26814161    0.27255208    0.27170455    0.80170259    0.79834751    0.86825875    1.98400003    2.14012482    1.95088434    2.04950650    1.87596373    2.00778297    1.99781637    2.02272648    2.03283316    2.20437063
T4G1I_AGEOR/35-68     1.71432659    1.86018979    1.84586407    1.73071592    1.78898245    1.75888253    1.85481463    1.97687494    0.70303666    0.66866734    0.10414606    0.06987436    0.18573195    0.26814161    0.00000000    0.06786350    0.06764077    0.60510306    0.71138499    0.73813614    1.67750844    1.81176204    1.64685475    1.69933557    1.57275564    1.68972758    1.68215918    1.71821085    1.73299504    1.85877199
T4G1J_AGEOR/35-68     1.85640314    2.01571397    2.00279490    1.87103728    1.92845166    1.90428464    1.91572424    1.95973407    0.71982028    0.68366809    0.10560025    0.07084139    0.18860451    0.27255208    0.06786350    0.00000000    0.06854639    0.67654520    0.72737236    0.75488080    1.81251649    1.86905402    1.77956974    1.84237363    1.70261497    1.83031996    1.82137273    1.84153266    1.85493795    2.01858535
T4G1K_AGEOR/35-68     1.86097003    2.02238840    2.00941298    1.87567694    1.93357910    1.90942003    2.08540880    2.00887816    0.71822995    0.68214857    0.10525222    0.07059940    0.18798694    0.27170455    0.06764077    0.06854639    0.00000000    0.67515054    0.72588313    0.75340460    1.81646142    1.96761023    1.78316719    1.84684720    1.70549958    1.83460098    1.82552924    1.84603149    1.85950516    2.02550253
T2DP4_PIRLC/1-34     1.75492304    1.82663412    1.81142529    1.69488921    1.71921853    1.72302214    1.99092642    1.93380669    1.10383733    0.63723534    0.51158756    0.69620217    0.70971300    0.80170259    0.60510306    0.67654520    0.67515054    0.00000000    0.25818295    0.17856044    1.64087214    1.77721788    1.62736155    1.77676516    1.64435820    1.56740730    1.72388899    1.71865152    1.75753617    1.82432492
T2G3A_AGEOR/34-67     1.70135365    1.83482316    1.81945314    1.70043953    1.69850714    1.75279697    1.88238348    2.37478411    1.08699887    0.67470844    0.62746195    0.74970143    0.75266099    0.79834751    0.71138499    0.72737236    0.72588313    0.25818295    0.00000000    0.06932930    1.64532821    1.78443546    1.63161304    1.78390614    1.64887809    1.57037290    1.72985414    1.61704622    1.65621741    1.83268119
T2MG2_AGEAP/1-34     1.70365101    1.83780542    1.82240438    1.70274323    1.72764309    1.75541209    1.88972042    2.38028750    1.12233210    0.66073150    0.61401954    0.77781453    0.73992561    0.86825875    0.73813614    0.75488080    0.75340460    0.17856044    0.06932930    0.00000000    1.64738673    1.78715509    1.63364742    1.78659724    1.65094853    1.57213771    1.73222889    1.61904872    1.65838726    1.83572996
TAG2N_AGEOR/36-69     0.23894485    0.09974336    0.09869654    0.06654042    0.09951433    0.10182397    1.22838726    1.29714059    0.53586737    1.49916882    1.88743044    1.65210922    1.97924708    1.98400003    1.67750844    1.81251649    1.81646142    1.64087214    1.64532821    1.64738673    0.00000000    0.06587079    0.06748360    0.14134822    0.10343754    0.13979273    0.18089928    0.35713399    0.26282331    0.06624516
TAG2L_AGEOR/36-69     0.24106335    0.10067769    0.09961193    0.09973767    0.10044379    0.10279485    1.31913672    1.38144397    0.54090470    1.62967607    2.03408025    1.78212490    2.12686117    2.14012482    1.81176204    1.86905402    1.96761023    1.77721788    1.78443546    1.78715509    0.06587079    0.00000000    0.06813571    0.14272034    0.10443790    0.14113473    0.18264915    0.36053767    0.26535250    0.06687483
TAG2J_AGEOR/36-69     0.20642194    0.10313296    0.10201693    0.10214754    0.10288601    0.10534688    1.35687245    1.35394615    0.55423327    1.66043548    1.85551171    1.62220600    1.94780205    1.95088434    1.64685475    1.77956974    1.78316719    1.62736155    1.63161304    1.63364742    0.06748360    0.06813571    0.00000000    0.10258280    0.06677530    0.10575871    0.14610523    0.32053745    0.27194460    0.06853643
TAG2R_AGEOR/36-69     0.29036533    0.10301331    0.17810739    0.17828313    0.17956122    0.18389022    1.41273384    1.27048542    0.63830165    1.90786535    1.91969676    1.67230395    2.01514044    2.04950650    1.69933557    1.84237363    1.84684720    1.77676516    1.78390614    1.78659724    0.14134822    0.14272034    0.10258280    0.00000000    0.09959145    0.18598874    0.23135948    0.42554163    0.36798585    0.14364887
TAG2P_AGEOR/36-69     0.17419198    0.06925486    0.06849677    0.06859525    0.06910537    0.07080211    1.33293536    1.24399017    0.61364345    1.72717303    1.78209894    1.54935942    1.87663352    1.87596373    1.57275564    1.70261497    1.70549958    1.64435820    1.64887809    1.65094853    0.10343754    0.10443790    0.06677530    0.09959145    0.00000000    0.14498206    0.14644677    0.32229892    0.27124580    0.10508226
TA2GE_AGEOR/36-69     0.22242193    0.17806595    0.17609610    0.17626937    0.17751927    0.18174933    1.23690711    1.42791302    0.60969920    1.58776133    1.90712389    1.66322078    2.00162886    2.00778297    1.68972758    1.83031996    1.83460098    1.56740730    1.57037290    1.57213771    0.13979273    0.14113473    0.10575871    0.18598874    0.14498206    0.00000000    0.10349107    0.18307742    0.27310141    0.14204086
TAG2U_AGEOR/35-68     0.18838180    0.17982366    0.17781597    0.17799115    0.17926374    0.18357323    1.35639476    1.20639641    0.74109162    1.68323822    1.89805841    1.65598190    1.99221386    1.99781637    1.68215918    1.82137273    1.82552924    1.72388899    1.72985414    1.73222889    0.18089928    0.18264915    0.14610523    0.23135948    0.14644677    0.10349107    0.00000000    0.13991356    0.22338847    0.18389501
TAG2W_AGEOR/36-69     0.28285212    0.35569093    0.35147207    0.35153580    0.35387852    0.31451993    1.12986736    1.43048738    0.73798491    1.66103315    1.91946775    1.67034972    2.01564732    2.02272648    1.71821085    1.84153266    1.84603149    1.71865152    1.61704622    1.61904872    0.35713399    0.36053767    0.32053745    0.42554163    0.32229892    0.18307742    0.13991356    0.00000000    0.06839131    0.36356595
TAG2Y_AGEOR/35-68     0.30236051    0.26150095    0.25849287    0.25865684    0.26046200    0.22284411    1.21667487    1.40061559    0.60659255    1.59648953    1.93100979    1.68551759    2.02534064    2.03283316    1.73299504    1.85493795    1.85950516    1.75753617    1.65621741    1.65838726    0.26282331    0.26535250    0.27194460    0.36798585    0.27124580    0.27310141    0.22338847    0.06839131    0.00000000    0.26735109
TAG2Q_AGEOR/36-69     0.24268502    0.10127633    0.10019753    0.10032456    0.10103909    0.10341876    1.44306455    1.52879878    0.54651367    1.67086727    2.09158071    1.82676198    2.18693249    2.20437063    1.85877199    2.01858535    2.02550253    1.82432492    1.83268119    1.83572996    0.06624516    0.06687483    0.06853643    0.14364887    0.10508226    0.14204086    0.18389501    0.36356595    0.26735109    0.00000000

