49
K0J3M2_AMPXN/2-87     0.00000000    0.86311020    0.96183757    1.04635498    0.99026269    1.10715931    1.03843030    1.41904633    1.11867543    1.12189542    1.34218600    1.23220450    1.29904518    1.07683466    0.92361480    1.07156628    1.04461397    0.95006487    0.81664017    0.87136884    0.99947599    0.73617146    0.91728009    0.90887720    0.79477932    1.00358373    0.96261881    0.98590023    1.06621059    1.07143387    1.12173506    1.01811339    0.65735291    0.73931711    0.79138109    1.03045237    1.47392988    1.20675280    1.62243457    0.80327078    0.81015943    0.78277450    0.76672962    0.89575753    0.88202886    1.09821169    0.86148933    0.94262768    0.86133067
C4L5C1_EXISA/2-87     0.86311020    0.00000000    0.92755766    1.09347421    1.14571047    0.90615704    1.06883821    1.30063656    1.17509743    1.60675121    1.46711881    1.56560340    1.35535528    0.98581868    0.93767625    1.07262099    0.98024299    1.05358603    0.94695395    1.11156694    1.19208784    0.95665711    1.06502714    1.10209057    1.08476670    1.01090738    1.23959957    1.05295226    1.22962362    1.06170204    1.14238888    1.17266364    0.95966230    1.01719109    0.97073239    1.13897402    1.29943702    1.07241819    1.20718608    1.00072039    1.01956313    1.17886633    0.95514350    1.15181425    0.97001853    1.05879794    0.94523263    1.04349535    0.89876528
A5VJ76_LACRD/10-95     0.96183757    0.92755766    0.00000000    0.79793908    0.94188496    0.96586959    0.91923206    1.34555447    1.18726925    1.15752511    1.30520414    1.30109449    1.06929098    1.04027264    0.94629228    0.81639519    0.79908795    0.66263979    0.66625606    1.01492993    0.83101358    0.86462238    0.79732793    0.84682699    0.84316539    0.71445024    1.04714767    0.82439598    0.82983045    0.87863866    0.92862772    1.10880442    0.80364812    0.87866473    0.97954452    0.88353500    1.37137313    1.21419465    1.60790263    1.04771122    1.07988219    1.06978757    1.04727617    0.90606190    0.86380212    0.93836072    0.91697251    0.94751313    0.81904840
F2I6M1_AERUA/3-88     1.04635498    1.09347421    0.79793908    0.00000000    1.19657859    1.20750538    0.99372474    1.44415312    1.19126738    1.40035902    1.16490612    1.34581960    1.33538757    1.20126049    0.96928383    1.00699493    1.07205191    0.98454674    0.94742636    1.36375211    1.14648273    1.24930765    1.11488475    1.18349626    1.13440511    0.93903576    1.18260051    1.17029457    1.06211202    1.04382115    1.33495104    1.35067024    0.97523817    1.00441259    1.19777325    1.07798682    1.59809029    1.33420565    1.87452786    0.98279437    1.05109268    1.12412123    1.06658897    0.89559943    0.91884953    1.09295506    1.06922020    1.08831448    1.06329172
Y2149_LACPL/9-94     0.99026269    1.14571047    0.94188496    1.19657859    0.00000000    0.91129717    0.96497829    1.24210174    1.20746518    1.32793498    1.24192476    1.41057323    1.37580262    1.00521328    1.07107786    0.79608852    1.12634569    1.01329730    0.89054103    1.08334574    1.02900456    1.05684871    0.95891149    1.00778763    1.00819179    1.12681654    0.96332217    0.94897765    1.05087800    0.93548201    1.19350275    1.30843541    1.06165295    0.84554581    1.12437798    1.39985014    1.44186463    1.34219550    1.65194341    1.17047729    1.01562407    1.30274735    1.15818683    1.07814685    1.13944463    1.14513389    1.18455908    1.04177281    1.03435410
F8HXZ6_WEIKK/6-91     1.10715931    0.90615704    0.96586959    1.20750538    0.91129717    0.00000000    0.82791615    1.36441680    1.16672804    1.43351862    1.41122106    1.53359540    1.60433599    1.03722058    1.09824809    0.86271028    1.10736952    1.18426141    0.82126711    0.94679503    1.03213437    0.87229317    0.93512880    1.03222086    1.43763823    1.11961319    0.97325692    0.97443015    1.06425615    0.95343714    1.23349354    1.31368730    1.21937494    1.11612750    1.10559865    1.44031926    1.47373862    1.33899569    1.37675425    1.17802375    1.31030628    1.43222999    1.12752879    1.15192686    1.20945007    1.23860595    1.26355176    1.14961518    1.17844868
Q03QL9_LACBA/4-90     1.03843030    1.06883821    0.91923206    0.99372474    0.96497829    0.82791615    0.00000000    1.25825801    1.04257944    1.41913791    1.13623593    1.51170354    1.40333148    0.96763121    0.94304668    0.80954029    1.12324686    1.01149287    0.97903998    0.99486211    0.94271752    1.06847897    1.08714312    0.90731159    1.11160577    1.04522726    0.98407706    1.07055331    0.99792002    1.03564763    1.40950109    1.29527673    0.89763891    0.91175449    1.01072962    1.17356379    1.39319041    1.15419234    1.66230467    1.17146807    1.14233595    1.06158704    1.06464647    1.07632480    0.97742905    1.08594582    1.01036531    0.95183481    0.94544603
G2SPS4_LACRR/7-92     1.41904633    1.30063656    1.34555447    1.44415312    1.24210174    1.36441680    1.25825801    0.00000000    0.82664025    1.48767609    1.23391463    1.54238796    1.69640968    1.46748159    1.01816032    1.15646228    1.39205899    1.27508064    1.57582050    1.42802004    1.68558548    1.40053365    1.47102159    1.28586421    1.56621528    1.58866322    1.38011231    1.62786001    1.67683738    1.71227477    1.72924858    1.33438144    1.26008308    1.19655842    1.26548008    1.46237321    1.86008789    1.58631504    1.99397127    1.30236069    1.27117297    1.34994794    1.32755628    1.17802863    1.20132123    1.23981549    1.31199928    1.29775688    1.28972845
Q1WU74_LACS1/5-90     1.11867543    1.17509743    1.18726925    1.19126738    1.20746518    1.16672804    1.04257944    0.82664025    0.00000000    1.25108255    1.40684437    1.32624741    1.38377165    1.22557860    0.93422444    1.24730597    0.90525736    0.82608555    1.19889274    1.08865769    1.31287954    1.05237080    1.02962179    0.88270503    1.23291227    1.03546291    1.10177318    1.17904084    1.13609665    1.12239523    1.45173967    1.47188356    1.33611308    1.25482650    1.32649364    1.48333381    1.61731345    1.49824213    2.01598790    1.15176215    1.30890756    1.12340297    1.48240611    1.24993700    1.16850878    1.44124357    1.31656390    1.37345529    1.33677727
G2KWJ1_LACSM/8-94     1.12189542    1.60675121    1.15752511    1.40035902    1.32793498    1.43351862    1.41913791    1.48767609    1.25108255    0.00000000    1.18633920    1.23878229    1.32058317    1.60195800    1.26069515    1.33417858    1.48730675    1.35713237    1.33592374    1.64708454    1.58128685    1.31732369    1.43697891    1.48832365    1.41794427    1.37584319    1.59575826    1.65005878    1.55413016    1.59390766    1.57210493    1.27115068    1.18783193    1.24212821    1.22839586    1.29618217    1.46372251    1.49739651    1.65462138    1.08853277    1.15457781    1.11836980    1.14282789    1.03666351    1.14160633    1.19102339    1.12440048    1.05668852    1.11905546
J9W084_LACBU/4-90     1.34218600    1.46711881    1.30520414    1.16490612    1.24192476    1.41122106    1.13623593    1.23391463    1.40684437    1.18633920    0.00000000    1.10545726    1.12876268    1.28031929    0.95440591    0.91238572    1.46549151    1.29279446    1.46831134    1.39912464    1.43259217    1.30380848    1.27508760    1.30613265    1.12624039    1.21542470    1.29524505    1.40200424    1.48657512    1.28547051    1.18430240    1.16719466    1.20984693    0.99915424    1.13106254    1.13722253    1.49314385    1.22666084    1.71389842    1.25577400    1.12639073    1.15192715    0.97534889    0.95258518    1.00191098    1.07724344    1.11845561    1.04732150    1.09209332
G8PCX3_PEDCP/4-86     1.23220450    1.56560340    1.30109449    1.34581960    1.41057323    1.53359540    1.51170354    1.54238796    1.32624741    1.23878229    1.10545726    0.00000000    0.84971142    1.61147530    1.45665389    1.21930959    1.23316676    1.25297323    1.46809474    1.39102056    1.43071692    1.23388246    1.19685786    1.21911818    1.12727677    1.21888925    1.55419049    1.56402656    1.76787464    1.57128681    1.26891401    1.33653563    1.49647355    1.03069384    1.24924147    1.32722621    1.58144733    1.57185932    1.53008198    1.15427689    1.18212651    1.29701480    1.35919295    1.17852764    1.45693003    1.35496310    1.47293284    1.35293374    1.29323627
Q03F10_PEDPA/6-91     1.29904518    1.35535528    1.06929098    1.33538757    1.37580262    1.60433599    1.40333148    1.69640968    1.38377165    1.32058317    1.12876268    0.84971142    0.00000000    1.70382270    1.55928882    1.26624521    1.14498526    1.09838657    1.03851601    1.47550437    1.47251983    1.26289145    1.29014918    1.23129914    1.33825093    1.17596421    1.63090929    1.38776713    1.36096705    1.45612915    1.37572358    1.29606873    1.32668157    0.93559356    1.26586277    1.10815536    1.55923537    1.26799061    2.07648581    1.18058493    1.33538825    1.25259548    1.40346110    1.22684667    1.07337202    1.04989375    1.14718624    1.18796901    1.08766137
Q38WP9_LACSS/4-89     1.07683466    0.98581868    1.04027264    1.20126049    1.00521328    1.03722058    0.96763121    1.46748159    1.22557860    1.60195800    1.28031929    1.61147530    1.70382270    0.00000000    0.79632560    0.88912045    1.15152045    0.98291741    1.04881202    1.02447933    0.95181587    0.99733417    0.86178904    0.93617946    1.07567393    1.05954037    1.01385719    0.94913274    1.13997667    1.11845741    1.20659685    1.19810825    1.21053642    1.07657133    1.14859589    1.19732462    1.62207160    1.63620621    1.66358357    1.49491450    1.26692455    1.28359285    1.26859197    1.20263087    1.27141360    1.32737663    1.31406364    1.31043040    1.03804913
R7GLD0_9FIRM/2-81     0.92361480    0.93767625    0.94629228    0.96928383    1.07107786    1.09824809    0.94304668    1.01816032    0.93422444    1.26069515    0.95440591    1.45665389    1.55928882    0.79632560    0.00000000    0.57899982    1.04652698    0.92358060    1.02822184    1.04600750    1.01273882    0.85551619    0.94944493    0.84716122    0.97815545    1.03248396    0.90862110    1.05355242    1.00944753    1.10952958    1.30223593    1.08772541    0.89514955    0.93568676    1.04902777    1.10909372    1.40269487    1.30297973    1.27961423    1.04833249    0.99148253    0.93716127    1.05167145    0.92502597    0.87394567    1.02262538    0.94150040    0.93679604    1.08182395
R5Q812_9FIRM/3-83     1.07156628    1.07262099    0.81639519    1.00699493    0.79608852    0.86271028    0.80954029    1.15646228    1.24730597    1.33417858    0.91238572    1.21930959    1.26624521    0.88912045    0.57899982    0.00000000    0.97003948    0.88038509    0.87351235    0.87838596    0.78379962    0.85322078    0.74034505    0.87838268    1.16183015    0.90420065    1.00883100    1.01174038    0.95871238    0.90045109    1.06483768    1.04251444    0.93154667    0.82086743    0.97267192    1.21458223    1.32126913    1.31747284    1.38671220    0.96266157    1.14192132    1.02437033    1.05201798    0.89926150    0.84152397    0.91241710    0.99941978    0.99600483    1.02896093
YFDD_LACLA/4-89     1.04461397    0.98024299    0.79908795    1.07205191    1.12634569    1.10736952    1.12324686    1.39205899    0.90525736    1.48730675    1.46549151    1.23316676    1.14498526    1.15152045    1.04652698    0.97003948    0.00000000    0.25403920    0.61284945    0.55348914    0.71764383    0.55859618    0.66523770    0.59378624    1.15165372    0.87658813    1.22652008    1.09724663    1.00319919    0.85805658    0.94451154    0.88015063    1.03160846    0.92481931    1.04431445    1.18110549    1.49755251    1.29667040    1.92874293    1.09766248    1.30037219    1.15726438    1.15719361    1.13113970    1.08295014    1.07021300    1.00382247    1.03725402    1.05620852
F9VBU5_LACGL/4-89     0.95006487    1.05358603    0.66263979    0.98454674    1.01329730    1.18426141    1.01149287    1.27508064    0.82608555    1.35713237    1.29279446    1.25297323    1.09838657    0.98291741    0.92358060    0.88038509    0.25403920    0.00000000    0.69561187    0.63558774    0.76667694    0.58604071    0.66756387    0.57065474    1.16422127    0.82255343    1.10087690    1.05619845    0.90885871    0.78184703    0.73276843    0.81079638    0.86832902    0.83057255    0.95400180    1.19487568    1.51971047    1.28170552    1.74400562    1.08391719    1.22184220    1.02491900    1.09872897    1.10388349    1.08496106    0.94166593    0.92856972    1.00480790    0.80860363
Y1261_STRR6/4-89     0.81664017    0.94695395    0.66625606    0.94742636    0.89054103    0.82126711    0.97903998    1.57582050    1.19889274    1.33592374    1.46831134    1.46809474    1.03851601    1.04881202    1.02822184    0.87351235    0.61284945    0.69561187    0.00000000    0.49637667    0.51222549    0.57310427    0.65993821    0.66849825    0.95837309    0.95836219    1.06762697    0.79244002    0.83083735    0.78344131    0.98080630    0.89116776    0.81270617    0.85452261    0.92870077    0.94674957    1.55477936    1.23765678    1.52917013    1.09899991    1.12105800    1.06921320    1.00870375    0.94637248    0.86609770    1.04994481    0.78689356    0.91953095    0.90557191
Y1141_STRMU/4-89     0.87136884    1.11156694    1.01492993    1.36375211    1.08334574    0.94679503    0.99486211    1.42802004    1.08865769    1.64708454    1.39912464    1.39102056    1.47550437    1.02447933    1.04600750    0.87838596    0.55348914    0.63558774    0.49637667    0.00000000    0.42867162    0.40608546    0.48505243    0.49603503    1.11558233    1.12706497    0.98370430    1.04706374    1.09345340    0.89035945    1.05373783    0.93825535    1.00728901    0.95621124    1.04314781    1.16401673    1.59878495    1.25711435    1.90485468    1.24323801    1.34536352    1.15621200    1.01054720    1.14191496    0.99058420    1.14096019    0.96116060    1.11069909    1.16523400
A4VVD7_STRSY/4-88     0.99947599    1.19208784    0.83101358    1.14648273    1.02900456    1.03213437    0.94271752    1.68558548    1.31287954    1.58128685    1.43259217    1.43071692    1.47251983    0.95181587    1.01273882    0.78379962    0.71764383    0.76667694    0.51222549    0.42867162    0.00000000    0.54049965    0.51617844    0.61598815    0.97483232    1.03515027    1.20100011    1.04381898    1.05677313    0.89608303    1.17628118    1.10766873    0.95637656    0.87348630    1.07552240    0.94385419    1.38956172    1.25508591    1.42840777    1.09496440    1.29732906    1.02832528    1.06705404    1.02222983    0.96156394    1.10555698    0.88545481    1.08793319    0.97684265
Y967_STRU0/4-88     0.73617146    0.95665711    0.86462238    1.24930765    1.05684871    0.87229317    1.06847897    1.40053365    1.05237080    1.31732369    1.30380848    1.23388246    1.26289145    0.99733417    0.85551619    0.85322078    0.55859618    0.58604071    0.57310427    0.40608546    0.54049965    0.00000000    0.53716447    0.45208804    0.93845667    1.11914779    0.97957746    0.99789592    1.07706756    0.92658095    0.91574689    0.81892628    0.85474326    0.80348045    0.78163211    1.01126446    1.50348266    1.17901329    1.37920295    0.93778727    1.08996249    0.89024226    0.89068332    0.86280659    0.92721120    0.93719664    0.79032681    0.97769235    0.98123385
Y995_STRA5/5-90     0.91728009    1.06502714    0.79732793    1.11488475    0.95891149    0.93512880    1.08714312    1.47102159    1.02962179    1.43697891    1.27508760    1.19685786    1.29014918    0.86178904    0.94944493    0.74034505    0.66523770    0.66756387    0.65993821    0.48505243    0.51617844    0.53716447    0.00000000    0.48312954    1.03284750    1.08302631    1.01618625    1.01173575    1.16684850    1.03877650    0.94899144    1.05705359    1.01544173    1.01979056    1.00936864    1.10437835    1.76192412    1.46135122    1.67940180    1.17356196    1.17045458    1.17966541    1.12656413    1.14488992    0.94831809    1.15489502    0.91781578    1.08783905    1.14445617
Y998_STRT2/5-90     0.90887720    1.10209057    0.84682699    1.18349626    1.00778763    1.03222086    0.90731159    1.28586421    0.88270503    1.48832365    1.30613265    1.21911818    1.23129914    0.93617946    0.84716122    0.87838268    0.59378624    0.57065474    0.66849825    0.49603503    0.61598815    0.45208804    0.48312954    0.00000000    0.98318794    1.13766734    0.94738739    1.13459967    1.09235377    1.03758699    0.97442551    1.01673120    0.99636265    0.78928701    0.99224948    1.18389788    1.54355219    1.23402490    1.83260677    1.15626768    1.17172752    0.90559650    1.04019662    1.05741616    0.94927364    0.99999217    0.86190198    0.89295791    0.97665386
Y1058_LISMO/2-87     0.79477932    1.08476670    0.84316539    1.13440511    1.00819179    1.43763823    1.11160577    1.56621528    1.23291227    1.41794427    1.12624039    1.12727677    1.33825093    1.07567393    0.97815545    1.16183015    1.15165372    1.16422127    0.95837309    1.11558233    0.97483232    0.93845667    1.03284750    0.98318794    0.00000000    0.90883765    0.93487704    0.84684911    0.92882304    0.80765854    1.03218002    1.00902234    0.83799419    0.93867787    1.21049786    0.94312617    1.22252887    1.35610041    1.42018643    1.09432550    1.18355192    0.94059228    0.78280777    0.88904584    1.01489159    0.98646984    0.95777238    1.01807709    0.91232283
K8E3L3_CARML/4-89     1.00358373    1.01090738    0.71445024    0.93903576    1.12681654    1.11961319    1.04522726    1.58866322    1.03546291    1.37584319    1.21542470    1.21888925    1.17596421    1.05954037    1.03248396    0.90420065    0.87658813    0.82255343    0.95836219    1.12706497    1.03515027    1.11914779    1.08302631    1.13766734    0.90883765    0.00000000    0.90849403    0.78212869    0.78680510    0.63729926    1.01368339    1.01721943    0.95267297    0.90035135    0.80878278    1.00187410    1.28582446    1.27948942    1.51145450    1.01837249    1.08816171    1.12239084    1.12897473    1.03329860    0.96968588    0.93899078    1.03058881    0.99043100    0.80724886
F3YB33_MELPT/3-88     0.96261881    1.23959957    1.04714767    1.18260051    0.96332217    0.97325692    0.98407706    1.38011231    1.10177318    1.59575826    1.29524505    1.55419049    1.63090929    1.01385719    0.90862110    1.00883100    1.22652008    1.10087690    1.06762697    0.98370430    1.20100011    0.97957746    1.01618625    0.94738739    0.93487704    0.90849403    0.00000000    0.44929025    0.83910677    0.78274623    1.25876776    1.21726734    1.00252546    1.16288216    1.09000803    1.34003231    1.62546446    1.38700064    1.80100199    1.34815365    1.30907707    1.30096171    1.00373935    1.08780989    0.92734044    1.22189717    1.20698408    1.13067582    1.20303675
Y2462_ENTFA/3-88     0.98590023    1.05295226    0.82439598    1.17029457    0.94897765    0.97443015    1.07055331    1.62786001    1.17904084    1.65005878    1.40200424    1.56402656    1.38776713    0.94913274    1.05355242    1.01174038    1.09724663    1.05619845    0.79244002    1.04706374    1.04381898    0.99789592    1.01173575    1.13459967    0.84684911    0.78212869    0.44929025    0.00000000    0.53353137    0.47564632    1.04522782    1.12347795    0.94539698    1.13651134    0.99648524    1.10558434    1.44769351    1.27240311    1.63111648    1.21916345    1.30710048    1.22496125    0.96180768    1.06390348    1.06067730    1.23304234    1.12516658    1.09202585    0.99768710
G4L8H8_TETHN/3-88     1.06621059    1.22962362    0.82983045    1.06211202    1.05087800    1.06425615    0.99792002    1.67683738    1.13609665    1.55413016    1.48657512    1.76787464    1.36096705    1.13997667    1.00944753    0.95871238    1.00319919    0.90885871    0.83083735    1.09345340    1.05677313    1.07706756    1.16684850    1.09235377    0.92882304    0.78680510    0.83910677    0.53353137    0.00000000    0.40210795    1.05810145    0.97305443    0.91798472    1.13228685    1.17814484    1.15820383    1.45070158    1.48875953    1.61855756    1.20934547    1.28598908    1.31439794    1.12159511    1.21635978    1.06250882    1.15928324    1.16740839    1.11059210    1.04238034
T0TZL8_9ENTE/3-85     1.07143387    1.06170204    0.87863866    1.04382115    0.93548201    0.95343714    1.03564763    1.71227477    1.12239523    1.59390766    1.28547051    1.57128681    1.45612915    1.11845741    1.10952958    0.90045109    0.85805658    0.78184703    0.78344131    0.89035945    0.89608303    0.92658095    1.03877650    1.03758699    0.80765854    0.63729926    0.78274623    0.47564632    0.40210795    0.00000000    0.99998422    0.90135275    0.89940159    0.99388159    1.05204045    1.07159851    1.31662674    1.27157347    1.46160937    1.14541793    1.33325480    1.25106367    0.80080399    1.14666179    1.00312918    0.90033445    0.95476655    1.08422066    0.97308673
Y684_STAEQ/2-84     1.12173506    1.14238888    0.92862772    1.33495104    1.19350275    1.23349354    1.40950109    1.72924858    1.45173967    1.57210493    1.18430240    1.26891401    1.37572358    1.20659685    1.30223593    1.06483768    0.94451154    0.73276843    0.98080630    1.05373783    1.17628118    0.91574689    0.94899144    0.97442551    1.03218002    1.01368339    1.25876776    1.04522782    1.05810145    0.99998422    0.00000000    0.55393343    0.97933362    0.99429462    1.03282840    0.99380576    1.56987776    1.23700667    1.59016535    1.20152974    1.26412909    1.03954588    0.94900421    1.07265964    1.06822017    1.00464798    1.05251897    1.03868984    0.95387564
Y1044_STAA8/2-86     1.01811339    1.17266364    1.10880442    1.35067024    1.30843541    1.31368730    1.29527673    1.33438144    1.47188356    1.27115068    1.16719466    1.33653563    1.29606873    1.19810825    1.08772541    1.04251444    0.88015063    0.81079638    0.89116776    0.93825535    1.10766873    0.81892628    1.05705359    1.01673120    1.00902234    1.01721943    1.21726734    1.12347795    0.97305443    0.90135275    0.55393343    0.00000000    0.81407111    0.90069642    0.91183814    0.90506634    1.49853762    1.36010144    1.28165061    1.03914731    0.99933125    0.91352228    0.75000786    1.02032902    0.85723828    0.88323363    0.82419826    0.76415553    0.98619549
Y1362_BACP2/2-87     0.65735291    0.95966230    0.80364812    0.97523817    1.06165295    1.21937494    0.89763891    1.26008308    1.33611308    1.18783193    1.20984693    1.49647355    1.32668157    1.21053642    0.89514955    0.93154667    1.03160846    0.86832902    0.81270617    1.00728901    0.95637656    0.85474326    1.01544173    0.99636265    0.83799419    0.95267297    1.00252546    0.94539698    0.91798472    0.89940159    0.97933362    0.81407111    0.00000000    0.64373438    0.67432710    0.75203667    1.02415448    0.80056160    1.38315841    0.66389663    0.76868693    0.68965205    0.62220692    0.70326646    0.71284944    0.60783051    0.54689011    0.51537402    0.47357494
Y1419_OCEIH/2-87     0.73931711    1.01719109    0.87866473    1.00441259    0.84554581    1.11612750    0.91175449    1.19655842    1.25482650    1.24212821    0.99915424    1.03069384    0.93559356    1.07657133    0.93568676    0.82086743    0.92481931    0.83057255    0.85452261    0.95621124    0.87348630    0.80348045    1.01979056    0.78928701    0.93867787    0.90035135    1.16288216    1.13651134    1.13228685    0.99388159    0.99429462    0.90069642    0.64373438    0.00000000    0.51341929    0.78834148    0.88006926    0.85802948    1.22564149    0.61806461    0.73767799    0.74202068    0.66800823    0.62193848    0.62723740    0.70548492    0.71462998    0.55082292    0.59294160
I0JLZ8_HALH3/2-88     0.79138109    0.97073239    0.97954452    1.19777325    1.12437798    1.10559865    1.01072962    1.26548008    1.32649364    1.22839586    1.13106254    1.24924147    1.26586277    1.14859589    1.04902777    0.97267192    1.04431445    0.95400180    0.92870077    1.04314781    1.07552240    0.78163211    1.00936864    0.99224948    1.21049786    0.80878278    1.09000803    0.99648524    1.17814484    1.05204045    1.03282840    0.91183814    0.67432710    0.51341929    0.00000000    0.96694071    1.11250599    0.95661851    1.25026775    0.81240284    0.83868299    0.71928228    0.65372703    0.69750036    0.61359051    0.78229119    0.63309763    0.66231502    0.70404333
F2F750_SOLSS/2-87     1.03045237    1.13897402    0.88353500    1.07798682    1.39985014    1.44031926    1.17356379    1.46237321    1.48333381    1.29618217    1.13722253    1.32722621    1.10815536    1.19732462    1.10909372    1.21458223    1.18110549    1.19487568    0.94674957    1.16401673    0.94385419    1.01126446    1.10437835    1.18389788    0.94312617    1.00187410    1.34003231    1.10558434    1.15820383    1.07159851    0.99380576    0.90506634    0.75203667    0.78834148    0.96694071    0.00000000    0.98729454    0.90318831    1.25494656    0.74737308    0.89934251    0.61702966    0.60476286    0.65073194    0.69293613    0.71613752    0.60994258    0.69193404    0.65582028
E6TUM2_BACCJ/6-89     1.47392988    1.29943702    1.37137313    1.59809029    1.44186463    1.47373862    1.39319041    1.86008789    1.61731345    1.46372251    1.49314385    1.58144733    1.55923537    1.62207160    1.40269487    1.32126913    1.49755251    1.51971047    1.55477936    1.59878495    1.38956172    1.50348266    1.76192412    1.54355219    1.22252887    1.28582446    1.62546446    1.44769351    1.45070158    1.31662674    1.56987776    1.49853762    1.02415448    0.88006926    1.11250599    0.98729454    0.00000000    0.53440329    1.27206881    0.73071833    0.87825968    0.95747115    0.85264344    0.95715173    1.00568465    0.99192756    1.00417452    1.05106848    1.03269500
D6XTI5_BACIE/5-89     1.20675280    1.07241819    1.21419465    1.33420565    1.34219550    1.33899569    1.15419234    1.58631504    1.49824213    1.49739651    1.22666084    1.57185932    1.26799061    1.63620621    1.30297973    1.31747284    1.29667040    1.28170552    1.23765678    1.25711435    1.25508591    1.17901329    1.46135122    1.23402490    1.35610041    1.27948942    1.38700064    1.27240311    1.48875953    1.27157347    1.23700667    1.36010144    0.80056160    0.85802948    0.95661851    0.90318831    0.53440329    0.00000000    1.31633387    0.62846780    0.76414844    0.74193352    0.67347635    0.82865811    0.88912539    0.91993015    0.84945824    0.75002549    0.85491944
Q5WFB9_BACSK/2-87     1.62243457    1.20718608    1.60790263    1.87452786    1.65194341    1.37675425    1.66230467    1.99397127    2.01598790    1.65462138    1.71389842    1.53008198    2.07648581    1.66358357    1.27961423    1.38671220    1.92874293    1.74400562    1.52917013    1.90485468    1.42840777    1.37920295    1.67940180    1.83260677    1.42018643    1.51145450    1.80100199    1.63111648    1.61855756    1.46160937    1.59016535    1.28165061    1.38315841    1.22564149    1.25026775    1.25494656    1.27206881    1.31633387    0.00000000    0.83098726    1.06016364    1.38558414    1.21706963    1.24175206    1.36833334    1.40216518    1.36338953    1.35668248    1.36875278
D3FU68_ALKPO/2-87     0.80327078    1.00072039    1.04771122    0.98279437    1.17047729    1.17802375    1.17146807    1.30236069    1.15176215    1.08853277    1.25577400    1.15427689    1.18058493    1.49491450    1.04833249    0.96266157    1.09766248    1.08391719    1.09899991    1.24323801    1.09496440    0.93778727    1.17356196    1.15626768    1.09432550    1.01837249    1.34815365    1.21916345    1.20934547    1.14541793    1.20152974    1.03914731    0.66389663    0.61806461    0.81240284    0.74737308    0.73071833    0.62846780    0.83098726    0.00000000    0.36204445    0.67583137    0.61273201    0.70789675    0.82878686    0.77630398    0.78509762    0.65438338    0.68551240
Y2638_BACHD/2-87     0.81015943    1.01956313    1.07988219    1.05109268    1.01562407    1.31030628    1.14233595    1.27117297    1.30890756    1.15457781    1.12639073    1.18212651    1.33538825    1.26692455    0.99148253    1.14192132    1.30037219    1.22184220    1.12105800    1.34536352    1.29732906    1.08996249    1.17045458    1.17172752    1.18355192    1.08816171    1.30907707    1.30710048    1.28598908    1.33325480    1.26412909    0.99933125    0.76868693    0.73767799    0.83868299    0.89934251    0.87825968    0.76414844    1.06016364    0.36204445    0.00000000    0.83559630    0.71458093    0.76878752    0.79016622    0.98603147    0.97780906    0.75019422    0.84171176
G2TLD8_BACCO/2-86     0.78277450    1.17886633    1.06978757    1.12412123    1.30274735    1.43222999    1.06158704    1.34994794    1.12340297    1.11836980    1.15192715    1.29701480    1.25259548    1.28359285    0.93716127    1.02437033    1.15726438    1.02491900    1.06921320    1.15621200    1.02832528    0.89024226    1.17966541    0.90559650    0.94059228    1.12239084    1.30096171    1.22496125    1.31439794    1.25106367    1.03954588    0.91352228    0.68965205    0.74202068    0.71928228    0.61702966    0.95747115    0.74193352    1.38558414    0.67583137    0.83559630    0.00000000    0.48496746    0.55653545    0.66371958    0.62220304    0.49188659    0.48162190    0.61020053
D5E0C3_BACMQ/2-87     0.76672962    0.95514350    1.04727617    1.06658897    1.15818683    1.12752879    1.06464647    1.32755628    1.48240611    1.14282789    0.97534889    1.35919295    1.40346110    1.26859197    1.05167145    1.05201798    1.15719361    1.09872897    1.00870375    1.01054720    1.06705404    0.89068332    1.12656413    1.04019662    0.78280777    1.12897473    1.00373935    0.96180768    1.12159511    0.80080399    0.94900421    0.75000786    0.62220692    0.66800823    0.65372703    0.60476286    0.85264344    0.67347635    1.21706963    0.61273201    0.71458093    0.48496746    0.00000000    0.44564221    0.51590631    0.55564784    0.44827265    0.57748444    0.60802604
Y965_GEOSW/2-87     0.89575753    1.15181425    0.90606190    0.89559943    1.07814685    1.15192686    1.07632480    1.17802863    1.24993700    1.03666351    0.95258518    1.17852764    1.22684667    1.20263087    0.92502597    0.89926150    1.13113970    1.10388349    0.94637248    1.14191496    1.02222983    0.86280659    1.14488992    1.05741616    0.88904584    1.03329860    1.08780989    1.06390348    1.21635978    1.14666179    1.07265964    1.02032902    0.70326646    0.62193848    0.69750036    0.65073194    0.95715173    0.82865811    1.24175206    0.70789675    0.76878752    0.55653545    0.44564221    0.00000000    0.43098062    0.63944017    0.54405603    0.56129430    0.68643967
B7GGH5_ANOFW/17-102     0.88202886    0.97001853    0.86380212    0.91884953    1.13944463    1.20945007    0.97742905    1.20132123    1.16850878    1.14160633    1.00191098    1.45693003    1.07337202    1.27141360    0.87394567    0.84152397    1.08295014    1.08496106    0.86609770    0.99058420    0.96156394    0.92721120    0.94831809    0.94927364    1.01489159    0.96968588    0.92734044    1.06067730    1.06250882    1.00312918    1.06822017    0.85723828    0.71284944    0.62723740    0.61359051    0.69293613    1.00568465    0.88912539    1.36833334    0.82878686    0.79016622    0.66371958    0.51590631    0.43098062    0.00000000    0.56011600    0.55607088    0.61134382    0.68904020
N0AWT6_9BACI/2-87     1.09821169    1.05879794    0.93836072    1.09295506    1.14513389    1.23860595    1.08594582    1.23981549    1.44124357    1.19102339    1.07724344    1.35496310    1.04989375    1.32737663    1.02262538    0.91241710    1.07021300    0.94166593    1.04994481    1.14096019    1.10555698    0.93719664    1.15489502    0.99999217    0.98646984    0.93899078    1.22189717    1.23304234    1.15928324    0.90033445    1.00464798    0.88323363    0.60783051    0.70548492    0.78229119    0.71613752    0.99192756    0.91993015    1.40216518    0.77630398    0.98603147    0.62220304    0.55564784    0.63944017    0.56011600    0.00000000    0.36893233    0.59847050    0.45392297
U5LAU0_9BACI/2-87     0.86148933    0.94523263    0.91697251    1.06922020    1.18455908    1.26355176    1.01036531    1.31199928    1.31656390    1.12440048    1.11845561    1.47293284    1.14718624    1.31406364    0.94150040    0.99941978    1.00382247    0.92856972    0.78689356    0.96116060    0.88545481    0.79032681    0.91781578    0.86190198    0.95777238    1.03058881    1.20698408    1.12516658    1.16740839    0.95476655    1.05251897    0.82419826    0.54689011    0.71462998    0.63309763    0.60994258    1.00417452    0.84945824    1.36338953    0.78509762    0.97780906    0.49188659    0.44827265    0.54405603    0.55607088    0.36893233    0.00000000    0.45613122    0.50561380
Q65K36_BACLD/4-89     0.94262768    1.04349535    0.94751313    1.08831448    1.04177281    1.14961518    0.95183481    1.29775688    1.37345529    1.05668852    1.04732150    1.35293374    1.18796901    1.31043040    0.93679604    0.99600483    1.03725402    1.00480790    0.91953095    1.11069909    1.08793319    0.97769235    1.08783905    0.89295791    1.01807709    0.99043100    1.13067582    1.09202585    1.11059210    1.08422066    1.03868984    0.76415553    0.51537402    0.55082292    0.66231502    0.69193404    1.05106848    0.75002549    1.35668248    0.65438338    0.75019422    0.48162190    0.57748444    0.56129430    0.61134382    0.59847050    0.45613122    0.00000000    0.38208202
YKTA_BACSU/2-86     0.86133067    0.89876528    0.81904840    1.06329172    1.03435410    1.17844868    0.94544603    1.28972845    1.33677727    1.11905546    1.09209332    1.29323627    1.08766137    1.03804913    1.08182395    1.02896093    1.05620852    0.80860363    0.90557191    1.16523400    0.97684265    0.98123385    1.14445617    0.97665386    0.91232283    0.80724886    1.20303675    0.99768710    1.04238034    0.97308673    0.95387564    0.98619549    0.47357494    0.59294160    0.70404333    0.65582028    1.03269500    0.85491944    1.36875278    0.68551240    0.84171176    0.61020053    0.60802604    0.68643967    0.68904020    0.45392297    0.50561380    0.38208202    0.00000000

