11
PROX1_CHICK/578-731     0.00000000    0.40166207    0.38106790    0.40816374    0.27489955    0.53526711    0.52362471    0.49668942    0.54810081    0.49897756    0.38343782
W5KV05_ASTMX/544-699     0.40166207    0.00000000    0.43821225    0.49335017    0.40483797    0.59815352    0.61962736    0.70797917    0.59749225    0.64915513    0.52586977
F6RXH7_ORNAN/417-569     0.38106790    0.43821225    0.00000000    0.35418394    0.34633776    0.58659559    0.57619968    0.63409724    0.58606902    0.63838916    0.48537120
G1KSY9_ANOCA/404-557     0.40816374    0.49335017    0.35418394    0.00000000    0.42331289    0.56690429    0.60187381    0.65765782    0.62626781    0.57424170    0.45990896
M4AJQ0_XIPMA/520-672     0.27489955    0.40483797    0.34633776    0.42331289    0.00000000    0.51770992    0.49970946    0.52047288    0.57670568    0.58013925    0.40666527
A8Y3I4_CAEBR/467-620     0.53526711    0.59815352    0.58659559    0.56690429    0.51770992    0.00000000    0.34668915    0.42228396    0.33806322    0.64996864    0.50050908
E9GYK2_DAPPU/830-983     0.52362471    0.61962736    0.57619968    0.60187381    0.49970946    0.34668915    0.00000000    0.33980212    0.23188262    0.70282174    0.61302239
K1RD84_CRAGI/24-177     0.49668942    0.70797917    0.63409724    0.65765782    0.52047288    0.42228396    0.33980212    0.00000000    0.28624034    0.74183087    0.54744423
E0VNH4_PEDHC/1075-1228     0.54810081    0.59749225    0.58606902    0.62626781    0.57670568    0.33806322    0.23188262    0.28624034    0.00000000    0.68414783    0.59186246
Q4H2W8_CIOIN/502-655     0.49897756    0.64915513    0.63838916    0.57424170    0.58013925    0.64996864    0.70282174    0.74183087    0.68414783    0.00000000    0.37546406
Q4H2W9_CIOIN/330-483     0.38343782    0.52586977    0.48537120    0.45990896    0.40666527    0.50050908    0.61302239    0.54744423    0.59186246    0.37546406    0.00000000

