19
K9YC21_HALP7/1-30     0.00000000    0.78153432    0.87773657    1.05060646    0.74316068    0.78365409    1.18528858    1.62406789    1.81300116    1.66494378    1.90965514    1.06793693    1.16995932    0.65477094    1.68600033    1.81622091    1.71260583    0.70131016    0.97549144
K9U4N7_CHRTP/1-31     0.78153432    0.00000000    0.43729967    0.47660795    0.48187886    0.89018845    1.35272716    1.90291677    1.52250488    1.21873692    2.07771824    0.83583243    0.84836910    0.86908744    1.35284096    1.28252930    1.47770039    0.64491617    0.65083731
K9PRU0_9CYAN/1-29     0.87773657    0.43729967    0.00000000    0.38894621    0.27705685    0.62530005    1.63092640    1.79818884    1.28738299    1.45022317    1.66561660    1.28215605    0.84670848    0.68274664    1.70666930    1.70709330    1.75482570    1.01079779    1.18717053
K9R9S1_9CYAN/1-29     1.05060646    0.47660795    0.38894621    0.00000000    0.25162564    0.85947980    1.42170046    2.09114930    1.25126877    1.47156588    1.67968302    1.38298962    0.77320205    1.03794180    1.36911533    1.42870293    1.60700595    1.09671838    1.27074192
K9Q6B3_9NOSO/1-29     0.74316068    0.48187886    0.27705685    0.25162564    0.00000000    0.60540462    1.53515616    2.18215884    1.45442980    1.68028260    1.91270865    1.31508837    1.05136941    0.97529904    1.45430617    1.45121045    1.63222786    1.07480744    1.20454623
K9T0J8_9CYAN/3-33     0.78365409    0.89018845    0.62530005    0.85947980    0.60540462    0.00000000    1.18814809    0.91794275    1.29689713    1.30637587    1.45210524    1.55972803    1.18902159    0.97401435    1.28247565    1.14400832    1.24686149    0.85976579    0.54951656
PETL_CHLRE/12-43     1.18528858    1.35272716    1.63092640    1.42170046    1.53515616    1.18814809    0.00000000    0.57606076    0.65319630    0.76268026    0.85407834    1.61245360    2.05168821    1.45291341    1.48726859    1.74226169    1.86719637    1.40134901    1.29914263
F2YGP8_CHLVA/1-31     1.62406789    1.90291677    1.79818884    2.09114930    2.18215884    0.91794275    0.57606076    0.00000000    0.67495321    0.81643991    0.73353488    1.76847423    1.66343510    1.46564238    1.61745508    1.90062968    1.50832504    1.36042031    1.26583799
PETL_SORBI/1-31     1.81300116    1.52250488    1.28738299    1.25126877    1.45442980    1.29689713    0.65319630    0.67495321    0.00000000    0.34161008    0.25562703    2.00677809    1.32155083    1.28558797    1.27992694    1.46146745    1.38527277    1.51402854    1.66164535
PETL_PHYPA/1-31     1.66494378    1.21873692    1.45022317    1.47156588    1.68028260    1.30637587    0.76268026    0.81643991    0.34161008    0.00000000    0.47501823    1.51475060    1.25527914    1.15478149    1.21405423    1.35190478    1.77489335    1.48929206    1.33570582
PETL_POPTR/1-31     1.90965514    2.07771824    1.66561660    1.67968302    1.91270865    1.45210524    0.85407834    0.73353488    0.25562703    0.47501823    0.00000000    2.12143783    1.52028157    1.47104017    1.31249246    1.60296190    1.67631744    1.68434593    2.05208489
K9TIH6_9CYAN/1-31     1.06793693    0.83583243    1.28215605    1.38298962    1.31508837    1.55972803    1.61245360    1.76847423    2.00677809    1.51475060    2.12143783    0.00000000    0.64673826    0.64740539    1.06834816    1.10587167    1.33719298    0.36996923    0.74161701
K9S7I0_9CYAN/1-31     1.16995932    0.84836910    0.84670848    0.77320205    1.05136941    1.18902159    2.05168821    1.66343510    1.32155083    1.25527914    1.52028157    0.64673826    0.00000000    0.46928278    1.02760711    0.98120357    1.21955684    0.53321089    1.06546849
K9WAV1_9CYAN/1-31     0.65477094    0.86908744    0.68274664    1.03794180    0.97529904    0.97401435    1.45291341    1.46564238    1.28558797    1.15478149    1.47104017    0.64740539    0.46928278    0.00000000    0.82656121    0.91642849    1.02095276    0.48452626    0.61901126
D1J7C5_ECTSI/1-31     1.68600033    1.35284096    1.70666930    1.36911533    1.45430617    1.28247565    1.48726859    1.61745508    1.27992694    1.21405423    1.31249246    1.06834816    1.02760711    0.82656121    0.00000000    0.27462135    0.49668975    0.63213120    0.90583791
PETL_THAPS/1-31     1.81622091    1.28252930    1.70709330    1.42870293    1.45121045    1.14400832    1.74226169    1.90062968    1.46146745    1.35190478    1.60296190    1.10587167    0.98120357    0.91642849    0.27462135    0.00000000    0.31295499    0.88592469    0.94277140
PETL_PHATC/1-31     1.71260583    1.47770039    1.75482570    1.60700595    1.63222786    1.24686149    1.86719637    1.50832504    1.38527277    1.77489335    1.67631744    1.33719298    1.21955684    1.02095276    0.49668975    0.31295499    0.00000000    0.96503704    1.00097087
K9VXT7_9CYAN/1-31     0.70131016    0.64491617    1.01079779    1.09671838    1.07480744    0.85976579    1.40134901    1.36042031    1.51402854    1.48929206    1.68434593    0.36996923    0.53321089    0.48452626    0.63213120    0.88592469    0.96503704    0.00000000    0.39768978
K8GIN1_9CYAN/4-31     0.97549144    0.65083731    1.18717053    1.27074192    1.20454623    0.54951656    1.29914263    1.26583799    1.66164535    1.33570582    2.05208489    0.74161701    1.06546849    0.61901126    0.90583791    0.94277140    1.00097087    0.39768978    0.00000000

