18
Q937E6_NOSP7/2-242     0.00000000    1.03623225    1.48301547    1.49380234    1.54793407    1.62762045    1.58754125    1.88257714    1.94365795    1.82467577    1.79484610    2.29448531    1.85645358    1.93399986    2.05425217    2.03835107    1.33839190    1.14889896
P74325_SYNY3/2-242     1.03623225    0.00000000    1.32559590    1.34922702    1.42526728    1.46100519    1.45699829    1.54320510    1.48558280    1.55150857    1.49894150    2.12650586    1.72587784    1.92192110    1.91945409    2.22349647    1.28152018    1.17649045
I1L9P5_SOYBN/9-261     1.48301547    1.32559590    0.00000000    0.32965946    0.38056861    0.48158011    0.53572391    1.82308834    1.60491278    1.65131432    1.68383136    2.42996256    1.97226111    1.80346780    1.89041745    2.27004065    1.56884664    1.08909273
SPP1_ARATH/8-262     1.49380234    1.34922702    0.32965946    0.00000000    0.36572419    0.55131979    0.62538450    1.94430156    1.58267274    1.70902594    1.70800023    2.50842586    2.05664585    1.84631422    2.05964364    2.28713359    1.56524822    1.18160993
SPP3B_ARATH/8-262     1.54793407    1.42526728    0.38056861    0.36572419    0.00000000    0.61075964    0.67677500    1.95317473    1.65929297    1.74153510    1.66241650    2.44971026    1.90061083    1.76878461    1.94391455    2.31821913    1.57263979    1.15684085
SPP2_MAIZE/8-262     1.62762045    1.46100519    0.48158011    0.55131979    0.61075964    0.00000000    0.58874802    1.89523115    1.60674624    1.71921096    1.67996666    2.18516801    2.01122219    1.69381646    2.04070337    2.13634678    1.55879268    1.29336220
SPP3A_ARATH/8-263     1.58754125    1.45699829    0.53572391    0.62538450    0.67677500    0.58874802    0.00000000    1.87730914    1.75785875    1.62038867    1.71129576    2.32645829    2.07630565    1.86277689    2.11170981    2.33669433    1.70471595    1.37635631
Q7UGI6_RHOBA/477-715     1.88257714    1.54320510    1.82308834    1.94430156    1.95317473    1.89523115    1.87730914    0.00000000    0.95484972    0.99851926    1.08350209    1.67363935    1.27844973    1.94260911    1.94935812    2.08547769    1.55978448    1.70299013
Q8DLB4_THEEB/479-716     1.94365795    1.48558280    1.60491278    1.58267274    1.65929297    1.60674624    1.75785875    0.95484972    0.00000000    0.74603526    0.72831275    1.45476052    1.00356414    1.97011509    1.90238864    1.87646489    1.59199828    1.66658189
Q82V85_NITEU/473-711     1.82467577    1.55150857    1.65131432    1.70902594    1.74153510    1.71921096    1.62038867    0.99851926    0.74603526    0.00000000    0.82376717    1.44158857    0.95653449    2.07032065    1.90227521    1.99961933    1.58721862    1.61597719
Q31Q29_SYNE7/467-704     1.79484610    1.49894150    1.68383136    1.70800023    1.66241650    1.67996666    1.71129576    1.08350209    0.72831275    0.82376717    0.00000000    1.24959429    0.98228571    1.81016342    1.99110238    2.00855836    1.52028133    1.74076094
Q7V3S3_PROMM/465-706     2.29448531    2.12650586    2.42996256    2.50842586    2.44971026    2.18516801    2.32645829    1.67363935    1.45476052    1.44158857    1.24959429    0.00000000    1.58238365    2.74037872    2.36291361    2.56890329    2.42880709    2.17466348
Q55440_SYNY3/466-713     1.85645358    1.72587784    1.97226111    2.05664585    1.90061083    2.01122219    2.07630565    1.27844973    1.00356414    0.95653449    0.98228571    1.58238365    0.00000000    2.20158242    2.03101162    2.15283947    1.65134482    1.84623919
MFPP_AGRFC/3-245     1.93399986    1.92192110    1.80346780    1.84631422    1.76878461    1.69381646    1.86277689    1.94260911    1.97011509    2.07032065    1.81016342    2.74037872    2.20158242    0.00000000    1.75734905    1.80534112    1.68284432    1.65178914
Q8P6D5_XANCP/20-257     2.05425217    1.91945409    1.89041745    2.05964364    1.94391455    2.04070337    2.11170981    1.94935812    1.90238864    1.90227521    1.99110238    2.36291361    2.03101162    1.75734905    0.00000000    1.78687928    1.99136915    1.80986302
Q7UGI4_RHOBA/21-283     2.03835107    2.22349647    2.27004065    2.28713359    2.31821913    2.13634678    2.33669433    2.08547769    1.87646489    1.99961933    2.00855836    2.56890329    2.15283947    1.80534112    1.78687928    0.00000000    2.19601037    1.97907886
Q7NEP0_GLOVI/4-248     1.33839190    1.28152018    1.56884664    1.56524822    1.57263979    1.55879268    1.70471595    1.55978448    1.59199828    1.58721862    1.52028133    2.42880709    1.65134482    1.68284432    1.99136915    2.19601037    0.00000000    1.08189888
Q937E7_NOSP7/2-251     1.14889896    1.17649045    1.08909273    1.18160993    1.15684085    1.29336220    1.37635631    1.70299013    1.66658189    1.61597719    1.74076094    2.17466348    1.84623919    1.65178914    1.80986302    1.97907886    1.08189888    0.00000000

