136
H6LFU9_ACEWD/54-380     0.00000000    0.25820619    0.31783966    0.44438928    0.44999870    0.54885121    0.37949919    0.34405233    0.54067062    0.47312050    0.46216361    0.57307444    0.83153456    0.82686933    0.74657846    0.71383979    0.69977126    0.84971711    0.87917267    0.91525710    0.96173607    0.81959337    0.97961265    0.99844283    0.94426201    0.96917041    1.03239957    1.24238542    1.02715046    0.96254656    0.98146138    0.94388836    0.99164117    0.93893374    0.87291477    0.95779054    0.94191084    0.98004730    0.94383622    0.98012010    1.29767703    1.14510720    1.16562775    1.18548189    1.12355375    1.23252627    1.31932661    1.27795698    1.28806605    1.27352241    1.19019295    2.32605918    2.41678319    2.56837540    2.41933009    2.67263367    2.76112361    2.37286247    2.48381022    2.62870870    2.49164769    2.90429054    2.77748408    2.51996994    2.88586426    2.74736293    2.71141204    2.87220883    2.65144823    2.56523686    2.59473852    2.76448050    3.08410876    3.13812184    2.75010415    2.63382940    2.49781352    2.62104353    2.72781893    2.66582998    2.58684089    2.50540113    2.49082481    2.49929170    3.50882501    3.60843298    1.51034472    1.54492426    1.66969876    1.68287191    1.84872144    1.64692660    1.76709022    1.71744374    1.72813245    1.68914161    1.96295129    1.70309662    1.46160188    1.48240447    1.64864182    1.58937928    1.52285833    1.74936029    1.54999741    1.54147589    1.60701704    1.67826107    1.61033808    1.25202825    1.28785394    1.39559645    0.54799286    0.52791532    0.58088396    0.32861394    0.42781586    0.39820409    0.34891446    0.38030577    0.40416862    0.39918491    0.45928756    0.44573326    0.36554314    0.39323919    0.54888113    0.57673644    0.49645502    0.43330585    0.51268183    0.52320334    0.51253806    0.58553615    0.62107705    0.38049301
E3GL55_9FIRM/54-380     0.25820619    0.00000000    0.28282868    0.40447149    0.40704823    0.58099322    0.38966772    0.30674038    0.48586272    0.44960942    0.39077606    0.51293125    0.79425303    0.78739123    0.68597421    0.72639009    0.71297357    0.81926588    0.88717000    1.03128359    0.95923287    0.85948036    0.96391906    0.94960081    0.87502273    0.89555803    0.97753295    1.19777328    0.96344147    0.94702508    0.95883581    0.95276990    0.91792410    0.92788283    0.84679723    0.97003128    0.94601529    0.99081472    0.88431431    0.86830243    1.32561847    1.14687311    1.07760475    1.09613720    1.04560076    1.15524095    1.22332977    1.19481163    1.23860328    1.14109167    1.20370947    2.49516735    2.43802751    2.66679467    2.49574756    2.79053076    2.85454693    2.53062327    2.41046010    2.68402761    2.53697804    2.87710588    2.74373117    2.55973019    2.77632672    2.82067149    2.78363104    2.92558257    2.71769963    2.69395691    2.66184254    2.74492614    3.08542623    3.19160657    2.77188765    2.68014867    2.50994037    2.60334311    2.73879993    2.63106221    2.65254696    2.72619768    2.51912923    2.62096380    3.77571317    3.62959876    1.47124528    1.51611438    1.71184542    1.72179294    1.75844933    1.72550960    1.73506359    1.68789685    1.66851100    1.59331324    1.93171681    1.71988439    1.44494389    1.41068743    1.64430389    1.56252772    1.53080807    1.69184004    1.54499345    1.52242456    1.55675888    1.59413395    1.58910494    1.22907978    1.17596617    1.31396574    0.45442881    0.45117844    0.49137934    0.29556756    0.39353056    0.36367473    0.29447210    0.30796725    0.31383093    0.38528365    0.43896093    0.43115457    0.32620483    0.36341270    0.44068057    0.56056012    0.42957648    0.37219091    0.47478505    0.45804772    0.47201708    0.51163504    0.56326599    0.28827061
R6DHS2_9CLOT/59-384     0.31783966    0.28282868    0.00000000    0.43722594    0.40383598    0.55661943    0.34823804    0.31309328    0.53716444    0.47149878    0.39187466    0.50437143    0.80714239    0.81898985    0.70753927    0.69062413    0.70336437    0.84795702    0.89483026    0.99321862    0.89129851    0.86805133    0.94503680    1.01298748    0.86702221    0.87456163    1.00434677    1.19664198    0.97332217    0.90938742    0.95446786    0.90023022    0.89433822    0.88748170    0.82995346    0.90768268    0.89808242    0.92644025    0.85534809    0.93042981    1.34803013    1.18450899    1.16866499    1.17809586    1.09284328    1.19340275    1.25925663    1.23657820    1.23184295    1.18666480    1.17301086    2.38760294    2.40512158    2.45087552    2.28908402    2.83367301    2.78929769    2.35678528    2.39281945    2.65349420    2.59833263    2.99813446    2.82991237    2.54508542    2.82402074    2.85812019    2.65339858    2.82629287    2.67371268    2.58760095    2.58071192    2.73105643    3.01212539    3.10669347    2.88259309    2.83501508    2.56407241    2.71417126    2.82933067    2.76987982    2.63481800    2.66969400    2.58739568    2.60170251    3.57783923    3.56874086    1.53901109    1.62002734    1.70452831    1.73986057    1.84508735    1.75137068    1.87187498    1.81503520    1.73410834    1.79280884    1.98444400    1.74685634    1.54369768    1.55293970    1.78410825    1.56728400    1.56057055    1.76869945    1.59265165    1.60560752    1.63805772    1.55775517    1.56254268    1.20821002    1.18951356    1.27775867    0.47974721    0.46819275    0.53001260    0.26437587    0.38387399    0.36621102    0.30197180    0.28601078    0.30844930    0.33268735    0.44210134    0.40804931    0.29432067    0.34163615    0.48921443    0.57385854    0.41777844    0.36446847    0.44618647    0.46655141    0.46012659    0.50589733    0.57437813    0.31509172
Q185L1_CLOD6/54-381     0.44438928    0.40447149    0.43722594    0.00000000    0.46373873    0.55080148    0.43188617    0.38945290    0.55018693    0.57187059    0.48368669    0.61779624    0.77492086    0.88714384    0.64129964    0.65499391    0.64024179    0.86674322    0.87012469    0.97964191    0.87946866    0.78090392    0.96968062    0.94476263    0.94682531    0.94358669    0.95767296    1.08330094    0.96210794    0.93768756    0.95110480    0.89582984    0.91999797    0.87535233    0.84603591    0.90062366    0.93862375    0.92980595    0.79456839    0.87118890    1.31133236    1.16559474    1.09545578    1.24268437    1.15943481    1.12313522    1.26800127    1.23703999    1.30237629    1.18425123    1.12248919    2.30244223    2.33094977    2.55537923    2.43256714    2.80399748    2.76879127    2.45125872    2.47447914    2.75598667    2.58909811    3.01699361    2.89397424    2.55459411    2.97414898    2.83034136    2.73901007    3.04266116    2.75102386    2.71170341    2.63699503    3.00322225    3.21813742    3.26138606    2.78966742    2.70345541    2.43153174    2.56252726    2.81721903    2.74506557    2.68447189    2.69118131    2.71729456    2.70245222    3.74850120    3.62759140    1.36720402    1.46895359    1.62595939    1.66626176    1.69969168    1.66551300    1.65366308    1.62121633    1.57739126    1.52374691    1.78176649    1.57465294    1.44424613    1.36883202    1.48545263    1.45815353    1.41732571    1.60306101    1.47701576    1.39522545    1.48246413    1.56547051    1.58232719    1.20743297    1.19727312    1.26810491    0.57005474    0.52983527    0.58000677    0.41444227    0.49051731    0.47909527    0.44201970    0.46656263    0.45119880    0.48045464    0.51173196    0.50001468    0.47881544    0.49098817    0.56924733    0.64536473    0.57719717    0.46382612    0.60644543    0.55186709    0.53077478    0.61670145    0.60589430    0.43287946
D4K0F4_9FIRM/54-380     0.44999870    0.40704823    0.40383598    0.46373873    0.00000000    0.54324359    0.41225988    0.36242435    0.53721448    0.45008546    0.42743784    0.58188424    0.82002825    0.85562299    0.74166021    0.71950410    0.73562030    0.91225911    0.90343495    1.06324935    0.93082735    0.87612774    1.12851255    1.02101802    0.97831952    0.94025912    1.03321243    1.16150310    0.99405342    0.96832808    1.05948706    1.03012615    1.06606816    0.99404365    0.92179366    0.99919787    0.96521130    1.01973665    0.97371049    0.95704814    1.29996746    1.28134697    1.18669347    1.23037105    1.21820990    1.33591316    1.32970111    1.36728015    1.44077207    1.25740170    1.28787135    2.47710459    2.53558363    2.55323631    2.44320614    2.69394962    2.73975117    2.48363407    2.33736924    2.61126949    2.32514195    2.66396508    2.61152856    2.40266295    2.53942843    2.54768829    2.49944210    2.63103920    2.50799096    2.37558125    2.38199137    2.66993616    2.85662719    2.80807793    2.57586750    2.57529026    2.38053144    2.47088297    2.64500197    2.46827386    2.41753831    2.49381924    2.47480961    2.39114574    3.21162234    3.28186442    1.52840813    1.49542414    1.76990674    1.67579703    1.74929037    1.73028640    1.75940949    1.86722647    1.77503198    1.66050124    1.91282218    1.81001196    1.60223522    1.52255547    1.69619663    1.58155061    1.44123115    1.76284949    1.56569322    1.49264261    1.64680461    1.56631882    1.54303986    1.27910044    1.26702214    1.35987843    0.54214482    0.50817750    0.61329759    0.41736716    0.44850341    0.44819884    0.43666367    0.43147830    0.42953424    0.46771504    0.43755175    0.44979530    0.41629123    0.47693388    0.61293699    0.59133308    0.59436727    0.48099231    0.50753790    0.48831683    0.50237019    0.56789186    0.60685891    0.44671329
R7IKK7_9FIRM/77-404     0.54885121    0.58099322    0.55661943    0.55080148    0.54324359    0.00000000    0.56797061    0.49881544    0.61624300    0.62037400    0.56469511    0.70070928    0.85925788    0.90711694    0.77611657    0.66339150    0.68984510    0.86137322    0.81082220    1.00787045    0.92653541    0.86099924    0.95633716    1.00476219    1.04007483    0.91016367    0.99616547    1.12261469    0.94912237    0.92690173    0.98520004    1.03835869    1.01827603    0.98708278    0.93525633    0.98216848    0.97788549    1.01138014    0.88596713    0.96489825    1.21917578    1.09589598    1.10806720    1.12230819    1.06595891    1.26116085    1.29321206    1.25273667    1.37794874    1.24574344    1.17920175    2.39803701    2.54378198    2.48613372    2.34232362    2.81567282    2.84115694    2.50542761    2.56089380    2.61141478    2.78837098    2.97136530    2.92936618    2.69243115    2.92218792    2.91984671    2.79122703    2.95066904    2.72795968    2.70622962    2.69605080    2.80462948    2.92187806    2.87020378    2.84828241    2.70184181    2.48684980    2.47645934    2.73832729    2.78923839    2.60621033    2.64704019    2.69547213    2.52661978    3.49743387    3.41414498    1.53352454    1.53144555    1.55106411    1.66828114    1.76698198    1.68670972    1.64274854    1.70922308    1.64892550    1.63258242    1.81203961    1.66798419    1.57182569    1.56368583    1.67536188    1.53577725    1.48944798    1.69927971    1.50548948    1.50872071    1.64742235    1.55945095    1.59092737    1.28738606    1.19046688    1.37539388    0.69010594    0.64721425    0.72308502    0.55672132    0.64400626    0.58757188    0.60319483    0.61934357    0.61080753    0.56173407    0.57706730    0.63412112    0.59858524    0.59399913    0.71020872    0.79605977    0.65513180    0.57138849    0.69976784    0.66682557    0.64639483    0.75187157    0.67963299    0.59204402
R6YF72_9FIRM/64-391     0.37949919    0.38966772    0.34823804    0.43188617    0.41225988    0.56797061    0.00000000    0.32319980    0.52532111    0.49544726    0.38713035    0.54153698    0.85281030    0.88612317    0.71556964    0.68791828    0.69587771    0.84881114    0.86582820    0.98317926    0.85825686    0.84133671    1.08120409    1.06351507    0.97008649    0.96715685    1.07918472    1.12087570    1.03985833    0.97917917    1.06026172    0.96302219    0.98097345    0.93420249    0.88311767    0.93275683    0.91674625    0.93379394    0.90431109    0.90658552    1.35453087    1.08911963    1.10402238    1.14353141    1.12494589    1.14594987    1.26485544    1.27066929    1.24549344    1.18502009    1.15852301    2.40132406    2.47057000    2.54189247    2.43064351    2.91888741    2.90793240    2.53945853    2.40829512    2.72213487    2.53280436    2.87981912    2.75145559    2.62138494    2.95103080    2.90100664    2.83495940    2.99812580    2.66744444    2.67893136    2.70644680    2.78046096    3.06029428    3.19903020    2.73599587    2.65531107    2.58065232    2.69223631    2.73616228    2.70266070    2.71395391    2.69847011    2.62468172    2.76381534    3.49347030    3.37845399    1.54510831    1.52841455    1.64433244    1.71037479    1.81956244    1.72842526    1.76661862    1.84226421    1.79206808    1.61967009    2.00261156    1.68570775    1.48391171    1.48646900    1.63365734    1.55757023    1.49929372    1.66953643    1.59295621    1.50597961    1.59572093    1.57496164    1.59336203    1.13844554    1.15070850    1.33255178    0.56878676    0.50602602    0.58152135    0.38338239    0.44594074    0.48145737    0.40409145    0.45226499    0.40729231    0.44144094    0.45928556    0.42581347    0.42455631    0.48396938    0.58370854    0.62615566    0.52055757    0.41324839    0.56069965    0.52309233    0.56496702    0.62443495    0.57881087    0.42864739
R6P2Q6_9CLOT/51-378     0.34405233    0.30674038    0.31309328    0.38945290    0.36242435    0.49881544    0.32319980    0.00000000    0.47153859    0.41837845    0.37966693    0.52495804    0.78745081    0.83758295    0.68136947    0.68979545    0.65068783    0.83026073    0.80532292    1.01032811    0.89302718    0.79274917    1.04038883    1.03827265    0.94272781    0.88977908    0.98619075    1.15129706    0.97386868    0.96755178    1.00109776    0.95663740    0.96147757    0.87554251    0.84073826    0.92912385    0.90189629    0.99661333    0.76389424    0.92852333    1.35148534    1.13765291    1.15691667    1.17887903    1.11956275    1.14899956    1.25021862    1.20977264    1.26105279    1.14466621    1.24955470    2.58838352    2.58039234    2.76348918    2.56186005    2.85022994    2.90875635    2.57038602    2.50508064    2.78781580    2.68063846    2.99879162    2.89993718    2.70997257    3.02877230    2.96755985    2.92012981    3.04171515    2.80443604    2.74720763    2.73613856    2.95146071    3.09122203    3.18565488    2.72620135    2.63351914    2.51918228    2.59062916    2.79645395    2.70396198    2.63070652    2.71978748    2.67267809    2.60620558    3.63945558    3.59818882    1.59391749    1.65574681    1.73599054    1.80723909    1.84636489    1.74161991    1.79415580    1.85654638    1.78978315    1.76215446    2.04154305    1.77206904    1.52601918    1.51499334    1.74759230    1.61988996    1.54115968    1.77803205    1.58041713    1.53652318    1.61423089    1.67301775    1.65940545    1.16784111    1.12595284    1.32878795    0.50619062    0.43450452    0.54419917    0.30792589    0.37474611    0.37476155    0.36320658    0.35872474    0.37711532    0.38335135    0.42436046    0.40564215    0.37010334    0.42928405    0.52675290    0.57532330    0.48905901    0.39015655    0.50289214    0.41084561    0.46231078    0.53616372    0.53837129    0.35366746
R6DZG7_9FIRM/65-391     0.54067062    0.48586272    0.53716444    0.55018693    0.53721448    0.61624300    0.52532111    0.47153859    0.00000000    0.54042050    0.51042843    0.57264907    0.90256548    0.87899520    0.69504532    0.67005708    0.69158513    0.86818493    0.92052979    1.03104397    0.83403718    0.79502108    1.01735634    1.02343544    0.94797759    0.93988362    0.97352197    1.12985330    1.05455261    1.02064227    0.92066453    0.99024913    1.01373280    0.97173688    0.90157673    0.95123252    0.87745226    0.91268803    0.93748326    0.88235616    1.33954080    1.17960761    1.16738401    1.12728960    1.16270111    1.17871747    1.28563602    1.28713548    1.23929726    1.18404836    1.22929615    2.40257867    2.58198841    2.48068905    2.32251769    2.54994547    2.47511470    2.44534268    2.47106199    2.41212174    2.44839498    2.71650579    2.55914876    2.53976986    2.54234284    2.54263359    2.49985269    2.60808380    2.49670620    2.36514537    2.42266726    2.52657190    2.83304107    2.94094956    2.63262573    2.41974853    2.27393593    2.29070029    2.57979882    2.54522556    2.42792436    2.46644516    2.37429295    2.38118303    3.42209421    3.29524671    1.48283159    1.51345386    1.63697666    1.76933192    1.84037155    1.74108458    1.77799492    1.75143627    1.62507223    1.60593606    1.73948592    1.63209634    1.48952989    1.52495944    1.66169835    1.57473083    1.38640487    1.75168998    1.59900776    1.59486338    1.58315792    1.50806635    1.47277393    1.18262100    1.16296359    1.26608559    0.61606179    0.61807692    0.65104045    0.47264076    0.54950536    0.56216618    0.49118638    0.55578056    0.52165572    0.55925979    0.58622033    0.56231215    0.56128215    0.61357089    0.64617109    0.69335616    0.66703873    0.53818523    0.66720481    0.60925839    0.65459503    0.65724650    0.67486690    0.54767362
R6BIQ2_9CLOT/55-380     0.47312050    0.44960942    0.47149878    0.57187059    0.45008546    0.62037400    0.49544726    0.41837845    0.54042050    0.00000000    0.50773897    0.63421573    0.85274307    0.90131489    0.70493402    0.79361943    0.75496195    0.85483840    0.88930767    1.05194307    0.92569252    0.87757104    1.08776282    1.00700322    0.99679149    0.93207919    1.05011477    1.18070663    1.06774752    0.98915331    1.02970895    0.99161295    1.03272246    0.91622538    0.87514822    0.95875116    0.95262128    1.06140187    0.93934013    0.95718975    1.19383944    1.17568627    1.19200840    1.16310141    1.15358829    1.22152553    1.30884238    1.26971696    1.34384216    1.17586920    1.20735796    2.62591701    2.59644922    2.61225798    2.48084110    2.90378054    2.85230533    2.55202306    2.47337245    2.65458419    2.41975240    2.83774380    2.76043407    2.66056571    2.75578049    2.65272078    2.79065689    2.94378445    2.67837445    2.56150505    2.71473673    2.78814399    3.01182712    2.99534154    2.59211498    2.53103728    2.43795348    2.55056155    2.81877097    2.57453842    2.48254367    2.44949728    2.39792109    2.39047761    3.35188146    3.43486531    1.53734147    1.56394978    1.72729286    1.84005586    1.96848357    1.77361069    1.79987516    1.88656829    1.81993501    1.75437716    2.06726237    1.76340077    1.58092833    1.52402556    1.74017738    1.58573708    1.50821119    1.79186887    1.67798058    1.60100403    1.74465975    1.55938777    1.63229010    1.24407262    1.31372001    1.32810621    0.52158485    0.51514825    0.64392248    0.49213733    0.50425382    0.45873260    0.47817892    0.46209033    0.51223212    0.48095697    0.43178354    0.46524679    0.46282588    0.49477239    0.65277227    0.66378388    0.56612976    0.50653694    0.49779806    0.46898172    0.50666238    0.57089764    0.65240875    0.46188343
R6USB8_9FIRM/63-389     0.46216361    0.39077606    0.39187466    0.48368669    0.42743784    0.56469511    0.38713035    0.37966693    0.51042843    0.50773897    0.00000000    0.37060349    0.71616119    0.85285898    0.64673031    0.68779107    0.67337507    0.83173761    0.86034145    1.02309453    0.86000847    0.81078368    1.07209419    1.03485107    0.94924726    0.91269083    1.06232371    1.11595368    0.98086543    0.93427611    1.01026015    0.92384789    0.98996025    0.93508702    0.84007972    0.94031955    0.89666021    0.96045781    0.87231286    0.92044668    1.29717286    1.19964816    1.18358348    1.14691709    1.10882470    1.18868960    1.23191547    1.19401111    1.23663521    1.15207025    1.18244027    2.37356193    2.55167119    2.62267456    2.42181150    2.72999209    2.70186670    2.44511290    2.35757201    2.51172215    2.52294244    2.46071484    2.55671568    2.57159175    2.81076738    2.70429309    2.68965425    2.75434231    2.55430903    2.55733478    2.54037045    2.60244666    2.84641084    2.98827978    2.64656396    2.50379210    2.31222671    2.46962276    2.61425196    2.65045834    2.56898504    2.65531860    2.52195505    2.46603062    3.41642920    3.36254436    1.53989634    1.56720818    1.68163747    1.68744113    1.69074778    1.69533215    1.71783485    1.61277860    1.66740919    1.74419476    1.87939072    1.63362112    1.48902150    1.43190560    1.60756566    1.45731365    1.44705942    1.69462741    1.47798949    1.47484411    1.54522537    1.50599675    1.51460757    1.29470392    1.19427655    1.36676885    0.44830727    0.46478044    0.55308461    0.43008647    0.50497175    0.46849112    0.43491056    0.45125056    0.45003742    0.52825639    0.54198456    0.52429075    0.44382178    0.48336115    0.57267936    0.66494462    0.55253875    0.52616830    0.58769099    0.52830498    0.55030281    0.52389609    0.55919547    0.43380274
R5HRD7_9FIRM/19-345     0.57307444    0.51293125    0.50437143    0.61779624    0.58188424    0.70070928    0.54153698    0.52495804    0.57264907    0.63421573    0.37060349    0.00000000    0.79632963    0.95741942    0.74637715    0.80202228    0.77589760    0.95576401    0.91393750    1.07297778    1.04545292    0.83545046    1.09080115    0.97332793    1.01820679    0.99336595    1.10601467    1.22330234    1.09100377    1.07194147    1.01614582    1.00122158    1.09178438    1.03537620    0.92630353    1.02043179    0.99454181    0.92266675    1.02359505    0.99814895    1.32709615    1.28771090    1.19939209    1.27948751    1.20904953    1.29552096    1.41116290    1.29848991    1.33598334    1.33048392    1.43296351    2.28880092    2.36811901    2.38197087    2.28650930    2.65192279    2.66375358    2.34352755    2.34883081    2.49655186    2.46716724    2.68514958    2.53022531    2.39694255    2.82122642    2.68953744    2.61381884    2.64878831    2.44164594    2.45728757    2.48229360    2.35711324    2.71382030    2.79882109    2.60538033    2.46704886    2.43409928    2.47585271    2.72065279    2.64227092    2.45691097    2.31738457    2.57140095    2.47516638    3.36408304    3.21586221    1.59828079    1.63371497    1.59178477    1.75072130    1.66840799    1.65386239    1.70308705    1.78670376    1.72042809    1.63574899    1.83484254    1.70712403    1.55582145    1.52239010    1.68817218    1.53725598    1.54212312    1.73588678    1.53534049    1.58161361    1.60424770    1.61832896    1.56267889    1.35889752    1.24862498    1.34242962    0.58817015    0.56243972    0.65189608    0.53757168    0.62570191    0.60575890    0.56913833    0.59721518    0.57933049    0.63547256    0.66168593    0.65960572    0.55649180    0.59044343    0.63957441    0.69554099    0.60310828    0.63885819    0.65816215    0.62284987    0.63005043    0.61565607    0.65294224    0.55918749
E0RWV3_BUTPB/62-387     0.83153456    0.79425303    0.80714239    0.77492086    0.82002825    0.85925788    0.85281030    0.78745081    0.90256548    0.85274307    0.71616119    0.79632963    0.00000000    1.00845437    0.89904580    0.84128884    0.83657751    1.05320672    1.08007142    1.33741491    1.17869508    1.04870743    1.22224255    1.19091017    1.15046858    1.10535772    1.13564933    1.24806008    1.11455031    1.05898404    1.18474843    1.09820580    1.14362676    1.10354611    1.08827028    1.05581009    1.07181357    1.25039351    1.06447458    1.13572490    1.37061196    1.38147407    1.38834585    1.54984802    1.48772905    1.44624039    1.59347387    1.54253229    1.62276557    1.49650491    1.33429762    2.28011571    2.40183283    2.40195025    2.36505185    2.61548794    2.53773266    2.39184486    2.44920926    2.57020195    2.51182435    2.85013455    2.69571644    2.61775074    2.83584701    2.81853751    2.69417093    2.90891926    2.79801416    2.73483796    2.62606106    2.68596964    2.81315636    2.90317047    2.72197914    2.69032125    2.27170253    2.62405808    2.55917269    2.66003755    2.47680042    2.50129326    2.70909707    2.68070117    3.41812004    3.37077359    1.61461300    1.66669651    1.86798730    1.83851811    1.81193062    1.81720878    1.84255059    1.83539632    1.81723958    1.76272962    1.81440493    1.75781998    1.63600897    1.53315675    1.70916661    1.53896476    1.54388385    1.73950528    1.71582789    1.70005203    1.67861066    1.73589021    1.66056399    1.52600473    1.53621055    1.53368999    0.74358370    0.69897516    0.92416236    0.81709418    0.87178689    0.81245444    0.87848174    0.79772530    0.83029290    0.86470768    0.83385082    0.82492453    0.85059773    0.85356595    0.88504574    0.89326221    0.87831952    0.78659884    0.91734981    0.91654127    0.95977740    0.98681041    0.95878801    0.81303587
H1Z9J2_MYROD/29-354     0.82686933    0.78739123    0.81898985    0.88714384    0.85562299    0.90711694    0.88612317    0.83758295    0.87899520    0.90131489    0.85285898    0.95741942    1.00845437    0.00000000    0.85201741    0.87992197    0.86940714    0.87788627    0.90716505    1.18377828    0.98611824    0.97802691    1.04331609    1.06606428    0.99655622    1.01496388    1.08859952    1.27985288    1.09331846    1.17351698    1.12683326    1.03200275    1.11890675    1.04399254    0.97943708    1.03227433    1.00612333    1.03996478    0.97026215    1.03744357    1.36477965    1.29062867    1.24633730    1.30878830    1.23316237    1.17543165    1.28731974    1.24927354    1.32937187    1.24949691    1.36975944    2.28921207    2.26034403    2.45678997    2.33084564    2.66310412    2.62021919    2.40838291    2.31041604    2.45316552    2.40472618    2.80371958    2.53915128    2.53925698    2.55231879    2.59989689    2.48223058    2.73106438    2.50933909    2.57650695    2.67316231    2.75391791    2.74069744    2.65915273    2.55272073    2.47393747    2.45271307    2.60845089    2.61973374    2.80702637    2.56413338    2.59236800    2.40839276    2.49635716    3.78581726    3.44980444    1.76882218    1.84540111    1.92750019    1.81029868    1.82853909    1.90742709    1.79995762    1.95683272    1.88352954    1.98734012    2.06666892    2.00582489    1.81615944    1.77860192    1.90092371    1.73682921    1.73437583    1.85860435    1.79735041    1.68125790    1.70542403    1.63101325    1.56692003    1.31284482    1.36976284    1.42229946    0.91533415    0.89122498    0.92272771    0.83815775    0.94158174    0.89352807    0.84214945    0.82707141    0.90320370    0.86820666    0.91227722    0.87308906    0.83896714    0.86472779    0.89649003    0.97029021    0.95296386    0.87719755    0.94907941    0.95731620    0.93423870    0.98172027    0.97487809    0.79078552
A9KHQ4_LACP7/39-366     0.74657846    0.68597421    0.70753927    0.64129964    0.74166021    0.77611657    0.71556964    0.68136947    0.69504532    0.70493402    0.64673031    0.74637715    0.89904580    0.85201741    0.00000000    0.62188142    0.69356843    0.77932727    0.76219687    1.06930202    0.80799290    0.78268529    1.01157973    1.00591417    0.97870238    0.93068618    0.95685718    1.07422929    1.03781928    0.96323343    1.05377753    0.91916903    0.94693266    0.95175466    0.88915788    0.94996284    0.88172463    0.91638970    0.90161888    0.79282042    1.20784690    1.06718947    1.07552617    1.12990453    1.07771161    1.01627681    1.15294744    1.21380220    1.22664464    1.10775554    1.26174839    2.16047263    2.28234206    2.41513291    2.42717263    2.63615620    2.65261615    2.36865520    2.47616777    2.61764150    2.57933964    2.72575633    2.69618910    2.36001251    2.39529310    2.45215485    2.38046706    2.52524116    2.41446931    2.31559575    2.39399847    2.60515220    2.89988955    2.90962574    2.47388469    2.35191091    2.35827616    2.38180412    2.36915051    2.64338762    2.46462124    2.39699995    2.37768631    2.35122063    3.40756989    3.34174455    1.53284290    1.66291481    1.64718326    1.73212649    1.72623674    1.69975277    1.75422026    1.81961871    1.69281928    1.61684627    1.77898212    1.63705310    1.56649725    1.52201174    1.61329777    1.53471661    1.48015953    1.69788285    1.58969690    1.55247938    1.53928985    1.72455444    1.51770159    1.33150981    1.19047215    1.21871981    0.71968578    0.69203427    0.76328544    0.66783669    0.71952014    0.70560253    0.70893498    0.74094959    0.71987531    0.76268584    0.74526960    0.76887418    0.73604443    0.78125476    0.78302437    0.84921021    0.78134635    0.71808770    0.81045853    0.77463081    0.76873585    0.73191674    0.76068429    0.74488662
R5QB49_9CLOT/49-378     0.71383979    0.72639009    0.69062413    0.65499391    0.71950410    0.66339150    0.68791828    0.68979545    0.67005708    0.79361943    0.68779107    0.80202228    0.84128884    0.87992197    0.62188142    0.00000000    0.28312416    0.75150612    0.85809012    1.01260012    0.85871183    0.76870634    0.97611643    0.93903548    0.97675405    0.94996897    0.96539564    1.06042150    0.98459162    0.91004972    1.04620365    0.93897717    1.00202147    0.95087396    0.91438308    0.91275685    0.88808077    0.89794349    0.84031868    0.85733941    1.31163436    1.19376347    1.20833124    1.32011754    1.26684764    1.26058668    1.38342542    1.42605880    1.39856028    1.27603161    1.35592704    2.34481432    2.27256325    2.44295159    2.32400644    2.69814938    2.62709458    2.17729215    2.37661011    2.41302161    2.50789780    2.62244627    2.39873132    2.35677372    2.35388379    2.39779386    2.27261409    2.34982909    2.19597761    2.30486397    2.33978708    2.54186004    2.76512140    2.75620209    2.55970892    2.26576924    2.19651245    2.33746058    2.42201330    2.39930823    2.24008904    2.32063281    2.38772907    2.31411619    3.10104594    3.30185545    1.53495827    1.55014893    1.76442981    1.61021468    1.61156731    1.59481388    1.66208195    1.70506102    1.65255750    1.61834228    1.79226545    1.66520627    1.53435759    1.48500490    1.76106666    1.49000291    1.39933264    1.65769681    1.68570489    1.51460460    1.59539876    1.67650482    1.63175422    1.28399650    1.18283295    1.22569258    0.69342034    0.71324679    0.79120949    0.67618318    0.69399214    0.72719266    0.76261152    0.70321866    0.74981974    0.71917477    0.70155804    0.76109054    0.71095574    0.75066911    0.84594984    0.80745926    0.78027934    0.68767154    0.77388571    0.81512461    0.81037784    0.85474730    0.85178928    0.74677308
R7IQQ2_9CLOT/50-379     0.69977126    0.71297357    0.70336437    0.64024179    0.73562030    0.68984510    0.69587771    0.65068783    0.69158513    0.75496195    0.67337507    0.77589760    0.83657751    0.86940714    0.69356843    0.28312416    0.00000000    0.86761330    0.83641163    1.03335631    0.91738241    0.74742860    1.00385041    0.93386195    0.95047459    0.93045841    0.99391572    1.03678374    1.01242417    0.92931889    1.04082492    0.94976209    1.02322538    0.94878234    0.86901480    0.87202336    0.85626635    0.86912494    0.80361774    0.83893869    1.33178308    1.18758099    1.17176651    1.31316445    1.25546650    1.23277203    1.32921425    1.31272215    1.34739402    1.23982197    1.30659950    2.26470936    2.23732815    2.30130554    2.14192804    2.66491718    2.55442725    2.14153460    2.32471561    2.37941408    2.32298480    2.72483760    2.42515081    2.26201595    2.31374957    2.37962291    2.18177372    2.28405033    2.26654211    2.23593672    2.29105243    2.52411517    2.74846787    2.67258133    2.56422216    2.26324900    2.06981889    2.30097810    2.34072377    2.40517339    2.15116665    2.34561336    2.30653176    2.32119851    3.08611707    3.30624901    1.47450329    1.49128876    1.77287818    1.56802027    1.62863134    1.58109799    1.63424616    1.62606899    1.58720581    1.59167801    1.79339115    1.62388599    1.52329169    1.51275315    1.65994770    1.47048406    1.36579526    1.62209289    1.52459339    1.51786344    1.62068100    1.65064538    1.65638147    1.23656979    1.16721778    1.24416397    0.71586058    0.74518998    0.78923274    0.67204131    0.69696861    0.72686747    0.75249636    0.73009143    0.75003108    0.77436559    0.71723484    0.73280344    0.70335608    0.76154965    0.82753422    0.82066504    0.76510354    0.66757642    0.76992477    0.78532070    0.81157923    0.86787204    0.86582753    0.68709884
G0VNX1_MEGEL/48-378     0.84971711    0.81926588    0.84795702    0.86674322    0.91225911    0.86137322    0.84881114    0.83026073    0.86818493    0.85483840    0.83173761    0.95576401    1.05320672    0.87788627    0.77932727    0.75150612    0.86761330    0.00000000    0.51718795    0.93502349    0.79388076    0.78387733    0.97624802    0.98725954    0.99288859    0.96262108    0.99267998    1.10148736    0.94356706    0.91058658    0.98838678    0.90768360    0.91573118    0.88821795    0.82526439    0.89134761    0.86755613    0.91275380    0.86944569    0.83976946    1.21234930    1.13562295    1.18307872    1.20705946    1.20625313    1.17380064    1.28620075    1.19771492    1.24978577    1.11422460    1.32597296    2.14974073    2.22694375    2.41044302    2.31848541    2.41740771    2.41943224    2.37940523    2.20071862    2.46997104    2.30857735    2.72026316    2.48339194    2.40244207    2.60896264    2.67311942    2.42822222    2.71981817    2.51340985    2.44188211    2.39889210    2.66114965    2.71458549    2.68766689    2.61108538    2.40694976    2.23947457    2.58811926    2.68765102    2.64573568    2.38755999    2.56307898    2.35309846    2.35885537    2.90673722    2.86894526    1.57721742    1.55679798    1.63980525    1.62115845    1.69259480    1.64536701    1.60541096    1.69755161    1.61236296    1.59301007    1.81437715    1.73928568    1.43043194    1.54953828    1.68170218    1.57334700    1.43297753    1.59166410    1.60890934    1.56337272    1.59386832    1.50272334    1.44591932    1.32193457    1.34072601    1.29230902    0.85289815    0.87125037    0.89250582    0.83104314    0.89092447    0.88737919    0.86193103    0.81724978    0.85451772    0.88397514    0.84059980    0.88949338    0.85764284    0.88922214    0.93323469    0.95597362    0.94560480    0.84393445    1.00319619    0.94019751    0.95873606    0.99859119    1.06605414    0.84397194
C9LRY1_SELS3/48-377     0.87917267    0.88717000    0.89483026    0.87012469    0.90343495    0.81082220    0.86582820    0.80532292    0.92052979    0.88930767    0.86034145    0.91393750    1.08007142    0.90716505    0.76219687    0.85809012    0.83641163    0.51718795    0.00000000    0.97929173    0.82534265    0.74844820    1.06591503    0.97424553    0.97607774    0.97962755    1.04030967    1.12002323    0.99548474    0.92056486    1.04730537    0.93921702    1.00758524    0.94396639    0.93342606    0.85407118    0.84644115    0.83249817    0.76373569    0.83194387    1.24426454    1.16626541    1.15080933    1.13862487    1.13497242    1.26394138    1.27252627    1.24769106    1.32815702    1.20395829    1.31153777    2.06316586    2.31767688    2.19790265    2.13763846    2.49549430    2.46230446    2.24787681    2.29885445    2.42266416    2.30528090    2.79329267    2.55968084    2.28850813    2.41413845    2.41050526    2.29020411    2.69898515    2.41512415    2.40122435    2.36416308    2.64950069    2.72569715    2.64960623    2.47137493    2.32415078    2.24330793    2.46129010    2.65802953    2.55153370    2.46343244    2.54044525    2.42755300    2.36156325    3.10922352    2.79377614    1.54892565    1.64382702    1.72381774    1.81079094    1.81850613    1.86456233    1.85342604    1.77506679    1.62953450    1.63680086    1.85929730    1.78856962    1.55505296    1.62622297    1.72936903    1.46695992    1.46335014    1.65070697    1.58140847    1.55892215    1.72525855    1.48383154    1.57645393    1.37101471    1.18563542    1.21764591    0.84861433    0.82015912    0.96626155    0.84930563    0.91581669    0.90927454    0.82484805    0.86993224    0.88249165    0.87318440    0.83507392    0.90313457    0.82021724    0.90576791    0.99554735    0.99992069    0.94049296    0.91030796    0.98277912    0.88994266    0.92984294    1.01160748    1.00741968    0.88657898
Q7MZV9_PHOLL/29-361     0.91525710    1.03128359    0.99321862    0.97964191    1.06324935    1.00787045    0.98317926    1.01032811    1.03104397    1.05194307    1.02309453    1.07297778    1.33741491    1.18377828    1.06930202    1.01260012    1.03335631    0.93502349    0.97929173    0.00000000    0.98779634    0.95920789    1.12405990    1.09722364    1.10932013    1.05645865    1.16653882    1.22928838    1.08263999    1.05404851    1.09668980    1.06964896    1.11213424    1.07056533    0.99693231    1.06584292    1.04520586    1.00821498    0.99689592    1.09557319    1.45335471    1.36157462    1.35153280    1.36303209    1.25433862    1.36251110    1.41913331    1.22318276    1.39343036    1.36444773    1.35716166    2.52571082    2.50272198    2.83191718    2.67774476    2.89785022    2.92281933    2.58031073    2.52385057    2.94598278    2.61183350    3.11412893    2.81778205    2.80041678    3.02247319    2.97283809    2.86893013    3.08189096    2.95873966    2.89115394    2.81783830    2.87767325    2.97877321    2.85940944    2.94549620    2.54975716    2.72196596    2.92117472    2.70000269    2.77932842    2.81789707    2.89118596    2.92897461    2.86276014    3.38703501    3.56797088    1.74836193    1.69942875    1.72863146    1.72589735    1.79991197    1.61459830    1.77973339    1.68070391    1.76214285    1.64503728    2.03209167    1.72463806    1.56268571    1.65350830    1.70737308    1.62868251    1.62085022    1.72748914    1.73212359    1.62672882    1.71049521    1.51818060    1.46993596    1.32032105    1.38714678    1.43947998    1.03371088    1.03476292    0.96932960    0.99823487    1.04135914    1.01224348    0.96930330    1.06682159    0.95358288    1.00285575    1.02965667    1.01292368    1.02301253    1.05883714    1.04812002    1.03297630    1.17412761    1.03522453    1.12070453    1.06059498    1.05350987    1.04147763    1.07658295    0.99098817
