32
C1ECV4_MICCC/8-181     0.00000000    1.11016476    1.14487192    1.28386947    1.49521520    1.57931162    1.36619463    1.77959125    1.70185191    1.66555910    1.40491806    1.29530797    1.34989022    1.56044202    1.38034455    1.50723456    1.47506569    1.37244599    1.44490957    1.29775375    1.47830954    1.32769564    1.31679470    1.16476473    1.22032091    1.31971229    1.27126666    1.13612238    1.22297791    1.17860812    1.09293432    1.47427040
D8SBC8_SELML/8-184     1.11016476    0.00000000    1.15912249    1.35453918    1.48216074    1.51310009    1.41434737    1.67168750    1.84406232    1.96760843    1.49609663    1.26201918    1.19866176    1.43543870    1.30928385    1.29023065    1.39101336    1.26509326    1.17563408    1.32961946    1.56312111    1.39346989    1.27892958    1.40676013    1.28309191    1.28285497    1.08408707    1.07493394    1.24788999    1.17465688    1.15094286    1.64082041
A0A015JHW4_RHIIW/8-179     1.14487192    1.15912249    0.00000000    0.96501354    1.18926872    1.22068326    1.10274920    1.55833622    1.69880016    1.53206149    0.95975883    1.18317149    1.17310895    1.44068799    1.25532649    1.27977204    1.30142591    1.21346997    1.22930395    0.89875103    0.95706220    0.79643019    0.94241155    0.80478357    0.79041297    0.96975975    0.77427556    0.80233289    0.89684339    0.88850645    0.90304528    1.09998047
J9JTP2_ACYPI/8-182     1.28386947    1.35453918    0.96501354    0.00000000    0.55708832    0.67486959    0.46438716    1.26223021    1.50842873    1.51001932    0.92617279    0.98619404    1.09563219    1.08152845    1.08448429    1.11239842    1.19531953    1.16225596    1.08260093    0.93240212    0.96817327    0.97887265    1.28088960    0.90672678    1.01098116    1.06962038    0.99165326    1.08451912    0.97159377    1.04503783    1.02842438    1.30095051
J9JTR8_ACYPI/8-182     1.49521520    1.48216074    1.18926872    0.55708832    0.00000000    0.43477469    0.53973160    1.36917345    1.70872205    1.71242016    1.09095803    1.22014032    1.28695745    1.18269270    1.26389594    1.19902514    1.33482195    1.34095366    1.20806558    1.03870734    1.13733101    1.21736935    1.28846956    1.15914109    1.14403920    1.13826545    1.06324084    1.18372825    1.02724762    1.07564061    1.31740397    1.50777883
J9KL11_ACYPI/9-183     1.57931162    1.51310009    1.22068326    0.67486959    0.43477469    0.00000000    0.65812220    1.48722430    1.73936609    1.79018129    1.21934671    1.24411235    1.36297761    1.33375967    1.41222803    1.21789281    1.34125486    1.42083118    1.29973895    1.03873769    1.19157986    1.16383661    1.33562857    1.11326762    1.34349279    1.16597228    1.17460928    1.24322287    1.14619786    1.19624574    1.36834704    1.56340741
J9KAU7_ACYPI/8-183     1.36619463    1.41434737    1.10274920    0.46438716    0.53973160    0.65812220    0.00000000    1.33871463    1.64223395    1.55048528    1.02335547    1.01732015    1.24059564    1.15480071    1.13401487    1.05048406    1.18338911    1.27655801    1.19550848    0.94362678    1.02480211    1.12167572    1.25620221    1.05628675    1.08782002    1.15089535    1.02240156    1.18244511    0.88481894    0.99640813    1.07328933    1.36548421
ATAT1_CAEEL/8-177     1.77959125    1.67168750    1.55833622    1.26223021    1.36917345    1.48722430    1.33871463    0.00000000    1.76885511    1.81589315    1.41657246    1.19646182    1.46453730    1.64057305    1.56597960    1.42969442    1.64237892    1.53083284    1.38452246    1.38483184    1.47584381    1.42349599    1.52317413    1.33534678    1.33212365    1.60702261    1.31623777    1.32720740    1.43297801    1.35373219    1.31252008    1.58113354
A0A2H2I5E9_CAEJA/8-181     1.70185191    1.84406232    1.69880016    1.50842873    1.70872205    1.73936609    1.64223395    1.76885511    0.00000000    0.20761802    1.51699235    1.43687466    1.75846356    1.66166414    1.57474687    1.59710295    1.55981152    1.50935988    1.47172265    1.30901353    1.45154815    1.55549525    1.71323552    1.43629574    1.55523984    1.66813682    1.52042844    1.62604383    1.66758413    1.47229528    1.43067240    1.53555646
ATAT2_CAEEL/8-181     1.66555910    1.96760843    1.53206149    1.51001932    1.71242016    1.79018129    1.55048528    1.81589315    0.20761802    0.00000000    1.52612275    1.48201044    1.62967863    1.58417857    1.65591896    1.72471030    1.67671302    1.40397701    1.46805527    1.42981009    1.50533594    1.52734056    1.76541556    1.49236223    1.63836006    1.62571823    1.61287476    1.69317320    1.66927638    1.47357333    1.41848037    1.50958506
D6WEE9_TRICA/8-187     1.40491806    1.49609663    0.95975883    0.92617279    1.09095803    1.21934671    1.02335547    1.41657246    1.51699235    1.52612275    0.00000000    0.63477138    0.89851367    0.98993362    0.85489140    1.01166203    1.01063449    0.70696570    0.76960442    0.61592936    0.59978200    1.03530577    1.00410261    1.02609316    0.88012664    0.84203998    0.94096785    0.83651140    0.96941219    0.95399137    1.01548109    1.22818107
ATAT_AEDAE/8-186     1.29530797    1.26201918    1.18317149    0.98619404    1.22014032    1.24411235    1.01732015    1.19646182    1.43687466    1.48201044    0.63477138    0.00000000    0.77394892    1.03858283    0.81578457    0.86960520    0.94213113    0.71910766    0.70182136    0.73502885    0.78928008    1.04195737    1.17513905    0.95966230    0.98861111    0.92393934    0.95640442    0.91606891    0.93433550    0.97516793    1.00597569    1.25245597
B4GYM9_DROPE/9-189     1.34989022    1.19866176    1.17310895    1.09563219    1.28695745    1.36297761    1.24059564    1.46453730    1.75846356    1.62967863    0.89851367    0.77394892    0.00000000    0.72938302    0.60104307    0.67265721    0.71752605    0.43682842    0.45816232    0.99038339    1.01588549    1.11105199    1.25364916    1.20211861    1.21701713    1.03947369    1.09113097    1.11945176    1.20003110    1.24043091    1.22544813    1.42563510
B4M2F1_DROVI/8-187     1.56044202    1.43543870    1.44068799    1.08152845    1.18269270    1.33375967    1.15480071    1.64057305    1.66166414    1.58417857    0.98993362    1.03858283    0.72938302    0.00000000    0.68145794    0.78550076    0.88487193    0.76489455    0.75706194    1.08774666    1.14878649    1.35935199    1.42217004    1.34548260    1.32741025    1.09744318    1.31965230    1.29529854    1.38220225    1.40378588    1.42014200    1.56999904
B4N1M9_DROWI/9-189     1.38034455    1.30928385    1.25532649    1.08448429    1.26389594    1.41222803    1.13401487    1.56597960    1.57474687    1.65591896    0.85489140    0.81578457    0.60104307    0.68145794    0.00000000    0.45882077    0.59088369    0.53112385    0.49028954    0.95477549    1.06297176    1.11406483    1.16321513    1.21424497    1.08625835    0.97764387    1.05580393    1.02392455    1.07388424    1.15132608    1.15002519    1.43420802
B3MQK0_DROAN/9-197     1.50723456    1.29023065    1.27977204    1.11239842    1.19902514    1.21789281    1.05048406    1.42969442    1.59710295    1.72471030    1.01166203    0.86960520    0.67265721    0.78550076    0.45882077    0.00000000    0.55844965    0.63817526    0.58834967    1.11150539    1.17616640    1.22861445    1.22756116    1.18574189    1.18796590    0.97505533    1.07967567    1.11819809    1.12728844    1.11015173    1.17006700    1.46747132
ATAT2_DROME/9-193     1.47506569    1.39101336    1.30142591    1.19531953    1.33482195    1.34125486    1.18338911    1.64237892    1.55981152    1.67671302    1.01063449    0.94213113    0.71752605    0.88487193    0.59088369    0.55844965    0.00000000    0.78381118    0.71282905    1.09959865    1.07582071    1.17204186    1.18485186    1.22003157    1.17215571    1.01788369    1.17103699    1.18468952    1.23355336    1.31436812    1.38373605    1.52048997
B3M6G0_DROAN/9-189     1.37244599    1.26509326    1.21346997    1.16225596    1.34095366    1.42083118    1.27655801    1.53083284    1.50935988    1.40397701    0.70696570    0.71910766    0.43682842    0.76489455    0.53112385    0.63817526    0.78381118    0.00000000    0.18103598    0.92625815    0.96498697    1.16440320    1.28185087    1.26284936    1.20326721    0.93136021    1.08785672    1.05658293    1.14773556    1.22705928    1.17263697    1.47655722
M9PEN1_DROME/9-189     1.44490957    1.17563408    1.22930395    1.08260093    1.20806558    1.29973895    1.19550848    1.38452246    1.47172265    1.46805527    0.76960442    0.70182136    0.45816232    0.75706194    0.49028954    0.58834967    0.71282905    0.18103598    0.00000000    0.92177431    0.89793770    1.19532046    1.21584459    1.16583633    1.13868672    0.87909151    1.04431237    1.03692185    1.06645422    1.16179268    1.15745294    1.41227540
T1HF60_RHOPR/8-187     1.29775375    1.32961946    0.89875103    0.93240212    1.03870734    1.03873769    0.94362678    1.38483184    1.30901353    1.42981009    0.61592936    0.73502885    0.99038339    1.08774666    0.95477549    1.11150539    1.09959865    0.92625815    0.92177431    0.00000000    0.60296282    0.81064968    1.00484279    0.80869778    0.86787832    0.89551654    0.90878649    0.80257003    0.92555742    0.96765845    0.99635247    1.17096244
E0W219_PEDHC/8-188     1.47830954    1.56312111    0.95706220    0.96817327    1.13733101    1.19157986    1.02480211    1.47584381    1.45154815    1.50533594    0.59978200    0.78928008    1.01588549    1.14878649    1.06297176    1.17616640    1.07582071    0.96498697    0.89793770    0.60296282    0.00000000    0.95684031    1.01341733    0.85605722    0.89902923    0.90862253    0.99517392    0.99585236    0.97086518    1.10173159    1.08351354    1.15046065
ATAT_TRIAD/8-196     1.32769564    1.39346989    0.79643019    0.97887265    1.21736935    1.16383661    1.12167572    1.42349599    1.55549525    1.52734056    1.03530577    1.04195737    1.11105199    1.35935199    1.11406483    1.22861445    1.17204186    1.16440320    1.19532046    0.81064968    0.95684031    0.00000000    0.73759609    0.70194352    0.73690765    0.95367350    0.70741901    0.78087075    0.79038326    0.88425078    0.87184373    1.11527033
H2ZDE8_CIOSA/8-183     1.31679470    1.27892958    0.94241155    1.28088960    1.28846956    1.33562857    1.25620221    1.52317413    1.71323552    1.76541556    1.00410261    1.17513905    1.25364916    1.42217004    1.16321513    1.22756116    1.18485186    1.28185087    1.21584459    1.00484279    1.01341733    0.73759609    0.00000000    0.87240878    0.68562993    0.95315816    0.78976399    0.79046767    0.69797083    0.85837301    0.92169552    1.19151658
K1QKW6_CRAGI/8-187     1.16476473    1.40676013    0.80478357    0.90672678    1.15914109    1.11326762    1.05628675    1.33534678    1.43629574    1.49236223    1.02609316    0.95966230    1.20211861    1.34548260    1.21424497    1.18574189    1.22003157    1.26284936    1.16583633    0.80869778    0.85605722    0.70194352    0.87240878    0.00000000    0.66798981    0.86238031    0.87652891    0.76195288    0.86557570    1.05004241    0.93052907    1.27230557
A7SKG6_NEMVE/8-190     1.22032091    1.28309191    0.79041297    1.01098116    1.14403920    1.34349279    1.08782002    1.33212365    1.55523984    1.63836006    0.88012664    0.98861111    1.21701713    1.32741025    1.08625835    1.18796590    1.17215571    1.20326721    1.13868672    0.86787832    0.89902923    0.73690765    0.68562993    0.66798981    0.00000000    0.70391316    0.75326495    0.81927718    0.75858385    0.86039797    0.81315327    1.03197503
E9GMT0_DAPPU/8-176     1.31971229    1.28285497    0.96975975    1.06962038    1.13826545    1.16597228    1.15089535    1.60702261    1.66813682    1.62571823    0.84203998    0.92393934    1.03947369    1.09744318    0.97764387    0.97505533    1.01788369    0.93136021    0.87909151    0.89551654    0.90862253    0.95367350    0.95315816    0.86238031    0.70391316    0.00000000    0.84987461    0.79355444    0.80845048    1.06642610    1.03554559    1.31784023
G1KKM6_ANOCA/8-191     1.27126666    1.08408707    0.77427556    0.99165326    1.06324084    1.17460928    1.02240156    1.31623777    1.52042844    1.61287476    0.94096785    0.95640442    1.09113097    1.31965230    1.05580393    1.07967567    1.17103699    1.08785672    1.04431237    0.90878649    0.99517392    0.70741901    0.78976399    0.87652891    0.75326495    0.84987461    0.00000000    0.32379707    0.42128565    0.59695904    0.54156857    1.04820925
H3A0C8_LATCH/8-183     1.13612238    1.07493394    0.80233289    1.08451912    1.18372825    1.24322287    1.18244511    1.32720740    1.62604383    1.69317320    0.83651140    0.91606891    1.11945176    1.29529854    1.02392455    1.11819809    1.18468952    1.05658293    1.03692185    0.80257003    0.99585236    0.78087075    0.79046767    0.76195288    0.81927718    0.79355444    0.32379707    0.00000000    0.42024111    0.54543946    0.48349520    1.15273943
ATAT_XENTR/8-186     1.22297791    1.24788999    0.89684339    0.97159377    1.02724762    1.14619786    0.88481894    1.43297801    1.66758413    1.66927638    0.96941219    0.93433550    1.20003110    1.38220225    1.07388424    1.12728844    1.23355336    1.14773556    1.06645422    0.92555742    0.97086518    0.79038326    0.69797083    0.86557570    0.75858385    0.80845048    0.42128565    0.42024111    0.00000000    0.59761152    0.50496711    1.07105501
H2M3X4_ORYLA/8-184     1.17860812    1.17465688    0.88850645    1.04503783    1.07564061    1.19624574    0.99640813    1.35373219    1.47229528    1.47357333    0.95399137    0.97516793    1.24043091    1.40378588    1.15132608    1.11015173    1.31436812    1.22705928    1.16179268    0.96765845    1.10173159    0.88425078    0.85837301    1.05004241    0.86039797    1.06642610    0.59695904    0.54543946    0.59761152    0.00000000    0.40775997    1.07673776
ATAT_DANRE/8-184     1.09293432    1.15094286    0.90304528    1.02842438    1.31740397    1.36834704    1.07328933    1.31252008    1.43067240    1.41848037    1.01548109    1.00597569    1.22544813    1.42014200    1.15002519    1.17006700    1.38373605    1.17263697    1.15745294    0.99635247    1.08351354    0.87184373    0.92169552    0.93052907    0.81315327    1.03554559    0.54156857    0.48349520    0.50496711    0.40775997    0.00000000    1.07128489
A2F3W7_TRIVA/2-171     1.47427040    1.64082041    1.09998047    1.30095051    1.50777883    1.56340741    1.36548421    1.58113354    1.53555646    1.50958506    1.22818107    1.25245597    1.42563510    1.56999904    1.43420802    1.46747132    1.52048997    1.47655722    1.41227540    1.17096244    1.15046065    1.11527033    1.19151658    1.27230557    1.03197503    1.31784023    1.04820925    1.15273943    1.07105501    1.07673776    1.07128489    0.00000000

