71
P93205_SOLLC/31-117     0.00000000    0.74080555    1.17145245    1.01414191    0.92753954    1.37801141    1.46279634    1.44409058    1.44717739    1.72245017    2.02479208    1.84301338    2.29771042    1.89786319    1.54279415    1.44879626    2.08699668    1.80834503    2.07366819    2.09287350    2.25349730    2.51714526    1.82341826    1.81535190    1.63875074    1.29239395    1.76695305    1.43170819    1.76921955    1.85340517    1.50677394    1.74654577    1.59367267    1.91799748    2.75300052    2.64390817    2.64584947    2.59890432    2.69807567    3.81860336    3.47140420    2.37994912    4.45897543    3.94579431    2.94568468    2.41799912    2.51460370    2.53486815    2.71801620    3.14360782    2.61913621    2.74375565    2.60372693    2.52316888    2.77800356    3.20945035    2.97297879    2.32145498    3.77660888    3.41926354    2.51632895    2.97663163    3.61422427    2.96223177    2.90271237    3.37350570    3.11277465    2.82409380    2.28375424    2.01662690    2.70957433
SBT13_ARATH/36-120     0.74080555    0.00000000    0.81139466    0.89251094    0.95315758    1.12042459    1.48802908    1.31018538    1.19794011    1.58543443    1.85478719    1.83989052    2.08466568    1.93479994    1.63991838    1.59329019    2.13939148    1.85618847    1.88448987    1.93933484    1.88274267    2.24134104    1.83479762    1.73136084    1.51855023    1.36956713    1.44966480    1.40762365    1.64816895    1.77830121    1.45692918    1.35244029    1.81878519    1.82908284    2.36910465    1.87057194    2.40540706    2.54646935    2.67777473    3.69278498    3.24974762    2.49373993    3.09089143    3.04860456    2.74884857    2.13188246    2.49083524    2.90013882    2.73607473    3.00562545    3.00545209    3.26552935    2.95602717    2.24665213    2.98742806    3.12282734    3.42879499    2.21731627    3.17046559    3.09963414    2.49082781    2.79951351    2.96905437    2.82895478    2.65766377    2.24080249    2.18906897    2.57520301    2.35952821    2.26454574    3.12340123
SBT17_ARATH/31-106     1.17145245    0.81139466    0.00000000    0.64224486    0.64168376    0.92187438    0.86297607    1.11755521    1.34107354    1.43414166    1.65193068    1.43723458    1.82309604    1.45236358    1.59419185    1.76038298    1.65090519    1.54354843    1.61908011    1.82319927    1.74929474    1.88765634    1.58299457    1.73704929    1.19873084    1.35311527    1.38381008    1.61217770    1.68437793    2.05128093    1.70000702    1.26077700    1.84091646    1.79926055    1.92385097    1.95350825    2.10738405    2.24280485    2.12014111    3.86172936    3.82469953    2.63605349    3.00084097    2.96869607    3.15447311    2.24809538    2.43840290    2.46767884    3.11096098    2.97597054    3.46362771    3.13368229    3.05436182    2.40075686    2.49847626    2.87596761    3.45815968    2.16657627    3.14097988    2.73708820    2.94277669    3.11503961    3.44766316    3.12717420    2.28691646    2.47522823    2.32223499    2.52937662    2.75545475    2.32267874    3.45619033
Q94H95_ORYSJ/36-111     1.01414191    0.89251094    0.64224486    0.00000000    0.65322308    0.99335380    1.05485151    1.24673955    1.27043673    1.59340879    1.72385614    1.91438543    2.25306582    1.86468566    1.47743434    2.06172608    2.07082157    1.61968724    1.74474156    2.19570011    2.20916591    2.08915785    1.84704638    1.85222435    1.59622452    1.52821995    1.72738855    1.84751131    1.99816600    2.39724343    1.91428878    1.48519018    1.99130127    1.62402222    2.40195055    2.36175356    2.84187059    2.83054626    2.63039592    2.69013810    3.06760942    2.33566948    3.38995883    2.61637939    3.14798336    2.34124195    2.49723697    2.19878541    3.51661229    3.19706333    3.04698573    3.26542627    3.05756180    2.26629145    2.32622714    2.97737811    3.15323220    2.07211965    3.15171042    2.92593656    2.85799508    2.93759032    2.94084690    2.21109828    2.46899914    2.79336546    2.21997115    2.72819477    3.66476485    2.96947219    3.69238318
A0A3Q7H1P2_SOLLC/30-105     0.92753954    0.95315758    0.64168376    0.65322308    0.00000000    1.13844379    1.25900635    1.17780263    1.32872120    1.33182954    1.78550691    1.91223524    2.00303649    1.72661166    1.87805943    1.98262254    1.86176122    1.77421508    1.78343396    1.82933622    1.79622328    1.84211226    1.66453734    1.82704356    1.36955319    1.44410593    1.76104385    1.60192316    2.11556160    2.44479958    1.95183682    1.46915393    1.61738820    1.89903222    2.12394494    2.21246037    2.32033093    2.39129896    2.21552206    2.89031795    2.63198675    2.22871252    3.12777087    2.93618274    2.94996683    2.60786586    2.40425336    2.54160969    2.81745479    2.90181343    2.89197251    2.93971695    2.90433200    2.46855340    2.47467824    2.74319584    2.97771708    1.97656702    2.99323251    2.64477915    2.51284655    2.66775042    2.35673333    2.64469687    2.29607399    2.76958639    2.68941444    2.65846797    2.75738379    2.69952745    2.85599073
SBT15_ARATH/27-103     1.37801141    1.12042459    0.92187438    0.99335380    1.13844379    0.00000000    0.94736323    1.27934600    1.33669330    1.67254286    1.71856724    1.49421578    2.12523794    1.85970927    2.17728917    1.74831976    1.69617128    1.52165683    1.54425554    1.57851542    1.71454239    1.70637580    1.86360695    1.78978809    1.42903451    1.68158583    1.53783926    1.71819177    1.74624118    1.77159866    1.82112727    1.47052493    1.91688735    1.70882165    2.68756641    2.37054820    2.72098209    2.54810211    2.91795149    3.08084684    3.00351396    3.02005782    2.72883170    2.70277111    2.73527408    1.93185372    2.19208942    2.60471105    2.39949143    2.53738407    2.69507299    2.67076278    2.28821880    2.34063404    2.20669423    2.94709296    2.87188601    2.51110264    2.58183010    2.60119187    2.47531237    2.55543050    2.78283219    3.00106451    1.72080348    2.26962328    2.48718664    2.76870777    2.90017651    2.64283303    2.91887313
SBT14_ARATH/32-110     1.46279634    1.48802908    0.86297607    1.05485151    1.25900635    0.94736323    0.00000000    1.17126216    1.41293545    1.45153723    1.49528799    1.23624666    1.63190992    1.47048307    1.61991017    1.46757305    1.75795768    1.69205517    1.82514963    1.79524439    2.10565850    1.84268980    1.89451286    1.73865422    1.35077822    1.50458927    1.39723661    1.68208913    1.87428612    2.06258926    1.82659038    1.29134893    1.80916574    1.90986731    2.10528823    2.00795078    2.10421507    2.07912621    1.79792108    2.99805317    3.54415926    3.03133956    3.05574473    2.42136909    2.81522023    2.58031353    2.29742144    2.25789291    2.63762720    2.68276212    2.77264715    2.41409046    2.34969435    2.20189096    2.36048629    3.22493043    2.95260287    2.24119536    2.69930999    2.40007503    2.44618370    2.52134824    3.52772065    3.07884191    1.80730201    2.72308743    2.80201007    3.21264229    3.80692229    2.83348002    3.41495037
O82006_SOLLC/34-120     1.44409058    1.31018538    1.11755521    1.24673955    1.17780263    1.27934600    1.17126216    0.00000000    1.00805246    1.27093738    1.63375760    1.72502325    2.21802208    1.62233680    2.21074015    2.17379186    2.15767022    1.97182934    2.48817818    2.23855397    2.00972620    2.23524943    2.18764338    2.40883332    2.16864986    1.61208783    1.67529814    1.83344733    1.92613561    2.42530450    2.24137413    1.74294278    1.59469171    1.69049916    1.99373712    2.66078424    2.61770303    2.85348492    2.54071540    3.83722293    4.20153084    2.78125232    2.80327061    2.98499346    3.13828770    2.62997396    2.83334865    2.73225014    3.30355398    3.14263893    3.26443961    3.32407113    3.56008958    2.44873063    2.74372904    3.59261301    3.18024992    2.49718118    3.17658592    3.02569731    2.73141284    2.99737261    3.03982865    2.87461520    2.53071206    3.97890826    3.97138606    2.56049015    3.18245893    2.74453828    3.70811311
SBT19_ARATH/24-101     1.44717739    1.19794011    1.34107354    1.27043673    1.32872120    1.33669330    1.41293545    1.00805246    0.00000000    1.47458265    2.20323438    1.80680099    2.43232551    1.98070858    1.77822966    1.81197807    2.54201915    2.04349091    2.37184528    2.29549096    2.22578373    2.30724814    2.43233363    2.55221884    1.93435616    1.83249492    1.66178162    1.55900578    2.09645415    2.38894950    1.97731836    1.90098201    2.09162801    2.05291741    2.40777346    2.49662130    2.66888527    2.83633950    2.72604364    2.98811540    2.78344790    3.29983695    3.69278456    3.32161075    3.22642947    2.61774665    3.05663479    2.73301790    3.55926276    3.11069848    3.16620711    3.58889693    3.45834415    2.90014935    2.63678502    3.46437720    3.02456718    2.37000629    3.06628152    2.89826465    2.80361324    2.59382200    3.51885443    3.91152939    2.20112674    3.68009646    3.39055597    3.59259673    4.40551248    3.44276479    3.55825741
Q8S1N3_ORYSJ/26-107     1.72245017    1.58543443    1.43414166    1.59340879    1.33182954    1.67254286    1.45153723    1.27093738    1.47458265    0.00000000    1.83416021    2.43539169    2.45933794    1.84798975    2.09522039    2.49838305    1.92477384    1.70720044    2.04173398    2.15496770    1.96568515    1.88422112    1.85821539    2.02532363    1.56929981    1.75991939    1.47171311    2.08909904    1.83970394    1.90691401    1.79227049    1.78326090    1.65863495    1.44059558    1.57445991    2.40333257    1.81668509    2.54221966    2.31842481    4.43628501    4.35975396    3.50112023    2.73218287    2.61213701    2.35232686    3.15721994    4.00018623    2.87534628    3.83976422    4.37597527    4.39836019    3.80283488    3.70882629    3.29420749    3.32237537    4.89411836    3.20529948    2.54345271    3.20642178    2.42343175    2.91909893    2.95301935    4.52297875    4.08020800    2.92777060    3.44425875    3.26634340    2.57177694    3.80839630    3.10399497    3.19702167
Q9LJ20_ORYSJ/30-119     2.02479208    1.85478719    1.65193068    1.72385614    1.78550691    1.71856724    1.49528799    1.63375760    2.20323438    1.83416021    0.00000000    1.47726193    1.36867680    1.63031234    1.59077967    1.44085840    1.51537788    1.19174094    1.36449105    1.35680375    1.55745527    1.47623961    1.34415474    1.36025751    1.68266061    1.35537144    1.09141404    1.32632729    1.34543341    1.15236216    1.26390105    1.64525738    1.66674164    1.89801333    2.68059446    2.63073462    2.84483265    2.97652473    2.81098966    4.04483717    3.73946549    4.07223983    2.99817020    2.40885755    3.06418060    2.26461869    2.70209235    3.13914946    2.90145767    3.03474431    2.72898014    2.80663937    2.42521462    2.76653699    2.59319874    2.60903199    3.05497446    2.44189129    3.49542181    2.84827529    2.74336583    3.54354731    3.62636161    3.34908714    2.85806517    3.17664066    2.88722726    3.02273949    3.07671237    3.12758893    2.89651645
SBT54_ARATH/41-126     1.84301338    1.83989052    1.43723458    1.91438543    1.91223524    1.49421578    1.23624666    1.72502325    1.80680099    2.43539169    1.47726193    0.00000000    0.60652747    1.23266762    1.16004951    1.13162614    1.31840636    1.17380805    1.16791955    1.25329214    1.36255090    1.30710629    1.25944257    1.13937608    1.32131345    1.44645714    1.28806662    1.49135976    1.42846626    1.55266350    1.45249138    1.96692923    1.80824695    1.96614929    2.28649182    2.49073618    2.15702524    1.85362810    2.07257147    2.82612874    3.52789168    3.68614331    3.27693413    3.52873199    3.30493918    2.43362307    2.58952281    2.54400494    2.69316355    2.50240061    3.04503364    2.77363746    2.30853129    3.29571280    2.73814732    3.55206676    3.30972357    2.61597261    3.30506987    2.73299063    3.18654086    2.98322985    3.91358982    4.21642583    3.06493191    3.22782643    2.84886522    3.41495084    2.73239218    2.81983374    2.70863616
AIR3_ARATH/31-116     2.29771042    2.08466568    1.82309604    2.25306582    2.00303649    2.12523794    1.63190992    2.21802208    2.43232551    2.45933794    1.36867680    0.60652747    0.00000000    1.24786516    1.15841763    1.29984198    1.38161944    1.31213119    1.31664933    1.22508370    1.63323533    1.23577719    1.40224957    1.10668887    1.26763368    1.52955622    1.37663139    1.74263033    1.69019589    1.88403358    2.01125384    1.89127434    1.95148503    2.23650225    2.32946030    2.67976403    3.22155989    2.25120835    2.13167034    3.48339033    3.73420216    3.37113655    3.38525904    3.71861449    2.69908981    2.49001752    2.76392358    2.72000076    2.90742491    3.26297134    3.80592796    3.17251482    2.91512851    3.18833852    3.02033983    3.25430574    3.41358074    2.54654250    2.55674584    2.71001041    2.96338587    2.65039167    3.62661701    3.30427132    2.97520911    2.61185464    3.15426508    3.09476088    2.91836210    3.21103332    3.11020883
SBT56_ARATH/26-106     1.89786319    1.93479994    1.45236358    1.86468566    1.72661166    1.85970927    1.47048307    1.62233680    1.98070858    1.84798975    1.63031234    1.23266762    1.24786516    0.00000000    1.16282092    1.27420675    1.32893882    1.40721896    1.58533562    1.36340255    1.18557219    1.34899758    1.19461152    1.23375059    1.42392851    1.52572382    1.70557190    1.74786829    1.44454328    1.36489894    1.42698119    1.84313428    1.75666977    2.17111524    1.83536607    2.05306053    1.82033612    1.64933772    1.85151610    3.36852284    2.89831117    2.79952793    3.41303316    3.88049323    2.88095121    3.77268111    3.37518569    2.84024338    3.54787446    3.27002214    3.40980848    3.54916077    3.27820823    3.86152331    4.13103545    4.50455052    3.73776852    3.29044350    3.53610546    3.34679400    3.55096418    3.26329705    4.70927083    3.83573912    2.93030900    3.25124846    2.55416034    2.83301339    1.85764300    2.15915821    2.20870196
SBT4F_ARATH/34-113     1.54279415    1.63991838    1.59419185    1.47743434    1.87805943    2.17728917    1.61991017    2.21074015    1.77822966    2.09522039    1.59077967    1.16004951    1.15841763    1.16282092    0.00000000    1.05678599    1.85129235    1.55254545    1.68891335    1.77741420    1.88595686    1.60442034    1.42423862    1.42218973    1.41397256    1.42236335    1.58739851    1.46321940    1.55101207    1.58404698    1.48970438    2.05854923    2.15242186    2.20316644    1.97931282    2.08128566    1.98344241    1.98348043    1.95761149    4.13488232    3.45035088    2.85138712    4.31787363    3.22199461    2.69655768    4.17277537    2.66673490    3.36181636    4.39773855    4.50522335    4.36267622    4.12202899    4.17677599    4.17659651    4.22835681    3.86305245    4.73978379    2.94719149    4.18233959    3.76751634    4.09341787    3.84894251    5.36569864    3.92467118    3.70323704    4.06336005    3.44832544    3.34284822    2.81027943    2.85284597    3.42280481
SBT4E_ARATH/37-115     1.44879626    1.59329019    1.76038298    2.06172608    1.98262254    1.74831976    1.46757305    2.17379186    1.81197807    2.49838305    1.44085840    1.13162614    1.29984198    1.27420675    1.05678599    0.00000000    1.30715554    1.19232182    1.36193126    1.38392689    1.40968321    1.36450586    1.13299312    1.22404249    1.38739764    1.57193397    1.47395271    1.17691811    1.40373699    1.21363632    1.33845048    2.06942164    1.77351869    2.13195787    2.20735012    2.04336013    2.14006766    1.99074753    2.24244357    3.60786723    2.57990445    3.65658881    3.52325868    3.41939547    2.95686226    2.72409214    2.68317168    3.19386460    2.85917403    3.45734302    2.94905011    3.01602864    3.08233436    3.32977907    3.89550060    3.09518196    3.64540906    3.71138548    5.16544000    4.17180213    3.70212611    3.43669517    5.15965815    3.67550941    3.24161645    2.89734588    2.75747504    2.83291014    2.42272987    2.63861025    3.37118303
SBT3H_ARATH/37-116     2.08699668    2.13939148    1.65090519    2.07082157    1.86176122    1.69617128    1.75795768    2.15767022    2.54201915    1.92477384    1.51537788    1.31840636    1.38161944    1.32893882    1.85129235    1.30715554    0.00000000    0.65649568    0.75985348    0.57604788    0.94073091    0.62377092    0.59138644    0.58808544    1.15257725    1.47995382    1.19886265    1.65860007    1.35028986    1.29272676    1.73335071    1.77891622    1.81692657    1.83882589    2.22779524    2.11637501    1.97775033    1.86877432    1.96068325    3.55864954    3.33220410    3.90717673    3.52627402    2.78452742    2.69760452    2.92988449    3.46632326    3.15439930    3.18324364    3.00001221    3.32762587    3.19672484    3.00819606    3.25445271    2.82080989    3.47202034    3.31130681    2.82903978    3.94168325    3.35005018    3.32574276    3.16724175    4.12436052    3.50392540    2.54051092    3.65912609    3.59210941    2.87718276    2.72178660    2.94212454    2.93733810
SBT3C_ARATH/39-117     1.80834503    1.85618847    1.54354843    1.61968724    1.77421508    1.52165683    1.69205517    1.97182934    2.04349091    1.70720044    1.19174094    1.17380805    1.31213119    1.40721896    1.55254545    1.19232182    0.65649568    0.00000000    0.56448836    0.65613604    0.90723226    0.67194222    0.63692513    0.64627786    1.34123174    1.50579556    1.24467341    1.47459401    1.40549881    1.38080384    1.56789415    1.67355490    1.86550688    1.71427152    1.99650386    1.81886784    2.15885553    1.91491457    1.87170104    3.18859487    3.10697613    3.25616793    3.11702782    3.32929339    2.74378847    2.57792173    3.29486670    2.43684369    3.04027007    2.68947450    2.99507521    3.14771436    2.95532731    3.42546486    2.68249812    3.56839301    2.91566370    2.50206438    3.03205797    2.74214982    2.59971138    3.02676418    2.72815563    2.95437710    2.82910329    3.26214915    3.17754083    3.19703934    2.77854050    2.65986805    2.47594312
SBT3B_ARATH/37-115     2.07366819    1.88448987    1.61908011    1.74474156    1.78343396    1.54425554    1.82514963    2.48817818    2.37184528    2.04173398    1.36449105    1.16791955    1.31664933    1.58533562    1.68891335    1.36193126    0.75985348    0.56448836    0.00000000    0.46893496    0.91346676    0.63189535    0.54548075    0.44253329    1.19645136    1.42610405    1.27163152    1.50598783    1.56303960    1.47561486    1.33020174    1.54388881    1.82552608    1.65448913    2.42782228    2.01041910    2.20669995    2.13186882    2.13484925    3.99306140    3.89489266    3.36867228    3.52366469    3.62129775    2.79406425    2.33290926    2.72417796    2.98673222    2.72159032    2.12692890    2.14285754    2.45247907    2.38528750    2.87825824    2.97463380    3.19351291    2.91625741    2.77388614    2.69934626    2.49359810    2.25359529    2.31653760    2.90960566    3.03490534    2.62357014    2.71876556    2.68371237    2.94775281    2.59445702    2.73187148    3.06458573
SBT3E_ARATH/39-118     2.09287350    1.93933484    1.82319927    2.19570011    1.82933622    1.57851542    1.79524439    2.23855397    2.29549096    2.15496770    1.35680375    1.25329214    1.22508370    1.36340255    1.77741420    1.38392689    0.57604788    0.65613604    0.46893496    0.00000000    0.78706797    0.60993309    0.59755475    0.54147573    1.20510908    1.48108077    1.03806891    1.47908389    1.58194259    1.40638940    1.67543832    1.74612658    2.06002064    1.99844492    2.24065280    1.73617559    1.81970800    1.71191371    1.75013817    3.83232984    3.55334341    3.25382917    3.90857837    3.61532040    3.07435966    2.60607715    3.20113832    3.56105271    2.73395273    2.54215247    2.83608278    2.64558697    2.45248270    2.89512085    2.82230460    3.26273807    2.88777220    2.50818477    2.75012836    2.75931532    2.47749577    2.29448459    3.08779438    3.19210454    2.27418959    3.00855360    2.79955438    3.28842682    3.10790049    2.91418737    3.22551619
Q5ZBR8_ORYSJ/32-110     2.25349730    1.88274267    1.74929474    2.20916591    1.79622328    1.71454239    2.10565850    2.00972620    2.22578373    1.96568515    1.55745527    1.36255090    1.63323533    1.18557219    1.88595686    1.40968321    0.94073091    0.90723226    0.91346676    0.78706797    0.00000000    0.79435856    0.92380203    0.79371593    1.41438081    1.60060180    1.38581552    1.76666818    1.60048280    1.62392994    1.67172804    1.75429766    2.02189416    2.03615088    2.00172196    1.69532486    1.85479313    1.70795786    1.73097246    4.73344111    3.01141356    2.83887086    3.23740429    2.92524028    3.26828722    2.47515215    2.93965855    3.19459254    2.55333280    2.79345179    3.12590557    3.09597118    2.77438376    3.06867414    3.53471339    3.30609232    2.98731806    3.16277186    2.84901166    2.74518902    2.29166513    2.49995104    3.04744792    3.49962227    2.98881082    3.12026159    3.40087685    2.75695296    2.08538327    2.49565723    2.80400845
SBT3G_ARATH/41-118     2.51714526    2.24134104    1.88765634    2.08915785    1.84211226    1.70637580    1.84268980    2.23524943    2.30724814    1.88422112    1.47623961    1.30710629    1.23577719    1.34899758    1.60442034    1.36450586    0.62377092    0.67194222    0.63189535    0.60993309    0.79435856    0.00000000    0.63665222    0.75218064    1.26272490    1.68426172    1.52976934    1.83612861    1.59590808    1.47013893    1.77487441    1.90557587    2.04373129    1.90281050    2.17314156    2.16634328    2.04224879    1.95264363    1.94355968    3.42332494    2.66966636    3.11210237    3.68169942    3.10105206    2.97753570    2.60679218    2.83992510    3.21539927    3.38437452    2.83499485    3.73293977    3.21260762    3.09228018    3.35144921    3.28384098    3.57365006    3.05244216    3.01242762    2.99591071    2.88587771    2.85308200    2.95607389    2.92129769    3.59705425    2.71859359    3.45156697    3.49782063    3.02891080    2.79631541    2.78708241    2.44393534
SBT35_ARATH/29-108     1.82341826    1.83479762    1.58299457    1.84704638    1.66453734    1.86360695    1.89451286    2.18764338    2.43233363    1.85821539    1.34415474    1.25944257    1.40224957    1.19461152    1.42423862    1.13299312    0.59138644    0.63692513    0.54548075    0.59755475    0.92380203    0.63665222    0.00000000    0.39864754    1.37553714    1.58291570    1.29726056    1.61484380    1.67886116    1.50027213    1.57644780    1.94160283    1.67815627    1.85602788    2.32282951    1.83110147    1.77460713    1.95647214    2.00471048    4.01455277    3.28722051    3.48118282    3.57847024    2.82995650    3.10462688    2.92270685    3.15755809    3.65588699    3.33597294    2.50253317    2.87947697    2.96453057    2.99677117    3.27391281    3.21996071    3.10031703    2.70888033    2.62806989    3.68344774    3.11823846    3.17880785    2.92567387    3.76668549    2.84888459    3.25563899    3.87183066    3.85309019    3.33606400    3.06371465    3.10013054    3.16495323
SBT39_ARATH/29-108     1.81535190    1.73136084    1.73704929    1.85222435    1.82704356    1.78978809    1.73865422    2.40883332    2.55221884    2.02532363    1.36025751    1.13937608    1.10668887    1.23375059    1.42218973    1.22404249    0.58808544    0.64627786    0.44253329    0.54147573    0.79371593    0.75218064    0.39864754    0.00000000    1.11274177    1.46717245    1.25949321    1.42512472    1.65695008    1.56479334    1.44256013    1.87586073    1.67159687    1.78005169    2.47488228    1.87460600    2.12557517    1.89040297    1.97991909    4.11483297    3.77913254    3.98099905    3.10090238    3.32816662    3.01594228    2.90022482    2.92153176    3.39403412    3.19503310    2.71764117    2.92755314    2.82914312    2.68156273    3.01067210    3.42465764    3.68387487    2.71382601    2.84061124    3.84579055    3.11297406    2.91865905    2.89162981    3.63655806    2.89552349    2.79090080    3.25073311    3.25907883    2.96744846    2.78832300    3.16238016    2.98432020
Q9C8W7_ARATH/49-125     1.63875074    1.51855023    1.19873084    1.59622452    1.36955319    1.42903451    1.35077822    2.16864986    1.93435616    1.56929981    1.68266061    1.32131345    1.26763368    1.42392851    1.41397256    1.38739764    1.15257725    1.34123174    1.19645136    1.20510908    1.41438081    1.26272490    1.37553714    1.11274177    0.00000000    1.37669833    1.46299866    1.42130904    1.96430194    1.83099821    1.68616386    2.16669587    2.10842723    2.33367916    2.15005903    2.50003926    2.46170492    2.37657314    2.35197700    3.85595895    3.39698715    3.14288597    3.80843148    3.96360850    2.92561709    3.01318125    3.57435210    3.15516948    2.97556998    2.99039625    3.20945486    3.50278850    2.81688326    3.28530186    3.67520755    4.49680071    3.45526410    2.97201875    3.32239000    3.39267514    2.80422088    2.98209371    3.43784870    3.72892648    3.39645053    2.73275962    2.78493263    2.97540704    2.89446444    3.34310762    2.75139272
SBT51_ARATH/33-106     1.29239395    1.36956713    1.35311527    1.52821995    1.44410593    1.68158583    1.50458927    1.61208783    1.83249492    1.75991939    1.35537144    1.44645714    1.52955622    1.52572382    1.42236335    1.57193397    1.47995382    1.50579556    1.42610405    1.48108077    1.60060180    1.68426172    1.58291570    1.46717245    1.37669833    0.00000000    0.90815488    0.84568818    1.20527141    1.33403015    1.25421088    1.71161247    1.51482306    1.62709402    2.19320259    2.33768962    2.01971397    2.60586756    2.33691652    3.75230319    3.87588367    3.29948358    2.92745608    2.13399360    2.16027400    2.18065907    2.12255137    2.29927329    2.37069121    2.95325706    2.81271989    2.44050288    2.29743368    2.27685231    2.28585594    2.91045822    2.34013017    1.93231699    3.05360659    2.56581586    2.21653411    2.30672501    2.89127877    2.45056412    2.16587772    2.49736179    2.59354292    2.85121600    3.50265897    3.04625536    3.17616363
K7KSL4_SOYBN/40-115     1.76695305    1.44966480    1.38381008    1.72738855    1.76104385    1.53783926    1.39723661    1.67529814    1.66178162    1.47171311    1.09141404    1.28806662    1.37663139    1.70557190    1.58739851    1.47395271    1.19886265    1.24467341    1.27163152    1.03806891    1.38581552    1.52976934    1.29726056    1.25949321    1.46299866    0.90815488    0.00000000    0.85778427    0.94458863    0.91915316    0.89439244    1.55280612    1.90230851    1.72895360    1.83654522    1.70603585    2.09156191    2.16319481    1.98208605    3.01765317    2.90819159    3.11641360    3.03605538    2.84326240    2.50905970    2.48124418    2.62568890    2.57672700    2.40540252    2.73976209    2.73888517    2.64305963    2.43098017    2.79110927    1.85481472    3.28136765    2.37105126    2.28893528    3.18664420    2.65922902    2.66944224    2.83228994    3.45714573    3.04831055    2.79099385    2.66995165    2.85425680    2.41114233    2.64352981    2.48226414    2.49938006
SBT4C_ARATH/32-110     1.43170819    1.40762365    1.61217770    1.84751131    1.60192316    1.71819177    1.68208913    1.83344733    1.55900578    2.08909904    1.32632729    1.49135976    1.74263033    1.74786829    1.46321940    1.17691811    1.65860007    1.47459401    1.50598783    1.47908389    1.76666818    1.83612861    1.61484380    1.42512472    1.42130904    0.84568818    0.85778427    0.00000000    0.52116657    0.55448289    0.45966538    1.65528409    1.96704332    2.01509676    3.09865667    2.49964727    2.91516265    3.82056510    3.86079696    4.85794507    3.61101413    3.69261124    3.59337618    3.68235664    2.87472386    2.28424527    2.38976814    3.32900480    2.60672484    2.94720451    2.62129256    3.09178053    2.62517900    2.65122584    2.91000892    3.15422585    2.89767154    2.13795718    3.64693020    3.21881157    2.51215079    2.68979986    2.80080009    3.15001057    3.34563150    2.68811901    2.39507801    2.76021917    2.73606709    3.63390754    3.06803512
SBT45_ARATH/34-111     1.76921955    1.64816895    1.68437793    1.99816600    2.11556160    1.74624118    1.87428612    1.92613561    2.09645415    1.83970394    1.34543341    1.42846626    1.69019589    1.44454328    1.55101207    1.40373699    1.35028986    1.40549881    1.56303960    1.58194259    1.60048280    1.59590808    1.67886116    1.65695008    1.96430194    1.20527141    0.94458863    0.52116657    0.00000000    0.35824361    0.37715649    1.56412136    1.88575790    1.94433661    2.31416795    2.34486326    2.30961943    2.97500497    2.71261498    3.27990331    3.57780641    3.35444064    3.49152852    3.46636465    2.92870225    2.88552382    3.57243312    2.98035469    3.14172327    3.27022785    3.02868811    3.79920922    3.24673665    3.15916434    3.35118077    3.85199031    2.94968865    3.43659002    4.01004487    3.56155360    4.43554258    3.88236644    4.01737118    3.55802206    3.95622959    2.97781405    2.51213203    2.40970487    2.28709483    2.77427502    2.53621717
SBT44_ARATH/34-112     1.85340517    1.77830121    2.05128093    2.39724343    2.44479958    1.77159866    2.06258926    2.42530450    2.38894950    1.90691401    1.15236216    1.55266350    1.88403358    1.36489894    1.58404698    1.21363632    1.29272676    1.38080384    1.47561486    1.40638940    1.62392994    1.47013893    1.50027213    1.56479334    1.83099821    1.33403015    0.91915316    0.55448289    0.35824361    0.00000000    0.26681916    1.65204579    2.00348319    2.14105674    2.47926792    2.28355469    2.60919992    2.60927894    2.87786928    4.38341438    3.38173903    3.97461807    3.41735374    3.75775878    3.23547350    3.06606787    3.50621594    3.32657586    3.54327650    3.44234590    3.57519452    4.17102154    3.27437141    3.48297862    3.25889629    3.83185140    3.43794878    3.14432656    4.25209433    3.55442438    4.33715688    4.00700025    3.99897982    4.48557345    4.03239820    3.46787513    3.15533559    2.56698866    1.95349377    2.86322083    2.21277754
SBT49_ARATH/34-113     1.50677394    1.45692918    1.70000702    1.91428878    1.95183682    1.82112727    1.82659038    2.24137413    1.97731836    1.79227049    1.26390105    1.45249138    2.01125384    1.42698119    1.48970438    1.33845048    1.73335071    1.56789415    1.33020174    1.67543832    1.67172804    1.77487441    1.57644780    1.44256013    1.68616386    1.25421088    0.89439244    0.45966538    0.37715649    0.26681916    0.00000000    1.67684467    1.70997198    1.91677579    2.35039363    2.21023221    2.38754105    2.62714863    2.75478745    3.92075444    3.45848790    3.77642710    3.25024772    4.21962824    2.94678593    2.92982389    3.19903280    3.06967093    3.11143119    2.91836897    2.85960558    3.39231670    2.76273965    3.16073187    2.95358034    3.81549432    3.18597906    3.06955648    3.65747705    3.34460213    3.59212540    3.51008361    3.41110652    3.61679457    3.70230080    3.23580132    2.87484470    2.34116833    1.87824675    2.55799487    2.22139061
SBT12_ARATH/27-112     1.74654577    1.35244029    1.26077700    1.48519018    1.46915393    1.47052493    1.29134893    1.74294278    1.90098201    1.78326090    1.64525738    1.96692923    1.89127434    1.84313428    2.05854923    2.06942164    1.77891622    1.67355490    1.54388881    1.74612658    1.75429766    1.90557587    1.94160283    1.87586073    2.16669587    1.71161247    1.55280612    1.65528409    1.56412136    1.65204579    1.67684467    0.00000000    1.59308308    1.50567615    2.15481341    1.84645032    2.10148837    1.97042382    2.18311604    3.56955032    3.11093471    2.14753657    2.87067032    3.24014590    2.96024292    2.06953942    2.55147818    2.61291558    2.35342404    2.44331188    2.44175197    2.15944742    2.33591542    2.37103130    2.27775755    3.22078251    3.43681094    2.42591182    2.88693396    2.94103499    2.18752402    2.85773345    3.69181003    3.73101708    2.19489994    2.67612974    2.14822656    3.37779681    2.33238324    2.41677601    2.94636619
Q8H047_ORYSJ/32-113     1.59367267    1.81878519    1.84091646    1.99130127    1.61738820    1.91688735    1.80916574    1.59469171    2.09162801    1.65863495    1.66674164    1.80824695    1.95148503    1.75666977    2.15242186    1.77351869    1.81692657    1.86550688    1.82552608    2.06002064    2.02189416    2.04373129    1.67815627    1.67159687    2.10842723    1.51482306    1.90230851    1.96704332    1.88575790    2.00348319    1.70997198    1.59308308    0.00000000    0.58660510    2.28801876    2.48024393    2.87625283    2.50753589    2.51258625    4.21724350    4.94826044    3.87406669    3.35703564    3.15932661    2.79357328    2.97883147    3.09602346    2.80776717    3.24783084    2.99786523    2.79928076    2.64913577    2.95274597    3.30695268    3.71716598    4.13539644    3.67539518    2.99641648    3.70310373    3.24721048    2.94533725    3.29853208    4.28812501    3.34230984    3.05213699    3.89219412    3.69531512    3.32458804    2.91417082    2.19087210    3.27312572
Q8RVC2_ORYSJ/32-120     1.91799748    1.82908284    1.79926055    1.62402222    1.89903222    1.70882165    1.90986731    1.69049916    2.05291741    1.44059558    1.89801333    1.96614929    2.23650225    2.17111524    2.20316644    2.13195787    1.83882589    1.71427152    1.65448913    1.99844492    2.03615088    1.90281050    1.85602788    1.78005169    2.33367916    1.62709402    1.72895360    2.01509676    1.94433661    2.14105674    1.91677579    1.50567615    0.58660510    0.00000000    2.39248112    2.20098145    2.64070356    2.60263776    2.57276684    3.60385808    4.34226122    3.17388620    3.30106341    2.80147697    2.48170872    2.61935940    2.97827304    2.53098629    3.22782584    2.92677385    3.18316682    2.58066689    2.93022261    3.12857041    3.30922620    4.73967767    4.12849182    3.31265131    3.61320918    3.65357350    2.89650163    3.32352623    4.19707060    3.10982318    2.97063204    2.96896294    3.08068529    2.74658618    2.91776534    2.51574506    3.39880373
SBT25_ARATH/21-126     2.75300052    2.36910465    1.92385097    2.40195055    2.12394494    2.68756641    2.10528823    1.99373712    2.40777346    1.57445991    2.68059446    2.28649182    2.32946030    1.83536607    1.97931282    2.20735012    2.22779524    1.99650386    2.42782228    2.24065280    2.00172196    2.17314156    2.32282951    2.47488228    2.15005903    2.19320259    1.83654522    3.09865667    2.31416795    2.47926792    2.35039363    2.15481341    2.28801876    2.39248112    0.00000000    1.53035227    1.74467441    2.32991510    2.05581494    3.41086783    2.57083787    2.45549030    2.51296009    2.54471181    2.49264934    3.26647773    3.96670186    2.61486707    3.80700249    4.24714646    4.82345679    4.15537889    4.12041932    4.69188243    3.44903716    4.27878091    3.42893244    3.36559511    2.88702996    2.54413726    2.89534976    2.87688667    3.38598057    3.08172043    3.48186108    3.27702940    4.39056676    3.31335468    3.63082361    2.66569034    3.57154941
SBT21_ARATH/36-138     2.64390817    1.87057194    1.95350825    2.36175356    2.21246037    2.37054820    2.00795078    2.66078424    2.49662130    2.40333257    2.63073462    2.49073618    2.67976403    2.05306053    2.08128566    2.04336013    2.11637501    1.81886784    2.01041910    1.73617559    1.69532486    2.16634328    1.83110147    1.87460600    2.50003926    2.33768962    1.70603585    2.49964727    2.34486326    2.28355469    2.21023221    1.84645032    2.48024393    2.20098145    1.53035227    0.00000000    1.05261681    0.98998259    0.97711412    3.64217403    2.24622673    2.77060544    2.76545869    2.65752770    2.86567195    2.69420917    3.56299712    2.94884704    3.74325120    4.23692526    4.63795030    3.75223343    3.64105912    3.53043699    3.09410039    3.38025082    2.86373926    2.99911582    3.08789219    3.13774038    3.17608658    3.01119489    3.69573338    3.14665198    3.57667257    2.46030352    1.99927986    3.19957482    3.55707050    3.14264301    4.08568310
Q94EF5_ORYSJ/37-156     2.64584947    2.40540706    2.10738405    2.84187059    2.32033093    2.72098209    2.10421507    2.61770303    2.66888527    1.81668509    2.84483265    2.15702524    3.22155989    1.82033612    1.98344241    2.14006766    1.97775033    2.15885553    2.20669995    1.81970800    1.85479313    2.04224879    1.77460713    2.12557517    2.46170492    2.01971397    2.09156191    2.91516265    2.30961943    2.60919992    2.38754105    2.10148837    2.87625283    2.64070356    1.74467441    1.05261681    0.00000000    0.82021825    1.15117348    3.65232488    2.73202533    2.93745341    2.73732012    3.10744841    3.24303109    2.81291733    4.33346505    3.11299869    3.45542763    4.29840034    4.53318087    3.43172277    3.04275692    3.56342990    3.29351830    4.62378124    3.19779949    3.07903078    3.92183007    3.17625094    3.52312308    2.94290879    4.27571296    3.02472891    3.65391769    3.42742815    2.79863361    3.13284978    4.15426187    2.88500457    3.98292114
SBT23_ARATH/38-146     2.59890432    2.54646935    2.24280485    2.83054626    2.39129896    2.54810211    2.07912621    2.85348492    2.83633950    2.54221966    2.97652473    1.85362810    2.25120835    1.64933772    1.98348043    1.99074753    1.86877432    1.91491457    2.13186882    1.71191371    1.70795786    1.95264363    1.95647214    1.89040297    2.37657314    2.60586756    2.16319481    3.82056510    2.97500497    2.60927894    2.62714863    1.97042382    2.50753589    2.60263776    2.32991510    0.98998259    0.82021825    0.00000000    0.51556367    3.08956771    2.32572530    2.72026096    2.89180743    3.56387408    3.43798141    2.85116694    4.11489400    2.76843977    3.67664963    3.96437997    4.24910205    3.34180343    2.65975363    3.64002303    3.26609267    3.94582662    3.13201480    3.49815451    3.59877589    3.07920612    3.18087719    2.71977027    3.56819488    3.69668263    3.28540358    3.44796424    2.96950072    3.09030876    3.63111628    2.73170596    3.58929686
SBT22_ARATH/40-159     2.69807567    2.67777473    2.12014111    2.63039592    2.21552206    2.91795149    1.79792108    2.54071540    2.72604364    2.31842481    2.81098966    2.07257147    2.13167034    1.85151610    1.95761149    2.24244357    1.96068325    1.87170104    2.13484925    1.75013817    1.73097246    1.94355968    2.00471048    1.97991909    2.35197700    2.33691652    1.98208605    3.86079696    2.71261498    2.87786928    2.75478745    2.18311604    2.51258625    2.57276684    2.05581494    0.97711412    1.15117348    0.51556367    0.00000000    3.13664198    2.23711438    2.64845387    2.64195787    2.88524363    3.50104379    3.38205897    3.92330373    2.71861829    4.25057775    4.69280459    4.99747897    3.88622272    3.26557441    3.89374020    3.40473132    4.04865576    3.16450140    3.39168837    3.20108004    2.84405717    3.48427729    2.98489431    3.68400194    3.10165943    3.77394432    3.02080299    2.93306558    3.12448323    4.04630384    2.76804420    3.74427151
