14
T3HPD_HUMAN/22-352     0.00000000    1.46629232    1.80908709    1.88129529    1.73114532    1.56809948    1.54207894    1.38059086    1.93424534    1.69926636    1.61264355    1.87881108    1.90512000    1.92072164
PRCMA_TRYCC/78-420     1.46629232    0.00000000    1.50205087    1.50530421    1.43529424    1.11373975    1.15649773    1.13433343    1.41291253    1.39076267    1.40214348    1.69631409    1.62413644    1.60338494
4HYPE_XANCP/6-311     1.80908709    1.50205087    0.00000000    0.67948732    1.56108515    1.38070728    1.36549500    1.45199511    2.00593795    1.77486863    1.90843886    2.19804299    1.94750028    1.85615059
4HYPE_PSEAE/6-313     1.88129529    1.50530421    0.67948732    0.00000000    1.54103871    1.38184978    1.42721881    1.56962484    2.08305642    1.78577491    1.90396437    2.31257740    1.92128481    1.95962308
A9CFV0_AGRFC/7-330     1.73114532    1.43529424    1.56108515    1.54103871    0.00000000    0.73603631    0.65521715    1.23814726    1.87781119    1.77382441    1.77520820    1.81651936    1.97341624    1.96956937
4HYPE_BRUME/8-331     1.56809948    1.11373975    1.38070728    1.38184978    0.73603631    0.00000000    0.27791061    1.07268194    1.54931883    1.52650116    1.49320672    1.68440188    1.60871944    1.67051455
4HYPE_RHIME/8-331     1.54207894    1.15649773    1.36549500    1.42721881    0.65521715    0.27791061    0.00000000    1.10776903    1.58959178    1.45224499    1.42306124    1.66777557    1.60181151    1.73081156
Q93RX9_STRCO/9-332     1.38059086    1.13433343    1.45199511    1.56962484    1.23814726    1.07268194    1.10776903    0.00000000    1.29976485    1.13762538    1.17470858    1.22988480    1.23470357    1.36656981
4HYPE_AGRFC/9-333     1.93424534    1.41291253    2.00593795    2.08305642    1.87781119    1.54931883    1.58959178    1.29976485    0.00000000    1.13199785    1.17094430    1.19716957    1.21738706    1.21425543
A0A0U5FFF1_XANCI/9-335     1.69926636    1.39076267    1.77486863    1.78577491    1.77382441    1.52650116    1.45224499    1.13762538    1.13199785    0.00000000    0.76132023    0.98044543    0.87950246    0.92802715
Q988B5_RHILO/9-333     1.61264355    1.40214348    1.90843886    1.90396437    1.77520820    1.49320672    1.42306124    1.17470858    1.17094430    0.76132023    0.00000000    0.80436816    0.77589882    0.80899911
3HD4E_AGRFC/9-334     1.87881108    1.69631409    2.19804299    2.31257740    1.81651936    1.68440188    1.66777557    1.22988480    1.19716957    0.98044543    0.80436816    0.00000000    0.48934423    0.46374022
T3HPD_PSEAE/9-334     1.90512000    1.62413644    1.94750028    1.92128481    1.97341624    1.60871944    1.60181151    1.23470357    1.21738706    0.87950246    0.77589882    0.48934423    0.00000000    0.40832788
Y1586_BRUME/9-333     1.92072164    1.60338494    1.85615059    1.95962308    1.96956937    1.67051455    1.73081156    1.36656981    1.21425543    0.92802715    0.80899911    0.46374022    0.40832788    0.00000000

