12
O02252_CAEEL/583-1013     0.00000000    0.46147989    1.20511047    1.47608042    1.62768881    1.29006761    1.83094948    1.62848354    2.49609467    1.93951603    1.92405339    1.34594872
Q9GRV9_CAEEL/552-980     0.46147989    0.00000000    1.47751874    1.64380126    1.74430965    1.37730027    1.93280998    1.78006410    2.78356912    1.92362814    1.96042069    1.59225392
YM9I_CAEEL/61-501     1.20511047    1.47751874    0.00000000    0.79541359    1.77022665    1.46694379    1.98239436    1.69113223    2.51843667    1.92366090    1.91381027    1.36088542
Q18198_CAEEL/63-505     1.47608042    1.64380126    0.79541359    0.00000000    1.91172115    1.74571305    2.18514245    1.80074560    2.67458663    1.95423849    1.95318681    1.76856640
O02252_CAEEL/50-481     1.62768881    1.74430965    1.77022665    1.91172115    0.00000000    1.83269428    2.23979254    2.14307679    2.64280068    2.13738690    2.25975930    1.84857066
YM67_CAEEL/65-499     1.29006761    1.37730027    1.46694379    1.74571305    1.83269428    0.00000000    1.76894547    1.62880890    2.41501070    1.61731244    1.66790059    1.21462697
Q9VDX5_DROME/59-475     1.83094948    1.93280998    1.98239436    2.18514245    2.23979254    1.76894547    0.00000000    1.12746657    2.63018872    1.87269418    1.88643915    1.58141417
Q8SXS7_DROME/52-464     1.62848354    1.78006410    1.69113223    1.80074560    2.14307679    1.62880890    1.12746657    0.00000000    2.30048923    1.79381862    1.91093953    1.55064812
PCP5_CAEEL/48-488     2.49609467    2.78356912    2.51843667    2.67458663    2.64280068    2.41501070    2.63018872    2.30048923    0.00000000    2.28176154    2.47096971    2.52283973
TSSP_MOUSE/63-493     1.93951603    1.92362814    1.92366090    1.95423849    2.13738690    1.61731244    1.87269418    1.79381862    2.28176154    0.00000000    0.29935458    1.57129103
TSSP_HUMAN/64-494     1.92405339    1.96042069    1.91381027    1.95318681    2.25975930    1.66790059    1.88643915    1.91093953    2.47096971    0.29935458    0.00000000    1.51958529
Q9VS02_DROME/61-492     1.34594872    1.59225392    1.36088542    1.76856640    1.84857066    1.21462697    1.58141417    1.55064812    2.52283973    1.57129103    1.51958529    0.00000000

