7
NUP35_CAEEL/192-277     0.00000000    1.63901399    2.37487892    2.47517445    1.19624817    1.66510699    1.38540739
NUP40_SCHPO/163-263     1.63901399    0.00000000    1.66786140    1.70694746    1.70965428    1.75539311    1.78668748
NUP59_YEAST/257-399     2.37487892    1.66786140    0.00000000    0.89034178    2.06432793    2.58131506    2.58293974
NUP53_YEAST/239-357     2.47517445    1.70694746    0.89034178    0.00000000    1.86801855    2.45853618    2.31567319
O13026_XENLA/160-245     1.19624817    1.70965428    2.06432793    1.86801855    0.00000000    1.10312465    1.00991899
NUP35_ARATH/180-268     1.66510699    1.75539311    2.58131506    2.45853618    1.10312465    0.00000000    1.39625106
NUP35_DROME/184-270     1.38540739    1.78668748    2.58293974    2.31567319    1.00991899    1.39625106    0.00000000

