57
E0UBC4_GLOV7/4-63     0.00000000    0.31362453    0.43037820    0.64205079    0.53366908    0.54748609    0.58724173    0.82542706    0.83903617    0.79496182    0.93310181    0.89907002    0.69776412    0.92153007    0.88044684    0.69648285    1.10472534    0.99354400    0.93265434    1.04080190    0.83526156    1.11618945    1.03370987    1.79995648    1.93797636    1.82273006    2.00657492    1.32900718    1.37519291    1.80356548    1.55871506    1.44125430    1.57999776    1.49512822    1.48715605    1.48526978    1.36396938    1.44562486    1.62057909    1.56278285    0.56132427    0.66329302    0.69655477    0.64979129    0.41191811    0.66510374    0.73526537    0.60206605    0.98911183    0.75240445    1.05603882    1.04174655    0.47696983    0.27598791    0.81412730    0.51075711    0.43015451
B0JRP7_MICAN/4-63     0.31362453    0.00000000    0.32948431    0.54859973    0.53060624    0.64741894    0.67959567    0.76885722    0.72063250    0.85994722    0.93653121    0.94483881    0.70441705    0.95020698    0.84898452    0.81539165    1.03338648    1.03002345    1.05783395    1.22619672    0.86388849    1.14252954    0.92755253    1.62686475    2.10166644    2.14619272    2.31443788    1.29372359    1.45982303    1.66958759    1.40693985    1.23164108    1.63115757    1.29255985    1.22541736    1.29656663    1.24010286    1.23700992    1.27388496    1.39371937    0.69456185    0.55694901    0.80515231    0.75320990    0.55291463    0.58173533    0.72058590    0.65783619    1.15902101    0.96768584    1.29267933    1.20082231    0.51201833    0.43368439    0.92059329    0.48463653    0.46654284
B7JXY4_RIPO1/4-63     0.43037820    0.32948431    0.00000000    0.65226986    0.54721552    0.67049044    0.71587340    0.82703560    0.81338395    0.88937233    0.97585191    0.96155827    0.87343667    1.00001105    1.02718180    0.80252108    1.18450741    1.14241270    0.89463249    1.37128485    0.78191929    1.15870246    0.94622822    1.59506671    2.15699178    1.92072031    2.11402649    1.39452503    1.51542798    1.85183060    1.33400392    1.32399210    1.87552428    1.37547084    1.42263117    1.37595450    1.25998664    1.21895180    1.40616903    1.42364795    0.89122756    0.68643135    0.78968401    0.72633006    0.54357230    0.57907939    0.58469271    0.62563821    1.14603170    1.02358476    1.35454734    1.09030906    0.71204687    0.53765123    0.91736803    0.47849687    0.48975665
K9XPG3_STAC7/4-63     0.64205079    0.54859973    0.65226986    0.00000000    0.73378928    0.78449531    0.87217290    0.84341876    0.91363796    1.01723073    1.06214356    1.04858269    0.85420782    1.12235753    0.99029752    1.05733495    1.42885847    1.38777604    1.39988572    1.63361238    1.27021594    1.21632938    1.13763340    1.63933269    2.22249228    1.77822110    2.25445768    1.36977857    1.45103215    1.73574527    1.90931741    1.82127252    2.03780813    1.83151678    1.82538032    1.87595958    1.77329613    1.66599682    1.89359898    1.92351606    0.82751523    0.85184412    0.92774044    0.79471145    0.70197338    0.73503641    0.77292795    0.61932257    1.10639597    0.97076258    1.22903686    1.20600922    0.66617398    0.59957368    0.90273289    0.70092325    0.72462544
Q10XT4_TRIEI/16-75     0.53366908    0.53060624    0.54721552    0.73378928    0.00000000    0.49011813    0.62459547    0.82617246    0.54998056    0.63367059    0.75194183    0.73041675    0.69991156    0.81213697    0.74429368    0.81403056    1.02595477    0.95783632    1.05341574    1.13453947    0.94372968    0.76884014    0.85841254    1.80513105    1.90876788    2.05592312    1.77584395    1.44732681    1.53545047    1.71521426    1.31188028    1.40474549    1.59458023    1.47185463    1.35930995    1.39056521    1.28195945    1.29894554    1.47320053    1.42219655    0.67813952    0.65426903    0.70187652    0.58750176    0.57132200    0.40180453    0.67073628    0.57433330    1.02742461    0.97934480    1.48964171    1.61490203    0.67679984    0.48467041    1.17865013    0.72298692    0.59797014
K9WAP8_9CYAN/4-63     0.54748609    0.64741894    0.67049044    0.78449531    0.49011813    0.00000000    0.42157514    0.94575098    0.68926108    0.72017047    0.73810457    0.68519852    0.63518065    0.74160656    0.78470519    0.78530613    1.05239916    1.12256438    1.09874792    1.22487214    0.97601058    0.95846616    1.06250696    1.53861782    1.90093153    1.91603532    1.85587496    1.29445600    1.42464818    1.86553495    1.27342261    1.29697971    1.63786936    1.47467653    1.43364720    1.42612482    1.36268043    1.29979638    1.47793122    1.41628309    0.56744774    0.73417683    0.59535276    0.57145454    0.40586373    0.48499186    0.68384503    0.57221807    1.04539132    0.92323848    1.50690840    1.55683423    0.63243259    0.49782375    1.22264781    0.77307358    0.65083553
K9W1Y0_9CYAN/8-67     0.58724173    0.67959567    0.71587340    0.87217290    0.62459547    0.42157514    0.00000000    0.80191993    0.54652593    0.58857161    0.81347747    0.77507764    0.60984146    0.71775716    0.66785720    0.57024753    1.19884069    1.14673256    1.12753457    1.40179948    1.04941014    0.92738745    1.12518525    1.50407355    1.64296964    1.71167577    1.46945358    1.43742015    1.41061499    1.87689024    1.48143411    1.54081679    1.87087531    1.59368516    1.62661054    1.61674110    1.45493548    1.47221431    1.63420384    1.51429282    0.68831148    0.64982163    0.75603334    0.55384585    0.69002846    0.65232692    0.88790473    0.76579838    1.13375587    0.84696220    1.16200680    1.27020400    0.83305226    0.61689014    1.22667295    0.85622810    0.65489936
Q31RD1_SYNE7/4-63     0.82542706    0.76885722    0.82703560    0.84341876    0.82617246    0.94575098    0.80191993    0.00000000    0.70527398    0.73531422    0.84306003    0.92504598    0.88490565    0.93331004    0.91349898    0.92788638    1.44276102    1.40355291    0.91966880    1.45294669    0.86461577    1.06945707    1.17342794    1.62037130    2.28221416    1.84696231    2.45843135    1.59669459    1.75703382    1.85757570    1.75465378    1.58857567    2.11872013    1.84655117    1.54398847    1.61283919    1.55204993    1.51948470    1.95145488    1.58924570    0.95732246    0.88732481    1.11460160    0.95982694    0.89802842    0.82587987    0.94776672    0.78983223    1.22284814    1.24582438    1.50777982    1.54754091    0.94191089    0.80641485    1.28823858    0.84629576    0.69516426
K9TQE0_9CYAN/5-64     0.83903617    0.72063250    0.81338395    0.91363796    0.54998056    0.68926108    0.54652593    0.70527398    0.00000000    0.76729894    0.76066303    0.79190673    0.82138394    0.87634618    0.75879843    0.67381723    1.25396430    1.27732765    1.43509324    1.62860128    1.29929781    0.85897082    0.97722693    1.51878572    1.69122247    2.00819399    2.00460252    1.49809889    1.67441119    1.91740506    1.50412437    1.33845175    1.73781907    1.48310274    1.46377002    1.55163997    1.52250135    1.61210166    1.55031476    1.44013545    0.86978593    0.58349766    0.75783523    0.75550667    0.75876472    0.75270949    0.89082526    0.74191442    1.53773998    1.36807997    1.28743132    1.57401059    0.92561382    0.63689597    1.38723547    1.02648580    0.84888968
B8HWS0_CYAP4/4-63     0.79496182    0.85994722    0.88937233    1.01723073    0.63367059    0.72017047    0.58857161    0.73531422    0.76729894    0.00000000    0.50490692    0.51701722    0.54121950    0.56642287    0.54222422    0.52906082    1.14968580    1.12769420    0.99142278    1.01204155    0.85920043    0.96598802    0.94038570    1.13979898    1.86691819    1.86398422    1.74007253    1.26967454    1.29028560    1.56826471    1.28207698    1.14885766    1.42379436    1.36714683    1.17762939    1.15382471    1.23879450    1.33360839    1.48968313    1.30836660    0.56911588    0.85890539    0.62674272    0.44485192    0.79981940    0.77092908    0.91114566    0.82149363    0.84318178    0.85935258    1.66364409    1.74611498    0.77997670    0.69832134    1.38976026    0.94505822    0.84502669
K9RUT2_SYNP3/4-63     0.93310181    0.93653121    0.97585191    1.06214356    0.75194183    0.73810457    0.81347747    0.84306003    0.76066303    0.50490692    0.00000000    0.28437348    0.54049250    0.48980653    0.48239214    0.66332645    1.20083940    1.22709766    0.97370500    1.15275268    1.01193390    0.77538344    1.23589425    1.34002718    1.70452243    1.97180984    2.07212664    1.30556411    1.34910221    1.58662679    0.80955697    1.07653343    1.33258185    1.35122428    1.31623551    1.22427507    1.10194788    1.30632544    1.27271276    1.19626113    0.47490063    0.73278345    0.59190086    0.54170311    0.80048166    0.87312497    0.88246565    0.84505451    1.15501905    0.96259924    1.45006684    1.50517958    0.86627383    0.84008301    1.79759331    1.08650030    1.00293026
Q8DIU8_THEEB/21-80     0.89907002    0.94483881    0.96155827    1.04858269    0.73041675    0.68519852    0.77507764    0.92504598    0.79190673    0.51701722    0.28437348    0.00000000    0.65857576    0.63144796    0.49160454    0.60560812    1.36728012    1.32579292    1.20205111    1.27835141    1.27153773    0.87090031    1.24265700    1.23050425    1.75585245    1.96348023    1.99165072    1.40232855    1.36859162    1.56376063    0.95195652    1.24765139    1.46610517    1.22664766    1.28925212    1.23098329    1.27414227    1.43578560    1.44963775    1.23566780    0.57702169    0.81974858    0.52347672    0.54912837    0.95321626    0.96041006    0.88179524    0.83035090    1.32251839    0.95284937    1.48420870    1.52819202    0.97001716    0.80215682    1.62565086    1.00587474    1.03889237
Q8Z0M9_NOSS1/5-64     0.69776412    0.70441705    0.87343667    0.85420782    0.69991156    0.63518065    0.60984146    0.88490565    0.82138394    0.54121950    0.54049250    0.65857576    0.00000000    0.25720189    0.42641740    0.48620162    1.07902471    1.08848104    0.97087479    1.09423718    0.94067192    0.76037409    0.88576893    1.67884430    1.67656752    1.98663814    1.94114779    1.41514059    1.46855171    1.67570854    1.28579888    1.33259381    1.51453649    1.45162896    1.30395975    1.45505197    1.27951413    1.31616910    1.36007719    1.34255515    0.49175132    0.64027193    0.48382122    0.47207722    0.75627589    0.65864901    0.73264681    0.73992121    1.03755287    0.83135156    1.65461137    1.61866211    0.66997867    0.63549858    1.44816945    0.85244705    0.65603149
K9WXK0_9NOST/5-64     0.92153007    0.95020698    1.00001105    1.12235753    0.81213697    0.74160656    0.71775716    0.93331004    0.87634618    0.56642287    0.48980653    0.63144796    0.25720189    0.00000000    0.30017275    0.47539815    1.37555841    1.40532751    0.99179079    1.19203950    1.08395080    0.79498819    1.14995848    1.49677997    1.59323638    1.84768727    1.81526986    1.46245482    1.61252687    1.74658537    1.02294658    1.21975386    1.58159537    1.34224262    1.18035287    1.24395792    1.21878721    1.26597957    1.27224929    1.10328711    0.65852140    0.76407387    0.65934396    0.60020481    0.83367117    0.91805911    0.99228715    0.90489763    1.22881025    0.94917835    1.67463684    1.77945557    0.85109515    0.79603928    1.67470113    1.08845236    0.88029885
K9V6L8_9CYAN/5-64     0.88044684    0.84898452    1.02718180    0.99029752    0.74429368    0.78470519    0.66785720    0.91349898    0.75879843    0.54222422    0.48239214    0.49160454    0.42641740    0.30017275    0.00000000    0.39870982    1.23674928    1.29714930    1.09234057    1.18575958    1.01889201    0.85301955    1.17792825    1.56897194    1.63283360    1.71959734    1.74766056    1.50928551    1.70861147    1.96340849    1.23966823    1.31957844    1.60659825    1.23543920    1.02048695    1.15381576    1.29711497    1.22506150    1.33611182    1.09532176    0.60009717    0.74153083    0.57779155    0.37861187    0.88684062    1.00569612    1.09368355    0.99444916    1.38919366    0.89877688    1.58144530    1.64337451    0.89790597    0.79086086    1.56701697    1.14317589    0.89733494
K9RJ18_9CYAN/5-64     0.69648285    0.81539165    0.80252108    1.05733495    0.81403056    0.78530613    0.57024753    0.92788638    0.67381723    0.52906082    0.66332645    0.60560812    0.48620162    0.47539815    0.39870982    0.00000000    1.41063622    1.47702897    1.44237153    1.66058281    1.34097524    1.09713848    1.22666596    1.61680670    1.78132653    1.84689522    1.82581612    1.64552305    1.87145055    2.04846302    1.27024235    1.52449484    2.10153645    1.60546409    1.51149949    1.67744416    1.61724156    1.75797469    1.74306448    1.53155440    0.66689942    0.66727985    0.57106864    0.45722096    0.92079475    0.87543655    0.86143847    0.91904140    1.41693361    0.97811325    1.31827868    1.29161426    0.93338404    0.68711623    1.40191242    0.89218986    0.90528134
Q46HR1_PROMT/4-63     1.10472534    1.03338648    1.18450741    1.42885847    1.02595477    1.05239916    1.19884069    1.44276102    1.25396430    1.14968580    1.20083940    1.36728012    1.07902471    1.37555841    1.23674928    1.41063622    0.00000000    0.29670710    0.68925616    0.69007245    0.67789136    0.97356607    0.80856964    1.51911951    2.11073858    2.07790581    2.12240258    2.28308724    2.18751199    2.34901931    1.45407598    1.45248664    1.79009782    1.96711051    1.78744817    1.79151376    1.67402903    2.06986994    1.67142872    1.74242189    0.83604625    1.01762775    0.89434041    0.96974845    1.03474948    1.18929867    1.48759913    1.30088064    1.30987534    1.24568647    2.41776923    1.87858440    0.91114301    1.00760267    2.05988771    1.28212633    1.06253325
Q7VE82_PROMA/4-63     0.99354400    1.03002345    1.14241270    1.38777604    0.95783632    1.12256438    1.14673256    1.40355291    1.27732765    1.12769420    1.22709766    1.32579292    1.08848104    1.40532751    1.29714930    1.47702897    0.29670710    0.00000000    0.61890481    0.65848910    0.62334064    1.03204050    0.84307558    1.42292638    1.85134149    1.86813326    2.24303759    2.15993314    1.89511011    2.20055176    1.49653269    1.51531400    1.80206245    2.00587892    1.83337037    1.85893411    1.70695101    1.93954028    1.72366687    1.77137759    0.99714530    1.08865728    1.05493383    0.94589591    0.83995905    1.02064849    1.33189554    1.14012432    1.33876767    1.22082651    2.12176125    1.79922206    1.06196866    0.84018067    1.90300248    1.32285416    1.01120138
A5GQM6_SYNR3/23-82     0.93265434    1.05783395    0.89463249    1.39988572    1.05341574    1.09874792    1.12753457    0.91966880    1.43509324    0.99142278    0.97370500    1.20205111    0.97087479    0.99179079    1.09234057    1.44237153    0.68925616    0.61890481    0.00000000    0.57679404    0.24126418    0.80178552    0.99827993    1.80731310    1.89891397    1.93687095    2.26125575    1.81875559    1.79230055    1.99701190    1.55635943    1.29983374    1.60940374    1.72710231    1.57224104    1.64075575    1.41782229    1.53791048    1.40278120    1.43332028    1.04484186    1.14401132    1.28954380    0.99532861    0.86358938    1.09462569    1.36733655    1.29940877    1.32500923    1.11401372    2.20339706    1.85487027    1.09675023    1.10826042    1.95074636    1.20674590    0.79606479
Q7V4I9_PROMM/5-63     1.04080190    1.22619672    1.37128485    1.63361238    1.13453947    1.22487214    1.40179948    1.45294669    1.62860128    1.01204155    1.15275268    1.27835141    1.09423718    1.19203950    1.18575958    1.66058281    0.69007245    0.65848910    0.57679404    0.00000000    0.41705475    1.12943803    1.12604331    1.91792788    1.85187546    2.14004253    2.45475669    2.00874462    2.09308376    2.39597717    1.85317766    1.52865889    1.60112071    2.01604053    1.73700217    1.87049733    1.80375194    1.90831270    1.84673513    1.90389039    1.07840825    1.32185124    1.19912269    1.05356380    1.08715847    1.18977098    1.51981869    1.53121874    1.49894357    1.49175528    2.51557612    2.38170647    1.12132854    1.18988260    1.96216651    1.47776300    1.03683233
K9PA86_CYAGP/4-63     0.83526156    0.86388849    0.78191929    1.27021594    0.94372968    0.97601058    1.04941014    0.86461577    1.29929781    0.85920043    1.01193390    1.27153773    0.94067192    1.08395080    1.01889201    1.34097524    0.67789136    0.62334064    0.24126418    0.41705475    0.00000000    0.92981708    0.88226811    1.83091829    2.10260057    2.02446816    2.27786639    1.90794473    2.08396279    2.44606054    1.82117318    1.35462089    1.78176985    1.84581495    1.51765095    1.66343490    1.40609628    1.48640988    1.47227150    1.61508798    1.03443397    1.06247509    1.25537744    0.87887815    0.81319180    0.95347898    1.29676704    1.23415571    1.30462346    1.14098158    2.16474385    1.78661498    0.93450935    0.99377794    1.84477500    1.11801716    0.75746852
K9SFJ4_9CYAN/4-63     1.11618945    1.14252954    1.15870246    1.21632938    0.76884014    0.95846616    0.92738745    1.06945707    0.85897082    0.96598802    0.77538344    0.87090031    0.76037409    0.79498819    0.85301955    1.09713848    0.97356607    1.03204050    0.80178552    1.12943803    0.92981708    0.00000000    0.52118577    1.41084692    1.75457401    1.93424967    2.44766365    1.54267640    1.66194739    2.04127633    1.21598164    1.31007879    1.44329842    1.69588538    1.75507394    1.50475384    1.33633744    1.44968103    1.43202629    1.53826495    0.69643220    0.83586229    0.87230324    0.80422359    0.92635889    0.95292371    1.27573126    1.24356133    1.33988561    1.19891944    1.95835138    1.98765585    1.00056016    0.93705872    2.25402470    1.28887574    1.01074029
K9SR57_9SYNE/4-63     1.03370987    0.92755253    0.94622822    1.13763340    0.85841254    1.06250696    1.12518525    1.17342794    0.97722693    0.94038570    1.23589425    1.24265700    0.88576893    1.14995848    1.17792825    1.22666596    0.80856964    0.84307558    0.99827993    1.12604331    0.88226811    0.52118577    0.00000000    1.65022479    1.53654384    1.91832667    2.35838141    1.46907114    1.60482264    2.00158457    1.68168421    1.44286785    1.82418345    1.97782836    1.76786467    1.69674832    1.67864162    1.64889648    1.78897422    1.95143907    0.94245175    1.00479548    0.99324989    0.86898766    0.96454965    0.84112168    0.97085490    0.91777796    0.92203701    1.03485299    2.12055556    1.99991051    1.01414634    0.90850391    1.65930974    1.15293168    0.82756766
Q2JPQ8_SYNJB/20-80     1.79995648    1.62686475    1.59506671    1.63933269    1.80513105    1.53861782    1.50407355    1.62037130    1.51878572    1.13979898    1.34002718    1.23050425    1.67884430    1.49677997    1.56897194    1.61680670    1.51911951    1.42292638    1.80731310    1.91792788    1.83091829    1.41084692    1.65022479    0.00000000    2.16621911    1.31316861    1.63607443    2.05608843    1.80275128    2.06995208    1.25979484    1.68108230    1.95920413    1.70056578    1.97825021    1.66150955    1.76441577    2.07132841    1.91110078    1.73457711    1.20809427    1.43701664    1.10723435    1.26121147    1.57503104    1.59158453    1.90647991    1.82689274    1.82909440    1.84179277    2.02371741    1.76264766    1.68137410    1.35888208    2.15509888    1.48542345    1.62278405
D1J6Z8_ECTSI/3-62     1.93797636    2.10166644    2.15699178    2.22249228    1.90876788    1.90093153    1.64296964    2.28221416    1.69122247    1.86691819    1.70452243    1.75585245    1.67656752    1.59323638    1.63283360    1.78132653    2.11073858    1.85134149    1.89891397    1.85187546    2.10260057    1.75457401    1.53654384    2.16621911    0.00000000    1.28022809    1.36678806    1.79863361    1.82250278    2.03095728    2.16689733    1.98915908    2.05824368    1.81121331    2.32188729    2.01504294    2.05368908    2.15467023    2.35260907    1.95551814    1.63575337    2.19425126    1.64835741    1.80919775    1.83906101    2.20321690    1.76825230    1.76472536    2.18892230    1.97905587    2.66049173    2.66360858    2.32281146    1.64402193    2.14555263    2.02634672    1.79509268
A0T0S4_THAPS/4-63     1.82273006    2.14619272    1.92072031    1.77822110    2.05592312    1.91603532    1.71167577    1.84696231    2.00819399    1.86398422    1.97180984    1.96348023    1.98663814    1.84768727    1.71959734    1.84689522    2.07790581    1.86813326    1.93687095    2.14004253    2.02446816    1.93424967    1.91832667    1.31316861    1.28022809    0.00000000    0.75027781    1.69339404    1.51275205    1.78110959    2.08932741    2.28795753    2.43360733    2.32448637    2.27192523    2.41151228    2.33047476    2.32284826    2.50128097    2.05638204    1.65548079    2.24054346    1.62678289    1.62285278    2.00103020    2.18722761    1.79976060    1.82463608    2.22789974    2.11605880    2.26583855    2.17035220    2.18480986    1.74067354    2.25327224    1.70090204    1.84297680
A0T0L5_PHATC/4-63     2.00657492    2.31443788    2.11402649    2.25445768    1.77584395    1.85587496    1.46945358    2.45843135    2.00460252    1.74007253    2.07212664    1.99165072    1.94114779    1.81526986    1.74766056    1.82581612    2.12240258    2.24303759    2.26125575    2.45475669    2.27786639    2.44766365    2.35838141    1.63607443    1.36678806    0.75027781    0.00000000    2.25783302    2.21525631    2.24694777    2.06142328    2.08392973    2.32571671    2.11570160    2.02235205    2.03072944    1.81079926    2.12207843    2.17923632    1.82379870    1.72873084    2.33654430    1.73742271    1.64514312    2.10225486    1.96656640    2.09696085    2.16616400    2.15134270    2.26152267    2.26333504    2.21625748    2.12911265    1.88139339    1.80303595    1.83799197    1.61469781
A4S3Y9_OSTLU/28-87     1.32900718    1.29372359    1.39452503    1.36977857    1.44732681    1.29445600    1.43742015    1.59669459    1.49809889    1.26967454    1.30556411    1.40232855    1.41514059    1.46245482    1.50928551    1.64552305    2.28308724    2.15993314    1.81875559    2.00874462    1.90794473    1.54267640    1.46907114    2.05608843    1.79863361    1.69339404    2.25783302    0.00000000    0.29751937    0.34090466    1.25537080    1.26931798    1.26809714    1.65097048    1.60159504    1.52615314    1.46426698    1.53046746    1.81226031    1.69868679    1.17243097    1.68169867    1.39677298    1.25097681    1.62356372    1.65147325    1.40332992    1.26309986    1.43871746    1.71799742    2.35129668    2.55234106    1.41307240    1.15016982    2.24508556    1.51545039    1.56761909
C1MI14_MICPC/183-242     1.37519291    1.45982303    1.51542798    1.45103215    1.53545047    1.42464818    1.41061499    1.75703382    1.67441119    1.29028560    1.34910221    1.36859162    1.46855171    1.61252687    1.70861147    1.87145055    2.18751199    1.89511011    1.79230055    2.09308376    2.08396279    1.66194739    1.60482264    1.80275128    1.82250278    1.51275205    2.21525631    0.29751937    0.00000000    0.30210149    1.15861882    1.42116632    1.35293130    1.65299573    1.80328473    1.54096681    1.48746115    1.64345250    1.91693101    1.89369592    1.20781787    1.83472743    1.48079651    1.47923310    1.68926540    1.72404850    1.44187854    1.31838351    1.57780923    1.63538598    2.53424565    2.38730205    1.68099652    1.31927585    2.04908278    1.62029455    1.56269531
C1EA65_MICCC/146-205     1.80356548    1.66958759    1.85183060    1.73574527    1.71521426    1.86553495    1.87689024    1.85757570    1.91740506    1.56826471    1.58662679    1.56376063    1.67570854    1.74658537    1.96340849    2.04846302    2.34901931    2.20055176    1.99701190    2.39597717    2.44606054    2.04127633    2.00158457    2.06995208    2.03095728    1.78110959    2.24694777    0.34090466    0.30210149    0.00000000    1.33913179    1.53803907    1.52513976    1.74618940    1.72022012    1.75637311    1.65551273    1.83359427    2.12850320    1.79249854    1.35475688    2.05094239    1.67838763    1.56663744    2.33824860    2.03245295    1.63682346    1.52678024    1.86119593    2.02721503    2.90054170    2.64726370    1.97568011    1.62907999    2.38165517    1.80422762    2.10310549
E1ZIW2_CHLVA/1-57     1.55871506    1.40693985    1.33400392    1.90931741    1.31188028    1.27342261    1.48143411    1.75465378    1.50412437    1.28207698    0.80955697    0.95195652    1.28579888    1.02294658    1.23966823    1.27024235    1.45407598    1.49653269    1.55635943    1.85317766    1.82117318    1.21598164    1.68168421    1.25979484    2.16689733    2.08932741    2.06142328    1.25537080    1.15861882    1.33913179    0.00000000    1.06304880    1.50976131    1.52790967    1.41554683    1.20899361    1.03969245    1.50398664    1.27199719    1.17393857    0.90108027    1.23509240    0.94471399    1.16349760    1.55625096    1.54423998    1.35020183    1.33923847    1.64422611    1.48735810    1.86404741    1.55340693    1.30021919    1.43233498    2.62700056    1.77711366    1.69068197
C5Z8K3_SORBI/130-189     1.44125430    1.23164108    1.32399210    1.82127252    1.40474549    1.29697971    1.54081679    1.58857567    1.33845175    1.14885766    1.07653343    1.24765139    1.33259381    1.21975386    1.31957844    1.52449484    1.45248664    1.51531400    1.29983374    1.52865889    1.35462089    1.31007879    1.44286785    1.68108230    1.98915908    2.28795753    2.08392973    1.26931798    1.42116632    1.53803907    1.06304880    0.00000000    0.46911884    0.51154763    0.48365266    0.42977500    0.40774366    0.58325486    0.46072568    0.47504595    1.14549752    1.28162014    1.25759688    1.28441559    1.37032599    1.62093243    1.46954438    1.41286431    1.54090528    1.65531328    2.45607031    2.43556656    1.39185779    1.28882817    2.93639664    1.57299506    1.59147674
M0X4Z4_HORVV/13-72     1.57999776    1.63115757    1.87552428    2.03780813    1.59458023    1.63786936    1.87087531    2.11872013    1.73781907    1.42379436    1.33258185    1.46610517    1.51453649    1.58159537    1.60659825    2.10153645    1.79009782    1.80206245    1.60940374    1.60112071    1.78176985    1.44329842    1.82418345    1.95920413    2.05824368    2.43360733    2.32571671    1.26809714    1.35293130    1.52513976    1.50976131    0.46911884    0.00000000    0.68931837    0.69337877    0.61374861    0.57602975    0.68184367    0.55633874    0.71628998    1.42637282    1.72123917    1.64080261    1.60955280    1.69666425    1.92672726    1.88331245    1.64341968    1.78065062    2.02001755    2.42832379    2.66154516    1.60565598    1.43238669    3.74125705    2.02683855    1.98488957
W1PR90_AMBTC/110-169     1.49512822    1.29255985    1.37547084    1.83151678    1.47185463    1.47467653    1.59368516    1.84655117    1.48310274    1.36714683    1.35122428    1.22664766    1.45162896    1.34224262    1.23543920    1.60546409    1.96711051    2.00587892    1.72710231    2.01604053    1.84581495    1.69588538    1.97782836    1.70056578    1.81121331    2.32448637    2.11570160    1.65097048    1.65299573    1.74618940    1.52790967    0.51154763    0.68931837    0.00000000    0.44793339    0.44294756    0.55965779    0.61341207    0.51219966    0.40238634    1.36244727    1.47327739    1.41029429    1.34392795    1.62292156    1.77936084    1.85306691    1.73196203    1.85207838    1.69807703    2.35650231    2.37652268    1.71562002    1.38647031    2.99228829    1.64180491    1.76893514
K7L3Z8_SOYBN/105-164     1.48715605    1.22541736    1.42263117    1.82538032    1.35930995    1.43364720    1.62661054    1.54398847    1.46377002    1.17762939    1.31623551    1.28925212    1.30395975    1.18035287    1.02048695    1.51149949    1.78744817    1.83337037    1.57224104    1.73700217    1.51765095    1.75507394    1.76786467    1.97825021    2.32188729    2.27192523    2.02235205    1.60159504    1.80328473    1.72022012    1.41554683    0.48365266    0.69337877    0.44793339    0.00000000    0.24156800    0.35857726    0.30049420    0.29376680    0.22884025    1.37595170    1.37680998    1.44695489    1.29646770    1.63337730    1.61785584    1.71093592    1.49587133    1.63625933    1.68547252    2.65522342    2.57500253    1.56791063    1.40835525    2.97924148    1.55264554    1.52183461
B9SA76_RICCO/116-175     1.48526978    1.29656663    1.37595450    1.87595958    1.39056521    1.42612482    1.61674110    1.61283919    1.55163997    1.15382471    1.22427507    1.23098329    1.45505197    1.24395792    1.15381576    1.67744416    1.79151376    1.85893411    1.64075575    1.87049733    1.66343490    1.50475384    1.69674832    1.66150955    2.01504294    2.41151228    2.03072944    1.52615314    1.54096681    1.75637311    1.20899361    0.42977500    0.61374861    0.44294756    0.24156800    0.00000000    0.26373985    0.23057812    0.24560011    0.23062809    1.21214485    1.52460187    1.46247671    1.40586915    1.53703839    1.70124947    1.63750720    1.54630407    1.54173804    1.65237123    2.60641016    2.51036833    1.51069323    1.29913693    2.90168076    1.47675008    1.64588157
M0T9U8_MUSAM/113-172     1.36396938    1.24010286    1.25998664    1.77329613    1.28195945    1.36268043    1.45493548    1.55204993    1.52250135    1.23879450    1.10194788    1.27414227    1.27951413    1.21878721    1.29711497    1.61724156    1.67402903    1.70695101    1.41782229    1.80375194    1.40609628    1.33633744    1.67864162    1.76441577    2.05368908    2.33047476    1.81079926    1.46426698    1.48746115    1.65551273    1.03969245    0.40774366    0.57602975    0.55965779    0.35857726    0.26373985    0.00000000    0.31555325    0.32247544    0.40283489    1.06512192    1.54893227    1.49870721    1.55615945    1.54401537    1.56728068    1.47010899    1.36573375    1.55945644    1.70470768    2.74037063    2.60385613    1.41380841    1.30869143    2.78901093    1.49081619    1.52943897
B9HD44_POPTR/129-188     1.44562486    1.23700992    1.21895180    1.66599682    1.29894554    1.29979638    1.47221431    1.51948470    1.61210166    1.33360839    1.30632544    1.43578560    1.31616910    1.26597957    1.22506150    1.75797469    2.06986994    1.93954028    1.53791048    1.90831270    1.48640988    1.44968103    1.64889648    2.07132841    2.15467023    2.32284826    2.12207843    1.53046746    1.64345250    1.83359427    1.50398664    0.58325486    0.68184367    0.61341207    0.30049420    0.23057812    0.31555325    0.00000000    0.30101812    0.34945619    1.40712262    1.54750499    1.55378451    1.40045373    1.47148898    1.49737651    1.41211300    1.42515770    1.51287465    1.75172326    2.61327206    2.67041011    1.40456980    1.23678745    2.57379927    1.36979598    1.55477481
M4D8B2_BRARP/111-170     1.62057909    1.27388496    1.40616903    1.89359898    1.47320053    1.47793122    1.63420384    1.95145488    1.55031476    1.48968313    1.27271276    1.44963775    1.36007719    1.27224929    1.33611182    1.74306448    1.67142872    1.72366687    1.40278120    1.84673513    1.47227150    1.43202629    1.78897422    1.91110078    2.35260907    2.50128097    2.17923632    1.81226031    1.91693101    2.12850320    1.27199719    0.46072568    0.55633874    0.51219966    0.29376680    0.24560011    0.32247544    0.30101812    0.00000000    0.28947049    1.40065497    1.54209401    1.67597598    1.57060654    1.53653385    1.79319295    1.68198910    1.77882609    1.89622847    1.77148573    2.44207419    2.40523710    1.40927159    1.37444117    3.11294689    1.55497550    1.71551889
D7T5G1_VITVI/210-269     1.56278285    1.39371937    1.42364795    1.92351606    1.42219655    1.41628309    1.51429282    1.58924570    1.44013545    1.30836660    1.19626113    1.23566780    1.34255515    1.10328711    1.09532176    1.53155440    1.74242189    1.77137759    1.43332028    1.90389039    1.61508798    1.53826495    1.95143907    1.73457711    1.95551814    2.05638204    1.82379870    1.69868679    1.89369592    1.79249854    1.17393857    0.47504595    0.71628998    0.40238634    0.22884025    0.23062809    0.40283489    0.34945619    0.28947049    0.00000000    1.40949566    1.48947020    1.47400081    1.31695359    1.67241378    1.76227428    1.80359855    1.69122536    1.60532759    1.67985360    2.46163229    2.32310309    1.61492613    1.32516397    2.79890944    1.53902590    1.56172250
K9S6J2_9CYAN/4-63     0.56132427    0.69456185    0.89122756    0.82751523    0.67813952    0.56744774    0.68831148    0.95732246    0.86978593    0.56911588    0.47490063    0.57702169    0.49175132    0.65852140    0.60009717    0.66689942    0.83604625    0.99714530    1.04484186    1.07840825    1.03443397    0.69643220    0.94245175    1.20809427    1.63575337    1.65548079    1.72873084    1.17243097    1.20781787    1.35475688    0.90108027    1.14549752    1.42637282    1.36244727    1.37595170    1.21214485    1.06512192    1.40712262    1.40065497    1.40949566    0.00000000    0.63530482    0.42895960    0.39700468    0.77748526    0.79906430    0.83537562    0.77733039    0.90189492    0.69958207    1.60808463    1.49921849    0.65349581    0.53784364    1.24487161    0.77710101    0.85014714
K9UII8_CHAP6/5-64     0.66329302    0.55694901    0.68643135    0.85184412    0.65426903    0.73417683    0.64982163    0.88732481    0.58349766    0.85890539    0.73278345    0.81974858    0.64027193    0.76407387    0.74153083    0.66727985    1.01762775    1.08865728    1.14401132    1.32185124    1.06247509    0.83586229    1.00479548    1.43701664    2.19425126    2.24054346    2.33654430    1.68169867    1.83472743    2.05094239    1.23509240    1.28162014    1.72123917    1.47327739    1.37680998    1.52460187    1.54893227    1.54750499    1.54209401    1.48947020    0.63530482    0.00000000    0.53161834    0.47140190    0.72290185    0.84675782    1.01703472    0.95886005    1.27967871    0.98961912    1.03725945    1.04598432    0.76941003    0.60530441    1.51612053    0.94262668    0.78024560
K9TXG5_CHRTP/5-64     0.69655477    0.80515231    0.78968401    0.92774044    0.70187652    0.59535276    0.75603334    1.11460160    0.75783523    0.62674272    0.59190086    0.52347672    0.48382122    0.65934396    0.57779155    0.57106864    0.89434041    1.05493383    1.28954380    1.19912269    1.25537744    0.87230324    0.99324989    1.10723435    1.64835741    1.62678289    1.73742271    1.39677298    1.48079651    1.67838763    0.94471399    1.25759688    1.64080261    1.41029429    1.44695489    1.46247671    1.49870721    1.55378451    1.67597598    1.47400081    0.42895960    0.53161834    0.00000000    0.36759857    0.75691541    0.84043945    0.75454164    0.75101842    1.16880932    0.86794228    1.46357064    1.31587927    0.71299956    0.57944046    1.33870697    0.81330867    0.79355871
K9XA00_9CHRO/5-64     0.64979129    0.75320990    0.72633006    0.79471145    0.58750176    0.57145454    0.55384585    0.95982694    0.75550667    0.44485192    0.54170311    0.54912837    0.47207722    0.60020481    0.37861187    0.45722096    0.96974845    0.94589591    0.99532861    1.05356380    0.87887815    0.80422359    0.86898766    1.26121147    1.80919775    1.62285278    1.64514312    1.25097681    1.47923310    1.56663744    1.16349760    1.28441559    1.60955280    1.34392795    1.29646770    1.40586915    1.55615945    1.40045373    1.57060654    1.31695359    0.39700468    0.47140190    0.36759857    0.00000000    0.66475894    0.70529237    0.74914589    0.83644363    0.98839534    0.61736368    1.29958947    1.21852812    0.72410211    0.48078643    1.23960235    0.77984577    0.74791677
K9YDF7_HALP7/4-63     0.41191811    0.55291463    0.54357230    0.70197338    0.57132200    0.40586373    0.69002846    0.89802842    0.75876472    0.79981940    0.80048166    0.95321626    0.75627589    0.83367117    0.88684062    0.92079475    1.03474948    0.83995905    0.86358938    1.08715847    0.81319180    0.92635889    0.96454965    1.57503104    1.83906101    2.00103020    2.10225486    1.62356372    1.68926540    2.33824860    1.55625096    1.37032599    1.69666425    1.62292156    1.63337730    1.53703839    1.54401537    1.47148898    1.53653385    1.67241378    0.77748526    0.72290185    0.75691541    0.66475894    0.00000000    0.34152084    0.79215988    0.60686502    1.19803710    1.01018458    1.37263507    1.41698769    0.56062604    0.54425174    1.10497313    0.58964774    0.50454159
D4ZRS4_ARTPN/4-63     0.66510374    0.58173533    0.57907939    0.73503641    0.40180453    0.48499186    0.65232692    0.82587987    0.75270949    0.77092908    0.87312497    0.96041006    0.65864901    0.91805911    1.00569612    0.87543655    1.18929867    1.02064849    1.09462569    1.18977098    0.95347898    0.95292371    0.84112168    1.59158453    2.20321690    2.18722761    1.96656640    1.65147325    1.72404850    2.03245295    1.54423998    1.62093243    1.92672726    1.77936084    1.61785584    1.70124947    1.56728068    1.49737651    1.79319295    1.76227428    0.79906430    0.84675782    0.84043945    0.70529237    0.34152084    0.00000000    0.60341742    0.62911460    1.23890871    1.17290378    1.67243098    1.63245269    0.76526870    0.70044504    0.94260489    0.59475901    0.54326806
K9YP91_CYASC/4-63     0.73526537    0.72058590    0.58469271    0.77292795    0.67073628    0.68384503    0.88790473    0.94776672    0.89082526    0.91114566    0.88246565    0.88179524    0.73264681    0.99228715    1.09368355    0.86143847    1.48759913    1.33189554    1.36733655    1.51981869    1.29676704    1.27573126    0.97085490    1.90647991    1.76825230    1.79976060    2.09696085    1.40332992    1.44187854    1.63682346    1.35020183    1.46954438    1.88331245    1.85306691    1.71093592    1.63750720    1.47010899    1.41211300    1.68198910    1.80359855    0.83537562    1.01703472    0.75454164    0.74914589    0.79215988    0.60341742    0.00000000    0.31189404    1.09993076    1.04998951    1.64100259    1.50220059    0.60747446    0.60175724    0.99453518    0.54801881    0.80659879
K9Z2J3_CYAAP/4-63     0.60206605    0.65783619    0.62563821    0.61932257    0.57433330    0.57221807    0.76579838    0.78983223    0.74191442    0.82149363    0.84505451    0.83035090    0.73992121    0.90489763    0.99444916    0.91904140    1.30088064    1.14012432    1.29940877    1.53121874    1.23415571    1.24356133    0.91777796    1.82689274    1.76472536    1.82463608    2.16616400    1.26309986    1.31838351    1.52678024    1.33923847    1.41286431    1.64341968    1.73196203    1.49587133    1.54630407    1.36573375    1.42515770    1.77882609    1.69122536    0.77733039    0.95886005    0.75101842    0.83644363    0.60686502    0.62911460    0.31189404    0.00000000    1.15152677    1.04313367    1.64575407    1.67547070    0.69521867    0.57577398    1.28643515    0.71725692    0.62575625
