23
C9ZET7_STRSW/43-136     0.00000000    0.39039047    0.58581946    1.14870496    0.88651418    0.80089794    0.94881519    0.93492200    1.07869034    1.12769581    1.27591028    1.21414208    1.08466231    1.48144580    1.81680638    1.93459883    1.89977302    1.54559882    2.16198369    1.37874238    1.28595099    0.83679634    0.41384444
Q9ZC14_STRCO/32-125     0.39039047    0.00000000    0.46515997    0.96826991    0.89244697    0.78795746    0.87285793    0.86885551    1.00162152    0.95172723    1.10352950    1.17195520    0.97354018    1.39009233    1.88637284    1.95309583    1.84380800    1.86254780    2.10618936    1.34835988    1.09306820    0.79361278    0.42815211
B5HH45_STRE2/28-121     0.58581946    0.46515997    0.00000000    0.93605030    0.93695031    1.00229985    0.96207521    1.01128721    0.83083690    0.97194150    0.96226427    1.07629409    0.91478516    1.65966318    2.07678209    1.92147319    1.77303338    1.83518728    2.22693120    1.12351971    1.14943375    0.87523606    0.48904252
F2RJ11_STRVP/24-117     1.14870496    0.96826991    0.93605030    0.00000000    0.60008503    0.60844015    0.65487435    0.60724378    1.01218414    1.10159784    1.08116313    1.18933256    0.96089201    1.66435976    1.67025087    1.86502117    1.52717156    1.53873552    2.06103006    1.41741649    1.21603100    1.36877417    1.03462122
Q82QB1_STRAW/26-119     0.88651418    0.89244697    0.93695031    0.60008503    0.00000000    0.46603467    0.68542914    0.63294940    0.86944851    0.99521470    0.93102097    1.15759591    0.92801895    1.66059310    1.63080678    1.95959972    1.75489023    1.79074876    2.09860595    1.51307004    1.19298121    1.11978082    1.13063727
C9YZ61_STRSW/12-105     0.80089794    0.78795746    1.00229985    0.60844015    0.46603467    0.00000000    0.71278927    0.59859374    1.14649687    1.06397351    1.04524138    1.21365616    1.26337681    1.71140502    1.83493911    1.83620034    1.60575192    1.62523808    2.18895223    1.44199104    1.34152440    1.26897088    0.91245684
F2R6Y4_STRVP/4-96     0.94881519    0.87285793    0.96207521    0.65487435    0.68542914    0.71278927    0.00000000    0.53755357    1.17845406    1.30577247    1.24360426    1.22110530    1.36113826    1.42042342    1.58106418    1.47642059    1.51901283    1.54920340    1.63660410    1.53758346    1.41448541    1.41896003    0.99589410
V4I4Z9_9ACTN/8-100     0.93492200    0.86885551    1.01128721    0.60724378    0.63294940    0.59859374    0.53755357    0.00000000    1.16384261    1.25932446    1.14658309    1.33161727    1.17962432    1.60733104    1.80532585    1.79104225    1.51140665    1.63053809    1.86531848    1.46785741    1.33261404    1.36618645    0.88616341
Q82KL7_STRAW/12-105     1.07869034    1.00162152    0.83083690    1.01218414    0.86944851    1.14649687    1.17845406    1.16384261    0.00000000    0.44372046    0.50789692    0.59311708    0.34901245    1.45689307    1.71308910    1.73701489    1.54441507    1.51170785    1.92387062    1.32655442    1.18693295    1.20447604    0.97176652
V4IJB1_9ACTN/12-107     1.12769581    0.95172723    0.97194150    1.10159784    0.99521470    1.06397351    1.30577247    1.25932446    0.44372046    0.00000000    0.47035696    0.48669124    0.47673245    1.53822904    1.63045052    1.71038557    1.67701582    1.55383483    2.21830839    1.40472946    1.19558735    1.31530107    1.01312315
V6KL57_STRNV/25-118     1.27591028    1.10352950    0.96226427    1.08116313    0.93102097    1.04524138    1.24360426    1.14658309    0.50789692    0.47035696    0.00000000    0.55722439    0.55838837    1.69327380    1.74280551    1.77857750    1.52686463    1.56941389    1.97313598    1.37643800    1.13101080    1.28761446    1.01963029
Q9RJB5_STRCO/10-104     1.21414208    1.17195520    1.07629409    1.18933256    1.15759591    1.21365616    1.22110530    1.33161727    0.59311708    0.48669124    0.55722439    0.00000000    0.68071543    1.69146280    1.67413333    1.58321690    1.81264909    1.57206479    2.00300833    1.53610472    1.16699324    1.34055432    1.15166414
G2NK04_STREK/12-105     1.08466231    0.97354018    0.91478516    0.96089201    0.92801895    1.26337681    1.36113826    1.17962432    0.34901245    0.47673245    0.55838837    0.68071543    0.00000000    1.57493484    1.61962799    1.73191355    1.62628382    1.65691895    1.92232236    1.32264597    1.09888752    1.19455048    0.98758319
D8J5N8_HALJB/48-149     1.48144580    1.39009233    1.65966318    1.66435976    1.66059310    1.71140502    1.42042342    1.60733104    1.45689307    1.53822904    1.69327380    1.69146280    1.57493484    0.00000000    1.02760282    1.20957981    1.15120612    1.17416242    1.31921663    1.72459557    1.61914629    1.93740539    1.47058565
GVPO1_HALSA/23-116     1.81680638    1.88637284    2.07678209    1.67025087    1.63080678    1.83493911    1.58106418    1.80532585    1.71308910    1.63045052    1.74280551    1.67413333    1.61962799    1.02760282    0.00000000    0.53880021    0.47936637    0.43070521    0.67152794    1.92919848    1.69383542    1.86747124    1.93436646
GVPO2_HALSA/14-108     1.93459883    1.95309583    1.92147319    1.86502117    1.95959972    1.83620034    1.47642059    1.79104225    1.73701489    1.71038557    1.77857750    1.58321690    1.73191355    1.20957981    0.53880021    0.00000000    0.57270990    0.56593703    0.87264171    1.89743821    1.73513803    2.22937874    1.82010004
E4NUS4_HALBP/43-137     1.89977302    1.84380800    1.77303338    1.52717156    1.75489023    1.60575192    1.51901283    1.51140665    1.54441507    1.67701582    1.52686463    1.81264909    1.62628382    1.15120612    0.47936637    0.57270990    0.00000000    0.32169609    0.69496501    1.83613117    1.86200506    2.19086904    1.74253059
M1XKI2_NATM8/33-122     1.54559882    1.86254780    1.83518728    1.53873552    1.79074876    1.62523808    1.54920340    1.63053809    1.51170785    1.55383483    1.56941389    1.57206479    1.65691895    1.17416242    0.43070521    0.56593703    0.32169609    0.00000000    0.65423733    1.88394079    1.69096099    2.11154029    1.60585717
Q18JA4_HALWD/91-185     2.16198369    2.10618936    2.22693120    2.06103006    2.09860595    2.18895223    1.63660410    1.86531848    1.92387062    2.21830839    1.97313598    2.00300833    1.92232236    1.31921663    0.67152794    0.87264171    0.69496501    0.65423733    0.00000000    1.92931443    1.97652276    2.39246406    2.02948243
D2B739_STRRD/48-141     1.37874238    1.34835988    1.12351971    1.41741649    1.51307004    1.44199104    1.53758346    1.46785741    1.32655442    1.40472946    1.37643800    1.53610472    1.32264597    1.72459557    1.92919848    1.89743821    1.83613117    1.88394079    1.92931443    0.00000000    0.98226812    1.55205702    1.27490469
A4F8C8_SACEN/212-305     1.28595099    1.09306820    1.14943375    1.21603100    1.19298121    1.34152440    1.41448541    1.33261404    1.18693295    1.19558735    1.13101080    1.16699324    1.09888752    1.61914629    1.69383542    1.73513803    1.86200506    1.69096099    1.97652276    0.98226812    0.00000000    1.15870619    1.19911713
D7AVU0_NOCDD/6-99     0.83679634    0.79361278    0.87523606    1.36877417    1.11978082    1.26897088    1.41896003    1.36618645    1.20447604    1.31530107    1.28761446    1.34055432    1.19455048    1.93740539    1.86747124    2.22937874    2.19086904    2.11154029    2.39246406    1.55205702    1.15870619    0.00000000    0.80080751
Q82LX0_STRAW/20-113     0.41384444    0.42815211    0.48904252    1.03462122    1.13063727    0.91245684    0.99589410    0.88616341    0.97176652    1.01312315    1.01963029    1.15166414    0.98758319    1.47058565    1.93436646    1.82010004    1.74253059    1.60585717    2.02948243    1.27490469    1.19911713    0.80080751    0.00000000

