24
A5DXZ0_LODEL/565-659     0.00000000    1.22788801    1.64793997    1.71774675    1.67289497    1.73788031    1.65229200    1.25661177    1.50291499    1.33783579    1.27639734    1.65080529    1.56557956    1.74269229    1.62630451    1.61818636    1.60798569    1.58406506    1.45135283    4.10094766    3.31345382    3.44301347    3.33184865    1.42348369
Q8J0H3_KLULC/295-382     1.22788801    0.00000000    1.46270311    1.41017036    1.39642414    1.37521067    1.57978097    1.47305432    1.42106513    1.19456093    1.88425621    1.16595242    1.35300612    1.18587352    1.39346486    1.36965536    1.40569057    1.26375640    1.09869876    3.53694523    3.46121889    3.80404519    3.66223155    1.32155912
A7TIB9_VANPO/308-425     1.64793997    1.46270311    0.00000000    0.45999980    0.40562105    0.41755555    2.09232890    1.47852801    1.56962388    1.53500326    1.51629235    1.39103364    1.29603606    1.27897556    1.38950376    1.36863617    1.37325839    1.28031012    1.26221049    3.77087570    3.99770875    3.62375475    3.49145607    1.50281983
Q707X4_ZYGRO/36-153     1.71774675    1.41017036    0.45999980    0.00000000    0.46294992    0.42648437    2.07823309    1.60373361    1.51507236    1.81747483    1.84994079    1.25343711    1.22778037    1.22497050    1.49313751    1.38582807    1.41688308    1.35545487    1.16589242    4.13494921    3.99149019    3.66157091    3.40464241    1.44944357
Q8J2S8_SACPA/309-426     1.67289497    1.39642414    0.40562105    0.46294992    0.00000000    0.34190263    2.03008908    1.42674943    1.51222826    1.48544213    1.58414565    1.30637441    1.26225372    1.23628395    1.39647169    1.39241568    1.37481446    1.33785376    1.18869628    3.37101712    3.23480633    3.18604981    3.15252896    1.43730085
F2Z6H8_CANGA/308-425     1.73788031    1.37521067    0.41755555    0.42648437    0.34190263    0.00000000    1.95211522    1.45282345    1.29912011    1.59287648    1.57825091    1.22509376    1.11882510    1.17915142    1.32049035    1.18001468    1.20286393    1.26274457    1.19156559    3.88035546    3.89633710    3.69821404    3.36507707    1.43723437
Q874G2_SACEX/606-728     1.65229200    1.57978097    2.09232890    2.07823309    2.03008908    1.95211522    0.00000000    1.17065798    1.17133589    1.33166634    1.56668600    1.68226140    1.53333556    1.71356140    1.71558106    1.42936346    1.41899122    1.52952645    1.37029772    3.86881594    3.82478254    3.95383140    3.87504087    1.66542893
Q874G4_9SACH/619-731     1.25661177    1.47305432    1.47852801    1.60373361    1.42674943    1.45282345    1.17065798    0.00000000    0.51782136    0.82327947    1.01702940    1.28801171    1.25049527    1.22626657    1.43897013    1.45797351    1.34377423    1.13499708    1.20868921    3.91640713    3.79636629    4.37101565    3.37533394    1.56905947
Q8J0H0_NAUCA/385-494     1.50291499    1.42106513    1.56962388    1.51507236    1.51222826    1.29912011    1.17133589    0.51782136    0.00000000    0.91682245    1.05447963    1.02386112    0.86439256    0.85581974    1.01741846    1.11279904    1.21055885    0.88177365    1.02067271    4.05114212    4.22455550    4.51463469    3.50287411    1.51743293
Q8J0G7_9SACH/280-391     1.33783579    1.19456093    1.53500326    1.81747483    1.48544213    1.59287648    1.33166634    0.82327947    0.91682245    0.00000000    1.01312754    1.49677880    1.36117132    1.39703799    1.32911262    1.40593636    1.44238020    1.02104927    1.31394128    3.62440303    3.63325409    3.77753952    3.38800771    1.54346111
VATA_CANTR/603-713     1.27639734    1.88425621    1.51629235    1.84994079    1.58414565    1.57825091    1.56668600    1.01702940    1.05447963    1.01312754    0.00000000    1.37839699    1.42527731    1.55872076    1.44394089    1.49225325    1.55836460    1.28893552    1.13821901    4.68385084    4.40253885    4.94224020    4.47797737    1.69769684
Q8J0H1_9SACH/320-431     1.65080529    1.16595242    1.39103364    1.25343711    1.30637441    1.22509376    1.68226140    1.28801171    1.02386112    1.49677880    1.37839699    0.00000000    0.57831111    0.59618623    0.73995077    0.77233515    0.94329429    0.76863822    0.94118861    4.10671004    3.93087697    3.56015149    3.65555600    1.25555331
Q8J0G6_9SACH/322-433     1.56557956    1.35300612    1.29603606    1.22778037    1.26225372    1.11882510    1.53333556    1.25049527    0.86439256    1.36117132    1.42527731    0.57831111    0.00000000    0.23959282    0.36540112    0.51259523    0.65441529    0.76771622    0.98851836    4.19074275    3.99970316    3.73357626    3.86421380    1.37106833
Q8J0G4_ZYGBA/322-433     1.74269229    1.18587352    1.27897556    1.22497050    1.23628395    1.17915142    1.71356140    1.22626657    0.85581974    1.39703799    1.55872076    0.59618623    0.23959282    0.00000000    0.34544857    0.59411482    0.69377782    0.79787394    1.04940629    4.04893286    3.75952676    3.60605034    3.74867574    1.34267035
Q8J0G5_9SACH/322-432     1.62630451    1.39346486    1.38950376    1.49313751    1.39647169    1.32049035    1.71558106    1.43897013    1.01741846    1.32911262    1.44394089    0.73995077    0.36540112    0.34544857    0.00000000    0.61750453    0.68284398    0.87445393    0.98495101    3.83572218    4.04170875    3.68540940    4.02236774    1.41822568
Q8J0G2_ZYGRO/322-427     1.61818636    1.36965536    1.36863617    1.38582807    1.39241568    1.18001468    1.42936346    1.45797351    1.11279904    1.40593636    1.49225325    0.77233515    0.51259523    0.59411482    0.61750453    0.00000000    0.66431082    0.92536430    0.98900560    3.72672785    3.90823139    3.72083954    3.87474762    1.56192208
Q8J0G3_ZYGBI/311-419     1.60798569    1.40569057    1.37325839    1.41688308    1.37481446    1.20286393    1.41899122    1.34377423    1.21055885    1.44238020    1.55836460    0.94329429    0.65441529    0.69377782    0.68284398    0.66431082    0.00000000    1.03244233    1.03477464    4.16988783    3.86565998    3.64250184    3.77598385    1.36626035
A3LP04_PICST/578-697     1.58406506    1.26375640    1.28031012    1.35545487    1.33785376    1.26274457    1.52952645    1.13499708    0.88177365    1.02104927    1.28893552    0.76863822    0.76771622    0.79787394    0.87445393    0.92536430    1.03244233    0.00000000    0.76642242    3.91961507    3.67019298    3.42212946    3.86218468    1.45711865
Q2P9R3_DEBHA/255-353     1.45135283    1.09869876    1.26221049    1.16589242    1.18869628    1.19156559    1.37029772    1.20868921    1.02067271    1.31394128    1.13821901    0.94118861    0.98851836    1.04940629    0.98495101    0.98900560    1.03477464    0.76642242    0.00000000    3.31876490    3.48293681    3.19414138    2.68671071    1.24437780
Q8J0G3_ZYGBI/204-305     4.10094766    3.53694523    3.77087570    4.13494921    3.37101712    3.88035546    3.86881594    3.91640713    4.05114212    3.62440303    4.68385084    4.10671004    4.19074275    4.04893286    3.83572218    3.72672785    4.16988783    3.91961507    3.31876490    0.00000000    0.76951089    0.59867676    0.88952049    3.32714493
Q8J0G5_9SACH/215-316     3.31345382    3.46121889    3.99770875    3.99149019    3.23480633    3.89633710    3.82478254    3.79636629    4.22455550    3.63325409    4.40253885    3.93087697    3.99970316    3.75952676    4.04170875    3.90823139    3.86565998    3.67019298    3.48293681    0.76951089    0.00000000    0.43819901    0.76795435    3.23859095
Q8J0G4_ZYGBA/215-316     3.44301347    3.80404519    3.62375475    3.66157091    3.18604981    3.69821404    3.95383140    4.37101565    4.51463469    3.77753952    4.94224020    3.56015149    3.73357626    3.60605034    3.68540940    3.72083954    3.64250184    3.42212946    3.19414138    0.59867676    0.43819901    0.00000000    0.50678305    2.79088851
Q874F9_SACPS/464-565     3.33184865    3.66223155    3.49145607    3.40464241    3.15252896    3.36507707    3.87504087    3.37533394    3.50287411    3.38800771    4.47797737    3.65555600    3.86421380    3.74867574    4.02236774    3.87474762    3.77598385    3.86218468    2.68671071    0.88952049    0.76795435    0.50678305    0.00000000    2.94217944
A7TLB5_VANPO/570-682     1.42348369    1.32155912    1.50281983    1.44944357    1.43730085    1.43723437    1.66542893    1.56905947    1.51743293    1.54346111    1.69769684    1.25555331    1.37106833    1.34267035    1.41822568    1.56192208    1.36626035    1.45711865    1.24437780    3.32714493    3.23859095    2.79088851    2.94217944    0.00000000

