8
T2FA_HUMAN/2-517     0.00000000    0.26194703    0.98247691    1.04164097    1.61938620    2.13125569    2.27089883    2.11011837
T2FA_XENLA/2-524     0.26194703    0.00000000    0.97650306    1.00435572    1.64034710    2.10445209    2.30512080    2.11541719
Q7QCR9_ANOGA/15-568     0.98247691    0.97650306    0.00000000    0.22048092    1.45181610    2.01130430    2.00032554    1.97462217
Q1HQP7_AEDAE/12-567     1.04164097    1.00435572    0.22048092    0.00000000    1.48083504    2.08692371    2.05906293    2.04963787
Q17558_CAEEL/2-474     1.61938620    1.64034710    1.45181610    1.48083504    0.00000000    2.43206962    2.39660331    2.30698955
T2FA_ARATH/42-542     2.13125569    2.10445209    2.01130430    2.08692371    2.43206962    0.00000000    0.52896804    0.41564405
Q2HT32_MEDTR/40-523     2.27089883    2.30512080    2.00032554    2.05906293    2.39660331    0.52896804    0.00000000    0.20894847
Q2HT28_MEDTR/40-535     2.11011837    2.11541719    1.97462217    2.04963787    2.30698955    0.41564405    0.20894847    0.00000000

