16
I0HWD8_RUBGI/9-166     0.00000000    0.28620632    0.29227960    0.69385822    0.58172119    0.82409445    0.61041840    0.68544321    0.87682852    0.88928397    0.78655315    0.80003204    0.72842589    0.57022107    0.27998677    0.25376718
A2F476_TRIVA/9-166     0.28620632    0.00000000    0.26875851    0.62588893    0.60310139    0.91351836    0.64663692    0.73414465    0.82448408    0.87033897    0.77476677    0.81395204    0.81543928    0.65286571    0.32307646    0.23344802
H2B1K4_KAZAF/9-166     0.29227960    0.26875851    0.00000000    0.65794695    0.56115185    0.94568036    0.67878798    0.71456266    0.84931047    0.84158538    0.80564061    0.82746619    0.82969260    0.67713548    0.30307449    0.39042147
H2B1K3_KAZAF/9-166     0.69385822    0.62588893    0.65794695    0.00000000    0.77992447    1.20412980    0.94432273    0.94826620    1.30275627    1.19567060    1.23194286    1.21812153    1.09830620    0.96242374    0.58686021    0.59261216
PADC_VIBCH/8-165     0.58172119    0.60310139    0.56115185    0.77992447    0.00000000    1.05628395    0.72587673    0.82569183    0.95812551    1.06689797    1.01085217    0.89235061    0.93584179    0.73905883    0.51358883    0.58896854
B8EIN6_METSB/14-165     0.82409445    0.91351836    0.94568036    1.20412980    1.05628395    0.00000000    0.58098493    0.82612018    1.06889593    1.08587106    0.92797331    1.05486085    0.90047202    0.84350950    0.99864989    0.87048520
B0UN01_METS4/14-170     0.61041840    0.64663692    0.67878798    0.94432273    0.72587673    0.58098493    0.00000000    0.49666151    0.74810476    0.85896678    0.69876379    0.68875580    0.56766847    0.46499663    0.62297318    0.61794511
D6ZDU4_SEGRD/11-168     0.68544321    0.73414465    0.71456266    0.94826620    0.82569183    0.82612018    0.49666151    0.00000000    0.85523674    0.85255169    0.79497765    0.76544421    0.52986138    0.45405196    0.70319785    0.67546629
Q03GT7_PEDPA/8-166     0.87682852    0.82448408    0.84931047    1.30275627    0.95812551    1.06889593    0.74810476    0.85523674    0.00000000    0.25122606    0.39629358    0.38245424    0.72851022    0.80419571    0.80520907    0.84150515
Q9CEB3_LACLA/7-165     0.88928397    0.87033897    0.84158538    1.19567060    1.06689797    1.08587106    0.85896678    0.85255169    0.25122606    0.00000000    0.42520523    0.44165621    0.66351637    0.73639383    0.84675095    0.85415610
A8FAY2_BACP2/1-159     0.78655315    0.77476677    0.80564061    1.23194286    1.01085217    0.92797331    0.69876379    0.79497765    0.39629358    0.42520523    0.00000000    0.25800590    0.67646523    0.67014928    0.79897146    0.85912924
G2TIS4_BACCO/4-162     0.80003204    0.81395204    0.82746619    1.21812153    0.89235061    1.05486085    0.68875580    0.76544421    0.38245424    0.44165621    0.25800590    0.00000000    0.67920880    0.63430445    0.76465622    0.78116281
F8JS69_STREN/19-176     0.72842589    0.81543928    0.82969260    1.09830620    0.93584179    0.90047202    0.56766847    0.52986138    0.72851022    0.66351637    0.67646523    0.67920880    0.00000000    0.33619926    0.73140311    0.73544713
A4FMV0_SACEN/13-170     0.57022107    0.65286571    0.67713548    0.96242374    0.73905883    0.84350950    0.46499663    0.45405196    0.80419571    0.73639383    0.67014928    0.63430445    0.33619926    0.00000000    0.65707456    0.63532095
Q6DB32_PECAS/9-166     0.27998677    0.32307646    0.30307449    0.58686021    0.51358883    0.99864989    0.62297318    0.70319785    0.80520907    0.84675095    0.79897146    0.76465622    0.73140311    0.65707456    0.00000000    0.24109681
H2IQX3_RAHAC/9-166     0.25376718    0.23344802    0.39042147    0.59261216    0.58896854    0.87048520    0.61794511    0.67546629    0.84150515    0.85415610    0.85912924    0.78116281    0.73544713    0.63532095    0.24109681    0.00000000

