18
W5NA51_LEPOC/358-416     0.00000000    0.35600544    0.27290805    0.44518511    0.54803741    0.61792996    1.49105627    0.48569716    0.76058369    0.48994772    0.64696173    0.79572130    0.44351344    0.35768394    0.57904988    0.41401724    0.44729702    0.39213337
F6VIY0_HORSE/457-515     0.35600544    0.00000000    0.30992239    0.44420046    0.59793816    0.70412859    1.35714702    0.66672216    0.92849980    0.52105741    0.72236698    0.77170325    0.53222308    0.37270952    0.67709829    0.50541611    0.47763351    0.53764164
F1N8N1_CHICK/398-456     0.27290805    0.30992239    0.00000000    0.26561332    0.66909743    0.68110945    1.33688311    0.56717504    0.83444096    0.49742209    0.75172080    0.80830941    0.51895078    0.42424440    0.71642292    0.51288197    0.51393305    0.45458276
G1MV88_MELGA/373-431     0.44518511    0.44420046    0.26561332    0.00000000    0.79904080    0.78375486    1.65469748    0.65269371    0.99478951    0.67510140    0.88195281    0.98484543    0.72540760    0.55665425    0.75133297    0.61650686    0.68150795    0.62677810
PCLO_MOUSE/530-589     0.54803741    0.59793816    0.66909743    0.79904080    0.00000000    0.23634108    1.16751016    0.41973180    0.65402424    0.57239239    0.60924155    0.80532126    0.54745779    0.44738534    0.65154064    0.46118765    0.56046537    0.66978993
H3BA42_LATCH/320-379     0.61792996    0.70412859    0.68110945    0.78375486    0.23634108    0.00000000    1.19968378    0.51049196    0.65431834    0.62845008    0.62702849    0.73950459    0.53693313    0.57990773    0.71579767    0.50970419    0.71107731    0.79135137
C3YPR3_BRAFL/123-187     1.49105627    1.35714702    1.33688311    1.65469748    1.16751016    1.19968378    0.00000000    1.23712019    1.54673415    1.13509775    1.11372228    1.16745220    1.27435644    1.41445387    1.40799845    1.41660499    1.32384335    1.53243634
M4ARU9_XIPMA/81-140     0.48569716    0.66672216    0.56717504    0.65269371    0.41973180    0.51049196    1.23712019    0.00000000    0.54655934    0.70332183    0.72105609    0.72769875    0.59731963    0.48428242    0.63528099    0.57399252    0.65116829    0.62934760
G1MV78_MELGA/58-116     0.76058369    0.92849980    0.83444096    0.99478951    0.65402424    0.65431834    1.54673415    0.54655934    0.00000000    1.01079071    1.10113189    1.07344784    0.96602965    0.75089654    0.85953641    0.95249348    1.01519604    1.03303118
I3K066_ORENI/311-367     0.48994772    0.52105741    0.49742209    0.67510140    0.57239239    0.62845008    1.13509775    0.70332183    1.01079071    0.00000000    0.39619146    0.43826595    0.27177326    0.37756689    0.54675042    0.54129866    0.48331490    0.52992808
H2M0N5_ORYLA/227-284     0.64696173    0.72236698    0.75172080    0.88195281    0.60924155    0.62702849    1.11372228    0.72105609    1.10113189    0.39619146    0.00000000    0.28302982    0.42816856    0.51324837    0.72009928    0.75237067    0.59251273    0.73791051
G3PGP8_GASAC/281-339     0.79572130    0.77170325    0.80830941    0.98484543    0.80532126    0.73950459    1.16745220    0.72769875    1.07344784    0.43826595    0.28302982    0.00000000    0.50589445    0.64821489    0.67680163    0.73697147    0.67732398    0.86637654
F1QC52_DANRE/355-413     0.44351344    0.53222308    0.51895078    0.72540760    0.54745779    0.53693313    1.27435644    0.59731963    0.96602965    0.27177326    0.42816856    0.50589445    0.00000000    0.45728856    0.65680804    0.60315503    0.57245694    0.65382253
PCLO_MOUSE/995-1053     0.35768394    0.37270952    0.42424440    0.55665425    0.44738534    0.57990773    1.41445387    0.48428242    0.75089654    0.37756689    0.51324837    0.64821489    0.45728856    0.00000000    0.49550101    0.40141676    0.35918952    0.41993820
H3DPE6_TETNG/831-888     0.57904988    0.67709829    0.71642292    0.75133297    0.65154064    0.71579767    1.40799845    0.63528099    0.85953641    0.54675042    0.72009928    0.67680163    0.65680804    0.49550101    0.00000000    0.46811745    0.51765119    0.67023623
F1QC52_DANRE/713-770     0.41401724    0.50541611    0.51288197    0.61650686    0.46118765    0.50970419    1.41660499    0.57399252    0.95249348    0.54129866    0.75237067    0.73697147    0.60315503    0.40141676    0.46811745    0.00000000    0.32487583    0.38156106
I3K066_ORENI/647-704     0.44729702    0.47763351    0.51393305    0.68150795    0.56046537    0.71107731    1.32384335    0.65116829    1.01519604    0.48331490    0.59251273    0.67732398    0.57245694    0.35918952    0.51765119    0.32487583    0.00000000    0.29416682
H3D0C0_TETNG/141-200     0.39213337    0.53764164    0.45458276    0.62677810    0.66978993    0.79135137    1.53243634    0.62934760    1.03303118    0.52992808    0.73791051    0.86637654    0.65382253    0.41993820    0.67023623    0.38156106    0.29416682    0.00000000

