16
M3XD11_FELCA/1-306     0.00000000    0.14652210    0.22717533    0.51195850    0.47740340    0.68872108    0.79872922    0.52230730    0.60956598    0.68397304    0.70122560    0.41931822    0.34590843    0.30175592    0.18113590    0.33872939
CRHBP_MOUSE/1-307     0.14652210    0.00000000    0.24594372    0.49502185    0.49100957    0.68954763    0.80346408    0.53144486    0.61126070    0.71104129    0.70487481    0.43171126    0.35192634    0.30741945    0.20380312    0.36343946
F6WNR7_MONDO/5-309     0.22717533    0.24594372    0.00000000    0.50420090    0.44930131    0.66129457    0.76142253    0.52560335    0.58780456    0.71111903    0.69575456    0.39529803    0.30740633    0.25109319    0.27347185    0.44434289
H3AUH2_LATCH/1-308     0.51195850    0.49502185    0.50420090    0.00000000    0.48134432    0.72054724    0.84649023    0.59725831    0.64804966    0.77517927    0.77431200    0.54164117    0.50042996    0.45202514    0.53738041    0.74462979
W5MEP1_LEPOC/4-310     0.47740340    0.49100957    0.44930131    0.48134432    0.00000000    0.46080875    0.58425190    0.29733379    0.37906022    0.51361746    0.49199907    0.46062293    0.46824395    0.45038656    0.50516626    0.68376365
I3KAN3_ORENI/1-308     0.68872108    0.68954763    0.66129457    0.72054724    0.46080875    0.00000000    0.25246146    0.44925981    0.51250648    0.57445514    0.57689624    0.66079602    0.66707632    0.65069251    0.68670119    0.78700493
H3DD54_TETNG/1-304     0.79872922    0.80346408    0.76142253    0.84649023    0.58425190    0.25246146    0.00000000    0.60003497    0.63274701    0.69006771    0.69115121    0.76587372    0.78039050    0.73342028    0.81232090    0.90336665
Q6DG79_DANRE/1-307     0.52230730    0.53144486    0.52560335    0.59725831    0.29733379    0.44925981    0.60003497    0.00000000    0.34570347    0.47372213    0.42058117    0.51384528    0.55413662    0.52898041    0.56636257    0.69324494
I3KE96_ORENI/4-309     0.60956598    0.61126070    0.58780456    0.64804966    0.37906022    0.51250648    0.63274701    0.34570347    0.00000000    0.27895580    0.25334014    0.62050737    0.60469511    0.56763894    0.60475632    0.76558719
G3PT61_GASAC/4-307     0.68397304    0.71104129    0.71111903    0.77517927    0.51361746    0.57445514    0.69006771    0.47372213    0.27895580    0.00000000    0.33307548    0.74251790    0.69626859    0.71541044    0.69953762    0.81530869
H2LA63_ORYLA/1-305     0.70122560    0.70487481    0.69575456    0.77431200    0.49199907    0.57689624    0.69115121    0.42058117    0.25334014    0.33307548    0.00000000    0.74285208    0.72867056    0.66946595    0.68048302    0.76186874
A0A6R5A8C8_XENTR/1-306     0.41931822    0.43171126    0.39529803    0.54164117    0.46062293    0.66079602    0.76587372    0.51384528    0.62050737    0.74251790    0.74285208    0.00000000    0.32103997    0.32509315    0.45956130    0.60219304
G1KH88_ANOCA/90-390     0.34590843    0.35192634    0.30740633    0.50042996    0.46824395    0.66707632    0.78039050    0.55413662    0.60469511    0.69626859    0.72867056    0.32103997    0.00000000    0.22766659    0.32884622    0.53032559
R0KA03_ANAPL/1-307     0.30175592    0.30741945    0.25109319    0.45202514    0.45038656    0.65069251    0.73342028    0.52898041    0.56763894    0.71541044    0.66946595    0.32509315    0.22766659    0.00000000    0.31651199    0.46903332
W5Q674_SHEEP/1-315     0.18113590    0.20380312    0.27347185    0.53738041    0.50516626    0.68670119    0.81232090    0.56636257    0.60475632    0.69953762    0.68048302    0.45956130    0.32884622    0.31651199    0.00000000    0.36773455
G1SYE6_RABIT/1-307     0.33872939    0.36343946    0.44434289    0.74462979    0.68376365    0.78700493    0.90336665    0.69324494    0.76558719    0.81530869    0.76186874    0.60219304    0.53032559    0.46903332    0.36773455    0.00000000

