6
CN37_RAT/185-419     0.00000000    0.27676334    0.25229120    0.92580659    0.55611713    0.48252554
G5B0L2_HETGA/185-419     0.27676334    0.00000000    0.24847741    0.99982049    0.59505632    0.52798357
CN37_BOVIN/165-399     0.25229120    0.24847741    0.00000000    0.96759507    0.49225796    0.43014558
M4A320_XIPMA/462-696     0.92580659    0.99982049    0.96759507    0.00000000    1.07111913    1.02329481
G1KTD6_ANOCA/184-421     0.55611713    0.59505632    0.49225796    1.07111913    0.00000000    0.32542135
O57389_CHICK/185-419     0.48252554    0.52798357    0.43014558    1.02329481    0.32542135    0.00000000

