13
Q9RJ73_STRCO/29-138     0.00000000    1.19315369    1.19755710    1.45582519    1.20656687    1.73752643    1.51006330    1.25982025    1.87811581    2.00474871    1.94284597    1.89810603    2.37773985
Q9L139_STRCO/5-115     1.19315369    0.00000000    0.59281162    1.30317604    1.15877208    1.41678553    1.45377289    1.53355046    1.53263104    2.04532973    1.51183159    1.46999505    1.81873759
Q9RJQ4_STRCO/1-113     1.19755710    0.59281162    0.00000000    1.20030408    1.02876632    1.08306552    1.28466477    1.34291236    1.54805932    1.82956068    1.41999815    1.30784037    1.66190418
Q9L236_STRCO/14-125     1.45582519    1.30317604    1.20030408    0.00000000    0.96294475    1.11920239    1.32040190    1.08789227    1.60336698    1.72005943    1.31897454    1.43056024    1.65992735
Q9X834_STRCO/5-119     1.20656687    1.15877208    1.02876632    0.96294475    0.00000000    1.14303572    1.40954390    1.21982321    1.44493605    1.56155242    1.44777917    1.28920072    1.67130541
Q9KZI7_STRCO/20-137     1.73752643    1.41678553    1.08306552    1.11920239    1.14303572    0.00000000    0.58343957    1.03993497    1.72657602    1.72795856    1.40129813    1.14399761    1.94290970
Q9KZN2_STRCO/14-131     1.51006330    1.45377289    1.28466477    1.32040190    1.40954390    0.58343957    0.00000000    1.42354824    1.74083516    1.75160638    1.61115028    1.29630798    1.88493540
Q9ADJ4_STRCO/9-123     1.25982025    1.53355046    1.34291236    1.08789227    1.21982321    1.03993497    1.42354824    0.00000000    1.23918775    1.72282134    1.51934599    1.40121133    1.86711761
Q9KZS0_STRCO/5-116     1.87811581    1.53263104    1.54805932    1.60336698    1.44493605    1.72657602    1.74083516    1.23918775    0.00000000    1.51704013    1.51877797    1.46467458    1.86844291
O50392_MYCTU/8-122     2.00474871    2.04532973    1.82956068    1.72005943    1.56155242    1.72795856    1.75160638    1.72282134    1.51704013    0.00000000    1.53606424    1.44194565    2.05014139
Q9XAE0_STRCO/22-150     1.94284597    1.51183159    1.41999815    1.31897454    1.44777917    1.40129813    1.61115028    1.51934599    1.51877797    1.53606424    0.00000000    0.98157143    1.74087104
O86520_STRCO/76-190     1.89810603    1.46999505    1.30784037    1.43056024    1.28920072    1.14399761    1.29630798    1.40121133    1.46467458    1.44194565    0.98157143    0.00000000    1.43956919
Q9KYK0_STRCO/8-124     2.37773985    1.81873759    1.66190418    1.65992735    1.67130541    1.94290970    1.88493540    1.86711761    1.86844291    2.05014139    1.74087104    1.43956919    0.00000000

