91
M3BPX2_SPHMS/360-503     0.00000000    0.56729891    0.50996179    0.58540690    0.51352575    0.48411224    0.51961390    0.57821474    0.57550147    0.63725952    0.61229314    0.59915264    0.52685910    0.53127370    0.64394690    0.59924474    0.57398595    1.01987853    0.88780869    0.66700221    1.05191606    1.13195231    1.25886718    0.99147982    1.22661687    1.23075805    1.18602329    1.30410001    1.00337531    1.34218427    1.41083127    1.58759099    1.61748232    1.63076207    1.30310987    1.36724714    1.86704843    1.60881799    1.53139929    1.71793825    1.64680602    1.70271245    1.69398703    1.46282423    1.51884154    1.83246293    1.59328245    1.95639189    1.89106694    2.33274359    1.98309872    1.87192507    1.74944298    1.42811962    1.67092063    1.91743054    1.76682818    1.72256151    1.77557276    1.65335020    1.76230233    1.49440372    1.67626903    1.58934842    1.94002446    1.83701620    1.70047630    1.69357294    1.94826099    2.01854762    2.32896177    1.50920998    1.71619176    1.11087684    1.18780556    1.39075377    1.60279708    1.37026212    1.15543375    1.29461782    1.33516006    1.45527646    1.38332054    0.96755888    0.79325276    0.88849352    0.56437113    0.50813603    0.48070716    0.59560984    0.52418161
N1Q1G5_DOTSN/357-499     0.56729891    0.00000000    0.45754203    0.64626191    0.53139335    0.53076572    0.58248816    0.57602188    0.60936702    0.77980487    0.51784879    0.66550734    0.66458988    0.56742105    0.57571762    0.67774584    0.59270251    0.96435403    0.79950656    0.70892054    1.01196459    1.04812392    1.05511516    0.95945136    1.34233202    1.40928821    1.29154880    1.44740642    1.13718085    1.30687367    1.53927349    1.59644868    1.71900225    1.77791075    1.57732334    1.45488627    1.95232440    1.58690648    1.71572833    1.80584245    1.65347786    1.79209206    1.57771735    1.60157365    1.53937156    1.87675280    1.94428570    1.98417877    1.82138152    2.20290358    1.64342466    1.70288378    1.58179990    1.44083375    1.70412972    1.93011665    1.79272076    1.69007214    1.82438405    1.69026961    1.64528435    1.67638442    1.72467561    1.72162177    1.87024242    1.81120457    1.74785514    1.65243390    2.03051532    2.00823700    2.41569189    1.60618358    1.80753123    1.14789775    1.40188336    1.58636414    1.67290755    1.43961651    1.27836615    1.25602376    1.49916346    1.47788537    1.34838039    0.93944913    0.84375830    0.94697278    0.65407908    0.52507161    0.61276096    0.68537587    0.58405311
M2ZWX6_PSEFD/354-493     0.50996179    0.45754203    0.00000000    0.70841551    0.57801616    0.54043729    0.53482161    0.58518564    0.54676249    0.74275016    0.67950287    0.68667652    0.64158611    0.56137306    0.67252964    0.70861465    0.53306903    0.86271793    0.88809659    0.68443911    0.96408891    1.00061497    1.08465043    0.95293427    1.25262735    1.30308039    1.18437687    1.20541354    0.96309826    1.38472060    1.58048481    1.72904679    1.70115021    1.80819421    1.61106115    1.54341041    2.06887695    1.78193281    1.73835258    1.86869928    2.00001240    2.16141375    1.77177454    1.61526895    1.52810255    1.84789987    1.81067088    2.07063788    1.84548596    2.41829537    2.05208221    2.09973370    1.82827712    1.68891020    1.74865030    2.08690869    1.89210050    1.79704038    1.83256525    1.74953268    1.71058332    1.58807545    1.78453936    1.76485577    1.90875685    1.82939495    1.81348753    1.87280736    2.06242735    2.25436856    2.33028706    1.72374967    1.75395774    1.09171487    1.28308843    1.48325518    1.67196612    1.39821012    1.24234902    1.32340576    1.44213127    1.44372185    1.29640025    0.87080155    0.83222463    0.85540620    0.61360023    0.54389504    0.61659936    0.68884688    0.55297930
K1XK88_MARBU/370-510     0.58540690    0.64626191    0.70841551    0.00000000    0.31564111    0.39522176    0.45836623    0.48103810    0.45593141    0.64245708    0.36393741    0.40322259    0.51955152    0.43424436    0.61570390    0.58137183    0.46621878    0.88264895    0.83021109    0.68869640    1.02356003    0.99405724    1.03553451    1.03228405    1.16345257    1.05173053    1.18667251    1.09006420    0.85471786    1.21012824    1.25552607    1.41496058    1.45567098    1.40461400    1.38243432    1.22569616    1.49885774    1.23667860    1.31134643    1.44414849    1.22789702    1.35621150    1.44301905    1.33575863    1.38225228    1.59775463    1.50140427    1.75982543    1.77696064    2.24020308    1.81134294    1.71211804    1.53758825    1.33097374    1.50260934    1.77924790    1.76121626    1.57972180    1.60751468    1.56708086    1.53557078    1.53312082    1.51876569    1.56020078    1.70823981    1.66086905    1.63785046    1.50197920    1.75682724    2.01432646    2.14168837    1.59539578    1.61579789    1.03496312    1.03199005    1.22428884    1.24919702    1.02639663    0.92941633    1.08548455    1.18051758    1.14411951    1.18017955    0.94550052    0.80733975    0.75228916    0.46317873    0.48760896    0.43347703    0.46540057    0.37075994
T0KDL6_COLGC/357-498     0.51352575    0.53139335    0.57801616    0.31564111    0.00000000    0.32179039    0.31151015    0.30580729    0.36503580    0.62775300    0.34590497    0.32684942    0.40514139    0.31189977    0.45875448    0.43893478    0.37277010    0.82512617    0.66889280    0.56680731    0.92913584    1.04403245    0.99142517    0.81290306    1.09129092    1.06103886    1.18146751    1.24556779    0.94599639    1.15435888    1.21153282    1.45315848    1.44887608    1.48305436    1.38763447    1.35600840    1.66235887    1.25862940    1.37497945    1.52450131    1.41143279    1.44667287    1.39020043    1.45698535    1.44832348    1.69317536    1.61995656    1.79535317    1.71298864    2.16269425    2.01210401    1.60007502    1.59337119    1.30128267    1.40939534    1.72674826    1.68838301    1.53068665    1.68695225    1.54202059    1.49396376    1.39058994    1.44633104    1.48255107    1.54303073    1.65168693    1.58759449    1.62211920    1.77955366    1.90635235    2.03477584    1.67241597    1.68272601    0.91535106    1.08867504    1.16319003    1.27893627    1.11071687    0.88779948    1.07458254    1.22430054    1.06208610    1.12567837    0.86045947    0.59900774    0.70788406    0.37020165    0.33039514    0.31729766    0.33156019    0.26585350
Q0US03_PHANO/358-499     0.48411224    0.53076572    0.54043729    0.39522176    0.32179039    0.00000000    0.36857725    0.35822469    0.42898763    0.64650204    0.41832976    0.46123980    0.42719908    0.39016024    0.55205226    0.52210052    0.35697275    0.82448064    0.70163546    0.52947020    0.87020119    0.99646171    0.94626044    0.81406121    1.18558006    1.15743403    1.19935838    1.23780292    0.98716955    1.20372161    1.26442854    1.34534182    1.52554399    1.56439770    1.37002811    1.42154633    1.54388232    1.30306743    1.30258714    1.45297091    1.52387353    1.60561395    1.59613163    1.38256909    1.34185269    1.73776528    1.67183891    1.87273745    1.70894220    2.12158542    1.89033863    1.71075191    1.63561531    1.33237823    1.46466215    1.89694338    1.77123021    1.56068112    1.68744845    1.56044984    1.58675190    1.42113257    1.67252425    1.56171105    1.76696296    1.69612804    1.64973725    1.46526362    1.75493280    1.89466368    2.14797210    1.50958957    1.68650319    1.02538117    1.12629961    1.28238664    1.37453442    1.17946666    1.05365919    1.02310627    1.33686031    1.07373221    1.18953225    0.80922061    0.66042692    0.74885609    0.44811775    0.41015671    0.35461373    0.46084653    0.36184337
R0JW82_SETT2/355-496     0.51961390    0.58248816    0.53482161    0.45836623    0.31151015    0.36857725    0.00000000    0.23576400    0.27078427    0.54970589    0.37054113    0.36474672    0.47541931    0.42935431    0.57536241    0.57298050    0.41439759    0.85670626    0.66860629    0.54290357    0.83694406    0.90003281    0.97344217    0.75623948    1.12051865    1.06996171    1.06544947    1.09348898    1.04431602    1.24147849    1.37622192    1.63954125    1.61741236    1.54857345    1.35334328    1.43179127    1.85556499    1.41713082    1.55238408    1.67571968    1.64501632    1.66403322    1.55081742    1.46235026    1.44243510    1.76711014    1.62280007    1.81268935    1.71209366    2.19354308    2.03155896    1.75218273    1.65567701    1.28910954    1.55216092    1.89081521    1.78420592    1.54280268    1.72847799    1.52626944    1.62153179    1.47583875    1.76905437    1.63048972    1.77279417    1.70865473    1.62984668    1.68358441    1.99438657    2.11022687    2.04962420    1.76044683    1.62084474    0.91397678    1.11428522    1.16743187    1.29708912    1.10703942    0.97967276    1.11774282    1.25359797    1.11185650    1.11391425    0.83621883    0.60461074    0.66811587    0.42251811    0.38131412    0.41195508    0.47889190    0.28162258
B2WBD2_PYRTR/355-496     0.57821474    0.57602188    0.58518564    0.48103810    0.30580729    0.35822469    0.23576400    0.00000000    0.25662900    0.74900699    0.44540172    0.45292060    0.50045198    0.42024102    0.56075756    0.60718856    0.43112690    0.89316696    0.71031627    0.58547143    0.96772388    1.02400148    0.97084964    0.83174011    1.07713521    1.01671653    1.13488160    1.13647835    0.91273277    1.10593278    1.22845933    1.51762289    1.48731211    1.48615058    1.41026017    1.44293981    1.73113706    1.44437868    1.54265623    1.61755398    1.51939502    1.55249045    1.39596265    1.55635953    1.57497142    1.73595902    1.58358703    1.97513315    1.73563716    2.16801542    1.98251407    1.73005597    1.69204505    1.19867154    1.53308458    1.84562449    1.67686775    1.54000864    1.75428169    1.54650995    1.57504914    1.57866009    1.68512818    1.66253329    1.72207646    1.79881548    1.70116997    1.65328864    1.98349696    2.11146949    2.25697042    1.73620942    1.65261586    0.98661769    1.13961564    1.20780829    1.31176520    1.02547305    0.91172169    0.96873449    1.26145704    1.05289285    1.08692355    0.81185878    0.66827652    0.78620343    0.43214911    0.42943762    0.40390658    0.51817182    0.35312228
M2UNP4_COCH5/357-498     0.57550147    0.60936702    0.54676249    0.45593141    0.36503580    0.42898763    0.27078427    0.25662900    0.00000000    0.64651765    0.39678076    0.41219978    0.48807794    0.39348515    0.55609024    0.58481001    0.46152994    0.85811344    0.70197239    0.57369602    0.85432280    0.93211443    0.97310975    0.78745078    1.06136657    1.00370028    1.14008086    1.10572006    0.94385535    1.15567516    1.31376016    1.60087041    1.41689764    1.34634980    1.33505737    1.40220581    1.88020491    1.45891414    1.54863955    1.66539981    1.51651508    1.56986362    1.44489861    1.45478091    1.41086633    1.70718133    1.56353007    2.02214567    1.79404897    2.16259466    2.03407032    1.80618677    1.75147563    1.35955803    1.71013587    1.98968218    1.70180266    1.61785829    1.74237156    1.55377544    1.69518134    1.60312967    1.73601789    1.63692732    1.91569595    1.72717611    1.77297799    1.74245182    2.06085926    2.28387785    2.33495246    1.69121220    1.65061181    0.97277096    1.09946936    1.20324006    1.30652359    1.12998056    0.98321220    1.03144394    1.24463093    1.07205297    1.12757938    0.88800665    0.68853365    0.73142522    0.44467648    0.45107441    0.42574120    0.51067910    0.37325905
F9FYR1_FUSOF/361-505     0.63725952    0.77980487    0.74275016    0.64245708    0.62775300    0.64650204    0.54970589    0.74900699    0.64651765    0.00000000    0.54222555    0.48309183    0.65275552    0.64200407    0.73928320    0.69257750    0.58100730    0.92207000    0.88518029    0.73995885    0.92062906    1.03145724    1.08299909    0.97873792    1.23482267    1.27738667    1.09378242    1.23205613    1.23804393    1.39980699    1.51583428    1.67758669    1.67685548    1.83290446    1.59420213    1.38436444    1.77081126    1.56204351    1.55150688    1.73069249    1.65262800    1.75751728    1.81096781    1.67270669    1.51836401    2.00861897    1.79186987    2.18496658    2.04723923    2.22567367    1.99559852    1.91711437    1.86357677    1.59342050    1.84921371    2.16236431    2.01070756    1.82156548    1.98437692    1.86326238    1.87663305    1.71805530    1.91716785    1.73124376    2.03806655    1.82729278    1.80623080    1.61288956    2.05048223    2.14408175    2.22862285    1.79990442    1.77579353    1.21627245    1.28105115    1.40809085    1.51472025    1.40927457    1.28741136    1.34995095    1.41053260    1.32300006    1.39118644    1.12576870    0.84380555    0.88663801    0.72631956    0.57574502    0.57887436    0.64325018    0.53206124
A0A0C4DI39_FUSO4/353-494     0.61229314    0.51784879    0.67950287    0.36393741    0.34590497    0.41832976    0.37054113    0.44540172    0.39678076    0.54222555    0.00000000    0.23942572    0.48830002    0.37599153    0.56032353    0.58677494    0.44149545    0.82854244    0.75975170    0.61930078    0.85048724    0.89087886    0.99505373    0.84730294    1.07605868    1.10012015    1.10763248    1.02767924    0.94190550    1.10825511    1.38401531    1.45870137    1.49863152    1.51269435    1.32752919    1.21915367    1.53538836    1.19603085    1.38601345    1.49316869    1.31934486    1.40976260    1.32336955    1.50628096    1.41067809    1.68378069    1.56399335    1.76285478    1.70881496    2.13783000    1.59373401    1.58977388    1.38545090    1.33063275    1.48611178    1.80896599    1.65825127    1.60185874    1.58778793    1.43705468    1.46510516    1.38150357    1.44522127    1.48276454    1.56000628    1.46696757    1.39152159    1.44616249    1.68858729    1.72797379    1.91827266    1.68136018    1.66553462    0.83463402    1.03761517    1.21003843    1.22673812    0.97002927    0.89051478    0.97777408    1.12586679    1.05336456    1.07903681    0.94586456    0.73888457    0.77812853    0.50036666    0.43791485    0.49373244    0.47641258    0.33854181
I1RJ14_GIBZE/353-494     0.59915264    0.66550734    0.68667652    0.40322259    0.32684942    0.46123980    0.36474672    0.45292060    0.41219978    0.48309183    0.23942572    0.00000000    0.43244238    0.42066124    0.55707775    0.56614903    0.43706589    0.85700577    0.79373362    0.65432423    0.90935043    0.95961084    1.01714269    0.85036424    1.03679274    1.06435377    1.10805471    1.10608305    0.96131781    1.14850402    1.14797173    1.37376104    1.40846215    1.39956541    1.29666754    1.33432357    1.56337729    1.25990307    1.28548627    1.48331900    1.36081827    1.42801783    1.39320224    1.32480976    1.29133451    1.47173240    1.33469242    1.65865377    1.74879991    2.13093468    1.77318612    1.64324669    1.52217989    1.28817527    1.50345579    1.62719894    1.60086420    1.49489589    1.64949443    1.45167099    1.44493852    1.31279926    1.49880503    1.49234041    1.52303233    1.45444513    1.41340347    1.47385438    1.61135503    1.75397681    1.80491345    1.54202389    1.64316784    0.96702830    1.16418622    1.20174725    1.25781500    1.06014618    0.92175525    1.06701762    1.14133433    1.08733060    1.17875115    0.82276737    0.64689031    0.72017341    0.43919216    0.40918566    0.38829178    0.44778352    0.31721603
C7Z4C8_FUSV7/360-501     0.52685910    0.66458988    0.64158611    0.51955152    0.40514139    0.42719908    0.47541931    0.50045198    0.48807794    0.65275552    0.48830002    0.43244238    0.00000000    0.28864266    0.40579562    0.35044304    0.31143301    0.80171612    0.62332445    0.51926936    0.85475079    0.81722570    0.86048178    0.78413955    1.12412959    1.20665047    1.12998689    1.22436505    0.92520503    1.08058105    1.21468168    1.26611248    1.32791236    1.27875425    1.29655683    1.31337300    1.50801382    1.25427626    1.28877778    1.40951141    1.32386519    1.44953412    1.58647594    1.33623981    1.26442106    1.53227432    1.37203710    1.59428222    1.76069799    1.91545235    1.59631484    1.46923831    1.39570584    1.25038938    1.54275445    1.69826088    1.45979316    1.39365483    1.50237245    1.33029213    1.38731753    1.40753467    1.51709293    1.44094561    1.69883904    1.45913457    1.34287474    1.42143324    1.62977529    1.89639505    1.87828878    1.51640631    1.55273862    0.97554928    0.97732073    1.11551182    1.28362808    1.07514622    0.94752882    1.02554393    1.19827730    1.03563004    1.18345954    0.65124690    0.55513846    0.58719986    0.39453251    0.31228016    0.32252722    0.40423858    0.31443959
G9MZ65_HYPVG/364-505     0.53127370    0.56742105    0.56137306    0.43424436    0.31189977    0.39016024    0.42935431    0.42024102    0.39348515    0.64200407    0.37599153    0.42066124    0.28864266    0.00000000    0.34800452    0.30963055    0.29218202    0.75850726    0.59147636    0.46160575    0.80384769    0.86696487    0.97132986    0.73299865    1.11298081    1.15438553    1.15738885    1.21470132    0.90335927    1.09562121    1.27925481    1.50094216    1.38292061    1.47177411    1.41684753    1.34761113    1.61419457    1.30084646    1.34162296    1.47975130    1.47536647    1.52825243    1.50806514    1.28616405    1.29772094    1.66329187    1.53068943    1.75045770    1.81976379    2.10707363    1.92414125    1.58585869    1.56023006    1.39504303    1.51462651    1.92067116    1.64812983    1.60628446    1.61432652    1.41794996    1.46391479    1.43481364    1.69393614    1.53543095    1.74646320    1.53875858    1.49792433    1.49330940    1.74035565    2.00307344    2.13629917    1.59640877    1.63643814    1.00179693    1.09289481    1.20460363    1.35074553    1.04649042    0.91906508    0.99515976    1.27677720    1.08560506    1.24948794    0.71672479    0.46865597    0.50616644    0.40741537    0.32670058    0.34391226    0.38359648    0.28894203
B6QAF3_TALMQ/356-498     0.64394690    0.57571762    0.67252964    0.61570390    0.45875448    0.55205226    0.57536241    0.56075756    0.55609024    0.73928320    0.56032353    0.55707775    0.40579562    0.34800452    0.00000000    0.39695976    0.44001396    0.80768353    0.57080549    0.58847232    0.95869268    0.90129108    0.91725799    0.79463104    1.11795307    1.20138711    1.20160517    1.26992570    1.04063497    1.15968138    1.33403195    1.44846090    1.45866674    1.48950098    1.40284397    1.45399742    1.64938755    1.46286689    1.48422265    1.50852068    1.41602157    1.52983758    1.60387969    1.50914262    1.51949271    1.66281329    1.55803282    1.80205747    1.84897612    2.00898917    1.79170240    1.64673092    1.59969721    1.38670248    1.68224430    1.77093081    1.64614603    1.57363132    1.72277933    1.48928364    1.60047897    1.58070430    1.57204919    1.57503547    1.67360608    1.56719742    1.49228418    1.62340841    1.67204138    1.92008822    2.20995346    1.74211450    1.69373638    1.04204865    1.08146966    1.12593229    1.29711066    1.11186698    0.99221807    1.02924319    1.14791724    1.18853817    1.30612699    0.83404571    0.52730045    0.60561798    0.53384695    0.42196337    0.48029296    0.48114787    0.43299023
B6Q7M1_TALMQ/359-500     0.59924474    0.67774584    0.70861465    0.58137183    0.43893478    0.52210052    0.57298050    0.60718856    0.58481001    0.69257750    0.58677494    0.56614903    0.35044304    0.30963055    0.39695976    0.00000000    0.37923586    0.83353564    0.62267817    0.50218388    0.90084466    0.89340119    0.95803625    0.86481457    1.23178909    1.20968131    1.19741012    1.28287466    0.92121942    1.05556510    1.16019461    1.23795189    1.23081764    1.32522236    1.26286586    1.31849063    1.46269572    1.27405449    1.22530055    1.43344905    1.34455562    1.41447698    1.47760466    1.37543460    1.34757398    1.64129729    1.54980610    1.75976801    1.93872117    1.65488221    1.77186874    1.49460411    1.52577258    1.33250033    1.53020203    1.78079812    1.58529401    1.49532432    1.56329587    1.45350731    1.51600993    1.47764889    1.51623247    1.52905455    1.64116261    1.41952987    1.40591009    1.46619971    1.55674590    1.67995311    1.88913457    1.40103264    1.69320974    1.16913664    1.01918383    1.15215457    1.28787866    1.09329145    0.92535395    0.98728970    1.29717333    1.09970884    1.30922873    0.77882695    0.57601176    0.64606349    0.55812721    0.40569934    0.44072064    0.44643509    0.31416031
E3QU61_COLGM/360-501     0.57398595    0.59270251    0.53306903    0.46621878    0.37277010    0.35697275    0.41439759    0.43112690    0.46152994    0.58100730    0.44149545    0.43706589    0.31143301    0.29218202    0.44001396    0.37923586    0.00000000    0.71896615    0.62414393    0.52258094    0.83033782    0.90582141    0.89975530    0.86066724    1.15994266    1.13117254    1.18760967    1.17650187    0.96315294    1.13939894    1.42168152    1.53813245    1.50784646    1.52451900    1.57293336    1.44558247    1.47145566    1.38659198    1.35397309    1.65932310    1.61739674    1.67009503    1.56318517    1.49326183    1.33548428    1.82930964    1.63978073    1.79502873    1.81739919    2.41521425    2.09378866    1.83673019    1.79459920    1.46947064    1.70101079    2.05419259    1.78259925    1.61276813    1.81977371    1.66398580    1.62455264    1.55063450    1.61831864    1.57586064    1.78556286    1.67845085    1.64108816    1.60428454    1.89430994    1.98499089    2.06781156    1.79073670    1.68910246    1.09743211    1.14752787    1.26635540    1.31563289    1.08535811    1.00207859    0.99589674    1.26893436    1.06631162    1.26406225    0.66936626    0.53279126    0.56427814    0.36604259    0.28689122    0.36443438    0.41124904    0.26487533
C5AHI8_BURGB/367-514     1.01987853    0.96435403    0.86271793    0.88264895    0.82512617    0.82448064    0.85670626    0.89316696    0.85811344    0.92207000    0.82854244    0.85700577    0.80171612    0.75850726    0.80768353    0.83353564    0.71896615    0.00000000    0.73986901    0.62379542    0.92191375    0.85307912    0.89100740    0.80199235    1.05860410    1.03641596    1.09280026    1.15365876    1.05401116    1.28723222    1.43439200    1.51690687    1.51422953    1.56613415    1.44788932    1.40002581    1.75661762    1.45356443    1.32481861    1.52011675    1.57258620    1.70387910    1.61607932    1.68295716    1.56422840    1.79639198    1.66681094    1.53398856    1.65526560    2.06776002    2.24109313    2.05694602    1.77855126    1.59151228    1.71478488    1.92156918    1.88808585    1.81037527    1.77483547    1.57670537    1.62396313    1.73366178    1.70084729    1.63322584    1.75129767    1.65031656    1.71880670    1.69059456    1.90767081    1.94382695    2.27859210    1.88394091    1.79218547    1.18209668    1.10338318    1.31337016    1.29221491    1.15716413    1.13727823    1.08389355    1.31108761    1.26065243    1.10149810    1.01227796    0.92435521    0.98013750    0.80035367    0.70649747    0.77016444    0.74474625    0.70925295
G0FIE9_AMYMS/371-512     0.88780869    0.79950656    0.88809659    0.83021109    0.66889280    0.70163546    0.66860629    0.71031627    0.70197239    0.88518029    0.75975170    0.79373362    0.62332445    0.59147636    0.57080549    0.62267817    0.62414393    0.73986901    0.00000000    0.40583912    0.80497428    0.72379503    0.81002496    0.62803569    0.89717439    1.04387496    1.05255787    0.97863028    0.91248972    1.02761403    1.21535885    1.47471936    1.34722387    1.47235427    1.44944718    1.39951524    1.93819452    1.47845095    1.48801728    1.59343569    1.31032762    1.32935630    1.40753826    1.34719852    1.19778566    1.65532660    1.50100491    1.62494847    1.58455484    1.71134408    1.58700658    1.56549225    1.54031644    1.28507648    1.40030729    1.77429610    1.48331183    1.45986310    1.60488333    1.47462747    1.49530507    1.28115534    1.54768834    1.39545736    1.65755136    1.46563019    1.51161614    1.45227288    1.65059101    2.11168494    1.80843075    1.54772208    1.37360207    0.88676539    1.11459824    1.07028045    1.28888493    0.95454518    0.93562614    0.92631136    1.19787822    0.94489696    1.04733138    1.07332906    0.84531260    0.89345078    0.70840372    0.71736636    0.71425267    0.72896684    0.66125030
G8SJ68_ACTS5/367-508     0.66700221    0.70892054    0.68443911    0.68869640    0.56680731    0.52947020    0.54290357    0.58547143    0.57369602    0.73995885    0.61930078    0.65432423    0.51926936    0.46160575    0.58847232    0.50218388    0.52258094    0.62379542    0.40583912    0.00000000    0.62767204    0.64924582    0.61054004    0.47019441    0.87377433    0.86477861    0.88505421    0.90653254    0.80438120    1.03880791    1.11748796    1.36968409    1.27338195    1.40500915    1.33980264    1.35251525    1.81558504    1.36492569    1.25800038    1.41727009    1.42728468    1.43354931    1.39260901    1.16135815    1.22639568    1.63590103    1.57488344    1.62415835    1.71853925    1.69811977    1.65117708    1.49845671    1.44304473    1.23124019    1.36202571    1.66519339    1.42335525    1.39355920    1.54897489    1.40824210    1.44283582    1.16896197    1.28928729    1.31945043    1.54091707    1.43486463    1.50806434    1.44251687    1.60950486    1.85060007    1.88289473    1.46371249    1.47156569    0.86669823    1.03014492    1.09617512    1.27448078    0.89902283    0.78904992    0.83485218    1.18714066    0.88342032    1.02189318    0.85977079    0.73611318    0.85600897    0.68167011    0.52128776    0.54320618    0.64507556    0.49949510
K4QY67_STRDJ/374-516     1.05191606    1.01196459    0.96408891    1.02356003    0.92913584    0.87020119    0.83694406    0.96772388    0.85432280    0.92062906    0.85048724    0.90935043    0.85475079    0.80384769    0.95869268    0.90084466    0.83033782    0.92191375    0.80497428    0.62767204    0.00000000    0.30110493    0.64039632    0.41442319    0.98652083    1.17746366    1.19633399    1.11438831    0.99461286    1.16695033    1.27656256    1.48149484    1.39779850    1.52775797    1.51127234    1.47974644    1.80640676    1.33995651    1.25995849    1.32401724    1.36268491    1.42703281    1.53687914    1.56092451    1.54208890    1.54718631    1.60823119    1.73405665    1.99732927    1.84395898    1.90858057    1.74063891    1.54797716    1.44923279    1.49992178    1.75239375    1.61270049    1.46019415    1.75898368    1.47751812    1.57702010    1.51410477    1.73403226    1.63232499    1.67607124    1.70382719    1.73623147    1.62012777    1.82793939    2.10564210    2.15268218    1.69286483    1.40979757    1.04148926    1.21040427    1.29207546    1.39155496    1.08300856    1.06966325    1.13944725    1.35955759    1.09047818    1.25527756    1.20670118    0.93313055    1.01009526    0.91132387    0.83316481    0.93511405    0.93686109    0.81051713
C9Z3D4_STRSW/381-521     1.13195231    1.04812392    1.00061497    0.99405724    1.04403245    0.99646171    0.90003281    1.02400148    0.93211443    1.03145724    0.89087886    0.95961084    0.81722570    0.86696487    0.90129108    0.89340119    0.90582141    0.85307912    0.72379503    0.64924582    0.30110493    0.00000000    0.54521672    0.38319604    0.95879125    1.15156151    1.12859779    1.09125396    1.03908852    1.05653352    1.13576225    1.54736031    1.42668198    1.57140772    1.43834062    1.50924234    1.77921498    1.37585793    1.28587158    1.26593534    1.30696186    1.44852759    1.65033791    1.52017229    1.39600958    1.52691142    1.51352512    1.72221499    1.93643058    1.83344646    1.85163103    1.65177615    1.40927879    1.42972974    1.45904496    1.66829687    1.47895973    1.35154341    1.52887492    1.21807417    1.45941189    1.46017079    1.55914427    1.44220812    1.57271803    1.51465699    1.40617005    1.45468554    1.54131887    1.91301419    1.84097999    1.51309183    1.43932131    1.03260562    1.23419440    1.18855782    1.38966533    1.00372044    1.13202042    1.18411699    1.40822041    1.11729217    1.24498670    1.20230805    0.94881715    1.01960211    0.91057992    0.89179895    0.96469054    0.92586725    0.87509688
G0FSI8_AMYMS/348-490     1.25886718    1.05511516    1.08465043    1.03553451    0.99142517    0.94626044    0.97344217    0.97084964    0.97310975    1.08299909    0.99505373    1.01714269    0.86048178    0.97132986    0.91725799    0.95803625    0.89975530    0.89100740    0.81002496    0.61054004    0.64039632    0.54521672    0.00000000    0.48233743    1.11316498    1.11760482    1.10262688    0.93138799    0.97253143    1.03394041    1.15122292    1.33926306    1.42957190    1.43523189    1.59976424    1.45599790    1.68778976    1.41596554    1.22471199    1.47522094    1.23007773    1.44917470    1.85296492    1.64542560    1.48194903    1.62206928    1.74683002    1.53337320    1.71418640    1.74391814    1.48799301    1.70908360    1.49078028    1.44232989    1.56996026    1.62116609    1.57930263    1.47931055    1.63537389    1.49462321    1.39404684    1.29304924    1.23439468    1.38271180    1.50832748    1.35529056    1.42078593    1.36124493    1.45475733    1.83577259    1.79668887    1.45769985    1.44392508    1.13025593    1.05473998    1.20178304    1.19313193    0.98523770    0.94009756    0.91779398    1.28990094    1.02703747    1.12404825    1.32021901    0.90908750    0.95808419    1.05459977    0.92351269    1.01150788    1.00721034    0.87112481
C7Q6I4_CATAD/371-514     0.99147982    0.95945136    0.95293427    1.03228405    0.81290306    0.81406121    0.75623948    0.83174011    0.78745078    0.97873792    0.84730294    0.85036424    0.78413955    0.73299865    0.79463104    0.86481457    0.86066724    0.80199235    0.62803569    0.47019441    0.41442319    0.38319604    0.48233743    0.00000000    0.93916994    1.09311269    1.09904442    0.97867204    0.86683948    1.09189726    1.06109802    1.45751583    1.53631219    1.64331743    1.41833890    1.41968010    1.81850667    1.32212654    1.29927813    1.37584366    1.34293226    1.45945228    1.51237333    1.33487506    1.32089563    1.63011102    1.57246053    1.63499570    1.89803395    1.55866165    1.58038814    1.41464311    1.27015391    1.26331275    1.30608368    1.54248397    1.31872495    1.32942120    1.45948339    1.29445417    1.34663730    1.18093080    1.45925460    1.31699293    1.50993934    1.41579614    1.39323824    1.33826094    1.56020933    1.92466607    1.80345351    1.33106954    1.45766911    0.99340210    1.16196936    1.15472061    1.37695003    0.94728950    0.96932556    1.03189520    1.24831352    1.01615978    1.06022193    1.14516151    0.74971857    0.85919538    0.77899495    0.75700014    0.85844544    0.88269812    0.78011036
C6WE77_ACTMD/835-973     1.22661687    1.34233202    1.25262735    1.16345257    1.09129092    1.18558006    1.12051865    1.07713521    1.06136657    1.23482267    1.07605868    1.03679274    1.12412959    1.11298081    1.11795307    1.23178909    1.15994266    1.05860410    0.89717439    0.87377433    0.98652083    0.95879125    1.11316498    0.93916994    0.00000000    0.31509729    0.75264304    0.67502362    0.70999449    0.82481149    1.22236846    1.42858657    1.42013823    1.37452173    1.50006596    1.51449913    1.57774362    1.23992397    1.49466544    1.45227394    1.29150933    1.57381665    1.45056790    1.32649670    1.34361752    1.49541884    1.25695350    1.78583855    1.93830666    1.90043829    1.79960561    1.72175616    1.79003587    1.52969056    1.87627239    1.70613782    1.58854854    1.78796983    1.67621636    1.63173988    1.74126742    1.76121006    1.69252660    1.72529874    1.79566011    1.82042277    1.88542315    1.93124361    1.91576706    2.20714752    2.29549148    1.58186747    1.30238148    0.75066884    0.90107373    0.91647340    0.89192763    0.82385348    0.71280600    0.72479551    0.92725013    0.77505674    0.76987265    1.53467954    1.25109060    1.34321529    1.16377263    1.15275543    1.11673087    1.07276139    1.09444452
R4STQ1_9PSEU/762-901     1.23075805    1.40928821    1.30308039    1.05173053    1.06103886    1.15743403    1.06996171    1.01671653    1.00370028    1.27738667    1.10012015    1.06435377    1.20665047    1.15438553    1.20138711    1.20968131    1.13117254    1.03641596    1.04387496    0.86477861    1.17746366    1.15156151    1.11760482    1.09311269    0.31509729    0.00000000    0.68851779    0.67053168    0.65091864    0.84101266    1.35135900    1.38001762    1.49312275    1.44770102    1.51786432    1.48282490    1.57366249    1.33971776    1.38275583    1.49183518    1.41901150    1.64399940    1.59138874    1.31543084    1.32188903    1.55756861    1.36928190    1.65231177    1.88122247    1.78566174    1.95876640    1.78463746    1.79196021    1.68702497    1.95534773    1.76044184    1.86621343    1.80130731    1.75472659    1.80726652    1.65283400    1.82609376    1.69035109    1.77059370    1.72633632    1.78341786    1.95003245    1.87909549    1.99968409    2.08128254    2.14856445    1.73035695    1.22421521    0.87925523    0.90548591    0.92014753    0.92909761    0.85988565    0.82488182    0.71691930    0.85617376    0.71648420    0.71119347    1.40573187    1.39931603    1.48266684    1.16423891    1.15975109    1.06570129    1.09837930    1.05080065
C6WE77_ACTMD/677-816     1.18602329    1.29154880    1.18437687    1.18667251    1.18146751    1.19935838    1.06544947    1.13488160    1.14008086    1.09378242    1.10763248    1.10805471    1.12998689    1.15738885    1.20160517    1.19741012    1.18760967    1.09280026    1.05255787    0.88505421    1.19633399    1.12859779    1.10262688    1.09904442    0.75264304    0.68851779    0.00000000    0.55516248    0.78616529    0.88834220    1.15093935    1.28969462    1.28200487    1.40094837    1.53612817    1.56438388    1.62350700    1.35524571    1.22384173    1.27305316    1.34780684    1.63023813    1.62871920    1.31131489    1.22755043    1.25691265    1.31854638    1.61191087    1.71388860    1.49233370    1.53567079    1.44996245    1.48053571    1.38124366    1.59620308    1.45545779    1.44479691    1.45896014    1.39615582    1.30009314    1.38067703    1.48844291    1.38815328    1.51357546    1.69220442    1.49924839    1.54995874    1.46766324    1.83871575    1.58827873    1.61209510    1.44944335    1.34150514    0.74366968    0.77222630    0.78065115    0.81893267    0.80689771    0.73700009    0.75490121    0.80915670    0.85254461    0.84167672    1.39659084    1.26850823    1.47969307    1.21140002    1.10181367    1.18513440    1.21114680    1.09579431
R4STQ1_9PSEU/604-743     1.30410001    1.44740642    1.20541354    1.09006420    1.24556779    1.23780292    1.09348898    1.13647835    1.10572006    1.23205613    1.02767924    1.10608305    1.22436505    1.21470132    1.26992570    1.28287466    1.17650187    1.15365876    0.97863028    0.90653254    1.11438831    1.09125396    0.93138799    0.97867204    0.67502362    0.67053168    0.55516248    0.00000000    0.70309364    1.02058819    1.30047677    1.54547417    1.34382712    1.39114285    1.63934696    1.54167467    1.52168651    1.36401439    1.36730508    1.57026478    1.36860058    1.56321024    1.67847656    1.37498380    1.22226518    1.45324224    1.41237600    1.95020244    1.79406506    1.79394705    1.66763857    1.69537380    1.54783283    1.48425919    1.80245810    1.86626845    1.70448659    1.65848481    1.61484864    1.60452837    1.56908560    1.49504116    1.30694740    1.43196103    1.81650175    1.57798303    1.87354854    1.63679717    1.96948617    1.70309821    1.77078456    1.62778411    1.42386199    0.83182099    0.91974997    0.91478982    1.04421304    0.77522617    0.73003373    0.75609837    0.85838370    0.82240707    0.80973666    1.57545992    1.28869944    1.29133259    1.17855652    1.19518743    1.21407033    1.22324271    1.15378337
U5VPQ0_9ACTN/755-897     1.00337531    1.13718085    0.96309826    0.85471786    0.94599639    0.98716955    1.04431602    0.91273277    0.94385535    1.23804393    0.94190550    0.96131781    0.92520503    0.90335927    1.04063497    0.92121942    0.96315294    1.05401116    0.91248972    0.80438120    0.99461286    1.03908852    0.97253143    0.86683948    0.70999449    0.65091864    0.78616529    0.70309364    0.00000000    0.89915635    1.01348937    1.36531967    1.35806502    1.30242394    1.46089214    1.34201235    1.48556453    1.16709001    1.17183740    1.26874159    1.26644970    1.51684104    1.47273596    1.37433390    1.24606085    1.41472284    1.46268427    1.68646948    1.88099043    1.82232180    1.56885842    1.54501074    1.39563855    1.35006483    1.49671788    1.66948715    1.55287253    1.54026685    1.49651893    1.55550114    1.40451304    1.43275471    1.39797381    1.48257499    1.43746078    1.47454331    1.67250699    1.55565048    1.71368729    1.64244599    1.64880460    1.44727308    1.40647867    0.71055798    0.81028373    0.97609141    0.95984727    0.68877141    0.65546226    0.74085338    0.87383907    0.96328622    0.91338510    1.13744874    1.25882450    1.21655468    1.02966668    0.97138620    0.88404138    0.97070102    0.85057830
W5WCE4_9PSEU/598-739     1.34218427    1.30687367    1.38472060    1.21012824    1.15435888    1.20372161    1.24147849    1.10593278    1.15567516    1.39980699    1.10825511    1.14850402    1.08058105    1.09562121    1.15968138    1.05556510    1.13939894    1.28723222    1.02761403    1.03880791    1.16695033    1.05653352    1.03394041    1.09189726    0.82481149    0.84101266    0.88834220    1.02058819    0.89915635    0.00000000    1.09447684    1.32769716    1.47274025    1.56041040    1.52537021    1.46102381    1.57728600    1.36632841    1.33083566    1.42755898    1.34475892    1.47379621    1.45464310    1.26564896    1.18017192    1.28866599    1.24006610    1.56919928    1.63742385    1.62307892    1.51458688    1.74083895    1.66384911    1.28625867    1.49158710    1.42833215    1.39741107    1.43196399    1.40919615    1.31397692    1.30515166    1.26757263    1.30204887    1.40400034    1.48472060    1.31343780    1.30918697    1.48923222    1.48964079    1.67879092    1.94004584    1.57352248    1.29525857    0.74870859    0.88613409    1.00457992    0.94173541    0.84485036    0.93601625    0.87788692    0.91994578    0.80661432    0.81407451    1.54076487    1.33188322    1.33734205    1.38464647    1.14655943    1.14542293    1.13912129    1.10421973
