167
MYO1_YARLI/763-958     0.00000000    1.03707934    1.07014099    1.10961913    0.99759809    0.94675918    0.95300307    1.01201233    1.10587927    0.98185325    0.93411813    1.00029657    1.30418696    1.31265873    1.09415094    1.01295326    1.02648593    1.05143724    1.02340495    1.07123400    0.94744730    1.07695932    1.09151409    1.07070605    1.10537361    1.08734340    0.96153538    0.95729687    1.02073824    1.12858633    1.18214564    1.14236663    1.14016331    1.08158518    1.10908150    0.97138803    1.08653313    1.12846228    1.08146914    0.98429756    1.01476484    1.03504026    1.20547954    1.12178476    1.18514653    1.06410096    1.06358231    1.06095274    1.12166136    1.18658446    1.05592421    1.11136431    1.72525433    1.85100385    2.01307943    2.51238621    2.70456708    2.66428460    2.60250675    2.97032489    2.58334665    2.46186711    2.67484918    2.77407466    2.76758349    2.56502543    2.54794048    2.49105204    2.51136327    2.49553771    2.50938934    2.36238862    1.95627487    2.05115531    2.75687421    2.27547117    2.52726065    2.80782589    2.56000582    2.52757298    2.33850875    2.50982036    2.56484729    2.50837825    2.51048782    2.92377735    2.65823575    2.71174153    2.77788667    2.76018320    2.76132277    2.73303305    2.94336058    2.75322345    2.74687219    2.53789832    2.45610862    2.65919751    2.51262896    2.66602284    2.62309421    2.76532112    2.82533441    2.72926672    2.29714372    2.52326526    2.29409940    2.18754206    2.54946809    2.31218002    2.12455599    2.06921745    2.03857792    2.03316912    2.11316882    2.00405260    2.29644142    2.14565693    1.78251352    1.97535136    2.60944599    2.02568251    1.90526317    1.88217565    1.97206632    1.97307049    2.15627995    2.09527717    1.96456285    1.98790343    1.98129008    2.50988320    2.14783908    2.13467181    2.10238538    2.21805575    0.90420973    0.90821426    1.06428520    1.03924202    1.00314082    0.97874707    0.95403221    0.99338355    0.95942952    1.00258492    1.01265755    1.00403432    0.98867809    0.97733490    0.96534951    0.91315884    0.93750352    0.94717067    1.04584496    0.94420922    1.08810043    1.03106376    0.98682412    0.97946658    1.02698147    0.91709128    0.93822046    0.99346928    1.05532403    1.13111726    1.02070886
G8Y1G8_PICSO/774-973     1.03707934    0.00000000    0.36658580    0.30764887    0.35278929    0.28249741    0.36624801    0.33665153    0.37640898    0.62777507    0.56494958    0.69414924    1.26351900    1.17913249    0.75778916    0.78111432    0.84571283    0.84767298    0.78587283    0.87844397    0.80253692    0.74050613    0.79331748    0.80201587    0.80165243    0.83641019    0.80875311    0.82952768    1.03516463    1.05847575    1.11956222    1.29063360    1.40307269    1.14656261    1.21146840    1.32589078    1.33592493    1.32347254    1.18695145    1.29451822    1.25762976    1.13281294    1.32720887    1.29697940    1.27078191    1.10963074    1.04183393    1.25105345    1.21662291    1.25539401    1.31563432    1.39319007    1.63586456    1.73116699    1.84122953    2.42006165    2.58636261    2.56574275    2.41027860    2.61059823    2.65494795    2.62969436    2.91116936    2.68032589    2.38618231    2.41278861    2.34638490    2.26486797    2.32216145    2.21603418    2.35368891    2.27472780    2.02268532    2.14472517    2.66805538    2.46754978    2.38709520    2.52392266    2.35319152    2.29755876    2.12003327    2.17592612    2.26483479    2.08267437    2.12351856    2.45032758    2.37116676    2.51616633    2.55352625    2.68975272    2.39406005    2.43131711    2.28316122    2.29562288    2.32646006    2.34605274    2.25535552    2.27390509    2.59264327    2.63171391    2.58305839    2.59288947    2.52029717    2.41259403    2.01421496    2.23460785    2.60239769    1.79348903    1.83590917    2.02137493    1.96872459    2.26598925    1.91174139    2.05156023    2.16043423    2.00154356    2.06237086    2.00247449    2.06738642    2.03391103    2.36048017    2.06832992    2.02514560    1.95185038    2.11369916    1.94971669    2.22089176    2.10705590    1.99437684    2.00318948    1.94739577    2.21822718    2.31652134    1.97855343    2.06641157    2.45874874    1.07148475    1.08902184    1.14848769    1.04465611    1.10263890    1.04971861    1.06900257    1.07240513    1.12028049    1.14924020    1.07113199    1.14061677    1.11794215    1.01068336    1.09176837    1.00147950    0.98059129    0.90238785    1.03166611    0.99768989    0.93564253    1.12485575    1.00623597    0.91928721    1.01888373    1.02599122    1.04561009    1.00099969    0.95201612    1.08205977    0.97154875
MYO1_LODEL/781-980     1.07014099    0.36658580    0.00000000    0.28704640    0.35901575    0.41736498    0.31580332    0.36983812    0.41444261    0.70503928    0.65850519    0.79044664    1.16554383    1.31071546    0.91515546    0.88710725    0.80362398    0.91020447    0.90657691    0.89198762    0.80093026    0.87119388    0.89678502    0.85278035    0.85059891    0.89542618    0.83869798    0.85244977    1.03102691    1.00859429    1.09464854    1.15891337    1.35182773    1.13962838    1.11465030    1.24019306    1.28297336    1.21747872    1.11944428    1.20770710    1.18935343    1.07454941    1.22648744    1.37504724    1.20597034    1.10411267    1.04817482    1.25877813    1.22116704    1.24823022    1.19144634    1.41220354    1.52086490    1.57180152    1.86739483    2.63335796    2.47472168    2.79588428    2.46790869    2.74605883    2.54294111    2.76265944    3.02190630    3.00386749    2.75024630    2.63642414    2.46844781    2.44939612    2.54061815    2.69980589    2.53485607    2.54480189    2.30737630    2.41242806    2.68069051    2.66642173    2.34840691    2.55227159    2.48577661    2.60236851    2.31074818    2.37934485    2.43406589    2.21300582    2.12798977    2.67996615    2.58301978    2.59378011    2.57518229    2.70415380    2.40444454    2.62924733    2.35755435    2.44610936    2.34965048    2.41014777    2.23921534    2.47706506    2.43419874    2.60230324    2.77122342    2.70568507    2.85328039    2.71577078    2.08759815    2.27739648    2.67353958    1.80624437    2.14135860    2.22435267    2.21906088    2.34927781    2.01258077    2.08608292    2.23065053    2.01581385    2.13572391    2.06656305    1.97422372    1.94421006    2.39193012    2.04334946    1.92340691    1.91332380    2.11920097    1.95052309    2.13902681    2.07164314    1.98939061    1.93538183    2.02228251    2.45825537    2.37545762    2.06807225    2.15718642    2.25372318    1.16093037    1.08300038    1.15917275    1.11234484    1.07442563    1.02507162    0.99830937    1.05161331    1.21656617    1.18915132    1.07944703    1.13107885    1.13843354    1.02691990    1.11396642    1.03724025    1.03180739    1.04691281    1.08105806    1.11678157    0.99809769    1.13717438    1.02164876    0.98980457    1.07744699    1.00536155    1.06873212    0.99475507    1.01649035    1.05412710    0.98178231
G8BIN2_CANPC/775-974     1.10961913    0.30764887    0.28704640    0.00000000    0.35305173    0.36379529    0.34341714    0.38677586    0.38616231    0.72092056    0.63437901    0.72376390    1.27648267    1.20777232    0.75962901    0.85146819    0.77700851    0.81239491    0.87263351    0.88703385    0.82847483    0.78134727    0.76279944    0.79560908    0.79102764    0.86677606    0.82236589    0.84459109    0.97448029    0.93561818    1.02355996    1.15515170    1.24742826    0.97149188    1.13622239    1.23468350    1.23634191    1.17956941    1.08651420    1.13336536    1.11654745    1.10439092    1.17240720    1.24663825    1.09324540    1.12765908    1.01720397    1.19148926    1.25516051    1.21354586    1.23564052    1.36397606    1.60856065    1.70523564    2.01328474    2.51633870    2.64448502    2.53221297    2.42371047    2.60196246    2.57851100    2.46502777    2.89366455    2.88298817    2.73276957    2.43752860    2.35466564    2.31395486    2.37594161    2.44362544    2.61793366    2.38361697    2.27706282    2.41663715    2.76888691    2.60585535    2.40492272    2.57783772    2.49389753    2.60229796    2.30468667    2.33828482    2.37912808    2.27561762    2.13062803    2.52844488    2.44217713    2.49937282    2.60495347    2.65215874    2.38213707    2.45369265    2.42186365    2.35529317    2.35368031    2.29855816    2.27866710    2.30658256    2.53487130    2.63926954    2.83058369    2.73393968    2.71558387    2.58717630    2.09347715    2.28715461    2.73031978    1.83975290    2.03713391    2.31355773    2.24402793    2.28081402    1.99465271    1.99618757    2.08401936    2.13909714    2.32771468    2.21666801    2.09770234    2.04823111    2.45137408    2.06464114    1.87856086    1.95684547    2.11458819    1.92926408    2.21104599    2.14434983    2.11470396    1.89630444    2.04017658    2.43068270    2.44888785    2.08609557    2.16664962    2.34383593    1.02313913    1.03083248    1.03707843    0.96251514    0.94360925    0.92867551    0.89870571    0.92163188    1.09372376    1.02858749    0.99165897    0.99246459    1.01947700    0.93998111    1.08620964    0.97169148    0.94102558    0.87924711    1.02493518    1.02896487    0.96510766    1.10734313    1.02164713    0.94097693    1.03009898    1.04015623    1.04969899    1.02530601    0.88948211    1.00867046    0.95621542
MYO5_CANAL/776-975     0.99759809    0.35278929    0.35901575    0.35305173    0.00000000    0.26749055    0.26861915    0.29354833    0.30101825    0.65674111    0.64365536    0.66055218    1.29451703    1.14739235    0.76595203    0.75935289    0.77519292    0.76843522    0.79348581    0.81415592    0.73961440    0.76911402    0.77592142    0.77200831    0.76994109    0.78863191    0.78084560    0.80070682    0.87751530    1.04646188    0.97190656    1.15631394    1.28639028    1.17372013    1.03384743    1.16695165    1.18420738    1.22291306    1.14613221    1.15884982    1.08566518    1.03811722    1.18821884    1.27620810    1.08225491    1.07231271    1.07897018    1.25654605    1.19802642    1.28157941    1.18217132    1.35386693    1.38847135    1.41765668    1.86142558    2.33457680    2.35309631    2.64368059    2.33774306    2.65239907    2.39404699    2.59215742    3.10864630    2.81339845    2.59506341    2.52806592    2.43780035    2.32643076    2.44121388    2.42447933    2.46269878    2.32628497    2.11641499    2.34502936    2.63358041    2.46532969    2.43937619    2.72010980    2.54028392    2.58624556    2.48085503    2.23295565    2.30575568    2.44127472    2.31733613    2.71864136    2.44562949    2.52627193    2.41134831    2.56937092    2.42304217    2.40961226    2.42296356    2.36010168    2.46688858    2.31788993    2.28057622    2.22385753    2.51468855    2.40675941    2.48426805    2.61745090    2.63447561    2.43395944    1.81009066    2.09053284    2.59833460    1.83404356    2.05840269    2.17785881    2.10858546    2.05670657    1.86878442    1.82736170    1.92776156    1.77451557    2.20495508    2.07208075    1.73910570    1.93884782    2.35017700    1.90829679    1.73104077    1.82888653    2.05399986    1.91044667    2.13418481    1.99309396    1.93485491    1.86277285    1.87683002    2.25419555    2.45817400    2.04296084    2.06006184    2.33297844    0.99736519    0.99039672    1.13057076    0.97232394    0.97801689    0.91320733    0.92691076    1.00216073    1.10736552    1.12826892    1.05717440    1.09507001    1.09272908    0.95289885    1.10921172    0.93209927    1.01054634    0.92630209    0.96211385    1.05450725    0.88665767    0.98695376    0.89313694    0.84969646    0.97543609    0.95271820    0.96684744    0.99333630    0.88314514    0.94677061    0.87485722
MYO1_DEBHA/775-972     0.94675918    0.28249741    0.41736498    0.36379529    0.26749055    0.00000000    0.29727307    0.33406062    0.34765832    0.57312370    0.63416423    0.74528788    1.25966811    1.09703027    0.74812962    0.74696376    0.75178500    0.78116425    0.76254234    0.77899401    0.75716402    0.73329210    0.78180330    0.75138890    0.78231546    0.77239123    0.68609256    0.75471078    0.92962117    1.04954765    1.08436828    1.17780881    1.24370442    1.15597095    1.08899048    1.21585560    1.26315800    1.25003102    1.19530269    1.20192512    1.12058891    1.12654904    1.19476860    1.34303131    1.19600507    1.03694547    1.02476107    1.20124966    1.23462637    1.28395570    1.30027272    1.37552509    1.60095975    1.68783132    1.82184141    2.50561933    2.59324841    2.70756576    2.36145709    2.57285370    2.55363928    2.45114490    3.00256705    2.72437276    2.71372791    2.36835375    2.33649949    2.37860971    2.32978959    2.26021987    2.36692954    2.32457215    2.05265338    2.03281060    2.46801559    2.31626304    2.34924353    2.50240794    2.54708249    2.56395003    2.33288417    2.26377778    2.28922444    2.14671167    2.26208194    2.66275675    2.48168592    2.54810296    2.54019939    2.62870408    2.42824446    2.48133888    2.55989103    2.39804339    2.49822946    2.30391796    2.37658999    2.38882211    2.50234095    2.43327349    2.43713493    2.60922612    2.54567785    2.50335433    1.99128506    2.22789625    2.64387414    1.88639107    2.06319767    2.33153094    2.26067079    2.21518066    1.83816821    1.82068952    1.90350303    1.66198078    1.99280735    1.92829036    1.85412902    1.92285307    2.24025456    1.88731912    1.76536452    1.80910787    1.97532656    1.78652839    2.05320039    2.01294912    1.83000156    1.84110160    1.87603755    2.52397579    2.31901453    2.10447655    2.15168730    2.20015987    0.99583198    1.00619832    1.06971724    0.95424468    0.93057219    0.89130954    0.90331600    0.88350579    0.96117701    1.04338324    1.05188302    1.05133075    1.08721810    0.96951092    1.13140118    0.96038292    1.02336569    0.94370303    0.97486356    0.95885512    0.88066557    1.03982300    0.92564442    0.91200763    1.00414972    0.93934120    0.98906849    1.01331238    0.85505141    1.04345448    0.93191108
C5MDY2_CANTT/773-972     0.95300307    0.36624801    0.31580332    0.34341714    0.26861915    0.29727307    0.00000000    0.30228281    0.34428914    0.67901215    0.58471809    0.72701553    1.13223698    1.21334647    0.80727262    0.78706112    0.69815105    0.76149310    0.76583656    0.86538705    0.74580766    0.78851198    0.79004114    0.76425627    0.75893329    0.76935563    0.75750365    0.75796323    0.94348454    1.04479065    1.03344109    1.18491407    1.32357093    1.15240186    1.08167450    1.14517340    1.18061964    1.22331596    1.16094802    1.22023878    1.08576060    1.04324694    1.18128806    1.28399525    1.11219703    1.03075136    1.00961920    1.25779006    1.18374070    1.18023541    1.28528476    1.44810322    1.43358191    1.53104012    1.76731253    2.48679510    2.61942630    2.86561676    2.55266742    2.77464472    2.47051794    2.69357472    2.96053646    2.92013267    2.69115015    2.61706490    2.39408992    2.40563881    2.51196077    2.40949797    2.51615383    2.38768766    2.03425309    2.25436601    2.65125113    2.59947714    2.44784269    2.66125425    2.63093929    2.61674031    2.43670204    2.34734241    2.37963716    2.32847223    2.48508318    2.78697018    2.62013569    2.79441414    2.71429009    2.83727381    2.57266995    2.60027488    2.61356743    2.59167662    2.58970530    2.49964830    2.52728832    2.46367104    2.35487147    2.54481137    2.65495999    2.69849547    2.77625739    2.59248354    1.89437307    2.28386054    2.67430591    1.85146488    2.07475085    2.21753719    2.23242819    2.19001088    1.97915629    1.86015958    2.01893305    1.85710148    2.07308689    2.01885352    1.95778936    1.94641152    2.40565450    1.93273646    1.84830008    1.89331991    2.05764671    1.85729501    2.10369029    2.15952760    1.84174653    1.93399833    2.00804377    2.32227240    2.36439429    2.01252911    2.13695534    2.20037368    1.03964673    1.01975001    1.08022265    1.02559264    0.99759018    0.96568953    0.90187341    0.99270889    1.05418160    1.11693015    0.99020027    1.02707712    1.09228406    0.99812662    1.09138064    1.00122309    0.97805620    0.95798049    1.00761958    0.93286359    0.93453077    1.09588273    0.92487980    0.92207039    1.00895819    0.93254218    0.95346697    0.98608533    0.94509540    0.93292252    0.99311726
G3AEP0_SPAPN/772-971     1.01201233    0.33665153    0.36983812    0.38677586    0.29354833    0.33406062    0.30228281    0.00000000    0.33885494    0.72487717    0.65730441    0.74865852    1.33555443    1.15518771    0.84948520    0.79261483    0.80102718    0.86991022    0.83783098    0.87163075    0.77884721    0.81929318    0.88082751    0.82122200    0.83574240    0.83630155    0.83497301    0.84481288    0.96665884    1.03686238    1.11340377    1.22852245    1.27434765    1.14908395    1.18378428    1.29754113    1.28238295    1.22998746    1.13947555    1.25664262    1.17739864    1.05104713    1.16267734    1.27974774    1.18074074    1.08611115    1.04701418    1.27228294    1.20778741    1.21861066    1.12697463    1.29099204    1.47602820    1.59174328    1.75245904    2.25945568    2.27574347    2.60436729    2.29503376    2.53772382    2.47760848    2.61621913    3.02526213    2.86882693    2.58405783    2.39241586    2.17448390    2.19349962    2.31719686    2.38953190    2.45654408    2.35957161    2.02762222    2.18452051    2.61114332    2.48694771    2.48737150    2.66594821    2.54523569    2.55505234    2.32670370    2.28615805    2.32175688    2.16069907    2.20713729    2.51223129    2.34661270    2.64756999    2.59311553    2.76259788    2.53861271    2.61833543    2.51360632    2.36908317    2.36340985    2.35748296    2.23098767    2.38792594    2.39057260    2.44740732    2.55226634    2.55258463    2.60943947    2.49347073    1.84255897    2.32205300    2.58605813    1.68540031    1.98118185    2.15520344    2.18601361    2.11061550    1.76374670    1.89489115    1.97130130    1.68622103    2.13858744    2.03462316    1.79178109    1.92342875    2.15803352    1.91777256    1.73498327    1.72587427    1.86074743    1.76377158    1.96120478    1.93262316    1.74332306    1.88043555    1.93922621    2.35589197    2.18257757    1.94828510    2.03965720    2.18909972    1.02464131    0.92362930    1.06256843    0.91644866    1.00327313    0.92164141    0.95799226    1.03934647    0.99508122    1.09234530    1.03530469    1.06048996    1.08590961    0.88692847    1.04519703    0.91539771    1.00533570    0.87600769    0.86811689    0.90711938    0.82381772    0.94162981    0.87771367    0.82740787    0.91542199    0.88411501    0.93204582    0.89665329    0.81367635    0.90839036    0.89654732
MYO1_PICST/769-968     1.10587927    0.37640898    0.41444261    0.38616231    0.30101825    0.34765832    0.34428914    0.33885494    0.00000000    0.68332610    0.59566797    0.69222733    1.35817251    1.17859616    0.78876804    0.79060051    0.85334579    0.82752544    0.85504104    0.88984619    0.81116461    0.77769718    0.80782349    0.83701017    0.83800667    0.87396938    0.90724760    0.86390419    0.95220956    1.07339748    0.99564860    1.15977065    1.22864823    1.06252470    1.13294788    1.21298457    1.20318090    1.17986039    1.08815148    1.12132513    1.07407660    1.07351035    1.15628219    1.29369446    1.14569728    1.03425357    0.98069729    1.26271840    1.16864501    1.25606854    1.30128395    1.45909662    1.52862717    1.61707658    1.83711648    2.29244933    2.42559726    2.75723453    2.50137242    2.56928439    2.37358201    2.65094233    2.94895928    2.80478936    2.77703885    2.48413672    2.35949290    2.34194349    2.45671021    2.42222614    2.45016660    2.37156508    2.13467761    2.21942869    2.76866041    2.66260248    2.30398276    2.46859579    2.46472780    2.54234159    2.36733490    2.38594086    2.47274731    2.26504375    2.25716051    2.56124063    2.61690057    2.68991004    2.61270868    2.76856320    2.51925476    2.52158869    2.31816435    2.32632917    2.31704082    2.19127936    2.19838282    2.35101684    2.53338726    2.48218635    2.62885005    2.60374837    2.73829290    2.60776958    2.00775450    2.30579089    2.47888658    1.68936333    2.02547235    2.09256103    2.08685362    2.11075221    1.82812887    1.85207672    2.06081216    1.87034663    2.25887129    2.16517084    1.93791774    2.01502415    2.33741850    1.96031313    1.81975727    1.94176321    2.13824375    1.94112534    2.16286563    1.96521146    2.06918066    1.89005433    1.97404016    2.26597375    2.51005625    2.01335007    2.00423929    2.02144503    0.96729071    0.96243422    1.13195969    0.94538665    0.98795240    0.95770905    0.99995025    1.01506210    1.05675427    1.06663815    0.97062115    1.00917903    1.03518773    0.96788140    1.14668723    0.97884336    1.07676512    0.97905672    1.05568420    1.09705079    1.00302183    1.10524327    1.01952881    0.95355429    1.14963594    1.01167161    1.04773397    1.00873168    0.96085688    1.06643993    0.94883299
W1QKY9_OGAPD/767-963     0.98185325    0.62777507    0.70503928    0.72092056    0.65674111    0.57312370    0.67901215    0.72487717    0.68332610    0.00000000    0.56423840    0.72610217    1.23945390    1.18723942    0.69663573    0.80350276    0.72662325    0.80167402    0.77445611    0.85003684    0.73471958    0.79846946    0.86643701    0.81972734    0.79667209    0.82968509    0.80327187    0.76814564    1.11359974    0.99003907    1.08216810    1.25563344    1.22380906    1.23917919    1.18240069    1.22121954    1.20654343    1.26552481    1.12427530    1.07503694    1.20039526    0.96683668    1.18486391    1.15884877    1.29552803    0.91692918    1.04428892    1.15144498    1.24921629    1.36032079    1.35101975    1.37817978    1.79439524    1.68032456    1.91887583    2.42298217    2.58717678    2.57104093    2.32685559    2.49915787    2.66044318    2.62960539    2.78258501    2.45144458    2.46240974    2.53389902    2.51774335    2.50383670    2.44560744    2.33268330    2.24120531    2.26249881    2.05687847    2.18743985    2.46620763    2.42259699    2.38368370    2.64475863    2.34862300    2.54464668    2.32411515    2.29046198    2.38015323    2.26390082    2.31567538    2.62626476    2.58779352    2.70862507    2.79438345    2.84216630    2.44117357    2.63532451    2.41082731    2.63380767    2.67381275    2.55011388    2.37176615    2.70906713    2.57470930    2.63975792    2.85809984    2.95194709    2.90963703    2.62798383    1.85888996    2.39889511    2.35194166    1.59107037    1.67868099    1.96759410    2.01646015    1.84932514    1.77977627    1.60923360    1.97800046    1.95764966    1.95929213    1.76606834    1.68466390    1.76427001    2.30177237    1.77307935    1.70338176    1.61789969    1.76618152    1.78680555    1.80373400    1.73667746    1.71113278    1.54778008    1.63527036    2.16983139    2.20603366    2.14688002    2.14680460    2.27578198    1.14856699    1.04653115    1.10234858    1.09239176    1.02477240    0.95978666    1.03881492    0.97000056    1.01462354    1.03506558    1.02793290    1.15787653    1.10467635    0.91998466    1.06068152    1.03068366    0.98597906    1.06282926    1.03976694    1.01026063    1.05782096    1.16024777    0.99039360    0.99649540    1.04704578    1.06767952    1.05554358    1.06273323    0.96862250    1.20892423    1.08617664
C4R8F3_KOMPG/765-959     0.93411813    0.56494958    0.65850519    0.63437901    0.64365536    0.63416423    0.58471809    0.65730441    0.59566797    0.56423840    0.00000000    0.61938571    1.13321662    1.16126525    0.73767249    0.84487553    0.80428160    0.76236854    0.74572226    0.89376837    0.76471870    0.75339594    0.88381010    0.85053383    0.84937025    0.83426872    0.83121142    0.80983556    1.06331901    0.97170145    0.94555086    1.23128086    1.19891118    1.06420004    1.15523726    1.29509988    1.32006969    1.33932007    1.16540997    1.20476709    1.17224404    1.07856776    1.25875188    1.18752248    1.27527197    1.07392251    1.03982926    1.31509782    1.35940208    1.44260707    1.38371993    1.49252851    1.81799305    1.74931731    2.05881937    2.57094671    2.97447647    2.90716331    2.66252333    2.58216359    2.79572848    2.81241326    3.45130895    3.15061122    2.66963476    2.73103593    2.69932767    2.70603854    2.63745086    2.49474286    2.38770064    2.56396005    2.31871646    2.48477604    2.87418134    2.75323589    2.54876717    2.56276121    2.91213502    2.95214777    2.72053392    2.84865757    2.87780753    2.73069296    2.53916707    2.87619232    2.86933302    2.84507181    3.07755778    3.18289324    2.90047947    2.84300408    2.42727919    2.89408427    2.80761795    2.54154222    2.68812255    2.57954183    2.78159328    2.77173347    3.14921746    2.90816345    3.16904243    3.10149161    2.18590082    2.86017557    2.54419540    2.16757687    2.18336442    2.20254380    2.23749816    2.16612721    1.91283465    1.86683424    2.05141600    2.12257990    2.26119718    2.23546147    1.97699806    1.95916311    2.42685260    2.13716524    1.94175487    1.98012446    1.99956205    1.96611125    2.02505049    2.11422159    1.89494744    1.97127592    2.00008958    2.45406432    2.42209757    2.18531564    2.20456796    2.21643871    1.13052874    1.11529681    1.03227011    0.97172586    0.99069617    0.98353850    1.01933519    1.07142985    1.06334313    1.07889556    1.01148761    1.12637620    1.11047364    1.00672004    1.06796864    1.06487493    0.99613258    1.04240111    1.15262245    1.01075664    1.04524547    1.22797844    1.03210298    1.04701301    1.15129677    1.12961039    1.15234164    1.07125151    1.01805819    1.10086724    1.04419877
K0KC88_WICCF/760-956     1.00029657    0.69414924    0.79044664    0.72376390    0.66055218    0.74528788    0.72701553    0.74865852    0.69222733    0.72610217    0.61938571    0.00000000    1.13481767    0.85288711    0.68722318    0.56520996    0.59838997    0.56297140    0.58265505    0.71872053    0.59057689    0.58949378    0.63261516    0.57301846    0.56335507    0.68581080    0.66343138    0.64897868    0.97472550    1.00888926    1.06276793    1.13633564    1.12957983    0.96139406    1.07341035    1.21257973    1.24878255    1.15517565    1.06182434    1.06888343    1.14278338    1.10600008    1.25533209    1.08858227    1.16221798    1.06585052    1.09833889    1.14304267    1.31260568    1.32305713    1.30884286    1.45495805    1.90919175    1.84500821    1.94233355    2.07667535    2.69658783    2.46209004    2.49895694    2.42241154    2.79104741    2.61749045    2.74476318    2.59636204    2.66930755    2.98908525    2.85312090    2.79010826    2.82744292    2.54139757    2.54862427    2.43184006    2.16184074    2.29227337    2.70902082    2.70184495    1.98433189    2.52610556    2.08653757    2.16244026    2.12151310    2.28173294    2.48302589    2.62594906    2.33573085    2.76234895    2.63138146    2.15612800    2.23624956    2.27214437    2.11595631    2.26163719    2.20401146    2.31262469    2.24855382    2.25717151    2.30666148    2.24120977    2.33362007    2.38393909    2.84671403    2.81978883    2.87882294    2.71002542    2.31921231    2.58193238    2.51210132    1.89625044    1.95625603    1.94870297    1.85529004    2.13013003    1.96101709    1.81667986    1.83376293    1.96704597    1.99288540    1.95721736    1.93629193    1.73544542    2.29274312    1.91183456    1.82108929    1.74294266    1.91298203    1.84590888    1.97173554    2.10704589    1.91105157    1.96831394    1.98122984    2.37340144    2.43997275    2.14521770    2.09474098    2.09740148    1.09073578    1.05570778    1.13462845    1.02257102    1.05924775    1.02108670    1.14053916    1.16885778    1.03039714    1.06886103    1.03499440    1.09275913    1.04009125    0.99547288    1.04073366    1.01297066    1.05155568    1.00490124    1.22669519    1.05962418    1.08330356    1.21528749    1.06005947    1.08120289    1.17312821    1.15733579    1.14916633    1.07387514    1.06684135    1.16616948    1.10414715
I2H8V0_TETBL/770-965     1.30418696    1.26351900    1.16554383    1.27648267    1.29451703    1.25966811    1.13223698    1.33555443    1.35817251    1.23945390    1.13321662    1.13481767    0.00000000    0.90176536    0.85316021    0.79624843    0.84569454    0.93091273    0.91278988    0.95175980    0.80966901    0.82165569    0.85092007    0.85843553    0.79249368    0.86329690    0.77792532    0.97057323    1.47542899    1.28953977    1.25764766    1.45664248    1.40983366    1.32743180    1.36088587    1.44907658    1.55146940    1.44826437    1.37784902    1.31900198    1.42515492    1.31133101    1.63198015    1.44819675    1.39332281    1.51667540    1.36809099    1.45240878    1.61997571    1.67766945    1.53205214    1.56320288    1.94148770    1.85328554    1.89943667    2.87637021    2.60365913    2.83266685    2.58013555    2.55375395    2.74283581    2.59836240    3.05732916    3.33967996    2.94231833    2.69300134    2.76264796    2.64220345    2.66991320    2.36574146    2.54705899    2.64994137    2.39077778    2.68604479    3.08586245    2.83509977    2.54772546    2.46187969    2.53412032    2.36337650    2.31514097    2.61597549    2.57360076    2.54914144    2.41551164    2.72968361    2.62566520    2.60434913    2.74287364    2.79453907    2.53628739    2.72125069    2.79378084    2.80208663    2.59181966    2.24947662    2.43226827    2.63481739    2.43857309    2.61458091    2.97240590    2.86279513    3.12986249    3.04439845    2.25387423    2.32853122    2.46510041    2.19144146    2.36071690    2.54905273    2.47737236    2.23991597    2.21155741    1.84997341    2.03626469    2.14634470    2.13267476    2.16221895    2.22385719    1.95730452    2.32682546    1.93018172    1.91829693    1.85491556    1.90099646    1.84443977    1.92613758    2.00435939    1.89230628    2.06577290    1.87193749    2.57572774    2.35855552    2.18365654    2.09938708    2.58833378    1.43705642    1.56723322    1.54231716    1.30461667    1.47125718    1.43236392    1.43637612    1.42737861    1.56129619    1.46534860    1.35595903    1.53826926    1.51691312    1.50898635    1.46712348    1.53924907    1.34485183    1.46115236    1.52126087    1.43529026    1.53149415    1.64107324    1.56131472    1.59541946    1.60245962    1.48558710    1.53688849    1.56815106    1.54036483    1.54473471    1.55980694
MYO3_CANGA/762-957     1.31265873    1.17913249    1.31071546    1.20777232    1.14739235    1.09703027    1.21334647    1.15518771    1.17859616    1.18723942    1.16126525    0.85288711    0.90176536    0.00000000    0.61718599    0.56215324    0.73359122    0.73622112    0.67549592    0.66694578    0.68915627    0.58347826    0.70474662    0.66246516    0.57662732    0.56035393    0.77552050    0.68891043    1.35410618    1.42171875    1.36856353    1.52028198    1.44795981    1.29262679    1.41051810    1.68883190    1.67541189    1.53764346    1.45997156    1.31189621    1.42700898    1.23706127    1.57512615    1.41353154    1.53669893    1.30316390    1.38049515    1.49785021    1.44663645    1.63035123    1.47424467    1.53490743    1.98838161    2.07120589    2.08679972    2.63711237    2.47835711    2.52492455    2.46659314    2.45170713    2.78684561    2.32467732    2.99383822    2.70101878    3.01746169    2.57451042    2.73370404    2.60581561    2.77928057    2.44847353    2.63499192    2.70834657    2.20852421    2.41395438    3.04105014    2.31000922    2.13637832    2.54466580    2.31081992    2.29383197    2.25212289    2.37269141    2.58814858    2.60734497    2.47667787    2.72830949    2.72429508    2.33009316    2.43812552    2.56875030    2.42755449    2.39985327    2.39817703    2.42817103    2.37549188    2.09354519    2.30812402    2.38330140    2.46409500    2.68453654    2.77605138    2.62252104    2.89941639    2.75823278    2.34450150    2.93342998    2.65534856    2.34330579    2.75661586    2.23997274    2.21353862    2.32084153    2.07088438    1.87150664    1.91213547    2.15979333    2.33482595    2.09487749    2.13687571    2.22992730    2.31261481    2.00438522    1.91505889    1.99409782    1.96200155    1.95338585    1.93931349    2.14163956    1.79081415    2.04715900    2.06470885    2.24151408    2.47499985    2.27092871    2.23443542    2.37267082    1.38935818    1.35633612    1.44837478    1.27474034    1.37851542    1.31754382    1.35915816    1.41914369    1.30428502    1.30966334    1.39921033    1.44870136    1.50449187    1.37973450    1.40797101    1.42876507    1.32664151    1.37082577    1.46684441    1.31835790    1.40490633    1.36408939    1.24606477    1.39334419    1.35414516    1.33428055    1.43417364    1.37748549    1.29708006    1.48971243    1.36473477
I2H017_TETBL/762-957     1.09415094    0.75778916    0.91515546    0.75962901    0.76595203    0.74812962    0.80727262    0.84948520    0.78876804    0.69663573    0.73767249    0.68722318    0.85316021    0.61718599    0.00000000    0.35967150    0.48722610    0.48272627    0.43843373    0.52288698    0.47616753    0.44601605    0.53814638    0.47774239    0.43614644    0.49977649    0.53913847    0.55169224    1.02764046    1.07651047    1.02802968    1.25317417    1.21497235    1.02774245    1.12670468    1.28382007    1.26934305    1.14522213    1.10833304    1.06250477    1.16912994    1.10294318    1.31169142    1.13956379    1.24841703    1.09598192    1.08452556    1.17030880    1.35318931    1.36884870    1.44531820    1.41341470    1.80868442    1.83873850    1.90869959    2.37392625    2.54496183    2.64430696    2.61032808    2.63279695    2.64384780    2.42587630    2.78912488    2.54468368    2.96913959    2.68087232    2.60986721    2.50596694    2.64798477    2.32383875    2.27233362    2.53490563    2.19176597    2.21956144    2.77246626    2.33083788    2.18694387    2.59474216    2.49591215    2.51135388    2.30922461    2.53655140    2.63970533    2.67676605    2.60017779    2.78831483    2.72449724    2.47577040    2.47324256    2.53803458    2.46653158    2.50796804    2.37220919    2.52492942    2.45795134    2.22644615    2.32827090    2.67514841    2.57238776    2.44435410    2.70542181    2.69129299    2.81249642    2.58782982    2.26761602    2.57031550    2.49268508    1.82790482    1.75543675    2.03950683    1.98654469    2.00060821    1.92000039    1.54281040    1.73786494    1.83081065    2.01070335    1.93272652    1.73791562    1.69424791    1.99452990    1.64605322    1.57575423    1.70469758    1.71155093    1.61163566    1.66099517    1.68025509    1.58538486    1.69657941    1.64361452    2.28442417    2.26148404    2.01114619    1.96077284    2.18370290    1.05409228    1.03234432    1.16880696    1.07945795    1.00255896    1.00872781    0.98501543    1.02838088    1.13482951    1.05407816    1.08665879    1.15840505    1.17965980    1.05252068    1.06562724    1.14294307    1.03187569    1.08369335    1.08719481    1.03212998    1.08611680    1.11769928    0.97177602    1.05050337    1.13036225    1.08640867    1.13839099    1.08489521    0.96069678    1.16706593    1.04908277
MYO5_YEAST/760-955     1.01295326    0.78111432    0.88710725    0.85146819    0.75935289    0.74696376    0.78706112    0.79261483    0.79060051    0.80350276    0.84487553    0.56520996    0.79624843    0.56215324    0.35967150    0.00000000    0.31422015    0.33538862    0.28104489    0.41061400    0.29328836    0.27782378    0.41284582    0.28788010    0.23523976    0.30489048    0.38125565    0.42067247    1.04594459    1.08545513    1.09340457    1.26713387    1.13812540    0.99034840    1.16872751    1.25881928    1.18550934    1.17783467    1.11868887    1.09070436    1.11838754    1.05554050    1.26332172    1.17393098    1.26529748    1.12589716    1.10808137    1.10986008    1.29413478    1.30301172    1.35170442    1.34082870    1.91517907    1.90910176    1.94523017    2.20278333    2.37245882    2.38015548    2.49206368    2.41757208    2.57740182    2.23634329    2.95809657    2.67839678    2.68117347    2.66436233    2.61845938    2.58459703    2.68299886    2.49557198    2.54525628    2.56319563    2.09715154    2.29246442    2.71160718    2.40629557    2.11493548    2.51495881    2.29297381    2.35774495    2.20735722    2.20800502    2.38401235    2.33457965    2.33839978    2.60365072    2.52300612    2.53050634    2.75969046    2.76812336    2.44607189    2.56321646    2.45352285    2.37185809    2.29102623    2.12346553    2.28628822    2.49595413    2.34415486    2.65893722    2.56895562    2.68293081    2.78951204    2.60231221    2.19873533    2.74074331    2.45404092    1.85017123    2.03340924    1.99306050    1.94724712    2.11129204    1.83087683    1.69033541    1.79580853    1.86254043    2.01422076    1.85749229    2.05678550    1.75627910    2.17927838    1.70221534    1.62457007    1.57023216    1.60562821    1.51639197    1.65355672    1.69712407    1.50547970    1.76074815    1.74539311    2.26965519    2.10850247    1.94745815    1.90406883    2.22119592    1.07030295    1.13753972    1.12655894    1.05215470    1.06850517    1.01376026    1.01855146    1.07748526    1.11218719    1.07985919    1.06274348    1.17210837    1.11551499    1.03408836    1.11813572    1.09215447    1.03568241    1.08023285    1.14476990    1.07891941    1.08982731    1.17788372    1.05576266    1.08243513    1.19226494    1.09288080    1.19680914    1.01545600    1.06881611    1.19472530    1.14705318
