13
K1Q262_CRAGI/105-444     0.00000000    0.83603539    0.71200714    0.58816843    0.57434034    0.56533921    0.55777821    0.55128001    0.87337275    0.58539649    0.56916092    0.57594792    1.00785736
A7T0W2_NEMVE/98-443     0.83603539    0.00000000    0.90706278    0.87716631    0.83764374    0.83263829    0.84998826    0.82916284    0.99610779    0.84279094    0.80171653    0.80288144    1.26200850
T1JW45_TETUR/27-371     0.71200714    0.90706278    0.00000000    0.52367746    0.54767127    0.51534637    0.51898967    0.67888790    0.93253005    0.72206619    0.68457624    0.71137203    1.00403553
J9K791_ACYPI/118-464     0.58816843    0.87716631    0.52367746    0.00000000    0.20460530    0.20081955    0.20626761    0.55613861    0.81253701    0.61998117    0.60909591    0.64934211    1.05952620
H9IXE2_BOMMO/113-459     0.57434034    0.83764374    0.54767127    0.20460530    0.00000000    0.18223992    0.14970125    0.52491282    0.76855975    0.57118320    0.57514759    0.58367552    0.97106329
E0VDW0_PEDHC/102-448     0.56533921    0.83263829    0.51534637    0.20081955    0.18223992    0.00000000    0.13567758    0.55480120    0.78867728    0.59485536    0.59472117    0.63148780    1.01992758
Q16FI1_AEDAE/113-459     0.55777821    0.84998826    0.51898967    0.20626761    0.14970125    0.13567758    0.00000000    0.52047225    0.80492462    0.61496147    0.58514950    0.61760870    1.00697745
C3Y2N3_BRAFL/123-461     0.55128001    0.82916284    0.67888790    0.55613861    0.52491282    0.55480120    0.52047225    0.00000000    0.75366165    0.48777999    0.47689156    0.47754682    0.86309220
F6XUA1_CIOIN/104-478     0.87337275    0.99610779    0.93253005    0.81253701    0.76855975    0.78867728    0.80492462    0.75366165    0.00000000    0.69423648    0.70311692    0.70749140    1.19286693
I3KWJ2_ORENI/106-449     0.58539649    0.84279094    0.72206619    0.61998117    0.57118320    0.59485536    0.61496147    0.48777999    0.69423648    0.00000000    0.18418822    0.19740767    0.48652308
G3W069_SARHA/107-450     0.56916092    0.80171653    0.68457624    0.60909591    0.57514759    0.59472117    0.58514950    0.47689156    0.70311692    0.18418822    0.00000000    0.08377222    0.36680087
NELFB_HUMAN/107-450     0.57594792    0.80288144    0.71137203    0.64934211    0.58367552    0.63148780    0.61760870    0.47754682    0.70749140    0.19740767    0.08377222    0.00000000    0.28449079
W5NSK3_SHEEP/134-480     1.00785736    1.26200850    1.00403553    1.05952620    0.97106329    1.01992758    1.00697745    0.86309220    1.19286693    0.48652308    0.36680087    0.28449079    0.00000000

