12
Q8R6Q6_CALS4/30-257     0.00000000    2.75686635    2.72912240    2.63513366    2.60923641    2.43565885    2.63484742    2.54650993    3.08484551    2.86779320    2.45363537    2.35092792
Q8R6Q5_CALS4/31-262     2.75686635    0.00000000    2.14165440    2.80076517    3.16668757    2.89058607    3.57428497    3.56489774    3.32418633    3.39763629    3.09162912    4.04360470
Q8XNZ6_CLOPE/36-271     2.72912240    2.14165440    0.00000000    2.99941450    2.90153661    3.08020128    2.96050026    2.97302563    3.77475690    3.49077958    3.43224819    3.32690581
Q9RU13_DEIRA/34-261     2.63513366    2.80076517    2.99941450    0.00000000    1.22989994    1.29838913    2.07728511    2.40084150    2.25915658    2.22372640    2.11733927    2.55753988
Q8YSN2_NOSS1/42-267     2.60923641    3.16668757    2.90153661    1.22989994    0.00000000    0.49808932    2.42184330    2.57126163    2.77783808    2.75673704    2.60246016    2.68848485
P74757_SYNY3/4-229     2.43565885    2.89058607    3.08020128    1.29838913    0.49808932    0.00000000    2.71489637    2.90027525    2.66726685    2.63441795    2.46982603    2.95197632
Q8XNZ7_CLOPE/34-262     2.63484742    3.57428497    2.96050026    2.07728511    2.42184330    2.71489637    0.00000000    0.97672662    2.28781505    2.12335553    2.66019065    3.04898249
Q8DQP8_STRR6/34-260     2.54650993    3.56489774    2.97302563    2.40084150    2.57126163    2.90027525    0.97672662    0.00000000    2.56649282    2.24672985    2.71360709    3.16168233
Q9RXV2_DEIRA/42-276     3.08484551    3.32418633    3.77475690    2.25915658    2.77783808    2.66726685    2.28781505    2.56649282    0.00000000    1.42754770    2.81488176    2.92979657
Q9KZQ8_STRCO/62-294     2.86779320    3.39763629    3.49077958    2.22372640    2.75673704    2.63441795    2.12335553    2.24672985    1.42754770    0.00000000    2.79475610    2.75239760
Q8RF39_FUSNN/34-261     2.45363537    3.09162912    3.43224819    2.11733927    2.60246016    2.46982603    2.66019065    2.71360709    2.81488176    2.79475610    0.00000000    2.37555037
Q8R803_CALS4/28-251     2.35092792    4.04360470    3.32690581    2.55753988    2.68848485    2.95197632    3.04898249    3.16168233    2.92979657    2.75239760    2.37555037    0.00000000

