57
E0SJP1_DICD3/1-69     0.00000000    0.26226021    0.31080955    0.32522119    0.40437243    0.25157722    0.30950145    0.35787042    0.43106691    0.60044374    0.73395778    0.77789936    0.59300935    0.82162661    0.66111211    0.49908941    0.62823078    0.60650497    0.83214473    1.01710083    0.96315900    1.21394924    1.14134334    0.92244787    0.84716871    1.04843423    0.94013141    1.46640149    1.29042330    1.25806402    1.22381777    1.07141795    1.22771207    1.43770409    1.66616449    1.26853729    1.11602413    1.24583800    1.22287074    1.34501754    1.10212687    1.09667441    1.67855761    1.38799118    1.49227414    1.45060277    1.63908732    1.55850311    0.70446302    0.57343235    0.60391586    0.69069013    0.68754870    0.45802090    0.57322695    0.49042662    0.26716446
U3U217_9ENTR/1-69     0.26226021    0.00000000    0.25964999    0.30113808    0.48526082    0.27862646    0.34013299    0.34163385    0.51964493    0.64670399    0.74037711    0.74619436    0.60191409    0.80979731    0.68752509    0.56626838    0.69820280    0.57237450    0.83975927    1.03934650    1.14472129    1.21224464    1.14344548    0.88822742    0.76253692    1.10878439    0.98110793    1.39894407    1.26552008    1.33787899    1.23680180    1.25626106    1.26231088    1.42029770    1.60105218    1.30498950    1.27319387    1.23729278    1.48663507    1.32990215    1.22059400    1.06426885    1.59788500    1.60118070    1.65521628    1.41231498    1.73668944    1.62037501    0.65930939    0.66974523    0.71389051    0.69245465    0.76448539    0.47746049    0.51900685    0.45714664    0.25333422
D4GCK6_PANAM/1-69     0.31080955    0.25964999    0.00000000    0.28417028    0.49529139    0.31156529    0.35889646    0.40552597    0.48993905    0.59740878    0.67674076    0.67412284    0.57884347    0.70471737    0.59315566    0.44375410    0.59259698    0.52804066    0.77524916    0.82517238    0.93400005    1.16838199    1.01555838    0.72456217    0.64469431    1.02786311    0.90660830    1.30704224    1.23429729    1.04927792    0.94253390    0.94757498    1.23129185    1.21656958    1.65592927    1.23222269    1.14952794    1.10480704    1.32960691    1.27399596    1.03340135    1.04425489    1.51059102    1.37219927    1.53878486    1.39992839    1.66841623    1.64004735    0.63359944    0.61341253    0.64595096    0.69514686    0.69989395    0.45373835    0.65021662    0.49036041    0.32184314
Y179_YERPE/1-69     0.32522119    0.30113808    0.28417028    0.00000000    0.45875491    0.28227496    0.45555361    0.44573356    0.67204024    0.58445623    0.63451938    0.78949059    0.71420262    0.87324600    0.67790739    0.45904708    0.68527781    0.63079052    0.99679362    1.07127788    1.10267747    1.55652222    1.33814982    1.04172296    0.81500219    1.21226583    1.15381225    1.15179869    1.22617335    1.23186749    1.14740736    1.14333393    1.39158823    1.38646871    1.62023566    1.17826909    1.12586962    1.16976158    1.37580095    1.39586462    1.02256574    0.96921851    1.65033789    1.48889132    1.83372962    1.49664070    1.83868783    1.70675229    0.65087128    0.76802713    0.71834040    0.81056299    0.77145608    0.55152370    0.66213926    0.44302325    0.25714519
J7SKF7_MORMO/1-69     0.40437243    0.48526082    0.49529139    0.45875491    0.00000000    0.36732998    0.53733637    0.58673491    0.67853805    0.71937755    0.80743275    0.69514906    0.71821542    0.98054822    0.74025520    0.58585522    0.63430070    0.57767113    1.04352692    1.07169873    1.05174701    1.53217372    1.40118124    1.08199300    1.22667831    1.34365355    1.16121766    1.43852531    1.45076827    1.34137031    1.31661291    1.21660275    1.50513060    1.69893551    1.90213376    1.40131122    1.51493867    1.46822198    1.84775137    1.82446295    1.28463601    1.18197389    2.05579218    1.83349279    1.76836498    1.62175473    1.86277618    2.07572202    0.92568236    0.72225305    0.67278905    0.74442389    0.77728817    0.65729289    0.81630494    0.56597954    0.42261462
Y4061_PECAS/1-69     0.25157722    0.27862646    0.31156529    0.28227496    0.36732998    0.00000000    0.36535165    0.38814518    0.51551693    0.60547606    0.61269287    0.66470268    0.54408876    0.79919812    0.69820212    0.52301240    0.69704812    0.64022201    0.89634734    0.96587304    0.96943347    1.33933793    1.26677747    0.91788654    0.89522961    0.88732372    0.95542940    1.32245269    1.11376994    1.11367055    1.11590884    1.06714691    1.17432913    1.45981723    1.47197051    1.15633332    1.11960767    1.21123867    1.41416546    1.37320346    1.01248928    0.95014277    1.69723768    1.66407937    1.76326107    1.49596073    1.66356350    1.76949901    0.66470406    0.64571786    0.61339136    0.70856920    0.81517818    0.43182301    0.62572233    0.52225746    0.24691302
Y398_PHOLL/1-69     0.30950145    0.34013299    0.35889646    0.45555361    0.53733637    0.36535165    0.00000000    0.22677629    0.51173755    0.61058241    0.69578623    0.72302516    0.59070030    0.77068998    0.68627013    0.59141114    0.64863931    0.63146299    0.76572409    0.97244179    0.94632491    1.17624477    1.18014019    0.96584181    0.76019228    1.05154588    0.87606974    1.52345806    1.18692446    1.29829311    1.21879718    1.16431767    1.21103814    1.31967039    1.51487972    1.19047785    1.21638729    1.24054701    1.22528827    1.26581910    1.00655509    1.13930072    1.57648367    1.53318557    1.65267899    1.67777004    1.66139541    1.73298116    0.56676987    0.58237628    0.62113939    0.67614486    0.70337620    0.42731393    0.56088151    0.51184821    0.33627703
D3VEB1_XENNA/1-69     0.35787042    0.34163385    0.40552597    0.44573356    0.58673491    0.38814518    0.22677629    0.00000000    0.54683236    0.64260894    0.77358136    0.81243316    0.68536502    0.86567544    0.86056854    0.63866594    0.62115548    0.58142105    0.93110417    1.10890290    1.10518701    1.20308628    1.12958672    0.98088016    0.77022506    1.01308371    0.88779402    1.49761391    1.04770449    1.19529212    1.26585832    1.12739989    1.14317279    1.29542442    1.49093456    1.10851852    1.23780681    1.09461530    1.24979378    1.17978677    1.10766820    1.19110285    1.69942980    1.53661848    1.87373817    1.70861297    1.74369324    1.80495582    0.59851443    0.57145368    0.74279432    0.73209122    0.71297095    0.52846842    0.58761903    0.60682898    0.27813308
Q6LVE0_PHOPR/4-72     0.43106691    0.51964493    0.48993905    0.67204024    0.67853805    0.51551693    0.51173755    0.54683236    0.00000000    0.62472516    0.74990173    0.73690542    0.60910543    0.95729559    0.70281258    0.50367546    0.65458146    0.53030659    0.80984893    1.02419017    1.02935919    1.07682459    1.01554997    1.06648635    0.87011846    1.07120970    0.79629557    1.50957656    1.14300188    1.12173270    1.14102709    1.15493080    1.22128427    1.37220826    1.32262963    1.21025523    1.03354674    1.07508832    1.17449938    0.92581593    1.03138821    1.19906168    1.57757074    1.51671154    1.76723022    1.59869013    1.66869769    1.53694915    0.67874755    0.69664132    0.72501228    0.70131351    0.71667558    0.51506832    0.51723099    0.61469626    0.50721930
Y325_IDILO/1-69     0.60044374    0.64670399    0.59740878    0.58445623    0.71937755    0.60547606    0.61058241    0.64260894    0.62472516    0.00000000    0.53905861    0.62227429    0.59232254    0.75278814    0.68420459    0.51700923    0.61060232    0.58685325    1.01180988    0.95990567    0.98674672    1.30497087    1.31045187    1.09668284    0.74567331    1.17172979    0.93175017    1.42076000    1.14936567    1.21792549    1.15732863    1.04488896    1.46061998    1.36661508    1.35145641    1.38003287    1.19440378    1.12912458    1.35462597    1.33780045    0.85715988    1.19007511    1.67923017    1.36787147    1.61299637    1.37124115    1.49870398    1.47658601    0.54991495    0.91771317    0.59446191    0.72820128    0.80838428    0.55610458    0.61498105    0.58246921    0.56600374
A6VK94_ACTSZ/1-69     0.73395778    0.74037711    0.67674076    0.63451938    0.80743275    0.61269287    0.69578623    0.77358136    0.74990173    0.53905861    0.00000000    0.46883294    0.44959346    0.58013293    0.58822606    0.74953706    0.70769020    0.75637190    1.20868745    1.12744481    1.06457187    1.50804159    1.41325539    1.49228563    1.37493365    1.44340360    1.34133416    2.17585001    1.30166993    1.33634355    1.33974073    1.32682760    1.63558730    1.78144388    1.91896892    1.55967006    1.55503775    1.64989019    1.90886700    1.81601511    1.11411350    1.21936079    1.84965967    1.57418019    1.92906623    1.62962719    1.83784804    1.75546146    0.85687902    0.88677057    0.69053946    0.86078652    1.00439114    0.84794099    0.94817117    0.78527638    0.60357962
Y956_HAEIN/1-69     0.77789936    0.74619436    0.67412284    0.78949059    0.69514906    0.66470268    0.72302516    0.81243316    0.73690542    0.62227429    0.46883294    0.00000000    0.29251971    0.50105662    0.62295658    0.63249935    0.82301205    0.76217349    1.26568343    1.02885260    1.19284129    1.36927378    1.37138137    1.41317816    1.25807394    1.35361191    1.30713907    1.84920435    1.58504155    1.58365616    1.45534747    1.56348095    1.86897382    1.67224055    2.09441459    1.63650251    1.50597619    1.62916929    1.74366515    1.77314838    1.34501656    1.36152246    2.08637667    1.67943898    1.98001413    1.65654979    2.03760335    1.66584045    0.85873065    0.86553669    0.88699593    0.99830373    0.73722938    0.79435571    1.03839551    0.76175318    0.71046578
Y1156_PASMU/1-69     0.59300935    0.60191409    0.57884347    0.71420262    0.71821542    0.54408876    0.59070030    0.68536502    0.60910543    0.59232254    0.44959346    0.29251971    0.00000000    0.40740375    0.38658427    0.59868859    0.87392812    0.73314578    1.09922468    0.81666504    0.93172833    1.09116520    1.24211866    1.28403114    1.17679706    1.40860829    1.19973456    1.84329923    1.46145932    1.33929843    1.26106648    1.35608286    1.50519464    1.49691534    1.87515097    1.55481877    1.48890616    1.44900786    1.57019737    1.51011762    1.22170605    1.27727097    1.91639302    1.59768481    1.93004650    1.79296773    1.92338429    1.59323106    0.81397363    0.76093265    0.69642058    0.86764881    0.69277062    0.70790455    0.82330618    0.63273183    0.58411928
B0UUM2_HISS2/1-69     0.82162661    0.80979731    0.70471737    0.87324600    0.98054822    0.79919812    0.77068998    0.86567544    0.95729559    0.75278814    0.58013293    0.50105662    0.40740375    0.00000000    0.57330667    0.85290598    0.97212788    0.95824135    1.49501245    0.94491052    1.08102012    1.25576440    1.43883798    1.51531645    1.32591532    1.60651679    1.32884794    2.10317149    1.34441703    1.62032626    1.48525633    1.49944085    1.74874633    1.49923731    1.98844784    1.67497344    1.49518238    1.44068372    1.63220606    1.67030239    1.51381660    1.15471859    2.04483075    1.89279783    1.79977942    1.98996509    1.92805422    1.72258057    0.98552689    0.90728528    0.86647938    1.00490773    0.89131800    0.94125493    1.15234857    0.92209206    0.84364093
Q7VN47_HAEDU/1-69     0.66111211    0.68752509    0.59315566    0.67790739    0.74025520    0.69820212    0.68627013    0.86056854    0.70281258    0.68420459    0.58822606    0.62295658    0.38658427    0.57330667    0.00000000    0.66330008    0.90189434    0.85993168    1.34640450    1.07453755    1.16233417    1.47075430    1.71588253    1.28844717    1.43382425    1.66987975    1.22799839    1.88627985    1.55489454    1.39874839    1.25271083    1.38046860    1.50104570    1.56198278    1.90981466    1.72995080    1.52296786    1.65593292    1.67825545    1.74361997    1.12051027    1.29566743    2.16459460    1.72645556    2.12873056    2.01706707    2.38518293    1.83472429    1.01609284    0.91901986    0.90455121    0.91067979    0.76611389    0.76728780    0.97486654    0.69456744    0.64794511
Y2612_VIBCH/1-66     0.49908941    0.56626838    0.44375410    0.45904708    0.58585522    0.52301240    0.59141114    0.63866594    0.50367546    0.51700923    0.74953706    0.63249935    0.59868859    0.85290598    0.66330008    0.00000000    0.41737964    0.24821844    0.83044957    1.24380328    1.18609020    1.36186867    1.17109368    1.07829413    0.82965464    1.04438596    0.83149755    1.36181583    0.95858046    0.87651989    0.93422100    0.99886785    1.27140619    1.00305931    1.34714231    1.16312052    1.13315495    1.03495196    1.21659693    1.25957060    0.92014558    0.92172856    1.39437508    1.11863516    1.42854764    1.30494817    1.58838516    1.63435784    0.66541836    0.72424880    0.71248300    0.70960710    0.79091147    0.55700393    0.61220308    0.47217245    0.39768076
Q5E8D6_ALIF1/7-75     0.62823078    0.69820280    0.59259698    0.68527781    0.63430070    0.69704812    0.64863931    0.62115548    0.65458146    0.61060232    0.70769020    0.82301205    0.87392812    0.97212788    0.90189434    0.41737964    0.00000000    0.26370064    1.05274728    1.24313764    1.26165154    1.40546867    1.10021123    1.35499887    0.87535137    1.13909459    0.75438136    1.61648883    1.08368716    1.17694820    1.12925474    1.15542988    1.25676752    1.28301058    1.46271432    1.27786812    1.37170603    1.27261501    1.52689779    1.42984381    1.14867652    1.09411985    1.73064484    1.25812691    1.97065861    1.57379068    1.57354376    1.69115037    0.55282429    0.73375181    0.67166201    0.82851288    0.88865648    0.72933705    0.83809334    0.72777674    0.51178221
Y2791_VIBPA/1-69     0.60650497    0.57237450    0.52804066    0.63079052    0.57767113    0.64022201    0.63146299    0.58142105    0.53030659    0.58685325    0.75637190    0.76217349    0.73314578    0.95824135    0.85993168    0.24821844    0.26370064    0.00000000    0.84235621    1.18943314    1.32538488    1.18310576    0.97744652    1.13439816    0.78980667    1.12979862    0.81544703    1.56127877    1.09049575    1.02612763    1.04271544    1.08361977    1.34484413    1.18941743    1.53352390    1.27401590    1.22579714    1.10780786    1.35570757    1.21520687    1.01927163    0.92379217    1.46102459    1.30077130    1.57788156    1.38611266    1.32827231    1.58490885    0.67798760    0.80543000    0.69939242    0.85390022    0.84856032    0.64887948    0.67407940    0.62113149    0.47783358
B3PKB4_CELJU/1-69     0.83214473    0.83975927    0.77524916    0.99679362    1.04352692    0.89634734    0.76572409    0.93110417    0.80984893    1.01180988    1.20868745    1.26568343    1.09922468    1.49501245    1.34640450    0.83044957    1.05274728    0.84235621    0.00000000    0.71079173    0.77491509    0.80974630    0.80876836    0.70014431    0.70843446    0.90878626    0.82380660    1.37658525    0.94734802    0.75540835    0.64696833    0.75365769    1.08510766    1.23290347    1.50581784    1.21865273    1.05964376    0.97919404    0.97790224    0.93214956    1.28023132    1.23657565    1.65916490    1.65799578    1.88782119    1.46865275    1.57869741    1.88484776    0.87981207    0.97742987    0.83129917    0.78316126    0.87574409    0.74346456    0.91210322    0.97447846    0.86697013
C5BR41_TERTT/1-69     1.01710083    1.03934650    0.82517238    1.07127788    1.07169873    0.96587304    0.97244179    1.10890290    1.02419017    0.95990567    1.12744481    1.02885260    0.81666504    0.94491052    1.07453755    1.24380328    1.24313764    1.18943314    0.71079173    0.00000000    0.38317439    0.85300500    1.03604442    0.83332709    0.89315114    1.00765371    1.11105358    1.56621194    1.15334735    1.12080782    0.99521144    0.90323720    1.05314559    1.27980073    1.51380734    1.29741880    1.27449678    1.26948180    1.23363838    1.16705283    1.19266022    1.25705201    2.27779782    2.06587685    2.32120823    2.13725320    1.94255896    2.14946759    0.97174445    0.86025569    0.87072562    1.06163974    0.95306791    0.99915850    1.16575132    1.00210040    1.02233931
Q21LL6_SACD2/1-69     0.96315900    1.14472129    0.93400005    1.10267747    1.05174701    0.96943347    0.94632491    1.10518701    1.02935919    0.98674672    1.06457187    1.19284129    0.93172833    1.08102012    1.16233417    1.18609020    1.26165154    1.32538488    0.77491509    0.38317439    0.00000000    0.77047463    0.98217195    1.09791953    1.09235697    1.00919164    1.03937234    1.46011956    0.89679225    1.13430322    1.01799967    0.94511926    1.14872654    1.42817590    1.46277407    1.26772748    1.25202789    1.28299474    1.21765557    1.31067816    1.20062960    1.29623557    2.43312492    2.23101271    2.38183179    2.16220309    1.86557448    2.22965649    0.99586106    0.98633216    0.83235066    0.91944777    1.03898252    0.89335483    1.34650155    1.24500216    1.00823986
Q6MH19_BDEBA/14-79     1.21394924    1.21224464    1.16838199    1.55652222    1.53217372    1.33933793    1.17624477    1.20308628    1.07682459    1.30497087    1.50804159    1.36927378    1.09116520    1.25576440    1.47075430    1.36186867    1.40546867    1.18310576    0.80974630    0.85300500    0.77047463    0.00000000    0.52053000    1.17666459    1.03461496    1.13533940    1.00495569    1.71803363    1.37032375    1.15613002    0.91953969    0.94561324    1.30188361    1.35802489    1.46821065    1.44248217    1.46552025    1.37944124    1.36271083    1.13372751    1.49698356    1.39592871    2.54972350    2.36682504    2.45720434    2.48817336    2.18516291    2.33143864    1.24859531    1.11009963    1.28148815    1.22514485    1.14760604    1.19625787    1.30183607    1.40192637    1.25294718
W5X3I1_BDEBC/15-78     1.14134334    1.14344548    1.01555838    1.33814982    1.40118124    1.26677747    1.18014019    1.12958672    1.01554997    1.31045187    1.41325539    1.37138137    1.24211866    1.43883798    1.71588253    1.17109368    1.10021123    0.97744652    0.80876836    1.03604442    0.98217195    0.52053000    0.00000000    1.28338473    1.05264477    1.01565582    1.06572510    1.58974609    1.30589889    1.12811861    1.02688876    1.08157084    1.28325062    1.26705637    1.65898069    1.37609821    1.23949647    1.20138029    1.54451457    1.17303796    1.33618251    1.60891071    2.08682888    1.71059935    2.01485209    1.92980312    1.68052615    1.76848869    1.14359553    1.14930980    1.16820416    1.13101625    1.05086320    1.13561436    1.33412620    1.48212033    1.14733099
A0L7M5_MAGMM/1-65     0.92244787    0.88822742    0.72456217    1.04172296    1.08199300    0.91788654    0.96584181    0.98088016    1.06648635    1.09668284    1.49228563    1.41317816    1.28403114    1.51531645    1.28844717    1.07829413    1.35499887    1.13439816    0.70014431    0.83332709    1.09791953    1.17666459    1.28338473    0.00000000    0.87807960    1.10332219    1.11507630    1.36103101    0.88061855    0.87613411    0.75003686    0.71538405    1.11643534    1.55070141    1.46984953    1.32594768    1.02954687    1.07657178    1.04996148    1.19947800    1.33418807    0.84854185    1.94766492    1.72719050    1.59619223    1.46053763    1.58189795    1.96719270    1.07091510    1.00876439    0.91840680    0.85984676    1.01916573    0.89711098    0.90511617    1.00794097    1.03245341
K0C954_ALCDB/5-67     0.84716871    0.76253692    0.64469431    0.81500219    1.22667831    0.89522961    0.76019228    0.77022506    0.87011846    0.74567331    1.37493365    1.25807394    1.17679706    1.32591532    1.43382425    0.82965464    0.87535137    0.78980667    0.70843446    0.89315114    1.09235697    1.03461496    1.05264477    0.87807960    0.00000000    0.88811232    0.69509327    1.26118560    0.98480379    1.05837339    1.03720719    1.00445819    1.11494455    1.26638072    1.46968106    1.10594839    1.01180085    0.92344341    0.94219090    0.85266306    0.94930268    1.21453366    1.77687268    1.78359945    1.94205075    1.72247537    1.90894562    1.74705136    0.87507252    1.05672416    1.07090967    0.83475667    0.96457313    0.75070319    0.79755380    0.86444654    0.87689240
K4KG31_SIMAS/2-70     1.04843423    1.10878439    1.02786311    1.21226583    1.34365355    0.88732372    1.05154588    1.01308371    1.07120970    1.17172979    1.44340360    1.35361191    1.40860829    1.60651679    1.66987975    1.04438596    1.13909459    1.12979862    0.90878626    1.00765371    1.00919164    1.13533940    1.01565582    1.10332219    0.88811232    0.00000000    0.66354900    1.38012985    0.74939795    0.72045686    0.90760547    0.78841660    0.73716687    1.12159870    1.29089509    0.92903328    1.05860066    1.17621873    1.06667412    0.97550191    1.26823668    1.04202345    2.03472552    2.26904283    1.95468069    2.22034797    1.90557779    1.90347976    1.05431653    1.09151177    1.08025189    0.97559532    1.37055872    0.94724815    1.26668516    1.05776496    1.10567108
Q0VQY2_ALCBS/3-71     0.94013141    0.98110793    0.90660830    1.15381225    1.16121766    0.95542940    0.87606974    0.88779402    0.79629557    0.93175017    1.34133416    1.30713907    1.19973456    1.32884794    1.22799839    0.83149755    0.75438136    0.81544703    0.82380660    1.11105358    1.03937234    1.00495569    1.06572510    1.11507630    0.69509327    0.66354900    0.00000000    1.30872463    0.87948045    0.87038147    0.84454549    0.85634383    1.08842329    1.17087971    1.27932534    1.21794563    1.11386553    1.14756323    1.02768226    1.19852100    0.98086537    1.11007638    1.68259236    1.81906299    1.92304408    1.74776257    1.71880325    1.62622947    0.77554555    0.94257658    0.96739426    0.78367581    0.92668423    0.76820875    1.06259646    0.94010273    0.89244535
E1V8E6_HALED/8-71     1.46640149    1.39894407    1.30704224    1.15179869    1.43852531    1.32245269    1.52345806    1.49761391    1.50957656    1.42076000    2.17585001    1.84920435    1.84329923    2.10317149    1.88627985    1.36181583    1.61648883    1.56127877    1.37658525    1.56621194    1.46011956    1.71803363    1.58974609    1.36103101    1.26118560    1.38012985    1.30872463    0.00000000    1.48222541    1.48545709    1.43550575    1.48663722    1.68916504    1.86524764    1.79622601    1.56547777    1.22251718    1.31547224    1.36087001    1.25510525    1.38747698    1.39661358    2.00163048    1.95164994    1.71503768    1.62980194    1.71138231    1.79765893    1.47726125    1.96062127    1.42767231    1.59668094    1.66964960    1.35930452    1.55827411    1.70296611    1.25338290
Q2LS45_SYNAS/13-79     1.29042330    1.26552008    1.23429729    1.22617335    1.45076827    1.11376994    1.18692446    1.04770449    1.14300188    1.14936567    1.30166993    1.58504155    1.46145932    1.34441703    1.55489454    0.95858046    1.08368716    1.09049575    0.94734802    1.15334735    0.89679225    1.37032375    1.30589889    0.88061855    0.98480379    0.74939795    0.87948045    1.48222541    0.00000000    0.55020525    0.69705265    0.72636518    0.82094446    0.99184692    1.09224541    1.03841994    0.82018651    0.85717972    0.68569740    0.83779764    0.96497511    0.84339999    2.07903965    2.02418312    2.02817807    1.94124457    2.01813749    2.10022411    0.82097067    1.27234513    0.87011721    0.99441121    1.20786312    1.16323846    1.30306209    1.21352162    1.03482917
K0NJ19_DESTT/6-72     1.25806402    1.33787899    1.04927792    1.23186749    1.34137031    1.11367055    1.29829311    1.19529212    1.12173270    1.21792549    1.33634355    1.58365616    1.33929843    1.62032626    1.39874839    0.87651989    1.17694820    1.02612763    0.75540835    1.12080782    1.13430322    1.15613002    1.12811861    0.87613411    1.05837339    0.72045686    0.87038147    1.48545709    0.55020525    0.00000000    0.30356622    0.35080420    0.64257310    0.96424137    1.27335050    1.01819122    0.93725824    0.87505056    0.78121807    0.78539417    1.01004880    0.92230587    1.88378239    1.80222712    1.93826515    2.01411163    2.07001448    2.11284461    0.86883051    1.20811271    1.05214399    0.99155031    1.22795707    1.26905503    1.21960269    1.23397122    1.11976085
I5B2Y3_9DELT/6-69     1.22381777    1.23680180    0.94253390    1.14740736    1.31661291    1.11590884    1.21879718    1.26585832    1.14102709    1.15732863    1.33974073    1.45534747    1.26106648    1.48525633    1.25271083    0.93422100    1.12925474    1.04271544    0.64696833    0.99521144    1.01799967    0.91953969    1.02688876    0.75003686    1.03720719    0.90760547    0.84454549    1.43550575    0.69705265    0.30356622    0.00000000    0.35124916    0.88987282    1.07860669    1.14736528    0.97150067    0.96485116    1.09068524    0.91288294    1.01519495    0.92691176    0.87340507    2.08934612    1.89320785    2.03712185    2.22354551    2.17380623    2.14780655    0.85260144    1.15755919    0.91726521    1.04406948    1.24192289    1.15466922    1.23790177    1.14143630    1.05832902
C0QKJ7_DESAH/6-71     1.07141795    1.25626106    0.94757498    1.14333393    1.21660275    1.06714691    1.16431767    1.12739989    1.15493080    1.04488896    1.32682760    1.56348095    1.35608286    1.49944085    1.38046860    0.99886785    1.15542988    1.08361977    0.75365769    0.90323720    0.94511926    0.94561324    1.08157084    0.71538405    1.00445819    0.78841660    0.85634383    1.48663722    0.72636518    0.35080420    0.35124916    0.00000000    0.77947057    1.10116257    1.25633042    1.01246867    1.08807423    1.11610628    0.87861592    1.00638712    0.98177365    0.98022848    2.25392225    2.11175549    1.98855722    2.15089984    2.10278966    2.19644712    1.02730197    1.28095134    1.06889046    1.08191414    1.30366163    1.25187642    1.20859917    1.23705976    1.02917937
Q3A0L0_PELCD/18-80     1.22771207    1.26231088    1.23129185    1.39158823    1.50513060    1.17432913    1.21103814    1.14317279    1.22128427    1.46061998    1.63558730    1.86897382    1.50519464    1.74874633    1.50104570    1.27140619    1.25676752    1.34484413    1.08510766    1.05314559    1.14872654    1.30188361    1.28325062    1.11643534    1.11494455    0.73716687    1.08842329    1.68916504    0.82094446    0.64257310    0.88987282    0.77947057    0.00000000    0.66620667    0.88189081    0.71070689    1.32053482    1.15480984    0.99391517    1.15386724    1.34011533    1.07582656    2.14749208    2.17589206    2.60553928    2.42165380    2.29422722    2.74292773    0.99787747    1.08640668    1.26433030    1.15954481    1.36801141    1.31584271    1.42111496    1.25960078    1.26751767
B9M0P5_GEODF/27-89     1.43770409    1.42029770    1.21656958    1.38646871    1.69893551    1.45981723    1.31967039    1.29542442    1.37220826    1.36661508    1.78144388    1.67224055    1.49691534    1.49923731    1.56198278    1.00305931    1.28301058    1.18941743    1.23290347    1.27980073    1.42817590    1.35802489    1.26705637    1.55070141    1.26638072    1.12159870    1.17087971    1.86524764    0.99184692    0.96424137    1.07860669    1.10116257    0.66620667    0.00000000    0.69789659    0.75162395    1.30168657    1.24576309    1.28586554    1.36444035    1.33506436    1.10565633    2.15106909    2.12551461    2.51312533    2.53045490    2.88251251    2.65639981    1.23099094    1.43828091    1.16301554    1.51640535    1.55371312    1.40834410    1.38865927    1.28942847    1.35637086
B3E305_GEOLS/17-79     1.66616449    1.60105218    1.65592927    1.62023566    1.90213376    1.47197051    1.51487972    1.49093456    1.32262963    1.35145641    1.91896892    2.09441459    1.87515097    1.98844784    1.90981466    1.34714231    1.46271432    1.53352390    1.50581784    1.51380734    1.46277407    1.46821065    1.65898069    1.46984953    1.46968106    1.29089509    1.27932534    1.79622601    1.09224541    1.27335050    1.14736528    1.25633042    0.88189081    0.69789659    0.00000000    0.66351096    1.44204470    1.44545142    1.35879409    1.56877282    1.24617191    1.03171012    2.94536820    3.08969148    3.20974430    2.63619325    2.66172874    3.05880849    1.35877463    1.56680794    1.23548012    1.55768229    1.73611200    1.28354519    1.22866790    1.55897128    1.56660553
A1AS51_PELPD/15-80     1.26853729    1.30498950    1.23222269    1.17826909    1.40131122    1.15633332    1.19047785    1.10851852    1.21025523    1.38003287    1.55967006    1.63650251    1.55481877    1.67497344    1.72995080    1.16312052    1.27786812    1.27401590    1.21865273    1.29741880    1.26772748    1.44248217    1.37609821    1.32594768    1.10594839    0.92903328    1.21794563    1.56547777    1.03841994    1.01819122    0.97150067    1.01246867    0.71070689    0.75162395    0.66351096    0.00000000    1.29903865    1.20387327    1.17445652    1.29776912    1.32236949    1.16210743    2.32399353    2.51910858    2.37056858    2.35482655    1.99243065    2.37224523    1.32931047    1.19038173    1.25825339    1.60902781    1.60772664    1.42463286    1.36918368    1.39841234    1.11023743
Y3463_PSEAE/1-68     1.11602413    1.27319387    1.14952794    1.12586962    1.51493867    1.11960767    1.21638729    1.23780681    1.03354674    1.19440378    1.55503775    1.50597619    1.48890616    1.49518238    1.52296786    1.13315495    1.37170603    1.22579714    1.05964376    1.27449678    1.25202789    1.46552025    1.23949647    1.02954687    1.01180085    1.05860066    1.11386553    1.22251718    0.82018651    0.93725824    0.96485116    1.08807423    1.32053482    1.30168657    1.44204470    1.29903865    0.00000000    0.33423619    0.45145872    0.40655434    0.79525384    0.86944381    1.65266069    1.37393447    1.76007704    1.83334231    1.79105921    1.57121021    1.09966162    1.50605179    1.19333464    1.07629366    1.29512558    1.18756411    1.34706273    1.15810841    1.11006439
S6AD87_PSERE/1-68     1.24583800    1.23729278    1.10480704    1.16976158    1.46822198    1.21123867    1.24054701    1.09461530    1.07508832    1.12912458    1.64989019    1.62916929    1.44900786    1.44068372    1.65593292    1.03495196    1.27261501    1.10780786    0.97919404    1.26948180    1.28299474    1.37944124    1.20138029    1.07657178    0.92344341    1.17621873    1.14756323    1.31547224    0.85717972    0.87505056    1.09068524    1.11610628    1.15480984    1.24576309    1.44545142    1.20387327    0.33423619    0.00000000    0.36082918    0.26260010    1.15405857    1.05705234    1.87743854    1.52973007    1.96585355    1.73780697    1.64792070    1.76467429    1.20913781    1.37283571    1.10000117    1.14155656    1.34912996    1.19164583    1.10534616    1.14569574    1.07339073
Y1747_PSEPK/1-68     1.22287074    1.48663507    1.32960691    1.37580095    1.84775137    1.41416546    1.22528827    1.24979378    1.17449938    1.35462597    1.90886700    1.74366515    1.57019737    1.63220606    1.67825545    1.21659693    1.52689779    1.35570757    0.97790224    1.23363838    1.21765557    1.36271083    1.54451457    1.04996148    0.94219090    1.06667412    1.02768226    1.36087001    0.68569740    0.78121807    0.91288294    0.87861592    0.99391517    1.28586554    1.35879409    1.17445652    0.45145872    0.36082918    0.00000000    0.31775006    1.11091571    1.08270349    1.97696706    1.84946676    1.88199153    1.90033468    1.93603551    1.89797856    1.12068035    1.56795443    1.30349406    1.25222566    1.41399768    1.20703296    1.19607701    1.31324966    1.33604205
A4XWJ8_PSEMY/19-85     1.34501754    1.32990215    1.27399596    1.39586462    1.82446295    1.37320346    1.26581910    1.17978677    0.92581593    1.33780045    1.81601511    1.77314838    1.51011762    1.67030239    1.74361997    1.25957060    1.42984381    1.21520687    0.93214956    1.16705283    1.31067816    1.13372751    1.17303796    1.19947800    0.85266306    0.97550191    1.19852100    1.25510525    0.83779764    0.78539417    1.01519495    1.00638712    1.15386724    1.36444035    1.56877282    1.29776912    0.40655434    0.26260010    0.31775006    0.00000000    1.08929691    1.06817285    2.02168469    1.84579540    2.32945785    2.04586687    2.03672089    2.00055642    1.29242776    1.61902762    1.41812464    1.30636249    1.53564203    1.21784900    1.19090613    1.34114981    1.15334814
F2K322_MARM1/4-71     1.10212687    1.22059400    1.03340135    1.02256574    1.28463601    1.01248928    1.00655509    1.10766820    1.03138821    0.85715988    1.11411350    1.34501656    1.22170605    1.51381660    1.12051027    0.92014558    1.14867652    1.01927163    1.28023132    1.19266022    1.20062960    1.49698356    1.33618251    1.33418807    0.94930268    1.26823668    0.98086537    1.38747698    0.96497511    1.01004880    0.92691176    0.98177365    1.34011533    1.33506436    1.24617191    1.32236949    0.79525384    1.15405857    1.11091571    1.08929691    0.00000000    0.96774592    1.94821150    1.82479467    1.93407347    1.78846941    1.91424350    1.98713921    1.00076302    1.34955352    1.19067764    1.10693494    1.22759408    1.16479502    1.24560549    1.06400702    0.76968473
M5DU10_9GAMM/14-77     1.09667441    1.06426885    1.04425489    0.96921851    1.18197389    0.95014277    1.13930072    1.19110285    1.19906168    1.19007511    1.21936079    1.36152246    1.27727097    1.15471859    1.29566743    0.92172856    1.09411985    0.92379217    1.23657565    1.25705201    1.29623557    1.39592871    1.60891071    0.84854185    1.21453366    1.04202345    1.11007638    1.39661358    0.84339999    0.92230587    0.87340507    0.98022848    1.07582656    1.10565633    1.03171012    1.16210743    0.86944381    1.05705234    1.08270349    1.06817285    0.96774592    0.00000000    1.86102628    2.05249373    2.07792332    2.28857456    2.34842362    2.43652417    0.94577882    1.14296768    0.88285393    1.05540319    1.25567268    0.93815327    1.07122005    1.12657780    0.97654968
E1SM88_FERBD/3-76     1.67855761    1.59788500    1.51059102    1.65033789    2.05579218    1.69723768    1.57648367    1.69942980    1.57757074    1.67923017    1.84965967    2.08637667    1.91639302    2.04483075    2.16459460    1.39437508    1.73064484    1.46102459    1.65916490    2.27779782    2.43312492    2.54972350    2.08682888    1.94766492    1.77687268    2.03472552    1.68259236    2.00163048    2.07903965    1.88378239    2.08934612    2.25392225    2.14749208    2.15106909    2.94536820    2.32399353    1.65266069    1.87743854    1.97696706    2.02168469    1.94821150    1.86102628    0.00000000    0.94601501    1.00410518    1.03314240    0.99469885    1.07846439    1.43003326    1.94727093    1.52702816    1.36689498    1.58895268    1.46647582    1.81587907    1.44027645    1.64262937
A1S9Z7_SHEAM/1-75     1.38799118    1.60118070    1.37219927    1.48889132    1.83349279    1.66407937    1.53318557    1.53661848    1.51671154    1.36787147    1.57418019    1.67943898    1.59768481    1.89279783    1.72645556    1.11863516    1.25812691    1.30077130    1.65799578    2.06587685    2.23101271    2.36682504    1.71059935    1.72719050    1.78359945    2.26904283    1.81906299    1.95164994    2.02418312    1.80222712    1.89320785    2.11175549    2.17589206    2.12551461    3.08969148    2.51910858    1.37393447    1.52973007    1.84946676    1.84579540    1.82479467    2.05249373    0.94601501    0.00000000    0.59383555    0.57976492    0.70427626    0.55207091    1.27328293    1.73394086    1.29449157    1.16684190    1.52316168    1.45846747    1.40792717    1.37037553    1.34555570
Q8EIG0_SHEON/1-75     1.49227414    1.65521628    1.53878486    1.83372962    1.76836498    1.76326107    1.65267899    1.87373817    1.76723022    1.61299637    1.92906623    1.98001413    1.93004650    1.79977942    2.12873056    1.42854764    1.97065861    1.57788156    1.88782119    2.32120823    2.38183179    2.45720434    2.01485209    1.59619223    1.94205075    1.95468069    1.92304408    1.71503768    2.02817807    1.93826515    2.03712185    1.98855722    2.60553928    2.51312533    3.20974430    2.37056858    1.76007704    1.96585355    1.88199153    2.32945785    1.93407347    2.07792332    1.00410518    0.59383555    0.00000000    0.55544068    0.51660652    0.57106308    1.59526433    1.95103085    1.48660554    1.44955470    1.49207093    1.64090644    1.75571540    1.85663654    1.67168045
Q12JB3_SHEDO/1-75     1.45060277    1.41231498    1.39992839    1.49664070    1.62175473    1.49596073    1.67777004    1.70861297    1.59869013    1.37124115    1.62962719    1.65654979    1.79296773    1.98996509    2.01706707    1.30494817    1.57379068    1.38611266    1.46865275    2.13725320    2.16220309    2.48817336    1.92980312    1.46053763    1.72247537    2.22034797    1.74776257    1.62980194    1.94124457    2.01411163    2.22354551    2.15089984    2.42165380    2.53045490    2.63619325    2.35482655    1.83334231    1.73780697    1.90033468    2.04586687    1.78846941    2.28857456    1.03314240    0.57976492    0.55544068    0.00000000    0.49029911    0.61218382    1.46422109    1.90903684    1.44187002    1.26934928    1.29835741    1.35112271    1.39413263    1.61414390    1.42857462
Q07XY9_SHEFN/1-75     1.63908732    1.73668944    1.66841623    1.83868783    1.86277618    1.66356350    1.66139541    1.74369324    1.66869769    1.49870398    1.83784804    2.03760335    1.92338429    1.92805422    2.38518293    1.58838516    1.57354376    1.32827231    1.57869741    1.94255896    1.86557448    2.18516291    1.68052615    1.58189795    1.90894562    1.90557779    1.71880325    1.71138231    2.01813749    2.07001448    2.17380623    2.10278966    2.29422722    2.88251251    2.66172874    1.99243065    1.79105921    1.64792070    1.93603551    2.03672089    1.91424350    2.34842362    0.99469885    0.70427626    0.51660652    0.49029911    0.00000000    0.45283468    1.43700299    1.84550624    1.38676152    1.49222401    1.60006815    1.55755988    1.75164208    1.94929551    1.68024255
D4ZFN0_SHEVD/1-75     1.55850311    1.62037501    1.64004735    1.70675229    2.07572202    1.76949901    1.73298116    1.80495582    1.53694915    1.47658601    1.75546146    1.66584045    1.59323106    1.72258057    1.83472429    1.63435784    1.69115037    1.58490885    1.88484776    2.14946759    2.22965649    2.33143864    1.76848869    1.96719270    1.74705136    1.90347976    1.62622947    1.79765893    2.10022411    2.11284461    2.14780655    2.19644712    2.74292773    2.65639981    3.05880849    2.37224523    1.57121021    1.76467429    1.89797856    2.00055642    1.98713921    2.43652417    1.07846439    0.55207091    0.57106308    0.61218382    0.45283468    0.00000000    1.54159384    2.22513679    1.56334871    1.34009094    1.54917572    1.44580498    1.72458072    1.67693123    1.67400162
