131
H1ZBT4_MYROD/7-493     0.00000000    0.64610575    0.72086623    0.63435807    0.66159448    0.70943539    0.51282687    0.60162092    0.62106300    0.58374217    0.56383995    0.58357324    0.58085755    0.58021025    0.54398952    0.58039036    0.64605800    0.48229232    0.51649103    0.52623484    0.68000621    0.70099382    0.72957668    0.75171820    0.72523425    0.79820447    0.67044489    0.76738240    0.79176461    0.63035762    0.63611385    0.73748250    0.73116955    0.78676620    0.73511993    0.74027926    0.70219073    0.67686930    0.70663656    0.68755208    0.71284887    0.61523915    0.58790119    0.63793257    0.60181029    0.87892261    0.89002531    0.87848393    0.82865597    0.67409202    0.78023039    0.77917010    0.79711056    0.73259584    0.86828864    0.77623360    0.76160101    0.71935352    0.78840220    0.70402002    0.85960300    0.72971135    0.86221023    0.80648440    0.75691522    0.79825904    0.80891818    0.65199454    0.78044993    0.75550651    0.64921394    0.62718904    0.78629409    0.76231466    0.81701295    0.78978301    0.78835117    0.74833216    0.93537879    0.89351762    0.92452650    0.89320710    0.82683859    0.76300227    0.70047047    0.75665120    0.74025208    0.81614191    0.80652956    0.77146208    0.82310574    0.83143260    0.83617340    0.75653356    0.81287388    0.80020309    0.76365343    0.78193252    0.78155932    0.74551891    0.73030585    0.74105790    0.69299026    0.70293598    0.70088573    0.77095432    0.76440568    0.74721627    0.83644789    0.72594973    0.83707032    0.69281367    0.66135531    0.66670249    0.64358879    0.71255292    0.69327613    0.66550371    0.67130230    0.69140628    0.69449865    0.73468366    0.70059906    0.69255441    0.67427807    0.65163075    0.84723838    0.94447346    1.13361704    0.71122624    0.73084253
F0NZM3_WEEVC/4-489     0.64610575    0.00000000    0.79558226    0.71852237    0.67631162    0.70719799    0.64623620    0.68586278    0.70682270    0.67283376    0.61710721    0.64208149    0.68954161    0.70673415    0.63988858    0.65183602    0.65989198    0.61498486    0.70786071    0.66783502    0.75353835    0.76884872    0.83615001    0.79946572    0.83255738    0.84318532    0.83318799    0.81314608    0.88786877    0.74254976    0.76200731    0.86433660    0.81553118    0.87663065    0.85544315    0.89696830    0.84469128    0.82809707    0.78191517    0.77925580    0.77455319    0.72013897    0.70037005    0.73780684    0.69985706    0.87787803    0.83833039    0.90245576    0.83788114    0.74822773    0.76494135    0.79588117    0.77315011    0.78678406    0.77632065    0.75575067    0.74797524    0.74142397    0.76407769    0.79636589    0.98484415    0.82105967    0.88285817    0.82094179    0.84417746    0.87832272    0.83750154    0.80692559    0.84475126    0.79905557    0.72106716    0.68887681    0.88498924    0.87384322    0.91382233    0.85684375    0.89602103    0.90158964    1.11901746    1.04599257    1.03635738    0.93693363    0.88752583    0.87261619    0.86332742    0.88599483    0.84811125    0.92614024    0.92476256    0.87982466    0.92061546    1.01532614    0.98906451    0.79120099    0.86283831    0.84925635    0.83682184    0.85746493    0.80639221    0.79368034    0.88852354    0.86440433    0.95362847    0.78598916    0.83374075    0.82319603    0.81485701    0.81342842    0.91254178    0.89109116    0.88066609    0.75828777    0.72753670    0.72995472    0.70649869    0.73622196    0.73737711    0.73057637    0.77508683    0.79813884    0.71907514    0.73470564    0.80430666    0.77620382    0.74042293    0.75002577    0.86834856    0.95144940    1.23080946    0.74601267    0.78330450
I4B8W8_TURPD/8-491     0.72086623    0.79558226    0.00000000    0.58791833    0.62209538    0.71231228    0.61960508    0.61507706    0.67175784    0.60033791    0.61329510    0.58273314    0.61965440    0.69098139    0.59662663    0.55815361    0.62313542    0.64473605    0.67571169    0.61177717    0.84051210    0.77125990    0.96851001    0.90290095    0.87983637    0.94674323    0.79035376    0.83530152    0.89910687    0.79264168    0.80969219    0.90323990    0.81907841    0.82515425    0.86429730    0.87434966    0.83339914    0.84742514    0.85071194    0.82036276    0.77974077    0.74320172    0.70890666    0.72547644    0.71408671    0.94504302    0.90807810    0.92470137    0.88342485    0.81863312    0.83772812    0.79964851    0.79263413    0.80906172    0.83163583    0.77145768    0.77178100    0.78479004    0.82833547    0.76348663    0.94727263    0.78515670    0.82567143    0.82717065    0.81171048    0.80012400    0.87116393    0.78080441    0.79148724    0.79742997    0.74257412    0.72762232    0.87150816    0.90158571    0.94508392    0.80168743    0.84283672    0.90838202    1.05462678    0.96968010    0.99864351    0.91275951    0.92389152    0.81542602    0.86699156    0.88772057    0.82097089    0.86569120    0.87163864    0.83053814    0.88770922    1.01454496    0.93400895    0.78410963    0.82985348    0.90310810    0.84901450    0.78834306    0.83163902    0.82635229    0.85421475    0.88793649    0.87032812    0.82115840    0.89623779    0.91325050    0.83560107    0.82838236    0.83686758    0.75432137    0.81529998    0.77051214    0.76601173    0.74102278    0.70854936    0.80874218    0.75460640    0.71706230    0.84202725    0.75134491    0.74295225    0.81421406    0.76368434    0.75559377    0.72841018    0.75760462    0.87465330    0.94377969    1.29437304    0.78358784    0.78761458
B0SN09_LEPBP/9-496     0.63435807    0.71852237    0.58791833    0.00000000    0.54467752    0.64198743    0.52681820    0.55522395    0.59124014    0.55813700    0.51144167    0.52391056    0.51486984    0.56655037    0.52266666    0.50680014    0.58521159    0.59800016    0.55376121    0.56922276    0.69033105    0.65349791    0.88178798    0.84839595    0.84665827    0.84577293    0.74935043    0.82390388    0.82922846    0.73032559    0.72762269    0.81882952    0.79505339    0.84473526    0.83753997    0.79473132    0.78711730    0.80031843    0.79098886    0.76568390    0.75098175    0.68709224    0.67771230    0.70301230    0.70348464    0.85867385    0.81423299    0.90812907    0.78564327    0.71841446    0.77724392    0.76215786    0.76345604    0.77760075    0.84789603    0.76511011    0.78434237    0.72786078    0.76586047    0.76278989    0.89593665    0.76385392    0.85746659    0.83036499    0.79006859    0.82914156    0.83727018    0.73591517    0.80171542    0.74709956    0.68952468    0.70086678    0.89576664    0.91106035    0.92942474    0.76476579    0.82452076    0.91010088    1.10177140    0.98430160    0.99129300    0.87449382    0.86012631    0.79358434    0.76816549    0.79104149    0.83312735    0.87141806    0.85662070    0.87220621    0.88159060    0.93830046    0.88670156    0.81772906    0.88789405    0.88976257    0.84071796    0.81462890    0.82843473    0.82320164    0.81677965    0.84404109    0.79769111    0.76850724    0.79451353    0.87850659    0.82938654    0.75277967    0.80323671    0.76169182    0.77402475    0.67771283    0.66251119    0.66059625    0.65111690    0.71032516    0.68999765    0.64038257    0.72124801    0.72661173    0.69353018    0.69657129    0.76238772    0.70928064    0.64964056    0.67107075    0.84890363    0.88824754    1.19755716    0.72535103    0.76620113
F4L4I8_HALH1/7-495     0.66159448    0.67631162    0.62209538    0.54467752    0.00000000    0.64909829    0.54523788    0.60433955    0.63937459    0.55922814    0.56351158    0.60468819    0.54327459    0.60615841    0.52940002    0.55808899    0.57028001    0.62547933    0.61565846    0.55903598    0.67086159    0.65667677    0.87916610    0.78069650    0.79480082    0.80807100    0.68977706    0.78936827    0.83337056    0.73731310    0.72082127    0.81396761    0.80726525    0.85263488    0.79301774    0.82429907    0.81270684    0.81138948    0.83466613    0.80629821    0.75779973    0.67772443    0.68932900    0.68810093    0.66393724    0.90395193    0.82484329    0.89114891    0.83369945    0.66063443    0.73851343    0.71983907    0.67456588    0.74089838    0.76654270    0.72937182    0.73713118    0.67219131    0.75545917    0.77206793    0.91362231    0.82367482    0.84511745    0.87170349    0.76283712    0.87445991    0.82951237    0.74734798    0.77900479    0.76265678    0.72031366    0.65392275    0.88422513    0.87685121    0.93999944    0.76897654    0.83611697    0.85344155    1.11523611    0.96210324    0.98299767    0.90204921    0.86462699    0.77489354    0.80067555    0.87986112    0.84424588    0.84644833    0.86940795    0.85175268    0.88600780    0.95453950    0.92534125    0.81445144    0.90430663    0.82430354    0.85200185    0.79175654    0.86020484    0.76007254    0.84396680    0.82885705    0.90445436    0.81684384    0.85362326    0.82232914    0.83579113    0.77786732    0.89071630    0.84020455    0.77250851    0.77123019    0.73113183    0.74115453    0.71549396    0.79202705    0.77112523    0.68078925    0.85140576    0.77930995    0.73915191    0.75991770    0.83753894    0.81941690    0.76871621    0.74578490    0.89633341    0.95695098    1.26224266    0.72458415    0.77082399
F0RFI2_CELLC/3-490     0.70943539    0.70719799    0.71231228    0.64198743    0.64909829    0.00000000    0.61009636    0.60538510    0.63266742    0.59108005    0.54960478    0.55969773    0.58647778    0.62128425    0.58009565    0.58805750    0.65274338    0.60398056    0.58635838    0.58414974    0.74481353    0.75217026    0.83712939    0.75973398    0.85141268    0.78650903    0.74143815    0.70610452    0.82216882    0.70435594    0.72321808    0.83798082    0.78833416    0.82377672    0.80181703    0.80363320    0.77053835    0.71905970    0.74322510    0.82800162    0.75107325    0.68396390    0.68796329    0.71652588    0.63835524    0.91299940    0.90065177    0.93058367    0.86009996    0.72084704    0.81318225    0.76613472    0.77198695    0.78709589    0.81101344    0.75747720    0.78138644    0.77357447    0.75626167    0.77740161    0.87467432    0.81808012    0.90420956    0.90135244    0.89873671    0.89139570    0.87000065    0.77998274    0.79172189    0.78877312    0.68746536    0.68969178    0.84937121    0.84639943    0.96790438    0.81801309    0.80680911    0.89137539    1.06063476    0.97623012    0.99622838    0.92686901    0.82726470    0.84303696    0.79170348    0.90824140    0.83449173    0.91320254    0.89783958    0.88819662    0.90059203    0.96386244    0.94648305    0.75951512    0.87856590    0.87754378    0.85741525    0.84424875    0.80803915    0.76816444    0.77566222    0.84478008    0.82852147    0.77679767    0.82703773    0.76590004    0.79564173    0.80294218    0.94100485    0.89798841    0.86386440    0.77560557    0.77657452    0.77919662    0.73411256    0.76220378    0.71760671    0.73260537    0.81803449    0.82194940    0.74529867    0.78776042    0.79244892    0.76561472    0.74748732    0.72782464    0.90147718    0.97436753    1.16391376    0.77783457    0.81200531
C6XYR3_PEDHD/10-497     0.51282687    0.64623620    0.61960508    0.52681820    0.54523788    0.61009636    0.00000000    0.38556445    0.46710434    0.43747489    0.41754535    0.33612038    0.38872129    0.46886393    0.40829630    0.44480653    0.54479855    0.42725517    0.45946908    0.46772678    0.64425781    0.62932816    0.77813865    0.75681431    0.71605784    0.75080609    0.63014057    0.76360644    0.76963263    0.63388993    0.62554773    0.78827750    0.76348102    0.81507785    0.78525081    0.78927748    0.75573470    0.73145928    0.69306088    0.65457095    0.66142918    0.58075550    0.56060537    0.58629363    0.57005438    0.83593655    0.82961812    0.84843137    0.72943603    0.65918179    0.70076213    0.64698035    0.71653972    0.70531932    0.76004898    0.69807589    0.74412094    0.69803478    0.71450681    0.62520545    0.82019036    0.71529511    0.85228797    0.83626430    0.78269892    0.81264405    0.83093851    0.66694346    0.72242444    0.70159839    0.58555258    0.55326465    0.73125184    0.68721340    0.81254235    0.72089088    0.79997439    0.82741144    1.00104253    0.92055392    0.89122032    0.80434631    0.75898193    0.71874401    0.70672206    0.77700348    0.76641145    0.82382536    0.84756653    0.82935401    0.81689101    0.87069332    0.87982873    0.74569984    0.78760625    0.75461149    0.70713841    0.72016849    0.76216265    0.70232921    0.73372899    0.72426245    0.74228875    0.70027649    0.69989147    0.75787366    0.66177074    0.74020377    0.83544235    0.79227354    0.74998854    0.65519606    0.64832534    0.64707205    0.64668328    0.67015204    0.59804826    0.58106053    0.66696516    0.71363606    0.61729683    0.63319777    0.71679999    0.71951892    0.63014566    0.62211391    0.80104771    0.86666965    1.20958386    0.70983153    0.71824886
W8F5I9_9BACT/12-498     0.60162092    0.68586278    0.61507706    0.55522395    0.60433955    0.60538510    0.38556445    0.00000000    0.50106755    0.48373069    0.43189657    0.42753946    0.47477118    0.47637785    0.42082873    0.41867708    0.56834822    0.50389560    0.48610537    0.49391739    0.70363776    0.66297408    0.82359391    0.77056905    0.76685720    0.80259352    0.67150257    0.82688551    0.84587797    0.69200360    0.69125439    0.76001085    0.71151676    0.76632214    0.67991517    0.73315138    0.75863869    0.74983499    0.69961009    0.67269683    0.67570082    0.60146695    0.62411979    0.59037205    0.59279245    0.86144750    0.81281540    0.78700709    0.71908148    0.74955088    0.75774213    0.71283827    0.63813500    0.70302282    0.83151586    0.73818049    0.72057726    0.70161516    0.72737137    0.64536776    0.79173617    0.69525582    0.81368308    0.81795868    0.80111398    0.76369576    0.82900754    0.69755179    0.64799239    0.61838727    0.55163104    0.59968473    0.73332743    0.77247163    0.80510362    0.72780460    0.72265512    0.70344234    0.95342735    0.82125242    0.79742092    0.79398181    0.73233842    0.68592364    0.66987755    0.82392571    0.79345070    0.82613544    0.85921427    0.79760534    0.84869095    0.93122975    0.84415208    0.67511081    0.75424006    0.72640213    0.72764422    0.74195253    0.71995889    0.70734633    0.71505610    0.76149681    0.75793114    0.70875850    0.74282550    0.73960132    0.71122421    0.74829234    0.86736034    0.85817254    0.77405122    0.64544844    0.67520179    0.66015742    0.65107963    0.67988397    0.64684630    0.62853877    0.68487781    0.65967009    0.62381716    0.68823325    0.74376183    0.73269826    0.65449403    0.66305790    0.82020282    0.85878984    1.23087859    0.66554425    0.73383765
E4RUY2_LEAB4/9-495     0.62106300    0.70682270    0.67175784    0.59124014    0.63937459    0.63266742    0.46710434    0.50106755    0.00000000    0.44658919    0.50243748    0.47784294    0.51382861    0.52195180    0.50767143    0.49246059    0.64667406    0.54392506    0.53932009    0.55426265    0.64212264    0.67367058    0.83011693    0.81007315    0.84015367    0.86094926    0.74989353    0.81799511    0.84403018    0.69466263    0.67162812    0.78480482    0.78606954    0.84798254    0.78221221    0.80207606    0.74487744    0.70423608    0.69956133    0.70483641    0.69490635    0.63589496    0.62062999    0.62599983    0.64936813    0.86229675    0.79581639    0.86415471    0.77518859    0.72709393    0.78481394    0.74531447    0.78176742    0.77473680    0.83595371    0.79947316    0.76463945    0.75232863    0.73390023    0.68272246    0.84489578    0.70322599    0.82888413    0.86128751    0.80843126    0.81883518    0.82522854    0.65854386    0.70756817    0.62020108    0.60706206    0.61301975    0.81919880    0.79680076    0.84144030    0.75419639    0.76299332    0.80627836    0.96824205    0.85790691    0.88486982    0.81632986    0.77895683    0.74660141    0.72916191    0.74703285    0.76357513    0.81213112    0.79516669    0.81204842    0.81274812    0.88251099    0.82410921    0.67862172    0.73528607    0.75539801    0.74030969    0.74337781    0.76098699    0.69637959    0.77160787    0.74187837    0.75531594    0.71887257    0.74905423    0.76466513    0.71575305    0.72287479    0.78474208    0.78987364    0.79015296    0.70629506    0.66073359    0.65948240    0.63129894    0.69007696    0.62191015    0.60541457    0.71386324    0.68077855    0.69689923    0.70750554    0.72074452    0.70110872    0.63272947    0.61004570    0.81898508    0.87661602    1.16219435    0.71467288    0.77905157
F4CCX7_SPHS2/10-496     0.58374217    0.67283376    0.60033791    0.55813700    0.55922814    0.59108005    0.43747489    0.48373069    0.44658919    0.00000000    0.41846029    0.36936091    0.40091598    0.45685908    0.45306894    0.43924592    0.61244822    0.52165865    0.49862658    0.50648838    0.65334771    0.64049329    0.79964661    0.74900876    0.71028435    0.82578849    0.66513482    0.77339443    0.77717017    0.64801569    0.64748928    0.73694169    0.73880954    0.77616832    0.70274194    0.74430216    0.74061321    0.70716913    0.68597930    0.64782936    0.64407807    0.58607540    0.57746340    0.59186183    0.56774446    0.86952710    0.79082464    0.82842977    0.73057455    0.68522109    0.73488576    0.67150240    0.68961053    0.74119164    0.76242674    0.67635240    0.72182222    0.66278804    0.70860976    0.60978869    0.76845272    0.67503382    0.78333113    0.76902402    0.75414292    0.70666694    0.75759760    0.66718144    0.65768993    0.59992365    0.55632481    0.54381708    0.73617049    0.71222599    0.77686536    0.65472165    0.71141292    0.76901182    0.96257937    0.83208016    0.86732974    0.79452613    0.72768218    0.70470334    0.64372218    0.76697447    0.73369086    0.78099762    0.76304155    0.75785825    0.75557077    0.82871743    0.76292686    0.68048767    0.74587962    0.72604518    0.65167457    0.68290841    0.71252079    0.68377577    0.73470416    0.71284845    0.75423926    0.67036893    0.73513526    0.71908242    0.69816645    0.75980894    0.78534125    0.76435692    0.77702858    0.66552095    0.68215818    0.64293736    0.63289183    0.66857140    0.62980157    0.59894042    0.65721698    0.71267261    0.66954112    0.71071963    0.76111055    0.73078295    0.64529066    0.60835254    0.75861761    0.77508855    1.20868200    0.67833810    0.70717050
C6W3P2_DYAFD/10-497     0.56383995    0.61710721    0.61329510    0.51144167    0.56351158    0.54960478    0.41754535    0.43189657    0.50243748    0.41846029    0.00000000    0.37743815    0.39450966    0.48244930    0.41506567    0.45794000    0.54863204    0.43636583    0.46572723    0.49658446    0.67829012    0.61898872    0.82265679    0.76695897    0.77148894    0.77328156    0.69291813    0.73907399    0.77974105    0.66956842    0.68915463    0.75874925    0.75091212    0.76963855    0.74467024    0.79017064    0.77745128    0.73192216    0.71380465    0.69031244    0.69906607    0.63180576    0.60904880    0.64075759    0.58909936    0.85329240    0.77491504    0.84306492    0.73637002    0.66216743    0.74120190    0.69527312    0.72608298    0.73786794    0.79433039    0.69353020    0.69958684    0.65222727    0.72868824    0.59557523    0.79721690    0.66455236    0.79730641    0.79933881    0.70140686    0.78958869    0.79251443    0.68435501    0.66321315    0.65739314    0.57685873    0.59144836    0.76071617    0.73905070    0.87292358    0.72298972    0.73126855    0.75135513    0.95426131    0.85845317    0.82994865    0.81670165    0.73588853    0.67358797    0.68287178    0.83087167    0.77823418    0.83635253    0.81295451    0.84395510    0.81974159    0.90862136    0.86579587    0.69496668    0.76652195    0.71645046    0.73512576    0.69169365    0.73297414    0.67363288    0.73549779    0.77472404    0.79678435    0.68833245    0.74565777    0.77609377    0.70446781    0.78527395    0.83946137    0.79751337    0.77793262    0.68925095    0.70123591    0.68051435    0.68705231    0.73769261    0.66378087    0.64254954    0.70090419    0.75906822    0.70615653    0.72906756    0.76457542    0.74525497    0.69471508    0.63848344    0.87764416    0.87308280    1.19589813    0.66940155    0.70877472
H1YAN6_9SPHI/9-497     0.58357324    0.64208149    0.58273314    0.52391056    0.60468819    0.55969773    0.33612038    0.42753946    0.47784294    0.36936091    0.37743815    0.00000000    0.32606367    0.46569170    0.41890357    0.42529373    0.58020927    0.43443720    0.42430085    0.45663177    0.62855643    0.61117507    0.76609162    0.74908609    0.74788300    0.75469985    0.64999653    0.71973294    0.77391101    0.63918955    0.66739503    0.75342535    0.71814084    0.80612787    0.74595532    0.76805269    0.71878399    0.70872793    0.70745965    0.67489872    0.64547232    0.59520989    0.57335515    0.59477942    0.57266114    0.84052043    0.83902727    0.84533538    0.76546659    0.65123375    0.73974815    0.73261770    0.72214774    0.71169275    0.80982384    0.68876357    0.74892516    0.69462594    0.72825995    0.62636649    0.80459850    0.68595593    0.84471344    0.81560007    0.73718459    0.77018993    0.80276097    0.71469367    0.70714887    0.69265166    0.56481635    0.53836749    0.72326451    0.72451257    0.84423864    0.67548717    0.73103823    0.77816810    0.95904501    0.86065953    0.83229178    0.81774912    0.74596000    0.71047979    0.66792831    0.76467708    0.74256214    0.79880798    0.80669910    0.76021754    0.77543467    0.85360791    0.82288654    0.67295797    0.76681971    0.72018680    0.72930354    0.71052273    0.74262624    0.68140727    0.73481623    0.74074181    0.75962679    0.70238463    0.68893868    0.77561325    0.70214045    0.76531518    0.83256482    0.79146425    0.74202714    0.65213555    0.67150668    0.63543429    0.62049396    0.66987570    0.65460826    0.62791990    0.66953807    0.71281863    0.67355861    0.70754157    0.77214041    0.71546289    0.63587670    0.62567548    0.84690381    0.87124304    1.20614588    0.64202713    0.67994903
C7PGD7_CHIPD/6-493     0.58085755    0.68954161    0.61965440    0.51486984    0.54327459    0.58647778    0.38872129    0.47477118    0.51382861    0.40091598    0.39450966    0.32606367    0.00000000    0.47616649    0.41793466    0.46336525    0.58720443    0.47429514    0.45965608    0.49907846    0.58922428    0.57853513    0.77247075    0.74196824    0.74510395    0.79077192    0.67350575    0.77975527    0.77929948    0.63122444    0.65929926    0.76380953    0.72745583    0.80497823    0.73676636    0.77848975    0.70468062    0.71058738    0.66613579    0.65102278    0.70896132    0.61754629    0.60011282    0.59550616    0.60427964    0.83914154    0.78093239    0.80169357    0.75438782    0.66299908    0.72061527    0.71218942    0.68767557    0.76604807    0.78823186    0.75008287    0.68523921    0.70450014    0.70579495    0.63602310    0.79166533    0.74789203    0.80007141    0.83386396    0.74340404    0.77938608    0.83895171    0.64133723    0.65200253    0.64532515    0.56117676    0.58141001    0.72206588    0.71479294    0.81502344    0.68353266    0.69566340    0.75211967    0.89547561    0.82124466    0.82729044    0.80723403    0.71577891    0.70892230    0.63622494    0.75037610    0.74267498    0.76162479    0.80128665    0.75337865    0.74742000    0.83719594    0.80895149    0.68050365    0.80784530    0.72089721    0.71434677    0.68554163    0.69948438    0.70882980    0.73503398    0.76270504    0.79070408    0.69853024    0.73641553    0.73951665    0.66257235    0.73051577    0.80821082    0.77717241    0.74890452    0.63064726    0.66222410    0.60489040    0.60152509    0.62748564    0.59889155    0.58308136    0.65603413    0.66021832    0.60495017    0.66737273    0.72175306    0.68293947    0.61342729    0.60861078    0.81939029    0.86620958    1.12342762    0.66106166    0.69068682
G8TBQ2_NIAKG/7-494     0.58021025    0.70673415    0.69098139    0.56655037    0.60615841    0.62128425    0.46886393    0.47637785    0.52195180    0.45685908    0.48244930    0.46569170    0.47616649    0.00000000    0.47864112    0.45085248    0.60266384    0.49752761    0.47618707    0.48632561    0.69977582    0.66187311    0.83414775    0.78945387    0.79444684    0.81072315    0.68819032    0.81710335    0.82496707    0.70222738    0.69768507    0.83485324    0.80287684    0.87328960    0.81076081    0.80142728    0.79501507    0.74790737    0.72739169    0.74887977    0.68525860    0.63926231    0.61148667    0.65003048    0.61327460    0.89200177    0.87412367    0.90256740    0.76144204    0.70331474    0.72249692    0.76119409    0.70142949    0.72006809    0.75769387    0.69575240    0.76635964    0.72487849    0.76851530    0.64439115    0.86486895    0.72677731    0.82597969    0.84509055    0.80517623    0.81695529    0.82148478    0.66114615    0.70114344    0.68259730    0.62129200    0.65721845    0.82256175    0.87308963    0.93906872    0.75619518    0.75104920    0.82440617    1.02924561    0.93572649    0.92097783    0.83688584    0.79519982    0.75566845    0.73098346    0.82587750    0.78952649    0.84358196    0.80322883    0.78465000    0.77949730    0.90589826    0.85853298    0.72898207    0.78391022    0.84704484    0.76628753    0.76693191    0.78466472    0.75521593    0.75126768    0.75470396    0.77345500    0.75081063    0.75834274    0.75383774    0.75785311    0.77520581    0.84767657    0.82641113    0.82771122    0.69036574    0.67479499    0.62660866    0.58153024    0.65571103    0.61673756    0.59113101    0.68477459    0.66384658    0.63112399    0.68102827    0.69743349    0.71243909    0.59405093    0.62843430    0.80269801    0.83706916    1.18323343    0.72111100    0.74619477
F0SEV9_PSESL/11-499     0.54398952    0.63988858    0.59662663    0.52266666    0.52940002    0.58009565    0.40829630    0.42082873    0.50767143    0.45306894    0.41506567    0.41890357    0.41793466    0.47864112    0.00000000    0.39250159    0.54476651    0.44502255    0.47452617    0.47760527    0.60765334    0.65692279    0.76460111    0.78418090    0.73889284    0.71788762    0.64946750    0.72815431    0.72565092    0.63361741    0.63364179    0.75248225    0.75000566    0.80939814    0.75572360    0.77140656    0.74873771    0.70229985    0.65924575    0.61943074    0.65939941    0.61313046    0.55982729    0.63459831    0.61011253    0.80048072    0.76168377    0.81011578    0.76548802    0.63017454    0.69302785    0.70771828    0.66393693    0.70022507    0.70454682    0.68097589    0.69486476    0.64519790    0.68384119    0.61542127    0.80549802    0.64990764    0.78331092    0.76547362    0.73622494    0.79743886    0.81313114    0.66175793    0.67114929    0.64937083    0.59120849    0.59364095    0.78932795    0.77233490    0.83154611    0.64125753    0.73838925    0.77068045    0.95951706    0.86468484    0.88321915    0.86185516    0.74573310    0.72851023    0.64360509    0.79833292    0.73846653    0.77616642    0.77156261    0.76521339    0.74604129    0.81032321    0.77045268    0.74414991    0.79722212    0.73105524    0.73789502    0.72749236    0.75517484    0.74310805    0.74426216    0.76110779    0.73912372    0.66714301    0.69588924    0.74921362    0.68140797    0.71649149    0.79889645    0.76095162    0.79162217    0.67856634    0.65761620    0.63087436    0.62738065    0.68410152    0.63687390    0.64670263    0.73112856    0.67087435    0.65001933    0.70988301    0.69212954    0.65255847    0.68626348    0.61998720    0.78915196    0.85001073    1.12225308    0.65826049    0.70546946
I0K9W7_9BACT/40-529     0.58039036    0.65183602    0.55815361    0.50680014    0.55808899    0.58805750    0.44480653    0.41867708    0.49246059    0.43924592    0.45794000    0.42529373    0.46336525    0.45085248    0.39250159    0.00000000    0.55720956    0.50450458    0.45774036    0.49602661    0.67618171    0.61365557    0.76090561    0.75804381    0.72610042    0.77573797    0.61840741    0.79320421    0.81428181    0.64655260    0.66955056    0.77660020    0.75785471    0.80122362    0.71256354    0.73553777    0.75038159    0.72915631    0.72630190    0.67777284    0.65902695    0.62791837    0.61651353    0.59543075    0.58694441    0.86778812    0.77616101    0.81347953    0.75917042    0.67717083    0.75312405    0.70121795    0.67325452    0.72626709    0.84113179    0.70287958    0.67942180    0.71375813    0.73789337    0.67418678    0.74025583    0.68504023    0.76394889    0.77624362    0.73494389    0.73905555    0.77448291    0.62221794    0.62698430    0.61919367    0.56571417    0.56213559    0.76981793    0.74855265    0.87029081    0.68682666    0.76220654    0.76849317    0.92635618    0.85404806    0.85876491    0.83441911    0.77271946    0.71869083    0.65624899    0.79965860    0.72584476    0.79480900    0.75468928    0.75186553    0.77220392    0.83493492    0.80569154    0.68414098    0.79060685    0.73040905    0.68165515    0.74274315    0.74002332    0.72123706    0.72934752    0.75345765    0.75609002    0.72061561    0.70718678    0.70101227    0.69800552    0.76819480    0.82407186    0.84993423    0.78114472    0.66188409    0.68546717    0.66546835    0.61401404    0.68305519    0.65007255    0.61514926    0.69993544    0.67603732    0.65877843    0.70282625    0.73851872    0.75764815    0.67617820    0.64320681    0.86355850    0.90803460    1.16743533    0.72163292    0.72784451
G2Z1A8_FLABF/10-497     0.64605800    0.65989198    0.62313542    0.58521159    0.57028001    0.65274338    0.54479855    0.56834822    0.64667406    0.61244822    0.54863204    0.58020927    0.58720443    0.60266384    0.54476651    0.55720956    0.00000000    0.51387259    0.50125000    0.48352286    0.76179016    0.71373711    0.92419476    0.88827916    0.83232203    0.77432120    0.76849577    0.78989867    0.73009554    0.75828514    0.80943112    0.84452304    0.79980130    0.87873524    0.78241832    0.82600438    0.81788148    0.78022684    0.81276757    0.74763837    0.78497041    0.73619967    0.70161204    0.76114543    0.72819198    0.88200645    0.86785179    0.88738885    0.83128749    0.71811537    0.76954778    0.74973941    0.73694706    0.76320758    0.81846302    0.72898983    0.67785112    0.65954432    0.69203180    0.73951867    0.95207618    0.80467607    0.92788462    0.88602788    0.86736078    0.85959856    0.87791637    0.76136408    0.76289204    0.70649444    0.66182937    0.68548726    0.87034682    0.88715654    0.94444093    0.85356846    0.84484528    0.87849151    1.08651345    0.96208028    0.98571843    0.88916530    0.80436870    0.79028248    0.80848556    0.83303866    0.81462036    0.90793636    0.91206482    0.84127365    0.86707213    0.91107302    0.89705620    0.83515220    0.92552209    0.87376319    0.81026920    0.85508057    0.87186758    0.82438968    0.81862289    0.86268393    0.87072828    0.80848406    0.81050576    0.80752850    0.85015435    0.78287488    0.90624974    0.82162811    0.79385168    0.78925639    0.71780853    0.71561885    0.71313971    0.75831609    0.74076366    0.69168545    0.75781940    0.78163655    0.72911114    0.76395928    0.75075543    0.71974877    0.73795579    0.70909464    0.94172775    0.94258883    1.23758536    0.76912107    0.72925575
H8XTW0_FLAIG/8-496     0.48229232    0.61498486    0.64473605    0.59800016    0.62547933    0.60398056    0.42725517    0.50389560    0.54392506    0.52165865    0.43636583    0.43443720    0.47429514    0.49752761    0.44502255    0.50450458    0.51387259    0.00000000    0.28258909    0.29131742    0.64989101    0.65580857    0.78123503    0.73389187    0.78475249    0.79640083    0.67907318    0.76702960    0.79416486    0.69099158    0.69094811    0.81366153    0.79707974    0.87203405    0.78259100    0.82102090    0.77122638    0.76212801    0.73256145    0.74509727    0.74341110    0.67089869    0.65322018    0.67903233    0.65558655    0.84551889    0.84619427    0.86948969    0.79431327    0.68588685    0.70829300    0.74257123    0.69365367    0.75743132    0.76120855    0.69951877    0.66419835    0.69935991    0.68615106    0.68945891    0.83445838    0.73405482    0.83443397    0.84026002    0.78486507    0.84751102    0.82902087    0.65740717    0.66857222    0.66981502    0.62747522    0.62597460    0.79801110    0.79294828    0.84876512    0.72247676    0.78143010    0.79752086    1.00351830    0.89842621    0.90071706    0.80901737    0.78642858    0.74618608    0.70100191    0.77308067    0.79160643    0.81178479    0.82170254    0.79818004    0.80170558    0.85698823    0.81597683    0.74669079    0.86322477    0.73588238    0.75554692    0.75033987    0.76962898    0.75110496    0.75567010    0.77610359    0.79752216    0.76359712    0.78232160    0.78072454    0.72901871    0.75509193    0.82672369    0.79521214    0.80611586    0.67347667    0.66505662    0.69493517    0.61952102    0.72712818    0.64777664    0.62460963    0.66914640    0.69722885    0.66084034    0.70029199    0.71088981    0.71123736    0.66571350    0.65503374    0.86809542    0.88782104    1.14979229    0.71899366    0.71741406
MQO_FLAPJ/7-494     0.51649103    0.70786071    0.67571169    0.55376121    0.61565846    0.58635838    0.45946908    0.48610537    0.53932009    0.49862658    0.46572723    0.42430085    0.45965608    0.47618707    0.47452617    0.45774036    0.50125000    0.28258909    0.00000000    0.25995438    0.65436790    0.66886023    0.83818290    0.75654639    0.80039205    0.79553250    0.69885326    0.81072853    0.82044145    0.69129988    0.68176640    0.81459586    0.81855060    0.85020928    0.78996691    0.80195308    0.76914111    0.77135786    0.77558651    0.75967500    0.72704613    0.68814838    0.66689073    0.69167436    0.69068252    0.87119665    0.85666521    0.86835695    0.80961853    0.67761399    0.73156595    0.70813571    0.75350861    0.69515473    0.81713850    0.71903081    0.68787115    0.70335906    0.70754283    0.71243211    0.88434061    0.70481595    0.84628192    0.87603198    0.76023219    0.79779751    0.82953435    0.72542530    0.69052711    0.66565476    0.65265832    0.65239107    0.81361119    0.79348889    0.88089701    0.74684792    0.78300052    0.82293755    1.03599732    0.96124395    0.95740917    0.88736739    0.79410890    0.74431073    0.71747377    0.81536607    0.80416343    0.84005519    0.86610092    0.82254918    0.82528522    0.87320514    0.84099270    0.73335710    0.84877094    0.74297996    0.76786903    0.79738252    0.79699344    0.75571833    0.76986986    0.80208182    0.76725820    0.72246785    0.78565595    0.76315560    0.73899478    0.75925584    0.81075729    0.84046076    0.80554865    0.68544399    0.64972748    0.64355254    0.61210174    0.68574763    0.63450656    0.60971796    0.72701352    0.70871592    0.67212052    0.69164020    0.72161469    0.74927698    0.68179224    0.63300272    0.85255748    0.86651217    1.16793838    0.72490069    0.74596773
G8XB84_FLACA/8-496     0.52623484    0.66783502    0.61177717    0.56922276    0.55903598    0.58414974    0.46772678    0.49391739    0.55426265    0.50648838    0.49658446    0.45663177    0.49907846    0.48632561    0.47760527    0.49602661    0.48352286    0.29131742    0.25995438    0.00000000    0.65871934    0.62190818    0.82755038    0.72868153    0.75332493    0.78898921    0.68073025    0.74371395    0.76022287    0.70148141    0.69281023    0.83209304    0.82570869    0.83048298    0.79002602    0.78097019    0.77531240    0.78700194    0.74414329    0.71030645    0.70889088    0.66118925    0.64497781    0.65592318    0.65443231    0.82774154    0.85578798    0.89012940    0.82727164    0.69254804    0.75265355    0.74781760    0.72352847    0.77753135    0.80635863    0.72243436    0.72636923    0.70868524    0.75664227    0.71280147    0.84749197    0.70788450    0.81968061    0.83629869    0.75332925    0.79769318    0.81573495    0.69777472    0.71185444    0.69069643    0.65071352    0.63534965    0.79894212    0.77108611    0.84517133    0.70867465    0.74748749    0.81485253    1.01467469    0.91185461    0.94309529    0.81429227    0.77383784    0.74764188    0.70818762    0.75805063    0.76862541    0.82817502    0.80919111    0.77688560    0.79047570    0.87502032    0.84931124    0.75629275    0.82461974    0.72038768    0.77475197    0.76168694    0.78421926    0.73403162    0.76541010    0.78978535    0.78225052    0.74089993    0.78953203    0.77568038    0.77071628    0.78245079    0.81227957    0.80060022    0.86283980    0.68780700    0.68044772    0.67082703    0.62044552    0.71309022    0.66488428    0.62645832    0.71674642    0.72588039    0.66373697    0.71085676    0.72896074    0.73460699    0.67194316    0.68350037    0.86566192    0.87435689    1.17575269    0.71582932    0.69571534
W0F643_9BACT/8-494     0.68000621    0.75353835    0.84051210    0.69033105    0.67086159    0.74481353    0.64425781    0.70363776    0.64212264    0.65334771    0.67829012    0.62855643    0.58922428    0.69977582    0.60765334    0.67618171    0.76179016    0.64989101    0.65436790    0.65871934    0.00000000    0.58209678    0.81188905    0.76911920    0.76647434    0.82433694    0.74621075    0.82597293    0.83757199    0.67805866    0.67346056    0.83117936    0.80553171    0.86632210    0.73974552    0.76576852    0.76361979    0.76134529    0.72110321    0.72900094    0.69332713    0.68656830    0.66797357    0.65693716    0.69417596    0.93641439    0.88049138    0.94163204    0.93139942    0.81316269    0.77125188    0.82141591    0.83749626    0.84410216    0.85545506    0.83147646    0.79020302    0.78783362    0.80116123    0.77303780    0.92133841    0.79144838    0.90822450    0.88058666    0.82908933    0.87642454    0.88776193    0.78142138    0.78180118    0.78032048    0.72216395    0.72006056    0.85653649    0.79790064    0.84445435    0.73116181    0.79759258    0.82440411    1.04461613    0.92713700    0.94256782    0.86685866    0.77547677    0.78843746    0.76094595    0.90726082    0.86842588    0.88413564    0.88539105    0.86764354    0.86250358    0.87828679    0.90572239    0.80775120    0.84439801    0.75079824    0.77070459    0.74462488    0.79915235    0.74890686    0.88032987    0.84562020    0.84295061    0.76932255    0.84979345    0.80419314    0.80571875    0.84295415    0.94577749    0.90244685    0.90545391    0.72804121    0.76269420    0.70348820    0.68071515    0.72755645    0.72687190    0.72140722    0.77822378    0.80234136    0.69651890    0.73599126    0.74727907    0.73392334    0.74987568    0.71643238    0.87781715    0.99046779    1.29778583    0.74414406    0.83012433
