6
Q8ZQ90_SALTY/2-131     0.00000000    0.68551711    0.61976212    1.77621029    0.79023563    0.78733972
TTTP_LAMBD/1-129     0.68551711    0.00000000    0.38137875    1.62924713    0.90829070    0.84690597
TTTP_BPN15/1-130     0.61976212    0.38137875    0.00000000    1.78816089    0.78082053    0.70944378
B8F4K3_HAEPS/2-134     1.77621029    1.62924713    1.78816089    0.00000000    1.62186355    1.58049895
Q8ZQG6_SALTY/2-131     0.79023563    0.90829070    0.78082053    1.62186355    0.00000000    0.27674443
Q8ZN03_SALTY/2-131     0.78733972    0.84690597    0.70944378    1.58049895    0.27674443    0.00000000

