18
W5MJV7_LEPOC/582-837     0.00000000    0.21332727    1.42367744    0.99923728    1.13118618    1.09416592    0.31055716    0.23602452    0.55445594    0.59371861    0.51818989    0.53790045    0.63886797    0.58342925    0.63840667    0.46645479    0.56965479    0.54339305
H3A4Y8_LATCH/580-811     0.21332727    0.00000000    1.45478479    0.88418760    1.04856792    0.99086810    0.27306297    0.20991381    0.57008489    0.60181433    0.49779414    0.50105159    0.68801904    0.63771169    0.64213603    0.57166062    0.59760077    0.58763932
K1PT10_CRAGI/363-610     1.42367744    1.45478479    0.00000000    1.47792294    1.46778298    1.38999545    1.26217993    1.29474245    1.41261260    1.53487680    1.30802409    1.38143635    1.42049184    1.43323819    1.39584894    1.56167667    1.65429415    1.52318200
W5LZV1_LEPOC/573-803     0.99923728    0.88418760    1.47792294    0.00000000    0.26800256    0.31122699    0.85235338    0.83172468    1.04623836    1.02684260    1.07742487    1.06603558    1.17040372    1.06161739    1.05599136    1.08162875    1.24713565    1.11853382
EPC2_MOUSE/578-808     1.13118618    1.04856792    1.46778298    0.26800256    0.00000000    0.27874083    0.95036580    0.91487440    1.17978377    1.12682885    1.06706642    1.12511781    1.31629161    1.15853298    1.14693947    1.27610066    1.41509776    1.26586044
H2ZVD9_LATCH/575-806     1.09416592    0.99086810    1.38999545    0.31122699    0.27874083    0.00000000    0.89973294    0.92384507    1.11235005    1.09030045    1.03000167    1.03478819    1.26040045    1.15126008    1.18058049    1.18864786    1.27819960    1.18437154
EPC1_MOUSE/581-813     0.31055716    0.27306297    1.26217993    0.85235338    0.95036580    0.89973294    0.00000000    0.11723308    0.57168708    0.61001258    0.54379612    0.54066725    0.64346825    0.58100820    0.58964445    0.53867301    0.61417748    0.61052268
G3TXR5_LOXAF/528-750     0.23602452    0.20991381    1.29474245    0.83172468    0.91487440    0.92384507    0.11723308    0.00000000    0.48708638    0.49707590    0.48470950    0.45070331    0.54524158    0.49685279    0.51773262    0.49314594    0.50778657    0.53656305
W5KYB2_ASTMX/582-795     0.55445594    0.57008489    1.41261260    1.04623836    1.17978377    1.11235005    0.57168708    0.48708638    0.00000000    0.31053492    0.55650397    0.55926613    0.66687021    0.59805385    0.72008609    0.55110726    0.65194325    0.55294308
A3KNA6_DANRE/575-797     0.59371861    0.60181433    1.53487680    1.02684260    1.12682885    1.09030045    0.61001258    0.49707590    0.31053492    0.00000000    0.60266385    0.60400999    0.68144084    0.65428063    0.70959431    0.65443381    0.78160417    0.65901658
A0A0R4ICZ3_DANRE/579-796     0.51818989    0.49779414    1.30802409    1.07742487    1.06706642    1.03000167    0.54379612    0.48470950    0.55650397    0.60266385    0.00000000    0.32208604    0.67949850    0.61690265    0.67396569    0.59564000    0.59325171    0.55720174
A0A3B1IMD8_ASTMX/569-787     0.53790045    0.50105159    1.38143635    1.06603558    1.12511781    1.03478819    0.54066725    0.45070331    0.55926613    0.60400999    0.32208604    0.00000000    0.67798495    0.58720814    0.68786725    0.63274948    0.67913595    0.63443472
H2SM81_TAKRU/601-832     0.63886797    0.68801904    1.42049184    1.17040372    1.31629161    1.26040045    0.64346825    0.54524158    0.66687021    0.68144084    0.67949850    0.67798495    0.00000000    0.26035590    0.34876037    0.69866012    0.71085340    0.65047962
I3KCN2_ORENI/582-813     0.58342925    0.63771169    1.43323819    1.06161739    1.15853298    1.15126008    0.58100820    0.49685279    0.59805385    0.65428063    0.61690265    0.58720814    0.26035590    0.00000000    0.28421019    0.64338123    0.65995406    0.61462652
M3ZVL4_XIPMA/588-814     0.63840667    0.64213603    1.39584894    1.05599136    1.14693947    1.18058049    0.58964445    0.51773262    0.72008609    0.70959431    0.67396569    0.68786725    0.34876037    0.28421019    0.00000000    0.75759699    0.76072933    0.72354002
I3JHB2_ORENI/594-845     0.46645479    0.57166062    1.56167667    1.08162875    1.27610066    1.18864786    0.53867301    0.49314594    0.55110726    0.65443381    0.59564000    0.63274948    0.69866012    0.64338123    0.75759699    0.00000000    0.34341385    0.33343150
H2V9B7_TAKRU/596-854     0.56965479    0.59760077    1.65429415    1.24713565    1.41509776    1.27819960    0.61417748    0.50778657    0.65194325    0.78160417    0.59325171    0.67913595    0.71085340    0.65995406    0.76072933    0.34341385    0.00000000    0.10288396
H3D7X5_TETNG/584-817     0.54339305    0.58763932    1.52318200    1.11853382    1.26586044    1.18437154    0.61052268    0.53656305    0.55294308    0.65901658    0.55720174    0.63443472    0.65047962    0.61462652    0.72354002    0.33343150    0.10288396    0.00000000

