20
F6HNV7_VITVI/239-346     0.00000000    0.38346014    0.68421532    0.60969717    0.72528287    0.62266199    0.52029902    1.02450210    0.92391996    0.52229428    0.69524839    0.69452444    0.39043533    1.06254412    1.03798380    1.11207384    1.19808898    1.00429786    0.61045836    0.51965894
I1LMG7_SOYBN/262-368     0.38346014    0.00000000    0.73588379    0.59227841    0.75590821    0.63775546    0.50761215    1.02740773    0.92905193    0.54816372    0.60518528    0.63025355    0.46385979    1.26280366    1.17120105    1.12605783    1.22149125    1.07424211    0.53642146    0.51518563
C5YYG0_SORBI/283-390     0.68421532    0.73588379    0.00000000    0.29189838    0.78741696    0.83934201    0.69048481    1.39714066    1.35097287    0.88680850    0.86836703    0.83956860    0.65690606    1.46249695    1.28669086    1.28460281    1.25087963    1.28114229    0.78870757    0.85331887
J3M398_ORYBR/121-229     0.60969717    0.59227841    0.29189838    0.00000000    0.66799276    0.72531146    0.63845619    1.24873996    1.22919498    0.69420033    0.65961884    0.77444514    0.55205892    1.12097056    1.09698007    1.23160728    1.12553549    1.15495957    0.62648668    0.67583591
Q5JME3_ORYSJ/202-315     0.72528287    0.75590821    0.78741696    0.66799276    0.00000000    0.66975644    0.80735562    1.42275020    1.25731327    0.88312042    0.91797424    0.90530831    0.67201838    1.35229260    1.28867538    1.23607583    1.19673602    1.26860937    0.79489006    0.75564669
M0ZQ04_SOLTU/246-369     0.62266199    0.63775546    0.83934201    0.72531146    0.66975644    0.00000000    0.66241795    1.26219086    1.02530763    0.72410891    0.74177161    0.81319625    0.50704291    1.27434604    1.11853117    1.21250979    1.20457730    1.09556496    0.61008119    0.62498504
M1A7B4_SOLTU/270-378     0.52029902    0.50761215    0.69048481    0.63845619    0.80735562    0.66241795    0.00000000    0.92090424    0.89791798    0.58999527    0.65725257    0.75129788    0.48514647    1.17349697    1.03516877    1.04198697    1.02803428    0.93325349    0.66220874    0.62332084
RHC2A_ARATH/273-395     1.02450210    1.02740773    1.39714066    1.24873996    1.42275020    1.26219086    0.92090424    0.00000000    0.20182285    1.08360927    1.04658398    1.24719523    1.09908944    1.56934865    1.57617669    1.61331697    1.69452447    1.58246407    1.14637966    1.00097156
M4CLD3_BRARP/227-334     0.92391996    0.92905193    1.35097287    1.22919498    1.25731327    1.02530763    0.89791798    0.20182285    0.00000000    0.98332427    1.02733031    1.31672928    0.98844784    1.47973493    1.49769243    1.50614030    1.56712352    1.45574853    1.18038671    0.85216042
I1LQN4_SOYBN/243-351     0.52229428    0.54816372    0.88680850    0.69420033    0.88312042    0.72410891    0.58999527    1.08360927    0.98332427    0.00000000    0.45961131    0.65298141    0.39173826    1.12112376    1.07885255    1.10394260    1.11469929    1.02367795    0.55434853    0.46930118
B9SZY8_RICCO/231-343     0.69524839    0.60518528    0.86836703    0.65961884    0.91797424    0.74177161    0.65725257    1.04658398    1.02733031    0.45961131    0.00000000    0.48600526    0.49057126    0.91877336    0.94607133    0.97660973    1.14735300    1.08820424    0.64535810    0.46689826
F6HL86_VITVI/395-500     0.69452444    0.63025355    0.83956860    0.77444514    0.90530831    0.81319625    0.75129788    1.24719523    1.31672928    0.65298141    0.48600526    0.00000000    0.50617729    1.32948767    1.21653371    1.20387109    1.15342332    1.12905991    0.64360609    0.61692897
F6GUZ2_VITVI/258-369     0.39043533    0.46385979    0.65690606    0.55205892    0.67201838    0.50704291    0.48514647    1.09908944    0.98844784    0.39173826    0.49057126    0.50617729    0.00000000    0.91823481    0.86684456    0.87657362    0.91080597    0.84387341    0.40349539    0.38415626
M4DS89_BRARP/254-370     1.06254412    1.26280366    1.46249695    1.12097056    1.35229260    1.27434604    1.17349697    1.56934865    1.47973493    1.12112376    0.91877336    1.32948767    0.91823481    0.00000000    0.21682047    0.42014740    0.44339130    0.41105345    1.08403998    1.05878892
D7LN27_ARALL/270-390     1.03798380    1.17120105    1.28669086    1.09698007    1.28867538    1.11853117    1.03516877    1.57617669    1.49769243    1.07885255    0.94607133    1.21653371    0.86684456    0.21682047    0.00000000    0.32194012    0.35842737    0.36786395    0.98653515    1.04202127
M4CR68_BRARP/255-378     1.11207384    1.12605783    1.28460281    1.23160728    1.23607583    1.21250979    1.04198697    1.61331697    1.50614030    1.10394260    0.97660973    1.20387109    0.87657362    0.42014740    0.32194012    0.00000000    0.23327667    0.21437169    1.06554795    1.18917205
M4CEC8_BRARP/258-382     1.19808898    1.22149125    1.25087963    1.12553549    1.19673602    1.20457730    1.02803428    1.69452447    1.56712352    1.11469929    1.14735300    1.15342332    0.91080597    0.44339130    0.35842737    0.23327667    0.00000000    0.22983741    1.06132430    1.28266373
RDUF2_ARATH/260-390     1.00429786    1.07424211    1.28114229    1.15495957    1.26860937    1.09556496    0.93325349    1.58246407    1.45574853    1.02367795    1.08820424    1.12905991    0.84387341    0.41105345    0.36786395    0.21437169    0.22983741    0.00000000    1.06418207    1.10765255
M0RES0_MUSAM/235-344     0.61045836    0.53642146    0.78870757    0.62648668    0.79489006    0.61008119    0.66220874    1.14637966    1.18038671    0.55434853    0.64535810    0.64360609    0.40349539    1.08403998    0.98653515    1.06554795    1.06132430    1.06418207    0.00000000    0.48892354
M0UAX0_MUSAM/220-332     0.51965894    0.51518563    0.85331887    0.67583591    0.75564669    0.62498504    0.62332084    1.00097156    0.85216042    0.46930118    0.46689826    0.61692897    0.38415626    1.05878892    1.04202127    1.18917205    1.28266373    1.10765255    0.48892354    0.00000000

