8
W0L9Q7_9GAMM/7-107     0.00000000    0.97493574    0.60963423    0.62113855    0.61895092    0.60510957    0.52939010    0.65016161
Q8EGY4_SHEON/11-111     0.97493574    0.00000000    0.86444681    1.00894969    0.96410466    0.95111141    1.02095570    0.98608529
W0LGJ8_9GAMM/9-107     0.60963423    0.86444681    0.00000000    0.73084566    0.73610626    0.63961210    0.63023196    0.70336816
Q32HN0_SHIDS/18-118     0.62113855    1.00894969    0.73084566    0.00000000    0.61546394    0.37773112    0.53194269    0.53628464
YAGB_ECOLI/7-106     0.61895092    0.96410466    0.73610626    0.61546394    0.00000000    0.38527513    0.47405857    0.64933910
W0HUC2_9GAMM/17-117     0.60510957    0.95111141    0.63961210    0.37773112    0.38527513    0.00000000    0.49408609    0.52540431
Q7NA13_PHOLL/7-107     0.52939010    1.02095570    0.63023196    0.53194269    0.47405857    0.49408609    0.00000000    0.52684855
Q6D390_PECAS/21-121     0.65016161    0.98608529    0.70336816    0.53628464    0.64933910    0.52540431    0.52684855    0.00000000

