15
Q9L157_STRCO/45-121     0.00000000    0.64542568    0.72715171    0.95063188    0.74283583    0.77595665    1.05039646    0.76744104    0.85423013    1.01242911    0.84163556    1.00130910    1.54776435    2.07215127    0.81368070
RPFB_MYCTU/281-355     0.64542568    0.00000000    0.51114381    0.86844943    0.62604036    0.54097463    0.73934544    0.57783288    0.76716436    1.07650651    0.80150855    0.80798567    1.51833378    2.23340398    0.62724974
Q8CK41_STRCO/41-117     0.72715171    0.51114381    0.00000000    0.69919458    0.48362893    0.51118692    0.80932064    0.63149869    0.70245449    0.97223538    0.73537137    0.82984002    1.42177866    1.86022551    0.68158585
C5CAM7_MICLC/42-114     0.95063188    0.86844943    0.69919458    0.00000000    0.68882439    0.91869432    0.78137298    0.77532400    0.94803294    1.15206858    1.03948776    1.02151918    1.23893590    2.11214591    0.87067355
Q9F2Q2_STRCO/41-117     0.74283583    0.62604036    0.48362893    0.68882439    0.00000000    0.41069898    0.53979293    0.45130254    0.51368052    0.67832695    0.56809572    0.69364554    1.40612631    1.71474168    0.47966407
Q7APY1_MYCLE/38-113     0.77595665    0.54097463    0.51118692    0.91869432    0.41069898    0.00000000    0.51328949    0.35652325    0.63420249    0.74533882    0.62473714    0.63772371    1.61253326    1.54125167    0.57258821
RPF2_CORGL/291-367     1.05039646    0.73934544    0.80932064    0.78137298    0.53979293    0.51328949    0.00000000    0.46166109    0.80616248    0.67963729    0.62901850    0.78836130    1.57892925    1.64015757    0.62579659
Q8FR70_COREF/38-114     0.76744104    0.57783288    0.63149869    0.77532400    0.45130254    0.35652325    0.46166109    0.00000000    0.74012474    0.78243267    0.59193249    0.77653774    1.53768583    2.07034909    0.61470289
Q9F2Q1_STRCO/40-116     0.85423013    0.76716436    0.70245449    0.94803294    0.51368052    0.63420249    0.80616248    0.74012474    0.00000000    0.90059068    0.76209118    0.74814381    1.39815281    1.91171511    0.64143814
Q9CBF8_MYCLE/43-116     1.01242911    1.07650651    0.97223538    1.15206858    0.67832695    0.74533882    0.67963729    0.78243267    0.90059068    0.00000000    0.26857081    0.63748155    1.50878768    2.26315316    0.70910228
RPFC_MYCTU/67-140     0.84163556    0.80150855    0.73537137    1.03948776    0.56809572    0.62473714    0.62901850    0.59193249    0.76209118    0.26857081    0.00000000    0.51791021    1.19495202    1.64075989    0.57954967
RPFD_MYCTU/49-121     1.00130910    0.80798567    0.82984002    1.02151918    0.69364554    0.63772371    0.78836130    0.77653774    0.74814381    0.63748155    0.51791021    0.00000000    1.22876484    1.47967498    0.60087928
Q8CJX5_STRCO/378-452     1.54776435    1.51833378    1.42177866    1.23893590    1.40612631    1.61253326    1.57892925    1.53768583    1.39815281    1.50878768    1.19495202    1.22876484    0.00000000    1.95587904    1.35745400
SCED_STAA8/154-231     2.07215127    2.23340398    1.86022551    2.11214591    1.71474168    1.54125167    1.64015757    2.07034909    1.91171511    2.26315316    1.64075989    1.47967498    1.95587904    0.00000000    1.79392316
RPFE_MYCTU/96-168     0.81368070    0.62724974    0.68158585    0.87067355    0.47966407    0.57258821    0.62579659    0.61470289    0.64143814    0.70910228    0.57954967    0.60087928    1.35745400    1.79392316    0.00000000

