56
A0A212FFC6_DANPL/28-78     0.00000000    0.50918971    0.31907120    0.51167178    0.46306355    0.59448716    0.70971428    0.75062992    0.67139309    0.69733402    0.59626996    1.32108538    1.08043506    0.66621379    0.71796879    0.95392484    0.76515349    0.78576550    0.86324283    0.94845890    1.30162212    1.34283969    1.31673250    1.33285587    1.47087212    1.24992511    1.21546491    1.20464067    1.19114984    1.31742827    1.27550017    0.95133880    0.99016260    0.56681161    0.93966964    0.60638481    0.61799338    0.70445180    0.38032481    0.54711398    0.50029909    0.42493744    0.28139922    0.37802160    0.45666040    0.40946731    0.54312560    0.56453361    0.65935387    0.65224566    0.53872884    0.48430823    0.80580154    0.98620549    0.86116210    0.41679725
X1XMY0_ACYPI/28-78     0.50918971    0.00000000    0.45981975    0.55422452    0.64772601    0.73437198    0.80822132    0.76690907    0.74415268    0.77400140    0.62714594    1.36519528    1.32988049    0.74104726    1.04823351    1.14721867    1.13324863    1.09998875    1.24675129    1.21443493    1.49170310    1.49047640    1.43968132    1.48631567    1.47782621    1.52228965    1.33895452    1.51628718    1.42146407    1.64926524    1.42035693    1.14984987    1.08727221    0.81891475    1.14809019    0.74686661    0.80172058    0.74789516    0.58883824    0.79729429    0.62923030    0.62845087    0.44847837    0.44395905    0.59419292    0.47532488    0.60896013    0.64368332    0.84664351    0.78731466    0.61777569    0.71777785    1.04936168    1.10168295    1.05348492    0.62696643
B4KEH7_DROMO/28-78     0.31907120    0.45981975    0.00000000    0.38729956    0.53878099    0.56625714    0.62628832    0.60205797    0.54722440    0.67044529    0.53379039    1.18860485    1.01987212    0.65460486    0.79324081    0.86448111    0.78147456    0.89642158    0.86760248    0.96627457    1.23908944    1.19676343    1.22738045    1.24966869    1.52837805    1.20426043    1.19749911    1.04779310    1.02107739    1.38967711    1.29754249    0.97940587    1.01515772    0.50017594    0.80740363    0.39130672    0.62375288    0.57057273    0.28562437    0.58623712    0.42446672    0.47454655    0.27479669    0.28123575    0.52261024    0.37916257    0.41659875    0.51236177    0.58234255    0.65535553    0.48236099    0.59207260    0.81439644    0.97544927    0.86895861    0.52541679
E9GU51_DAPPU/60-110     0.51167178    0.55422452    0.38729956    0.00000000    0.70853177    0.63170533    0.79181909    0.81346443    0.80145791    0.64281629    0.60371283    1.30755842    1.09220126    0.66481397    0.86561222    1.01728966    0.87146171    0.99441159    1.02670056    1.01579105    1.45158801    1.10990906    1.16649535    1.14388405    1.53409086    1.48270738    1.26610408    1.17740749    0.98948098    1.36940860    1.40267525    0.99268486    1.01953759    0.52795627    0.89655850    0.48355862    0.66799056    0.64658446    0.47224688    0.64471166    0.55558943    0.47798819    0.35240993    0.33486585    0.58583650    0.56031944    0.45629834    0.60881788    0.59643255    0.61452450    0.44554826    0.54003945    0.87878082    1.02172019    0.91869678    0.57908043
A0A1X7VAZ5_AMPQE/22-72     0.46306355    0.64772601    0.53878099    0.70853177    0.00000000    0.59150861    0.89815628    0.74496925    0.69158991    0.79918292    0.55298010    1.34050627    1.16900341    0.63411196    0.81963405    1.12489817    0.92645347    0.98567343    0.98627998    1.01145071    1.27863142    1.52617962    1.48692806    1.35576568    1.30244687    1.20646328    1.03926079    1.15224889    1.02467797    1.27725475    1.18081379    1.02042783    0.83494843    0.60317538    0.99610364    0.68886854    0.71635781    0.88210284    0.50953860    0.81702712    0.65193844    0.55170725    0.44764060    0.51924439    0.64960053    0.67862566    0.71426778    0.69745384    0.77147179    0.85364472    0.72259861    0.63759026    0.84249538    1.10282029    0.99568337    0.56388355
T1L4M0_TETUR/27-77     0.59448716    0.73437198    0.56625714    0.63170533    0.59150861    0.00000000    0.97163024    0.78414896    0.92323565    0.82416760    0.58181743    1.43788128    1.37719177    0.86256161    0.98951551    1.27164665    1.08149641    1.05131508    1.07792387    1.09746961    1.30922991    1.49006253    1.39877354    1.35863901    1.44927580    1.39921143    1.10861699    1.33500028    1.24768658    1.25556928    1.46056298    1.50187599    0.90265630    0.64441346    0.91404014    0.59731894    0.67401709    0.70243748    0.57496814    0.73200048    0.72545046    0.55812978    0.51003710    0.52864891    0.68135253    0.74482307    0.70557859    0.68146797    0.57486303    0.92879290    0.76992820    0.77938250    1.03691002    1.12795276    1.03540428    0.75055023
A7RIV7_NEMVE/9-59     0.70971428    0.80822132    0.62628832    0.79181909    0.89815628    0.97163024    0.00000000    0.73121747    0.83860933    1.06288262    0.81486468    1.62222869    1.46138846    0.96837634    1.10713400    1.42036459    1.43099591    1.50385544    1.60557864    1.63677079    1.59374852    1.78453716    1.78062959    1.60191329    1.78001871    1.42752596    1.41247403    1.46949122    1.49498958    1.42591065    1.28590057    1.57098903    1.39673563    0.78901757    1.25581303    0.77226435    0.98432405    0.89349443    0.73958555    1.04402260    0.85086790    0.88408618    0.73429122    0.78518672    0.83940279    0.77497841    0.95298950    0.90601687    1.11197275    1.11538949    0.88638171    0.97271864    1.16506355    1.63832570    1.34909186    0.88897546
A0E203_PARTE/15-65     0.75062992    0.76690907    0.60205797    0.81346443    0.74496925    0.78414896    0.73121747    0.00000000    0.25746680    0.84100961    0.60440024    1.65152696    1.63433944    0.78875477    0.92037795    1.12560046    1.08066735    1.09248703    1.20060098    1.07411871    1.49620326    1.42508184    1.37022188    1.47148618    1.63812064    1.47460880    1.22827076    1.32635017    1.23967010    1.27725890    1.28750342    1.10145337    1.17138292    0.67774355    0.94819889    0.64883546    0.76423718    0.75356189    0.51029787    0.64682058    0.83970280    0.78514166    0.66993917    0.70872085    0.77771410    0.68954887    0.79321726    1.02621814    1.03503998    0.91525649    0.75103301    0.85679112    1.05806623    1.28867870    1.09506899    0.81722323
Q22HF0_TETTS/26-76     0.67139309    0.74415268    0.54722440    0.80145791    0.69158991    0.92323565    0.83860933    0.25746680    0.00000000    0.85267385    0.57428568    1.38232575    1.33492717    0.84812599    0.84927748    1.04838959    0.85599570    0.88422545    0.90173948    1.02672964    1.24931017    1.38595781    1.31354302    1.50458733    1.31192194    1.31574084    1.09001389    1.16423667    1.08487303    1.37320452    1.36844273    0.98522924    1.19283412    0.56058636    0.92404254    0.58043794    0.61362122    0.84063418    0.53623457    0.63108720    0.78374330    0.60641479    0.51330745    0.60261858    0.75905291    0.61632006    0.74184702    0.89724847    0.97871274    0.86852439    0.81067541    0.76691332    0.96920358    1.31637755    1.06691749    0.82155581
F1A4W6_DICPU/12-62     0.69733402    0.77400140    0.67044529    0.64281629    0.79918292    0.82416760    1.06288262    0.84100961    0.85267385    0.00000000    0.25699766    1.64269618    1.56267200    0.71076470    0.91502567    1.29560280    1.18973686    1.17847446    1.13515785    1.05290078    1.44070858    1.51906748    1.54666133    1.44212147    1.69163184    1.47063002    1.15062218    1.17166082    0.89245705    1.34227690    1.44090632    1.13406576    0.81307943    0.65063001    0.97045127    0.65628351    0.68576755    0.88149896    0.60306713    0.56383878    0.78837305    0.63752042    0.58336097    0.65191167    0.85405002    0.73809940    0.67819327    0.94283199    0.93176362    0.82172781    0.62604795    0.71279269    1.04476526    1.22257417    1.05665984    0.75576462
F4Q2Z3_CAVFA/22-72     0.59626996    0.62714594    0.53379039    0.60371283    0.55298010    0.58181743    0.81486468    0.60440024    0.57428568    0.25699766    0.00000000    1.50336842    1.38403318    0.58641526    0.85884187    0.97930919    0.96201754    0.95368213    0.86930198    0.85356077    1.39019743    1.48227709    1.49984871    1.37471382    1.57552076    1.48085599    1.10902976    1.22587136    1.00538848    1.32537388    1.25362946    0.99958759    0.72733776    0.47439400    0.84052649    0.47826592    0.50619030    0.71273140    0.43696449    0.53662223    0.65544947    0.54210480    0.44566336    0.49447982    0.69564416    0.66717876    0.59369575    0.76639535    0.80836636    0.76245371    0.58597500    0.66434801    0.88464220    1.18618163    1.04194549    0.69956688
A0A384LB43_PLAKH/55-105     1.32108538    1.36519528    1.18860485    1.30755842    1.34050627    1.43788128    1.62222869    1.65152696    1.38232575    1.64269618    1.50336842    0.00000000    0.43675562    1.49089327    1.66809114    1.47168933    1.30425297    1.77212595    1.44465464    1.64137217    1.28944548    1.36361008    1.23688821    1.40816074    1.75257017    1.50697581    1.51269301    1.19895508    1.38742370    1.59975801    2.07309941    1.72674645    1.55701830    1.24211448    1.50950085    1.31968821    1.32573691    1.47651734    1.46330744    1.69312178    1.12229285    1.31222996    1.40099330    1.43925815    1.65739884    1.51273167    1.47715056    1.56254337    1.50650460    1.70212849    1.49358705    1.34282643    1.80967309    1.94652587    2.03838978    1.47402519
Q8IIF8_PLAF7/61-111     1.08043506    1.32988049    1.01987212    1.09220126    1.16900341    1.37719177    1.46138846    1.63433944    1.33492717    1.56267200    1.38403318    0.43675562    0.00000000    1.25502177    1.43046399    1.28921624    1.41345839    1.43715635    1.43237262    1.47686696    1.43433903    1.25464303    1.10155259    1.21228302    1.60372030    1.39156845    1.51800608    1.35146550    1.29565753    1.48059167    1.76976780    1.42516588    1.54533812    1.12666663    1.41906214    1.26346572    1.18011350    1.27510818    1.32648634    1.56550465    1.09741174    1.24399994    1.21199410    1.29689681    1.42387728    1.23334591    1.22651812    1.30023584    1.39412095    1.59887073    1.39964935    1.25736270    1.64614368    1.74531488    1.70844457    1.27510167
B8C8F7_THAPS/26-76     0.66621379    0.74104726    0.65460486    0.66481397    0.63411196    0.86256161    0.96837634    0.78875477    0.84812599    0.71076470    0.58641526    1.49089327    1.25502177    0.00000000    0.81465778    1.14812741    1.31166387    1.47461039    1.37273024    1.22164161    1.39422593    1.37690558    1.40751139    1.40757513    1.58551888    1.31026095    0.99785539    1.17876520    1.09269822    1.43635550    1.14550177    1.23123843    0.90983319    0.70187380    1.06974269    0.68682781    0.82081769    0.69616540    0.51861823    0.83247081    0.58110789    0.62104498    0.59535587    0.60813686    0.86412955    0.74731000    0.84640308    0.93524871    1.03622628    0.83141523    0.82118939    0.72971642    1.06423147    1.22565046    1.13608451    0.72847355
B7G1H4_PHATC/30-80     0.71796879    1.04823351    0.79324081    0.86561222    0.81963405    0.98951551    1.10713400    0.92037795    0.84927748    0.91502567    0.85884187    1.66809114    1.43046399    0.81465778    0.00000000    0.97270992    0.96637628    1.01132168    1.05212335    1.19289641    0.90633857    1.05357192    0.99635289    1.19032570    1.37373283    1.13431222    0.90126025    0.95965422    1.00907780    1.18259329    1.33495346    1.28307431    1.06810781    0.78154907    1.02437213    0.67644232    0.74536295    0.87210202    0.62339921    0.79886048    0.77964355    0.63157117    0.63915435    0.69050421    1.00874932    0.80311369    0.84054499    1.05917800    1.10084842    0.94553154    0.84546297    0.78657179    1.11933259    1.25215494    1.13697076    0.94601055
R9AR13_WALI9/30-80     0.95392484    1.14721867    0.86448111    1.01728966    1.12489817    1.27164665    1.42036459    1.12560046    1.04838959    1.29560280    0.97930919    1.47168933    1.28921624    1.14812741    0.97270992    0.00000000    0.60443617    0.62227186    0.60672307    0.67747188    0.85242283    0.82482591    0.72561539    0.82679401    1.25655576    1.08299136    1.20088315    1.03716007    1.09341981    1.25979377    1.01881179    0.94518066    1.18098812    0.86940439    1.22253336    0.83104411    0.99086528    1.09928908    0.92340593    1.02472361    0.95014797    1.03125816    0.93839162    1.02454821    1.40775841    1.05682900    1.10822544    1.21837145    1.27025231    1.33319170    1.21150165    1.02610709    1.39190865    1.63603138    1.45514023    1.09353684
G4TRB8_SERID/52-102     0.76515349    1.13324863    0.78147456    0.87146171    0.92645347    1.08149641    1.43099591    1.08066735    0.85599570    1.18973686    0.96201754    1.30425297    1.41345839    1.31166387    0.96637628    0.60443617    0.00000000    0.41399434    0.29251521    0.55074863    0.94367418    0.98000078    0.94384096    1.07813597    1.07080301    0.99831818    1.04260820    1.05526910    1.01734091    1.12251659    1.31331401    0.63703427    0.91688897    0.84372746    1.23934282    0.99541411    1.02792935    1.13171147    0.90675496    0.77095517    1.03086231    0.84192683    0.75140748    0.83232846    1.11348835    0.95527492    0.93707637    1.01399541    1.18556412    1.17468357    1.14409688    0.99316054    1.42277826    1.54991284    1.58748533    1.00816979
D8Q4H3_SCHCM/32-82     0.78576550    1.09998875    0.89642158    0.99441159    0.98567343    1.05131508    1.50385544    1.09248703    0.88422545    1.17847446    0.95368213    1.77212595    1.43715635    1.47461039    1.01132168    0.62227186    0.41399434    0.00000000    0.31296777    0.41523685    1.02066148    0.96445690    0.91784209    1.06596913    1.04837590    1.06387392    1.12618302    1.18554378    1.12047567    1.14928939    1.38182507    0.83921839    1.08081702    0.80713563    1.04406478    1.00633069    0.98108995    1.06898399    0.98922186    1.04045477    1.08238396    0.88144250    0.76363006    0.81346175    1.07332847    0.92446896    0.85883831    1.06183201    1.13127195    1.25893240    1.08822825    1.05723141    1.26527272    1.60767705    1.55225105    1.02699002
K5WEX3_PHACS/50-100     0.86324283    1.24675129    0.86760248    1.02670056    0.98627998    1.07792387    1.60557864    1.20060098    0.90173948    1.13515785    0.86930198    1.44465464    1.43237262    1.37273024    1.05212335    0.60672307    0.29251521    0.31296777    0.00000000    0.27975454    0.96877993    0.99669169    0.93442337    0.99266285    1.25971134    1.10882735    1.09735819    1.09894665    1.06841040    1.31114418    1.38821382    0.78757793    1.03234423    0.80879438    1.20635375    0.92000172    1.00872012    1.03926321    0.90902217    0.96110933    1.08887317    0.90938919    0.83516923    0.88510853    1.02834293    1.00840187    0.91346901    1.01451121    1.26627656    1.14495155    1.17124794    1.02143493    1.37162413    1.50224003    1.45922060    1.06622238
D8QLN7_SCHCM/53-103     0.94845890    1.21443493    0.96627457    1.01579105    1.01145071    1.09746961    1.63677079    1.07411871    1.02672964    1.05290078    0.85356077    1.64137217    1.47686696    1.22164161    1.19289641    0.67747188    0.55074863    0.41523685    0.27975454    0.00000000    1.12128314    1.04001142    0.98518835    1.04437604    1.20139095    1.15696751    1.09492078    1.14903838    0.96651262    1.26812291    1.30834108    0.72164357    1.18123661    0.93193906    1.23034795    1.00298577    0.94260523    1.13515985    0.87477352    0.91671435    1.26135228    1.02828532    0.91152524    0.96534915    1.16922339    1.05763628    1.00771077    1.25102304    1.28564877    1.24534024    1.13162559    0.94439088    1.50555344    1.48747822    1.50947715    0.94428673
S3DC36_GLAL2/35-85     1.30162212    1.49170310    1.23908944    1.45158801    1.27863142    1.30922991    1.59374852    1.49620326    1.24931017    1.44070858    1.39019743    1.28944548    1.43433903    1.39422593    0.90633857    0.85242283    0.94367418    1.02066148    0.96877993    1.12128314    0.00000000    0.53145407    0.57460325    0.66097229    0.57163919    0.41331957    0.54607561    0.59752411    0.73186755    0.73556418    1.22316225    1.24375033    1.35208226    1.15137871    1.54962571    1.17125889    1.19212065    1.19882410    1.18359954    1.30479334    1.29137873    1.01272346    0.99323255    1.04057769    1.48448775    1.08718279    1.23034433    1.37411836    1.28730650    1.19308330    1.24176408    1.13372664    1.62138174    1.97687534    1.78324120    1.31690475
R7Z6T0_CONA1/24-74     1.34283969    1.49047640    1.19676343    1.10990906    1.52617962    1.49006253    1.78453716    1.42508184    1.38595781    1.51906748    1.48227709    1.36361008    1.25464303    1.37690558    1.05357192    0.82482591    0.98000078    0.96445690    0.99669169    1.04001142    0.53145407    0.00000000    0.24586363    0.26688437    0.75654952    0.51136679    0.83033733    0.71011343    0.87712734    0.85799084    1.48110149    1.19885822    1.56376058    1.13165293    1.50567891    1.10465012    1.05557583    1.01072391    1.32999264    1.37601305    1.36480129    1.20734544    1.02251528    1.01678053    1.28107889    1.25242185    1.17891748    1.39903956    1.22451570    1.26104626    0.98165588    1.12546228    1.49141913    1.74618817    1.63475180    1.38439328
M2SRU1_COCSN/27-77     1.31673250    1.43968132    1.22738045    1.16649535    1.48692806    1.39877354    1.78062959    1.37022188    1.31354302    1.54666133    1.49984871    1.23688821    1.10155259    1.40751139    0.99635289    0.72561539    0.94384096    0.91784209    0.93442337    0.98518835    0.57460325    0.24586363    0.00000000    0.19304972    0.74831736    0.50684793    0.80606842    0.73940655    0.81423938    0.86072546    1.47300677    1.14646530    1.52602650    1.17428445    1.64482280    1.16969994    1.08749798    1.11288601    1.37351009    1.37666931    1.35632781    1.17044081    1.08492629    1.03821274    1.41769591    1.29302856    1.24078873    1.45090305    1.30211273    1.31204675    1.08341953    1.14876121    1.62146503    1.97531527    1.72797188    1.39012577
Q0UE23_PHANO/26-76     1.33285587    1.48631567    1.24966869    1.14388405    1.35576568    1.35863901    1.60191329    1.47148618    1.50458733    1.44212147    1.37471382    1.40816074    1.21228302    1.40757513    1.19032570    0.82679401    1.07813597    1.06596913    0.99266285    1.04437604    0.66097229    0.26688437    0.19304972    0.00000000    0.92829160    0.51322939    0.79463352    0.77140142    0.83405457    0.82693249    1.33049321    1.32432074    1.38829715    1.26063244    1.52350141    1.23809285    1.12968477    1.10151474    1.48388142    1.48696481    1.52335603    1.37902635    1.16030823    1.11220826    1.41683825    1.38819943    1.27416995    1.34599411    1.24407951    1.40967184    1.10444959    1.28266719    1.55521765    1.91299229    1.73466828    1.38987010
G4MYU9_MAGO7/21-71     1.47087212    1.47782621    1.52837805    1.53409086    1.30244687    1.44927580    1.78001871    1.63812064    1.31192194    1.69163184    1.57552076    1.75257017    1.60372030    1.58551888    1.37373283    1.25655576    1.07080301    1.04837590    1.25971134    1.20139095    0.57163919    0.75654952    0.74831736    0.92829160    0.00000000    0.43318971    0.75712873    0.87798642    0.93513499    0.83886440    1.73152968    1.27491479    1.46973961    1.50685592    1.87295035    1.46365152    1.53289381    1.42001047    1.42071349    1.46826639    1.68199619    1.35869984    1.34818902    1.37736861    1.95035109    1.51928509    1.36805043    1.67029604    1.59528257    1.74145069    1.63703757    1.32978725    1.74961324    2.24157479    2.03629167    1.40836772
G2YQJ2_BOTF4/30-80     1.24992511    1.52228965    1.20426043    1.48270738    1.20646328    1.39921143    1.42752596    1.47460880    1.31574084    1.47063002    1.48085599    1.50697581    1.39156845    1.31026095    1.13431222    1.08299136    0.99831818    1.06387392    1.10882735    1.15696751    0.41331957    0.51136679    0.50684793    0.51322939    0.43318971    0.00000000    0.66812359    0.75644942    0.82045526    0.73874061    1.49809726    1.21057229    1.42790296    1.37966195    1.81289828    1.43301960    1.46321743    1.16381937    1.34266851    1.45905509    1.54206657    1.22434992    1.12927408    1.20044559    1.53506735    1.37007900    1.45082811    1.68841753    1.40631507    1.37139056    1.35013345    1.24768982    1.52918486    1.90111731    1.75387285    1.13201381
B8M348_TALSN/25-75     1.21546491    1.33895452    1.19749911    1.26610408    1.03926079    1.10861699    1.41247403    1.22827076    1.09001389    1.15062218    1.10902976    1.51269301    1.51800608    0.99785539    0.90126025    1.20088315    1.04260820    1.12618302    1.09735819    1.09492078    0.54607561    0.83033733    0.80606842    0.79463352    0.75712873    0.66812359    0.00000000    0.27009455    0.52284848    0.43363186    1.12887022    1.13440152    1.26763448    1.28231522    1.41648227    1.20218459    1.19229343    1.17469000    1.14477442    1.18297547    1.16586958    0.94594630    1.00000409    0.97025067    1.37140243    0.94232775    1.22416357    1.12424239    1.30946408    1.12575254    1.13783091    1.18807747    1.53400305    1.76092237    1.59220312    1.26271710
V5G3U1_BYSSN/30-80     1.20464067    1.51628718    1.04779310    1.17740749    1.15224889    1.33500028    1.46949122    1.32635017    1.16423667    1.17166082    1.22587136    1.19895508    1.35146550    1.17876520    0.95965422    1.03716007    1.05526910    1.18554378    1.09894665    1.14903838    0.59752411    0.71011343    0.73940655    0.77140142    0.87798642    0.75644942    0.27009455    0.00000000    0.43685002    0.38663448    1.41379273    1.26659543    1.29664583    1.19687321    1.35836587    1.21221953    1.28592055    1.25659624    1.19698841    1.30665004    1.03047252    0.89484222    0.96899568    0.95240552    1.48929549    1.02810830    1.05475732    1.12785961    1.22314233    1.06331148    1.15139457    1.17457912    1.59155798    2.05683313    1.82277138    1.25989181
E4V3M1_ARTGP/30-80     1.19114984    1.42146407    1.02107739    0.98948098    1.02467797    1.24768658    1.49498958    1.23967010    1.08487303    0.89245705    1.00538848    1.38742370    1.29565753    1.09269822    1.00907780    1.09341981    1.01734091    1.12047567    1.06841040    0.96651262    0.73186755    0.87712734    0.81423938    0.83405457    0.93513499    0.82045526    0.52284848    0.43685002    0.00000000    0.59675020    1.39201751    1.03274696    1.16003708    1.15444469    1.12529112    1.19244737    1.14265624    1.28733171    1.21708286    1.10677566    1.05847393    0.99068179    0.92256832    0.91811682    1.31570273    0.90634143    0.91177313    1.05318358    1.05345415    1.11347549    1.00517912    1.08162013    1.56604726    1.80944907    1.70113531    1.23586098
C1GEE3_PARBD/64-114     1.31742827    1.64926524    1.38967711    1.36940860    1.27725475    1.25556928    1.42591065    1.27725890    1.37320452    1.34227690    1.32537388    1.59975801    1.48059167    1.43635550    1.18259329    1.25979377    1.12251659    1.14928939    1.31114418    1.26812291    0.73556418    0.85799084    0.86072546    0.82693249    0.83886440    0.73874061    0.43363186    0.38663448    0.59675020    0.00000000    1.47858662    1.27791531    1.38056703    1.56088925    1.53199146    1.54473088    1.51741780    1.47894526    1.46540920    1.45301276    1.56073017    1.33123696    1.33797762    1.30366541    1.54901870    1.18335636    1.37826211    1.32038169    1.43042872    1.59479158    1.40432326    1.54169631    1.68566954    2.09113546    1.81363426    1.62305302
F4S956_MELLP/68-118     1.27550017    1.42035693    1.29754249    1.40267525    1.18081379    1.46056298    1.28590057    1.28750342    1.36844273    1.44090632    1.25362946    2.07309941    1.76976780    1.14550177    1.33495346    1.01881179    1.31331401    1.38182507    1.38821382    1.30834108    1.22316225    1.48110149    1.47300677    1.33049321    1.73152968    1.49809726    1.12887022    1.41379273    1.39201751    1.47858662    0.00000000    0.84306468    1.25260669    1.34754300    2.16439006    1.40085071    1.38902527    1.35280159    1.07753472    1.44920724    1.33653989    1.38099141    1.35271561    1.45297386    1.91849928    1.27650825    1.85631587    1.84423769    2.03296319    1.43839597    1.38937963    1.34896494    1.77982355    2.02859748    1.76715764    1.38158822
U5H5C2_USTV1/104-154     0.95133880    1.14984987    0.97940587    0.99268486    1.02042783    1.50187599    1.57098903    1.10145337    0.98522924    1.13406576    0.99958759    1.72674645    1.42516588    1.23123843    1.28307431    0.94518066    0.63703427    0.83921839    0.78757793    0.72164357    1.24375033    1.19885822    1.14646530    1.32432074    1.27491479    1.21057229    1.13440152    1.26659543    1.03274696    1.27791531    0.84306468    0.00000000    1.17539823    1.11266635    1.49400273    1.17513974    1.06009015    1.22150988    0.88323854    0.79372761    1.21848260    1.14991086    1.00876238    1.10996225    1.18649911    1.06525308    1.18185572    1.30554733    1.58790318    1.27495051    1.10427054    1.15694154    1.54372335    1.65130148    1.52330180    1.07365985
A2EMY9_TRIVA/13-63     0.99016260    1.08727221    1.01515772    1.01953759    0.83494843    0.90265630    1.39673563    1.17138292    1.19283412    0.81307943    0.72733776    1.55701830    1.54533812    0.90983319    1.06810781    1.18098812    0.91688897    1.08081702    1.03234423    1.18123661    1.35208226    1.56376058    1.52602650    1.38829715    1.46973961    1.42790296    1.26763448    1.29664583    1.16003708    1.38056703    1.25260669    1.17539823    0.00000000    0.87358253    1.12447568    1.04832679    1.05565218    1.02649895    0.86178753    0.84345802    0.99073057    0.89388553    0.85280731    0.88123929    1.20148080    0.95583713    0.82019173    1.06675509    1.15320425    1.13981075    1.07577234    0.94949056    1.28965571    1.38375870    1.58945389    1.05049165
C1EDK0_MICCC/12-62     0.56681161    0.81891475    0.50017594    0.52795627    0.60317538    0.64441346    0.78901757    0.67774355    0.56058636    0.65063001    0.47439400    1.24211448    1.12666663    0.70187380    0.78154907    0.86940439    0.84372746    0.80713563    0.80879438    0.93193906    1.15137871    1.13165293    1.17428445    1.26063244    1.50685592    1.37966195    1.28231522    1.19687321    1.15444469    1.56088925    1.34754300    1.11266635    0.87358253    0.00000000    0.57164653    0.30670728    0.40798216    0.56994049    0.36062932    0.63296846    0.51462797    0.46390081    0.41791825    0.45546435    0.72624177    0.57395107    0.56181261    0.62822216    0.81512265    0.87230834    0.69710673    0.57241800    0.82784285    1.07657313    1.03143255    0.68443486
A4RYV8_OSTLU/13-63     0.93966964    1.14809019    0.80740363    0.89655850    0.99610364    0.91404014    1.25581303    0.94819889    0.92404254    0.97045127    0.84052649    1.50950085    1.41906214    1.06974269    1.02437213    1.22253336    1.23934282    1.04406478    1.20635375    1.23034795    1.54962571    1.50567891    1.64482280    1.52350141    1.87295035    1.81289828    1.41648227    1.35836587    1.12529112    1.53199146    2.16439006    1.49400273    1.12447568    0.57164653    0.00000000    0.55218841    0.72351985    0.76892703    0.68223079    0.86898444    0.86174664    0.95889395    0.80063736    0.85437520    1.12714875    0.82372141    0.82557677    1.02575654    1.21378772    1.33692292    1.09195083    1.01957962    1.11171599    1.44094463    1.41901291    1.11453824
D8RV05_SELML/19-69     0.60638481    0.74686661    0.39130672    0.48355862    0.68886854    0.59731894    0.77226435    0.64883546    0.58043794    0.65628351    0.47826592    1.31968821    1.26346572    0.68682781    0.67644232    0.83104411    0.99541411    1.00633069    0.92000172    1.00298577    1.17125889    1.10465012    1.16969994    1.23809285    1.46365152    1.43301960    1.20218459    1.21221953    1.19244737    1.54473088    1.40085071    1.17513974    1.04832679    0.30670728    0.55218841    0.00000000    0.29971019    0.45440238    0.32136385    0.58421362    0.48681534    0.48423160    0.39771609    0.45480328    0.67269011    0.61758568    0.53832763    0.65537136    0.82470801    0.77715507    0.60983734    0.58531288    0.87595363    1.20618233    0.96582576    0.77892536
I1GZ32_BRADI/25-75     0.61799338    0.80172058    0.62375288    0.66799056    0.71635781    0.67401709    0.98432405    0.76423718    0.61362122    0.68576755    0.50619030    1.32573691    1.18011350    0.82081769    0.74536295    0.99086528    1.02792935    0.98108995    1.00872012    0.94260523    1.19212065    1.05557583    1.08749798    1.12968477    1.53289381    1.46321743    1.19229343    1.28592055    1.14265624    1.51741780    1.38902527    1.06009015    1.05565218    0.40798216    0.72351985    0.29971019    0.00000000    0.61846856    0.48003300    0.65004981    0.59828365    0.53072868    0.50054880    0.57056720    0.74152103    0.68070701    0.74015570    0.85615730    0.98280175    0.97043095    0.75290090    0.63169116    0.95481009    1.28927322    1.14254119    0.83695009
A8IHA8_CHLRE/10-60     0.70445180    0.74789516    0.57057273    0.64658446    0.88210284    0.70243748    0.89349443    0.75356189    0.84063418    0.88149896    0.71273140    1.47651734    1.27510818    0.69616540    0.87210202    1.09928908    1.13171147    1.06898399    1.03926321    1.13515985    1.19882410    1.01072391    1.11288601    1.10151474    1.42001047    1.16381937    1.17469000    1.25659624    1.28733171    1.47894526    1.35280159    1.22150988    1.02649895    0.56994049    0.76892703    0.45440238    0.61846856    0.00000000    0.46579764    0.66154441    0.47871113    0.64643593    0.59785848    0.57595029    0.85202378    0.62290637    0.72032086    0.88985012    0.98561661    0.87223955    0.75522509    0.82811886    1.05352442    1.27163941    1.23241889    0.82885127
Q4CR70_TRYCC/26-76     0.38032481    0.58883824    0.28562437    0.47224688    0.50953860    0.57496814    0.73958555    0.51029787    0.53623457    0.60306713    0.43696449    1.46330744    1.32648634    0.51861823    0.62339921    0.92340593    0.90675496    0.98922186    0.90902217    0.87477352    1.18359954    1.32999264    1.37351009    1.48388142    1.42071349    1.34266851    1.14477442    1.19698841    1.21708286    1.46540920    1.07753472    0.88323854    0.86178753    0.36062932    0.68223079    0.32136385    0.48003300    0.46579764    0.00000000    0.37460328    0.47853352    0.47862768    0.35513514    0.38225072    0.67337275    0.46068099    0.57979128    0.71345260    0.84040375    0.76450773    0.61357799    0.61242866    0.81542912    0.86248046    0.77073537    0.59018047
A4IBD5_LEIIN/12-62     0.54711398    0.79729429    0.58623712    0.64471166    0.81702712    0.73200048    1.04402260    0.64682058    0.63108720    0.56383878    0.53662223    1.69312178    1.56550465    0.83247081    0.79886048    1.02472361    0.77095517    1.04045477    0.96110933    0.91671435    1.30479334    1.37601305    1.37666931    1.48696481    1.46826639    1.45905509    1.18297547    1.30665004    1.10677566    1.45301276    1.44920724    0.79372761    0.84345802    0.63296846    0.86898444    0.58421362    0.65004981    0.66154441    0.37460328    0.00000000    0.82649359    0.66542667    0.49958695    0.54769584    0.78265950    0.59954823    0.66069677    0.95937128    0.85056880    0.80218447    0.64806587    0.72425512    1.10290172    1.18995083    1.12287366    0.70709008
H2YIZ2_CIOSA/10-60     0.50029909    0.62923030    0.42446672    0.55558943    0.65193844    0.72545046    0.85086790    0.83970280    0.78374330    0.78837305    0.65544947    1.12229285    1.09741174    0.58110789    0.77964355    0.95014797    1.03086231    1.08238396    1.08887317    1.26135228    1.29137873    1.36480129    1.35632781    1.52335603    1.68199619    1.54206657    1.16586958    1.03047252    1.05847393    1.56073017    1.33653989    1.21848260    0.99073057    0.51462797    0.86174664    0.48681534    0.59828365    0.47871113    0.47853352    0.82649359    0.00000000    0.33973780    0.39968355    0.38868741    0.69578495    0.50134607    0.58787928    0.69178206    0.73576268    0.75955839    0.62051593    0.64372126    0.88332356    1.25689913    1.06697790    0.63639747
F2TWX3_SALR5/21-71     0.42493744    0.62845087    0.47454655    0.47798819    0.55170725    0.55812978    0.88408618    0.78514166    0.60641479    0.63752042    0.54210480    1.31222996    1.24399994    0.62104498    0.63157117    1.03125816    0.84192683    0.88144250    0.90938919    1.02828532    1.01272346    1.20734544    1.17044081    1.37902635    1.35869984    1.22434992    0.94594630    0.89484222    0.99068179    1.33123696    1.38099141    1.14991086    0.89388553    0.46390081    0.95889395    0.48423160    0.53072868    0.64643593    0.47862768    0.66542667    0.33973780    0.00000000    0.21876525    0.26252084    0.47466146    0.50151544    0.41525342    0.57403028    0.53284060    0.46180422    0.47027632    0.50573011    0.77693086    1.07209915    0.92702948    0.52654346
M3XI28_LATCH/10-60     0.28139922    0.44847837    0.27479669    0.35240993    0.44764060    0.51003710    0.73429122    0.66993917    0.51330745    0.58336097    0.44566336    1.40099330    1.21199410    0.59535587    0.63915435    0.93839162    0.75140748    0.76363006    0.83516923    0.91152524    0.99323255    1.02251528    1.08492629    1.16030823    1.34818902    1.12927408    1.00000409    0.96899568    0.92256832    1.33797762    1.35271561    1.00876238    0.85280731    0.41791825    0.80063736    0.39771609    0.50054880    0.59785848    0.35513514    0.49958695    0.39968355    0.21876525    0.00000000    0.07342796    0.24676274    0.32762296    0.21660713    0.34887484    0.38195701    0.35031201    0.25410205    0.35846836    0.73530612    0.96474821    0.83562947    0.39160512
H0Z1N2_TAEGU/17-67     0.37802160    0.44395905    0.28123575    0.33486585    0.51924439    0.52864891    0.78518672    0.70872085    0.60261858    0.65191167    0.49447982    1.43925815    1.29689681    0.60813686    0.69050421    1.02454821    0.83232846    0.81346175    0.88510853    0.96534915    1.04057769    1.01678053    1.03821274    1.11220826    1.37736861    1.20044559    0.97025067    0.95240552    0.91811682    1.30366541    1.45297386    1.10996225    0.88123929    0.45546435    0.85437520    0.45480328    0.57056720    0.57595029    0.38225072    0.54769584    0.38868741    0.26252084    0.07342796    0.00000000    0.27204971    0.34999008    0.24031802    0.37810663    0.40611976    0.38092179    0.27996527    0.46274962    0.82438928    1.02555733    0.92457587    0.50049210
G3UI28_LOXAF/10-60     0.45666040    0.59419292    0.52261024    0.58583650    0.64960053    0.68135253    0.83940279    0.77771410    0.75905291    0.85405002    0.69564416    1.65739884    1.42387728    0.86412955    1.00874932    1.40775841    1.11348835    1.07332847    1.02834293    1.16922339    1.48448775    1.28107889    1.41769591    1.41683825    1.95035109    1.53506735    1.37140243    1.48929549    1.31570273    1.54901870    1.91849928    1.18649911    1.20148080    0.72624177    1.12714875    0.67269011    0.74152103    0.85202378    0.67337275    0.78265950    0.69578495    0.47466146    0.24676274    0.27204971    0.00000000    0.47994133    0.33279807    0.37349306    0.57822209    0.56450528    0.43325930    0.68758084    1.11531121    1.26818947    1.14980978    0.69840472
J9F6J4_WUCBA/39-89     0.40946731    0.47532488    0.37916257    0.56031944    0.67862566    0.74482307    0.77497841    0.68954887    0.61632006    0.73809940    0.66717876    1.51273167    1.23334591    0.74731000    0.80311369    1.05682900    0.95527492    0.92446896    1.00840187    1.05763628    1.08718279    1.25242185    1.29302856    1.38819943    1.51928509    1.37007900    0.94232775    1.02810830    0.90634143    1.18335636    1.27650825    1.06525308    0.95583713    0.57395107    0.82372141    0.61758568    0.68070701    0.62290637    0.46068099    0.59954823    0.50134607    0.50151544    0.32762296    0.34999008    0.47994133    0.00000000    0.41288885    0.48266561    0.57710559    0.62987626    0.55789232    0.59395707    0.97183180    1.18876584    1.06338883    0.64200041
L9JCI7_TUPCH/69-119     0.54312560    0.60896013    0.41659875    0.45629834    0.71426778    0.70557859    0.95298950    0.79321726    0.74184702    0.67819327    0.59369575    1.47715056    1.22651812    0.84640308    0.84054499    1.10822544    0.93707637    0.85883831    0.91346901    1.00771077    1.23034433    1.17891748    1.24078873    1.27416995    1.36805043    1.45082811    1.22416357    1.05475732    0.91177313    1.37826211    1.85631587    1.18185572    0.82019173    0.56181261    0.82557677    0.53832763    0.74015570    0.72032086    0.57979128    0.66069677    0.58787928    0.41525342    0.21660713    0.24031802    0.33279807    0.41288885    0.00000000    0.34349250    0.42020159    0.42196413    0.36018695    0.58000863    1.04893570    1.25482669    1.16779181    0.68054972
L9KU99_TUPCH/10-60     0.56453361    0.64368332    0.51236177    0.60881788    0.69745384    0.68146797    0.90601687    1.02621814    0.89724847    0.94283199    0.76639535    1.56254337    1.30023584    0.93524871    1.05917800    1.21837145    1.01399541    1.06183201    1.01451121    1.25102304    1.37411836    1.39903956    1.45090305    1.34599411    1.67029604    1.68841753    1.12424239    1.12785961    1.05318358    1.32038169    1.84423769    1.30554733    1.06675509    0.62822216    1.02575654    0.65537136    0.85615730    0.88985012    0.71345260    0.95937128    0.69178206    0.57403028    0.34887484    0.37810663    0.37349306    0.48266561    0.34349250    0.00000000    0.52958660    0.70012094    0.50627510    0.72575441    1.06670124    1.11091551    1.04304560    0.67669189
G3H7K9_CRIGR/13-63     0.65935387    0.84664351    0.58234255    0.59643255    0.77147179    0.57486303    1.11197275    1.03503998    0.97871274    0.93176362    0.80836636    1.50650460    1.39412095    1.03622628    1.10084842    1.27025231    1.18556412    1.13127195    1.26627656    1.28564877    1.28730650    1.22451570    1.30211273    1.24407951    1.59528257    1.40631507    1.30946408    1.22314233    1.05345415    1.43042872    2.03296319    1.58790318    1.15320425    0.81512265    1.21378772    0.82470801    0.98280175    0.98561661    0.84040375    0.85056880    0.73576268    0.53284060    0.38195701    0.40611976    0.57822209    0.57710559    0.42020159    0.52958660    0.00000000    0.73998603    0.56405738    0.70674931    1.14357702    1.26774885    1.20893564    0.74711507
