6
YPJI_ECOLI/16-85     0.00000000    0.42534730    0.85120681    0.83030854    0.83146652    0.78678222
YKFF_ECOLI/5-74     0.42534730    0.00000000    0.61378019    0.66734380    0.66519424    0.68915416
A6TIE0_KLEP7/10-80     0.85120681    0.61378019    0.00000000    0.31828519    0.42385946    0.32122362
YUBL_YERPE/6-74     0.83030854    0.66734380    0.31828519    0.00000000    0.40848911    0.30434473
A6TIR7_KLEP7/10-78     0.83146652    0.66519424    0.42385946    0.40848911    0.00000000    0.29079439
YUBL_SALTY/10-78     0.78678222    0.68915416    0.32122362    0.30434473    0.29079439    0.00000000

