33
D4GGT7_PANAM/8-184     0.00000000    0.45043063    0.50080323    0.61445753    0.68924645    0.87696516    0.69306733    0.95041435    0.75508271    0.82086543    0.63363947    0.61272790    1.25195165    1.25594248    1.50652960    1.37025182    1.26726245    1.38403258    1.28194465    1.30902188    1.32176504    1.16646066    1.23502894    1.87871044    1.91651961    2.27463378    1.61481461    1.57939669    1.47135809    1.43778317    1.56245449    1.45653173    1.49838218
YECM_ECOLI/9-185     0.45043063    0.00000000    0.32597831    0.51191234    0.62801851    0.86337872    0.59089121    0.76698026    0.67475941    0.73771684    0.52217765    0.50682517    1.28959864    1.27907902    1.48136012    1.40565075    1.28148690    1.40615271    1.27138277    1.38821210    1.23744266    1.29264558    1.29107073    1.72379964    1.80188454    2.16681944    1.47686454    1.61088620    1.58718798    1.39575370    1.62119709    1.49599207    1.46629966
I2BA68_SHIBC/9-185     0.50080323    0.32597831    0.00000000    0.47781056    0.57720006    0.86971766    0.55963663    0.66209296    0.72713184    0.75367145    0.51700237    0.48278415    1.25511111    1.29677725    1.31936222    1.29402582    1.34715631    1.38332267    1.27826244    1.32799282    1.19684576    1.26717964    1.30379765    1.83000911    1.83177773    2.29726929    1.42242711    1.44994170    1.47422566    1.48084190    1.57146071    1.36524757    1.41671348
E0SAV0_DICD3/24-197     0.61445753    0.51191234    0.47781056    0.00000000    0.38026057    0.84629233    0.54581608    0.68075530    0.74966093    0.70651440    0.56834306    0.47609769    1.15418813    1.10331235    1.26787299    1.27933020    1.21788962    1.33533649    1.03526113    1.22020968    1.12978896    1.17829094    1.23901428    2.09491990    1.93852179    2.23307619    1.27712201    1.24026282    1.24263000    1.33445235    1.42487868    1.25162636    1.29860913
Q6D475_PECAS/16-190     0.68924645    0.62801851    0.57720006    0.38026057    0.00000000    0.91591002    0.62246446    0.85239987    0.81018430    0.83230700    0.60485081    0.50782251    1.30987138    1.19893568    1.28853321    1.43196790    1.28352138    1.35173274    1.33377326    1.23141195    1.35562707    1.25392578    1.42366369    2.04454865    2.06078557    2.42790750    1.38832897    1.32646114    1.48339317    1.44695942    1.51282046    1.34945482    1.31013201
W0HX46_9GAMM/9-183     0.87696516    0.86337872    0.86971766    0.84629233    0.91591002    0.00000000    0.84462886    1.13848638    0.99622724    1.09911022    0.74206124    0.86473383    1.52217363    1.56740675    1.69319799    1.72660490    1.58396377    1.59649883    1.43706740    1.32268704    1.49864271    1.29001189    1.33507928    2.03805028    2.33430995    2.45272126    1.52608647    1.58970797    1.55048216    1.67098981    1.64386930    1.60668014    1.59064873
A0A380PD67_YERPE/9-180     0.69306733    0.59089121    0.55963663    0.54581608    0.62246446    0.84462886    0.00000000    0.67557650    0.50900427    0.64773057    0.56861340    0.47376220    1.26263600    1.11506400    1.24391680    1.37635790    1.20045087    1.18536301    1.22309291    1.26670047    1.11984971    1.19098742    1.32719940    1.95843507    1.87654691    2.35164943    1.32913392    1.41302575    1.48957806    1.32685459    1.47402622    1.39175080    1.40926435
J7TZ01_MORMO/9-183     0.95041435    0.76698026    0.66209296    0.68075530    0.85239987    1.13848638    0.67557650    0.00000000    0.68153684    0.71083717    0.86299004    0.74371484    1.25861824    1.09190461    1.19645641    1.18985219    1.07026483    1.13913510    1.29770553    1.36184885    1.19015964    1.27131443    1.23913188    2.09569188    1.95333668    2.51189354    1.31535632    1.23210096    1.36577702    1.24009560    1.14089311    1.15749132    1.29650347
Q7N560_PHOLL/9-183     0.75508271    0.67475941    0.72713184    0.74966093    0.81018430    0.99622724    0.50900427    0.68153684    0.00000000    0.45722324    0.69050569    0.61703739    1.34750042    1.20208983    1.29373858    1.35198369    1.19489288    1.31447693    1.33318439    1.39152934    1.26063083    1.24590564    1.29024944    2.16936157    1.76319128    2.30271982    1.39866361    1.48292549    1.55829989    1.39298326    1.44016854    1.43719422    1.45275756
D3VET8_XENNA/9-183     0.82086543    0.73771684    0.75367145    0.70651440    0.83230700    1.09911022    0.64773057    0.71083717    0.45722324    0.00000000    0.82477834    0.69181453    1.32104262    1.20476916    1.32003000    1.34810034    1.17468240    1.32079294    1.31928492    1.31695567    1.24510776    1.18661192    1.17951587    2.13822087    1.92035506    2.39226472    1.19680394    1.33885835    1.39912202    1.18843616    1.33241829    1.34558606    1.36226387
H2ITZ6_RAHAC/6-182     0.63363947    0.52217765    0.51700237    0.56834306    0.60485081    0.74206124    0.56861340    0.86299004    0.69050569    0.82477834    0.00000000    0.42902819    1.16206149    1.19163972    1.30545717    1.52480372    1.33487186    1.41507846    1.19537982    1.28959013    1.16032391    1.19398864    1.30244101    1.69114800    1.89832834    2.15080715    1.31455275    1.26771703    1.40511702    1.50163868    1.42768092    1.45794523    1.38529631
W0L3M1_9GAMM/9-185     0.61272790    0.50682517    0.48278415    0.47609769    0.50782251    0.86473383    0.47376220    0.74371484    0.61703739    0.69181453    0.42902819    0.00000000    1.16746489    1.21536626    1.25264658    1.42483933    1.23400617    1.23501066    1.20434974    1.18993472    1.11938962    1.12313473    1.20528120    2.02827152    1.95106526    2.28528663    1.41237272    1.43383640    1.41462931    1.26282897    1.42607890    1.30512374    1.30452293
E1SQM9_FERBD/4-183     1.25195165    1.28959864    1.25511111    1.15418813    1.30987138    1.52217363    1.26263600    1.25861824    1.34750042    1.32104262    1.16206149    1.16746489    0.00000000    1.16221617    1.22542449    1.35788257    1.34524694    1.33961756    1.17433516    1.24615023    1.21179347    1.19466686    1.08320706    2.13515717    2.02779084    2.33404792    1.73548152    1.62025894    1.55431917    1.59887931    1.62309856    1.55768193    1.41456328
Q6LTA0_PHOPR/10-194     1.25594248    1.27907902    1.29677725    1.10331235    1.19893568    1.56740675    1.11506400    1.09190461    1.20208983    1.20476916    1.19163972    1.21536626    1.16221617    0.00000000    0.67140486    0.71705030    0.76795821    0.77920451    1.13636481    1.05576053    0.91969223    0.95230386    1.12395658    2.43038034    2.10165462    2.47166939    1.53048309    1.55465519    1.53256523    1.56094397    1.49732662    1.44050086    1.48731382
Q5E6L1_ALIF1/12-196     1.50652960    1.48136012    1.31936222    1.26787299    1.28853321    1.69319799    1.24391680    1.19645641    1.29373858    1.32003000    1.30545717    1.25264658    1.22542449    0.67140486    0.00000000    0.68509743    0.74539060    0.76739660    1.27868123    1.14246056    1.02937164    1.09330412    1.23012086    2.19419981    2.26294019    2.74251921    1.64789180    1.57822650    1.62763922    1.82073461    1.83294071    1.63712762    1.59282404
Q9KQC7_VIBCH/11-196     1.37025182    1.40565075    1.29402582    1.27933020    1.43196790    1.72660490    1.37635790    1.18985219    1.35198369    1.34810034    1.52480372    1.42483933    1.35788257    0.71705030    0.68509743    0.00000000    0.56778801    0.56785299    1.33817280    1.22183206    1.09697399    1.14169093    1.09275832    2.21627687    2.10096889    2.46741473    1.61547467    1.55879504    1.50445321    1.77963652    1.82577866    1.52770958    1.56882462
B7VI23_VIBA3/11-196     1.26726245    1.28148690    1.34715631    1.21788962    1.28352138    1.58396377    1.20045087    1.07026483    1.19489288    1.17468240    1.33487186    1.23400617    1.34524694    0.76795821    0.74539060    0.56778801    0.00000000    0.33470615    1.33008569    1.08779026    1.06771331    1.05927996    1.10483103    2.10185623    2.04332647    2.35930834    1.53678311    1.53740593    1.63559024    1.53741334    1.51707679    1.37681858    1.49358765
Q87RD4_VIBPA/11-196     1.38403258    1.40615271    1.38332267    1.33533649    1.35173274    1.59649883    1.18536301    1.13913510    1.31447693    1.32079294    1.41507846    1.23501066    1.33961756    0.77920451    0.76739660    0.56785299    0.33470615    0.00000000    1.30749911    1.19854307    1.04605268    1.11452972    1.07511961    2.16461635    2.05221162    2.49335847    1.46580628    1.55037213    1.67254341    1.51113417    1.55212736    1.44445007    1.43984808
A1S7G3_SHEAM/3-184     1.28194465    1.27138277    1.27826244    1.03526113    1.33377326    1.43706740    1.22309291    1.29770553    1.33318439    1.31928492    1.19537982    1.20434974    1.17433516    1.13636481    1.27868123    1.33817280    1.33008569    1.30749911    0.00000000    0.72022958    0.71728722    0.71752515    0.74950805    2.24653160    2.07829920    2.97744897    1.65526512    1.65306990    1.68375453    1.67735895    1.59210961    1.64692917    1.52160185
Q8EF20_SHEON/12-196     1.30902188    1.38821210    1.32799282    1.22020968    1.23141195    1.32268704    1.26670047    1.36184885    1.39152934    1.31695567    1.28959013    1.18993472    1.24615023    1.05576053    1.14246056    1.22183206    1.08779026    1.19854307    0.72022958    0.00000000    0.65661122    0.71624678    0.84048206    2.13919376    2.10921217    2.50525528    1.72608091    1.80076121    1.84263135    1.44276176    1.46026825    1.56270807    1.48711580
D4ZJ81_SHEVD/8-188     1.32176504    1.23744266    1.19684576    1.12978896    1.35562707    1.49864271    1.11984971    1.19015964    1.26063083    1.24510776    1.16032391    1.11938962    1.21179347    0.91969223    1.02937164    1.09697399    1.06771331    1.04605268    0.71728722    0.65661122    0.00000000    0.70544188    0.59907566    2.19820479    2.04922244    2.41039122    1.61790120    1.71710331    1.71302607    1.43899191    1.66064806    1.50370157    1.54547099
Q12LL9_SHEDO/6-186     1.16646066    1.29264558    1.26717964    1.17829094    1.25392578    1.29001189    1.19098742    1.27131443    1.24590564    1.18661192    1.19398864    1.12313473    1.19466686    0.95230386    1.09330412    1.14169093    1.05927996    1.11452972    0.71752515    0.71624678    0.70544188    0.00000000    0.58535617    2.06705217    1.72492996    2.43454344    1.50044014    1.69911157    1.49548377    1.50633285    1.45714908    1.42509805    1.30509912
Q083X6_SHEFN/2-197     1.23502894    1.29107073    1.30379765    1.23901428    1.42366369    1.33507928    1.32719940    1.23913188    1.29024944    1.17951587    1.30244101    1.20528120    1.08320706    1.12395658    1.23012086    1.09275832    1.10483103    1.07511961    0.74950805    0.84048206    0.59907566    0.58535617    0.00000000    2.38570787    2.04652490    2.63860538    1.63344835    1.73194109    1.62425140    1.49129554    1.44600709    1.35726642    1.33684812
Q54MZ6_DICDI/4-182     1.87871044    1.72379964    1.83000911    2.09491990    2.04454865    2.03805028    1.95843507    2.09569188    2.16936157    2.13822087    1.69114800    2.02827152    2.13515717    2.43038034    2.19419981    2.21627687    2.10185623    2.16461635    2.24653160    2.13919376    2.19820479    2.06705217    2.38570787    0.00000000    0.94623124    1.20322569    2.01410184    1.90716317    1.96836566    2.16623673    2.17833311    2.08485693    2.23700864
F4PTK1_CAVFA/6-204     1.91651961    1.80188454    1.83177773    1.93852179    2.06078557    2.33430995    1.87654691    1.95333668    1.76319128    1.92035506    1.89832834    1.95106526    2.02779084    2.10165462    2.26294019    2.10096889    2.04332647    2.05221162    2.07829920    2.10921217    2.04922244    1.72492996    2.04652490    0.94623124    0.00000000    0.88784295    2.14957778    2.13269308    2.14608274    2.08574363    2.37137966    2.37183094    2.05652157
F4QBC6_CAVFA/15-213     2.27463378    2.16681944    2.29726929    2.23307619    2.42790750    2.45272126    2.35164943    2.51189354    2.30271982    2.39226472    2.15080715    2.28528663    2.33404792    2.47166939    2.74251921    2.46741473    2.35930834    2.49335847    2.97744897    2.50525528    2.41039122    2.43454344    2.63860538    1.20322569    0.88784295    0.00000000    2.52840842    2.52814711    2.42225622    2.50994900    2.72114464    2.60936781    2.59794998
Q7VP39_HAEDU/11-195     1.61481461    1.47686454    1.42242711    1.27712201    1.38832897    1.52608647    1.32913392    1.31535632    1.39866361    1.19680394    1.31455275    1.41237272    1.73548152    1.53048309    1.64789180    1.61547467    1.53678311    1.46580628    1.65526512    1.72608091    1.61790120    1.50044014    1.63344835    2.01410184    2.14957778    2.52840842    0.00000000    0.51764481    0.58566991    0.95453676    1.09166607    0.96326908    1.00452689
B8F673_HAEPS/18-196     1.57939669    1.61088620    1.44994170    1.24026282    1.32646114    1.58970797    1.41302575    1.23210096    1.48292549    1.33885835    1.26771703    1.43383640    1.62025894    1.55465519    1.57822650    1.55879504    1.53740593    1.55037213    1.65306990    1.80076121    1.71710331    1.69911157    1.73194109    1.90716317    2.13269308    2.52814711    0.51764481    0.00000000    0.41897251    0.80034808    1.01142065    0.89238695    0.98177687
M4RAR0_BIBTR/11-192     1.47135809    1.58718798    1.47422566    1.24263000    1.48339317    1.55048216    1.48957806    1.36577702    1.55829989    1.39912202    1.40511702    1.41462931    1.55431917    1.53256523    1.62763922    1.50445321    1.63559024    1.67254341    1.68375453    1.84263135    1.71302607    1.49548377    1.62425140    1.96836566    2.14608274    2.42225622    0.58566991    0.41897251    0.00000000    0.84186184    0.99577003    0.88201208    1.05731869
Y1581_HAEIN/7-187     1.43778317    1.39575370    1.48084190    1.33445235    1.44695942    1.67098981    1.32685459    1.24009560    1.39298326    1.18843616    1.50163868    1.26282897    1.59887931    1.56094397    1.82073461    1.77963652    1.53741334    1.51113417    1.67735895    1.44276176    1.43899191    1.50633285    1.49129554    2.16623673    2.08574363    2.50994900    0.95453676    0.80034808    0.84186184    0.00000000    0.50204859    0.55545455    0.58324403
A6VND1_ACTSZ/15-196     1.56245449    1.62119709    1.57146071    1.42487868    1.51282046    1.64386930    1.47402622    1.14089311    1.44016854    1.33241829    1.42768092    1.42607890    1.62309856    1.49732662    1.83294071    1.82577866    1.51707679    1.55212736    1.59210961    1.46026825    1.66064806    1.45714908    1.44600709    2.17833311    2.37137966    2.72114464    1.09166607    1.01142065    0.99577003    0.50204859    0.00000000    0.66607239    0.62343261
Q9CN85_PASMU/28-211     1.45653173    1.49599207    1.36524757    1.25162636    1.34945482    1.60668014    1.39175080    1.15749132    1.43719422    1.34558606    1.45794523    1.30512374    1.55768193    1.44050086    1.63712762    1.52770958    1.37681858    1.44445007    1.64692917    1.56270807    1.50370157    1.42509805    1.35726642    2.08485693    2.37183094    2.60936781    0.96326908    0.89238695    0.88201208    0.55545455    0.66607239    0.00000000    0.49211938
B0UUF0_HISS2/18-194     1.49838218    1.46629966    1.41671348    1.29860913    1.31013201    1.59064873    1.40926435    1.29650347    1.45275756    1.36226387    1.38529631    1.30452293    1.41456328    1.48731382    1.59282404    1.56882462    1.49358765    1.43984808    1.52160185    1.48711580    1.54547099    1.30509912    1.33684812    2.23700864    2.05652157    2.59794998    1.00452689    0.98177687    1.05731869    0.58324403    0.62343261    0.49211938    0.00000000

