35
H1VGE2_COLHI/6-286     0.00000000    0.34285244    0.35600013    0.40038012    0.55672600    0.60721527    0.64366545    0.75367891    0.68456170    0.71651037    0.63288699    0.68038230    1.40871343    1.67555674    1.56311359    0.90298156    0.87674902    1.06999228    0.97503687    0.88457979    0.84220316    0.99062247    1.01104630    1.01442909    1.08528326    1.06208918    1.03154750    0.69991085    0.84982580    0.89074275    0.91535708    0.88963491    0.99735255    1.10255460    0.66233713
PESC_ASPTN/6-279     0.34285244    0.00000000    0.26464949    0.25045649    0.52221379    0.59832871    0.61804287    0.66010693    0.65447671    0.66085049    0.62394293    0.64861220    1.51341193    1.66119536    1.57272136    0.82334460    0.81938909    1.03659083    0.95767709    0.82318179    0.82118508    0.95151650    0.97859295    0.96032024    0.93767361    0.91436968    0.93901419    0.64775756    0.77073465    0.83877494    0.92318986    0.86612619    0.88845439    1.00535367    0.63563951
M2ME83_BAUPA/6-279     0.35600013    0.26464949    0.00000000    0.27113687    0.58601731    0.65589888    0.63965889    0.67399051    0.61420454    0.66664572    0.64698573    0.61549886    1.53601046    1.70751953    1.59983764    0.84412722    0.79350836    1.01507562    0.95280532    0.84648146    0.84124105    1.03844512    1.01677983    1.02711436    1.01697522    0.98909911    0.99303371    0.67103768    0.74133744    0.83508951    0.89768755    0.86164683    0.93672989    0.99378165    0.65284544
R0I8L0_SETT2/7-280     0.40038012    0.25045649    0.27113687    0.00000000    0.52053931    0.61155461    0.64345563    0.63057080    0.58097129    0.63178315    0.60716558    0.61365207    1.52435543    1.68589570    1.66203220    0.82570998    0.87603929    1.03541935    0.97163696    0.88742975    0.83330102    0.96755182    0.96725618    0.97419221    0.95975291    0.93956865    0.96980461    0.67348950    0.70498012    0.78822809    0.88720091    0.83469140    0.86761913    0.98777152    0.61107371
B6JWV7_SCHJY/6-278     0.55672600    0.52221379    0.58601731    0.52053931    0.00000000    0.22426515    0.46124390    0.59050890    0.55912760    0.54570519    0.56116390    0.60834538    1.48968435    1.74966291    1.56995704    0.78231467    0.88004448    1.01072951    0.92379436    0.78369557    0.83981568    0.96961152    0.91692041    0.92892383    0.98620524    0.85898059    0.91364280    0.56839843    0.63561783    0.70795606    0.74944644    0.79183515    0.94904233    1.10842605    0.51233197
PESC_SCHPO/6-278     0.60721527    0.59832871    0.65589888    0.61155461    0.22426515    0.00000000    0.46133606    0.60862237    0.61068019    0.62643485    0.60665358    0.57922996    1.43869809    1.74441356    1.43035362    0.81571580    0.78995316    1.02102256    0.87643895    0.77046659    0.87089016    0.94523052    0.89222843    0.85962555    0.97786592    0.88787944    0.91489072    0.57979909    0.59253158    0.67924365    0.68632957    0.74133352    0.87226803    1.03257579    0.50220770
L0P9I4_PNEJ8/6-278     0.64366545    0.61804287    0.63965889    0.64345563    0.46124390    0.46133606    0.00000000    0.58418533    0.59901793    0.60830823    0.60418976    0.63977762    1.48695105    1.67587980    1.59237250    0.86416614    0.86154359    1.09744559    0.94998375    0.82375021    0.87727618    0.98359204    0.91972085    0.99600462    0.98993234    0.96816496    1.00476690    0.58538485    0.72408524    0.81774224    0.84803859    0.85577880    0.98013182    1.10561472    0.54331382
G8BJH5_CANPC/6-278     0.75367891    0.66010693    0.67399051    0.63057080    0.59050890    0.60862237    0.58418533    0.00000000    0.27719821    0.25099301    0.67772913    0.66321407    1.46491425    1.68791087    1.63804534    0.90337552    0.92064666    1.16350227    1.01575834    0.95650161    0.92553406    1.05738738    0.96912283    0.99243393    1.00771200    0.93997793    0.94513791    0.72488348    0.79938039    0.92046390    1.02815693    1.00601872    1.13576699    1.25887431    0.59249505
W1QFM5_OGAPD/6-273     0.68456170    0.65447671    0.61420454    0.58097129    0.55912760    0.61068019    0.59901793    0.27719821    0.00000000    0.24537677    0.66557659    0.61793535    1.40245646    1.67698416    1.67311992    0.81644579    0.90009255    1.14566130    0.95589408    0.92762058    0.92488468    1.06502759    0.99555205    0.95462773    1.04897419    0.98990293    0.95791714    0.66753685    0.74334181    0.86400393    0.96407448    0.92143378    1.08770136    1.20689533    0.54408756
G8Y331_PICSO/5-274     0.71651037    0.66085049    0.66664572    0.63178315    0.54570519    0.62643485    0.60830823    0.25099301    0.24537677    0.00000000    0.68415009    0.69183507    1.45622505    1.75886182    1.61785646    0.93382527    0.94226917    1.22263039    1.07635179    0.98935831    0.92642761    1.12132744    0.98739415    1.01826240    1.04888562    0.93873967    0.99771863    0.70016100    0.81790532    0.87790901    0.99568089    0.91556188    1.08474914    1.24054097    0.62025269
E3K873_PUCGT/19-291     0.63288699    0.62394293    0.64698573    0.60716558    0.56116390    0.60665358    0.60418976    0.67772913    0.66557659    0.68415009    0.00000000    0.48471313    1.57632674    1.64175399    1.51952054    0.80362616    0.84421770    1.03455204    0.85064123    0.82407172    0.81234180    1.06542159    1.01897677    0.99759628    0.99991199    0.96200401    0.91344351    0.69658623    0.75986199    0.88021673    0.88707725    0.88439414    1.03474822    1.04910552    0.60241068
M2RBG0_CERS8/6-278     0.68038230    0.64861220    0.61549886    0.61365207    0.60834538    0.57922996    0.63977762    0.66321407    0.61793535    0.69183507    0.48471313    0.00000000    1.34653897    1.66775354    1.54883588    0.81548088    0.84083443    1.11893299    0.94035118    0.86539020    0.87181412    1.02627842    1.01731729    1.01342270    0.96551917    0.95939730    0.95080048    0.67095007    0.70878639    0.85001684    0.87121735    0.87305319    1.02985897    1.13670048    0.53741278
PESC_LEIMA/13-300     1.40871343    1.51341193    1.53601046    1.52435543    1.48968435    1.43869809    1.48695105    1.46491425    1.40245646    1.45622505    1.57632674    1.34653897    0.00000000    2.02121626    2.09800397    1.47648938    1.41565744    1.60005517    1.46151352    1.43606637    1.38689393    1.63032607    1.64255576    1.60943950    1.64891929    1.54876268    1.52008139    1.40928158    1.53511128    1.63627730    1.57019515    1.52580829    1.78687852    1.78262484    1.41026882
PESC_PLAYO/8-265     1.67555674    1.66119536    1.70751953    1.68589570    1.74966291    1.74441356    1.67587980    1.68791087    1.67698416    1.75886182    1.64175399    1.66775354    2.02121626    0.00000000    0.38967334    1.48242887    1.42914378    1.70546848    1.52313939    1.60869106    1.44694643    1.59051069    1.56918284    1.49496832    1.54318725    1.59512555    1.58237878    1.47363571    1.65806048    1.81683328    1.56470015    1.50373448    1.74196137    1.85455369    1.58958960
A0A0L0CY67_PLAFA/8-288     1.56311359    1.57272136    1.59983764    1.66203220    1.56995704    1.43035362    1.59237250    1.63804534    1.67311992    1.61785646    1.51952054    1.54883588    2.09800397    0.38967334    0.00000000    1.47805393    1.40412554    1.73018117    1.59891989    1.57669819    1.54012015    1.58288129    1.54613332    1.40234961    1.47436763    1.58163955    1.61111642    1.44878003    1.55563502    1.64314867    1.37225061    1.48594963    1.50991051    1.80483395    1.37129498
D0NK35_PHYIT/15-282     0.90298156    0.82334460    0.84412722    0.82570998    0.78231467    0.81571580    0.86416614    0.90337552    0.81644579    0.93382527    0.80362616    0.81548088    1.47648938    1.48242887    1.47805393    0.00000000    0.76933059    0.91853453    0.81891040    0.79597048    0.76111874    0.88814168    0.91499818    0.93592499    0.94588700    0.81843082    0.90061147    0.76648477    0.87178441    0.98468907    0.95883338    0.90240284    1.08800065    1.19201312    0.74149122
D8TGZ0_VOLCA/3-268     0.87674902    0.81938909    0.79350836    0.87603929    0.88004448    0.78995316    0.86154359    0.92064666    0.90009255    0.94226917    0.84421770    0.84083443    1.41565744    1.42914378    1.40412554    0.76933059    0.00000000    0.70569825    0.59388349    0.52986188    0.57991413    1.00383058    1.02747535    1.00613121    0.98163093    0.82387967    0.93092206    0.75324637    0.87667785    0.97920603    0.96581863    0.94794960    0.90386704    1.12504783    0.77626862
I1NBW7_SOYBN/10-280     1.06999228    1.03659083    1.01507562    1.03541935    1.01072951    1.02102256    1.09744559    1.16350227    1.14566130    1.22263039    1.03455204    1.11893299    1.60005517    1.70546848    1.73018117    0.91853453    0.70569825    0.00000000    0.46517303    0.40138989    0.46759414    1.04961000    1.04429254    1.05957161    1.13451631    1.08052529    1.18301370    0.97362574    1.10689350    1.14616739    1.27361198    1.20620852    1.29689791    1.32120104    1.02850840
PESC_ARATH/9-280     0.97503687    0.95767709    0.95280532    0.97163696    0.92379436    0.87643895    0.94998375    1.01575834    0.95589408    1.07635179    0.85064123    0.94035118    1.46151352    1.52313939    1.59891989    0.81891040    0.59388349    0.46517303    0.00000000    0.26384046    0.37588613    0.95764179    1.08277825    0.97734090    1.00139888    0.85345698    0.94017299    0.88936708    1.00353496    1.01679953    1.01101529    0.99733547    1.12491389    1.16467048    0.87296867
A0A3Q7HD34_SOLLC/10-277     0.88457979    0.82318179    0.84648146    0.88742975    0.78369557    0.77046659    0.82375021    0.95650161    0.92762058    0.98935831    0.82407172    0.86539020    1.43606637    1.60869106    1.57669819    0.79597048    0.52986188    0.40138989    0.26384046    0.00000000    0.24603966    0.91776498    0.95492925    0.96205145    0.95580293    0.85521123    0.92302832    0.78939641    0.90668601    0.98995314    1.03042911    1.07192012    1.14262220    1.12165503    0.79464567
W1NTH7_AMBTC/10-279     0.84220316    0.82118508    0.84124105    0.83330102    0.83981568    0.87089016    0.87727618    0.92553406    0.92488468    0.92642761    0.81234180    0.87181412    1.38689393    1.44694643    1.54012015    0.76111874    0.57991413    0.46759414    0.37588613    0.24603966    0.00000000    0.90163902    0.94962172    0.96327686    0.94095616    0.83418785    0.89027912    0.78397983    0.90913631    0.97555163    0.98947175    1.00113989    1.16528534    1.17132306    0.81270438
D3BB01_POLPP/8-274     0.99062247    0.95151650    1.03844512    0.96755182    0.96961152    0.94523052    0.98359204    1.05738738    1.06502759    1.12132744    1.06542159    1.02627842    1.63032607    1.59051069    1.58288129    0.88814168    1.00383058    1.04961000    0.95764179    0.91776498    0.90163902    0.00000000    0.48097078    0.46961976    1.13902182    0.89682994    0.91965663    0.93729696    1.03864881    1.12803054    1.06704470    1.09697172    0.99241212    1.14175816    0.91435028
PESC_DICDI/8-274     1.01104630    0.97859295    1.01677983    0.96725618    0.91692041    0.89222843    0.91972085    0.96912283    0.99555205    0.98739415    1.01897677    1.01731729    1.64255576    1.56918284    1.54613332    0.91499818    1.02747535    1.04429254    1.08277825    0.95492925    0.94962172    0.48097078    0.00000000    0.28175154    1.09314778    0.91022417    0.91088490    0.90129846    0.98328156    1.10169581    1.10961619    1.05652624    1.16583285    1.24737641    0.86095767
F0ZGY9_DICPU/8-273     1.01442909    0.96032024    1.02711436    0.97419221    0.92892383    0.85962555    0.99600462    0.99243393    0.95462773    1.01826240    0.99759628    1.01342270    1.60943950    1.49496832    1.40234961    0.93592499    1.00613121    1.05957161    0.97734090    0.96205145    0.96327686    0.46961976    0.28175154    0.00000000    1.00143303    0.86473079    0.94168497    0.90880534    1.01986332    1.10896149    1.03464118    1.03131641    1.11745842    1.25104178    0.81248610
A0DEJ7_PARTE/6-279     1.08528326    0.93767361    1.01697522    0.95975291    0.98620524    0.97786592    0.98993234    1.00771200    1.04897419    1.04888562    0.99991199    0.96551917    1.64891929    1.54318725    1.47436763    0.94588700    0.98163093    1.13451631    1.00139888    0.95580293    0.94095616    1.13902182    1.09314778    1.00143303    0.00000000    0.73744908    0.82641711    0.95798136    1.05437277    1.12619996    1.12743036    1.11297475    1.10503069    1.14426940    0.95975721
Q23RV6_TETTS/7-276     1.06208918    0.91436968    0.98909911    0.93956865    0.85898059    0.88787944    0.96816496    0.93997793    0.98990293    0.93873967    0.96200401    0.95939730    1.54876268    1.59512555    1.58163955    0.81843082    0.82387967    1.08052529    0.85345698    0.85521123    0.83418785    0.89682994    0.91022417    0.86473079    0.73744908    0.00000000    0.27382533    0.82682748    0.97624332    1.05465773    0.89782151    0.91107452    0.93361456    1.09882745    0.80541798
G0QUX7_ICHMG/6-275     1.03154750    0.93901419    0.99303371    0.96980461    0.91364280    0.91489072    1.00476690    0.94513791    0.95791714    0.99771863    0.91344351    0.95080048    1.52008139    1.58237878    1.61111642    0.90061147    0.93092206    1.18301370    0.94017299    0.92302832    0.89027912    0.91965663    0.91088490    0.94168497    0.82641711    0.27382533    0.00000000    0.84641985    0.96997078    1.11194046    0.90840599    0.91279881    1.04045331    1.19902276    0.86068877
B3S559_TRIAD/1-254     0.69991085    0.64775756    0.67103768    0.67348950    0.56839843    0.57979909    0.58538485    0.72488348    0.66753685    0.70016100    0.69658623    0.67095007    1.40928158    1.47363571    1.44878003    0.76648477    0.75324637    0.97362574    0.88936708    0.78939641    0.78397983    0.93729696    0.90129846    0.90880534    0.95798136    0.82682748    0.84641985    0.00000000    0.55126344    0.61103349    0.66363767    0.66053346    0.86107804    0.92488196    0.55961115
PESC_DANRE/7-281     0.84982580    0.77073465    0.74133744    0.70498012    0.63561783    0.59253158    0.72408524    0.79938039    0.74334181    0.81790532    0.75986199    0.70878639    1.53511128    1.65806048    1.55563502    0.87178441    0.87667785    1.10689350    1.00353496    0.90668601    0.90913631    1.03864881    0.98328156    1.01986332    1.05437277    0.97624332    0.96997078    0.55126344    0.00000000    0.26734093    0.71348865    0.66420602    0.82695737    0.84134084    0.65810535
H9GFJ6_ANOCA/10-279     0.89074275    0.83877494    0.83508951    0.78822809    0.70795606    0.67924365    0.81774224    0.92046390    0.86400393    0.87790901    0.88021673    0.85001684    1.63627730    1.81683328    1.64314867    0.98468907    0.97920603    1.14616739    1.01679953    0.98995314    0.97555163    1.12803054    1.10169581    1.10896149    1.12619996    1.05465773    1.11194046    0.61103349    0.26734093    0.00000000    0.74163509    0.73805539    0.88945093    0.89725402    0.68924231
A0A2H2IHM3_CAEJA/7-275     0.91535708    0.92318986    0.89768755    0.88720091    0.74944644    0.68632957    0.84803859    1.02815693    0.96407448    0.99568089    0.88707725    0.87121735    1.57019515    1.56470015    1.37225061    0.95883338    0.96581863    1.27361198    1.01101529    1.03042911    0.98947175    1.06704470    1.10961619    1.03464118    1.12743036    0.89782151    0.90840599    0.66363767    0.71348865    0.74163509    0.00000000    0.48440538    0.89951994    0.95568462    0.74652680
PESC_BRUMA/18-283     0.88963491    0.86612619    0.86164683    0.83469140    0.79183515    0.74133352    0.85577880    1.00601872    0.92143378    0.91556188    0.88439414    0.87305319    1.52580829    1.50373448    1.48594963    0.90240284    0.94794960    1.20620852    0.99733547    1.07192012    1.00113989    1.09697172    1.05652624    1.03131641    1.11297475    0.91107452    0.91279881    0.66053346    0.66420602    0.73805539    0.48440538    0.00000000    0.86782388    0.95417879    0.82695059
PESC_DROSE/5-275     0.99735255    0.88845439    0.93672989    0.86761913    0.94904233    0.87226803    0.98013182    1.13576699    1.08770136    1.08474914    1.03474822    1.02985897    1.78687852    1.74196137    1.50991051    1.08800065    0.90386704    1.29689791    1.12491389    1.14262220    1.16528534    0.99241212    1.16583285    1.11745842    1.10503069    0.93361456    1.04045331    0.86107804    0.82695737    0.88945093    0.89951994    0.86782388    0.00000000    0.73846975    0.92419534
J9K0D2_ACYPI/6-277     1.10255460    1.00535367    0.99378165    0.98777152    1.10842605    1.03257579    1.10561472    1.25887431    1.20689533    1.24054097    1.04910552    1.13670048    1.78262484    1.85455369    1.80483395    1.19201312    1.12504783    1.32120104    1.16467048    1.12165503    1.17132306    1.14175816    1.24737641    1.25104178    1.14426940    1.09882745    1.19902276    0.92488196    0.84134084    0.89725402    0.95568462    0.95417879    0.73846975    0.00000000    0.99579246
I1BKR7_RHIO9/6-271     0.66233713    0.63563951    0.65284544    0.61107371    0.51233197    0.50220770    0.54331382    0.59249505    0.54408756    0.62025269    0.60241068    0.53741278    1.41026882    1.58958960    1.37129498    0.74149122    0.77626862    1.02850840    0.87296867    0.79464567    0.81270438    0.91435028    0.86095767    0.81248610    0.95975721    0.80541798    0.86068877    0.55961115    0.65810535    0.68924231    0.74652680    0.82695059    0.92419534    0.99579246    0.00000000

