70
E9FTR2_DAPPU/8-124     0.00000000    0.72848272    0.76671952    0.73307458    0.86952027    0.77353601    0.66494267    0.59687649    0.75212900    0.86500023    0.65119061    0.67155965    0.56266971    0.58231503    0.74220668    0.70366033    1.31554531    1.38273209    1.19615231    1.22150163    1.18372909    1.22623858    1.01098755    1.04274673    1.08143164    1.02377086    1.08700390    1.24194375    1.34169590    1.25589969    1.22884751    0.93044426    1.21726310    1.16744780    1.69410975    1.42633574    1.92141194    1.49941478    1.62264693    1.53517365    1.71463976    1.37067070    1.52514288    0.96904382    1.65174287    1.85870407    1.86743108    2.01436489    1.94613857    1.75185047    2.05464435    1.72400412    1.52458507    1.39824484    1.33561793    1.35910859    1.54623146    1.56949519    1.87445952    1.58857789    1.48338879    1.58454086    2.56139661    2.03237223    2.63179789    2.11086041    2.18983059    1.98719021    2.02360237    1.69669971
J9K8Y4_ACYPI/7-123     0.72848272    0.00000000    0.64093196    0.70230709    0.71135382    0.68041105    0.43413072    0.57227674    0.64003366    0.83682775    0.54705595    0.57213049    0.55454590    0.64641386    0.68216052    0.79090609    1.37429142    1.26869639    1.15232193    1.28355134    1.17640994    1.10333337    0.92599078    0.99847909    1.07606698    0.96993432    1.05187413    1.26092528    1.27100468    1.13564633    1.06759597    1.07468047    1.16496309    1.20307217    1.69529187    1.46121136    1.49128041    1.49868386    1.61386922    1.66741945    1.58159044    1.50298349    1.38323673    1.14075768    1.49804311    1.77917297    1.81236608    1.71309468    1.71989550    1.75522224    1.99627479    1.72280548    1.73731402    1.31309746    1.35808279    1.58846058    1.66570559    1.78225781    1.63024757    1.56741930    1.63592952    1.85009053    2.72434238    2.11945611    2.46450938    1.85833068    1.86041020    1.81502450    2.17213001    1.67814778
D6X0J0_TRICA/6-122     0.76671952    0.64093196    0.00000000    0.72750031    0.60856338    0.67751178    0.41546525    0.60588003    0.88375461    1.14131032    0.70493758    0.78903314    0.78632619    0.82310486    0.94188989    0.88561572    1.31516013    1.38624292    1.43523109    1.54875957    1.36995470    1.11200741    0.93177063    1.03981248    1.12354618    1.03449749    1.08942177    1.46372148    1.52492112    1.33146894    1.15483379    1.28471174    1.39802865    1.35585452    1.82647986    1.56850332    1.82866641    1.48062822    1.86040306    1.79294993    1.95773489    1.67284494    1.82997524    1.47000528    2.00787685    1.95276650    1.90934910    2.06855177    1.99234745    1.82907018    1.90936412    1.79284498    1.82711402    1.66689478    1.74155385    1.72285546    1.52211067    1.83689882    1.98862029    1.90398307    2.11133741    2.34139818    2.75607190    2.05527352    2.91196343    2.06824724    2.32968830    2.05170782    2.02401474    1.74267023
T1HJB8_RHOPR/7-122     0.73307458    0.70230709    0.72750031    0.00000000    0.87093359    0.82661479    0.58927884    0.69475780    0.86697002    1.02521256    0.81013638    0.77773489    0.80895341    0.79509874    0.89775280    0.93091531    1.48702411    1.63249119    1.32560862    1.33842410    1.40028978    1.34490144    1.14556810    1.25210421    1.21122532    1.17982558    1.20564416    1.28073371    1.32326367    1.35459643    1.30635955    1.25301816    1.48917374    1.32463118    1.86251218    1.62968239    1.82649226    1.68656118    1.80030323    1.77408693    1.75194912    1.38512748    1.50415322    1.45398155    1.69979803    1.65297510    1.79393838    1.75956498    1.74526967    1.87807624    2.08852644    1.75260685    1.72357516    1.46376319    1.53329499    1.56726350    1.73390671    1.53425786    1.92292436    1.57028922    1.51501751    1.75165137    2.62804586    2.07882439    2.88447099    2.03310847    2.33689439    2.20927103    2.17529646    1.94705173
B0WEB0_CULQU/6-122     0.86952027    0.71135382    0.60856338    0.87093359    0.00000000    0.29872799    0.50199540    0.56021954    0.89714821    1.05120458    0.78544084    0.72822559    0.83821432    0.74936090    0.85932267    0.81679887    1.45770186    1.67302366    1.34853341    1.49446682    1.45552255    1.36125776    1.03785873    1.09121423    1.22759551    1.09857603    1.17606334    1.49768022    1.38452787    1.32756272    1.32237187    1.23867360    1.29402140    1.28362639    1.89569526    1.57481030    1.75520519    1.40632320    1.67793709    1.52255822    1.69572185    1.48980583    1.57604666    1.45024811    1.87272097    1.86509179    1.87058764    2.08504397    2.01211535    1.88894749    2.19102351    1.99039967    1.89965448    1.75849721    1.63525520    1.62504132    1.71854480    1.71633718    1.95207964    1.77405233    1.94248821    2.16506918    2.41474605    2.57448669    2.67296307    2.40749311    2.36765979    1.89976044    2.07933583    1.95303681
B4MRP3_DROWI/6-122     0.77353601    0.68041105    0.67751178    0.82661479    0.29872799    0.00000000    0.57460940    0.60678223    0.89224301    0.99543697    0.78205682    0.75486690    0.82388175    0.80585418    0.89853209    0.88017324    1.32036446    1.62193689    1.20425674    1.51847328    1.43620955    1.30453393    1.05441595    1.11816679    1.15954905    1.07870690    1.20046751    1.39173733    1.48427769    1.23253848    1.27802084    1.29470485    1.35515064    1.40029869    1.81035354    1.53451871    1.66933650    1.49300038    1.78475896    1.41253455    1.42986491    1.45077090    1.45214203    1.39707025    1.68251920    1.84109270    2.02193576    2.05641454    1.94496353    1.89047333    2.25226135    1.93598990    2.03067888    1.70809315    1.58424297    1.61473374    1.65947115    1.72228957    1.90912657    1.68723482    1.91548693    2.14253194    2.60744753    2.41258795    2.64990188    2.32390537    2.26517831    2.04288423    2.25388594    1.78931302
E2BEK1_HARSA/6-122     0.66494267    0.43413072    0.41546525    0.58927884    0.50199540    0.57460940    0.00000000    0.32029511    0.74048972    0.88463627    0.55386313    0.55012578    0.64749754    0.64221829    0.71457616    0.74515760    1.33057150    1.34600537    1.24486181    1.40791698    1.24564271    1.12812149    0.92816385    1.07604945    1.14706657    1.02425029    1.11202304    1.26879385    1.40880035    1.28263315    1.22729485    1.12503043    1.17303327    1.21885594    1.82576365    1.54222507    1.61568452    1.38516235    1.71341987    1.63729317    1.57526892    1.52989043    1.54101240    1.22705480    1.66706656    1.67168310    1.72893465    1.84868237    1.78233584    1.76637730    1.94963761    1.64850829    1.83903129    1.30496157    1.42090839    1.39588311    1.47571759    1.54909759    1.80475430    1.63764195    1.75716361    1.93591869    2.53646297    2.08331598    2.89663564    1.93239705    2.22605868    1.96723387    2.15474794    1.89514183
H9JX56_BOMMO/6-120     0.59687649    0.57227674    0.60588003    0.69475780    0.56021954    0.60678223    0.32029511    0.00000000    0.79135191    0.82768045    0.56766831    0.53213561    0.63586334    0.62937966    0.66150322    0.63254464    1.41723498    1.30752211    1.24630756    1.35301446    1.21521028    1.21290731    1.00142266    1.12183888    1.25707598    1.05247636    1.19812973    1.36547010    1.39668983    1.28102331    1.25977837    1.23012758    1.27614686    1.28910688    1.74299480    1.49210383    1.66776986    1.46921505    1.68218573    1.50300022    1.60408054    1.56119306    1.44326141    1.19899720    1.72154386    1.78694648    2.01061501    2.11711370    2.01273400    1.90546660    2.09752657    1.55702912    1.85903508    1.33394401    1.37775186    1.46183236    1.61149855    1.59421997    1.84756045    1.57673974    1.75992517    1.84620389    2.42460090    2.02654848    3.03415505    2.00553898    2.24214903    1.98548173    2.21937860    1.89350934
T1FY06_HELRO/8-134     0.75212900    0.64003366    0.88375461    0.86697002    0.89714821    0.89224301    0.74048972    0.79135191    0.00000000    0.42846476    0.36268336    0.43937750    0.55810855    0.52642534    0.61823544    0.71498075    1.55333712    1.51371495    1.39213345    1.32657613    1.32540299    1.34907848    1.13759692    1.33903618    1.25961056    1.17338298    1.22240603    1.59441949    1.39862760    1.29472327    1.26722436    1.22757044    1.30576423    1.32407223    1.98407129    1.82690597    2.06798389    1.87510847    1.82799946    1.68697454    1.78354545    1.37491168    1.47047139    1.09391406    1.63806802    2.09573168    1.92669616    1.80137956    1.75916111    1.73770755    2.39332558    2.04070367    1.72269342    1.61312345    1.67950838    1.50563536    1.78895977    1.72481524    1.52221164    1.56769949    1.55637661    1.64326250    2.71319741    2.10503329    2.83236065    1.97800777    2.32579145    1.98287144    2.03868566    1.98620894
T1EQJ1_HELRO/1-118     0.86500023    0.83682775    1.14131032    1.02521256    1.05120458    0.99543697    0.88463627    0.82768045    0.42846476    0.00000000    0.59730755    0.65923763    0.72900720    0.74141509    0.75447688    0.95214622    1.86921123    1.37735485    1.49756814    1.60001635    1.33398745    1.35125532    1.19002502    1.37030300    1.29074904    1.19393471    1.13817403    1.55050866    1.54380857    1.38900317    1.40031226    1.22014178    1.26509160    1.39917355    1.90441055    1.66331429    1.73118559    1.81256931    1.93695784    1.50339935    1.58798644    1.45052772    1.41641273    1.33887205    1.79408494    1.96278106    2.17427135    2.08248728    1.89077483    2.17764426    2.39852835    1.90618261    1.81382609    1.63317713    1.60485480    1.65095588    1.67569528    1.75435946    1.75051859    1.61588668    1.87367830    1.94510043    2.57103374    2.16490374    3.02856912    2.03872347    2.52032010    2.33726647    2.19815690    2.24090034
K1RLV6_CRAGI/4-119     0.65119061    0.54705595    0.70493758    0.81013638    0.78544084    0.78205682    0.55386313    0.56766831    0.36268336    0.59730755    0.00000000    0.25885706    0.43342722    0.40764127    0.45548025    0.55431447    1.37329584    1.30135942    1.09923993    1.21026908    1.13678560    1.24846709    0.99113330    1.14552870    1.03945978    0.97863012    1.13242291    1.32138337    1.24273503    1.22803461    1.15249693    1.19961311    1.20510686    1.26599505    1.81165580    1.56989531    1.87389153    1.55892088    1.57128430    1.57776006    1.68056637    1.34999910    1.40989628    1.11840883    1.48277370    1.69084741    1.87420314    1.79544578    1.75926699    1.70182082    2.10242339    1.60451780    1.53892430    1.35687013    1.36208456    1.30270112    1.41067269    1.59103747    1.70969559    1.38024626    1.48252107    1.59693634    2.43857814    2.05884066    2.66266295    1.76260717    2.16084903    1.88821624    1.98219468    2.00740826
C3YN74_BRAFL/6-122     0.67155965    0.57213049    0.78903314    0.77773489    0.72822559    0.75486690    0.55012578    0.53213561    0.43937750    0.65923763    0.25885706    0.00000000    0.34060644    0.39098720    0.42356216    0.49753397    1.30558173    1.32554739    1.17548546    1.24510114    1.11561331    1.24348703    0.99799097    1.14500867    1.06761111    0.99240603    1.06473554    1.41799526    1.24992756    1.23895814    1.16755941    1.18041177    1.19959963    1.27930276    1.90820372    1.65638173    1.82701917    1.51666777    1.46468378    1.58896088    1.69213922    1.18057830    1.47813303    1.10024557    1.52544535    1.64031354    1.78864241    1.92234831    1.80438525    1.75681170    1.97900450    1.65296567    1.54668638    1.42640517    1.38899439    1.26714294    1.34335322    1.49817427    1.56325280    1.48260155    1.55191145    1.53954675    2.43300462    2.04201639    2.59972500    1.80607180    2.07016252    1.93747408    1.74748649    1.86955475
W5NIT2_LEPOC/17-133     0.56266971    0.55454590    0.78632619    0.80895341    0.83821432    0.82388175    0.64749754    0.63586334    0.55810855    0.72900720    0.43342722    0.34060644    0.00000000    0.25757054    0.36118560    0.46892443    1.38570612    1.28097764    1.13637023    1.33224241    1.19981533    1.27374066    0.97480153    1.11290917    1.07871786    0.99219873    1.07139113    1.30806735    1.33600482    1.20246225    1.26344648    1.29887995    1.26805445    1.30540915    1.78395924    1.55785127    1.77027619    1.72251295    1.56941340    1.64903362    1.67688190    1.21795784    1.52169796    1.02318864    1.46003888    1.77046841    1.68972652    1.69939417    1.68639360    1.60105516    1.75709577    1.56876590    1.53886296    1.27802649    1.29733653    1.35800479    1.37947886    1.58815703    1.38576220    1.42182004    1.46677665    1.60701725    2.31531828    2.20479831    2.69837133    2.06278135    2.08870180    1.85448664    1.89591028    1.61764909
W5N9S2_LEPOC/8-124     0.58231503    0.64641386    0.82310486    0.79509874    0.74936090    0.80585418    0.64221829    0.62937966    0.52642534    0.74141509    0.40764127    0.39098720    0.25757054    0.00000000    0.22947983    0.57460130    1.51579392    1.50165511    1.25046153    1.57271455    1.52191206    1.39983487    1.08129453    1.17434456    1.18863552    1.07697515    1.17382787    1.34653369    1.39605271    1.33231186    1.36371244    1.24729265    1.19555281    1.25599289    1.77967074    1.66473251    1.64642129    1.59434902    1.55118811    1.55733884    1.63814082    1.27789692    1.39597326    1.02040942    1.58556959    1.92770930    1.85000818    1.76044822    1.80681736    1.90707431    2.06745245    1.77462441    1.76708403    1.39737172    1.49198871    1.46876066    1.54743214    1.58107026    1.57864219    1.58744991    1.49028746    1.60103862    2.26617158    2.20614006    2.57362420    2.09308879    2.01000308    2.07420590    2.05671141    1.76967192
DCP1A_MOUSE/28-144     0.74220668    0.68216052    0.94188989    0.89775280    0.85932267    0.89853209    0.71457616    0.66150322    0.61823544    0.75447688    0.45548025    0.42356216    0.36118560    0.22947983    0.00000000    0.62065661    1.48553120    1.51419879    1.38532272    1.61028847    1.43199788    1.48857515    1.14365506    1.20746910    1.25497152    1.15586482    1.18433417    1.33032367    1.40203259    1.40002642    1.40723405    1.25875662    1.35201389    1.30893520    2.01688768    1.69112708    1.66265073    1.66233773    1.57107268    1.64419997    1.78856637    1.32237123    1.40036560    1.09695737    1.51684711    2.03740791    2.04247253    1.93006294    2.01464737    1.83646364    2.10319825    1.73059183    1.78488575    1.28205564    1.40305911    1.56234041    1.65527955    1.68163505    1.71312262    1.46127623    1.58238932    1.60359361    2.38977893    2.29560425    2.82643215    2.11123927    2.21210621    2.05614800    2.19697956    2.11110623
F6WP26_CIOIN/10-126     0.70366033    0.79090609    0.88561572    0.93091531    0.81679887    0.88017324    0.74515760    0.63254464    0.71498075    0.95214622    0.55431447    0.49753397    0.46892443    0.57460130    0.62065661    0.00000000    1.38087986    1.57874527    1.30720029    1.44258167    1.29862827    1.31505790    1.07942229    1.11702793    1.10610807    1.03478914    1.03553689    1.36770961    1.53985154    1.26594069    1.25091603    1.18325644    1.37052221    1.31540118    1.59536385    1.52887314    1.83839871    1.79659478    1.70370319    1.53188192    1.69363878    1.36178147    1.55807932    1.21032989    1.61608665    1.75156447    1.88205545    1.89677467    1.92404705    1.68473064    2.16041807    1.84976751    1.79022625    1.20321791    1.35958483    1.41330173    1.57275962    1.60420841    1.50825957    1.64386756    1.63314200    1.64199467    2.32349234    2.21419700    2.81354426    2.07066314    2.06432479    1.96467563    1.98716255    1.81623728
D2VTY8_NAEGR/42-158     1.31554531    1.37429142    1.31516013    1.48702411    1.45770186    1.32036446    1.33057150    1.41723498    1.55333712    1.86921123    1.37329584    1.30558173    1.38570612    1.51579392    1.48553120    1.38087986    0.00000000    1.46124272    1.61847784    1.32118142    1.45201033    1.27516348    1.23922186    1.22658936    1.20831261    1.26267788    1.18284864    1.80408424    1.43317934    1.43772754    1.42322565    1.29415603    1.45057749    1.42490470    1.81312038    1.69519185    1.61812375    1.86201424    1.89227882    2.22182667    2.40598369    1.74140902    1.88369684    1.61135036    1.71251256    2.25198236    2.01180568    2.20000353    2.27593468    2.08830897    2.04313426    1.97190308    2.05749313    1.82971515    1.56359853    1.67593259    1.55587633    1.92779864    1.89805584    1.83349712    2.13183256    2.20775806    2.37169403    2.28145361    2.89549821    2.11921625    2.08285650    2.19574327    2.51677431    2.08446113
T1KEM3_TETUR/10-126     1.38273209    1.26869639    1.38624292    1.63249119    1.67302366    1.62193689    1.34600537    1.30752211    1.51371495    1.37735485    1.30135942    1.32554739    1.28097764    1.50165511    1.51419879    1.57874527    1.46124272    0.00000000    1.29859526    1.61970732    1.40215564    1.25186533    1.26673020    1.33206802    1.34242138    1.26803652    1.22095071    1.75138085    1.66487644    1.51509380    1.51214317    1.51619003    1.47028545    1.44632960    1.48503812    1.45863004    1.63494146    1.89835373    1.90127939    2.07861958    2.29744457    1.85764569    2.09157483    1.59560814    1.98188904    2.03425705    2.11208059    2.15935276    2.03716630    1.91053105    1.95654515    1.73525258    1.80798238    2.10610337    2.16419328    1.75865806    1.69384108    2.01853558    2.19351797    1.92193882    1.89433475    1.95096157    2.08219650    2.16583393    2.44114448    1.74975151    2.43845122    2.17436274    1.94779703    2.47791400
H3GFP6_PHYRM/15-137     1.19615231    1.15232193    1.43523109    1.32560862    1.34853341    1.20425674    1.24486181    1.24630756    1.39213345    1.49756814    1.09923993    1.17548546    1.13637023    1.25046153    1.38532272    1.30720029    1.61847784    1.29859526    0.00000000    1.23497533    1.18119996    1.15246559    1.15369062    1.21984624    1.18113393    1.18013224    1.12293722    1.37182030    1.24545379    1.10625935    1.08736146    1.28462505    1.11499420    1.23244791    1.55892817    1.43747665    1.77007169    2.05902507    2.06758507    1.90442399    1.89588619    1.62207427    1.65681628    1.25496594    1.74359578    2.02654931    1.87097625    1.84381006    1.85027443    1.87211279    1.86418814    2.08506444    1.98603285    1.58678030    1.41933876    1.63934841    1.95749717    1.16829540    1.85232521    1.54900382    1.33672331    1.46466065    2.35420516    2.19454809    3.00624178    2.12270772    2.40093714    1.77712766    2.13635212    1.76057431
B7G0L8_PHATC/10-129     1.22150163    1.28355134    1.54875957    1.33842410    1.49446682    1.51847328    1.40791698    1.35301446    1.32657613    1.60001635    1.21026908    1.24510114    1.33224241    1.57271455    1.61028847    1.44258167    1.32118142    1.61970732    1.23497533    0.00000000    0.74203579    1.58363562    1.31079133    1.44502672    1.21128723    1.32482233    1.26936783    1.86338279    1.28620756    1.34157644    1.31309800    1.21681216    1.40722719    1.41456269    1.41696398    1.45742454    1.79244108    1.88371705    1.97339783    1.83439085    1.94808034    1.66940187    1.66997233    1.44845292    1.50081476    1.53339917    1.77521795    1.86813807    1.81258309    1.54342325    1.91821630    1.99613485    2.13064345    1.82438582    1.71643242    1.59890424    1.83329008    1.75415656    1.61231694    1.60872846    1.65263255    1.72851786    2.10817055    1.94482230    2.23986406    2.44986975    1.98530851    2.15121886    2.55402804    1.98878310
B8C1C7_THAPS/9-129     1.18372909    1.17640994    1.36995470    1.40028978    1.45552255    1.43620955    1.24564271    1.21521028    1.32540299    1.33398745    1.13678560    1.11561331    1.19981533    1.52191206    1.43199788    1.29862827    1.45201033    1.40215564    1.18119996    0.74203579    0.00000000    1.11986220    0.99398945    1.05238765    1.00970151    0.90579062    0.97446667    1.56949898    1.24440851    1.15976174    1.15726749    1.21541338    1.19949092    1.17880319    1.49639930    1.58530400    1.89329318    1.81541048    1.95991255    1.78278276    2.03806341    1.64225525    1.67927143    1.24916957    1.46288689    1.87367253    1.76179823    2.09200287    2.12168103    1.86613449    2.01263804    1.85709739    1.88476445    1.70354508    1.61672578    1.52750807    1.56708536    1.43098797    1.53875723    1.37255997    1.72614955    1.76171531    2.11169286    2.05557894    2.44928297    2.04666547    1.89551355    1.83741899    2.05049646    1.84834298
K4AAP8_SETIT/35-151     1.22623858    1.10333337    1.11200741    1.34490144    1.36125776    1.30453393    1.12812149    1.21290731    1.34907848    1.35125532    1.24846709    1.24348703    1.27374066    1.39983487    1.48857515    1.31505790    1.27516348    1.25186533    1.15246559    1.58363562    1.11986220    0.00000000    0.38962628    0.63359849    0.52664852    0.50325924    0.48654054    1.18991031    1.17059098    0.96311025    0.91290203    1.18953292    1.04878945    1.09015244    1.59749879    1.50998262    1.64483322    1.91042652    1.99925858    1.92303595    2.06765320    1.84087674    1.95860292    1.22861276    1.68485609    1.90163786    1.78343234    1.80896426    1.88941279    1.85153299    1.67883867    1.96602708    1.96369569    1.50507028    1.69859129    1.62282573    1.56849265    1.83594234    1.80040747    1.72331606    1.88177554    1.99432385    2.32456491    2.02933423    2.46904084    2.38535992    2.15961843    1.93169230    2.63928319    1.70289647
C5X2N4_SORBI/23-139     1.01098755    0.92599078    0.93177063    1.14556810    1.03785873    1.05441595    0.92816385    1.00142266    1.13759692    1.19002502    0.99113330    0.99799097    0.97480153    1.08129453    1.14365506    1.07942229    1.23922186    1.26673020    1.15369062    1.31079133    0.99398945    0.38962628    0.00000000    0.29313178    0.28770646    0.25205466    0.28582126    0.98156913    1.05024508    0.68523984    0.71346778    1.22560676    1.00512195    1.01490526    1.52939971    1.35345472    1.64344339    1.53211453    1.52136682    1.69263460    1.76882822    1.57909433    1.74615631    1.15432080    1.43584968    1.69439222    1.43345455    1.84218433    1.83722854    1.51968544    1.82201729    1.82771990    1.81737861    1.44348116    1.49298482    1.52050489    1.63611913    1.74083652    1.74557562    1.50063721    1.64230603    1.78589883    2.16159098    1.74069964    2.06043584    2.16477998    2.10976984    1.76105583    2.32548443    1.70740165
M0SUM7_MUSAM/16-132     1.04274673    0.99847909    1.03981248    1.25210421    1.09121423    1.11816679    1.07604945    1.12183888    1.33903618    1.37030300    1.14552870    1.14500867    1.11290917    1.17434456    1.20746910    1.11702793    1.22658936    1.33206802    1.21984624    1.44502672    1.05238765    0.63359849    0.29313178    0.00000000    0.29214164    0.26324129    0.30898917    0.97632385    1.17857778    0.75697795    0.69278283    1.35799297    1.13148417    1.09975705    1.62109463    1.49546639    1.61326258    1.65151033    1.59449686    1.78663151    1.92585107    1.74849716    1.69511576    1.26439390    1.47339660    1.92779897    1.73716090    1.87797720    1.94226696    1.79081689    2.11791648    1.90404794    1.98216602    1.58491547    1.58908150    1.58191905    1.77691619    1.90459707    1.82903261    1.77634307    1.70653938    1.84740130    2.17017901    1.77440854    2.16972102    2.14623783    2.23814823    1.83936227    2.39714603    1.91639020
M1AHB5_SOLTU/16-132     1.08143164    1.07606698    1.12354618    1.21122532    1.22759551    1.15954905    1.14706657    1.25707598    1.25961056    1.29074904    1.03945978    1.06761111    1.07871786    1.18863552    1.25497152    1.10610807    1.20831261    1.34242138    1.18113393    1.21128723    1.00970151    0.52664852    0.28770646    0.29214164    0.00000000    0.22231316    0.24916283    1.07267439    1.01338411    0.68205417    0.74495455    1.23151112    1.05289250    1.05961139    1.51271939    1.50544044    1.63326588    1.77947105    1.55556413    1.82928911    1.93155735    1.81500717    1.64723111    1.25573237    1.54759758    1.91093975    1.74789703    1.75479304    1.73700707    1.72507778    2.02671376    1.86046244    1.89616722    1.65608014    1.60877301    1.53214318    1.61989654    1.88209059    1.81085615    1.74041716    1.70320953    1.81761542    2.28644342    1.76085756    2.21102520    2.37706942    2.21034610    1.84406401    2.24525385    1.78099856
DCP1_ARATH/16-132     1.02377086    0.96993432    1.03449749    1.17982558    1.09857603    1.07870690    1.02425029    1.05247636    1.17338298    1.19393471    0.97863012    0.99240603    0.99219873    1.07697515    1.15586482    1.03478914    1.26267788    1.26803652    1.18013224    1.32482233    0.90579062    0.50325924    0.25205466    0.26324129    0.22231316    0.00000000    0.24252257    1.10309379    1.06147057    0.64728302    0.64279153    1.20693261    1.01892883    1.01718925    1.52199989    1.33081862    1.57567273    1.63563580    1.45102973    1.76028333    1.97690629    1.76351849    1.61685290    1.16719810    1.57282671    1.81397276    1.68209998    1.84801014    1.80301999    1.86114847    1.88967521    1.81983639    1.78953625    1.44714722    1.61215254    1.67311219    1.70225865    1.76135975    1.86130024    1.72659756    1.81107771    1.96858979    2.14265531    1.80175359    2.13021416    2.21359328    2.11104592    1.74610120    2.22577129    1.80539784
D8RZ35_SELML/9-130     1.08700390    1.05187413    1.08942177    1.20564416    1.17606334    1.20046751    1.11202304    1.19812973    1.22240603    1.13817403    1.13242291    1.06473554    1.07139113    1.17382787    1.18433417    1.03553689    1.18284864    1.22095071    1.12293722    1.26936783    0.97446667    0.48654054    0.28582126    0.30898917    0.24916283    0.24252257    0.00000000    1.04489522    1.07472846    0.68017885    0.71545199    1.18297820    0.95701346    1.02240352    1.49946509    1.52787535    1.58889944    1.65802563    1.58016378    1.85984014    2.07713881    1.65550938    1.71115893    1.20454757    1.64678334    1.92367233    1.77033138    2.05286844    2.09976747    1.78074864    2.12409688    1.99171181    1.84621328    1.54750411    1.63117290    1.56588475    1.70623009    1.77678470    1.82523984    1.76059406    1.78525844    1.87754380    2.06412146    1.81696078    2.19927687    2.12180914    2.35091829    1.96235616    2.29340878    1.76236292
D8TZD6_VOLCA/8-124     1.24194375    1.26092528    1.46372148    1.28073371    1.49768022    1.39173733    1.26879385    1.36547010    1.59441949    1.55050866    1.32138337    1.41799526    1.30806735    1.34653369    1.33032367    1.36770961    1.80408424    1.75138085    1.37182030    1.86338279    1.56949898    1.18991031    0.98156913    0.97632385    1.07267439    1.10309379    1.04489522    0.00000000    1.29075362    1.00623060    1.01747023    1.27054105    1.34860883    1.34026158    1.69428274    1.51956073    1.80369267    2.09520851    2.17591100    2.23734194    2.19198250    1.92404421    1.95508786    1.40609597    1.86446797    2.23657133    2.29893020    2.00104905    1.99517459    1.95682266    2.06697717    1.95673431    2.23603762    1.73043371    1.71731269    1.67167923    1.80463532    1.85676718    1.68328465    1.83003780    1.67398523    1.77533443    2.67908273    1.71615472    2.17505888    2.30249995    2.22068317    2.26209623    2.55350197    2.22906747
Q00YW6_OSTTA/22-138     1.34169590    1.27100468    1.52492112    1.32326367    1.38452787    1.48427769    1.40880035    1.39668983    1.39862760    1.54380857    1.24273503    1.24992756    1.33600482    1.39605271    1.40203259    1.53985154    1.43317934    1.66487644    1.24545379    1.28620756    1.24440851    1.17059098    1.05024508    1.17857778    1.01338411    1.06147057    1.07472846    1.29075362    0.00000000    0.87976904    0.94605419    1.30776049    1.44075930    1.50813473    1.61388597    1.48671228    1.97960340    1.83462549    1.63058055    1.99658801    2.15799604    1.65974941    1.75997869    1.29737855    1.55045134    1.83576644    1.81935841    1.71920455    1.78648271    1.55847662    1.95508221    1.55663703    1.71693961    1.84869106    1.74924789    1.34294446    1.66846345    1.63308736    1.59428802    1.56685769    1.64646823    1.76677120    2.27208591    1.85363727    2.93240960    2.09325605    2.23359720    1.79865484    2.53079828    2.00927073
C1N0Y3_MICPC/11-126     1.25589969    1.13564633    1.33146894    1.35459643    1.32756272    1.23253848    1.28263315    1.28102331    1.29472327    1.38900317    1.22803461    1.23895814    1.20246225    1.33231186    1.40002642    1.26594069    1.43772754    1.51509380    1.10625935    1.34157644    1.15976174    0.96311025    0.68523984    0.75697795    0.68205417    0.64728302    0.68017885    1.00623060    0.87976904    0.00000000    0.28133618    1.30959737    1.19294942    1.23652271    1.60719870    1.53700587    2.09804049    1.91667779    1.73118184    1.93282998    2.10794487    1.91544028    1.75146502    1.35374385    1.68350084    2.09006453    1.99023647    2.24756705    2.09808453    1.72837081    2.16259545    1.92301768    1.64012547    1.57178637    1.62255391    1.46393712    1.63702608    1.66120588    1.52864120    1.76588963    1.69413273    1.93923703    2.50361946    1.93317594    2.47805781    2.36069002    2.60451410    1.88459286    2.43311069    1.94957274
C1FJ80_MICCC/12-127     1.22884751    1.06759597    1.15483379    1.30635955    1.32237187    1.27802084    1.22729485    1.25977837    1.26722436    1.40031226    1.15249693    1.16755941    1.26344648    1.36371244    1.40723405    1.25091603    1.42322565    1.51214317    1.08736146    1.31309800    1.15726749    0.91290203    0.71346778    0.69278283    0.74495455    0.64279153    0.71545199    1.01747023    0.94605419    0.28133618    0.00000000    1.26608910    1.29843244    1.31142467    1.69604643    1.60575960    2.04238235    2.05398534    1.74844060    1.97195391    2.07247145    1.66651776    1.91082418    1.27274488    1.55073000    2.22264466    2.08849746    2.18112566    2.01157411    1.84753641    2.11248702    2.00114281    1.64291042    1.55781707    1.58622987    1.53204940    1.58568358    1.58766743    1.53997587    1.67233655    1.66286213    1.83092999    2.36549708    1.84344019    2.28037491    2.33463287    2.61814837    1.95244411    2.55625452    1.86470704
D3AZC1_POLPP/8-123     0.93044426    1.07468047    1.28471174    1.25301816    1.23867360    1.29470485    1.12503043    1.23012758    1.22757044    1.22014178    1.19961311    1.18041177    1.29887995    1.24729265    1.25875662    1.18325644    1.29415603    1.51619003    1.28462505    1.21681216    1.21541338    1.18953292    1.22560676    1.35799297    1.23151112    1.20693261    1.18297820    1.27054105    1.30776049    1.30959737    1.26608910    0.00000000    0.57001994    0.48137610    1.35033835    1.28943373    1.46128708    1.66206524    1.76790712    1.78936022    1.79549200    1.71681459    1.50285029    1.12732730    1.83487945    1.85583766    1.82933539    1.92682012    1.94348112    2.04164676    2.06972566    1.91911940    1.80107966    1.60501857    1.68236925    1.72731627    1.66525560    1.60216895    1.63614146    1.72969171    1.42866477    1.61028534    2.08246305    2.02162811    2.76137058    2.50510632    2.04865672    1.94294481    2.26088529    1.87605991
F0ZJ48_DICPU/8-124     1.21726310    1.16496309    1.39802865    1.48917374    1.29402140    1.35515064    1.17303327    1.27614686    1.30576423    1.26509160    1.20510686    1.19959963    1.26805445    1.19555281    1.35201389    1.37052221    1.45057749    1.47028545    1.11499420    1.40722719    1.19949092    1.04878945    1.00512195    1.13148417    1.05289250    1.01892883    0.95701346    1.34860883    1.44075930    1.19294942    1.29843244    0.57001994    0.00000000    0.29138554    1.65712554    1.51866623    1.46903302    1.97422757    1.84836405    1.73405722    1.68568137    1.77907965    1.66635897    1.20307271    1.83202090    2.31098395    2.01643515    2.01123089    1.98739816    2.13090275    2.18960725    2.09177880    1.89984690    1.59540815    1.73912830    1.78503333    1.55893185    1.58027220    1.68365488    1.81630692    1.50488582    1.76001229    2.36315833    1.99729532    2.67788232    2.41511685    2.34377132    2.24624066    2.19192923    1.67347901
Q54KM1_DICDI/6-122     1.16744780    1.20307217    1.35585452    1.32463118    1.28362639    1.40029869    1.21885594    1.28910688    1.32407223    1.39917355    1.26599505    1.27930276    1.30540915    1.25599289    1.30893520    1.31540118    1.42490470    1.44632960    1.23244791    1.41456269    1.17880319    1.09015244    1.01490526    1.09975705    1.05961139    1.01718925    1.02240352    1.34026158    1.50813473    1.23652271    1.31142467    0.48137610    0.29138554    0.00000000    1.60693933    1.40546353    1.52197056    1.94101629    1.90666084    1.61309636    1.66966177    1.86195770    1.59041588    1.35430030    1.91050150    2.19785683    1.93646913    1.98922669    2.05580956    2.15076777    2.27352588    1.95842521    1.78419947    1.79096064    1.81774757    1.84768194    1.77913880    1.56854078    1.67922556    1.99453445    1.58565533    1.69780944    2.15573164    1.95438429    2.73896646    2.31487150    2.40126281    2.07331087    2.24561499    1.75184769
Q5CQ73_CRYPI/16-136     1.69410975    1.69529187    1.82647986    1.86251218    1.89569526    1.81035354    1.82576365    1.74299480    1.98407129    1.90441055    1.81165580    1.90820372    1.78395924    1.77967074    2.01688768    1.59536385    1.81312038    1.48503812    1.55892817    1.41696398    1.49639930    1.59749879    1.52939971    1.62109463    1.51271939    1.52199989    1.49946509    1.69428274    1.61388597    1.60719870    1.69604643    1.35033835    1.65712554    1.60693933    0.00000000    0.36904055    1.07367108    1.38007938    1.53640485    1.97742168    2.16374667    2.23746126    1.76730133    1.39637057    2.27507068    2.32789617    2.61080811    2.56923685    2.48586878    2.46568377    2.50479099    2.41761057    1.84006675    1.74253877    1.75679592    1.71478421    1.83555709    1.68638461    2.09178211    1.88793176    1.70128338    1.71045855    2.09255147    2.08716352    3.06888455    2.40598329    2.42815094    2.32937677    2.68112318    1.91771840
B6AAA0_CRYMR/30-163     1.42633574    1.46121136    1.56850332    1.62968239    1.57481030    1.53451871    1.54222507    1.49210383    1.82690597    1.66331429    1.56989531    1.65638173    1.55785127    1.66473251    1.69112708    1.52887314    1.69519185    1.45863004    1.43747665    1.45742454    1.58530400    1.50998262    1.35345472    1.49546639    1.50544044    1.33081862    1.52787535    1.51956073    1.48671228    1.53700587    1.60575960    1.28943373    1.51866623    1.40546353    0.36904055    0.00000000    1.07906599    1.43970768    1.51041053    1.88432660    1.86193047    1.90043131    1.70652329    1.39140718    2.05519566    2.16951500    2.35060847    2.35820619    2.41965915    2.31939980    2.47276493    2.22397780    1.73536786    1.86415474    1.80729600    1.66522333    1.93558004    1.63332748    2.00150508    1.87226092    1.62743360    1.77036963    2.18093509    2.07222565    2.90246677    2.42011223    2.28727201    2.26232101    2.60319472    2.13269223
Q8IJ85_PLAF7/295-416     1.92141194    1.49128041    1.82866641    1.82649226    1.75520519    1.66933650    1.61568452    1.66776986    2.06798389    1.73118559    1.87389153    1.82701917    1.77027619    1.64642129    1.66265073    1.83839871    1.61812375    1.63494146    1.77007169    1.79244108    1.89329318    1.64483322    1.64344339    1.61326258    1.63326588    1.57567273    1.58889944    1.80369267    1.97960340    2.09804049    2.04238235    1.46128708    1.46903302    1.52197056    1.07367108    1.07906599    0.00000000    1.24462524    1.32657345    1.85928759    1.83341754    1.93650650    1.74124770    1.92897207    2.58168374    2.74143596    2.94686017    2.89222781    2.82880025    2.80901572    2.78141288    2.34892334    2.28327623    2.14470922    2.16170017    2.06647798    2.11829600    2.14508747    2.33705480    2.05597867    2.09024927    2.15564928    2.26919324    2.37921358    2.68811217    2.10888065    1.95143370    2.26462397    2.43238936    2.23230144
A7APD0_BABBO/28-149     1.49941478    1.49868386    1.48062822    1.68656118    1.40632320    1.49300038    1.38516235    1.46921505    1.87510847    1.81256931    1.55892088    1.51666777    1.72251295    1.59434902    1.66233773    1.79659478    1.86201424    1.89835373    2.05902507    1.88371705    1.81541048    1.91042652    1.53211453    1.65151033    1.77947105    1.63563580    1.65802563    2.09520851    1.83462549    1.91667779    2.05398534    1.66206524    1.97422757    1.94101629    1.38007938    1.43970768    1.24462524    0.00000000    0.66919562    2.07373193    2.00764817    2.07708948    1.98185691    1.78877848    2.23604254    2.30779009    2.57482864    2.84853184    2.83776768    2.32882433    2.40850698    2.26533632    1.68855454    1.93893467    1.98668267    1.70503701    1.99209757    1.95463191    2.68785760    2.13006324    2.09606426    2.29492816    2.32892520    2.70202249    2.77300669    2.39306533    2.06798255    2.48799424    2.15843544    2.31653353
Q4U8T6_THEAN/27-148     1.62264693    1.61386922    1.86040306    1.80030323    1.67793709    1.78475896    1.71341987    1.68218573    1.82799946    1.93695784    1.57128430    1.46468378    1.56941340    1.55118811    1.57107268    1.70370319    1.89227882    1.90127939    2.06758507    1.97339783    1.95991255    1.99925858    1.52136682    1.59449686    1.55556413    1.45102973    1.58016378    2.17591100    1.63058055    1.73118184    1.74844060    1.76790712    1.84836405    1.90666084    1.53640485    1.51041053    1.32657345    0.66919562    0.00000000    1.89826836    1.82584531    1.94782023    1.92724123    1.57115105    2.02047316    2.84408720    2.69893894    2.98256434    2.95129011    2.52276573    2.48866897    2.52119341    1.76515803    2.10497880    2.16923729    1.69280044    2.12992345    2.06385012    2.41754813    2.02535087    1.96955880    2.20274991    2.28279918    2.56086339    2.81033993    2.83831368    2.27223076    2.34495801    2.19071946    2.26726240
