34
G4QGT6_GLANF/32-352     0.00000000    0.89072330    1.79172466    1.85120485    2.48768551    2.82571341    1.46400565    1.69426852    1.78363576    1.68273566    1.82623546    1.78454744    2.37464793    2.24455615    2.26665230    2.14229584    2.08819774    2.16282455    2.07505539    2.03144634    2.15958817    2.30207284    2.05143638    2.25210922    2.30095454    2.38394774    2.08979939    2.32069816    2.25984278    2.17054179    2.10809965    1.99441106    2.26280333    1.99022851
K6YWS8_9ALTE/38-365     0.89072330    0.00000000    1.87772397    2.10147369    2.91977537    3.23269319    1.55411653    1.81884108    1.89317648    1.81711871    1.91387181    1.75755195    2.28706781    2.10656561    2.02049390    2.02270256    2.10873540    2.01164220    2.36796318    2.16161339    2.20535479    2.41361884    2.14211000    2.37783345    2.23014228    2.22897083    2.22160624    2.17080304    2.28043085    2.28783132    1.99735326    1.79689611    2.15264510    2.04952246
Q3IKG5_PSET1/36-345     1.79172466    1.87772397    0.00000000    2.08688899    3.15782999    2.60358679    1.90766627    2.09488883    2.22853281    2.02896458    1.92536780    2.15095426    2.35681034    2.24947848    2.12649441    2.14745034    2.37620514    2.42011476    2.12579381    1.95226731    1.98549064    2.45883689    2.14727305    2.06192643    2.20059358    2.25369844    1.99509026    2.05612292    2.18885098    1.99954551    2.21549594    1.96171950    2.35692809    2.62447323
Q5QU04_IDILO/32-356     1.85120485    2.10147369    2.08688899    0.00000000    2.53385536    2.75261715    1.95455084    1.97049724    2.13783263    2.18013945    2.06241114    2.14924787    2.48264402    2.52638353    2.60824269    2.36335231    2.60317905    2.40606663    2.44782322    2.49702820    2.35766700    2.57059580    2.59484118    2.65689039    2.76085779    2.49902857    2.43388504    2.45757274    2.53326826    2.53207046    2.89477973    2.21113566    2.93933977    2.72574552
Q21WN3_RHOFT/29-355     2.48768551    2.91977537    3.15782999    2.53385536    0.00000000    1.58724517    2.88760162    2.57283169    2.86799109    2.66316431    2.63397303    2.68124445    2.87472306    2.98938260    2.98400752    2.87941966    2.81389232    2.75175549    2.68525343    2.77141022    2.64992018    2.95140741    2.79406681    2.91605800    2.73577165    2.66468286    2.53812986    2.73565556    2.62520431    2.72450109    3.25311553    3.04199673    2.96412732    2.70119558
W8KRZ1_9GAMM/40-370     2.82571341    3.23269319    2.60358679    2.75261715    1.58724517    0.00000000    2.71251111    2.51405504    2.63501743    2.54223696    2.67357826    2.50357918    2.78408871    2.80571582    2.61286547    2.67607517    2.87011689    2.84255796    2.37216893    2.55120729    2.32564791    2.65597826    2.48334237    2.54929214    2.51913905    2.38368350    2.61944844    2.64330155    2.38626886    2.40744463    2.77085496    2.83541388    3.06140339    2.67588353
BAMC_FERBD/34-357     1.46400565    1.55411653    1.90766627    1.95455084    2.88760162    2.71251111    0.00000000    1.04778572    1.09102429    1.04146087    1.10448110    1.13969014    2.07468379    2.16470565    2.03739279    2.20238730    2.07092950    2.16382659    2.12588812    2.13563623    2.03314078    2.42948671    2.12728181    2.07650662    2.03094168    2.22064605    1.93642249    2.03631887    2.13700250    2.02174778    2.21005919    1.51204903    2.17073039    2.03452539
A1S6V6_SHEAM/19-347     1.69426852    1.81884108    2.09488883    1.97049724    2.57283169    2.51405504    1.04778572    0.00000000    0.68931603    0.66902594    0.78536933    0.59555804    2.33662147    2.22475177    2.25476056    2.14975608    2.33452012    2.25783514    2.06196034    1.97823560    1.99633330    2.27851236    2.11074927    1.99048578    2.05241113    2.15816153    1.93443637    2.10488188    1.92315104    1.90586525    2.07850144    1.86107915    2.00708537    2.29226096
D4ZJP0_SHEVD/32-366     1.78363576    1.89317648    2.22853281    2.13783263    2.86799109    2.63501743    1.09102429    0.68931603    0.00000000    0.69277586    0.69353747    0.58073063    2.24527864    2.13276915    2.18340246    2.20798924    2.39467410    2.32887173    2.20532322    2.13058109    2.12803878    2.39830319    2.24467846    2.18775535    2.15478560    2.34334750    2.11776248    2.36042182    2.18182897    2.16981165    2.13504912    1.93863935    2.30698136    2.42074031
Q082V2_SHEFN/34-358     1.68273566    1.81711871    2.02896458    2.18013945    2.66316431    2.54223696    1.04146087    0.66902594    0.69277586    0.00000000    0.55803406    0.57210512    2.27305146    2.12951889    2.14383204    2.18488924    2.32933954    2.29174183    2.03377431    2.08634395    1.95766271    2.33665983    2.29585285    2.14785912    2.26268604    2.23964131    2.20306778    2.13850330    2.07034074    2.16848537    2.03428216    1.87549890    2.13381369    2.33180118
Q12NF6_SHEDO/37-364     1.82623546    1.91387181    1.92536780    2.06241114    2.63397303    2.67357826    1.10448110    0.78536933    0.69353747    0.55803406    0.00000000    0.67885134    2.25597412    2.26301004    2.16362405    2.27432108    2.43801040    2.30541025    2.11749912    2.13130926    2.11559142    2.63264086    2.30420967    2.30085242    2.16971139    2.29077573    2.17178035    2.27782784    2.16108976    2.23263407    2.26580644    1.93840183    2.36627983    2.45272804
BAMC_SHEON/31-358     1.78454744    1.75755195    2.15095426    2.14924787    2.68124445    2.50357918    1.13969014    0.59555804    0.58073063    0.57210512    0.67885134    0.00000000    2.32489202    2.14160132    2.20334966    2.18311844    2.26819450    2.20058103    2.04002918    1.93373318    1.93515920    2.31049588    2.24223695    2.06958211    2.15540686    2.14102335    2.05933066    2.09479752    2.19231839    2.09679894    2.09382752    1.83022408    2.08335641    2.25612101
BAMC_PASMU/30-335     2.37464793    2.28706781    2.35681034    2.48264402    2.87472306    2.78408871    2.07468379    2.33662147    2.24527864    2.27305146    2.25597412    2.32489202    0.00000000    2.21901303    2.35187827    2.35586334    2.24298075    2.33975218    2.00489269    2.13086706    2.10820451    2.39048762    2.01992331    2.05779666    1.91882882    1.79420225    1.88933523    1.85999915    1.88476745    1.82993171    2.51139597    2.19751756    2.56127953    2.51789638
Q6LN86_PHOPR/35-335     2.24455615    2.10656561    2.24947848    2.52638353    2.98938260    2.80571582    2.16470565    2.22475177    2.13276915    2.12951889    2.26301004    2.14160132    2.21901303    0.00000000    0.76611872    0.71620282    0.75352082    0.73189478    1.74285459    1.53020707    1.49573454    1.74162187    1.47672990    1.53604193    1.49948564    1.55737741    1.50110530    1.64641580    1.51938057    1.50232732    2.13021853    1.84521925    2.24548975    2.13950039
Q5E3I4_ALIF1/35-336     2.26665230    2.02049390    2.12649441    2.60824269    2.98400752    2.61286547    2.03739279    2.25476056    2.18340246    2.14383204    2.16362405    2.20334966    2.35187827    0.76611872    0.00000000    0.65047981    0.67815244    0.58382660    1.86398437    1.64807955    1.51516807    1.68249335    1.52308336    1.69331808    1.55928901    1.65551452    1.59902943    1.61979195    1.58719006    1.56633822    2.08283374    1.85499743    2.35645824    2.13030770
Q87MI3_VIBPA/35-337     2.14229584    2.02270256    2.14745034    2.36335231    2.87941966    2.67607517    2.20238730    2.14975608    2.20798924    2.18488924    2.27432108    2.18311844    2.35586334    0.71620282    0.65047981    0.00000000    0.40521567    0.40531857    1.70852155    1.67067738    1.53870540    1.55347550    1.46286356    1.57827976    1.63105482    1.46505415    1.53277187    1.54946194    1.63094831    1.58410663    1.92341984    1.81903221    2.25524212    2.16272156
BAMC_VIBCH/35-336     2.08819774    2.10873540    2.37620514    2.60317905    2.81389232    2.87011689    2.07092950    2.33452012    2.39467410    2.32933954    2.43801040    2.26819450    2.24298075    0.75352082    0.67815244    0.40521567    0.00000000    0.35949666    1.77699217    1.72416814    1.67869271    1.78345407    1.51909653    1.69615370    1.54525910    1.67600849    1.60648016    1.59653193    1.77888862    1.70813308    2.06414154    1.78078710    2.45387451    2.12337723
BAMC_VIBA3/35-335     2.16282455    2.01164220    2.42011476    2.40606663    2.75175549    2.84255796    2.16382659    2.25783514    2.32887173    2.29174183    2.30541025    2.20058103    2.33975218    0.73189478    0.58382660    0.40531857    0.35949666    0.00000000    1.80233755    1.84775493    1.64369307    1.69564311    1.64283210    1.80547655    1.69047477    1.82910719    1.72633089    1.72444187    1.73267489    1.66244763    2.03817845    1.95917573    2.30792535    2.05895918
J7TFW8_MORMO/40-343     2.07505539    2.36796318    2.12579381    2.44782322    2.68525343    2.37216893    2.12588812    2.06196034    2.20532322    2.03377431    2.11749912    2.04002918    2.00489269    1.74285459    1.86398437    1.70852155    1.77699217    1.80233755    0.00000000    0.60105911    0.60376332    1.19866269    0.83956906    0.71086081    0.80333071    0.95730264    0.90360105    0.93840421    0.85322283    0.89320440    2.18596289    2.02944789    2.52897403    2.16769032
Q7N3H2_PHOLL/40-343     2.03144634    2.16161339    1.95226731    2.49702820    2.77141022    2.55120729    2.13563623    1.97823560    2.13058109    2.08634395    2.13130926    1.93373318    2.13086706    1.53020707    1.64807955    1.67067738    1.72416814    1.84775493    0.60105911    0.00000000    0.43757112    0.99936514    0.65752345    0.60465361    0.67081391    0.78217470    0.72356473    0.75097050    0.79484837    0.85330138    1.92548505    2.01403366    2.46524082    2.20290758
BAMC_XENNA/40-342     2.15958817    2.20535479    1.98549064    2.35766700    2.64992018    2.32564791    2.03314078    1.99633330    2.12803878    1.95766271    2.11559142    1.93515920    2.10820451    1.49573454    1.51516807    1.53870540    1.67869271    1.64369307    0.60376332    0.43757112    0.00000000    0.95477902    0.73164302    0.63381606    0.67386335    0.73031530    0.77123177    0.75530680    0.72883548    0.78573383    2.17367611    1.85933696    2.41059940    2.13160985
C4K790_HAMD5/45-345     2.30207284    2.41361884    2.45883689    2.57059580    2.95140741    2.65597826    2.42948671    2.27851236    2.39830319    2.33665983    2.63264086    2.31049588    2.39048762    1.74162187    1.68249335    1.55347550    1.78345407    1.69564311    1.19866269    0.99936514    0.95477902    0.00000000    0.93940704    0.82193961    0.95593312    1.00647450    1.05605596    0.91638378    0.98333417    1.03098103    2.33004589    2.33066159    2.69339833    2.52277156
W0L9M4_9GAMM/40-344     2.05143638    2.14211000    2.14727305    2.59484118    2.79406681    2.48334237    2.12728181    2.11074927    2.24467846    2.29585285    2.30420967    2.24223695    2.01992331    1.47672990    1.52308336    1.46286356    1.51909653    1.64283210    0.83956906    0.65752345    0.73164302    0.93940704    0.00000000    0.43430701    0.60392722    0.68430178    0.64721590    0.51960931    0.54964855    0.71885253    1.87039296    2.02791417    2.29534647    2.19326499
BAMC_YERPE/40-343     2.25210922    2.37783345    2.06192643    2.65689039    2.91605800    2.54929214    2.07650662    1.99048578    2.18775535    2.14785912    2.30085242    2.06958211    2.05779666    1.53604193    1.69331808    1.57827976    1.69615370    1.80547655    0.71086081    0.60465361    0.63381606    0.82193961    0.43430701    0.00000000    0.42719377    0.58806329    0.51288508    0.47858989    0.55698738    0.63342416    2.08755318    2.06202904    2.54000902    2.13406876
Q6D7R2_PECAS/40-343     2.30095454    2.23014228    2.20059358    2.76085779    2.73577165    2.51913905    2.03094168    2.05241113    2.15478560    2.26268604    2.16971139    2.15540686    1.91882882    1.49948564    1.55928901    1.63105482    1.54525910    1.69047477    0.80333071    0.67081391    0.67386335    0.95593312    0.60392722    0.42719377    0.00000000    0.49852585    0.39987740    0.55341581    0.54371119    0.60466651    2.03830740    1.90989953    2.33784786    2.22427799
W0HVP9_9GAMM/40-343     2.38394774    2.22897083    2.25369844    2.49902857    2.66468286    2.38368350    2.22064605    2.15816153    2.34334750    2.23964131    2.29077573    2.14102335    1.79420225    1.55737741    1.65551452    1.46505415    1.67600849    1.82910719    0.95730264    0.78217470    0.73031530    1.00647450    0.68430178    0.58806329    0.49852585    0.00000000    0.52223926    0.61807379    0.63710258    0.68410739    2.10740489    2.02071851    2.46033122    2.15258960
E0SE29_DICD3/41-344     2.08979939    2.22160624    1.99509026    2.43388504    2.53812986    2.61944844    1.93642249    1.93443637    2.11776248    2.20306778    2.17178035    2.05933066    1.88933523    1.50110530    1.59902943    1.53277187    1.60648016    1.72633089    0.90360105    0.72356473    0.77123177    1.05605596    0.64721590    0.51288508    0.39987740    0.52223926    0.00000000    0.62971870    0.58941871    0.64241731    1.94829246    1.76120467    2.35246750    2.13293518
H2IY28_RAHAC/50-353     2.32069816    2.17080304    2.05612292    2.45757274    2.73565556    2.64330155    2.03631887    2.10488188    2.36042182    2.13850330    2.27782784    2.09479752    1.85999915    1.64641580    1.61979195    1.54946194    1.59653193    1.72444187    0.93840421    0.75097050    0.75530680    0.91638378    0.51960931    0.47858989    0.55341581    0.61807379    0.62971870    0.00000000    0.54046974    0.61344693    2.05278124    1.85326388    2.33967370    2.11401639
BAMC_ECOLI/40-342     2.25984278    2.28043085    2.18885098    2.53326826    2.62520431    2.38626886    2.13700250    1.92315104    2.18182897    2.07034074    2.16108976    2.19231839    1.88476745    1.51938057    1.58719006    1.63094831    1.77888862    1.73267489    0.85322283    0.79484837    0.72883548    0.98333417    0.54964855    0.55698738    0.54371119    0.63710258    0.58941871    0.54046974    0.00000000    0.27450628    1.90934441    2.01527093    2.58350331    2.16514124
I2B6M9_SHIBC/40-341     2.17054179    2.28783132    1.99954551    2.53207046    2.72450109    2.40744463    2.02174778    1.90586525    2.16981165    2.16848537    2.23263407    2.09679894    1.82993171    1.50232732    1.56633822    1.58410663    1.70813308    1.66244763    0.89320440    0.85330138    0.78573383    1.03098103    0.71885253    0.63342416    0.60466651    0.68410739    0.64241731    0.61344693    0.27450628    0.00000000    1.98256603    1.92234289    2.45464617    2.00430388
C4LDF7_TOLAT/40-354     2.10809965    1.99735326    2.21549594    2.89477973    3.25311553    2.77085496    2.21005919    2.07850144    2.13504912    2.03428216    2.26580644    2.09382752    2.51139597    2.13021853    2.08283374    1.92341984    2.06414154    2.03817845    2.18596289    1.92548505    2.17367611    2.33004589    1.87039296    2.08755318    2.03830740    2.10740489    1.94829246    2.05278124    1.90934441    1.98256603    0.00000000    1.50498339    2.14083744    2.03049306
A0KGP4_AERHH/50-362     1.99441106    1.79689611    1.96171950    2.21113566    3.04199673    2.83541388    1.51204903    1.86107915    1.93863935    1.87549890    1.93840183    1.83022408    2.19751756    1.84521925    1.85499743    1.81903221    1.78078710    1.95917573    2.02944789    2.01403366    1.85933696    2.33066159    2.02791417    2.06202904    1.90989953    2.02071851    1.76120467    1.85326388    2.01527093    1.92234289    1.50498339    0.00000000    1.73545478    1.72796793
BAMC_PSYIN/38-353     2.26280333    2.15264510    2.35692809    2.93933977    2.96412732    3.06140339    2.17073039    2.00708537    2.30698136    2.13381369    2.36627983    2.08335641    2.56127953    2.24548975    2.35645824    2.25524212    2.45387451    2.30792535    2.52897403    2.46524082    2.41059940    2.69339833    2.29534647    2.54000902    2.33784786    2.46033122    2.35246750    2.33967370    2.58350331    2.45464617    2.14083744    1.73545478    0.00000000    2.64580191
BAMC_OCESG/30-315     1.99022851    2.04952246    2.62447323    2.72574552    2.70119558    2.67588353    2.03452539    2.29226096    2.42074031    2.33180118    2.45272804    2.25612101    2.51789638    2.13950039    2.13030770    2.16272156    2.12337723    2.05895918    2.16769032    2.20290758    2.13160985    2.52277156    2.19326499    2.13406876    2.22427799    2.15258960    2.13293518    2.11401639    2.16514124    2.00430388    2.03049306    1.72796793    2.64580191    0.00000000

