162
A7SNH6_NEMVE/918-947     0.00000000    0.90461943    1.00559260    1.11080655    1.20584624    1.82196552    1.58153237    1.04585302    1.80550102    1.54433158    2.01782962    1.65919903    1.74678160    1.29223972    1.33245845    1.49089908    2.42003782    2.18802600    2.33880404    2.58617726    2.23357099    2.09047835    2.22566279    2.61334868    1.91019707    2.17998826    1.82136776    1.33080083    1.35559891    1.57510280    2.06194050    2.12573891    1.79856450    1.70046133    2.30675959    2.56340474    2.47827165    2.41701922    2.10819295    2.00682865    1.89647306    1.95055150    1.90267489    1.59910444    1.80388489    1.77834746    1.90906564    1.72003530    1.68033417    2.28592086    2.23627941    2.00008655    2.34160087    1.99865468    1.86680769    1.80451214    1.77542653    1.66583846    2.10955345    2.46032449    2.16920720    1.49713588    2.23533612    1.79281707    2.00529692    2.12251658    1.65691766    1.97011221    2.13818803    2.12617976    1.62283764    1.35829200    1.93426184    1.55517856    2.16870797    1.32857611    1.44589548    1.81077811    2.35798125    2.23550309    2.30895441    2.15722304    1.73847205    2.31902484    2.60855651    2.44428267    2.28676585    2.17003760    2.40217235    1.91963577    2.12488656    2.38585051    2.42273409    1.51930874    2.02863430    1.80935982    1.95291584    1.85522493    1.73391352    1.71746380    2.13918926    1.66716517    1.69892705    2.00034505    1.68993244    1.66979142    1.71670968    1.49777069    1.74654284    2.10209638    2.05364217    1.59754230    1.34330052    1.85297766    1.74805212    1.88012179    1.98693835    1.86092471    1.80170573    2.06479114    1.85547285    1.93890846    1.84730629    2.60165420    2.35797397    2.81250315    2.84248528    2.16033183    2.59167007    2.21739418    2.54758889    2.27201577    2.22911214    2.23734338    1.91425217    2.53266197    2.50107105    2.71088323    1.70422520    2.16238598    2.07878126    2.25611591    1.75760950    1.87485688    1.94498883    1.99633045    1.44311445    1.50859386    1.78124909    1.66134452    2.46553731    2.25046953    1.90731924    2.12724885    2.04549983    2.05878437    2.19077984    1.86247376    2.28272175    1.56138021    1.79587526    1.85588340
B7Q263_IXOSC/63-92     0.90461943    0.00000000    0.93837235    0.88286677    0.94060292    1.48950185    0.99166079    1.10620827    1.64474467    1.43437169    1.68162007    1.17161935    1.41630254    1.04623150    1.48442999    1.56303350    1.81778089    1.50727924    1.68294403    1.75620591    2.08578754    2.02923553    2.00553176    2.28111843    1.80704945    1.46751769    0.92198988    0.89284278    1.00847771    0.88094029    1.36190439    1.88148224    2.05138988    1.24272323    1.26723498    1.84960026    1.80904591    1.96847403    1.40576996    1.71988082    1.59292591    1.87789943    1.43640025    1.08595956    1.02895769    1.05176165    1.28046243    1.16285699    0.96755176    1.46311176    1.09842556    1.39727137    1.08817057    0.95570568    1.39343689    1.54428797    1.43246208    1.11714042    1.28066709    1.67694779    1.59506179    1.14523940    1.60794465    1.53962756    1.75944054    2.07616529    1.57685474    1.28361870    2.10544889    1.69583485    1.26055888    0.87624547    1.27488631    1.14270878    1.31102890    0.85230472    1.13269196    1.37084400    1.25155039    1.42094113    1.62079715    1.76623091    1.52343329    2.40442648    2.11008358    2.13545283    2.33753301    1.31153587    1.39662921    1.22884937    1.50594222    1.34752275    1.78133012    1.04434594    1.49128631    1.96120362    1.51632200    1.42410064    1.39370105    1.51948041    1.79527770    1.55146648    1.24445623    1.48721083    1.44062373    1.22221741    1.47105639    1.19711031    1.42270597    1.32436507    1.49598140    1.33659576    1.41794891    1.38142162    1.14943361    1.25260879    1.42906698    1.16522955    1.15299925    1.44737540    1.23786899    1.55090298    1.26471287    1.88477922    2.11340108    2.29328424    2.42619136    1.60850404    1.93624402    1.67075556    1.88824303    1.94905486    1.72331221    2.07495971    1.93542240    1.91665176    1.89784384    1.66918095    1.32604733    1.38002428    1.30635673    1.62588082    1.26680180    1.36483093    1.39711311    1.67666689    1.17016281    1.37451187    1.63007762    1.56449031    1.96729101    1.30346486    1.15235747    1.62545621    1.37604543    1.34813563    1.09632222    0.93533665    1.08619328    1.30501794    1.42381718    1.14498145
H9G635_ANOCA/993-1022     1.00559260    0.93837235    0.00000000    0.40247812    0.41335939    1.83099906    1.10226759    1.28972695    1.72821023    1.60720277    1.44568784    1.35837249    1.42823523    1.23592078    1.53357313    1.66672993    1.66229356    1.37610636    1.66667715    1.70711969    1.80558838    1.57086896    1.41082513    1.63781995    1.34689115    1.19341159    1.10119242    1.15015160    1.14777395    1.45573834    1.78485810    1.99935332    1.64249534    1.60667798    1.45399258    1.59311119    1.61735197    1.74578437    1.49913331    1.40077783    1.39658415    2.21243697    1.50946213    1.30791542    1.35186115    1.41586068    1.37098949    1.34571028    1.38139863    1.76059105    1.86146133    1.96699104    1.94855537    1.80340095    1.80043062    2.12927042    2.06469600    1.53586586    1.27317590    1.79772048    1.96460168    2.03649628    1.47949659    1.35479165    1.39258023    1.33888674    0.84555417    0.99822334    1.46196880    1.76806604    1.19227791    0.96770776    0.80409419    1.01911370    1.28570466    1.12856750    1.29561452    1.41241100    1.86366018    1.85527281    1.41740886    1.88914476    1.87064476    1.78824389    1.41854212    1.43774847    1.72189616    1.49433151    1.76579861    1.48774056    1.74810431    1.98187253    1.94577917    1.32745038    2.01958954    1.81263468    1.46474388    1.39151744    1.22018819    1.60903048    1.41431692    1.36131636    1.57968538    1.42090293    1.18836801    1.34287165    1.39236725    1.50258931    1.75687845    1.81213984    2.02058641    1.51326051    1.42872508    1.79486580    1.33258337    1.23888621    1.34361924    1.13673476    1.46894019    1.55672165    1.52987355    1.68095244    1.48074248    1.46230810    1.92259558    2.14810550    2.26245174    1.42256537    1.76270718    1.87361218    1.57060028    2.12094067    2.00064749    2.21811276    2.18071695    1.77301978    1.97237244    1.67027280    1.49915556    1.83401923    1.59997203    1.67970673    1.33129410    1.38877328    1.37183394    1.30983848    1.30564312    1.09240595    1.33971302    1.54991009    1.52636728    1.25761243    0.97797375    1.37619043    1.15646414    1.11956313    1.36216671    1.17191605    1.47718291    1.17674319    1.26134382    1.39753479
H2R548_PANTR/999-1028     1.11080655    0.88286677    0.40247812    0.00000000    0.32992767    1.84861266    1.06878782    1.35423791    1.58042021    1.39035664    1.38714140    1.28793058    1.57099700    1.53723895    1.71553812    1.60326965    1.98315778    1.62674901    1.83058132    1.94606725    1.75371055    1.42314662    1.32912283    1.50692669    1.42297188    1.58852165    0.95919925    1.13050564    1.24042864    1.57621604    1.99254518    2.21683696    1.93314676    1.39997029    1.80608490    1.82823949    1.70608272    1.87424180    1.68264504    1.36226927    1.74786580    2.32423569    1.71089435    1.27702055    1.52617496    1.36324573    1.54734952    1.52033775    1.33583240    1.99982465    1.64917062    1.94055643    2.00226505    1.91843972    1.75290318    2.01746434    2.00601703    1.60744504    1.60787490    2.01287691    2.00115841    2.07418069    1.51963796    1.54120615    1.79063763    2.24602900    1.66087567    1.47129852    1.87478219    1.77254497    1.10414513    1.04518985    1.18272750    1.20207390    1.54589390    1.16470308    0.90770224    1.70958046    2.01815115    1.97599570    1.75718857    1.84709776    1.81351113    2.34327457    1.64130610    1.67979075    2.21770038    1.51808089    1.81841158    1.59379061    1.92964353    1.53581893    2.09278971    1.84299509    2.40157050    2.43504498    1.95771522    1.76826049    1.46420775    1.70781003    1.87340872    1.64784045    1.61902822    1.92800814    1.26117571    1.37816631    1.45986383    1.45210292    1.64238076    2.10685499    1.80847346    1.92002922    1.59170230    1.93445056    1.55279294    1.67885177    1.62677580    1.79420492    1.33615635    1.53167736    1.59414443    1.47705310    1.58845774    1.63896575    2.32565688    2.44142629    2.54244972    1.77699912    1.91173426    1.81863021    2.04476908    2.37495243    2.18125491    2.16511227    2.36219338    1.62839466    1.94543367    2.03923548    1.70996453    2.18546739    1.82387472    2.11672155    1.48005273    1.62155877    1.70569445    1.13432909    1.53568574    1.37968962    1.98967096    1.52209003    1.65913288    1.53159921    1.24341034    1.55198055    1.29352864    1.26777233    1.73846890    1.70696484    1.70529879    1.58083516    1.71788917    1.79744908
H3D323_TETNG/975-1004     1.20584624    0.94060292    0.41335939    0.32992767    0.00000000    1.63343206    1.39445834    1.41478094    1.65201638    1.42935220    1.30860340    1.33180995    1.18727691    1.31528036    1.63556572    1.73585113    1.81224585    1.65388909    1.34238815    1.31807848    1.60638422    1.45015498    1.14654781    1.42923522    1.42870945    1.33155360    1.08719864    1.19341709    1.34207902    1.34611244    1.38956522    1.77870664    1.50886654    1.38475571    1.31093678    1.29844051    1.41812759    1.53214347    1.19271268    1.31193707    1.29370363    1.95654328    1.12988889    1.12292823    1.09621382    0.99865782    1.52035200    1.02107598    1.12281604    1.66882661    1.67358142    1.72355049    1.67783664    1.75780370    1.77665915    1.96065846    1.99268529    1.35604215    1.38546686    1.71736727    1.80338351    1.75872006    1.47003372    1.45638943    1.32674546    1.59921150    1.24990758    1.22586638    1.59324105    1.75503300    0.94740400    1.12566736    0.92773905    0.97499313    1.20879930    1.09793005    1.28174097    1.56307075    1.47537760    1.31642838    1.37862138    1.54461241    1.63163436    2.01608073    1.52760257    1.69507229    1.66040446    1.20908971    1.26710815    1.71724165    1.76045545    1.74443772    1.97156506    1.25652223    2.05298664    1.99811854    1.59419825    1.52766333    1.34686385    1.77141506    1.63655181    1.63577476    1.51847438    1.71391204    1.16039819    1.31180906    1.41245896    1.31863836    1.49185719    1.89941061    1.63673676    1.52409959    1.59293974    1.48000093    1.44917594    1.46689179    1.72054678    1.55746083    1.49862392    1.70629081    1.88083612    1.78210377    1.72767541    1.59714438    2.09230231    2.10132155    2.35436425    1.61951615    2.01123126    1.81910779    1.53568675    1.90080062    1.76614017    2.07157504    1.94619162    1.61959694    1.91791630    1.74556690    1.35898525    1.81972926    1.52805404    1.77092420    1.19345858    1.18929689    1.31157951    1.24319610    1.52651800    1.36750039    1.70769300    1.24449531    1.41573255    1.08367826    0.88262423    1.35496260    1.02258595    1.04395443    1.37156601    1.14693530    1.57763494    1.06362819    1.86735562    1.41026989
G3H365_CRIGR/424-455     1.82196552    1.48950185    1.83099906    1.84861266    1.63343206    0.00000000    1.34456267    1.53407586    1.52055487    1.69457688    2.28551445    1.89869917    1.71989070    2.28336946    1.98117301    1.99630271    2.11783007    2.20208728    1.98890272    2.43873445    1.99934422    1.97837367    1.86310812    2.06634441    1.78898823    1.97991267    1.59603086    1.94544963    1.82174808    2.32711316    2.73880245    3.39284692    3.28242051    2.49927414    1.97861911    2.74273673    2.45245609    2.77557111    2.41375377    2.72382259    2.25551625    2.80748062    1.97377946    1.36755381    1.50299812    1.50610072    1.58155397    1.41015066    2.29110704    2.73981496    2.38137211    2.32430658    2.88117307    2.52976479    2.71625858    2.78881557    2.66630780    2.29226382    2.51459237    2.74907760    2.91382167    2.87067563    2.44958923    1.72013648    1.89793973    1.82921511    1.83182879    1.87010328    2.34747844    2.79184725    1.82025723    1.81181415    1.68812428    1.84875467    1.90138348    1.62248157    1.93770622    1.72137642    2.79205455    2.46463706    2.49607846    1.97424809    1.90250597    2.56603381    2.78253048    2.91141992    3.06456694    1.79931114    1.93544900    2.29344031    1.85465721    1.75277346    1.89614413    1.75696550    1.53935783    2.03318241    1.75652853    1.94814515    1.81362045    1.88681393    2.17125247    2.18529159    1.80246698    1.83276958    1.53214673    1.54185194    1.75287825    2.00416620    2.08115657    1.74686684    2.35527783    1.83930717    1.57803480    1.53529324    1.89284827    2.07388942    2.30502784    2.19320739    1.85751620    2.20397884    1.53523181    1.68020060    1.97359595    2.17835393    2.68221922    2.25170635    2.76734349    1.77594558    2.43336669    1.74172432    2.01418323    2.10695827    2.27095073    2.01625587    1.97401078    2.60282068    1.47153181    1.88467430    1.94832294    2.09096719    1.76794264    1.94796267    1.67503638    1.79274701    1.84268919    2.47497936    1.96759054    2.07460209    2.32330905    2.38934739    1.86567107    2.13807669    1.80047061    2.31026441    1.79416254    1.80619530    1.67331254    1.55650211    1.78322480    1.80497799    1.88136943    1.85469605
H3D323_TETNG/343-372     1.58153237    0.99166079    1.10226759    1.06878782    1.39445834    1.34456267    0.00000000    0.58695957    0.78794021    0.53947196    0.70920783    0.48766731    0.86408751    0.99480869    1.03865981    0.64902463    1.15475640    1.17732666    1.84781294    1.84368023    1.89729626    1.78773316    1.74536466    1.67228460    1.38448735    1.71168213    1.01606916    1.37447959    1.17558576    1.70245878    1.86618598    2.37542499    2.23930153    1.54454797    1.82056135    2.29623420    1.89238907    2.26121742    1.85638853    1.51721390    1.57682384    1.52404413    1.67095437    1.20065884    1.26996758    1.36055089    1.45371046    1.51573331    1.57671456    1.50427071    1.76709150    1.85283938    1.72203900    1.51632496    1.46278893    1.68740530    1.86073084    1.47195185    1.45391765    1.58717359    1.58291755    1.71194427    1.55982697    1.38962881    1.46386868    1.66386247    1.21592928    1.34246621    1.79954754    2.53543462    1.64123152    1.26897728    1.83576112    1.60431315    1.54180841    1.04320028    1.10436284    1.49158884    1.82546120    1.74748694    1.51736258    1.12733295    1.48906874    1.45518013    1.94580739    2.07102009    2.31734812    1.31917285    1.62497195    1.73680512    1.84871979    1.59397847    1.70688307    1.12426458    1.10519419    1.43742251    1.51045071    1.29263231    1.48762101    1.46540193    1.42318793    1.45952461    1.15545889    1.41028416    1.09805514    0.95859938    1.11822986    1.27086484    1.31875120    1.48796307    1.53250180    1.68232744    1.20956410    1.24432203    1.24430632    1.50747695    1.28305202    1.52889703    1.19375855    1.28966375    1.10849457    1.34952313    1.45523035    1.52157059    1.64109636    1.61849008    2.04241039    1.66204013    1.44249179    1.79239914    1.80604369    1.91662579    1.98532700    1.82394917    1.52247143    1.76640472    1.65821547    1.56787161    1.34549801    1.85606846    1.87419195    2.06004441    1.27701113    1.37766655    1.26971459    1.52198175    1.11937258    0.87158471    1.31667400    1.57723160    1.74033193    1.76322880    1.45839377    1.63794979    1.52134401    1.38231084    1.50663893    1.25248218    1.61267071    1.48324114    1.47143651    1.61224671
X1WFY6_DANRE/344-374     1.04585302    1.10620827    1.28972695    1.35423791    1.41478094    1.53407586    0.58695957    0.00000000    0.57659942    0.50548667    0.66317245    0.50653114    0.84720338    1.19838041    0.89957516    0.74628382    1.59040415    1.54686949    2.29608240    1.83046517    2.01227531    1.71061399    1.69785705    1.79228800    1.62866554    1.40774461    1.25283479    1.37179654    1.12430637    1.67260631    1.56746413    2.09169630    1.92983428    1.81649750    2.02945060    2.64375093    2.51048112    1.96243050    2.12993179    1.94905488    1.45165416    1.86708848    1.74433397    1.66080813    1.59925643    1.61539687    1.97079559    1.86919598    1.64170258    1.89472341    1.96711684    1.90460330    1.86635135    1.65434278    1.28586110    1.45252294    1.80972793    1.35184665    1.86015341    1.82287610    1.56115298    1.50021111    2.05076303    1.76070837    1.62468903    1.49151917    1.26864639    1.33228829    2.00230338    2.59095067    1.49612818    1.44310359    1.73434121    1.34997446    1.37621335    1.12882904    1.53718000    1.47626966    1.84899128    1.76532604    1.99119435    1.45859951    1.39115774    1.38715825    1.87136830    2.29032969    2.48112466    1.69460107    1.91812447    1.76348293    1.72588833    1.43943943    1.58226547    0.99088637    0.97619447    1.29054272    1.37675588    1.26597413    1.31764443    1.32536642    1.22986422    1.13708194    1.21009614    1.34215334    0.92836747    0.88755578    0.87661773    1.18965317    1.20804685    1.44737309    1.38697776    1.03904471    1.08935782    1.08282324    1.58558813    1.66244917    1.98909537    1.85162827    1.62203130    1.71648880    1.69543762    1.77185320    1.87062924    1.92249214    1.86238648    2.35541846    2.72234953    1.88369431    2.21003361    1.62514119    1.84666142    1.89374391    1.96909665    1.66705920    1.38363385    1.85371152    1.74837452    1.46906367    1.37075826    1.86158427    2.06261057    2.19376039    1.31171688    1.56001301    1.50734374    1.48707342    1.16888198    0.85599180    1.28458632    1.45226080    1.74328731    1.75300246    1.64164572    1.80891066    1.85097470    1.55963317    1.65131159    1.34171520    1.86655996    1.81786820    1.69029570    1.78163576
C3YC63_BRAFL/15-46     1.80550102    1.64474467    1.72821023    1.58042021    1.65201638    1.52055487    0.78794021    0.57659942    0.00000000    0.32876284    0.52874434    0.48589919    0.98972987    1.51626055    1.01568610    0.63636800    1.42976222    1.78407154    2.40645164    2.24010305    1.96808270    1.82420250    1.91234724    1.79796641    1.76296966    1.52880839    1.40960382    1.38079249    1.51610869    1.69422849    1.70339228    2.08864527    1.89394952    1.78019201    1.76295443    2.36962351    2.09445723    1.73729060    1.84678643    1.56913182    1.56752100    1.35362963    1.61696307    1.57179833    1.91594247    1.78942491    2.27294156    2.22607923    1.91896753    2.41849169    2.36574478    2.41978181    2.25531567    2.59740869    1.77272958    1.72764505    2.16125593    1.54031408    2.39825998    2.47488916    1.73714303    2.04878979    1.80408617    2.06630448    1.71747250    1.53479491    1.39040060    1.28233893    2.04410459    2.50656400    1.50418664    1.47803691    1.71814773    1.55951816    1.73281198    1.34203296    1.52597511    0.95775184    1.71924398    1.81469990    2.14283407    1.92892723    1.81556912    1.80478396    1.74509832    1.89976649    2.12417580    1.72251294    1.63821914    1.88086289    2.07473597    1.53222970    1.99152711    1.68325159    1.47880403    1.56353382    1.67460169    1.34616258    1.47817283    1.27005462    1.21833246    1.40934517    1.23810177    1.68163954    1.08621912    1.18024198    0.96722761    1.83703982    1.46908221    1.86610815    1.20855424    1.34560771    1.48869757    1.52211125    1.62231644    1.54917645    1.57900475    1.71193001    1.20343689    1.41690175    1.40020222    1.50710320    1.29627667    1.49223903    1.79933272    1.84968102    1.76471387    1.55330457    1.70997737    1.81933245    1.83943611    1.60059701    1.71972744    1.48741968    1.24312518    1.41425490    1.60342383    1.54015803    1.54222370    1.75467990    1.85767524    2.02552287    1.54235997    1.55834492    1.60458501    1.49624850    1.36863905    1.16859135    1.43704136    1.55193551    1.90829202    1.84267207    1.81567126    1.77297373    1.81812434    1.51240419    1.90169381    1.75991181    1.92188326    2.02009468    1.93326380    1.74091356
H2R548_PANTR/345-375     1.54433158    1.43437169    1.60720277    1.39035664    1.42935220    1.69457688    0.53947196    0.50548667    0.32876284    0.00000000    0.28824448    0.25261579    0.74806065    1.37395797    0.88927295    0.59527935    1.68445784    1.72326568    2.50311264    2.05236435    1.94431093    1.80533054    1.80780810    1.78446220    1.71786231    1.67216719    1.48764011    1.49833343    1.49599891    1.77107705    1.86294828    2.26111421    2.04034902    1.65112538    2.14584948    2.47154479    2.33022882    1.95601038    2.12349952    1.65930588    1.48975797    1.66919874    1.73228960    1.67855600    1.68604860    1.65793639    2.12459575    2.07223774    2.05170978    1.92507405    1.93095001    1.94206865    2.08652985    2.34662882    1.72222269    1.73850981    2.14519517    1.57122756    2.24827283    2.30412133    1.72922568    1.52275364    1.87704996    2.01761995    1.66962519    1.64105719    1.39954478    1.41929548    2.14929005    2.59071276    1.63880972    1.48178184    1.67774024    1.65048154    1.43922103    1.41581377    1.41145621    1.42184228    1.84269286    1.64955308    2.08049338    1.57622458    1.43374799    1.59301595    1.54740036    2.20934327    2.25686887    1.44802196    1.41816697    1.75135474    1.82147147    1.44926431    1.89933875    1.55563727    1.42810815    1.45663831    1.55533722    1.31153737    1.44893713    1.34483523    1.29715128    1.39236264    1.20364226    1.54113813    1.03985673    1.06121573    1.09585446    1.55248993    1.33126640    1.66840537    1.02402001    1.30065364    1.34147770    1.14429266    1.44452348    1.97800496    1.89674842    2.00388378    1.52447684    1.57789662    1.44928983    1.63611872    1.62063205    1.70493832    1.67714509    2.02537205    2.32937462    1.97933682    2.03762260    2.06141586    1.89557521    2.07046802    2.19425900    1.74229949    1.52237055    1.77569357    1.84267705    1.72771442    1.61779728    2.05913640    2.12999099    2.31397122    1.64966681    1.75664527    1.75328667    1.44201003    1.57030532    1.16083640    1.68152511    1.71650077    1.94068389    1.80572983    1.66383218    1.79039398    1.56339249    1.47482228    1.70220416    1.56040384    1.71655984    1.89491308    1.62982258    1.63453122
H2V1J4_TAKRU/343-373     2.01782962    1.68162007    1.44568784    1.38714140    1.30860340    2.28551445    0.70920783    0.66317245    0.52874434    0.28824448    0.00000000    0.27916701    0.81207349    1.45338489    0.82879612    0.63414822    1.67603003    1.38076679    2.10405201    1.71696440    1.90376258    1.76705615    1.75407595    1.75247120    1.66767742    1.55384173    1.36979448    1.31918284    1.33769662    2.13104509    1.56835465    2.03428365    1.82375946    1.71350745    2.14579944    2.31777820    2.28657554    1.73290823    1.98195320    1.77850505    1.85999602    1.78254970    1.87695054    1.65581800    1.49829369    1.63213622    2.21890982    1.89750516    1.83657562    1.83048006    1.92577445    1.82951636    2.11324168    2.38459729    1.69658537    1.87380751    2.14029124    1.53622613    2.27569505    2.31986387    1.99363798    1.55519835    1.85242372    1.81678302    1.64153043    1.65774876    1.34764349    1.26290096    1.94243180    2.41647306    1.59363212    1.65311443    1.70729011    1.61293857    1.54684291    1.36660464    1.51300695    1.49908477    1.80308316    1.55549985    1.84971747    1.66999280    1.72191857    1.53526370    1.53717584    2.16781485    2.22580826    1.81477944    1.78531578    1.67311731    2.16287124    1.66908152    1.98014335    1.73823135    1.59931534    1.68979866    1.56125490    1.58106100    2.03575716    1.81947326    1.52312864    1.80987489    1.61682674    1.84760758    1.33087268    1.29342951    1.37735890    1.54057053    1.62122655    1.81013148    1.26734888    1.49179945    1.43352720    1.57962233    1.55121560    1.92680345    2.13908989    2.03851725    1.51582622    1.74031117    1.55880994    1.64245632    1.62683698    1.89251939    2.01837976    1.90381768    2.16809243    1.90272886    2.20873681    2.14897330    1.77791096    2.28202891    2.32035546    2.28166463    1.95312586    1.82783024    2.29788505    1.70142158    1.78099227    2.24020857    2.25729825    2.54778286    1.60276935    1.71145414    1.75092607    1.53747613    1.57815309    1.14722280    1.69319854    1.71943863    1.64587907    1.72772472    1.55722749    1.63748003    1.43572691    1.36272862    1.63192732    1.48045217    1.60670722    1.81257610    1.93698230    1.64710533
G3P471_GASAC/343-373     1.65919903    1.17161935    1.35837249    1.28793058    1.33180995    1.89869917    0.48766731    0.50653114    0.48589919    0.25261579    0.27916701    0.00000000    0.71833186    1.20614090    0.65019948    0.55911352    1.65813330    1.55630922    2.21092227    2.01886739    2.23597396    2.10629365    2.03651447    1.95425163    1.97107765    1.77405465    1.21822004    1.29652331    1.21104133    1.79779553    1.50456111    1.92922313    1.72219913    1.78595562    2.02204511    2.40577187    2.35172863    1.95579500    2.12787051    1.67541370    1.60835910    1.57614478    1.80159788    1.65532052    1.59069460    1.56489627    2.13814945    1.99514461    1.97294192    1.75385042    1.78503308    1.81457457    2.00916263    2.27722377    1.58381157    1.78005376    2.01706154    1.44848236    2.10843821    2.16132200    1.90934807    1.70217129    1.82837007    1.95783022    1.82574507    1.80946570    1.36638230    1.37185804    2.21795025    2.58438076    1.66700688    1.43344791    1.65418495    1.59766647    1.30740636    1.43334181    1.64351539    1.25462517    1.71273621    1.62814955    1.57618903    1.51921756    1.53086898    1.72987196    1.45614437    2.03225268    2.08252369    1.34844388    1.48606988    1.50318473    1.80300119    1.42459551    1.63630936    1.68474905    1.41753077    1.71177278    1.57260374    1.33755948    1.69761033    1.51290390    1.49864863    1.48270743    1.28955987    1.65110987    1.20451150    1.20677332    1.16286279    1.61797389    1.32956365    1.42752116    1.09497059    1.38052482    1.37861630    1.45922775    1.55635541    1.91191101    1.96159175    1.79206838    1.42121887    1.54457295    1.37094123    1.50470120    1.44140453    1.88965138    1.85428395    2.20244503    2.55004343    1.79262379    2.00618733    1.92626666    1.70905868    2.17919153    2.24961241    2.35557947    1.87198063    1.78266737    1.94192277    1.44393899    1.57672746    2.16582243    2.23457687    2.29210638    1.31126063    1.47612948    1.53420642    1.53516522    1.39613633    1.14818467    1.67138218    1.75551638    1.85030604    1.80092461    1.55651454    1.74652808    1.51855207    1.40456389    1.58075222    1.41796911    1.59996107    1.67884318    1.80366177    1.62426306
B4LD59_DROVI/362-392     1.74678160    1.41630254    1.42823523    1.57099700    1.18727691    1.71989070    0.86408751    0.84720338    0.98972987    0.74806065    0.81207349    0.71833186    0.00000000    0.92210882    0.62579453    0.75840283    1.57438992    1.72605298    1.85017319    1.45921457    1.60198804    1.92524461    1.78364390    1.79711794    1.71411757    1.64630783    1.39032541    1.62833100    1.17725424    1.58361141    1.60912215    1.93337446    1.63704441    2.01536088    1.48003259    2.09139680    1.95824391    1.83937999    1.60883179    1.66764257    1.36907126    1.77493583    1.50522369    1.69793985    1.76130526    1.81695718    2.04875313    1.67624903    1.87955552    1.84944301    2.35183473    2.45042897    2.40670772    2.02581043    2.10599208    1.78833641    2.40994591    1.62223466    1.63200337    1.82250790    1.88290733    2.07744458    1.60366266    1.47992040    1.00419053    1.18381604    1.19393312    1.16609913    1.44065664    2.82814099    1.61503251    1.61573993    1.64143541    1.81745455    1.51100633    1.32826279    1.36453665    1.23869118    1.72458136    1.89812156    1.39569611    1.44634145    1.42965597    1.66908459    1.70932478    2.26740888    2.17734867    1.45824125    1.41967969    1.54728307    1.56736462    1.34712193    1.59104853    1.02509838    1.31047898    1.37779491    1.70544594    1.13302699    1.48743678    1.70041074    1.34300456    1.27313748    1.45371431    1.27240399    1.01809804    0.89948893    1.08712968    1.58559117    1.26934168    1.37833441    1.60712811    1.60981762    1.23081656    0.92754756    1.33744398    1.33296501    1.83731380    1.69895965    1.60265443    1.60029384    1.63657626    1.58586644    1.71920083    1.95143523    1.97268777    2.21012140    2.00748798    2.41573013    1.95469131    2.09630560    1.86063968    1.51670430    1.64972878    1.45424771    1.48327570    2.34916140    1.79699654    1.93778735    1.54484879    1.89560308    2.17722683    2.08869558    1.59746283    1.75851614    1.71303509    1.57799269    1.59632600    1.20886824    1.65956612    1.68418950    1.33888885    1.64555278    1.37635158    1.87004409    1.51077180    1.49248135    1.65043192    1.55455055    1.67885976    1.54352399    2.15232014    1.84220339
J9JJS3_ACYPI/347-376     1.29223972    1.04623150    1.23592078    1.53723895    1.31528036    2.28336946    0.99480869    1.19838041    1.51626055    1.37395797    1.45338489    1.20614090    0.92210882    0.00000000    1.10314460    0.98499766    2.24533481    2.33736537    2.68715905    2.56094321    2.80675815    2.86954737    2.50854391    2.81516404    2.38336547    2.63228833    1.67947427    1.72357059    1.47257785    1.73869238    1.86615003    1.86962833    1.71940796    2.30273546    2.17047995    2.86889086    2.48691073    3.00461591    1.94659642    2.36836833    1.94109881    2.60804723    2.27210739    1.94549828    1.81552534    2.12754137    2.24976700    2.06295701    1.57331109    1.68771814    2.45063307    2.18918035    1.78271881    1.44191306    1.63126228    1.90869761    2.40747723    1.85891252    2.03905579    1.74983967    2.00253698    1.99548947    1.88497365    1.57613575    1.49096860    1.75209514    1.56359903    1.93302394    1.45215521    2.23949896    1.76923922    1.30191149    1.90223515    1.37886581    1.69435552    1.38596571    1.48245509    1.56547265    1.89123853    2.01921936    1.36831430    1.37112218    1.67025671    2.78457985    2.14078010    2.35369708    2.12499280    1.71626164    1.83385633    1.46580235    1.70217885    1.64164367    1.85659486    1.17767831    1.81263727    1.93184568    2.29020859    1.60551312    1.73275314    1.80025787    1.68565427    1.45240292    1.58681345    1.48315895    1.47681117    1.36531741    1.33649146    1.89071130    1.54129232    1.93886409    2.25341710    1.99776694    2.00242565    1.63493457    1.58717846    1.77264169    1.92538804    1.85748855    1.43509403    1.50374933    1.54526302    1.53470799    1.27633115    1.65754209    1.90066786    2.01045074    2.08589716    2.00919226    1.59446050    1.78283381    1.96803664    1.63036747    1.60385480    1.62805188    1.43204464    2.30526354    1.69922040    1.77094537    1.29061487    1.80463922    2.14959630    2.44699774    1.64067084    1.67895259    1.85766999    2.25361170    1.61041388    1.51333391    1.56995767    1.81978345    1.88143443    1.88003932    1.57793217    1.64307218    1.68709490    1.62967539    1.92994376    1.61083481    2.18806315    1.73353410    2.36728276    1.95582547
A0A212EU51_DANPL/353-383     1.33245845    1.48442999    1.53357313    1.71553812    1.63556572    1.98117301    1.03865981    0.89957516    1.01568610    0.88927295    0.82879612    0.65019948    0.62579453    1.10314460    0.00000000    0.61559367    1.43481688    1.40222577    1.72369304    2.23347101    2.12814616    2.21357931    2.18573659    2.19341991    1.97935174    1.72699373    1.14145301    1.32704157    0.92066831    1.73685258    1.72052129    2.17372231    1.65754625    1.87092300    1.63321843    2.24983818    1.98543286    1.82624680    1.89086450    1.63384091    1.47194585    1.56782203    1.28193324    1.85524734    2.03276015    1.96604608    2.21387357    2.11482366    2.39714643    2.57883083    2.54851688    2.79816735    2.21267991    2.51846141    2.11603552    1.58059617    2.49742068    1.62161240    1.99961186    2.17449491    2.29449547    2.01332104    1.84131330    1.65464857    1.75281982    1.85152950    1.39864796    1.31298333    1.73676279    2.75877352    1.81692745    1.73714559    1.98895106    2.07256364    1.74062538    1.66066100    1.50788747    1.16194432    1.88376320    1.80517212    1.51438364    1.88022455    1.76343884    1.78960462    2.18649587    2.19218078    2.04859486    1.59526927    1.61300806    1.69473733    1.67393040    1.35996370    1.59030531    1.39846183    1.45128107    1.46595186    1.43534402    1.31667667    1.31866515    1.35747667    1.38758731    1.40399177    1.49451545    1.48928077    1.24035866    1.00650706    1.08830721    1.78719424    1.26561961    1.33895692    1.22440424    1.51016284    1.43184980    1.08961093    1.43926439    1.43726285    1.88381523    1.64497418    1.50011870    1.72947275    1.31407477    1.46259146    1.33036725    2.11679951    1.83756723    2.09026983    2.18090485    1.98413426    1.72139914    2.20388058    1.60897333    1.86106647    1.98258877    2.02901397    1.90474091    2.17385956    1.66570036    1.64357487    1.66150672    2.03957897    2.18258291    2.14667649    1.96171895    2.17515341    2.08403125    1.99988808    1.80627453    1.54505779    2.08398455    2.04996855    1.87549466    2.34023288    1.86597715    2.26947792    1.93111537    1.73917922    1.98330983    1.92996604    2.13924361    1.58455419    2.23643860    2.11451531
T1I7T6_RHOPR/351-381     1.49089908    1.56303350    1.66672993    1.60326965    1.73585113    1.99630271    0.64902463    0.74628382    0.63636800    0.59527935    0.63414822    0.55911352    0.75840283    0.98499766    0.61559367    0.00000000    1.94274588    2.18673400    2.54412158    2.59415556    1.96983293    2.06139388    1.75244888    1.69422250    1.97054000    1.74356379    1.45796402    1.55582121    1.35385892    1.77519207    1.91994997    2.29088292    1.85969357    1.72531509    2.21298902    2.94871209    2.33320326    2.23215066    2.34008490    1.73292342    1.43216612    1.74770853    2.07510382    2.11843076    2.31799781    2.08304678    2.49932768    2.56297657    2.54360237    2.52204794    2.73891099    2.90408032    2.29965331    2.44845968    1.83329555    1.80712748    2.30807948    1.80768309    2.60824601    2.64000398    2.85030634    2.22094764    1.90685764    2.23079232    2.02211481    2.07877701    1.50688332    1.51942878    1.89250452    2.85432437    2.03197275    1.68549588    2.25348086    2.17657640    1.98752627    1.56154997    1.30085231    1.32974387    1.71034699    1.51494913    1.65078981    1.51126950    1.64068323    1.79558298    2.01513125    2.31376297    2.27748282    1.68410975    1.94850033    1.84638801    2.07051717    1.66564063    1.74295801    1.59113130    1.58965543    1.69082552    1.90381255    1.51736236    1.87026866    1.55237540    1.58703714    1.87832442    1.68534268    2.04109267    1.52415382    1.38626698    1.30954362    1.70992111    1.45574727    1.79446518    1.56680869    1.64732153    1.71879221    1.63686262    1.55841388    2.05163324    1.73313760    2.02008131    1.62797463    1.55540615    1.52888599    1.65969626    1.41372125    1.66343196    2.20594714    2.12255522    2.18200752    1.71130073    1.49808989    2.45904754    2.13729278    2.04933182    2.30009605    2.10744631    1.88353841    1.87121962    2.15635210    2.25915457    2.19299572    2.43433223    2.34455343    2.69046771    2.01877477    2.11693847    2.17824648    2.11328323    1.71383095    1.50048581    1.82260600    2.11284816    2.18019800    2.52733547    2.28419219    2.32198313    2.02926518    1.80545803    2.18575679    2.08216921    2.16090259    1.76025141    2.39146087    2.09602205
C3XPY6_BRAFL/564-593     2.42003782    1.81778089    1.66229356    1.98315778    1.81224585    2.11783007    1.15475640    1.59040415    1.42976222    1.68445784    1.67603003    1.65813330    1.57438992    2.24533481    1.43481688    1.94274588    0.00000000    0.99695316    1.28893406    1.55741237    1.86990196    1.80855542    1.73495227    1.88028882    1.47340218    1.04422544    1.27271575    1.35446497    1.30660913    1.78896322    1.30622508    2.07457317    1.59750131    2.23636176    1.74215314    2.02936342    1.88661042    2.05234030    1.82643847    1.68571425    1.73449730    1.89371707    1.31843130    1.31296487    1.26648149    1.61486932    1.38646419    1.49085426    1.56651481    1.56953163    1.48525961    1.51803088    1.49222385    1.92442681    1.51714058    1.40155132    1.64929482    1.33224827    1.18935026    1.28661767    1.39200411    1.75663334    1.62568967    1.49327458    1.17660890    1.50966589    1.33376939    1.07145368    1.46660317    2.28615602    1.59578042    1.47749072    1.64401350    1.46189643    1.22249569    0.77530856    1.16256805    1.33594925    1.98363051    1.88369951    1.27400999    1.56713284    1.64570647    1.70725548    1.97590522    2.18181381    2.35227043    1.43285125    1.85227240    2.06073624    1.72701064    1.81371224    1.53090331    1.46780522    1.63658759    1.71836716    1.24966636    1.83414329    1.70438358    1.53547220    1.15154240    1.82606721    2.09757121    1.43627708    0.97917232    1.14496524    1.28452463    1.45171799    1.43798106    1.50787627    1.46008730    1.20282146    1.37069331    1.62036621    1.95093948    1.42056602    1.43927934    1.15722414    1.03395974    1.52654927    1.20787007    1.23604141    1.30133939    1.22373793    1.17512251    1.29908847    1.41190723    1.42629192    1.33881921    1.65514942    1.16394908    1.23384735    1.29487057    1.60556456    1.36401017    2.16365176    1.75687412    1.36273070    1.47633606    1.14702315    1.05314131    1.12290634    2.14336352    2.12192192    2.07699283    1.41204323    1.80294219    1.59092869    1.98974076    1.73638534    1.51864371    1.84044116    1.74214382    1.85126462    1.71702180    1.62758259    1.77517880    1.76134922    1.71988538    1.50216827    1.71636649    1.83222173
