100
H0PU11_9RHOO/1-145     0.00000000    0.79408478    0.79800958    1.09108499    0.89547645    1.04999001    1.21284619    1.21313497    1.15872278    0.93476762    1.05760038    1.08954962    1.06202741    0.97564317    1.01080164    0.93873142    1.11154088    1.01168469    1.10622567    1.11574436    0.98124483    1.10321421    0.98638188    0.98314656    1.13186357    0.97601550    1.08545574    1.30268908    1.22015849    1.34318039    1.49363828    1.20285235    1.61729484    1.51703675    1.30039213    1.18927897    1.20039019    1.14734199    1.20838839    1.19115980    1.33832174    1.34590524    1.37203821    1.40469242    1.33184626    1.30727495    1.35043361    1.33138189    1.24442465    1.45699775    1.44755307    1.43903335    1.31196537    1.06850556    1.20736641    1.24781509    1.27758849    1.53315672    1.63858985    1.29847379    1.36852340    1.10502655    1.14507309    1.03657532    1.02805622    1.13810109    1.24627748    1.23055982    1.40975315    1.30142852    1.17442428    1.17883958    1.26200413    1.36602633    1.28757634    1.29789436    1.26085563    1.02436317    1.30189342    1.34861239    0.88818557    0.88188565    1.00490823    1.10342575    1.09836371    1.12537612    1.58151982    1.14028736    1.21082528    1.42398720    1.35967065    1.24247853    1.24096428    1.57378560    1.40057112    1.49338085    1.62017342    1.34014001    1.15703060    1.20333210
C4ZP23_THASP/1-149     0.79408478    0.00000000    0.66646356    1.08038322    0.81623152    0.86188233    1.26734932    1.28109480    1.23845181    1.02633696    1.10749554    1.13920829    1.26638131    1.02745025    1.05551718    1.16210701    1.19129244    1.13728118    1.31735263    1.33949847    1.22577447    1.03211668    1.09607321    1.10280710    1.04639427    1.12517009    1.17845435    1.21528816    1.30850600    1.19400871    1.38105513    1.32146928    1.63745897    1.74720168    1.33014391    1.42778581    1.27486203    1.43183012    1.49400969    1.38282798    1.39692496    1.52376978    1.32908938    1.41439442    1.46267449    1.30387847    1.49438535    1.37100077    1.25419390    1.57135634    1.44841090    1.61085443    1.28147255    1.22437331    1.20734340    1.40842081    1.47709741    1.69648536    1.91516433    1.41780125    1.45544012    1.26010574    1.37720359    1.30519719    1.27651304    1.18624240    1.23174629    1.24982591    1.25560905    1.30794711    1.32794191    1.14574439    1.44301719    1.33665273    1.24986557    1.51246980    1.23006953    1.15171289    1.33280805    1.49562372    1.01272558    1.11604402    1.07921934    1.12108741    1.10132070    1.17185807    1.66285816    1.14274363    1.28802774    1.43414746    1.35256621    1.13056588    1.15399095    1.54606576    1.52011470    1.31329240    1.46296725    1.40406799    1.27723305    1.36040706
A1K614_AZOSB/11-151     0.79800958    0.66646356    0.00000000    1.15457086    1.03990032    0.99174396    1.17177676    1.25521032    1.33290173    1.27786686    1.20776610    1.27498455    1.37906190    1.13957068    1.18152198    1.06865364    1.26017325    1.29882091    1.22936538    1.30925846    1.19095156    1.20361093    1.16179942    1.08179761    1.28133068    1.03671731    1.40001969    1.28406920    1.19624473    1.25334779    1.48957316    1.51796314    1.58529090    1.71287615    1.45814564    1.37565230    1.26844695    1.39503077    1.24447742    1.43974697    1.51245173    1.39573561    1.34475484    1.46077137    1.43807286    1.29721855    1.39925140    1.44666433    1.33195441    1.72737957    1.44990442    1.53235087    1.56001981    1.24851507    1.37833833    1.29349755    1.36948243    1.64798766    1.84282556    1.29550632    1.57317648    1.32185200    1.28330106    1.31705704    1.29305526    1.07238074    1.27365893    1.24481376    1.28179833    1.34593411    1.18819441    1.25104348    1.38777869    1.26809887    1.30464687    1.54912642    1.31274385    1.16432368    1.63314663    1.53740597    1.14447749    1.08320235    1.07151412    1.24945004    1.09416357    1.35144464    1.53737322    1.32699252    1.33829074    1.39874634    1.50593099    1.39059177    1.32643983    1.56529330    1.57588971    1.50542044    1.34609134    1.29642232    1.37875764    1.68322569
E5ASR4_MYCRK/18-161     1.09108499    1.08038322    1.15457086    0.00000000    0.45606453    0.50860617    0.65245162    0.58878354    0.89729360    0.73779808    0.80892961    0.77080742    0.72080842    0.79255735    0.75126054    1.11318577    1.06928836    1.00015761    0.93441185    1.03479287    0.74090325    0.88705770    0.85770106    0.87186820    0.82751953    0.84727127    0.98959014    1.04061419    1.13595833    1.41383293    1.50866819    1.41885539    1.55340870    1.52048688    1.49910622    1.38393248    1.30267878    1.15701718    1.17459819    1.19655946    1.37397348    1.45937123    1.43422098    1.46614463    1.54461627    1.27239954    1.58114386    1.24310155    1.26708789    1.58825433    1.36295804    1.38939681    1.46187968    1.22775067    1.32906961    1.44636356    1.56547850    1.53638209    1.89070219    1.28794659    1.41527618    1.27800336    1.08320270    1.28487697    1.37013517    1.22610868    1.27772311    1.26531480    1.40223802    1.29972642    1.21205812    1.15597031    1.56975468    1.53135027    1.45041786    1.40278150    1.14904164    1.20672647    1.46223291    1.71556294    1.05319331    1.11401506    1.11630083    1.14032354    0.99963024    1.37639733    1.68506018    1.49040991    1.38660143    1.47319928    1.65856143    1.56139163    1.42764719    1.58973747    1.42708340    1.38190400    1.41928697    1.47666180    1.25383570    1.53337744
C5AAJ4_BURGB/1-138     0.89547645    0.81623152    1.03990032    0.45606453    0.00000000    0.25283709    0.63478027    0.70294175    0.80615324    0.67703994    0.74029406    0.63379655    0.68143280    0.67539985    0.61289339    0.89252087    0.86510810    0.83720007    0.89170008    0.87984779    0.83684080    0.73056710    0.76737720    0.84262861    0.73089781    0.79356156    0.81449595    1.07698559    1.18359301    1.31795575    1.30561275    1.28213289    1.49323427    1.44721679    1.35389112    1.40262480    1.37642670    1.20475312    1.32113874    1.21926222    1.32510454    1.31951650    1.25716479    1.42163550    1.41418665    1.32617890    1.17995900    1.15099543    1.02618645    1.37742101    1.38648584    1.25368157    1.19876847    1.11887471    1.12457318    1.27274276    1.41215448    1.44566132    1.87375570    1.28105656    1.45870814    1.16645774    1.19061259    1.03264888    1.24646933    1.21051178    1.23287207    1.24779416    1.27785324    1.30178085    1.24335948    1.20543731    1.39019477    1.43377964    1.43516259    1.31635192    1.17248880    1.20060656    1.26099862    1.55276511    1.01605746    1.02533111    1.08329792    1.17446269    1.06835641    1.22417561    1.55026516    1.26544353    1.23382109    1.22319036    1.20847704    1.26513968    1.19447893    1.58103957    1.31352574    1.28020036    1.66344841    1.49363909    1.36043804    1.38987580
B2JDL2_PARP8/1-141     1.04999001    0.86188233    0.99174396    0.50860617    0.25283709    0.00000000    0.56484689    0.65516097    0.86954144    0.71024975    0.71080851    0.67301759    0.75547700    0.74910096    0.67175770    0.93223764    0.88734673    0.86998042    0.87668535    0.94384921    0.81122367    0.72497835    0.77560150    0.86142062    0.81144050    0.78676391    0.78691051    1.12446042    1.16989141    1.29746781    1.25363895    1.33560712    1.43081829    1.29611387    1.26296117    1.44482318    1.33179426    1.23584391    1.31093883    1.14050780    1.24228297    1.32349136    1.34879713    1.44998473    1.36502306    1.29825328    1.30750710    1.21516873    1.10510597    1.35183935    1.33468223    1.27170259    1.25718960    1.08287541    1.23641019    1.24918548    1.40753311    1.49516225    1.87020548    1.24967086    1.40445192    1.16442101    1.17143876    1.18035265    1.25769215    1.17847788    1.23943409    1.27506357    1.37063533    1.21262904    1.24239577    1.19513258    1.31481606    1.30484762    1.32452794    1.37060774    1.09608865    1.16392039    1.33158342    1.52656324    1.00721436    1.07386492    1.00662569    1.13020701    0.96814758    1.21592512    1.66993716    1.32539982    1.26153291    1.20534056    1.24571802    1.30690321    1.34763098    1.59521227    1.44993134    1.36004198    1.70551192    1.50654779    1.23850604    1.45136088
Q1LPU7_CUPMC/1-149     1.21284619    1.26734932    1.17177676    0.65245162    0.63478027    0.56484689    0.00000000    0.64760593    0.88865641    0.60717263    0.80397971    0.60700405    0.64553197    0.80569400    0.77671728    0.97555945    0.94364056    1.04949320    0.93475767    0.98425168    0.76860481    0.89695346    0.79704349    0.68693332    0.89350001    0.67094767    0.87292673    1.20733909    1.08694769    1.59779121    1.59661174    1.60897843    1.51635955    1.54677901    1.31906506    1.72085218    1.53613392    1.46192096    1.44768411    1.43561621    1.60119041    1.62149878    1.55183515    1.67453171    1.52845485    1.45350640    1.37362320    1.52533907    1.52920695    1.66147311    1.36304482    1.51057960    1.38247104    1.34012733    1.49579119    1.44509519    1.81412150    1.84389944    1.99443565    1.51337977    1.42935226    1.31966311    1.26732702    1.33809745    1.39367312    1.40976082    1.61606756    1.55949835    1.59453290    1.54195284    1.33944217    1.40961942    1.41957960    1.49585634    1.57404443    1.61249250    1.34050730    1.33635558    1.53843431    2.04068990    1.11786271    1.12724211    1.04839744    1.31697642    1.12898766    1.38887745    1.84633390    1.43393541    1.42031828    1.51679302    1.51178236    1.53445744    1.51487258    1.83004276    1.56513698    1.43393999    1.69297767    1.51483118    1.55611485    1.86362259
A4G6H0_HERAR/1-134     1.21313497    1.28109480    1.25521032    0.58878354    0.70294175    0.65516097    0.64760593    0.00000000    0.73246540    0.78467993    0.88109740    0.66185056    0.68679019    0.78280137    0.75949417    1.06436521    0.93821192    1.00069587    0.91068012    0.94735438    0.83488321    0.87595289    0.92242501    0.84545212    0.79548972    0.86444352    0.85265874    0.96014882    1.12311050    1.44870855    1.48484103    1.62435243    1.65511550    1.65926314    1.25931550    1.61880729    1.57694776    1.56628726    1.49325319    1.46202923    1.56051800    1.56235875    1.46114255    1.56986416    1.84085304    1.53160785    1.54845973    1.45610287    1.48310757    1.72399169    1.51263866    1.57001373    1.37852065    1.30719361    1.55096675    1.58729117    1.62203753    1.59521884    1.98777263    1.43266279    1.42762645    1.44873304    1.29941146    1.43756588    1.53287088    1.53005665    1.49080355    1.52671053    1.65235033    1.57024376    1.34630981    1.43702986    1.58826153    1.65738848    1.62104610    1.59495521    1.37314518    1.29607677    1.52334479    1.88254380    1.17892376    1.26566045    1.18622668    1.22081650    1.10628623    1.33633665    1.33310590    1.50125341    1.42051462    1.44285236    1.43741576    1.37318279    1.44837712    1.41925283    1.49433171    1.46424931    1.60909059    1.57142901    1.42015749    1.48737504
G0A938_COLFT/19-161     1.15872278    1.23845181    1.33290173    0.89729360    0.80615324    0.86954144    0.88865641    0.73246540    0.00000000    0.83996944    0.86768490    1.04540367    0.87567129    1.12879083    0.97551093    1.12123630    1.10224582    1.19939792    1.16646881    1.06601835    1.00811232    1.03777327    1.04036468    0.94240026    1.08514976    1.03450015    0.96560612    1.13577270    1.17977894    1.32134352    1.45345863    1.66169076    1.73292926    1.48924419    1.24586767    1.53091640    1.61503398    1.36242043    1.26367431    1.39436552    1.75008444    1.61179322    1.42819078    1.54329600    1.66255274    1.42385679    1.60294199    1.39783363    1.30516710    1.75438724    1.56697527    1.60528211    1.59125340    1.27055410    1.55118766    1.58220103    1.58194030    1.55537664    1.65570610    1.44758363    1.49676442    1.20821502    1.20126106    1.28366715    1.44542189    1.28202225    1.55205957    1.51055149    1.50822020    1.48047660    1.39100288    1.33941908    1.40218828    1.54780920    1.64681788    1.55130866    1.50247907    1.29137015    1.48904893    1.73639153    1.09039228    1.13873090    1.10375873    1.16061838    1.17332310    1.26759299    1.56141820    1.15204930    1.39982966    1.39143445    1.42885312    1.36654941    1.28564087    1.61456142    1.73313496    1.46460076    1.89913616    1.55972740    1.20491162    1.38422307
A2SFP2_METPP/1-140     0.93476762    1.02633696    1.27786686    0.73779808    0.67703994    0.71024975    0.60717263    0.78467993    0.83996944    0.00000000    0.68784166    0.67045336    0.60659918    0.66403466    0.65380555    0.82246401    1.00172317    0.87082392    0.96664725    1.02309286    0.76563842    0.76156139    0.68772320    0.64583236    0.63637300    0.64826063    0.80131261    1.02562888    1.05080948    1.49915841    1.43481537    1.53825987    1.49051974    1.47371859    1.28196056    1.55834415    1.47028491    1.32646817    1.45029094    1.40829442    1.44886668    1.54669668    1.38557560    1.50273999    1.41486516    1.35333702    1.32825078    1.38273804    1.24892688    1.67548264    1.29952379    1.38821750    1.23498942    1.11428759    1.27439457    1.32685330    1.61138731    1.58189521    1.89673707    1.45696999    1.22867585    1.19761031    1.25805496    1.12633914    1.17150404    1.18692885    1.26488418    1.19860333    1.30604771    1.31444829    1.19468249    1.15589789    1.27096919    1.39411798    1.29991535    1.34264568    1.32161785    1.30777825    1.55060677    1.57719180    1.00399441    1.08382616    0.97991911    1.22393462    1.25106015    1.30026048    1.74741035    1.25114393    1.32153787    1.30785223    1.39006277    1.34665794    1.28896381    1.66569368    1.27651717    1.42014959    1.54114644    1.35417107    1.32418958    1.52978070
B1XWB6_LEPCP/1-153     1.05760038    1.10749554    1.20776610    0.80892961    0.74029406    0.71080851    0.80397971    0.88109740    0.86768490    0.68784166    0.00000000    0.59973503    0.54223407    0.79281809    0.87144433    0.98245701    0.93545928    0.89218623    0.99177588    0.80427691    0.77119442    0.74364024    0.89036724    0.86942389    0.81213351    0.82319632    0.93304358    1.11721098    1.03114622    1.32315845    1.35267851    1.47131281    1.36051423    1.39486164    1.12576461    1.57862232    1.45717196    1.55327733    1.51998858    1.37954465    1.56571169    1.53440745    1.39823715    1.56019631    1.51919863    1.27454352    1.40078365    1.29168661    1.33584142    1.53549104    1.45683608    1.26827727    1.25184442    1.16601661    1.18366093    1.42141310    1.68546068    1.52000903    2.13308031    1.21440455    1.37276761    1.28064456    1.16917107    1.23437610    1.11644525    1.06447781    1.28791783    1.22203764    1.33798696    1.24474351    1.13190654    1.17750933    1.29336840    1.33460228    1.30368758    1.52788811    1.23830431    1.23154471    1.49804062    1.84764110    1.14099876    1.19580178    1.04674190    1.15300477    1.20260269    1.27732052    1.68168438    1.33979204    1.44574499    1.39178738    1.41273082    1.22935908    1.17526218    1.62985918    1.45487580    1.60449102    1.63226453    1.22710968    1.30331218    1.51599147
I0HPH6_RUBGI/1-143     1.08954962    1.13920829    1.27498455    0.77080742    0.63379655    0.67301759    0.60700405    0.66185056    1.04540367    0.67045336    0.59973503    0.00000000    0.36655173    0.74771432    0.75346869    1.07709723    0.98041917    0.91567510    0.95780645    0.91231423    0.72722123    0.74476191    0.79541381    0.71054866    0.69806001    0.70038821    0.74900111    1.04634599    1.25035199    1.43383880    1.41495096    1.49892197    1.51448971    1.52096938    1.23290148    1.75717691    1.63711912    1.58908628    1.59638624    1.44602066    1.57505761    1.65521604    1.56339193    1.65851724    1.49002228    1.46926358    1.38326681    1.33989504    1.35670595    1.68735065    1.49892416    1.33378088    1.17849173    1.19703225    1.29228877    1.40326550    1.72067719    1.66444116    2.32161674    1.52521943    1.29805733    1.26811676    1.29945986    1.20740573    1.33087980    1.28831386    1.57798424    1.47920136    1.60498097    1.47902855    1.31426353    1.35788375    1.38889357    1.51262958    1.46648274    1.63481083    1.31075567    1.20441213    1.58635510    1.88452111    1.13250433    1.19069142    1.08815629    1.22135495    1.25897196    1.33002607    1.58873539    1.31870294    1.36732443    1.30162925    1.54496404    1.40725455    1.42503103    1.56712268    1.32248759    1.34878331    1.61345175    1.39968758    1.50552916    1.63744362
H5WIN4_9BURK/1-139     1.06202741    1.26638131    1.37906190    0.72080842    0.68143280    0.75547700    0.64553197    0.68679019    0.87567129    0.60659918    0.54223407    0.36655173    0.00000000    0.67189826    0.71018651    1.02662032    1.00134795    0.91186494    0.95770970    0.90914274    0.78661361    0.75668206    0.87360749    0.74141026    0.71457083    0.68262755    0.68638328    1.06907648    1.22340184    1.53842952    1.45170195    1.57021843    1.66667126    1.51437635    1.29030081    1.58891102    1.34282756    1.44500876    1.37036897    1.35118189    1.44631735    1.58219733    1.45199708    1.57178599    1.49421788    1.50090606    1.34902426    1.42550644    1.26424786    1.60922252    1.57433297    1.27071467    1.24737818    1.15538232    1.34111893    1.45663736    1.73588889    1.65123728    2.06538803    1.28397750    1.23694804    1.19731721    1.22175141    1.17105735    1.29067752    1.26031119    1.47984545    1.42046629    1.53874751    1.53605116    1.26294151    1.30830503    1.42111481    1.42844868    1.62125115    1.32841092    1.28098145    1.12093940    1.44302742    1.63997506    1.11742271    1.00133134    0.96055060    1.20628634    1.22643997    1.23206823    1.50854468    1.31817959    1.38708537    1.43834713    1.59629360    1.42877791    1.22035733    1.45608045    1.37742867    1.50841883    1.69014121    1.40086060    1.40493801    1.50160782
A1VM76_POLNA/1-169     0.97564317    1.02745025    1.13957068    0.79255735    0.67539985    0.74910096    0.80569400    0.78280137    1.12879083    0.66403466    0.79281809    0.74771432    0.67189826    0.00000000    0.48863337    0.94403772    1.02230711    0.84103483    0.91331868    0.98758345    0.68215598    0.73956210    0.82588184    0.73677542    0.70236631    0.63707302    0.79927207    1.27066296    1.08891847    1.58743969    1.51380321    1.55379190    1.66059106    1.65707047    1.33146572    1.41418241    1.29533609    1.23983004    1.29417229    1.18789967    1.46157046    1.57394570    1.27560616    1.41969985    1.41129729    1.21293706    1.32605773    1.26035842    1.15683341    1.48296833    1.46749305    1.35109112    1.25434174    1.02753487    1.28187324    1.40809353    1.50956513    1.57037861    1.86599120    1.48977915    1.40198632    1.21087450    1.11057429    1.18624108    1.14569808    1.15768397    1.29104983    1.18894452    1.24742103    1.26415683    1.16575097    1.07095112    1.32121039    1.30186432    1.37049824    1.59942760    1.20480405    1.18524978    1.52188703    1.65976946    0.99018423    1.04208091    1.04210871    1.24289351    1.13979480    1.31727560    1.72608039    1.13684244    1.14580477    1.18984693    1.45720428    1.58924076    1.21968602    1.68999970    1.40136833    1.38046303    1.59778444    1.63284158    1.35748055    1.78471084
Q127Y8_POLSJ/1-169     1.01080164    1.05551718    1.18152198    0.75126054    0.61289339    0.67175770    0.77671728    0.75949417    0.97551093    0.65380555    0.87144433    0.75346869    0.71018651    0.48863337    0.00000000    0.92535019    1.01547135    0.86583641    0.90435361    0.91964042    0.62169753    0.78994972    0.80306052    0.69340239    0.64305631    0.62221017    0.70428977    1.19260831    1.02147788    1.58472383    1.56013337    1.56412193    1.59143308    1.55017469    1.37761053    1.51615597    1.36022759    1.27389497    1.37613679    1.32289229    1.34856990    1.56038226    1.37593662    1.50926475    1.49807349    1.31418662    1.51196013    1.26228365    1.21499785    1.52768319    1.42048164    1.35934120    1.28475923    0.94544107    1.35258668    1.33973511    1.51922077    1.72391883    1.96660575    1.42704000    1.35169567    1.26012032    1.05450658    1.16029030    1.16366582    1.16519992    1.42495466    1.31217234    1.45872833    1.30750492    1.27977667    1.20803678    1.26085429    1.39555442    1.41001279    1.75881529    1.23284323    1.27998297    1.53315523    1.60180635    1.04609118    1.07469225    1.06750822    1.33677255    1.15630153    1.29427438    1.64958212    1.21793935    1.21963258    1.29314483    1.41778666    1.60651976    1.24448989    1.89839585    1.39800946    1.48917850    1.59446619    1.78307632    1.34626859    1.68744362
W8X4V7_CASDE/3-154     0.93873142    1.16210701    1.06865364    1.11318577    0.89252087    0.93223764    0.97555945    1.06436521    1.12123630    0.82246401    0.98245701    1.07709723    1.02662032    0.94403772    0.92535019    0.00000000    0.63950247    0.61373190    0.62956556    0.67834753    0.94511908    0.96303019    0.85471590    0.83098889    0.90304300    0.92566491    0.84746006    1.43433796    1.19620667    1.71636960    1.47496567    1.55925613    1.62344009    1.41541048    1.46925282    1.65844059    1.48659624    1.43735241    1.48562211    1.35240440    1.72063940    1.41180168    1.40946108    1.49960109    1.50555704    1.37500487    1.34284185    1.25771530    1.52562148    1.76996618    1.63292048    1.66246308    1.36231142    1.15924447    1.29200308    1.23350398    1.47214222    1.69725668    1.92286601    1.33401437    1.43029430    1.33145609    1.12991099    1.21007442    1.04662678    0.98127420    1.30202892    1.16495259    1.29513557    1.21772313    1.28006014    1.25114606    1.22716505    1.42309239    1.37559344    1.57868990    1.35164301    1.22468015    1.51984359    1.68032462    1.11970859    1.23814008    1.09706164    1.36177885    1.24609361    1.26769605    1.59929493    1.33581600    1.39341059    1.51054201    1.46121672    1.58620452    1.46974099    1.95800608    1.69836424    1.62734357    1.60475764    1.51756023    1.35394565    1.43304290
F4GX76_PUSST/3-149     1.11154088    1.19129244    1.26017325    1.06928836    0.86510810    0.88734673    0.94364056    0.93821192    1.10224582    1.00172317    0.93545928    0.98041917    1.00134795    1.02230711    1.01547135    0.63950247    0.00000000    0.62705146    0.62602392    0.61911142    0.84731141    1.00672616    0.97498126    0.89428693    1.02312841    0.97214385    0.97793268    1.49226745    1.20425195    1.68249464    1.44826811    1.40204761    1.52080408    1.28708785    1.24275704    1.43858963    1.24841154    1.31462442    1.28907633    1.32531197    1.57750031    1.39357344    1.42738069    1.44856794    1.48714933    1.40379287    1.31919018    1.34194789    1.40668765    1.72070197    1.54747395    1.60411159    1.27559142    1.26161188    1.39118505    1.35010457    1.49807240    1.52892117    1.64886684    1.42395562    1.34890431    1.24555654    1.08728754    1.17923730    1.20737745    1.25403304    1.42505041    1.40443834    1.38029178    1.28217591    1.30383998    1.26507067    1.14289242    1.37203461    1.38314800    1.64489533    1.36437299    1.24118256    1.46246766    1.63559424    1.07377031    1.18038090    1.09937133    1.21197314    1.04863964    1.11180700    1.69193327    1.32830864    1.48578838    1.42920248    1.48597339    1.56557575    1.35449863    1.83943504    1.66158942    1.54655353    1.50063184    1.50593494    1.42593797    1.49333230
A9HX45_BORPD/3-146     1.01168469    1.13728118    1.29882091    1.00015761    0.83720007    0.86998042    1.04949320    1.00069587    1.19939792    0.87082392    0.89218623    0.91567510    0.91186494    0.84103483    0.86583641    0.61373190    0.62705146    0.00000000    0.44891838    0.37986163    0.82287992    1.02145307    0.89679947    0.91904594    0.86029556    0.90894466    1.02180277    1.25870055    1.20145651    1.61028256    1.52921499    1.45463234    1.61855475    1.36713509    1.32559052    1.55185563    1.22911176    1.32616036    1.33576478    1.25649749    1.44269374    1.49058393    1.41357002    1.47531319    1.42830512    1.26692941    1.49266627    1.21634222    1.43114487    1.71418686    1.69385182    1.49450624    1.33397952    1.14748442    1.37284125    1.47780824    1.57933572    1.72777151    1.93761543    1.48794617    1.21361437    1.17407991    1.09266875    1.10050695    1.09159818    1.08553036    1.22648524    1.43143015    1.34123207    1.25445158    1.19731059    1.12334166    1.26781740    1.23164417    1.19158963    1.41700276    1.21458141    1.19887809    1.43898128    1.58624170    0.93181171    1.04661754    1.04077778    1.22130289    1.09987936    1.20828209    1.62577073    1.27212548    1.41130566    1.37319668    1.62514773    1.60939382    1.33740973    1.66471910    1.61224936    1.55347047    1.63612133    1.40031179    1.42799853    1.46547551
Q2KX93_BORA1/3-136     1.10622567    1.31735263    1.22936538    0.93441185    0.89170008    0.87668535    0.93475767    0.91068012    1.16646881    0.96664725    0.99177588    0.95780645    0.95770970    0.91331868    0.90435361    0.62956556    0.62602392    0.44891838    0.00000000    0.34360853    0.81108585    0.90441994    0.83258589    0.86517539    0.90244725    0.97674183    1.05896358    1.22229435    1.24355908    1.71815590    1.61576391    1.58063220    1.56863735    1.25551766    1.33758497    1.56285235    1.38269914    1.45416002    1.45084290    1.32311919    1.57616887    1.47287032    1.42609919    1.48158525    1.39175086    1.51834838    1.38320205    1.44636541    1.39853002    1.67606117    1.50787003    1.62998983    1.28950759    1.28422110    1.48265712    1.64878884    1.71332597    1.66747421    1.91123006    1.43046370    1.30389231    1.27715615    0.96515136    1.36217254    1.31095326    1.31842598    1.41634693    1.47552154    1.57764461    1.39673843    1.41651303    1.40329021    1.38958125    1.43779205    1.43322122    1.48043089    1.28931875    1.27895235    1.46035835    1.51779371    1.19782608    1.23269717    1.13408979    1.27326415    1.21984522    1.16208323    1.35229926    1.50151034    1.42043357    1.44977973    1.66861069    1.79114273    1.42939404    1.53444370    1.63927917    1.45077303    1.53971044    1.44653949    1.59063314    1.50807271
Q7VX20_BORPE/3-150     1.11574436    1.33949847    1.30925846    1.03479287    0.87984779    0.94384921    0.98425168    0.94735438    1.06601835    1.02309286    0.80427691    0.91231423    0.90914274    0.98758345    0.91964042    0.67834753    0.61911142    0.37986163    0.34360853    0.00000000    0.76890417    0.95641761    0.85924893    0.85087272    0.87399271    0.99881739    1.06314737    1.21078618    1.28210466    1.43918458    1.36287343    1.33383758    1.49042563    1.29562655    1.22272268    1.48688162    1.29639353    1.33637523    1.31673313    1.16632044    1.49402108    1.40051536    1.36925723    1.50338052    1.50450344    1.38827536    1.50861827    1.27550770    1.56950861    1.52056669    1.56270813    1.52020194    1.32538973    1.09629960    1.41211129    1.53277623    1.56393503    1.66134730    1.90904933    1.37638569    1.22893247    1.15754885    0.93139731    1.13723268    1.17052004    1.08640913    1.44079227    1.42557102    1.42161330    1.32678942    1.25458984    1.29828585    1.22645123    1.37653759    1.41447607    1.55714994    1.34912949    1.29945685    1.45665185    1.50877089    1.07920916    1.11778757    1.03877274    1.20667000    1.18797182    1.01933935    1.41111715    1.30152537    1.25298508    1.35609913    1.45798981    1.51130332    1.26256512    1.64119596    1.53158976    1.60018708    1.57327212    1.43797570    1.34660196    1.51513609
A1WQ70_VEREI/1-138     0.98124483    1.22577447    1.19095156    0.74090325    0.83684080    0.81122367    0.76860481    0.83488321    1.00811232    0.76563842    0.77119442    0.72722123    0.78661361    0.68215598    0.62169753    0.94511908    0.84731141    0.82287992    0.81108585    0.76890417    0.00000000    0.58067042    0.56338400    0.55346335    0.55102051    0.64324831    0.64091112    1.19715565    1.04822466    1.57599628    1.71529188    1.52154605    1.65465624    1.44571112    1.16512869    1.32957242    1.24301484    1.21777754    1.13453730    1.20727165    1.16990798    1.47926024    1.31308657    1.18108980    1.37169679    1.20903535    1.30872447    1.23308165    1.23967434    1.56591926    1.29308911    1.15796226    1.31277023    1.11440990    1.19551094    1.53815699    1.63010369    1.76772648    2.08886115    1.39804603    1.43163861    1.47500388    1.16159197    1.33464167    1.18551966    1.15642274    1.37555134    1.36112074    1.32105782    1.35095292    1.21998848    1.28200571    1.21304765    1.54467638    1.35457048    1.36846849    1.33300708    1.27713966    1.44476161    1.61102667    1.15435043    1.24367462    1.18503780    1.27314227    1.20700628    1.40687641    1.69608352    1.31275783    1.33775225    1.18526171    1.47239428    1.63390940    1.19526890    1.61720296    1.38278171    1.50882029    1.56547251    1.51983523    1.34997271    1.56957849
D0J1S7_COMT2/1-159     1.10321421    1.03211668    1.20361093    0.88705770    0.73056710    0.72497835    0.89695346    0.87595289    1.03777327    0.76156139    0.74364024    0.74476191    0.75668206    0.73956210    0.78994972    0.96303019    1.00672616    1.02145307    0.90441994    0.95641761    0.58067042    0.00000000    0.42810719    0.63562206    0.70883079    0.65946336    0.68514690    1.23968617    1.25517455    1.37508262    1.40295927    1.39607694    1.46779863    1.38584877    1.27986166    1.27253885    1.49483806    1.29654663    1.34652348    1.19817924    1.52859861    1.52048777    1.29444542    1.33572819    1.34232221    1.20549600    1.28262625    1.26960571    1.12979786    1.62864683    1.44581158    1.45394301    1.16132626    1.07048772    1.12709483    1.36733194    1.26534520    1.54289031    1.86132775    1.42810714    1.33419122    1.22735031    1.15024893    1.25130615    1.13139668    1.05148440    1.34157475    1.25025220    1.38894504    1.30837371    1.26191443    1.08752650    1.37368534    1.55270147    1.44285475    1.63987567    1.24876158    1.29310969    1.57925165    1.78782958    1.04162518    1.22510612    0.97017708    1.09722091    1.14785929    1.28736297    1.81687072    1.21649021    1.38928001    1.28488438    1.41151050    1.52133821    1.29890559    1.46143804    1.39638307    1.41766722    1.63135518    1.42841145    1.23196476    1.59170957
A9BN99_DELAS/1-163     0.98638188    1.09607321    1.16179942    0.85770106    0.76737720    0.77560150    0.79704349    0.92242501    1.04036468    0.68772320    0.89036724    0.79541381    0.87360749    0.82588184    0.80306052    0.85471590    0.97498126    0.89679947    0.83258589    0.85924893    0.56338400    0.42810719    0.00000000    0.63791342    0.78500608    0.66849756    0.79098352    1.27991798    1.27363418    1.50208075    1.47444598    1.46587855    1.44616184    1.39648794    1.32806383    1.38713845    1.31153526    1.29712421    1.37007247    1.22628552    1.43983925    1.33584315    1.33569527    1.38359572    1.32908670    1.20060698    1.30470224    1.14355577    1.30812451    1.60708386    1.27893475    1.44343797    1.14772335    1.01741528    1.18912524    1.31351169    1.55151031    1.66721063    2.04462083    1.38776316    1.50727480    1.33447768    1.36992348    1.26212370    1.09699923    1.09263074    1.31412482    1.28184012    1.35777944    1.21114095    1.22055944    1.23144082    1.30213171    1.55645676    1.32631364    1.58266021    1.42617982    1.38209393    1.54949413    1.69732094    1.02727537    1.19795463    1.06297313    1.14182854    1.29827568    1.29822387    1.82495724    1.24945625    1.46269088    1.33388452    1.46992824    1.48535579    1.31348035    1.71076553    1.41252258    1.49595926    1.56296480    1.37553369    1.36281320    1.44617615
A1W4N7_ACISJ/3-149     0.98314656    1.10280710    1.08179761    0.87186820    0.84262861    0.86142062    0.68693332    0.84545212    0.94240026    0.64583236    0.86942389    0.71054866    0.74141026    0.73677542    0.69340239    0.83098889    0.89428693    0.91904594    0.86517539    0.85087272    0.55346335    0.63562206    0.63791342    0.00000000    0.58870753    0.54891983    0.65532828    1.15129838    1.13977930    1.57329454    1.63502813    1.53490391    1.60047697    1.51546243    1.34745537    1.51127527    1.21974607    1.33844567    1.43894415    1.36016272    1.49300156    1.59148333    1.26823534    1.32451784    1.34713938    1.48151837    1.19854955    1.27574735    1.11094033    1.56327514    1.28823720    1.42413210    1.20275257    1.07938394    1.15124734    1.33076773    1.50344604    1.65932052    1.86685198    1.26015664    1.24433583    1.20887770    1.05085238    1.24232338    1.23138753    1.15307711    1.35549318    1.26426859    1.52253513    1.32161263    1.26025492    1.24001669    1.25052292    1.26481612    1.27066734    1.51536015    1.53040488    1.15430554    1.68770040    1.73159723    1.14625110    1.23990280    1.15928068    1.23320905    1.17659043    1.29982066    1.38310069    1.17333733    1.26632423    1.31124136    1.47813967    1.41892826    1.25634441    1.70207518    1.33467728    1.48031092    1.69154542    1.46412081    1.26076452    1.37795885
A1TLN1_ACIAC/1-158     1.13186357    1.04639427    1.28133068    0.82751953    0.73089781    0.81144050    0.89350001    0.79548972    1.08514976    0.63637300    0.81213351    0.69806001    0.71457083    0.70236631    0.64305631    0.90304300    1.02312841    0.86029556    0.90244725    0.87399271    0.55102051    0.70883079    0.78500608    0.58870753    0.00000000    0.60889522    0.72790350    1.17410422    1.03256693    1.47007499    1.51488056    1.65811479    1.55089137    1.49710023    1.26850022    1.40920872    1.29266298    1.13739265    1.25709017    1.09452297    1.38218999    1.35507546    1.33978756    1.42799147    1.37975163    1.33337175    1.39831408    1.33188932    1.40819744    1.68385043    1.49909850    1.43037849    1.17220894    1.12805886    1.23112838    1.35772757    1.42864187    1.69409591    2.03979139    1.14309833    1.10018176    1.12664939    0.85331596    1.25733909    1.17109724    1.06140932    1.55072689    1.31726870    1.43846694    1.37237753    1.40015021    1.13627063    1.22529313    1.37070987    1.38134503    1.50798662    1.23411296    1.27875538    1.56653818    1.46304179    1.14579654    1.30819036    1.08777645    1.21564657    1.21316529    1.39060012    1.74882081    1.25626450    1.27064099    1.38763353    1.66470545    1.44725445    1.29269042    1.76406268    1.54102112    1.39967078    1.67486553    1.42191996    1.25240827    1.55943082
F5Y3S1_RAMTT/2-145     0.97601550    1.12517009    1.03671731    0.84727127    0.79356156    0.78676391    0.67094767    0.86444352    1.03450015    0.64826063    0.82319632    0.70038821    0.68262755    0.63707302    0.62221017    0.92566491    0.97214385    0.90894466    0.97674183    0.99881739    0.64324831    0.65946336    0.66849756    0.54891983    0.60889522    0.00000000    0.72500480    1.17828243    1.12317111    1.41112185    1.27627002    1.46116431    1.39842689    1.36809783    1.25863239    1.29576334    1.26765758    1.10623985    1.23918573    1.16915467    1.39062115    1.37645038    1.24569554    1.35374421    1.26435497    1.32571410    1.40369432    1.34880792    1.25886449    1.71715568    1.54430058    1.42190157    1.34378080    1.12180405    1.44474042    1.19295143    1.34918997    1.66670165    1.92418289    1.13894967    1.30068777    1.17313716    1.08998591    1.25932943    1.16600258    1.13657147    1.29938834    1.33450701    1.35097822    1.36120021    1.21700145    1.21613731    1.19495187    1.23581360    1.36259705    1.41837433    1.28784471    1.10615287    1.46449101    1.52705564    0.99778487    1.05584622    0.98569818    1.14519027    1.19051376    1.29453643    1.53653716    1.20021762    1.29425287    1.31745070    1.42887851    1.44267933    1.27909732    1.45599626    1.30558086    1.21057031    1.43215706    1.17102416    1.26752045    1.48762682
Q21YB2_RHOFT/1-143     1.08545574    1.17845435    1.40001969    0.98959014    0.81449595    0.78691051    0.87292673    0.85265874    0.96560612    0.80131261    0.93304358    0.74900111    0.68638328    0.79927207    0.70428977    0.84746006    0.97793268    1.02180277    1.05896358    1.06314737    0.64091112    0.68514690    0.79098352    0.65532828    0.72790350    0.72500480    0.00000000    1.20446384    1.33281718    1.58393964    1.49305490    1.58207106    1.66365196    1.45376772    1.34509167    1.41020699    1.34068875    1.44843905    1.56834007    1.31503370    1.49828798    1.64330764    1.37910112    1.56586417    1.43571967    1.46672855    1.33868741    1.26955495    1.24074931    1.47811194    1.62870997    1.39377986    1.21587685    1.10432195    1.32427037    1.37148984    1.59094914    1.78581901    2.14749377    1.39916430    1.27161352    1.10526964    1.14284234    1.19958897    1.20413914    1.15503082    1.52855504    1.36550168    1.40981302    1.22430118    1.37239992    1.34247588    1.37844169    1.56431057    1.64747792    1.37985472    1.30579448    1.13456287    1.51319772    1.74797021    1.07079956    0.99724961    1.02145935    1.14007462    1.12901745    1.24794748    1.65244255    1.22732027    1.17557715    1.34733722    1.45416800    1.58572178    1.21007348    1.71279756    1.41698106    1.60086317    1.69678958    1.56901796    1.30692879    1.52522710
C7RLU9_ACCPU/1-145     1.30268908    1.21528816    1.28406920    1.04061419    1.07698559    1.12446042    1.20733909    0.96014882    1.13577270    1.02562888    1.11721098    1.04634599    1.06907648    1.27066296    1.19260831    1.43433796    1.49226745    1.25870055    1.22229435    1.21078618    1.19715565    1.23968617    1.27991798    1.15129838    1.17410422    1.17828243    1.20446384    0.00000000    0.89038413    1.29228659    1.30273385    1.54113842    1.52183768    1.52780000    1.26890001    1.52928033    1.44625075    1.53154952    1.54262527    1.28711867    1.74069398    1.60253001    1.50477926    1.55683691    1.65143687    1.41917138    1.64437976    1.40634873    1.20845646    1.76084639    1.58575096    1.46087050    1.45577280    1.32427525    1.36879282    1.54604887    1.35345545    1.73089131    1.79816855    1.43101108    1.20445100    1.24972122    1.10385181    1.02950365    1.19748081    1.03242210    1.34052507    1.41334973    1.41864074    1.36317676    1.18224638    1.13618427    1.39314315    1.20315178    1.25754329    1.71993020    1.18595190    1.06897143    1.43161072    1.51601161    0.95672905    1.20476466    0.99255646    1.14684177    0.99365723    1.28141831    1.31671508    1.24005001    1.21123315    1.52829611    1.32459414    1.36532142    1.26324897    1.37750091    1.43038640    1.40340331    1.40434114    1.39654708    1.14297725    1.64762792
