8
Q94JQ7_ARATH/38-124     0.00000000    0.90533298    1.30310976    1.59821583    1.00038251    1.46287465    1.52702064    1.18287178
RM47_MOUSE/66-151     0.90533298    0.00000000    0.97134997    1.09654138    0.63944736    1.45919377    1.83384235    1.33329167
Q9XZY7_LEIMA/13-101     1.30310976    0.97134997    0.00000000    1.80037418    1.05207912    1.52300048    2.03662208    1.62291577
Q27370_DROME/14-98     1.59821583    1.09654138    1.80037418    0.00000000    0.36484032    2.48059409    3.01945091    2.08999579
Q8T3V6_DROME/59-144     1.00038251    0.63944736    1.05207912    0.36484032    0.00000000    1.63167895    1.70720204    1.29432581
O97270_PLAF7/18-109     1.46287465    1.45919377    1.52300048    2.48059409    1.63167895    0.00000000    2.05066670    2.06526960
RM04_YEAST/68-159     1.52702064    1.83384235    2.03662208    3.01945091    1.70720204    2.05066670    0.00000000    1.19747106
RM04_SCHPO/38-127     1.18287178    1.33329167    1.62291577    2.08999579    1.29432581    2.06526960    1.19747106    0.00000000

