55
A8LSU7_DINSH/17-158     0.00000000    0.44507225    0.40875805    0.81483263    0.88082859    0.91520636    0.86379126    0.95319041    2.38053837    3.58394181    4.32897530    2.19968467    2.24318382    2.25911169    2.71757934    2.97524910    3.27235721    2.28483094    2.19161643    2.11428491    2.02294882    2.18341775    1.98617909    2.48550055    2.09116502    2.14025984    2.00138791    1.65606535    1.77791208    1.89078606    2.39463722    2.14942939    2.77259233    2.80019018    2.70917297    2.42412806    2.76645007    2.62589362    2.22564700    2.47455504    2.32494057    2.18664393    2.40173102    2.56028524    2.57531331    3.29883907    2.51554771    2.36405978    2.02774792    1.81373732    1.96608282    1.81557301    1.84615853    2.00917976    2.05322988
Q39WK7_GEOMG/17-158     0.44507225    0.00000000    0.24872376    0.70936511    0.91003907    0.98266191    0.76953643    0.97711752    2.44706089    3.42935870    3.55513738    2.15720801    2.49832332    2.72334590    2.56198953    2.79042245    3.15894809    2.26498560    2.19440607    2.28151526    2.15231050    2.08818319    1.89744022    2.11651235    1.99353823    2.03927223    1.89857870    1.68241042    1.70029256    1.77932504    2.22994277    2.17541291    2.49787482    2.95910237    2.76623340    2.71097161    2.93753023    2.72846883    2.13858143    2.54428433    2.58899280    2.46249076    2.85134502    2.74184032    2.60576594    3.13665568    2.39714230    2.25703155    2.07236187    1.94950325    2.13415269    1.91128480    1.71373774    2.07029302    1.87124213
Q0A7T4_ALKEH/17-158     0.40875805    0.24872376    0.00000000    0.67623812    0.80207605    0.90650437    0.74531946    0.81173039    2.18610354    3.45923115    3.67391671    2.08244506    2.34673479    2.47893129    2.58575863    2.95045801    2.99311795    2.29973212    2.01949631    2.02725776    1.84667035    2.07703767    1.91960350    2.15584561    1.98198943    2.11533922    1.91953872    1.64885478    1.68135962    1.85699539    2.15522284    2.31365661    2.40015798    2.87294332    2.67559197    2.49025625    2.66062678    2.47645831    2.13601848    2.49654774    2.38523712    2.21489867    2.28873246    2.49710559    2.43237623    2.86898556    2.08098555    2.08943263    1.92815025    1.76023475    2.07070209    1.81483898    1.65583273    1.81777113    1.67497873
A1AQ18_PELPD/15-155     0.81483263    0.70936511    0.67623812    0.00000000    0.51381758    0.59174315    0.55955955    0.57707522    2.43718443    3.62336350    3.89348176    2.12944139    2.30717538    2.25979451    3.20873612    2.43353970    2.82090722    2.22139195    2.18499440    2.10667663    2.27348370    2.02227562    1.78830192    2.15105366    1.94071930    1.92501476    1.88456325    1.44025562    1.41236556    1.74573372    2.15320541    2.45825588    2.48093144    2.92168922    2.68475267    2.44170236    2.69441700    2.29963239    2.32689586    2.63438263    2.54263744    2.41567743    2.54662497    2.52291019    2.52042695    2.74955055    2.22045006    2.06649378    2.23005900    1.62555384    2.03094432    1.90332342    1.49930959    2.08008547    1.65571854
Q82QW3_STRAW/15-163     0.88082859    0.91003907    0.80207605    0.51381758    0.00000000    0.41039877    0.37216723    0.36583982    2.26106132    3.65862007    3.61276747    1.93622717    2.46736099    2.12093376    2.58642312    2.30273354    2.84750173    1.93823434    1.75735366    1.67464214    1.84672124    1.77093228    1.65575562    2.06369916    1.69828873    1.68308876    1.72094151    1.49222619    1.43852613    1.64894780    1.79165104    2.47884297    2.25560367    2.77976377    2.20669516    2.01289253    2.19275616    1.90320115    2.19852965    2.46109720    2.62350293    2.22403063    2.60419366    2.40310574    2.42853610    2.42188059    1.78134316    1.91824889    1.94628927    1.50130144    1.86419072    1.80696767    1.49732349    1.91494796    1.54182919
Q1ITD3_KORVE/16-158     0.91520636    0.98266191    0.90650437    0.59174315    0.41039877    0.00000000    0.34185485    0.40760931    2.39243787    3.89331947    3.68774510    2.12838502    2.50631748    2.16373237    2.56193338    2.11066110    2.85246729    1.93107920    1.83779067    1.87203906    2.00903797    1.84146431    1.70213569    2.18502932    1.65115874    1.64044908    1.76324506    1.46626805    1.48569048    1.66003918    1.78711654    2.79585428    2.55706693    2.66419022    2.47683535    2.31100305    2.33707963    2.02310828    2.40513816    2.41578125    2.61301332    2.44596696    2.76754236    2.80805313    2.56053703    2.70951531    1.93481097    1.99173076    2.12608372    1.62963320    2.05058937    1.87358331    1.71793684    2.02523582    1.57674603
A4YW57_BRASO/15-157     0.86379126    0.76953643    0.74531946    0.55955955    0.37216723    0.34185485    0.00000000    0.25261918    2.32229746    3.55498437    3.32430787    2.25581597    2.58322698    2.18493254    2.70138097    2.22775812    3.02452233    2.07989878    1.96513842    1.92664424    2.00603461    1.85558807    1.72694917    2.18470403    1.77865066    1.77669411    1.78698380    1.39612061    1.45475175    1.72342994    2.10445149    2.29605106    2.10760890    2.65872091    2.18601575    2.22349874    2.37392346    2.05823477    2.34163507    2.54017802    2.64494995    2.47838422    2.65880029    2.56860715    2.61989112    2.69915735    1.86890676    2.05391071    2.28234788    1.78875848    1.97913442    1.95883561    1.53690184    1.90743129    1.60711635
Q1QPZ0_NITHX/15-157     0.95319041    0.97711752    0.81173039    0.57707522    0.36583982    0.40760931    0.25261918    0.00000000    2.25743292    3.57596177    3.54989409    2.15091740    2.42239928    2.21003960    2.38801325    2.24987970    2.97011576    2.05517643    1.90073681    1.84555871    2.06025074    1.86176703    1.73412689    2.11177231    1.80628069    1.76134840    1.86798680    1.54188194    1.43270704    1.85189459    2.02152155    2.32333206    2.10631780    2.73157826    2.44665725    2.31415564    2.46435814    2.18315617    2.42567895    2.51792685    2.74016980    2.57105042    2.80712377    2.57860996    2.63900485    2.55604530    1.96231152    2.05276335    2.33739265    1.77010477    1.93633669    1.82337547    1.67141221    1.92146535    1.65817780
A0LPY3_SYNFM/12-153     2.38053837    2.44706089    2.18610354    2.43718443    2.26106132    2.39243787    2.32229746    2.25743292    0.00000000    2.68182699    3.77413157    2.22575071    2.64771269    2.83555714    2.59257743    3.36917144    3.63498669    2.41207927    2.44130934    2.49430902    2.58520955    2.39158473    2.47276766    2.45401621    2.43425727    2.45152632    2.47224657    2.54198308    2.39489401    2.73392188    2.52316972    2.32406114    3.19900299    2.56462741    2.42699936    2.21053958    2.64464305    2.32310828    2.97848861    2.60316686    2.73954129    2.74654287    2.86587833    3.30242074    2.80860624    2.76355811    1.92603906    2.36112418    2.57252936    2.36625056    1.95615674    2.27671745    2.22019895    2.34039489    2.16680992
TUBE_BPT4/17-163     3.58394181    3.42935870    3.45923115    3.62336350    3.65862007    3.89331947    3.55498437    3.57596177    2.68182699    0.00000000    3.47862969    4.30938914    4.25937832    3.85817029    3.21869039    3.88987893    3.39459379    4.29451568    3.88473389    3.84838511    3.95186189    3.41499191    3.77820662    4.34555649    4.34946573    4.03317649    4.29085767    3.88309334    3.72951694    4.39129813    3.79619953    4.47324726    6.49649396    4.46159840    4.54810416    4.16974796    4.36337033    4.58489720    4.21665725    4.83921104    5.33602245    4.74486042    5.09119480    5.38448623    4.62999322    3.80852851    3.93702261    4.16698620    4.53291252    3.72721571    3.43022982    3.72800883    3.09626078    2.54521913    3.29014366
TTTP_BPT4/14-165     4.32897530    3.55513738    3.67391671    3.89348176    3.61276747    3.68774510    3.32430787    3.54989409    3.77413157    3.47862969    0.00000000    3.76966925    4.03633696    3.83174541    4.30413143    3.49520227    3.85192613    3.47604570    3.81828445    4.08428562    3.49807107    3.47116782    3.67790376    3.76875230    3.66839910    3.97010633    4.08446260    4.17723033    3.78514578    4.25298842    3.97283254    4.30326663    3.98995376    3.59946618    3.26738162    3.44683172    3.09911287    3.66971165    3.03915731    3.61504624    4.05831333    3.73194389    3.87821347    4.37817057    4.94310371    4.08881570    3.49427749    3.83889466    3.90246999    3.42633712    4.21614701    4.31414273    3.39417732    3.62173889    3.70036636
Q7NNI3_GLOVI/15-152     2.19968467    2.15720801    2.08244506    2.12944139    1.93622717    2.12838502    2.25581597    2.15091740    2.22575071    4.30938914    3.76966925    0.00000000    2.17325785    1.79241781    1.94604215    2.57822408    2.78812950    1.85218903    2.25022630    2.14940183    2.34669420    2.20741887    2.03465072    2.45729029    2.20366973    2.06491792    1.93862265    2.20555532    2.26490932    2.31857843    1.93515797    2.25999900    2.36143485    2.22290129    1.90451069    2.01470062    2.29371828    2.41430655    2.51783967    2.24081142    2.27917644    2.21477994    2.45867383    2.71829893    2.30837406    2.31215724    1.59001025    1.71432217    1.62120114    1.86819460    2.25875222    1.94211337    1.99012140    2.13438989    1.92436389
E3FKR1_STIAD/4-125     2.24318382    2.49832332    2.34673479    2.30717538    2.46736099    2.50631748    2.58322698    2.42239928    2.64771269    4.25937832    4.03633696    2.17325785    0.00000000    2.21056487    2.27762730    3.08501937    3.01925642    2.19228935    2.45415382    2.53771346    2.56656042    2.45053348    2.63450171    2.47930029    2.91072526    2.45279833    2.39991530    2.45369071    2.70321229    3.00827912    1.95288429    2.36848824    2.89954039    2.42587645    2.80058465    2.50421628    2.90568471    2.48993665    2.46795245    2.05449974    2.45836312    2.23609427    2.18718843    2.52521735    2.22298076    3.08903617    1.73464252    2.22172436    2.45448226    1.90261461    2.20786281    1.86492916    1.82564962    1.92976883    1.99022395
Q2N8N9_ERYLH/9-147     2.25911169    2.72334590    2.47893129    2.25979451    2.12093376    2.16373237    2.18493254    2.21003960    2.83555714    3.85817029    3.83174541    1.79241781    2.21056487    0.00000000    1.80440631    2.26329650    2.46335539    1.70351695    2.15631550    2.12196267    2.07185007    1.82718480    1.94707856    1.93076740    2.14144880    2.06700032    2.17524296    1.96155584    1.93937694    2.22511737    1.95854465    2.49927411    2.44156786    1.78100775    1.78658942    1.56143583    1.88029745    1.74456498    1.91394201    1.74018611    2.02634107    1.88840781    1.68959610    1.84469540    1.91489329    2.16826799    1.67630085    1.53536343    1.71873755    1.41858670    1.98109688    1.73814139    1.72317770    1.93425985    1.71760966
Q7NDX9_GLOVI/10-168     2.71757934    2.56198953    2.58575863    3.20873612    2.58642312    2.56193338    2.70138097    2.38801325    2.59257743    3.21869039    4.30413143    1.94604215    2.27762730    1.80440631    0.00000000    1.83943392    2.09668599    2.33406260    1.69564725    1.87612879    1.95390887    1.95743305    2.05701529    2.18177475    2.23971243    2.12933221    2.01881588    2.20754210    2.13624290    2.48536435    1.66096865    2.42795299    2.65189989    2.10201257    2.53933309    2.22380124    2.67937276    2.55460101    3.26318470    1.88086020    2.40559242    2.28606193    2.12728199    2.63467286    2.33709747    2.66878359    1.67710876    1.69389084    2.18513289    1.87967421    2.05986957    1.63770378    1.87310255    1.99196610    1.99784312
Q7NDY1_GLOVI/7-150     2.97524910    2.79042245    2.95045801    2.43353970    2.30273354    2.11066110    2.22775812    2.24987970    3.36917144    3.88987893    3.49520227    2.57822408    3.08501937    2.26329650    1.83943392    0.00000000    1.35159512    2.50191789    2.54951374    2.52605240    2.79159845    2.15236194    2.30070234    2.44839076    2.18591518    2.17439788    2.27483668    2.17142651    2.32620811    2.37426433    2.08316945    2.49301580    3.17160602    2.34660562    2.47158379    2.38873069    2.44522711    2.82647682    2.75784349    2.14528445    2.83488274    2.68448982    2.51950313    2.71636337    2.14203607    2.31645744    1.59949968    1.94412951    1.73844798    1.75819272    2.28704588    1.97354681    1.82834544    2.52465875    2.13752808
Q7NDY0_GLOVI/10-154     3.27235721    3.15894809    2.99311795    2.82090722    2.84750173    2.85246729    3.02452233    2.97011576    3.63498669    3.39459379    3.85192613    2.78812950    3.01925642    2.46335539    2.09668599    1.35159512    0.00000000    3.24907443    2.46236570    2.12750400    2.58989085    2.46701017    2.63354721    2.71660369    2.48314558    2.56558076    2.69603462    2.48173697    2.50312797    3.22594116    2.48505286    2.70662788    3.20770060    2.62248519    2.58061815    2.51094884    2.47304966    2.91892543    2.70489258    2.35812951    2.78389068    2.36927531    1.97905387    2.74696199    2.29663320    2.28371655    1.88305648    2.46522536    2.16060574    2.13172116    2.98263318    2.51146620    2.54777755    2.77116566    2.74690207
Q2N8P1_ERYLH/10-148     2.28483094    2.26498560    2.29973212    2.22139195    1.93823434    1.93107920    2.07989878    2.05517643    2.41207927    4.29451568    3.47604570    1.85218903    2.19228935    1.70351695    2.33406260    2.50191789    3.24907443    0.00000000    1.63339627    1.82557491    1.73350072    1.31105801    1.48809535    1.41275931    1.37800408    1.41006361    1.39945297    1.30131248    1.41880420    1.59159365    1.58291759    2.08480012    2.20541128    2.15141645    2.03306037    1.94113086    2.16657711    2.39001576    2.71173693    1.67648823    2.11463876    2.07455856    2.15332093    2.44434199    2.63361125    2.70434099    1.70238568    1.86053635    1.95524557    1.49006422    1.87079761    1.88675502    1.55579435    1.99476390    1.70147317
Q7N676_PHOLL/15-145     2.19161643    2.19440607    2.01949631    2.18499440    1.75735366    1.83779067    1.96513842    1.90073681    2.44130934    3.88473389    3.81828445    2.25022630    2.45415382    2.15631550    1.69564725    2.54951374    2.46236570    1.63339627    0.00000000    0.54933994    0.39617060    1.06042747    1.39280751    1.22034877    1.22354803    1.11984535    1.19047853    1.11863855    1.19106139    1.60144421    1.61052619    2.01119460    2.03969526    2.03579339    1.78790376    1.78947562    1.69449872    1.74345755    2.11049714    1.62166371    1.79583567    1.67735732    1.69448564    2.12712965    1.93946616    2.04193014    1.46201101    1.90887843    1.82485293    1.60679955    1.73220721    1.66373434    1.64742771    1.75149955    1.68993499
Q12JV5_SHEDO/15-145     2.11428491    2.28151526    2.02725776    2.10667663    1.67464214    1.87203906    1.92664424    1.84555871    2.49430902    3.84838511    4.08428562    2.14940183    2.53771346    2.12196267    1.87612879    2.52605240    2.12750400    1.82557491    0.54933994    0.00000000    0.54139196    1.20601667    1.52436748    1.39210204    1.31648453    1.45847304    1.36985806    1.16240054    1.33105415    1.55147776    1.67213333    2.09837820    2.02381552    1.91244686    1.78444212    1.64160849    1.66580389    1.61258068    1.98747498    1.70809550    1.79244309    1.70519933    1.71392944    1.86906920    1.90411865    1.83241693    1.16233940    2.00856406    2.09516152    1.71456018    1.91443645    1.51729222    1.84065250    1.73143261    1.64527971
Q7N424_PHOLL/15-145     2.02294882    2.15231050    1.84667035    2.27348370    1.84672124    2.00903797    2.00603461    2.06025074    2.58520955    3.95186189    3.49807107    2.34669420    2.56656042    2.07185007    1.95390887    2.79159845    2.58989085    1.73350072    0.39617060    0.54139196    0.00000000    1.08007844    1.38035878    1.20483536    1.17393143    1.09321090    1.07892606    1.14608609    1.23848157    1.61815429    1.71139140    2.03578887    1.87757616    2.04959178    1.70105454    1.77091585    1.65372496    1.70764214    1.92142253    1.58678324    1.59973508    1.53564596    1.60896218    1.98706330    2.22288299    2.10240502    1.37701530    2.07203308    1.78043151    1.53572461    1.87295956    1.74065595    1.74281306    1.68254462    1.56173767
A6LEQ4_PARD8/13-146     2.18341775    2.08818319    2.07703767    2.02227562    1.77093228    1.84146431    1.85558807    1.86176703    2.39158473    3.41499191    3.47116782    2.20741887    2.45053348    1.82718480    1.95743305    2.15236194    2.46701017    1.31105801    1.06042747    1.20601667    1.08007844    0.00000000    0.57201306    0.52023066    0.54344108    0.42713460    0.36013482    0.64054313    0.70809893    0.96562328    1.32081635    1.77588650    1.78376034    1.95439739    1.90809422    1.71344198    1.76473012    1.62875195    1.98184444    1.63983739    1.87848343    1.78160269    1.57709849    1.64402296    2.34490425    2.17291539    1.21472936    1.51205035    1.57634571    1.25401829    1.49720045    1.40732967    1.36561112    1.77092279    1.53581771
Q09DG2_STIAD/15-148     1.98617909    1.89744022    1.91960350    1.78830192    1.65575562    1.70213569    1.72694917    1.73412689    2.47276766    3.77820662    3.67790376    2.03465072    2.63450171    1.94707856    2.05701529    2.30070234    2.63354721    1.48809535    1.39280751    1.52436748    1.38035878    0.57201306    0.00000000    0.69339308    0.66216068    0.55508223    0.54083596    0.75513815    0.74685661    0.92767081    1.43091663    1.87851882    1.95390487    1.76458731    1.86263530    1.71604208    1.78327229    1.95019509    1.92198688    1.65330245    1.93648088    1.96147752    1.88675896    1.87948650    2.32434941    2.13330054    1.54365394    1.54397044    1.82576084    1.32955707    1.66422110    1.41359605    1.44183592    2.13109930    1.57485053
A8LSA6_DINSH/15-148     2.48550055    2.11651235    2.15584561    2.15105366    2.06369916    2.18502932    2.18470403    2.11177231    2.45401621    4.34555649    3.76875230    2.45729029    2.47930029    1.93076740    2.18177475    2.44839076    2.71660369    1.41275931    1.22034877    1.39210204    1.20483536    0.52023066    0.69339308    0.00000000    0.51592539    0.46553700    0.42938568    0.74782930    0.79109059    0.96242233    1.45449909    1.93199158    1.82425205    1.91219105    1.95312246    1.84612608    1.87442079    1.75980941    1.85667868    1.51749445    1.92710295    1.90799573    1.49511079    1.64770634    2.26171493    2.17766986    1.26691642    1.68673830    1.76964052    1.43360013    1.80925147    1.28548974    1.47518213    2.12689446    1.64943160
Q160D8_ROSDO/16-148     2.09116502    1.99353823    1.98198943    1.94071930    1.69828873    1.65115874    1.77865066    1.80628069    2.43425727    4.34946573    3.66839910    2.20366973    2.91072526    2.14144880    2.23971243    2.18591518    2.48314558    1.37800408    1.22354803    1.31648453    1.17393143    0.54344108    0.66216068    0.51592539    0.00000000    0.48070343    0.42696035    0.65063342    0.61178378    0.95212027    1.53605747    1.94601098    2.12273372    1.88243996    1.68668278    1.82509909    1.49119396    1.64025955    1.73836788    1.53556907    1.72469823    1.94712222    1.55781700    1.71886047    2.26336776    2.06003695    1.37372297    1.60417252    1.64011492    1.26037211    1.68387553    1.39524929    1.37740603    1.81773292    1.40095912
Q12JU2_SHEDO/16-153     2.14025984    2.03927223    2.11533922    1.92501476    1.68308876    1.64044908    1.77669411    1.76134840    2.45152632    4.03317649    3.97010633    2.06491792    2.45279833    2.06700032    2.12933221    2.17439788    2.56558076    1.41006361    1.11984535    1.45847304    1.09321090    0.42713460    0.55508223    0.46553700    0.48070343    0.00000000    0.34325317    0.68130344    0.70009681    0.97478393    1.47170471    1.74377917    2.01968884    1.71534725    1.88260121    1.90969398    1.78999830    1.72218854    1.84117812    1.49333226    1.70386796    1.85844081    1.58302502    1.65340014    2.19114715    1.97556339    1.41588549    1.46999896    1.62847007    1.23635280    1.59567985    1.27456860    1.43739865    1.88799194    1.48240696
A1AKY6_PELPD/16-148     2.00138791    1.89857870    1.91953872    1.88456325    1.72094151    1.76324506    1.78698380    1.86798680    2.47224657    4.29085767    4.08446260    1.93862265    2.39991530    2.17524296    2.01881588    2.27483668    2.69603462    1.39945297    1.19047853    1.36985806    1.07892606    0.36013482    0.54083596    0.42938568    0.42696035    0.34325317    0.00000000    0.69369591    0.66679457    0.91292571    1.30882954    1.70285225    1.92704771    1.96012721    1.99022097    1.99554467    1.77515919    1.69017289    1.95947665    1.64892242    1.69811895    1.96796252    1.68595101    1.68522593    2.30623702    2.31109046    1.34692298    1.55954251    1.64591996    1.36112793    1.48777691    1.31357158    1.29386822    1.96119882    1.44241486
Q21LX8_SACD2/8-140     1.65606535    1.68241042    1.64885478    1.44025562    1.49222619    1.46626805    1.39612061    1.54188194    2.54198308    3.88309334    4.17723033    2.20555532    2.45369071    1.96155584    2.20754210    2.17142651    2.48173697    1.30131248    1.11863855    1.16240054    1.14608609    0.64054313    0.75513815    0.74782930    0.65063342    0.68130344    0.69369591    0.00000000    0.60452327    0.82080723    1.35682795    1.76972999    1.96819419    1.92224249    1.67656746    1.64577212    1.53068667    1.73219706    1.87772854    1.49644322    1.55048562    1.81302522    1.37620375    1.68825698    2.13475910    2.23364465    1.37093890    1.34371120    1.54097045    1.36602215    1.55549402    1.30011298    1.20852762    1.74718566    1.34751742
Q8YRW8_NOSS1/7-139     1.77791208    1.70029256    1.68135962    1.41236556    1.43852613    1.48569048    1.45475175    1.43270704    2.39489401    3.72951694    3.78514578    2.26490932    2.70321229    1.93937694    2.13624290    2.32620811    2.50312797    1.41880420    1.19106139    1.33105415    1.23848157    0.70809893    0.74685661    0.79109059    0.61178378    0.70009681    0.66679457    0.60452327    0.00000000    0.69047493    1.39595415    1.88710111    2.26554337    1.93099454    1.62210708    1.64027614    1.53064995    1.56902214    1.93752990    1.62757211    1.73823734    1.80058306    1.57524698    1.87213681    2.30241228    2.13911592    1.37108573    1.38671226    1.75586260    1.36136252    1.57832790    1.13429348    1.14373846    1.74793347    1.25409801
B5EGS1_GEOBB/9-142     1.89078606    1.77932504    1.85699539    1.74573372    1.64894780    1.66003918    1.72342994    1.85189459    2.73392188    4.39129813    4.25298842    2.31857843    3.00827912    2.22511737    2.48536435    2.37426433    3.22594116    1.59159365    1.60144421    1.55147776    1.61815429    0.96562328    0.92767081    0.96242233    0.95212027    0.97478393    0.91292571    0.82080723    0.69047493    0.00000000    1.64785295    1.84583010    2.01925878    2.08708795    1.88709443    1.83844749    1.71265157    2.02495368    2.27702670    1.95031965    1.75352791    2.04772347    1.83997355    1.97238297    2.72979635    2.26511732    1.56001026    1.74538000    2.00082925    1.71384314    1.83466346    1.34020828    1.60384144    1.99998358    1.63631754
Q28QA5_JANSC/10-142     2.39463722    2.22994277    2.15522284    2.15320541    1.79165104    1.78711654    2.10445149    2.02152155    2.52316972    3.79619953    3.97283254    1.93515797    1.95288429    1.95854465    1.66096865    2.08316945    2.48505286    1.58291759    1.61052619    1.67213333    1.71139140    1.32081635    1.43091663    1.45449909    1.53605747    1.47170471    1.30882954    1.35682795    1.39595415    1.64785295    0.00000000    1.70722020    2.06790780    1.90578127    1.96012662    1.88511429    2.27832591    1.86818683    2.10161074    1.61055310    1.95846571    2.07621016    1.97130586    2.24698440    2.09938572    2.35415331    1.18630389    1.42003730    1.46950672    1.35952062    1.54396645    1.43681409    1.29429571    1.78235927    1.51128776
Q9L0N9_STRCO/11-147     2.14942939    2.17541291    2.31365661    2.45825588    2.47884297    2.79585428    2.29605106    2.32333206    2.32406114    4.47324726    4.30326663    2.25999900    2.36848824    2.49927411    2.42795299    2.49301580    2.70662788    2.08480012    2.01119460    2.09837820    2.03578887    1.77588650    1.87851882    1.93199158    1.94601098    1.74377917    1.70285225    1.76972999    1.88710111    1.84583010    1.70722020    0.00000000    2.31575193    2.28469123    2.33060602    2.33937322    2.74352644    2.54893350    2.58083560    2.11653255    2.50618428    2.65421409    2.07735875    2.29331322    2.24295201    2.87175840    1.64288411    1.79487457    2.03143457    1.85367554    1.51985291    2.04385219    1.61376104    1.99891675    2.14742416
Q7N644_PHOLL/9-146     2.77259233    2.49787482    2.40015798    2.48093144    2.25560367    2.55706693    2.10760890    2.10631780    3.19900299    6.49649396    3.98995376    2.36143485    2.89954039    2.44156786    2.65189989    3.17160602    3.20770060    2.20541128    2.03969526    2.02381552    1.87757616    1.78376034    1.95390487    1.82425205    2.12273372    2.01968884    1.92704771    1.96819419    2.26554337    2.01925878    2.06790780    2.31575193    0.00000000    1.67260379    1.85555042    1.72431455    1.80778152    1.77497573    1.96582007    1.56256076    1.46945344    1.76636146    1.48106320    1.68750990    2.44137390    2.22641428    1.81562555    2.08407813    2.10745605    2.11172785    2.66836848    2.30341878    2.05781609    2.42097009    2.60029092
Q09DG1_STIAD/9-148     2.80019018    2.95910237    2.87294332    2.92168922    2.77976377    2.66419022    2.65872091    2.73157826    2.56462741    4.46159840    3.59946618    2.22290129    2.42587645    1.78100775    2.10201257    2.34660562    2.62248519    2.15141645    2.03579339    1.91244686    2.04959178    1.95439739    1.76458731    1.91219105    1.88243996    1.71534725    1.96012721    1.92224249    1.93099454    2.08708795    1.90578127    2.28469123    1.67260379    0.00000000    1.04869157    1.06456922    1.07313696    1.02924330    1.18457279    1.01454850    1.06670311    1.32625465    1.18860008    1.37717974    1.94475219    1.81565467    1.56553590    1.80490390    1.98005195    1.57784393    2.01143138    1.71375019    1.93659323    1.94603169    1.92222367
Q21LX7_SACD2/8-144     2.70917297    2.76623340    2.67559197    2.68475267    2.20669516    2.47683535    2.18601575    2.44665725    2.42699936    4.54810416    3.26738162    1.90451069    2.80058465    1.78658942    2.53933309    2.47158379    2.58061815    2.03306037    1.78790376    1.78444212    1.70105454    1.90809422    1.86263530    1.95312246    1.68668278    1.88260121    1.99022097    1.67656746    1.62210708    1.88709443    1.96012662    2.33060602    1.85555042    1.04869157    0.00000000    0.45662813    0.77973555    0.97269621    0.86822243    1.25576898    1.28239302    1.18401569    1.14753366    1.35664088    2.09419098    2.12230991    1.55408534    2.03624911    1.68019616    1.73777701    2.31288262    1.79722590    2.00105503    1.91439356    1.97744065
B9M7I5_GEODF/8-144     2.42412806    2.71097161    2.49025625    2.44170236    2.01289253    2.31100305    2.22349874    2.31415564    2.21053958    4.16974796    3.44683172    2.01470062    2.50421628    1.56143583    2.22380124    2.38873069    2.51094884    1.94113086    1.78947562    1.64160849    1.77091585    1.71344198    1.71604208    1.84612608    1.82509909    1.90969398    1.99554467    1.64577212    1.64027614    1.83844749    1.88511429    2.33937322    1.72431455    1.06456922    0.45662813    0.00000000    0.80619242    0.92002234    1.04120597    1.19979213    1.31665099    1.35001154    1.26270400    1.27850148    1.83786265    2.06912916    1.54204549    1.72437099    1.59404004    1.67038953    2.07840237    1.80343610    2.00179888    1.97833918    2.06762846
A3HTC0_9BACT/8-144     2.76645007    2.93753023    2.66062678    2.69441700    2.19275616    2.33707963    2.37392346    2.46435814    2.64464305    4.36337033    3.09911287    2.29371828    2.90568471    1.88029745    2.67937276    2.44522711    2.47304966    2.16657711    1.69449872    1.66580389    1.65372496    1.76473012    1.78327229    1.87442079    1.49119396    1.78999830    1.77515919    1.53068667    1.53064995    1.71265157    2.27832591    2.74352644    1.80778152    1.07313696    0.77973555    0.80619242    0.00000000    0.74662804    0.74006928    0.97485328    1.03473939    1.07650973    0.97409741    1.18490321    2.11563329    2.02344714    1.47952960    1.46592871    1.71951562    1.49310078    2.44062552    2.04490922    1.90879621    2.17238898    2.04218679
B5EGS2_GEOBB/8-143     2.62589362    2.72846883    2.47645831    2.29963239    1.90320115    2.02310828    2.05823477    2.18315617    2.32310828    4.58489720    3.66971165    2.41430655    2.48993665    1.74456498    2.55460101    2.82647682    2.91892543    2.39001576    1.74345755    1.61258068    1.70764214    1.62875195    1.95019509    1.75980941    1.64025955    1.72218854    1.69017289    1.73219706    1.56902214    2.02495368    1.86818683    2.54893350    1.77497573    1.02924330    0.97269621    0.92002234    0.74662804    0.00000000    0.91932509    1.26607033    1.15807486    1.15351954    1.38856922    1.23193781    2.09512986    1.94620655    1.47787872    1.75459205    1.78446455    1.62243647    2.36211691    1.87528274    1.86390835    1.85938632    1.98136712
Q8YRW9_NOSS1/8-164     2.22564700    2.13858143    2.13601848    2.32689586    2.19852965    2.40513816    2.34163507    2.42567895    2.97848861    4.21665725    3.03915731    2.51783967    2.46795245    1.91394201    3.26318470    2.75784349    2.70489258    2.71173693    2.11049714    1.98747498    1.92142253    1.98184444    1.92198688    1.85667868    1.73836788    1.84117812    1.95947665    1.87772854    1.93752990    2.27702670    2.10161074    2.58083560    1.96582007    1.18457279    0.86822243    1.04120597    0.74006928    0.91932509    0.00000000    1.06596915    1.17534133    1.32099116    1.09369820    1.06168207    2.11284146    2.33553983    1.68422816    1.83239527    1.67449619    1.69740435    2.40487645    1.84414881    2.08828604    2.16729689    2.10567657
A8LSA5_DINSH/7-146     2.47455504    2.54428433    2.49654774    2.63438263    2.46109720    2.41578125    2.54017802    2.51792685    2.60316686    4.83921104    3.61504624    2.24081142    2.05449974    1.74018611    1.88086020    2.14528445    2.35812951    1.67648823    1.62166371    1.70809550    1.58678324    1.63983739    1.65330245    1.51749445    1.53556907    1.49333226    1.64892242    1.49644322    1.62757211    1.95031965    1.61055310    2.11653255    1.56256076    1.01454850    1.25576898    1.19979213    0.97485328    1.26607033    1.06596915    0.00000000    0.89647826    1.03022383    0.76347869    1.10341584    2.09518649    1.90792576    1.20023029    1.49243627    1.54606643    1.32875768    1.91397723    1.62098916    1.65511427    2.14486762    1.61985483
A1AKY5_PELPD/16-154     2.32494057    2.58899280    2.38523712    2.54263744    2.62350293    2.61301332    2.64494995    2.74016980    2.73954129    5.33602245    4.05831333    2.27917644    2.45836312    2.02634107    2.40559242    2.83488274    2.78389068    2.11463876    1.79583567    1.79244309    1.59973508    1.87848343    1.93648088    1.92710295    1.72469823    1.70386796    1.69811895    1.55048562    1.73823734    1.75352791    1.95846571    2.50618428    1.46945344    1.06670311    1.28239302    1.31665099    1.03473939    1.15807486    1.17534133    0.89647826    0.00000000    0.71216069    0.78015065    0.97122489    2.06852135    2.29572524    1.56182486    1.30145045    1.68014141    1.63989416    2.20327609    1.65914743    1.85490041    2.16466825    1.89366985
Q12JU3_SHEDO/15-154     2.18664393    2.46249076    2.21489867    2.41567743    2.22403063    2.44596696    2.47838422    2.57105042    2.74654287    4.74486042    3.73194389    2.21477994    2.23609427    1.88840781    2.28606193    2.68448982    2.36927531    2.07455856    1.67735732    1.70519933    1.53564596    1.78160269    1.96147752    1.90799573    1.94712222    1.85844081    1.96796252    1.81302522    1.80058306    2.04772347    2.07621016    2.65421409    1.76636146    1.32625465    1.18401569    1.35001154    1.07650973    1.15351954    1.32099116    1.03022383    0.71216069    0.00000000    0.78902877    1.23578632    1.92343199    2.41483539    1.51935721    1.72375070    1.63079526    1.42673546    2.15620331    1.71182089    1.94616972    2.09354099    1.94528480
Q160D7_ROSDO/8-148     2.40173102    2.85134502    2.28873246    2.54662497    2.60419366    2.76754236    2.65880029    2.80712377    2.86587833    5.09119480    3.87821347    2.45867383    2.18718843    1.68959610    2.12728199    2.51950313    1.97905387    2.15332093    1.69448564    1.71392944    1.60896218    1.57709849    1.88675896    1.49511079    1.55781700    1.58302502    1.68595101    1.37620375    1.57524698    1.83997355    1.97130586    2.07735875    1.48106320    1.18860008    1.14753366    1.26270400    0.97409741    1.38856922    1.09369820    0.76347869    0.78015065    0.78902877    0.00000000    0.93082809    2.08919970    1.95045812    1.42710112    1.63841652    1.81259174    1.52285208    1.92860938    1.62278556    1.75511837    2.08188821    1.84678389
A6LEQ5_PARD8/12-148     2.56028524    2.74184032    2.49710559    2.52291019    2.40310574    2.80805313    2.56860715    2.57860996    3.30242074    5.38448623    4.37817057    2.71829893    2.52521735    1.84469540    2.63467286    2.71636337    2.74696199    2.44434199    2.12712965    1.86906920    1.98706330    1.64402296    1.87948650    1.64770634    1.71886047    1.65340014    1.68522593    1.68825698    1.87213681    1.97238297    2.24698440    2.29331322    1.68750990    1.37717974    1.35664088    1.27850148    1.18490321    1.23193781    1.06168207    1.10341584    0.97122489    1.23578632    0.93082809    0.00000000    2.02692130    2.09946970    1.52268547    1.66727610    1.83528316    1.84287326    2.37489761    1.95366761    2.18485727    2.01920078    1.95770245
Q9L0P3_STRCO/8-139     2.57531331    2.60576594    2.43237623    2.52042695    2.42853610    2.56053703    2.61989112    2.63900485    2.80860624    4.62999322    4.94310371    2.30837406    2.22298076    1.91489329    2.33709747    2.14203607    2.29663320    2.63361125    1.93946616    1.90411865    2.22288299    2.34490425    2.32434941    2.26171493    2.26336776    2.19114715    2.30623702    2.13475910    2.30241228    2.72979635    2.09938572    2.24295201    2.44137390    1.94475219    2.09419098    1.83786265    2.11563329    2.09512986    2.11284146    2.09518649    2.06852135    1.92343199    2.08919970    2.02692130    0.00000000    1.32997841    1.48318286    1.99187321    1.72878845    1.65790022    2.16305834    1.74341550    2.30616762    2.39459164    2.16373258
A8L320_FRASN/40-173     3.29883907    3.13665568    2.86898556    2.74955055    2.42188059    2.70951531    2.69915735    2.55604530    2.76355811    3.80852851    4.08881570    2.31215724    3.08903617    2.16826799    2.66878359    2.31645744    2.28371655    2.70434099    2.04193014    1.83241693    2.10240502    2.17291539    2.13330054    2.17766986    2.06003695    1.97556339    2.31109046    2.23364465    2.13911592    2.26511732    2.35415331    2.87175840    2.22641428    1.81565467    2.12230991    2.06912916    2.02344714    1.94620655    2.33553983    1.90792576    2.29572524    2.41483539    1.95045812    2.09946970    1.32997841    0.00000000    1.49587295    2.03504940    1.92991670    1.90768312    2.54723001    2.09459990    2.51868744    2.22785760    1.93975108
A5UTU9_ROSS1/9-140     2.51554771    2.39714230    2.08098555    2.22045006    1.78134316    1.93481097    1.86890676    1.96231152    1.92603906    3.93702261    3.49427749    1.59001025    1.73464252    1.67630085    1.67710876    1.59949968    1.88305648    1.70238568    1.46201101    1.16233940    1.37701530    1.21472936    1.54365394    1.26691642    1.37372297    1.41588549    1.34692298    1.37093890    1.37108573    1.56001026    1.18630389    1.64288411    1.81562555    1.56553590    1.55408534    1.54204549    1.47952960    1.47787872    1.68422816    1.20023029    1.56182486    1.51935721    1.42710112    1.52268547    1.48318286    1.49587295    0.00000000    1.08143551    1.10567655    1.02317159    1.37333419    1.20226238    1.27076485    1.43574317    1.30346289
Q74EI3_GEOSL/11-142     2.36405978    2.25703155    2.08943263    2.06649378    1.91824889    1.99173076    2.05391071    2.05276335    2.36112418    4.16698620    3.83889466    1.71432217    2.22172436    1.53536343    1.69389084    1.94412951    2.46522536    1.86053635    1.90887843    2.00856406    2.07203308    1.51205035    1.54397044    1.68673830    1.60417252    1.46999896    1.55954251    1.34371120    1.38671226    1.74538000    1.42003730    1.79487457    2.08407813    1.80490390    2.03624911    1.72437099    1.46592871    1.75459205    1.83239527    1.49243627    1.30145045    1.72375070    1.63841652    1.66727610    1.99187321    2.03504940    1.08143551    0.00000000    1.07876271    1.08458178    1.54662609    1.39625432    1.01382261    1.80711578    1.40788455
B8I231_RUMCH/23-154     2.02774792    2.07236187    1.92815025    2.23005900    1.94628927    2.12608372    2.28234788    2.33739265    2.57252936    4.53291252    3.90246999    1.62120114    2.45448226    1.71873755    2.18513289    1.73844798    2.16060574    1.95524557    1.82485293    2.09516152    1.78043151    1.57634571    1.82576084    1.76964052    1.64011492    1.62847007    1.64591996    1.54097045    1.75586260    2.00082925    1.46950672    2.03143457    2.10745605    1.98005195    1.68019616    1.59404004    1.71951562    1.78446455    1.67449619    1.54606643    1.68014141    1.63079526    1.81259174    1.83528316    1.72878845    1.92991670    1.10567655    1.07876271    0.00000000    1.08409532    1.57389509    1.57362815    1.41663863    1.85597000    1.46330850
Q3JA07_NITOC/11-144     1.81373732    1.94950325    1.76023475    1.62555384    1.50130144    1.62963320    1.78875848    1.77010477    2.36625056    3.72721571    3.42633712    1.86819460    1.90261461    1.41858670    1.87967421    1.75819272    2.13172116    1.49006422    1.60679955    1.71456018    1.53572461    1.25401829    1.32955707    1.43360013    1.26037211    1.23635280    1.36112793    1.36602215    1.36136252    1.71384314    1.35952062    1.85367554    2.11172785    1.57784393    1.73777701    1.67038953    1.49310078    1.62243647    1.69740435    1.32875768    1.63989416    1.42673546    1.52285208    1.84287326    1.65790022    1.90768312    1.02317159    1.08458178    1.08409532    0.00000000    1.10102472    1.12252684    0.94595258    1.19292238    1.12337596
