46
Q3IG68_PSET1/2-116     0.00000000    1.58391014    1.62335538    1.54838165    1.24371848    1.34582820    1.44138904    1.37949316    1.41523686    1.31798791    1.47127980    1.35735290    1.54530021    1.29376568    1.38914989    1.37055110    1.39227346    1.32242786    1.42707564    1.09542090    1.47908785    1.39654975    1.30754097    1.23012668    1.38502489    1.30806871    1.44408954    1.70931797    1.49037463    2.30883736    2.37269929    2.28455214    2.32285051    2.44836120    2.69125097    3.16990662    2.03072216    2.05973098    2.39434722    2.33889959    2.34236364    2.63461075    2.61296172    2.54115224    1.45729360    1.32614119
F2K4B2_MARM1/23-142     1.58391014    0.00000000    2.01690699    2.26955245    1.90001749    1.81334857    1.54944635    1.70257695    1.77679263    1.84893608    1.87663082    1.89405198    1.32493068    1.85063860    1.77740233    1.45037500    1.58906337    1.59082630    1.71485939    1.64947987    1.42395689    1.77525810    1.60595682    1.79138007    1.67639716    1.71804652    1.57199001    1.66688373    1.87587727    2.92196121    3.55234385    2.58467224    2.53383454    2.76540640    2.77003037    2.75005795    2.36119446    2.37050202    2.42897494    2.40433271    2.30624686    2.77449066    2.99818740    2.78859418    1.55320096    1.45045457
Q12J77_SHEDO/36-144     1.62335538    2.01690699    0.00000000    0.60419515    1.18491819    1.35675261    1.38589669    1.23291290    1.62641791    1.51641346    1.56647196    1.50591140    1.83346371    1.55121987    1.51288721    1.45220875    1.77862198    1.64914591    1.83283812    1.69120938    1.58057652    1.46075135    1.39128269    1.34362555    1.48183566    1.62244581    1.61154223    1.68269526    1.95465657    2.41963706    2.28121279    1.91721874    2.22457263    2.82673560    2.23427390    2.46554628    2.28792784    2.00440595    2.31649209    2.84103857    2.49694946    2.72526642    2.88360562    3.03660160    1.92191500    1.70619573
A1SA42_SHEAM/22-133     1.54838165    2.26955245    0.60419515    0.00000000    1.32561688    1.46068984    1.38375701    1.27999795    1.44873540    1.37166680    1.55985747    1.41716283    1.77289649    1.43359569    1.54023854    1.57249843    1.73294943    1.42737060    1.68965038    1.78867628    1.59323128    1.48906147    1.43544881    1.30136830    1.68805032    1.63359268    1.61173725    1.60549754    1.68812852    2.64312356    2.30293848    1.82381911    2.10610147    2.67586077    1.87694624    2.47432828    1.82541173    1.90445565    2.57976602    2.55928965    2.58379733    2.65127098    3.56147776    3.35725319    1.83152368    1.76310000
C4L9C3_TOLAT/27-141     1.24371848    1.90001749    1.18491819    1.32561688    0.00000000    0.68036364    0.59541243    0.86202427    0.88542138    0.85741757    0.78050072    0.93798573    1.05370812    0.88133819    0.92755906    1.22626862    1.22816006    1.26967915    1.52073482    1.35913871    1.38759874    1.07977549    1.03269312    1.06542350    1.15257514    1.10266542    1.33693594    1.25385039    1.25183579    2.28759211    1.98624019    1.95744978    2.06507864    2.07713475    1.99198416    2.48335119    1.85507668    1.56416680    1.97532390    1.92847121    1.94496127    2.22562650    2.58663055    2.44365653    1.36570960    1.09325742
H2FVC6_OCESG/25-140     1.34582820    1.81334857    1.35675261    1.46068984    0.68036364    0.00000000    0.70773541    1.05204558    1.22822070    1.08432785    1.04547735    1.20937416    1.22110905    0.97655645    1.17775669    1.55422775    1.57716708    1.35755816    1.56434411    1.53147984    1.35213053    1.14972788    1.19517674    1.16175233    1.38242864    1.28386062    1.27713402    1.28679487    1.37728441    2.21022265    2.28462461    1.92467391    2.01768412    2.15588115    2.46306465    2.62658074    1.70352594    1.91771619    2.32862897    2.34390247    2.47770706    2.85946723    3.49221547    3.01898561    1.45699334    1.45144371
A0KPL1_AERHH/28-143     1.44138904    1.54944635    1.38589669    1.38375701    0.59541243    0.70773541    0.00000000    0.82192310    0.82322591    0.88669014    0.85757838    0.94567089    0.94859476    0.95914636    1.00526782    1.19703650    1.22943695    1.22836985    1.53758834    1.44247783    1.42119221    1.22387576    1.20856136    1.15174430    1.35149943    1.21755355    1.41680053    1.12967167    1.39012467    2.72008680    2.51900341    2.15327013    2.13862085    2.12297073    2.32690381    2.57953459    1.65767691    1.52134892    2.07292914    2.01595567    2.26127191    2.25018951    2.81448014    2.41794311    1.40843331    1.23900358
Q6DAC3_PECAS/22-136     1.37949316    1.70257695    1.23291290    1.27999795    0.86202427    1.05204558    0.82192310    0.00000000    0.86869169    0.74377403    0.74371346    0.74690572    1.04703659    1.13377242    1.20528363    1.35663572    1.45339129    1.15331700    1.43167527    1.57353879    1.49653391    1.16264489    1.19266837    1.26264433    1.40975240    1.29831398    1.25117874    1.23955847    1.42668141    2.45611546    2.14550593    1.81581481    2.02381826    2.59242794    1.81113858    2.39557180    1.97363683    1.80234322    2.05813248    2.17091729    1.87729647    2.33523561    2.91663526    2.69405590    1.55093461    1.21933449
Q6LUZ2_PHOPR/22-137     1.41523686    1.77679263    1.62641791    1.44873540    0.88542138    1.22822070    0.82322591    0.86869169    0.00000000    0.71829057    0.88104897    0.89656039    1.21028448    1.03518628    0.97986599    1.17780437    1.29018793    1.24925954    1.51382315    1.19540119    1.53763719    1.41441764    1.35466511    1.33106357    1.62772651    1.41523588    1.45258578    1.36939143    1.37244878    2.50374867    2.18926154    2.17583175    1.88681978    2.44764487    2.26787152    2.79308590    1.95280071    1.97203371    2.35648987    1.88094205    2.11391718    2.11044685    3.42138009    2.80028758    1.36607765    1.28109738
Q5E2M0_ALIF1/34-147     1.31798791    1.84893608    1.51641346    1.37166680    0.85741757    1.08432785    0.88669014    0.74377403    0.71829057    0.00000000    0.53086769    0.56491770    1.20321789    1.30163730    1.21236655    1.33176913    1.31104598    1.03469221    1.61550238    1.33658488    1.39127899    1.32966263    1.30169972    1.32473628    1.39185575    1.31884713    1.38817754    1.25563148    1.23485423    2.36654196    1.97793663    2.12266445    2.29209878    2.55642709    2.29898791    2.70065598    1.78447181    1.97678677    2.36011076    2.05090268    2.22313085    2.15316998    3.27506129    3.37860858    1.46233693    1.27902975
Q9KPD6_VIBCH/27-140     1.47127980    1.87663082    1.56647196    1.55985747    0.78050072    1.04547735    0.85757838    0.74371346    0.88104897    0.53086769    0.00000000    0.34904801    1.28588840    1.31594360    1.33151188    1.25409088    1.20621458    1.19516748    1.46114810    1.28404958    1.35047089    1.07471593    1.15975338    1.08782443    1.18440026    1.04525973    1.20929283    1.16748209    1.11268494    2.42780468    2.06866948    2.00659126    2.03073700    2.35974305    2.06303480    2.73182680    1.77961155    1.81297933    2.11102012    1.83414078    1.95639971    2.12494151    2.90571490    2.54747434    1.31960376    1.10733584
B7VIX4_VIBA3/27-140     1.35735290    1.89405198    1.50591140    1.41716283    0.93798573    1.20937416    0.94567089    0.74690572    0.89656039    0.56491770    0.34904801    0.00000000    1.30376355    1.56495875    1.45954984    1.33823404    1.41715318    1.26127404    1.83408806    1.47585441    1.49230713    1.27564902    1.28819312    1.29510698    1.46883634    1.30471061    1.32282069    1.32924385    1.35318140    2.45232620    2.45660181    2.05570426    2.14216621    2.46751617    2.19986662    2.98420559    1.93276687    1.83885653    2.36231323    2.13951593    2.11445171    2.46735492    3.14276444    2.84454152    1.52894544    1.44649045
Q5QY22_IDILO/22-136     1.54530021    1.32493068    1.83346371    1.77289649    1.05370812    1.22110905    0.94859476    1.04703659    1.21028448    1.20321789    1.28588840    1.30376355    0.00000000    1.20538293    1.25611491    1.39212792    1.69304126    1.43686762    1.59823491    1.47130601    1.57631622    1.48143234    1.54116348    1.53202996    1.64864258    1.49403605    1.56342294    1.38238026    1.53808548    2.53045114    2.40717744    2.07601520    1.93088712    2.30303360    2.51939126    2.83316823    1.85968720    1.86084034    2.20886475    2.46485953    2.35855683    2.46998099    2.83880552    3.02880861    1.59380294    1.25869796
G4QMM8_GLANF/84-197     1.29376568    1.85063860    1.55121987    1.43359569    0.88133819    0.97655645    0.95914636    1.13377242    1.03518628    1.30163730    1.31594360    1.56495875    1.20538293    0.00000000    0.57501485    1.21601797    1.28434791    1.41907224    1.32701297    1.38097230    1.32714059    1.36502589    1.37484306    1.35527356    1.40453001    1.36433418    1.53818899    1.65347168    1.56266299    1.97835201    2.07040078    1.86265259    1.99082080    2.05076850    2.32841725    2.65838287    1.71828633    1.85116224    2.29393219    1.99004339    2.25040829    2.20936621    2.58638914    2.28136199    1.41568052    1.22021433
K7AKS8_9ALTE/26-146     1.38914989    1.77740233    1.51288721    1.54023854    0.92755906    1.17775669    1.00526782    1.20528363    0.97986599    1.21236655    1.33151188    1.45954984    1.25611491    0.57501485    0.00000000    1.22166120    1.27360837    1.29981689    1.63745853    1.27473111    1.20418553    1.33176700    1.39696670    1.34754411    1.30435568    1.26957585    1.55532814    1.58990940    1.70987012    1.96209396    2.24453075    1.83752862    1.89388042    2.68769376    2.22502126    2.69660124    1.80575057    1.84466408    2.16233946    2.00452181    2.22936867    2.22952564    2.85221542    2.67891765    1.31784597    1.18540949
B3PCJ8_CELJU/37-154     1.37055110    1.45037500    1.45220875    1.57249843    1.22626862    1.55422775    1.19703650    1.35663572    1.17780437    1.33176913    1.25409088    1.33823404    1.39212792    1.21601797    1.22166120    0.00000000    1.01009223    1.06499189    1.39665158    1.20720886    1.10208054    1.00113986    1.06442593    1.07337223    1.12601556    0.98420661    1.33745992    1.23528794    1.18900451    1.76859428    1.96447292    1.88994154    1.86570320    2.16883182    2.16585852    2.52197072    1.70612611    1.80362320    2.27361770    1.76952151    1.80084384    1.97200549    2.54122483    2.34656068    1.08147070    1.19086797
K4KZP0_SIMAS/27-145     1.39227346    1.58906337    1.77862198    1.73294943    1.22816006    1.57716708    1.22943695    1.45339129    1.29018793    1.31104598    1.20621458    1.41715318    1.69304126    1.28434791    1.27360837    1.01009223    0.00000000    1.14398518    1.37838842    1.08476252    1.14407457    1.22402388    1.22980820    1.20223804    1.27636039    1.23013806    1.18773730    1.26451976    1.24573933    2.50354597    2.66458847    2.28861955    2.29855195    2.25915405    2.34995654    2.27093825    1.77661609    1.66453678    1.96114324    1.77554935    1.63811362    1.91460033    2.54709623    2.28834447    1.32257271    1.20810804
Q2S9N1_HAHCH/22-140     1.32242786    1.59082630    1.64914591    1.42737060    1.26967915    1.35755816    1.22836985    1.15331700    1.24925954    1.03469221    1.19516748    1.26127404    1.43686762    1.41907224    1.29981689    1.06499189    1.14398518    0.00000000    0.77759708    1.30739782    1.39896745    1.15156264    1.11662000    1.15076366    1.19978436    1.11254223    1.10619666    1.40781787    1.32289617    1.84280588    2.26485233    1.90255609    1.94871858    2.32135005    2.20929569    2.11021014    1.73045313    1.86918991    1.93876188    1.70812296    1.66483301    1.89918474    2.57504562    2.15110930    1.31651837    1.01386308
M1FA26_9ALTE/28-147     1.42707564    1.71485939    1.83283812    1.68965038    1.52073482    1.56434411    1.53758834    1.43167527    1.51382315    1.61550238    1.46114810    1.83408806    1.59823491    1.32701297    1.63745853    1.39665158    1.37838842    0.77759708    0.00000000    1.45454163    1.45265378    1.30514759    1.23025500    1.28104027    1.27353686    1.21606397    1.51585134    1.77717754    1.68596811    2.29228512    2.24704381    2.21952994    2.16224404    2.51146566    2.06843234    2.44218866    2.04961435    2.33896216    2.46435936    1.93579310    2.11267930    2.24911904    2.85039371    2.74006344    1.26828719    1.33828317
C5BTK5_TERTT/19-133     1.09542090    1.64947987    1.69120938    1.78867628    1.35913871    1.53147984    1.44247783    1.57353879    1.19540119    1.33658488    1.28404958    1.47585441    1.47130601    1.38097230    1.27473111    1.20720886    1.08476252    1.30739782    1.45454163    0.00000000    0.63855188    1.15289609    1.18887672    1.10460229    1.37698069    1.20396770    1.18950378    1.39879893    1.44864484    2.07973578    2.05831095    2.13838188    2.04703284    2.25052192    2.53984991    2.73355821    1.88252676    1.92753471    2.49640101    1.79946410    2.15755541    2.15182965    2.64701728    2.27196291    1.19123794    1.01024720
Q21NU4_SACD2/32-173     1.47908785    1.42395689    1.58057652    1.59323128    1.38759874    1.35213053    1.42119221    1.49653391    1.53763719    1.39127899    1.35047089    1.49230713    1.57631622    1.32714059    1.20418553    1.10208054    1.14407457    1.39896745    1.45265378    0.63855188    0.00000000    1.11317646    1.13973974    1.25273497    1.22614423    1.20674267    1.28093900    1.42112392    1.52642191    2.07710202    2.53862242    2.05311417    2.32990354    2.30578641    2.53642345    2.79476838    1.80742998    1.93533262    2.49694458    1.98476390    2.09168045    2.20013849    2.59965420    2.43623331    1.15256101    1.20671757
A4VR35_PSEU5/25-143     1.39654975    1.77525810    1.46075135    1.48906147    1.07977549    1.14972788    1.22387576    1.16264489    1.41441764    1.32966263    1.07471593    1.27564902    1.48143234    1.36502589    1.33176700    1.00113986    1.22402388    1.15156264    1.30514759    1.15289609    1.11317646    0.00000000    0.27705796    0.35645650    0.33026192    0.30000746    0.82696328    1.04533769    1.19846725    2.02396901    1.61801025    1.58589754    1.84571636    1.83693828    1.91270574    2.09085329    1.47017392    1.70538701    1.90263797    1.67588238    1.78031776    2.10300013    2.75919922    2.05651973    1.00071716    1.02921527
F6AKN7_PSEF1/27-145     1.30754097    1.60595682    1.39128269    1.43544881    1.03269312    1.19517674    1.20856136    1.19266837    1.35466511    1.30169972    1.15975338    1.28819312    1.54116348    1.37484306    1.39696670    1.06442593    1.22980820    1.11662000    1.23025500    1.18887672    1.13973974    0.27705796    0.00000000    0.23889736    0.24713933    0.27184560    0.83429270    1.09401373    1.19242431    1.87741014    1.72094686    1.70128802    1.77826767    1.87156830    1.85497254    2.18336409    1.41780153    1.64578054    1.93058859    1.70754718    1.83089106    1.88898151    2.64581421    2.03200777    0.95531956    1.10487287
Q9HUJ5_PSEAE/27-145     1.23012668    1.79138007    1.34362555    1.30136830    1.06542350    1.16175233    1.15174430    1.26264433    1.33106357    1.32473628    1.08782443    1.29510698    1.53202996    1.35527356    1.34754411    1.07337223    1.20223804    1.15076366    1.28104027    1.10460229    1.25273497    0.35645650    0.23889736    0.00000000    0.28372120    0.28291524    0.92401597    1.10342899    1.16443528    1.93848233    1.83626187    1.66069624    1.78440164    1.89110143    1.81522659    1.97809344    1.41086998    1.56398089    1.74532278    1.62271798    1.66846939    2.03602365    2.45364654    2.09780117    0.96059386    1.14140203
Q87VG5_PSESM/27-145     1.38502489    1.67639716    1.48183566    1.68805032    1.15257514    1.38242864    1.35149943    1.40975240    1.62772651    1.39185575    1.18440026    1.46883634    1.64864258    1.40453001    1.30435568    1.12601556    1.27636039    1.19978436    1.27353686    1.37698069    1.22614423    0.33026192    0.24713933    0.28372120    0.00000000    0.30354552    0.99816509    1.18524073    1.27179908    1.86892726    1.88035778    1.77952657    1.98616034    2.11868124    2.06046368    2.29085032    1.64801454    1.82311160    1.90436524    1.79634803    1.86977244    2.19098485    2.75300686    2.48325001    1.04223826    1.02946533
A4XPV9_PSEMY/25-143     1.30806871    1.71804652    1.62244581    1.63359268    1.10266542    1.28386062    1.21755355    1.29831398    1.41523588    1.31884713    1.04525973    1.30471061    1.49403605    1.36433418    1.26957585    0.98420661    1.23013806    1.11254223    1.21606397    1.20396770    1.20674267    0.30000746    0.27184560    0.28291524    0.30354552    0.00000000    0.99422504    1.09025047    1.08104493    2.00646744    1.76360383    1.67845337    1.91556928    1.95087203    1.98532554    1.98909223    1.55797075    1.67634077    1.91228237    1.65243214    1.73720403    2.22121866    2.74781806    2.32328803    1.04285391    1.10984008
E1V833_HALED/23-141     1.44408954    1.57199001    1.61154223    1.61173725    1.33693594    1.27713402    1.41680053    1.25117874    1.45258578    1.38817754    1.20929283    1.32282069    1.56342294    1.53818899    1.55532814    1.33745992    1.18773730    1.10619666    1.51585134    1.18950378    1.28093900    0.82696328    0.83429270    0.92401597    0.99816509    0.99422504    0.00000000    1.17805337    1.02557413    2.35335022    2.20792692    1.88022417    2.09261398    2.44237488    2.30020111    2.41243417    1.69420131    1.79472814    1.93438646    1.95427778    1.72518380    1.93584479    2.73670919    2.36382549    1.20598347    0.95878370
Q0VLK3_ALCBS/23-140     1.70931797    1.66688373    1.68269526    1.60549754    1.25385039    1.28679487    1.12967167    1.23955847    1.36939143    1.25563148    1.16748209    1.32924385    1.38238026    1.65347168    1.58990940    1.23528794    1.26451976    1.40781787    1.77717754    1.39879893    1.42112392    1.04533769    1.09401373    1.10342899    1.18524073    1.09025047    1.17805337    0.00000000    0.48836307    2.48502869    2.06336613    1.75070733    1.87811371    2.24588299    2.14257408    2.42858943    1.94622591    1.82288847    2.27427851    2.00059537    1.73943049    2.08156325    2.61038551    2.35972622    1.32790657    1.33943166
K0C8U3_ALCDB/23-139     1.49037463    1.87587727    1.95465657    1.68812852    1.25183579    1.37728441    1.39012467    1.42668141    1.37244878    1.23485423    1.11268494    1.35318140    1.53808548    1.56266299    1.70987012    1.18900451    1.24573933    1.32289617    1.68596811    1.44864484    1.52642191    1.19846725    1.19242431    1.16443528    1.27179908    1.08104493    1.02557413    0.48836307    0.00000000    2.60253902    2.41574179    2.30487030    2.25332944    2.56134377    2.33747805    2.73824723    1.85639150    1.98996394    2.42998571    2.23377883    2.02999570    2.44967595    3.20693827    2.48399475    1.27686130    1.34722000
Q604L1_METCA/23-139     2.30883736    2.92196121    2.41963706    2.64312356    2.28759211    2.21022265    2.72008680    2.45611546    2.50374867    2.36654196    2.42780468    2.45232620    2.53045114    1.97835201    1.96209396    1.76859428    2.50354597    1.84280588    2.29228512    2.07973578    2.07710202    2.02396901    1.87741014    1.93848233    1.86892726    2.00646744    2.35335022    2.48502869    2.60253902    0.00000000    1.10428101    1.02237986    1.02302102    1.47228170    1.78031339    2.00745349    1.49371126    1.77554990    1.87673888    1.29927405    1.43233932    1.37060967    1.93041169    2.11495765    2.00987962    1.87136092
G4SVR2_META2/23-139     2.37269929    3.55234385    2.28121279    2.30293848    1.98624019    2.28462461    2.51900341    2.14550593    2.18926154    1.97793663    2.06866948    2.45660181    2.40717744    2.07040078    2.24453075    1.96447292    2.66458847    2.26485233    2.24704381    2.05831095    2.53862242    1.61801025    1.72094686    1.83626187    1.88035778    1.76360383    2.20792692    2.06336613    2.41574179    1.10428101    0.00000000    0.68423614    0.75932329    1.46561292    1.44684929    1.87255566    1.56915528    1.78314716    2.03091390    1.56897740    1.76082516    1.42933392    2.48139131    2.62436758    1.87194054    2.08854792
G0A4G8_METMM/23-139     2.28455214    2.58467224    1.91721874    1.82381911    1.95744978    1.92467391    2.15327013    1.81581481    2.17583175    2.12266445    2.00659126    2.05570426    2.07601520    1.86265259    1.83752862    1.88994154    2.28861955    1.90255609    2.21952994    2.13838188    2.05311417    1.58589754    1.70128802    1.66069624    1.77952657    1.67845337    1.88022417    1.75070733    2.30487030    1.02237986    0.68423614    0.00000000    0.53079757    1.72411527    1.59849998    2.01073957    1.69387321    1.73228696    2.00909600    1.57357829    1.56360428    1.51463233    2.08279975    2.39371285    1.98578814    1.77240843
H8GIE4_METAL/23-139     2.32285051    2.53383454    2.22457263    2.10610147    2.06507864    2.01768412    2.13862085    2.02381826    1.88681978    2.29209878    2.03073700    2.14216621    1.93088712    1.99082080    1.89388042    1.86570320    2.29855195    1.94871858    2.16224404    2.04703284    2.32990354    1.84571636    1.77826767    1.78440164    1.98616034    1.91556928    2.09261398    1.87811371    2.25332944    1.02302102    0.75932329    0.53079757    0.00000000    1.56860361    1.66381011    1.74706577    1.62508405    1.79485423    2.16709382    1.70135575    1.48656888    1.55670173    2.30105013    2.33387211    1.90333182    2.12462488
L0GV28_9GAMM/33-148     2.44836120    2.76540640    2.82673560    2.67586077    2.07713475    2.15588115    2.12297073    2.59242794    2.44764487    2.55642709    2.35974305    2.46751617    2.30303360    2.05076850    2.68769376    2.16883182    2.25915405    2.32135005    2.51146566    2.25052192    2.30578641    1.83693828    1.87156830    1.89110143    2.11868124    1.95087203    2.44237488    2.24588299    2.56134377    1.47228170    1.46561292    1.72411527    1.56860361    0.00000000    1.03678385    1.10420498    0.99721046    1.04251226    1.04962754    1.37199016    1.40054583    1.16443664    2.02133398    1.94781507    2.12348258    2.39561397
S6BXQ3_9GAMM/34-146     2.69125097    2.77003037    2.23427390    1.87694624    1.99198416    2.46306465    2.32690381    1.81113858    2.26787152    2.29898791    2.06303480    2.19986662    2.51939126    2.32841725    2.22502126    2.16585852    2.34995654    2.20929569    2.06843234    2.53984991    2.53642345    1.91270574    1.85497254    1.81522659    2.06046368    1.98532554    2.30020111    2.14257408    2.33747805    1.78031339    1.44684929    1.59849998    1.66381011    1.03678385    0.00000000    1.06953785    0.92209117    0.96751510    1.07904304    1.42789035    1.39918046    1.17648203    2.27341193    2.21536873    2.11665909    2.31105106
V4IGD7_9GAMM/34-148     3.16990662    2.75005795    2.46554628    2.47432828    2.48335119    2.62658074    2.57953459    2.39557180    2.79308590    2.70065598    2.73182680    2.98420559    2.83316823    2.65838287    2.69660124    2.52197072    2.27093825    2.11021014    2.44218866    2.73355821    2.79476838    2.09085329    2.18336409    1.97809344    2.29085032    1.98909223    2.41243417    2.42858943    2.73824723    2.00745349    1.87255566    2.01073957    1.74706577    1.10420498    1.06953785    0.00000000    0.85114022    0.91568064    0.88939636    1.45167663    1.40365957    1.19318274    2.13018190    2.13301874    2.08997989    2.24745636
I3Y6R0_THIV6/14-128     2.03072216    2.36119446    2.28792784    1.82541173    1.85507668    1.70352594    1.65767691    1.97363683    1.95280071    1.78447181    1.77961155    1.93276687    1.85968720    1.71828633    1.80575057    1.70612611    1.77661609    1.73045313    2.04961435    1.88252676    1.80742998    1.47017392    1.41780153    1.41086998    1.64801454    1.55797075    1.69420131    1.94622591    1.85639150    1.49371126    1.56915528    1.69387321    1.62508405    0.99721046    0.92209117    0.85114022    0.00000000    0.51268672    0.68724380    1.17622323    1.32356425    1.09439386    1.78869029    1.78040378    1.40947601    1.57813864
D3RT45_ALLVD/34-148     2.05973098    2.37050202    2.00440595    1.90445565    1.56416680    1.91771619    1.52134892    1.80234322    1.97203371    1.97678677    1.81297933    1.83885653    1.86084034    1.85116224    1.84466408    1.80362320    1.66453678    1.86918991    2.33896216    1.92753471    1.93533262    1.70538701    1.64578054    1.56398089    1.82311160    1.67634077    1.79472814    1.82288847    1.98996394    1.77554990    1.78314716    1.73228696    1.79485423    1.04251226    0.96751510    0.91568064    0.51268672    0.00000000    0.59428655    1.15218257    1.33666226    1.15492172    1.75318252    1.75505902    1.80314886    1.84312004
W0DWM6_MARPU/33-145     2.39434722    2.42897494    2.31649209    2.57976602    1.97532390    2.32862897    2.07292914    2.05813248    2.35648987    2.36011076    2.11102012    2.36231323    2.20886475    2.29393219    2.16233946    2.27361770    1.96114324    1.93876188    2.46435936    2.49640101    2.49694458    1.90263797    1.93058859    1.74532278    1.90436524    1.91228237    1.93438646    2.27427851    2.42998571    1.87673888    2.03091390    2.00909600    2.16709382    1.04962754    1.07904304    0.88939636    0.68724380    0.59428655    0.00000000    1.33453926    1.15715966    1.16738271    1.50841103    1.79112872    2.05502540    1.96058685
W8KK52_9GAMM/31-149     2.33889959    2.40433271    2.84103857    2.55928965    1.92847121    2.34390247    2.01595567    2.17091729    1.88094205    2.05090268    1.83414078    2.13951593    2.46485953    1.99004339    2.00452181    1.76952151    1.77554935    1.70812296    1.93579310    1.79946410    1.98476390    1.67588238    1.70754718    1.62271798    1.79634803    1.65243214    1.95427778    2.00059537    2.23377883    1.29927405    1.56897740    1.57357829    1.70135575    1.37199016    1.42789035    1.45167663    1.17622323    1.15218257    1.33453926    0.00000000    0.83775155    0.60505952    1.72851515    1.66596766    1.90662575    1.72221438
L0DU46_THIND/31-148     2.34236364    2.30624686    2.49694946    2.58379733    1.94496127    2.47770706    2.26127191    1.87729647    2.11391718    2.22313085    1.95639971    2.11445171    2.35855683    2.25040829    2.22936867    1.80084384    1.63811362    1.66483301    2.11267930    2.15755541    2.09168045    1.78031776    1.83089106    1.66846939    1.86977244    1.73720403    1.72518380    1.73943049    2.02999570    1.43233932    1.76082516    1.56360428    1.48656888    1.40054583    1.39918046    1.40365957    1.32356425    1.33666226    1.15715966    0.83775155    0.00000000    0.76568661    1.89704952    1.64859286    2.16774418    1.75231254
B8GRL5_THISH/31-147     2.63461075    2.77449066    2.72526642    2.65127098    2.22562650    2.85946723    2.25018951    2.33523561    2.11044685    2.15316998    2.12494151    2.46735492    2.46998099    2.20936621    2.22952564    1.97200549    1.91460033    1.89918474    2.24911904    2.15182965    2.20013849    2.10300013    1.88898151    2.03602365    2.19098485    2.22121866    1.93584479    2.08156325    2.44967595    1.37060967    1.42933392    1.51463233    1.55670173    1.16443664    1.17648203    1.19318274    1.09439386    1.15492172    1.16738271    0.60505952    0.76568661    0.00000000    1.83762970    1.72137778    1.97930856    1.93821683
H8L6X7_FRAAD/29-145     2.61296172    2.99818740    2.88360562    3.56147776    2.58663055    3.49221547    2.81448014    2.91663526    3.42138009    3.27506129    2.90571490    3.14276444    2.83880552    2.58638914    2.85221542    2.54122483    2.54709623    2.57504562    2.85039371    2.64701728    2.59965420    2.75919922    2.64581421    2.45364654    2.75300686    2.74781806    2.73670919    2.61038551    3.20693827    1.93041169    2.48139131    2.08279975    2.30105013    2.02133398    2.27341193    2.13018190    1.78869029    1.75318252    1.50841103    1.72851515    1.89704952    1.83762970    0.00000000    0.88647741    2.64890520    2.15169317
Q8P8S5_XANCP/30-146     2.54115224    2.78859418    3.03660160    3.35725319    2.44365653    3.01898561    2.41794311    2.69405590    2.80028758    3.37860858    2.54747434    2.84454152    3.02880861    2.28136199    2.67891765    2.34656068    2.28834447    2.15110930    2.74006344    2.27196291    2.43623331    2.05651973    2.03200777    2.09780117    2.48325001    2.32328803    2.36382549    2.35972622    2.48399475    2.11495765    2.62436758    2.39371285    2.33387211    1.94781507    2.21536873    2.13301874    1.78040378    1.75505902    1.79112872    1.66596766    1.64859286    1.72137778    0.88647741    0.00000000    2.44257159    2.16868253
E1VIA4_9GAMM/33-152     1.45729360    1.55320096    1.92191500    1.83152368    1.36570960    1.45699334    1.40843331    1.55093461    1.36607765    1.46233693    1.31960376    1.52894544    1.59380294    1.41568052    1.31784597    1.08147070    1.32257271    1.31651837    1.26828719    1.19123794    1.15256101    1.00071716    0.95531956    0.96059386    1.04223826    1.04285391    1.20598347    1.32790657    1.27686130    2.00987962    1.87194054    1.98578814    1.90333182    2.12348258    2.11665909    2.08997989    1.40947601    1.80314886    2.05502540    1.90662575    2.16774418    1.97930856    2.64890520    2.44257159    0.00000000    1.00085602
M5DL56_9GAMM/23-141     1.32614119    1.45045457    1.70619573    1.76310000    1.09325742    1.45144371    1.23900358    1.21933449    1.28109738    1.27902975    1.10733584    1.44649045    1.25869796    1.22021433    1.18540949    1.19086797    1.20810804    1.01386308    1.33828317    1.01024720    1.20671757    1.02921527    1.10487287    1.14140203    1.02946533    1.10984008    0.95878370    1.33943166    1.34722000    1.87136092    2.08854792    1.77240843    2.12462488    2.39561397    2.31105106    2.24745636    1.57813864    1.84312004    1.96058685    1.72221438    1.75231254    1.93821683    2.15169317    2.16868253    1.00085602    0.00000000

