25
Q8TLD4_METAC/168-261     0.00000000    0.84131523    1.12279854    1.46572673    2.02344230    1.40858520    1.36104268    1.54433349    1.66080375    1.75177282    1.78143208    1.35117238    2.07839337    2.47646118    2.64748204    2.25490420    2.03285141    2.71780143    2.85256352    2.10564591    2.39194793    0.87344761    1.05531147    0.97075687    0.97401388
L0KV31_METHD/151-242     0.84131523    0.00000000    1.06920612    1.20000394    1.72152416    1.47577564    1.59553511    1.77488688    1.79552281    1.88210415    1.78004429    1.61619219    2.86800581    2.60123116    3.00174007    2.74270514    2.39566505    2.59198791    3.03316299    2.44594879    2.77005706    0.85737375    1.08647334    0.93474614    0.87174939
Q8THK9_METAC/150-246     1.12279854    1.06920612    0.00000000    1.48840288    1.65548828    1.42692908    1.77821104    1.84630897    1.61143186    2.07620669    1.96242521    1.90736581    2.76032885    2.86679965    3.12683633    2.69719488    2.79207301    2.83478736    3.16367646    3.37607111    2.52175759    1.00850835    1.27652317    1.18456696    0.89602151
D1YY04_METPS/164-256     1.46572673    1.20000394    1.48840288    0.00000000    0.97333970    1.43173533    1.51881919    1.83165487    1.88828707    1.87150548    1.99537744    1.44677174    2.52851106    2.79907164    2.67771934    2.54808667    2.32845263    2.75734384    3.48048631    2.58192136    2.85480715    1.21939392    1.26665222    1.24658298    1.43472567
Q0W2M7_METAR/168-260     2.02344230    1.72152416    1.65548828    0.97333970    0.00000000    1.64391326    1.93229386    1.90695540    1.75384431    1.85704445    2.14629231    1.84178794    2.20980190    2.37006071    2.19421967    2.68626182    2.30059714    2.68556874    2.45343053    3.31736806    2.74284991    1.60319590    1.72914222    1.61740154    1.39568602
O29326_ARCFU/147-229     1.40858520    1.47577564    1.42692908    1.43173533    1.64391326    0.00000000    0.76382470    1.87830294    1.98288579    2.25116630    2.01830166    1.90792107    2.11817507    2.01222492    2.00501887    2.17338567    2.29409067    2.48905242    2.95454585    2.95191802    2.22300544    1.27018735    1.51510268    1.53805399    1.51897329
N0BM22_9EURY/158-244     1.36104268    1.59553511    1.77821104    1.51881919    1.93229386    0.76382470    0.00000000    1.69899894    1.86187220    2.02475449    1.88543732    1.83388034    1.95599838    1.96502689    1.99124852    2.02692226    2.42818432    2.25998585    2.23403165    2.68569260    2.05443972    1.54447099    1.55391639    1.81143122    1.73391870
Q2FRT3_METHJ/161-266     1.54433349    1.77488688    1.84630897    1.83165487    1.90695540    1.87830294    1.69899894    0.00000000    0.57965020    0.73683841    0.81583558    0.83069237    2.35055903    2.65056637    2.45246191    2.51620969    2.25589899    2.73491112    2.29230434    2.60785865    2.16022017    1.84265308    1.79248760    1.78744473    1.78336510
L0HDL9_METFS/281-386     1.66080375    1.79552281    1.61143186    1.88828707    1.75384431    1.98288579    1.86187220    0.57965020    0.00000000    0.35121432    0.88985292    0.77539408    2.66410793    2.89599039    2.80364108    2.68373422    2.26995324    2.77441072    2.38909239    2.64637782    2.19566365    1.79938979    1.93575216    1.94723446    1.73016730
A7I9L9_METB6/276-381     1.75177282    1.88210415    2.07620669    1.87150548    1.85704445    2.25116630    2.02475449    0.73683841    0.35121432    0.00000000    0.79980820    0.71341218    2.84475109    3.12707219    3.12769398    2.96720252    2.55488545    3.14428496    2.75401231    2.91378670    2.05528258    1.99035008    2.17900133    1.95700522    1.82746567
E1RIA4_METP4/214-319     1.78143208    1.78004429    1.96242521    1.99537744    2.14629231    2.01830166    1.88543732    0.81583558    0.88985292    0.79980820    0.00000000    0.56432920    2.48591886    2.70960950    2.58626431    2.67431271    2.29965886    2.67058463    2.37576046    2.80656960    2.14683278    1.69532526    1.76552932    1.74004185    1.77177612
H1YWJ7_9EURY/148-253     1.35117238    1.61619219    1.90736581    1.44677174    1.84178794    1.90792107    1.83388034    0.83069237    0.77539408    0.71341218    0.56432920    0.00000000    2.74348254    2.97505477    2.94818444    2.69409789    2.14550435    2.78892098    2.62734368    2.78666692    1.93509106    1.66048439    1.77857128    1.56016832    1.56566465
F9VPC5_SULTO/142-234     2.07839337    2.86800581    2.76032885    2.52851106    2.20980190    2.11817507    1.95599838    2.35055903    2.66410793    2.84475109    2.48591886    2.74348254    0.00000000    0.47762929    0.62983692    0.70002818    1.50216517    1.19592215    1.45407347    1.66274508    1.22196482    2.84885351    2.42333722    2.79350592    2.51281234
F4B681_ACIHW/141-232     2.47646118    2.60123116    2.86679965    2.79907164    2.37006071    2.01222492    1.96502689    2.65056637    2.89599039    3.12707219    2.70960950    2.97505477    0.47762929    0.00000000    0.64249478    0.49106418    1.39454249    1.21282429    1.50749945    2.08481279    1.25366488    3.33829762    2.68798622    3.08472222    3.02242856
A4YIH8_METS5/142-233     2.64748204    3.00174007    3.12683633    2.67771934    2.19421967    2.00501887    1.99124852    2.45246191    2.80364108    3.12769398    2.58626431    2.94818444    0.62983692    0.64249478    0.00000000    0.62969552    1.62679894    1.40902878    1.48203800    2.28723276    1.67748800    3.13813820    3.13845729    3.27537900    3.04140703
Q980Y8_SACS2/142-233     2.25490420    2.74270514    2.69719488    2.54808667    2.68626182    2.17338567    2.02692226    2.51620969    2.68373422    2.96720252    2.67431271    2.69409789    0.70002818    0.49106418    0.62969552    0.00000000    1.12022502    1.36343852    1.48763505    2.16088722    1.39646214    3.09685467    2.94965886    3.10002907    2.88682436
A3DN64_STAMF/161-257     2.03285141    2.39566505    2.79207301    2.32845263    2.30059714    2.29409067    2.42818432    2.25589899    2.26995324    2.55488545    2.29965886    2.14550435    1.50216517    1.39454249    1.62679894    1.12022502    0.00000000    1.17986465    1.11560683    1.87415067    1.44734498    2.29382152    2.34533771    2.77979101    2.71342726
D5U1N7_THEAM/165-261     2.71780143    2.59198791    2.83478736    2.75734384    2.68556874    2.48905242    2.25998585    2.73491112    2.77441072    3.14428496    2.67058463    2.78892098    1.19592215    1.21282429    1.40902878    1.36343852    1.17986465    0.00000000    0.98415163    1.70984400    1.61715339    2.83662917    2.84851214    2.92703593    3.10392203
B8D609_DESA1/153-249     2.85256352    3.03316299    3.16367646    3.48048631    2.45343053    2.95454585    2.23403165    2.29230434    2.38909239    2.75401231    2.37576046    2.62734368    1.45407347    1.50749945    1.48203800    1.48763505    1.11560683    0.98415163    0.00000000    2.45827621    1.77269034    3.04905132    2.99285287    3.20542218    3.20963757
I3TD18_THEC1/163-254     2.10564591    2.44594879    3.37607111    2.58192136    3.31736806    2.95191802    2.68569260    2.60785865    2.64637782    2.91378670    2.80656960    2.78666692    1.66274508    2.08481279    2.28723276    2.16088722    1.87415067    1.70984400    2.45827621    0.00000000    2.19571328    2.74167634    2.26382618    2.91831657    3.06633912
A8ACC9_IGNH4/159-255     2.39194793    2.77005706    2.52175759    2.85480715    2.74284991    2.22300544    2.05443972    2.16022017    2.19566365    2.05528258    2.14683278    1.93509106    1.22196482    1.25366488    1.67748800    1.39646214    1.44734498    1.61715339    1.77269034    2.19571328    0.00000000    2.63958911    3.01570229    3.11404877    2.73386431
F7XNZ8_METZD/151-243     0.87344761    0.85737375    1.00850835    1.21939392    1.60319590    1.27018735    1.54447099    1.84265308    1.79938979    1.99035008    1.69532526    1.66048439    2.84885351    3.33829762    3.13813820    3.09685467    2.29382152    2.83662917    3.04905132    2.74167634    2.63958911    0.00000000    0.86074921    0.81182297    0.78146278
D7E6X4_METEZ/151-242     1.05531147    1.08647334    1.27652317    1.26665222    1.72914222    1.51510268    1.55391639    1.79248760    1.93575216    2.17900133    1.76552932    1.77857128    2.42333722    2.68798622    3.13845729    2.94965886    2.34533771    2.84851214    2.99285287    2.26382618    3.01570229    0.86074921    0.00000000    0.82530842    0.90352384
D5EC26_METMS/153-245     0.97075687    0.93474614    1.18456696    1.24658298    1.61740154    1.53805399    1.81143122    1.78744473    1.94723446    1.95700522    1.74004185    1.56016832    2.79350592    3.08472222    3.27537900    3.10002907    2.77979101    2.92703593    3.20542218    2.91831657    3.11404877    0.81182297    0.82530842    0.00000000    0.84318617
Q12ZP2_METBU/151-242     0.97401388    0.87174939    0.89602151    1.43472567    1.39568602    1.51897329    1.73391870    1.78336510    1.73016730    1.82746567    1.77177612    1.56566465    2.51281234    3.02242856    3.04140703    2.88682436    2.71342726    3.10392203    3.20963757    3.06633912    2.73386431    0.78146278    0.90352384    0.84318617    0.00000000

