6
MER22_EUPRA/1-33     0.00000000    0.92361414    0.34092801    1.71165788    1.55592361    1.57084433
MER11_EUPRA/1-35     0.92361414    0.00000000    0.71585601    1.40636246    1.84702047    2.12543380
MER20_EUPRA/1-33     0.34092801    0.71585601    0.00000000    1.72370305    1.49117863    1.72480169
MER2_EUPRA/38-73     1.71165788    1.40636246    1.72370305    0.00000000    1.82492411    2.38731965
MER1_EUPRA/36-72     1.55592361    1.84702047    1.49117863    1.82492411    0.00000000    0.97978451
MER10_EUPRA/38-75     1.57084433    2.12543380    1.72480169    2.38731965    0.97978451    0.00000000

