119
L0DAE2_SINAD/5-406     0.00000000    0.74519536    0.86641819    0.92335280    0.85238640    0.82215267    0.99524579    0.77273416    0.88286159    1.04711286    0.89628269    1.16756631    1.13995847    1.12958970    0.77317202    0.99242373    0.86226581    0.92985885    0.84082233    0.90275211    0.84100322    0.77798128    0.78200296    0.77301207    0.84836867    0.84474958    1.45064199    1.52585146    1.51885254    1.35283209    1.36443797    1.44197258    1.51441358    1.48443335    1.65694732    1.48443063    1.14948526    1.31021426    1.48915300    1.39462764    1.61376855    1.65014810    1.22897446    1.25480479    1.23069066    1.27836344    1.02416674    1.24955670    1.17314424    1.22416044    1.14856317    1.06383319    1.03487754    1.04590356    1.04967028    1.03070592    1.03060669    1.10592869    1.05072537    1.22134819    1.26462973    1.09396157    1.02615481    1.21295941    1.26264770    1.17689637    1.18997792    1.17878798    1.17809093    1.21213964    1.09834145    1.11946828    1.14567985    1.13510094    1.17401470    1.14815453    1.18424795    1.23201183    1.22628837    0.93476921    0.93782609    1.00154398    0.97587009    0.98678147    1.01155012    1.12220829    1.03757734    1.05586152    1.19420428    1.20751769    1.06908387    0.99615611    0.94465970    0.89596205    0.96409063    0.97799370    0.99809565    0.91003732    0.86854999    0.82396761    1.02298966    0.97482657    0.92718707    1.08076125    1.08179918    1.12968665    1.05821925    1.09687474    1.10084130    1.16423325    1.22241663    1.25196560    1.18427802    0.77330577    0.79003624    0.78539737    0.79924276    0.75534442    0.81264030
D2R8M2_PIRSD/2-399     0.74519536    0.00000000    0.84283694    0.84384917    0.74706626    0.76052057    1.06412141    0.71610972    0.87788628    0.87820193    0.89560352    1.10942966    0.98426092    1.06958164    0.70327142    0.97079305    0.84003010    0.85727447    0.83607683    0.87749586    0.79112613    0.74465040    0.78378789    0.75340537    0.83193578    0.82682600    1.50938732    1.41346773    1.48386913    1.33470408    1.45079372    1.39492857    1.52784005    1.44663153    1.56028854    1.44050897    1.17523396    1.25203631    1.50847893    1.36110444    1.55165513    1.60125710    1.18869229    1.18636329    1.14925794    1.14821283    1.01801019    1.10324323    1.11037615    1.17913273    1.18727496    1.11977736    1.11212574    1.13676168    1.09425754    1.02513452    1.03003726    1.09607357    1.05795860    1.10642572    1.27843574    1.20968967    1.21227837    1.19638945    1.25522197    1.07801349    1.09392311    1.23389712    1.30431771    1.20078197    1.08312982    1.04887981    1.16374535    1.16860748    1.15638068    1.15057200    1.23272071    1.20421818    1.16193773    0.96018837    0.96658182    1.11991283    1.08211112    1.14698679    1.13024913    1.21114422    1.16534129    1.09585598    1.27119573    1.19803698    1.20949450    1.08837014    1.04439318    0.99167134    1.09658810    1.06350896    0.99561249    0.99594039    0.97945676    0.93703514    1.05481288    0.96007402    0.98156686    0.99715433    1.04410428    1.10330357    1.06738253    1.01577094    1.03875428    1.08804205    1.09608783    1.20249308    1.15661622    0.76422979    0.78347164    0.72345576    0.77626852    0.73263171    0.82186707
I6XX83_PSEPQ/2-403     0.86641819    0.84283694    0.00000000    0.33650412    0.63153762    0.62133718    0.95130942    0.77223955    0.94125988    0.99658867    0.95145119    1.22245625    1.06690830    1.30944418    0.75643358    1.13420830    0.83913039    0.94244511    0.86496263    0.89432156    0.86971325    0.77694925    0.83973792    0.86793790    0.77197989    0.84989550    1.55976311    1.45138938    1.48383570    1.57479685    1.52686163    1.42325620    1.72480294    1.47318114    1.58083794    1.52150253    1.04649541    1.29642205    1.69222686    1.45172995    1.63913336    1.72864595    1.23490096    1.22566891    1.31260450    1.33216081    0.86106821    1.11498766    1.00633608    0.97641190    0.99674160    0.99555955    0.93857377    0.98520886    1.00834099    0.90325469    0.93297582    0.94156252    0.94339689    1.01122536    1.16626416    0.98288035    0.95570915    0.98640099    1.06736094    1.01286198    0.99812783    1.12469289    1.08597973    1.03403176    0.91346770    0.95617398    0.98390831    0.95052714    0.94408820    0.94788822    0.98399422    1.06653205    1.00382012    0.98297680    1.01661722    1.04473882    1.12916917    1.12150338    1.13620801    1.22526663    1.16763107    1.13401959    1.32112398    1.32476086    1.16061193    1.06371794    0.96012718    0.99780117    1.01912634    1.01474613    0.99935039    0.98284816    0.96023253    0.95129037    1.00218439    1.08078672    1.02547784    1.11893409    1.07095379    1.24490425    1.23869071    1.24627499    1.14361833    1.25152918    1.39217277    1.31985176    1.25715717    0.70119054    0.80907333    0.75581710    0.77905792    0.74294127    0.79817501
K7RPL4_ACIA4/2-402     0.92335280    0.84384917    0.33650412    0.00000000    0.64285397    0.57908227    0.97954550    0.81900126    0.97984752    1.06094411    0.95888011    1.15986616    1.06611789    1.21792924    0.74515007    1.10098522    0.86057670    0.90465418    0.88956944    0.87737111    0.81952313    0.79105960    0.82576958    0.84915798    0.78580240    0.83207555    1.61370199    1.55472623    1.60159403    1.54923546    1.42312834    1.39835091    1.59976888    1.42458988    1.53123696    1.51252276    1.13607766    1.25524633    1.61682415    1.46848092    1.74409714    1.75790862    1.20141562    1.23891111    1.28249229    1.26804773    0.87259416    1.08723825    0.95778935    1.01748302    0.95057008    0.98654078    0.95997853    0.97206767    0.98328826    0.86610173    0.93522990    0.90655753    0.96659837    1.04627887    1.10276818    0.93132453    0.93386093    0.97141741    1.05112165    0.97569847    1.00425194    1.16157946    1.16476529    1.06162209    0.89251204    0.88082218    0.94398752    0.95599346    0.93461344    0.95770804    0.96471275    1.11764711    1.00266488    0.93832352    0.93903478    0.99519652    1.04675762    1.11265125    1.12522847    1.23431043    1.14416209    1.12337469    1.23064667    1.23052620    1.09686090    1.01384721    0.99338534    0.95095107    1.04094351    0.98926656    0.95168790    0.97575117    0.98412595    0.98841352    1.01917911    1.07557230    1.01344358    1.15230808    1.08526763    1.19491661    1.22099282    1.18055236    1.16678255    1.22003701    1.30864983    1.32895184    1.26167450    0.73110803    0.81247709    0.73685327    0.78594520    0.79728904    0.80271545
W5WJM3_9PSEU/2-401     0.85238640    0.74706626    0.63153762    0.64285397    0.00000000    0.48356537    0.89963975    0.72780571    0.92790038    0.97062241    0.89711561    1.17683507    1.06076512    1.24986414    0.69036325    1.05681479    0.83087318    0.91288475    0.86514659    0.87281282    0.82148377    0.74217413    0.79437107    0.80727290    0.77578866    0.92571723    1.47836211    1.33401973    1.37246408    1.42814707    1.41219082    1.26741778    1.55205226    1.49204346    1.57908602    1.46689450    1.06282775    1.15445197    1.61334192    1.48398884    1.67948141    1.68902705    1.13655461    1.06329215    1.09435144    1.08505030    0.90190677    1.02409638    1.12826333    1.05503632    1.10890996    0.98272546    0.95933925    0.99426181    0.93621567    1.00189349    1.02773050    0.97922109    0.93694229    1.12378117    1.27505411    1.06749194    1.05686623    1.07460885    1.21662721    1.11077480    1.06668337    1.10039877    1.20773697    1.12641872    1.03747012    1.01648878    1.05904046    1.04322607    1.05783117    0.99979784    1.11977160    1.14059527    1.12050145    0.98542159    0.93268951    1.01700810    1.03721573    1.04213478    1.11643169    1.13775284    1.10557376    1.10153798    1.25179814    1.17481781    1.09253680    1.03773947    0.97405038    0.90257143    1.01286730    1.00380349    1.00035993    1.03305435    0.91744832    0.90910975    1.00195513    0.98085749    1.05642071    1.09081110    1.09473775    1.20422187    1.12832149    1.16466742    1.11919699    1.15006279    1.23848316    1.20987538    1.23208931    0.70425147    0.79609558    0.73683066    0.79892645    0.72598404    0.77002451
D2ASL1_STRRD/2-400     0.82215267    0.76052057    0.62133718    0.57908227    0.48356537    0.00000000    0.85655240    0.71493041    0.87890252    0.94678445    0.89472739    1.03835422    1.03346685    1.17460651    0.68822905    1.02292820    0.90502374    0.98775792    0.85912116    0.96431245    0.83169801    0.80061557    0.82838030    0.79729210    0.79551010    0.88796636    1.42641456    1.40673638    1.39454055    1.51792732    1.32351021    1.26388604    1.56574936    1.55807159    1.67346177    1.44205631    1.05789093    1.20125663    1.57828844    1.45493346    1.60976013    1.70817209    1.09381661    1.13580693    1.14608680    1.16288228    0.99231740    1.09910772    1.07552623    1.03568976    1.09551271    0.96642342    0.94383332    1.02778915    0.98446526    0.97364713    1.04434521    0.98144353    0.97898907    1.06299946    1.10998945    0.97893704    1.01046564    1.01575354    1.03868759    1.00609374    1.03108735    1.21432841    1.15432750    1.13197155    0.97762822    0.99567793    1.03528058    0.95468281    1.03055359    1.04990572    1.03136620    1.09934967    1.03688116    0.92576767    0.92277392    0.99610960    1.02633998    1.03595679    1.08937032    1.16486922    1.12016215    1.05090512    1.27614082    1.20324628    1.06148402    0.99622541    0.93488328    0.95628569    1.01778809    0.99590342    1.01764729    0.93037828    0.91299600    0.95333760    0.95475034    1.05974406    0.99157602    1.06885344    1.04653718    1.15382667    1.14076276    1.16875318    1.17683619    1.16970526    1.24492540    1.24198561    1.15289062    0.65489791    0.73518055    0.69128030    0.72404494    0.67415056    0.71987755
C5C4B5_BEUC1/13-410     0.99524579    1.06412141    0.95130942    0.97954550    0.89963975    0.85655240    0.00000000    0.84291578    1.13214130    1.18649933    1.11955991    1.25346695    1.16457896    1.21951732    0.92531145    1.28395655    1.14539046    1.19043660    1.08211198    1.13509993    1.03060785    1.00087522    1.06165568    1.08696213    1.03003334    1.10708770    1.60634757    1.58440388    1.57747964    1.45407705    1.48653566    1.44294953    1.68920107    1.61071090    1.70477592    1.53960320    1.31726883    1.50411026    1.57304155    1.58053708    1.74038851    1.67532515    1.19910343    1.31560738    1.27795462    1.30369347    1.07649646    1.28875905    1.33280011    1.28468102    1.25697296    1.18751785    1.17543742    1.24850339    1.19078517    1.21384278    1.26739369    1.16413698    1.22760778    1.26967014    1.38636639    1.15969602    1.17052797    1.38093371    1.36810570    1.32715949    1.33183365    1.42926277    1.50777635    1.42734183    1.18909795    1.21388729    1.27795857    1.16360099    1.22667650    1.22272557    1.26531548    1.31936672    1.24971537    1.23814785    1.19386411    1.25117095    1.24788967    1.29848550    1.30826428    1.37268722    1.25139113    1.30860847    1.39527208    1.33675273    1.17385986    1.12057030    1.12929972    1.18665710    1.14396822    1.15307344    1.17841715    1.06703988    1.03430043    1.12805970    1.13342886    1.23233428    1.18901199    1.28515643    1.34086021    1.46259863    1.39270346    1.33032145    1.33410744    1.38235676    1.48928926    1.32327762    1.28799874    0.97088145    0.93745483    0.93630137    1.00231438    0.90617282    1.00806268
Q11BY8_CHESB/2-401     0.77273416    0.71610972    0.77223955    0.81900126    0.72780571    0.71493041    0.84291578    0.00000000    0.74355156    0.87889192    0.73121763    1.09293726    0.97024065    0.99573561    0.57394436    0.89947247    0.74876747    0.77954300    0.69477054    0.73054985    0.71262177    0.67052678    0.73644731    0.69904545    0.69623901    0.70669493    1.37348375    1.36440236    1.30046554    1.34604128    1.43428318    1.44315138    1.59622199    1.22225789    1.53399302    1.31092148    1.08413431    1.14477912    1.44460961    1.37229810    1.51797179    1.48262066    1.10464789    1.18377330    1.16037607    1.14880927    0.89857943    1.04568024    1.13265896    0.92825754    1.11790308    0.96587829    0.98845079    1.07365458    0.93367080    0.96619692    1.02654113    0.97231924    0.94168063    1.01669534    1.09726205    0.93848069    0.93368825    1.01779681    1.06411552    1.02322820    1.02460497    1.13718355    1.17708180    1.19842461    0.96697742    0.95742259    1.00862172    0.99234127    0.99449686    0.96396145    0.96468568    1.00563201    1.01084694    0.82241746    0.98541170    1.05651249    0.96326497    1.01629555    1.08320014    1.10773662    1.07525032    1.12374534    1.22176682    1.16486605    1.03246743    0.93567573    0.97641580    0.86154239    0.99267789    0.94183000    0.91268299    0.92123365    0.87595943    0.94026291    0.96497287    0.89336191    0.94860406    1.04358937    1.06649547    1.10202425    1.14849578    1.16658439    1.14796592    1.17316249    1.21296036    1.12099370    1.06880282    0.68778307    0.73221476    0.73187494    0.68055119    0.67001336    0.72709340
A5UWZ2_ROSS1/3-401     0.88286159    0.87788628    0.94125988    0.97984752    0.92790038    0.87890252    1.13214130    0.74355156    0.00000000    0.46836197    0.64752533    1.03677408    0.97377542    1.06323048    0.67739886    0.93633129    0.78421521    0.86206594    0.78097017    0.86479725    0.80692730    0.73752250    0.80416303    0.78259235    0.76937355    0.81156717    1.62003089    1.56593537    1.59114842    1.29836724    1.57303660    1.49494284    1.62151662    1.30663119    1.60099101    1.52267333    1.23128885    1.25914460    1.51663668    1.51651210    1.57917919    1.60967983    1.31983047    1.30124775    1.30444711    1.30336082    1.12938701    1.30532557    1.22775132    1.23089685    1.17695881    1.13813711    1.08570416    1.11350849    1.15997148    1.13874436    1.08966802    1.15217588    1.10500388    1.23268583    1.38887466    1.24012300    1.21634883    1.26768703    1.28125083    1.16628699    1.20394057    1.28312061    1.30144069    1.25577893    1.12129414    1.04090502    1.11950860    1.12688722    1.16200897    1.16744697    1.27244917    1.21095123    1.17113282    0.96147406    1.16384064    1.19602176    1.15817210    1.20880112    1.22118681    1.22843277    1.22508153    1.13501545    1.36310155    1.32607486    1.18338558    1.19756056    1.07268208    0.93975997    1.06206023    1.08121515    1.13259433    1.00569548    0.97408171    1.12744622    1.08511243    1.09803193    1.08900246    1.13402369    1.30582985    1.29875835    1.30123312    1.29160869    1.27580801    1.34084048    1.40939851    1.33683974    1.29851499    0.88176116    0.86482735    0.86065271    0.83443429    0.81988771    0.83932747
A0LP46_SYNFM/3-401     1.04711286    0.87820193    0.99658867    1.06094411    0.97062241    0.94678445    1.18649933    0.87889192    0.46836197    0.00000000    0.75907565    1.08741680    1.03097089    1.10462738    0.75516916    1.10021877    0.90460793    0.92390001    0.92695203    0.88268020    0.85275354    0.82063417    0.89760853    0.85360263    0.76462283    0.83031945    1.61438527    1.61505038    1.69800312    1.32808029    1.60043187    1.51493539    1.62322064    1.37679858    1.62316390    1.58072401    1.28105988    1.33742745    1.64889034    1.45703533    1.62420166    1.65398716    1.35820584    1.38395852    1.39056177    1.38399996    1.18573877    1.38533667    1.15678934    1.25514006    1.34623484    1.26012272    1.25838917    1.29603626    1.34909671    1.24180993    1.16178341    1.14925605    1.27758226    1.22961978    1.42287842    1.37647922    1.37907068    1.32684852    1.34746444    1.23255321    1.27178405    1.35548950    1.41283204    1.37577186    1.22549898    1.13261275    1.23151474    1.23129961    1.28023555    1.25680952    1.33323297    1.29756104    1.32792526    0.98880498    1.21126533    1.22543759    1.30052807    1.35241653    1.29737192    1.29504211    1.27972649    1.31468246    1.43832131    1.39964658    1.24787228    1.28203454    1.13064620    1.10091634    1.16696468    1.16289976    1.10635760    1.09943909    1.04295067    1.17268881    1.12486950    1.16369942    1.11925625    1.20836158    1.32797634    1.28818395    1.29892169    1.28858588    1.24159286    1.30792427    1.36243035    1.30412908    1.33102839    0.94222874    0.97955428    0.94745033    0.86522161    0.86112373    0.92449055
I4BU21_ACEMN/3-400     0.89628269    0.89560352    0.95145119    0.95888011    0.89711561    0.89472739    1.11955991    0.73121763    0.64752533    0.75907565    0.00000000    0.87570394    0.89928470    0.92354759    0.66576641    0.88845248    0.83645916    0.81689076    0.76620615    0.85350412    0.81543575    0.67531463    0.70119606    0.67907796    0.74006257    0.72391811    1.54232472    1.48734753    1.48880665    1.48931532    1.49259136    1.40735655    1.46364878    1.33599580    1.52036658    1.39440813    1.18081255    1.21412587    1.57616748    1.47774700    1.50749611    1.59121669    1.24999995    1.34050754    1.29363046    1.24347009    0.99488943    1.26142690    1.17375751    1.26387163    1.25631681    1.24444825    1.16769177    1.28568243    1.23212332    1.14949807    1.16112865    1.21077243    1.18297375    1.26569207    1.27217334    1.20491290    1.25026459    1.27079966    1.28897854    1.25167806    1.28265122    1.34737726    1.43826897    1.37376993    1.20725431    1.19727618    1.22668071    1.19654175    1.25782909    1.18615345    1.26159972    1.26640791    1.26318464    0.95052819    1.13692527    1.13959911    1.19329554    1.23163635    1.21978404    1.28307077    1.31141195    1.20012484    1.33687077    1.29170688    1.25846744    1.22500235    1.09883499    1.06612180    1.12577396    1.16261599    1.11805390    1.13561698    1.04900059    1.08663820    1.12867290    1.07469556    1.12941881    1.03721461    1.09464569    1.19710876    1.19365553    1.22058211    1.18589182    1.24975913    1.30603980    1.23124022    1.32065416    0.83044889    0.80477300    0.83653221    0.78492852    0.79512899    0.84081097
A3HUZ4_9BACT/5-404     1.16756631    1.10942966    1.22245625    1.15986616    1.17683507    1.03835422    1.25346695    1.09293726    1.03677408    1.08741680    0.87570394    0.00000000    0.75207539    0.74595780    1.02298092    1.16685380    0.98992643    1.03665411    1.04965294    1.08066424    0.95493209    0.99473722    0.94674267    1.03075507    1.02746673    1.02044095    1.71755000    1.68695620    1.59264978    1.66400918    1.59493876    1.70415564    1.73078618    1.64932373    1.84845642    1.76313496    1.42116487    1.30456167    1.71244035    1.70457134    1.76196060    1.79266343    1.35937017    1.38480511    1.38040585    1.31141118    1.16117491    1.34111435    1.24234630    1.38244164    1.33057955    1.38047016    1.32917300    1.33295013    1.42406397    1.25028343    1.18350194    1.33662897    1.26702326    1.22666922    1.35828412    1.32002561    1.32178273    1.35944179    1.35543299    1.33388349    1.30794483    1.46494715    1.43346361    1.43388435    1.20823026    1.16426014    1.27536957    1.33105711    1.37399531    1.37190970    1.34246572    1.41357641    1.33777017    1.29048543    1.31750647    1.39516433    1.28201141    1.35446117    1.40748560    1.36741892    1.39222503    1.45089440    1.56228101    1.45903533    1.46665724    1.39689655    1.38595165    1.27479663    1.43932600    1.34604461    1.41751867    1.33153791    1.30885360    1.40749529    1.32335611    1.30201363    1.28192714    1.39861350    1.35890890    1.38192397    1.36901693    1.43063653    1.38651729    1.44218858    1.48696983    1.49914053    1.50722825    1.09416706    1.05865815    1.09253049    1.02105387    1.00676878    1.05564427
C6VRS5_DYAFD/15-414     1.13995847    0.98426092    1.06690830    1.06611789    1.06076512    1.03346685    1.16457896    0.97024065    0.97377542    1.03097089    0.89928470    0.75207539    0.00000000    0.66757142    0.98111725    1.17062574    0.94560311    1.10124884    1.05310251    1.07378922    0.99089440    0.92392002    0.96452566    0.96147052    1.03227413    1.05539337    1.70635041    1.47198184    1.66309125    1.71665864    1.52062262    1.65454720    1.60967448    1.64428800    1.80662026    1.63684978    1.40723909    1.36735245    1.65871576    1.64768336    1.73335300    1.73448169    1.29652728    1.38578416    1.27872302    1.34529962    1.12575195    1.32407377    1.35827501    1.38276007    1.29795950    1.24316533    1.27231523    1.23357008    1.37370512    1.22456478    1.30977638    1.26827240    1.17507636    1.18138730    1.32482311    1.28571453    1.33811024    1.27496598    1.32799999    1.29401778    1.25491529    1.49639788    1.49004378    1.46836333    1.16289734    1.21238567    1.27858677    1.31872059    1.34155515    1.39163600    1.35119890    1.28240210    1.32803232    1.22406135    1.29682537    1.29255235    1.37149057    1.40456059    1.39888958    1.46176859    1.38272976    1.37447726    1.55830399    1.52986958    1.43261169    1.38097864    1.26750091    1.28721093    1.45506416    1.44874173    1.37806223    1.27851140    1.31936801    1.27913785    1.23031561    1.31535338    1.30660428    1.33733571    1.31736067    1.44737396    1.48990772    1.43861234    1.44900192    1.48207475    1.51904370    1.42030790    1.50064187    0.98621983    0.95583354    0.90165374    1.02249850    0.91426748    0.91311996
A4ATK9_MARSH/5-404     1.12958970    1.06958164    1.30944418    1.21792924    1.24986414    1.17460651    1.21951732    0.99573561    1.06323048    1.10462738    0.92354759    0.74595780    0.66757142    0.00000000    1.05379778    1.26080162    1.02295669    1.09424701    1.11920083    1.11396385    1.06309141    1.01290660    1.06384939    0.98569134    1.10912634    1.07454261    1.63895522    1.59607199    1.62868330    1.84761667    1.78342193    1.77083082    1.69617445    1.62358248    1.74943674    1.56488173    1.54876309    1.42590487    1.75037791    1.64936514    1.73060880    1.74051403    1.40185823    1.47153062    1.46094413    1.42497804    1.31796049    1.34855798    1.26133584    1.36385129    1.43085744    1.39215203    1.44057419    1.31269166    1.42153678    1.30448213    1.31263494    1.35854389    1.27456319    1.26115953    1.38848320    1.42273420    1.41877865    1.40315532    1.43688794    1.36262241    1.45266018    1.45341750    1.44352591    1.49592816    1.32582529    1.32704747    1.40964156    1.38677250    1.42140257    1.41518541    1.42247723    1.44013402    1.34798291    1.34536585    1.42011096    1.42651298    1.45608072    1.53002387    1.44741745    1.46934478    1.46507284    1.35911334    1.55313105    1.53703472    1.42395000    1.46328986    1.42244886    1.36913065    1.46212624    1.43316094    1.46925145    1.34507491    1.26534265    1.39459331    1.38173718    1.35907974    1.38029338    1.39762074    1.40886332    1.45299633    1.49611590    1.45628396    1.50528306    1.50119307    1.55672607    1.37165715    1.38711118    1.12220287    1.03206691    1.11299918    1.09365738    1.05535912    1.10133983
B5Y6G2_COPPD/3-404     0.77317202    0.70327142    0.75643358    0.74515007    0.69036325    0.68822905    0.92531145    0.57394436    0.67739886    0.75516916    0.66576641    1.02298092    0.98111725    1.05379778    0.00000000    0.75799569    0.53326421    0.65806734    0.61664429    0.59463005    0.55544853    0.49449059    0.54282549    0.52745805    0.54259553    0.58311196    1.42788400    1.38171339    1.38377795    1.28294513    1.34559395    1.29683294    1.30290697    1.23949852    1.45237189    1.40796057    1.00074202    1.08866296    1.35072078    1.35118363    1.49973975    1.60353452    1.13138045    1.18544374    1.14651372    1.13925095    0.87331273    1.06012621    0.99742883    1.03481202    0.90310473    0.89982302    0.90909805    0.87396982    0.92401101    0.82010867    0.87828373    0.88700186    0.85024717    0.89880284    1.13944135    0.92565968    0.95000264    1.01662853    1.02206832    0.92785820    0.98647026    1.10236799    1.03876868    1.03397841    0.92049911    0.91754677    0.92498058    0.97123788    0.99987114    0.96636537    1.05122810    1.01428626    1.01982035    0.78082299    0.97158672    1.02386026    0.99583354    1.05018315    1.02174023    1.07437785    1.07043694    1.02304866    1.15407643    1.12640955    1.01032412    1.03921745    0.93519207    0.86606411    0.92044309    0.92179305    0.93129680    0.90641377    0.83576169    0.94940488    0.97866975    0.90563163    0.91400654    0.95509619    0.90871249    1.01274783    1.02794047    1.02598777    1.04340297    1.05799165    1.10570273    1.09140836    1.10047306    0.63375964    0.64013460    0.64232522    0.61393674    0.59281522    0.61404007
R6G9F3_9FIRM/2-400     0.99242373    0.97079305    1.13420830    1.10098522    1.05681479    1.02292820    1.28395655    0.89947247    0.93633129    1.10021877    0.88845248    1.16685380    1.17062574    1.26080162    0.75799569    0.00000000    0.63949525    0.72720641    0.70083336    0.65499162    0.64432730    0.81525547    0.75634885    0.82933709    0.80507814    0.79550691    1.66384353    1.68665561    1.54838571    1.57644141    1.57786344    1.60576561    1.53265289    1.49440201    1.54589881    1.55722960    1.32688072    1.22218757    1.47048536    1.39956972    1.58794360    1.65716853    1.42233083    1.38549944    1.30237318    1.32725950    1.15418670    1.24593151    1.20583361    1.30149502    1.19225786    1.15848998    1.15576528    1.16087057    1.25824541    1.18688227    1.32471463    1.17046796    1.20855427    1.20783010    1.36906269    1.29274994    1.26571747    1.31133784    1.33580068    1.25545862    1.28844879    1.40028730    1.42184515    1.41107886    1.29622067    1.23930612    1.24387796    1.28572674    1.27124663    1.29742214    1.28595498    1.35299261    1.39694547    1.04214920    1.19789424    1.11271556    1.05923317    1.17893432    1.22171867    1.21231020    1.21570166    1.20226818    1.40590494    1.32492241    1.20850415    1.19531689    1.11767743    1.15683381    1.24050418    1.23489624    1.22174851    1.14310968    1.08838425    1.13093045    1.12285617    1.12635950    1.09034609    1.29246039    1.21680744    1.20620449    1.30521158    1.26242573    1.34453181    1.33684739    1.34719562    1.31564019    1.19005309    0.93062804    0.92666655    0.90401221    0.93499911    0.93557891    0.90995698
A8MIW6_ALKOO/2-400     0.86226581    0.84003010    0.83913039    0.86057670    0.83087318    0.90502374    1.14539046    0.74876747    0.78421521    0.90460793    0.83645916    0.98992643    0.94560311    1.02295669    0.53326421    0.63949525    0.00000000    0.40086525    0.39939592    0.29053436    0.32614736    0.57320817    0.56124353    0.60790438    0.54344694    0.60327908    1.52323778    1.49928746    1.45538178    1.44595782    1.53285171    1.52802933    1.53718158    1.38142863    1.44383575    1.46974856    1.13863991    1.22149782    1.37657885    1.26314180    1.49631717    1.57404951    1.29605788    1.20391395    1.23618517    1.17939588    0.92700416    1.13410535    1.14921924    1.15288528    1.09338951    1.09284428    1.07465291    0.95081635    1.06190630    0.96170541    1.11349334    1.02325369    0.97728689    1.04529936    1.17882710    1.07209456    1.09278843    1.14163822    1.17927020    1.07672053    1.11015545    1.13380756    1.20885079    1.15339559    0.99783372    1.02441380    1.02737862    1.08526316    1.10696304    1.11527454    1.06267450    1.10432961    1.09783323    0.84457940    1.04167651    1.04894321    0.99188189    1.01680719    1.08039200    1.15202623    1.10428508    1.07358977    1.24034878    1.15779407    1.16671130    1.13053801    0.98251029    0.96028366    1.05091630    1.02692056    1.01172161    0.95969347    0.89931862    1.03404958    0.98704388    0.94143438    0.95428764    1.00973350    1.06396130    1.08711437    1.10393030    1.11779733    1.17795396    1.15258128    1.26523337    1.20008341    1.16550101    0.74392661    0.72977034    0.73697272    0.69912558    0.70667514    0.74577465
A0Q267_CLONN/2-400     0.92985885    0.85727447    0.94244511    0.90465418    0.91288475    0.98775792    1.19043660    0.77954300    0.86206594    0.92390001    0.81689076    1.03665411    1.10124884    1.09424701    0.65806734    0.72720641    0.40086525    0.00000000    0.49684798    0.40809598    0.42970745    0.64321830    0.62348677    0.66152758    0.71078991    0.68553080    1.64399685    1.65858334    1.64276079    1.49843527    1.56347785    1.53658013    1.54827902    1.52919880    1.50775287    1.52603082    1.30368591    1.18947663    1.44103688    1.40384706    1.67988186    1.63524989    1.25372695    1.21962428    1.21313942    1.14704880    0.92803101    1.26236967    1.24043131    1.16985770    1.08201001    1.09112013    1.05860034    0.99610974    1.08574583    0.96679977    1.03989138    1.02811997    1.01622341    1.09337525    1.24124476    1.07659078    1.08383556    1.13850875    1.07926937    1.02246388    1.13514609    1.20067452    1.18897337    1.16603335    1.01922647    0.99123907    0.99678378    1.06046970    1.05175032    1.04882922    1.01262836    1.17765164    1.16029325    0.90459543    1.07476197    1.12613803    1.05509745    1.12272245    1.14498476    1.15743263    1.15316284    1.23596439    1.24927394    1.16901235    1.12175658    1.16090627    1.07959528    1.00393716    1.11544035    1.08451614    1.05802025    1.02645422    0.95283498    1.07517179    1.08463556    1.00511084    1.01229488    1.04916350    1.00512684    1.08813087    1.06756982    1.11309690    1.12321902    1.14654262    1.18825929    1.27156108    1.24347302    0.83784547    0.83166167    0.81954868    0.76730067    0.79081284    0.84099489
D3EFW9_GEOS4/2-400     0.84082233    0.83607683    0.86496263    0.88956944    0.86514659    0.85912116    1.08211198    0.69477054    0.78097017    0.92695203    0.76620615    1.04965294    1.05310251    1.11920083    0.61664429    0.70083336    0.39939592    0.49684798    0.00000000    0.37672304    0.41368980    0.54230128    0.57602985    0.63749689    0.61262633    0.66178344    1.61692636    1.55158098    1.58323378    1.51151175    1.58212155    1.58583036    1.60355177    1.43916760    1.49037380    1.45919565    1.14521495    1.17793339    1.45020744    1.44497446    1.72376792    1.76603267    1.26180936    1.22935922    1.22617255    1.18579768    0.95286539    1.15969989    1.15170834    1.17859266    1.09434489    1.14900232    1.08792450    1.07840346    1.09460022    1.04254363    1.08386783    1.06983311    1.02403331    1.08725869    1.26689578    1.18485516    1.15554387    1.16013172    1.15085791    1.11051366    1.15274306    1.17202246    1.24740344    1.20689955    1.07968916    1.10811619    1.10659906    1.08196947    1.18859322    1.14016062    1.16071211    1.16644495    1.16415016    0.88920680    0.99585365    0.99954273    1.02985968    1.08576926    1.05598820    1.12714348    1.06832505    1.11525670    1.29284652    1.24187857    1.11263225    1.09512588    0.93877967    0.91225292    1.07678112    1.00970185    1.02524577    0.95976060    0.90605804    0.99710771    1.02304671    0.98987601    1.00652540    1.02885855    1.07208701    1.14349036    1.14011461    1.15279071    1.17268312    1.14826686    1.27152655    1.14428435    1.14238130    0.73571447    0.72625854    0.69337305    0.68207544    0.68638374    0.73571854
A5I211_CLOBH/2-400     0.90275211    0.87749586    0.89432156    0.87737111    0.87281282    0.96431245    1.13509993    0.73054985    0.86479725    0.88268020    0.85350412    1.08066424    1.07378922    1.11396385    0.59463005    0.65499162    0.29053436    0.40809598    0.37672304    0.00000000    0.30043015    0.61338447    0.58430948    0.65615209    0.62098774    0.65054070    1.65338718    1.53729262    1.53523838    1.51251059    1.60534343    1.63324929    1.58501677    1.42476539    1.51356667    1.46835436    1.17261782    1.22640285    1.45431678    1.34108827    1.64957520    1.65029523    1.30109585    1.27198343    1.19639628    1.17836183    0.94365071    1.15840339    1.18705855    1.18760318    1.12864955    1.13994773    1.12755934    1.02878399    1.15295549    0.98668064    1.12019046    1.05505632    0.98115371    1.03350730    1.25195260    1.12903602    1.12014115    1.17960273    1.19351632    1.07967458    1.13502934    1.22793480    1.32682712    1.21155756    1.07134609    1.03919823    1.06249854    1.11069273    1.19936386    1.14508686    1.14282186    1.18092002    1.18116882    0.87458958    1.08383590    1.08488895    1.07308231    1.13091531    1.11760791    1.18181395    1.13949468    1.15379700    1.27219291    1.19194973    1.18920312    1.16799958    0.98934856    0.97354903    1.09326286    1.08553969    1.02001336    1.02138785    1.00178300    1.08491209    1.08148314    1.00970628    0.98769706    1.04615288    1.03504256    1.07765044    1.04913793    1.07277934    1.12794481    1.10789746    1.18187223    1.15123411    1.19391459    0.76598238    0.81367910    0.73121962    0.71962016    0.76129147    0.79209202
E3GQA2_9FIRM/4-402     0.84100322    0.79112613    0.86971325    0.81952313    0.82148377    0.83169801    1.03060785    0.71262177    0.80692730    0.85275354    0.81543575    0.95493209    0.99089440    1.06309141    0.55544853    0.64432730    0.32614736    0.42970745    0.41368980    0.30043015    0.00000000    0.59617355    0.57431034    0.63734460    0.63694065    0.64697849    1.43197478    1.47782803    1.48598759    1.40878172    1.54473920    1.51822389    1.47941323    1.34645614    1.51299846    1.42056516    1.18730592    1.17117968    1.43221916    1.32263203    1.50880242    1.56967469    1.25979179    1.18641717    1.18340198    1.12767220    0.91585858    1.19353030    1.17050826    1.14525662    1.11591908    1.12071983    1.12412558    1.08676878    1.12454548    0.98460713    1.04239238    1.06038933    0.98909941    1.02335602    1.28487947    1.13891412    1.12767373    1.15871368    1.19830386    1.10016310    1.13565495    1.28251675    1.35019042    1.29773179    1.04567648    1.08073067    1.14244678    1.10879422    1.19897693    1.15079603    1.12921088    1.20861005    1.20066777    0.87919563    1.01605067    0.97649119    0.97942849    1.01175682    1.05070140    1.08294794    1.06872172    1.09328673    1.24643469    1.15167305    1.17616320    1.11495379    0.94397725    0.90046482    1.10142883    1.07038709    0.98944974    0.94345829    0.86036560    0.96616675    0.97869577    0.91313705    0.93138447    1.01919288    1.05205819    1.14667928    1.06612099    1.07851997    1.09763999    1.14296095    1.20942151    1.21801585    1.19560765    0.75584588    0.74274700    0.72961884    0.71381157    0.72535532    0.72978646
B2A8A1_NATTJ/3-402     0.77798128    0.74465040    0.77694925    0.79105960    0.74217413    0.80061557    1.00087522    0.67052678    0.73752250    0.82063417    0.67531463    0.99473722    0.92392002    1.01290660    0.49449059    0.81525547    0.57320817    0.64321830    0.54230128    0.61338447    0.59617355    0.00000000    0.37477291    0.42375257    0.44712593    0.50047233    1.52354127    1.49727236    1.55156070    1.31361058    1.36669587    1.32202784    1.39177146    1.28894273    1.42320526    1.34334119    1.05114693    1.12279931    1.41124890    1.30291345    1.56227398    1.60883539    1.13137030    1.18619524    1.18282227    1.13126228    0.86354039    1.10059596    1.10265539    1.05646537    1.00871086    1.05725322    1.00536098    0.98513361    0.95808624    0.92125739    0.97733483    0.93135091    0.90299699    0.99611645    1.17284675    1.06481933    1.10294902    1.02955708    1.03315050    0.95105994    0.98091920    1.10601118    1.03961656    1.09213228    0.97627425    0.94171168    0.98743808    0.98819201    0.99367991    0.98721588    1.05625637    1.10437250    1.06515122    0.79533948    0.95964904    0.97491848    1.05181190    1.08534669    1.09786134    0.99534325    1.04043245    1.10238605    1.18765659    1.11864752    1.04827254    1.00415232    0.95469400    0.90819516    1.00053432    0.94612964    0.97552503    0.87759290    0.89615219    0.97060764    1.03394441    0.96122188    0.96391163    1.03313056    1.06331301    1.08717695    1.03757116    1.08273415    1.06413724    1.09955676    1.15048443    1.07096757    1.12500255    0.59901921    0.57062489    0.53225097    0.55663252    0.52587677    0.58933756
E4RLZ5_HALHG/2-401     0.78200296    0.78378789    0.83973792    0.82576958    0.79437107    0.82838030    1.06165568    0.73644731    0.80416303    0.89760853    0.70119606    0.94674267    0.96452566    1.06384939    0.54282549    0.75634885    0.56124353    0.62348677    0.57602985    0.58430948    0.57431034    0.37477291    0.00000000    0.29364765    0.52853275    0.47212784    1.50028395    1.42093300    1.50059366    1.27298351    1.28467637    1.33710940    1.38921432    1.34866073    1.41302604    1.41958086    1.06952829    1.10212135    1.29536938    1.31674009    1.47030572    1.61400736    1.19072436    1.18490612    1.16903618    1.11413666    0.90826231    1.15627302    1.02762552    1.16675302    1.05327050    1.00051779    1.04087804    0.92691795    0.99293753    0.92100823    0.97817269    0.98819472    0.93099963    0.98453496    1.09943395    1.08632368    1.07412788    1.02576703    1.07975264    0.97992200    0.98308542    1.16384592    1.17855179    1.14787110    1.01027651    0.97835968    1.01666616    0.97078955    0.97993575    0.98962483    1.04412319    1.10826952    1.14172049    0.86453065    1.04149423    0.99674328    1.03391223    1.05189611    1.08006077    1.07577490    1.11883638    1.14864289    1.24993810    1.14368498    1.07323903    1.10668315    0.99966610    0.91327456    1.00949397    0.99564134    1.01962127    0.98033598    0.97037217    1.00600852    1.08630133    0.96434591    0.99216140    1.01233649    1.04989920    1.06152664    1.07265482    1.06627992    1.12037776    1.11586391    1.17138273    1.09762942    1.10966397    0.65767748    0.63983364    0.62196799    0.57270059    0.57338585    0.62244128
