33
A7HPT6_PARL1/212-332     0.00000000    1.41865682    1.46225961    1.49326461    1.46695932    1.55434267    1.79660690    1.69423871    1.81457661    1.59182176    2.12263547    1.70359659    1.64992828    2.22015213    1.77217091    1.69260668    1.62859138    1.52699625    1.55334951    1.89819134    1.33089219    1.53999640    1.40378307    1.55887275    1.52915553    1.54721749    1.69681966    1.87158888    1.64239819    1.61371130    1.82207092    1.85325421    2.03345739
Q21B52_RHOPB/225-345     1.41865682    0.00000000    0.28879834    0.36837548    0.50972439    0.50497959    2.05416843    1.62830213    1.91816795    1.65838020    1.71428074    1.63296430    1.59344038    1.97888551    1.81409242    1.63090856    1.71079455    1.63597621    1.59580679    1.65606058    1.68855948    1.54150301    1.43596327    1.55134032    1.49036643    1.63261167    1.72047407    2.15617896    1.89903049    1.61431070    1.90888688    1.67992462    1.90911341
Q89BP6_BRADU/268-387     1.46225961    0.28879834    0.00000000    0.31809869    0.45516202    0.49702404    2.06896297    1.62766065    1.86977224    1.77343294    1.96643852    1.69368608    1.57742540    2.04728336    1.93331000    1.84420145    1.91291856    1.69919175    1.82812913    1.99681458    1.81685241    1.69572026    1.55566266    1.77222744    1.67654438    1.88603538    1.85694968    2.14040158    1.80890867    1.70600931    1.82562008    1.70720489    1.92907237
A4YLC6_BRASO/234-352     1.49326461    0.36837548    0.31809869    0.00000000    0.49850824    0.62886257    2.10111588    1.53334529    2.02857307    1.78979127    2.06968199    1.63898511    1.74252241    2.02346483    1.85732068    1.89809203    1.82195244    1.76091714    1.79088648    2.02969327    1.83666066    1.82944979    1.69450745    1.84419252    1.62334159    1.87061426    1.95793041    2.35518619    1.93196328    1.88110231    1.99448032    1.90986236    1.92459855
F7QFN0_9BRAD/227-347     1.46695932    0.50972439    0.45516202    0.49850824    0.00000000    0.55801293    2.32865213    1.71038160    1.82321555    1.76227890    2.09962300    1.68327831    1.72481673    2.08511787    2.24061510    2.00405328    2.14621302    1.81517037    1.75409892    2.22407705    1.97684053    1.74579803    1.62801496    1.79506352    1.72891997    1.88406249    2.09605473    2.17012571    2.12987817    1.88173121    1.91238624    1.89948725    2.20411441
Q6NC45_RHOPA/253-367     1.55434267    0.50497959    0.49702404    0.62886257    0.55801293    0.00000000    2.27110894    1.55788248    2.01405459    1.73155286    1.98491020    1.81412988    1.77571789    1.85121900    2.03551715    1.95171799    2.09297975    1.70827915    1.84169042    2.06103229    1.77255726    1.59509197    1.39674450    1.68059944    1.55894897    1.70816986    1.95647375    2.16305053    1.83535824    1.61984331    2.00276099    1.76533556    2.08896791
J7Q7N7_METSZ/22-135     1.79660690    2.05416843    2.06896297    2.10111588    2.32865213    2.27110894    0.00000000    1.77050244    1.78749077    1.85902780    2.28150117    2.03870015    2.01537567    2.41173071    1.68512877    1.62347760    1.73166810    1.79528101    1.86290253    1.61663439    1.63734389    1.49415947    1.47874389    1.67448946    1.73368162    1.61718663    1.72810937    2.00417659    1.91741894    1.82343684    1.86460243    1.82792982    1.94897412
Q0ASI8_MARMM/209-320     1.69423871    1.62830213    1.62766065    1.53334529    1.71038160    1.55788248    1.77050244    0.00000000    1.85708500    1.92859190    2.28119059    1.95513969    1.76020512    1.87947673    1.89025968    1.84471050    1.80226132    1.75585629    1.88846052    1.88082748    1.89167679    1.92240039    1.84791854    2.02192775    1.85693154    1.92636681    2.03753514    2.50890911    1.93650083    1.85999638    2.40082897    1.88283306    2.11411132
E0TE47_PARBH/226-342     1.81457661    1.91816795    1.86977224    2.02857307    1.82321555    2.01405459    1.78749077    1.85708500    0.00000000    1.99756657    2.08447124    2.32555927    1.69672052    2.02184729    1.87494359    2.02012055    2.08539835    1.81855186    1.89576287    2.06755442    2.11939477    1.92370764    1.89560517    1.90894196    1.92344727    2.03308839    1.74726355    2.32622103    1.86832355    1.81570382    2.03373409    1.95199580    1.97677845
E0TE47_PARBH/33-146     1.59182176    1.65838020    1.77343294    1.78979127    1.76227890    1.73155286    1.85902780    1.92859190    1.99756657    0.00000000    1.55470185    1.67896032    1.64300735    1.55209813    1.92457193    1.98750269    1.87725062    1.76406635    1.60152860    1.99027668    1.70063425    1.84423896    1.77230064    1.75538110    1.76282219    1.75948971    1.43179165    1.67530916    1.88843656    1.91283940    1.92754592    1.86637422    1.86109810
C6XQ51_HIRBI/36-154     2.12263547    1.71428074    1.96643852    2.06968199    2.09962300    1.98491020    2.28150117    2.28119059    2.08447124    1.55470185    0.00000000    1.70795265    1.46110096    1.79623841    2.02688174    1.91000378    1.99124535    2.10414308    1.91745663    1.98502995    1.87828158    1.94791942    1.95655185    2.00118049    2.04057254    2.07837088    1.63473875    2.21504610    2.11620270    2.22818082    2.18852569    2.06682016    2.08195306
A4YLC6_BRASO/43-151     1.70359659    1.63296430    1.69368608    1.63898511    1.68327831    1.81412988    2.03870015    1.95513969    2.32555927    1.67896032    1.70795265    0.00000000    1.17390426    2.15322194    1.76599736    1.85720909    1.72034740    1.51234553    1.96184081    1.95270234    1.70146472    2.06318992    1.90482819    1.84325828    1.77505584    1.86694398    2.00955433    2.48590936    1.88739693    2.00457445    2.05942873    1.85357649    2.18044308
A7HPT6_PARL1/22-138     1.64992828    1.59344038    1.57742540    1.74252241    1.72481673    1.77571789    2.01537567    1.76020512    1.69672052    1.64300735    1.46110096    1.17390426    0.00000000    1.68416516    1.62715250    1.81596418    1.73195141    1.60486019    1.81192811    1.73084155    1.61444269    1.52018764    1.39359058    1.50649659    1.42240274    1.64765225    1.42962246    2.25621087    1.98254202    1.58262696    1.88919181    1.71532341    2.08467594
S5YJ33_PARAH/17-134     2.22015213    1.97888551    2.04728336    2.02346483    2.08511787    1.85121900    2.41173071    1.87947673    2.02184729    1.55209813    1.79623841    2.15322194    1.68416516    0.00000000    1.28948177    1.36530245    1.39609516    1.53158822    1.31735057    1.49135623    1.41537420    1.45878623    1.44207511    1.41048629    1.29393252    1.47994329    1.68237914    2.37615618    2.00291678    1.81180322    1.87992147    2.01773567    2.06854118
L0ERK7_LIBCB/24-135     1.77217091    1.81409242    1.93331000    1.85732068    2.24061510    2.03551715    1.68512877    1.89025968    1.87494359    1.92457193    2.02688174    1.76599736    1.62715250    1.28948177    0.00000000    0.60291842    0.54645527    0.86971197    0.98081811    0.93464903    0.90360129    1.07463165    0.99259005    0.91283434    0.82757607    0.83535100    1.25328719    1.66060269    1.49221936    1.37330575    1.34771711    1.59178653    1.80145170
Q11D98_CHESB/30-142     1.69260668    1.63090856    1.84420145    1.89809203    2.00405328    1.95171799    1.62347760    1.84471050    2.02012055    1.98750269    1.91000378    1.85720909    1.81596418    1.36530245    0.60291842    0.00000000    0.32348815    0.87131724    0.88495055    0.98325956    0.74603079    0.83508346    0.75996241    0.78749866    0.75302529    0.85137236    1.27186734    1.74518923    1.39336744    1.20335800    1.53091166    1.53517885    1.89055577
Q2YRY4_BRUA2/25-137     1.62859138    1.71079455    1.91291856    1.82195244    2.14621302    2.09297975    1.73166810    1.80226132    2.08539835    1.87725062    1.99124535    1.72034740    1.73195141    1.39609516    0.54645527    0.32348815    0.00000000    0.71279929    0.87452712    0.85000475    0.60024241    0.88567469    0.76462891    0.76151926    0.63265644    0.73045311    1.29460168    1.73485232    1.44821560    1.25207077    1.44690193    1.58107427    1.87952602
F8JDB7_HYPSM/27-139     1.52699625    1.63597621    1.69919175    1.76091714    1.81517037    1.70827915    1.79528101    1.75585629    1.81855186    1.76406635    2.10414308    1.51234553    1.60486019    1.53158822    0.86971197    0.87131724    0.71279929    0.00000000    0.64203122    0.93111217    0.47040178    0.76752913    0.66909050    0.56734422    0.52759702    0.46052393    1.24098981    1.90668603    1.51061775    1.27701456    1.57995767    1.57448060    1.71917600
E3HZE7_RHOVT/32-144     1.55334951    1.59580679    1.82812913    1.79088648    1.75409892    1.84169042    1.86290253    1.88846052    1.89576287    1.60152860    1.91745663    1.96184081    1.81192811    1.31735057    0.98081811    0.88495055    0.87452712    0.64203122    0.00000000    0.87461034    0.62052816    0.78699959    0.85335175    0.57215172    0.63561591    0.64882932    1.18127533    2.19151986    1.72814459    1.30655554    1.53549978    1.58064986    1.89519931
G4R9Z6_PELHB/37-149     1.89819134    1.65606058    1.99681458    2.02969327    2.22407705    2.06103229    1.61663439    1.88082748    2.06755442    1.99027668    1.98502995    1.95270234    1.73084155    1.49135623    0.93464903    0.98325956    0.85000475    0.93111217    0.87461034    0.00000000    0.75661367    0.94165090    0.87974284    0.82803411    0.72958797    0.73255692    1.18183163    1.97570687    1.64816852    1.33700573    1.30528166    1.66275257    1.98687912
F2IWJ5_POLGS/34-146     1.33089219    1.68855948    1.81685241    1.83666066    1.97684053    1.77255726    1.63734389    1.89167679    2.11939477    1.70063425    1.87828158    1.70146472    1.61444269    1.41537420    0.90360129    0.74603079    0.60024241    0.47040178    0.62052816    0.75661367    0.00000000    0.58742995    0.54563049    0.43893600    0.36936352    0.39377953    1.07978178    1.71927148    1.54737221    1.15556890    1.55175035    1.68987338    1.90407865
B8EJ93_METSB/22-134     1.53999640    1.54150301    1.69572026    1.82944979    1.74579803    1.59509197    1.49415947    1.92240039    1.92370764    1.84423896    1.94791942    2.06318992    1.52018764    1.45878623    1.07463165    0.83508346    0.88567469    0.76752913    0.78699959    0.94165090    0.58742995    0.00000000    0.24773761    0.50329747    0.47560511    0.51649450    1.16960866    1.80244500    1.58311345    1.22886739    1.47187965    1.76757838    1.72463701
J7QX19_METSZ/19-131     1.40378307    1.43596327    1.55566266    1.69450745    1.62801496    1.39674450    1.47874389    1.84791854    1.89560517    1.77230064    1.95655185    1.90482819    1.39359058    1.44207511    0.99259005    0.75996241    0.76462891    0.66909050    0.85335175    0.87974284    0.54563049    0.24773761    0.00000000    0.46572643    0.45897618    0.47385187    1.22799852    1.72611799    1.51726758    1.22018187    1.43833299    1.58735389    1.56752587
A4YMG7_BRASO/36-148     1.55887275    1.55134032    1.77222744    1.84419252    1.79506352    1.68059944    1.67448946    2.02192775    1.90894196    1.75538110    2.00118049    1.84325828    1.50649659    1.41048629    0.91283434    0.78749866    0.76151926    0.56734422    0.57215172    0.82803411    0.43893600    0.50329747    0.46572643    0.00000000    0.31374698    0.35705929    1.14848993    1.83177442    1.61791785    1.14770698    1.51679251    1.64533789    1.81011576
A8ILY2_AZOC5/55-167     1.52915553    1.49036643    1.67654438    1.62334159    1.72891997    1.55894897    1.73368162    1.85693154    1.92344727    1.76282219    2.04057254    1.77505584    1.42240274    1.29393252    0.82757607    0.75302529    0.63265644    0.52759702    0.63561591    0.72958797    0.36936352    0.47560511    0.45897618    0.31374698    0.00000000    0.38381827    1.19318412    1.84490208    1.56913821    1.11360075    1.52111084    1.56136109    1.87420796
B8ITT2_METNO/30-142     1.54721749    1.63261167    1.88603538    1.87061426    1.88406249    1.70816986    1.61718663    1.92636681    2.03308839    1.75948971    2.07837088    1.86694398    1.64765225    1.47994329    0.83535100    0.85137236    0.73045311    0.46052393    0.64882932    0.73255692    0.39377953    0.51649450    0.47385187    0.35705929    0.38381827    0.00000000    1.17464157    1.92361299    1.55226796    1.21111999    1.52180694    1.70693367    1.68361997
Q1GCK3_RUEST/17-127     1.69681966    1.72047407    1.85694968    1.95793041    2.09605473    1.95647375    1.72810937    2.03753514    1.74726355    1.43179165    1.63473875    2.00955433    1.42962246    1.68237914    1.25328719    1.27186734    1.29460168    1.24098981    1.18127533    1.18183163    1.07978178    1.16960866    1.22799852    1.14848993    1.19318412    1.17464157    0.00000000    1.61518035    1.40769054    1.02308974    1.17572181    1.36422418    1.63094020
J7QFB5_METSZ/20-137     1.87158888    2.15617896    2.14040158    2.35518619    2.17012571    2.16305053    2.00417659    2.50890911    2.32622103    1.67530916    2.21504610    2.48590936    2.25621087    2.37615618    1.66060269    1.74518923    1.73485232    1.90668603    2.19151986    1.97570687    1.71927148    1.80244500    1.72611799    1.83177442    1.84490208    1.92361299    1.61518035    0.00000000    1.60224508    1.68120301    1.77264390    1.89553344    2.35730688
K8GJX9_9CYAN/38-149     1.64239819    1.89903049    1.80890867    1.93196328    2.12987817    1.83535824    1.91741894    1.93650083    1.86832355    1.88843656    2.11620270    1.88739693    1.98254202    2.00291678    1.49221936    1.39336744    1.44821560    1.51061775    1.72814459    1.64816852    1.54737221    1.58311345    1.51726758    1.61791785    1.56913821    1.55226796    1.40769054    1.60224508    0.00000000    1.28545442    1.61284911    1.64849618    1.77294568
Q8KPT7_SYNE7/32-145     1.61371130    1.61431070    1.70600931    1.88110231    1.88173121    1.61984331    1.82343684    1.85999638    1.81570382    1.91283940    2.22818082    2.00457445    1.58262696    1.81180322    1.37330575    1.20335800    1.25207077    1.27701456    1.30655554    1.33700573    1.15556890    1.22886739    1.22018187    1.14770698    1.11360075    1.21111999    1.02308974    1.68120301    1.28545442    0.00000000    1.22695130    1.20216654    1.71073097
Q5LUH3_RUEPO/32-143     1.82207092    1.90888688    1.82562008    1.99448032    1.91238624    2.00276099    1.86460243    2.40082897    2.03373409    1.92754592    2.18852569    2.05942873    1.88919181    1.87992147    1.34771711    1.53091166    1.44690193    1.57995767    1.53549978    1.30528166    1.55175035    1.47187965    1.43833299    1.51679251    1.52111084    1.52180694    1.17572181    1.77264390    1.61284911    1.22695130    0.00000000    1.74616768    2.03330797
B6IN11_RHOCS/42-154     1.85325421    1.67992462    1.70720489    1.90986236    1.89948725    1.76533556    1.82792982    1.88283306    1.95199580    1.86637422    2.06682016    1.85357649    1.71532341    2.01773567    1.59178653    1.53517885    1.58107427    1.57448060    1.58064986    1.66275257    1.68987338    1.76757838    1.58735389    1.64533789    1.56136109    1.70693367    1.36422418    1.89553344    1.64849618    1.20216654    1.74616768    0.00000000    1.72225758
Q31R06_SYNE7/255-368     2.03345739    1.90911341    1.92907237    1.92459855    2.20411441    2.08896791    1.94897412    2.11411132    1.97677845    1.86109810    2.08195306    2.18044308    2.08467594    2.06854118    1.80145170    1.89055577    1.87952602    1.71917600    1.89519931    1.98687912    1.90407865    1.72463701    1.56752587    1.81011576    1.87420796    1.68361997    1.63094020    2.35730688    1.77294568    1.71073097    2.03330797    1.72225758    0.00000000

