33
USG_CAUVC/9-88     0.00000000    0.57475662    0.71875135    0.48816891    0.71419969    0.71542086    0.78344662    0.75326795    0.84778132    0.66558669    0.63415133    0.68584656    0.64842051    0.73701012    0.73894837    0.80493104    0.64852517    0.71154611    0.66485728    0.57998307    0.71873878    0.65996844    0.52661205    0.49586114    0.59880939    0.63740582    0.54012904    0.69663698    0.73329317    0.75303420    0.66801241    0.48364278    0.41496991
F6IJL4_9SPHN/11-90     0.57475662    0.00000000    0.59186540    0.44731856    0.72468191    0.71571450    1.10776381    1.06101899    1.12804108    0.96991342    0.78665070    0.83968592    0.85992196    0.87689439    0.85411087    0.97076730    0.90973484    0.76586114    0.76179060    1.07466633    1.03597166    1.00179277    0.68906863    0.68195147    0.78718065    0.90812801    0.82885324    0.88021128    0.99212541    0.92530661    1.01491512    0.76043757    0.68299342
Q2NBL5_ERYLH/9-88     0.71875135    0.59186540    0.00000000    0.32122533    0.63804635    0.79754462    0.92295815    0.82491667    0.94985179    0.83675690    0.81019233    1.01135010    1.04234869    0.96327060    0.93125816    1.03969532    0.98176450    0.93592858    0.95300062    1.15456149    1.01391881    1.02968759    0.70804099    0.69482025    0.89216766    0.91451140    0.70591740    1.04402163    1.16011420    0.92297519    0.99396291    0.77882423    0.58661491
Q1GRD7_SPHAL/9-88     0.48816891    0.44731856    0.32122533    0.00000000    0.35081711    0.76759942    0.86299772    0.69205571    0.75895925    0.74574722    0.61924665    0.88030105    0.79134457    0.91451590    0.81912154    0.95545374    0.84729485    0.79903657    0.72339215    0.94024261    0.88088969    0.85108234    0.62013214    0.63819964    0.71421811    0.66703543    0.62970294    0.84823510    0.96900339    0.86522852    0.80118825    0.64688732    0.56495610
W0A8I8_9SPHN/9-88     0.71419969    0.72468191    0.63804635    0.35081711    0.00000000    0.94046888    0.71828835    0.77077274    0.76509920    0.71503783    0.74287908    0.91367103    0.94252091    1.19327943    1.30842801    1.12040700    1.09229176    0.84497212    0.87188342    0.93214027    0.96477624    1.02632867    0.91093439    0.84196357    0.89947030    0.90422398    0.80575071    0.99954103    1.05061701    0.87793273    0.84738618    0.73990907    0.69729829
F2J4Z2_POLGS/10-89     0.71542086    0.71571450    0.79754462    0.76759942    0.94046888    0.00000000    0.99055720    0.77746391    0.96828713    0.87141823    0.79225112    0.91903779    0.82540148    0.81294639    0.90663569    0.82065775    0.86759026    0.87464503    0.67962608    1.02822070    0.70196170    0.84574982    0.70958915    0.55174842    0.69104171    0.94246677    0.72605031    0.82120565    0.91902011    0.86249360    0.84481461    0.64265319    0.63486604
W8S7S5_9RHOB/9-88     0.78344662    1.10776381    0.92295815    0.86299772    0.71828835    0.99055720    0.00000000    0.37692214    0.33555571    0.34616477    0.72338215    0.65622708    0.58555137    1.04019593    1.38752443    1.11671499    1.16956339    0.99996009    1.10232912    0.90753333    0.91918347    0.88709079    0.83838075    0.89925584    0.87277097    0.93999036    0.77248418    0.87762972    1.03708836    1.04224115    0.88385377    0.78022884    0.63924448
A8LK20_DINSH/9-88     0.75326795    1.06101899    0.82491667    0.69205571    0.77077274    0.77746391    0.37692214    0.00000000    0.33241111    0.34352967    0.62974696    0.69462805    0.71498721    0.89363831    1.00335536    0.88223050    0.86438940    0.81351144    0.79794829    0.86813217    0.84166052    0.86600259    0.79158877    0.75665333    0.84169486    0.95741183    0.78986555    0.99055357    0.89958502    0.94823217    0.81407011    0.70636546    0.67956434
Q1GH02_RUEST/9-88     0.84778132    1.12804108    0.94985179    0.75895925    0.76509920    0.96828713    0.33555571    0.33241111    0.00000000    0.25379600    0.68274769    0.77861958    0.70874725    1.15854946    1.31760744    1.14473669    1.23448685    0.97763825    0.93204840    1.00637467    0.95825484    0.96181169    0.91828234    0.85839883    0.91152341    0.98164436    0.85433970    1.06997056    1.01540702    1.09619116    0.91472439    0.81540943    0.79699696
Q5LRS5_RUEPO/9-88     0.66558669    0.96991342    0.83675690    0.74574722    0.71503783    0.87141823    0.34616477    0.34352967    0.25379600    0.00000000    0.54217750    0.59697394    0.70345013    1.05876255    1.20024695    1.16151222    0.92263588    0.78743007    0.82830381    0.81978554    0.81822223    0.74704324    0.82987287    0.76266251    0.88317084    0.89696594    0.81351713    0.94365080    1.00062722    0.99902386    0.94630659    0.74715236    0.70053966
Q2YLH6_BRUA2/15-94     0.63415133    0.78665070    0.81019233    0.61924665    0.74287908    0.79225112    0.72338215    0.62974696    0.68274769    0.54217750    0.00000000    0.51309505    0.74366412    1.02959745    0.78016653    0.98293456    0.94142241    0.86331405    0.71989241    0.93751358    0.92189655    0.88111138    0.61661749    0.67936306    0.75055140    0.86511941    0.73336461    0.94181384    0.93497708    0.90327846    0.82448895    0.69915801    0.57914280
Q11CS4_CHESB/10-89     0.68584656    0.83968592    1.01135010    0.88030105    0.91367103    0.91903779    0.65622708    0.69462805    0.77861958    0.59697394    0.51309505    0.00000000    0.74382031    1.04100565    0.92358177    1.03041773    0.90044948    0.84079115    0.96236461    0.82440116    0.95760043    0.84674155    0.72326443    0.84086507    0.88927204    0.80855086    0.75311736    0.90120883    0.93674313    0.83135444    0.79450910    0.69654738    0.59173419
Q92UT0_RHIME/10-89     0.64842051    0.85992196    1.04234869    0.79134457    0.94252091    0.82540148    0.58555137    0.71498721    0.70874725    0.70345013    0.74366412    0.74382031    0.00000000    0.93071644    1.04004740    0.92020766    0.92115590    0.92286947    1.03207622    0.83485131    0.73072824    0.78244304    0.59610430    0.75177036    0.63317110    0.78202827    0.66144321    0.53429053    0.86699824    0.74857320    0.67119625    0.62020471    0.59707718
A7HR41_PARL1/10-89     0.73701012    0.87689439    0.96327060    0.91451590    1.19327943    0.81294639    1.04019593    0.89363831    1.15854946    1.05876255    1.02959745    1.04100565    0.93071644    0.00000000    0.91460131    0.79173467    0.62971203    0.67805559    0.82855643    0.77751812    0.74912930    0.85701244    0.65847024    0.66476469    0.71106639    0.85623293    0.78728299    0.80258940    0.85632281    0.83476131    0.95335799    0.65088857    0.63362837
Q2RY30_RHORT/19-96     0.73894837    0.85411087    0.93125816    0.81912154    1.30842801    0.90663569    1.38752443    1.00335536    1.31760744    1.20024695    0.78016653    0.92358177    1.04004740    0.91460131    0.00000000    0.53281223    0.43037292    0.52710372    0.56600230    0.72621184    0.71394540    0.57344740    0.58003633    0.61423406    0.64272535    0.91753475    0.72261713    0.88178025    0.77104691    0.88053973    0.87804090    0.69731832    0.67093837
A9HK50_GLUDA/6-85     0.80493104    0.97076730    1.03969532    0.95545374    1.12040700    0.82065775    1.11671499    0.88223050    1.14473669    1.16151222    0.98293456    1.03041773    0.92020766    0.79173467    0.53281223    0.00000000    0.43638194    0.54163988    0.51350519    0.75798947    0.53696552    0.64500717    0.70563157    0.62176293    0.77315621    1.02295857    0.88615677    0.79330360    0.67308429    0.79137858    0.79365072    0.73960908    0.71799236
Q0BQ22_GRABC/6-85     0.64852517    0.90973484    0.98176450    0.84729485    1.09229176    0.86759026    1.16956339    0.86438940    1.23448685    0.92263588    0.94142241    0.90044948    0.92115590    0.62971203    0.43037292    0.43638194    0.00000000    0.36958442    0.46843809    0.51149616    0.49896652    0.54744710    0.62624049    0.58288070    0.71885643    0.89977320    0.87260690    0.73893533    0.60306439    0.82679049    0.83700456    0.64381515    0.61205964
A5G1G4_ACICJ/29-107     0.71154611    0.76586114    0.93592858    0.79903657    0.84497212    0.87464503    0.99996009    0.81351144    0.97763825    0.78743007    0.86331405    0.84079115    0.92286947    0.67805559    0.52710372    0.54163988    0.36958442    0.00000000    0.43718187    0.51730066    0.47958951    0.50344125    0.65942226    0.57006719    0.71921812    0.81688115    0.80104202    0.82082331    0.69681074    0.74560284    0.78528633    0.63773763    0.54103843
B6IU96_RHOCS/31-109     0.66485728    0.76179060    0.95300062    0.72339215    0.87188342    0.67962608    1.10232912    0.79794829    0.93204840    0.82830381    0.71989241    0.96236461    1.03207622    0.82855643    0.56600230    0.51350519    0.46843809    0.43718187    0.00000000    0.61667556    0.43008287    0.52009436    0.76673227    0.68499274    0.75384700    0.90014879    0.80459345    0.91197624    0.63276697    0.76903942    0.93956214    0.73316829    0.71718018
G2KR61_MICAA/9-87     0.57998307    1.07466633    1.15456149    0.94024261    0.93214027    1.02822070    0.90753333    0.86813217    1.00637467    0.81978554    0.93751358    0.82440116    0.83485131    0.77751812    0.72621184    0.75798947    0.51149616    0.51730066    0.61667556    0.00000000    0.46078190    0.39600860    0.80028859    0.71208812    0.79470017    0.77766049    0.81804498    0.68774096    0.63415325    0.65416233    0.69634377    0.53592001    0.75484449
G7Z603_AZOL4/7-86     0.71873878    1.03597166    1.01391881    0.88088969    0.96477624    0.70196170    0.91918347    0.84166052    0.95825484    0.81822223    0.92189655    0.95760043    0.73072824    0.74912930    0.71394540    0.53696552    0.49896652    0.47958951    0.43008287    0.46078190    0.00000000    0.25772276    0.76824535    0.72344650    0.74593812    0.99041036    0.86937597    0.74216166    0.81196242    0.74370078    0.81299856    0.74651316    0.76057150
G8AH47_9PROT/7-86     0.65996844    1.00179277    1.02968759    0.85108234    1.02632867    0.84574982    0.88709079    0.86600259    0.96181169    0.74704324    0.88111138    0.84674155    0.78244304    0.85701244    0.57344740    0.64500717    0.54744710    0.50344125    0.52009436    0.39600860    0.25772276    0.00000000    0.75088451    0.72397928    0.84240635    0.81728141    0.78374102    0.80904565    0.83904672    0.71323376    0.73764979    0.67840205    0.82908433
D7A0C9_STAND/24-103     0.52661205    0.68906863    0.70804099    0.62013214    0.91093439    0.70958915    0.83838075    0.79158877    0.91828234    0.82987287    0.61661749    0.72326443    0.59610430    0.65847024    0.58003633    0.70563157    0.62624049    0.65942226    0.76673227    0.80028859    0.76824535    0.75088451    0.00000000    0.30060870    0.35741069    0.46597117    0.40450985    0.48410677    0.62258530    0.57748134    0.62115253    0.41367736    0.39420261
A7IN93_XANP2/40-119     0.49586114    0.68195147    0.69482025    0.63819964    0.84196357    0.55174842    0.89925584    0.75665333    0.85839883    0.76266251    0.67936306    0.84086507    0.75177036    0.66476469    0.61423406    0.62176293    0.58288070    0.57006719    0.68499274    0.71208812    0.72344650    0.72397928    0.30060870    0.00000000    0.30721666    0.53473809    0.40022678    0.57796545    0.56423214    0.63087392    0.53708933    0.37981503    0.38880614
A8I5Q8_AZOC5/9-88     0.59880939    0.78718065    0.89216766    0.71421811    0.89947030    0.69104171    0.87277097    0.84169486    0.91152341    0.88317084    0.75055140    0.88927204    0.63317110    0.71106639    0.64272535    0.77315621    0.71885643    0.71921812    0.75384700    0.79470017    0.74593812    0.84240635    0.35741069    0.30721666    0.00000000    0.56051119    0.43507481    0.61522653    0.60484497    0.60357123    0.63345933    0.47089168    0.45394381
B6JHW9_OLICO/23-102     0.63740582    0.90812801    0.91451140    0.66703543    0.90422398    0.94246677    0.93999036    0.95741183    0.98164436    0.89696594    0.86511941    0.80855086    0.78202827    0.85623293    0.91753475    1.02295857    0.89977320    0.81688115    0.90014879    0.77766049    0.99041036    0.81728141    0.46597117    0.53473809    0.56051119    0.00000000    0.32037484    0.60103907    0.67734719    0.43862901    0.60458909    0.43778128    0.53458948
A4YS27_BRASO/14-93     0.54012904    0.82885324    0.70591740    0.62970294    0.80575071    0.72605031    0.77248418    0.78986555    0.85433970    0.81351713    0.73336461    0.75311736    0.66144321    0.78728299    0.72261713    0.88615677    0.87260690    0.80104202    0.80459345    0.81804498    0.86937597    0.78374102    0.40450985    0.40022678    0.43507481    0.32037484    0.00000000    0.57332790    0.71089696    0.52344939    0.54262254    0.42316228    0.34464604
J7QV02_METSZ/9-88     0.69663698    0.88021128    1.04402163    0.84823510    0.99954103    0.82120565    0.87762972    0.99055357    1.06997056    0.94365080    0.94181384    0.90120883    0.53429053    0.80258940    0.88178025    0.79330360    0.73893533    0.82082331    0.91197624    0.68774096    0.74216166    0.80904565    0.48410677    0.57796545    0.61522653    0.60103907    0.57332790    0.00000000    0.59657761    0.53027154    0.57156340    0.56689788    0.58627177
V5SAS6_9RHIZ/11-90     0.73329317    0.99212541    1.16011420    0.96900339    1.05061701    0.91902011    1.03708836    0.89958502    1.01540702    1.00062722    0.93497708    0.93674313    0.86699824    0.85632281    0.77104691    0.67308429    0.60306439    0.69681074    0.63276697    0.63415325    0.81196242    0.83904672    0.62258530    0.56423214    0.60484497    0.67734719    0.71089696    0.59657761    0.00000000    0.55167510    0.75634492    0.56059170    0.66109893
B4RAP0_PHEZH/10-89     0.75303420    0.92530661    0.92297519    0.86522852    0.87793273    0.86249360    1.04224115    0.94823217    1.09619116    0.99902386    0.90327846    0.83135444    0.74857320    0.83476131    0.88053973    0.79137858    0.82679049    0.74560284    0.76903942    0.65416233    0.74370078    0.71323376    0.57748134    0.63087392    0.60357123    0.43862901    0.52344939    0.53027154    0.55167510    0.00000000    0.43533083    0.44172684    0.57622098
B2IKI8_BEII9/19-98     0.66801241    1.01491512    0.99396291    0.80118825    0.84738618    0.84481461    0.88385377    0.81407011    0.91472439    0.94630659    0.82448895    0.79450910    0.67119625    0.95335799    0.87804090    0.79365072    0.83700456    0.78528633    0.93956214    0.69634377    0.81299856    0.73764979    0.62115253    0.53708933    0.63345933    0.60458909    0.54262254    0.57156340    0.75634492    0.43533083    0.00000000    0.40125464    0.58442352
B8ERG5_METSB/18-97     0.48364278    0.76043757    0.77882423    0.64688732    0.73990907    0.64265319    0.78022884    0.70636546    0.81540943    0.74715236    0.69915801    0.69654738    0.62020471    0.65088857    0.69731832    0.73960908    0.64381515    0.63773763    0.73316829    0.53592001    0.74651316    0.67840205    0.41367736    0.37981503    0.47089168    0.43778128    0.42316228    0.56689788    0.56059170    0.44172684    0.40125464    0.00000000    0.43381581
B0U8V7_METS4/9-88     0.41496991    0.68299342    0.58661491    0.56495610    0.69729829    0.63486604    0.63924448    0.67956434    0.79699696    0.70053966    0.57914280    0.59173419    0.59707718    0.63362837    0.67093837    0.71799236    0.61205964    0.54103843    0.71718018    0.75484449    0.76057150    0.82908433    0.39420261    0.38880614    0.45394381    0.53458948    0.34464604    0.58627177    0.66109893    0.57622098    0.58442352    0.43381581    0.00000000

