78
FPG_DESHY/245-273     0.00000000    0.71686948    1.07305324    1.10044542    1.06737175    0.96977860    1.06523253    0.91865014    0.99613736    0.64544412    1.07122371    1.15555940    0.93797593    1.19191039    2.29978293    2.44079241    2.00197921    1.96328549    1.87553771    2.37636882    3.19848052    2.20589481    2.81866987    3.15178442    2.79405733    2.94984488    2.95630393    1.90126414    2.42535936    3.00453139    2.70359615    1.89674566    2.27288884    2.50886551    2.30062653    2.44841542    2.55936579    1.96334293    2.80303553    2.54819871    2.16309209    2.88747001    2.14209991    2.10929854    2.16719548    2.13852114    2.32940842    2.32951942    2.07693090    2.15315716    1.70087259    1.05733704    0.72378887    0.96473384    1.21241472    1.53031553    0.81367678    1.62923453    1.49521963    1.27230391    1.02755954    0.98805452    0.92701631    1.38079149    1.08260788    1.14689715    1.51626951    1.16621668    1.41627994    0.78810825    0.95754941    0.72854204    0.88012525    1.28580751    1.41534933    1.21931079    1.06170558    1.20912060
FPG_DESVH/337-365     0.71686948    0.00000000    1.06895486    1.07954904    0.91879456    0.93665745    1.11372100    1.12378880    1.23244376    1.01668080    1.04134358    0.98091118    0.83814771    1.56414789    2.25603275    2.23267935    2.22917400    2.14996122    1.56915518    1.86793252    2.84684854    2.42681882    2.60385304    3.10381630    2.89087670    2.65017383    2.67012554    2.20020030    2.13305660    2.78038006    2.69309527    1.93380272    2.53334079    2.45502757    2.07826102    2.60326547    2.53701291    2.52986021    2.17593463    2.43586998    2.14609188    2.27071302    2.36443667    2.10545280    2.08815812    2.23697762    2.30506755    1.92074615    2.06756278    2.17807254    1.84361449    1.29192883    0.81093244    0.92300542    1.40380043    1.46027097    0.82465105    1.33600699    1.24950975    1.38084435    1.02418890    1.01980957    0.97645780    0.87021127    0.96964888    1.00624316    1.44403868    1.03807370    1.13964399    1.05435856    1.17198989    1.06669419    0.91308830    1.13676731    0.95926177    0.86205640    0.97997402    0.97291702
Q1AT11_RUBXD/244-273     1.07305324    1.06895486    0.00000000    0.65756750    1.18740221    0.80733819    1.10964010    1.11575877    1.29346010    1.28069957    1.64078875    1.83635252    1.08166832    1.57063369    2.16066807    2.63182558    2.45488185    3.01298469    2.33436991    1.86904913    2.64670482    2.44585289    2.95430665    2.94478565    2.80573860    2.67204019    2.50716672    2.14995797    1.97335211    3.27023814    2.81680959    2.38158661    1.58688154    2.55583219    2.38982808    2.59540197    2.59000454    2.17795865    2.88253119    2.49423031    2.46348345    2.63340927    2.33225376    2.61653257    2.26404739    2.37954090    2.16293817    2.88638987    2.99924047    2.23180086    1.85520707    1.45333637    0.87025206    0.95503092    1.46622845    1.26834696    1.08974249    1.20725380    1.63114645    1.49605060    0.99787767    0.79332379    1.01932230    1.48706242    1.46783908    1.76784489    1.61707098    1.11921611    1.29642492    1.23838381    0.92798471    1.08350706    1.39540997    1.65833072    1.14097650    1.15013489    1.00940898    1.32560954
B0REM0_CLAMS/274-301     1.10044542    1.07954904    0.65756750    0.00000000    1.00982946    0.83074440    1.12025507    0.91155765    1.23315476    1.41387971    1.75126886    1.27156022    0.84998199    1.38216692    1.31726077    2.29511217    2.11593680    2.65836626    1.98521550    1.65643763    1.92990854    2.18468179    2.32719119    2.99444256    2.68392165    2.33029349    2.31233156    1.59413256    1.45980663    2.40260437    2.40136507    1.67658889    1.58869190    2.38189977    1.92657362    2.28171977    2.64350478    2.09546083    2.23886543    2.59002583    2.24098783    2.45213304    2.38296573    2.43761435    2.21661949    1.92209152    1.87009247    2.46254645    2.48591791    1.85403294    1.55544811    1.08214785    0.69463313    1.03807016    1.21263869    1.21473342    0.75462963    0.99032730    1.66599439    1.51691854    1.37659488    0.77624661    0.95017928    1.11100340    1.01836077    1.35949422    1.13450710    0.74211660    0.97211491    1.18374521    0.84650634    0.99301757    1.26744700    1.07755631    0.81422459    1.43286727    0.61584827    0.74681013
FPG_BACSU/246-275     1.06737175    0.91879456    1.18740221    1.00982946    0.00000000    0.81207352    0.66056460    1.14811012    1.34257875    1.15997572    1.49043121    1.40508178    0.67483038    1.21121693    2.13770544    2.74440953    2.19231274    2.30229931    2.06755640    1.94557045    2.79253558    2.32685736    2.47900615    2.86788825    2.11246484    2.19927883    2.73810264    2.02407825    2.52206229    3.33232067    2.63790321    2.00634132    2.67052972    2.27700114    1.84658343    2.58200395    2.40189183    2.48717888    2.56016412    2.33504869    2.44982182    2.48635885    2.04158580    2.08223632    2.10197822    1.95988250    2.01304112    2.50813811    2.80892637    2.47224761    1.86400695    0.95989443    0.80000015    1.15050079    1.41196199    1.20246573    1.01624861    1.43419406    1.79320056    1.42892697    1.19334051    0.87651073    1.09284379    1.55170393    0.96835966    1.34717342    1.05519256    1.07802212    1.02243870    0.91904692    1.20185435    1.14461512    0.92982147    1.03328618    1.17313070    1.53918739    1.38239335    0.88826473
Q1ATB8_RUBXD/242-271     0.96977860    0.93665745    0.80733819    0.83074440    0.81207352    0.00000000    0.71190518    0.86541299    1.15111865    1.41087806    1.43616293    1.52958442    0.86723005    0.92730079    2.16689381    2.57815112    2.11075087    2.13468504    2.14924674    1.90430725    2.72912955    2.12525851    2.57880250    3.32136090    2.80563397    2.51077415    2.72920227    1.96792043    2.19314398    3.09556932    2.57217769    2.09836643    2.36216869    2.78583331    2.30845672    2.90011383    2.87821566    2.36951397    2.89350930    2.50028238    2.54733629    2.64917650    2.37618429    2.55944836    2.57041763    2.51704245    1.97413822    2.72210609    3.03264380    2.31094503    1.70122407    1.03629987    0.79778447    1.00819750    1.38252803    1.46266229    1.00089094    1.66025090    1.53271434    1.31816950    1.04357019    0.65629629    0.90764790    1.25965066    1.15441732    1.45054351    1.49087702    1.08982198    1.06465021    1.26911430    1.27307302    0.92648589    1.14385335    1.49889982    1.53571081    1.43861018    1.40728530    1.21689890
Q6YPQ1_ONYPE/242-269     1.06523253    1.11372100    1.10964010    1.12025507    0.66056460    0.71190518    0.00000000    1.19044139    1.50521476    1.57422516    1.36481453    1.15482891    0.83594498    0.87751122    1.95440769    3.09737663    2.59306338    2.51736279    2.02505731    2.01916504    3.14716252    3.00754770    2.77117822    2.86093209    2.94137605    2.41397651    2.61553040    2.27723732    2.78237833    2.66484634    2.50339550    2.26514725    2.66067510    2.58589297    2.28756849    2.63321441    3.06804356    2.49992170   20.00000000    2.87615805    2.80331050    3.05554517    2.76636148    2.79807409    2.35396014    2.77266098    2.39991978    3.15950759    2.83372231    2.49456595    2.13254521    0.60018261    0.81780899    1.08755267    1.84047149    1.72732356    1.24907260    1.60426087    1.75460303    1.43896330    1.27306483    1.20556884    1.04045485    1.16043419    1.46410196    1.27522308    1.40275584    1.20007419    1.17741112    1.21805117    1.31755672    1.15851111    1.39070703    1.51113983    1.34273078    1.50138878    1.72748501    0.98567571
Q2LY20_SYNAS/283-311     0.91865014    1.12378880    1.11575877    0.91155765    1.14811012    0.86541299    1.19044139    0.00000000    0.87959921    1.33411461    1.37720628    1.45709009    0.61593233    1.06836957    1.86223593    2.60739595    2.27959702    2.67182491    2.14663615    1.78595613    2.16432670    1.89773985    2.67343253    3.07636511    2.81870571    2.49011369    2.80493652    1.60439108    1.73937415    2.50550423    2.49819749    1.47868161    2.22459601    2.31973430    2.19520160    2.37932863    2.47697129    2.52435634    2.58065918    2.88954795    2.06946099    2.64849278    2.35372217    2.40758418    2.37518065    2.58552683    2.63721750    2.57148109    2.52564288    2.21286556    1.73300258    1.02359573    1.18495570    1.19226092    1.38816472    1.53738334    0.95798534    2.06127308    1.33037696    1.52354287    1.37454416    0.98253361    0.77816323    1.11363713    1.11495485    1.44094659    1.13015716    1.01812819    1.10312117    1.04650255    1.12293162    0.93527309    1.28261156    1.24086704    1.39351457    1.35294201    1.10428373    1.25739837
FPG_HALHL/242-270     0.99613736    1.23244376    1.29346010    1.23315476    1.34257875    1.15111865    1.50521476    0.87959921    0.00000000    0.64113473    0.88986016    1.25874439    1.13178998    1.20890055    2.19587971    2.85041568    2.42768636    3.14023291    2.52116735    2.17014550    2.52828786    2.46836306    2.75996472    2.99231952    2.62041137    2.86436885    2.95251556    2.10592341    2.56188067    3.62194550    2.20120361    2.05689871    2.53696686    2.43584981    2.37188497    2.73522775    2.74161293    2.68740132    3.29283657    2.94922496    2.60549247    3.06009247    2.32525510    2.72732140    2.37795847    2.44943814    2.37261475    2.97732022    2.58217105    2.20169215    2.11424698    1.27866015    0.89998584    1.15921648    1.28797713    1.13901296    1.15976256    2.08574124    1.27739709    1.16111007    1.43440098    1.17979088    1.31013707    1.44567519    1.22235015    1.47441834    1.24131226    1.21415684    0.96472048    0.78901229    0.91029503    1.31209305    1.51415439    1.47752065    1.17801061    1.17844342    1.19046582    1.21050847
FPG_PSEAE/242-269     0.64544412    1.01668080    1.28069957    1.41387971    1.15997572    1.41087806    1.57422516    1.33411461    0.64113473    0.00000000    0.56479683    0.71410161    1.15749531    1.13664561    2.42901870    2.15560018    1.85769429    2.43900202    2.12394621    2.34905946    2.93723803    2.36567509    2.80941944    2.94516205    2.81166160    2.47419337    2.85496219    2.20174420    2.15668788    3.35292879    2.29565830    1.92718574    2.69909841    2.48144955    2.33790856    2.59649585    2.06123920    2.41242046    2.61735067    2.82943589    2.44274340    2.61218376    2.21669179    2.16369816    1.78804351    1.94024987    2.08999307    2.42430213    2.02931675    1.74604881    1.84314454    1.07490886    0.92655436    1.29828559    0.91431322    1.26946027    1.11906892    1.69111747    1.52551652    0.79908956    1.29569391    1.74937029    1.32871082    1.50717345    1.36945171    1.41320710    1.27900966    0.83447092    1.17432578    0.75642768    1.13467410    1.59178903    1.44386637    1.08914416    1.12364558    0.94768391    0.91064077    1.14663777
FPG_IDILO/242-270     1.07122371    1.04134358    1.64078875    1.75126886    1.49043121    1.43616293    1.36481453    1.37720628    0.88986016    0.56479683    0.00000000    0.91069454    1.28202443    1.28956955    2.77750600    2.51700994    2.41829400    2.72075898    2.33299604    2.26191700    2.59821673    2.44506005    2.69566490    2.71109934    2.73145343    1.98857215    2.42291875    2.23735473    2.59419632    2.34657963    1.95249559    1.84938547    3.04989243    2.71527897    2.41514135    2.90065809    2.29015243    2.40974848    2.89850818    2.44681929    2.44195235    2.75838876    2.31236712    2.76287332    2.16338210    2.43584451    2.49627372    2.58249534    2.36438893    2.02901107    2.17126702    1.17603174    1.26506509    1.31462323    1.25752793    1.79355911    1.37844047    2.15172134    1.69969622    0.87079492    1.11579577    1.83894591    1.42388835    1.23292274    1.41549263    1.24064049    1.34456028    0.97324013    1.16612349    0.97587845    1.13144952    1.77491407    1.31869650    1.45371020    1.07886123    0.71582622    1.36908519    1.17137347
FPG_ACIAD/240-269     1.15555940    0.98091118    1.83635252    1.27156022    1.40508178    1.52958442    1.15482891    1.45709009    1.25874439    0.71410161    0.91069454    0.00000000    0.95531886    1.51217203    2.45275682    2.39919531    2.26137486    2.24203348    2.15310925    2.24246008    3.19322805    2.46822938    2.84105162    3.06122309    2.96412293    2.66449064    2.83872239    2.55277786    2.13327070    2.86820977    2.33488707    2.02468532    2.77725466    2.57514223    2.46778643    2.42595501    2.59896857    2.76423393    2.18021112    3.04797546    2.43016427    2.79426862    2.37349808    2.12149033    1.96164666    2.02162566    1.92060722    2.31243084    1.98294409    1.99260760    1.73292718    1.05421513    0.81902476    1.58220509    2.01530311    1.97198379    0.99637506    2.40898027    2.28463853    1.24736479    1.70764890    1.51820767    1.41229490    1.34394392    1.63394171    1.17602832    1.19600660    0.83547651    1.11504437    1.23223407    1.33042829    1.52981304    1.74360004    0.98012248    1.03830430    0.95672583    1.36920381    0.93400404
FPG_STRR6/244-272     0.93797593    0.83814771    1.08166832    0.84998199    0.67483038    0.86723005    0.83594498    0.61593233    1.13178998    1.15749531    1.28202443    0.95531886    0.00000000    1.08305277    1.88375125    2.27271701    2.11816119    2.47687500    1.73279395    1.50573784    2.37288325    2.25393249    2.64210056    2.79299531    2.44265034    2.16936974    2.26568451    1.62025839    1.84710270    2.19081058    2.16486334    1.53645413    2.49101892    2.19463629    2.16256341    2.17398602    2.29692993    2.03186374    1.98594770    2.63361752    2.23239321    2.01577795    2.21484165    1.88305933    2.05716241    1.87165702    2.18189630    2.42406182    2.08773861    2.01153936    1.44366974    0.66178755    0.67380096    0.85196309    1.42387474    1.32263036    0.82020783    1.56499863    1.68028838    1.32208587    1.25906876    0.87034648    1.00171302    1.33715887    0.94622135    1.21645364    0.98041146    0.73105212    1.10074541    0.89753946    1.16029613    1.21397289    1.23841727    0.90667263    1.10641782    0.99684404    1.24625790    1.07901637
D1J8H4_MYCHP/246-274     1.19191039    1.56414789    1.57063369    1.38216692    1.21121693    0.92730079    0.87751122    1.06836957    1.20890055    1.13664561    1.28956955    1.51217203    1.08305277    0.00000000    1.81394959    2.10566452    1.64959407    2.09927232    1.87289056    2.03561478    2.19837484    2.42373226    2.45099043    2.81788472    2.79508707    2.32525594    1.98480749    2.16622983    2.09857400    2.14120259    2.22000010    2.13386253    2.28585917    2.44505877    2.00355096    2.33812401    2.18760537    1.45815241    2.34839104    1.88731857    2.46917676    2.09620660    2.18332727    2.53162722    2.30618097    2.65752363    2.41583101    2.77031684    2.32842609    1.62638546    1.54771063    1.08216561    0.90768968    1.18396089    1.83670983    1.78397781    1.42182386    1.92738944    1.70592307    1.35466518    1.40199919    1.26538183    1.22497914    1.75374799    0.98585652    1.64529408    1.22257697    1.12206023    1.07695794    1.15766200    1.39448292    1.80064185    1.53059017    1.26806270    1.57733581    1.89552836    1.64045351    1.34373920
Q8I5G6_PLAF7/1663-1690     2.29978293    2.25603275    2.16066807    1.31726077    2.13770544    2.16689381    1.95440769    1.86223593    2.19587971    2.42901870    2.77750600    2.45275682    1.88375125    1.81394959    0.00000000    1.80924899    1.18682128    1.78433184    1.41057811    1.69143187    1.75717953    1.71636507    1.68100293    2.06942476    1.75823695    1.77004534    1.94418708    2.18908298    1.60794976    2.24171470    1.99036781    1.85085027    1.41685426    2.20971784    1.38832639    1.59447877    1.86662622    1.67182448    1.59124001    1.71270862    1.52143753    1.30184374    1.51396237    1.57099071    2.18597234    2.01469534    1.65566553    2.52806468    2.20538251    1.22441826    1.35546675    2.05208936    1.95307388    2.40951429    2.50917382    2.57488212    2.41654704    2.35248436    2.62556997    2.96268780    2.47255097    2.27217934    2.50961497    2.63431880    2.10289066    2.82409749    2.46614840    1.90010910    2.10645071    2.30662057    1.81789076    2.43925462    2.48759402    2.20640570    2.05312533    2.43896754    1.97499641    2.53260268
SYI_FERNB/878-907     2.44079241    2.23267935    2.63182558    2.29511217    2.74440953    2.57815112    3.09737663    2.60739595    2.85041568    2.15560018    2.51700994    2.39919531    2.27271701    2.10566452    1.80924899    0.00000000    0.72068578    1.23094361    1.60028881    1.52532484    2.04831729    0.93278539    1.43585297    1.24709611    1.13344903    1.39303471    1.14894969    1.78008434    1.59749691    1.48043440    0.94854866    1.20495363    1.51845905    1.33372453    1.41772578    0.90210708    1.03808013    1.14154376    1.16726399    1.34071996    1.06220481    1.08413610    1.20255150    1.12793105    1.29441668    1.27496120    1.19337008    1.55016553    1.63510756    0.83451678    1.11621087    2.97763119    2.15565348    2.49324584    2.27265656    2.05905975    2.66129476    3.10028107    2.71801786    2.85906086    2.57405200    2.79176485    2.77492012    2.82293304    2.54030106    2.46188748    3.07735075    2.33585716    2.68307425    2.58253170    1.88470948    2.67559635    2.30451641    2.30825501    2.41120643    2.27142415    2.43411444    2.67336950
SYI_THEMA/884-913     2.00197921    2.22917400    2.45488185    2.11593680    2.19231274    2.11075087    2.59306338    2.27959702    2.42768636    1.85769429    2.41829400    2.26137486    2.11816119    1.64959407    1.18682128    0.72068578    0.00000000    1.36246769    1.51468609    1.53293568    1.70989058    1.06092405    1.51086696    1.56737038    1.35475550    1.27453193    1.04710400    1.57300881    1.38628563    2.28019668    1.26875298    1.05551604    1.22985253    1.78356009    1.35575245    1.06788481    1.03457527    1.16810520    1.22412887    1.26561662    0.98656592    1.05763297    0.88637905    1.37501678    1.52677048    1.42314967    1.21424047    1.94913741    1.73110243    0.87316761    0.87975717    2.58117481    1.67436923    2.33232107    1.79111025    2.08895565    2.30260250    3.16389320    3.07571588    2.84844231    2.88873106    2.59957288    2.39192391    2.67601482    2.57998035    2.39273678    2.88488557    2.33753204    2.55192127    2.26084318    1.61055881    2.45911994    2.02050544    2.25059950    2.38887537    2.57217021    2.28282234    2.14834722
SYI_MYCS5/863-889     1.96328549    2.14996122    3.01298469    2.65836626    2.30229931    2.13468504    2.51736279    2.67182491    3.14023291    2.43900202    2.72075898    2.24203348    2.47687500    2.09927232    1.78433184    1.23094361    1.36246769    0.00000000    0.83990220    1.31546691    1.59989827    1.01410551    1.16380978    1.65397863    1.56214328    1.44539215    1.33359368    1.57245222    1.98409366    1.33459963    1.08076261    1.70415748    1.23469254    1.55378689    1.60439792    1.38495896    1.77410003    1.53120115    1.16828507    1.33694990    1.46051329    1.61922370    1.64444076    1.42015865    2.27678628    2.35485277    1.70388030    1.67978947    2.07091384    1.61903037    1.28562776    2.72111549    2.08819331    2.46422622    2.51653671    2.52535489    2.50384837   20.00000000    3.01866718    2.79508830    2.09477449    3.28249053    2.86896493    2.54002769    2.38188642    2.64120755    3.19168436    2.83351826    2.61721732    2.73151616    2.30203555    2.47691968    2.32687376    2.57459918    2.92443032    2.97979951    2.87628367    2.91743664
SYI_MYCAP/859-885     1.87553771    1.56915518    2.33436991    1.98521550    2.06755640    2.14924674    2.02505731    2.14663615    2.52116735    2.12394621    2.33299604    2.15310925    1.73279395    1.87289056    1.41057811    1.60028881    1.51468609    0.83990220    0.00000000    0.94837743    1.47671523    1.75270890    1.58132229    1.84445343    1.86181579    1.77444531    1.90839426    2.06187126    1.58288069    0.92674230    1.47920533    1.79542437    1.51522616    1.68814660    1.41934021    1.35883828    1.50600648    1.64747799    1.54104582    1.53452482    1.54660908    1.53543569    1.38564272    1.87576112    2.03827009    2.23570429    2.10014829    2.29153342    2.16849751    1.59047524    1.25883949    2.05833342    1.74844924    1.94287146    2.47860873    2.70836957    2.14678204    2.75636329    2.33179786    2.79664972    1.92882195    2.44316517    2.31162662    2.31135425    1.83227782    2.10781618    2.54399018    2.14410659    2.03827416    2.27769986    2.10771827    2.23607618    2.48811450    1.96108945    2.39379015    2.54161872    2.27365766    1.95059647
SYI_MYCPU/859-885     2.37636882    1.86793252    1.86904913    1.65643763    1.94557045    1.90430725    2.01916504    1.78595613    2.17014550    2.34905946    2.26191700    2.24246008    1.50573784    2.03561478    1.69143187    1.52532484    1.53293568    1.31546691    0.94837743    0.00000000    1.23595446    1.38907911    1.52661669    1.47081917    1.72573756    1.54393017    1.48831664    1.27518256    1.15071996    1.12806036    1.30092701    1.48676299    1.36533972    1.47675579    1.26350047    1.29019648    1.39613130    1.56507477    1.31800656    1.35395611    1.47822358    1.29908851    1.16230324    1.67660120    2.14531566    2.23097625    1.91990993    2.42543420    2.01228926    1.43493246    1.13758321    1.98922264    1.91588572    1.77793430    2.33791156    1.99559012    1.97940231    2.84730528    2.49258555    2.82320692    2.58536170    1.85553681    1.73076614    2.25172245    1.81914099    2.00171554    1.59289692    1.66343677    1.87885811    2.35563562    1.78095479    2.46213045    2.56542181    2.43554733    2.05659297    2.62914468    2.34215779    2.07965586
SYI_BUCCC/901-930     3.19848052    2.84684854    2.64670482    1.92990854    2.79253558    2.72912955    3.14716252    2.16432670    2.52828786    2.93723803    2.59821673    3.19322805    2.37288325    2.19837484    1.75717953    2.04831729    1.70989058    1.59989827    1.47671523    1.23595446    0.00000000    1.41320612    1.62565840    1.58767149    1.70788162    1.03733877    0.99078281    0.96168297    1.17647349    1.85801338    1.25885965    2.08794616    1.55624104    2.23219472    1.84480052    2.10897177    1.77880264    1.60594735    1.73920904    1.52930005    1.81193313    1.66306304    1.44572600    2.38189965    2.49697043    3.24865581    2.54452241    2.52073499    2.67614036    1.82263705    1.78230420    2.51130072    2.87289532    2.44262729    2.50709693    2.27370336    2.94039215    3.22902668    2.79774988    2.92862829    3.40220142    2.53857418    2.19553467    3.03889971    2.38390261    2.84534944    2.02554906    2.22588169    2.25997270    2.83249361    2.39730213    3.10483231    3.04125125    3.00491244    2.54804441    2.60341972    2.04284076    2.62660591
SYI_SHIDS/898-926     2.20589481    2.42681882    2.44585289    2.18468179    2.32685736    2.12525851    3.00754770    1.89773985    2.46836306    2.36567509    2.44506005    2.46822938    2.25393249    2.42373226    1.71636507    0.93278539    1.06092405    1.01410551    1.75270890    1.38907911    1.41320612    0.00000000    0.66473216    0.73235980    0.77496128    0.89517095    0.99484276    1.08380486    1.22652190    1.83740000    1.19464622    1.22069991    1.23738150    1.39062071    1.45160517    1.18642290    1.10644264    1.05943326    1.26377726    0.92151249    0.73591078    1.01190138    0.69383249    0.91928083    1.12000932    1.25335194    1.01738977    1.39810517    1.75411505    1.25048832    0.87039667    2.58389362    2.26269761    2.36154535    2.00860047    1.91804915    2.15761929   20.00000000    2.79605184    2.76502229    2.53654111    2.55527477    2.15371316    2.16818989    2.15357857    2.25567386    2.50838202    2.45123369    2.42997309    2.37079796    1.61748915    2.48062432    2.30722973    2.41383290    2.45493430    2.70934994    2.40967164    2.38688959
SYI_COXBU/896-925     2.81866987    2.60385304    2.95430665    2.32719119    2.47900615    2.57880250    2.77117822    2.67343253    2.75996472    2.80941944    2.69566490    2.84105162    2.64210056    2.45099043    1.68100293    1.43585297    1.51086696    1.16380978    1.58132229    1.52661669    1.62565840    0.66473216    0.00000000    0.85699279    0.73746171    1.45585809    1.34116720    1.39810808    1.95970922    1.92091298    1.60757751    1.29801068    1.44098740    1.23091716    1.42820517    1.35331031    1.61588025    1.70890109    1.73030815    0.74801839    1.05971195    1.26240338    0.98200626    1.23186497    1.50642725    1.70349623    1.51354679    1.54598480    1.79843529    1.56315955    1.38072239    2.78933161    2.40543709    2.85973846    2.74538084    2.27888720    2.68961439   20.00000000    3.11970924    3.10170152    2.83573468    3.33006084    2.99132173    2.90177762    2.50179157    2.43252752    2.81280319    2.97547649    2.38397854    2.46040726    1.77771497   20.00000000    2.43062018    3.00578903    2.52991945    2.78641264    2.62891220    2.59337121
SYI_METCA/899-928     3.15178442    3.10381630    2.94478565    2.99444256    2.86788825    3.32136090    2.86093209    3.07636511    2.99231952    2.94516205    2.71109934    3.06122309    2.79299531    2.81788472    2.06942476    1.24709611    1.56737038    1.65397863    1.84445343    1.47081917    1.58767149    0.73235980    0.85699279    0.00000000    0.68130162    1.20175239    1.27648942    1.48957572    2.14283048    1.74747409    1.45817110    1.51905285    1.86244666    1.30419064    1.13437497    0.84102037    1.17122386    1.44440889    1.77661071    0.87757478    1.13239415    1.24685137    0.70902413    1.68621942    1.02999753    1.57633562    1.36956824    2.36009360    2.23455561    1.30074346    1.58942226    2.99374685    3.04387172    3.07675252    2.79457356    2.67351147    3.22952502   20.00000000    3.13359426    3.47177785    3.45940065    3.48054756    3.04664030    3.35507947    2.52386949    2.65614249    2.88873569    3.36191510    2.87522228    3.11025119    2.62443741   20.00000000    3.21649492    3.48252934    2.64563300    3.15965951    3.35857378    2.88321691
A1WJQ1_VEREI/905-934     2.79405733    2.89087670    2.80573860    2.68392165    2.11246484    2.80563397    2.94137605    2.81870571    2.62041137    2.81166160    2.73145343    2.96412293    2.44265034    2.79508707    1.75823695    1.13344903    1.35475550    1.56214328    1.86181579    1.72573756    1.70788162    0.77496128    0.73746171    0.68130162    0.00000000    0.91876168    1.29643572    1.22482318    2.05474858    2.12731180    1.55444629    1.35642622    1.49372383    1.30496599    1.36042467    1.29011027    1.11460701    1.31989229    1.74282810    1.05186358    0.95041260    1.16174761    0.76986666    1.33769384    1.29669193    1.14683009    0.85342563    1.94839797    2.13021553    1.15738823    1.39896071    3.01904624    2.76357225    2.84092198    2.54495273    2.74404131    2.88617451   20.00000000    3.09918670    3.04137759    3.03888147    3.29198527    2.95874440    2.97249325    2.43701710    2.81264263    2.66574312    3.02557210    2.75682067    2.66501784    2.14257108    3.30149138    2.50436551    3.24394532    2.81348912    3.02648178    3.09584117    3.04307390
SYI_WIGBR/900-929     2.94984488    2.65017383    2.67204019    2.33029349    2.19927883    2.51077415    2.41397651    2.49011369    2.86436885    2.47419337    1.98857215    2.66449064    2.16936974    2.32525594    1.77004534    1.39303471    1.27453193    1.44539215    1.77444531    1.54393017    1.03733877    0.89517095    1.45585809    1.20175239    0.91876168    0.00000000    0.73866466    0.88787152    1.66653982    1.63195418    1.11049537    1.32024561    1.72682456    1.76177389    1.61635351    1.79651362    1.39224561    1.32469578    1.51920168    1.07177831    1.27345448    1.12696342    1.21598399    1.53635393    1.66117035    1.86256100    1.55513634    2.27126111    2.12155261    1.29361434    1.47054587    2.48859631    2.69873231    2.58062274    2.63586033    2.49740202    2.83931955   20.00000000   20.00000000    2.82938831    2.90906365    2.82342099    2.64728208    2.64718044    2.28871653    2.30229405    2.42564248    2.29206931    2.19279243    2.21685495    1.94390602    2.91763920    2.39432310    2.65250927    2.31283412    2.57776284    2.87021766    2.14924268
SYI_BLOFL/913-942     2.95630393    2.67012554    2.50716672    2.31233156    2.73810264    2.72920227    2.61553040    2.80493652    2.95251556    2.85496219    2.42291875    2.83872239    2.26568451    1.98480749    1.94418708    1.14894969    1.04710400    1.33359368    1.90839426    1.48831664    0.99078281    0.99484276    1.34116720    1.27648942    1.29643572    0.73866466    0.00000000    1.13685876    1.82300518    2.18559905    1.09579809    1.86194609    1.51404304    2.11103374    1.36305484    1.51861262    1.53117989    0.80529434    1.16387410    0.89743627    1.28594777    1.35659163    1.30964744    1.63253865    1.92295871    2.10079526    1.89401165    2.12965733    1.77805064    1.23165262    1.40346529    2.74937164    2.54012380    2.63745294    2.26301832    1.99240857    2.56686195    2.76931231    2.66855394    2.53363000    2.30952956    2.83552454    2.55074485    2.52504823    2.73258588    2.49405342    2.32041390    2.58349081    2.54625259    2.37758697    2.01366899    3.19032785    2.49296126    2.75917344    2.15189364    2.61058976    2.93439336    2.41420191
SYI_BUCBP/900-928     1.90126414    2.20020030    2.14995797    1.59413256    2.02407825    1.96792043    2.27723732    1.60439108    2.10592341    2.20174420    2.23735473    2.55277786    1.62025839    2.16622983    2.18908298    1.78008434    1.57300881    1.57245222    2.06187126    1.27518256    0.96168297    1.08380486    1.39810808    1.48957572    1.22482318    0.88787152    1.13685876    0.00000000    1.63923365    2.26230319    1.37887606    1.35264996    1.88362884    1.78250646    1.83990356    1.87997317    2.02370684    1.33351015    1.76437225    1.17547459    1.46444059    1.45608328    1.41379200    1.76844699    2.15228516    2.26120244    1.92437253    2.16577528    2.33096567    1.60875949    1.92623053    2.14470522    1.94356963    1.86718414    2.12635435    2.27517882    2.20125622    3.09798762    2.96347520    2.33235136    2.46392825    2.13309630    1.77065453    2.15107090    2.11583026    2.47238245    2.14763678    2.08665128    2.20579548    2.16865201    1.46862457    2.26264160    2.10966410    2.58495576    2.25177767    2.12674566    1.82868490    2.35167980
SYI_AQUAE/918-944     2.42535936    2.13305660    1.97335211    1.45980663    2.52206229    2.19314398    2.78237833    1.73937415    2.56188067    2.15668788    2.59419632    2.13327070    1.84710270    2.09857400    1.60794976    1.59749691    1.38628563    1.98409366    1.58288069    1.15071996    1.17647349    1.22652190    1.95970922    2.14283048    2.05474858    1.66653982    1.82300518    1.63923365    0.00000000    1.68348039    1.59976604    1.57519931    1.30741996    2.01527071    1.82515153    2.03578086    1.06586379    1.48839389    1.58799395    1.86209779    1.49824210    1.33017589    1.37500217    1.49179919    1.80378866    1.94093602    1.57630747    1.87904965    1.88030827    1.35967537    1.40150850    2.00183342    2.23980525    1.89714089    2.36079168    2.39703817    2.07880799    2.51121356    3.15251823    2.80920912    2.46461907    2.55758336    1.80042914    2.24731185    2.66430619    3.28708175    2.09582217    1.53630691    2.33684498    2.46739128    1.87490300    2.23908701    2.45984449    2.23738765    2.06189050    2.29703578    1.61867597    2.21565171
SYI_UREPA/868-895     3.00453139    2.78038006    3.27023814    2.40260437    3.33232067    3.09556932    2.66484634    2.50550423    3.62194550    3.35292879    2.34657963    2.86820977    2.19081058    2.14120259    2.24171470    1.48043440    2.28019668    1.33459963    0.92674230    1.12806036    1.85801338    1.83740000    1.92091298    1.74747409    2.12731180    1.63195418    2.18559905    2.26230319    1.68348039    0.00000000    1.00191529    1.93677397    2.00333321    1.55933405    1.49522873    1.55139294    2.07777165    2.01070933    2.17137937    2.05737531    2.19844183    2.34746131    1.78851860    2.59841857    2.88997967    3.27808474    2.71530811    2.80704640    3.09662937    1.97612557    1.81973861    2.83103845    2.82083223    2.30594989    3.33650335   20.00000000    3.29311623   20.00000000    3.50434084   20.00000000    3.10309063    3.54216595    3.05215992   20.00000000    2.06924065    2.43048361    3.07019571    2.48012968    2.43144864    3.48149982    3.26298343   20.00000000    3.59949517    2.75020757    2.69358122    3.10006537    3.24066998    2.83318312
SYI_MYCGA/869-896     2.70359615    2.69309527    2.81680959    2.40136507    2.63790321    2.57217769    2.50339550    2.49819749    2.20120361    2.29565830    1.95249559    2.33488707    2.16486334    2.22000010    1.99036781    0.94854866    1.26875298    1.08076261    1.47920533    1.30092701    1.25885965    1.19464622    1.60757751    1.45817110    1.55444629    1.11049537    1.09579809    1.37887606    1.59976604    1.00191529    0.00000000    1.48034297    1.42895043    1.40870413    1.55197899    1.25646939    1.43632030    1.06984225    1.64271705    1.28333273    1.56663751    1.58738796    1.22167695    1.71161475    1.94985236    2.40135617    1.90980653    2.47537453    2.36004691    0.95925417    1.32101167    2.59691374    2.34408363    2.35530421    2.45641911    2.42071115    2.66657573   20.00000000    3.07012413    2.81786686    3.03777007    3.06036892    2.74511801    3.06553591    2.33621978    2.15032803    2.86146598    2.62657361    2.17603743    2.52223276    2.19063395    3.04078273    2.49265523    2.48284084    2.38898767    2.46858243    2.70104434    2.39724087
E0TCN0_PARBH/933-959     1.89674566    1.93380272    2.38158661    1.67658889    2.00634132    2.09836643    2.26514725    1.47868161    2.05689871    1.92718574    1.84938547    2.02468532    1.53645413    2.13386253    1.85085027    1.20495363    1.05551604    1.70415748    1.79542437    1.48676299    2.08794616    1.22069991    1.29801068    1.51905285    1.35642622    1.32024561    1.86194609    1.35264996    1.57519931    1.93677397    1.48034297    0.00000000    1.38999750    1.04168639    1.26578776    1.50548956    1.17941621    1.21230943    1.19448244    1.15056880    1.35129652    1.76447480    1.17855324    1.14766192    1.35761643    1.28093965    1.54873456    1.33488316    1.45150965    1.17218533    1.15478902    2.20179335    1.81434953    2.20559025    2.27582003    2.00346100    2.52929754   20.00000000    3.17237747    2.65360191    2.52317043    2.01904869    2.20849417    2.25647045    2.11983319    2.15205345    2.27484271    1.89272135    2.16294083    2.03877598    1.36107530    1.89264794    1.83649845    2.30073808    2.01834326    1.88964328    2.21423223    2.36089582
Q2TXA8_ASPOR/963-990     2.27288884    2.53334079    1.58688154    1.58869190    2.67052972    2.36216869    2.66067510    2.22459601    2.53696686    2.69909841    3.04989243    2.77725466    2.49101892    2.28585917    1.41685426    1.51845905    1.22985253    1.23469254    1.51522616    1.36533972    1.55624104    1.23738150    1.44098740    1.86244666    1.49372383    1.72682456    1.51404304    1.88362884    1.30741996    2.00333321    1.42895043    1.38999750    0.00000000    1.08850009    1.32054103    1.54829921    1.39363232    1.12475505    1.42767555    1.53731732    1.55154003    1.80199305    1.40569973    1.52605731    1.92070636    2.13892312    1.75924972    1.66444744    1.96635120    1.34486489    1.50322733    2.96635662    2.31135533    2.39742910    2.51669325    2.24820700    2.60420196    2.69941519    3.22887737    3.07276259    2.33115587    2.39915979    2.54865808    2.74414850    2.44073992    2.88702867    2.77394090    2.25682913    2.53475908    2.53105550    1.33846426    1.78899613    2.02977463    2.49032224    2.01472733    2.39623688    2.42848198    2.85831900
Q2N689_ERYLH/932-958     2.50886551    2.45502757    2.55583219    2.38189977    2.27700114    2.78583331    2.58589297    2.31973430    2.43584981    2.48144955    2.71527897    2.57514223    2.19463629    2.44505877    2.20971784    1.33372453    1.78356009    1.55378689    1.68814660    1.47675579    2.23219472    1.39062071    1.23091716    1.30419064    1.30496599    1.76177389    2.11103374    1.78250646    2.01527071    1.55933405    1.40870413    1.04168639    1.08850009    0.00000000    1.23639222    1.31845065    1.69843431    1.57084150    1.63437858    1.29093422    1.56330498    2.03505134    1.60163019    1.70136088    1.62593865    2.03141722    2.06364850    1.60196855    2.13741977    1.49283306    1.64437805    2.94740501    2.28719283    2.83123734    2.98228569    2.53831231    2.69941069   20.00000000    3.25886982    2.89632573    2.91514157    2.85195394    2.48731363    2.80747169    2.39583711    2.71474343    2.73991335    2.78484288    2.62630793    2.78657668    1.90880979    2.76646212    2.61175793    2.60877145    2.47985554    2.74489264    2.68768766    2.83699728
SYI2_BURPS/921-947     2.30062653    2.07826102    2.38982808    1.92657362    1.84658343    2.30845672    2.28756849    2.19520160    2.37188497    2.33790856    2.41514135    2.46778643    2.16256341    2.00355096    1.38832639    1.41772578    1.35575245    1.60439792    1.41934021    1.26350047    1.84480052    1.45160517    1.42820517    1.13437497    1.36042467    1.61635351    1.36305484    1.83990356    1.82515153    1.49522873    1.55197899    1.26578776    1.32054103    1.23639222    0.00000000    0.96639309    1.19660970    1.36645848    1.37331381    1.31208819    1.31926197    1.62755990    1.36894511    1.33851579    1.49196916    1.55030459    1.67903778    1.40569943    1.33975464    1.42077969    1.36345833    2.36111691    1.89152140    2.11213044    2.60383983    2.47703302    2.63019605    3.13283727    2.50615539    2.38015519    2.42884212    2.14397039    2.21789980    2.59153005    2.14327607    2.16509718    2.24482693    2.49235663    2.18845535    2.35409931    1.59970661    2.83751078    2.03157307    2.67917342    2.03184176    2.64771306    2.59351412    2.41651176
