28
Q11IX5_CHESB/39-104     0.00000000    1.52232197    1.24378790    1.67273124    1.44262510    1.36920420    1.53781974    1.11980777    1.34877170    1.16043753    1.14334681    1.28958235    1.26566912    1.14382605    1.30346666    1.17753223    1.37756253    1.85352355    1.30440795    0.92080100    1.36050959    0.94320125    1.76966411    1.59162978    1.14160095    1.31880574    1.79414425    1.64712472
A4YQI4_BRASO/113-182     1.52232197    0.00000000    1.61232923    1.53367917    1.31721090    1.35007454    1.32932469    1.49737733    1.97558281    1.33657552    1.68385659    2.04054373    1.84204646    1.88529524    1.63652626    1.78157271    1.75874605    1.72900099    1.67573548    1.45600892    1.77783829    1.55911390    2.54132469    1.88000103    1.70113974    1.97380156    2.44203054    2.65750899
Q92V23_RHIME/182-253     1.24378790    1.61232923    0.00000000    0.93350829    1.10525460    1.31985033    0.98368198    1.63185018    1.91458037    1.80760749    2.23128554    2.34079672    1.84933508    2.17360378    2.45477125    2.21806990    1.75851624    2.20615217    1.90141141    1.71481678    2.03927851    1.78862450    2.33797556    1.89278018    1.56340935    2.24254415    2.75194639    2.84127140
Q1QG67_NITHX/159-228     1.67273124    1.53367917    0.93350829    0.00000000    0.54443648    1.03691658    0.78739136    1.84214192    1.87509183    1.76348196    1.97798147    2.18214514    1.95997555    1.72203140    2.06183566    1.94537219    1.27174854    1.95056328    1.91961220    1.84100173    2.29154340    2.11766915    2.34252709    2.36723075    2.02737565    2.10793309    2.54984113    2.62556985
Q89MA0_BRADU/210-280     1.44262510    1.31721090    1.10525460    0.54443648    0.00000000    0.75288454    0.78263852    1.52984608    1.86243100    1.64355774    1.76819458    1.88847572    1.78413059    1.81034688    1.76372614    1.71512320    1.35236486    2.28796075    2.09345279    1.68774486    1.69648638    1.88027994    2.32349565    1.69009116    1.82680370    1.43311415    2.10448337    2.10142269
B0UQU2_METS4/206-275     1.36920420    1.35007454    1.31985033    1.03691658    0.75288454    0.00000000    0.70429909    1.93753900    1.77642203    1.79032745    1.78050834    1.97208575    1.64289939    1.55547322    1.77430495    1.77720462    1.64194773    2.19366983    2.12744912    1.86098881    2.17338945    1.96134962    2.12749724    2.07462379    1.83891793    1.99898083    2.36507770    2.46728892
Q89BU1_BRADU/189-258     1.53781974    1.32932469    0.98368198    0.78739136    0.78263852    0.70429909    0.00000000    1.99398416    2.21595823    2.13266679    2.22552605    2.38640471    1.84375111    2.00510365    2.17071049    2.32332054    1.43310786    1.97535008    2.07727450    1.69629010    1.74354734    2.03565884    2.26266227    2.00069667    1.76874129    1.72770879    2.46966710    2.58107984
A4YXL2_BRASO/69-129     1.11980777    1.49737733    1.63185018    1.84214192    1.52984608    1.93753900    1.99398416    0.00000000    0.40845265    0.77366466    0.89433097    0.86999903    1.40990615    0.99044755    1.19682084    0.94260386    0.89425718    1.21546776    0.88773222    1.27938784    1.51971483    1.16692738    2.10238580    1.62885247    1.39014319    1.24049612    1.46653446    1.65331116
Q89QF9_BRADU/83-145     1.34877170    1.97558281    1.91458037    1.87509183    1.86243100    1.77642203    2.21595823    0.40845265    0.00000000    0.92108891    0.81555724    1.16133003    1.35985712    1.27563337    1.56293594    1.19670213    0.92879772    1.40739564    0.90697828    1.35976375    1.86017408    1.39198020    2.47760888    2.31700761    1.58369641    1.52930564    1.71596205    1.87094487
A7IIX5_XANP2/69-129     1.16043753    1.33657552    1.80760749    1.76348196    1.64355774    1.79032745    2.13266679    0.77366466    0.92108891    0.00000000    0.98832156    0.96580901    0.97386767    0.89665629    0.84402863    0.71768560    1.17006715    1.33923158    0.95236419    1.00067994    1.33759287    1.13743811    1.77080568    1.62461676    1.15067486    1.63913675    2.02257321    2.06773874
Q20YB8_RHOPB/54-118     1.14334681    1.68385659    2.23128554    1.97798147    1.76819458    1.78050834    2.22552605    0.89433097    0.81555724    0.98832156    0.00000000    0.34648475    0.89115994    0.72190454    0.89013981    0.78425498    0.98556008    1.23168822    1.00272022    1.26154273    1.41969768    1.26152767    1.86389944    1.64602971    1.22474521    1.29716179    2.08725497    2.11580233
A4YPR3_BRASO/51-115     1.28958235    2.04054373    2.34079672    2.18214514    1.88847572    1.97208575    2.38640471    0.86999903    1.16133003    0.96580901    0.34648475    0.00000000    0.82445654    0.62427894    0.73032944    0.63542658    1.13664972    1.44797458    1.11933502    1.19621403    1.53375677    1.38167900    1.84116544    1.73821018    1.29909305    1.47448576    2.33434161    2.25810729
B0UPF2_METS4/73-137     1.26566912    1.84204646    1.84933508    1.95997555    1.78413059    1.64289939    1.84375111    1.40990615    1.35985712    0.97386767    0.89115994    0.82445654    0.00000000    0.57389473    0.54417022    0.67043161    1.66974189    1.66903890    1.57283592    1.26153319    1.21190907    1.21680399    2.20926503    1.75991106    1.53960821    1.14546775    2.32701939    2.13353400
Q1QRL3_NITHX/74-138     1.14382605    1.88529524    2.17360378    1.72203140    1.81034688    1.55547322    2.00510365    0.99044755    1.27563337    0.89665629    0.72190454    0.62427894    0.57389473    0.00000000    0.30107834    0.32021210    1.15707120    1.33935409    1.26828545    1.22401876    1.20469839    1.38834464    2.10333565    1.71580882    1.66343376    1.35032834    1.80603583    1.77486074
Q21CD9_RHOPB/74-138     1.30346666    1.63652626    2.45477125    2.06183566    1.76372614    1.77430495    2.17071049    1.19682084    1.56293594    0.84402863    0.89013981    0.73032944    0.54417022    0.30107834    0.00000000    0.28391096    1.38560982    1.56870395    1.46564351    1.40883371    1.19039542    1.42989647    2.16345521    1.86984982    1.65263700    1.44539316    2.20648458    2.13334281
Q6NCA6_RHOPA/74-139     1.17753223    1.78157271    2.21806990    1.94537219    1.71512320    1.77720462    2.32332054    0.94260386    1.19670213    0.71768560    0.78425498    0.63542658    0.67043161    0.32021210    0.28391096    0.00000000    1.24804712    1.62295621    1.29816331    1.33016910    1.21866763    1.33819133    2.00763456    1.76128934    1.63028903    1.38939154    1.86343892    1.76592885
Q92PQ5_RHIME/73-135     1.37756253    1.75874605    1.75851624    1.27174854    1.35236486    1.64194773    1.43310786    0.89425718    0.92879772    1.17006715    0.98556008    1.13664972    1.66974189    1.15707120    1.38560982    1.24804712    0.00000000    0.68398857    0.54125465    1.25245313    1.55860259    1.21287964    1.70274966    1.43951439    0.98935345    1.49700002    1.83815760    2.00979701
Q92RU3_RHIME/60-121     1.85352355    1.72900099    2.20615217    1.95056328    2.28796075    2.19366983    1.97535008    1.21546776    1.40739564    1.33923158    1.23168822    1.44797458    1.66903890    1.33935409    1.56870395    1.62295621    0.68398857    0.00000000    0.50384245    1.68839537    2.13459942    1.97088059    2.06207473    1.73161448    1.28341479    1.49854944    2.21232356    2.35047140
Q92WA8_RHIME/77-139     1.30440795    1.67573548    1.90141141    1.91961220    2.09345279    2.12744912    2.07727450    0.88773222    0.90697828    0.95236419    1.00272022    1.11933502    1.57283592    1.26828545    1.46564351    1.29816331    0.54125465    0.50384245    0.00000000    1.08573839    1.47325595    1.13012984    1.65851339    1.55872461    0.87620575    1.40546674    1.65309384    1.63336095
Q11D12_CHESB/166-225     0.92080100    1.45600892    1.71481678    1.84100173    1.68774486    1.86098881    1.69629010    1.27938784    1.35976375    1.00067994    1.26154273    1.19621403    1.26153319    1.22401876    1.40883371    1.33016910    1.25245313    1.68839537    1.08573839    0.00000000    0.85400777    0.50149319    1.08315381    1.09692150    0.70112224    1.43234099    1.47830290    1.61066360
Q7CXM3_AGRFC/140-199     1.36050959    1.77783829    2.03927851    2.29154340    1.69648638    2.17338945    1.74354734    1.51971483    1.86017408    1.33759287    1.41969768    1.53375677    1.21190907    1.20469839    1.19039542    1.21866763    1.55860259    2.13459942    1.47325595    0.85400777    0.00000000    0.86177558    1.61744851    0.98167111    1.28456854    1.51583056    2.13240297    2.07713540
Q92K24_RHIME/151-209     0.94320125    1.55911390    1.78862450    2.11766915    1.88027994    1.96134962    2.03565884    1.16692738    1.39198020    1.13743811    1.26152767    1.38167900    1.21680399    1.38834464    1.42989647    1.33819133    1.21287964    1.97088059    1.13012984    0.50149319    0.86177558    0.00000000    1.08501726    1.11684916    0.89474866    1.27839697    1.87993236    1.83691833
A6X685_OCHA4/36-96     1.76966411    2.54132469    2.33797556    2.34252709    2.32349565    2.12749724    2.26266227    2.10238580    2.47760888    1.77080568    1.86389944    1.84116544    2.20926503    2.10333565    2.16345521    2.00763456    1.70274966    2.06207473    1.65851339    1.08315381    1.61744851    1.08501726    0.00000000    1.13997712    1.18859399    2.25574699    2.08904678    2.11019354
A6X685_OCHA4/111-170     1.59162978    1.88000103    1.89278018    2.36723075    1.69009116    2.07462379    2.00069667    1.62885247    2.31700761    1.62461676    1.64602971    1.73821018    1.75991106    1.71580882    1.86984982    1.76128934    1.43951439    1.73161448    1.55872461    1.09692150    0.98167111    1.11684916    1.13997712    0.00000000    0.96740583    1.44561931    1.83004684    1.86806620
Q3IWV0_RHOS4/162-221     1.14160095    1.70113974    1.56340935    2.02737565    1.82680370    1.83891793    1.76874129    1.39014319    1.58369641    1.15067486    1.22474521    1.29909305    1.53960821    1.66343376    1.65263700    1.63028903    0.98935345    1.28341479    0.87620575    0.70112224    1.28456854    0.89474866    1.18859399    0.96740583    0.00000000    1.50765592    1.98036749    2.04850974
Q89RH6_BRADU/49-114     1.31880574    1.97380156    2.24254415    2.10793309    1.43311415    1.99898083    1.72770879    1.24049612    1.52930564    1.63913675    1.29716179    1.47448576    1.14546775    1.35032834    1.44539316    1.38939154    1.49700002    1.49854944    1.40546674    1.43234099    1.51583056    1.27839697    2.25574699    1.44561931    1.50765592    0.00000000    1.52571802    1.61805641
Q89BU1_BRADU/289-363     1.79414425    2.44203054    2.75194639    2.54984113    2.10448337    2.36507770    2.46966710    1.46653446    1.71596205    2.02257321    2.08725497    2.33434161    2.32701939    1.80603583    2.20648458    1.86343892    1.83815760    2.21232356    1.65309384    1.47830290    2.13240297    1.87993236    2.08904678    1.83004684    1.98036749    1.52571802    0.00000000    0.22986193
Q89D03_BRADU/288-362     1.64712472    2.65750899    2.84127140    2.62556985    2.10142269    2.46728892    2.58107984    1.65331116    1.87094487    2.06773874    2.11580233    2.25810729    2.13353400    1.77486074    2.13334281    1.76592885    2.00979701    2.35047140    1.63336095    1.61066360    2.07713540    1.83691833    2.11019354    1.86806620    2.04850974    1.61805641    0.22986193    0.00000000

