46
D5ECE9_AMICL/9-85     0.00000000    0.55415556    0.67860946    0.62803132    0.73397524    0.68810410    1.46029891    2.12319905    1.50757224    2.11826211    1.55847717    2.00544444    1.84003048    1.59790771    1.78968713    2.53009499    2.26268158    1.86690845    2.36975183    2.02933877    1.22417380    1.24165234    2.23608583    2.39572911    2.41527195    2.22260264    2.50802768    2.65994537    2.04212945    2.25597087    0.64248643    0.87002336    0.74851581    1.87770135    0.80077645    0.95496170    0.93426904    0.80573067    0.99151933    0.85514731    0.98650356    1.08898437    1.26387424    1.78607657    1.67046738    1.96075759
F0JCH1_9DELT/11-86     0.55415556    0.00000000    0.48075449    0.37995357    0.48714039    0.87534832    1.48871484    1.80432824    1.42016397    2.21955797    1.87493727    1.94808804    1.99924558    1.75725255    1.81201955    1.87647254    1.76154286    1.52119951    2.03824163    1.81873837    1.05934794    1.26009858    2.21578841    2.29534719    2.36040137    2.27966361    2.43173237    2.60209279    1.87652661    2.11480410    0.96269758    0.95828775    0.84101377    1.64340513    1.09194193    1.11159378    0.92318558    1.01370500    1.13569716    1.14891155    1.04330376    1.13151033    1.04750604    1.78859844    1.87743900    2.14338828
Q72FX6_DESVH/13-89     0.67860946    0.48075449    0.00000000    0.39585048    0.48776340    0.99286212    1.73488404    2.32775696    1.83016497    2.25757839    1.82619658    1.93179957    2.10460160    1.82464260    1.92506553    2.08419429    1.97654317    1.72627268    2.21517399    1.77928897    1.20356781    1.26575266    2.33178996    2.29702838    2.44995849    2.26519537    2.33058734    2.54608235    2.15471309    2.24463437    1.01063523    0.93950880    0.84080841    1.62325448    1.13591551    1.23417710    1.04697359    1.10707079    1.24823204    1.16184064    1.04044344    1.05788924    1.08904356    1.83675319    2.07144592    2.12772627
C6BYU1_DESAD/12-88     0.62803132    0.37995357    0.39585048    0.00000000    0.37918099    1.06783590    1.32897228    2.11883127    1.55652567    1.99286591    1.61819595    2.04457884    1.98735237    1.72829642    1.85497865    2.09993691    1.73886820    1.61978513    2.28851490    2.23602027    1.14851507    1.36654562    2.36159526    2.44053627    2.25188425    2.10994145    2.24993925    2.24396420    1.84250671    1.91100642    0.91704947    1.04499459    0.83583238    1.88123488    1.19416468    1.28332638    1.11881822    1.00717510    1.17490484    1.05032714    0.92065597    1.08683395    1.17532967    1.76803947    1.69971288    2.00173488
Q30W30_DESAG/11-87     0.73397524    0.48714039    0.48776340    0.37918099    0.00000000    1.07214188    1.53551690    2.13433284    1.47694034    2.02415525    1.63355546    1.81476955    1.70441449    1.57480331    1.51313798    1.72059626    1.85637501    1.60548281    2.20596281    2.23597411    1.13069472    1.56042708    2.66312451    2.49088145    2.65114007    2.66506563    2.49770942    2.55230048    2.21900867    2.35914620    0.92852841    1.08188728    1.05658415    1.98586347    1.27095711    1.42294271    1.34861621    1.02595614    1.33664645    0.95601706    1.13424063    1.16374385    1.18312418    1.89713049    1.99948196    2.51432903
I4BYA0_ACEMN/11-87     0.68810410    0.87534832    0.99286212    1.06783590    1.07214188    0.00000000    1.32399417    1.74721392    1.24426548    1.78736507    1.32057815    1.53580993    1.81085612    1.52416714    1.49796402    1.84342149    1.75739699    1.57521930    1.69828995    1.68727871    1.06175748    1.18194731    2.53283025    2.51149261    2.32725551    2.22669464    2.40056341    2.99424213    2.47094433    2.78146199    0.80115561    0.78916618    0.95812864    1.46762254    0.89236942    1.03411731    1.07940517    0.84073631    1.01848698    1.03779479    1.16875147    1.08857355    1.27983305    2.09145898    2.06367908    2.28589473
Q6LLY7_PHOPR/10-88     1.46029891    1.48871484    1.73488404    1.32897228    1.53551690    1.32399417    0.00000000    1.39865330    1.00809978    1.25160136    0.94176586    1.25076310    1.09728561    1.15158369    1.17889541    0.95422126    0.98403291    1.16118573    1.26578147    1.45875753    1.56290427    1.45374372    2.50954519    2.56264704    2.31447441    2.18188760    2.29487675    2.02455760    2.21851550    2.23550704    1.33187776    1.54161172    1.21850702    2.01060284    1.67554741    1.63191254    1.63837430    1.92422704    1.89585485    1.75548890    1.50957028    1.90786662    1.80741879    2.40949700    2.07940985    2.31583447
H2G0L7_OCESG/7-78     2.12319905    1.80432824    2.32775696    2.11883127    2.13433284    1.74721392    1.39865330    0.00000000    1.32871673    1.78841705    1.24866603    1.13619377    1.35320860    1.21475103    1.46925038    1.53205682    1.51591752    1.67516642    1.78900733    1.70892807    1.87732514    1.81612129    3.03832725    3.07768382    2.61787355    2.63180497    2.33235657    2.41754699    2.46895647    2.23975162    2.18224330    1.77908217    1.66098506    1.78557627    1.61710859    1.56471808    1.72323299    2.05747857    2.23658744    1.91511280    2.11318605    2.01903533    2.22965903    2.19202071    2.77046735    2.65402285
Q32B81_SHIDS/7-78     1.50757224    1.42016397    1.83016497    1.55652567    1.47694034    1.24426548    1.00809978    1.32871673    0.00000000    0.89308664    0.57930025    0.61702463    0.40144581    0.41993088    0.58640614    0.99730183    0.98801781    1.06703112    1.20655720    1.12256968    1.56974651    1.80280772    2.03692395    2.10896673    2.23278126    2.16073439    2.17801825    2.10600759    1.88252559    2.29469703    1.47333858    1.66708834    1.69468127    1.67802353    1.80035357    1.69045213    1.65642491    1.67836332    2.15674968    2.11855825    2.19796501    2.42258673    2.24702290    2.12308116    2.09249988    2.46124411
C4K4P8_HAMD5/7-88     2.11826211    2.21955797    2.25757839    1.99286591    2.02415525    1.78736507    1.25160136    1.78841705    0.89308664    0.00000000    0.94924844    0.90974190    0.85808601    0.84998188    0.94562954    1.35914005    1.38826938    1.37661335    1.04283506    1.48270309    2.19540330    1.71585618    3.39356529    3.41164149    2.83608171    2.86019013    2.40800278    2.50588437    2.44889172    2.50832172    1.65235142    1.94550508    2.13079477    2.06358998    2.27524984    2.22538006    2.43307115    2.12271399    2.28187601    2.18660390    2.31551960    2.73557374    2.43618575    2.40498913    2.33311795    2.63918888
Q7N019_PHOLL/7-78     1.55847717    1.87493727    1.82619658    1.61819595    1.63355546    1.32057815    0.94176586    1.24866603    0.57930025    0.94924844    0.00000000    0.59477152    0.53722645    0.53574454    0.69124386    1.05308234    1.02167582    1.20839806    1.20104091    1.28328096    1.46379076    1.48667473    2.41542409    2.29182832    1.96491169    1.94898941    2.06178600    2.00402937    2.08502268    1.80014477    1.51866812    1.58934333    1.67703690    2.31195430    1.60783020    1.50731297    1.62283264    1.64835591    1.76491742    1.73885364    1.66255750    2.11825569    1.75542083    1.99854267    2.19342621    2.53801291
E0SH94_DICD3/7-78     2.00544444    1.94808804    1.93179957    2.04457884    1.81476955    1.53580993    1.25076310    1.13619377    0.61702463    0.90974190    0.59477152    0.00000000    0.29083515    0.39256586    0.54383402    1.01216465    0.99819232    1.13352715    1.09856020    1.28154187    1.61642446    1.65490685    2.16170932    2.02318846    2.19058280    1.98740984    1.96249421    2.35415025    2.32346011    1.99150974    1.58194946    1.97763657    1.69626287    1.86250125    1.64441040    1.60649373    1.72187436    1.90537229    1.88939608    1.69803466    1.92222181    2.09701130    2.03398781    2.39353564    2.40707346    3.21582528
W0HP06_9GAMM/7-78     1.84003048    1.99924558    2.10460160    1.98735237    1.70441449    1.81085612    1.09728561    1.35320860    0.40144581    0.85808601    0.53722645    0.29083515    0.00000000    0.28554341    0.31291613    0.99531496    0.96747536    1.10803044    1.05468994    1.32949084    1.77999897    1.83644457    2.39334268    2.21420196    2.32870940    2.12243256    2.15245962    2.18720260    2.24854769    1.94487219    1.72680623    1.88574004    1.81593710    1.89554072    2.07104502    1.82528342    1.92709743    1.88118824    2.26581536    2.08485537    2.12693642    2.44606860    2.16047362    2.07783069    2.27373393    2.70272529
W0L7V0_9GAMM/7-78     1.59790771    1.75725255    1.82464260    1.72829642    1.57480331    1.52416714    1.15158369    1.21475103    0.41993088    0.84998188    0.53574454    0.39256586    0.28554341    0.00000000    0.31674212    1.08745749    1.09302040    1.19361078    0.99341649    1.21945004    1.60602253    1.52507356    2.54614368    2.29863890    2.31611783    2.17026316    2.27823066    2.30864572    2.29504727    2.19389306    1.42194259    1.51635339    1.59688689    1.85124252    1.69789326    1.93808338    1.96065764    1.58138608    1.86145209    2.09357775    2.01526923    2.45033802    1.88312659    2.22148052    2.39856456    2.86852076
H2IUB1_RAHAC/7-78     1.78968713    1.81201955    1.92506553    1.85497865    1.51313798    1.49796402    1.17889541    1.46925038    0.58640614    0.94562954    0.69124386    0.54383402    0.31291613    0.31674212    0.00000000    1.05829219    1.11490491    1.20937155    1.13079916    1.26368055    1.57312496    1.64646357    2.69031392    2.33127520    2.48975812    2.43738971    2.27073614    2.33128964    2.17516704    2.21246600    1.72291008    1.48728674    1.65983924    2.23102538    1.89719475    1.77439375    2.08200732    1.86099093    2.00177297    1.98243853    2.16266687    2.21185518    2.04537704    2.25544748    2.25527772    2.84084018
Y974A_HAEIN/9-80     2.53009499    1.87647254    2.08419429    2.09993691    1.72059626    1.84342149    0.95422126    1.53205682    0.99730183    1.35914005    1.05308234    1.01216465    0.99531496    1.08745749    1.05829219    0.00000000    0.43673891    0.82156781    1.09986951    0.98224030    1.91009231    1.94035501    3.04139257    2.55582952    2.26202261    2.41814030    2.75808083    2.25392774    2.67444960    2.75175392    2.21945180    2.06857541    1.72336943    2.36624014    2.58647889    2.34444911    2.06273164    2.54317751    2.15491709    2.03234180    2.07537746    2.09421342    2.12210390    2.45128918    2.60696396    2.81583117
A6VM20_ACTSZ/11-82     2.26268158    1.76154286    1.97654317    1.73886820    1.85637501    1.75739699    0.98403291    1.51591752    0.98801781    1.38826938    1.02167582    0.99819232    0.96747536    1.09302040    1.11490491    0.43673891    0.00000000    0.86689555    0.99372474    0.92424296    1.85209509    1.61578384    2.49281277    2.04722720    1.99228808    2.21005207    2.40952984    2.01440741    2.41790040    2.72097270    2.07002706    2.28194347    1.78948937    2.14553424    2.55085786    2.29383038    1.93606454    2.36856832    2.12648066    2.07947586    2.02926449    2.02954794    2.06179666    2.23468900    2.20052252    2.44876259
Q9CLW0_PASMU/9-80     1.86690845    1.52119951    1.72627268    1.61978513    1.60548281    1.57521930    1.16118573    1.67516642    1.06703112    1.37661335    1.20839806    1.13352715    1.10803044    1.19361078    1.20937155    0.82156781    0.86689555    0.00000000    0.77398485    1.00278635    1.67916748    1.70484831    2.00677138    2.41225496    2.17480841    2.19021832    2.27814146    2.04745041    2.12751213    2.27900907    1.45770927    1.38424210    1.46502292    2.50292889    1.73042273    1.83588728    1.61202500    1.86103209    1.46275828    1.81712770    1.53823399    1.94323721    1.96716782    2.37097500    2.28260620    2.50640325
Q7VN91_HAEDU/9-80     2.36975183    2.03824163    2.21517399    2.28851490    2.20596281    1.69828995    1.26578147    1.78900733    1.20655720    1.04283506    1.20104091    1.09856020    1.05468994    0.99341649    1.13079916    1.09986951    0.99372474    0.77398485    0.00000000    0.76314171    2.03817851    1.75243892    3.10269644    2.71610164    2.63577372    2.62382537    2.80017507    2.05380064    2.78913665    2.75568079    1.67491272    1.73346849    1.90501031    2.04804253    2.03825205    2.00322553    2.19909518    2.21000463    1.62883132    1.47187481    1.61841508    1.73698684    2.08828452    2.73640695    2.24176766    2.62468208
B8F881_HAEPS/6-77     2.02933877    1.81873837    1.77928897    2.23602027    2.23597411    1.68727871    1.45875753    1.70892807    1.12256968    1.48270309    1.28328096    1.28154187    1.32949084    1.21945004    1.26368055    0.98224030    0.92424296    1.00278635    0.76314171    0.00000000    2.21595864    1.57988376    2.56190887    2.27364536    2.70718806    2.60977842    2.63059946    2.24994687    2.65129340    2.87074887    1.68967665    1.82357404    1.61061610    2.44111619    2.07617082    1.85696899    2.03942684    1.80048344    2.12306455    2.12354505    1.68231204    1.80167601    2.29431884    2.92079654    2.31833856    2.63337906
C8X2M0_DESRD/17-92     1.22417380    1.05934794    1.20356781    1.14851507    1.13069472    1.06175748    1.56290427    1.87732514    1.56974651    2.19540330    1.46379076    1.61642446    1.77999897    1.60602253    1.57312496    1.91009231    1.85209509    1.67916748    2.03817851    2.21595864    0.00000000    1.14693834    2.21364472    2.12592085    1.97387263    1.86425866    2.29358150    2.39499462    2.31559219    2.37957226    1.11520635    1.11090510    1.26701313    1.56783844    1.07291677    1.05553927    1.35824825    1.00232523    1.20948912    1.41879623    1.33214370    1.56654410    1.51882326    2.10003137    2.39334929    2.71570367
E3D014_9BACT/14-88     1.24165234    1.26009858    1.26575266    1.36654562    1.56042708    1.18194731    1.45374372    1.81612129    1.80280772    1.71585618    1.48667473    1.65490685    1.83644457    1.52507356    1.64646357    1.94035501    1.61578384    1.70484831    1.75243892    1.57988376    1.14693834    0.00000000    2.42753084    2.02852448    2.33685190    2.34252927    2.05996566    2.43484684    1.80050279    2.14519444    1.34298806    1.29866793    1.40872905    1.81696663    1.43466065    1.42607769    1.52371753    1.32336605    1.65184114    1.73931013    1.84081763    1.94084613    1.96259103    2.28455458    2.88070932    2.96678961
F7V533_CLOSS/12-84     2.23608583    2.21578841    2.33178996    2.36159526    2.66312451    2.53283025    2.50954519    3.03832725    2.03692395    3.39356529    2.41542409    2.16170932    2.39334268    2.54614368    2.69031392    3.04139257    2.49281277    2.00677138    3.10269644    2.56190887    2.21364472    2.42753084    0.00000000    0.26528029    0.58255879    0.58965434    1.53394472    1.98030624    1.50220215    1.63856084    1.94786679    2.55805440    2.43993047    2.32108714    2.02321056    2.10196797    2.13883274    2.29932041    2.61431675    2.42406019    2.26281107    2.56407995    3.00896136    2.46669814    2.35636042    2.54535266
R6G736_9FIRM/12-84     2.39572911    2.29534719    2.29702838    2.44053627    2.49088145    2.51149261    2.56264704    3.07768382    2.10896673    3.41164149    2.29182832    2.02318846    2.21420196    2.29863890    2.33127520    2.55582952    2.04722720    2.41225496    2.71610164    2.27364536    2.12592085    2.02852448    0.26528029    0.00000000    0.55882490    0.68457367    1.48729628    1.73639328    1.76517704    1.86533256    2.10166380    2.80827572    2.52488340    2.40915867    2.23878398    2.25487978    2.21625100    2.39936884    2.72500090    2.55881640    2.41118847    2.56086928    2.85949614    2.15501545    2.53043316    2.95926999
R5WKX7_9FIRM/12-84     2.41527195    2.36040137    2.44995849    2.25188425    2.65114007    2.32725551    2.31447441    2.61787355    2.23278126    2.83608171    1.96491169    2.19058280    2.32870940    2.31611783    2.48975812    2.26202261    1.99228808    2.17480841    2.63577372    2.70718806    1.97387263    2.33685190    0.58255879    0.55882490    0.00000000    0.23183404    1.56190736    1.47215958    1.63431233    1.92743206    1.86798509    2.74490293    2.38814279    2.57320363    2.29724835    2.15021792    2.14411899    2.41398567    2.16037193    2.37879470    2.21980181    2.42547370    3.08968356    2.35842299    2.41421835    2.84881810
R5E2P3_9CLOT/14-86     2.22260264    2.27966361    2.26519537    2.10994145    2.66506563    2.22669464    2.18188760    2.63180497    2.16073439    2.86019013    1.94898941    1.98740984    2.12243256    2.17026316    2.43738971    2.41814030    2.21005207    2.19021832    2.62382537    2.60977842    1.86425866    2.34252927    0.58965434    0.68457367    0.23183404    0.00000000    1.49867011    1.46625205    1.61857690    1.74143098    1.78081401    2.58342650    2.13710739    2.43454500    2.19905237    2.00690697    1.95588445    2.33146607    2.09529487    2.28644643    1.99794065    2.28705889    3.08338653    2.25549659    2.36127004    2.82076350
C7N303_SLAHD/16-88     2.50802768    2.43173237    2.33058734    2.24993925    2.49770942    2.40056341    2.29487675    2.33235657    2.17801825    2.40800278    2.06178600    1.96249421    2.15245962    2.27823066    2.27073614    2.75808083    2.40952984    2.27814146    2.80017507    2.63059946    2.29358150    2.05996566    1.53394472    1.48729628    1.56190736    1.49867011    0.00000000    0.85334681    0.65613740    0.96369338    1.95369121    2.06219208    2.16367388    2.60481517    2.17889759    2.05396535    2.20771442    2.53053441    2.75504495    2.37082563    2.70078384    2.64100602    3.62829461    3.39425082    2.56189563    2.65398695
R5UB58_9FIRM/9-81     2.65994537    2.60209279    2.54608235    2.24396420    2.55230048    2.99424213    2.02455760    2.41754699    2.10600759    2.50588437    2.00402937    2.35415025    2.18720260    2.30864572    2.33128964    2.25392774    2.01440741    2.04745041    2.05380064    2.24994687    2.39499462    2.43484684    1.98030624    1.73639328    1.47215958    1.46625205    0.85334681    0.00000000    1.07363491    1.20047225    2.11160455    2.73647230    2.51428179    2.31638034    2.48928758    2.37518280    1.92743068    2.92029840    2.43987479    2.45114972    2.73965611    2.82965574    3.24181408    2.65895303    2.53096078    2.53534381
C8WIC6_EGGLE/15-87     2.04212945    1.87652661    2.15471309    1.84250671    2.21900867    2.47094433    2.21851550    2.46895647    1.88252559    2.44889172    2.08502268    2.32346011    2.24854769    2.29504727    2.17516704    2.67444960    2.41790040    2.12751213    2.78913665    2.65129340    2.31559219    1.80050279    1.50220215    1.76517704    1.63431233    1.61857690    0.65613740    1.07363491    0.00000000    0.90843557    1.87659987    2.11539643    2.03469245    2.31697248    2.14679759    2.05248182    2.03996781    2.43206614    2.50082926    2.53487708    2.84058634    2.70010630    2.83152012    3.19186151    2.23048742    2.08882264
C9LWJ1_SELS3/9-84     2.25597087    2.11480410    2.24463437    1.91100642    2.35914620    2.78146199    2.23550704    2.23975162    2.29469703    2.50832172    1.80014477    1.99150974    1.94487219    2.19389306    2.21246600    2.75175392    2.72097270    2.27900907    2.75568079    2.87074887    2.37957226    2.14519444    1.63856084    1.86533256    1.92743206    1.74143098    0.96369338    1.20047225    0.90843557    0.00000000    2.27341910    2.45479569    2.26875417    3.10525060    2.50781524    2.48525011    2.68765502    2.35485744    2.17214835    2.35664876    2.67790993    2.78610447    2.71736368    3.14407772    2.93439567    3.22884537
G2TQJ4_BACCO/10-86     0.64248643    0.96269758    1.01063523    0.91704947    0.92852841    0.80115561    1.33187776    2.18224330    1.47333858    1.65235142    1.51866812    1.58194946    1.72680623    1.42194259    1.72291008    2.21945180    2.07002706    1.45770927    1.67491272    1.68967665    1.11520635    1.34298806    1.94786679    2.10166380    1.86798509    1.78081401    1.95369121    2.11160455    1.87659987    2.27341910    0.00000000    0.51811055    0.71012780    1.50662891    0.55799628    0.68320292    0.78148501    0.54917028    0.85567585    0.90199804    1.02306038    1.17442407    1.44714808    2.09449643    1.88415200    2.53999914
Q8ESW6_OCEIH/14-90     0.87002336    0.95828775    0.93950880    1.04499459    1.08188728    0.78916618    1.54161172    1.77908217    1.66708834    1.94550508    1.58934333    1.97763657    1.88574004    1.51635339    1.48728674    2.06857541    2.28194347    1.38424210    1.73346849    1.82357404    1.11090510    1.29866793    2.55805440    2.80827572    2.74490293    2.58342650    2.06219208    2.73647230    2.11539643    2.45479569    0.51811055    0.00000000    0.42215269    1.35247892    0.47593754    0.56376819    0.60384309    0.51257364    0.85735597    0.92300724    0.96383897    1.17326572    1.29287470    2.03075788    1.79911755    2.21505053
Q81AK9_BACCR/18-94     0.74851581    0.84101377    0.84080841    0.83583238    1.05658415    0.95812864    1.21850702    1.66098506    1.69468127    2.13079477    1.67703690    1.69626287    1.81593710    1.59688689    1.65983924    1.72336943    1.78948937    1.46502292    1.90501031    1.61061610    1.26701313    1.40872905    2.43993047    2.52488340    2.38814279    2.13710739    2.16367388    2.51428179    2.03469245    2.26875417    0.71012780    0.42215269    0.00000000    1.48180601    0.52198837    0.63498373    0.49855285    0.78024551    1.20009971    1.07977295    1.05749479    1.18445669    1.47654173    1.64922158    1.52195963    2.08358992
H0UKG4_9BACT/25-101     1.87770135    1.64340513    1.62325448    1.88123488    1.98586347    1.46762254    2.01060284    1.78557627    1.67802353    2.06358998    2.31195430    1.86250125    1.89554072    1.85124252    2.23102538    2.36624014    2.14553424    2.50292889    2.04804253    2.44111619    1.56783844    1.81696663    2.32108714    2.40915867    2.57320363    2.43454500    2.60481517    2.31638034    2.31697248    3.10525060    1.50662891    1.35247892    1.48180601    0.00000000    1.39466565    1.18417842    1.39968575    1.49886270    1.90592357    1.86911658    2.10685241    2.05287192    2.19729640    2.00747637    2.45424113    2.30873815
D3FS88_ALKPO/22-98     0.80077645    1.09194193    1.13591551    1.19416468    1.27095711    0.89236942    1.67554741    1.61710859    1.80035357    2.27524984    1.60783020    1.64441040    2.07104502    1.69789326    1.89719475    2.58647889    2.55085786    1.73042273    2.03825205    2.07617082    1.07291677    1.43466065    2.02321056    2.23878398    2.29724835    2.19905237    2.17889759    2.48928758    2.14679759    2.50781524    0.55799628    0.47593754    0.52198837    1.39466565    0.00000000    0.42256273    0.60657236    0.47535449    0.99208379    0.80207203    1.00247265    1.16207930    1.58227495    2.08804780    1.93661400    2.38921880
I0JMC5_HALH3/15-91     0.95496170    1.11159378    1.23417710    1.28332638    1.42294271    1.03411731    1.63191254    1.56471808    1.69045213    2.22538006    1.50731297    1.60649373    1.82528342    1.93808338    1.77439375    2.34444911    2.29383038    1.83588728    2.00322553    1.85696899    1.05553927    1.42607769    2.10196797    2.25487978    2.15021792    2.00690697    2.05396535    2.37518280    2.05248182    2.48525011    0.68320292    0.56376819    0.63498373    1.18417842    0.42256273    0.00000000    0.50074993    0.51871063    1.20808622    0.99400288    0.98483649    1.23006495    1.85185654    1.84821421    1.86058931    2.13554540
F2F9B2_SOLSS/8-84     0.93426904    0.92318558    1.04697359    1.11881822    1.34861621    1.07940517    1.63837430    1.72323299    1.65642491    2.43307115    1.62283264    1.72187436    1.92709743    1.96065764    2.08200732    2.06273164    1.93606454    1.61202500    2.19909518    2.03942684    1.35824825    1.52371753    2.13883274    2.21625100    2.14411899    1.95588445    2.20771442    1.92743068    2.03996781    2.68765502    0.78148501    0.60384309    0.49855285    1.39968575    0.60657236    0.50074993    0.00000000    0.90089625    1.25386617    1.08119328    1.11624784    1.22486759    1.69009743    1.65767149    2.03455445    2.29973384
U5L4Q4_9BACI/14-90     0.80573067    1.01370500    1.10707079    1.00717510    1.02595614    0.84073631    1.92422704    2.05747857    1.67836332    2.12271399    1.64835591    1.90537229    1.88118824    1.58138608    1.86099093    2.54317751    2.36856832    1.86103209    2.21000463    1.80048344    1.00232523    1.32336605    2.29932041    2.39936884    2.41398567    2.33146607    2.53053441    2.92029840    2.43206614    2.35485744    0.54917028    0.51257364    0.78024551    1.49886270    0.47535449    0.51871063    0.90089625    0.00000000    1.03783890    0.90274518    1.05570540    1.25101301    1.35941535    1.90154096    2.20018542    2.53180081
D1ALP7_SEBTE/8-84     0.99151933    1.13569716    1.24823204    1.17490484    1.33664645    1.01848698    1.89585485    2.23658744    2.15674968    2.28187601    1.76491742    1.88939608    2.26581536    1.86145209    2.00177297    2.15491709    2.12648066    1.46275828    1.62883132    2.12306455    1.20948912    1.65184114    2.61431675    2.72500090    2.16037193    2.09529487    2.75504495    2.43987479    2.50082926    2.17214835    0.85567585    0.85735597    1.20009971    1.90592357    0.99208379    1.20808622    1.25386617    1.03783890    0.00000000    0.68156341    0.84102583    0.94895260    1.18071292    2.06224957    2.22973280    2.11541148
E3H7W8_ILYPC/7-80     0.85514731    1.14891155    1.16184064    1.05032714    0.95601706    1.03779479    1.75548890    1.91511280    2.11855825    2.18660390    1.73885364    1.69803466    2.08485537    2.09357775    1.98243853    2.03234180    2.07947586    1.81712770    1.47187481    2.12354505    1.41879623    1.73931013    2.42406019    2.55881640    2.37879470    2.28644643    2.37082563    2.45114972    2.53487708    2.35664876    0.90199804    0.92300724    1.07977295    1.86911658    0.80207203    0.99400288    1.08119328    0.90274518    0.68156341    0.00000000    0.59535455    0.61977959    1.20757741    1.93033970    1.81734066    2.26775960
Q8RFK9_FUSNN/20-96     0.98650356    1.04330376    1.04044344    0.92065597    1.13424063    1.16875147    1.50957028    2.11318605    2.19796501    2.31551960    1.66255750    1.92222181    2.12693642    2.01526923    2.16266687    2.07537746    2.02926449    1.53823399    1.61841508    1.68231204    1.33214370    1.84081763    2.26281107    2.41118847    2.21980181    1.99794065    2.70078384    2.73965611    2.84058634    2.67790993    1.02306038    0.96383897    1.05749479    2.10685241    1.00247265    0.98483649    1.11624784    1.05570540    0.84102583    0.59535455    0.00000000    0.43006882    1.26685975    1.97026165    1.58275359    1.85895596
D1AXK5_STRM9/4-79     1.08898437    1.13151033    1.05788924    1.08683395    1.16374385    1.08857355    1.90786662    2.01903533    2.42258673    2.73557374    2.11825569    2.09701130    2.44606860    2.45033802    2.21185518    2.09421342    2.02954794    1.94323721    1.73698684    1.80167601    1.56654410    1.94084613    2.56407995    2.56086928    2.42547370    2.28705889    2.64100602    2.82965574    2.70010630    2.78610447    1.17442407    1.17326572    1.18445669    2.05287192    1.16207930    1.23006495    1.22486759    1.25101301    0.94895260    0.61977959    0.43006882    0.00000000    1.17687340    2.24407283    1.52594302    1.92891024
Q1MQS3_LAWIP/24-100     1.26387424    1.04750604    1.08904356    1.17532967    1.18312418    1.27983305    1.80741879    2.22965903    2.24702290    2.43618575    1.75542083    2.03398781    2.16047362    1.88312659    2.04537704    2.12210390    2.06179666    1.96716782    2.08828452    2.29431884    1.51882326    1.96259103    3.00896136    2.85949614    3.08968356    3.08338653    3.62829461    3.24181408    2.83152012    2.71736368    1.44714808    1.29287470    1.47654173    2.19729640    1.58227495    1.85185654    1.69009743    1.35941535    1.18071292    1.20757741    1.26685975    1.17687340    0.00000000    1.85984883    2.09884584    1.97835168
F4LXQ8_TEPAE/20-92     1.78607657    1.78859844    1.83675319    1.76803947    1.89713049    2.09145898    2.40949700    2.19202071    2.12308116    2.40498913    1.99854267    2.39353564    2.07783069    2.22148052    2.25544748    2.45128918    2.23468900    2.37097500    2.73640695    2.92079654    2.10003137    2.28455458    2.46669814    2.15501545    2.35842299    2.25549659    3.39425082    2.65895303    3.19186151    3.14407772    2.09449643    2.03075788    1.64922158    2.00747637    2.08804780    1.84821421    1.65767149    1.90154096    2.06224957    1.93033970    1.97026165    2.24407283    1.85984883    0.00000000    1.87988286    1.97946566
R5KJ23_9CLOT/28-99     1.67046738    1.87743900    2.07144592    1.69971288    1.99948196    2.06367908    2.07940985    2.77046735    2.09249988    2.33311795    2.19342621    2.40707346    2.27373393    2.39856456    2.25527772    2.60696396    2.20052252    2.28260620    2.24176766    2.31833856    2.39334929    2.88070932    2.35636042    2.53043316    2.41421835    2.36127004    2.56189563    2.53096078    2.23048742    2.93439567    1.88415200    1.79911755    1.52195963    2.45424113    1.93661400    1.86058931    2.03455445    2.20018542    2.22973280    1.81734066    1.58275359    1.52594302    2.09884584    1.87988286    0.00000000    0.43312763
R5W4A5_9CLOT/27-98     1.96075759    2.14338828    2.12772627    2.00173488    2.51432903    2.28589473    2.31583447    2.65402285    2.46124411    2.63918888    2.53801291    3.21582528    2.70272529    2.86852076    2.84084018    2.81583117    2.44876259    2.50640325    2.62468208    2.63337906    2.71570367    2.96678961    2.54535266    2.95926999    2.84881810    2.82076350    2.65398695    2.53534381    2.08882264    3.22884537    2.53999914    2.21505053    2.08358992    2.30873815    2.38921880    2.13554540    2.29973384    2.53180081    2.11541148    2.26775960    1.85895596    1.92891024    1.97835168    1.97946566    0.43312763    0.00000000

