62
H0PVZ9_9RHOO/1-477     0.00000000    0.87308912    2.06977967    2.05214359    2.03754280    2.23331474    2.43677062    2.91578233    2.66657844    2.64589934    2.91783942    2.79812417    3.06013835    2.62810362    2.45346389    2.56480316    3.08535115    2.91485923    2.59848383    2.54992269    2.60400662    2.41657161    2.59663120    2.53366325    2.78273427    2.68135432    3.11136801    2.64821797    2.93704104    2.80172715    2.63307721    2.57953083    2.73142657    2.88284872    2.72668691    2.71528549    2.45399195    2.72781565    2.73065007    2.55216948    3.17934086    2.87886577    2.99543664    3.37671437    3.03477139    3.14498965    3.07553885    2.82754287    2.67432927    2.60066676    3.00534776    2.85237974    3.29632976    2.22687940    2.47612092    2.55182666    2.23330264    2.67801133    2.12257529    2.24097476    2.36900182    2.24951630
A1KC20_AZOSB/1-456     0.87308912    0.00000000    2.00275476    2.00866266    2.08263365    2.29594422    2.28706662    3.13890283    2.68581635    2.95871252    3.07656863    2.80785962    3.20224465    2.57948618    2.60530620    2.64941731    3.37497690    3.13243844    3.12779868    3.02562400    2.75880295    2.62557480    2.79203315    2.72828983    2.90540959    2.93485835    3.24575834    2.79749660    3.00417928    3.15621930    2.72236267    2.75829890    2.87916351    2.98158211    2.77971800    2.78469706    2.78276026    2.81353560    2.80909525    2.57296113    2.89979079    2.88239420    3.38661483    3.30692859    3.10933478    2.92285416    2.79862897    2.75021230    2.53949776    2.67302233    2.99777182    2.74619923    3.13279454    2.44388796    2.28226968    2.40854153    2.32309099    2.46403320    2.33349601    2.24248996    2.14330447    2.26672914
C1D5W9_LARHH/17-517     2.06977967    2.00275476    0.00000000    0.63808653    0.64306789    1.38309847    1.44662398    2.69409782    2.81057366    2.86980564    2.87659589    2.96783218    3.19843157    2.90913384    2.90994399    2.91859670    2.91910098    2.73354726    2.73523882    2.81571634    2.87500421    2.76378078    2.73944414    2.65349993    2.58430531    2.51200902    2.78106421    2.63068072    2.61692696    2.82245795    2.85039946    2.74121623    2.83397585    2.88939928    2.87879757    2.81955566    2.85797160    2.88970583    3.13871116    2.47130569    3.43649713    3.12858575    2.96801501    3.07094094    3.16022413    3.46255850    3.33701111    3.09807029    2.76020160    2.82636731    2.98436094    3.13503757    3.39894499    2.79535063    2.66881548    2.90460286    2.76785816    2.79078046    2.48346724    2.58618584    2.39190506    2.72135397
G2J0W8_PSEUL/6-511     2.05214359    2.00866266    0.63808653    0.00000000    0.38074569    1.40803384    1.42599116    2.79324884    2.94131245    3.08892471    3.19711873    2.86638925    3.11738681    2.81253685    2.81581733    2.87023122    3.22361340    2.71158057    2.79571586    2.77194641    2.88303628    2.57891404    2.39981395    2.47980771    2.62328916    2.61882469    2.94921927    2.57920875    2.45189011    2.77373944    2.87423310    2.79007682    2.76770559    2.67462733    2.78446812    2.82417608    2.81257914    2.96161342    2.96824092    2.43025830    3.25896134    3.19702697    2.71629263    3.28249546    3.37043122    3.25456229    3.37573100    3.00082621    2.62909640    2.79657207    3.01124166    3.39617082    3.40976263    2.92892477    2.67839760    2.82075915    2.83080987    2.74832902    2.39763874    2.66350258    2.48193642    2.87428357
Q7NSM3_CHRVO/8-509     2.03754280    2.08263365    0.64306789    0.38074569    0.00000000    1.41118145    1.47098238    2.97488974    2.87717206    3.01530285    3.02094682    2.83674438    3.03340299    2.82631245    2.86382583    2.92119386    3.24835939    2.84425084    2.91063145    2.86052367    2.89918622    2.73185913    2.58872259    2.64276330    2.60014740    2.56697394    2.93655779    2.52129644    2.50878998    2.65544793    2.86860201    2.87743154    2.87712296    2.86683371    2.85257861    2.75566343    2.98216617    2.87366431    3.12666127    2.62681543    3.27095731    3.03207591    2.82064540    3.27522178    3.27823674    3.22709455    3.50739621    3.07301470    2.61013531    2.86300225    3.16976854    3.51928263    3.45182091    2.90077542    2.84480074    2.80683103    2.84450893    2.80141098    2.46611961    2.67956904    2.51838744    2.80664002
X2H834_9NEIS/2-498     2.23331474    2.29594422    1.38309847    1.40803384    1.41118145    0.00000000    0.95624852    3.03791803    2.54711006    2.92194338    2.83196062    3.36302193    3.26270314    3.02591560    2.58387882    2.90677586    3.22131017    2.77516534    2.97247400    3.06770936    3.06641544    2.99645351    2.75792642    2.86452134    2.59806390    2.76146731    2.71979338    2.84538141    2.73228448    2.85545381    2.88269977    2.80100581    2.66494383    3.07719752    3.00727014    2.80547360    3.11311743    2.80600100    3.15514613    2.59545237    3.13803023    2.87714531    3.13531588    3.06969241    3.44819282    3.26052894    3.06205395    2.58880600    2.42383996    2.44484440    2.65499983    3.09002802    2.86857275    3.00652420    2.48200021    2.90019598    2.67693150    2.54545332    2.74967331    2.67853579    2.52238422    2.98208111
Q9JZ08_NEIMB/1-500     2.43677062    2.28706662    1.44662398    1.42599116    1.47098238    0.95624852    0.00000000    2.72364970    2.78816180    2.98726949    3.30642502    3.19696851    3.39257607    3.09820377    2.87283345    3.25951548    3.46399792    2.87810034    2.87352474    3.03011149    2.98972155    2.93519031    2.76891837    2.76012306    2.74894758    2.72489774    2.85222469    2.61759000    2.84298779    2.96809191    3.08041576    2.90026555    2.74542456    2.95945778    2.95679581    2.67701115    3.14328443    3.01852494    3.21533465    2.80801573    3.37494031    3.36920681    3.16771773    3.24714035    3.51978753    3.49314922    3.28645924    2.95170316    2.49012844    2.61874258    2.93451804    3.30806322    3.06228341    3.08233175    2.48487044    2.75329551    2.68045140    2.50013257    2.68477002    2.51295038    2.74054752    2.80103721
Q3A118_PELCD/1-432     2.91578233    3.13890283    2.69409782    2.79324884    2.97488974    3.03791803    2.72364970    0.00000000    2.87577999    2.70590371    3.15336240    2.91940145    3.38592865    2.87152032    2.78996115    3.25957185    3.59837371    2.82049801    3.04133630    3.09179152    2.99691260    3.00637002    2.91720727    3.03336431    2.89730383    2.97909479    2.80196837    2.90809898    3.04153098    3.02895895    3.04935871    2.92513056    3.18302562    2.78955621    2.86665002    3.06320378    2.99232491    3.00018191    2.97725623    2.66580893    2.96315924    3.22314036    3.28411661    3.21945623    3.64952437    3.63846824    3.35981525    3.07649523    2.65979383    2.66952637    3.51250571    2.76076489    3.13149045    2.98983810    2.68490854    2.93035670    2.80576604    3.11523121    2.69117602    2.52430048    2.69403352    2.86622022
V4J1J3_9GAMM/32-479     2.66657844    2.68581635    2.81057366    2.94131245    2.87717206    2.54711006    2.78816180    2.87577999    0.00000000    2.94083113    3.46127956    3.70339858    3.59885872    3.05044284    2.84883211    3.58082259    3.44436857    3.15971543    3.45435468    3.29764813    3.21917493    2.93985834    3.06789166    3.24022916    3.12484741    3.02102327    3.33450785    3.34303246    2.99540111    3.22504325    3.24324004    3.00105319    3.35130363    2.79871684    3.02128806    3.31728476    3.22013004    3.41151753    3.37470423    3.17712222    3.16347860    2.85930148    3.09593243    2.99526122    3.14645178    3.40470892    3.49414260    2.98402425    3.00820328    2.91308621    3.48225570    3.09501296    3.04805424    2.86698709    3.08865263    2.86427622    2.90932507    2.88414676    3.13938142    3.08292317    2.98822685    2.77658756
M4R584_BIBTR/1-436     2.64589934    2.95871252    2.86980564    3.08892471    3.01530285    2.92194338    2.98726949    2.70590371    2.94083113    0.00000000    1.48007082    2.35383600    2.52499029    2.89836373    2.42627671    3.00994318    2.73229295    2.79440709    2.34786070    2.49100184    2.43911749    2.57450487    2.73736659    2.66002665    2.53080147    2.31612944    2.61560089    2.86409669    2.69621213    2.49444608    2.63110797    2.49673627    2.48911302    2.76546871    2.58097441    2.64093809    2.70186529    2.53011930    2.57583371    3.32514319    2.99589324    3.32478966    3.39737190    3.37480161    3.01112596    3.14656834    3.40043970    2.82963694    2.60915648    2.45628940    3.47855469    3.54701767    3.45964839    2.71070055    2.75781714    2.96910238    2.67620744    3.39397587    3.17724670    3.49057480    3.60041269    2.66141343
B8F4S1_HAEPS/1-440     2.91783942    3.07656863    2.87659589    3.19711873    3.02094682    2.83196062    3.30642502    3.15336240    3.46127956    1.48007082    0.00000000    2.71537446    2.37421674    2.80323480    2.71943824    3.05010876    2.76647592    2.48807469    2.54262472    2.81211026    2.58406791    2.50479987    2.53979682    2.50052836    2.56511371    2.32681770    2.69259425    2.48542750    2.47789722    2.34720030    2.66156064    2.48592223    2.59510460    2.91289567    2.82393782    2.88484394    2.73911995    2.95847268    2.76839936    3.32417426    3.12620758    2.96751406    3.48157080    3.70479430    3.75656796    3.11651112    2.92715284    3.71330418    3.16674500    2.65113075    2.93995869    3.38395625    3.16928696    3.25974124    2.89351345    3.15949188    2.75954422    3.48657632    2.96350222    3.35785721    3.19895458    3.10524760
Q9CMS6_PASMU/1-460     2.79812417    2.80785962    2.96783218    2.86638925    2.83674438    3.36302193    3.19696851    2.91940145    3.70339858    2.35383600    2.71537446    0.00000000    1.80825482    2.60577400    2.52061303    2.71810823    2.77982551    2.42949292    2.35410004    2.42272344    2.22037806    2.30890939    2.27475596    2.23097216    2.39605304    2.21834291    2.39186641    2.46337201    2.51558726    2.38742941    2.26175183    2.29007449    2.44091984    2.28768499    2.37226630    2.43080909    2.60506007    2.46032079    2.52594902    3.33488180    3.11577148    3.30818884    3.41370376    3.39998026    3.54588799    3.33487458    3.12491965    3.11512098    2.95018196    2.98386009    3.57318495    3.57443258    3.10616868    2.85119268    2.91655018    3.20510423    2.60908611    3.08455746    2.93905064    2.73352344    2.96659544    3.08303429
A6VPB2_ACTSZ/1-467     3.06013835    3.20224465    3.19843157    3.11738681    3.03340299    3.26270314    3.39257607    3.38592865    3.59885872    2.52499029    2.37421674    1.80825482    0.00000000    2.82051084    2.56825046    2.73901536    2.70046183    2.65570216    2.32279582    2.35602745    2.70587257    2.47064262    2.49776228    2.51081330    2.75271739    2.41944542    2.61344583    2.67441945    2.73895400    2.63342662    2.57202837    2.31605153    2.29898565    2.73845132    2.75085173    2.84782053    2.73263551    2.54363080    2.65276668    3.33758131    3.27851152    3.33640593    3.22314296    3.39863882    3.55640665    3.67798055    2.98894509    2.98680087    3.11987689    3.16509318    3.62503712    3.08570058    3.10591197    3.09482980    3.25765679    3.32485611    3.17439076    3.46091199    3.25785756    3.22203850    3.21431006    2.97696489
W8X2L5_CASDE/8-462     2.62810362    2.57948618    2.90913384    2.81253685    2.82631245    3.02591560    3.09820377    2.87152032    3.05044284    2.89836373    2.80323480    2.60577400    2.82051084    0.00000000    1.61604185    2.41812065    2.64766109    2.29637794    2.26704600    2.09922554    2.16616770    2.26255107    2.13875274    2.11537503    2.05987384    2.06351850    2.17483382    2.13544551    2.37479164    2.34317052    2.48416350    2.25332041    2.37557757    2.36369318    1.92989123    2.19100194    2.10346965    1.96205755    2.35814876    2.76256600    3.37459517    3.26393875    3.23743556    3.23522654    3.03969158    2.95352247    3.58959009    3.12963008    3.12303718    2.96485409    3.35887350    3.26287642    3.41703610    3.08043161    2.73224575    3.13243273    2.77919522    2.60082754    2.47593319    2.51340504    2.35344612    2.56581656
F4GWV9_PUSST/1-473     2.45346389    2.60530620    2.90994399    2.81581733    2.86382583    2.58387882    2.87283345    2.78996115    2.84883211    2.42627671    2.71943824    2.52061303    2.56825046    1.61604185    0.00000000    2.48053984    2.41755192    2.11097903    2.06409494    2.05890035    2.22114837    2.15768888    2.06062790    2.10109085    1.91519169    2.06196555    2.05231833    2.07856661    2.14056670    2.10819298    2.37402041    2.04128908    2.16590654    2.23720602    2.06966329    2.13401271    2.10605644    1.93773677    2.13790334    2.62405209    3.18168008    3.01879803    2.74538020    3.05002725    3.21123014    2.96804948    3.20685412    3.13839647    2.91156270    2.85110309    2.88321043    2.59666170    2.83067615    2.71466179    2.68120724    2.94875010    2.63840744    2.70005212    2.46951891    2.48062293    2.45589610    2.57497600
W0PA04_ADVMD/1-470     2.56480316    2.64941731    2.91859670    2.87023122    2.92119386    2.90677586    3.25951548    3.25957185    3.58082259    3.00994318    3.05010876    2.71810823    2.73901536    2.41812065    2.48053984    0.00000000    2.30578858    2.01318085    2.16513205    2.11409314    2.05467602    2.12474177    2.03115892    2.01046095    2.16594283    1.98009177    2.14584578    2.20753646    2.16852204    2.24735203    2.20854553    2.00116146    2.30312936    2.41403595    2.38211943    2.38275885    2.29335760    2.26764498    2.20355594    3.11046174    3.24579647    2.70690415    3.02476720    3.57173719    3.50877160    3.68118981    3.26979518    3.47403433    2.86858519    2.71083630    3.44282630    3.31647976    3.06966316    3.13201740    2.75663649    3.31118069    2.69768619    2.71868318    3.20896693    2.62857941    3.01823396    3.19433896
YIHF_ECOLI/4-465     3.08535115    3.37497690    2.91910098    3.22361340    3.24835939    3.22131017    3.46399792    3.59837371    3.44436857    2.73229295    2.76647592    2.77982551    2.70046183    2.64766109    2.41755192    2.30578858    0.00000000    1.75239966    1.73906704    1.68867499    1.59780227    1.59727642    1.51003798    1.46227872    1.69718386    1.78372342    1.99553123    2.03571585    1.97316232    1.93891345    2.00165907    1.71461399    2.10918707    2.12467240    2.26757661    2.27652187    2.50751598    2.40048529    2.35289014    3.22492971    3.67493831    3.37487471    2.83956683    3.69914593    3.31127560    3.81588319    3.76311821    3.70709661    3.27802387    2.99689855    3.19831260    3.48780602    3.01668796    3.18746725    3.22771459    3.64944844    3.53644912    3.51349712    3.31632278    3.55542609    3.40020508    2.86714844
W0HX26_9GAMM/1-482     2.91485923    3.13243844    2.73354726    2.71158057    2.84425084    2.77516534    2.87810034    2.82049801    3.15971543    2.79440709    2.48807469    2.42949292    2.65570216    2.29637794    2.11097903    2.01318085    1.75239966    0.00000000    0.97334978    1.02091029    1.04985530    1.00445168    0.92057725    0.98102204    0.79783894    0.90612271    1.35575243    1.31412193    1.14403612    1.14949346    1.57628029    1.35721144    1.77600520    1.83906228    1.74621593    1.79741768    1.83784105    1.74425036    1.85943533    2.57679934    3.13354521    2.91570298    2.90320131    2.90411794    2.94068175    3.30433329    3.13410411    3.18922405    2.69441903    2.61613689    3.10239615    3.61022118    2.65697844    3.00099671    2.81571901    3.16751942    2.82861674    3.28457217    2.85513054    3.13307203    2.92158668    3.01786270
D4GE91_PANAM/1-481     2.59848383    3.12779868    2.73523882    2.79571586    2.91063145    2.97247400    2.87352474    3.04133630    3.45435468    2.34786070    2.54262472    2.35410004    2.32279582    2.26704600    2.06409494    2.16513205    1.73906704    0.97334978    0.00000000    0.28845227    0.87396492    0.89085599    0.80479065    0.85354315    0.82099854    1.01533594    1.40859188    1.21536074    1.28899732    1.16609355    1.49482013    1.40341957    1.58794741    1.81489138    1.82411031    1.85007784    1.90544830    1.97714405    1.96665723    2.76512302    3.37122845    3.06878346    2.69119325    3.04963077    2.66702846    3.39105569    2.70307329    3.27539238    2.69189549    2.67270399    3.03962287    3.15190215    2.67553517    3.01177505    2.59293637    3.26780980    2.83225934    3.17555242    2.50211180    2.89456388    2.83932032    2.67543198
U3TVY0_9ENTR/1-481     2.54992269    3.02562400    2.81571634    2.77194641    2.86052367    3.06770936    3.03011149    3.09179152    3.29764813    2.49100184    2.81211026    2.42272344    2.35602745    2.09922554    2.05890035    2.11409314    1.68867499    1.02091029    0.28845227    0.00000000    0.84367673    0.86126445    0.77603208    0.84063130    0.82365206    1.02061134    1.39150916    1.28482601    1.34086440    1.25266907    1.52004518    1.37975926    1.53767864    1.78080195    1.82991190    1.81291758    1.88333876    1.96099431    1.91968266    2.65659689    3.61322900    3.20221790    2.58137744    3.10314166    2.73360116    3.42519232    2.84834868    2.97315330    2.68804690    2.76806740    3.19958352    3.35685831    2.78884959    2.97828823    2.66788698    3.32184578    2.86484188    3.15263455    2.49750394    3.00402747    3.02049761    2.61007107
I2B9Y5_SHIBC/1-475     2.60400662    2.75880295    2.87500421    2.88303628    2.89918622    3.06641544    2.98972155    2.99691260    3.21917493    2.43911749    2.58406791    2.22037806    2.70587257    2.16616770    2.22114837    2.05467602    1.59780227    1.04985530    0.87396492    0.84367673    0.00000000    0.65512710    0.61775252    0.62967666    0.84363708    0.91592592    1.40098855    1.24571311    1.19927888    1.16522894    1.33557601    1.21044078    1.63486299    1.66999348    1.70544979    1.69310721    1.83283150    1.95566646    1.79696626    2.51858917    3.22897730    3.20824573    2.72673727    3.26594743    2.81994081    3.55643557    3.21258719    3.39456680    2.82862614    2.54533790    3.12099848    3.88955189    2.87336969    2.96686329    2.63979215    2.85046516    2.52201543    2.97857154    2.59465656    2.77407118    2.67312432    2.68013253
A6T8M4_KLEP7/1-480     2.41657161    2.62557480    2.76378078    2.57891404    2.73185913    2.99645351    2.93519031    3.00637002    2.93985834    2.57450487    2.50479987    2.30890939    2.47064262    2.26255107    2.15768888    2.12474177    1.59727642    1.00445168    0.89085599    0.86126445    0.65512710    0.00000000    0.41344203    0.43158101    0.89437228    1.02114774    1.41495859    1.23481535    1.20427261    1.14954631    1.39583407    1.21608349    1.67440574    1.68177525    1.73672219    1.83036090    1.79132918    1.92477745    1.86008817    2.48131331    3.38125766    2.70980946    2.56954234    2.88106776    2.67370809    3.33172983    3.07247206    3.17297084    2.68754498    2.63555704    3.10340773    3.42446994    2.68823975    3.07455655    2.81697153    2.94139616    2.67197278    2.88412752    2.59012209    2.70100926    2.65951241    2.73477718
Q8ZPL8_SALTY/1-480     2.59663120    2.79203315    2.73944414    2.39981395    2.58872259    2.75792642    2.76891837    2.91720727    3.06789166    2.73736659    2.53979682    2.27475596    2.49776228    2.13875274    2.06062790    2.03115892    1.51003798    0.92057725    0.80479065    0.77603208    0.61775252    0.41344203    0.00000000    0.22495913    0.87974047    0.96052373    1.43498958    1.17615186    1.21838958    1.12876469    1.29378250    1.25173620    1.67855281    1.69389705    1.82706917    1.77193363    1.81344069    1.95546594    1.96944472    2.54580888    3.36294158    2.85562323    2.63906773    3.03571839    2.67937471    3.29081139    2.95508393    3.38997446    2.85579248    2.54738080    2.69614695    3.47805800    2.66446641    3.00181189    2.73040078    2.99798534    2.68626944    2.92893953    2.65783572    2.80931943    2.69841932    2.76155713
Q32FG4_SHIDS/1-480     2.53366325    2.72828983    2.65349993    2.47980771    2.64276330    2.86452134    2.76012306    3.03336431    3.24022916    2.66002665    2.50052836    2.23097216    2.51081330    2.11537503    2.10109085    2.01046095    1.46227872    0.98102204    0.85354315    0.84063130    0.62967666    0.43158101    0.22495913    0.00000000    0.86180247    0.98181127    1.36952516    1.23026804    1.29868424    1.11687456    1.31403199    1.23929346    1.63900082    1.71168369    1.82657523    1.75557944    1.79686012    1.96793021    1.88828522    2.38698936    3.17918932    2.86845099    2.74080639    2.91760516    2.68051134    3.33422968    3.07181583    3.32109447    2.82834651    2.49696812    2.83856836    3.42192523    2.56940582    3.10027695    2.60550027    3.03872798    2.70698564    2.97058182    2.65251403    2.83102219    2.73244976    2.75712989
H2IZZ4_RAHAC/1-478     2.78273427    2.90540959    2.58430531    2.62328916    2.60014740    2.59806390    2.74894758    2.89730383    3.12484741    2.53080147    2.56511371    2.39605304    2.75271739    2.05987384    1.91519169    2.16594283    1.69718386    0.79783894    0.82099854    0.82365206    0.84363708    0.89437228    0.87974047    0.86180247    0.00000000    0.64582938    1.05616092    1.07527053    1.01992314    0.90164367    1.14782273    1.02040912    1.38461071    1.54400496    1.56509460    1.50354362    1.82105562    1.87220251    1.76228246    2.41240179    3.07301998    2.80977806    2.60070665    2.73861422    2.62695605    3.21882147    3.22431789    3.13484695    2.64960226    2.94178756    2.99385960    3.15627922    2.34775911    2.99623937    2.61995819    2.99130330    2.76750978    3.15008332    2.61045323    2.78394761    2.83180939    2.71169377
A0A2S9PM19_YERPE/1-471     2.68135432    2.93485835    2.51200902    2.61882469    2.56697394    2.76146731    2.72489774    2.97909479    3.02102327    2.31612944    2.32681770    2.21834291    2.41944542    2.06351850    2.06196555    1.98009177    1.78372342    0.90612271    1.01533594    1.02061134    0.91592592    1.02114774    0.96052373    0.98181127    0.64582938    0.00000000    0.97022379    1.00499093    1.04299666    0.88523075    1.12987193    0.93624094    1.34736945    1.68256698    1.52790007    1.59003272    1.92957746    1.75358445    1.79377521    2.45189090    3.35993612    3.02697166    2.64758827    2.98551016    2.79718810    3.10247553    3.15650187    3.02442521    2.79031443    2.90517321    2.89342773    3.07365881    2.38326403    2.83371944    2.42372987    3.15278539    2.48731984    3.09546300    2.69811719    3.05840058    2.94345787    2.87025223
C4K3U7_HAMD5/1-467     3.11136801    3.24575834    2.78106421    2.94921927    2.93655779    2.71979338    2.85222469    2.80196837    3.33450785    2.61560089    2.69259425    2.39186641    2.61344583    2.17483382    2.05231833    2.14584578    1.99553123    1.35575243    1.40859188    1.39150916    1.40098855    1.41495859    1.43498958    1.36952516    1.05616092    0.97022379    0.00000000    1.53709812    1.58100588    1.41932434    1.48037418    1.37583316    1.72857500    1.88763349    1.85315393    1.94217581    2.16153962    2.02289610    2.00049698    2.58861161    3.36393599    3.01274966    2.95537578    3.15474472    3.11358168    3.29147558    3.52961663    2.99260312    2.79682736    2.80876999    3.12117949    2.88750582    2.60860786    3.00671124    2.71278256    3.28886097    2.72980947    3.30831798    3.04026888    3.00005324    3.05486070    3.01223745
T1HXS6_RHOPR/1-484     2.64821797    2.79749660    2.63068072    2.57920875    2.52129644    2.84538141    2.61759000    2.90809898    3.34303246    2.86409669    2.48542750    2.46337201    2.67441945    2.13544551    2.07856661    2.20753646    2.03571585    1.31412193    1.21536074    1.28482601    1.24571311    1.23481535    1.17615186    1.23026804    1.07527053    1.00499093    1.53709812    0.00000000    0.91227145    0.69568644    1.35497283    1.27518657    1.60367523    1.91601450    1.80378849    1.93177690    2.02262419    1.95652801    2.05797915    2.70315585    3.43412334    3.15723885    2.84688357    3.13560337    3.10419734    3.44561564    2.90516557    3.41843282    3.17450901    3.10135947    2.95196847    3.52165786    2.60329446    3.04761312    2.53960667    2.95046813    2.78010558    3.18158472    2.96068436    2.92160288    3.01767475    2.79624344
E0SBZ8_DICD3/3-484     2.93704104    3.00417928    2.61692696    2.45189011    2.50878998    2.73228448    2.84298779    3.04153098    2.99540111    2.69621213    2.47789722    2.51558726    2.73895400    2.37479164    2.14056670    2.16852204    1.97316232    1.14403612    1.28899732    1.34086440    1.19927888    1.20427261    1.21838958    1.29868424    1.01992314    1.04299666    1.58100588    0.91227145    0.00000000    0.63413641    1.55479985    1.31635702    1.64076036    1.86646352    1.78574304    1.89604745    2.08254619    2.09534475    2.02708914    2.75216260    3.10462956    3.09441177    2.74350203    3.01016137    3.17110405    3.45331266    3.34323447    3.14115662    3.00652473    2.76764489    3.00837147    3.44974849    2.70911588    2.75479691    2.70935663    2.87052470    2.60133474    3.11093271    2.94822666    3.20080923    3.08869266    2.65272101
Q6D4X6_PECAS/1-485     2.80172715    3.15621930    2.82245795    2.77373944    2.65544793    2.85545381    2.96809191    3.02895895    3.22504325    2.49444608    2.34720030    2.38742941    2.63342662    2.34317052    2.10819298    2.24735203    1.93891345    1.14949346    1.16609355    1.25266907    1.16522894    1.14954631    1.12876469    1.11687456    0.90164367    0.88523075    1.41932434    0.69568644    0.63413641    0.00000000    1.47408182    1.26191474    1.65227400    1.87884679    1.79541056    1.90601465    2.05534275    2.06270909    1.84227089    2.65895498    3.08004778    3.39810908    2.88091818    3.13765162    3.21870019    3.32891632    3.43363979    3.10683269    2.93008496    2.80938390    3.25022754    3.80335384    2.77426335    2.84636394    2.72878465    3.01375222    2.81602057    3.08028363    2.92720742    3.36586169    3.00528015    2.98615868
D3VGD9_XENNA/1-483     2.63307721    2.72236267    2.85039946    2.87423310    2.86860201    2.88269977    3.08041576    3.04935871    3.24324004    2.63110797    2.66156064    2.26175183    2.57202837    2.48416350    2.37402041    2.20854553    2.00165907    1.57628029    1.49482013    1.52004518    1.33557601    1.39583407    1.29378250    1.31403199    1.14782273    1.12987193    1.48037418    1.35497283    1.55479985    1.47408182    0.00000000    0.74367675    1.40364572    1.96968919    1.74551373    1.87096123    2.13023316    1.97212533    2.02733064    2.55996896    2.98216172    3.06239539    2.72596634    3.40617353    3.04185180    3.41684020    3.18979685    3.21737671    2.93840718    2.87261176    3.17896815    3.25391236    2.60032732    2.77594613    2.62971582    2.98693324    2.68727376    3.23775326    3.11279200    3.39447700    2.88039530    3.09407161
Q7N4H6_PHOLL/1-473     2.57953083    2.75829890    2.74121623    2.79007682    2.87743154    2.80100581    2.90026555    2.92513056    3.00105319    2.49673627    2.48592223    2.29007449    2.31605153    2.25332041    2.04128908    2.00116146    1.71461399    1.35721144    1.40341957    1.37975926    1.21044078    1.21608349    1.25173620    1.23929346    1.02040912    0.93624094    1.37583316    1.27518657    1.31635702    1.26191474    0.74367675    0.00000000    1.31285890    1.73855165    1.63187350    1.54132384    1.88244734    2.02250481    1.84457542    2.50910433    3.14545404    3.09413433    2.66912041    3.20393663    2.82551410    3.37227245    3.69330355    3.03834297    3.03598069    2.62162749    3.17571427    3.08572548    2.74392482    2.66309359    2.58843230    3.10192426    2.75829856    3.06843725    2.79381095    3.12226723    2.85659968    2.67341095
J7TAY5_MORMO/1-474     2.73142657    2.87916351    2.83397585    2.76770559    2.87712296    2.66494383    2.74542456    3.18302562    3.35130363    2.48911302    2.59510460    2.44091984    2.29898565    2.37557757    2.16590654    2.30312936    2.10918707    1.77600520    1.58794741    1.53767864    1.63486299    1.67440574    1.67855281    1.63900082    1.38461071    1.34736945    1.72857500    1.60367523    1.64076036    1.65227400    1.40364572    1.31285890    0.00000000    2.07803640    2.01997983    1.93750833    1.97428852    2.09237136    1.96947128    2.85697447    3.20544513    3.22008008    2.88984974    3.17529844    3.00811767    3.04870757    3.23636196    3.19296729    3.10933755    2.93091807    3.22408436    3.05185119    2.66127192    2.99529201    2.72692814    3.01908069    2.66002455    3.00879332    2.92784914    2.83616302    2.85448318    2.71462025
Q2KYK8_BORA1/1-473     2.88284872    2.98158211    2.88939928    2.67462733    2.86683371    3.07719752    2.95945778    2.78955621    2.79871684    2.76546871    2.91289567    2.28768499    2.73845132    2.36369318    2.23720602    2.41403595    2.12467240    1.83906228    1.81489138    1.78080195    1.66999348    1.68177525    1.69389705    1.71168369    1.54400496    1.68256698    1.88763349    1.91601450    1.86646352    1.87884679    1.96968919    1.73855165    2.07803640    0.00000000    1.30843459    1.42147381    1.89446316    2.19312379    2.01451330    2.99711497    3.08322540    3.20680740    2.74817209    3.51551996    3.39948908    3.51720921    3.78704831    3.34331953    2.76707618    2.72825394    3.21732473    2.84941239    3.16892865    3.02671166    2.75206189    3.07957144    2.66831632    2.87841854    2.69263675    2.76417827    2.83938819    2.75310430
A9I7B2_BORPD/1-485     2.72668691    2.77971800    2.87879757    2.78446812    2.85257861    3.00727014    2.95679581    2.86665002    3.02128806    2.58097441    2.82393782    2.37226630    2.75085173    1.92989123    2.06966329    2.38211943    2.26757661    1.74621593    1.82411031    1.82991190    1.70544979    1.73672219    1.82706917    1.82657523    1.56509460    1.52790007    1.85315393    1.80378849    1.78574304    1.79541056    1.74551373    1.63187350    2.01997983    1.30843459    0.00000000    1.10692725    1.73207479    1.80951550    1.75496756    2.74449847    3.41101414    2.93306456    2.79980131    3.20180424    2.85702304    3.26632289    3.77657672    3.11485593    2.99877690    2.99796372    3.19265944    3.14262075    2.95079085    3.15709862    2.73241274    2.81117333    2.84910962    2.77323097    2.55231701    2.80975072    2.73106775    2.42727808
Q2KYL1_BORA1/1-477     2.71528549    2.78469706    2.81955566    2.82417608    2.75566343    2.80547360    2.67701115    3.06320378    3.31728476    2.64093809    2.88484394    2.43080909    2.84782053    2.19100194    2.13401271    2.38275885    2.27652187    1.79741768    1.85007784    1.81291758    1.69310721    1.83036090    1.77193363    1.75557944    1.50354362    1.59003272    1.94217581    1.93177690    1.89604745    1.90601465    1.87096123    1.54132384    1.93750833    1.42147381    1.10692725    0.00000000    1.72499527    2.01252919    2.01731002    2.83838263    3.50527399    3.23542973    2.72745095    3.27410225    2.87628536    3.25097381    3.68447610    3.37780425    3.10592320    2.88073631    3.06888719    3.25282898    3.16248722    3.24315469    2.53137248    2.80721432    2.75206540    2.84311509    2.78580402    2.61546091    2.79009492    2.54488836
Q88NH9_PSEPK/1-485     2.45399195    2.78276026    2.85797160    2.81257914    2.98216617    3.11311743    3.14328443    2.99232491    3.22013004    2.70186529    2.73911995    2.60506007    2.73263551    2.10346965    2.10605644    2.29335760    2.50751598    1.83784105    1.90544830    1.88333876    1.83283150    1.79132918    1.81344069    1.79686012    1.82105562    1.92957746    2.16153962    2.02262419    2.08254619    2.05534275    2.13023316    1.88244734    1.97428852    1.89446316    1.73207479    1.72499527    0.00000000    1.17492472    1.22146385    2.61939141    3.33825804    3.08364305    3.05978003    3.19680233    3.04944631    3.71879152    3.56194920    3.63709444    3.15160172    3.25295174    3.43163106    3.06075370    2.90905429    3.06134096    3.15089189    3.09822300    2.85367104    2.90797344    2.80817191    2.72870655    3.16390969    3.17564602
F6ACX3_PSEF1/1-478     2.72781565    2.81353560    2.88970583    2.96161342    2.87366431    2.80600100    3.01852494    3.00018191    3.41151753    2.53011930    2.95847268    2.46032079    2.54363080    1.96205755    1.93773677    2.26764498    2.40048529    1.74425036    1.97714405    1.96099431    1.95566646    1.92477745    1.95546594    1.96793021    1.87220251    1.75358445    2.02289610    1.95652801    2.09534475    2.06270909    1.97212533    2.02250481    2.09237136    2.19312379    1.80951550    2.01252919    1.17492472    0.00000000    1.11193249    2.70087256    3.27005230    2.78230628    2.66650710    3.23712100    3.11446673    3.54910112    3.49998664    3.24637584    2.93134323    3.20509669    3.38216333    3.02429517    2.81720402    2.83992354    3.06240085    2.96680292    2.77350003    3.20548251    2.49646349    2.67804466    2.79051542    2.70054209
Q87U63_PSESM/1-477     2.73065007    2.80909525    3.13871116    2.96824092    3.12666127    3.15514613    3.21533465    2.97725623    3.37470423    2.57583371    2.76839936    2.52594902    2.65276668    2.35814876    2.13790334    2.20355594    2.35289014    1.85943533    1.96665723    1.91968266    1.79696626    1.86008817    1.96944472    1.88828522    1.76228246    1.79377521    2.00049698    2.05797915    2.02708914    1.84227089    2.02733064    1.84457542    1.96947128    2.01451330    1.75496756    2.01731002    1.22146385    1.11193249    0.00000000    3.20820304    3.59413457    2.97259073    2.47632767    3.44121109    3.27603070    3.55516949    3.30953133    3.45430825    3.09192113    3.05403867    4.03935139    3.30918944    3.02779576    3.01104762    3.12531228    3.38129427    2.97919329    3.35450584    3.13272901    2.93064148    3.52395365    2.97398615
D0KVJ0_HALNC/1-429     2.55216948    2.57296113    2.47130569    2.43025830    2.62681543    2.59545237    2.80801573    2.66580893    3.17712222    3.32514319    3.32417426    3.33488180    3.33758131    2.76256600    2.62405209    3.11046174    3.22492971    2.57679934    2.76512302    2.65659689    2.51858917    2.48131331    2.54580888    2.38698936    2.41240179    2.45189090    2.58861161    2.70315585    2.75216260    2.65895498    2.55996896    2.50910433    2.85697447    2.99711497    2.74449847    2.83838263    2.61939141    2.70087256    3.20820304    0.00000000    3.01234483    2.98393220    2.78409331    3.00255067    2.60940237    2.98351757    3.04997745    2.85854675    2.23749248    2.43083350    3.18723758    2.95415860    3.07445789    2.80391025    2.50908195    3.08798185    2.99947666    2.77224233    2.44467686    2.44875314    2.20266726    3.17776015
E6W368_DESIS/1-423     3.17934086    2.89979079    3.43649713    3.25896134    3.27095731    3.13803023    3.37494031    2.96315924    3.16347860    2.99589324    3.12620758    3.11577148    3.27851152    3.37459517    3.18168008    3.24579647    3.67493831    3.13354521    3.37122845    3.61322900    3.22897730    3.38125766    3.36294158    3.17918932    3.07301998    3.35993612    3.36393599    3.43412334    3.10462956    3.08004778    2.98216172    3.14545404    3.20544513    3.08322540    3.41101414    3.50527399    3.33825804    3.27005230    3.59413457    3.01234483    0.00000000    2.50103008    3.23105585    3.05687308    3.06583909    2.98067717    3.42530400    2.74826567    2.56672979    2.41156753    3.49468683    2.89438686    2.70006560    2.77614753    2.79640358    2.41580580    2.75903091    3.08182309    3.78458358    3.68742030    3.54566040    3.27030279
Q6LSV2_PHOPR/2-429     2.87886577    2.88239420    3.12858575    3.19702697    3.03207591    2.87714531    3.36920681    3.22314036    2.85930148    3.32478966    2.96751406    3.30818884    3.33640593    3.26393875    3.01879803    2.70690415    3.37487471    2.91570298    3.06878346    3.20221790    3.20824573    2.70980946    2.85562323    2.86845099    2.80977806    3.02697166    3.01274966    3.15723885    3.09441177    3.39810908    3.06239539    3.09413433    3.22008008    3.20680740    2.93306456    3.23542973    3.08364305    2.78230628    2.97259073    2.98393220    2.50103008    0.00000000    3.69864714    3.66670036    3.62201221    3.68011830    3.12050521    3.03528767    2.87740647    2.79458603    3.51286221    2.74324425    2.71554091    3.03533043    3.19987613    3.28466303    2.75364793    3.61813310    3.08736652    3.12202478    2.96340465    3.44401585
Q5QVI4_IDILO/2-466     2.99543664    3.38661483    2.96801501    2.71629263    2.82064540    3.13531588    3.16771773    3.28411661    3.09593243    3.39737190    3.48157080    3.41370376    3.22314296    3.23743556    2.74538020    3.02476720    2.83956683    2.90320131    2.69119325    2.58137744    2.72673727    2.56954234    2.63906773    2.74080639    2.60070665    2.64758827    2.95537578    2.84688357    2.74350203    2.88091818    2.72596634    2.66912041    2.88984974    2.74817209    2.79980131    2.72745095    3.05978003    2.66650710    2.47632767    2.78409331    3.23105585    3.69864714    0.00000000    1.55317291    1.57995515    3.29361822    3.43299884    2.82919907    2.40649293    2.42368496    3.44331816    3.02826251    3.44565248    2.64327933    3.06464165    3.14374548    2.94900992    3.02820632    3.10713296    2.77508937    3.39071853    2.95848495
K7A8M9_9ALTE/1-474     3.37671437    3.30692859    3.07094094    3.28249546    3.27522178    3.06969241    3.24714035    3.21945623    2.99526122    3.37480161    3.70479430    3.39998026    3.39863882    3.23522654    3.05002725    3.57173719    3.69914593    2.90411794    3.04963077    3.10314166    3.26594743    2.88106776    3.03571839    2.91760516    2.73861422    2.98551016    3.15474472    3.13560337    3.01016137    3.13765162    3.40617353    3.20393663    3.17529844    3.51551996    3.20180424    3.27410225    3.19680233    3.23712100    3.44121109    3.00255067    3.05687308    3.66670036    1.55317291    0.00000000    1.27972921    3.16966510    3.87150176    2.78662734    2.83112271    2.66971429    3.84628173    3.11498764    3.44239789    3.03814848    2.89740377    3.11123618    3.25042122    3.24756615    2.98335351    2.70499001    3.21833163    3.20317837
G4QET3_GLANF/1-468     3.03477139    3.10933478    3.16022413    3.37043122    3.27823674    3.44819282    3.51978753    3.64952437    3.14645178    3.01112596    3.75656796    3.54588799    3.55640665    3.03969158    3.21123014    3.50877160    3.31127560    2.94068175    2.66702846    2.73360116    2.81994081    2.67370809    2.67937471    2.68051134    2.62695605    2.79718810    3.11358168    3.10419734    3.17110405    3.21870019    3.04185180    2.82551410    3.00811767    3.39948908    2.85702304    2.87628536    3.04944631    3.11446673    3.27603070    2.60940237    3.06583909    3.62201221    1.57995515    1.27972921    0.00000000    3.29975589    3.50196287    3.08265078    2.71846293    2.85470154    3.78382822    3.56254243    3.33613432    2.81347474    2.78519681    3.33788210    3.45989149    3.09323425    2.97667751    2.83921860    3.17464752    2.92464834
