68
J3MJY8_ORYBR/17-85     0.00000000    0.24670390    0.38535607    0.33452672    0.54664493    0.89334134    0.77896612    0.83164454    0.91222605    0.91467496    0.82123494    0.86999969    0.78516914    0.79193846    1.05907256    0.83874040    3.85879242    2.58975925    2.24241027    3.16636381    3.71478840    2.53222815    3.35855472    3.74322398    3.90256253    5.27778132    4.43697312    3.62677522    3.43563924    3.60313231    3.13734020    3.04460510    2.92791256    2.56619676    2.48374287    2.55303212    2.92655334    3.32597692    2.81856871    3.99333541    4.00695797    2.96614906    3.12035412    2.90508301    3.27732548    3.46449772    3.14650702    3.40674977    3.41690524    3.39365783    3.30350611    3.59111662    3.18640812    2.43336257    1.76789484    1.93128982    1.60204163    2.48412557    1.52967911    1.13700313    1.15919511    1.46479974    1.76630693    1.54023458    0.49297994    0.52903777    0.51772565    0.43219468
M7ZFJ2_TRIUA/14-82     0.24670390    0.00000000    0.30153179    0.27132912    0.43519327    0.75856481    0.72129570    0.83193550    0.80733485    0.95957068    0.91326967    0.91909065    0.78204301    0.77945056    1.06213806    0.73292586    4.27631924    2.42554792    2.52221599    2.77170109    3.16502884    2.89039576    3.46195925    3.81732086    3.10735641    4.53691800    3.71762180    2.99874786    3.56192890    3.71652769    3.03530152    3.22182482    2.99260104    2.78614902    2.62099153    2.89604988    2.62136738    3.30955639    2.73821295    3.00443527    3.48099029    2.53614272    2.84855525    2.56144114    2.74177991    3.12045757    2.83784298    3.11642907    2.83173298    2.92492814    2.94976030    3.27264247    2.77598812    2.12339500    1.63016489    1.73429657    1.63086405    2.69521819    1.54182011    1.05818637    0.98666567    1.30321062    1.75522449    1.40690791    0.48120398    0.49279331    0.40002292    0.54930407
I1H296_BRADI/6-74     0.38535607    0.30153179    0.00000000    0.32286104    0.53388210    0.78578452    0.75151296    0.98117147    0.88054050    0.97454935    0.90896856    0.94875242    0.84646324    0.87464596    0.96082417    0.74566590    3.64334449    2.32518241    2.23087922    2.71117744    2.71386128    2.43766295    3.08358538    3.10282456    3.14995200    4.72526528    3.54844969    2.90605643    3.38871883    3.57171256    3.15317270    3.16663805    2.80728130    3.11461388    2.82975503    3.11876109    2.35364761    3.55858978    2.55378258    3.43018107    3.38063754    2.20225589    2.48588904    2.42192589    2.60936035    2.91210243    2.75449577    3.09424676    2.71114362    2.98313209    2.74336467    3.05662642    2.75234159    1.95345371    1.62270876    1.79779551    1.68418357    2.55691959    1.59518905    1.05780415    1.01894061    1.09176318    2.03166992    1.57407639    0.46835555    0.53738697    0.41960072    0.45825022
I1H293_BRADI/14-82     0.33452672    0.27132912    0.32286104    0.00000000    0.43302054    0.88759550    0.80504971    0.97767812    0.77192873    0.90119284    0.86694772    0.92682925    0.84458354    0.96209041    1.18422384    0.78547712    4.14776984    2.46420808    2.46224290    3.17608502    3.37802653    2.27558206    3.43021499    3.63247562    3.19037874    4.76458373    3.77806371    3.09459816    3.58521799    4.07946824    3.32093236    3.35360364    2.97578130    2.98416459    2.88641338    3.14271657    2.51678720    3.83464884    2.69812911    3.43722522    3.33362114    2.68169892    2.98082373    2.82919183    3.26237512    3.19127673    2.91488718    3.30315448    3.00039712    3.02334241    3.35742223    3.41349018    3.19804038    2.13594011    1.80510850    2.01300492    1.84305058    2.74696546    1.71594118    1.08530361    1.13197846    1.11733891    1.95679598    1.71161539    0.50644441    0.55180429    0.42944122    0.47634288
Q42338_ARATH/6-74     0.54664493    0.43519327    0.53388210    0.43302054    0.00000000    0.87748150    0.82375477    0.92644970    1.02266330    0.82425694    0.74825681    0.82301926    0.88062137    1.09580600    1.01992571    0.68146228    4.68852679    2.82369951    2.57388952    3.05441380    3.15620402    2.78263705    3.38329567    3.40086595    3.19036665    4.85148612    3.92127743    3.13827038    3.59077575    4.03884857    3.09458612    3.11234622    2.75932474    2.84708083    2.61794636    2.94091430    2.52177558    3.38232182    2.55579837    3.25115726    3.22483017    2.25275521    2.67662910    2.64177037    2.67172293    2.93030983    2.65377276    3.02070391    2.59264559    2.93301232    2.86588408    3.25934781    2.81427312    2.33612309    1.52225418    1.65741392    1.60562132    2.77112638    1.59225795    0.90066074    0.98628920    1.00252325    1.54612680    1.26589753    0.29691933    0.46617890    0.38427017    0.37383917
A0A0D3GTA3_9ORYZ/5-73     0.89334134    0.75856481    0.78578452    0.88759550    0.87748150    0.00000000    0.27790953    0.58007840    0.66443415    0.68007944    0.39568274    0.46330918    0.35972699    0.43313890    1.13127249    0.92055427    3.90683451    3.47170955    3.21494695    3.16353831    2.94424500    3.76701315    3.34605618    3.04845824    2.92627256    3.49362382    2.65251555    2.83811333    3.46805427    3.57472700    2.81609596    3.38403491    3.42523655    3.30536466    3.39098646    3.13614523    2.89659130    3.92241633    2.94695784    3.43115687    3.37245980    2.85771681    3.07765277    3.15475122    3.22895276    3.33196015    3.16040694    3.11149996    3.01017309    2.94739330    3.54282493    3.64285486    3.06122316    2.46987736    1.47819235    1.39278277    1.65807079    2.57898230    1.76319910    1.00649108    0.83830085    1.02687180    1.72850672    1.50392185    0.66516454    0.75181172    0.76796489    0.85228375
I1GSJ6_BRADI/5-73     0.77896612    0.72129570    0.75151296    0.80504971    0.82375477    0.27790953    0.00000000    0.63104103    0.59100836    0.65304559    0.47384268    0.53561550    0.39529242    0.49286723    0.94644769    0.92821994    4.00088180    3.59590070    3.24511809    3.02948971    3.15150485    3.48466034    3.49295118    3.11055850    2.81767710    3.41098852    2.89486494    2.67224239    3.44685860    3.63619998    2.87591087    3.21058385    3.45853945    3.07857435    2.88699618    2.98993389    2.67749254    3.78362180    2.94749149    3.31151304    3.36090602    2.59581145    3.15215303    3.03593283    3.02715078    3.06722228    2.88565041    3.14051648    2.59951300    2.58538871    3.35576390    3.42149642    2.71610809    2.46484595    1.37023185    1.45860426    1.58270976    2.74151713    1.68193168    0.98988938    1.05255383    1.31488051    1.85240324    1.72740388    0.64895491    0.71140755    0.73537829    0.78020143
Q9LJ47_ARATH/5-73     0.83164454    0.83193550    0.98117147    0.97767812    0.92644970    0.58007840    0.63104103    0.00000000    0.81980596    0.53231030    0.42779705    0.46099529    0.47329758    0.51854460    1.09058290    0.89468649    3.24557855    3.46534819    3.05085262    3.19987873    3.47756243    3.90187934    4.00284215    4.04299120    3.17961765    4.08288968    2.97973758    3.09578257    3.51588487    4.11624915    2.69346088    3.13583580    3.12259818    3.17969391    3.12529845    3.35590402    2.68322756    3.56799092    2.60805787    3.36285838    3.10325927    2.52282296    2.67219746    2.36350291    2.70556363    3.31297389    2.99112974    3.28185403    2.50244584    2.74563203    2.99721653    3.04586385    2.71662233    2.44847595    1.80693061    1.78007038    1.79798587    2.90744500    1.79051959    1.04040280    1.09084310    1.32485033    1.82234324    1.77846957    0.77875792    0.74985744    0.81477919    0.87317846
A0A0D3FL35_9ORYZ/5-73     0.91222605    0.80733485    0.88054050    0.77192873    1.02266330    0.66443415    0.59100836    0.81980596    0.00000000    0.60172608    0.72644818    0.81308208    0.56885446    0.62228038    1.25864705    1.09824681    3.89563371    2.80082150    2.70592376    3.00989574    3.04682347    3.11956790    3.50697597    3.11299830    3.76906083    4.69694964    3.53315816    3.20445735    3.12272194    3.79822386    2.87804432    3.66256555    3.51778289    3.14260799    3.10455392    3.05299326    2.65003473    3.92442751    2.97336880    3.74052695    3.39141185    2.90165007    3.09109738    2.69424732    3.20631244    3.36375663    3.04114597    3.13719024    3.12165007    3.03267738    3.65803907    3.61773886    3.08622222    2.12217615    1.97795873    1.94966724    1.85075761    2.88992274    1.88450355    1.42999168    1.38040759    1.33401457    1.79075276    1.83874410    0.84029118    1.05734780    0.88616382    0.89203698
F6GVV3_VITVI/5-73     0.91467496    0.95957068    0.97454935    0.90119284    0.82425694    0.68007944    0.65304559    0.53231030    0.60172608    0.00000000    0.46999530    0.61332151    0.61289193    0.70454413    1.11026291    0.92682729    4.24379836    3.72954137    3.02220969    3.26276827    3.42409539    3.47703598    3.94173861    3.86596474    3.68234099    3.79435652    3.34395902    2.96435985    3.61507169    4.21230189    3.08093161    3.32927186    3.30841100    2.88272127    3.08891940    3.21034184    2.70849227    3.77537643    2.51835337    3.73184834    3.12916464    2.72234932    3.10211786    2.94623728    3.02058732    3.63142693    3.37059768    3.83034199    2.93266196    2.85901974    3.36304702    3.30717150    3.23991933    2.64952771    1.72853891    1.68476043    1.81653753    2.91827434    1.81488001    1.19157660    1.11548126    1.32693603    1.61518577    1.65755485    0.79773466    0.88903848    0.84427015    0.76947212
C6T3V7_SOYBN/5-73     0.82123494    0.91326967    0.90896856    0.86694772    0.74825681    0.39568274    0.47384268    0.42779705    0.72644818    0.46999530    0.00000000    0.31477141    0.29754260    0.42447884    1.11694080    0.88152479    3.20123429    3.36742560    2.90774794    3.49648011    3.36011676    3.30862766    3.37871187    3.17775102    3.05647746    4.00150226    2.81163741    2.86039494    3.28359077    3.71028464    2.82829988    3.02419053    3.22971369    2.82034874    2.99676736    2.86018773    2.68729359    3.42981913    2.43869009    3.28864322    3.15842871    2.86116932    2.98552293    2.81658978    3.30597620    3.61332567    3.41404488    3.45640767    2.88778870    2.97725799    3.57750335    3.46495982    3.16495927    2.48277465    1.67849277    1.70528241    1.86551042    2.76610392    1.89464044    1.00390122    1.11619936    1.24000049    1.93607060    1.69337293    0.64580987    0.62444255    0.69533351    0.67448289
U5D603_AMBTC/5-73     0.86999969    0.91909065    0.94875242    0.92682925    0.82301926    0.46330918    0.53561550    0.46099529    0.81308208    0.61332151    0.31477141    0.00000000    0.32199545    0.32950363    1.09248083    0.86826380    3.04622810    3.21151028    2.78926387    3.22230108    3.54081887    3.35313463    3.61174285    3.68132920    2.93584364    3.96467469    2.93088294    2.96887605    3.37197878    3.76630146    2.66036723    2.67435571    3.01711902    2.89784656    3.09069216    3.23572358    2.54255779    3.32810515    2.30937154    3.05764240    2.79868612    2.67885461    2.74342273    2.63156832    2.90414254    3.34936324    3.14425867    3.51788712    2.82564894    3.03528962    3.08970499    3.05102478    2.82521436    2.36456160    1.62914039    1.77997601    1.70375341    2.42091936    1.73314721    0.90445368    1.00964826    1.25454039    1.77417006    1.55334209    0.64035407    0.66477560    0.72721208    0.79983303
M0U3S7_MUSAM/5-73     0.78516914    0.78204301    0.84646324    0.84458354    0.88062137    0.35972699    0.39529242    0.47329758    0.56885446    0.61289193    0.29754260    0.32199545    0.00000000    0.23223806    1.04646182    0.90963192    3.17644045    3.19078949    2.81373469    3.08084407    2.88609786    3.44188360    3.31803004    3.21329435    2.89835224    3.45006581    2.70651865    2.51684230    3.15789471    3.52031091    2.69790235    2.82876818    3.27612293    2.86717558    3.03833939    2.84604730    2.70578812    3.54574852    2.54853191    3.36905500    3.05402202    2.81802015    2.98576771    2.59281537    3.01610347    3.47154395    3.22241494    3.03736453    3.03970604    2.90161078    3.35214844    3.31602337    3.00736388    2.31014094    1.51247478    1.53374219    1.60585879    2.49600248    1.69967831    1.07844482    1.07194227    1.23319443    1.75072013    1.61634669    0.63578855    0.69153969    0.73476289    0.84245692
M0TAN3_MUSAM/5-73     0.79193846    0.77945056    0.87464596    0.96209041    1.09580600    0.43313890    0.49286723    0.51854460    0.62228038    0.70454413    0.42447884    0.32950363    0.23223806    0.00000000    1.15248609    0.94709573    3.40435126    3.25804737    3.16077999    3.23950763    2.92441024    3.64304569    3.66702855    3.38062137    3.03712243    3.63244951    2.76262534    2.95064488    3.29859857    3.68894311    3.03100237    3.13758583    3.33416533    2.97491239    3.26417952    3.09341961    2.99710004    3.67006676    2.83364819    3.33716154    3.15906445    3.04351471    3.24340487    2.87900502    3.22159989    3.68370802    3.47560819    3.34634800    3.29638089    3.10637716    3.57000985    3.50594808    3.15738342    2.65178195    1.55929006    1.59102723    1.68739556    2.84477671    1.83477971    1.12000671    1.08939804    1.35750323    1.98021879    1.81097870    0.77252830    0.84006489    0.86044675    0.90279355
A9RS59_PHYPA/12-80     1.05907256    1.06213806    0.96082417    1.18422384    1.01992571    1.13127249    0.94644769    1.09058290    1.25864705    1.11026291    1.11694080    1.09248083    1.04646182    1.15248609    0.00000000    0.47628405    4.05024412    2.90793833    2.64948294    4.11267537    3.05508264    3.59118607    3.01852270    3.71758752    4.14435738    4.74861707    3.85309706    3.10407693    3.53699732    3.57960253    2.89782767    3.03697074    3.02489133    2.83045623    2.82689518    2.72971713    2.48327345    2.94139933    2.42087368    3.01130149    3.13499477    2.82045874    3.01374084    2.88972473    2.80510848    3.38542554    3.13588960    3.40818365    3.43711795    3.54330552    3.12931276    3.72781751    2.94052327    2.24780008    1.61100093    1.66970382    1.46612902    3.01265021    1.73073968    1.01272373    1.01647474    1.11450489    1.80619230    1.77629975    0.83259172    0.93366020    0.75527976    0.95768403
A9TL71_PHYPA/12-80     0.83874040    0.73292586    0.74566590    0.78547712    0.68146228    0.92055427    0.92821994    0.89468649    1.09824681    0.92682729    0.88152479    0.86826380    0.90963192    0.94709573    0.47628405    0.00000000    3.66845013    2.77392655    2.43600567    3.49016594    3.19101960    3.32878325    2.99810876    3.31097204    3.01757297    4.33667037    3.27985452    2.61625270    3.26784729    3.61832092    2.86566350    3.00183246    2.92186565    3.00068872    2.92257980    2.91920523    2.53139920    2.94329082    2.35910416    3.18581422    3.19913413    2.47222219    2.86680707    2.84461921    2.67434991    3.08136834    2.78715374    3.57417536    2.91598048    3.07006265    3.09865322    3.49070576    3.07341455    2.07680746    1.57193429    1.74569355    1.65095607    2.74340302    1.77131683    0.78015680    0.85352237    1.04164031    1.67545485    1.45060710    0.60083035    0.65637680    0.58188847    0.59195841
Q177R5_AEDAE/46-113     3.85879242    4.27631924    3.64334449    4.14776984    4.68852679    3.90683451    4.00088180    3.24557855    3.89563371    4.24379836    3.20123429    3.04622810    3.17644045    3.40435126    4.05024412    3.66845013    0.00000000    2.23054395    2.01041641    2.99734808    2.93577803    2.16978921    2.32802542    2.80203616    2.43714367    3.42318135    2.38639413    2.49326094    2.44353718    2.32319257    1.84855044    2.13107941    2.95703202    2.55657665    2.76847421    2.78908723    2.23180778    2.25222395    1.98189056    2.78238951    3.31274012    2.34130103    2.17769882    2.39493240    2.10574002    2.74107940    3.25217314    3.07221449    2.67489352    3.20186084    2.42350225    2.15588822    3.02078493    2.04083231    3.30651905    3.14423615    2.91010298    3.16339499    2.81018284    3.16403246    4.39198977    3.61141720    3.10328291    3.37079430    3.81721961    3.79468360    3.85203512    4.20800456
I1CA36_RHIO9/9-78     2.58975925    2.42554792    2.32518241    2.46420808    2.82369951    3.47170955    3.59590070    3.46534819    2.80082150    3.72954137    3.36742560    3.21151028    3.19078949    3.25804737    2.90793833    2.77392655    2.23054395    0.00000000    1.22896508    1.76727237    1.69250652    1.59744033    1.90762653    2.32703330    2.67268785    2.64000539    2.37241557    2.38893102    2.05145373    1.76020495    1.69229321    2.14116880    2.08905456    1.93256664    2.11959621    2.18427421    1.58317381    1.80738461    1.66138649    2.93208671    2.74972831    1.41026753    1.58008000    1.45527699    1.47158890    1.59793490    1.63572286    1.67258290    1.56630788    1.74434283    1.51612621    1.71526795    1.95612779    1.20793493    4.08577720    3.96191587    3.30697236    3.48718932    3.04990913    2.44774436    2.34140507    2.19820440    4.21783002    3.67199511    2.91323777    2.90167412    2.74707184    2.90290288
A0A015LF62_RHIIW/8-77     2.24241027    2.52221599    2.23087922    2.46224290    2.57388952    3.21494695    3.24511809    3.05085262    2.70592376    3.02220969    2.90774794    2.78926387    2.81373469    3.16077999    2.64948294    2.43600567    2.01041641    1.22896508    0.00000000    1.51444504    1.47076739    1.18006462    1.73596938    2.20127811    2.44113540    2.59899508    2.39855038    2.19599874    1.75670424    1.79971668    1.78444281    2.02808197    2.06831439    2.31338165    1.99803953    2.12199475    1.83729391    1.57716609    1.46746174    2.71344204    2.90511083    1.80860635    1.65874364    1.45480104    1.71920641    2.14316795    2.29539425    2.03886584    1.92201146    2.23342225    1.92655892    2.00709707    2.60041398    1.57841577    3.28870562    3.14496925    2.85234387    3.06971847    2.73739974    2.74493323    2.80533685    2.47154271    3.34463838    3.78031231    2.54996093    2.70857789    2.57884859    2.51322823
Q5KPW0_CRYNJ/12-80     3.16636381    2.77170109    2.71117744    3.17608502    3.05441380    3.16353831    3.02948971    3.19987873    3.00989574    3.26276827    3.49648011    3.22230108    3.08084407    3.23950763    4.11267537    3.49016594    2.99734808    1.76727237    1.51444504    0.00000000    0.78495622    1.79650199    2.22341504    2.44082170    2.01522870    1.89265095    2.14976636    2.02984841    2.13037353    2.06066133    2.13151462    1.79129812    2.04199327    2.20925935    2.12621974    2.19627489    2.05026180    2.07911978    1.68985574    2.51897292    3.23556262    1.75607992    1.57205698    1.69195744    1.66748748    1.94709087    2.10575204    1.81020811    1.71314836    1.74103905    1.94388292    2.04002184    2.19499124    2.03125973    3.63980859    3.97394212    3.72576257    3.33279613    3.79134968    3.09332862    3.64976372    3.80515507    4.35477082    4.39475339    3.09326298    3.17437355    3.05822690    3.54371253
K1WPL0_TRIAC/11-78     3.71478840    3.16502884    2.71386128    3.37802653    3.15620402    2.94424500    3.15150485    3.47756243    3.04682347    3.42409539    3.36011676    3.54081887    2.88609786    2.92441024    3.05508264    3.19101960    2.93577803    1.69250652    1.47076739    0.78495622    0.00000000    1.87053519    2.42058216    2.62313884    2.65511403    2.52261934    2.37837543    2.36332811    2.52921965    2.52464604    2.07581182    2.15055715    2.41927598    2.56995791    2.40256944    2.14046778    2.19102430    2.11187450    1.85569001    2.60584135    3.51226169    1.80089112    1.81503470    1.83258502    1.70197924    2.12249119    2.40851984    1.88370041    1.83463736    1.81809393    2.28173176    2.08664207    2.35362048    2.17301693    3.12799833    3.41761584    3.52671341    4.49577007    3.72095962    3.00032307    2.90235710    2.50788942    4.17560466    3.89005797    3.13881903    3.32176714    3.18881689    3.04078471
E3K185_PUCGT/9-77     2.53222815    2.89039576    2.43766295    2.27558206    2.78263705    3.76701315    3.48466034    3.90187934    3.11956790    3.47703598    3.30862766    3.35313463    3.44188360    3.64304569    3.59118607    3.32878325    2.16978921    1.59744033    1.18006462    1.79650199    1.87053519    0.00000000    1.91606428    1.91746121    1.91059647    2.27810592    2.17610643    2.09194341    1.88046515    2.08189004    1.86490844    2.16862845    2.20069864    2.08583398    2.17834657    2.16262694    1.78199111    2.21013768    1.94257130    2.63091211    2.70324077    1.77813529    1.82551637    1.97227812    1.98835861    2.10157952    2.29712967    2.16494928    1.75241838    1.88080013    2.16501049    1.89203435    2.22113248    1.54211387    2.89557215    2.82862988    2.69292825    3.16087569    2.42916321    2.82118122    3.08228141    2.89790780    3.99355975    3.81715864    2.95133868    3.18421298    3.07256297    3.02283661
G1P6H7_MYOLU/9-78     3.35855472    3.46195925    3.08358538    3.43021499    3.38329567    3.34605618    3.49295118    4.00284215    3.50697597    3.94173861    3.37871187    3.61174285    3.31803004    3.66702855    3.01852270    2.99810876    2.32802542    1.90762653    1.73596938    2.22341504    2.42058216    1.91606428    0.00000000    0.24901799    0.74278406    0.87986886    0.52886774    0.62671420    0.49926535    0.25660071    1.83866111    2.39943879    2.60290329    2.15562376    2.42005444    2.19516767    1.81532623    1.95979586    1.97803678    2.73556857    2.48548318    1.72716874    1.60577054    1.84225158    1.66951237    1.93474017    1.96854731    1.51630272    1.84470287    2.00923973    1.87580421    1.95800579    2.49185490    1.42164974    3.45192754    3.05000223    2.71772654    3.70466927    2.70685619    3.00172328    3.03451970    2.78129826    4.25015489    4.60261749    3.40678226    3.44219910    3.33007219    2.93473442
G3SAQ1_GORGO/9-77     3.74322398    3.81732086    3.10282456    3.63247562    3.40086595    3.04845824    3.11055850    4.04299120    3.11299830    3.86596474    3.17775102    3.68132920    3.21329435    3.38062137    3.71758752    3.31097204    2.80203616    2.32703330    2.20127811    2.44082170    2.62313884    1.91746121    0.24901799    0.00000000    0.64149106    0.66138724    0.52316697    0.57701209    0.48218323    0.29212250    2.00791620    2.53492662    2.65519718    2.48849238    2.62962442    2.32790728    1.96104587    2.32404702    2.29188475    2.92746290    2.49213759    1.67578257    1.63995267    2.12138729    1.76639383    1.80307550    1.82935108    1.47781809    1.80249049    1.71950104    1.99918389    1.90022052    2.65211192    1.55645249    3.73178722    3.53233517    3.20935518    4.73110413    3.57397152    2.95867832    2.92225183    3.17240266    5.56568313    6.13914371    3.13132910    3.41521847    3.41532267    3.00016142
M3XJI0_LATCH/12-81     3.90256253    3.10735641    3.14995200    3.19037874    3.19036665    2.92627256    2.81767710    3.17961765    3.76906083    3.68234099    3.05647746    2.93584364    2.89835224    3.03712243    4.14435738    3.01757297    2.43714367    2.67268785    2.44113540    2.01522870    2.65511403    1.91059647    0.74278406    0.64149106    0.00000000    0.52048861    0.36590274    0.39572977    0.53828625    0.62800414    1.85510874    2.38450822    2.70390499    2.48845917    2.78525126    2.70810232    1.91970823    2.32174818    2.07715186    2.71479150    2.63892761    1.98403676    1.84759930    2.05488719    1.90488860    2.11945893    2.37743328    1.88046273    1.78524823    2.09753568    2.24054640    1.97836777    2.57065708    1.96309236    4.35220859    4.07931104    3.69392461    3.71557958    3.12712438    2.97090310    3.31960401    4.12024251    4.07033378    4.24032445    2.93412273    3.47376424    3.16174384    3.51351524
M3ZJB0_XIPMA/36-105     5.27778132    4.53691800    4.72526528    4.76458373    4.85148612    3.49362382    3.41098852    4.08288968    4.69694964    3.79435652    4.00150226    3.96467469    3.45006581    3.63244951    4.74861707    4.33667037    3.42318135    2.64000539    2.59899508    1.89265095    2.52261934    2.27810592    0.87986886    0.66138724    0.52048861    0.00000000    0.58670277    0.61252021    0.82281158    0.71691774    2.14415866    2.71423263    3.08631002    3.03560703    2.94932678    2.85110688    2.17092705    2.57751988    2.24124117    2.96799551    2.94392014    2.20019110    2.04706180    2.13329249    2.08327436    2.28474793    2.46520557    1.88613808    1.96390287    1.87980758    2.25125365    2.13039857    2.66195818    2.31135210    5.30652871    5.01702455    4.65849249    5.61921005    4.76585009    3.47321977    3.05122352    3.96418251    6.45795633    7.26406672    3.98709993    4.72651597    4.47427735    4.76564265
W5N696_LEPOC/10-79     4.43697312    3.71762180    3.54844969    3.77806371    3.92127743    2.65251555    2.89486494    2.97973758    3.53315816    3.34395902    2.81163741    2.93088294    2.70651865    2.76262534    3.85309706    3.27985452    2.38639413    2.37241557    2.39855038    2.14976636    2.37837543    2.17610643    0.52886774    0.52316697    0.36590274    0.58670277    0.00000000    0.30094112    0.58562479    0.46206524    1.94116819    2.37070783    2.82294983    2.69773468    2.95092443    2.51335336    2.11955799    2.40451256    2.26653080    2.98562227    2.76979832    2.06911322    1.95682237    2.31970076    1.92580816    2.15881425    2.18282007    1.65024263    1.96028015    2.00896256    2.28623707    2.28191857    2.72322669    1.98884747    4.15120809    3.47859429    4.07338426    4.61843005    3.55293583    2.95923116    3.40405827    3.58614323    4.56748054    4.60466443    3.37439371    4.08789427    3.53062615    3.85349018
F1RE72_DANRE/11-80     3.62677522    2.99874786    2.90605643    3.09459816    3.13827038    2.83811333    2.67224239    3.09578257    3.20445735    2.96435985    2.86039494    2.96887605    2.51684230    2.95064488    3.10407693    2.61625270    2.49326094    2.38893102    2.19599874    2.02984841    2.36332811    2.09194341    0.62671420    0.57701209    0.39572977    0.61252021    0.30094112    0.00000000    0.56919769    0.52894084    1.64001826    1.96758715    2.50990131    2.45079104    2.45744049    2.45782290    1.95375530    2.05365230    1.76707394    2.67973787    2.48766271    1.74512137    1.61216730    1.96380403    1.61700816    1.90161674    1.96967741    1.66673319    1.75057623    1.74347679    2.09923005    2.10241710    3.03456549    1.71309574    3.73853030    3.62326441    4.04738934    3.80192730    3.59333079    2.76413611    3.24813331    3.49012745    4.98228657    4.83456942    2.87277079    3.20592877    2.82237245    3.27629071
K7DYW7_MONDO/9-77     3.43563924    3.56192890    3.38871883    3.58521799    3.59077575    3.46805427    3.44685860    3.51588487    3.12272194    3.61507169    3.28359077    3.37197878    3.15789471    3.29859857    3.53699732    3.26784729    2.44353718    2.05145373    1.75670424    2.13037353    2.52921965    1.88046515    0.49926535    0.48218323    0.53828625    0.82281158    0.58562479    0.56919769    0.00000000    0.51573368    1.57183402    1.95283506    2.46684409    2.24130185    2.58117321    2.40630914    1.77292839    1.94678355    2.10848831    2.89711638    2.68031923    1.63799543    1.69361464    1.93770006    1.69269496    1.87486068    2.08072565    1.78598060    1.66930440    1.72613949    1.92107066    1.85033932    2.34870070    1.67827319    4.16942840    3.82151679    3.34195653    3.89613062    3.24785263    3.03047416    2.91950951    3.14008045    3.93414206    5.27401242    3.57575920    3.75598854    3.48810779    3.52974565
NMES1_MOUSE/9-77     3.60313231    3.71652769    3.57171256    4.07946824    4.03884857    3.57472700    3.63619998    4.11624915    3.79822386    4.21230189    3.71028464    3.76630146    3.52031091    3.68894311    3.57960253    3.61832092    2.32319257    1.76020495    1.79971668    2.06066133    2.52464604    2.08189004    0.25660071    0.29212250    0.62800414    0.71691774    0.46206524    0.52894084    0.51573368    0.00000000    1.88961092    2.34180219    2.34872890    2.02449658    2.25000729    2.04782106    1.72806372    1.72684380    1.95866502    3.08695594    2.70140014    1.70249025    1.54610196    1.75440303    1.71018023    1.70692961    1.74429896    1.41836890    1.70169805    1.63060437    1.80250845    1.85198543    2.27392503    1.47254518    3.90545141    3.12598859    3.01085784    3.46640800    3.03905109    3.17882953    3.15104011    3.35097109    5.36097097    6.28247500    3.70500493    3.72857220    3.64253624    3.56778230
B7P1B1_IXOSC/3-70     3.13734020    3.03530152    3.15317270    3.32093236    3.09458612    2.81609596    2.87591087    2.69346088    2.87804432    3.08093161    2.82829988    2.66036723    2.69790235    3.03100237    2.89782767    2.86566350    1.84855044    1.69229321    1.78444281    2.13151462    2.07581182    1.86490844    1.83866111    2.00791620    1.85510874    2.14415866    1.94116819    1.64001826    1.57183402    1.88961092    0.00000000    0.71451447    0.92104870    1.05124832    0.95028418    1.04795409    0.70934771    0.71511613    0.64684693    1.49285751    1.76902427    0.63880618    0.68068124    0.80015574    0.62223995    1.01618660    1.10029701    1.08179161    0.81056128    1.04675327    0.94231338    0.78785486    1.63176458    0.96683571    2.62045360    2.54639013    2.41286559    2.89382944    2.40223288    2.83346546    3.57873745    3.01408292    2.94406150    3.34950037    3.05200968    3.31945901    3.17642225    3.26691767
D6WJL9_TRICA/11-77     3.04460510    3.22182482    3.16663805    3.35360364    3.11234622    3.38403491    3.21058385    3.13583580    3.66256555    3.32927186    3.02419053    2.67435571    2.82876818    3.13758583    3.03697074    3.00183246    2.13107941    2.14116880    2.02808197    1.79129812    2.15055715    2.16862845    2.39943879    2.53492662    2.38450822    2.71423263    2.37070783    1.96758715    1.95283506    2.34180219    0.71451447    0.00000000    0.89682666    1.06153000    0.96105199    1.12386365    0.54919894    0.64984009    0.57979780    1.75963333    2.06347651    0.98235220    0.91851134    1.07643430    1.11191073    1.41640779    1.55101840    1.51479789    1.27185211    1.71405323    1.10953929    1.11027994    2.01498867    1.56451949    3.19778054    2.76366061    2.68826895    3.22920014    2.59788234    3.29369345    3.49529279    3.59084141    3.40549084    3.61945482    2.78108026    3.15420023    3.06096508    3.52398288
E2B831_HARSA/11-78     2.92791256    2.99260104    2.80728130    2.97578130    2.75932474    3.42523655    3.45853945    3.12259818    3.51778289    3.30841100    3.22971369    3.01711902    3.27612293    3.33416533    3.02489133    2.92186565    2.95703202    2.08905456    2.06831439    2.04199327    2.41927598    2.20069864    2.60290329    2.65519718    2.70390499    3.08631002    2.82294983    2.50990131    2.46684409    2.34872890    0.92104870    0.89682666    0.00000000    0.54844275    0.56831650    0.60947470    0.49576266    0.71265151    0.57850437    1.51546094    1.65333525    0.91609810    0.96212850    1.13841197    0.94638396    1.21241458    1.14027579    1.33012849    1.06398444    1.39522291    1.17305714    1.12801475    1.94742140    1.54762035    2.98720498    2.95890557    2.74501385    3.85065460    2.73558263    2.82702384    3.31180576    3.38220393    3.12142306    3.40103558    2.42681991    2.85385137    2.83645605    2.93855609
E2A493_CAMFO/13-80     2.56619676    2.78614902    3.11461388    2.98416459    2.84708083    3.30536466    3.07857435    3.17969391    3.14260799    2.88272127    2.82034874    2.89784656    2.86717558    2.97491239    2.83045623    3.00068872    2.55657665    1.93256664    2.31338165    2.20925935    2.56995791    2.08583398    2.15562376    2.48849238    2.48845917    3.03560703    2.69773468    2.45079104    2.24130185    2.02449658    1.05124832    1.06153000    0.54844275    0.00000000    0.48676183    0.50760101    0.85466894    0.93179660    0.87607969    1.46643095    1.72118511    1.10464025    1.06792559    1.45645086    1.18562500    1.13723836    1.25760652    1.34161815    1.17312613    1.27350968    1.20410412    1.36682519    2.21920159    1.82856608    2.76047715    2.80883133    2.53575579    3.63706117    2.65224941    3.50678130    3.34882926    3.47609192    3.38391547    3.93714300    2.72696116    2.94951774    2.97551557    2.88975596
F4WMZ4_ACREC/11-78     2.48374287    2.62099153    2.82975503    2.88641338    2.61794636    3.39098646    2.88699618    3.12529845    3.10455392    3.08891940    2.99676736    3.09069216    3.03833939    3.26417952    2.82689518    2.92257980    2.76847421    2.11959621    1.99803953    2.12621974    2.40256944    2.17834657    2.42005444    2.62962442    2.78525126    2.94932678    2.95092443    2.45744049    2.58117321    2.25000729    0.95028418    0.96105199    0.56831650    0.48676183    0.00000000    0.24779270    0.81601329    0.81955636    0.73244522    1.48938427    1.94575191    1.12356429    1.11920170    1.41849057    1.14419657    1.15192970    1.13132815    1.16913429    1.21634278    1.46594874    1.19766904    1.41022195    1.78336304    1.77506949    2.93298089    2.59383473    2.53331179    3.41609928    2.40457120    3.26940643    3.47231369    3.64410638    2.97896156    3.32637159    2.52652271    2.59418703    2.57313229    2.77631838
A0A158NSJ5_ATTCE/13-80     2.55303212    2.89604988    3.11876109    3.14271657    2.94091430    3.13614523    2.98993389    3.35590402    3.05299326    3.21034184    2.86018773    3.23572358    2.84604730    3.09341961    2.72971713    2.91920523    2.78908723    2.18427421    2.12199475    2.19627489    2.14046778    2.16262694    2.19516767    2.32790728    2.70810232    2.85110688    2.51335336    2.45782290    2.40630914    2.04782106    1.04795409    1.12386365    0.60947470    0.50760101    0.24779270    0.00000000    0.93114328    0.92518711    0.89835375    1.72342314    1.73874437    1.16852377    1.05933123    1.42631144    1.24074640    1.17928240    1.13506757    0.99891892    1.29019747    1.38213363    1.35054970    1.44509648    2.23902774    1.55389060    2.93494327    2.73018541    2.68333379    3.99119747    2.50774544    3.53208266    3.30672115    3.35543291    3.37629948    3.50449471    2.66246766    2.86817614    2.81706616    2.67855553
B0WA75_CULQU/11-78     2.92655334    2.62136738    2.35364761    2.51678720    2.52177558    2.89659130    2.67749254    2.68322756    2.65003473    2.70849227    2.68729359    2.54255779    2.70578812    2.99710004    2.48327345    2.53139920    2.23180778    1.58317381    1.83729391    2.05026180    2.19102430    1.78199111    1.81532623    1.96104587    1.91970823    2.17092705    2.11955799    1.95375530    1.77292839    1.72806372    0.70934771    0.54919894    0.49576266    0.85466894    0.81601329    0.93114328    0.00000000    0.47068699    0.35693216    1.29581550    1.44489152    0.85089189    0.79036665    0.91403119    0.96052773    0.97633041    1.09846178    1.19541313    0.93807520    1.23384362    1.05792565    0.94914424    1.55260332    1.12343943    2.56009756    2.51026793    2.27220267    3.31259342    2.07549670    2.49927922    2.78348983    2.74126095    2.93653875    3.08994418    2.34312373    2.78226075    2.59586594    2.86889780
T1H6Z9_MEGSC/6-73     3.32597692    3.30955639    3.55858978    3.83464884    3.38232182    3.92241633    3.78362180    3.56799092    3.92442751    3.77537643    3.42981913    3.32810515    3.54574852    3.67006676    2.94139933    2.94329082    2.25222395    1.80738461    1.57716609    2.07911978    2.11187450    2.21013768    1.95979586    2.32404702    2.32174818    2.57751988    2.40451256    2.05365230    1.94678355    1.72684380    0.71511613    0.64984009    0.71265151    0.93179660    0.81955636    0.92518711    0.47068699    0.00000000    0.39532137    1.28498091    1.53406192    1.01916212    0.96335047    1.04337057    0.94117775    0.91597481    1.14837332    1.16838023    1.06414991    1.26722119    1.13574654    1.17568624    1.90125210    1.32962434    3.02475467    2.54305171    2.34622357    3.00432724    2.46880754    3.21047407    3.91823904    3.84872859    3.32286169    3.55001040    3.07901790    3.25766931    3.28533354    3.36484477
Q8SYJ2_DROME/11-78     2.81856871    2.73821295    2.55378258    2.69812911    2.55579837    2.94695784    2.94749149    2.60805787    2.97336880    2.51835337    2.43869009    2.30937154    2.54853191    2.83364819    2.42087368    2.35910416    1.98189056    1.66138649    1.46746174    1.68985574    1.85569001    1.94257130    1.97803678    2.29188475    2.07715186    2.24124117    2.26653080    1.76707394    2.10848831    1.95866502    0.64684693    0.57979780    0.57850437    0.87607969    0.73244522    0.89835375    0.35693216    0.39532137    0.00000000    1.11198813    1.33565033    0.85259790    0.78043274    0.90752745    0.87112390    1.07666200    1.24701582    1.26649279    1.15433267    1.36876232    1.01889693    0.95531581    1.60950289    1.22561137    2.62459980    2.44453516    2.12560622    2.74864719    2.15130156    2.49791631    2.78927903    2.76550794    2.84545259    3.14897507    2.34582441    2.67149763    2.68480218    2.68794941
B0WKJ4_CULQU/11-78     3.99333541    3.00443527    3.43018107    3.43722522    3.25115726    3.43115687    3.31151304    3.36285838    3.74052695    3.73184834    3.28864322    3.05764240    3.36905500    3.33716154    3.01130149    3.18581422    2.78238951    2.93208671    2.71344204    2.51897292    2.60584135    2.63091211    2.73556857    2.92746290    2.71479150    2.96799551    2.98562227    2.67973787    2.89711638    3.08695594    1.49285751    1.75963333    1.51546094    1.46643095    1.48938427    1.72342314    1.29581550    1.28498091    1.11198813    0.00000000    0.50557353    1.53226310    1.48427634    1.78970444    1.70509838    1.58808439    1.88356526    2.05935761    1.66200148    1.83757710    1.70665384    1.73685602    2.26830337    2.19675975    2.92260967    3.26549356    2.99015050    4.26498346    3.56594898    2.96629837    3.29619697    3.52741536    3.95629101    3.79227436    2.80332815    3.12397902    3.28061270    3.23605107
Q17GW4_AEDAE/11-78     4.00695797    3.48099029    3.38063754    3.33362114    3.22483017    3.37245980    3.36090602    3.10325927    3.39141185    3.12916464    3.15842871    2.79868612    3.05402202    3.15906445    3.13499477    3.19913413    3.31274012    2.74972831    2.90511083    3.23556262    3.51226169    2.70324077    2.48548318    2.49213759    2.63892761    2.94392014    2.76979832    2.48766271    2.68031923    2.70140014    1.76902427    2.06347651    1.65333525    1.72118511    1.94575191    1.73874437    1.44489152    1.53406192    1.33565033    0.50557353    0.00000000    1.50630818    1.41315817    1.80421475    1.71610058    1.83960148    1.96197711    1.87330581    1.66315953    1.74683588    1.78765124    1.90044238    2.72496162    1.55778219    3.82273027    3.60963427    3.27596721    4.01836937    3.87029638    2.98448868    3.09039578    3.23279261    4.78820363    4.51782298    3.02831350    3.35737921    3.43116635    3.27973627
