130
D5EHU8_CORAD/10-111     0.00000000    1.31993329    2.40420937    1.49381856    1.81182691    2.04933774    1.81927811    1.50138037    1.31211989    1.26192729    1.49408948    1.47150341    1.95370317    1.52496213    1.56781354    1.22228204    1.56602810    1.08267749    1.38031354    1.50658074    1.70663886    1.92010427    1.34724995    1.54309150    1.46223580    1.73677379    2.23370143    1.33684614    1.34127009    1.42632740    1.44986120    1.50297096    1.25478886    1.51634080    1.44101796    1.36331917    1.44425765    1.22264633    1.26355833    1.26933961    1.11783571    1.28515130    1.25518706    1.31826348    1.35553206    1.33603107    1.25073825    1.47042855    1.42467948    1.46040361    1.44151681    1.47513039    1.62534573    1.53051819    1.59235902    1.54951840    1.69227491    1.56180085    1.60056797    1.67835843    1.78972021    1.44522681    1.44120736    1.53689391    1.55100489    1.40658431    1.54877992    1.58929433    1.74584648    1.51387446    1.54386903    1.45014498    1.79208458    1.54300229    1.69257108    1.46156018    1.54643624    1.88035218    1.64559760    1.51664934    1.53357796    1.61550611    1.51149035    1.71007171    1.40285882    1.55396471    1.64185085    1.45078872    1.43167783    1.57029825    1.55849601    1.45422755    1.27144972    1.51245673    1.37143718    1.29698947    1.46607789    1.17571683    1.22235157    1.32680876    1.38882751    1.32661866    1.34283705    1.32534827    1.47499169    1.23526200    1.35461421    1.36754065    1.51898505    1.36877993    1.43867200    1.33045841    1.35072397    1.43341606    1.44511332    1.31317672    1.42267276    1.52415246    1.84390965    1.53339885    1.49353995    1.35401965    1.46209097    1.73020566    1.51825373    1.59521553    1.52602612    1.41452459    1.50795252    1.51682424
B2UNZ5_AKKM8/35-138     1.31993329    0.00000000    2.40884758    1.62021139    2.30627227    1.96810814    2.11417137    1.70418061    1.66532576    1.42667681    1.67958641    1.72425398    2.23699712    2.02813695    1.92281840    1.89255467    1.45523980    1.31722733    1.52278979    1.37907505    2.37045784    2.20048961    1.74847395    1.78407217    1.91870429    1.91657514    2.24391256    1.73842696    1.55988946    1.48703411    1.63383151    1.62484113    1.55378621    1.48033914    1.51541162    1.66877514    1.72889440    1.56131413    1.70751116    1.73198443    1.36923834    1.50213234    1.32651744    1.43987693    1.42171763    1.49671984    1.37143536    1.51025926    1.50263020    1.37244458    1.38243435    1.49088789    1.55880794    1.36678242    1.77770108    1.69747540    1.54958046    1.62729352    1.50088558    1.50849991    1.64254616    1.58063153    1.66888958    1.75217372    1.77353367    1.78150409    1.59355380    1.66660449    1.80805656    1.84970829    1.65411405    1.77118496    1.81387574    1.65232706    1.72377387    1.81901436    1.75659341    1.76457111    1.68944746    1.55169865    1.71676781    1.73321008    1.83608712    1.72671589    1.75179013    1.68660974    1.78173289    1.44401442    1.41150648    1.91778633    1.63149956    1.37722339    1.27313011    1.42858081    1.15338302    1.52073193    1.60843167    1.33228086    1.44609562    1.52882274    1.29568942    1.35405773    1.22159970    1.50541885    1.57926033    1.38882013    1.50722777    1.49817177    1.49582949    1.49947322    1.56423066    1.46520144    1.85334351    1.85756229    1.75116191    1.50688952    1.78859965    1.53515299    1.51168801    1.72435933    1.26801397    1.41668146    1.44910283    1.64347599    1.35344826    1.33725928    1.59061129    1.42275832    1.49684854    1.38554816
Q1GJC3_RUEST/9-106     2.40420937    2.40884758    0.00000000    2.53937877    3.71970868    3.02694235    3.69932966    2.71177505    2.37279594    2.24373761    2.35981858    2.69701384    2.65571277    3.08961896    3.32371057    2.62318151    2.18900511    2.73647687    2.62389004    2.92708472    2.93168393    3.14266798    2.69353296    2.83047698    2.92716930    3.18391048    2.17691599    2.54285759    2.88382437    3.06265446    2.79900813    2.79387218    2.84541909    2.14060579    2.44047744    2.53276863    2.92436999    2.49776816    2.75460161    2.64622908    2.28239295    2.60404545    2.49003138    2.56935842    2.51563837    2.79931475    2.32994823    2.25989466    2.61299055    2.44129643    2.58333371    2.60749495    3.28295585    2.41574509    2.66463576    2.45204731    2.43769764    2.64782586    2.47343438    2.85454408    3.13178578    2.94002430    2.73339522    2.65382502    2.74410666    2.68738701    2.45767686    2.26769000    2.27422587    2.61794129    2.25289820    2.96686782    3.14168386    2.78678924    3.60302600    2.68686678    3.02179728    3.32587954    3.43514242    2.57516323    3.42001843    3.26618493    3.46515093    3.97012232    3.17876002    3.14157845    3.66636441    2.62010532    2.62507179    2.77074517    2.62497027    2.11986330    2.58267503    2.85197667    2.82532256    3.22827892    2.16919101    2.74366988    2.49444362    2.47980427    2.67832043    2.73880811    2.74311228    2.35395698    2.24392541    2.66578672    2.70582612    2.97899319    2.97567443    2.31625731    3.14649306    2.48758765    2.73213938    2.42314417    4.06916643    2.61749521    3.34319468    3.00419990    3.67739375    3.54631588    2.82357133    2.98418550    3.08135282    3.04797925    3.02476305    2.62733738    2.69926446    2.92899327    2.94646868    3.37662314
B9JAD0_AGRRK/19-123     1.49381856    1.62021139    2.53937877    0.00000000    1.85816883    2.06329548    2.11530577    1.56996665    1.82167813    1.61889331    1.65884188    1.60199919    1.73821062    1.56229398    1.84848056    1.68672337    1.32600163    1.54437541    1.59473875    1.70022575    2.10020757    2.12596863    1.53280320    1.51862773    1.53903021    1.49729062    2.30976636    1.46855217    1.40053442    1.50562767    1.52852805    1.29360997    1.38989794    1.39266055    1.61437505    1.51960221    1.72102257    1.40824116    1.38649802    1.37469082    1.44848054    1.42524193    1.46325363    1.47281561    1.66272620    1.54078969    1.47852346    1.69578485    1.51802178    1.55491791    1.66821927    1.75265704    1.81901205    1.43653528    1.65262878    1.36262200    1.23102986    1.55923156    1.62574504    1.34381771    1.39504539    1.59656432    1.36149161    1.55104873    1.29636620    1.30221859    1.36985295    1.12124034    1.20814820    1.20685641    1.33086915    1.29193109    1.42070202    1.42972820    1.35032360    1.07812032    1.12404799    1.44601570    1.42664875    1.27277300    1.54890032    1.42624081    1.51604053    1.44728875    1.48172663    1.52098566    1.39846787    1.33808711    1.50573775    1.61309249    1.42024141    1.52340719    1.48179535    1.85270008    1.52620438    1.68042867    1.61764895    1.54437570    1.52044762    1.54736127    1.63733720    1.73090739    1.79298758    1.59899796    1.70861222    1.64151586    1.87959254    1.66903514    1.45963296    1.32438402    1.62702448    1.50413532    1.77202623    1.77570046    1.55541758    1.50111970    1.60166892    1.56099601    1.55184174    1.93374020    1.61219828    1.76335723    1.65941971    1.61577057    1.43784233    1.53788716    1.69801245    1.47661813    1.55142268    1.14991331
SAT_SCHPO/16-120     1.81182691    2.30627227    3.71970868    1.85816883    0.00000000    2.24719224    1.93687970    1.94088055    1.64036803    1.93496586    1.91633587    2.25047089    2.44474791    2.16264387    1.91471667    1.81709571    1.79261943    1.84691315    1.82220547    1.76896504    2.05824456    2.35387282    1.73885793    1.88775989    1.90979853    2.14501911    2.36835545    2.10477418    1.96528478    1.92310719    2.12470489    1.98493437    1.87039035    2.01005070    2.13284459    1.92543620    1.99780027    1.92974280    1.85341384    1.72426091    2.01245754    1.70848909    1.89256194    1.82775078    1.99746837    2.11377167    1.88771184    2.11212313    2.02868381    1.78738530    1.72322960    1.79327209    2.15023834    1.69569691    1.92936398    1.66345196    1.92843369    2.04618939    2.15456101    1.77026223    1.84113636    1.93439618    1.74394082    1.87477745    1.72562869    1.75175187    1.54695070    1.61793027    1.62690388    1.67045891    1.78669810    1.85694974    2.07051241    1.90101469    1.72964571    1.53502175    1.66222997    1.77531974    1.62960612    1.61847011    1.63777477    1.67418570    1.81199350    1.86455887    1.69629165    1.71668131    1.80269134    1.65250714    1.60667971    1.83286465    1.90449022    2.05395003    1.82998825    2.14897030    1.90991132    1.79871986    1.90154812    1.72378089    1.72609362    2.18274844    2.03225255    2.14636215    2.37232032    2.18420905    2.28359101    2.02121892    2.37988260    1.99357889    1.93089929    1.82802815    1.77099152    1.88638149    2.07130096    2.10068379    2.06039015    1.69589175    1.83394587    2.04195540    1.83104455    1.78339194    2.02630426    1.82482188    1.82389024    2.14102117    1.89050162    1.98851297    1.99886649    1.81104344    1.92030472    1.84578429
B8BTX1_THAPS/3-104     2.04933774    1.96810814    3.02694235    2.06329548    2.24719224    0.00000000    2.21233993    2.28948108    1.98440054    1.95031399    1.82849439    1.92024927    2.12800576    2.16964483    2.57996276    1.92653927    2.01594526    1.89502844    1.77871051    2.15756923    1.88365250    2.32855531    1.97675335    1.78923889    1.87635196    2.45414698    2.56070771    2.12760314    1.75657310    1.74582678    1.61579211    1.78788661    2.00286447    1.77521848    1.84518681    1.77748514    1.78786628    1.65144969    1.74262240    1.62575675    2.03934307    1.84906044    1.79323643    1.87425413    1.63016718    1.66163344    1.58172259    2.03143047    1.95658984    1.86134284    1.75606525    2.01168087    1.87979074    1.62665950    1.97470369    2.04730095    1.98650676    1.91609773    1.95953679    1.63225595    1.79543999    2.25463431    2.28684845    2.35551373    2.22635025    2.29993050    2.33548640    2.04706135    2.13940043    2.21257085    2.11637843    1.97036230    2.02054309    1.91461094    1.95132661    2.26822598    1.89362558    2.08506995    1.86774374    1.77751856    1.79862652    1.82272970    1.80916750    1.95595047    1.86504658    1.91212375    1.71389388    1.70281738    1.82553527    1.76367505    1.82762858    2.04458997    2.01388822    1.79981147    2.20172259    2.00104754    2.06508153    2.10092465    2.19436198    2.04343882    1.86420157    1.96984731    1.76240615    1.92369991    1.97845816    1.84602271    2.07186591    1.78381890    2.03607024    2.01081723    1.75855355    1.75574309    1.90601169    1.92152174    1.89505229    2.08693742    1.76426098    1.96262969    1.74385865    1.65379979    1.54585896    2.00937557    1.87061564    1.91438963    1.58681188    1.86248706    1.76856212    1.55121258    1.90164862    1.80769358
L0EVB1_LIBCB/7-111     1.81927811    2.11417137    3.69932966    2.11530577    1.93687970    2.21233993    0.00000000    1.45156236    1.71271402    1.83159212    2.05217634    1.71282133    2.11825159    2.22357714    2.06706997    1.80065298    2.34025024    1.86662444    1.92408307    1.72529282    1.73644007    2.33500664    1.63556511    1.91744409    2.17380067    2.07632813    2.71720320    1.69566180    2.16876395    2.17682293    2.19829441    2.12265297    2.44662374    1.97390025    2.12648447    1.81615395    1.63619750    1.55979019    1.88749370    1.48392194    2.31983951    1.90996317    1.99627814    2.16282808    2.09919155    2.41346488    1.92652472    2.18325220    2.25889154    2.18220418    2.22197230    2.03278475    2.15171542    1.92711183    2.33706655    2.20466090    2.22305680    1.98249972    2.62473836    2.43566829    2.23827904    2.91486227    2.65248510    2.24802735    2.45605658    2.44509492    2.48820344    2.23756468    2.41159874    2.17410054    2.63775458    2.77649848    2.96246919    2.54008480    2.63209312    2.07123609    1.78047622    2.44312550    2.08757219    2.51499737    2.62673226    2.37607364    2.38323333    2.62243554    2.52003870    2.56926713    2.32685129    2.21813932    2.21648719    1.90264269    1.93755240    2.26945557    2.37557974    1.97600748    2.26455841    1.82475177    2.25357067    2.02499500    1.82216069    1.81813887    2.09109704    2.31848216    2.21801320    2.07850059    2.30184203    2.25440031    2.33347273    2.29085808    2.08118723    2.04763499    2.20241853    2.20653591    2.10972187    2.15705547    2.36621137    1.89004494    2.18484959    2.25750044    2.31470343    2.02265114    2.29476689    2.27859632    2.10653717    2.34639589    2.18212190    2.18671474    2.28499238    2.47131618    2.41052112    2.19282082
C9RL87_FIBSS/10-110     1.50138037    1.70418061    2.71177505    1.56996665    1.94088055    2.28948108    1.45156236    0.00000000    1.55405841    1.75902581    1.82611193    1.60433957    1.67741816    1.48447203    1.76755226    1.91017306    1.53971998    1.58798666    1.67116305    1.66681914    1.67473418    1.77151624    1.53393432    1.73357488    1.77517771    1.84508070    2.59116654    1.79808010    1.61433421    1.78925621    1.60195772    1.75844924    1.70452915    2.10269880    2.12653819    1.77323720    1.62062902    1.61180022    1.70293940    1.46922369    1.79222338    1.99641558    1.96278911    1.70937723    1.89611108    1.76705159    1.83657279    1.69267318    1.93208396    1.79476185    2.05909511    1.90787431    1.44395251    1.82654588    1.63786462    1.54056844    1.89481133    2.05699926    1.79464392    1.93104700    1.89742554    2.11544344    2.22740353    2.20219169    2.31687730    2.20440618    1.98933483    1.90531987    2.01373995    1.99889985    2.20361263    2.13577659    2.25325798    2.14289184    1.83644404    1.77839073    1.69697721    2.19055055    2.07060699    1.93848837    2.32093006    2.30834626    2.18787371    2.38675977    2.17335636    2.35550762    2.32450744    1.79639052    1.80669600    1.52551300    1.49092562    1.98210927    1.76718712    1.73084064    1.60272500    1.54778853    1.54101889    1.59596054    1.38823990    1.64357522    1.72798507    1.76540309    1.90657774    1.87751388    1.72911326    1.89904711    1.99567726    1.72771832    1.85681433    1.66137048    1.71466733    1.75052003    1.92963319    1.84050689    1.74436973    1.49831000    1.83655308    1.81933506    1.96837942    1.99000928    1.97209335    1.76732585    1.87150960    1.94491258    1.85224893    1.88371740    1.86716107    2.00714235    2.26817130    1.68749497
Q0BPT2_GRABC/22-126     1.31211989    1.66532576    2.37279594    1.82167813    1.64036803    1.98440054    1.71271402    1.55405841    0.00000000    1.13999313    1.30289452    1.46901256    1.44108023    1.68852422    1.48589156    1.20916742    1.09524986    1.11632598    1.09517002    1.09470150    1.63932430    1.55964846    1.56575705    1.50731633    1.69718752    1.46062710    2.21787534    1.57103728    1.59196757    1.58574774    1.78677597    1.71935526    1.62223609    1.33537008    1.55696882    1.44116151    1.32286342    1.25463643    1.24333996    1.21118672    1.38335414    1.47481290    1.51438583    1.49849546    1.61324610    1.42138653    1.36446760    1.26970523    1.44839457    1.26328811    1.32549361    1.29267549    1.75960948    1.60936178    1.23063976    1.35252873    1.55805783    1.61577665    1.58331168    1.48959103    1.55616970    1.75765645    1.88281140    1.66643065    1.67729894    1.70142036    1.67233280    1.56731529    1.70709368    1.61608113    1.87733368    1.45939573    1.72427411    1.66783098    1.57873177    1.49214819    1.53704945    1.85309922    1.82898231    1.63931752    1.50348086    1.69029852    1.46008772    1.60267701    1.54939490    1.59851065    1.62048869    1.28497517    1.16949887    1.48518934    1.15021231    1.36015963    1.26907424    1.55732136    1.33640889    1.28048850    1.38326679    1.25158432    1.10485164    1.39469792    1.30341226    1.40823389    1.47027089    1.30447921    1.40426092    1.30240044    1.50069766    1.61674410    1.62372149    1.54026007    1.60569342    1.42002315    1.80525105    1.64751283    1.52676549    1.43115533    1.60762666    1.70669275    1.82796650    1.66714011    1.63645636    1.45760049    1.45672384    1.69345220    1.43124947    1.31708185    1.69224108    1.50213641    1.62127770    1.35532000
C7JC70_ACEP3/32-134     1.26192729    1.42667681    2.24373761    1.61889331    1.93496586    1.95031399    1.83159212    1.75902581    1.13999313    0.00000000    0.65889821    0.99456490    1.65068129    1.46358483    1.34475448    1.41656381    1.12301274    1.06737406    1.07655403    0.99127406    1.70066204    1.95063792    1.32196617    1.51740377    1.53599128    1.38387320    2.10708483    1.84763911    1.29065124    1.50164938    1.31225712    1.31233638    1.42324536    1.44026114    1.42186425    1.47417651    1.42560441    1.26283209    1.34746832    1.27269417    1.37514590    1.26593565    1.28793935    1.25216910    1.38234107    1.33720579    1.27381558    1.33159365    1.61301480    1.44298281    1.42190117    1.42490345    1.73050418    1.39644394    1.41817024    1.33286526    1.46606728    1.45313675    1.51578150    1.38155301    1.70304192    1.40654206    1.54371225    1.39735713    1.32933414    1.38972141    1.38269662    1.35238724    1.31230843    1.24773595    1.35793880    1.63727395    1.72795908    1.36044007    1.53932837    1.34361947    1.18351011    1.69773157    1.67987057    1.57299121    1.88603685    1.79465929    1.75604955    1.94809381    1.81318635    1.72393281    1.76312567    1.44564661    1.35506995    1.67316060    1.48798374    1.40583509    1.15390476    1.48437557    1.40942315    1.16258050    1.20289809    1.16081181    1.17040190    1.18856831    1.23414432    1.25301823    1.26789902    1.23841611    1.20161956    1.17956643    1.27009441    1.63566017    1.51793029    1.73598059    1.54102367    1.19925159    1.47933897    1.49092664    1.48975004    1.09108088    1.65063911    1.68545162    1.51466100    1.59397911    1.60314859    1.50744907    1.65384979    1.56244064    1.68329141    1.53715063    1.70999214    1.57289632    1.55279973    1.34739821
Q5FSX2_GLUOX/21-122     1.49408948    1.67958641    2.35981858    1.65884188    1.91633587    1.82849439    2.05217634    1.82611193    1.30289452    0.65889821    0.00000000    0.97897840    1.61618952    1.60329518    1.53932419    1.20819217    1.11758690    1.32496198    1.19479243    1.20291214    1.36785411    1.77184931    1.39933697    1.63335448    1.83782704    1.51098728    2.07563360    1.66478775    1.37768508    1.48396100    1.47676863    1.52235966    1.55747818    1.29218649    1.28428539    1.33471006    1.37218331    1.27048158    1.25581701    1.33950422    1.26451707    1.16118452    1.24846823    1.24421042    1.41423858    1.16555245    1.11068722    1.36722770    1.49067947    1.29571350    1.17455511    1.33009247    1.99004859    1.34910815    1.33214195    1.18705890    1.28029185    1.45673185    1.58853873    1.35345256    1.58520382    1.44886128    1.41455249    1.58268339    1.32735551    1.37989795    1.23849194    1.43740620    1.23031871    1.24983023    1.39136050    1.60829396    1.82687700    1.54165831    1.61003388    1.24492234    1.30756746    1.51824277    1.49761322    1.44780488    1.71632218    1.76255743    1.77473919    1.92120406    1.57886646    1.67286095    1.83416829    1.35748796    1.32875464    1.71527073    1.64378968    1.41052104    1.22446331    1.56327772    1.59267816    1.26829739    1.22269171    1.21068744    1.31409068    1.38971077    1.31821855    1.32597887    1.47530407    1.43859336    1.26958777    1.31121768    1.48002207    1.57067110    1.58214578    1.66902254    1.67483467    1.24304572    1.45385227    1.64420247    1.43331331    1.20717295    1.59118702    1.65360353    1.57409022    1.69754603    1.76574414    1.54489392    1.52989012    1.82088690    1.72093352    1.63821608    1.62036057    1.58267447    1.68761429    1.27473974
A9HPH3_GLUDA/35-137     1.47150341    1.72425398    2.69701384    1.60199919    2.25047089    1.92024927    1.71282133    1.60433957    1.46901256    0.99456490    0.97897840    0.00000000    1.49580891    1.31388777    1.42231339    1.42432012    1.31993007    1.11244194    1.16288668    1.28826407    1.32597168    1.73860019    1.55753605    1.62134375    1.64132748    1.32749353    2.05266336    1.53380180    1.20488121    1.53543763    1.39574361    1.37031399    1.35794082    1.53598379    1.46792499    1.53517442    1.56411633    1.44738366    1.39958471    1.43161598    1.44919048    1.34295180    1.44381595    1.37370126    1.45774278    1.40184870    1.38716130    1.41088511    1.50149112    1.39448927    1.30763586    1.40237716    1.71952852    1.16949503    1.36042956    1.31760044    1.49528672    1.70759780    1.65553426    1.39857505    1.48306758    1.91473930    1.77280953    1.55757225    1.47898066    1.49911618    1.57031110    1.50177836    1.55287643    1.39078425    1.75154943    1.60486295    1.75980105    1.66736314    1.71426431    1.34166130    1.37542339    1.89997261    1.81720208    1.59666395    1.88850609    1.68774029    1.71268462    1.80640352    1.77628291    1.75436725    1.74757161    1.34869499    1.38319014    1.58563770    1.38435927    1.45179506    1.52028633    1.50780650    1.74963448    1.43910533    1.11881613    1.29669398    1.21124773    1.42227063    1.50850697    1.51332108    1.71412217    1.57298034    1.57839105    1.45456593    1.56524772    1.82889523    1.67681868    1.71236511    1.60866094    1.53371647    1.52889949    1.52845741    1.49898661    1.51111695    1.57546585    1.66008070    1.57884353    1.61222653    1.69135024    1.78431042    1.87604395    1.63427152    1.68322432    1.71135430    1.78910406    1.64234379    1.67412753    1.49655093
A1BHE6_CHLPD/10-114     1.95370317    2.23699712    2.65571277    1.73821062    2.44474791    2.12800576    2.11825159    1.67741816    1.44108023    1.65068129    1.61618952    1.49580891    0.00000000    0.39797632    1.83968528    1.64633569    1.52528018    1.74359180    1.72250441    1.81382987    1.69777362    1.93815187    1.59639081    1.57736187    1.52705864    1.67771214    1.80109439    1.56712698    1.71185936    1.73461492    1.66965621    1.77833825    1.59685238    1.35629365    1.41853397    1.33054597    1.47741628    1.42065562    1.44975518    1.53331251    1.32956624    1.59620473    1.69399690    1.54279454    1.78586384    1.64031008    1.51036716    1.43731705    1.84273088    1.78290937    1.81314458    1.92134518    1.70104643    1.63025215    2.00288943    1.87590058    1.90483073    1.75252550    1.81205213    1.87040854    1.81213776    2.00896634    1.88479099    1.88281674    1.74587396    1.97366949    1.79559679    1.40588003    1.49316170    1.74183835    1.78913347    1.74993635    1.97722399    1.72485703    1.99681721    1.48433255    1.56967341    1.89507717    2.12380825    1.67841204    1.77872843    1.71219234    1.78430437    1.79757110    1.68173469    1.86741176    1.68498943    1.50048263    1.69272819    1.63863461    1.45763276    1.46770687    1.41891601    1.79258970    2.10097276    1.77354223    1.67908491    1.77460110    1.49216889    1.35073698    1.51569496    1.78087282    1.83750801    1.66689219    1.42174361    1.79253400    1.55310454    2.08881495    1.96410460    2.10161930    2.16111978    1.93043101    2.35846615    2.28142367    2.05860787    1.64150894    1.85649694    1.81974448    1.94085824    2.14045259    2.09169589    2.12050621    2.06258467    1.85321644    2.12101316    1.84096595    2.02893140    1.73439934    1.87295854    1.67588316
Q8KCI5_CHLTE/6-110     1.52496213    2.02813695    3.08961896    1.56229398    2.16264387    2.16964483    2.22357714    1.48447203    1.68852422    1.46358483    1.60329518    1.31388777    0.39797632    0.00000000    1.74823564    1.66467484    1.40154148    1.52243516    1.59949001    1.63335114    1.68337284    1.71751885    1.45867155    1.64076385    1.65118146    1.61568537    2.02825317    1.58178255    1.48893249    1.78040769    1.51407856    1.56183389    1.46273508    1.51202490    1.42500674    1.27850076    1.52965863    1.29302883    1.33519362    1.29671925    1.33931800    1.49822245    1.54814193    1.56967456    1.69985397    1.47556331    1.44418326    1.48252217    1.71277591    1.75036781    1.78248212    1.90978949    1.39218057    1.67160567    1.91486601    1.81403154    1.61133146    1.66624353    1.61256659    1.59806288    1.61005816    1.74634784    1.52257017    1.70191385    1.54475958    1.65062471    1.60687419    1.46849767    1.51816244    1.41927583    1.59455325    1.50031792    1.77734852    1.65414786    1.74998829    1.43764613    1.39972924    1.94979053    1.73370639    1.52334968    1.56181473    1.53816340    1.49914135    1.65209460    1.44878024    1.42692310    1.50151342    1.51001259    1.67161239    1.45115319    1.43046702    1.53565619    1.38083620    1.97785956    1.74145494    1.65749135    1.61408633    1.68663590    1.38196149    1.46454215    1.47804251    1.71279760    1.77816631    1.49062649    1.41333966    1.66811227    1.54901112    1.91341174    1.85286523    1.80481553    2.01337111    1.84453055    1.97585216    2.15188117    1.87242481    1.63589760    1.76880874    1.89823736    1.80557481    1.91547073    1.90428351    1.91840645    1.84939696    1.98906539    1.95010100    1.87572963    1.92982481    1.66031217    1.82301029    1.76058992
Q89EC9_BRADU/12-116     1.56781354    1.92281840    3.32371057    1.84848056    1.91471667    2.57996276    2.06706997    1.76755226    1.48589156    1.34475448    1.53932419    1.42231339    1.83968528    1.74823564    0.00000000    1.25010489    1.28772661    1.25944490    1.44163312    1.25994962    1.37569790    2.06665554    1.75549131    1.79985448    1.81018058    1.63531070    2.09817591    1.82839201    1.58281811    1.95085833    1.88883521    1.79033797    1.66309862    1.50808291    1.54269121    1.42133468    1.62561765    1.54406748    1.53659423    1.44002328    1.50291116    1.45965896    1.57204687    1.61551985    1.59734445    1.70420531    1.55967006    1.71880598    1.72826480    1.71868921    1.48274649    1.64390745    1.85840265    1.63336191    1.78158364    1.78492912    1.76921690    1.77324226    1.84201525    1.77747238    1.83259853    1.69366096    1.69000266    1.89504527    1.69795100    1.83143442    1.84876397    1.88563622    1.84476002    1.65395225    1.72109312    1.50481423    1.64733713    1.48607084    1.86965192    1.50219964    1.48324455    1.90500446    1.76540525    1.78965146    1.68524274    1.77728496    1.98383979    1.94131346    1.82817966    1.91170422    1.92089826    1.56230822    1.44021731    1.81521880    1.65141716    1.59428790    1.28323929    1.74210997    1.47690674    1.19651255    1.51135909    1.32014960    1.47645034    1.33853481    1.47323105    1.73890611    1.75683871    1.67642135    1.55536791    1.62496938    1.72722519    1.75428794    1.64835468    1.98550617    1.62941911    1.75342323    1.86047697    1.99503393    1.73834401    1.94927235    1.69711781    1.97890466    1.97594129    1.94514690    2.01271650    1.70316010    1.74905555    1.90483886    1.66736874    1.73282846    2.11493274    1.48213160    1.64559485    1.57266864
B9JQJ4_AGRRK/36-139     1.22228204    1.89255467    2.62318151    1.68672337    1.81709571    1.92653927    1.80065298    1.91017306    1.20916742    1.41656381    1.20819217    1.42432012    1.64633569    1.66467484    1.25010489    0.00000000    1.33439909    1.31726025    1.39849309    1.26298581    1.40176053    1.85455137    1.44537138    1.64327997    1.66786928    1.38280696    1.78293752    1.61520475    1.41161069    1.45347754    1.36503614    1.30383954    1.37573133    1.49950686    1.45297343    1.38131741    1.52773767    1.20022440    1.40756758    1.33378972    1.46902224    1.44560349    1.43269352    1.59185207    1.84200413    1.52132651    1.41163190    1.36264723    1.53476131    1.46526665    1.61306526    1.50257912    1.83383739    1.53043047    1.41970663    1.45033165    1.59606923    1.51705131    1.76553505    1.60092747    1.68798258    1.78771199    1.68599622    1.53475534    1.36407740    1.51066973    1.46253248    1.55679059    1.44999296    1.34617084    1.53595456    1.46658693    1.51144355    1.43078483    1.52128119    1.51957822    1.45695613    1.86468995    1.78023130    1.80793186    1.63093601    1.56472044    1.47889354    1.61763525    1.68355442    1.72612828    1.49757607    1.28616273    1.29552144    1.60248650    1.47343031    1.16023374    1.18275373    1.52408415    1.34582184    1.22752982    1.34418806    1.33094463    1.38028661    1.21091639    1.31747398    1.59054305    1.39525428    1.25233466    1.12614448    1.25591524    1.36589592    1.68046270    1.38607889    1.38533078    1.69765915    1.55633833    1.45020173    1.59473961    1.46024150    1.23229764    1.38237578    1.29101607    1.37149462    1.25997311    1.64544145    1.53629441    1.57462668    1.89876119    1.59368063    1.52667820    1.60109918    1.33908778    1.56059866    1.49158245
B6IP83_RHOCS/15-118     1.56602810    1.45523980    2.18900511    1.32600163    1.79261943    2.01594526    2.34025024    1.53971998    1.09524986    1.12301274    1.11758690    1.31993007    1.52528018    1.40154148    1.28772661    1.33439909    0.00000000    1.07163273    1.18357016    1.09480669    1.62610370    1.47188985    1.16910425    1.44868834    1.36126935    1.34106233    1.72855555    1.65806853    1.01412326    1.14243225    1.25188993    1.25108097    1.13973413    1.27235103    1.22139798    1.11931000    1.28326615    1.13498761    0.99057831    1.11701489    1.15646892    1.23229093    1.34975599    1.20293394    1.20291021    1.40918984    1.20585492    1.35894771    1.40309164    1.21153616    1.29029550    1.23532599    1.50298153    1.19241609    1.30878841    1.27748301    1.07524846    1.17911734    1.61643456    1.29094007    1.36704159    1.53988341    1.30993121    1.50002906    1.29069025    1.35709891    1.34856996    1.22204606    1.31559967    1.20238660    1.28705400    1.36667645    1.45379451    1.38219049    1.40363610    1.20162910    1.24886976    1.56734590    1.52608552    1.29087936    1.52785247    1.51394809    1.52374439    1.52132591    1.52525622    1.42358477    1.59170619    1.26495216    1.14032335    1.60474653    1.40718697    1.10972320    0.90860267    1.44838916    1.33523189    1.15648608    1.07284303    0.99908995    1.04604650    1.07597037    1.17535689    1.14619186    1.24397271    1.06547831    1.08895520    1.08445988    1.12159528    1.33299997    1.41317109    1.66396423    1.41025072    1.33286675    1.53988746    1.65741514    1.50183737    1.32569013    1.73384698    1.72497855    1.66613654    1.83911040    1.55292077    1.36823962    1.41105310    1.59785082    1.61826381    1.51470326    1.94792646    1.35564190    1.30964066    1.23951607
G7ZGG0_AZOL4/21-124     1.08267749    1.31722733    2.73647687    1.54437541    1.84691315    1.89502844    1.86662444    1.58798666    1.11632598    1.06737406    1.32496198    1.11244194    1.74359180    1.52243516    1.25944490    1.31726025    1.07163273    0.00000000    0.78527103    0.70730563    1.40923558    1.69297770    1.37536924    1.49943834    1.62342339    1.35039392    1.89990766    1.45157845    1.13745441    1.29824007    1.21440094    1.36046371    1.17274050    1.20976230    1.19265551    1.15001747    1.46661914    1.12410242    1.09931061    1.12588246    1.07469929    1.17778325    1.26912402    1.11210670    1.11257239    1.27021475    1.11396112    1.36086665    1.23534909    1.13196945    1.20054890    1.24493063    1.69879998    1.17195597    1.26744803    1.27990360    1.26302864    1.46716871    1.43956213    1.37901331    1.43749255    1.49369895    1.56579178    1.67772161    1.66766595    1.53998400    1.54345571    1.63335957    1.64746374    1.49412908    1.71565202    1.46210385    1.64432265    1.51101987    1.55451637    1.29009789    1.20681139    1.60535446    1.44569274    1.39087001    1.49274750    1.51687571    1.60227751    1.49597709    1.53116726    1.56457067    1.61514027    1.17121011    1.14450483    1.42157863    1.40779949    1.14786320    0.95571759    1.68123282    1.36420764    1.19507661    1.10546837    1.01898155    1.07348531    1.38939755    1.27797848    1.37934116    1.39003977    1.36346214    1.37004550    1.30967022    1.52796942    1.59574167    1.31408781    1.56607763    1.32957879    1.18381188    1.56735304    1.64824553    1.10063669    1.31184604    1.63564094    1.81056550    1.86133536    1.58906761    1.43993758    1.23381087    1.35376655    1.39055616    1.28390704    1.36112434    1.44900254    1.28319383    1.30732585    1.28890396
G8AZJ0_9PROT/36-139     1.38031354    1.52278979    2.62389004    1.59473875    1.82220547    1.77871051    1.92408307    1.67116305    1.09517002    1.07655403    1.19479243    1.16288668    1.72250441    1.59949001    1.44163312    1.39849309    1.18357016    0.78527103    0.00000000    0.67685685    1.34774772    1.58620763    1.33448771    1.37236281    1.43380498    1.56961298    2.03097175    1.39412249    1.33325725    1.47139593    1.47999018    1.46253335    1.49698823    1.43346443    1.43449798    1.33607480    1.36461545    1.25548460    1.14937827    1.19300780    1.49022362    1.35751929    1.43144977    1.35617874    1.29160963    1.46097594    1.27851320    1.53930218    1.34274937    1.19881429    1.48114911    1.28954665    1.42280376    1.27918092    1.30003941    1.26848852    1.37087323    1.79208127    1.51656050    1.48905002    1.38055649    1.87698269    1.75031068    1.73954479    1.68089154    1.80859134    1.60346548    1.64165894    1.60881361    1.55360648    1.87515235    1.80385481    1.79801307    1.81746756    1.75704474    1.51036037    1.37394675    1.56031223    1.52243443    1.56056963    1.72102080    1.69430894    1.63561652    1.78680927    1.71924449    1.69611578    1.65545679    1.37583221    1.35737332    1.54191634    1.54461777    1.28836113    1.12026379    1.42008965    1.37455913    1.14372650    1.18610603    1.20350244    1.33499088    1.36994876    1.45920278    1.45859604    1.49178666    1.57815483    1.53648050    1.43958908    1.72272907    1.45018835    1.33335693    1.49132786    1.38645773    1.31645119    1.47951351    1.67967754    1.34347241    1.42836378    1.59161415    1.83965212    1.83834401    1.51088641    1.37999947    1.14279051    1.35622268    1.54565588    1.41887659    1.45541777    1.59307363    1.49313575    1.37375273    1.22881522
G8AVX7_9PROT/31-134     1.50658074    1.37907505    2.92708472    1.70022575    1.76896504    2.15756923    1.72529282    1.66681914    1.09470150    0.99127406    1.20291214    1.28826407    1.81382987    1.63335114    1.25994962    1.26298581    1.09480669    0.70730563    0.67685685    0.00000000    1.42575299    1.59319896    1.19667285    1.37781507    1.47999538    1.31716321    1.67731405    1.48879560    1.13634924    1.15860757    1.15642250    1.23077318    1.08287505    1.19342309    1.15985393    1.07215442    1.22185866    1.03370411    1.07314434    1.00436722    1.08615388    1.15148218    1.24823602    1.08465116    1.21772452    1.15671355    1.07951296    1.34887808    1.29239344    1.10052343    1.10996862    0.97297072    1.45875744    1.14244156    1.23563597    1.38266029    1.21596880    1.37008578    1.54295982    1.36805009    1.54495107    1.42049173    1.54599307    1.68668002    1.48491458    1.55709266    1.50448691    1.48544087    1.72874023    1.59034491    1.48932635    1.75301589    1.63746845    1.53562469    1.54710864    1.32435367    1.21744416    1.64150020    1.39449419    1.54492118    1.51427060    1.53347449    1.46733381    1.48173768    1.49568794    1.48890457    1.62361163    1.42739878    1.29473668    1.56929136    1.52184010    1.22397157    0.86128557    1.35149568    1.14122213    0.99732316    1.06236513    0.99707025    0.96811505    1.24932139    1.21750237    1.08508589    1.21674418    1.29802999    1.23654009    1.27142791    1.34962832    1.36836716    1.18874806    1.49995223    1.23234872    1.19693353    1.36601426    1.69198682    1.30336138    1.31870757    1.55464595    1.79118653    1.66889043    1.59551357    1.40566469    1.14490855    1.18384165    1.22724650    1.16034612    1.23668594    1.43226033    1.41708464    1.33223799    1.16653184
A4VNW6_PSEU5/42-146     1.70663886    2.37045784    2.93168393    2.10020757    2.05824456    1.88365250    1.73644007    1.67473418    1.63932430    1.70066204    1.36785411    1.32597168    1.69777362    1.68337284    1.37569790    1.40176053    1.62610370    1.40923558    1.34774772    1.42575299    0.00000000    1.45531220    1.42614430    1.47435668    1.55346911    1.82447110    2.10951529    1.96851905    1.60872373    1.85505057    1.55136976    1.66794736    1.60972554    1.73938123    1.70797760    1.39709462    1.60294804    1.41601570    1.33167246    1.36570877    1.68618157    1.79227661    1.78515672    1.75198801    1.68894057    1.59671028    1.82954493    1.64071550    1.64997387    1.53219643    1.69417752    1.54213979    1.87672171    1.59075803    1.31246238    1.32146693    1.58379065    1.68670900    1.57652903    1.65707553    1.67198880    1.69530700    1.57279162    1.67985344    1.50913113    1.52811358    1.51607215    1.46145912    1.61691498    1.55824380    1.75901034    1.48030246    1.53488709    1.41025372    1.67018110    1.54265312    1.53716271    1.84308184    1.62791337    1.78942327    1.72636994    1.95743237    1.81149064    1.96745314    1.69004813    1.98961018    1.88852902    1.48817120    1.43931674    1.38172349    1.37951149    1.66910210    1.37741207    1.38572407    1.81231689    1.21202773    1.30357715    1.39397116    1.34256119    1.47095561    1.72955643    1.51902043    1.54405760    1.70733236    1.64684571    1.64313650    1.69366252    1.58238014    1.55002690    1.76911422    1.40685142    1.40068571    1.34756578    1.49603829    1.46101518    1.49451195    1.41940884    1.78743911    1.71457364    1.45182735    1.60584381    1.51847033    1.43523279    1.67750552    1.76243876    1.74822298    1.55928441    1.68122087    1.81055208    1.50316917
