14
F2TVQ2_SALR5/1084-1123     0.00000000    0.70222921    0.82137451    0.88460980    0.94840161    0.64932159    0.99294573    0.81009847    0.71824561    0.78850480    0.84831410    1.00104096    0.96034619    0.92234717
A9V411_MONBE/708-747     0.70222921    0.00000000    1.02954301    1.07302824    1.22856143    0.87016267    1.22735975    0.78671477    0.74127930    0.81533422    0.89078305    1.15014966    1.25527884    1.34983037
C3ZUG6_BRAFL/2360-2399     0.82137451    1.02954301    0.00000000    0.86943728    0.85825848    0.60756965    0.71296917    0.61567114    0.55650655    0.60599909    0.74077713    0.56808919    0.79042569    0.79387640
A0A2H2I1X2_CAEJA/507-546     0.88460980    1.07302824    0.86943728    0.00000000    0.80867012    0.70615930    0.80952827    0.87084577    0.83140484    0.91292365    1.04613190    0.94955527    1.02025916    0.90820144
E9CA03_CAPO3/993-1033     0.94840161    1.22856143    0.85825848    0.80867012    0.00000000    0.73805389    1.04397147    1.09533474    0.84525196    0.87639181    0.83933203    1.00154983    1.33419025    1.00665188
U3ISM9_ANAPP/1080-1119     0.64932159    0.87016267    0.60756965    0.70615930    0.73805389    0.00000000    0.31026734    0.44401471    0.31149058    0.37962120    0.35001436    0.43315739    0.59622414    0.59240088
F6R7T5_CIOIN/336-375     0.99294573    1.22735975    0.71296917    0.80952827    1.04397147    0.31026734    0.00000000    0.71122851    0.69593816    0.59541907    0.72850312    0.54427940    0.82878053    0.80264674
B3S9N8_TRIAD/251-290     0.81009847    0.78671477    0.61567114    0.87084577    1.09533474    0.44401471    0.71122851    0.00000000    0.39315920    0.35559246    0.45758030    0.58378478    0.78484106    0.71605420
J9JSK5_ACYPI/1088-1127     0.71824561    0.74127930    0.55650655    0.83140484    0.84525196    0.31149058    0.69593816    0.39315920    0.00000000    0.35195871    0.37303057    0.49886901    0.51303935    0.72206609
A7S640_NEMVE/772-811     0.78850480    0.81533422    0.60599909    0.91292365    0.87639181    0.37962120    0.59541907    0.35559246    0.35195871    0.00000000    0.30992460    0.58869784    0.69121310    0.57626792
T1G985_HELRO/111-148     0.84831410    0.89078305    0.74077713    1.04613190    0.83933203    0.35001436    0.72850312    0.45758030    0.37303057    0.30992460    0.00000000    0.53227007    0.64602224    0.54177404
T1EHT7_HELRO/107-146     1.00104096    1.15014966    0.56808919    0.94955527    1.00154983    0.43315739    0.54427940    0.58378478    0.49886901    0.58869784    0.53227007    0.00000000    0.57923011    0.56656208
T1FUC6_HELRO/1072-1111     0.96034619    1.25527884    0.79042569    1.02025916    1.33419025    0.59622414    0.82878053    0.78484106    0.51303935    0.69121310    0.64602224    0.57923011    0.00000000    0.61445829
T1F0K3_HELRO/973-1012     0.92234717    1.34983037    0.79387640    0.90820144    1.00665188    0.59240088    0.80264674    0.71605420    0.72206609    0.57626792    0.54177404    0.56656208    0.61445829    0.00000000

