10
O25423_HELPY/22-105     0.00000000    0.79737981    0.92925710    2.49311436    1.17340277    1.85946759    1.57236281    1.08147319    1.09798322    1.41330320
D3UFZ4_HELM1/18-109     0.79737981    0.00000000    0.88938622    1.94478849    1.27273587    1.60698365    1.54475866    0.90931081    1.10981566    0.88869151
F8KTN9_HELBC/26-117     0.92925710    0.88938622    0.00000000    2.11584305    1.12394075    1.71349568    1.09661820    0.99348578    1.16269393    1.06657549
A7I0S4_CAMHC/20-105     2.49311436    1.94478849    2.11584305    0.00000000    1.72626407    2.51181017    2.12460422    1.82620839    1.87327380    2.01214999
Q7MSV3_WOLSU/22-112     1.17340277    1.27273587    1.12394075    1.72626407    0.00000000    1.70278904    1.37733124    1.37289840    1.44581021    0.87331476
F8KTN8_HELBC/22-114     1.85946759    1.60698365    1.71349568    2.51181017    1.70278904    0.00000000    1.63145006    1.82744273    1.59514737    1.69819719
O24943_HELPY/23-114     1.57236281    1.54475866    1.09661820    2.12460422    1.37733124    1.63145006    0.00000000    1.52950974    1.54147017    1.73269557
I7GTF1_9HELI/26-117     1.08147319    0.90931081    0.99348578    1.82620839    1.37289840    1.82744273    1.52950974    0.00000000    0.29399486    0.78351045
Q7VFM1_HELHP/25-116     1.09798322    1.10981566    1.16269393    1.87327380    1.44581021    1.59514737    1.54147017    0.29399486    0.00000000    1.04696191
C5ZV38_9HELI/24-115     1.41330320    0.88869151    1.06657549    2.01214999    0.87331476    1.69819719    1.73269557    0.78351045    1.04696191    0.00000000

