49
C6XRQ8_HIRBI/34-199     0.00000000    0.57503228    0.69837596    1.05586951    0.76878009    0.64822357    0.61057853    0.66839223    0.63004927    0.83394389    0.67370384    0.75893057    0.79531818    0.70641376    1.01832189    0.96716156    0.82293865    0.82659442    0.90140997    0.84923059    0.79017201    1.25538703    1.00792296    1.14513320    1.28039214    1.48534981    1.52405320    1.63392298    1.28944208    1.51161104    1.43502951    1.52897718    1.63858888    1.55498934    1.52562469    1.51817303    1.43732319    1.43572414    1.48571138    1.53854182    1.55504363    1.46244057    0.58214965    0.67341822    0.87668753    0.75081010    0.63216247    0.73005336    0.80719988
K4L2A4_SIMAS/28-191     0.57503228    0.00000000    0.46332495    0.84474450    0.66071470    0.45325981    0.41220040    0.49016678    0.41459497    0.78114551    0.59646830    0.74427769    0.81855326    0.79335860    0.98065205    0.93816334    0.74427714    0.73100273    0.66980942    0.61851590    0.73438027    1.11712703    0.92508702    1.15002665    1.26784131    1.42878465    1.51738976    1.37824672    1.14531722    1.25266659    1.28190328    1.44194683    1.41909795    1.37996329    1.56176436    1.42625049    1.43339507    1.43941289    1.43875155    1.46237929    1.33890881    1.43525601    0.78679454    0.77743648    0.83957935    0.79120996    0.59647014    0.68296037    0.80005610
Q21JV4_SACD2/39-204     0.69837596    0.46332495    0.00000000    0.75752183    0.77085561    0.57247572    0.51528202    0.49605850    0.56590698    0.80477239    0.65821110    0.95279213    0.79266992    0.87225269    0.98369469    0.91935750    0.85213276    0.83042937    0.82888372    0.72482779    0.74889672    1.18121218    0.94387666    1.05663351    1.19080729    1.41071790    1.47156128    1.26686621    1.22113651    1.35334622    1.15950331    1.39505194    1.37516322    1.45231333    1.47156330    1.42646469    1.38733383    1.48325787    1.32937555    1.46749883    1.40997665    1.37509146    0.84519926    0.82199408    0.86089192    0.77993692    0.68796913    0.79034793    0.74158473
V5SCM8_9RHIZ/327-480     1.05586951    0.84474450    0.75752183    0.00000000    0.85574179    0.73336964    0.76534349    0.78634314    0.76793564    1.08364178    0.87539749    1.08672765    0.91734445    1.05044324    1.38786214    1.20062900    1.02067435    1.16803313    0.99867771    1.06773453    0.98033750    1.28403888    1.29488116    1.34996246    1.44581823    1.85913906    1.58447866    1.54368354    1.37904035    1.50173208    1.37647469    1.58358675    1.52950551    1.59557352    1.81251112    1.60702048    1.67643027    1.72618939    1.69419081    1.70151748    1.63342136    1.54916505    1.06981188    1.11992800    1.08551591    1.09510180    1.07232929    1.07468218    0.99989560
E8RTL2_ASTEC/34-199     0.76878009    0.66071470    0.77085561    0.85574179    0.00000000    0.71998957    0.66346646    0.75308720    0.75020785    0.94867328    0.81110016    0.93578265    0.88254114    0.84498235    0.94967494    1.03681367    0.75759464    0.83316858    0.84602513    0.71180720    0.91753875    1.25467771    1.11893478    1.25024915    1.33688797    1.65346890    1.62860724    1.48223904    1.32677393    1.33759389    1.32345622    1.45231115    1.56184607    1.52150521    1.68108238    1.65534486    1.58033687    1.72433411    1.52794790    1.62620128    1.56114893    1.55793339    0.91665851    0.88392048    0.93406045    0.91299853    0.86204395    0.78111892    0.81630619
F9ZZA4_METMM/27-192     0.64822357    0.45325981    0.57247572    0.73336964    0.71998957    0.00000000    0.41262688    0.56723758    0.49751819    0.84070251    0.65586896    0.86873928    0.80754572    0.80206001    1.03656712    0.89042972    0.80361863    0.79659462    0.75560040    0.75151223    0.69028984    1.12430105    0.96640244    1.21720952    1.25719414    1.58518003    1.45376574    1.44908512    1.12165629    1.30049340    1.20093382    1.35547785    1.46560096    1.60288192    1.52506060    1.54918830    1.42324486    1.55621122    1.41932197    1.60129949    1.39128115    1.56811473    0.80999008    0.83696197    0.73179053    0.71097886    0.58686121    0.67811372    0.66016208
Q2S758_HAHCH/35-198     0.61057853    0.41220040    0.51528202    0.76534349    0.66346646    0.41262688    0.00000000    0.55168784    0.43969560    0.74079021    0.57337314    0.78909518    0.67091992    0.75123702    1.05218846    0.98589877    0.84453297    0.80545738    0.65947595    0.69089921    0.72699871    1.24670785    0.84607451    1.17391419    1.25979980    1.55958645    1.53719737    1.35474554    1.10485317    1.23038403    1.31363539    1.42092736    1.45013530    1.47215114    1.64594146    1.47523435    1.57983886    1.62850167    1.43306964    1.57767951    1.42173265    1.51358190    0.82051199    0.72727757    0.77603256    0.59823735    0.49570708    0.63821863    0.66465316
B3PCX5_CELJU/29-194     0.66839223    0.49016678    0.49605850    0.78634314    0.75308720    0.56723758    0.55168784    0.00000000    0.42572407    0.80461346    0.61806579    0.69170118    0.64638859    0.68711225    1.06769102    0.98829803    0.82582424    0.83752953    0.67340350    0.72783900    0.61339976    1.08960826    0.98039526    1.16389923    1.09261148    1.45860608    1.39134280    1.34640209    1.19155718    1.32292564    1.23364499    1.36200899    1.44311339    1.47522116    1.45411714    1.34109770    1.44698540    1.38616788    1.35302361    1.37389307    1.33814011    1.37566217    0.71691792    0.71903828    0.74309214    0.64563215    0.59900947    0.82971246    0.66320478
K0C7X9_ALCDB/5-168     0.63004927    0.41459497    0.56590698    0.76793564    0.75020785    0.49751819    0.43969560    0.42572407    0.00000000    0.80428373    0.71669151    0.66370328    0.65087271    0.69287064    1.02068698    0.89504637    0.72227773    0.74558958    0.64290495    0.71982919    0.75781678    1.18059701    1.00710581    1.26384807    1.25372029    1.56123580    1.61524535    1.39773938    1.22500222    1.38924921    1.29744084    1.44538336    1.45114704    1.47067609    1.60189463    1.55703671    1.54162732    1.50032909    1.41518693    1.52214494    1.48493816    1.45343955    0.84197602    0.74133587    0.85872222    0.70117335    0.64465818    0.72161297    0.76576138
Q1IQB1_KORVE/32-191     0.83394389    0.78114551    0.80477239    1.08364178    0.94867328    0.84070251    0.74079021    0.80461346    0.80428373    0.00000000    0.88509060    0.88127173    1.03530741    1.00267602    1.21855016    1.20292064    1.08067030    1.14377001    0.99996689    1.09983850    0.94886863    1.17921045    1.15671803    1.27175179    1.51793225    1.93104472    1.59364832    1.62584066    1.47959016    1.57009927    1.50823711    1.62573681    1.64671391    1.81797165    1.88582748    1.66547506    1.70989544    1.76263962    1.78302640    1.59978565    1.46747062    1.51211615    0.97612268    0.98822212    0.94874417    0.90963371    0.79779607    0.80892401    0.82854132
B2UN64_AKKM8/26-187     0.67370384    0.59646830    0.65821110    0.87539749    0.81110016    0.65586896    0.57337314    0.61806579    0.71669151    0.88509060    0.00000000    0.62820945    0.55221349    0.55131523    0.93703320    0.81554060    0.69835200    0.78701480    0.79879147    0.59991864    0.64137425    1.12618203    0.93242817    1.02733730    1.29206341    1.56089403    1.49206789    1.31712890    1.17910076    1.28806600    1.29101227    1.31201506    1.49897193    1.39448494    1.47134558    1.28664061    1.38342571    1.31689635    1.38955333    1.33825507    1.35864372    1.41896730    0.72493996    0.67373992    0.74664080    0.67311469    0.65954588    0.75569232    0.72616082
Q9I3E4_PSEAE/34-195     0.75893057    0.74427769    0.95279213    1.08672765    0.93578265    0.86873928    0.78909518    0.69170118    0.66370328    0.88127173    0.62820945    0.00000000    0.42426083    0.40426870    0.78433058    0.91585054    0.75580073    0.67094074    0.78682232    0.68369851    0.58041953    1.03258782    0.80707147    1.09521306    1.16855361    1.57212108    1.43598769    1.47946409    1.12005761    1.27630574    1.25550430    1.24082327    1.52912504    1.51155437    1.34795836    1.30208021    1.31678772    1.35735818    1.27620072    1.36312429    1.41716650    1.35082003    0.52533157    0.61831344    0.72483231    0.92786208    0.86870809    0.84277603    0.86253960
A4XVA8_PSEMY/25-186     0.79531818    0.81855326    0.79266992    0.91734445    0.88254114    0.80754572    0.67091992    0.64638859    0.65087271    1.03530741    0.55221349    0.42426083    0.00000000    0.29473609    0.88519822    0.96459632    0.64875247    0.67386011    0.73435935    0.64869693    0.56057511    1.08437268    0.82999142    1.05077791    1.10309634    1.45465009    1.30411453    1.13217937    0.97295831    1.12411346    1.06821287    1.06406251    1.42729199    1.34598233    1.27263961    1.33326242    1.35406731    1.37607800    1.25355128    1.38652719    1.28807875    1.18740413    0.55327530    0.66580896    0.63507725    0.92691935    0.79505967    0.71625788    0.74753384
F6AIS1_PSEF1/26-188     0.70641376    0.79335860    0.87225269    1.05044324    0.84498235    0.80206001    0.75123702    0.68711225    0.69287064    1.00267602    0.55131523    0.40426870    0.29473609    0.00000000    0.91201339    0.90180693    0.67523946    0.62540256    0.75535973    0.55735803    0.60955952    1.11428031    0.90842815    1.14376245    1.13730155    1.55486982    1.39581316    1.32797074    1.07347488    1.16772887    1.13745980    1.21328180    1.33003107    1.27690712    1.35611051    1.31700607    1.41868751    1.47770115    1.32098712    1.33867722    1.31721951    1.19662719    0.59941056    0.60832010    0.68503338    0.94260904    0.83792914    0.70070049    0.80564137
G8NUZ7_GRAMM/28-198     1.01832189    0.98065205    0.98369469    1.38786214    0.94967494    1.03656712    1.05218846    1.06769102    1.02068698    1.21855016    0.93703320    0.78433058    0.88519822    0.91201339    0.00000000    0.77357299    0.89462140    0.91428468    1.12459658    0.93413277    0.94072022    1.32663929    1.18297124    1.41293205    1.49613310    1.71884582    1.58033665    1.71248531    1.50036491    1.57991497    1.39881830    1.46403450    1.78248525    1.70918811    1.70144403    1.85620795    1.77132556    1.66919848    1.80021144    1.55860759    1.60485476    1.56045043    0.88737791    0.95256468    1.02841603    1.12164373    1.10176803    1.15490104    1.18041309
Q9A8H4_CAUVC/37-208     0.96716156    0.93816334    0.91935750    1.20062900    1.03681367    0.89042972    0.98589877    0.98829803    0.89504637    1.20292064    0.81554060    0.91585054    0.96459632    0.90180693    0.77357299    0.00000000    0.74650061    0.88513971    1.02297622    1.08659232    0.90834894    1.59512709    1.12576714    1.26686308    1.46364354    1.77152226    1.72092972    1.67496169    1.60244186    1.67623237    1.54729132    1.62770159    1.73056604    1.73062038    1.76001360    1.87361703    1.77810413    1.75599928    1.91435472    1.63786583    1.60044061    1.79903010    1.01459929    0.89809922    0.96657387    1.11508152    1.10953545    1.11000589    0.98714047
W0A2F6_9SPHN/36-199     0.82293865    0.74427714    0.85213276    1.02067435    0.75759464    0.80361863    0.84453297    0.82582424    0.72227773    1.08067030    0.69835200    0.75580073    0.64875247    0.67523946    0.89462140    0.74650061    0.00000000    0.52566898    0.71794283    0.69942722    0.77585405    1.28352494    1.05332584    1.08141033    1.13529107    1.45132555    1.38099492    1.27842779    1.10920898    1.21227946    1.14308321    1.18456305    1.48605880    1.38112981    1.56680943    1.48235250    1.50304840    1.56119285    1.58599390    1.48352682    1.40106946    1.26449315    0.86617512    0.90002869    0.81973429    0.96196399    0.99212081    0.94033475    0.93751735
S5Y2G5_PARAH/48-207     0.82659442    0.73100273    0.83042937    1.16803313    0.83316858    0.79659462    0.80545738    0.83752953    0.74558958    1.14377001    0.78701480    0.67094074    0.67386011    0.62540256    0.91428468    0.88513971    0.52566898    0.00000000    0.69458666    0.56066764    0.76726118    1.12480590    0.86680628    1.02842938    1.28831971    1.59787368    1.43815833    1.39882447    1.22737860    1.36545167    1.25604135    1.24179788    1.48461297    1.49960742    1.58059932    1.59371642    1.55651197    1.59713234    1.53900522    1.58915362    1.49639371    1.36766168    0.69608021    0.80189778    0.94661440    1.11745598    0.98314400    0.98021712    1.02632293
A6WYN3_OCHA4/50-214     0.90140997    0.66980942    0.82888372    0.99867771    0.84602513    0.75560040    0.65947595    0.67340350    0.64290495    0.99996689    0.79879147    0.78682232    0.73435935    0.75535973    1.12459658    1.02297622    0.71794283    0.69458666    0.00000000    0.56709469    0.79947206    1.17648215    0.98164032    1.35633767    1.39021368    1.61940522    1.64516439    1.46615247    1.25078806    1.39119241    1.33848517    1.35890527    1.64178931    1.53838129    1.70382120    1.63591367    1.69576872    1.77965332    1.58492468    1.76449849    1.56640573    1.50535911    0.78839093    0.74440176    0.79933499    0.92025504    0.70918120    0.80282294    0.93174208
A0LEX9_SYNFM/21-184     0.84923059    0.61851590    0.72482779    1.06773453    0.71180720    0.75151223    0.69089921    0.72783900    0.71982919    1.09983850    0.59991864    0.68369851    0.64869693    0.55735803    0.93413277    1.08659232    0.69942722    0.56066764    0.56709469    0.00000000    0.63806192    1.18021154    0.88349870    1.09978416    1.24549350    1.53126571    1.45085097    1.25924115    1.11297630    1.17747220    1.21364007    1.32424506    1.49538322    1.38323965    1.44575203    1.42702452    1.51068801    1.50737987    1.36296108    1.46150048    1.57237832    1.38104444    0.66335830    0.65571970    0.83478271    1.00458516    0.84366835    0.84529937    0.82050887
Q9CPK2_PASMU/27-188     0.79017201    0.73438027    0.74889672    0.98033750    0.91753875    0.69028984    0.72699871    0.61339976    0.75781678    0.94886863    0.64137425    0.58041953    0.56057511    0.60955952    0.94072022    0.90834894    0.77585405    0.76726118    0.79947206    0.63806192    0.00000000    1.07329425    0.86662520    1.20118507    1.05266299    1.34968397    1.29597176    1.28741360    1.13373769    1.28286927    1.15690843    1.26960619    1.41657591    1.39195640    1.15822818    1.14024219    1.12182178    1.16671798    1.27820932    1.39706235    1.24139511    1.34940623    0.62580311    0.65511342    0.76541219    0.81354002    0.65960446    0.84797828    0.75522770
A0A068NTR0_9BACT/18-180     1.25538703    1.11712703    1.18121218    1.28403888    1.25467771    1.12430105    1.24670785    1.08960826    1.18059701    1.17921045    1.12618203    1.03258782    1.08437268    1.11428031    1.32663929    1.59512709    1.28352494    1.12480590    1.17648215    1.18021154    1.07329425    0.00000000    0.87003878    1.26151344    1.51089667    1.88809432    1.31848872    1.66837716    1.39968678    1.54128368    1.49701743    1.53845719    1.74889057    1.71303329    1.72372919    1.57707076    1.60448306    1.52204633    1.64652042    1.64338039    1.69396730    1.48081303    0.93514075    1.12618354    1.18942411    1.26131703    1.16716065    1.24123185    1.14981374
R4KIH9_9FIRM/87-251     1.00792296    0.92508702    0.94387666    1.29488116    1.11893478    0.96640244    0.84607451    0.98039526    1.00710581    1.15671803    0.93242817    0.80707147    0.82999142    0.90842815    1.18297124    1.12576714    1.05332584    0.86680628    0.98164032    0.88349870    0.86662520    0.87003878    0.00000000    1.08263586    1.02900109    1.44699752    1.18882973    1.26248744    1.05217250    1.15230279    1.21249946    1.13598034    1.33950006    1.28378737    1.22165194    1.23284346    1.20620364    1.30770059    1.24908674    1.40747569    1.16218111    1.33797965    0.82596155    0.86711777    1.02741653    1.08866311    1.10728099    0.91038596    0.96774940
A9GPU4_SORC5/66-232     1.14513320    1.15002665    1.05663351    1.34996246    1.25024915    1.21720952    1.17391419    1.16389923    1.26384807    1.27175179    1.02733730    1.09521306    1.05077791    1.14376245    1.41293205    1.26686308    1.08141033    1.02842938    1.35633767    1.09978416    1.20118507    1.26151344    1.08263586    0.00000000    1.17308895    1.59264741    1.32349371    1.37929527    1.15114427    1.28454410    1.14898881    1.20050488    1.54758730    1.26495071    1.43998065    1.32646196    1.43343497    1.32425295    1.39877246    1.31575408    1.37631581    1.31830680    1.15518050    1.08811289    1.25670059    1.52546802    1.35498436    1.29739499    1.24007149
Q3AA40_CARHZ/65-226     1.28039214    1.26784131    1.19080729    1.44581823    1.33688797    1.25719414    1.25979980    1.09261148    1.25372029    1.51793225    1.29206341    1.16855361    1.10309634    1.13730155    1.49613310    1.46364354    1.13529107    1.28831971    1.39021368    1.24549350    1.05266299    1.51089667    1.02900109    1.17308895    0.00000000    0.74096101    0.70065985    0.56680617    0.55946543    0.52500104    0.51728149    0.51754934    0.72799463    0.73747694    0.72995597    0.76002678    0.84450698    0.83906024    0.79463706    0.82497302    0.71006351    0.86439290    1.19223901    1.23192009    1.34001739    1.41942833    1.34380046    1.41117403    1.49936891
M1MGW9_9CLOT/75-236     1.48534981    1.42878465    1.41071790    1.85913906    1.65346890    1.58518003    1.55958645    1.45860608    1.56123580    1.93104472    1.56089403    1.57212108    1.45465009    1.55486982    1.71884582    1.77152226    1.45132555    1.59787368    1.61940522    1.53126571    1.34968397    1.88809432    1.44699752    1.59264741    0.74096101    0.00000000    0.88122378    0.74569330    0.83141948    0.81289474    0.82076704    0.82110361    1.07606970    1.01232234    1.01084779    0.90622356    1.00082024    0.95116081    1.01999122    1.05490687    0.92890124    1.02859747    1.52158830    1.63147306    1.81784659    1.62203726    1.60675168    1.87181546    1.78394283
B8I778_RUMCH/61-224     1.52405320    1.51738976    1.47156128    1.58447866    1.62860724    1.45376574    1.53719737    1.39134280    1.61524535    1.59364832    1.49206789    1.43598769    1.30411453    1.39581316    1.58033665    1.72092972    1.38099492    1.43815833    1.64516439    1.45085097    1.29597176    1.31848872    1.18882973    1.32349371    0.70065985    0.88122378    0.00000000    0.78867729    0.78560879    0.74404596    0.76800022    0.67658651    1.05580421    0.96035469    0.96429196    0.94322176    0.99459590    1.00234087    0.94246710    1.05705774    0.90803982    1.08015074    1.28679452    1.47737933    1.44072530    1.70077845    1.61350383    1.65307830    1.71420091
A5N024_CLOK5/78-239     1.63392298    1.37824672    1.26686621    1.54368354    1.48223904    1.44908512    1.35474554    1.34640209    1.39773938    1.62584066    1.31712890    1.47946409    1.13217937    1.32797074    1.71248531    1.67496169    1.27842779    1.39882447    1.46615247    1.25924115    1.28741360    1.66837716    1.26248744    1.37929527    0.56680617    0.74569330    0.78867729    0.00000000    0.72701724    0.67203414    0.57361174    0.61531196    1.09693517    0.92563588    0.99162314    1.00143925    1.08913050    1.09644801    0.96844954    1.09064415    0.80592617    0.91102565    1.40928423    1.43953252    1.48728986    1.65711654    1.54480090    1.56289902    1.62889545
Q24XI4_DESHY/5-167     1.28944208    1.14531722    1.22113651    1.37904035    1.32677393    1.12165629    1.10485317    1.19155718    1.22500222    1.47959016    1.17910076    1.12005761    0.97295831    1.07347488    1.50036491    1.60244186    1.10920898    1.22737860    1.25078806    1.11297630    1.13373769    1.39968678    1.05217250    1.15114427    0.55946543    0.83141948    0.78560879    0.72701724    0.00000000    0.28426147    0.52609846    0.51065582    0.93758947    0.83363044    0.95050480    0.99428945    0.98096366    1.08487486    0.88618170    0.97523190    0.92310269    0.93952720    1.18934938    1.24717950    1.24186809    1.44309807    1.28579893    1.47792012    1.48274944
L0F815_DESDL/67-229     1.51161104    1.25266659    1.35334622    1.50173208    1.33759389    1.30049340    1.23038403    1.32292564    1.38924921    1.57009927    1.28806600    1.27630574    1.12411346    1.16772887    1.57991497    1.67623237    1.21227946    1.36545167    1.39119241    1.17747220    1.28286927    1.54128368    1.15230279    1.28454410    0.52500104    0.81289474    0.74404596    0.67203414    0.28426147    0.00000000    0.52337155    0.52882994    0.99120710    0.84728382    1.09354025    1.06261854    1.01507382    1.03272113    0.93784592    1.02226638    0.86279737    0.99559032    1.39092012    1.29765733    1.38269410    1.55638805    1.38520683    1.45575991    1.54206501
J7J3U1_DESMD/62-224     1.43502951    1.28190328    1.15950331    1.37647469    1.32345622    1.20093382    1.31363539    1.23364499    1.29744084    1.50823711    1.29101227    1.25550430    1.06821287    1.13745980    1.39881830    1.54729132    1.14308321    1.25604135    1.33848517    1.21364007    1.15690843    1.49701743    1.21249946    1.14898881    0.51728149    0.82076704    0.76800022    0.57361174    0.52609846    0.52337155    0.00000000    0.32462851    0.93638216    0.85659700    0.91393292    0.93789542    1.02043903    1.07287569    0.89996817    0.92998539    0.91003808    0.90720663    1.26916271    1.30706660    1.35034818    1.59430883    1.52775504    1.37519859    1.53222017
I4D6F1_DESAJ/82-244     1.52897718    1.44194683    1.39505194    1.58358675    1.45231115    1.35547785    1.42092736    1.36200899    1.44538336    1.62573681    1.31201506    1.24082327    1.06406251    1.21328180    1.46403450    1.62770159    1.18456305    1.24179788    1.35890527    1.32424506    1.26960619    1.53845719    1.13598034    1.20050488    0.51754934    0.82110361    0.67658651    0.61531196    0.51065582    0.52882994    0.32462851    0.00000000    0.89275802    0.82662963    0.86938127    0.99014708    1.06672613    1.06964592    0.90568099    0.97734160    0.95837499    0.88005039    1.33009222    1.41654471    1.43171109    1.61948013    1.52449582    1.42504794    1.61736680
R7ESS7_9FIRM/70-224     1.63858888    1.41909795    1.37516322    1.52950551    1.56184607    1.46560096    1.45013530    1.44311339    1.45114704    1.64671391    1.49897193    1.52912504    1.42729199    1.33003107    1.78248525    1.73056604    1.48605880    1.48461297    1.64178931    1.49538322    1.41657591    1.74889057    1.33950006    1.54758730    0.72799463    1.07606970    1.05580421    1.09693517    0.93758947    0.99120710    0.93638216    0.89275802    0.00000000    0.51805585    0.96528803    0.80594282    0.88979055    0.96090353    0.84557557    0.73323329    0.88117750    0.92599729    1.38427962    1.43863486    1.51280633    1.57183368    1.68821385    1.64140039    1.66052278
R6HIW7_9FIRM/60-215     1.55498934    1.37996329    1.45231333    1.59557352    1.52150521    1.60288192    1.47215114    1.47522116    1.47067609    1.81797165    1.39448494    1.51155437    1.34598233    1.27690712    1.70918811    1.73062038    1.38112981    1.49960742    1.53838129    1.38323965    1.39195640    1.71303329    1.28378737    1.26495071    0.73747694    1.01232234    0.96035469    0.92563588    0.83363044    0.84728382    0.85659700    0.82662963    0.51805585    0.00000000    0.86809623    0.85775611    0.93870581    0.90703771    0.95665332    0.74271092    0.81548369    0.95736894    1.43081272    1.42251311    1.64866407    1.70111831    1.57201314    1.76479752    1.90949281
R5QBD4_9FIRM/58-211     1.52562469    1.56176436    1.47156330    1.81251112    1.68108238    1.52506060    1.64594146    1.45411714    1.60189463    1.88582748    1.47134558    1.34795836    1.27263961    1.35611051    1.70144403    1.76001360    1.56680943    1.58059932    1.70382120    1.44575203    1.15822818    1.72372919    1.22165194    1.43998065    0.72995597    1.01084779    0.96429196    0.99162314    0.95050480    1.09354025    0.91393292    0.86938127    0.96528803    0.86809623    0.00000000    0.47027877    0.47190485    0.60917502    0.61544074    0.59904477    0.81564831    1.05451134    1.38382174    1.49487204    1.61782360    1.67903445    1.55731272    1.61798662    1.66185706
R7IVK7_9CLOT/61-214     1.51817303    1.42625049    1.42646469    1.60702048    1.65534486    1.54918830    1.47523435    1.34109770    1.55703671    1.66547506    1.28664061    1.30208021    1.33326242    1.31700607    1.85620795    1.87361703    1.48235250    1.59371642    1.63591367    1.42702452    1.14024219    1.57707076    1.23284346    1.32646196    0.76002678    0.90622356    0.94322176    1.00143925    0.99428945    1.06261854    0.93789542    0.99014708    0.80594282    0.85775611    0.47027877    0.00000000    0.37460778    0.37236513    0.54018919    0.55957790    0.87363912    1.02649043    1.30544445    1.48520769    1.70719993    1.59679983    1.44315601    1.66932171    1.66764874
C4ZAL9_AGARV/73-226     1.43732319    1.43339507    1.38733383    1.67643027    1.58033687    1.42324486    1.57983886    1.44698540    1.54162732    1.70989544    1.38342571    1.31678772    1.35406731    1.41868751    1.77132556    1.77810413    1.50304840    1.55651197    1.69576872    1.51068801    1.12182178    1.60448306    1.20620364    1.43343497    0.84450698    1.00082024    0.99459590    1.08913050    0.98096366    1.01507382    1.02043903    1.06672613    0.88979055    0.93870581    0.47190485    0.37460778    0.00000000    0.37578814    0.41681868    0.51949233    0.76934648    1.03779771    1.39815605    1.58470327    1.63513607    1.51427699    1.43033377    1.63449521    1.59271349
R7F6K4_9CLOT/62-217     1.43572414    1.43941289    1.48325787    1.72618939    1.72433411    1.55621122    1.62850167    1.38616788    1.50032909    1.76263962    1.31689635    1.35735818    1.37607800    1.47770115    1.66919848    1.75599928    1.56119285    1.59713234    1.77965332    1.50737987    1.16671798    1.52204633    1.30770059    1.32425295    0.83906024    0.95116081    1.00234087    1.09644801    1.08487486    1.03272113    1.07287569    1.06964592    0.96090353    0.90703771    0.60917502    0.37236513    0.37578814    0.00000000    0.57781291    0.63100329    0.89470718    1.25821998    1.28340454    1.46578349    1.84418223    1.50046518    1.44792244    1.68129352    1.65918530
R7FYY5_9FIRM/135-288     1.48571138    1.43875155    1.32937555    1.69419081    1.52794790    1.41932197    1.43306964    1.35302361    1.41518693    1.78302640    1.38955333    1.27620072    1.25355128    1.32098712    1.80021144    1.91435472    1.58599390    1.53900522    1.58492468    1.36296108    1.27820932    1.64652042    1.24908674    1.39877246    0.79463706    1.01999122    0.94246710    0.96844954    0.88618170    0.93784592    0.89996817    0.90568099    0.84557557    0.95665332    0.61544074    0.54018919    0.41681868    0.57781291    0.00000000    0.47948478    0.85826235    0.98725801    1.34653257    1.43416195    1.59886029    1.52321720    1.56171521    1.72834586    1.59706827
R6Q408_9FIRM/65-218     1.53854182    1.46237929    1.46749883    1.70151748    1.62620128    1.60129949    1.57767951    1.37389307    1.52214494    1.59978565    1.33825507    1.36312429    1.38652719    1.33867722    1.55860759    1.63786583    1.48352682    1.58915362    1.76449849    1.46150048    1.39706235    1.64338039    1.40747569    1.31575408    0.82497302    1.05490687    1.05705774    1.09064415    0.97523190    1.02226638    0.92998539    0.97734160    0.73323329    0.74271092    0.59904477    0.55957790    0.51949233    0.63100329    0.47948478    0.00000000    0.96772804    1.06066249    1.35044836    1.46170410    1.86541686    1.63810678    1.54241040    1.75804439    1.80222494
R7L4C0_9CLOT/66-222     1.55504363    1.33890881    1.40997665    1.63342136    1.56114893    1.39128115    1.42173265    1.33814011    1.48493816    1.46747062    1.35864372    1.41716650    1.28807875    1.31721951    1.60485476    1.60044061    1.40106946    1.49639371    1.56640573    1.57237832    1.24139511    1.69396730    1.16218111    1.37631581    0.71006351    0.92890124    0.90803982    0.80592617    0.92310269    0.86279737    0.91003808    0.95837499    0.88117750    0.81548369    0.81564831    0.87363912    0.76934648    0.89470718    0.85826235    0.96772804    0.00000000    0.81175031    1.48076468    1.58246430    1.39909582    1.53831256    1.46714608    1.59166220    1.80458226
I3WIC4_BIFBI/83-240     1.46244057    1.43525601    1.37509146    1.54916505    1.55793339    1.56811473    1.51358190    1.37566217    1.45343955    1.51211615    1.41896730    1.35082003    1.18740413    1.19662719    1.56045043    1.79903010    1.26449315    1.36766168    1.50535911    1.38104444    1.34940623    1.48081303    1.33797965    1.31830680    0.86439290    1.02859747    1.08015074    0.91102565    0.93952720    0.99559032    0.90720663    0.88005039    0.92599729    0.95736894    1.05451134    1.02649043    1.03779771    1.25821998    0.98725801    1.06066249    0.81175031    0.00000000    1.31786051    1.48834694    1.60414490    1.65516040    1.62592694    1.39158079    1.65984567
YIJF_ECOLI/40-202     0.58214965    0.78679454    0.84519926    1.06981188    0.91665851    0.80999008    0.82051199    0.71691792    0.84197602    0.97612268    0.72493996    0.52533157    0.55327530    0.59941056    0.88737791    1.01459929    0.86617512    0.69608021    0.78839093    0.66335830    0.62580311    0.93514075    0.82596155    1.15518050    1.19223901    1.52158830    1.28679452    1.40928423    1.18934938    1.39092012    1.26916271    1.33009222    1.38427962    1.43081272    1.38382174    1.30544445    1.39815605    1.28340454    1.34653257    1.35044836    1.48076468    1.31786051    0.00000000    0.34936089    0.71491965    0.86819535    0.84099210    0.77897346    0.71641837
Q8ZKN0_SALTY/42-204     0.67341822    0.77743648    0.82199408    1.11992800    0.88392048    0.83696197    0.72727757    0.71903828    0.74133587    0.98822212    0.67373992    0.61831344    0.66580896    0.60832010    0.95256468    0.89809922    0.90002869    0.80189778    0.74440176    0.65571970    0.65511342    1.12618354    0.86711777    1.08811289    1.23192009    1.63147306    1.47737933    1.43953252    1.24717950    1.29765733    1.30706660    1.41654471    1.43863486    1.42251311    1.49487204    1.48520769    1.58470327    1.46578349    1.43416195    1.46170410    1.58246430    1.48834694    0.34936089    0.00000000    0.70508334    0.86648378    0.83549499    0.76088747    0.82125291
K9UH45_CHAP6/47-209     0.87668753    0.83957935    0.86089192    1.08551591    0.93406045    0.73179053    0.77603256    0.74309214    0.85872222    0.94874417    0.74664080    0.72483231    0.63507725    0.68503338    1.02841603    0.96657387    0.81973429    0.94661440    0.79933499    0.83478271    0.76541219    1.18942411    1.02741653    1.25670059    1.34001739    1.81784659    1.44072530    1.48728986    1.24186809    1.38269410    1.35034818    1.43171109    1.51280633    1.64866407    1.61782360    1.70719993    1.63513607    1.84418223    1.59886029    1.86541686    1.39909582    1.60414490    0.71491965    0.70508334    0.00000000    0.84628238    0.87440572    0.79496299    0.86822225
H8XSF1_FLAIG/49-214     0.75081010    0.79120996    0.77993692    1.09510180    0.91299853    0.71097886    0.59823735    0.64563215    0.70117335    0.90963371    0.67311469    0.92786208    0.92691935    0.94260904    1.12164373    1.11508152    0.96196399    1.11745598    0.92025504    1.00458516    0.81354002    1.26131703    1.08866311    1.52546802    1.41942833    1.62203726    1.70077845    1.65711654    1.44309807    1.55638805    1.59430883    1.61948013    1.57183368    1.70111831    1.67903445    1.59679983    1.51427699    1.50046518    1.52321720    1.63810678    1.53831256    1.65516040    0.86819535    0.86648378    0.84628238    0.00000000    0.45405833    0.62780141    0.74316279
F9YRC3_CAPCC/27-189     0.63216247    0.59647014    0.68796913    1.07232929    0.86204395    0.58686121    0.49570708    0.59900947    0.64465818    0.79779607    0.65954588    0.86870809    0.79505967    0.83792914    1.10176803    1.10953545    0.99212081    0.98314400    0.70918120    0.84366835    0.65960446    1.16716065    1.10728099    1.35498436    1.34380046    1.60675168    1.61350383    1.54480090    1.28579893    1.38520683    1.52775504    1.52449582    1.68821385    1.57201314    1.55731272    1.44315601    1.43033377    1.44792244    1.56171521    1.54241040    1.46714608    1.62592694    0.84099210    0.83549499    0.87440572    0.45405833    0.00000000    0.65658514    0.72781756
R5P859_9BACT/27-194     0.73005336    0.68296037    0.79034793    1.07468218    0.78111892    0.67811372    0.63821863    0.82971246    0.72161297    0.80892401    0.75569232    0.84277603    0.71625788    0.70070049    1.15490104    1.11000589    0.94033475    0.98021712    0.80282294    0.84529937    0.84797828    1.24123185    0.91038596    1.29739499    1.41117403    1.87181546    1.65307830    1.56289902    1.47792012    1.45575991    1.37519859    1.42504794    1.64140039    1.76479752    1.61798662    1.66932171    1.63449521    1.68129352    1.72834586    1.75804439    1.59166220    1.39158079    0.77897346    0.76088747    0.79496299    0.62780141    0.65658514    0.00000000    0.64162572
M1S908_MORMO/28-192     0.80719988    0.80005610    0.74158473    0.99989560    0.81630619    0.66016208    0.66465316    0.66320478    0.76576138    0.82854132    0.72616082    0.86253960    0.74753384    0.80564137    1.18041309    0.98714047    0.93751735    1.02632293    0.93174208    0.82050887    0.75522770    1.14981374    0.96774940    1.24007149    1.49936891    1.78394283    1.71420091    1.62889545    1.48274944    1.54206501    1.53222017    1.61736680    1.66052278    1.90949281    1.66185706    1.66764874    1.59271349    1.65918530    1.59706827    1.80222494    1.80458226    1.65984567    0.71641837    0.82125291    0.86822225    0.74316279    0.72781756    0.64162572    0.00000000

