55
Q186N2_CLOD6/10-310     0.00000000    0.75389886    0.95384114    0.77662031    0.80227789    0.76263911    0.73419878    0.83134527    0.70313815    0.82294849    0.96009077    0.84596161    0.89867726    1.01583822    1.06689326    1.06949227    1.12192535    1.17603425    0.99471161    1.26240230    1.25370242    1.17851045    1.26190764    1.26892986    1.21480599    1.25142744    1.19143792    1.34685850    1.26703452    1.17678544    1.29017151    1.25118632    1.24084387    1.27977810    1.26967777    1.24023993    1.38004963    1.37919124    1.39653318    1.20346047    1.33868486    1.13979200    1.19353842    1.14494373    0.84702473    1.08047088    1.03772214    1.34495436    1.10339611    0.86098623    0.82449746    0.98383116    0.91623411    0.82942701    0.75038023
Q8DQB0_STRR6/10-307     0.75389886    0.00000000    0.92391064    0.63930690    0.71597495    0.69227651    0.60183884    0.92047737    0.85339579    0.84721192    0.93823322    0.89989018    0.98488734    1.11098531    1.16460593    1.19675536    1.14113644    1.16521931    1.04490555    1.29420707    1.27895827    1.27300075    1.19989639    1.30360792    1.24865726    1.27104255    1.27740168    1.37340816    1.40833551    1.24465824    1.32753998    1.31110379    1.18969309    1.17415016    1.22108636    1.22207973    1.31965390    1.28390619    1.27264465    1.25899699    1.27605717    1.16466395    1.18362223    1.15423453    0.88406914    1.02167928    1.13482743    1.21576107    1.07187333    0.84868323    0.90925504    1.03650328    0.99525946    0.89811131    0.75069870
Q74HE8_LACJO/10-307     0.95384114    0.92391064    0.00000000    0.66521091    0.62708469    0.69407593    0.65759834    0.93087309    0.86303456    0.96942443    0.98336177    0.96803886    0.95415404    1.01506829    1.09690976    1.24052690    1.08573366    1.11679398    1.15502174    1.08144844    1.10801833    1.15379125    1.11881315    1.12679225    1.00041037    1.09932915    1.14146710    1.23414489    1.17867518    1.14907665    1.16714374    1.15045710    1.12752264    1.14286745    1.16448306    1.23502914    1.35840985    1.32066804    1.23208120    1.15617253    1.19359198    1.05825703    1.09662616    1.20436652    0.81802070    1.00789001    1.01333954    1.23874255    0.99602994    0.93868411    0.84701752    0.83235170    0.87729168    0.72666870    0.68345823
K8E7H8_CARML/10-310     0.77662031    0.63930690    0.66521091    0.00000000    0.40556388    0.37097524    0.30568296    0.78309582    0.68853652    0.75356952    0.82311222    0.88870954    0.88779762    1.01728293    0.98106523    1.09621711    1.03526776    1.08923651    1.05215248    1.25768458    1.22705899    1.28030331    1.15502118    1.20369607    1.09569565    1.24208881    1.18579674    1.32619251    1.34022596    1.11581423    1.11860147    1.10519490    1.19068629    1.15345757    1.21823283    1.23121610    1.31717075    1.32546670    1.28698076    1.16324950    1.18137354    1.11251381    1.16615769    1.18655612    0.75522753    0.95381713    0.92434298    1.20849609    1.04824608    0.79682600    0.70764523    0.81083685    0.80648594    0.74901822    0.61906872
G4L5L2_TETHN/10-306     0.80227789    0.71597495    0.62708469    0.40556388    0.00000000    0.28153582    0.37794732    0.83037502    0.79275073    0.83249316    0.82548955    0.85640033    0.92804895    1.06691500    0.97468562    1.17438393    1.08194940    1.06504540    1.12006749    1.16851762    1.12494180    1.15602131    1.18549741    1.30839941    1.21391548    1.26728072    1.34870913    1.40846605    1.33030406    1.17191134    1.27211776    1.18061335    1.20114003    1.20819385    1.22531490    1.26776925    1.38506405    1.32750302    1.25167463    1.17758047    1.18158712    1.09233758    1.20134288    1.12357719    0.79935372    0.92957562    0.98225886    1.13053725    1.02090206    0.83065917    0.88428329    0.91334850    0.84748761    0.73120096    0.67749147
F3YCT8_MELPT/10-306     0.76263911    0.69227651    0.69407593    0.37097524    0.28153582    0.00000000    0.33591158    0.78711257    0.75228001    0.82435069    0.81417038    0.86178455    0.90875607    1.00235461    0.99410365    1.09767292    1.07448787    1.05130402    1.09850689    1.25654744    1.19863456    1.26673147    1.20358626    1.33896478    1.26754469    1.27206977    1.29048632    1.37231046    1.38047292    1.20096949    1.23217369    1.26886699    1.23826566    1.27307014    1.23437539    1.32978542    1.34367542    1.38932764    1.29847138    1.22399575    1.25808309    1.18382583    1.25334716    1.11698860    0.82605061    0.97617817    0.91156994    1.17158949    1.04653460    0.87083928    0.88665035    0.94919094    0.88070794    0.72072832    0.64733068
T0VJQ7_9ENTE/10-306     0.73419878    0.60183884    0.65759834    0.30568296    0.37794732    0.33591158    0.00000000    0.77112297    0.62481551    0.74357034    0.86093169    0.83154299    0.89952360    1.05842723    1.09591278    1.13575183    1.08344610    1.09145599    1.03485420    1.19648348    1.19002918    1.24634993    1.22158137    1.23674162    1.14122626    1.18615509    1.20151855    1.34903855    1.33113084    1.19418399    1.18739290    1.14625531    1.16561018    1.19294550    1.25009538    1.19193148    1.34497227    1.34893148    1.31295951    1.21711021    1.21059899    1.11216361    1.27644761    1.13051444    0.73505052    0.91599609    0.93319293    1.19790584    0.98301734    0.80714431    0.82465551    0.90337778    0.87704572    0.67832806    0.63654665
E3H784_ILYPC/7-304     0.83134527    0.92047737    0.93087309    0.78309582    0.83037502    0.78711257    0.77112297    0.00000000    0.48655883    0.64240585    0.86864304    0.81943367    0.89187783    0.92659031    0.87057769    1.04546681    1.11290423    1.00376360    1.07116110    1.17646275    1.21565668    1.26714157    1.19501176    1.24468565    1.23163355    1.20964179    1.20927193    1.22725372    1.23475687    1.14817078    1.23020195    1.17449823    1.21182241    1.21189831    1.30650085    1.23389884    1.30755132    1.30711969    1.21092421    1.20820587    1.28823236    1.08904397    1.20374119    1.12048051    0.76538713    0.94976813    0.94343298    1.17414701    1.02948331    0.86256780    0.92467558    0.94714650    0.96096023    0.77300845    0.71571857
E3PR52_ACESD/7-304     0.70313815    0.85339579    0.86303456    0.68853652    0.79275073    0.75228001    0.62481551    0.48655883    0.00000000    0.40293872    0.91956529    0.83207154    0.88958598    0.96389274    0.86664641    0.95342169    1.14531801    1.01508536    1.04820558    1.17603638    1.25108413    1.20381219    1.14499069    1.24064554    1.23720964    1.19114312    1.21928741    1.36829778    1.31412556    1.14528160    1.14446036    1.18741897    1.13939808    1.23565459    1.23108401    1.11098469    1.19150407    1.25161872    1.19037188    1.17626679    1.20793136    1.08952876    1.27870305    1.07814505    0.59316944    0.86176751    0.90209418    1.19005856    1.01939502    0.78109738    0.82452574    0.91421138    0.87405378    0.75010001    0.62137558
E3DNJ6_HALPG/7-304     0.82294849    0.84721192    0.96942443    0.75356952    0.83249316    0.82435069    0.74357034    0.64240585    0.40293872    0.00000000    0.97396941    0.85338507    0.93881732    0.98019566    0.92590606    1.01211775    1.11183444    1.06726311    0.96461475    1.20966645    1.24010971    1.25746249    1.08261206    1.14100500    1.17422111    1.16289835    1.19289884    1.34254888    1.32678588    1.11241090    1.19310702    1.15653594    1.17549840    1.20743984    1.18920573    1.13747191    1.18150345    1.28270266    1.20414997    1.13462215    1.14557382    0.96973675    1.15138996    1.06242541    0.71214836    0.83561821    0.93538187    1.21870805    1.01094017    0.87895873    0.86017639    0.87998090    0.91401704    0.78863775    0.64905492
B0S414_FINM2/14-328     0.96009077    0.93823322    0.98336177    0.82311222    0.82548955    0.81417038    0.86093169    0.86864304    0.91956529    0.97396941    0.00000000    0.67063805    0.67188046    1.08852806    1.11431285    1.18063149    1.30732659    1.24300248    1.06975889    1.34512790    1.36486351    1.34522510    1.26369340    1.44026631    1.32888082    1.33622173    1.36726787    1.44281211    1.40663132    1.23628873    1.34812236    1.30958305    1.27727608    1.21035905    1.23086132    1.22956455    1.41640599    1.34501163    1.25552557    1.20615975    1.37574955    1.28366973    1.18257296    1.26650144    0.84882006    1.05453383    0.99711061    1.21952859    1.05684885    0.93567966    0.92578657    0.96764788    0.97891281    0.93381041    0.84467952
Q73RB5_TREDE/14-332     0.84596161    0.89989018    0.96803886    0.88870954    0.85640033    0.86178455    0.83154299    0.81943367    0.83207154    0.85338507    0.67063805    0.00000000    0.23830500    1.07841592    1.18085211    1.17713642    1.28693778    1.35947134    1.22070440    1.37914421    1.29826348    1.41060473    1.33041243    1.45648657    1.30420232    1.32698239    1.37521430    1.51077564    1.44193552    1.25670101    1.31040568    1.29610677    1.33507262    1.22684621    1.35136675    1.34577720    1.56498829    1.41271765    1.45813014    1.22221572    1.36689284    1.23819621    1.36989871    1.24043065    0.87852509    1.02725151    0.99809138    1.21815080    1.06129828    0.93619452    0.94191179    1.01944871    1.09278741    0.87835094    0.84356419
S6A2M7_9SPIO/14-332     0.89867726    0.98488734    0.95415404    0.88779762    0.92804895    0.90875607    0.89952360    0.89187783    0.88958598    0.93881732    0.67188046    0.23830500    0.00000000    1.14696920    1.24263715    1.23016315    1.30891905    1.37918897    1.21122111    1.43842141    1.41512614    1.46551414    1.40479730    1.48397187    1.36413322    1.38524094    1.38476209    1.52365018    1.44637915    1.32021344    1.39991881    1.36222745    1.40777809    1.33537831    1.32957981    1.34436199    1.66153669    1.47457555    1.39901191    1.24162149    1.43998384    1.25542263    1.33147650    1.31683029    0.89347480    1.06173936    1.02959186    1.22779758    1.10226400    0.92048873    0.92492281    0.98552027    1.06467990    0.88784472    0.86488633
B5Y5X7_COPPD/10-309     1.01583822    1.11098531    1.01506829    1.01728293    1.06691500    1.00235461    1.05842723    0.92659031    0.96389274    0.98019566    1.08852806    1.07841592    1.14696920    0.00000000    0.77797157    1.02027241    0.95052731    1.06814858    0.94773402    1.05298161    1.10228486    1.08172812    1.15718380    1.13226870    1.07288117    1.04187749    1.04293313    1.10040364    1.14478989    1.20085817    1.10080987    1.13231442    1.04588161    0.99327210    1.07958116    1.10604207    1.25041250    1.20798582    1.21395601    1.06763154    1.10950117    0.92394360    1.20432307    0.99613780    0.88970556    1.08368225    1.16724236    1.35480971    1.16962873    1.14733873    0.99506019    1.04808026    1.05428925    1.02252118    0.98724942
D1B8S2_THEAS/6-303     1.06689326    1.16460593    1.09690976    0.98106523    0.97468562    0.99410365    1.09591278    0.87057769    0.86664641    0.92590606    1.11431285    1.18085211    1.24263715    0.77797157    0.00000000    0.74733905    0.84876137    0.90115789    0.94675627    0.95439859    0.91693552    0.94364971    0.94243021    0.95662202    0.94721532    0.95943042    0.97257876    0.98845730    1.02173288    1.01991252    0.95628109    1.03701307    0.86832247    0.91196876    0.87481824    0.95886836    1.00342024    0.92903260    0.90345217    0.87127962    0.90967652    0.84582862    0.96543448    0.84439489    0.93467523    1.15605980    1.24527566    1.28291184    1.28922316    1.15527715    0.98538036    1.05737667    0.98349047    1.01245511    1.04037727
Q5E530_ALIF1/3-301     1.06949227    1.19675536    1.24052690    1.09621711    1.17438393    1.09767292    1.13575183    1.04546681    0.95342169    1.01211775    1.18063149    1.17713642    1.23016315    1.02027241    0.74733905    0.00000000    0.93980254    0.92783101    1.03694000    1.08381739    0.97197287    1.04064837    1.13306160    1.12465352    1.09874447    1.15620990    1.09895597    1.20746306    1.17308987    1.25640740    1.03118644    1.13069072    0.94905102    0.99089104    0.97183318    1.05902048    1.10114794    1.13008389    1.07357329    0.95141845    0.91718896    1.02763170    1.06200667    0.84650805    0.99890978    1.19484752    1.30043129    1.32701666    1.27584438    1.16142984    1.08727578    1.17957506    1.20677820    1.10175765    1.01746676
C8WUR8_ALIAD/5-315     1.12192535    1.14113644    1.08573366    1.03526776    1.08194940    1.07448787    1.08344610    1.11290423    1.14531801    1.11183444    1.30732659    1.28693778    1.30891905    0.95052731    0.84876137    0.93980254    0.00000000    0.60723505    0.92313170    0.82148809    0.82220230    0.87042424    0.93442245    0.83482153    0.80274271    0.84852385    0.89832366    0.86290701    0.90871899    0.94073345    1.00337506    0.96926419    0.90102287    0.94439682    0.95029066    1.08341137    1.02909404    0.95446046    0.88910243    0.86213700    0.87818404    0.85484633    1.05022197    0.88461409    1.05040123    1.32122671    1.37488477    1.49800318    1.31147848    1.18600720    1.04930296    1.09402139    1.06378416    1.10227664    1.15380561
G2TJB8_BACCO/6-315     1.17603425    1.16521931    1.11679398    1.08923651    1.06504540    1.05130402    1.09145599    1.00376360    1.01508536    1.06726311    1.24300248    1.35947134    1.37918897    1.06814858    0.90115789    0.92783101    0.60723505    0.00000000    0.81894220    0.84052034    0.86703969    0.87144243    1.04359151    0.96276576    0.97853233    0.90868348    0.97589247    0.99889765    0.96953892    1.07980871    1.07279663    1.05520265    1.02032677    1.11344749    1.04558843    0.93718163    0.98208021    1.02688991    0.93396946    0.95992471    0.94159534    0.88603464    1.01710041    0.95701711    0.95175554    1.12982748    1.11988488    1.19052447    1.24128412    1.21824457    1.04566529    1.12940688    1.10574694    1.11663267    1.03829547
A0A6L7HRX1_BACAN/7-318     0.99471161    1.04490555    1.15502174    1.05215248    1.12006749    1.09850689    1.03485420    1.07116110    1.04820558    0.96461475    1.06975889    1.22070440    1.21122111    0.94773402    0.94675627    1.03694000    0.92313170    0.81894220    0.00000000    0.96911390    1.02732198    1.06340484    0.99640359    0.96063613    0.93389313    0.90882525    0.92193196    0.97666210    0.92958150    1.04227296    1.08324035    1.00255535    1.00978182    0.94007570    0.91056455    0.96639774    1.04837785    1.01290564    0.99712853    0.93836874    0.96287264    0.84546983    1.06845825    0.88029208    1.01008977    1.15535377    1.18352203    1.29702904    1.31178586    1.14364545    0.97701463    1.13996022    1.23820047    1.04545783    1.06392254
A1S1H5_SHEAM/7-326     1.26240230    1.29420707    1.08144844    1.25768458    1.16851762    1.25654744    1.19648348    1.17646275    1.17603638    1.20966645    1.34512790    1.37914421    1.43842141    1.05298161    0.95439859    1.08381739    0.82148809    0.84052034    0.96911390    0.00000000    0.42997445    0.48811658    0.83415123    0.85793698    0.83046424    0.86034997    0.89412695    0.90621941    0.84660046    1.12942226    1.10474207    1.14389831    0.89747361    0.93532613    0.93539111    1.06577492    1.04931269    1.03745532    0.95104940    0.99535778    0.97666677    0.91309122    1.01838196    0.90677402    1.03155827    1.30783504    1.39861681    1.48486989    1.31234089    1.33703617    1.09213687    1.16944375    1.11882449    1.05727269    1.16311003
D8IRE7_HERSS/8-327     1.25370242    1.27895827    1.10801833    1.22705899    1.12494180    1.19863456    1.19002918    1.21565668    1.25108413    1.24010971    1.36486351    1.29826348    1.41512614    1.10228486    0.91693552    0.97197287    0.82220230    0.86703969    1.02732198    0.42997445    0.00000000    0.28801947    0.86565064    0.80733502    0.79204089    0.82818422    0.80575539    0.89218596    0.83382701    1.09959656    1.01406125    1.09201223    0.88812574    0.97436569    0.96442174    1.10850278    1.05373727    1.03287190    1.03643806    0.96957058    0.95869033    1.00074369    0.96862192    0.95523155    1.08610361    1.34324730    1.44276139    1.46586934    1.35311351    1.33301258    1.09536017    1.16389924    1.13689335    1.21098709    1.21690985
G0AE76_COLFT/8-327     1.17851045    1.27300075    1.15379125    1.28030331    1.15602131    1.26673147    1.24634993    1.26714157    1.20381219    1.25746249    1.34522510    1.41060473    1.46551414    1.08172812    0.94364971    1.04064837    0.87042424    0.87144243    1.06340484    0.48811658    0.28801947    0.00000000    0.88694360    0.78727800    0.83767981    0.84313618    0.84967274    0.93460288    0.84672523    1.12904516    1.12668720    1.12466050    0.94871859    1.04709905    1.05523386    1.19082124    1.10868112    1.12631996    1.06819915    1.00983061    1.01238753    0.93510660    0.99237002    0.99842449    1.07819869    1.37109325    1.41584154    1.48229877    1.34208070    1.35910180    1.09193593    1.25033980    1.15968197    1.14572312    1.24057404
Q7NT85_CHRVO/6-317     1.26190764    1.19989639    1.11881315    1.15502118    1.18549741    1.20358626    1.22158137    1.19501176    1.14499069    1.08261206    1.26369340    1.33041243    1.40479730    1.15718380    0.94243021    1.13306160    0.93442245    1.04359151    0.99640359    0.83415123    0.86565064    0.88694360    0.00000000    0.62552903    0.67415743    0.63675965    0.73704439    0.72707134    0.74049527    1.02202552    0.97324419    0.99499342    0.88153621    0.95248484    0.97587887    1.06311202    1.05365258    0.93276552    0.95558812    0.90084742    0.88203475    0.88202347    1.08914216    0.97897621    1.15044418    1.30869428    1.39094364    1.45293075    1.37014973    1.34650604    1.10328172    1.23446267    1.17458698    1.17807188    1.25623645
Q220D3_RHOFT/6-317     1.26892986    1.30360792    1.12679225    1.20369607    1.30839941    1.33896478    1.23674162    1.24468565    1.24064554    1.14100500    1.44026631    1.45648657    1.48397187    1.13226870    0.95662202    1.12465352    0.83482153    0.96276576    0.96063613    0.85793698    0.80733502    0.78727800    0.62552903    0.00000000    0.24431198    0.39997970    0.45300093    0.52281889    0.47755760    1.07385293    0.97457830    1.09192601    0.87183841    0.94128976    0.98357536    1.07006462    1.08206241    0.99463614    0.93567404    0.96685602    0.86770225    0.78853900    0.96254110    0.89747315    1.20247304    1.31478614    1.40187517    1.56715009    1.41822114    1.42102619    1.18328661    1.28272805    1.17322604    1.16609570    1.28565124
D0IYS5_COMT2/6-316     1.21480599    1.24865726    1.00041037    1.09569565    1.21391548    1.26754469    1.14122626    1.23163355    1.23720964    1.17422111    1.32888082    1.30420232    1.36413322    1.07288117    0.94721532    1.09874447    0.80274271    0.97853233    0.93389313    0.83046424    0.79204089    0.83767981    0.67415743    0.24431198    0.00000000    0.41974913    0.40585134    0.52556809    0.46517768    0.97795477    0.95625452    1.05382604    0.88342453    0.87519807    0.93883211    1.06372869    1.04211408    0.97151393    0.94688664    0.89227369    0.86981409    0.76084167    0.95884124    0.88953168    1.15360572    1.29783610    1.39753848    1.44674550    1.34082208    1.40797801    1.13905469    1.23876348    1.16587430    1.13778107    1.23676122
E5AMS0_MYCRK/5-316     1.25142744    1.27104255    1.09932915    1.24208881    1.26728072    1.27206977    1.18615509    1.20964179    1.19114312    1.16289835    1.33622173    1.32698239    1.38524094    1.04187749    0.95943042    1.15620990    0.84852385    0.90868348    0.90882525    0.86034997    0.82818422    0.84313618    0.63675965    0.39997970    0.41974913    0.00000000    0.32470200    0.39641981    0.39124238    0.99804522    0.94765769    0.98998543    0.85586709    0.95769991    0.98673324    1.02747454    1.11598429    1.00333611    1.01655547    0.95998720    0.86775639    0.78333082    0.93820254    0.94455258    1.17451124    1.29771834    1.35660389    1.49305723    1.30212136    1.38444879    1.07359352    1.23393468    1.18444361    1.15705460    1.24308158
B2JIN3_PARP8/6-317     1.19143792    1.27740168    1.14146710    1.18579674    1.34870913    1.29048632    1.20151855    1.20927193    1.21928741    1.19289884    1.36726787    1.37521430    1.38476209    1.04293313    0.97257876    1.09895597    0.89832366    0.97589247    0.92193196    0.89412695    0.80575539    0.84967274    0.73704439    0.45300093    0.40585134    0.32470200    0.00000000    0.40233107    0.32367435    0.96780647    0.94817649    1.02461913    0.87734860    0.95911987    0.98843261    1.02742612    1.11989913    1.08100375    0.99285448    0.91633565    0.90732197    0.81372919    0.85980674    0.91668694    1.17942489    1.35917297    1.45639330    1.49228625    1.33113607    1.32763317    1.08241186    1.23713679    1.15322975    1.21655816    1.29259763
C5AKK1_BURGB/6-316     1.34685850    1.37340816    1.23414489    1.32619251    1.40846605    1.37231046    1.34903855    1.22725372    1.36829778    1.34254888    1.44281211    1.51077564    1.52365018    1.10040364    0.98845730    1.20746306    0.86290701    0.99889765    0.97666210    0.90621941    0.89218596    0.93460288    0.72707134    0.52281889    0.52556809    0.39641981    0.40233107    0.00000000    0.28096658    1.05542317    1.02010559    1.11194640    0.88542399    0.93061444    1.08299123    1.12274298    1.18967063    1.07772382    1.04866931    0.90564737    0.94819269    0.83615199    1.02306814    1.01819934    1.28555026    1.45417315    1.47705487    1.53175656    1.43428249    1.48640508    1.07749878    1.27070774    1.14636758    1.34599656    1.35851194
Q13J05_PARXL/6-317     1.26703452    1.40833551    1.17867518    1.34022596    1.33030406    1.38047292    1.33113084    1.23475687    1.31412556    1.32678588    1.40663132    1.44193552    1.44637915    1.14478989    1.02173288    1.17308987    0.90871899    0.96953892    0.92958150    0.84660046    0.83382701    0.84672523    0.74049527    0.47755760    0.46517768    0.39124238    0.32367435    0.28096658    0.00000000    1.03374071    0.97109514    1.04804493    0.86375436    0.95231342    1.03036583    1.08791462    1.15405020    1.03263879    1.00318332    0.92217536    0.93971687    0.83938599    0.91466605    0.98159544    1.23602002    1.38602926    1.41902820    1.43611803    1.42742035    1.42083297    1.12287323    1.31429839    1.20345201    1.30728401    1.38327012
W5W634_9PSEU/5-321     1.17678544    1.24465824    1.14907665    1.11581423    1.17191134    1.20096949    1.19418399    1.14817078    1.14528160    1.11241090    1.23628873    1.25670101    1.32021344    1.20085817    1.01991252    1.25640740    0.94073345    1.07980871    1.04227296    1.12942226    1.09959656    1.12904516    1.02202552    1.07385293    0.97795477    0.99804522    0.96780647    1.05542317    1.03374071    0.00000000    0.59829199    0.68552170    0.90588418    0.95767220    0.92707159    0.93479748    0.97392907    0.93216595    0.89725597    0.96820500    1.02445808    0.90554994    1.07309304    1.03489693    1.13910380    1.32907751    1.22595909    1.42933479    1.46141815    1.24439569    1.07182228    1.15638893    1.15902107    1.15275620    1.23883474
F8K451_STREN/5-322     1.29017151    1.32753998    1.16714374    1.11860147    1.27211776    1.23217369    1.18739290    1.23020195    1.14446036    1.19310702    1.34812236    1.31040568    1.39991881    1.10080987    0.95628109    1.03118644    1.00337506    1.07279663    1.08324035    1.10474207    1.01406125    1.12668720    0.97324419    0.97457830    0.95625452    0.94765769    0.94817649    1.02010559    0.97109514    0.59829199    0.00000000    0.41383816    0.80410457    0.87678229    0.86522810    0.86740071    0.91724640    0.93205047    0.91835733    0.94986214    0.88645100    0.84360204    1.22342887    1.07382254    1.15259030    1.30533241    1.27238094    1.49876080    1.40614620    1.28143593    1.09476676    1.23611568    1.27485730    1.20790271    1.31510147
V6JJA7_STRRC/5-324     1.25118632    1.31110379    1.15045710    1.10519490    1.18061335    1.26886699    1.14625531    1.17449823    1.18741897    1.15653594    1.30958305    1.29610677    1.36222745    1.13231442    1.03701307    1.13069072    0.96926419    1.05520265    1.00255535    1.14389831    1.09201223    1.12466050    0.99499342    1.09192601    1.05382604    0.98998543    1.02461913    1.11194640    1.04804493    0.68552170    0.41383816    0.00000000    0.86942268    0.93437832    0.89801618    0.83395383    1.03067506    0.94575286    0.97125470    1.08786179    0.98281227    0.84614766    1.12272075    0.98678188    1.10446483    1.15955523    1.22710310    1.35112870    1.35445769    1.30772100    1.04796044    1.20507197    1.28167825    1.21250203    1.37134666
B4RAI6_PHEZH/5-316     1.24084387    1.18969309    1.12752264    1.19068629    1.20114003    1.23826566    1.16561018    1.21182241    1.13939808    1.17549840    1.27727608    1.33507262    1.40777809    1.04588161    0.86832247    0.94905102    0.90102287    1.02032677    1.00978182    0.89747361    0.88812574    0.94871859    0.88153621    0.87183841    0.88342453    0.85586709    0.87734860    0.88542399    0.86375436    0.90588418    0.80410457    0.86942268    0.00000000    0.45267606    0.53092057    0.74994086    0.62970801    0.61251576    0.54714611    0.69058992    0.71967746    0.71608099    0.94793391    0.73223328    1.07700220    1.31819922    1.40620811    1.40235843    1.44874788    1.26216187    1.07084014    1.20512572    1.16148617    1.25570026    1.23767054
Q9A8Z6_CAUVC/6-316     1.27977810    1.17415016    1.14286745    1.15345757    1.20819385    1.27307014    1.19294550    1.21189831    1.23565459    1.20743984    1.21035905    1.22684621    1.33537831    0.99327210    0.91196876    0.99089104    0.94439682    1.11344749    0.94007570    0.93532613    0.97436569    1.04709905    0.95248484    0.94128976    0.87519807    0.95769991    0.95911987    0.93061444    0.95231342    0.95767220    0.87678229    0.93437832    0.45267606    0.00000000    0.59767207    0.82138748    0.68709057    0.64186638    0.65790385    0.71525204    0.72290684    0.75803646    1.02066363    0.78849434    1.14742876    1.21426596    1.36843364    1.38071810    1.30685480    1.18256717    1.04709168    1.17766509    1.21133691    1.13243917    1.21889081
A9GJV4_SORC5/5-316     1.26967777    1.22108636    1.16448306    1.21823283    1.22531490    1.23437539    1.25009538    1.30650085    1.23108401    1.18920573    1.23086132    1.35136675    1.32957981    1.07958116    0.87481824    0.97183318    0.95029066    1.04558843    0.91056455    0.93539111    0.96442174    1.05523386    0.97587887    0.98357536    0.93883211    0.98673324    0.98843261    1.08299123    1.03036583    0.92707159    0.86522810    0.89801618    0.53092057    0.59767207    0.00000000    0.72657598    0.68777015    0.62658955    0.63032209    0.68225132    0.58567944    0.70780745    1.02103160    0.71698061    1.05478258    1.19955453    1.32693863    1.35813282    1.32290093    1.21631823    1.14936339    1.19339782    1.12941185    1.09823559    1.25811894
Q2N8P9_ERYLH/5-316     1.24023993    1.22207973    1.23502914    1.23121610    1.26776925    1.32978542    1.19193148    1.23389884    1.11098469    1.13747191    1.22956455    1.34577720    1.34436199    1.10604207    0.95886836    1.05902048    1.08341137    0.93718163    0.96639774    1.06577492    1.10850278    1.19082124    1.06311202    1.07006462    1.06372869    1.02747454    1.02742612    1.12274298    1.08791462    0.93479748    0.86740071    0.83395383    0.74994086    0.82138748    0.72657598    0.00000000    0.64416247    0.63400011    0.68948777    0.86677723    0.88909814    0.82495446    1.06606531    0.84577365    1.07882426    1.22337885    1.24921253    1.43127163    1.37463158    1.28676380    1.05583913    1.24248929    1.21294865    1.29336140    1.30307996
G2IQI1_SPHSK/5-312     1.38004963    1.31965390    1.35840985    1.31717075    1.38506405    1.34367542    1.34497227    1.30755132    1.19150407    1.18150345    1.41640599    1.56498829    1.66153669    1.25041250    1.00342024    1.10114794    1.02909404    0.98208021    1.04837785    1.04931269    1.05373727    1.10868112    1.05365258    1.08206241    1.04211408    1.11598429    1.11989913    1.18967063    1.15405020    0.97392907    0.91724640    1.03067506    0.62970801    0.68709057    0.68777015    0.64416247    0.00000000    0.50095962    0.50845354    0.82381092    0.75397700    0.79300631    1.15550564    0.86286543    1.25344292    1.37907852    1.52354724    1.56788714    1.45745197    1.35427044    1.22445705    1.36151816    1.26160144    1.32374538    1.42247528
W0A645_9SPHN/5-312     1.37919124    1.28390619    1.32066804    1.32546670    1.32750302    1.38932764    1.34893148    1.30711969    1.25161872    1.28270266    1.34501163    1.41271765    1.47457555    1.20798582    0.92903260    1.13008389    0.95446046    1.02688991    1.01290564    1.03745532    1.03287190    1.12631996    0.93276552    0.99463614    0.97151393    1.00333611    1.08100375    1.07772382    1.03263879    0.93216595    0.93205047    0.94575286    0.61251576    0.64186638    0.62658955    0.63400011    0.50095962    0.00000000    0.39289465    0.84576533    0.73983436    0.82341707    1.13222583    0.87777916    1.23958783    1.23309022    1.47825874    1.51101908    1.40034785    1.35580761    1.14537322    1.20982906    1.21087950    1.32640329    1.33388134
A5V974_SPHWW/5-312     1.39653318    1.27264465    1.23208120    1.28698076    1.25167463    1.29847138    1.31295951    1.21092421    1.19037188    1.20414997    1.25552557    1.45813014    1.39901191    1.21395601    0.90345217    1.07357329    0.88910243    0.93396946    0.99712853    0.95104940    1.03643806    1.06819915    0.95558812    0.93567404    0.94688664    1.01655547    0.99285448    1.04866931    1.00318332    0.89725597    0.91835733    0.97125470    0.54714611    0.65790385    0.63032209    0.68948777    0.50845354    0.39289465    0.00000000    0.80584216    0.76906284    0.83518702    1.01857131    0.83524505    1.14464036    1.31366728    1.43891103    1.49032571    1.38514558    1.28900906    1.15016744    1.23626034    1.11693245    1.29227137    1.26567453
C1ACC5_GEMAT/5-315     1.20346047    1.25899699    1.15617253    1.16324950    1.17758047    1.22399575    1.21711021    1.20820587    1.17626679    1.13462215    1.20615975    1.22221572    1.24162149    1.06763154    0.87127962    0.95141845    0.86213700    0.95992471    0.93836874    0.99535778    0.96957058    1.00983061    0.90084742    0.96685602    0.89227369    0.95998720    0.91633565    0.90564737    0.92217536    0.96820500    0.94986214    1.08786179    0.69058992    0.71525204    0.68225132    0.86677723    0.82381092    0.84576533    0.80584216    0.00000000    0.56748412    0.71609948    1.05941191    0.77692257    1.00658358    1.24425827    1.28911172    1.46048808    1.31166239    1.16400187    1.09128131    1.15362020    1.09909603    1.13119946    1.16306546
W0RPS8_9BACT/5-316     1.33868486    1.27605717    1.19359198    1.18137354    1.18158712    1.25808309    1.21059899    1.28823236    1.20793136    1.14557382    1.37574955    1.36689284    1.43998384    1.10950117    0.90967652    0.91718896    0.87818404    0.94159534    0.96287264    0.97666677    0.95869033    1.01238753    0.88203475    0.86770225    0.86981409    0.86775639    0.90732197    0.94819269    0.93971687    1.02445808    0.88645100    0.98281227    0.71967746    0.72290684    0.58567944    0.88909814    0.75397700    0.73983436    0.76906284    0.56748412    0.00000000    0.66527915    1.08183622    0.71257741    1.13523134    1.18898541    1.26296081    1.38744240    1.27517516    1.23597377    1.10481632    1.22309360    1.18792612    1.14848580    1.23739653
W0HXP1_9GAMM/5-316     1.13979200    1.16466395    1.05825703    1.11251381    1.09233758    1.18382583    1.11216361    1.08904397    1.08952876    0.96973675    1.28366973    1.23819621    1.25542263    0.92394360    0.84582862    1.02763170    0.85484633    0.88603464    0.84546983    0.91309122    1.00074369    0.93510660    0.88202347    0.78853900    0.76084167    0.78333082    0.81372919    0.83615199    0.83938599    0.90554994    0.84360204    0.84614766    0.71608099    0.75803646    0.70780745    0.82495446    0.79300631    0.82341707    0.83518702    0.71609948    0.66527915    0.00000000    0.86754268    0.63205725    0.92036131    1.06039738    1.17618510    1.29675223    1.20732605    1.08402697    1.02239778    1.11482572    1.09000393    0.99914285    1.12421635
Q0PAW3_CAMJE/5-315     1.19353842    1.18362223    1.09662616    1.16615769    1.20134288    1.25334716    1.27644761    1.20374119    1.27870305    1.15138996    1.18257296    1.36989871    1.33147650    1.20432307    0.96543448    1.06200667    1.05022197    1.01710041    1.06845825    1.01838196    0.96862192    0.99237002    1.08914216    0.96254110    0.95884124    0.93820254    0.85980674    1.02306814    0.91466605    1.07309304    1.22342887    1.12272075    0.94793391    1.02066363    1.02103160    1.06606531    1.15550564    1.13222583    1.01857131    1.05941191    1.08183622    0.86754268    0.00000000    0.81005340    1.18526738    1.38151188    1.43982411    1.41307289    1.30074766    1.25405352    1.01083537    1.14386108    1.13825402    1.16452284    1.13359611
H2IQW8_RAHAC/5-314     1.14494373    1.15423453    1.20436652    1.18655612    1.12357719    1.11698860    1.13051444    1.12048051    1.07814505    1.06242541    1.26650144    1.24043065    1.31683029    0.99613780    0.84439489    0.84650805    0.88461409    0.95701711    0.88029208    0.90677402    0.95523155    0.99842449    0.97897621    0.89747315    0.88953168    0.94455258    0.91668694    1.01819934    0.98159544    1.03489693    1.07382254    0.98678188    0.73223328    0.78849434    0.71698061    0.84577365    0.86286543    0.87777916    0.83524505    0.77692257    0.71257741    0.63205725    0.81005340    0.00000000    1.00843775    1.15601398    1.27389558    1.34825590    1.27710791    1.29037744    1.11024704    1.22908495    1.11944857    1.11972596    1.06906031
Q8R9J7_CALS4/8-318     0.84702473    0.88406914    0.81802070    0.75522753    0.79935372    0.82605061    0.73505052    0.76538713    0.59316944    0.71214836    0.84882006    0.87852509    0.89347480    0.88970556    0.93467523    0.99890978    1.05040123    0.95175554    1.01008977    1.03155827    1.08610361    1.07819869    1.15044418    1.20247304    1.15360572    1.17451124    1.17942489    1.28555026    1.23602002    1.13910380    1.15259030    1.10446483    1.07700220    1.14742876    1.05478258    1.07882426    1.25344292    1.23958783    1.14464036    1.00658358    1.13523134    0.92036131    1.18526738    1.00843775    0.00000000    0.84590306    0.83119520    1.04610185    0.92808329    0.89054161    0.79073091    0.85915422    0.85747925    0.69359692    0.73944799
R7A1H6_9FIRM/21-317     1.08047088    1.02167928    1.00789001    0.95381713    0.92957562    0.97617817    0.91599609    0.94976813    0.86176751    0.83561821    1.05453383    1.02725151    1.06173936    1.08368225    1.15605980    1.19484752    1.32122671    1.12982748    1.15535377    1.30783504    1.34324730    1.37109325    1.30869428    1.31478614    1.29783610    1.29771834    1.35917297    1.45417315    1.38602926    1.32907751    1.30533241    1.15955523    1.31819922    1.21426596    1.19955453    1.22337885    1.37907852    1.23309022    1.31366728    1.24425827    1.18898541    1.06039738    1.38151188    1.15601398    0.84590306    0.00000000    0.64576482    0.95019827    0.61846946    1.04938211    1.03129061    1.01413520    1.03985424    0.95620454    0.86393860
Q838N9_ENTFA/17-312     1.03772214    1.13482743    1.01333954    0.92434298    0.98225886    0.91156994    0.93319293    0.94343298    0.90209418    0.93538187    0.99711061    0.99809138    1.02959186    1.16724236    1.24527566    1.30043129    1.37488477    1.11988488    1.18352203    1.39861681    1.44276139    1.41584154    1.39094364    1.40187517    1.39753848    1.35660389    1.45639330    1.47705487    1.41902820    1.22595909    1.27238094    1.22710310    1.40620811    1.36843364    1.32693863    1.24921253    1.52354724    1.47825874    1.43891103    1.28911172    1.26296081    1.17618510    1.43982411    1.27389558    0.83119520    0.64576482    0.00000000    0.86926593    0.70256421    1.03043327    1.02184219    1.12970929    1.06796334    0.91720558    0.94923024
R6BLR4_9CLOT/18-315     1.34495436    1.21576107    1.23874255    1.20849609    1.13053725    1.17158949    1.19790584    1.17414701    1.19005856    1.21870805    1.21952859    1.21815080    1.22779758    1.35480971    1.28291184    1.32701666    1.49800318    1.19052447    1.29702904    1.48486989    1.46586934    1.48229877    1.45293075    1.56715009    1.44674550    1.49305723    1.49228625    1.53175656    1.43611803    1.42933479    1.49876080    1.35112870    1.40235843    1.38071810    1.35813282    1.43127163    1.56788714    1.51101908    1.49032571    1.46048808    1.38744240    1.29675223    1.41307289    1.34825590    1.04610185    0.95019827    0.86926593    0.00000000    0.81128278    1.21964706    1.21683647    1.33724114    1.33955455    1.29420350    1.22717157
R7JRD8_9FIRM/19-316     1.10339611    1.07187333    0.99602994    1.04824608    1.02090206    1.04653460    0.98301734    1.02948331    1.01939502    1.01094017    1.05684885    1.06129828    1.10226400    1.16962873    1.28922316    1.27584438    1.31147848    1.24128412    1.31178586    1.31234089    1.35311351    1.34208070    1.37014973    1.41822114    1.34082208    1.30212136    1.33113607    1.43428249    1.42742035    1.46141815    1.40614620    1.35445769    1.44874788    1.30685480    1.32290093    1.37463158    1.45745197    1.40034785    1.38514558    1.31166239    1.27517516    1.20732605    1.30074766    1.27710791    0.92808329    0.61846946    0.70256421    0.81128278    0.00000000    1.11745517    1.10293869    1.16022017    1.12681732    1.06595721    0.97152426
E7FXG7_ERYRH/11-317     0.86098623    0.84868323    0.93868411    0.79682600    0.83065917    0.87083928    0.80714431    0.86256780    0.78109738    0.87895873    0.93567966    0.93619452    0.92048873    1.14733873    1.15527715    1.16142984    1.18600720    1.21824457    1.14364545    1.33703617    1.33301258    1.35910180    1.34650604    1.42102619    1.40797801    1.38444879    1.32763317    1.48640508    1.42083297    1.24439569    1.28143593    1.30772100    1.26216187    1.18256717    1.21631823    1.28676380    1.35427044    1.35580761    1.28900906    1.16400187    1.23597377    1.08402697    1.25405352    1.29037744    0.89054161    1.04938211    1.03043327    1.21964706    1.11745517    0.00000000    0.83538476    0.87974073    0.93186145    0.81258852    0.70854840
