102
T0LUB8_COLGC/124-348     0.00000000    0.35399039    0.39390622    0.39784936    0.41870772    0.60578161    0.69209912    0.75285899    0.68663200    0.71592340    0.74303227    0.71801599    0.74056414    0.71377480    0.70578931    0.60707765    0.53126533    0.62509884    0.90078105    1.03923041    1.10838125    1.43667074    1.16147310    1.58214997    1.38252624    1.38567060    1.91696553    1.35110323    1.67462745    1.56430694    1.48426403    1.30985056    1.41062486    1.38686460    1.33944917    1.43682166    1.41982263    1.38742945    1.42141511    1.50511615    1.47223066    1.61699403    1.77689752    1.46522195    1.43271272    1.59620310    1.50876795    1.57105071    1.43331166    1.49506330    1.40821314    1.38921600    1.28171004    1.61468077    1.62162180    1.65118884    1.88911912    2.18804593    2.05439955    2.12306180    1.46888623    1.79953657    1.53836985    1.81753449    1.85591628    1.61884648    1.89238534    1.83360712    1.38054950    1.36522245    1.44625634    1.35680939    1.24476921    1.32131839    1.50643007    1.40337596    1.28860772    1.29296743    1.37839808    1.48826092    1.43562064    1.32007589    0.79345314    0.72101754    0.72000817    0.77262553    0.73619081    0.83561544    0.47875032    0.57582511    0.48092910    0.45911346    0.53431174    0.47851378    0.50508390    0.54813874    0.72176776    0.49815921    0.63940469    0.70745349    0.64157225    0.53439340
C7YU78_FUSV7/121-341     0.35399039    0.00000000    0.22409067    0.22268576    0.21054270    0.56671468    0.56241397    0.64465510    0.61629346    0.61922835    0.62660968    0.63668915    0.62741160    0.63552080    0.63840974    0.56948297    0.52998255    0.61168182    0.91638356    0.99824714    1.08719444    1.38954852    1.12285268    1.52400277    1.23645361    1.31736054    1.87690681    1.18467705    1.47882251    1.50369483    1.41205693    1.25306242    1.28957615    1.27691664    1.22733804    1.30167123    1.35271220    1.33313346    1.42585045    1.36877235    1.28746238    1.51651359    1.60391821    1.33217646    1.33828142    1.44345803    1.37842470    1.44434962    1.32202981    1.27003716    1.31154890    1.29120529    1.35540290    1.49720192    1.42980924    1.38753367    1.72783019    1.76464684    1.74131084    1.83899030    1.40551653    1.66923246    1.53722815    1.69862608    1.66564910    1.39504356    1.68895261    1.71833000    1.27462739    1.25474292    1.33304104    1.27833028    1.10611430    1.20369656    1.45162018    1.37258499    1.37524255    1.33654269    1.32246422    1.37035154    1.26580365    1.21237431    0.77168206    0.69289937    0.76468995    0.75935381    0.71848996    0.83280850    0.43920806    0.54388493    0.41900522    0.42912521    0.42631049    0.35487182    0.43061162    0.48034569    0.69853417    0.50255952    0.61621401    0.62837480    0.63016443    0.50962852
G3J9F8_CORMM/128-351     0.39390622    0.22409067    0.00000000    0.25040298    0.25435776    0.62541600    0.59929962    0.65452721    0.59885828    0.66275986    0.64734495    0.64289497    0.66607072    0.68253282    0.66880098    0.60977198    0.61449660    0.59808504    0.97091595    0.97906250    1.07783823    1.42410712    1.19610368    1.54706540    1.27655305    1.31839169    1.95816936    1.39496020    1.73145547    1.64978385    1.52887089    1.37531500    1.48666587    1.34704019    1.28331480    1.47765399    1.43563868    1.45289838    1.59708298    1.48753854    1.47125638    1.73744532    1.81736694    1.50116019    1.46950419    1.64296039    1.49730853    1.51176665    1.41972780    1.53055220    1.43759189    1.41662515    1.41049776    1.63768432    1.60489901    1.73785962    1.94958899    2.04419659    1.96955656    2.07606366    1.49766797    1.73122891    1.64895802    1.86257953    1.87847947    1.61533889    1.97090239    1.84790839    1.32981580    1.40537574    1.48295155    1.37501158    1.14892963    1.37717773    1.49084080    1.31875302    1.38582938    1.40836511    1.31696019    1.52118318    1.42818486    1.27750919    0.71732286    0.72045392    0.70721294    0.76237790    0.74250904    0.85008454    0.48520853    0.56601344    0.52086771    0.56715882    0.49217285    0.45564513    0.47571664    0.50035201    0.71652993    0.53197207    0.65793456    0.77842811    0.72966506    0.45767637
G0RMD8_HYPJQ/128-352     0.39784936    0.22268576    0.25040298    0.00000000    0.22761685    0.58814982    0.66545636    0.73045501    0.64386127    0.74395888    0.72961608    0.72587545    0.74695822    0.75857602    0.71851485    0.62108911    0.54345461    0.70183284    0.85949194    0.94352735    1.06772545    1.23132701    1.11421850    1.48311764    1.27161919    1.38754527    1.96378716    1.36885167    1.69626897    1.59914017    1.53309945    1.41859286    1.49503310    1.38528412    1.26417387    1.45251605    1.44556985    1.50415193    1.57410731    1.43695857    1.45089469    1.57836296    1.77297815    1.50693013    1.28840110    1.51810232    1.41820330    1.52459346    1.35583764    1.40987967    1.35720292    1.33370240    1.31322211    1.51838658    1.46472903    1.55030385    1.76877408    1.83450146    1.78624281    1.99305092    1.39343504    1.57770291    1.64338569    1.69883578    1.69841532    1.48603995    1.79195974    1.75685805    1.30807548    1.28926718    1.45436371    1.30271749    1.13476177    1.25178036    1.37852660    1.20754106    1.33793551    1.31448820    1.34440623    1.44802079    1.33229642    1.35074117    0.70835672    0.71528295    0.75041314    0.80270077    0.69587301    0.76533904    0.47294531    0.55032922    0.45682083    0.48017243    0.45867211    0.38325846    0.41857966    0.46504816    0.68460476    0.49343342    0.68342580    0.68737914    0.64810332    0.49435640
E9E7X4_METAQ/49-269     0.41870772    0.21054270    0.25435776    0.22761685    0.00000000    0.53859995    0.65694817    0.71233369    0.68411492    0.73689403    0.71014793    0.69644576    0.70916009    0.67018006    0.73350615    0.60571579    0.59053469    0.64175229    0.86030236    0.93112034    1.08555076    1.32995606    1.07308373    1.50776821    1.28765006    1.31118130    1.83192573    1.25414593    1.52127742    1.54398517    1.35715587    1.34109221    1.35312700    1.27252175    1.21326663    1.32847446    1.32041071    1.36684292    1.42753459    1.38526999    1.34073691    1.52153722    1.63786051    1.30917495    1.35052966    1.46349854    1.37795849    1.43318578    1.31968474    1.30082604    1.32548298    1.32117035    1.38163571    1.54749159    1.50176753    1.50795794    1.70342450    1.72831932    1.74557560    1.85670458    1.37968448    1.60773496    1.59228189    1.76128084    1.78158397    1.56494914    1.86121269    1.82657136    1.30056610    1.23567266    1.38252301    1.37578280    1.20987339    1.26652488    1.38346317    1.25042179    1.29197001    1.27827953    1.27769113    1.48235637    1.32679920    1.23583545    0.75237787    0.72733298    0.79590883    0.73350509    0.72829265    0.86551041    0.42168102    0.49728841    0.40557316    0.45743731    0.41031549    0.38366877    0.41365640    0.44794814    0.66137156    0.47826018    0.59742545    0.62200956    0.62916700    0.45882617
N1JLI3_BLUG1/115-335     0.60578161    0.56671468    0.62541600    0.58814982    0.53859995    0.00000000    0.75221041    0.78619144    0.72069587    0.78089443    0.74368185    0.75350022    0.82197426    0.72892043    0.75519936    0.63871963    0.65410921    0.70261404    0.89455461    0.98877852    1.16740179    1.35803283    1.16921553    1.58134954    1.31868420    1.32998681    1.88556102    1.43696641    1.54408187    1.60835640    1.52125368    1.35072376    1.38912002    1.33905205    1.26998289    1.47246135    1.46983715    1.40057875    1.52132351    1.46995559    1.41978573    1.77989384    1.86500065    1.48368787    1.54303150    1.52578057    1.53930542    1.68887406    1.52105040    1.47523072    1.41207883    1.49413699    1.46029407    1.76548956    1.42840052    1.65047904    1.68946166    1.84579453    1.88836317    1.88972505    1.44525854    1.62623526    1.75696169    1.90378735    1.74422534    1.51520487    1.70705209    1.86227423    1.42575157    1.20940137    1.34318080    1.34017341    1.27182368    1.35977025    1.56294712    1.42047516    1.49708799    1.57066902    1.59077236    1.33361584    1.37465201    1.24719583    0.81663241    0.82403243    0.86056841    0.89636674    0.80239523    0.91219665    0.46969001    0.48379512    0.46383811    0.47265082    0.56813041    0.55393978    0.65456763    0.71356840    0.87618696    0.68750975    0.73447351    0.76684744    0.72265741    0.68197087
C5GL71_AJEDR/146-376     0.69209912    0.56241397    0.59929962    0.66545636    0.65694817    0.75221041    0.00000000    0.31037142    0.25570014    0.37597465    0.40607520    0.43130262    0.38988014    0.44992296    0.41630956    0.50388441    0.50210190    0.60442680    0.81885213    0.91644272    0.94525658    1.31374557    1.18599591    1.37804200    1.34140313    1.41243117    1.96781147    1.30043709    1.50579073    1.40701462    1.47406864    1.33138474    1.50684612    1.43480405    1.26607361    1.43018764    1.42118177    1.34269343    1.53818440    1.51669339    1.37302376    1.62938468    1.66596284    1.46062409    1.46851002    1.41027988    1.45606870    1.57908001    1.41858680    1.38903039    1.36630070    1.38058330    1.51389067    1.65024719    1.46129011    1.68341477    1.64980158    1.99287327    1.87821197    1.92885585    1.59637798    1.54177977    1.66944885    2.00171285    1.76314510    1.50476597    1.55224299    1.54847894    1.39836422    1.35871731    1.27204211    1.33133035    1.29398241    1.20014263    1.50182710    1.43002650    1.44556379    1.46828994    1.34877308    1.31585753    1.26509377    1.27447530    0.71534588    0.61927130    0.70189996    0.69308489    0.68608248    0.65146450    0.55929063    0.63204984    0.64111821    0.61189653    0.57961084    0.65219478    0.70982873    0.76203711    0.83062699    0.68491523    0.78445897    0.83179540    0.80235759    0.68292254
C5FQV8_ARTOC/142-379     0.75285899    0.64465510    0.65452721    0.73045501    0.71233369    0.78619144    0.31037142    0.00000000    0.28330618    0.47521321    0.49997782    0.53538807    0.51667480    0.50067169    0.49481421    0.56386227    0.56805081    0.62557375    0.86001518    0.98891157    1.00551427    1.32849230    1.26043113    1.42152085    1.37219208    1.42063635    1.99414709    1.38823210    1.63261804    1.51076030    1.55307384    1.43152244    1.51306925    1.51040752    1.42011420    1.46167905    1.49820818    1.44618740    1.58821495    1.66020652    1.55350034    1.73609109    1.63423940    1.46452307    1.44200441    1.43633357    1.47002107    1.45462738    1.34206262    1.36242135    1.32435392    1.37001094    1.63775485    1.77097063    1.51790307    1.71951785    1.71841618    1.98244789    1.97522540    1.96615785    1.65100504    1.71148226    1.74553738    1.91533767    1.77645437    1.51935508    1.63759862    1.64302230    1.40308552    1.36515002    1.31386249    1.36517872    1.35860616    1.23178855    1.52678485    1.50680196    1.47608428    1.51191311    1.42885867    1.33467448    1.36032153    1.21734436    0.67421287    0.61105367    0.78037347    0.68829815    0.61035065    0.69699587    0.64123354    0.67954948    0.69492625    0.67407566    0.63277759    0.65748596    0.70948409    0.80203999    0.91134934    0.79866229    0.80217103    0.93406728    0.87992744    0.70731240
J3K215_COCIM/146-375     0.68663200    0.61629346    0.59885828    0.64386127    0.68411492    0.72069587    0.25570014    0.28330618    0.00000000    0.47294343    0.50709356    0.53322673    0.49902937    0.52478373    0.51520146    0.55474385    0.51487622    0.64520771    0.81769151    0.92275760    0.95435091    1.28903094    1.24204859    1.37036608    1.30942742    1.36750028    1.83958771    1.31826451    1.57776111    1.49529485    1.54490112    1.36696681    1.52497156    1.45256498    1.36524890    1.42627635    1.45322908    1.41747927    1.62037834    1.53813206    1.48932686    1.72191299    1.68026670    1.41238526    1.41601486    1.32546633    1.43823613    1.52740036    1.33689658    1.30538370    1.33389958    1.25616177    1.43506745    1.63148037    1.37516284    1.61813122    1.64238677    1.99293760    1.89091013    1.92948059    1.53752420    1.52020602    1.77431015    1.92553807    1.76729534    1.59779117    1.68335941    1.64556321    1.30418771    1.30904565    1.26182621    1.30865479    1.32031071    1.24408728    1.45080190    1.44530884    1.43037367    1.49466174    1.34362418    1.30927454    1.26359810    1.26457795    0.66075341    0.61550290    0.71586457    0.68555447    0.63371810    0.70842546    0.61071208    0.63572604    0.66956595    0.63927135    0.66162763    0.68784709    0.73100153    0.82853769    0.83846150    0.72046037    0.76594075    0.88451798    0.87446456    0.74365942
B6Q681_TALMQ/153-385     0.71592340    0.61922835    0.66275986    0.74395888    0.73689403    0.78089443    0.37597465    0.47521321    0.47294343    0.00000000    0.27461506    0.35462940    0.36550026    0.38253079    0.22936610    0.51094414    0.46204142    0.52323160    0.80051310    0.90971181    0.91161994    1.32828712    1.23855344    1.46824711    1.36448166    1.49609565    1.85623023    1.25263816    1.51975437    1.40798182    1.51965797    1.37593785    1.57782777    1.52665144    1.34846935    1.47185518    1.47493469    1.43748005    1.57447404    1.39630792    1.35061279    1.56422400    1.55557239    1.37620307    1.37958357    1.44368762    1.58217568    1.65743699    1.55821218    1.49709400    1.51700247    1.47142260    1.55302422    1.63281635    1.46891010    1.56260167    1.70294706    1.94585298    1.95160317    1.95193136    1.52695915    1.65668149    1.54782128    1.95642636    1.88138026    1.59053724    1.58286103    1.56674739    1.46546223    1.20452838    1.32201931    1.24898430    1.28820311    1.17429998    1.46247287    1.47324506    1.44173893    1.48042670    1.52392481    1.19688520    1.25896996    1.18083747    0.68063877    0.63370896    0.71234776    0.68918251    0.65198037    0.68895418    0.58430579    0.63891428    0.63909143    0.60975136    0.66404405    0.76547261    0.76094915    0.83626238    0.80613486    0.66035275    0.78420140    0.90043974    0.87996031    0.74919556
V5HYX0_BYSSN/140-369     0.74303227    0.62660968    0.64734495    0.72961608    0.71014793    0.74368185    0.40607520    0.49997782    0.50709356    0.27461506    0.00000000    0.30808627    0.33512454    0.31421458    0.23654695    0.48505626    0.50513571    0.53474264    0.82436333    0.86490106    0.94239525    1.27752737    1.19973584    1.42494582    1.31615662    1.47174059    1.93654085    1.16585657    1.52263408    1.41113610    1.49834433    1.35878733    1.51988226    1.40714175    1.25270865    1.44424751    1.44959515    1.40209540    1.47448674    1.32198097    1.40371820    1.57525688    1.61715426    1.42255360    1.40315888    1.43252471    1.46916518    1.57496816    1.45695906    1.42387632    1.40758132    1.36798920    1.63075288    1.66514425    1.42559055    1.58538743    1.72079300    1.90072535    1.85178017    1.85833609    1.45192287    1.66221213    1.54232274    1.83317491    1.76064661    1.53575773    1.56141392    1.51148765    1.35594471    1.22216968    1.34648781    1.28847582    1.36701718    1.20852616    1.45794183    1.42681736    1.50224350    1.47478251    1.53277316    1.31474425    1.26282257    1.17065999    0.76357023    0.63383484    0.76238461    0.73645853    0.69397374    0.65379017    0.59834026    0.64351299    0.57484920    0.57973163    0.67311003    0.68556636    0.70155207    0.76627478    0.81073619    0.65108736    0.80601401    0.92214296    0.86651544    0.69109130
S7ZP37_PENO1/154-389     0.71801599    0.63668915    0.64289497    0.72587545    0.69644576    0.75350022    0.43130262    0.53538807    0.53322673    0.35462940    0.30808627    0.00000000    0.27703802    0.29558408    0.24424088    0.55800596    0.53733742    0.61542852    0.95673987    0.98291002    1.01564777    1.38407014    1.23670266    1.49173178    1.41341508    1.57196249    2.00859433    1.37407730    1.59019813    1.57021452    1.58727290    1.43946808    1.59710219    1.49544344    1.35749083    1.46719185    1.55220135    1.49446199    1.65753703    1.53866528    1.42182947    1.71070242    1.65134511    1.54894922    1.52416478    1.55908516    1.54081151    1.65226408    1.50322507    1.50465086    1.51251195    1.46132818    1.65461871    1.74755447    1.54482887    1.61333890    1.75589645    2.06560866    2.02007455    1.98162224    1.62350767    1.71076653    1.57687730    2.03984818    1.82970623    1.63320976    1.68084645    1.56628233    1.42741078    1.34067987    1.38400535    1.40531366    1.40648128    1.25584401    1.48474594    1.48677475    1.51274834    1.51810778    1.53353879    1.34953432    1.35644767    1.29757099    0.74885454    0.63950455    0.77706442    0.70835952    0.72822554    0.69438657    0.57938028    0.65932019    0.63987548    0.61196219    0.72169468    0.75030667    0.77411119    0.82466742    0.88195866    0.65678110    0.87119574    0.93234182    0.86497632    0.72996150
B6HMC0_PENRW/151-383     0.74056414    0.62741160    0.66607072    0.74695822    0.70916009    0.82197426    0.38988014    0.51667480    0.49902937    0.36550026    0.33512454    0.27703802    0.00000000    0.31778458    0.29781648    0.57176051    0.55050347    0.62165466    0.91096239    0.90248593    0.90125861    1.32482742    1.22153717    1.44657098    1.35516944    1.49022878    1.98726004    1.27422921    1.52126091    1.45011216    1.54107632    1.32016087    1.52115767    1.44661087    1.36115705    1.50513850    1.46355464    1.44173518    1.56229390    1.51046521    1.45401178    1.55879771    1.61110327    1.44553234    1.41891837    1.51700813    1.49153982    1.72194437    1.42313581    1.38514833    1.40729614    1.36500549    1.61681815    1.58223424    1.44189471    1.57079343    1.66976572    2.13031633    2.02578435    1.99645837    1.50315175    1.66071671    1.56261365    1.87112076    1.71234286    1.48491055    1.50033988    1.60229366    1.32497899    1.27256171    1.31085771    1.36285014    1.28563185    1.25213067    1.44283788    1.42088083    1.50730527    1.44967501    1.45261602    1.29889753    1.23123962    1.17285637    0.73893938    0.67569196    0.75992303    0.69152896    0.69455455    0.65491999    0.57770768    0.65782000    0.63700800    0.62073406    0.71823714    0.74766633    0.80274452    0.83886827    0.86944531    0.69775377    0.85865007    0.93040645    0.91431116    0.79377532
G7XWW2_ASPKW/161-394     0.71377480    0.63552080    0.68253282    0.75857602    0.67018006    0.72892043    0.44992296    0.50067169    0.52478373    0.38253079    0.31421458    0.29558408    0.31778458    0.00000000    0.25667020    0.52067935    0.53486287    0.56926533    0.91513419    0.94623449    1.04194844    1.29430771    1.25542131    1.47574015    1.42402244    1.48297611    1.93888096    1.26582253    1.51080655    1.50613028    1.52946663    1.35800580    1.49999140    1.41536924    1.25369397    1.43465320    1.47537527    1.45044791    1.50691286    1.36125526    1.42100252    1.66313713    1.65179259    1.47537649    1.46871481    1.42841212    1.43594288    1.49742273    1.36732850    1.43284611    1.36925761    1.36052263    1.69066137    1.73866025    1.49129874    1.57232701    1.65724092    1.97137882    1.95121145    1.94223907    1.53417552    1.70241171    1.52680779    1.85620226    1.71959827    1.57042495    1.68363471    1.57329940    1.35983025    1.27072983    1.31870007    1.30607321    1.36039827    1.26958969    1.43188730    1.41020316    1.43441895    1.50300945    1.45883637    1.31507240    1.31029776    1.19328839    0.67984350    0.62829509    0.73030521    0.65186066    0.67454145    0.69801027    0.56226743    0.61393493    0.60599025    0.57036265    0.69398015    0.74477560    0.75713335    0.77301892    0.84841241    0.66044290    0.83014370    0.93476584    0.85985850    0.69263895
Q4WVQ0_ASPFU/150-380     0.70578931    0.63840974    0.66880098    0.71851485    0.73350615    0.75519936    0.41630956    0.49481421    0.51520146    0.22936610    0.23654695    0.24424088    0.29781648    0.25667020    0.00000000    0.51781073    0.48871615    0.54128115    0.88278856    0.92721481    0.97299787    1.19648131    1.17250995    1.40027429    1.35522595    1.45490634    1.93379653    1.25693877    1.45642461    1.40941640    1.41358953    1.28076994    1.44088140    1.37111383    1.25277749    1.41817042    1.40674321    1.36143256    1.48773913    1.38794764    1.32657931    1.56114120    1.53447908    1.43180743    1.39894171    1.48150123    1.47415406    1.56372207    1.40265917    1.40780058    1.35389544    1.33090596    1.55980939    1.63703352    1.46273676    1.50561437    1.68669843    1.94395182    1.95374457    1.95025160    1.53127595    1.61551246    1.55716618    1.91653100    1.82052463    1.55762951    1.68103707    1.49550511    1.32641093    1.24519864    1.29460230    1.29141414    1.30433870    1.15303042    1.39073523    1.45675121    1.45146066    1.38735944    1.41540594    1.27334876    1.24081546    1.13826017    0.68682147    0.62883471    0.73948335    0.70295513    0.64916140    0.65205393    0.57647582    0.64370194    0.59199123    0.56794334    0.71033909    0.70229490    0.77901229    0.79187006    0.86726349    0.65964397    0.79134906    0.94087002    0.95391263    0.74565417
R7YQ51_CONA1/130-360     0.60707765    0.56948297    0.60977198    0.62108911    0.60571579    0.63871963    0.50388441    0.56386227    0.55474385    0.51094414    0.48505626    0.55800596    0.57176051    0.52067935    0.51781073    0.00000000    0.34548065    0.55851645    0.75913091    0.90965729    1.00591357    1.35886679    1.13956951    1.42902243    1.27404490    1.47814170    1.88336495    1.40549376    1.38637681    1.52729204    1.54518603    1.43633401    1.42953005    1.48520592    1.33061204    1.51530098    1.54687703    1.52148381    1.50559928    1.43642461    1.51355353    1.54820829    1.58186621    1.42706596    1.38061922    1.43835590    1.47094255    1.60778953    1.47735403    1.46765338    1.44606544    1.41423661    1.33626554    1.47208012    1.43570189    1.55917166    1.50591217    1.94918689    1.94967832    1.86365736    1.54519381    1.65219337    1.52175407    1.67166280    1.68798182    1.40425013    1.58467083    1.48243614    1.37484849    1.35718709    1.37594745    1.34044819    1.40181629    1.18444880    1.48458808    1.39393110    1.29032486    1.48861147    1.33190025    1.32853040    1.36465276    1.23792822    0.63037279    0.61876537    0.70896743    0.70525945    0.68255386    0.73962428    0.50424263    0.58133027    0.47784995    0.50192742    0.54113393    0.59405647    0.62377290    0.73118698    0.72531187    0.62258413    0.73402145    0.72081161    0.69595535    0.59372618
K2S101_MACPH/121-346     0.53126533    0.52998255    0.61449660    0.54345461    0.59053469    0.65410921    0.50210190    0.56805081    0.51487622    0.46204142    0.50513571    0.53733742    0.55050347    0.53486287    0.48871615    0.34548065    0.00000000    0.44448140    0.80881581    0.90832228    0.97245206    1.27708359    1.18903860    1.45565537    1.26311296    1.33419828    1.99131202    1.26807298    1.40561888    1.42016023    1.44417094    1.25835311    1.32681722    1.38796527    1.31232234    1.40649224    1.46059391    1.39245258    1.45170502    1.39394975    1.42534928    1.46817759    1.62729264    1.36072751    1.34705091    1.31103871    1.37028088    1.46007851    1.33064176    1.35726111    1.27240737    1.27898704    1.32192865    1.49003405    1.39156666    1.53571031    1.55565160    1.98419970    1.91465577    1.91218588    1.50626054    1.70162370    1.59388362    1.84090910    1.77839475    1.42674924    1.67473887    1.56150050    1.36326290    1.22029180    1.29780180    1.22240685    1.16674679    1.15600037    1.37161292    1.39117302    1.27068114    1.39664073    1.33927741    1.21451657    1.14368114    1.16704554    0.59666449    0.59613998    0.65883915    0.67162351    0.57059372    0.68792273    0.52663859    0.61270260    0.49381779    0.49181297    0.57703499    0.61358590    0.63034860    0.76863311    0.86913211    0.66249003    0.65221014    0.70110831    0.74129901    0.69819808
R0KNB4_SETT2/122-342     0.62509884    0.61168182    0.59808504    0.70183284    0.64175229    0.70261404    0.60442680    0.62557375    0.64520771    0.52323160    0.53474264    0.61542852    0.62165466    0.56926533    0.54128115    0.55851645    0.44448140    0.00000000    0.85901518    0.95669216    1.01737675    1.41984645    1.17475224    1.44143871    1.24799866    1.29552726    1.73590783    1.16854452    1.42612306    1.35015858    1.36771848    1.17879561    1.29320048    1.29837408    1.23909581    1.37830734    1.37895253    1.24842787    1.35906438    1.31512339    1.32025753    1.58357004    1.59150599    1.31986680    1.26314479    1.39609397    1.44911859    1.59296779    1.38441268    1.45983463    1.38499941    1.40087391    1.43469616    1.50642723    1.56863039    1.48535740    1.61627710    1.92531878    1.87086220    1.90149487    1.45271082    1.64819153    1.48272009    1.83803301    1.64307952    1.46980235    1.68028695    1.63816829    1.31723362    1.21607864    1.27624760    1.26319544    1.17095708    1.15761131    1.45217973    1.28807586    1.19440153    1.25586228    1.21498962    1.27533657    1.24992321    1.15584611    0.61929772    0.65314185    0.67791494    0.66688120    0.61374609    0.81026972    0.56382320    0.61654024    0.62624737    0.59656526    0.62007076    0.63518078    0.68332401    0.74688398    0.88464401    0.75405635    0.74534396    0.84816172    0.81955713    0.74498410
D5GMF1_TUBMM/153-373     0.90078105    0.91638356    0.97091595    0.85949194    0.86030236    0.89455461    0.81885213    0.86001518    0.81769151    0.80051310    0.82436333    0.95673987    0.91096239    0.91513419    0.88278856    0.75913091    0.80881581    0.85901518    0.00000000    0.60701731    0.64536770    1.19455396    0.82529184    1.16684217    1.14137800    1.31594969    1.81709608    1.28033800    1.53394103    1.39130123    1.30810513    1.24069120    1.37655766    1.34782714    1.22119650    1.28148356    1.28554162    1.31638807    1.32016760    1.29440794    1.26380198    1.27352574    1.50273118    1.31468960    1.38371315    1.22005641    1.18899549    1.41829396    1.25984004    1.21866049    1.23977711    1.18466214    1.18573474    1.37717635    1.22505514    1.46692750    1.47748077    1.71765067    1.71180749    1.81592866    1.27405234    1.31586535    1.36620168    1.65177365    1.67950346    1.31046033    1.44542545    1.48959837    1.18885558    1.01767667    1.05291343    1.04630532    1.05440851    1.04310071    1.06540719    1.18537039    1.23387865    1.18787892    1.25449735    1.03153681    0.95171766    0.94241423    0.85427123    0.85383515    0.95753320    0.95649260    0.87949556    0.99078192    0.80703823    0.74916966    0.79209017    0.80537890    0.88538071    0.85607132    0.90871304    0.95759705    0.91817356    0.88003248    1.10673682    1.13848181    1.08951956    0.96412967
S8ADR3_DACHA/129-347     1.03923041    0.99824714    0.97906250    0.94352735    0.93112034    0.98877852    0.91644272    0.98891157    0.92275760    0.90971181    0.86490106    0.98291002    0.90248593    0.94623449    0.92721481    0.90965729    0.90832228    0.95669216    0.60701731    0.00000000    0.21505361    1.22778174    0.93499293    1.17246797    1.12801726    1.35081717    1.65276442    1.32016243    1.49974755    1.44946872    1.33255471    1.25478326    1.44509359    1.36542895    1.28326975    1.29142169    1.32231986    1.30967715    1.44539874    1.28537625    1.31881659    1.38550911    1.47632701    1.31334744    1.28958331    1.22897261    1.17815929    1.36445563    1.29298600    1.23833589    1.23696681    1.23561615    1.26079057    1.29436203    1.27976124    1.47936369    1.56479371    1.60218007    1.64135631    1.63467194    1.44868766    1.53678369    1.49250345    1.60092632    1.86250561    1.44873879    1.46809189    1.61468926    1.25615549    1.05195840    1.11862704    1.15061607    1.15505120    1.04619039    1.08695439    1.14352901    1.15296780    1.12894455    1.10149039    1.07569861    1.07437328    0.98330413    1.04341958    0.95319605    1.09401497    0.98727805    0.96542926    1.17453503    0.89781038    0.83103947    0.80962691    0.83988029    0.90159417    0.89756841    0.98014491    0.97334676    0.98197725    0.88625729    1.07629879    0.98351495    1.12028618    0.95358105
G1WYY9_ARTOA/136-357     1.10838125    1.08719444    1.07783823    1.06772545    1.08555076    1.16740179    0.94525658    1.00551427    0.95435091    0.91161994    0.94239525    1.01564777    0.90125861    1.04194844    0.97299787    1.00591357    0.97245206    1.01737675    0.64536770    0.21505361    0.00000000    1.32441743    1.02348786    1.22811057    1.20386882    1.37550566    1.83789117    1.34895191    1.48543810    1.46734767    1.37426787    1.34209612    1.41811543    1.42239502    1.33733122    1.34437736    1.39597734    1.35451224    1.46999635    1.32092581    1.38254271    1.39983605    1.46888508    1.31743335    1.37555989    1.27989171    1.21858499    1.36873990    1.27280826    1.23675434    1.23795810    1.27568977    1.25931910    1.34774103    1.26085803    1.50524269    1.62279176    1.65156108    1.65285429    1.63453797    1.47873481    1.55008108    1.41308317    1.65431792    1.82270445    1.44463847    1.52452588    1.56418848    1.30493139    1.07737791    1.15518616    1.20726302    1.17731013    1.04601268    1.09695321    1.26963768    1.20127074    1.21300578    1.09673097    1.06832627    1.05008035    1.04890448    1.08339439    1.01164808    1.07789571    0.96947849    0.97472395    1.17518389    0.94538496    0.94622568    0.94806584    0.94840878    1.08864119    1.03919975    1.13790215    1.16817872    1.11173009    1.02616427    1.17447432    1.15998860    1.21211908    1.02527954
R4X750_TAPDE/119-331     1.43667074    1.38954852    1.42410712    1.23132701    1.32995606    1.35803283    1.31374557    1.32849230    1.28903094    1.32828712    1.27752737    1.38407014    1.32482742    1.29430771    1.19648131    1.35886679    1.27708359    1.41984645    1.19455396    1.22778174    1.32441743    0.00000000    1.33530017    1.57994049    1.51399989    1.87125902    2.60757420    1.64734563    1.76751195    1.73083728    1.65562820    1.60763108    1.67347690    1.69361421    1.41468027    1.71160209    1.82456467    1.65111781    1.69628110    1.56741347    1.73240160    1.79823878    1.95142360    1.81857840    1.74514441    1.65394816    1.68935697    1.83929920    1.66816238    1.62563661    1.64763522    1.59604610    1.85563655    2.02422144    1.54445474    1.78157941    2.09979410    2.20377192    2.26919121    2.32655624    1.53924944    1.85990832    1.70872286    1.91830532    2.02529292    1.90704351    2.08660302    1.95107762    1.58688607    1.57056931    1.55833983    1.42123726    1.65488542    1.37904821    1.42689545    1.75432347    1.65902217    1.67592782    1.62703104    1.34688044    1.33449707    1.36298039    1.32388214    1.24887165    1.33559713    1.28658296    1.25935964    1.35098953    1.26963559    1.09057471    1.22266137    1.21542944    1.31598056    1.17551835    1.26292516    1.26476432    1.38499317    1.27073850    1.36845819    1.52067087    1.34438160    1.37866994
M7P5Q4_PNEMU/109-314     1.16147310    1.12285268    1.19610368    1.11421850    1.07308373    1.16921553    1.18599591    1.26043113    1.24204859    1.23855344    1.19973584    1.23670266    1.22153717    1.25542131    1.17250995    1.13956951    1.18903860    1.17475224    0.82529184    0.93499293    1.02348786    1.33530017    0.00000000    1.16254041    1.09175760    1.08999064    1.62527521    1.01058785    1.21540936    1.13314306    1.01894441    0.98529647    1.02197246    0.96409895    0.94479812    1.00030346    1.10986313    1.04301606    1.10477219    1.07884409    1.06520114    1.37131275    1.31538249    1.11471611    1.34918501    1.09643353    1.03898080    1.12528671    1.04663690    1.07354832    1.02414539    0.99365291    1.34392286    1.40300828    1.24959011    1.26698457    1.33383658    1.39779267    1.44326611    1.54962519    1.13944268    1.32018100    1.39224269    1.69665376    1.65977087    1.28400222    1.31084929    1.48699791    1.18635098    0.92376896    0.95831825    1.05326427    1.06771005    1.14394212    1.09858873    1.13947517    1.29289162    1.23637503    1.29166172    0.96460183    1.00714204    0.84017701    1.21402733    1.10999394    1.17980378    1.11173200    1.15715027    1.26872153    1.07627658    1.06728239    1.04398430    1.05559303    1.12642709    1.07107340    1.10888642    1.10877703    1.27678417    1.23423135    1.20270209    1.18471683    1.22765369    1.09784907
S9X084_SCHCR/153-358     1.58214997    1.52400277    1.54706540    1.48311764    1.50776821    1.58134954    1.37804200    1.42152085    1.37036608    1.46824711    1.42494582    1.49173178    1.44657098    1.47574015    1.40027429    1.42902243    1.45565537    1.44143871    1.16684217    1.17246797    1.22811057    1.57994049    1.16254041    0.00000000    1.15661102    1.36603967    1.62885176    1.29654200    1.40512230    1.40098001    1.39122536    1.19585996    1.35358596    1.40143724    1.29243507    1.35318961    1.26257745    1.24530867    1.34642087    1.38023696    1.39273435    1.37870571    1.49770478    1.49946273    1.43853244    1.22436806    1.37199416    1.35349723    1.34465713    1.28147760    1.35929054    1.24504870    1.33504167    1.32198877    1.30170711    1.36198559    1.45472458    1.48569203    1.56439957    1.45461401    1.57565170    1.80860313    1.44053454    1.91347565    1.89039954    1.40411217    1.57003877    1.43359537    1.45224668    1.14360718    1.13324305    1.29902016    1.33707092    1.04273284    1.14576353    1.35077848    1.23525296    1.23103666    1.20232639    1.16296025    1.14575897    1.06285298    1.46696671    1.29379541    1.50471082    1.36425420    1.28543380    1.20629066    1.41921489    1.38499655    1.37801284    1.36284142    1.28560544    1.37882587    1.42523022    1.45742176    1.42905256    1.46357599    1.37838836    1.42128432    1.55288541    1.43594731
H3GVK2_PHYRM/230-444     1.38252624    1.23645361    1.27655305    1.27161919    1.28765006    1.31868420    1.34140313    1.37219208    1.30942742    1.36448166    1.31615662    1.41341508    1.35516944    1.42402244    1.35522595    1.27404490    1.26311296    1.24799866    1.14137800    1.12801726    1.20386882    1.51399989    1.09175760    1.15661102    0.00000000    0.82896688    1.56019983    0.95945280    0.99218258    1.08307930    1.07726358    0.97715122    1.10198193    0.92261045    0.94541869    0.93021820    1.07696607    0.97932755    1.09629502    0.96699763    0.96426159    1.16324416    1.16224455    0.99351740    0.96476431    0.93466957    0.91635444    1.10126215    0.99756299    0.91220912    1.01250902    0.98721078    1.06905222    1.20421952    1.02672060    1.17088817    1.16062634    1.52523588    1.43764164    1.47598910    1.23882026    1.28711329    1.23187873    1.31812071    1.43705990    1.05955949    1.23348996    1.18459878    0.95416381    1.01437206    1.11008652    1.25349445    1.21235956    1.15213652    1.22861177    1.27745684    1.23962030    1.36196048    1.25939980    0.81737602    0.86834033    0.94318227    1.37091052    1.42593145    1.44117303    1.50926047    1.38289093    1.32878080    1.16057792    1.24017859    1.16968990    1.21726206    1.19553816    1.27492194    1.32569551    1.27353139    1.33513653    1.24159133    1.41525284    1.35603754    1.36997578    1.26054537
F4NYG4_BATDJ/205-417     1.38567060    1.31736054    1.31839169    1.38754527    1.31118130    1.32998681    1.41243117    1.42063635    1.36750028    1.49609565    1.47174059    1.57196249    1.49022878    1.48297611    1.45490634    1.47814170    1.33419828    1.29552726    1.31594969    1.35081717    1.37550566    1.87125902    1.08999064    1.36603967    0.82896688    0.00000000    1.45657570    0.90945127    0.91714972    1.04637520    0.93227814    0.89163543    0.94515784    0.90052399    0.90241915    0.93988051    0.86774059    0.77018278    0.97516823    1.02312116    0.96358811    1.18959231    1.18553602    1.03435743    1.08567916    1.13012402    1.02805675    1.12584897    1.02662839    0.97834907    1.05297244    0.98772886    1.12198592    1.17641999    0.95346002    1.24395365    1.22467349    1.37530758    1.35272754    1.30222081    1.18024099    1.35592098    1.30656268    1.51641908    1.52202856    1.29306849    1.45898533    1.34324558    0.98122502    0.95558225    1.04696376    1.06964026    1.00188564    0.99932195    1.04899049    1.22400283    1.20485549    1.28091707    1.22446601    0.93024178    0.90673093    0.78257791    1.35501514    1.36784532    1.34944064    1.45496831    1.22678584    1.63789629    1.32279466    1.48149644    1.34530972    1.44208660    1.32291513    1.33074042    1.40069736    1.45354089    1.45343793    1.53810597    1.49660188    1.48937668    1.51856150    1.42526257
C4LXB4_ENTHI/31-236     1.91696553    1.87690681    1.95816936    1.96378716    1.83192573    1.88556102    1.96781147    1.99414709    1.83958771    1.85623023    1.93654085    2.00859433    1.98726004    1.93888096    1.93379653    1.88336495    1.99131202    1.73590783    1.81709608    1.65276442    1.83789117    2.60757420    1.62527521    1.62885176    1.56019983    1.45657570    0.00000000    1.37319939    1.49604910    1.41628899    1.58533912    1.34255312    1.42550610    1.40263417    1.46330338    1.48486170    1.39655814    1.37098252    1.43219370    1.45771867    1.43257872    1.56664913    1.43231036    1.46843583    1.78888818    1.36934351    1.34596075    1.54399617    1.36983309    1.24999890    1.35454228    1.42210103    1.59020146    1.50947144    1.52873472    1.38202207    1.51604626    1.67821739    1.84261723    1.60171802    1.50498574    1.56440327    1.91245897    1.96939488    1.77473435    1.62061787    1.77187912    1.68032356    1.73512192    1.37388675    1.43440051    1.54930494    1.76665838    1.68136976    1.65106582    1.58859591    1.33133061    1.46840622    1.46085054    1.58542703    1.47045347    1.53091538    1.93035233    1.76445382    1.88101563    1.87403822    1.75479038    1.96544555    1.76883874    1.82342889    1.84433042    1.71515059    1.79258569    1.81302413    1.84738727    1.80167402    2.04805386    1.87495331    1.78957818    1.76124997    1.77454866    1.78357462
