153
F4Q1V0_CAVFA/1034-1161     0.00000000    0.36091888    0.52312290    1.19402245    1.35374037    1.28294299    1.51456137    1.49740978    1.32833249    1.39536718    1.28627995    1.50618979    1.41767757    1.48732532    1.49135851    1.54146716    1.40982885    1.39829851    1.40471110    1.39217159    1.39674266    1.45192903    1.47092635    1.60921266    1.59096060    1.47145537    1.45176930    1.37542313    1.10993917    1.20426937    1.24896106    1.17576149    1.11585557    1.15400261    1.13065103    1.19607057    1.12230592    1.18245273    1.13473712    1.12441483    1.08575361    1.21155265    1.11743368    1.26081322    1.13205419    1.05921408    1.08081517    1.18571370    1.19643766    1.20750855    1.11509321    1.16111924    1.12826674    1.12832726    1.23657944    1.07774532    1.08508565    1.14149014    1.18931002    1.22803919    1.12085697    1.26263859    1.24814709    1.28429276    1.32472087    1.30483054    1.33832444    1.31792791    1.34013396    1.42098576    1.33876364    1.32708259    1.39279961    1.32760817    1.34078685    1.38037912    1.34323642    1.27545149    1.36655440    1.68645478    1.52995508    1.37140078    1.27445549    1.46638507    1.61728452    1.52684965    1.47047188    1.40706591    1.42663154    1.16101460    1.29151355    1.45311794    1.22881289    1.17423946    1.10653022    1.18432111    1.15550019    1.12983819    1.13231626    1.20868418    1.32617533    1.25461510    1.19814119    1.20441119    1.21558117    1.81766442    1.56539927    1.48435427    1.67845686    1.91934305    1.62808808    1.87549149    2.00417354    2.38721109    1.74473929    1.30551882    2.17464760    1.91364232    2.34948309    2.23108230    2.53558919    2.26849698    2.33297455    2.31650169    2.45603682    2.47595725    2.41963773    2.55858127    2.36725840    2.34194525    2.44245036    2.53358695    3.04073499    2.61114644    2.36425935    2.43106994    0.91627078    1.06484176    1.17025563    1.03609301    1.11166171    1.44577521    1.38264820    1.12585337    1.17916307    1.28310910    1.04093605    1.06089594    1.10989443    1.03267644    1.08874527    1.40574993    1.39577098
D3BA94_POLPP/814-945     0.36091888    0.00000000    0.44462033    1.15083328    1.31299557    1.29630381    1.41948671    1.53828855    1.27557497    1.51970527    1.44846387    1.44869085    1.54831846    1.51125900    1.54798447    1.47980121    1.40968689    1.46040999    1.54113827    1.44090326    1.41546315    1.51694431    1.51459610    1.61873460    1.57042578    1.49289867    1.47847281    1.46484755    1.32171042    1.26856544    1.30434041    1.13749436    1.05791391    1.07713208    1.09061329    1.17262875    1.08504506    1.19601237    1.07879922    1.15500233    1.13976637    1.25375636    1.13659315    1.28710343    1.12824391    1.08602232    1.05912286    1.07780651    1.21110582    1.22604536    1.08327896    1.20426402    1.16218927    1.21829651    1.23443842    1.03132689    1.05113777    1.06569427    1.09936199    1.32175242    1.18123233    1.34164386    1.25174253    1.40164064    1.36434768    1.36739006    1.45282840    1.36490937    1.39243529    1.43105788    1.39142259    1.38747287    1.48335073    1.31906080    1.42604166    1.47401448    1.47016074    1.44069975    1.49840098    1.96084045    1.60160390    1.46226018    1.58212853    1.54576770    1.65873981    1.54692341    1.59528473    1.41487294    1.54649408    1.21355436    1.30527715    1.38800793    1.16564021    1.13502797    1.08485457    1.10480685    1.17009083    1.10839781    1.09550189    1.25369999    1.48181385    1.18397530    1.18502290    1.05583080    1.18345509    1.77510644    1.55519805    1.50756882    1.63029168    1.96397658    1.72618986    1.87949504    1.92949971    2.30071278    1.61714449    1.31655534    1.96256848    1.91318013    2.28331099    2.12849620    2.27805429    2.09490592    2.15144037    2.10883306    2.27768815    2.26637448    2.21332696    2.25863321    2.11833722    2.15174129    2.27413571    2.29266938    2.80479917    2.19226963    2.17731701    2.11758116    0.96306548    1.14153731    1.16338829    1.07105093    1.05259432    1.49907468    1.50449084    1.09555394    1.11918525    1.19280270    1.11612585    1.12698831    1.13916025    1.07935880    1.01499251    1.40520752    1.30397345
IREA_DICDI/857-983     0.52312290    0.44462033    0.00000000    1.19640909    1.49263080    1.44472902    1.63603113    1.69443783    1.55815135    1.55713585    1.56630441    1.67286439    1.54414598    1.44044158    1.47618964    1.57410438    1.41822713    1.46113522    1.61026015    1.48981413    1.47859603    1.54011911    1.53614477    1.53561775    1.63208709    1.61659001    1.60162643    1.52651101    1.39416472    1.45199062    1.42720781    1.21223059    1.19390576    1.14072303    1.08876312    1.08390188    1.11955411    1.12970502    1.13232990    1.35837862    1.11706692    1.24233083    1.16179548    1.37731918    1.18695602    1.18608488    1.23312978    1.25445470    1.24753488    1.18998507    1.17478405    1.22535783    1.16234726    1.19897478    1.14897782    0.99120465    1.14335854    1.23722060    1.30700610    1.33587925    1.28740634    1.51215690    1.38948422    1.48539611    1.45780476    1.43070375    1.53518711    1.61225383    1.56407630    1.49357546    1.59566797    1.51258808    1.60028049    1.50565967    1.58095161    1.55015333    1.48290653    1.36201522    1.52877942    1.86135268    1.61624840    1.43938758    1.45426081    1.56377235    1.72147118    1.52419274    1.43727093    1.40876009    1.54752945    1.19310468    1.54686298    1.40792154    1.22861839    1.34197557    1.25695811    1.33511678    1.34495455    1.19308277    1.34152064    1.25771543    1.43100953    1.19508113    1.32789251    1.41169615    1.35791420    1.84488811    1.54934228    1.65470949    1.79366068    2.17563748    2.09484790    1.84414299    1.87471264    2.45165672    1.56731880    1.37165057    2.31135851    1.79213553    2.57880390    2.39468277    2.62981538    2.40903234    2.45828197    2.40337534    2.65433977    2.63084330    2.47893462    2.61309745    2.48434644    2.46719380    2.62185580    2.59356323    3.12729880    2.75900085    2.38050989    2.67009797    1.23652458    1.19513224    1.27905247    1.07478993    1.14496158    1.79840822    1.73163025    1.17797597    1.26188604    1.29514273    1.20047408    1.17368746    1.22082312    1.07940791    1.08796483    1.63347350    1.52322957
G1X7E9_ARTOA/1052-1178     1.19402245    1.15083328    1.19640909    0.00000000    1.04336158    0.94303824    1.06874264    0.96109881    1.01110570    0.96321231    0.88013981    0.83464031    0.80927237    0.81295387    0.84333087    0.86509344    0.80569700    0.75880706    0.86296262    0.84868717    0.91213334    0.86267938    0.91737878    0.98593859    0.88467862    0.92758465    0.86215840    0.83636563    0.64968962    0.80133277    1.21996503    0.74349968    0.75100009    0.80782086    0.78910250    0.98137832    0.88645501    0.94931704    1.05955005    1.02129876    0.89444179    0.87742467    0.94950543    1.20914624    0.92652024    0.94841484    0.81232051    1.06890129    0.91023157    0.81512679    0.81727446    0.88050723    0.98212003    0.94042493    0.88113729    0.86770076    0.79454110    0.68455368    0.68530137    0.91649451    0.98901873    1.14788964    1.02227587    1.23736269    1.09179944    1.05456752    1.17488936    1.15271554    1.15146890    1.15548215    1.18798357    1.11467138    1.26969302    1.19542419    1.09109538    1.13371363    1.10393223    1.21185339    1.21360340    1.30963979    1.23530328    1.19123054    1.16025860    1.11201316    1.15767511    1.14275190    1.19315266    1.35699771    1.14069255    0.79358629    0.87748826    1.06580605    0.92198398    0.93037330    0.71775233    0.86335590    0.92123707    0.91891535    0.88207058    0.83324435    0.99909605    1.14192830    0.99445844    1.22658432    1.28972960    1.49491688    1.72104750    1.59646776    1.56015029    2.10136451    1.82833693    1.90229425    1.78705471    2.30547842    1.74285969    1.28214238    2.37848960    1.49078644    1.98565831    2.14204735    2.39586874    2.09128823    2.28931699    2.35524108    2.52063798    2.39644388    2.38240631    2.35577770    2.18505992    2.21212693    2.29299061    2.44187020    2.41905653    2.38974714    2.35954690    2.02204735    1.05261444    1.14787562    1.08513421    1.17327257    1.19737487    1.48694283    1.61893213    1.15321285    1.11798247    1.24460608    1.09293214    1.04857306    1.15181226    1.09061094    1.14787522    1.74231268    1.55445472
M3CZX4_SPHMS/1062-1201     1.35374037    1.31299557    1.49263080    1.04336158    0.00000000    0.38215558    0.49313157    0.46431581    0.41923444    0.66761370    0.71902937    0.67521733    0.69996503    0.71034822    0.78277390    0.73919945    0.72380786    0.73152316    0.70440239    0.61467516    0.75510017    0.75012084    0.74556570    0.74738089    0.84201716    0.78652732    0.77873315    0.58733890    0.54720780    0.62754744    1.55160455    1.18966577    1.21989524    1.18044665    1.16756608    1.39243777    1.30415588    1.44181959    1.43112599    1.38222311    1.18669112    1.14770951    1.25158366    1.58475689    1.31978463    1.36661096    1.20103958    1.37625481    1.36145805    1.34320436    1.24276278    1.34978971    1.32455087    1.33872090    1.27623110    1.20748002    1.27388664    1.21263619    1.17239996    1.34632265    1.27349728    1.33252184    1.38852591    1.49398970    1.32765476    1.27460812    1.39827489    1.33589215    1.41081574    1.38281424    1.49161230    1.43226838    1.50131366    1.46083411    1.41141816    1.55156261    1.52956103    1.52767712    1.36391704    1.74960709    1.71166165    1.54341207    1.60340306    1.63457556    1.60994666    1.58941119    1.50038510    1.74075456    1.49156744    1.19161520    1.13002785    1.30108531    1.07809228    1.10429095    1.04980201    0.96387801    1.01265084    0.99057581    0.95203455    1.12356361    1.33226413    1.39455973    1.58750969    1.64825409    1.43517008    1.69186652    1.78814562    1.85407468    1.76905862    2.03569448    2.06496134    1.90580269    2.20888039    2.36971533    1.92704436    1.81869624    2.16410861    1.78839546    2.04905459    2.38590063    2.45173807    2.56417975    2.53978520    2.18877533    2.50174330    2.55997899    2.32108133    2.37511651    2.12532092    2.34815260    2.37447614    2.54364554    3.14334959    2.67660451    2.36697813    2.22622943    1.25458465    1.44635567    1.34810787    1.26313581    1.37273796    1.73623116    1.71822229    1.41852624    1.42169173    1.51293819    1.42047857    1.41468236    1.52280029    1.51479724    1.30949603    1.75808116    1.70110930
M3AS94_PSEFD/468-604     1.28294299    1.29630381    1.44472902    0.94303824    0.38215558    0.00000000    0.45788202    0.36731499    0.36671952    0.71247066    0.71442300    0.68572797    0.67312107    0.68167820    0.72727101    0.68978473    0.68675838    0.71495694    0.65508701    0.64477600    0.75837431    0.73725300    0.66955584    0.74683462    0.79260956    0.81268628    0.68524477    0.59996166    0.51678078    0.66719902    1.52249860    1.24933381    1.13848596    1.14243736    1.23648162    1.38168859    1.24882396    1.41469541    1.44462821    1.41819834    1.28633260    1.20560049    1.29748316    1.62359956    1.30332495    1.39719983    1.07580011    1.37805698    1.28460105    1.27022071    1.21607036    1.40888899    1.40807105    1.31076515    1.29361915    1.22765863    1.08234989    0.99467318    0.99797828    1.04328545    1.27806997    1.37945170    1.32197083    1.52593234    1.53893594    1.48472888    1.60402912    1.36211438    1.55560430    1.61994852    1.64415169    1.63002596    1.69078306    1.48594540    1.50564118    1.51724081    1.33547492    1.50642901    1.29402568    1.82553743    1.50551922    1.57140295    1.71285215    1.63077946    1.69410691    1.62021893    1.63842931    1.64916896    1.36489113    1.03127591    1.08838450    1.13428254    0.98833169    0.97005575    0.96177756    0.91549916    0.95862652    0.89872418    0.91320719    1.16779212    1.16921500    1.58521684    1.53532511    1.59584072    1.43726705    1.55866623    1.99428175    1.81492157    1.68696331    1.99351898    1.83858306    1.85976751    2.04890301    2.55847794    1.83444461    1.65219149    2.00502043    1.83021232    1.97222506    2.17356926    2.51305641    2.10834670    2.47470639    2.07716000    2.28134769    2.30505782    2.32837869    2.08898334    1.99020649    2.06417933    2.16865472    2.44923292    2.76792795    2.34563942    2.23676984    2.24613418    1.32305658    1.31056467    1.24133007    1.22223861    1.30139444    1.62526151    1.67966685    1.40831509    1.37033112    1.50428850    1.35724714    1.35279851    1.40508011    1.39384910    1.29954257    1.77904048    1.68065331
M2MWV8_BAUPA/1071-1207     1.51456137    1.41948671    1.63603113    1.06874264    0.49313157    0.45788202    0.00000000    0.51418783    0.47558496    0.80961859    0.90333895    0.69435119    0.73382055    0.73005960    0.83888523    0.85604379    0.79098281    0.86168743    0.73641477    0.69596928    0.81392482    0.84961134    0.70813147    0.74278059    0.82539642    0.79101740    0.67336873    0.72172679    0.65612965    0.73611093    1.77848532    1.45270307    1.41880400    1.35620729    1.45487478    1.61835371    1.51292576    1.50576497    1.62104205    1.59942739    1.32196492    1.21583961    1.50199781    1.70551216    1.35934813    1.44435182    1.26493030    1.50647559    1.44101504    1.42894840    1.41570766    1.56202013    1.54165327    1.31285395    1.41268199    1.41862747    1.20397477    1.09704025    1.13357410    1.31000811    1.34565309    1.39398072    1.21795142    1.59349951    1.39281477    1.39476673    1.56289998    1.50443607    1.45960801    1.48448519    1.58989624    1.55503961    1.59678385    1.44536646    1.46535534    1.44259313    1.40805873    1.47224950    1.37497737    1.77463968    1.61442937    1.61665482    1.76592900    1.56810342    1.45537053    1.47484056    1.59898027    1.75184722    1.45580377    1.20231827    1.17224206    1.39480864    1.16725642    1.23330543    1.15842698    1.08421782    1.15102966    1.12407018    1.04234852    1.33799522    1.22444459    1.37551409    1.47887146    1.77153547    1.58041621    1.59714134    1.88998052    1.76859411    1.60470235    2.09094167    1.87251928    1.99081190    1.99666505    2.65401617    1.99740099    1.76983647    2.09591784    1.90694838    2.14985597    2.57016054    2.79596130    2.40325208    2.67335081    2.38250832    2.68639807    2.73834608    2.59707776    2.55180723    2.34787694    2.36060274    2.52423836    2.56673067    2.96527920    2.59430145    2.39134865    2.31201955    1.27383624    1.25750956    1.31690457    1.36297595    1.37052530    1.89303665    1.85076934    1.46470750    1.41251708    1.38107575    1.52204148    1.50979193    1.49186806    1.52019961    1.33424464    1.84623664    1.83643157
M2WKA8_DOTSN/999-1140     1.49740978    1.53828855    1.69443783    0.96109881    0.46431581    0.36731499    0.51418783    0.00000000    0.29501684    0.71357134    0.81941801    0.54906367    0.69898739    0.67322444    0.70502547    0.74078180    0.70857201    0.70342403    0.65065084    0.62771879    0.73956129    0.73450086    0.68540576    0.71252838    0.79271317    0.73104261    0.63875400    0.59999022    0.61018614    0.65581550    1.44331677    1.26502342    1.09634732    1.24629146    1.12167900    1.30498895    1.18567353    1.34361279    1.40856262    1.37818780    1.20012917    1.14028818    1.21200757    1.47786929    1.15100450    1.35420155    1.10710643    1.25853232    1.19745438    1.23722044    1.19329699    1.20836557    1.25984279    1.15992587    1.20308229    1.27805657    1.08779903    1.07644899    0.98769366    1.09615768    1.44912936    1.43305202    1.21974337    1.52221215    1.46918954    1.45049918    1.61800518    1.48178114    1.60798594    1.67844672    1.67628671    1.59534585    1.63690739    1.53283120    1.45908595    1.54017916    1.46036932    1.50041153    1.34371473    1.73010921    1.53044729    1.69205063    1.63107656    1.60861631    1.63901093    1.65775320    1.54634673    1.76480017    1.42922905    1.12216803    1.07206147    1.19287577    1.02914285    1.10235921    0.99903543    0.97176723    1.03214185    1.07341384    1.03191878    1.24904518    1.18463852    1.65673237    1.49282221    1.60716519    1.31506959    1.63951042    2.04788287    1.89907738    1.66407584    1.90748844    1.95369462    1.84404224    2.11729058    2.59743478    2.03284237    1.61266060    2.00841652    1.92339561    2.03096770    2.34882477    2.64014127    2.35021842    2.68224152    2.51143111    2.61175255    2.57369491    2.43501666    2.28580578    2.36128803    2.37434503    2.34177537    2.68016647    3.05930808    2.54498450    2.32243316    2.27398038    1.26776953    1.28086624    1.21733689    1.26429044    1.24647371    1.60756369    1.66531265    1.41495510    1.31156772    1.44185136    1.34135295    1.31903995    1.37741518    1.45708516    1.35767434    1.83862818    1.74033677
F9XFY1_ZYMTI/1024-1163     1.32833249    1.27557497    1.55815135    1.01110570    0.41923444    0.36671952    0.47558496    0.29501684    0.00000000    0.64389736    0.77973501    0.60866175    0.66681753    0.66631870    0.65496506    0.66220913    0.69577822    0.65236813    0.56526901    0.58996610    0.63425733    0.66158521    0.63937988    0.68526212    0.69759055    0.72773552    0.65872266    0.56729547    0.57788299    0.62703468    1.40888911    1.24239179    1.07700517    1.17294926    1.07486519    1.36459076    1.23814959    1.31296899    1.39071513    1.41000585    1.13775675    1.06540700    1.22146764    1.54936824    1.10217013    1.22994043    1.09133256    1.24958432    1.16966309    1.20969672    1.09394452    1.26310841    1.35124999    1.21158928    1.18607147    1.14858807    1.11039107    1.07220228    1.02376509    1.14054001    1.31679611    1.33205149    1.19917906    1.57099357    1.43213746    1.34234555    1.49481716    1.34604516    1.49450719    1.53324173    1.57259596    1.53877401    1.47163619    1.45068311    1.40786758    1.45247887    1.50072849    1.53021615    1.31593913    1.65522790    1.53663430    1.46656634    1.56544451    1.50502852    1.49562076    1.52945454    1.41622370    1.58838260    1.39016387    1.12303239    1.06948367    1.26987894    0.92928508    1.05695087    0.94784952    0.97278444    1.02019859    0.93116480    0.93862439    1.21786821    1.21048026    1.50741484    1.53288725    1.53815977    1.31644428    1.56701756    1.97356809    1.76227140    1.74217162    1.99404351    1.85151470    1.88068442    2.18056226    2.41811488    2.01995887    1.62345540    1.90607976    1.73697088    2.02004650    2.34855600    2.43525116    2.21311519    2.46494202    2.32788943    2.44727433    2.48505383    2.27459948    2.22903968    2.23434532    2.22301275    2.24255872    2.50222925    2.96954794    2.56955607    2.33419309    2.10197821    1.21714654    1.26478228    1.21957170    1.24711502    1.20852767    1.64263726    1.58940715    1.33868739    1.31741930    1.39653666    1.42818496    1.38319180    1.38214702    1.43623450    1.31205535    1.76941390    1.69687611
B6HU85_PENRW/1002-1131     1.39536718    1.51970527    1.55713585    0.96321231    0.66761370    0.71247066    0.80961859    0.71357134    0.64389736    0.00000000    0.28122781    0.62383258    0.56101624    0.56511871    0.59170946    0.60077686    0.64528012    0.60341273    0.53535557    0.54323949    0.66052010    0.55410715    0.62300090    0.59888284    0.61771110    0.58500975    0.49996392    0.66619444    0.64183512    0.67600519    1.67805453    1.14990956    1.07576489    1.10315000    1.14056110    1.33390255    1.23881624    1.29320530    1.32491057    1.22239839    1.04781815    1.04149902    1.12819443    1.55668556    1.11904064    1.19106229    1.00229083    1.14282186    1.09222240    1.03490023    1.07735410    1.10512278    1.14509143    1.02230527    1.24164354    1.09180724    1.20280004    0.98744698    1.05033771    1.25187776    1.23277048    1.45398910    1.41352333    1.63469949    1.34957343    1.37483995    1.46348549    1.46013709    1.53527772    1.54711229    1.67418049    1.56201872    1.79848191    1.44278316    1.60480104    1.50574975    1.39181905    1.46434839    1.49330030    1.69918358    1.78953068    1.56242383    1.53790823    1.47337893    1.49042431    1.51136598    1.40278933    1.83891157    1.62643080    1.06989624    1.18559760    1.41104772    1.10612821    1.19382119    0.97317623    0.97285098    1.03464122    0.99746368    1.00806175    0.96766849    1.11405770    1.40763595    1.43095191    1.47030599    1.52168060    1.83755469    2.01723509    2.01388235    1.74856801    2.06584332    1.97780011    1.98253053    2.33588793    2.56013039    1.88765930    1.78530555    2.51040126    1.97916622    2.64568431    2.52203762    2.68469580    2.53549354    2.68670968    2.67640915    3.10118989    2.86494397    2.76990657    2.74137160    2.50273042    2.59326587    2.63948633    2.81696682    3.07542068    2.90771841    2.53787874    2.60114976    1.40047694    1.35893961    1.32581437    1.26889699    1.40209686    1.72852672    1.78207749    1.44792559    1.40139983    1.61555076    1.49807096    1.38180201    1.50943281    1.41128608    1.43488000    1.65802140    1.66140397
E9DH54_COCPS/317-446     1.28627995    1.44846387    1.56630441    0.88013981    0.71902937    0.71442300    0.90333895    0.81941801    0.77973501    0.28122781    0.00000000    0.65461589    0.53794886    0.50875279    0.61321202    0.65741668    0.62419990    0.61708179    0.53962079    0.54033329    0.66290428    0.52253321    0.59576762    0.67413530    0.57555140    0.61874176    0.52898859    0.71203253    0.67642482    0.78224084    1.66390815    1.21828387    1.08659936    1.13021319    1.13800512    1.38566367    1.26234134    1.28348433    1.28670022    1.22313800    1.15023088    1.05769969    1.24222197    1.57911755    1.18105940    1.18208176    1.12357668    1.27481933    1.19684458    1.08668383    1.05036066    1.13879065    1.30622684    1.16507664    1.25939189    1.12314586    1.09380191    0.88292244    1.01624877    1.18828548    1.20636398    1.41430069    1.42235044    1.55743469    1.36444824    1.43786939    1.44986682    1.47105116    1.48738213    1.46933135    1.60895141    1.45941051    1.77949350    1.47719322    1.44719959    1.41085662    1.25941594    1.40042288    1.48492325    1.70470593    1.58871454    1.52187712    1.54559748    1.60096385    1.64233676    1.64817772    1.51892771    1.71173286    1.36291440    1.10641894    1.26152519    1.31640454    1.13386067    1.19250626    0.96310333    1.09273140    1.07788574    1.12255330    1.01919566    1.07404768    1.17004875    1.42254113    1.52659471    1.62913477    1.57821543    1.83702536    2.05465785    2.03414505    1.63117901    2.13560507    1.94682438    2.26048737    2.20764656    2.52521981    1.88677256    1.51836299    2.60832341    1.83385959    2.30203599    2.34655926    2.66187149    2.28886446    2.56184063    2.52111999    2.77952671    2.74755414    2.76673331    2.68523427    2.43630278    2.49506348    2.63947320    2.72304881    3.25929568    2.92492891    2.40154387    2.65333028    1.46912989    1.34767952    1.34545590    1.37759596    1.49695262    1.71736862    1.80384658    1.48619576    1.37930410    1.57085208    1.37827595    1.36231470    1.48972253    1.41237711    1.30048479    1.80257903    1.82771530
B2ALP5_PODAN/1066-1195     1.50618979    1.44869085    1.67286439    0.83464031    0.67521733    0.68572797    0.69435119    0.54906367    0.60866175    0.62383258    0.65461589    0.00000000    0.55622225    0.51399743    0.60358533    0.55329798    0.57915178    0.56508534    0.58470048    0.47065557    0.56413772    0.64295538    0.57639170    0.62989348    0.57517676    0.57985712    0.51826796    0.65421931    0.66126405    0.63029066    1.56915916    1.19983375    1.06936512    1.25787051    1.07537416    1.30139163    1.11628594    1.33164231    1.41089973    1.29224030    1.06954124    1.01872367    1.12581984    1.42278548    1.08801785    1.26701496    0.99767130    1.14580692    1.07166077    1.11804587    1.01896006    1.15281671    1.11895018    1.01307307    1.12240270    1.22788133    1.03816053    0.94743152    0.83119719    1.20296558    1.27722589    1.44851190    1.31388634    1.42579342    1.24045404    1.20799227    1.28548357    1.38413216    1.30366591    1.38235702    1.48798710    1.43800758    1.54645119    1.46151888    1.39631770    1.50452579    1.39133180    1.40388317    1.27431177    1.60381817    1.53437847    1.39061935    1.48056640    1.40859207    1.47598428    1.44395071    1.43007676    1.48371281    1.33962398    1.13945475    0.94098067    1.34767265    1.03813864    1.04133676    1.02482037    1.02531458    1.10264202    1.03968552    1.00716436    1.08412425    1.16177132    1.55146233    1.55534939    1.56906730    1.56772629    1.56832409    2.08351013    1.89783824    1.82918968    1.91684887    1.90934079    1.92640066    2.18139231    2.27178059    1.99449560    1.55796784    2.25357507    2.00771860    2.24336807    2.20749798    2.60207701    2.33550371    2.52155831    2.80027554    2.80138163    2.75776994    2.82071126    2.58196996    2.52247857    2.38634938    2.43379828    2.69492870    2.89381833    2.80139612    2.24023584    2.40650082    1.17435145    1.27475218    1.19017556    1.24741797    1.19242410    1.58926976    1.60298824    1.33748786    1.30232395    1.34416424    1.31315160    1.19642297    1.37948318    1.30417378    1.28784161    1.80655235    2.00726361
F7VVS1_SORMK/1048-1176     1.41767757    1.54831846    1.54414598    0.80927237    0.69996503    0.67312107    0.73382055    0.69898739    0.66681753    0.56101624    0.53794886    0.55622225    0.00000000    0.35597029    0.47018750    0.47133379    0.45034916    0.43483524    0.42793413    0.41873652    0.53768461    0.46372733    0.44136414    0.50793823    0.47796503    0.47556842    0.41752820    0.65833911    0.65929192    0.72383658    1.48264851    1.14052896    1.07037821    1.06964976    1.13987983    1.17263296    1.17645823    1.14459081    1.40472623    1.25726058    1.10903747    1.06805927    1.19386293    1.63176854    1.13648036    1.29830698    1.03337770    1.30108320    1.20121212    1.17749955    1.11963598    1.20297856    1.12675270    1.25802252    1.04987876    1.14513158    1.15086248    1.04023106    0.99160462    1.16625456    1.21755495    1.41348441    1.30467586    1.45559945    1.32289801    1.38361387    1.38556308    1.36214145    1.38241944    1.37536354    1.51407173    1.30754588    1.56687839    1.43933253    1.41625104    1.26041830    1.07912696    1.34947877    1.33859772    1.57088364    1.42306223    1.38923563    1.38745004    1.42208967    1.43002312    1.41493439    1.29125120    1.59359906    1.32446568    1.08208178    1.13331461    1.11244819    1.05842000    1.06748106    1.04481610    1.10354908    1.09849838    1.07930935    1.02761686    0.96566574    1.07766006    1.40817437    1.52564555    1.62629819    1.54700349    1.55637950    1.99535545    1.83638177    1.76412295    2.18142685    1.98328550    2.01993274    1.94272452    2.26491861    1.94975900    1.62247863    2.54950702    1.74637327    2.28954710    2.20189803    2.36068135    2.10445770    2.28429564    2.45938175    2.50686459    2.53433840    2.58715997    2.43671758    2.23739671    2.20869076    2.14145957    2.34605624    2.77419256    2.42398227    2.20030242    2.33475808    1.27475393    1.36825560    1.25028309    1.28178001    1.40489542    1.63073328    1.64242265    1.38964413    1.35682657    1.47724231    1.32267071    1.29304537    1.37172203    1.33975417    1.29096193    1.81416333    1.83908102
G0RXT3_CHATD/1117-1244     1.48732532    1.51125900    1.44044158    0.81295387    0.71034822    0.68167820    0.73005960    0.67322444    0.66631870    0.56511871    0.50875279    0.51399743    0.35597029    0.00000000    0.31621951    0.32699666    0.34926366    0.33291386    0.39668089    0.32211432    0.30681152    0.35772537    0.34818464    0.40414697    0.34116628    0.44003296    0.29538919    0.64221257    0.63991339    0.72005123    1.62505261    1.06247185    1.11611348    1.05982655    1.13431714    1.26308137    1.27895187    1.17182388    1.40139176    1.38155176    1.10644594    0.99209757    1.12320212    1.42775666    1.14113804    1.28504851    1.03275029    1.14458693    1.11800874    1.13285321    1.06577704    1.16444083    1.21516054    1.08392154    1.02819257    1.08675523    1.06213747    1.05782609    0.98523706    1.16339497    1.26687564    1.44308574    1.19176174    1.41764652    1.42395457    1.32942458    1.45110024    1.39452460    1.44326173    1.38955821    1.55293458    1.39760797    1.55225416    1.40445362    1.36801174    1.21882351    1.20079499    1.37966417    1.14205749    1.53849245    1.41062309    1.37664118    1.32052359    1.33925637    1.35999981    1.37594379    1.32962176    1.51553285    1.27372481    1.05252856    1.09666018    1.31008013    1.05515818    1.22061187    0.99449452    1.10278738    1.17392641    1.14553694    1.11372764    1.04050909    1.14123318    1.51481911    1.53108210    1.61604255    1.46277608    1.71455954    1.99739610    1.87617082    1.69654452    1.93263410    1.81414327    1.99911566    1.99397674    2.30456507    1.85558396    1.49662621    2.67639393    1.66999897    2.18550427    2.16925386    2.38509034    2.24216701    2.23895914    2.40426898    2.52090142    2.56941914    2.60898720    2.50058969    2.34446379    2.35731490    2.26541373    2.46534252    2.89558212    2.65862386    2.32752154    2.42642024    1.39146368    1.38448229    1.25395302    1.39157178    1.41385560    1.72673506    1.74514053    1.45977666    1.29672366    1.39671351    1.44131108    1.37915440    1.47985063    1.32996252    1.34418035    1.75402583    1.75915105
K1XMA2_MARBU/1024-1151     1.49135851    1.54798447    1.47618964    0.84333087    0.78277390    0.72727101    0.83888523    0.70502547    0.65496506    0.59170946    0.61321202    0.60358533    0.47018750    0.31621951    0.00000000    0.26284417    0.33291165    0.35305495    0.39885254    0.32113805    0.37895545    0.43413269    0.43978732    0.50927590    0.45893197    0.51802193    0.43021045    0.60792601    0.73381570    0.77751560    1.59236304    1.11686977    1.10457455    1.14646199    1.10373973    1.30447507    1.21232976    1.15478193    1.39771160    1.29608194    1.17434078    1.08102899    1.10262361    1.47617444    1.14417442    1.31463683    1.13294626    1.22149212    1.08290096    1.10659472    1.06011992    1.21631642    1.28767542    1.19240225    1.17151471    1.16318989    1.11560467    1.07245416    1.05080076    1.17141102    1.33770453    1.50271596    1.21592535    1.39868263    1.37069143    1.34242180    1.41541460    1.46839041    1.41532192    1.42087566    1.51977298    1.33160308    1.58715748    1.30488046    1.40906290    1.29680941    1.24808472    1.37010627    1.29079417    1.49704362    1.33759081    1.38143722    1.35934540    1.26695605    1.31372907    1.25968958    1.29653363    1.47548983    1.23865406    1.17249788    1.10611745    1.39011467    1.15644082    1.18226784    0.96758238    1.07489726    1.10527568    1.09905185    1.02268828    1.07188852    1.11871991    1.43340362    1.62354289    1.46670588    1.59440450    1.90612461    1.87466529    1.83009442    1.63672083    1.90235129    1.76675087    1.82627860    2.19856395    2.46047879    1.91331312    1.54538045    2.78695231    1.64262126    2.14047506    2.17078808    2.19417786    2.13361406    2.29509984    2.29166360    2.57694213    2.43555941    2.38872446    2.49919483    2.32974502    2.43102541    2.11656784    2.21787068    2.91935828    2.58582728    2.41033373    2.43775891    1.53451584    1.49753978    1.35719663    1.44406092    1.38455412    1.71104292    1.78865710    1.50733912    1.40955927    1.60494185    1.53670118    1.35492254    1.55723938    1.47235773    1.53197484    1.80584045    1.84187654
L8FTR8_PSED2/1056-1183     1.54146716    1.47980121    1.57410438    0.86509344    0.73919945    0.68978473    0.85604379    0.74078180    0.66220913    0.60077686    0.65741668    0.55329798    0.47133379    0.32699666    0.26284417    0.00000000    0.32170577    0.26035635    0.37678759    0.36803791    0.40519779    0.37554932    0.48131836    0.56888934    0.46798291    0.55668491    0.40692877    0.67603128    0.72756867    0.77402415    1.58823673    1.15915459    1.09826616    1.14015428    1.15198988    1.33078778    1.27753972    1.14583848    1.46516348    1.35363655    1.06486741    1.01033429    1.15293185    1.60882489    1.07141640    1.19083321    1.08542286    1.12430617    1.11476081    1.13896085    1.00271519    1.11335696    1.10115472    1.13490614    1.09188109    1.07641610    1.16076673    1.14495266    1.09751086    1.28687243    1.24361558    1.57363106    1.28137442    1.55667746    1.44384911    1.48614343    1.51397116    1.49719266    1.58626995    1.49455494    1.66898665    1.50525791    1.59401747    1.38026447    1.41714467    1.31042747    1.26465548    1.50601363    1.27394346    1.58651607    1.48696157    1.42574719    1.46486705    1.42644884    1.49291863    1.41005463    1.36357985    1.56291262    1.42108305    1.23445437    0.99260850    1.23117506    1.05559551    1.18321308    1.00334368    1.00985989    1.12680106    1.09855479    1.04149921    1.10387515    1.17097020    1.45340654    1.66829228    1.54002979    1.59093176    1.93324581    2.05641917    1.88280795    1.74093018    2.13239298    2.07231595    2.12471583    2.30567718    2.64626389    2.09417896    1.74657559    2.89157534    1.79461924    2.25724508    2.19439077    2.18995079    2.29505249    2.25317069    2.44002950    2.73356404    2.57925312    2.53757551    2.60475146    2.39512131    2.45480084    2.16290295    2.30231725    3.05219635    2.75483823    2.35735893    2.37335333    1.48909160    1.47939733    1.38280580    1.41033621    1.47770548    1.74575336    1.76121053    1.50977967    1.40202745    1.54677480    1.57251770    1.37973518    1.56497167    1.49217321    1.49477997    1.89159697    1.78138517
N1J6P3_BLUG1/1122-1249     1.40982885    1.40968689    1.41822713    0.80569700    0.72380786    0.68675838    0.79098281    0.70857201    0.69577822    0.64528012    0.62419990    0.57915178    0.45034916    0.34926366    0.33291165    0.32170577    0.00000000    0.30065595    0.50585331    0.40818120    0.47774184    0.50664693    0.45838290    0.53595894    0.50324922    0.59206838    0.43859274    0.73386914    0.75256627    0.83606914    1.62216575    1.11377193    1.15756111    1.08873727    1.18062639    1.35767736    1.31293647    1.25993475    1.67729780    1.42692158    1.14429196    1.12146990    1.23915182    1.54874230    1.10851964    1.31463039    1.19009411    1.12296298    1.17463823    1.14334334    1.17076049    1.24507404    1.20061766    1.16131321    1.17027261    1.13979659    1.16995240    1.06850782    0.98131571    1.18418823    1.22553757    1.52964565    1.37649836    1.51371837    1.50095516    1.49606199    1.58603676    1.53216354    1.57397175    1.50649342    1.66399393    1.55280049    1.58567996    1.42309374    1.45822584    1.27024031    1.28982016    1.42371308    1.32035558    1.59059780    1.47384768    1.41677708    1.32474103    1.51845888    1.54934485    1.47815856    1.38066903    1.58980346    1.35801361    1.16309032    1.03401667    1.22124030    1.17220829    1.16737686    0.93772336    1.01523660    1.10905692    1.12979664    1.01848422    1.03002143    1.07936643    1.58824635    1.63945360    1.55085289    1.39774813    1.89664369    2.14367265    1.89729932    1.83019664    2.14306467    1.98901533    2.06417115    2.08254600    2.60442492    1.96916473    1.65368366    2.64188797    1.78549219    2.10667774    2.21383418    2.32546381    2.27072984    2.22881591    2.37137107    2.62773062    2.54728616    2.46206892    2.44760390    2.36462325    2.39007262    2.25970595    2.38078497    2.87650147    2.89281809    2.33190879    2.56302458    1.39179921    1.44605319    1.32959901    1.39405869    1.42458995    1.84446406    1.79984310    1.46402324    1.31707440    1.49734728    1.46320998    1.31469958    1.44434295    1.35079862    1.44265244    1.94448994    1.93555974
S3CSQ5_GLAL2/1045-1172     1.39829851    1.46040999    1.46113522    0.75880706    0.73152316    0.71495694    0.86168743    0.70342403    0.65236813    0.60341273    0.61708179    0.56508534    0.43483524    0.33291386    0.35305495    0.26035635    0.30065595    0.00000000    0.44963863    0.40443216    0.39481185    0.49945900    0.45217433    0.49984214    0.48825039    0.50524397    0.44166671    0.63712768    0.68241478    0.77717286    1.62020816    1.12954846    1.10922263    1.06468082    1.10979950    1.33832776    1.23805286    1.24312231    1.44106857    1.30336596    1.09111618    1.03015956    1.11954396    1.40530379    1.09924818    1.17144608    1.15782286    1.16191496    1.14573876    1.17076155    1.01333355    1.09287248    1.14283592    1.12022203    0.97974816    1.00988762    1.13211572    1.12921989    1.06834351    1.22008676    1.24836263    1.46732889    1.35027551    1.52819014    1.37494375    1.48268542    1.57763611    1.47070347    1.56009503    1.47582041    1.65776409    1.58821287    1.55596622    1.48156200    1.42423886    1.44591036    1.18210428    1.31938908    1.23736002    1.51714726    1.53464473    1.35804943    1.38971442    1.52506646    1.57090993    1.57291952    1.26169227    1.50114786    1.33246667    1.12991710    1.13269305    1.21193068    1.02045361    1.23632715    0.98009696    1.07806295    1.17488943    1.13463126    1.06820241    1.04703523    1.11163634    1.57527939    1.47745432    1.49365411    1.49192765    1.75501190    1.99300825    1.82025045    1.67010315    2.23965579    1.98981805    1.99803085    2.18654432    2.22726451    1.91867057    1.69959254    2.67838123    1.67603667    2.09835401    2.03414635    2.19675985    2.15133284    2.25281260    2.30319323    2.61050674    2.36870447    2.48336588    2.44243895    2.27276933    2.37677895    2.24810283    2.24648950    2.89805727    2.80822654    2.25212475    2.38575889    1.46478149    1.52764443    1.35473359    1.39453351    1.46828592    1.73850942    1.75860827    1.64400487    1.42259497    1.54028526    1.46100731    1.41690361    1.50232951    1.33261515    1.47426780    1.77347865    1.77432098
