49
Q89Y86_BRADU/33-171     0.00000000    2.14568405    2.86109064    2.66376034    2.11340556    2.91564831    3.81538373    5.38333639    5.31043032    2.60178655    3.97762757    4.97391601    3.49354235    3.97700788    3.33923952    2.51799788    3.16400427    4.17755727    2.42546225    2.13119960    3.14325979    3.12008581    3.76409192    3.82945879    4.13038354    3.64393394    4.43437327    3.60714430    3.52880336    3.53286224    3.92472868    3.63250453    3.03532583    2.95858887    3.15518014    2.33437293    2.55612414    2.66781935    3.05773227    2.97760137    2.64642219    3.04650119    2.79678896    2.75235251    2.27492275    2.04614708    2.67342506    3.31970026    2.29063404
IRRE_DEIRA/75-199     2.14568405    0.00000000    2.84627237    2.86298262    2.79591491    2.73437144    6.16100783    4.08829505    4.48625838    2.47780451    3.04025546    3.98062338    4.13250885    8.66218199    4.62955947    3.87757428    3.52168399    5.37251666    2.21846703    2.71434047    3.59255765    3.44232668    3.80719864    4.01661942    3.79035972    4.48209752    4.35413895    4.90403160    2.98866452    3.32755029    3.98909253    4.05315126    3.78126709    3.21781687    4.22729675    3.02598999    2.50264936    2.29293908    3.57121286    2.58359689    2.83044669    2.42700554    2.59901964    2.44453205    2.02880332    2.32106249    2.94632220    2.83266689    2.81274297
O50997_BORBU/37-165     2.86109064    2.84627237    0.00000000    2.46535394    2.95162869    2.64351060    8.79133874    5.64715938    3.53067235    2.32852075    3.72763072    2.92450061    3.43369430    4.09771386    3.15982140    3.25555500    2.88973239    4.86699620    2.68250728    2.68330232    2.65518421    4.38370487    4.28403015    5.20765710    5.17646669    4.28616137    5.23247946    5.00169283    3.98293924    4.09007693    4.88498344    3.71804445    4.55613332    4.06722525    4.70218159    2.99525712    2.88106998    3.27454915    2.75810501    3.52324909    3.24314443    2.91259978    2.58637063    2.41102180    2.14530339    2.75305856    2.79341720    2.54143834    2.75746417
Q893G5_CLOTE/30-140     2.66376034    2.86298262    2.46535394    0.00000000    2.43824483    1.93352855    2.94255605    4.35254601    3.11545362    2.40013160    4.08192864    2.76574778    2.78930784    5.31116290    3.43773622    4.60404596    2.87670310    3.61284794    2.25013967    3.08906812    3.22340717    4.84816955    5.41801232    5.00053620    6.56089945    5.53311366    7.86056941    6.64652441    5.75765815    4.48393295    5.23711088    5.22478943    4.74453167    4.14834220    6.48116741    4.16610764    4.15694534    4.57262500    5.01885299    3.82069796    2.84077514    2.86741553    2.66135023    2.65831660    2.45770367    2.51015538    3.63366923    2.65144337    2.74670908
Q9K723_BACHD/25-142     2.11340556    2.79591491    2.95162869    2.43824483    0.00000000    1.54923317    3.09908224    3.85383229    6.79558195    1.85372338    3.24239257    2.30341436    2.66238652    5.33268529    2.94596427    3.27481883    2.39723075    4.73356924    2.40305555    2.35764137    3.28870209    3.47798889    4.02142809    3.79688132    3.39421272    3.76069134    3.97800868    3.58776685    4.15652105    3.84031428    4.03519161    3.70254819    3.20126795    3.31909079    3.99379595    2.50460702    2.92358084    2.75302758    3.02711293    3.01241438    2.76979923    2.42313875    2.91756203    2.74617277    2.79121287    2.83606324    3.82890810    3.09963320    2.30562475
Q8R891_CALS4/30-148     2.91564831    2.73437144    2.64351060    1.93352855    1.54923317    0.00000000    3.99633420    3.00805789    3.24927919    2.52185427    2.88136831    2.37392723    3.24455566    2.91796041    3.14569432    2.89550139    2.95853195    4.52786538    2.70948243    2.96392844    3.33893086    5.27359330    4.72387646    5.07838658    4.23358092    5.08384740    5.32441461    5.92926534    5.15822121    4.44834302    4.67349480    5.20079469    4.60008749    3.68822516    5.06840926    3.09799715    3.28072849    2.73169603    3.59643773    2.75719196    3.06187841    2.82215013    2.59481286    2.73209699    2.16166073    2.50086051    4.19477959    2.53083284    2.73197149
Q8DXG8_STRA5/9-120     3.81538373    6.16100783    8.79133874    2.94255605    3.09908224    3.99633420    0.00000000    2.85783795    3.98086831    3.80986617    6.26058909    6.55197018    4.24286855    5.83031378    3.21701284    4.83661424    3.57695840   10.54649485    3.27917904    6.72352868    4.48768207    8.45078986    7.46465607    8.29910957    6.39381461    7.09822457    8.82059088    8.52109534    8.75090105    7.16553146    6.40999772    6.04716056    4.99229839    8.28852550    6.30836005    3.56499248    5.97426318    6.23218161    7.50605023    6.31240416    8.21224481    6.35772711    4.41040477    4.12938994    4.61914329    4.00159949    7.90717976    5.79282042    5.07040784
Q8DW56_STRMU/10-132     5.38333639    4.08829505    5.64715938    4.35254601    3.85383229    3.00805789    2.85783795    0.00000000    3.97118417    4.49525516    4.72662210    5.50120892    4.24245578    4.91133749    4.74834248    4.03576847    3.47222924    6.88068185    4.40183505    4.50121495    4.56068012    5.23628686    4.98029018    5.09734360    4.48294023    4.97990470    4.94988719    4.76214254    5.13641581    4.00626178    5.38696442    4.71396941    4.97025290    4.88338119    5.16527207    5.89517998    5.05533115    3.96237700    3.81480683    3.68775519    3.49442275    3.67351284    4.28878875    5.50610654    4.83640100    5.14306702    7.02925863    4.26855315    4.39348146
Q93MB1_CLOPE/179-303     5.31043032    4.48625838    3.53067235    3.11545362    6.79558195    3.24927919    3.98086831    3.97118417    0.00000000    6.34238896    3.06578575    3.87580310    4.08679776    4.55002721    3.31596414    3.75592843    3.25682787    4.37618198    4.10055492    4.00815075    3.13426449    5.59915183    4.65183905    5.70649121    6.34981550    4.96228661    5.00976170    5.73603065    6.07331524    5.13560253    5.24884365    5.85611741    7.18661093    4.58353727    6.21125685    3.86304391    3.46875311    4.16030439    2.85387561    3.30661431    3.42684581    3.20354934    3.24211585    4.08801133    3.17196419    2.26251807    4.73453072    3.41148845    4.41175906
IMMA_BACSU/30-151     2.60178655    2.47780451    2.32852075    2.40013160    1.85372338    2.52185427    3.80986617    4.49525516    6.34238896    0.00000000    3.42880585    2.26880373    2.93653819    4.56471919    2.94165228    3.36596609    2.77413030    3.47910724    2.33456022    2.55717351    3.92467035    3.51773279    3.69887998    3.47856982    5.06763346    5.80574868    5.89786818    5.85101361    4.74272318    4.58730207    4.14428047    3.85313411    3.48617552    2.60048834    4.70554954    2.92537543    3.28365788    2.43526747    2.88936932    2.72060916    3.44480340    2.55604502    2.95884451    2.92533165    2.70409530    2.80888449    2.86053499    2.75329986    2.62011544
Q87QR6_VIBPA/36-176     3.97762757    3.04025546    3.72763072    4.08192864    3.24239257    2.88136831    6.26058909    4.72662210    3.06578575    3.42880585    0.00000000    2.75945763    3.38194336    4.09554388    3.59874916    3.33026778    3.31699194    3.78636354    3.61466989    3.50706384    4.02579509    3.19915725    3.38386009    3.75793094    3.12741624    3.71036105    3.67444729    4.16435509    3.85388736    3.30173122    3.73258226    4.13007235    3.10701351    3.22495739    3.41283882    3.25268743    3.39702677    2.56247550    3.49046935    3.13836033    3.04829902    3.82069076    2.92386342    3.41019266    2.95761822    3.22241300    3.98223910    2.92774804    3.16008222
Q97LL0_CLOAB/24-144     4.97391601    3.98062338    2.92450061    2.76574778    2.30341436    2.37392723    6.55197018    5.50120892    3.87580310    2.26880373    2.75945763    0.00000000    2.52717446    5.46315053    3.78220218    3.03465490    3.19039669    4.99105884    3.88733179    3.96718936    5.02318446    5.43500808    5.24126423    5.84267617    4.93506624    4.12359189    4.76194567    5.13330075    5.32065100    4.17033202    6.16001787    5.99525049    6.59983745    4.28658167    3.80367123    4.09365780    3.69104422    4.65810324    4.07450053    3.42996563    3.46520568    3.63126332    3.37680337    3.03205668    4.12072508    3.84327775    5.72992205    3.71211508    2.80005076
Q9KDC6_BACHD/10-121     3.49354235    4.13250885    3.43369430    2.78930784    2.66238652    3.24455566    4.24286855    4.24245578    4.08679776    2.93653819    3.38194336    2.52717446    0.00000000    3.81464047    2.25880278    2.44138225    2.89814636    3.23933975    3.02824038    3.36604696    3.41341956    4.47665978    4.19236628    4.69976456    3.73580170    4.02029722    4.62477367    5.06104834    6.58775232    4.65317073    4.69002749    3.95069002    3.75311284    4.00448066    5.32995297    4.07463756    3.04100792    3.16973039    3.46178671    2.98709196    2.80513191    2.52809780    3.18587590    3.50762511    2.74941240    3.00832849    4.59413925    3.61278587    3.06123718
Q8YAK5_LISMO/7-121     3.97700788    8.66218199    4.09771386    5.31116290    5.33268529    2.91796041    5.83031378    4.91133749    4.55002721    4.56471919    4.09554388    5.46315053    3.81464047    0.00000000    4.52781953    4.04601792    4.04729302    4.24964113    4.30572433    4.71165524    4.88310537    6.28865351    6.47124400    7.57317385    5.07900219    5.99526685    7.44822543    6.21584121    8.47635986    7.72905490    8.88576976    6.69128249    7.45161264    5.91443248    5.45827616    3.87109462    3.84336069    3.85007836    3.82134441    3.82875654    3.70828924    3.61336202    3.83128662    4.65414180    4.02360751    4.33594012    5.12001910    4.11117751    5.06098145
XKDA_BACSU/33-148     3.33923952    4.62955947    3.15982140    3.43773622    2.94596427    3.14569432    3.21701284    4.74834248    3.31596414    2.94165228    3.59874916    3.78220218    2.25880278    4.52781953    0.00000000    0.99003927    3.31775519    3.53386359    2.63216936    3.05096132    2.75813395    4.76751793    5.66460482    5.63053092    3.88046916    3.45916652    4.47116974    3.78426630    6.09992319    5.22561759    5.99054414    5.88580476    5.09770553    4.95241981    7.07124679    3.04035316    3.49105302    3.31718961    3.99429839    3.72880575    4.32299751    4.36021853    2.93201959    3.38981305    3.33847222    2.73348583    3.59245105    3.63758140    3.80338680
YQAB_BACSU/33-148     2.51799788    3.87757428    3.25555500    4.60404596    3.27481883    2.89550139    4.83661424    4.03576847    3.75592843    3.36596609    3.33026778    3.03465490    2.44138225    4.04601792    0.99003927    0.00000000    3.78949884    4.18000505    2.74747109    3.62067746    3.63907904    4.71925248    4.93466993    4.50782468    4.11285274    3.63689363    4.24469440    3.87184443    5.81125021    4.93465478    5.56809321    4.54801701    4.91278290    3.48030622    5.61495132    3.31863192    2.80522015    2.57350594    3.55521390    3.01274294    3.71870733    4.02846769    2.93004677    2.85098124    3.55987528    3.56311395    3.54581403    3.00615160    3.41405438
Q8ZS26_NOSS1/49-185     3.16400427    3.52168399    2.88973239    2.87670310    2.39723075    2.95853195    3.57695840    3.47222924    3.25682787    2.77413030    3.31699194    3.19039669    2.89814636    4.04729302    3.31775519    3.78949884    0.00000000    2.56073746    2.98901374    3.84706589    3.37632835    5.80220721    4.28861528    6.42488714    4.82176639    5.61126728    6.72736877    5.99543954    5.63926887    5.06836637    6.40848678    4.71132106    5.25127579    3.99098353    4.56380471    3.07408509    3.15673777    3.24304313    2.65481862    2.99726443    3.59008860    2.88757459    2.67330295    2.57569545    3.45756955    2.91536562    4.73007302    2.88714416    2.61409664
Q8YVK0_NOSS1/31-173     4.17755727    5.37251666    4.86699620    3.61284794    4.73356924    4.52786538   10.54649485    6.88068185    4.37618198    3.47910724    3.78636354    4.99105884    3.23933975    4.24964113    3.53386359    4.18000505    2.56073746    0.00000000    3.67631373    3.41782223    3.52967137    3.14843303    3.77522866    4.95216447    6.26408157    6.49124611    7.04681952    6.94007255    5.58627939    4.99911716    5.01071401    5.06310502    5.30645878    4.24156001    7.13421113    4.40636417    3.48201813    3.55441892    4.07626359    3.46541110    3.74406321    3.96553957    3.55453638    3.31288917    3.81195628    2.40330279    4.34002292    2.54117708    3.97055166
Q2YN68_BRUA2/240-402     2.42546225    2.21846703    2.68250728    2.25013967    2.40305555    2.70948243    3.27917904    4.40183505    4.10055492    2.33456022    3.61466989    3.88733179    3.02824038    4.30572433    2.63216936    2.74747109    2.98901374    3.67631373    0.00000000    2.43390189    3.65660706    2.49500939    3.22847458    3.37637785    3.23072828    3.77102465    4.66474252    4.34226611    3.81347573    4.04829437    3.34259651    3.36849366    3.49316375    2.67506463    2.92660185    3.02235233    3.15045647    3.12067015    3.24584603    3.16405195    2.84515378    3.37246725    2.68194061    2.80791736    2.02567699    2.46601568    2.82366653    3.46291897    2.66341498
Q2YPA3_BRUA2/46-170     2.13119960    2.71434047    2.68330232    3.08906812    2.35764137    2.96392844    6.72352868    4.50121495    4.00815075    2.55717351    3.50706384    3.96718936    3.36604696    4.71165524    3.05096132    3.62067746    3.84706589    3.41782223    2.43390189    0.00000000    2.51976324    3.44622765    3.82897539    3.70079156    4.58151385    4.50775037    4.37425077    4.41217470    4.38584733    3.41351487    4.74859762    4.53006344    3.73525807    3.87023510    4.48600027    2.41704623    3.33192387    3.27802068    4.20296328    3.15849487    2.83469453    3.03253252    2.62377282    2.84182173    3.01062967    2.87726437    3.15809544    2.68020384    2.53707698
Q8YM10_NOSS1/170-299     3.14325979    3.59255765    2.65518421    3.22340717    3.28870209    3.33893086    4.48768207    4.56068012    3.13426449    3.92467035    4.02579509    5.02318446    3.41341956    4.88310537    2.75813395    3.63907904    3.37632835    3.52967137    3.65660706    2.51976324    0.00000000    3.25073326    2.85589565    3.25673582    3.50214560    3.39919918    4.66968740    3.99372382    4.30154874    3.72286324    3.81003869    3.23728154    3.46467578    2.97060845    3.77450492    3.03325854    3.15343496    3.63618372    3.25769819    3.67531404    3.36356180    3.34379710    3.10496695    2.65186385    2.59134075    2.50143922    2.76807365    2.87538517    2.93375630
Q2YRW2_BRUA2/192-310     3.12008581    3.44232668    4.38370487    4.84816955    3.47798889    5.27359330    8.45078986    5.23628686    5.59915183    3.51773279    3.19915725    5.43500808    4.47665978    6.28865351    4.76751793    4.71925248    5.80220721    3.14843303    2.49500939    3.44622765    3.25073326    0.00000000    0.53562680    0.66230760    1.35995982    1.38341907    1.57510025    1.59755938    1.28183041    1.55390174    1.17839015    1.25486878    1.49074466    1.39447229    1.23880516    4.01372445    3.16822434    3.57937190    4.22265516    3.76510264    3.63130464    4.70825705    4.40550270    3.32012218    3.30261927    2.82079751    4.13223820    3.32855644    4.25763142
Q92TQ4_RHIME/207-329     3.76409192    3.80719864    4.28403015    5.41801232    4.02142809    4.72387646    7.46465607    4.98029018    4.65183905    3.69887998    3.38386009    5.24126423    4.19236628    6.47124400    5.66460482    4.93466993    4.28861528    3.77522866    3.22847458    3.82897539    2.85589565    0.53562680    0.00000000    0.54487329    1.36668487    1.56973800    1.70860472    1.57179474    1.32292541    1.66711670    1.17838401    1.22570721    1.78695205    1.48069530    1.19182031    4.50976453    3.22536153    3.44090704    3.76895534    4.00542766    4.59691130    4.95402414    4.79019639    4.03812952    3.82318095    3.26380129    4.28429805    3.27729984    3.85860834
Q7CSU8_AGRFC/188-310     3.82945879    4.01661942    5.20765710    5.00053620    3.79688132    5.07838658    8.29910957    5.09734360    5.70649121    3.47856982    3.75793094    5.84267617    4.69976456    7.57317385    5.63053092    4.50782468    6.42488714    4.95216447    3.37637785    3.70079156    3.25673582    0.66230760    0.54487329    0.00000000    1.39668298    1.51695515    1.60137666    1.50418541    1.38483104    1.64708536    1.21125460    1.23485849    1.56846145    1.23230090    1.23829770    3.89495559    4.02760053    3.47012187    4.10128890    3.62077171    4.04279395    4.99103331    5.46095318    4.28979965    3.78950636    3.57177434    4.33527015    3.42767196    4.27489243
Q8NSH5_CORGL/164-287     4.13038354    3.79035972    5.17646669    6.56089945    3.39421272    4.23358092    6.39381461    4.48294023    6.34981550    5.06763346    3.12741624    4.93506624    3.73580170    5.07900219    3.88046916    4.11285274    4.82176639    6.26408157    3.23072828    4.58151385    3.50214560    1.35995982    1.36668487    1.39668298    0.00000000    1.55178373    1.44674027    1.44571576    1.30454490    1.41761720    1.37879215    1.40419964    1.53083610    1.35123658    1.24508999    4.47641650    4.53408378    3.12974341    4.60318772    5.08078951    4.69721432    4.50815118    4.69103535    3.77917301    4.39214476    3.46999731    4.60484301    4.12976300    3.83425665
Q92RX5_RHIME/190-314     3.64393394    4.48209752    4.28616137    5.53311366    3.76069134    5.08384740    7.09822457    4.97990470    4.96228661    5.80574868    3.71036105    4.12359189    4.02029722    5.99526685    3.45916652    3.63689363    5.61126728    6.49124611    3.77102465    4.50775037    3.39919918    1.38341907    1.56973800    1.51695515    1.55178373    0.00000000    0.45665255    0.40667316    1.18602953    1.45668962    1.63788560    1.71756158    1.83330219    1.43753831    1.72410060    4.44042662    3.74339293    3.68050180    4.25919916    3.84240052    4.45129823    5.44901326    3.84697066    4.96886928    4.15020430    4.09528271    5.13297539    4.12349213    4.16285199
A6X5Y0_OCHA4/205-327     4.43437327    4.35413895    5.23247946    7.86056941    3.97800868    5.32441461    8.82059088    4.94988719    5.00976170    5.89786818    3.67444729    4.76194567    4.62477367    7.44822543    4.47116974    4.24469440    6.72736877    7.04681952    4.66474252    4.37425077    4.66968740    1.57510025    1.70860472    1.60137666    1.44674027    0.45665255    0.00000000    0.41888466    1.48634296    1.39250866    1.51260716    1.71015456    1.95548096    1.47503960    1.80453853    4.38487004    4.13490422    3.20111346    4.11340121    3.66482292    4.78630778    5.92972614    4.09678508    4.45497466    3.90819621    3.75486078    4.89792740    4.31392444    4.03803730
A9CK52_AGRFC/190-314     3.60714430    4.90403160    5.00169283    6.64652441    3.58776685    5.92926534    8.52109534    4.76214254    5.73603065    5.85101361    4.16435509    5.13330075    5.06104834    6.21584121    3.78426630    3.87184443    5.99543954    6.94007255    4.34226611    4.41217470    3.99372382    1.59755938    1.57179474    1.50418541    1.44571576    0.40667316    0.41888466    0.00000000    1.22035857    1.34148895    1.75208126    1.72136889    2.31118356    1.83193639    1.78466276    5.42606796    4.26476392    3.50278591    4.33109184    4.46775585    4.59530213    5.81926608    4.15446913    4.74495863    4.56128823    4.14070232    5.06233540    3.84717790    3.98918778
Q89SE6_BRADU/193-317     3.52880336    2.98866452    3.98293924    5.75765815    4.15652105    5.15822121    8.75090105    5.13641581    6.07331524    4.74272318    3.85388736    5.32065100    6.58775232    8.47635986    6.09992319    5.81125021    5.63926887    5.58627939    3.81347573    4.38584733    4.30154874    1.28183041    1.32292541    1.38483104    1.30454490    1.18602953    1.48634296    1.22035857    0.00000000    0.97305530    1.40375677    1.40105968    1.76188478    1.83700278    1.43139328    5.24792388    4.46905566    3.91811729    5.21279469    5.17208752    4.98628241    7.12373791    4.98407360    5.24920735    4.72639829    4.47559768    4.71790711    3.94820378    4.23988863
Q9A7G0_CAUVC/164-288     3.53286224    3.32755029    4.09007693    4.48393295    3.84031428    4.44834302    7.16553146    4.00626178    5.13560253    4.58730207    3.30173122    4.17033202    4.65317073    7.72905490    5.22561759    4.93465478    5.06836637    4.99911716    4.04829437    3.41351487    3.72286324    1.55390174    1.66711670    1.64708536    1.41761720    1.45668962    1.39250866    1.34148895    0.97305530    0.00000000    1.86114408    1.50196370    1.84589479    1.66704789    1.88281015    5.37373181    4.36104802    4.18540049    4.88604419    4.54392376    3.87990608    4.56662054    4.03759427    3.86251658    4.69318417    3.71067134    4.00738868    3.25578682    3.88319654
PRPR_MYCTU/199-322     3.92472868    3.98909253    4.88498344    5.23711088    4.03519161    4.67349480    6.40999772    5.38696442    5.24884365    4.14428047    3.73258226    6.16001787    4.69002749    8.88576976    5.99054414    5.56809321    6.40848678    5.01071401    3.34259651    4.74859762    3.81003869    1.17839015    1.17838401    1.21125460    1.37879215    1.63788560    1.51260716    1.75208126    1.40375677    1.86114408    0.00000000    1.05192324    1.14380839    1.22651311    1.11779381    4.44540219    3.91642141    3.45298360    4.17746822    3.47495653    3.51273764    4.79668115    4.68911441    3.67790490    3.10827437    3.26086009    5.42107856    4.10731507    4.27238626
Q93J63_STRCO/184-304     3.63250453    4.05315126    3.71804445    5.22478943    3.70254819    5.20079469    6.04716056    4.71396941    5.85611741    3.85313411    4.13007235    5.99525049    3.95069002    6.69128249    5.88580476    4.54801701    4.71132106    5.06310502    3.36849366    4.53006344    3.23728154    1.25486878    1.22570721    1.23485849    1.40419964    1.71756158    1.71015456    1.72136889    1.40105968    1.50196370    1.05192324    0.00000000    1.28756392    1.08986676    1.02427421    4.28850119    3.90245380    3.38727601    3.87991207    3.62431169    3.76230633    4.33943910    4.33805281    4.22224945    4.05123755    3.63183798    4.85940223    3.71583896    3.91570073
Q8FSK5_COREF/193-317     3.03532583    3.78126709    4.55613332    4.74453167    3.20126795    4.60008749    4.99229839    4.97025290    7.18661093    3.48617552    3.10701351    6.59983745    3.75311284    7.45161264    5.09770553    4.91278290    5.25127579    5.30645878    3.49316375    3.73525807    3.46467578    1.49074466    1.78695205    1.56846145    1.53083610    1.83330219    1.95548096    2.31118356    1.76188478    1.84589479    1.14380839    1.28756392    0.00000000    1.01064146    1.55251001    4.70732404    4.19465807    3.57892743    4.67561154    4.83619323    3.27055107    3.82550607    4.77100434    4.88900764    3.39767409    4.05153448    4.60064570    4.38072997    4.87020001
RAMB_MYCTU/190-310     2.95858887    3.21781687    4.06722525    4.14834220    3.31909079    3.68822516    8.28852550    4.88338119    4.58353727    2.60048834    3.22495739    4.28658167    4.00448066    5.91443248    4.95241981    3.48030622    3.99098353    4.24156001    2.67506463    3.87023510    2.97060845    1.39447229    1.48069530    1.23230090    1.35123658    1.43753831    1.47503960    1.83193639    1.83700278    1.66704789    1.22651311    1.08986676    1.01064146    0.00000000    1.26749996    3.14231392    3.82790572    2.87868844    3.85375597    3.08142273    3.46162676    3.67939075    3.97455584    4.25550781    3.70562452    3.05144773    4.11530468    3.06651838    4.20768529
Q8PB65_XANCP/190-312     3.15518014    4.22729675    4.70218159    6.48116741    3.99379595    5.06840926    6.30836005    5.16527207    6.21125685    4.70554954    3.41283882    3.80367123    5.32995297    5.45827616    7.07124679    5.61495132    4.56380471    7.13421113    2.92660185    4.48600027    3.77450492    1.23880516    1.19182031    1.23829770    1.24508999    1.72410060    1.80453853    1.78466276    1.43139328    1.88281015    1.11779381    1.02427421    1.55251001    1.26749996    0.00000000    4.17346884    3.79474708    3.50362665    3.42468036    3.59056056    3.56398891    4.35635194    3.69034899    3.75713001    3.35962422    3.40047869    4.94103888    3.87433011    3.66493996
Q87XD0_PSESM/158-283     2.33437293    3.02598999    2.99525712    4.16610764    2.50460702    3.09799715    3.56499248    5.89517998    3.86304391    2.92537543    3.25268743    4.09365780    4.07463756    3.87109462    3.04035316    3.31863192    3.07408509    4.40636417    3.02235233    2.41704623    3.03325854    4.01372445    4.50976453    3.89495559    4.47641650    4.44042662    4.38487004    5.42606796    5.24792388    5.37373181    4.44540219    4.28850119    4.70732404    3.14231392    4.17346884    0.00000000    2.28619279    2.46229547    3.02580207    2.61931685    2.34526744    2.44354424    2.97056886    2.05613733    2.37735155    1.97136784    3.17409037    2.60035654    2.53673417
I6XEH5_MYCTU/190-325     2.55612414    2.50264936    2.88106998    4.15694534    2.92358084    3.28072849    5.97426318    5.05533115    3.46875311    3.28365788    3.39702677    3.69104422    3.04100792    3.84336069    3.49105302    2.80522015    3.15673777    3.48201813    3.15045647    3.33192387    3.15343496    3.16822434    3.22536153    4.02760053    4.53408378    3.74339293    4.13490422    4.26476392    4.46905566    4.36104802    3.91642141    3.90245380    4.19465807    3.82790572    3.79474708    2.28619279    0.00000000    2.35611982    2.26550681    2.17889025    2.20572644    2.42687808    3.19214416    2.41839340    1.85842992    2.60044376    3.51903967    2.62304431    2.08829840
Q8KAB3_CHLTE/164-299     2.66781935    2.29293908    3.27454915    4.57262500    2.75302758    2.73169603    6.23218161    3.96237700    4.16030439    2.43526747    2.56247550    4.65810324    3.16973039    3.85007836    3.31718961    2.57350594    3.24304313    3.55441892    3.12067015    3.27802068    3.63618372    3.57937190    3.44090704    3.47012187    3.12974341    3.68050180    3.20111346    3.50278591    3.91811729    4.18540049    3.45298360    3.38727601    3.57892743    2.87868844    3.50362665    2.46229547    2.35611982    0.00000000    1.05565558    0.96708401    1.77933191    1.85309618    3.07971439    2.52493983    2.28189658    2.59317333    3.70880230    2.81080636    2.34791821
Q8XUD9_RALSO/164-291     3.05773227    3.57121286    2.75810501    5.01885299    3.02711293    3.59643773    7.50605023    3.81480683    2.85387561    2.88936932    3.49046935    4.07450053    3.46178671    3.82134441    3.99429839    3.55521390    2.65481862    4.07626359    3.24584603    4.20296328    3.25769819    4.22265516    3.76895534    4.10128890    4.60318772    4.25919916    4.11340121    4.33109184    5.21279469    4.88604419    4.17746822    3.87991207    4.67561154    3.85375597    3.42468036    3.02580207    2.26550681    1.05565558    0.00000000    0.96935247    1.77229882    1.78081052    2.62284690    2.47971144    2.65523412    2.63203095    3.31358392    3.16401522    2.58802311
Q88AV8_PSESM/167-297     2.97760137    2.58359689    3.52324909    3.82069796    3.01241438    2.75719196    6.31240416    3.68775519    3.30661431    2.72060916    3.13836033    3.42996563    2.98709196    3.82875654    3.72880575    3.01274294    2.99726443    3.46541110    3.16405195    3.15849487    3.67531404    3.76510264    4.00542766    3.62077171    5.08078951    3.84240052    3.66482292    4.46775585    5.17208752    4.54392376    3.47495653    3.62431169    4.83619323    3.08142273    3.59056056    2.61931685    2.17889025    0.96708401    0.96935247    0.00000000    1.74563677    1.79353614    2.75996351    2.18866883    2.14014348    2.30177082    3.36632136    2.77540407    2.37043563
Q8P6K2_XANCP/190-323     2.64642219    2.83044669    3.24314443    2.84077514    2.76979923    3.06187841    8.21224481    3.49442275    3.42684581    3.44480340    3.04829902    3.46520568    2.80513191    3.70828924    4.32299751    3.71870733    3.59008860    3.74406321    2.84515378    2.83469453    3.36356180    3.63130464    4.59691130    4.04279395    4.69721432    4.45129823    4.78630778    4.59530213    4.98628241    3.87990608    3.51273764    3.76230633    3.27055107    3.46162676    3.56398891    2.34526744    2.20572644    1.77933191    1.77229882    1.74563677    0.00000000    1.07717389    2.67206015    2.18592583    1.90256694    2.55048936    4.11007157    2.76911179    2.32690204
Q9PG06_XYLFA/177-306     3.04650119    2.42700554    2.91259978    2.86741553    2.42313875    2.82215013    6.35772711    3.67351284    3.20354934    2.55604502    3.82069076    3.63126332    2.52809780    3.61336202    4.36021853    4.02846769    2.88757459    3.96553957    3.37246725    3.03253252    3.34379710    4.70825705    4.95402414    4.99103331    4.50815118    5.44901326    5.92972614    5.81926608    7.12373791    4.56662054    4.79668115    4.33943910    3.82550607    3.67939075    4.35635194    2.44354424    2.42687808    1.85309618    1.78081052    1.79353614    1.07717389    0.00000000    2.67768053    2.53627127    2.00472439    2.65388295    4.30839162    3.11870049    2.94057551
Q8FQB1_COREF/162-276     2.79678896    2.59901964    2.58637063    2.66135023    2.91756203    2.59481286    4.41040477    4.28878875    3.24211585    2.95884451    2.92386342    3.37680337    3.18587590    3.83128662    2.93201959    2.93004677    2.67330295    3.55453638    2.68194061    2.62377282    3.10496695    4.40550270    4.79019639    5.46095318    4.69103535    3.84697066    4.09678508    4.15446913    4.98407360    4.03759427    4.68911441    4.33805281    4.77100434    3.97455584    3.69034899    2.97056886    3.19214416    3.07971439    2.62284690    2.75996351    2.67206015    2.67768053    0.00000000    1.48151004    1.68839174    2.27467033    3.12101403    2.41096438    2.18456361
Q9JXJ6_NEIMB/148-274     2.75235251    2.44453205    2.41102180    2.65831660    2.74617277    2.73209699    4.12938994    5.50610654    4.08801133    2.92533165    3.41019266    3.03205668    3.50762511    4.65414180    3.38981305    2.85098124    2.57569545    3.31288917    2.80791736    2.84182173    2.65186385    3.32012218    4.03812952    4.28979965    3.77917301    4.96886928    4.45497466    4.74495863    5.24920735    3.86251658    3.67790490    4.22224945    4.88900764    4.25550781    3.75713001    2.05613733    2.41839340    2.52493983    2.47971144    2.18866883    2.18592583    2.53627127    1.48151004    0.00000000    1.34060569    2.20068136    2.96401640    1.82839414    1.84127414
O53463_MYCTU/153-265     2.27492275    2.02880332    2.14530339    2.45770367    2.79121287    2.16166073    4.61914329    4.83640100    3.17196419    2.70409530    2.95761822    4.12072508    2.74941240    4.02360751    3.33847222    3.55987528    3.45756955    3.81195628    2.02567699    3.01062967    2.59134075    3.30261927    3.82318095    3.78950636    4.39214476    4.15020430    3.90819621    4.56128823    4.72639829    4.69318417    3.10827437    4.05123755    3.39767409    3.70562452    3.35962422    2.37735155    1.85842992    2.28189658    2.65523412    2.14014348    1.90256694    2.00472439    1.68839174    1.34060569    0.00000000    1.52569417    2.47469666    1.93248265    1.74256269
Q89E67_BRADU/157-271     2.04614708    2.32106249    2.75305856    2.51015538    2.83606324    2.50086051    4.00159949    5.14306702    2.26251807    2.80888449    3.22241300    3.84327775    3.00832849    4.33594012    2.73348583    3.56311395    2.91536562    2.40330279    2.46601568    2.87726437    2.50143922    2.82079751    3.26380129    3.57177434    3.46999731    4.09528271    3.75486078    4.14070232    4.47559768    3.71067134    3.26086009    3.63183798    4.05153448    3.05144773    3.40047869    1.97136784    2.60044376    2.59317333    2.63203095    2.30177082    2.55048936    2.65388295    2.27467033    2.20068136    1.52569417    0.00000000    2.05389350    1.77371451    2.15409659
Q89TV6_BRADU/45-175     2.67342506    2.94632220    2.79341720    3.63366923    3.82890810    4.19477959    7.90717976    7.02925863    4.73453072    2.86053499    3.98223910    5.72992205    4.59413925    5.12001910    3.59245105    3.54581403    4.73007302    4.34002292    2.82366653    3.15809544    2.76807365    4.13223820    4.28429805    4.33527015    4.60484301    5.13297539    4.89792740    5.06233540    4.71790711    4.00738868    5.42107856    4.85940223    4.60064570    4.11530468    4.94103888    3.17409037    3.51903967    3.70880230    3.31358392    3.36632136    4.11007157    4.30839162    3.12101403    2.96401640    2.47469666    2.05389350    0.00000000    2.33516764    2.65739933
Q8DNN0_STRR6/157-279     3.31970026    2.83266689    2.54143834    2.65144337    3.09963320    2.53083284    5.79282042    4.26855315    3.41148845    2.75329986    2.92774804    3.71211508    3.61278587    4.11117751    3.63758140    3.00615160    2.88714416    2.54117708    3.46291897    2.68020384    2.87538517    3.32855644    3.27729984    3.42767196    4.12976300    4.12349213    4.31392444    3.84717790    3.94820378    3.25578682    4.10731507    3.71583896    4.38072997    3.06651838    3.87433011    2.60035654    2.62304431    2.81080636    3.16401522    2.77540407    2.76911179    3.11870049    2.41096438    1.82839414    1.93248265    1.77371451    2.33516764    0.00000000    2.19489931
Q9X8B2_STRCO/172-292     2.29063404    2.81274297    2.75746417    2.74670908    2.30562475    2.73197149    5.07040784    4.39348146    4.41175906    2.62011544    3.16008222    2.80005076    3.06123718    5.06098145    3.80338680    3.41405438    2.61409664    3.97055166    2.66341498    2.53707698    2.93375630    4.25763142    3.85860834    4.27489243    3.83425665    4.16285199    4.03803730    3.98918778    4.23988863    3.88319654    4.27238626    3.91570073    4.87020001    4.20768529    3.66493996    2.53673417    2.08829840    2.34791821    2.58802311    2.37043563    2.32690204    2.94057551    2.18456361    1.84127414    1.74256269    2.15409659    2.65739933    2.19489931    0.00000000

