39
ZMYM2_MOUSE/721-757     0.00000000    0.59939380    1.75394987    1.86950678    2.44910799    2.27238089    1.97469367    1.73850260    2.00794652    2.12867543    2.30658409    2.04659510    1.82818446    1.94588394    2.71693788    1.96448934    3.01900642    2.39228841    3.00742405    1.95836838    2.67736199    1.88747502    2.22689106    2.41669106    2.14885391    1.88369675    2.08820489    2.00989957    2.49968990    2.10856374    2.43768321    2.22372365    2.93899429    1.79778883    1.76708715    1.88392562    2.25210101    2.21390286    2.49428207
B1AXS7_MOUSE/674-710     0.59939380    0.00000000    1.46170412    1.66849121    2.73890946    2.21070817    2.06735566    2.29079157    2.41079903    2.24128533    1.92702748    2.17590062    2.39980634    2.23925959    2.25162097    1.85705905    2.73561340    2.62609147    2.83383227    2.13232978    2.56481888    2.28157563    2.67906610    2.65343652    2.33948443    1.99397896    2.10215204    1.90142704    2.15601626    2.11933118    2.19401919    1.94750270    2.74974314    1.28395553    1.21150020    1.94372266    2.35181662    2.31308070    2.45990357
H3D187_TETNG/148-185     1.75394987    1.46170412    0.00000000    1.02462930    1.36597149    1.51351949    1.37155899    2.23867878    2.13439098    2.50424252    2.23812760    2.18846092    2.61688862    2.58063550    3.02340076    2.95187675    3.39167090    3.38975470    3.27817434    3.33490577    2.66942346    2.23650921    2.40835567    2.55995484    2.55132715    1.85761966    1.99008052    2.72045963    2.33636335    2.08102968    1.72044629    2.15321982    2.38441995    1.74836961    1.76357598    2.27989853    2.25901480    2.33722138    2.39456666
ZMYM4_MOUSE/481-521     1.86950678    1.66849121    1.02462930    0.00000000    1.02033234    0.90323718    0.87747288    2.42412184    2.29057033    2.08939308    2.27382347    1.97003199    2.42287338    2.10483447   20.00000000    2.37146468    3.20501320    3.29707080    3.53133229    3.10560561    2.66293165    2.20757934    2.53067340    2.64338865    2.96653264    2.00560442    1.99455950    2.84255970    2.52181186    2.07444932    1.97126760    1.99211135    2.49878352    1.65953285    1.68561660    2.12381006    2.01730294    2.17228260    2.13010873
ZMYM3_HUMAN/446-488     2.44910799    2.73890946    1.36597149    1.02033234    0.00000000    1.03710957    1.01391330    2.13344435    1.94795705    2.38612779    2.54354843    2.14044898    2.69062340    2.50634684    2.51093658    2.65937026    2.92109332    3.04020432    3.25439762    2.85970180    2.56582526    2.54782271    2.68472726    2.79371897    2.71318953    2.28391068    2.09121804    3.31780440    2.39243441    2.01404171    2.27532981    2.34649135    2.16511296    2.28436473    2.43338390    2.71554821    2.32773574    2.10213836    2.25984734
ZMYM5_BOVIN/376-416     2.27238089    2.21070817    1.51351949    0.90323718    1.03710957    0.00000000    0.25084630    2.70847624    2.62698613    2.04937636    2.24589439    1.95108226    1.74256946    2.13465451    2.66228276    2.71881907    2.90880385    3.36708600    3.56219185    3.34212448    3.04792530    2.91738986    2.79334759    2.47707460    3.00031954    2.16953722    2.12251446    2.86501941    3.11159160    2.33211896    2.70920850    2.50385292    2.95334334    2.36344069    2.14330888    3.03319859    2.75389406    2.08659726    2.02261661
G3UPQ9_MELGA/374-414     1.97469367    2.06735566    1.37155899    0.87747288    1.01391330    0.25084630    0.00000000    2.54922785    2.25425120    1.74072673    1.93719146    1.91514656    1.86809182    2.03295173    2.49984378    2.67629246    2.83434721    3.24881063    3.48197957    3.31435887    2.97942189    2.83475643    2.66327461    2.30462685    2.86758926    2.07224006    2.09503012    2.81203378    2.91242398    2.17999226    2.47566883    2.26077332    2.76242904    2.40424523    2.20140733    2.83393985    2.75594210    2.00219511    2.04289594
B1AXS6_MOUSE/717-753     1.73850260    2.29079157    2.23867878    2.42412184    2.13344435    2.70847624    2.54922785    0.00000000    0.47120344    1.73769173    1.75092884    2.30572879    2.24455008    2.12639050   20.00000000    1.91559856    2.43402278    2.69524159    2.72782118    2.32581114    2.45468686    2.41771909    2.35286783    2.93690780    1.59428441    1.93298509    1.86095769    2.68459806    2.45959314    2.47018483    2.72982877    2.69867375    2.25964018    1.81472363    1.88803622    1.95141188    1.80040406    2.15969100    2.13437551
ZMYM2_PONAB/763-799     2.00794652    2.41079903    2.13439098    2.29057033    1.94795705    2.62698613    2.25425120    0.47120344    0.00000000    1.62792310    1.41880746    2.09031245    2.36264481    1.97583835   20.00000000    2.35203945    2.54853321    3.05126312    2.65886255    2.66760042    2.48568557    2.66330643   20.00000000    3.34356577    1.92728470    2.04557022    1.82932676    2.85974004    2.58764820    2.52350916    2.68367136    2.49656052    2.33180249    2.20516576    2.21730880    2.13265381    2.02172838    2.35236821    2.34599457
A6NHB5_HUMAN/630-666     2.12867543    2.24128533    2.50424252    2.08939308    2.38612779    2.04937636    1.74072673    1.73769173    1.62792310    0.00000000    0.59136711    2.39251176    2.83483293    2.19847532    3.41086330    2.68020651    2.43419939    3.03643518    2.89525721    2.89984885    2.79808779    2.73398568    3.18326490    2.53182467    2.35547143    2.44525583    2.37622624    2.81821238    2.34454800    2.64799751    2.16186643    2.08446368    2.28664285    2.41460809    2.28420005    2.55446458    1.98411773    1.94143402    2.01127836
H0XGM7_OTOGA/692-728     2.30658409    1.92702748    2.23812760    2.27382347    2.54354843    2.24589439    1.93719146    1.75092884    1.41880746    0.59136711    0.00000000    2.19051856    2.99537157    2.49106340    2.89193009    2.19635776    2.37733920    2.83129918    2.75043050    2.47299719    2.61907735    3.06393252   20.00000000    3.18638751    2.80264424    2.65780806    2.55050780    3.17202329    2.16671906    2.70831777    2.45829308    2.37344673    1.99522871    2.39594293    2.30768905    2.53185557    2.39402161    2.25701852    2.38861884
ZMYM2_MOUSE/633-670     2.04659510    2.17590062    2.18846092    1.97003199    2.14044898    1.95108226    1.91514656    2.30572879    2.09031245    2.39251176    2.19051856    0.00000000    0.83011286    0.43258153    1.98277489    1.76336092    1.93960307    2.24911511    2.03549669    1.98395672    1.99561313    1.84639397    2.20256507    2.63333691    2.10823227    1.99478516    2.03307708    1.91196066    2.08064053    2.12646240    1.98879063    2.12587769    2.22838972    2.06502719    1.80410791    2.19380180    2.62132786    2.18491763    2.41311866
ZMYM3_HUMAN/586-623     1.82818446    2.39980634    2.61688862    2.42287338    2.69062340    1.74256946    1.86809182    2.24455008    2.36264481    2.83483293    2.99537157    0.83011286    0.00000000    0.70492007    2.74103675    2.03585830    2.56687769    2.35654846    2.47939398    2.41134365    2.64046228    2.25474609    2.02122625    2.29430957    2.75211970    2.47717798    2.50179508    2.23927849    2.88928552    2.38193713    2.72817718    2.85973070    2.84628364    2.36175372    2.11002611    2.49670855    2.86750597    2.60078005    2.75227722
H3DE09_TETNG/465-502     1.94588394    2.23925959    2.58063550    2.10483447    2.50634684    2.13465451    2.03295173    2.12639050    1.97583835    2.19847532    2.49106340    0.43258153    0.70492007    0.00000000    2.82732325    1.97514334    1.97263763    2.26757458    2.02178277    2.00209534    2.02473656    2.09292991    2.39914067    2.70402388    2.20954091    2.13670410    2.14190347    1.96400917    2.25342681    2.36860436    2.39029040    2.53237669    2.31949918    1.92049584    1.64269951    2.38187038    2.60472584    2.41015233    2.75822027
Q9EN01_AMEPV/39-76     2.71693788    2.25162097    3.02340076   20.00000000    2.51093658    2.66228276    2.49984378   20.00000000   20.00000000    3.41086330    2.89193009    1.98277489    2.74103675    2.82732325    0.00000000    1.96785460    2.11841715    2.20766844    2.46678357    2.24288657    2.12995728    2.45383204    2.73535877    2.97595848    3.27789976    2.90545883    3.33328331    2.59525498    2.56889364    2.59257195    2.66749246    2.75974337    2.74225768    2.77497632    2.73813821    2.11946005    3.24541567    3.12457369    2.97206838
Q9Q8L1_MYXVL/47-85     1.96448934    1.85705905    2.95187675    2.37146468    2.65937026    2.71881907    2.67629246    1.91559856    2.35203945    2.68020651    2.19635776    1.76336092    2.03585830    1.97514334    1.96785460    0.00000000    0.92531708    0.96855337    1.04884383    1.21798338    0.82589609    1.84622073    2.47807757    2.64116963    2.37808460    2.57557173    2.54188824    2.47348544    2.17134880    2.85358256    2.56352286    2.71200457    2.64024455    2.03274244    2.26780396    2.25193226    2.35677888    2.30890324    2.47709965
VLTF2_VAR67/47-86     3.01900642    2.73561340    3.39167090    3.20501320    2.92109332    2.90880385    2.83434721    2.43402278    2.54853321    2.43419939    2.37733920    1.93960307    2.56687769    1.97263763    2.11841715    0.92531708    0.00000000    0.71966662    0.71835208    0.90661570    0.59606282    2.42814414    2.59700401    3.11300808    2.62976057    2.79803707    3.25678266    2.97388875    2.24280826    2.84924102    2.46774765    2.63443178    2.86582123    2.66024828    2.93910609    2.73573649    2.75602902    3.31035183    3.45743734
Q08FQ2_DPV83/48-87     2.39228841    2.62609147    3.38975470    3.29707080    3.04020432    3.36708600    3.24881063    2.69524159    3.05126312    3.03643518    2.83129918    2.24911511    2.35654846    2.26757458    2.20766844    0.96855337    0.71966662    0.00000000    0.72971064    0.78114188    0.73103678    1.99130679    2.07757311    2.49800390    2.05862628    1.99757952    2.38242444    2.52801416    2.01538385    2.41437053    2.42198000    2.63267173    2.68362504    2.52961782    2.88012977    2.82375989    2.98498463    2.73479831    2.94112718
VLTF2_FOWPN/47-87     3.00742405    2.83383227    3.27817434    3.53133229    3.25439762    3.56219185    3.48197957    2.72782118    2.65886255    2.89525721    2.75043050    2.03549669    2.47939398    2.02178277    2.46678357    1.04884383    0.71835208    0.72971064    0.00000000    0.87302937    0.67301484    2.56862028    2.85056320    2.97953353    2.67142644    2.72352972    2.74818156    2.44721852    1.91459794    2.99509361    2.42927807    2.69663278    2.32264264    2.64824507    2.97524729    2.81367273    2.79653100    2.87772688    2.76043022
Q98270_MCV1/49-88     1.95836838    2.13232978    3.33490577    3.10560561    2.85970180    3.34212448    3.31435887    2.32581114    2.66760042    2.89984885    2.47299719    1.98395672    2.41134365    2.00209534    2.24288657    1.21798338    0.90661570    0.78114188    0.87302937    0.00000000    0.92013532    2.21410047    1.96298339    2.33685768    1.91215148    2.20206093    2.35711304    2.14915855    1.87859031    2.14009937    2.11120551    2.24144844    2.45025304    2.27712403    2.60631365    2.85500112    3.08409508    2.29600482    2.58944673
Q6TUS7_YMTV5/47-87     2.67736199    2.56481888    2.66942346    2.66293165    2.56582526    3.04792530    2.97942189    2.45468686    2.48568557    2.79808779    2.61907735    1.99561313    2.64046228    2.02473656    2.12995728    0.82589609    0.59606282    0.73103678    0.67301484    0.92013532    0.00000000    2.24480213    2.50907058    3.16962952    2.15278248    2.27839869    2.55996349    2.62403649    1.99857444    3.17785946    2.70139433    3.18242192    2.68210500    2.42232633    2.69887072    2.32798901    3.14899268    3.07696914    2.95236341
VF175_ASFB7/56-104     1.88747502    2.28157563    2.23650921    2.20757934    2.54782271    2.91738986    2.83475643    2.41771909    2.66330643    2.73398568    3.06393252    1.84639397    2.25474609    2.09292991    2.45383204    1.84622073    2.42814414    1.99130679    2.56862028    2.21410047    2.24480213    0.00000000    2.32260794    2.69668960    2.11145585    2.60861857    2.94223666    2.82581946    2.93195616    2.37278636    2.13530386    2.42352288    2.69566139    2.56793950    2.35862561    2.11653962    2.53807730    3.23831141    3.02308330
Q8QNI1_ESV1K/65-110     2.22689106    2.67906610    2.40835567    2.53067340    2.68472726    2.79334759    2.66327461    2.35286783   20.00000000    3.18326490   20.00000000    2.20256507    2.02122625    2.39914067    2.73535877    2.47807757    2.59700401    2.07757311    2.85056320    1.96298339    2.50907058    2.32260794    0.00000000    1.21802854    2.14541006    2.01240544    2.29981278    2.87208375    3.14398260    2.33785589    2.29033289    2.32106855    2.99327578    2.60497060    2.41827566    2.53256041    3.13815550    2.97932381    2.90558446
Q98532_PBCV1/29-74     2.41669106    2.65343652    2.55995484    2.64338865    2.79371897    2.47707460    2.30462685    2.93690780    3.34356577    2.53182467    3.18638751    2.63333691    2.29430957    2.70402388    2.97595848    2.64116963    3.11300808    2.49800390    2.97953353    2.33685768    3.16962952    2.69668960    1.21802854    0.00000000    3.00196403    2.71803452    2.88961764    2.50929557    3.17553733    2.48494306    2.50207884    2.37755922    2.71422414    2.87472075    2.92758542    3.33781585    3.51694619    3.00823964    2.87366639
A6NL54_HUMAN/406-442     2.14885391    2.33948443    2.55132715    2.96653264    2.71318953    3.00031954    2.86758926    1.59428441    1.92728470    2.35547143    2.80264424    2.10823227    2.75211970    2.20954091    3.27789976    2.37808460    2.62976057    2.05862628    2.67142644    1.91215148    2.15278248    2.11145585    2.14541006    3.00196403    0.00000000    0.72867565    0.83682043    1.78680707    1.85253745    2.02182267    2.08217094    2.15505017    1.70263285    2.23925866    2.14794531    2.45247182    2.18151942    2.00025135    2.19385257
ZMYM5_BOVIN/334-370     1.88369675    1.99397896    1.85761966    2.00560442    2.28391068    2.16953722    2.07224006    1.93298509    2.04557022    2.44525583    2.65780806    1.99478516    2.47717798    2.13670410    2.90545883    2.57557173    2.79803707    1.99757952    2.72352972    2.20206093    2.27839869    2.60861857    2.01240544    2.71803452    0.72867565    0.00000000    0.19965152    2.28589432    1.81519636    1.99168542    2.11253560    2.03443598    1.88545949    1.96947745    2.11290993    2.24759281    2.04211711    2.24060194    2.38793818
ZMYM2_HUMAN/420-456     2.08820489    2.10215204    1.99008052    1.99455950    2.09121804    2.12251446    2.09503012    1.86095769    1.82932676    2.37622624    2.55050780    2.03307708    2.50179508    2.14190347    3.33328331    2.54188824    3.25678266    2.38242444    2.74818156    2.35711304    2.55996349    2.94223666    2.29981278    2.88961764    0.83682043    0.19965152    0.00000000    2.65254105    1.99748529    1.92366287    2.26946292    2.20960202    2.08358735    2.02756036    2.21371470    2.51635410    2.38086915    2.17255758    2.30738234
B1AXS8_MOUSE/541-578     2.00989957    1.90142704    2.72045963    2.84255970    3.31780440    2.86501941    2.81203378    2.68459806    2.85974004    2.81821238    3.17202329    1.91196066    2.23927849    1.96400917    2.59525498    2.47348544    2.97388875    2.52801416    2.44721852    2.14915855    2.62403649    2.82581946    2.87208375    2.50929557    1.78680707    2.28589432    2.65254105    0.00000000    1.94980234    1.86586665    1.97609922    2.07344825    1.98785905    2.30896184    2.27081311    2.32841118    2.80090910    2.52362387    2.66164539
A6NHB5_HUMAN/350-391     2.49968990    2.15601626    2.33636335    2.52181186    2.39243441    3.11159160    2.91242398    2.45959314    2.58764820    2.34454800    2.16671906    2.08064053    2.88928552    2.25342681    2.56889364    2.17134880    2.24280826    2.01538385    1.91459794    1.87859031    1.99857444    2.93195616    3.14398260    3.17553733    1.85253745    1.81519636    1.99748529    1.94980234    0.00000000    1.09277104    1.18388691    1.15218814    0.67035390    1.66493784    1.86221923    2.09593238    1.94240097    2.11582931    2.27611668
F6XYT2_XENTR/336-377     2.10856374    2.11933118    2.08102968    2.07444932    2.01404171    2.33211896    2.17999226    2.47018483    2.52350916    2.64799751    2.70831777    2.12646240    2.38193713    2.36860436    2.59257195    2.85358256    2.84924102    2.41437053    2.99509361    2.14009937    3.17785946    2.37278636    2.33785589    2.48494306    2.02182267    1.99168542    1.92366287    1.86586665    1.09277104    0.00000000    0.63253119    0.52191889    1.05032293    1.42496867    1.63075141    1.93204370    2.32953049    1.48558561    1.72233856
Q5SVZ7_HUMAN/130-171     2.43768321    2.19401919    1.72044629    1.97126760    2.27532981    2.70920850    2.47566883    2.72982877    2.68367136    2.16186643    2.45829308    1.98879063    2.72817718    2.39029040    2.66749246    2.56352286    2.46774765    2.42198000    2.42927807    2.11120551    2.70139433    2.13530386    2.29033289    2.50207884    2.08217094    2.11253560    2.26946292    1.97609922    1.18388691    0.63253119    0.00000000    0.38942238    1.04470196    1.67481598    1.76154466    2.17726360    2.22995081    1.68532799    2.27523858
ZMYM6_HUMAN/133-174     2.22372365    1.94750270    2.15321982    1.99211135    2.34649135    2.50385292    2.26077332    2.69867375    2.49656052    2.08446368    2.37344673    2.12587769    2.85973070    2.53237669    2.75974337    2.71200457    2.63443178    2.63267173    2.69663278    2.24144844    3.18242192    2.42352288    2.32106855    2.37755922    2.15505017    2.03443598    2.20960202    2.07344825    1.15218814    0.52191889    0.38942238    0.00000000    0.94332827    1.76641071    1.85441044    2.24684199    2.10190637    1.66373602    2.12107893
ZMYM2_MOUSE/367-408     2.93899429    2.74974314    2.38441995    2.49878352    2.16511296    2.95334334    2.76242904    2.25964018    2.33180249    2.28664285    1.99522871    2.22838972    2.84628364    2.31949918    2.74225768    2.64024455    2.86582123    2.68362504    2.32264264    2.45025304    2.68210500    2.69566139    2.99327578    2.71422414    1.70263285    1.88545949    2.08358735    1.98785905    0.67035390    1.05032293    1.04470196    0.94332827    0.00000000    1.71262101    1.86043419    1.85435232    2.09327176    1.98473616    2.05667440
ZMYM4_MOUSE/336-373     1.79778883    1.28395553    1.74836961    1.65953285    2.28436473    2.36344069    2.40424523    1.81472363    2.20516576    2.41460809    2.39594293    2.06502719    2.36175372    1.92049584    2.77497632    2.03274244    2.66024828    2.52961782    2.64824507    2.27712403    2.42232633    2.56793950    2.60497060    2.87472075    2.23925866    1.96947745    2.02756036    2.30896184    1.66493784    1.42496867    1.67481598    1.76641071    1.71262101    0.00000000    0.19984903    1.54496178    1.83399609    2.05139759    2.66961748
W5QDT0_SHEEP/83-120     1.76708715    1.21150020    1.76357598    1.68561660    2.43338390    2.14330888    2.20140733    1.88803622    2.21730880    2.28420005    2.30768905    1.80410791    2.11002611    1.64269951    2.73813821    2.26780396    2.93910609    2.88012977    2.97524729    2.60631365    2.69887072    2.35862561    2.41827566    2.92758542    2.14794531    2.11290993    2.21371470    2.27081311    1.86221923    1.63075141    1.76154466    1.85441044    1.86043419    0.19984903    0.00000000    1.58798195    1.72627639    1.89798213    2.43800456
A6NHN7_HUMAN/495-534     1.88392562    1.94372266    2.27989853    2.12381006    2.71554821    3.03319859    2.83393985    1.95141188    2.13265381    2.55446458    2.53185557    2.19380180    2.49670855    2.38187038    2.11946005    2.25193226    2.73573649    2.82375989    2.81367273    2.85500112    2.32798901    2.11653962    2.53256041    3.33781585    2.45247182    2.24759281    2.51635410    2.32841118    2.09593238    1.93204370    2.17726360    2.24684199    1.85435232    1.54496178    1.58798195    0.00000000    1.35322150    2.60635206    2.43856703
ZMYM2_MOUSE/530-569     2.25210101    2.35181662    2.25901480    2.01730294    2.32773574    2.75389406    2.75594210    1.80040406    2.02172838    1.98411773    2.39402161    2.62132786    2.86750597    2.60472584    3.24541567    2.35677888    2.75602902    2.98498463    2.79653100    3.08409508    3.14899268    2.53807730    3.13815550    3.51694619    2.18151942    2.04211711    2.38086915    2.80090910    1.94240097    2.32953049    2.22995081    2.10190637    2.09327176    1.83399609    1.72627639    1.35322150    0.00000000    2.23141590    2.74084789
SCM_DROME/58-95     2.21390286    2.31308070    2.33722138    2.17228260    2.10213836    2.08659726    2.00219511    2.15969100    2.35236821    1.94143402    2.25701852    2.18491763    2.60078005    2.41015233    3.12457369    2.30890324    3.31035183    2.73479831    2.87772688    2.29600482    3.07696914    3.23831141    2.97932381    3.00823964    2.00025135    2.24060194    2.17255758    2.52362387    2.11582931    1.48558561    1.68532799    1.66373602    1.98473616    2.05139759    1.89798213    2.60635206    2.23141590    0.00000000    0.40908417
Q172L2_AEDAE/64-101     2.49428207    2.45990357    2.39456666    2.13010873    2.25984734    2.02261661    2.04289594    2.13437551    2.34599457    2.01127836    2.38861884    2.41311866    2.75227722    2.75822027    2.97206838    2.47709965    3.45743734    2.94112718    2.76043022    2.58944673    2.95236341    3.02308330    2.90558446    2.87366639    2.19385257    2.38793818    2.30738234    2.66164539    2.27611668    1.72233856    2.27523858    2.12107893    2.05667440    2.66961748    2.43800456    2.43856703    2.74084789    0.40908417    0.00000000

