57
M0RX91_MUSAM/44-191     0.00000000    0.41187995    0.47449233    0.41739056    0.39174274    0.33155789    0.46946607    0.45778693    0.60333759    0.49304807    0.61054217    0.44081398    0.65889383    0.68703054    0.87220786    0.80943463    0.64951085    0.74141650    0.65884670    0.65221354    0.80105455    0.68282031    0.59914748    0.65520563    0.66470755    0.77180044    0.62494115    0.98208362    0.84877916    0.96685696    0.84940313    0.93433936    0.88000553    0.96670317    0.97288680    1.03950567    0.93286824    0.89209665    0.83142646    0.82682477    0.83375056    0.63196077    0.66221799    0.60263451    0.64334162    0.62893745    0.66633149    0.67198557    0.62160247    0.60232184    0.66177820    0.66519652    0.61232024    0.67769318    0.79833473    0.55066067    0.51182825
M4E8R7_BRARP/36-202     0.41187995    0.00000000    0.31237274    0.48137110    0.46841309    0.52172866    0.52507078    0.52457267    0.65478214    0.69285895    0.68945994    0.69999780    0.85994093    0.91155602    0.97639064    1.10062600    0.91615165    0.90369417    0.85393055    0.86525225    1.00667540    0.84405700    0.85343597    0.73308476    0.78078981    0.81645074    0.82840604    1.08811609    1.03183122    1.07246673    0.95507454    1.04710108    1.07816428    1.20864771    1.07401652    1.16662241    1.15163688    1.11229079    1.06681706    1.05978202    1.14147954    0.81209277    0.91950563    0.77227448    0.81631221    0.85864800    0.85285437    0.86992137    0.87553981    0.84736117    0.91583896    0.80834781    0.87947718    0.74677475    0.85127524    0.74674417    0.78742942
Q9LUA0_ARATH/39-255     0.47449233    0.31237274    0.00000000    0.59362255    0.54493785    0.53964081    0.70463727    0.74597359    0.74035799    0.69433957    0.68082128    0.97851109    0.97453868    0.93164919    0.99490867    1.12173643    1.00836999    0.91113378    0.95351076    1.00981297    1.14096692    0.87062332    0.89539960    0.80583773    0.83446909    0.88955375    0.90498891    1.11816110    1.12444170    1.04183537    1.00879622    1.06852409    1.09744668    1.28917253    1.15090528    1.31831239    1.22810928    1.39132162    1.26507479    1.53487204    1.56672914    1.12712894    1.26470411    1.16169427    1.12224171    0.97874320    0.94642902    1.21961290    1.23062900    1.19678071    1.12702293    0.77127330    1.20935447    0.80426916    0.77169525    0.78605462    0.73819616
B9SEM7_RICCO/46-230     0.41739056    0.48137110    0.59362255    0.00000000    0.25665918    0.33259589    0.48871946    0.44638935    0.69719144    0.68392733    0.60091590    0.83649934    0.82585425    0.77004294    0.91656809    0.99021818    0.85722475    0.88931651    0.85332367    0.87514003    0.99632438    0.76846474    0.81465567    0.76501611    0.76782415    0.84083068    0.84790551    1.08042310    1.02524397    1.14399681    0.99302206    1.12289880    1.10835134    1.15758636    1.12291254    1.20879695    1.16936988    1.12173202    0.98967966    1.12418611    1.15698287    0.89403322    1.00380733    0.95509681    0.98075713    0.94479280    0.93067606    0.91225849    0.94778642    0.91426300    0.88860310    0.85455570    0.91297599    0.76451250    0.74464812    0.78728956    0.70388481
B9N5I9_POPTR/46-233     0.39174274    0.46841309    0.54493785    0.25665918    0.00000000    0.31688856    0.51236471    0.46298587    0.72302692    0.54620486    0.49719846    0.75528222    0.77663406    0.75641158    0.88255983    0.97579282    0.78122382    0.83860715    0.71814897    0.84324780    0.93891992    0.72168751    0.72065852    0.70182139    0.70066679    0.82337566    0.82322622    0.97826452    1.06817313    1.04793140    0.93528920    1.06985806    1.02725473    1.12014595    1.14819715    1.17771477    1.15837333    1.19534371    1.06156430    1.13259047    1.16288216    0.83771981    0.97555291    0.89635769    0.91093436    0.88156545    0.82624662    0.91263749    0.92039312    0.90433836    0.90369364    0.80405598    0.94506862    0.77308592    0.65644938    0.66731429    0.68918793
F6HH69_VITVI/46-233     0.33155789    0.52172866    0.53964081    0.33259589    0.31688856    0.00000000    0.42898694    0.47267743    0.69046456    0.58855356    0.53673571    0.77870597    0.76368277    0.70678428    0.83907877    0.94358341    0.74112045    0.72572982    0.73198354    0.76780845    0.85046994    0.70076252    0.68266377    0.67517008    0.70515599    0.73050294    0.78363635    1.04476095    1.02533748    0.99580623    0.94439512    0.98376051    1.00402364    1.16916362    1.08653566    1.22805000    1.15566984    1.28985594    1.14902844    1.20498009    1.22624852    0.86182260    0.97425598    0.90140429    0.94545717    0.85949650    0.82229948    0.95862068    0.88430195    0.88739514    0.80849856    0.73277790    0.88260472    0.75183445    0.67789956    0.61160147    0.60206109
M1BUR7_SOLTU/46-233     0.46946607    0.52507078    0.70463727    0.48871946    0.51236471    0.42898694    0.00000000    0.60870137    0.76334679    0.72450196    0.60496617    0.86715163    0.79903310    0.90278824    1.00635424    0.99520646    0.90643392    0.85866999    0.86150350    0.87210274    1.02122889    0.86665170    0.86836964    0.80003709    0.78021654    0.81112011    0.90167689    0.97009856    1.01657866    1.09521065    0.94151075    1.00696063    0.97658993    1.14233063    1.13867363    1.18014476    1.02272772    1.19809523    1.12379892    1.15888433    1.22092389    0.91311973    1.00291812    0.93416593    0.94479110    0.88047739    0.82975900    0.90773500    0.90969172    0.86515679    0.82740278    0.82394861    0.86725192    0.81635309    0.82801127    0.71648821    0.71632999
I1LMI1_SOYBN/43-250     0.45778693    0.52457267    0.74597359    0.44638935    0.46298587    0.47267743    0.60870137    0.00000000    0.71758870    0.51181866    0.60883989    0.81860998    0.85179085    0.83654042    0.99220277    1.02678517    0.83373926    0.88378787    0.78585123    0.86818941    0.98648554    0.76399137    0.82474565    0.77189596    0.75122032    0.76501951    0.88174065    1.10685630    1.08387113    1.09023114    0.97242878    1.05112399    1.04755042    1.24912785    1.23577803    1.27498687    1.28506365    1.14877573    1.11633454    1.34207774    1.35419886    0.97126050    1.11378003    1.00717029    1.06571399    0.92573661    0.86837819    1.08424355    1.10424007    1.05883828    1.06431347    0.73156432    1.10413497    0.76246013    0.73037632    0.68280631    0.63932359
M1CSJ9_SOLTU/45-210     0.60333759    0.65478214    0.74035799    0.69719144    0.72302692    0.69046456    0.76334679    0.71758870    0.00000000    0.62083279    0.80912586    0.81510344    0.91275752    0.83183410    0.82187973    1.03251380    0.91516929    0.96881006    0.96392225    1.02833069    1.10514986    0.88159140    0.94038450    0.81744008    0.81481221    0.88502019    0.99255840    1.02666577    1.02158042    1.18500547    0.96838493    1.03809566    1.09625557    1.19799596    1.04171730    1.28185020    1.13280948    1.06979991    1.07933977    1.13730993    1.18782055    0.92655428    0.93487012    0.88007363    0.88405266    0.90969981    0.90998064    0.85158986    0.96715899    0.88531574    0.85137324    0.80529972    0.84604531    0.82365906    0.79342169    0.84693459    0.80190854
M1CRX8_SOLTU/39-210     0.49304807    0.69285895    0.69433957    0.68392733    0.54620486    0.58855356    0.72450196    0.51181866    0.62083279    0.00000000    0.73584187    0.67625531    0.87065971    0.91271293    0.89978507    1.02798215    0.84108632    0.89369302    0.82420324    0.87053478    1.03147769    0.79938522    0.85251621    0.76916571    0.81201905    0.82845524    0.91641113    1.03904734    1.19637497    1.19136523    1.04138971    1.13502616    1.10137231    1.28165037    1.21459195    1.23606424    1.20638712    1.13411281    1.10430190    1.09005522    1.13666478    0.78051515    0.85066800    0.74901277    0.82338940    0.87168739    0.85590550    0.82696642    0.91320723    0.85395199    0.86859851    0.76129643    0.83568532    0.78833775    0.76774168    0.72407277    0.67615191
W1P3H0_AMBTC/37-183     0.61054217    0.68945994    0.68082128    0.60091590    0.49719846    0.53673571    0.60496617    0.60883989    0.80912586    0.73584187    0.00000000    0.52485348    0.73018719    0.76287172    0.90564379    0.89014412    0.76156152    0.79861767    0.71267579    0.75245693    0.88000810    0.79380326    0.73055234    0.74624995    0.78480038    0.81483059    0.73109767    1.03699602    0.86566362    0.90026112    0.87733735    0.96814735    0.90238434    1.05931913    1.04802345    1.05522748    1.05163819    0.94871997    0.87719305    0.89217701    0.92636467    0.66815863    0.67191996    0.68402679    0.68109301    0.64657119    0.64718461    0.71364109    0.71984031    0.70212280    0.71699927    0.77416162    0.71672491    0.65665908    0.79594729    0.76995267    0.72979949
W1P964_AMBTC/48-238     0.44081398    0.69999780    0.97851109    0.83649934    0.75528222    0.77870597    0.86715163    0.81860998    0.81510344    0.67625531    0.52485348    0.00000000    0.66580853    0.70455691    0.84415520    0.85783086    0.68886669    0.81097339    0.73753916    0.76009690    1.00376843    0.70328001    0.71287537    0.61006078    0.66474370    0.75337198    0.74079944    1.01540708    1.01259218    1.03859676    0.96141725    1.09599639    0.95567698    1.05575648    1.10091217    1.13229604    1.08231702    1.21611744    1.11870403    1.24234295    1.25389731    0.88180659    0.96243716    0.86435850    0.90303193    0.83711825    0.84963635    0.87139746    0.84289434    0.88531268    0.87771842    0.74800677    0.89443412    0.78253008    0.71688664    0.73371342    0.82140125
M0S465_MUSAM/48-212     0.65889383    0.85994093    0.97453868    0.82585425    0.77663406    0.76368277    0.79903310    0.85179085    0.91275752    0.87065971    0.73018719    0.66580853    0.00000000    0.40034026    0.56417683    0.54971962    0.36394878    0.53447109    0.41900908    0.51541250    0.56006576    0.36323121    0.33662051    0.45521410    0.42729014    0.61084364    0.64234620    0.99970460    1.04225290    1.12980403    0.94320986    1.06566044    0.98922724    1.17437860    1.01482481    1.16320502    1.06037294    1.15870827    1.09549633    1.12475172    1.17477325    0.84234569    0.91378838    0.83884884    0.90291387    0.83455539    0.81188197    0.87835908    0.86848464    0.93890218    0.93580961    0.85849687    0.87567029    0.95149699    0.87467255    0.93003021    0.96822882
A0A0D3FB01_9ORYZ/48-211     0.68703054    0.91155602    0.93164919    0.77004294    0.75641158    0.70678428    0.90278824    0.83654042    0.83183410    0.91271293    0.76287172    0.70455691    0.40034026    0.00000000    0.54619208    0.58604799    0.45721458    0.52642376    0.45790529    0.59530826    0.52671655    0.43075424    0.43454739    0.49044751    0.47160830    0.70920867    0.63515726    1.11293552    1.04833867    1.06804371    1.01032868    1.09324433    1.14678478    1.20847777    1.05645095    1.25610979    1.17365176    1.01865489    0.98639485    1.02108157    1.02182887    0.86655795    0.93414986    0.90514153    0.94225985    0.86240793    0.89486470    0.95974631    0.83210305    0.91674654    0.95097426    0.78837724    0.97959852    0.96172959    0.82612889    1.02644747    0.93073989
J3LYB6_ORYBR/145-298     0.87220786    0.97639064    0.99490867    0.91656809    0.88255983    0.83907877    1.00635424    0.99220277    0.82187973    0.89978507    0.90564379    0.84415520    0.56417683    0.54619208    0.00000000    0.45951503    0.68160213    0.66939091    0.67613773    0.69345250    0.66017280    0.61081364    0.62780803    0.76896568    0.67617050    0.83861005    0.73773431    1.06548545    1.02070914    1.03918358    1.05967280    1.11227286    1.07837432    1.16189552    0.99131246    1.03753147    1.02106070    1.14044282    1.07613092    1.13600166    1.14337997    0.90418255    0.97212084    0.90848895    0.91235648    0.97866642    0.98735279    0.95899622    0.95938540    0.94121527    0.95313739    0.96689150    0.92436169    0.92484559    0.97284893    0.98888768    1.04315120
K3YTM6_SETIT/49-212     0.80943463    1.10062600    1.12173643    0.99021818    0.97579282    0.94358341    0.99520646    1.02678517    1.03251380    1.02798215    0.89014412    0.85783086    0.54971962    0.58604799    0.45951503    0.00000000    0.59600249    0.66706614    0.67903217    0.66629614    0.72163330    0.54202657    0.66952647    0.67702273    0.61993036    0.76558759    0.74236119    1.14409629    1.08494409    1.09498203    1.05768139    1.17887338    1.11152213    1.24883433    1.01934570    1.14313840    1.00263168    1.03268714    1.03925019    1.03478033    1.02122426    0.98934686    0.98001127    0.94107459    0.97838212    1.02864940    1.00404637    0.94341367    1.00181829    0.97272815    0.98675624    0.95533126    0.99466906    1.06446177    0.96131710    1.04601873    1.05203604
I1K2V2_SOYBN/49-211     0.64951085    0.91615165    1.00836999    0.85722475    0.78122382    0.74112045    0.90643392    0.83373926    0.91516929    0.84108632    0.76156152    0.68886669    0.36394878    0.45721458    0.68160213    0.59600249    0.00000000    0.48304268    0.44032724    0.58770566    0.55444314    0.42355911    0.32004983    0.45645652    0.44144676    0.66107323    0.57048611    1.05780215    1.07541597    1.13054337    1.04696250    1.11313407    1.07801749    1.13812538    1.02904081    1.16003590    1.01611254    1.06666880    1.07319196    1.10593542    1.12687925    0.85084417    0.87725019    0.85003416    0.87603637    0.83466818    0.86916130    0.79840910    0.85356321    0.81667913    0.91132477    0.77223164    0.92218130    0.97085355    0.96469647    0.97398364    0.97950525
I1KA51_SOYBN/47-210     0.74141650    0.90369417    0.91113378    0.88931651    0.83860715    0.72572982    0.85866999    0.88378787    0.96881006    0.89369302    0.79861767    0.81097339    0.53447109    0.52642376    0.66939091    0.66706614    0.48304268    0.00000000    0.38940163    0.51024219    0.45281854    0.47317653    0.38869714    0.54632318    0.50653109    0.71069738    0.63011291    1.11067905    1.07592282    1.13151929    1.08106311    1.20752859    1.08245422    1.22071575    1.06726969    1.20524129    1.09953116    1.12675049    1.08936926    1.10399102    1.09830262    0.96659098    1.01854123    0.97327466    1.02264050    0.95366910    0.98458851    0.95220681    0.86837090    0.90406925    0.93649919    0.86185824    1.00186087    0.90975756    0.99194319    0.96767295    0.95763626
F6H0M7_VITVI/115-281     0.65884670    0.85393055    0.95351076    0.85332367    0.71814897    0.73198354    0.86150350    0.78585123    0.96392225    0.82420324    0.71267579    0.73753916    0.41900908    0.45790529    0.67613773    0.67903217    0.44032724    0.38940163    0.00000000    0.30912432    0.32821084    0.41434496    0.29353328    0.46070215    0.45985345    0.63593065    0.64896152    0.99116859    0.99606028    1.10842561    0.93298669    1.02363894    0.99160346    1.08540198    1.02172242    1.19412480    1.13276627    1.09549179    1.07644815    1.07837342    1.10031695    0.90545876    0.98822713    0.86675539    0.93247743    0.89680319    0.88516237    0.90069133    0.88550654    0.87129654    0.94800289    0.82601795    0.95687768    0.85764840    0.88708550    0.93008998    0.95596112
M1CGY7_SOLTU/46-208     0.65221354    0.86525225    1.00981297    0.87514003    0.84324780    0.76780845    0.87210274    0.86818941    1.02833069    0.87053478    0.75245693    0.76009690    0.51541250    0.59530826    0.69345250    0.66629614    0.58770566    0.51024219    0.30912432    0.00000000    0.42473942    0.46569826    0.42171601    0.55368314    0.57022350    0.71321134    0.70680279    1.05629905    1.02038131    1.11693881    1.02787167    1.10379986    1.07287349    1.19337952    1.15768608    1.20864283    1.15466550    1.15683224    1.09730048    1.13193106    1.13270753    0.89880527    0.98207913    0.85949983    0.91104492    0.86566620    0.91643187    0.93990371    0.87977745    0.87830560    0.95731055    0.86345503    0.95648021    0.95295599    0.92987280    0.93789994    0.94515826
B9RJB2_RICCO/51-216     0.80105455    1.00667540    1.14096692    0.99632438    0.93891992    0.85046994    1.02122889    0.98648554    1.10514986    1.03147769    0.88000810    1.00376843    0.56006576    0.52671655    0.66017280    0.72163330    0.55444314    0.45281854    0.32821084    0.42473942    0.00000000    0.43847539    0.42127840    0.61824944    0.58209572    0.77610907    0.76246617    1.15950855    1.19196253    1.20266116    1.11413205    1.15368779    1.13745295    1.22693324    1.16091466    1.33152476    1.27093111    1.19386330    1.17570368    1.18991484    1.22767336    1.03627807    1.12900973    1.01763496    1.09549889    1.00629687    1.00588730    1.12332451    0.95121808    1.00314311    1.04547287    0.94697941    1.17914711    1.13085327    1.02798826    1.13054347    1.12714138
M0RJN1_MUSAM/50-203     0.68282031    0.84405700    0.87062332    0.76846474    0.72168751    0.70076252    0.86665170    0.76399137    0.88159140    0.79938522    0.79380326    0.70328001    0.36323121    0.43075424    0.61081364    0.54202657    0.42355911    0.47317653    0.41434496    0.46569826    0.43847539    0.00000000    0.33724913    0.52228658    0.46507027    0.70247549    0.57218110    1.03701996    0.91920815    1.07041338    1.02019478    1.00187604    0.97461466    1.12193363    1.04563999    1.09061484    1.01321263    1.05725805    1.04714577    1.03880130    1.04035806    0.81888232    0.88036810    0.83727002    0.89600243    0.84757534    0.85688296    0.91342600    0.85851755    0.87653454    0.91313777    0.88989344    0.90501118    0.94386240    1.01403057    0.94268270    0.96527015
F6H968_VITVI/49-215     0.59914748    0.85343597    0.89539960    0.81465567    0.72065852    0.68266377    0.86836964    0.82474565    0.94038450    0.85251621    0.73055234    0.71287537    0.33662051    0.43454739    0.62780803    0.66952647    0.32004983    0.38869714    0.29353328    0.42171601    0.42127840    0.33724913    0.00000000    0.40833120    0.36838924    0.60313321    0.58973653    1.03304251    1.07194653    1.14931671    1.01048359    1.09610556    1.00358329    1.06897013    1.05781380    1.26364639    1.11114382    1.20091290    1.19164230    1.16049954    1.18454639    0.81614864    0.91800844    0.85090285    0.86034303    0.84523436    0.82893981    0.86780315    0.84054554    0.84656128    0.94219522    0.74627013    0.92935518    0.93899706    0.87061214    0.86948635    0.96551763
M4CJA0_BRARP/50-200     0.65520563    0.73308476    0.80583773    0.76501611    0.70182139    0.67517008    0.80003709    0.77189596    0.81744008    0.76916571    0.74624995    0.61006078    0.45521410    0.49044751    0.76896568    0.67702273    0.45645652    0.54632318    0.46070215    0.55368314    0.61824944    0.52228658    0.40833120    0.00000000    0.27639098    0.66138175    0.50769550    1.01937827    1.03091686    1.13515713    1.01135338    1.00510302    0.99901449    0.98245600    0.93310087    1.09897986    0.99142289    1.09138401    1.02154065    1.03048323    1.06505450    0.75823272    0.81003976    0.80452326    0.82121658    0.85482088    0.83452777    0.78725826    0.88275195    0.85328478    0.89540494    0.82067416    0.81777964    0.84852034    1.01273675    0.81019973    0.92642061
M4D3C9_BRARP/51-199     0.66470755    0.78078981    0.83446909    0.76782415    0.70066679    0.70515599    0.78021654    0.75122032    0.81481221    0.81201905    0.78480038    0.66474370    0.42729014    0.47160830    0.67617050    0.61993036    0.44144676    0.50653109    0.45985345    0.57022350    0.58209572    0.46507027    0.36838924    0.27639098    0.00000000    0.69641142    0.50577529    1.06215607    1.05898303    1.10645254    1.00146108    1.04016988    1.07270655    1.06083131    1.10527250    1.14870002    1.04592444    1.09793296    1.06979542    1.07475217    1.10289419    0.75156219    0.81987296    0.76879031    0.79629690    0.78943514    0.78761629    0.76320853    0.82813111    0.83353878    0.90621892    0.81082970    0.82324465    0.84417858    0.98933243    0.94996911    0.94992931
W1P3L7_AMBTC/42-195     0.77180044    0.81645074    0.88955375    0.84083068    0.82337566    0.73050294    0.81112011    0.76501951    0.88502019    0.82845524    0.81483059    0.75337198    0.61084364    0.70920867    0.83861005    0.76558759    0.66107323    0.71069738    0.63593065    0.71321134    0.77610907    0.70247549    0.60313321    0.66138175    0.69641142    0.00000000    0.61644617    0.96390533    0.94884402    1.02781630    0.97846578    0.99704431    1.01788822    1.05444176    0.94556238    1.06190968    0.99480399    1.10960848    1.03563188    1.00912339    1.07797666    0.78732349    0.87666105    0.80672154    0.86451251    0.90719137    0.89309536    0.80321677    0.94924111    0.91611225    0.91355428    0.86679671    0.86335860    0.95620243    1.05794759    0.95455795    0.88601066
W1NJC5_AMBTC/57-230     0.62494115    0.82840604    0.90498891    0.84790551    0.82322622    0.78363635    0.90167689    0.88174065    0.99255840    0.91641113    0.73109767    0.74079944    0.64234620    0.63515726    0.73773431    0.74236119    0.57048611    0.63011291    0.64896152    0.70680279    0.76246617    0.57218110    0.58973653    0.50769550    0.50577529    0.61644617    0.00000000    1.06180631    0.95287337    0.97982139    0.95742794    1.06083975    0.98593579    1.06152386    1.00149530    1.14945488    1.05317361    1.30364229    1.20978603    1.22782447    1.27633522    0.88009984    0.91815585    0.80271644    0.93135222    1.00018583    0.97106720    0.93214886    0.98409049    0.89779574    0.92228094    0.82309822    1.00716024    0.94499970    0.92204769    1.03836508    0.99662508
W1NR99_AMBTC/24-180     0.98208362    1.08811609    1.11816110    1.08042310    0.97826452    1.04476095    0.97009856    1.10685630    1.02666577    1.03904734    1.03699602    1.01540708    0.99970460    1.11293552    1.06548545    1.14409629    1.05780215    1.11067905    0.99116859    1.05629905    1.15950855    1.03701996    1.03304251    1.01937827    1.06215607    0.96390533    1.06180631    0.00000000    0.55769684    0.65274457    0.54604493    0.59919756    0.70855080    0.72088319    0.67685053    0.81100354    0.66094691    1.28303524    1.19476909    1.28944346    1.29961804    1.01772287    1.05193806    1.13829415    1.05789765    1.09159382    1.14272654    1.08748473    1.11142377    1.07046028    1.06014939    1.19814431    1.15824877    1.07778793    1.20606632    1.02770814    1.10293756
F6H3B5_VITVI/28-194     0.84877916    1.03183122    1.12444170    1.02524397    1.06817313    1.02533748    1.01657866    1.08387113    1.02158042    1.19637497    0.86566362    1.01259218    1.04225290    1.04833867    1.02070914    1.08494409    1.07541597    1.07592282    0.99606028    1.02038131    1.19196253    0.91920815    1.07194653    1.03091686    1.05898303    0.94884402    0.95287337    0.55769684    0.00000000    0.44532660    0.29120263    0.37086729    0.42625656    0.67560037    0.48273757    0.73525505    0.59676973    1.07425092    1.06988864    1.12393860    1.10296253    0.98130030    1.06698778    1.01568262    1.04655422    1.01680669    1.08449828    0.97698675    0.90195913    0.98726919    0.95294478    1.01719710    1.16480153    0.92033288    1.14659509    1.04103747    1.09141381
M4D465_BRARP/25-184     0.96685696    1.07246673    1.04183537    1.14399681    1.04793140    0.99580623    1.09521065    1.09023114    1.18500547    1.19136523    0.90026112    1.03859676    1.12980403    1.06804371    1.03918358    1.09498203    1.13054337    1.13151929    1.10842561    1.11693881    1.20266116    1.07041338    1.14931671    1.13515713    1.10645254    1.02781630    0.97982139    0.65274457    0.44532660    0.00000000    0.49028570    0.55836374    0.62563118    0.68288635    0.71704197    0.73465724    0.72103852    1.03874195    1.01301732    1.03542465    1.01352531    0.92829921    1.00624105    0.98306112    0.98604010    1.03008359    1.08534497    0.97343728    1.00289372    1.00080966    1.00921911    1.04815170    1.14550425    1.02545015    1.11767283    1.09379754    1.01735878
B9SPP5_RICCO/28-184     0.84940313    0.95507454    1.00879622    0.99302206    0.93528920    0.94439512    0.94151075    0.97242878    0.96838493    1.04138971    0.87733735    0.96141725    0.94320986    1.01032868    1.05967280    1.05768139    1.04696250    1.08106311    0.93298669    1.02787167    1.11413205    1.02019478    1.01048359    1.01135338    1.00146108    0.97846578    0.95742794    0.54604493    0.29120263    0.49028570    0.00000000    0.29666275    0.33775271    0.57201370    0.53361076    0.62498101    0.54245865    0.99845432    0.95949853    1.00682236    1.03173053    0.87084107    0.91544853    0.93765495    0.91018390    0.91548255    1.00715567    0.97467669    0.84988345    0.91537075    0.94069401    1.02820952    0.99091980    0.85244384    1.20417613    0.92657571    0.99607160
I1M9R8_SOYBN/11-171     0.93433936    1.04710108    1.06852409    1.12289880    1.06985806    0.98376051    1.00696063    1.05112399    1.03809566    1.13502616    0.96814735    1.09599639    1.06566044    1.09324433    1.11227286    1.17887338    1.11313407    1.20752859    1.02363894    1.10379986    1.15368779    1.00187604    1.09610556    1.00510302    1.04016988    0.99704431    1.06083975    0.59919756    0.37086729    0.55836374    0.29666275    0.00000000    0.34018333    0.62830795    0.57077340    0.70080583    0.61446463    1.02996728    1.03560201    1.13600678    1.13765303    0.90731686    0.92413161    0.97292100    0.93759154    0.95297242    0.99379204    0.96381029    0.89027181    0.94980648    0.95711286    1.01647294    1.05242619    1.01787004    1.22995760    1.00176168    1.04017260
K7KTN8_SOYBN/11-174     0.88000553    1.07816428    1.09744668    1.10835134    1.02725473    1.00402364    0.97658993    1.04755042    1.09625557    1.10137231    0.90238434    0.95567698    0.98922724    1.14678478    1.07837432    1.11152213    1.07801749    1.08245422    0.99160346    1.07287349    1.13745295    0.97461466    1.00358329    0.99901449    1.07270655    1.01788822    0.98593579    0.70855080    0.42625656    0.62563118    0.33775271    0.34018333    0.00000000    0.64340620    0.54616234    0.76849580    0.62391798    1.11576750    1.13366776    1.19641149    1.19480323    0.94648929    0.96429711    0.96196177    0.95581004    0.99803719    1.00486513    0.96505749    0.92739258    0.95407565    0.99628818    1.00401102    1.08984807    0.96941510    1.21318205    0.94356768    1.05587568
M0U6C0_MUSAM/135-295     0.96670317    1.20864771    1.28917253    1.15758636    1.12014595    1.16916362    1.14233063    1.24912785    1.19799596    1.28165037    1.05931913    1.05575648    1.17437860    1.20847777    1.16189552    1.24883433    1.13812538    1.22071575    1.08540198    1.19337952    1.22693324    1.12193363    1.06897013    0.98245600    1.06083131    1.05444176    1.06152386    0.72088319    0.67560037    0.68288635    0.57201370    0.62830795    0.64340620    0.00000000    0.55157045    0.68781691    0.67971019    1.12715814    1.06242763    1.10790229    1.08998667    1.05593140    1.10621104    1.17403081    1.10234489    1.08565262    1.06745994    1.06748393    0.98747285    0.96302715    1.04233774    1.13945774    1.15781094    1.13477449    1.30224534    1.20012096    1.34395212
M0THX6_MUSAM/100-260     0.97288680    1.07401652    1.15090528    1.12291254    1.14819715    1.08653566    1.13867363    1.23577803    1.04171730    1.21459195    1.04802345    1.10091217    1.01482481    1.05645095    0.99131246    1.01934570    1.02904081    1.06726969    1.02172242    1.15768608    1.16091466    1.04563999    1.05781380    0.93310087    1.10527250    0.94556238    1.00149530    0.67685053    0.48273757    0.71704197    0.53361076    0.57077340    0.54616234    0.55157045    0.00000000    0.57592290    0.48888223    1.14199120    1.13320641    1.14572220    1.14538491    1.01566742    1.00107382    1.05425233    0.97780609    1.04924666    1.06784376    1.02443986    1.01581356    0.97426235    0.99900283    1.08036969    1.16788774    1.10521990    1.21958964    1.12224200    1.17709064
B6SUA2_MAIZE/30-197     1.03950567    1.16662241    1.31831239    1.20879695    1.17771477    1.22805000    1.18014476    1.27498687    1.28185020    1.23606424    1.05522748    1.13229604    1.16320502    1.25610979    1.03753147    1.14313840    1.16003590    1.20524129    1.19412480    1.20864283    1.33152476    1.09061484    1.26364639    1.09897986    1.14870002    1.06190968    1.14945488    0.81100354    0.73525505    0.73465724    0.62498101    0.70080583    0.76849580    0.68781691    0.57592290    0.00000000    0.28387250    1.17513594    1.24378105    1.24854102    1.24166917    1.14851157    1.13577591    1.18241767    1.14285066    1.13822745    1.11013493    1.08838157    1.04925036    1.08249242    1.09887459    1.11252742    1.25755484    1.08801271    1.30993697    1.13496067    1.33119419
J3MH44_ORYBR/29-188     0.93286824    1.15163688    1.22810928    1.16936988    1.15837333    1.15566984    1.02272772    1.28506365    1.13280948    1.20638712    1.05163819    1.08231702    1.06037294    1.17365176    1.02106070    1.00263168    1.01611254    1.09953116    1.13276627    1.15466550    1.27093111    1.01321263    1.11114382    0.99142289    1.04592444    0.99480399    1.05317361    0.66094691    0.59676973    0.72103852    0.54245865    0.61446463    0.62391798    0.67971019    0.48888223    0.28387250    0.00000000    1.20272219    1.20849521    1.23112022    1.19587834    1.07749480    1.06751144    1.14951794    1.08089177    1.11878974    1.10568849    1.01173938    1.02088217    1.02011181    1.01447692    0.98916025    1.16810439    1.02326258    1.22074886    1.10760942    1.16323425
A0A3B5YZC9_WHEAT/23-231     0.89209665    1.11229079    1.39132162    1.12173202    1.19534371    1.28985594    1.19809523    1.14877573    1.06979991    1.13411281    0.94871997    1.21611744    1.15870827    1.01865489    1.14044282    1.03268714    1.06666880    1.12675049    1.09549179    1.15683224    1.19386330    1.05725805    1.20091290    1.09138401    1.09793296    1.10960848    1.30364229    1.28303524    1.07425092    1.03874195    0.99845432    1.02996728    1.11576750    1.12715814    1.14199120    1.17513594    1.20272219    0.00000000    0.20466600    0.24874974    0.27372385    0.98951908    1.06845393    1.02642126    1.03210818    1.05047722    1.06498311    1.06209162    0.94534500    1.01547555    1.07880338    0.87465444    1.26276829    0.82071222    1.06730788    1.13825547    1.16000759
J3MK74_ORYBR/23-223     0.83142646    1.06681706    1.26507479    0.98967966    1.06156430    1.14902844    1.12379892    1.11633454    1.07933977    1.10430190    0.87719305    1.11870403    1.09549633    0.98639485    1.07613092    1.03925019    1.07319196    1.08936926    1.07644815    1.09730048    1.17570368    1.04714577    1.19164230    1.02154065    1.06979542    1.03563188    1.20978603    1.19476909    1.06988864    1.01301732    0.95949853    1.03560201    1.13366776    1.06242763    1.13320641    1.24378105    1.20849521    0.20466600    0.00000000    0.21591771    0.21614983    0.96831282    0.98595350    0.98056482    0.99368406    1.08975721    1.06468721    1.00995212    0.91737836    0.92945652    0.97948379    0.84929375    1.19203360    0.79766156    1.09974037    1.08908800    1.09714875
C5X4F2_SORBI/23-254     0.82682477    1.05978202    1.53487204    1.12418611    1.13259047    1.20498009    1.15888433    1.34207774    1.13730993    1.09005522    0.89217701    1.24234295    1.12475172    1.02108157    1.13600166    1.03478033    1.10593542    1.10399102    1.07837342    1.13193106    1.18991484    1.03880130    1.16049954    1.03048323    1.07475217    1.00912339    1.22782447    1.28944346    1.12393860    1.03542465    1.00682236    1.13600678    1.19641149    1.10790229    1.14572220    1.24854102    1.23112022    0.24874974    0.21591771    0.00000000    0.16997445    1.21940600    1.26025581    1.21211904    1.24364836    1.05572949    1.07964784    1.29135511    1.20241438    1.25487383    1.24913689    0.80839130    1.44647457    0.80710377    1.06680018    1.06456658    1.12569497
K3ZTK7_SETIT/23-255     0.83375056    1.14147954    1.56672914    1.15698287    1.16288216    1.22624852    1.22092389    1.35419886    1.18782055    1.13666478    0.92636467    1.25389731    1.17477325    1.02182887    1.14337997    1.02122426    1.12687925    1.09830262    1.10031695    1.13270753    1.22767336    1.04035806    1.18454639    1.06505450    1.10289419    1.07797666    1.27633522    1.29961804    1.10296253    1.01352531    1.03173053    1.13765303    1.19480323    1.08998667    1.14538491    1.24166917    1.19587834    0.27372385    0.21614983    0.16997445    0.00000000    1.24783451    1.23552994    1.22935658    1.24367312    1.11503727    1.10585253    1.29611467    1.20486392    1.24704992    1.28647616    0.82788803    1.49863841    0.83443878    1.06030445    1.10192811    1.16444768
J3KUR8_ORYBR/26-254     0.63196077    0.81209277    1.12712894    0.89403322    0.83771981    0.86182260    0.91311973    0.97126050    0.92655428    0.78051515    0.66815863    0.88180659    0.84234569    0.86655795    0.90418255    0.98934686    0.85084417    0.96659098    0.90545876    0.89880527    1.03627807    0.81888232    0.81614864    0.75823272    0.75156219    0.78732349    0.88009984    1.01772287    0.98130030    0.92829921    0.87084107    0.90731686    0.94648929    1.05593140    1.01566742    1.14851157    1.07749480    0.98951908    0.96831282    1.21940600    1.24783451    0.00000000    0.39501265    0.41159477    0.30287458    0.60194476    0.58473908    0.70834185    0.94759658    0.77913655    0.74381218    0.45238545    0.93112754    0.45694885    0.89563885    0.94039251    0.90423140
K7TN85_MAIZE/24-253     0.66221799    0.91950563    1.26470411    1.00380733    0.97555291    0.97425598    1.00291812    1.11378003    0.93487012    0.85066800    0.67191996    0.96243716    0.91378838    0.93414986    0.97212084    0.98001127    0.87725019    1.01854123    0.98822713    0.98207913    1.12900973    0.88036810    0.91800844    0.81003976    0.81987296    0.87666105    0.91815585    1.05193806    1.06698778    1.00624105    0.91544853    0.92413161    0.96429711    1.10621104    1.00107382    1.13577591    1.06751144    1.06845393    0.98595350    1.26025581    1.23552994    0.39501265    0.00000000    0.42558940    0.37285533    0.61535824    0.62196240    0.80545681    0.93471575    0.82726582    0.80799227    0.46311767    0.96047573    0.49246562    0.90581973    0.91657252    0.94626971
M7Z892_TRIUA/9-237     0.60263451    0.77227448    1.16169427    0.95509681    0.89635769    0.90140429    0.93416593    1.00717029    0.88007363    0.74901277    0.68402679    0.86435850    0.83884884    0.90514153    0.90848895    0.94107459    0.85003416    0.97327466    0.86675539    0.85949983    1.01763496    0.83727002    0.85090285    0.80452326    0.76879031    0.80672154    0.80271644    1.13829415    1.01568262    0.98306112    0.93765495    0.97292100    0.96196177    1.17403081    1.05425233    1.18241767    1.14951794    1.02642126    0.98056482    1.21211904    1.22935658    0.41159477    0.42558940    0.00000000    0.24466187    0.65545336    0.65583790    0.71027115    0.89705721    0.78884364    0.81555338    0.44847834    0.94146165    0.48129003    0.85294443    0.91285385    0.83592191
I1HXY9_BRADI/26-254     0.64334162    0.81631221    1.12224171    0.98075713    0.91093436    0.94545717    0.94479110    1.06571399    0.88405266    0.82338940    0.68109301    0.90303193    0.90291387    0.94225985    0.91235648    0.97838212    0.87603637    1.02264050    0.93247743    0.91104492    1.09549889    0.89600243    0.86034303    0.82121658    0.79629690    0.86451251    0.93135222    1.05789765    1.04655422    0.98604010    0.91018390    0.93759154    0.95581004    1.10234489    0.97780609    1.14285066    1.08089177    1.03210818    0.99368406    1.24364836    1.24367312    0.30287458    0.37285533    0.24466187    0.00000000    0.59427564    0.61190059    0.71504244    0.84685014    0.78086786    0.77515010    0.47528397    0.96545294    0.48616736    0.85346654    0.93928350    0.89359624
Q9LRY5_ARATH/22-219     0.62893745    0.85864800    0.97874320    0.94479280    0.88156545    0.85949650    0.88047739    0.92573661    0.90969981    0.87168739    0.64657119    0.83711825    0.83455539    0.86240793    0.97866642    1.02864940    0.83466818    0.95366910    0.89680319    0.86566620    1.00629687    0.84757534    0.84523436    0.85482088    0.78943514    0.90719137    1.00018583    1.09159382    1.01680669    1.03008359    0.91548255    0.95297242    0.99803719    1.08565262    1.04924666    1.13822745    1.11878974    1.05047722    1.08975721    1.05572949    1.11503727    0.60194476    0.61535824    0.65545336    0.59427564    0.00000000    0.22777631    0.58736092    0.54247432    0.49027973    0.57520132    0.46798103    0.77392693    0.50697247    0.89485449    0.84954000    1.00245641
M4DF02_BRARP/22-205     0.66633149    0.85285437    0.94642902    0.93067606    0.82624662    0.82229948    0.82975900    0.86837819    0.90998064    0.85590550    0.64718461    0.84963635    0.81188197    0.89486470    0.98735279    1.00404637    0.86916130    0.98458851    0.88516237    0.91643187    1.00588730    0.85688296    0.82893981    0.83452777    0.78761629    0.89309536    0.97106720    1.14272654    1.08449828    1.08534497    1.00715567    0.99379204    1.00486513    1.06745994    1.06784376    1.11013493    1.10568849    1.06498311    1.06468721    1.07964784    1.10585253    0.58473908    0.62196240    0.65583790    0.61190059    0.22777631    0.00000000    0.59339273    0.56200408    0.62015660    0.64382376    0.48289927    0.67687278    0.53498053    0.91150340    0.90578393    1.06227125
F6HZY0_VITVI/22-260     0.67198557    0.86992137    1.21961290    0.91225849    0.91263749    0.95862068    0.90773500    1.08424355    0.85158986    0.82696642    0.71364109    0.87139746    0.87835908    0.95974631    0.95899622    0.94341367    0.79840910    0.95220681    0.90069133    0.93990371    1.12332451    0.91342600    0.86780315    0.78725826    0.76320853    0.80321677    0.93214886    1.08748473    0.97698675    0.97343728    0.97467669    0.96381029    0.96505749    1.06748393    1.02443986    1.08838157    1.01173938    1.06209162    1.00995212    1.29135511    1.29611467    0.70834185    0.80545681    0.71027115    0.71504244    0.58736092    0.59339273    0.00000000    0.65594153    0.55841132    0.55673629    0.47957181    1.00754530    0.49187249    0.94382772    0.87056586    0.91420825
