75
K8GRF5_9CYAN/6-122     0.00000000    0.89539972    1.03863565    1.71442601    1.71881653    1.92060886    2.03089640    1.76029316    1.96162097    1.98090590    1.92902522    1.97957777    1.54246342    1.71475028    1.65266448    1.54774418    1.62053130    1.70553018    1.68993704    1.90151655    1.54596702    1.65878194    1.62986890    1.59769389    1.63145897    1.74974178    1.63476052    1.71070863    1.45445648    1.59480494    1.54807514    1.30795397    1.44878752    1.65789354    1.50277934    1.37579864    1.45373649    1.50111719    1.59957408    1.72233577    1.60308802    1.69562206    1.45625343    1.41854634    1.44968793    1.66763874    2.06198776    1.86495938    1.61296562    2.55462317    1.64948514    1.81489110    1.62568259    1.71670192    1.97792636    1.49541661    1.78662779    1.50022318    1.75889063    1.65549531    1.82970689    1.84891061    1.77929320    1.61934167    1.91533128    1.71778878    1.76856082    1.77222485    1.75170783    2.14850693    1.71466896    1.86046653    1.60906649    1.55629458    1.79909524
K9TRG9_9CYAN/10-126     0.89539972    0.00000000    0.59920483    1.40634202    1.63230994    2.19621253    1.72491796    1.72914727    1.70144732    1.60554463    1.71233345    1.77179543    1.35798393    1.46936543    1.47343149    1.55495364    1.56796348    1.93356445    2.06581580    1.88162752    2.02872793    1.93346285    1.59605425    1.59640726    1.55800625    2.10369716    1.49389363    1.63874349    1.39759424    1.65207112    1.49012572    1.34368541    1.58749405    1.73738091    1.49339036    1.30619488    1.42367452    1.49929290    1.62707586    1.72155582    1.52845806    1.63674293    1.45412309    1.41173755    1.49021000    1.56906642    2.12636544    2.08544906    1.80195139    2.26979737    1.75477385    1.87759031    1.73459338    1.59135069    1.93322702    1.64345553    1.62494878    1.51598285    1.38764653    1.66796062    1.84008757    1.67954937    1.60867271    1.30249351    1.58707598    1.68042424    1.51927976    1.74389577    1.70350869    2.25047386    1.85390710    1.95711904    1.66738036    1.80163834    1.78390206
A8ZQ33_ACAM1/6-122     1.03863565    0.59920483    0.00000000    1.58938650    1.46032918    1.97498924    1.68826531    1.58185432    1.58143712    1.53806679    1.71697823    1.69555479    1.55517650    1.59803334    1.58149560    1.42236308    1.66207941    2.10841509    1.94086039    1.94938393    2.12727676    2.00553529    1.67671324    1.75630505    1.55725145    2.09963209    1.79166717    1.85411619    1.53447060    1.88039291    1.59305164    1.49564741    1.47036720    1.52825959    1.42892844    1.34721429    1.41729119    1.60240876    1.58605947    1.72233265    1.51022694    1.64371389    1.60929922    1.39799666    1.44419149    1.42995866    2.09554236    1.91045764    1.74167376    2.12937705    1.69102683    1.98395984    1.79209727    1.76085429    2.21789105    1.80407377    1.72570546    1.54906424    1.59217765    1.88049623    1.84491566    1.57994293    1.45447560    1.35834134    1.72244292    1.55186128    1.59362262    1.74545511    1.79572926    2.18548692    2.02304669    1.92026621    1.93861455    1.90674925    1.79918351
V4IUB9_9GAMM/5-122     1.71442601    1.40634202    1.58938650    0.00000000    1.37505825    1.39732031    1.39400732    1.15565498    1.25101063    1.04049905    1.16178774    1.04903348    1.54702867    1.59779990    1.72170374    1.47399593    1.62319159    1.67611445    1.96893676    1.86401956    1.77915926    1.88546637    1.87208237    1.87033951    1.78349301    2.19468211    1.71723761    1.77285326    1.65488117    1.63188565    1.77492205    1.69101336    1.65958491    1.67835744    1.57138473    1.52742745    1.53592687    1.57849538    1.64678808    1.93156427    1.74246806    1.73343056    1.50950155    1.33071641    1.54294627    1.70038106    1.86653315    1.80127790    1.60011123    2.24989744    1.85450588    2.12981943    1.94819982    1.66742149    1.73027849    1.84246525    1.67589419    1.51406437    1.69928131    1.66734239    1.75168669    1.62302238    1.42133959    1.25338417    1.46484691    1.70704288    1.48247149    1.68446002    1.71886284    1.92809001    1.63439873    1.53039754    1.62892649    1.81779826    2.11801083
G7ZCM4_AZOL4/5-121     1.71881653    1.63230994    1.46032918    1.37505825    0.00000000    0.75361206    1.19081970    1.02505935    1.12788113    1.10203106    1.27614627    1.19436149    1.73791804    1.84952725    1.81036258    1.72687749    1.84781744    1.73085905    1.95132545    2.26991078    2.13018368    2.07742006    1.82986810    1.83637948    1.68136614    2.15277564    1.82706259    1.99886695    1.70984724    1.80720235    1.98048007    1.96225543    1.90469003    1.89680861    1.81650028    1.70515918    1.74181928    2.09051028    2.03034941    2.05535369    1.92196238    2.03522505    2.03991637    1.59723852    1.73988719    2.04161927    1.60134550    1.75472850    1.56024781    2.06432342    2.01536770    1.70677374    1.81943684    1.35845802    1.55694523    1.61972924    1.60976644    1.44304079    1.46130885    1.56617788    1.52977862    1.25398871    1.16279760    1.60596189    1.72488057    1.61702759    1.62309050    1.78937304    1.56819158    1.53956660    1.64347902    1.43206618    1.25413255    1.50575556    1.95718044
G7ZA86_AZOL4/5-127     1.92060886    2.19621253    1.97498924    1.39732031    0.75361206    0.00000000    1.25626055    0.99093676    1.27045451    1.15905964    1.16618141    1.23788585    2.22572003    1.95387921    2.24230229    1.99402587    2.05055920    2.10280290    2.01953996    2.38316576    2.20943023    2.34249369    2.01090748    2.03200178    2.04996095    2.08596495    2.06273873    2.04008304    1.99442673    1.85188136    2.15826105    2.22147071    2.22385649    2.04086625    2.08047608    2.08172746    1.95097940    2.27544054    1.97543791    2.15695008    2.12781671    2.08836456    2.07328881    1.91313620    1.81483893    2.21226346    2.06621331    2.07822075    1.94829569    2.40229129    1.95127931    1.76761679    1.82306137    1.64039382    1.93191124    1.69685268    1.65979775    1.76666642    1.59515242    1.78653993    1.56562496    1.38487289    1.36269418    1.98688913    1.77738142    1.95901454    1.87574206    2.15195705    1.92452067    2.06008516    2.16476809    1.39873354    1.72093028    1.87820301    2.16434476
A8LKS3_DINSH/5-119     2.03089640    1.72491796    1.68826531    1.39400732    1.19081970    1.25626055    0.00000000    1.02030473    1.16096167    1.21071637    1.22920057    1.12620936    2.20955734    2.47069482    2.14395281    2.17877719    2.08799191    2.26191535    2.01194100    2.26449215    2.11549605    2.34172721    1.93134264    2.04700572    1.78235613    2.26631276    2.02625372    2.13658497    1.80298105    1.85698601    2.03025471    1.84036225    2.01036830    1.94772799    1.95635760    1.83780984    1.64640942    1.99788461    2.05888064    2.19149069    1.75942370    1.98653140    1.87175573    1.83087530    1.61483316    2.02341888    2.30204221    2.00432446    1.90213022    2.36614306    1.98397244    1.96436599    1.81034864    1.77879664    2.12692962    1.65399463    1.75231483    1.53755675    1.54761294    2.06282545    1.98762774    1.99417426    1.55932444    1.93777285    1.77271421    1.91967278    1.88678818    2.10612506    2.18502998    2.02846169    1.86873707    1.89530820    1.80563401    1.95590230    1.93651692
F6IPT2_9SPHN/11-129     1.76029316    1.72914727    1.58185432    1.15565498    1.02505935    0.99093676    1.02030473    0.00000000    0.49681741    0.50243266    0.48091713    0.40869647    1.51827513    1.57044837    1.63242908    1.35872691    1.81273521    1.95947934    1.94580986    2.14182794    1.86256927    1.84323157    2.11492346    1.92010548    1.88023267    2.01977730    1.91494832    1.92609158    1.75582344    1.69542808    1.98575738    1.80862878    1.74686110    1.85226637    1.78226834    1.81964906    1.77353708    1.95029411    1.72336916    2.02041576    1.74334955    2.00936303    1.78000350    1.84497460    1.59892148    2.10881286    2.00568953    1.91557917    1.83291387    2.61802110    1.78231562    1.96667199    1.93622444    1.57900679    1.72556913    1.47802178    1.42639623    1.41607839    1.44793772    1.72501216    1.64222670    1.41910920    1.28550121    1.45547730    1.37325357    1.53052385    1.54496049    1.79500264    1.88193445    1.71680299    1.85806231    1.41051612    1.39768596    1.53520413    1.81242890
Q2GBJ6_NOVAD/11-129     1.96162097    1.70144732    1.58143712    1.25101063    1.12788113    1.27045451    1.16096167    0.49681741    0.00000000    0.44760713    0.44509250    0.49030131    1.73540712    1.75108058    1.76650052    1.51440261    1.75010245    2.15552439    1.99001159    2.06074299    1.78969574    1.80376097    2.04878661    1.85696845    1.75083370    2.25914278    1.89724340    2.14235679    1.89285027    1.77046181    1.94037503    1.75515032    1.84673094    1.89699710    1.87095249    1.83326305    1.61030748    1.92338229    1.89926364    2.07836606    1.81587842    2.20174502    1.68507671    1.98915524    1.85078963    2.00267829    2.00553602    2.02776371    1.85064047    2.50611706    1.61315725    2.08496972    2.10334387    1.82643443    1.69600093    1.66633324    1.63371696    1.55057430    1.63449512    2.04594108    1.55542674    1.53892990    1.50423091    1.55143938    1.36251610    1.69971605    1.49694608    1.83277464    1.74948898    1.86217582    1.94567775    1.56621944    1.46497167    1.72781320    2.11291398
W0ADU2_9SPHN/11-129     1.98090590    1.60554463    1.53806679    1.04049905    1.10203106    1.15905964    1.21071637    0.50243266    0.44760713    0.00000000    0.36686560    0.49885303    1.61366513    1.87585246    1.86348475    1.59876960    1.91224691    1.82069242    1.99375518    2.13373398    2.03771427    2.01299069    2.04475443    1.82819489    1.72216244    2.46655841    2.07123139    2.08039869    1.92551114    1.51536202    1.87644810    1.71705872    1.82952254    1.94349555    1.90963694    1.83787327    1.57655391    1.80113251    1.66607362    1.86879699    1.77856939    1.95718938    1.63627286    1.83100539    1.76918121    1.98881671    1.91908592    2.10569262    1.87974842    2.25399974    1.89192756    2.02010456    2.15263413    1.68438538    1.58697221    1.43363690    1.51518722    1.26335833    1.54071685    1.83107932    1.56689126    1.41393037    1.27217192    1.35456378    1.28617133    1.34607099    1.23273626    1.59405086    1.68706050    1.76854112    1.76938671    1.56774490    1.45410695    1.68201821    1.95243101
M4RZS7_9SPHN/11-129     1.92902522    1.71233345    1.71697823    1.16178774    1.27614627    1.16618141    1.22920057    0.48091713    0.44509250    0.36686560    0.00000000    0.54067180    1.69688677    1.72230354    1.76345225    1.56388772    1.90013719    2.11471339    2.00877407    1.93879110    1.96703955    1.98751797    2.06093372    1.69433466    1.67884641    2.25784217    1.94194128    2.06181659    1.80649195    1.88756641    2.06541997    1.80677842    1.89137031    1.98577287    2.03697603    1.93617751    1.61638983    1.77565085    1.71245230    2.00218489    1.95169854    1.83367268    1.81695543    1.86339249    1.81428349    2.10857072    2.04061617    1.99847150    1.88712690    2.64586217    1.76747650    1.97873561    1.92064108    1.74523565    1.70001942    1.53747090    1.45926820    1.33649216    1.52088408    2.04510154    1.63142387    1.50060477    1.26672224    1.47968910    1.34151396    1.59499311    1.41233183    1.76941682    1.69932912    1.79332632    1.92815102    1.54508230    1.48906751    1.72453685    1.72024086
D4Z879_SPHJU/11-129     1.97957777    1.77179543    1.69555479    1.04903348    1.19436149    1.23788585    1.12620936    0.40869647    0.49030131    0.49885303    0.54067180    0.00000000    1.57847202    1.77001817    1.72265734    1.62727094    1.52492938    1.85954863    1.80298632    1.78176675    1.84189842    1.80648918    2.22824046    1.91364254    1.98833783    2.00755867    1.79944087    1.93258462    1.80842421    1.73793764    1.93688769    1.85446967    1.75419972    1.82071611    1.79671211    1.85127667    1.64836419    1.84098482    1.81621728    1.93367984    1.77073810    1.89147140    1.81433657    1.97108824    1.58479956    2.03090681    1.99350424    2.01092093    2.00099882    2.52819431    1.74331104    1.96580886    2.03849088    1.83396124    1.89155930    1.52871470    1.63232469    1.55704683    1.62652680    2.05665007    1.62038266    1.58520076    1.52783951    1.61151296    1.46288537    1.97484886    1.68298757    2.10703768    1.85337206    1.86086503    1.99628811    1.59919877    1.51357264    1.74612399    1.88625698
K9U317_CHRTP/6-122     1.54246342    1.35798393    1.55517650    1.54702867    1.73791804    2.22572003    2.20955734    1.51827513    1.73540712    1.61366513    1.69688677    1.57847202    0.00000000    0.43240515    0.49721211    0.44860492    0.96928245    1.50897140    1.51947294    1.36028224    1.68169071    1.48492870    1.27219169    1.31324088    1.22573453    1.32358591    1.28512044    1.36292296    1.16073682    1.15720595    0.90992233    0.96213231    0.89628315    0.93652005    1.00483496    0.88781665    0.91710112    1.15377230    1.07814975    1.08752954    1.18441152    1.26470430    1.14083515    1.11870746    1.11687126    0.97946575    1.37466306    1.78464228    1.60699511    2.10491994    1.65273359    1.74309252    1.49721253    1.49890912    1.62440730    1.50341378    1.59381243    1.27943632    1.37680716    1.60417367    1.48996088    1.27665097    1.07801582    1.27162733    1.27069397    1.56395925    1.26292020    1.55164969    1.49747548    1.78622258    1.63976498    1.43747000    1.44541573    1.42859653    1.54243580
K9RCK1_9CYAN/6-122     1.71475028    1.46936543    1.59803334    1.59779990    1.84952725    1.95387921    2.47069482    1.57044837    1.75108058    1.87585246    1.72230354    1.77001817    0.43240515    0.00000000    0.43000813    0.54611225    0.93314114    1.30996030    1.38061898    1.44206338    1.60890270    1.46008731    1.25472303    1.38254681    1.47279582    1.37592076    1.22144823    1.46836290    1.23168529    1.35368106    1.16736650    1.12782697    1.05076874    1.05658637    1.03959006    0.98951274    1.19038272    1.26588367    1.21248914    1.22756722    1.20517560    1.50901210    1.23802013    1.25684421    1.20160289    1.13739396    1.47730398    1.67729631    1.47004171    1.93069278    1.40690537    1.54558710    1.50030870    1.30004666    1.60345244    1.66058185    1.44784414    1.28024748    1.63444570    1.51957478    1.57186800    1.36996555    1.23439395    1.45529242    1.37285143    1.42208802    1.62108659    1.84923447    1.74579138    2.11287780    1.85591678    1.53886917    1.32112354    1.34172536    1.66478238
K9UCS7_CHAP6/6-122     1.65266448    1.47343149    1.58149560    1.72170374    1.81036258    2.24230229    2.14395281    1.63242908    1.76650052    1.86348475    1.76345225    1.72265734    0.49721211    0.43000813    0.00000000    0.59379136    0.98683237    1.32977267    1.38391388    1.59129163    1.73829785    1.60796990    1.34925899    1.47155172    1.42998519    1.41307959    1.43477629    1.62770148    1.20003399    1.43716731    1.13637390    1.01248063    0.98233401    0.97966717    1.06631350    0.97644903    1.13792509    1.26266064    1.28189685    1.32543665    1.21765953    1.38998967    1.15744694    1.28443033    1.28692944    1.21314613    1.42231123    1.91517251    1.85364518    1.86938697    1.55317932    1.91860167    1.64667280    1.29865244    1.53379868    1.56744320    1.81802820    1.46486847    1.57185262    1.49651880    1.71135138    1.52683401    1.28299589    1.51115900    1.36684059    1.67502262    1.59181928    1.87044855    1.75168873    1.91926759    1.68271583    1.51646972    1.51826529    1.58662524    1.71757221
B0CDH8_ACAM1/11-126     1.54774418    1.55495364    1.42236308    1.47399593    1.72687749    1.99402587    2.17877719    1.35872691    1.51440261    1.59876960    1.56388772    1.62727094    0.44860492    0.54611225    0.59379136    0.00000000    1.06360044    1.40948493    1.44371878    1.56940882    1.67209266    1.62475611    1.45464377    1.48570459    1.40783676    1.60026010    1.39290709    1.54819968    1.27502170    1.25411523    1.09609398    1.03594215    0.96522468    0.94182010    0.99752072    0.89584585    0.93836298    1.27596339    1.15224422    1.19796569    1.19047292    1.18853543    1.16248984    1.25126922    1.20936805    1.09460206    1.36354672    1.91639424    1.66974926    2.12318333    1.40921457    1.54113484    1.46300351    1.50970123    1.57255372    1.50662372    1.66840526    1.26277575    1.45061323    1.51906506    1.54137984    1.33594514    1.12368798    1.28148470    1.42067456    1.56494141    1.51721035    1.79524345    1.57043181    1.88154529    1.64400565    1.64834784    1.48556243    1.25240698    1.59278857
K9XEE9_9CHRO/5-121     1.62053130    1.56796348    1.66207941    1.62319159    1.84781744    2.05055920    2.08799191    1.81273521    1.75010245    1.91224691    1.90013719    1.52492938    0.96928245    0.93314114    0.98683237    1.06360044    0.00000000    0.83130172    0.87028004    0.96578560    1.37888235    1.23573467    1.07151029    1.10257511    1.11261192    1.12750506    1.48790930    1.24210170    1.04843338    1.40229471    1.35358489    1.37145917    1.35534447    1.36873072    1.36778477    1.11168325    1.43856832    1.37053801    1.57100311    1.59090605    1.50273251    1.58230667    1.37241066    1.35146245    1.13624191    1.28782438    1.80533806    1.92877370    1.56773380    1.91613364    1.83258659    1.82873458    1.68302740    1.56824608    1.89501828    1.90327669    1.91667925    1.50611242    1.77557188    2.14367837    1.89249504    1.85448590    1.53261795    1.58268177    1.73337714    2.11239941    1.84039354    2.03778512    2.15002092    2.12709833    1.80671147    1.83007036    1.86390974    1.80978078    1.90725757
K9S8V5_9CYAN/6-119     1.70553018    1.93356445    2.10841509    1.67611445    1.73085905    2.10280290    2.26191535    1.95947934    2.15552439    1.82069242    2.11471339    1.85954863    1.50897140    1.30996030    1.32977267    1.40948493    0.83130172    0.00000000    0.61339823    1.69020099    1.61711860    1.56694623    1.29357288    1.33554943    1.47291959    1.65258976    1.77451203    1.78159805    1.32839014    1.37593084    1.30525853    1.30909289    1.21379640    1.32412683    1.35571299    1.20878445    1.52968594    1.25458337    1.50737980    1.50373937    1.38976720    1.59118646    1.34098666    1.39076697    1.22788669    1.42307058    1.66763073    2.11476361    1.70235431    1.92621765    1.69162181    1.68272812    1.71255484    1.75398870    1.82635433    1.84395813    1.75261393    1.59785054    2.01035837    1.85909586    1.82577394    1.84824580    1.60899828    1.68980771    1.76088184    1.88696528    1.92679814    2.03414554    1.94753475    2.03301706    1.57085794    1.80634841    1.60819372    1.54689956    1.96850275
P72612_SYNY3/29-145     1.68993704    2.06581580    1.94086039    1.96893676    1.95132545    2.01953996    2.01194100    1.94580986    1.99001159    1.99375518    2.00877407    1.80298632    1.51947294    1.38061898    1.38391388    1.44371878    0.87028004    0.61339823    0.00000000    1.66239599    1.34732064    1.37241433    1.19185041    1.39844775    1.44019018    1.24479556    1.63048099    1.52253408    1.20836046    1.53959751    1.57006189    1.53630782    1.37622481    1.49676083    1.50367298    1.46535615    1.67058997    1.43728895    1.61325628    1.73730644    1.58532542    1.69820326    1.50043296    1.41623171    1.32508133    1.45742246    1.72796642    2.39889955    1.94127652    1.93211851    1.94906167    1.68261515    1.53607517    1.68095508    1.88088951    1.50222188    1.70915437    1.64917645    1.84675004    1.71260501    1.76091170    1.52379741    1.50507933    1.78446775    1.79277788    1.90272377    1.94816468    2.02057621    2.08562698    2.06227529    1.69720847    1.76860837    1.73373111    1.58790956    1.76255857
K9Z6N6_CYAAP/6-120     1.90151655    1.88162752    1.94938393    1.86401956    2.26991078    2.38316576    2.26449215    2.14182794    2.06074299    2.13373398    1.93879110    1.78176675    1.36028224    1.44206338    1.59129163    1.56940882    0.96578560    1.69020099    1.66239599    0.00000000    1.17153577    1.05830923    1.31688949    1.21123392    1.21633067    1.51624649    1.47583520    1.63763221    1.25722939    1.78660082    1.90209947    1.85275525    1.77337058    1.74134614    1.74425650    1.74344965    1.84000959    1.98319444    2.07505461    2.00513047    1.92180521    1.63543772    1.84062338    1.97184161    1.47287432    1.96689959    1.89553509    2.11232810    1.98396571    2.07745706    1.97392310    1.97241204    1.86620186    2.26751434    2.07762228    2.37565684    1.90624099    2.16016582    2.00540803    2.19639751    2.23435731    1.99508746    1.97603126    2.18371358    2.03594206    2.09623189    1.98174485    2.34460106    2.49404103    2.18483618    2.05714647    2.15914527    2.45029873    2.02115717    2.32958516
K9U223_CHRTP/6-121     1.54596702    2.02872793    2.12727676    1.77915926    2.13018368    2.20943023    2.11549605    1.86256927    1.78969574    2.03771427    1.96703955    1.84189842    1.68169071    1.60890270    1.73829785    1.67209266    1.37888235    1.61711860    1.34732064    1.17153577    0.00000000    0.24819965    1.18529352    1.53801427    1.53618864    1.57322811    1.46252785    1.45984006    1.14733818    1.51241779    1.39917213    1.50741607    1.63514146    1.65641799    1.54842061    1.37845588    1.68510787    1.64340949    1.70911436    1.82083002    1.67820163    1.73655776    1.49981107    1.62484952    1.47207947    1.51684994    1.87527312    1.99089853    1.78085173    2.27951271    1.60910184    1.72257546    1.82692386    1.82665522    1.93300238    1.71891730    1.87653877    1.64735241    1.92750242    1.92718784    2.12362195    1.78592961    1.86890757    1.99465212    2.08532115    1.92913419    2.02743756    2.33053383    1.99440800    2.27173836    2.10618788    1.87576556    1.95661546    1.63495606    1.99065917
A0ZJK3_NODSP/6-123     1.65878194    1.93346285    2.00553529    1.88546637    2.07742006    2.34249369    2.34172721    1.84323157    1.80376097    2.01299069    1.98751797    1.80648918    1.48492870    1.46008731    1.60796990    1.62475611    1.23573467    1.56694623    1.37241433    1.05830923    0.24819965    0.00000000    1.11800797    1.45530773    1.40075005    1.64783021    1.41505566    1.50000476    1.08501115    1.55401239    1.54799084    1.57181519    1.67519001    1.75215619    1.62914310    1.55603572    1.86165037    1.53882776    1.80661450    1.80239953    1.66463964    1.95399241    1.47427543    1.54810680    1.38345778    1.31984209    1.85730278    2.12065678    1.86855683    2.27064459    1.67239687    1.86669796    1.91533673    1.84879226    1.97832349    1.87502919    1.93503517    1.71936055    1.83988259    1.85183945    2.14795602    1.89528989    1.99629857    1.86313976    2.04247462    1.90237334    1.99198006    2.17677341    1.98446087    2.17820895    1.98837605    1.98927215    2.08505022    1.80302307    2.00424721
K9XC09_9CHRO/6-121     1.62986890    1.59605425    1.67671324    1.87208237    1.82986810    2.01090748    1.93134264    2.11492346    2.04878661    2.04475443    2.06093372    2.22824046    1.27219169    1.25472303    1.34925899    1.45464377    1.07151029    1.29357288    1.19185041    1.31688949    1.18529352    1.11800797    0.00000000    0.83550638    0.69192365    1.05970390    1.01893712    1.08081027    0.70345055    1.32774397    1.23735552    1.26275853    1.23644952    1.24776461    1.28148402    1.13612022    1.30257582    1.30701477    1.57694294    1.54162058    1.45706878    1.54297443    1.36715683    1.51602793    1.24215161    1.17023467    1.75501813    2.26643970    1.93258147    2.22579074    1.83206189    1.64614942    1.80699126    1.59283623    1.81501428    1.73803991    1.80552382    1.54517644    1.79571530    1.64273073    1.74624912    1.74233335    1.63736981    1.85526231    1.77323588    1.73233508    1.59317889    1.88773078    2.06429706    2.03963930    1.72466735    1.81790669    1.94317263    1.66372793    1.97069953
K9WGC4_9CYAN/5-121     1.59769389    1.59640726    1.75630505    1.87033951    1.83637948    2.03200178    2.04700572    1.92010548    1.85696845    1.82819489    1.69433466    1.91364254    1.31324088    1.38254681    1.47155172    1.48570459    1.10257511    1.33554943    1.39844775    1.21123392    1.53801427    1.45530773    0.83550638    0.00000000    0.42110660    0.91144364    0.87586133    0.89790936    0.88057137    1.36865108    1.43929942    1.32005947    1.34365180    1.50050653    1.43054926    1.22976010    1.37632821    1.43066506    1.75026519    1.66288982    1.47239801    1.49781882    1.48431294    1.65098056    1.44264564    1.59621557    1.79175739    2.01334742    1.80300827    2.47404234    2.06347304    1.77040011    1.49357081    1.80050018    2.04554873    1.70789875    1.61417315    1.50975996    1.80620073    1.94712143    1.88665895    1.68636120    1.57954077    1.65351077    1.83039237    1.99150185    1.59373922    1.82518011    2.03413487    2.04303478    1.79090434    1.99563541    1.85905090    1.93331586    1.81534069
K9XEU5_9CHRO/6-121     1.63145897    1.55800625    1.55725145    1.78349301    1.68136614    2.04996095    1.78235613    1.88023267    1.75083370    1.72216244    1.67884641    1.98833783    1.22573453    1.47279582    1.42998519    1.40783676    1.11261192    1.47291959    1.44019018    1.21633067    1.53618864    1.40075005    0.69192365    0.42110660    0.00000000    0.96221620    0.78477684    0.83677370    0.90041696    1.31237397    1.53432523    1.29876647    1.43491703    1.60144661    1.52823316    1.38534709    1.36521179    1.33327504    1.72014837    1.72420691    1.54967275    1.52833411    1.45317459    1.58536961    1.32857593    1.59672170    1.75065955    1.98205960    1.71710543    2.17164707    1.85277165    1.73806156    1.71207731    1.66838216    2.02269023    1.70312519    1.49515159    1.42914330    1.59940070    1.87215530    1.81237525    1.63865834    1.38529923    1.37901358    1.67472868    1.77926861    1.39678401    1.46396099    1.89398594    1.82843654    1.60056554    1.89334280    1.87578480    1.79467960    1.83892459
K9XUC8_STAC7/6-115     1.74974178    2.10369716    2.09963209    2.19468211    2.15277564    2.08596495    2.26631276    2.01977730    2.25914278    2.46655841    2.25784217    2.00755867    1.32358591    1.37592076    1.41307959    1.60026010    1.12750506    1.65258976    1.24479556    1.51624649    1.57322811    1.64783021    1.05970390    0.91144364    0.96221620    0.00000000    1.24086985    1.15450622    1.25708517    1.83621771    1.57740255    1.60964268    1.48554948    1.55912992    1.65606751    1.48039372    1.68123115    1.93532435    1.61766944    1.81232347    1.63719891    1.63804951    1.60847946    1.86033567    1.55087078    1.79995185    1.70602135    2.14663421    1.77708416    2.29719744    2.08585784    1.99084993    1.64200233    1.76117639    2.06736848    1.83511149    1.91342380    2.08598377    1.87217593    1.93998572    2.22590244    1.94169022    1.90035538    2.12597740    1.99550168    2.14119827    1.93910863    2.24624786    2.31243584    2.10978516    1.93319495    1.98184829    2.00141135    1.88929163    1.97785128
Q8YV25_NOSS1/19-135     1.63476052    1.49389363    1.79166717    1.71723761    1.82706259    2.06273873    2.02625372    1.91494832    1.89724340    2.07123139    1.94194128    1.79944087    1.28512044    1.22144823    1.43477629    1.39290709    1.48790930    1.77451203    1.63048099    1.47583520    1.46252785    1.41505566    1.01893712    0.87586133    0.78477684    1.24086985    0.00000000    0.61288648    0.97824943    1.65950172    1.50155670    1.31405629    1.48960402    1.50108491    1.37710897    1.41692381    1.46775470    1.64389546    1.78973043    1.93794120    1.60587608    1.53854377    1.48641418    1.63001158    1.40111236    1.77420998    1.54467747    1.84961595    1.58076724    2.66413667    1.89052954    2.06479974    2.04279971    1.62204421    1.91138023    1.74711990    1.66287396    1.57846530    1.79199769    1.82617990    1.80552779    1.60229592    1.47154565    1.50654217    1.46130468    1.80070592    1.53595450    1.76835423    1.90154994    2.07158828    1.82392862    1.78166865    1.85449020    1.77699114    1.78022095
Q8YTW9_NOSS1/20-137     1.71070863    1.63874349    1.85411619    1.77285326    1.99886695    2.04008304    2.13658497    1.92609158    2.14235679    2.08039869    2.06181659    1.93258462    1.36292296    1.46836290    1.62770148    1.54819968    1.24210170    1.78159805    1.52253408    1.63763221    1.45984006    1.50000476    1.08081027    0.89790936    0.83677370    1.15450622    0.61288648    0.00000000    1.16460851    1.67031765    1.56196719    1.53845395    1.47326007    1.52343010    1.58557167    1.47707211    1.52265116    1.56613386    1.58441857    1.80286701    1.53242596    1.52775630    1.62894623    1.57865756    1.33947872    1.82396110    1.77381959    1.82735719    1.57059598    2.44347881    1.98204184    2.00244093    1.77774818    1.88312689    1.92197164    1.81231453    1.71672945    1.69152496    1.87194124    1.96947896    1.97063657    1.72372948    1.55228297    1.70858463    1.73102546    2.03980992    1.73946241    1.94682547    2.05717770    2.19123225    1.80383367    1.95408972    1.98772189    2.10086460    1.94164904
B8HX75_CYAP4/6-125     1.45445648    1.39759424    1.53447060    1.65488117    1.70984724    1.99442673    1.80298105    1.75582344    1.89285027    1.92551114    1.80649195    1.80842421    1.16073682    1.23168529    1.20003399    1.27502170    1.04843338    1.32839014    1.20836046    1.25722939    1.14733818    1.08501115    0.70345055    0.88057137    0.90041696    1.25708517    0.97824943    1.16460851    0.00000000    1.42593025    1.44896227    1.36827007    1.43175691    1.45127570    1.50177884    1.20018114    1.40886019    1.41158934    1.72484852    1.60734486    1.63054934    1.44293671    1.34967804    1.35349649    1.31947298    1.53212789    1.50343484    2.13280046    1.86568190    2.17040127    1.90167889    1.76424345    1.69059113    1.40155209    1.79684624    1.62734088    1.52967262    1.58041246    1.59345026    1.53193756    1.85193637    1.55489488    1.34593322    1.46648804    1.66946779    1.73729752    1.66124798    1.84469690    1.82202682    1.90057264    1.68313848    1.61334752    1.64301507    1.62038982    1.71898067
K9UB78_CHAP6/6-126     1.59480494    1.65207112    1.88039291    1.63188565    1.80720235    1.85188136    1.85698601    1.69542808    1.77046181    1.51536202    1.88756641    1.73793764    1.15720595    1.35368106    1.43716731    1.25411523    1.40229471    1.37593084    1.53959751    1.78660082    1.51241779    1.55401239    1.32774397    1.36865108    1.31237397    1.83621771    1.65950172    1.67031765    1.42593025    0.00000000    0.97083470    1.08188845    1.10698030    1.13268355    1.07116563    0.95449697    1.12488322    1.24739331    1.36618224    1.23422569    1.14823812    1.21571928    1.10302285    1.37228054    1.27690127    0.99709396    1.55154144    1.95434660    1.73398105    1.86649498    1.84552227    1.62727482    1.59413920    1.72930104    2.11958311    1.74836661    1.68223569    1.37700711    1.48917572    1.60936920    1.70354331    1.31140668    1.42558636    1.39583022    1.46877249    1.50752336    1.38819343    1.51265086    1.64381605    1.91280948    1.53194770    1.70053399    1.52845058    1.58076812    1.96981513
K9PMA5_9CYAN/8-124     1.54807514    1.49012572    1.59305164    1.77492205    1.98048007    2.15826105    2.03025471    1.98575738    1.94037503    1.87644810    2.06541997    1.93688769    0.90992233    1.16736650    1.13637390    1.09609398    1.35358489    1.30525853    1.57006189    1.90209947    1.39917213    1.54799084    1.23735552    1.43929942    1.53432523    1.57740255    1.50155670    1.56196719    1.44896227    0.97083470    0.00000000    0.33345252    0.34019262    0.44945763    0.46995807    0.29762010    0.62623355    0.53283668    0.63049064    0.59812961    0.64431838    0.93236617    0.59864734    0.85194779    0.64741946    0.61158033    1.55262645    1.98375664    1.62777981    2.15629214    1.56371687    1.58190389    1.53736336    1.64977377    1.85397077    1.44539008    1.46568386    1.16342929    1.57480414    1.63640724    1.57718323    1.49885600    1.29880431    1.59293640    1.39561361    1.63797989    1.47300218    1.74128786    1.70767790    1.88459334    1.63289334    1.55203356    1.44658595    1.57105325    1.68625686
Q8YQ13_NOSS1/8-124     1.30795397    1.34368541    1.49564741    1.69101336    1.96225543    2.22147071    1.84036225    1.80862878    1.75515032    1.71705872    1.80677842    1.85446967    0.96213231    1.12782697    1.01248063    1.03594215    1.37145917    1.30909289    1.53630782    1.85275525    1.50741607    1.57181519    1.26275853    1.32005947    1.29876647    1.60964268    1.31405629    1.53845395    1.36827007    1.08188845    0.33345252    0.00000000    0.26226311    0.45262373    0.45760703    0.32187148    0.54846692    0.63392377    0.68976547    0.67826724    0.68867237    0.97829228    0.50817056    0.85845677    0.79736396    0.62734127    1.50671130    1.91750499    1.48912804    2.12051391    1.48649049    1.55770901    1.50003976    1.35575299    1.77225399    1.28334494    1.34399953    1.10562723    1.38862183    1.48409909    1.55788158    1.47466767    1.28121913    1.49568664    1.26210276    1.69398777    1.37952726    1.67379532    1.43503196    1.61273612    1.36901268    1.40538172    1.39499234    1.45843381    1.36939685
Q8YW35_NOSS1/14-129     1.44878752    1.58749405    1.47036720    1.65958491    1.90469003    2.22385649    2.01036830    1.74686110    1.84673094    1.82952254    1.89137031    1.75419972    0.89628315    1.05076874    0.98233401    0.96522468    1.35534447    1.21379640    1.37622481    1.77337058    1.63514146    1.67519001    1.23644952    1.34365180    1.43491703    1.48554948    1.48960402    1.47326007    1.43175691    1.10698030    0.34019262    0.26226311    0.00000000    0.25475187    0.27827011    0.34125232    0.47078044    0.63608372    0.58607662    0.55450399    0.57760718    0.94593499    0.49631394    0.92848224    0.64092095    0.58021145    1.43903868    1.88569437    1.61108870    2.06840427    1.61509519    1.59387479    1.53712592    1.43576900    1.71265712    1.35174905    1.35072784    1.11520820    1.43989623    1.40581880    1.54946973    1.37522321    1.37099393    1.43475661    1.37080784    1.57634839    1.42029853    1.68055374    1.53444181    1.46377291    1.34046640    1.41695734    1.38970328    1.44392677    1.50515812
D7E4H8_NOSA0/22-138     1.65789354    1.73738091    1.52825959    1.67835744    1.89680861    2.04086625    1.94772799    1.85226637    1.89699710    1.94349555    1.98577287    1.82071611    0.93652005    1.05658637    0.97966717    0.94182010    1.36873072    1.32412683    1.49676083    1.74134614    1.65641799    1.75215619    1.24776461    1.50050653    1.60144661    1.55912992    1.50108491    1.52343010    1.45127570    1.13268355    0.44945763    0.45262373    0.25475187    0.00000000    0.33381866    0.43678401    0.57427555    0.64929552    0.55836092    0.61654484    0.62279129    0.84249636    0.57026859    0.97036336    0.73650752    0.54759880    1.41921756    1.92897893    1.70775193    2.01012533    1.80810228    1.66955948    1.61599846    1.52576174    1.67498443    1.43045392    1.38799974    1.15413369    1.42805909    1.55172579    1.58389594    1.34904162    1.24510374    1.57813290    1.46949190    1.54777760    1.47305199    1.69705641    1.58971279    1.68110542    1.45695821    1.50037485    1.46329126    1.36656519    1.64675680
K9X0A9_9NOST/18-134     1.50277934    1.49339036    1.42892844    1.57138473    1.81650028    2.08047608    1.95635760    1.78226834    1.87095249    1.90963694    2.03697603    1.79671211    1.00483496    1.03959006    1.06631350    0.99752072    1.36778477    1.35571299    1.50367298    1.74425650    1.54842061    1.62914310    1.28148402    1.43054926    1.52823316    1.65606751    1.37710897    1.58557167    1.50177884    1.07116563    0.46995807    0.45760703    0.27827011    0.33381866    0.00000000    0.42994059    0.69744642    0.70896363    0.68778225    0.69664350    0.63582693    0.98944617    0.66358752    0.94087628    0.74484088    0.65060667    1.53158966    1.99273873    1.69353741    2.02386642    1.62032610    1.62312042    1.66726039    1.41226768    1.72752751    1.45514506    1.40377146    1.18918375    1.59811950    1.70792733    1.56507117    1.39407526    1.29694895    1.46936459    1.42838983    1.54738623    1.50410913    1.67402009    1.76506733    1.80932426    1.60335927    1.68545340    1.56889240    1.41229177    1.69826245
K9WF67_9CYAN/8-123     1.37579864    1.30619488    1.34721429    1.52742745    1.70515918    2.08172746    1.83780984    1.81964906    1.83326305    1.83787327    1.93617751    1.85127667    0.88781665    0.98951274    0.97644903    0.89584585    1.11168325    1.20878445    1.46535615    1.74344965    1.37845588    1.55603572    1.13612022    1.22976010    1.38534709    1.48039372    1.41692381    1.47707211    1.20018114    0.95449697    0.29762010    0.32187148    0.34125232    0.43678401    0.42994059    0.00000000    0.48914500    0.58699455    0.64569949    0.63665775    0.60114694    0.81260301    0.49752842    0.90531503    0.64754140    0.56618070    1.34276133    1.78673272    1.50889402    2.02406617    1.45200546    1.44851660    1.39962932    1.56996336    1.87975539    1.47057942    1.46844720    1.03337228    1.47021869    1.49827119    1.59855057    1.41463046    1.20242741    1.47035582    1.38899623    1.66077190    1.47509023    1.71655091    1.63099597    1.92845073    1.57808700    1.51159946    1.39794475    1.34372118    1.47180196
K9U2Z3_CHRTP/7-123     1.45373649    1.42367452    1.41729119    1.53592687    1.74181928    1.95097940    1.64640942    1.77353708    1.61030748    1.57655391    1.61638983    1.64836419    0.91710112    1.19038272    1.13792509    0.93836298    1.43856832    1.52968594    1.67058997    1.84000959    1.68510787    1.86165037    1.30257582    1.37632821    1.36521179    1.68123115    1.46775470    1.52265116    1.40886019    1.12488322    0.62623355    0.54846692    0.47078044    0.57427555    0.69744642    0.48914500    0.00000000    0.76167095    0.69947294    0.64461154    0.74162043    0.79835977    0.56726321    0.88318386    0.83895818    0.66663302    1.55659799    2.04431995    1.83395302    2.31832943    1.47092260    1.57806633    1.49080044    1.61019279    1.59365896    1.29032566    1.47295734    1.06598880    1.32358238    1.46956096    1.41850384    1.25928966    1.17246619    1.60493140    1.28803779    1.54797049    1.33699272    1.59919955    1.39631162    1.54795484    1.37540693    1.41499339    1.59180621    1.47186368    1.45230458
