96
B8LXF7_TALSN/585-793     0.00000000    0.33262165    0.35268013    0.31741026    0.27958295    0.31424914    0.43474857    0.42564175    0.43288401    0.44372251    0.38594027    0.40649090    0.41482222    0.43562398    0.53908786    0.44166316    0.50806194    0.45235172    0.41226068    0.52536709    0.55245843    0.55942153    0.72720312    0.71879294    0.75318561    0.72060767    0.73026813    0.65486343    0.74198726    0.69697997    0.81333069    0.70419148    0.73524228    0.77854621    0.75812680    0.66648137    0.65677985    0.67117441    0.71212091    0.70599036    0.61339608    1.16013184    1.26532120    1.16706477    1.08213255    1.14239809    1.16291985    1.17433364    1.07594337    1.13292781    1.18973682    1.25026320    1.29989214    1.28385914    1.28763762    1.20941254    1.18869250    1.32181566    1.30270074    1.23959023    1.20427397    1.20865096    1.46275903    1.28064147    1.47465993    1.53631700    1.12284874    0.94409970    0.99946224    0.94475160    0.89806666    0.89466614    0.85493435    0.91929546    0.91535162    0.82361560    0.79765457    0.78621121    0.89848842    0.89776091    0.92497890    0.98621024    0.94414662    0.80015812    0.80295838    0.85366802    0.82318347    0.80531223    0.71178116    0.70682977    0.75324373    0.50651124    0.54876504    0.46908301    0.59317497    0.52307372
E4V0Q0_ARTGP/590-808     0.33262165    0.00000000    0.42017421    0.35980943    0.29277835    0.32877513    0.43030213    0.44286092    0.50082895    0.53080003    0.48343827    0.58243867    0.50414328    0.54276663    0.59231624    0.52322057    0.53414824    0.47175020    0.46904813    0.61449549    0.65959151    0.67960723    0.83128245    0.74186565    0.78345589    0.74785016    0.74429063    0.70377859    0.83012073    0.75746216    0.87787905    0.82188615    0.76940369    0.75168181    0.78872096    0.73138527    0.70263092    0.73207056    0.72956327    0.79593764    0.66947456    1.18559755    1.29528524    1.34915662    1.17244415    1.15052006    1.26700445    1.21317850    1.11898762    1.34584304    1.37587860    1.34749248    1.42577437    1.44638350    1.39728338    1.38800324    1.38348696    1.38727240    1.35685870    1.37830801    1.32037237    1.28426123    1.39982381    1.29216678    1.49284056    1.55992004    1.36619293    1.12604646    1.09553855    1.03475615    1.07676531    0.99391555    1.02201710    1.03420589    1.00773253    0.91774121    0.89684479    0.95429007    0.94157189    0.98505368    0.99729768    1.14203966    1.02182759    0.96309001    0.93116031    0.96909244    0.86735819    0.95500507    0.76294614    0.89391422    0.83690410    0.59576413    0.61671934    0.56783703    0.63765884    0.57609959
B6HKE8_PENRW/600-833     0.35268013    0.42017421    0.00000000    0.35504308    0.32570000    0.35271440    0.48931415    0.54739186    0.57061545    0.57125579    0.51950249    0.57890585    0.60100730    0.57401020    0.64216782    0.63019953    0.62852490    0.55715956    0.55616633    0.64225037    0.69115343    0.69009015    0.78989576    0.77138825    0.80358929    0.77476561    0.75872966    0.74346904    0.80910498    0.77141358    0.88665040    0.79135899    0.80464560    0.83345715    0.83251516    0.75599137    0.77458646    0.78085180    0.78036706    0.81101327    0.69750128    1.17012512    1.28749927    1.33210659    1.23617837    1.20924037    1.30937213    1.33566429    1.26023985    1.39008450    1.27936317    1.41552507    1.42354984    1.42083244    1.45125524    1.36874452    1.32100173    1.48306533    1.29146755    1.34084270    1.37065866    1.30330178    1.47765501    1.47714655    1.61392799    1.64772998    1.35713811    1.13661409    1.16891043    1.17905659    0.96094956    0.97589201    0.98588121    0.97504284    0.96504143    0.94492045    0.92021309    0.87567254    0.94211199    0.99543778    0.98360205    1.18302481    1.00008787    0.87789313    0.98121927    1.00272989    0.89729142    1.02811254    0.75709600    0.74935739    0.78665621    0.78924061    0.67757142    0.60396389    0.70339921    0.64450830
C0NFP7_AJECG/547-774     0.31741026    0.35980943    0.35504308    0.00000000    0.31348257    0.31788928    0.44557310    0.51113626    0.51856026    0.51836841    0.46576415    0.53122834    0.47437582    0.45896220    0.61161955    0.56388032    0.56604770    0.53763126    0.50354864    0.69788536    0.70014824    0.73511142    0.84262346    0.77121821    0.80981228    0.79422725    0.76563785    0.75621900    0.80837063    0.76532006    0.91176129    0.84304064    0.78433074    0.81711105    0.77378694    0.75368559    0.72966335    0.76251274    0.73701476    0.79197762    0.69026836    1.31670294    1.46190286    1.35665194    1.32893913    1.37397617    1.39868589    1.37508398    1.32509433    1.38179381    1.41808414    1.48633150    1.48831113    1.57016952    1.49362294    1.37644110    1.40141018    1.42199708    1.42348110    1.44977449    1.39248862    1.40565694    1.53657259    1.54188204    1.66150693    1.70223700    1.50523916    1.20093381    1.24780338    1.19071899    0.99886229    1.00724286    1.00186317    1.00579073    0.98800888    0.96026571    0.94041439    0.90114230    0.93720309    0.96224059    1.04179498    1.17289172    0.97212412    0.93584669    1.00234081    1.03863767    0.80628618    1.06336348    0.81872578    0.77211842    0.81905152    0.67049050    0.63528706    0.59579518    0.69323368    0.59379651
C4JRH1_UNCRE/557-765     0.27958295    0.29277835    0.32570000    0.31348257    0.00000000    0.21531416    0.34905859    0.39984070    0.45320752    0.50572787    0.44207503    0.52586467    0.49516043    0.52103316    0.58684633    0.50569935    0.52867282    0.52222163    0.48033637    0.57249230    0.60062935    0.59109781    0.76854421    0.71907556    0.75978308    0.71714502    0.67724419    0.69622840    0.77135344    0.74963358    0.80818154    0.73290247    0.79265801    0.79329622    0.80079705    0.70418332    0.70294101    0.70174064    0.73260463    0.72497561    0.66519682    1.26340322    1.31529821    1.26291636    1.24331556    1.19657368    1.18598687    1.25343397    1.17510936    1.33085464    1.23143865    1.25898346    1.39663388    1.45184216    1.34114167    1.31265130    1.27425117    1.43902663    1.47393976    1.41591522    1.38233690    1.33908315    1.50242909    1.37313777    1.45119774    1.52964515    1.27480643    1.14312143    1.17471643    1.15775690    0.98398840    1.00087107    0.98918664    0.97076714    0.99092570    0.90060995    0.89102448    0.91345540    0.87152752    0.95206607    1.01764737    1.20378292    0.92830655    0.83858124    0.95002359    0.98086526    0.86267230    0.96184162    0.72917352    0.74560606    0.77379510    0.61853512    0.61378074    0.55053305    0.67737595    0.60363236
E9D2H8_COCPS/498-708     0.31424914    0.32877513    0.35271440    0.31788928    0.21531416    0.00000000    0.44207177    0.43825806    0.45365452    0.50815582    0.46705095    0.52044209    0.47576807    0.50400033    0.53203311    0.52285101    0.57050932    0.51159719    0.49109655    0.59345752    0.58561347    0.58965485    0.75788953    0.74891452    0.74529013    0.70961148    0.70241546    0.69173048    0.82008090    0.67452568    0.77893006    0.71019539    0.73020682    0.73915376    0.76960366    0.67088223    0.65872443    0.70283463    0.71311116    0.68936796    0.66947259    1.24258845    1.32159190    1.22119212    1.17199367    1.21743999    1.22764539    1.28466914    1.19953171    1.21799408    1.23636315    1.32268069    1.36708004    1.47319029    1.35957645    1.28726165    1.26273226    1.31215858    1.30353119    1.30497328    1.23278091    1.19266426    1.44359823    1.32055891    1.37958646    1.51454833    1.28142899    1.05107201    1.08428386    1.05763354    0.96193817    0.99846165    0.98238282    0.97444323    0.97427026    0.93412550    0.89077949    0.89663513    0.92060793    0.93813672    1.04228543    1.16314870    0.92522719    0.82979851    0.93669483    0.95383560    0.83835805    0.97135741    0.74041984    0.69763381    0.74324402    0.64492018    0.59382778    0.58138888    0.61634540    0.58062126
Q0UCU2_PHANO/623-833     0.43474857    0.43030213    0.48931415    0.44557310    0.34905859    0.44207177    0.00000000    0.24701118    0.38859813    0.37895543    0.35606791    0.51964311    0.45075619    0.45327481    0.55724682    0.46219806    0.53529337    0.47144421    0.46700733    0.50700018    0.49135670    0.47303612    0.72750895    0.71996105    0.77929553    0.67375381    0.70630543    0.66221152    0.70785999    0.70325709    0.84472905    0.73504913    0.71132760    0.70308851    0.73948295    0.68286159    0.65592572    0.61946605    0.64326339    0.64295000    0.66029612    1.12281431    1.28389585    1.25558696    1.17349854    1.18918050    1.19888724    1.28622806    1.15093911    1.34379243    1.20230647    1.29983875    1.41415110    1.42531431    1.35455733    1.26252465    1.26787313    1.46440791    1.35335343    1.36729444    1.26421835    1.33686339    1.37281982    1.45228354    1.43436716    1.48143640    1.15880746    1.01267113    1.00922627    1.01919055    0.90687072    0.80729829    0.86846722    0.87700396    0.81484353    0.77960277    0.79018702    0.83551363    0.86958072    0.81930085    0.87599856    1.04206398    0.97648305    0.85942905    0.93749723    0.98962921    0.84751643    0.90221725    0.71745551    0.70582889    0.71658386    0.61989049    0.55983932    0.54747880    0.61213509    0.52423976
R7YQB6_CONA1/622-832     0.42564175    0.44286092    0.54739186    0.51113626    0.39984070    0.43825806    0.24701118    0.00000000    0.41187440    0.38017436    0.33325857    0.45318091    0.37210617    0.40943261    0.54906124    0.48229970    0.58068185    0.46680881    0.42015831    0.50947096    0.50365863    0.49297784    0.71217514    0.71543074    0.71396838    0.70032265    0.73197297    0.72021185    0.73141016    0.71520960    0.85215377    0.73470134    0.69536607    0.74221876    0.75489817    0.66788106    0.63127302    0.63861899    0.68103886    0.65247022    0.67594670    1.20261058    1.23860746    1.35557294    1.19365722    1.19055421    1.21510653    1.21162197    1.08159181    1.38628443    1.29765098    1.39910625    1.47737004    1.51081590    1.38840542    1.37211397    1.37288589    1.46314474    1.39960080    1.41234018    1.35029364    1.36210313    1.52668878    1.43607089    1.61644335    1.66597451    1.26362845    1.06411209    1.11845106    1.08987128    0.92705330    0.84119911    0.86440300    0.91504391    0.85135805    0.79869993    0.79812701    0.87775248    0.86049884    0.82721303    0.92557563    1.07563754    1.01207954    0.87565093    0.91477607    0.93048004    0.82832145    0.79162482    0.76837087    0.77651196    0.90482528    0.60682013    0.51995913    0.51063758    0.58760226    0.49445878
D5GAW6_TUBMM/41-252     0.43288401    0.50082895    0.57061545    0.51856026    0.45320752    0.45365452    0.38859813    0.41187440    0.00000000    0.36161160    0.35183454    0.49893581    0.46935800    0.46869882    0.58127204    0.51637231    0.52692546    0.50982561    0.49225887    0.60228914    0.57289990    0.58122146    0.80088652    0.73752891    0.84450048    0.71864632    0.80672811    0.74881270    0.73686760    0.75913096    0.83261111    0.72540201    0.79903397    0.73965518    0.79178349    0.77353406    0.72110032    0.68981215    0.72324377    0.72546691    0.63935685    1.20670198    1.30238816    1.27173072    1.27088819    1.25173989    1.20164740    1.29696187    1.21316492    1.32527058    1.31481774    1.40470893    1.49311768    1.53051190    1.44479116    1.46284759    1.44885945    1.44788664    1.35912675    1.40020574    1.28021563    1.29501942    1.46768577    1.36342984    1.47367027    1.76284063    1.28114886    1.10022061    1.11678064    1.11116188    0.85277347    0.85793751    0.83373494    0.90663847    0.88126073    0.81499000    0.82122809    0.86443281    0.81897439    0.85671225    0.88448436    1.00990918    0.88379217    0.81257419    0.87234876    0.90654946    0.85032204    0.84260510    0.74829340    0.71660977    0.73248630    0.59291420    0.62767696    0.53310523    0.55663259    0.48653352
L8GCT5_PSED2/624-836     0.44372251    0.53080003    0.57125579    0.51836841    0.50572787    0.50815582    0.37895543    0.38017436    0.36161160    0.00000000    0.25578021    0.51305381    0.47683011    0.46048985    0.54142852    0.47051813    0.53965041    0.46620763    0.40357820    0.64935589    0.62814057    0.62464000    0.77298574    0.76886475    0.81096584    0.72578331    0.80718895    0.76031272    0.76329550    0.69824643    0.89396394    0.72414947    0.73926650    0.79001000    0.78303959    0.76266745    0.74306527    0.70003028    0.68396127    0.70207013    0.68484548    1.24275941    1.17912116    1.38226233    1.17679778    1.17673073    1.15837551    1.23654635    1.11747886    1.40724673    1.27880889    1.29500522    1.44585405    1.47093055    1.43328084    1.37330907    1.41422986    1.50802823    1.37832736    1.44751115    1.36272949    1.41625726    1.62312681    1.48119735    1.62770116    1.51520798    1.30895480    1.23176721    1.19022886    1.13785618    0.91647141    0.82833801    0.93181332    0.88527001    0.86230564    0.84657022    0.83120329    0.84463950    0.86872003    0.89287034    0.93033231    1.07046302    1.06736435    0.96176985    0.89782960    0.93083272    0.86231531    0.92451548    0.74116100    0.74579911    0.79331833    0.51313296    0.52968071    0.46372389    0.56698524    0.47125679
K1XGQ5_MARBU/613-824     0.38594027    0.48343827    0.51950249    0.46576415    0.44207503    0.46705095    0.35606791    0.33325857    0.35183454    0.25578021    0.00000000    0.46481114    0.41222708    0.41602725    0.58770979    0.46533037    0.49532311    0.45334868    0.41037332    0.57989945    0.56771512    0.60681135    0.80080014    0.78225635    0.84673507    0.76008738    0.81073963    0.79179136    0.81558986    0.81097072    0.91072397    0.74486589    0.78917099    0.77091180    0.80890678    0.76034972    0.76886515    0.69422626    0.74464566    0.75575990    0.74670634    1.20786092    1.24671461    1.33167580    1.19990025    1.17311933    1.21243258    1.25217378    1.13590530    1.36794077    1.27664017    1.37828057    1.39245155    1.47729825    1.42009922    1.38394195    1.41898756    1.43885442    1.30392640    1.38400515    1.30197862    1.32514756    1.51865385    1.45667634    1.56068866    1.62877834    1.31600217    1.16913326    1.11728067    1.13760554    0.89619341    0.86275246    0.85191693    0.88389783    0.88756626    0.77429705    0.78883782    0.81386623    0.85683200    0.87635752    0.90558774    0.97594639    0.94484672    0.78870928    0.90343309    0.91182822    0.82076015    0.82065602    0.78903149    0.79429441    0.82777629    0.60353708    0.51557841    0.46759510    0.59505568    0.49428650
M7T740_EUTLA/130-345     0.40649090    0.58243867    0.57890585    0.53122834    0.52586467    0.52044209    0.51964311    0.45318091    0.49893581    0.51305381    0.46481114    0.00000000    0.30601790    0.30836798    0.42369477    0.35348391    0.44733103    0.31606723    0.35191549    0.63012841    0.63669736    0.66710481    0.81061401    0.69107926    0.72330263    0.65581417    0.74814674    0.75806003    0.74853208    0.67643846    0.83061772    0.75653567    0.77970493    0.78697773    0.76348458    0.76912423    0.66437306    0.72239337    0.69520705    0.72862987    0.65706691    1.24419150    1.33729017    1.42953621    1.27168376    1.36060920    1.23935279    1.29145619    1.24964248    1.33324554    1.27100214    1.37583525    1.48171821    1.55543205    1.44589035    1.42378466    1.35727102    1.43317915    1.42677905    1.36571547    1.27399727    1.36690524    1.64726798    1.48869590    1.60058806    1.64358434    1.31578161    1.04639211    1.19283058    1.10647673    0.90340848    0.89555535    0.83435315    0.94453423    0.90528577    0.82631110    0.80435085    0.83277049    0.84799621    0.86641505    0.95549884    1.06023214    0.96777821    0.85539817    0.87337055    0.92108070    0.79554185    0.78689785    0.79811291    0.66328726    0.78087678    0.50518738    0.50863690    0.42413130    0.49841138    0.39782138
H1V868_COLHI/638-848     0.41482222    0.50414328    0.60100730    0.47437582    0.49516043    0.47576807    0.45075619    0.37210617    0.46935800    0.47683011    0.41222708    0.30601790    0.00000000    0.12445214    0.32332728    0.36677956    0.42074855    0.31607030    0.34053833    0.59460501    0.58140278    0.63822110    0.76120651    0.67384141    0.64279242    0.66600767    0.66324118    0.69942334    0.65246066    0.65246869    0.78555405    0.66717064    0.68173684    0.70194891    0.66273153    0.65330634    0.58652494    0.62692286    0.60450972    0.60249578    0.60203835    1.18067263    1.25075800    1.28263418    1.15128907    1.17638324    1.13459289    1.17491724    1.04250206    1.24209984    1.20836670    1.24976173    1.33882651    1.41849933    1.30360865    1.26460090    1.24014237    1.37641884    1.27749251    1.27048280    1.21463160    1.27712400    1.52150451    1.39867951    1.56652757    1.46998856    1.23455100    1.00852450    1.01263156    0.98004650    0.90686822    0.85464946    0.84112111    0.88467026    0.84096677    0.76463210    0.70423347    0.76167071    0.83334049    0.81180822    0.93951745    0.99728151    0.95679186    0.85505042    0.89388561    0.88426744    0.78327198    0.79531258    0.75720496    0.59398446    0.71505365    0.53827470    0.42038497    0.39882972    0.44586616    0.35339687
T0L3B8_COLGC/641-851     0.43562398    0.54276663    0.57401020    0.45896220    0.52103316    0.50400033    0.45327481    0.40943261    0.46869882    0.46048985    0.41602725    0.30836798    0.12445214    0.00000000    0.27313161    0.34967433    0.40589512    0.28752708    0.29277279    0.59293844    0.62987185    0.66141247    0.77200985    0.70704412    0.71967224    0.66688533    0.66575946    0.73288582    0.69811150    0.66553730    0.82156565    0.72325278    0.69270482    0.71320508    0.70048579    0.69792892    0.62336282    0.63713506    0.63858484    0.62272699    0.59320355    1.24900802    1.31761121    1.28804597    1.20964461    1.24817260    1.17137532    1.20520746    1.08597631    1.28677175    1.25884273    1.34505041    1.42547254    1.46175930    1.38259963    1.36018053    1.31626077    1.36527152    1.25256232    1.25593085    1.22132324    1.28189989    1.52712247    1.38911959    1.56988986    1.55834182    1.23212424    0.98191192    1.01646822    1.00058608    0.88083121    0.80694345    0.84231327    0.89104150    0.84169891    0.79148194    0.76019725    0.76440126    0.82184050    0.79206888    0.88127507    0.94246721    0.88593345    0.81279980    0.87536176    0.88590679    0.81917933    0.81715761    0.76669856    0.62535542    0.75094450    0.47586462    0.42197989    0.37297075    0.42081753    0.32144039
G2WUF9_VERDV/659-874     0.53908786    0.59231624    0.64216782    0.61161955    0.58684633    0.53203311    0.55724682    0.54906124    0.58127204    0.54142852    0.58770979    0.42369477    0.32332728    0.27313161    0.00000000    0.45298696    0.48186158    0.40763183    0.44226454    0.72535706    0.71783605    0.76784289    0.84050121    0.85056302    0.84868079    0.79580565    0.79764559    0.86026051    0.85113484    0.73832167    0.87908665    0.80627548    0.78942176    0.81426715    0.73143677    0.78274410    0.67571688    0.74439359    0.74879059    0.74827004    0.72218464    1.42618066    1.41245906    1.34179322    1.18547879    1.24286276    1.20948180    1.26730047    1.22278660    1.34775908    1.31549939    1.27539731    1.33424388    1.48180805    1.24867923    1.47014730    1.40258673    1.35563210    1.31007997    1.40086729    1.38060336    1.39412324    1.71552580    1.57212846    1.68751308    1.71684796    1.34498099    1.10217295    1.09821127    1.03583090    0.90894827    0.88642310    0.92557168    0.89840757    0.90391069    0.86057867    0.81434681    0.84943859    0.88206496    0.88836689    0.97629145    0.97462190    0.89627852    0.87810289    0.96182342    0.98745895    0.80480308    0.87393977    0.87121798    0.74714244    0.80047724    0.57241347    0.52667600    0.54191823    0.56327648    0.45739490
N1RKQ7_FUSC4/623-833     0.44166316    0.52322057    0.63019953    0.56388032    0.50569935    0.52285101    0.46219806    0.48229970    0.51637231    0.47051813    0.46533037    0.35348391    0.36677956    0.34967433    0.45298696    0.00000000    0.37472259    0.28667354    0.36290338    0.62734567    0.62310161    0.67995800    0.71262244    0.69925502    0.71509583    0.68970756    0.68195238    0.68946578    0.72798501    0.66562824    0.82297725    0.73679052    0.68275400    0.70102708    0.67996861    0.67558045    0.66102643    0.68487478    0.65890800    0.65657348    0.62247803    1.19884520    1.22393260    1.25358469    1.21168818    1.24361507    1.14601713    1.18613465    1.05482036    1.21412484    1.15619316    1.27688335    1.34293965    1.41222763    1.27563670    1.22287596    1.22652139    1.31809358    1.28155754    1.22438090    1.22300925    1.30136947    1.48774332    1.34827196    1.61445231    1.50972571    1.26578232    1.00009621    1.03154446    1.05302095    0.85060108    0.81471900    0.88258555    0.89643495    0.88201559    0.87354659    0.80325738    0.80847045    0.84020570    0.83795664    0.93842801    0.92994305    0.92331372    0.80364846    0.78456457    0.81959736    0.78107935    0.85880028    0.77475445    0.68300207    0.71585492    0.46897274    0.46467996    0.43546179    0.48860291    0.38532875
G3JD78_CORMM/605-824     0.50806194    0.53414824    0.62852490    0.56604770    0.52867282    0.57050932    0.53529337    0.58068185    0.52692546    0.53965041    0.49532311    0.44733103    0.42074855    0.40589512    0.48186158    0.37472259    0.00000000    0.29582414    0.39600289    0.70546795    0.69726581    0.75970386    0.89703004    0.85850157    0.84030516    0.87332504    0.81405626    0.83361802    0.90970200    0.83876834    0.91344854    0.85396773    0.85271533    0.84371877    0.88093013    0.84537238    0.78329196    0.78567068    0.78431713    0.81528439    0.78282770    1.32469798    1.37971410    1.36078600    1.35319343    1.34164088    1.32600710    1.31069109    1.19441988    1.39471322    1.26662292    1.40325047    1.41879571    1.52039258    1.36871283    1.49026633    1.43932155    1.45100060    1.44155673    1.42052897    1.40045542    1.46255987    1.49379802    1.43184193    1.59037767    1.72082839    1.41174477    1.18005264    1.28966365    1.22606303    0.92582793    0.99186789    1.00599717    0.99273611    1.00689525    0.92251922    0.94266790    0.95554543    0.86254362    0.89284344    1.01490748    1.03957935    0.95939174    0.89867029    0.92466585    0.96470984    0.90067944    0.97751914    0.77179167    0.76055497    0.77800715    0.58153699    0.52181089    0.49326894    0.52301410    0.44675816
G9MEL9_HYPVG/609-820     0.45235172    0.47175020    0.55715956    0.53763126    0.52222163    0.51159719    0.47144421    0.46680881    0.50982561    0.46620763    0.45334868    0.31606723    0.31607030    0.28752708    0.40763183    0.28667354    0.29582414    0.00000000    0.34155301    0.59507500    0.58279607    0.65624991    0.75157374    0.74039773    0.71342617    0.70018900    0.72338146    0.72449235    0.73134211    0.73584942    0.83042184    0.70693395    0.70479636    0.76730303    0.76547468    0.77146692    0.66241303    0.69187117    0.65535683    0.69112688    0.65367225    1.20113606    1.27468633    1.41952490    1.21408692    1.23605984    1.22120138    1.28345236    1.16950684    1.33796142    1.25261566    1.37497190    1.44092368    1.48681767    1.40870074    1.38509688    1.30781342    1.41614930    1.38859610    1.41299636    1.32152723    1.38427537    1.48450730    1.39072521    1.68523423    1.67332385    1.27955062    1.00073174    1.10466865    1.06979908    0.91255657    0.85431038    0.92247820    0.93430537    0.86243343    0.83128061    0.81949217    0.82028278    0.83406280    0.84125373    0.94712900    0.97261701    0.93050537    0.81341922    0.88857985    0.91010366    0.86660271    0.87266736    0.73590065    0.67486288    0.75107634    0.46772957    0.43067733    0.39494805    0.40729656    0.33307512
J3NGR6_GAET3/635-846     0.41226068    0.46904813    0.55616633    0.50354864    0.48033637    0.49109655    0.46700733    0.42015831    0.49225887    0.40357820    0.41037332    0.35191549    0.34053833    0.29277279    0.44226454    0.36290338    0.39600289    0.34155301    0.00000000    0.59436205    0.62626720    0.65490412    0.74103449    0.69538036    0.72279475    0.68866641    0.67929529    0.61555122    0.73372728    0.64751631    0.82318437    0.74147951    0.66681645    0.70542603    0.72779512    0.64881206    0.62237012    0.64103227    0.62384300    0.65523562    0.61262466    1.26249823    1.25148375    1.26032158    1.05803463    1.07364008    1.16163711    1.15692300    1.00985903    1.26643034    1.17763702    1.31646638    1.29369786    1.28466868    1.25844827    1.31041385    1.29356152    1.36611597    1.33961911    1.32852683    1.29618934    1.32412421    1.48154382    1.32752656    1.70623277    1.45046809    1.29868252    1.02414704    1.09275914    1.00784756    0.85516920    0.80061212    0.82128243    0.82158250    0.84028377    0.75502146    0.74786189    0.78179762    0.77825345    0.74464616    0.86452995    0.98073088    0.85474871    0.77576836    0.81134151    0.84391310    0.73829863    0.73435749    0.67027599    0.71985817    0.77653153    0.43150536    0.40547010    0.39901350    0.45502689    0.35933199
M3BBZ0_PSEFD/623-840     0.52536709    0.61449549    0.64225037    0.69788536    0.57249230    0.59345752    0.50700018    0.50947096    0.60228914    0.64935589    0.57989945    0.63012841    0.59460501    0.59293844    0.72535706    0.62734567    0.70546795    0.59507500    0.59436205    0.00000000    0.19759911    0.27265678    0.67390329    0.71557472    0.81299086    0.75285089    0.82249232    0.71815334    0.83772659    0.84211296    0.79967923    0.72487211    0.81165213    0.78595960    0.73966701    0.68635489    0.74794638    0.74924025    0.75446878    0.77251879    0.73102954    1.26978454    1.28056101    1.34672407    1.16176264    1.14505668    1.24386620    1.29490263    1.21258451    1.32718951    1.40845291    1.37059033    1.27327469    1.23483570    1.22714909    1.34109471    1.33732797    1.36226757    1.33291327    1.36944905    1.33368522    1.28543561    1.59526482    1.48469050    1.53430921    1.71702375    1.31519279    1.15499050    1.25360861    1.17538964    0.93413606    0.82422398    0.81175087    0.88960821    0.80736484    0.76882795    0.78821742    0.84357936    0.86826119    0.89811141    0.87139862    1.08397023    0.96641856    0.85099116    0.88023123    0.87999856    0.82790360    0.91828514    0.78267639    0.75541653    0.83514388    0.69645219    0.60999133    0.55029984    0.65502187    0.57660490
M3C5F2_SPHMS/579-796     0.55245843    0.65959151    0.69115343    0.70014824    0.60062935    0.58561347    0.49135670    0.50365863    0.57289990    0.62814057    0.56771512    0.63669736    0.58140278    0.62987185    0.71783605    0.62310161    0.69726581    0.58279607    0.62626720    0.19759911    0.00000000    0.23165627    0.68125963    0.79211413    0.81951835    0.79484961    0.83682180    0.72714794    0.84057158    0.83658032    0.82963908    0.72562779    0.80925577    0.78646263    0.75947814    0.74211952    0.79652234    0.74515533    0.73654991    0.76634650    0.77628518    1.34839908    1.35409504    1.41755123    1.22468529    1.19268021    1.26149994    1.27765552    1.21740174    1.33238767    1.29778353    1.38952188    1.31677402    1.28439829    1.25560349    1.29721366    1.32080204    1.46885152    1.42040686    1.48657163    1.43972351    1.36562265    1.52381558    1.46404784    1.55137378    1.67648592    1.26567486    1.13896658    1.16573485    1.11571758    0.91067130    0.82968078    0.83720462    0.90409839    0.90186100    0.78802941    0.80585431    0.83367086    0.86658063    0.90377458    0.85947431    1.06991772    0.97277093    0.87693593    0.95343744    0.95371084    0.83821904    0.94618506    0.75436606    0.80079850    0.80145022    0.72338978    0.62963679    0.56116135    0.67445840    0.58525819
F9XL90_ZYMTI/581-800     0.55942153    0.67960723    0.69009015    0.73511142    0.59109781    0.58965485    0.47303612    0.49297784    0.58122146    0.62464000    0.60681135    0.66710481    0.63822110    0.66141247    0.76784289    0.67995800    0.75970386    0.65624991    0.65490412    0.27265678    0.23165627    0.00000000    0.69438224    0.80858012    0.87504840    0.78988867    0.80652404    0.69351720    0.89987664    0.83260283    0.88976678    0.71452055    0.81833021    0.78008930    0.82415776    0.73974618    0.78763681    0.75618928    0.77960088    0.79566614    0.77693419    1.34787450    1.42420331    1.32792918    1.10842028    1.12145044    1.18434532    1.25982046    1.19189061    1.30950207    1.27033732    1.29872727    1.31906160    1.30053830    1.30862107    1.32974464    1.32958648    1.40200070    1.45294492    1.39381424    1.40843945    1.35511214    1.59482369    1.47010190    1.45810655    1.67116066    1.30601914    1.11795733    1.26593016    1.11724707    0.95721995    0.83634079    0.88472237    0.91746096    0.93620081    0.84195660    0.83934807    0.86145659    0.94707569    0.96738396    0.91041256    1.07835078    1.02392225    0.91076129    0.89753252    0.90516146    0.87364514    0.91651261    0.84165775    0.78758581    0.81645188    0.77585865    0.64987035    0.60229125    0.72898458    0.62111507
SPB1_YARLI/629-845     0.72720312    0.83128245    0.78989576    0.84262346    0.76854421    0.75788953    0.72750895    0.71217514    0.80088652    0.77298574    0.80080014    0.81061401    0.76120651    0.77200985    0.84050121    0.71262244    0.89703004    0.75157374    0.74103449    0.67390329    0.68125963    0.69438224    0.00000000    0.56288362    0.61198575    0.58037043    0.50977854    0.50100680    0.50436295    0.60408484    0.64485954    0.60216750    0.53633943    0.62250009    0.51049336    0.58058739    0.64415762    0.58025814    0.58600855    0.58754018    0.59365496    1.48013171    1.45217352    1.50909550    1.28295923    1.30880079    1.43807128    1.45855759    1.34403911    1.41631074    1.52323466    1.42439452    1.44111587    1.49517804    1.44336551    1.49621168    1.50924086    1.53469242    1.55142661    1.63156462    1.56937150    1.49300084    1.71771745    1.74308741    1.73230606    1.84746826    1.53028796    1.33670017    1.26441205    1.20488740    0.97877433    0.80504080    0.93902616    0.89028934    0.87000279    0.89774432    0.88937114    0.87811312    0.95663756    0.92312140    0.91496081    1.06012155    0.91827945    0.92162653    0.85021766    0.87457117    0.82487591    0.96158455    0.82111661    0.79816749    0.79344137    0.83464062    0.75917615    0.70093243    0.82527661    0.71883283
G3B418_CANTC/596-815     0.71879294    0.74186565    0.77138825    0.77121821    0.71907556    0.74891452    0.71996105    0.71543074    0.73752891    0.76886475    0.78225635    0.69107926    0.67384141    0.70704412    0.85056302    0.69925502    0.85850157    0.74039773    0.69538036    0.71557472    0.79211413    0.80858012    0.56288362    0.00000000    0.32572400    0.28926019    0.27809011    0.35288550    0.35924368    0.33133421    0.46097284    0.38353498    0.40906825    0.44531913    0.46538860    0.45067640    0.47783565    0.39887730    0.44953333    0.47018389    0.34083835    1.23616233    1.14448131    1.36555287    1.23123909    1.16896505    1.28919952    1.34716731    1.18481506    1.25997272    1.28154463    1.18727363    1.22656907    1.29852316    1.21294112    1.44151690    1.47319454    1.44828804    1.40949806    1.45323323    1.31575694    1.32441263    1.51268625    1.45718891    1.60494828    1.66403975    1.42590446    1.10437004    1.22431101    1.16857040    1.07345144    0.94237047    1.01163650    1.00037851    0.97043447    0.97293961    0.87881973    0.92413733    0.96130178    0.93190347    0.99444518    1.23966612    1.11334509    1.02185452    0.92670197    0.94629140    0.84094960    1.01955951    0.85310256    0.75445171    0.78275054    0.75928743    0.72354531    0.67411472    0.75183766    0.72435349
SPB1_DEBHA/604-827     0.75318561    0.78345589    0.80358929    0.80981228    0.75978308    0.74529013    0.77929553    0.71396838    0.84450048    0.81096584    0.84673507    0.72330263    0.64279242    0.71967224    0.84868079    0.71509583    0.84030516    0.71342617    0.72279475    0.81299086    0.81951835    0.87504840    0.61198575    0.32572400    0.00000000    0.22862402    0.23712286    0.27867454    0.32214476    0.30211649    0.45571387    0.36643145    0.37763049    0.46117758    0.47090219    0.43882741    0.45448213    0.41349352    0.42194600    0.43927702    0.34501624    1.23894797    1.34088021    1.41829316    1.20394460    1.18999498    1.26233574    1.35277916    1.21068276    1.31449102    1.38125805    1.34281608    1.41666580    1.50672019    1.31007210    1.53457112    1.59827760    1.47931333    1.35793587    1.46361738    1.32283886    1.36550727    1.70409903    1.58424442    1.68599379    1.65520102    1.43412397    1.20498877    1.15321592    1.07133461    1.05046005    0.93219847    1.00171972    0.99816012    0.99477440    1.03159406    0.93901713    0.90075713    0.94778243    0.86214638    1.01038100    1.24279917    1.08982468    1.08823361    0.92932330    0.95288370    0.93584325    1.03393439    0.85484857    0.69739114    0.72003171    0.84789176    0.69977384    0.68310435    0.76190956    0.74109741
M3K625_CANMX/596-815     0.72060767    0.74785016    0.77476561    0.79422725    0.71714502    0.70961148    0.67375381    0.70032265    0.71864632    0.72578331    0.76008738    0.65581417    0.66600767    0.66688533    0.79580565    0.68970756    0.87332504    0.70018900    0.68866641    0.75285089    0.79484961    0.78988867    0.58037043    0.28926019    0.22862402    0.00000000    0.23521474    0.25808959    0.32526961    0.30025827    0.46221085    0.27353268    0.37121154    0.42676318    0.43805031    0.39692364    0.40050526    0.36380573    0.39244787    0.38330154    0.31798445    1.16362251    1.29336901    1.34526531    1.18073595    1.19921210    1.22718831    1.37178900    1.19598695    1.26233072    1.35459512    1.25716612    1.34872882    1.41725983    1.25928793    1.53275824    1.58296224    1.37159039    1.43245553    1.43611982    1.29485747    1.35676444    1.54954377    1.46051847    1.61211246    1.62655232    1.35722048    1.08546580    1.13949340    1.07684905    0.97952497    0.88722071    0.88340568    0.96028248    0.89740689    0.88957074    0.79469614    0.86728094    0.85943291    0.87497876    0.89667427    1.17422820    1.02893070    0.95523916    0.89503212    0.90057860    0.81449962    0.89695572    0.75814412    0.58153713    0.67921583    0.74300336    0.61779641    0.62126213    0.73576976    0.64929038
A3LXQ0_PICST/603-827     0.73026813    0.74429063    0.75872966    0.76563785    0.67724419    0.70241546    0.70630543    0.73197297    0.80672811    0.80718895    0.81073963    0.74814674    0.66324118    0.66575946    0.79764559    0.68195238    0.81405626    0.72338146    0.67929529    0.82249232    0.83682180    0.80652404    0.50977854    0.27809011    0.23712286    0.23521474    0.00000000    0.21430401    0.33541324    0.32644270    0.40434433    0.35540914    0.39216381    0.38655781    0.41904967    0.38981660    0.40249821    0.37591417    0.37241909    0.43118600    0.33137407    1.14077086    1.29157902    1.34755187    1.21361091    1.23718423    1.19317659    1.36348930    1.18677710    1.28975720    1.28362209    1.24693125    1.30663537    1.38628044    1.27587793    1.48305062    1.53109353    1.37203915    1.37444564    1.38189819    1.24726304    1.26768322    1.49698244    1.48559071    1.51976791    1.61019079    1.39766211    1.19650801    1.20598330    1.10046021    0.99209480    0.90115714    1.01152084    0.96185744    0.93877253    0.96562377    0.89813814    0.85503514    0.87704678    0.88757590    0.99723493    1.17867142    1.07595582    1.03160191    0.85407660    0.87382686    0.84194816    0.94773186    0.84185780    0.68492219    0.70140941    0.79360497    0.70416341    0.68067592    0.79959537    0.74848351
G3AUR1_SPAPN/588-803     0.65486343    0.70377859    0.74346904    0.75621900    0.69622840    0.69173048    0.66221152    0.72021185    0.74881270    0.76031272    0.79179136    0.75806003    0.69942334    0.73288582    0.86026051    0.68946578    0.83361802    0.72449235    0.61555122    0.71815334    0.72714794    0.69351720    0.50100680    0.35288550    0.27867454    0.25808959    0.21430401    0.00000000    0.33212096    0.34022504    0.44647322    0.33722341    0.36934720    0.40116854    0.45387635    0.37862063    0.42760619    0.37867051    0.37636821    0.39505937    0.35876874    1.19446866    1.26256513    1.38285587    1.16968909    1.15811842    1.21396842    1.33466405    1.20086424    1.22154754    1.25701564    1.33794250    1.35782875    1.36160134    1.25953051    1.41642770    1.47164753    1.38377219    1.38763650    1.40755063    1.30929451    1.37479168    1.64306149    1.43755952    1.60858259    1.53345857    1.37091471    1.12571273    1.19782177    1.01950173    0.90604613    0.79376734    0.77272694    0.85277666    0.86393287    0.81337706    0.74913036    0.83261464    0.79568293    0.79542007    0.88816353    1.07692225    0.97374238    0.90681955    0.82820561    0.80948384    0.82756401    0.85851738    0.78385514    0.62661895    0.62810148    0.70919108    0.62145221    0.64915014    0.71915969    0.66515035
A5DJI4_PICGU/596-815     0.74198726    0.83012073    0.80910498    0.80837063    0.77135344    0.82008090    0.70785999    0.73141016    0.73686760    0.76329550    0.81558986    0.74853208    0.65246066    0.69811150    0.85113484    0.72798501    0.90970200    0.73134211    0.73372728    0.83772659    0.84057158    0.89987664    0.50436295    0.35924368    0.32214476    0.32526961    0.33541324    0.33212096    0.00000000    0.34091723    0.50661592    0.40375823    0.39029428    0.47664857    0.47777101    0.44200402    0.47600639    0.37035638    0.40695068    0.39627246    0.39782237    1.32747101    1.36014611    1.51406565    1.40704609    1.38251450    1.33399877    1.45737917    1.31211304    1.43344184    1.47633269    1.43215472    1.46654453    1.55336183    1.40036594    1.51658249    1.54895633    1.55310249    1.36037095    1.40901088    1.38299552    1.38404422    1.60821575    1.56560452    1.73018108    1.66221604    1.40538748    1.29080556    1.24469205    1.20322340    1.02543848    0.91531418    1.02353706    1.03229712    0.95735122    0.97897227    0.89648697    0.87934948    0.93038790    0.85974133    1.01172461    1.10576097    1.07123862    1.00766531    0.92662632    0.93990585    0.92809450    0.97219606    0.92399391    0.69021312    0.76906426    0.80560991    0.70630223    0.69945250    0.79404500    0.70934521
