29
Q7P1G6_CHRVO/10-136     0.00000000    1.44880026    1.72013652    1.46876412    1.92968687    2.03234539    2.21371220    2.44681518    2.46143392    2.61709976    2.25015230    2.45638122    2.30224985    2.81578092    3.03075522    2.67044012    2.55958836    2.30515828    2.23176006    2.21673036    2.24560323    3.37779075    2.11590564    2.64441820    1.92417256    2.32682402    2.06893882    1.81211757    1.91392937
Q82GA1_STRAW/11-139     1.44880026    0.00000000    1.32128638    1.26232180    1.65119875    1.59328556    2.16012684    2.00612970    2.54825497    2.18066172    1.72141914    2.64406229    2.52180457    2.38465021    2.68577368    2.02180839    2.05735733    2.28522993    1.95715000    2.42971002    1.85075677    2.43336208    2.38883178    2.26333834    1.41625003    2.36389498    1.76357697    1.79828185    1.54983607
Q7NGE5_GLOVI/21-149     1.72013652    1.32128638    0.00000000    1.46740415    1.90382925    1.91061252    2.36912844    2.24596906    2.89923623    2.42328990    1.96921259    3.24311382    2.39366373    2.63815566    2.85410443    2.29477527    2.65130356    2.63980701    2.32092720    2.88623416    2.84991400    2.53540981    2.50661579    2.59401011    1.62409438    2.65145126    2.04042804    2.07595121    1.78296865
Q7NP31_GLOVI/43-169     1.46876412    1.26232180    1.46740415    0.00000000    1.50798334    1.56502814    1.93268262    1.96828266    2.53752230    2.00307928    1.86424624    2.30647591    1.88930998    2.53206634    2.73396772    2.72264640    2.61361439    2.45622117    2.09201353    2.90670808    2.42128144    2.25780152    2.08462437    2.26770067    1.69105204    2.19029131    1.65251556    1.47656478    1.40754433
Q82M76_STRAW/10-135     1.92968687    1.65119875    1.90382925    1.50798334    0.00000000    1.60916488    1.80551029    1.71110957    2.19496296    2.28685766    2.20617580    2.87612198    2.26031752    2.67899394    2.83553021    3.02132955    2.70054037    2.49615296    2.37388931    2.01536738    2.39581075    2.09173485    3.07256738    3.26955648    1.96044542    2.55681144    2.47612530    1.70413927    1.67571523
Q63FG7_BACCZ/60-176     2.03234539    1.59328556    1.91061252    1.56502814    1.60916488    0.00000000    1.12063351    0.95592478    1.07065837    2.53928270    2.49592553    2.54733334    2.40191728    2.45460321    2.50877603    2.05015478    2.47011851    2.66244869    2.20641871    2.64745341    3.03799023    2.65334414    2.58995326    2.57167961    1.88815946    2.67640257    2.01359561    2.09682139    1.62943546
Q63TL7_BURPS/56-181     2.21371220    2.16012684    2.36912844    1.93268262    1.80551029    1.12063351    0.00000000    0.63295363    0.75250763    2.37366760    2.66897359    2.39422634    2.16579763    3.12227168    2.92055268    2.74085515    2.94024426    2.68226349    3.06169077    3.00160059    3.12984517    3.72500014    3.52997702    3.88652031    2.24775954    2.61020921    2.24911451    2.29750756    2.09988782
Q7NU92_CHRVO/45-170     2.44681518    2.00612970    2.24596906    1.96828266    1.71110957    0.95592478    0.63295363    0.00000000    0.66271012    2.35883704    2.42886984    2.74405873    2.36393322    3.05123871    2.75929536    2.81978415    2.93747452    2.79449588    2.66671506    2.58671527    3.13623982    3.62687744    3.28943101    3.40995743    2.56122182    2.70390208    2.11935783    2.01779309    1.90209015
Q8E9W0_SHEON/78-203     2.46143392    2.54825497    2.89923623    2.53752230    2.19496296    1.07065837    0.75250763    0.66271012    0.00000000    2.68575602    2.67585310    3.22033863    2.55769425    3.41632035    3.40497434    3.08129399    3.22122422    3.24402228    3.81547738    2.77982006    3.30785323    3.89106748    3.52655900    3.96637365    2.47208557    2.84846158    2.43082653    2.18576692    2.26129786
O30617_MYXXA/36-152     2.61709976    2.18066172    2.42328990    2.00307928    2.28685766    2.53928270    2.37366760    2.35883704    2.68575602    0.00000000    2.25676141    2.17240141    2.65443536    2.96002921    2.96250016    2.89587968    2.84925608    2.97183144    2.63526281    3.16687028    3.77578019    3.32488204    3.88142964    3.48991538    2.01390983    2.29663473    2.36547158    2.41369505    2.54536715
Q9RN64_STRNO/8-132     2.25015230    1.72141914    1.96921259    1.86424624    2.20617580    2.49592553    2.66897359    2.42886984    2.67585310    2.25676141    0.00000000    2.68806206    2.16026751    2.63594743    2.63126399    2.39926053    2.95772267    2.61970218    2.30307936    2.54332174    2.47206181    2.66663977    3.11687715    2.66864411    2.25147219    2.98503915    2.41849184    1.94798327    1.93022820
Q81HA2_BACCR/57-169     2.45638122    2.64406229    3.24311382    2.30647591    2.87612198    2.54733334    2.39422634    2.74405873    3.22033863    2.17240141    2.68806206    0.00000000    1.53414720    2.92248418    2.97329343    3.30413783    3.01233214    2.55682499    2.43807778    3.39010288    3.54182209    3.28243614    4.21565857    4.43173598    3.12580856    2.89350138    2.88882009    3.19844725    2.83613194
Q8KY43_STRCU/149-275     2.30224985    2.52180457    2.39366373    1.88930998    2.26031752    2.40191728    2.16579763    2.36393322    2.55769425    2.65443536    2.16026751    1.53414720    0.00000000    2.96872193    2.79274843    2.89640703    2.95783626    2.88247413    2.75420069    2.81024473    3.17397039    3.24830810    3.30817053    3.42202487    2.61346424    2.51497355    2.85683771    2.35784486    2.39644325
Q92YL1_RHIME/6-127     2.81578092    2.38465021    2.63815566    2.53206634    2.67899394    2.45460321    3.12227168    3.05123871    3.41632035    2.96002921    2.63594743    2.92248418    2.96872193    0.00000000    0.57581656    0.70370798    0.58932494    0.79632926    2.56655982    3.62072433    4.04589213    3.26991881    3.48174294    3.77059489    2.35954045    3.17011246    3.35858047    3.12705956    2.72096609
Q7CRD4_AGRFC/5-126     3.03075522    2.68577368    2.85410443    2.73396772    2.83553021    2.50877603    2.92055268    2.75929536    3.40497434    2.96250016    2.63126399    2.97329343    2.79274843    0.57581656    0.00000000    0.83007115    0.77711898    0.91891555    2.58537760    2.82278093    3.88859871    3.09674382    3.79742891    4.40499266    2.81323637    3.48283861    3.91426095    3.30377247    2.98286738
G3XDB6_PSESM/4-125     2.67044012    2.02180839    2.29477527    2.72264640    3.02132955    2.05015478    2.74085515    2.81978415    3.08129399    2.89587968    2.39926053    3.30413783    2.89640703    0.70370798    0.83007115    0.00000000    0.66686919    0.73884652    2.36068766    3.45419715    3.59419712    3.59657215    3.27847739    3.55987797    2.30979414    2.99332350    3.29012621    2.96578994    2.99435660
A0A1A5JBH6_RHILI/4-125     2.55958836    2.05735733    2.65130356    2.61361439    2.70054037    2.47011851    2.94024426    2.93747452    3.22122422    2.84925608    2.95772267    3.01233214    2.95783626    0.58932494    0.77711898    0.66686919    0.00000000    0.61841647    2.71951238    3.05370700    3.44765089    2.97610194    3.01664742    3.70629524    2.40084679    3.66524466    2.82184888    3.22522074    3.11350581
Q9I3U3_PSEAE/7-128     2.30515828    2.28522993    2.63980701    2.45622117    2.49615296    2.66244869    2.68226349    2.79449588    3.24402228    2.97183144    2.61970218    2.55682499    2.88247413    0.79632926    0.91891555    0.73884652    0.61841647    0.00000000    2.62132663    3.17981283    3.57250186    3.35500748    3.64391439    4.30934411    2.54848181    3.31838622    2.94057054    2.70890482    3.17834020
Q8GPW3_PSEAI/8-133     2.23176006    1.95715000    2.32092720    2.09201353    2.37388931    2.20641871    3.06169077    2.66671506    3.81547738    2.63526281    2.30307936    2.43807778    2.75420069    2.56655982    2.58537760    2.36068766    2.71951238    2.62132663    0.00000000    2.74330828    2.49907956    2.58841278    3.27010790    3.04633362    2.36234514    2.90837604    2.59319168    2.48686396    1.90350161
Q8YQT8_NOSS1/6-132     2.21673036    2.42971002    2.88623416    2.90670808    2.01536738    2.64745341    3.00160059    2.58671527    2.77982006    3.16687028    2.54332174    3.39010288    2.81024473    3.62072433    2.82278093    3.45419715    3.05370700    3.17981283    2.74330828    0.00000000    2.13240831    2.66087288    3.18311559    3.53630850    2.63026532    3.70215479    2.70177415    2.30652555    2.81329672
A0A0C6P796_BORBO/18-131     2.24560323    1.85075677    2.84991400    2.42128144    2.39581075    3.03799023    3.12984517    3.13623982    3.30785323    3.77578019    2.47206181    3.54182209    3.17397039    4.04589213    3.88859871    3.59419712    3.44765089    3.57250186    2.49907956    2.13240831    0.00000000    2.20878399    2.98405808    2.95914536    2.47304592    3.25495014    2.51079781    3.38845881    2.42061007
Q8TQG8_METAC/22-156     3.37779075    2.43336208    2.53540981    2.25780152    2.09173485    2.65334414    3.72500014    3.62687744    3.89106748    3.32488204    2.66663977    3.28243614    3.24830810    3.26991881    3.09674382    3.59657215    2.97610194    3.35500748    2.58841278    2.66087288    2.20878399    0.00000000    3.00235793    3.00278071    2.60310338    2.69214969    2.75073352    2.17069312    2.14390435
DNRD_STRPE/5-133     2.11590564    2.38883178    2.50661579    2.08462437    3.07256738    2.58995326    3.52997702    3.28943101    3.52655900    3.88142964    3.11687715    4.21565857    3.30817053    3.48174294    3.79742891    3.27847739    3.01664742    3.64391439    3.27010790    3.18311559    2.98405808    3.00235793    0.00000000    0.41041244    2.60141499    3.23985011    2.69843700    2.99487232    2.35206607
DNRD_STRGJ/5-132     2.64441820    2.26333834    2.59401011    2.26770067    3.26955648    2.57167961    3.88652031    3.40995743    3.96637365    3.48991538    2.66864411    4.43173598    3.42202487    3.77059489    4.40499266    3.55987797    3.70629524    4.30934411    3.04633362    3.53630850    2.95914536    3.00278071    0.41041244    0.00000000    2.93572493    3.00312722    2.73033492    3.43531473    2.38860239
Q82DI4_STRAW/115-241     1.92417256    1.41625003    1.62409438    1.69105204    1.96044542    1.88815946    2.24775954    2.56122182    2.47208557    2.01390983    2.25147219    3.12580856    2.61346424    2.35954045    2.81323637    2.30979414    2.40084679    2.54848181    2.36234514    2.63026532    2.47304592    2.60310338    2.60141499    2.93572493    0.00000000    1.86983619    1.80713930    1.96391409    1.80532098
Q7NYY8_CHRVO/8-137     2.32682402    2.36389498    2.65145126    2.19029131    2.55681144    2.67640257    2.61020921    2.70390208    2.84846158    2.29663473    2.98503915    2.89350138    2.51497355    3.17011246    3.48283861    2.99332350    3.66524466    3.31838622    2.90837604    3.70215479    3.25495014    2.69214969    3.23985011    3.00312722    1.86983619    0.00000000    2.61809879    1.87656660    2.10604239
Q98JP4_RHILO/22-156     2.06893882    1.76357697    2.04042804    1.65251556    2.47612530    2.01359561    2.24911451    2.11935783    2.43082653    2.36547158    2.41849184    2.88882009    2.85683771    3.35858047    3.91426095    3.29012621    2.82184888    2.94057054    2.59319168    2.70177415    2.51079781    2.75073352    2.69843700    2.73033492    1.80713930    2.61809879    0.00000000    1.80624643    1.89285143
Q6LKM5_PHOPR/2-132     1.81211757    1.79828185    2.07595121    1.47656478    1.70413927    2.09682139    2.29750756    2.01779309    2.18576692    2.41369505    1.94798327    3.19844725    2.35784486    3.12705956    3.30377247    2.96578994    3.22522074    2.70890482    2.48686396    2.30652555    3.38845881    2.17069312    2.99487232    3.43531473    1.96391409    1.87656660    1.80624643    0.00000000    1.56312292
Q8YNM4_NOSS1/8-132     1.91392937    1.54983607    1.78296865    1.40754433    1.67571523    1.62943546    2.09988782    1.90209015    2.26129786    2.54536715    1.93022820    2.83613194    2.39644325    2.72096609    2.98286738    2.99435660    3.11350581    3.17834020    1.90350161    2.81329672    2.42061007    2.14390435    2.35206607    2.38860239    1.80532098    2.10604239    1.89285143    1.56312292    0.00000000

