28
B3RN05_TRIAD/14-595     0.00000000    1.07694927    1.22559605    1.28190786    1.17183753    1.23632671    1.27752402    1.33091713    1.24220666    1.24342548    1.28930447    1.03600295    1.16668200    1.14802230    1.16367841    1.20562965    1.51256957    1.40377741    1.24552172    1.55137802    1.58302728    1.51129202    1.19390891    1.53941717    1.53478365    1.61074567    1.64554718    1.58693487
C3YWS1_BRAFL/11-589     1.07694927    0.00000000    1.02586275    1.13628251    1.09518827    1.15109548    1.17089088    1.13469577    1.08983296    1.16214503    1.08773581    1.06620818    1.00051867    1.10798948    1.06277182    1.12805125    1.32340052    1.24114957    1.29191567    1.52642001    1.56026033    1.36012063    1.05693195    1.66179988    1.44247879    1.49534462    1.52487945    1.50172712
W5MPM9_LEPOC/14-614     1.22559605    1.02586275    0.00000000    0.65119273    0.60988083    0.64402823    0.68479606    0.62914198    0.61317178    0.63662159    0.66405919    0.66073858    0.75104215    0.80192518    0.81671903    0.85806827    1.49915474    1.38601697    1.41910901    1.61964787    1.56271191    1.45280268    1.23315095    1.54905570    1.59828947    1.59709516    1.65890920    1.63767026
W5KUZ9_ASTMX/14-593     1.28190786    1.13628251    0.65119273    0.00000000    0.41637327    0.58661541    0.63680531    0.66636356    0.63537035    0.55661272    0.55763652    0.78613107    0.84337852    0.89726413    0.91131908    0.93604481    1.42204392    1.34547792    1.36498572    1.51951783    1.46771554    1.42497269    1.11848407    1.56751283    1.59689465    1.54602795    1.60077820    1.61429911
F1QAN3_DANRE/16-593     1.17183753    1.09518827    0.60988083    0.41637327    0.00000000    0.56012920    0.55585399    0.60560140    0.59965954    0.53380404    0.54579239    0.74144915    0.81970703    0.84768729    0.86256317    0.88009749    1.38651092    1.34995543    1.37724343    1.54195848    1.49821015    1.39604136    1.07664267    1.53833029    1.52400931    1.52991350    1.51650330    1.50182053
G3P7G7_GASAC/14-590     1.23632671    1.15109548    0.64402823    0.58661541    0.56012920    0.00000000    0.37801153    0.36951212    0.38040780    0.25879766    0.35899603    0.78665450    0.78552974    0.85892809    0.91971910    0.92251608    1.42295336    1.28630059    1.34860492    1.50939507    1.49815928    1.38130137    1.22653477    1.58247535    1.59812291    1.63324294    1.58866407    1.62042095
H2LK87_ORYLA/14-621     1.27752402    1.17089088    0.68479606    0.63680531    0.55585399    0.37801153    0.00000000    0.48042163    0.47285984    0.39503434    0.41931493    0.76779654    0.80715544    0.86759651    0.88548501    0.91321915    1.47162848    1.36781802    1.36497964    1.54054047    1.49833792    1.40750288    1.18224541    1.66384995    1.67876638    1.71544033    1.69858495    1.71017047
H2S6P4_TAKRU/14-617     1.33091713    1.13469577    0.62914198    0.66636356    0.60560140    0.36951212    0.48042163    0.00000000    0.27004728    0.36159790    0.42971609    0.79158063    0.79509997    0.86391273    0.88942240    0.89386927    1.46538016    1.23508383    1.35708775    1.56827706    1.56308322    1.42697973    1.23719721    1.55001338    1.55868228    1.58786111    1.59847275    1.64486724
H3DI00_TETNG/14-598     1.24220666    1.08983296    0.61317178    0.63537035    0.59965954    0.38040780    0.47285984    0.27004728    0.00000000    0.35777017    0.41532761    0.78883917    0.78201626    0.85456940    0.90288531    0.91815727    1.46796984    1.22327830    1.32693899    1.48276770    1.46513461    1.41271927    1.21909437    1.58678147    1.51869470    1.58327263    1.54930570    1.59463596
I3IWE7_ORENI/14-628     1.24342548    1.16214503    0.63662159    0.55661272    0.53380404    0.25879766    0.39503434    0.36159790    0.35777017    0.00000000    0.35352444    0.76070824    0.76643512    0.83007429    0.91282404    0.92808964    1.43471757    1.28961228    1.35279332    1.54552884    1.51317871    1.45441316    1.16652133    1.50383638    1.61791711    1.60210197    1.57516007    1.62405241
M4AVY0_XIPMA/14-627     1.28930447    1.08773581    0.66405919    0.55763652    0.54579239    0.35899603    0.41931493    0.42971609    0.41532761    0.35352444    0.00000000    0.79619311    0.75844837    0.84950342    0.90881933    0.93843477    1.38716071    1.29909345    1.30859308    1.45889380    1.44744121    1.38195886    1.17934234    1.54461263    1.55899220    1.58419684    1.57023757    1.61059255
M3XJK2_LATCH/14-589     1.03600295    1.06620818    0.66073858    0.78613107    0.74144915    0.78665450    0.76779654    0.79158063    0.78883917    0.76070824    0.79619311    0.00000000    0.66138628    0.65870128    0.65428306    0.65349976    1.45498768    1.26874320    1.33376354    1.54654028    1.51022753    1.31316387    1.09847942    1.50877550    1.46562243    1.45831194    1.51302364    1.59266559
F1NG67_CHICK/14-591     1.16668200    1.00051867    0.75104215    0.84337852    0.81970703    0.78552974    0.80715544    0.79509997    0.78201626    0.76643512    0.75844837    0.66138628    0.00000000    0.65510228    0.64553156    0.69569234    1.43331837    1.28975992    1.30400625    1.53972000    1.51621473    1.41935936    1.03773001    1.48750479    1.43501330    1.47661068    1.46328845    1.44678532
ECD_MOUSE/14-597     1.14802230    1.10798948    0.80192518    0.89726413    0.84768729    0.85892809    0.86759651    0.86391273    0.85456940    0.83007429    0.84950342    0.65870128    0.65510228    0.00000000    0.43431652    0.49724683    1.33662384    1.33233985    1.31175461    1.64587755    1.60159108    1.49498489    1.16617048    1.56278977    1.51669446    1.51632824    1.52124132    1.51975867
G3VPQ7_SARHA/14-599     1.16367841    1.06277182    0.81671903    0.91131908    0.86256317    0.91971910    0.88548501    0.88942240    0.90288531    0.91282404    0.90881933    0.65428306    0.64553156    0.43431652    0.00000000    0.28266136    1.39404073    1.38391790    1.30124734    1.65082814    1.57055735    1.42281974    1.19333117    1.62831775    1.54250467    1.66119304    1.55666941    1.54561743
F6XT15_MONDO/81-667     1.20562965    1.12805125    0.85806827    0.93604481    0.88009749    0.92251608    0.91321915    0.89386927    0.91815727    0.92808964    0.93843477    0.65349976    0.69569234    0.49724683    0.28266136    0.00000000    1.40690660    1.34878098    1.35037632    1.58802540    1.50403136    1.49116717    1.17144408    1.64641134    1.61042138    1.60836020    1.61093482    1.58139372
J9JPF7_ACYPI/16-652     1.51256957    1.32340052    1.49915474    1.42204392    1.38651092    1.42295336    1.47162848    1.46538016    1.46796984    1.43471757    1.38716071    1.45498768    1.43331837    1.33662384    1.39404073    1.40690660    0.00000000    1.02433923    1.00501962    1.30874858    1.30020043    1.62535969    1.43303034    1.76322061    1.79749508    1.73868106    1.84252767    1.82225233
T1H8Q3_RHOPR/17-595     1.40377741    1.24114957    1.38601697    1.34547792    1.34995543    1.28630059    1.36781802    1.23508383    1.22327830    1.28961228    1.29909345    1.26874320    1.28975992    1.33233985    1.38391790    1.34878098    1.02433923    0.00000000    0.90479734    1.15265175    1.18280765    1.47392697    1.14400953    1.67181052    1.70562722    1.57876808    1.70502751    1.67976736
D6WF00_TRICA/17-597     1.24552172    1.29191567    1.41910901    1.36498572    1.37724343    1.34860492    1.36497964    1.35708775    1.32693899    1.35279332    1.30859308    1.33376354    1.30400625    1.31175461    1.30124734    1.35037632    1.00501962    0.90479734    0.00000000    1.07616209    1.14000070    1.46983393    1.23501640    1.67932701    1.66678648    1.66355071    1.71842217    1.71755610
B4J0I3_DROGR/18-659     1.55137802    1.52642001    1.61964787    1.51951783    1.54195848    1.50939507    1.54054047    1.56827706    1.48276770    1.54552884    1.45889380    1.54654028    1.53972000    1.64587755    1.65082814    1.58802540    1.30874858    1.15265175    1.07616209    0.00000000    0.35373699    1.68774793    1.41369516    1.72393879    1.76458487    1.75014845    1.86369480    1.84244012
B3M6N2_DROAN/18-636     1.58302728    1.56026033    1.56271191    1.46771554    1.49821015    1.49815928    1.49833792    1.56308322    1.46513461    1.51317871    1.44744121    1.51022753    1.51621473    1.60159108    1.57055735    1.50403136    1.30020043    1.18280765    1.14000070    0.35373699    0.00000000    1.70010967    1.50910764    1.80137692    1.78441903    1.79516378    1.90243783    1.92546854
H2XY13_CIOIN/13-580     1.51129202    1.36012063    1.45280268    1.42497269    1.39604136    1.38130137    1.40750288    1.42697973    1.41271927    1.45441316    1.38195886    1.31316387    1.41935936    1.49498489    1.42281974    1.49116717    1.62535969    1.47392697    1.46983393    1.68774793    1.70010967    0.00000000    1.32673708    1.68221748    1.66151105    1.72301908    1.74147087    1.80181281
K1R4R8_CRAGI/12-593     1.19390891    1.05693195    1.23315095    1.11848407    1.07664267    1.22653477    1.18224541    1.23719721    1.21909437    1.16652133    1.17934234    1.09847942    1.03773001    1.16617048    1.19333117    1.17144408    1.43303034    1.14400953    1.23501640    1.41369516    1.50910764    1.32673708    0.00000000    1.52271528    1.51834393    1.45201131    1.54697963    1.56927135
Q949K3_SOLLC/23-605     1.53941717    1.66179988    1.54905570    1.56751283    1.53833029    1.58247535    1.66384995    1.55001338    1.58678147    1.50383638    1.54461263    1.50877550    1.48750479    1.56278977    1.62831775    1.64641134    1.76322061    1.67181052    1.67932701    1.72393879    1.80137692    1.68221748    1.52271528    0.00000000    0.50287075    0.50445796    0.57524048    0.58044599
I1L4S0_SOYBN/19-605     1.53478365    1.44247879    1.59828947    1.59689465    1.52400931    1.59812291    1.67876638    1.55868228    1.51869470    1.61791711    1.55899220    1.46562243    1.43501330    1.51669446    1.54250467    1.61042138    1.79749508    1.70562722    1.66678648    1.76458487    1.78441903    1.66151105    1.51834393    0.50287075    0.00000000    0.45349476    0.53726203    0.54767788
U5GD36_POPTR/19-602     1.61074567    1.49534462    1.59709516    1.54602795    1.52991350    1.63324294    1.71544033    1.58786111    1.58327263    1.60210197    1.58419684    1.45831194    1.47661068    1.51632824    1.66119304    1.60836020    1.73868106    1.57876808    1.66355071    1.75014845    1.79516378    1.72301908    1.45201131    0.50445796    0.45349476    0.00000000    0.43300904    0.45965830
ECD_ARATH/22-603     1.64554718    1.52487945    1.65890920    1.60077820    1.51650330    1.58866407    1.69858495    1.59847275    1.54930570    1.57516007    1.57023757    1.51302364    1.46328845    1.52124132    1.55666941    1.61093482    1.84252767    1.70502751    1.71842217    1.86369480    1.90243783    1.74147087    1.54697963    0.57524048    0.53726203    0.43300904    0.00000000    0.16434918
M4E6I6_BRARP/23-605     1.58693487    1.50172712    1.63767026    1.61429911    1.50182053    1.62042095    1.71017047    1.64486724    1.59463596    1.62405241    1.61059255    1.59266559    1.44678532    1.51975867    1.54561743    1.58139372    1.82225233    1.67976736    1.71755610    1.84244012    1.92546854    1.80181281    1.56927135    0.58044599    0.54767788    0.45965830    0.16434918    0.00000000

