28
MYO15_MOUSE/2852-2932     0.00000000    4.04414262    2.08240854    2.70445185    2.02935488    2.10787446    2.01435095    2.09222373    4.16286525    2.87799204    3.34544425    3.12020460    2.50712004    2.54102755    2.65619971    3.81985786    2.90507778    2.58746234    2.49113627    2.85557737    3.00779345    2.80471520    3.16460586    3.57202047    2.52734369    2.30486350    2.59049139    2.54828452
ZDHC6_MOUSE/317-396     4.04414262    0.00000000    1.97421553    2.46899345    2.56398508    3.19932965    2.47061085    2.58488104    4.11991440    3.33683184    5.27540188    5.26895866    3.24781409    3.85265292    5.60301030    2.95347013    3.28008376    2.93901542    2.54474750    2.93906399    3.46471449    2.70169119    2.40778976    4.50020915    2.78464815    3.17266301    2.75017535    3.13221505
OTOR_CHICK/46-112     2.08240854    1.97421553    0.00000000    1.42681136    2.39057518    2.38059732    2.02836999    1.94416490    3.80045401    3.24320850    3.02666441    3.32679052    2.42873834    3.33259493    3.42744463    2.59960590    3.28159259    3.15727173    4.26576759    3.90469454    3.25116521    2.34390615    2.89393639    3.15093469    2.25165182    2.83225509    2.69275243    2.62852948
MIA2_MOUSE/43-99     2.70445185    2.46899345    1.42681136    0.00000000    1.66129768    2.73328681    2.77509173    2.19624544    3.82206817    3.61312113    3.43188848    3.86259510    1.96867061    3.40771199    3.27923888    3.46867145    3.98352378    2.83276197    3.59255906    4.01017342    3.96380727    3.19692216    2.99204626    4.33001717    3.36217179    3.46140723    3.57517086    3.37932714
VAV3_MOUSE/596-658     2.02935488    2.56398508    2.39057518    1.66129768    0.00000000    2.47259264    2.44472237    2.65449540    2.97456357    3.65028636    2.72824860    2.98782515    2.30706853    3.46071314    3.11309827    2.49332941    2.50375646    2.60161185    2.68920375    3.50709542    2.96300292    2.42702167    2.83748949    3.31649999    2.61963338    2.76938110    2.72145478    2.85628767
RIMB1_MOUSE/1759-1819     2.10787446    3.19932965    2.38059732    2.73328681    2.47259264    0.00000000    0.74594517    1.48664989    2.20014500    2.48119158    2.83130284    2.68572248    2.45028387    2.76656354    3.26922749    2.88176750    2.55407041    2.38857475    2.54147385    2.86374551    2.92348733    3.29787867    2.96686613    3.27353093    2.81179147    2.43963420    2.86654086    2.70482482
Q86BP0_DROME/1238-1300     2.01435095    2.47061085    2.02836999    2.77509173    2.44472237    0.74594517    0.00000000    1.24450200    1.99089046    2.08434675    2.38170538    2.20244242    2.32962129    3.22554793    3.14482018    2.80586144    2.58683002    2.82246016    2.06124502    2.59252241    3.13213140    3.59630555    2.69214276    3.94985041    2.61617438    2.44637036    2.42527183    2.28195003
Q9N415_CAEEL/763-824     2.09222373    2.58488104    1.94416490    2.19624544    2.65449540    1.48664989    1.24450200    0.00000000    3.01436562    2.80212349    3.14283685    2.90941234    3.50965536    3.30230219    3.12106641    3.61883618    3.32759940    2.77160770    2.95931369    3.28886085    3.34469153    2.18747230    2.16501138    4.22414206    3.12361072    3.83473946    4.22226963    4.21227784
Q8MQQ3_DROME/502-564     4.16286525    4.11991440    3.80045401    3.82206817    2.97456357    2.20014500    1.99089046    3.01436562    0.00000000    0.78649157    1.25277023    1.17831440    1.86828009    3.73959395    3.22326577    2.92556441    4.20199033    3.60321483    3.43650062    5.12394659    2.67590340    4.45317501    3.97087672    4.38643406    3.60497194    2.87914031    3.10227876    3.09838605
ZO1_HUMAN/520-582     2.87799204    3.33683184    3.24320850    3.61312113    3.65028636    2.48119158    2.08434675    2.80212349    0.78649157    0.00000000    0.82144382    0.71702117    2.51666410    3.61699272    3.70082269    2.57194804    4.14456399    3.08384234    3.38436983    4.76428513    2.78601777    3.90426711    3.45286105    4.11316258    4.65545325    3.20093741    3.23712737    3.52197699
ZO3_CANLF/468-536     3.34544425    5.27540188    3.02666441    3.43188848    2.72824860    2.83130284    2.38170538    3.14283685    1.25277023    0.82144382    0.00000000    0.27117180    2.59376164    2.99302188    3.02043302    3.17525077    3.77648856    3.60070681    3.47964513    6.03867452    2.50068417    3.82400723    3.87278156    3.39383489    3.59262525    3.43673484    3.55851645    3.34520258
Q921G9_MOUSE/467-538     3.12020460    5.26895866    3.32679052    3.86259510    2.98782515    2.68572248    2.20244242    2.90941234    1.17831440    0.71702117    0.27117180    0.00000000    2.47240570    3.50054727    3.62284307    3.16431645    3.61096894    3.83908890    3.52248291    6.68797276    3.00138672    3.98874403    4.11090708    4.05292410    3.34056903    2.98484458    3.19326317    2.82757558
FYB1_MOUSE/503-558     2.50712004    3.24781409    2.42873834    1.96867061    2.30706853    2.45028387    2.32962129    3.50965536    1.86828009    2.51666410    2.59376164    2.47240570    0.00000000    2.46187498    2.15283426    2.00743584    2.95287275    2.62845850    3.50896142    3.11604003    2.00571878    4.41975221    3.92010148    3.42345709    2.50712061    1.90782574    2.01180387    1.89649070
SH319_MOUSE/418-471     2.54102755    3.85265292    3.33259493    3.40771199    3.46071314    2.76656354    3.22554793    3.30230219    3.73959395    3.61699272    2.99302188    3.50054727    2.46187498    0.00000000    2.24219765    2.59836892    2.68054609    4.05903707    2.76404019    3.20178092    3.02712781    3.09728533    3.28526804    2.95586428    2.93614431    2.63950313    2.89089670    2.43772218
SH3B4_MOUSE/657-721     2.65619971    5.60301030    3.42744463    3.27923888    3.11309827    3.26922749    3.14482018    3.12106641    3.22326577    3.70082269    3.02043302    3.62284307    2.15283426    2.24219765    0.00000000    3.37766940    3.32854088    3.21787806    3.23079450    3.97594908    2.72469334    3.02730172    3.63692655    2.47641124    2.94470226    2.26059314    2.55019484    2.36724191
ARH37_MOUSE/510-567     3.81985786    2.95347013    2.59960590    3.46867145    2.49332941    2.88176750    2.80586144    3.61883618    2.92556441    2.57194804    3.17525077    3.16431645    2.00743584    2.59836892    3.37766940    0.00000000    2.04519417    2.75198322    3.27400099    3.25138520    1.99483246    2.29852073    2.72079253    2.64455031    3.07736043    2.86974347    2.89967554    3.03811001
Q18204_CAEEL/35-88     2.90507778    3.28008376    3.28159259    3.98352378    2.50375646    2.55407041    2.58683002    3.32759940    4.20199033    4.14456399    3.77648856    3.61096894    2.95287275    2.68054609    3.32854088    2.04519417    0.00000000    1.98474623    2.31026929    3.18934207    2.95272150    3.04451045    3.04076430    1.96833943    3.67494761    2.47644072    2.67903463    2.99682506
Q8PDB2_XANCP/2-58     2.58746234    2.93901542    3.15727173    2.83276197    2.60161185    2.38857475    2.82246016    2.77160770    3.60321483    3.08384234    3.60070681    3.83908890    2.62845850    4.05903707    3.21787806    2.75198322    1.98474623    0.00000000    2.40031623    1.97088364    2.61750021    3.43909345    3.40164806    2.95201610    4.41287631    4.08616470    3.53210294    4.01222062
Q81B28_BACCR/2-62     2.49113627    2.54474750    4.26576759    3.59255906    2.68920375    2.54147385    2.06124502    2.95931369    3.43650062    3.38436983    3.47964513    3.52248291    3.50896142    2.76404019    3.23079450    3.27400099    2.31026929    2.40031623    0.00000000    1.84090102    4.03039348    3.57820440    2.79156409    3.09949489    4.30985579    2.92383253    3.08329832    2.97035605
Q8A5A0_BACTN/6-66     2.85557737    2.93906399    3.90469454    4.01017342    3.50709542    2.86374551    2.59252241    3.28886085    5.12394659    4.76428513    6.03867452    6.68797276    3.11604003    3.20178092    3.97594908    3.25138520    3.18934207    1.97088364    1.84090102    0.00000000    2.72800607    2.26090894    2.07512619    2.90365432    3.96142762    3.84858615    3.76743141    4.49018441
S3TC2_MOUSE/180-237     3.00779345    3.46471449    3.25116521    3.96380727    2.96300292    2.92348733    3.13213140    3.34469153    2.67590340    2.78601777    2.50068417    3.00138672    2.00571878    3.02712781    2.72469334    1.99483246    2.95272150    2.61750021    4.03039348    2.72800607    0.00000000    2.02302260    1.84811391    3.03827444    2.34570700    2.35210628    2.28850384    2.54844142
STAC3_HUMAN/310-364     2.80471520    2.70169119    2.34390615    3.19692216    2.42702167    3.29787867    3.59630555    2.18747230    4.45317501    3.90426711    3.82400723    3.98874403    4.41975221    3.09728533    3.02730172    2.29852073    3.04451045    3.43909345    3.57820440    2.26090894    2.02302260    0.00000000    0.87364837    2.15937202    2.75319997    3.79612124    3.71115182    3.53579443
E9PEA7_HUMAN/287-341     3.16460586    2.40778976    2.89393639    2.99204626    2.83748949    2.96686613    2.69214276    2.16501138    3.97087672    3.45286105    3.87278156    4.11090708    3.92010148    3.28526804    3.63692655    2.72079253    3.04076430    3.40164806    2.79156409    2.07512619    1.84811391    0.87364837    0.00000000    2.49437381    3.71282188    3.39020105    3.42241363    3.69377783
Q8RBE1_CALS4/35-95     3.57202047    4.50020915    3.15093469    4.33001717    3.31649999    3.27353093    3.94985041    4.22414206    4.38643406    4.11316258    3.39383489    4.05292410    3.42345709    2.95586428    2.47641124    2.64455031    1.96833943    2.95201610    3.09949489    2.90365432    3.03827444    2.15937202    2.49437381    0.00000000    3.30565160    3.42077160    3.71015716    3.31964437
Q8T196_DICDI/189-242     2.52734369    2.78464815    2.25165182    3.36217179    2.61963338    2.81179147    2.61617438    3.12361072    3.60497194    4.65545325    3.59262525    3.34056903    2.50712061    2.93614431    2.94470226    3.07736043    3.67494761    4.41287631    4.30985579    3.96142762    2.34570700    2.75319997    3.71282188    3.30565160    0.00000000    2.07825031    1.81564087    1.89611080
CRKL_HUMAN/239-294     2.30486350    3.17266301    2.83225509    3.46140723    2.76938110    2.43963420    2.44637036    3.83473946    2.87914031    3.20093741    3.43673484    2.98484458    1.90782574    2.63950313    2.26059314    2.86974347    2.47644072    4.08616470    2.92383253    3.84858615    2.35210628    3.79612124    3.39020105    3.42077160    2.07825031    0.00000000    0.35769961    0.41544970
U3IIU1_ANAPP/241-296     2.59049139    2.75017535    2.69275243    3.57517086    2.72145478    2.86654086    2.42527183    4.22226963    3.10227876    3.23712737    3.55851645    3.19326317    2.01180387    2.89089670    2.55019484    2.89967554    2.67903463    3.53210294    3.08329832    3.76743141    2.28850384    3.71115182    3.42241363    3.71015716    1.81564087    0.35769961    0.00000000    0.34254944
Q95RW2_DROME/185-240     2.54828452    3.13221505    2.62852948    3.37932714    2.85628767    2.70482482    2.28195003    4.21227784    3.09838605    3.52197699    3.34520258    2.82757558    1.89649070    2.43772218    2.36724191    3.03811001    2.99682506    4.01222062    2.97035605    4.49018441    2.54844142    3.53579443    3.69377783    3.31964437    1.89611080    0.41544970    0.34254944    0.00000000

