30
A1K6C9_AZOSB/4-122     0.00000000    0.53434365    0.58325434    0.55892419    0.56123755    0.46502053    0.48795820    0.46157352    0.48412736    0.61087175    0.64083510    0.67157306    0.62987897    1.36559979    1.56473109    1.31109952    1.14456216    1.09601857    1.11606875    1.15556566    1.05022297    1.06546087    1.26363117    0.98100143    0.93144119    1.09185808    1.31044638    1.12612883    1.06370556    0.63377306
Q5P1W0_AROAE/4-122     0.53434365    0.00000000    0.50729345    0.46397161    0.55012702    0.39680709    0.58819120    0.42193422    0.53394575    0.50616130    0.59978383    0.63253926    0.72968949    1.08963396    1.50453226    1.14288914    0.97595291    1.03171535    1.14546751    0.98417174    0.99073298    1.03878080    1.15935296    1.03171220    1.24152838    0.96758266    1.18668912    1.09653744    1.07931859    0.57674738
Q1QG35_NITHX/6-124     0.58325434    0.50729345    0.00000000    0.41689935    0.55768918    0.43371293    0.52498484    0.47944106    0.51058035    0.57831117    0.61974634    0.67412077    0.71440654    1.19335716    1.34278853    1.24840292    1.05075685    1.14320671    1.12573932    1.12291396    1.08721337    1.01144282    1.28006598    1.03719458    1.25388220    1.07272349    1.10149413    1.15794799    1.18961827    0.61618947
Q92X66_RHIME/21-144     0.55892419    0.46397161    0.41689935    0.00000000    0.61398243    0.39613059    0.49233143    0.51655252    0.52098234    0.53443817    0.70268052    0.65068020    0.68265127    1.02029704    1.44480641    1.09162377    1.04156337    1.04662048    1.06905803    0.93842997    1.03023059    1.00557922    1.07639262    0.98777482    1.19249780    0.99854116    1.14638914    1.07707741    1.02437395    0.55275975
Q2IP48_ANADE/4-122     0.56123755    0.55012702    0.55768918    0.61398243    0.00000000    0.54269550    0.60288542    0.62620190    0.56792175    0.54103529    0.59736187    0.76437815    0.50113831    1.18951572    1.39162329    1.25640975    0.98004270    0.95660125    1.04100236    1.02468391    1.01941669    1.03870114    1.22751701    1.03684718    1.47875462    0.90994934    1.08112149    1.28624542    1.16222132    0.65340902
Q1ASJ6_RUBXD/6-124     0.46502053    0.39680709    0.43371293    0.39613059    0.54269550    0.00000000    0.29161652    0.33461495    0.31521330    0.37182255    0.41896101    0.43017327    0.47987836    1.10262527    1.20504044    1.20366754    1.01099389    0.90086067    0.95853955    0.97624761    0.91989877    0.99170999    1.16727324    0.76976165    0.91756552    0.85313590    0.97866829    0.80386636    0.89321259    0.55438544
K9W4V9_9CYAN/5-123     0.48795820    0.58819120    0.52498484    0.49233143    0.60288542    0.29161652    0.00000000    0.30103139    0.24969692    0.36789764    0.43593084    0.38928493    0.46848924    1.34247201    1.24676974    1.27988294    1.02963246    0.77850365    0.86714568    0.93000926    0.89976042    0.92655759    1.14980729    0.82457531    1.05527059    0.83024368    0.97614532    0.96730368    0.88724200    0.54414855
Q3JDW0_NITOC/5-123     0.46157352    0.42193422    0.47944106    0.51655252    0.62620190    0.33461495    0.30103139    0.00000000    0.28406920    0.37435046    0.40323233    0.50797130    0.60096465    1.26530862    1.21877175    1.21546271    0.97942088    0.83933029    0.85657857    0.91559627    0.79947325    0.96954262    1.08566588    0.84606097    1.11999868    0.87889965    1.02750532    0.95168602    0.91817986    0.61978488
Q8YSC3_NOSS1/5-123     0.48412736    0.53394575    0.51058035    0.52098234    0.56792175    0.31521330    0.24969692    0.28406920    0.00000000    0.36980344    0.46675922    0.44256540    0.51898988    1.34038457    1.35637029    1.24707461    1.14516882    0.90903649    0.97677509    1.04912671    0.95107838    1.03582276    1.27076182    0.80368335    1.15195894    0.89708612    0.94781040    0.91707801    0.82984922    0.63173341
L0IEM1_HALRX/2-118     0.61087175    0.50616130    0.57831117    0.53443817    0.54103529    0.37182255    0.36789764    0.37435046    0.36980344    0.00000000    0.30961304    0.36002557    0.55971157    1.12460201    1.21876970    1.16055132    0.89728887    0.86331098    0.90482563    0.89629086    0.90729533    1.00313938    1.14237184    0.90361817    1.04720656    0.96004929    1.06791051    0.98298323    0.74269630    0.64455950
L0K359_9EURY/2-120     0.64083510    0.59978383    0.61974634    0.70268052    0.59736187    0.41896101    0.43593084    0.40323233    0.46675922    0.30961304    0.00000000    0.27051768    0.49529812    1.18161728    1.20152846    1.16428969    0.78982869    0.87878122    0.84916462    1.02562886    0.90470240    0.94538415    1.18723915    1.03580634    1.16489413    0.93733839    1.01958717    0.98954093    0.79790884    0.64429976
D3SYP0_NATMM/3-121     0.67157306    0.63253926    0.67412077    0.65068020    0.76437815    0.43017327    0.38928493    0.50797130    0.44256540    0.36002557    0.27051768    0.00000000    0.54556230    1.12339326    1.18610279    1.10348007    0.94512813    0.80163308    0.83526750    0.96297587    0.80783204    0.91792875    1.17303896    1.00014870    1.16244089    1.07796344    1.13441243    1.03900733    0.96478591    0.65398150
D1CHI6_THET1/4-122     0.62987897    0.72968949    0.71440654    0.68265127    0.50113831    0.47987836    0.46848924    0.60096465    0.51898988    0.55971157    0.49529812    0.54556230    0.00000000    1.00748644    1.10786156    1.13324865    0.82763804    0.72839586    0.88847789    0.87809151    0.87052701    0.90392970    1.15063023    0.79944000    1.12857096    0.80590363    0.88131467    1.15675959    0.91396759    0.63254346
Q9X0F9_THEMA/2-112     1.36559979    1.08963396    1.19335716    1.02029704    1.18951572    1.10262527    1.34247201    1.26530862    1.34038457    1.12460201    1.18161728    1.12339326    1.00748644    0.00000000    1.09553191    1.16034516    1.12227243    1.36561587    1.37678129    1.25182318    1.25891398    1.12244924    1.31689135    1.52722324    1.47117327    1.46070506    1.43351239    1.72494282    1.43553002    1.24115586
D7BCW4_MEISD/8-126     1.56473109    1.50453226    1.34278853    1.44480641    1.39162329    1.20504044    1.24676974    1.21877175    1.35637029    1.21876970    1.20152846    1.18610279    1.10786156    1.09553191    0.00000000    1.07124134    0.92350288    0.96266402    1.05623622    0.98076789    1.14672693    1.06547682    1.25902205    1.61209121    1.72234811    1.42182088    1.56973321    1.89682046    1.59208258    1.50964446
B8E1T9_DICTD/5-122     1.31109952    1.14288914    1.24840292    1.09162377    1.25640975    1.20366754    1.27988294    1.21546271    1.24707461    1.16055132    1.16428969    1.10348007    1.13324865    1.16034516    1.07124134    0.00000000    0.79248834    1.08654551    1.29797101    1.04173221    1.10944400    1.03822867    1.21200444    1.56381053    1.90933238    1.61578099    1.76687907    1.87404572    1.71831702    1.21345591
Q1AVD1_RUBXD/10-126     1.14456216    0.97595291    1.05075685    1.04156337    0.98004270    1.01099389    1.02963246    0.97942088    1.14516882    0.89728887    0.78982869    0.94512813    0.82763804    1.12227243    0.92350288    0.79248834    0.00000000    0.72420857    0.93105343    0.70401874    0.78175051    0.67912839    0.94991160    1.20547105    1.63650377    1.10094310    1.27363345    1.65902870    1.39486526    0.83617355
L0EAZ1_THECK/5-121     1.09601857    1.03171535    1.14320671    1.04662048    0.95660125    0.90086067    0.77850365    0.83933029    0.90903649    0.86331098    0.87878122    0.80163308    0.72839586    1.36561587    0.96266402    1.08654551    0.72420857    0.00000000    0.50745231    0.50932844    0.48225610    0.81024893    0.77712544    1.15807026    1.50593609    1.04119850    1.31422309    1.49247552    1.15261926    1.00931330
D3E7W3_GEOS4/3-120     1.11606875    1.14546751    1.12573932    1.06905803    1.04100236    0.95853955    0.86714568    0.85657857    0.97677509    0.90482563    0.84916462    0.83526750    0.88847789    1.37678129    1.05623622    1.29797101    0.93105343    0.50745231    0.00000000    0.52766470    0.49812323    0.77280194    0.77685042    1.16499662    1.70481844    1.17195563    1.48647134    1.48760228    1.39996575    1.11439346
E3ECN1_PAEPS/17-132     1.15556566    0.98417174    1.12291396    0.93842997    1.02468391    0.97624761    0.93000926    0.91559627    1.04912671    0.89629086    1.02562886    0.96297587    0.87809151    1.25182318    0.98076789    1.04173221    0.70401874    0.50932844    0.52766470    0.00000000    0.41284945    0.73439678    0.91374855    1.29421526    1.69338857    1.11852809    1.33069960    1.47938478    1.39976561    0.95625914
Q65EX8_BACLD/2-118     1.05022297    0.99073298    1.08721337    1.03023059    1.01941669    0.91989877    0.89976042    0.79947325    0.95107838    0.90729533    0.90470240    0.80783204    0.87052701    1.25891398    1.14672693    1.10944400    0.78175051    0.48225610    0.49812323    0.41284945    0.00000000    0.67691864    0.83887423    1.20010455    1.56811745    1.19754382    1.41885739    1.40242838    1.20893864    0.88117661
L7VLT3_THES1/5-122     1.06546087    1.03878080    1.01144282    1.00557922    1.03870114    0.99170999    0.92655759    0.96954262    1.03582276    1.00313938    0.94538415    0.91792875    0.90392970    1.12244924    1.06547682    1.03822867    0.67912839    0.81024893    0.77280194    0.73439678    0.67691864    0.00000000    0.80509044    1.22158417    1.60622443    1.12869993    1.30004741    1.64375447    1.34297386    0.99273213
C8WTL0_ALIAD/5-115     1.26363117    1.15935296    1.28006598    1.07639262    1.22751701    1.16727324    1.14980729    1.08566588    1.27076182    1.14237184    1.18723915    1.17303896    1.15063023    1.31689135    1.25902205    1.21200444    0.94991160    0.77712544    0.77685042    0.91374855    0.83887423    0.80509044    0.00000000    1.05327158    1.50656145    1.31961011    1.68071662    1.84236077    1.74900253    1.11765750
F6EGD4_HOYSD/6-118     0.98100143    1.03171220    1.03719458    0.98777482    1.03684718    0.76976165    0.82457531    0.84606097    0.80368335    0.90361817    1.03580634    1.00014870    0.79944000    1.52722324    1.61209121    1.56381053    1.20547105    1.15807026    1.16499662    1.29421526    1.20010455    1.22158417    1.05327158    0.00000000    0.81957163    0.79476624    0.88165193    0.99382947    0.95018888    0.85886955
S5ST63_9CORY/12-123     0.93144119    1.24152838    1.25388220    1.19249780    1.47875462    0.91756552    1.05527059    1.11999868    1.15195894    1.04720656    1.16489413    1.16244089    1.12857096    1.47117327    1.72234811    1.90933238    1.63650377    1.50593609    1.70481844    1.69338857    1.56811745    1.60622443    1.50656145    0.81957163    0.00000000    1.01890146    0.95673124    1.11272835    1.02712206    1.17469201
C1D3V6_DEIDV/4-122     1.09185808    0.96758266    1.07272349    0.99854116    0.90994934    0.85313590    0.83024368    0.87889965    0.89708612    0.96004929    0.93733839    1.07796344    0.80590363    1.46070506    1.42182088    1.61578099    1.10094310    1.04119850    1.17195563    1.11852809    1.19754382    1.12869993    1.31961011    0.79476624    1.01890146    0.00000000    0.62053690    0.97139586    0.82024884    0.93329880
F4FEU2_MICM1/4-123     1.31044638    1.18668912    1.10149413    1.14638914    1.08112149    0.97866829    0.97614532    1.02750532    0.94781040    1.06791051    1.01958717    1.13441243    0.88131467    1.43351239    1.56973321    1.76687907    1.27363345    1.31422309    1.48647134    1.33069960    1.41885739    1.30004741    1.68071662    0.88165193    0.95673124    0.62053690    0.00000000    1.00646256    0.97545198    1.02004608
Q92X64_RHIME/4-122     1.12612883    1.09653744    1.15794799    1.07707741    1.28624542    0.80386636    0.96730368    0.95168602    0.91707801    0.98298323    0.98954093    1.03900733    1.15675959    1.72494282    1.89682046    1.87404572    1.65902870    1.49247552    1.48760228    1.47938478    1.40242838    1.64375447    1.84236077    0.99382947    1.11272835    0.97139586    1.00646256    0.00000000    1.00793944    1.03414249
D3T1J3_NATMM/26-144     1.06370556    1.07931859    1.18961827    1.02437395    1.16222132    0.89321259    0.88724200    0.91817986    0.82984922    0.74269630    0.79790884    0.96478591    0.91396759    1.43553002    1.59208258    1.71831702    1.39486526    1.15261926    1.39996575    1.39976561    1.20893864    1.34297386    1.74900253    0.95018888    1.02712206    0.82024884    0.97545198    1.00793944    0.00000000    0.97187270
H8GQV0_METAL/3-121     0.63377306    0.57674738    0.61618947    0.55275975    0.65340902    0.55438544    0.54414855    0.61978488    0.63173341    0.64455950    0.64429976    0.65398150    0.63254346    1.24115586    1.50964446    1.21345591    0.83617355    1.00931330    1.11439346    0.95625914    0.88117661    0.99273213    1.11765750    0.85886955    1.17469201    0.93329880    1.02004608    1.03414249    0.97187270    0.00000000

