59
Q62S95_BACLD/135-227     0.00000000    0.70808417    1.02311998    0.57521426    0.83554706    1.19643516    1.32012876    0.69044094    1.00787636    0.92477394    1.27523665    0.86429672    0.89288405    1.49040783    1.62946433    1.37409574    1.36757343    1.43655333    1.30583986    1.12895362    1.13420393    1.09166983    1.14888722    1.08726573    1.24013164    1.27510022    1.08325217    0.70697069    1.05913622    1.10232936    1.17758712    0.93066892    1.42140595    1.07115953    1.23490068    1.03528564    0.97020937    0.82991595    1.25881804    1.65171694    1.33712002    0.64242541    0.75543630    0.65008810    0.90699313    0.87324173    0.80129049    0.93271268    1.29940465    1.16719606    1.08494850    1.26690746    0.87292065    1.00392856    0.83969478    0.88250560    0.92008563    0.72915283    0.85232277
A0A0B0HRX1_9BACI/36-128     0.70808417    0.00000000    0.77357629    0.60864718    0.85681563    0.98440008    1.37849518    0.85922273    1.16102071    1.25792086    1.43486031    1.17355084    0.88578918    1.38724223    1.45117948    1.76601988    1.64345710    1.55091557    1.04581273    1.15347208    1.19748496    1.15327231    1.29314228    1.23387711    0.98856687    1.38321843    1.32802874    0.65125644    1.05550272    1.11185008    1.10080445    1.14819694    1.23993463    1.14281307    1.06421037    1.01971570    1.17866314    0.96026902    1.19935474    1.43897180    1.01816996    0.69961678    0.75218201    0.81228956    0.74677794    0.94199078    0.70831789    0.75066430    1.15090645    0.90533095    1.00325805    1.21408137    0.98146800    0.99349614    0.95516445    1.08435306    0.96653709    0.80711015    1.04516055
A0A0N0EB01_9BACI/115-207     1.02311998    0.77357629    0.00000000    0.99583578    1.16806744    1.27437824    1.51756483    1.12925730    1.19691952    1.28732502    1.60265183    1.18355476    1.42416338    2.04440915    1.92612976    1.82270767    1.55053798    1.72365456    1.38060678    1.25470251    1.74224549    1.41483645    1.69157622    1.82500223    1.68276641    1.86422499    1.95085806    1.30627173    1.32561339    1.29254544    1.41544289    1.33781067    1.48502737    1.55884223    1.46884904    1.51153738    1.44256737    1.18387372    1.43609019    1.92031181    1.32996125    1.06768329    0.95761425    1.26340562    1.29183307    1.09141945    1.03540884    1.38607730    1.23276746    1.17031593    1.22730447    1.22788476    1.51605024    1.28887378    1.16283675    1.14361058    1.09103856    1.09804516    1.26453578
A0A077J4S3_9BACI/128-221     0.57521426    0.60864718    0.99583578    0.00000000    0.88294256    1.08250933    1.23098893    0.79906190    1.19082529    1.06944705    1.22170649    0.97941111    1.08034018    1.59289487    1.66287373    1.58834431    1.56983771    1.80734469    1.13691566    1.12808556    1.26782248    1.16987139    1.25176935    1.25407680    1.15305137    1.45456484    1.56917248    0.94198003    1.19763405    1.34941392    1.13758340    1.05880861    1.16536352    1.09993517    1.13246248    1.08726842    1.24995756    1.02216471    1.38909948    1.41315682    1.25303809    0.72715200    0.81525596    0.60611131    0.86511174    0.84623340    0.76724626    0.83858032    1.19472090    0.97769206    1.04134822    1.04137366    0.83811558    1.00435169    0.83705326    0.72008546    0.89466927    0.64778104    0.84276843
D5DSZ1_BACMQ/128-220     0.83554706    0.85681563    1.16806744    0.88294256    0.00000000    1.08969968    1.05090281    0.90635598    0.85683030    0.97698048    1.25325499    1.04389869    0.71794310    1.65751213    1.54681681    1.49605827    1.74891121    1.58573369    1.26302077    1.35130170    1.26625419    1.07930695    1.30803075    1.14250391    1.41236397    1.12459185    1.39061968    1.00525866    1.17105358    1.40355796    1.25300380    1.01423911    1.76677853    1.36639346    1.41808384    1.37533619    1.16008621    1.08148853    1.37246244    1.98197385    1.30057484    0.56735549    0.81368431    0.98524698    1.15267607    1.18700152    0.80641928    1.12993840    1.36373269    1.27564001    1.23823585    1.31806452    1.02961385    0.93017769    1.11982462    1.11289922    0.98541907    1.02239703    0.85620984
Q81BH2_BACCR/141-232     1.19643516    0.98440008    1.27437824    1.08250933    1.08969968    0.00000000    0.58281998    1.05674092    1.53964782    1.26814975    1.84593069    1.82893049    1.33833265    1.83484143    2.25635777    1.81273600    1.98339882    1.86695781    1.43075325    1.45658228    1.35671565    1.54356349    1.60033967    1.50908751    1.43535297    1.67523636    1.44746245    1.41572634    1.59642080    1.31416330    1.31411358    1.46984103    1.32371304    1.37934969    1.54600917    1.78753370    1.54340166    1.25285271    1.54862358    2.19661723    1.42108669    0.93455051    1.03072268    1.31235249    1.13501409    1.45573610    1.33842136    1.12218021    1.62375016    1.30755017    1.47183124    1.27172070    1.61129258    1.39516937    1.17778680    1.46935132    1.18306100    1.19873129    1.23055623
Q817Z9_BACCR/126-219     1.32012876    1.37849518    1.51756483    1.23098893    1.05090281    0.58281998    0.00000000    1.33148379    1.41946787    1.43438146    2.09492065    1.79529456    1.21065495    2.23443360    2.53705608    1.75888941    2.10515707    2.06224431    2.03472257    1.84409548    1.69956241    1.42075654    1.79438813    1.72030558    1.87970511    1.84808540    1.47339619    1.37888721    1.73127929    1.49164025    1.70906538    1.59905322    1.56390597    1.37153764    1.39430225    1.56151142    1.52745193    1.34264892    1.82001706    2.03658704    1.36144138    1.08593162    1.40667577    1.40119269    1.43142500    1.79895867    1.51536228    1.35755288    1.98830315    1.69246986    1.75703083    1.59510121    1.82114448    1.40805526    1.25972714    1.82544040    1.13207129    1.48230781    1.21534671
A0A176JB18_9BACI/112-204     0.69044094    0.85922273    1.12925730    0.79906190    0.90635598    1.05674092    1.33148379    0.00000000    0.94685048    0.76367377    1.15614051    1.04811706    0.91570203    1.60104463    1.61467252    1.24732952    1.69617907    1.70323324    1.10214655    1.01492935    1.20246009    1.06341096    1.13786743    1.22515215    1.06604550    1.47664124    1.32494249    0.96731296    1.19150841    1.27538595    1.13240271    1.04599362    1.34461781    1.16202228    1.23003294    1.29213192    1.39434821    1.10155373    1.34168201    1.76572002    1.16863177    0.83114542    0.79486185    0.99483208    1.04389669    1.09893314    1.08880609    1.05244695    1.30961193    1.02400148    1.13056666    1.32385912    1.10484509    1.11624778    1.01533480    1.14646074    0.93597382    0.80202216    0.93783436
A0A0J6CMY0_9BACI/129-224     1.00787636    1.16102071    1.19691952    1.19082529    0.85683030    1.53964782    1.41946787    0.94685048    0.00000000    0.83757790    1.32729389    1.20335982    1.12926507    1.79826559    2.12363520    1.70612093    1.99480659    1.85026341    1.74491290    1.42735140    1.45732132    1.22842214    1.36988163    1.24366133    1.51609357    1.49815173    1.66900199    1.12681029    1.56162484    1.36686420    1.49417706    1.34539381    1.81505447    1.75451592    1.71639770    1.54185252    1.68782823    1.40567804    1.54172794    2.56797821    1.54828191    0.86714765    0.85326690    1.10939395    1.27053192    1.23537063    0.88937475    1.14561336    1.14390313    1.30350741    1.53377458    1.41785876    1.18768681    1.10209052    1.37466862    1.36386418    1.18664773    1.37367451    1.33369697
A0A0V8JA74_9BACI/117-209     0.92477394    1.25792086    1.28732502    1.06944705    0.97698048    1.26814975    1.43438146    0.76367377    0.83757790    0.00000000    1.07221344    1.02949851    0.99152769    1.82304073    2.03172739    1.30138809    1.46939320    1.48294536    1.43684009    1.43286103    1.36138540    1.10893360    1.38103699    1.14865434    1.35860913    1.36733777    1.84073704    1.15839219    1.30991707    1.46389191    1.35680398    1.49146656    1.60905238    1.55824318    1.53822547    1.55871076    1.55356374    1.24011389    1.81911011    2.14263813    1.46254524    0.94873334    0.90158132    1.09190671    1.18814472    1.16093525    1.07270554    1.16267662    1.71955541    1.25813332    1.62776638    1.65608763    1.22999411    1.10928533    0.99500829    1.14153587    1.13397284    1.08675132    1.20380533
A0A0U1QQW9_9BACL/97-187     1.27523665    1.43486031    1.60265183    1.22170649    1.25325499    1.84593069    2.09492065    1.15614051    1.32729389    1.07221344    0.00000000    1.07181423    1.27470396    1.67439674    1.74641656    1.70566101    1.78632951    1.78932646    1.93847270    2.00673735    1.86736364    1.63971612    1.77961469    1.97486572    2.13136139    1.75610241    2.15297916    1.44893788    1.55497492    1.67849532    1.82176680    1.22924455    1.98598157    2.08802252    2.09232382    1.61384319    1.92086300    1.65974036    1.90726565    2.72095535    1.70019510    1.37062916    1.28602585    1.51763227    1.59757005    1.33971858    1.34811251    1.54416533    1.80870996    1.33030221    2.04260565    2.02061166    1.88850767    1.29890865    1.50565635    1.45120888    1.22466633    1.47506311    1.45048928
A0A1X7CVR3_9BACI/151-241     0.86429672    1.17355084    1.18355476    0.97941111    1.04389869    1.82893049    1.79529456    1.04811706    1.20335982    1.02949851    1.07181423    0.00000000    1.04708336    1.58073873    1.80260861    1.60891017    1.90324114    1.62077196    1.71491590    1.43886246    1.56387153    1.26239023    1.38112546    1.53220324    1.50365658    1.42018112    1.81967162    1.01212909    1.54517328    1.61503371    1.45601288    1.26790911    1.87288804    1.53663217    1.60522755    1.49458048    1.35084268    1.55418210    1.62329911    2.12146359    1.39754935    0.77752294    1.02954497    1.34489289    1.63039192    1.63963452    1.10165668    1.48193468    1.32855649    1.28380825    1.49108683    1.62829859    1.45671875    1.33727372    1.31563822    1.54598405    1.37485834    1.19430469    1.13977483
A0A0K9GW76_9BACI/127-220     0.89288405    0.88578918    1.42416338    1.08034018    0.71794310    1.33833265    1.21065495    0.91570203    1.12926507    0.99152769    1.27470396    1.04708336    0.00000000    1.68206536    1.61700139    1.36632966    1.49924111    1.29287337    1.42038073    1.43902396    1.09933760    1.22425847    1.43650642    1.20315495    1.24436358    1.38034631    1.68731737    1.01786854    1.40026739    1.37435985    1.37586943    1.10236671    1.66668090    1.20826327    1.44850794    1.42059483    1.18478828    1.08371992    1.64708242    2.11726175    1.51462296    1.00201585    1.03367411    1.05854529    0.94929873    1.18744909    1.09525012    1.10756157    1.78680096    1.38199219    1.57601243    1.70023742    1.30609576    1.17397385    1.14159659    1.24688401    0.76590250    0.99366276    0.86481858
H3NE56_9LACT/155-240     1.49040783    1.38724223    2.04440915    1.59289487    1.65751213    1.83484143    2.23443360    1.60104463    1.79826559    1.82304073    1.67439674    1.58073873    1.68206536    0.00000000    1.11159394    1.92109405    2.11450079    1.80208881    2.69317225    2.68743029    1.78670994    1.92581290    2.21920105    2.09340387    2.44240245    2.23860774    2.21338742    1.63047623    1.64709241    1.38991237    1.16542397    1.96745936    2.54929547    1.86847974    2.17893515    2.42573458    2.33545724    2.20454333    2.32985209    2.56702989    2.29295317    1.29344090    1.44225735    1.80832255    1.60402532    2.21853077    1.55659257    1.94306265    2.01123344    2.17689384    2.24886765    1.94690187    1.81165996    2.21749108    2.09147307    2.32715537    2.09042251    2.03890894    1.85354655
A0A011RLG7_9LACT/148-233     1.62946433    1.45117948    1.92612976    1.66287373    1.54681681    2.25635777    2.53705608    1.61467252    2.12363520    2.03172739    1.74641656    1.80260861    1.61700139    1.11159394    0.00000000    2.23819968    2.38999270    1.73881061    2.14078317    2.40502248    1.79775017    1.73370559    1.97454300    1.90485357    1.61579297    1.68533183    2.11164302    1.42624778    1.30957585    1.41039501    1.23997853    1.37266771    1.96447133    1.53887786    2.04203820    1.73402843    1.84617794    1.64910490    2.04847057    2.73997051    1.93612047    1.28529343    1.36120338    1.57296179    1.60833125    2.24976836    1.65347861    1.89756982    1.89845822    1.82825992    1.57900665    1.86387782    1.66250641    1.51535098    1.63674524    1.63747722    1.63859300    1.46764528    1.46673609
Q5WHM0_BACSK/117-209     1.37409574    1.76601988    1.82270767    1.58834431    1.49605827    1.81273600    1.75888941    1.24732952    1.70612093    1.30138809    1.70566101    1.60891017    1.36632966    1.92109405    2.23819968    0.00000000    0.63097806    0.68581199    1.73265016    1.63714541    1.31449166    1.08545453    1.12997273    1.23516464    1.55864673    1.62645582    1.89304548    1.58409797    1.53575935    1.76123344    1.63279970    1.88377072    2.03366046    1.52423410    1.62482240    2.36825318    1.59796733    1.56023658    2.06985623    2.12106502    2.18907355    1.57814207    1.67397141    1.75672408    2.00763793    1.96246335    1.89517408    1.97688506    2.21926963    1.67143881    2.09508025    2.11382289    2.03390994    1.89352386    1.95941022    1.81206812    1.46453843    1.62439558    1.64698320
W7Z6I6_9BACI/122-214     1.36757343    1.64345710    1.55053798    1.56983771    1.74891121    1.98339882    2.10515707    1.69617907    1.99480659    1.46939320    1.78632951    1.90324114    1.49924111    2.11450079    2.38999270    0.63097806    0.00000000    0.56114014    1.98126744    1.82445891    1.48134922    1.24358288    1.47980775    1.54501073    1.86228141    1.74575565    2.19212942    1.79542773    1.65370679    1.91605239    1.64308439    1.81147003    2.13199596    1.77189299    1.98994162    1.96424071    1.62797143    1.94139635    1.82535935    2.54265350    2.14123449    1.63589758    1.70511116    1.87139835    2.16004795    1.72645146    1.81689242    1.98401097    2.12023991    1.79994301    2.31629095    1.76841756    2.03309965    2.03891735    1.77359632    1.69411851    1.42960429    1.61074580    1.82688818
A0A060M0D0_9BACI/104-196     1.43655333    1.55091557    1.72365456    1.80734469    1.58573369    1.86695781    2.06224431    1.70323324    1.85026341    1.48294536    1.78932646    1.62077196    1.29287337    1.80208881    1.73881061    0.68581199    0.56114014    0.00000000    1.91434205    2.32754984    1.64597139    1.44903849    1.60763665    1.48063476    2.04373957    1.75786099    2.19268603    1.57351346    1.67442715    1.80595481    1.56777135    1.58373760    2.03895014    1.82368438    1.82743494    2.04699591    1.59577529    1.78151538    1.76584164    2.44410597    1.94513517    1.62434380    1.71274580    2.04377800    2.04222596    2.13268311    1.75457714    2.06190192    1.95792573    2.14419616    2.01521953    1.83466638    2.11560979    1.61432448    1.91463168    2.04186937    1.58089237    1.75538385    1.73690159
E6TVC1_BACCJ/121-214     1.30583986    1.04581273    1.38060678    1.13691566    1.26302077    1.43075325    2.03472257    1.10214655    1.74491290    1.43684009    1.93847270    1.71491590    1.42038073    2.69317225    2.14078317    1.73265016    1.98126744    1.91434205    0.00000000    0.74921948    1.20880222    1.48347249    1.33104385    1.03056998    1.23970585    1.53020027    1.90148142    1.50795736    1.34734731    1.49242693    1.43321854    1.52160161    1.69907152    1.29831190    1.40196012    1.61956605    1.56074262    1.50799659    1.57977778    1.96698613    1.30099020    1.22623763    1.19029270    1.32887526    1.12652105    1.00039619    1.52017507    1.21249188    1.72368580    1.49380985    1.60528212    1.65441104    1.49397723    1.38960741    1.36451236    1.40959832    1.43691473    1.18872703    1.47685587
D6XWV8_BACIE/136-229     1.12895362    1.15347208    1.25470251    1.12808556    1.35130170    1.45658228    1.84409548    1.01492935    1.42735140    1.43286103    2.00673735    1.43886246    1.43902396    2.68743029    2.40502248    1.63714541    1.82445891    2.32754984    0.74921948    0.00000000    1.22457830    0.96544808    0.90167885    1.01218997    1.05720688    1.64035459    1.78096752    1.17459179    1.23123547    1.14780954    1.61348886    1.66751294    1.52463963    1.31158268    1.41139024    1.63847920    1.58980282    1.30153171    1.53301860    2.00644001    1.18656206    1.07522460    1.24855430    1.25522593    1.25189441    1.27022146    1.36851804    1.35570846    1.77024958    1.34772234    1.52495481    1.74006136    1.51204969    1.53512663    1.60434207    1.22090411    1.31911557    1.28553351    1.53590475
W4QSJ2_BACA3/101-193     1.13420393    1.19748496    1.74224549    1.26782248    1.26625419    1.35671565    1.69956241    1.20246009    1.45732132    1.36138540    1.86736364    1.56387153    1.09933760    1.78670994    1.79775017    1.31449166    1.48134922    1.64597139    1.20880222    1.22457830    0.00000000    0.73763632    0.83839413    0.82171880    0.79544662    1.24765865    1.40060152    1.14443847    1.12627242    1.20557475    1.09992680    1.39842155    1.71923881    1.30553883    1.30169062    1.50834600    1.39722912    1.25442865    1.63174869    1.90447364    1.55039640    1.01444134    1.17299266    1.21049833    1.07104417    1.16642324    1.25857641    1.09519299    1.76143557    1.30368525    1.58324248    1.44262341    1.47409322    1.08198577    1.33430547    1.38348881    1.02765765    0.86870033    1.25141692
W4Q452_9BACI/102-193     1.09166983    1.15327231    1.41483645    1.16987139    1.07930695    1.54356349    1.42075654    1.06341096    1.22842214    1.10893360    1.63971612    1.26239023    1.22425847    1.92581290    1.73370559    1.08545453    1.24358288    1.44903849    1.48347249    0.96544808    0.73763632    0.00000000    0.66969489    0.85675025    0.80000639    1.51214834    1.56399036    1.03419934    1.10467030    1.53671179    1.40791210    1.42342417    1.74345672    1.53119051    1.31074237    1.84286994    1.54332878    1.32737499    1.73859505    2.01743575    1.60743727    1.02493996    1.03249287    1.24114546    1.27388782    1.46328097    1.19270016    1.29732518    1.65360640    1.37227510    1.51902990    1.42641681    1.32256822    1.29032786    1.33346754    1.26282579    1.02417657    1.11486581    1.22251746
Q9KDD6_BACHD/90-183     1.14888722    1.29314228    1.69157622    1.25176935    1.30803075    1.60033967    1.79438813    1.13786743    1.36988163    1.38103699    1.77961469    1.38112546    1.43650642    2.21920105    1.97454300    1.12997273    1.47980775    1.60763665    1.33104385    0.90167885    0.83839413    0.66969489    0.00000000    0.74309605    0.70438184    1.47679820    1.76809966    1.31757805    1.52485402    1.70629441    1.70310101    1.66396651    1.80216327    1.75311150    1.58228998    2.06812489    1.65790782    1.77602011    2.02300708    2.12377229    1.94031733    1.13591889    1.29770022    1.26921051    1.45303904    1.47408745    1.35428395    1.25012869    1.60193592    1.16727870    1.59408213    1.41845980    1.37672975    1.46855012    1.54855777    1.41855176    1.16773148    1.21682676    1.57426628
D3FW05_ALKPO/103-194     1.08726573    1.23387711    1.82500223    1.25407680    1.14250391    1.50908751    1.72030558    1.22515215    1.24366133    1.14865434    1.97486572    1.53220324    1.20315495    2.09340387    1.90485357    1.23516464    1.54501073    1.48063476    1.03056998    1.01218997    0.82171880    0.85675025    0.74309605    0.00000000    0.57926383    1.04622340    1.31109698    1.10412739    1.12089540    1.51628818    0.97446954    1.07026413    1.51511416    1.22341391    1.13750237    1.70274196    1.56073552    1.20033768    1.87302420    2.02188340    1.57551810    0.91212648    1.02215976    1.09118241    0.92094055    1.17463215    1.12355535    1.25866048    1.56456553    1.20144832    1.48046557    1.50502927    1.21138163    1.20822932    1.18681093    1.19295593    1.06291165    1.14946850    1.16439569
X0R9Y7_9BACI/121-212     1.24013164    0.98856687    1.68276641    1.15305137    1.41236397    1.43535297    1.87970511    1.06604550    1.51609357    1.35860913    2.13136139    1.50365658    1.24436358    2.44240245    1.61579297    1.55864673    1.86228141    2.04373957    1.23970585    1.05720688    0.79544662    0.80000639    0.70438184    0.57926383    0.00000000    1.03254330    1.53999051    1.17845806    1.24599853    1.54165650    1.19414943    1.44176932    1.68757534    1.35765224    1.27491005    1.68662540    1.44057817    1.21975293    1.62370158    1.75861639    1.40864902    0.96245527    1.03580152    1.04719556    1.00478492    1.13703501    1.09166546    1.03520120    1.39269837    1.10393988    1.05557631    1.36781093    1.06373530    1.19395049    1.11904334    1.24331135    1.12059846    0.96513089    1.20477406
K2FMT9_9BACI/139-233     1.27510022    1.38321843    1.86422499    1.45456484    1.12459185    1.67523636    1.84808540    1.47664124    1.49815173    1.36733777    1.75610241    1.42018112    1.38034631    2.23860774    1.68533183    1.62645582    1.74575565    1.75786099    1.53020027    1.64035459    1.24765865    1.51214834    1.47679820    1.04622340    1.03254330    0.00000000    1.19957948    0.93971257    1.13146702    1.45654453    0.98739423    1.13138367    1.62514147    1.23620257    1.27215129    1.44568873    1.23708783    1.26525483    1.48573817    1.97722398    1.50517341    0.82750192    1.12740769    1.23047761    1.18073264    1.02280315    1.04776623    1.32867583    1.41848577    1.17360749    1.49833294    1.59919678    1.41766564    1.20246425    1.53425626    1.50575491    1.26063418    1.30551881    1.12152030
A0A024P7U5_9BACI/124-218     1.08325217    1.32802874    1.95085806    1.56917248    1.39061968    1.44746245    1.47339619    1.32494249    1.66900199    1.84073704    2.15297916    1.81967162    1.68731737    2.21338742    2.11164302    1.89304548    2.19212942    2.19268603    1.90148142    1.78096752    1.40060152    1.56399036    1.76809966    1.31109698    1.53999051    1.19957948    0.00000000    0.67481856    0.94834697    1.07140412    1.07015647    1.20180876    1.31831426    1.19055740    0.97381438    1.31133235    1.16678358    0.97281378    1.47628146    2.14625662    1.72120102    0.96908670    1.19904784    1.20011876    1.17082266    1.56760239    1.20023965    1.13338684    1.56764834    1.24604633    1.07903834    1.34061795    1.44767507    1.39959771    1.37625866    1.93951834    1.18102587    1.52422539    1.33810420
I0JP82_HALH3/153-247     0.70697069    0.65125644    1.30627173    0.94198003    1.00525866    1.41572634    1.37888721    0.96731296    1.12681029    1.15839219    1.44893788    1.01212909    1.01786854    1.63047623    1.42624778    1.58409797    1.79542773    1.57351346    1.50795736    1.17459179    1.14443847    1.03419934    1.31757805    1.10412739    1.17845806    0.93971257    0.67481856    0.00000000    0.86512437    0.93390805    0.90076168    0.90882931    1.09799379    0.82127091    0.82670212    1.01110843    0.94163822    0.64348500    1.26776264    1.72319165    1.28379901    0.63765004    0.80343552    0.83689428    0.90613564    1.00120665    0.65683788    0.88403125    1.21627424    0.90232037    1.14963284    1.31222097    0.96544209    0.98722637    1.05416247    1.29913528    0.90505808    0.82108928    0.90143680
A0A0K0GEQ9_9FIRM/121-212     1.05913622    1.05550272    1.32561339    1.19763405    1.17105358    1.59642080    1.73127929    1.19150841    1.56162484    1.30991707    1.55497492    1.54517328    1.40026739    1.64709241    1.30957585    1.53575935    1.65370679    1.67442715    1.34734731    1.23123547    1.12627242    1.10467030    1.52485402    1.12089540    1.24599853    1.13146702    0.94834697    0.86512437    0.00000000    0.59843500    0.62963954    0.83614541    0.84564549    0.87600464    0.97485926    1.25545084    0.95553063    0.92267440    1.25572715    1.56746026    1.04278681    0.95021182    1.03128519    1.04822821    1.02169802    1.16928544    1.05912700    1.30797074    1.43783604    1.35519836    1.43360033    1.49638730    1.35313441    1.11100023    1.31085298    1.21842017    1.01677834    1.20542794    1.27705988
A0A075JPL4_9BACI/127-218     1.10232936    1.11185008    1.29254544    1.34941392    1.40355796    1.31416330    1.49164025    1.27538595    1.36686420    1.46389191    1.67849532    1.61503371    1.37435985    1.38991237    1.41039501    1.76123344    1.91605239    1.80595481    1.49242693    1.14780954    1.20557475    1.53671179    1.70629441    1.51628818    1.54165650    1.45654453    1.07140412    0.93390805    0.59843500    0.00000000    0.65436905    0.99093461    1.04619950    1.03813535    1.23487617    1.51904938    1.14816802    0.99131490    1.29512943    1.80301096    0.98388767    1.08842988    1.15553582    1.17308720    1.11961837    1.36260643    1.17859042    1.16570712    1.40975424    1.25631420    1.74585559    1.49507729    1.41045015    1.38830835    1.31555527    1.42168277    1.13819016    1.39258219    1.51089170
U5SD30_9LACT/116-207     1.17758712    1.10080445    1.41544289    1.13758340    1.25300380    1.31411358    1.70906538    1.13240271    1.49417706    1.35680398    1.82176680    1.45601288    1.37586943    1.16542397    1.23997853    1.63279970    1.64308439    1.56777135    1.43321854    1.61348886    1.09992680    1.40791210    1.70310101    0.97446954    1.19414943    0.98739423    1.07015647    0.90076168    0.62963954    0.65436905    0.00000000    0.79390157    0.86152790    0.88142114    0.82987729    1.12884589    1.02265244    0.96019668    1.00097173    1.79433723    0.97888405    0.88042459    0.99975431    1.04770569    0.88022792    1.12470638    1.16071251    1.33518075    1.22077080    1.06279465    1.41042142    1.24911159    1.26164115    1.09964493    1.13407552    1.41558206    0.96256126    1.07610798    1.22861245
A0A075LLR3_9BACI/112-205     0.93066892    1.14819694    1.33781067    1.05880861    1.01423911    1.46984103    1.59905322    1.04599362    1.34539381    1.49146656    1.22924455    1.26790911    1.10236671    1.96745936    1.37266771    1.88377072    1.81147003    1.58373760    1.52160161    1.66751294    1.39842155    1.42342417    1.66396651    1.07026413    1.44176932    1.13138367    1.20180876    0.90882931    0.83614541    0.99093461    0.79390157    0.00000000    0.83641454    1.01151298    1.05729587    1.05831788    1.06844618    1.07374147    1.08979875    2.11671771    1.12632681    1.05296025    1.06703394    1.08604225    1.08139715    1.14147469    1.00130952    1.33852051    1.28135959    1.22819241    1.35233237    1.27889612    1.26349834    1.01691339    1.30355472    1.23351999    0.73598495    0.95655207    0.91075797
A0A0A5ICJ5_9BACI/120-212     1.42140595    1.23993463    1.48502737    1.16536352    1.76677853    1.32371304    1.56390597    1.34461781    1.81505447    1.60905238    1.98598157    1.87288804    1.66668090    2.54929547    1.96447133    2.03366046    2.13199596    2.03895014    1.69907152    1.52463963    1.71923881    1.74345672    1.80216327    1.51511416    1.68757534    1.62514147    1.31831426    1.09799379    0.84564549    1.04619950    0.86152790    0.83641454    0.00000000    0.80371239    0.92553934    1.26802264    1.03957298    0.98201354    1.41985023    1.91836982    1.21828725    1.21968049    1.23845758    1.26442035    1.21565857    1.24424940    1.26623133    1.53418035    1.49471930    1.47026133    1.30157356    1.51937993    1.59016995    1.29550069    1.41571479    1.47670566    1.06579792    1.24743083    1.47519471
A0A0A2TA07_9BACI/140-232     1.07115953    1.14281307    1.55884223    1.09993517    1.36639346    1.37934969    1.37153764    1.16202228    1.75451592    1.55824318    2.08802252    1.53663217    1.20826327    1.86847974    1.53887786    1.52423410    1.77189299    1.82368438    1.29831190    1.31158268    1.30553883    1.53119051    1.75311150    1.22341391    1.35765224    1.23620257    1.19055740    0.82127091    0.87600464    1.03813535    0.88142114    1.01151298    0.80371239    0.00000000    0.59548574    1.25557477    0.97858109    0.87246673    1.32509376    1.69090289    1.09935561    1.00999305    1.04016864    1.15261631    0.97407965    1.27925710    1.15361881    1.35902071    1.38628054    1.27552566    1.22291727    1.53591070    1.16865238    0.92246551    1.11083834    1.29182545    1.04420866    0.98840252    1.15239877
A0A0A5GCP4_9BACI/97-188     1.23490068    1.06421037    1.46884904    1.13246248    1.41808384    1.54600917    1.39430225    1.23003294    1.71639770    1.53822547    2.09232382    1.60522755    1.44850794    2.17893515    2.04203820    1.62482240    1.98994162    1.82743494    1.40196012    1.41139024    1.30169062    1.31074237    1.58228998    1.13750237    1.27491005    1.27215129    0.97381438    0.82670212    0.97485926    1.23487617    0.82987729    1.05729587    0.92553934    0.59548574    0.00000000    1.28327125    1.15010551    0.75784649    1.14141495    1.86132219    1.24291044    1.08353736    1.06977528    1.16735807    1.08819128    1.39938187    1.10916381    1.26555773    1.31764502    1.09793870    1.30083373    1.46393178    1.38232336    0.96714897    1.13754375    1.41189834    1.05929613    1.15985132    1.11951722
D7UZ59_LISGR/112-206     1.03528564    1.01971570    1.51153738    1.08726842    1.37533619    1.78753370    1.56151142    1.29213192    1.54185252    1.55871076    1.61384319    1.49458048    1.42059483    2.42573458    1.73402843    2.36825318    1.96424071    2.04699591    1.61956605    1.63847920    1.50834600    1.84286994    2.06812489    1.70274196    1.68662540    1.44568873    1.31133235    1.01110843    1.25545084    1.51904938    1.12884589    1.05831788    1.26802264    1.25557477    1.28327125    0.00000000    1.07277647    1.13556902    1.35495936    1.91416726    1.30110851    1.11283212    1.01304379    0.97589540    1.10670492    0.99130457    0.98698858    1.25247406    1.30669755    1.20702403    1.26895699    1.63838397    1.36479765    0.94137661    1.05157200    1.18620714    1.05496022    1.05168908    1.46506117
A0A0A2URF9_9BACI/145-237     0.97020937    1.17866314    1.44256737    1.24995756    1.16008621    1.54340166    1.52745193    1.39434821    1.68782823    1.55356374    1.92086300    1.35084268    1.18478828    2.33545724    1.84617794    1.59796733    1.62797143    1.59577529    1.56074262    1.58980282    1.39722912    1.54332878    1.65790782    1.56073552    1.44057817    1.23708783    1.16678358    0.94163822    0.95553063    1.14816802    1.02265244    1.06844618    1.03957298    0.97858109    1.15010551    1.07277647    0.00000000    0.78781402    1.35585407    1.96119919    1.33433727    0.91824075    1.16313754    1.04963256    1.24364259    1.07008910    1.13296688    1.27458256    1.32295209    1.20199482    1.34887690    1.27135283    1.38078607    1.37682001    1.25480457    1.36325683    1.03854271    0.99226089    1.26932282
A0A0A5FWU4_9BACI/126-218     0.82991595    0.96026902    1.18387372    1.02216471    1.08148853    1.25285271    1.34264892    1.10155373    1.40567804    1.24011389    1.65974036    1.55418210    1.08371992    2.20454333    1.64910490    1.56023658    1.94139635    1.78151538    1.50799659    1.30153171    1.25442865    1.32737499    1.77602011    1.20033768    1.21975293    1.26525483    0.97281378    0.64348500    0.92267440    0.99131490    0.96019668    1.07374147    0.98201354    0.87246673    0.75784649    1.13556902    0.78781402    0.00000000    1.32541317    1.61944505    1.21743671    0.70458167    0.95237111    0.88767159    0.89355281    1.02813508    0.89376580    0.91695685    1.09833562    1.00757787    0.99954162    1.23641711    1.06831127    1.07322563    1.00685821    1.09692166    0.87806190    1.00848996    1.03779647
K0J7A0_AMPXN/121-212     1.25881804    1.19935474    1.43609019    1.38909948    1.37246244    1.54862358    1.82001706    1.34168201    1.54172794    1.81911011    1.90726565    1.62329911    1.64708242    2.32985209    2.04847057    2.06985623    1.82535935    1.76584164    1.57977778    1.53301860    1.63174869    1.73859505    2.02300708    1.87302420    1.62370158    1.48573817    1.47628146    1.26776264    1.25572715    1.29512943    1.00097173    1.08979875    1.41985023    1.32509376    1.14141495    1.35495936    1.35585407    1.32541317    0.00000000    2.10047526    0.91974211    1.23890402    1.47454103    1.43490521    1.30024597    1.46009037    1.21424742    1.52573789    1.53838002    1.55109340    1.73160032    1.56906764    1.53731257    1.27056175    1.29198633    1.63708391    1.36345366    1.31702592    1.29585899
A0A0Q3S830_9BACI/102-193     1.65171694    1.43897180    1.92031181    1.41315682    1.98197385    2.19661723    2.03658704    1.76572002    2.56797821    2.14263813    2.72095535    2.12146359    2.11726175    2.56702989    2.73997051    2.12106502    2.54265350    2.44410597    1.96698613    2.00644001    1.90447364    2.01743575    2.12377229    2.02188340    1.75861639    1.97722398    2.14625662    1.72319165    1.56746026    1.80301096    1.79433723    2.11671771    1.91836982    1.69090289    1.86132219    1.91416726    1.96119919    1.61944505    2.10047526    0.00000000    1.55995838    1.66969515    1.79154781    1.66093541    1.75779054    1.90423339    1.78916450    1.78412142    1.61648754    1.69719097    1.79041043    2.06787362    1.81560713    1.68481614    1.84656887    1.90847440    2.08301916    2.06662544    1.81019437
N4WEE8_9BACI/124-216     1.33712002    1.01816996    1.32996125    1.25303809    1.30057484    1.42108669    1.36144138    1.16863177    1.54828191    1.46254524    1.70019510    1.39754935    1.51462296    2.29295317    1.93612047    2.18907355    2.14123449    1.94513517    1.30099020    1.18656206    1.55039640    1.60743727    1.94031733    1.57551810    1.40864902    1.50517341    1.72120102    1.28379901    1.04278681    0.98388767    0.97888405    1.12632681    1.21828725    1.09935561    1.24291044    1.30110851    1.33433727    1.21743671    0.91974211    1.55995838    0.00000000    1.26921223    1.22703528    1.31864225    1.24807572    1.32359866    1.19537681    1.27095658    1.50076714    1.46298689    1.48031281    1.56415677    1.51874308    1.21575037    1.12721682    1.27281572    1.25539286    1.27655678    1.31069861
A0A0M0KYD1_9BACI/137-229     0.64242541    0.69961678    1.06768329    0.72715200    0.56735549    0.93455051    1.08593162    0.83114542    0.86714765    0.94873334    1.37062916    0.77752294    1.00201585    1.29344090    1.28529343    1.57814207    1.63589758    1.62434380    1.22623763    1.07522460    1.01444134    1.02493996    1.13591889    0.91212648    0.96245527    0.82750192    0.96908670    0.63765004    0.95021182    1.08842988    0.88042459    1.05296025    1.21968049    1.00999305    1.08353736    1.11283212    0.91824075    0.70458167    1.23890402    1.66969515    1.26921223    0.00000000    0.57018346    0.67798828    0.75566107    0.94703058    0.65370891    0.75487688    0.97153916    0.86332233    0.91739483    0.96054994    0.87530499    0.97196087    0.84846128    1.09056319    0.77254635    0.81377809    0.90937585
A0A0C2VPZ5_9BACL/194-287     0.75543630    0.75218201    0.95761425    0.81525596    0.81368431    1.03072268    1.40667577    0.79486185    0.85326690    0.90158132    1.28602585    1.02954497    1.03367411    1.44225735    1.36120338    1.67397141    1.70511116    1.71274580    1.19029270    1.24855430    1.17299266    1.03249287    1.29770022    1.02215976    1.03580152    1.12740769    1.19904784    0.80343552    1.03128519    1.15553582    0.99975431    1.06703394    1.23845758    1.04016864    1.06977528    1.01304379    1.16313754    0.95237111    1.47454103    1.79154781    1.22703528    0.57018346    0.00000000    0.62403749    0.81365734    0.73670064    0.58722224    0.68003371    0.96660644    0.83143852    0.95068200    1.04936991    0.86816083    0.81345925    0.71446894    0.77635140    0.83375734    0.67252633    0.87902847
A6CS11_9BACI/161-254     0.65008810    0.81228956    1.26340562    0.60611131    0.98524698    1.31235249    1.40119269    0.99483208    1.10939395    1.09190671    1.51763227    1.34489289    1.05854529    1.80832255    1.57296179    1.75672408    1.87139835    2.04377800    1.32887526    1.25522593    1.21049833    1.24114546    1.26921051    1.09118241    1.04719556    1.23047761    1.20011876    0.83689428    1.04822821    1.17308720    1.04770569    1.08604225    1.26442035    1.15261631    1.16735807    0.97589540    1.04963256    0.88767159    1.43490521    1.66093541    1.31864225    0.67798828    0.62403749    0.00000000    0.62211032    0.75494841    0.62715772    0.67654413    1.09736356    0.94420905    0.92038822    1.34958506    0.77365460    0.84898453    0.66875443    0.70987857    0.86905037    0.69265583    0.82618557
A0A150LFM7_9BACI/151-244     0.90699313    0.74677794    1.29183307    0.86511174    1.15267607    1.13501409    1.43142500    1.04389669    1.27053192    1.18814472    1.59757005    1.63039192    0.94929873    1.60402532    1.60833125    2.00763793    2.16004795    2.04222596    1.12652105    1.25189441    1.07104417    1.27388782    1.45303904    0.92094055    1.00478492    1.18073264    1.17082266    0.90613564    1.02169802    1.11961837    0.88022792    1.08139715    1.21565857    0.97407965    1.08819128    1.10670492    1.24364259    0.89355281    1.30024597    1.75779054    1.24807572    0.75566107    0.81365734    0.62211032    0.00000000    0.92113852    0.75829140    0.83365610    1.17322473    0.98991378    1.13512664    1.33728711    0.90639352    1.00347071    0.86022156    1.11485828    0.82196052    0.83639496    0.98191496
A0A147K6W3_9BACI/120-210     0.87324173    0.94199078    1.09141945    0.84623340    1.18700152    1.45573610    1.79895867    1.09893314    1.23537063    1.16093525    1.33971858    1.63963452    1.18744909    2.21853077    2.24976836    1.96246335    1.72645146    2.13268311    1.00039619    1.27022146    1.16642324    1.46328097    1.47408745    1.17463215    1.13703501    1.02280315    1.56760239    1.00120665    1.16928544    1.36260643    1.12470638    1.14147469    1.24424940    1.27925710    1.39938187    0.99130457    1.07008910    1.02813508    1.46009037    1.90423339    1.32359866    0.94703058    0.73670064    0.75494841    0.92113852    0.00000000    0.71326863    0.76459608    1.28604993    0.96050991    1.06437810    0.95348468    0.85742487    0.98474037    1.01445114    0.82211034    0.88378008    1.02537283    1.24882415
A0A0U2YNF6_9BACL/138-230     0.80129049    0.70831789    1.03540884    0.76724626    0.80641928    1.33842136    1.51536228    1.08880609    0.88937475    1.07270554    1.34811251    1.10165668    1.09525012    1.55659257    1.65347861    1.89517408    1.81689242    1.75457714    1.52017507    1.36851804    1.25857641    1.19270016    1.35428395    1.12355535    1.09166546    1.04776623    1.20023965    0.65683788    1.05912700    1.17859042    1.16071251    1.00130952    1.26623133    1.15361881    1.10916381    0.98698858    1.13296688    0.89376580    1.21424742    1.78916450    1.19537681    0.65370891    0.58722224    0.62715772    0.75829140    0.71326863    0.00000000    0.60502238    0.91286569    0.79042999    1.03267418    1.09187391    0.75292133    0.82314837    0.95888078    0.96553752    0.92756136    0.88931269    0.93488586
