23
W1PEE5_AMBTC/33-406     0.00000000    0.45993954    0.53110947    0.95706342    1.06974671    1.37558721    0.94028704    0.80699854    0.67737025    0.78226339    0.78361663    0.77104658    0.85002461    0.73738459    0.79356693    0.66751188    0.68148315    0.64770869    0.68863149    0.74678049    0.63272743    0.68922035    0.72577805
W1PGV4_AMBTC/29-399     0.45993954    0.00000000    0.41271455    0.88896204    0.96419310    1.28448347    0.80831078    0.65707472    0.55783653    0.60945500    0.58554808    0.64339812    0.71064827    0.64064226    0.64587637    0.58363832    0.57550943    0.50273336    0.57720275    0.59185825    0.50067496    0.52540246    0.51102972
W1PFB4_AMBTC/30-392     0.53110947    0.41271455    0.00000000    0.89127256    1.05584840    1.29214703    0.84425905    0.75767516    0.67138560    0.73424538    0.74160612    0.77144203    0.80128331    0.73456727    0.78152741    0.62563259    0.62766970    0.55849340    0.64104817    0.65029643    0.57787752    0.56071537    0.64060796
K7KEG6_SOYBN/31-404     0.95706342    0.88896204    0.89127256    0.00000000    0.41887993    1.54256811    1.13673186    0.97343213    0.96804587    0.91638243    0.98020869    1.02069018    1.05842120    1.05671262    1.02279081    0.93163981    0.92849873    0.92742813    0.77750811    0.95186886    0.84400295    0.87565025    0.80484613
I1JLE6_SOYBN/31-387     1.06974671    0.96419310    1.05584840    0.41887993    0.00000000    1.74272686    1.18895305    1.10097882    1.04342620    1.02170546    1.08610088    1.07965666    1.14667457    1.11283158    1.08928065    1.03028360    0.97754276    0.98548248    0.88177408    1.01047953    0.94929136    0.98026069    0.84729529
A9U293_PHYPA/33-398     1.37558721    1.28448347    1.29214703    1.54256811    1.74272686    0.00000000    1.45002964    1.59054163    1.45677095    1.32602601    1.29601032    1.43244148    1.31488386    1.35891942    1.28646380    1.37429409    1.38350127    1.35235092    1.42220623    1.38839698    1.31599562    1.38703515    1.44618777
D8SJ75_SELML/24-394     0.94028704    0.80831078    0.84425905    1.13673186    1.18895305    1.45002964    0.00000000    0.92512163    0.86086393    0.80965827    0.77301146    0.80813676    0.90399618    0.81471344    0.85837106    0.86135511    0.80281189    0.79447903    0.82417398    0.80296616    0.74068215    0.79570519    0.81630216
Q8VZ21_ARATH/32-417     0.80699854    0.65707472    0.75767516    0.97343213    1.10097882    1.59054163    0.92512163    0.00000000    0.60293816    0.64733721    0.63080005    0.73689395    0.72726856    0.69263272    0.74875245    0.67606700    0.64968967    0.54747865    0.58233395    0.63014655    0.57477571    0.56819329    0.63146135
M0TNW6_MUSAM/7-381     0.67737025    0.55783653    0.67138560    0.96804587    1.04342620    1.45677095    0.86086393    0.60293816    0.00000000    0.54161187    0.46916560    0.56306749    0.57847865    0.55054088    0.65194695    0.62274238    0.57904225    0.49526572    0.61307425    0.62939851    0.53065337    0.54148513    0.57956441
A0A453RNJ8_AEGTS/32-397     0.78226339    0.60945500    0.73424538    0.91638243    1.02170546    1.32602601    0.80965827    0.64733721    0.54161187    0.00000000    0.24734858    0.45242201    0.37476223    0.40554491    0.44497668    0.63680676    0.60810916    0.59553336    0.66151958    0.67306166    0.62739035    0.63408513    0.59205368
A0A0D3H2N6_9ORYZ/32-397     0.78361663    0.58554808    0.74160612    0.98020869    1.08610088    1.29601032    0.77301146    0.63080005    0.46916560    0.24734858    0.00000000    0.37119867    0.31515222    0.36378681    0.42901925    0.63732901    0.57191251    0.55143992    0.60092770    0.63589037    0.57632365    0.61375611    0.55356056
K3YHW5_SETIT/37-399     0.77104658    0.64339812    0.77144203    1.02069018    1.07965666    1.43244148    0.80813676    0.73689395    0.56306749    0.45242201    0.37119867    0.00000000    0.27878730    0.30866833    0.43253508    0.65629131    0.64235299    0.58797522    0.66512331    0.67161650    0.62931842    0.65175580    0.61673254
K3YHR4_SETIT/31-398     0.85002461    0.71064827    0.80128331    1.05842120    1.14667457    1.31488386    0.90399618    0.72726856    0.57847865    0.37476223    0.31515222    0.27878730    0.00000000    0.26145361    0.45638606    0.71295702    0.65875720    0.63752610    0.71230700    0.68507829    0.67013134    0.63256571    0.65578944
C5YHM3_SORBI/41-407     0.73738459    0.64064226    0.73456727    1.05671262    1.11283158    1.35891942    0.81471344    0.69263272    0.55054088    0.40554491    0.36378681    0.30866833    0.26145361    0.00000000    0.46466837    0.67912103    0.67775606    0.58795121    0.70100940    0.66753744    0.62292843    0.67041380    0.60884418
A0A3B6LU97_WHEAT/28-385     0.79356693    0.64587637    0.78152741    1.02279081    1.08928065    1.28646380    0.85837106    0.74875245    0.65194695    0.44497668    0.42901925    0.43253508    0.45638606    0.46466837    0.00000000    0.64418777    0.65882096    0.65133817    0.67930189    0.70690979    0.63021242    0.63647506    0.67899656
K4C847_SOLLC/32-408     0.66751188    0.58363832    0.62563259    0.93163981    1.03028360    1.37429409    0.86135511    0.67606700    0.62274238    0.63680676    0.63732901    0.65629131    0.71295702    0.67912103    0.64418777    0.00000000    0.28362422    0.50165171    0.53294200    0.54212238    0.48215100    0.52540839    0.50126312
A0A3Q7JVY0_SOLLC/28-404     0.68148315    0.57550943    0.62766970    0.92849873    0.97754276    1.38350127    0.80281189    0.64968967    0.57904225    0.60810916    0.57191251    0.64235299    0.65875720    0.67775606    0.65882096    0.28362422    0.00000000    0.45452654    0.55471092    0.55432935    0.50757053    0.50586261    0.53213514
F6GT51_VITVI/31-407     0.64770869    0.50273336    0.55849340    0.92742813    0.98548248    1.35235092    0.79447903    0.54747865    0.49526572    0.59553336    0.55143992    0.58797522    0.63752610    0.58795121    0.65133817    0.50165171    0.45452654    0.00000000    0.46855351    0.45732494    0.38520930    0.41962276    0.43442900
U5FMU9_POPTR/42-406     0.68863149    0.57720275    0.64104817    0.77750811    0.88177408    1.42220623    0.82417398    0.58233395    0.61307425    0.66151958    0.60092770    0.66512331    0.71230700    0.70100940    0.67930189    0.53294200    0.55471092    0.46855351    0.00000000    0.41205326    0.34193187    0.40571082    0.49974239
U5FZL7_POPTR/34-410     0.74678049    0.59185825    0.65029643    0.95186886    1.01047953    1.38839698    0.80296616    0.63014655    0.62939851    0.67306166    0.63589037    0.67161650    0.68507829    0.66753744    0.70690979    0.54212238    0.55432935    0.45732494    0.41205326    0.00000000    0.33374129    0.39206496    0.49915190
B9RA49_RICCO/32-405     0.63272743    0.50067496    0.57787752    0.84400295    0.94929136    1.31599562    0.74068215    0.57477571    0.53065337    0.62739035    0.57632365    0.62931842    0.67013134    0.62292843    0.63021242    0.48215100    0.50757053    0.38520930    0.34193187    0.33374129    0.00000000    0.31377355    0.44845923
B9RA48_RICCO/32-405     0.68922035    0.52540246    0.56071537    0.87565025    0.98026069    1.38703515    0.79570519    0.56819329    0.54148513    0.63408513    0.61375611    0.65175580    0.63256571    0.67041380    0.63647506    0.52540839    0.50586261    0.41962276    0.40571082    0.39206496    0.31377355    0.00000000    0.48647417
I1KRD0_SOYBN/27-406     0.72577805    0.51102972    0.64060796    0.80484613    0.84729529    1.44618777    0.81630216    0.63146135    0.57956441    0.59205368    0.55356056    0.61673254    0.65578944    0.60884418    0.67899656    0.50126312    0.53213514    0.43442900    0.49974239    0.49915190    0.44845923    0.48647417    0.00000000

