77
Q96XN2_SULTO/230-269     0.00000000    0.74647928    1.45184622    1.97675871    1.72265795    1.96648186    1.69173551    0.86188367    1.29088569    1.68859017    1.45382630    1.29594236    1.54134236    1.52788087    1.95011928    2.07366938    2.14568084    1.55956991    1.83306104    1.97408733    1.38887246    1.39447328    2.68509535    1.83134102    2.26655019    2.61902255    2.01144317    1.80267740    1.75914224    1.44816707    1.48047420    1.77590698    1.94242212    1.89874028    1.96760277    2.05340486    2.46791479    2.31098354    2.09320169    2.02876796    2.09511859    2.41139247    2.09630057    1.72891687    2.15751907    1.78495608    2.84852761    2.31004335    2.30896573    1.94909018    2.12648959    2.43455565    2.21378993    2.41502634    1.94424313    1.44548598    2.45839467    1.86069314    1.43680411    2.07440280    1.18749214    1.26162560    2.07235645    1.33428786    1.91601599    2.28870272    2.58663403    2.05262772    2.82723588    2.72813528    2.77514214    1.96682192    1.60895186    2.26202095    1.78857156    1.88051959    2.20744678
Q97WG2_SACS2/165-204     0.74647928    0.00000000    1.38380605    1.33923859    1.63601181    1.20766318    1.37594479    1.06176744    1.19840294    1.23877816    0.95631869    1.55410060    1.73461647    1.64383925    1.62816277    1.76133086    1.58704550    1.84232680    1.96907986    1.35743985    0.99217463    1.19381247    2.35998401    1.47696598    1.89883082    2.43154808    1.55655589    1.47772345    1.79742962    1.38201339    1.74359069    1.97790906    1.22572023    1.40993396    1.88236331    1.94420278    1.53952949    2.27440213    1.86475578    1.61333697    1.77044415    2.34065181    1.57393083    1.59007414    2.45473299    1.40807803    1.74777108    1.52007808    1.52907449    1.28736282    1.71339659    1.69986391    1.74056308    1.99662747    1.52679345    1.86552703    2.09213569    2.03203010    1.22701841    1.62557931    1.02390162    1.09467173    1.49170420    1.13868084    1.56508492    1.84237319    1.80067145    1.32296329    2.02393002    2.41940884    2.38626120    1.55791185    1.64112150    1.21174057    1.03168917    1.76217838    1.61764743
A8MDD5_CALMQ/51-88     1.45184622    1.38380605    0.00000000    0.82602816    0.97099948    1.15871445    1.24296333    0.76392282    1.36511747    1.29219003    1.29047378    1.08265864    1.44024199    1.49946862    1.74288590    1.70068284    1.38261474    1.75948642    1.44617127    1.59987803    1.34586992    1.15435097    1.71506141    0.90093895    1.93382644    2.17613063    1.58823699    1.58688259    1.25107614    1.14316569    1.63350335    1.81505604    1.52719110    1.79244268    1.44681109    1.75427685    1.83163815    2.42887885    1.81585059    1.60580367    1.42614945    2.12439252    1.86642946    1.38414292    2.13423273    1.32433146    1.61741474    2.13191831    1.47559807    1.54290556    1.23267709    1.23646425    1.68819443    3.10199115    2.27076936    2.15301049    2.43747271    2.33569567    0.83090027    1.39370889    1.36870755    1.82852210    1.89192880    1.79757613    1.89577007    1.61901184    1.66619408    1.59588073    1.49979027    1.85066454    2.25856916    1.59377584    1.29584161    1.26515083    1.17584422    1.64537308    1.50817547
Q4JBU4_SULAC/75-113     1.97675871    1.33923859    0.82602816    0.00000000    0.50935310    0.30408719    0.52070446    1.43683270    1.42469072    1.70496332    1.77060697    1.50363213    1.75983139    1.32783437    1.45448322    1.50650003    1.30537975    1.79756573    1.70045778    1.52764975    1.37717393    1.25991279    1.94317080    1.58505515    2.24728441    2.52234411    2.11406653    2.05516123    1.91380926    1.49033559    2.42894349    1.80664892    1.54466833    1.80735516    1.64105030    1.57149704    1.55904841    2.49547561    1.70259491    1.75904335    1.79676718    1.98126648    2.07487434    1.22752646    2.28152611    1.49726038    1.69980529    2.11831099    1.70186415    1.84174698    1.60142235    1.65748751    1.99013693    2.65846995    2.17804951    1.73929972    2.40283043    2.22305429    1.17830684    1.59515009    1.47378290    1.44576734    1.91082885    1.65632021    2.07125716    2.00152083    2.22375343    1.97575460    2.10130132    2.23472609    2.71854852    2.00385822    2.17131052    1.67245267    1.42262693    1.90417129    1.82014726
Q976V7_SULTO/75-113     1.72265795    1.63601181    0.97099948    0.50935310    0.00000000    0.55435259    0.66162833    1.50599945    1.32716503    1.82753443    1.69587442    1.82651124    1.69090249    1.56975805    1.59522209    1.74871898    1.70910008    1.86747453    1.88857465    1.87359909    1.79293930    1.74196772    2.11734029    1.74498826    2.19550842    2.78024617    1.85486568    2.29754087    1.71889407    1.48837770    2.41263453    1.79274912    1.75149642    1.85639820    1.46985808    1.62586078    1.72982934    2.17495896    1.93366716    1.67570575    1.89904496    1.94761628    2.57396899    1.44718144    2.39672364    1.46079024    1.77699398    2.08319147    1.67153330    1.76459835    1.74541785    1.56174330    2.35469402    2.21636426    1.91801735    1.53554255    1.97457320    1.99167593    1.40607421    1.67020813    1.42126658    1.49429285    1.81128628    1.77289978    2.13129317    1.88511375    2.42396121    2.42578030    2.12476091    2.60246029    2.97336666    2.08094900    2.45650593    1.83263139    1.78983437    2.06950183    2.02776596
Q97V14_SACS2/75-113     1.96648186    1.20766318    1.15871445    0.30408719    0.55435259    0.00000000    0.40775649    1.38702690    1.42869825    1.80104434    1.83426498    1.53512977    1.50841057    1.26070373    1.35438983    1.45478458    1.19479249    1.88079432    1.63280471    1.48222213    1.23144380    1.12879061    2.03101750    1.58398065    2.29183073    2.23831283    2.01784757    1.91027029    1.52412702    1.25258220    2.08594238    1.72564142    1.69694837    1.48359220    1.77679128    1.41689868    1.48677589    2.20741868    1.95483314    1.79329136    1.72173341    1.77610897    2.14926482    1.10679236    2.17284124    1.32131738    1.64940219    1.87872728    1.49847499    1.63766932    1.50734788    1.37316067    1.85676788    1.97641212    1.69317229    1.34842173    1.98415875    1.73673605    1.18640637    1.41479858    1.46351795    1.13295653    1.73241035    1.54518232    1.91128418    2.13742550    2.15241712    1.85013362    1.89246892    2.32997684    2.66337344    1.85906731    2.23803544    1.47157877    1.30919826    1.64032238    1.54500957
A4YGC5_METS5/75-113     1.69173551    1.37594479    1.24296333    0.52070446    0.66162833    0.40775649    0.00000000    1.37767288    1.09397063    1.50587891    1.47193399    1.76020219    1.57489804    1.53008502    1.69108328    1.75846027    1.46487487    1.76759493    1.83283643    1.83239732    1.63500781    1.41563451    2.56429270    1.89651811    2.52808240    2.40607601    2.03053176    1.84582728    1.67642361    1.44327290    2.35326101    1.74592743    1.65166627    1.81838857    2.05425026    1.73376406    1.71694086    2.10165205    2.07980784    1.64027893    1.76098699    1.96346397    2.07244123    1.24642349    1.70130595    1.60396585    1.94560674    1.97060017    1.79836812    1.94857319    1.79105935    1.61511629    2.48903218    2.10752656    1.86846733    1.38886138    2.40174058    2.06422658    1.32363161    1.70129280    1.50260665    1.41071485    1.98628142    1.69917707    2.05262009    1.91072388    2.44684763    2.34990244    1.95302191    2.55219829    2.97314152    2.19026998    2.45651532    1.60381906    1.56857887    1.99437157    1.74211966
F4B6J2_ACIHW/212-249     0.86188367    1.06176744    0.76392282    1.43683270    1.50599945    1.38702690    1.37767288    0.00000000    1.07182576    0.86984907    0.91801638    0.86048966    1.18320498    1.52669816    1.45957154    1.54487528    1.68364839    1.27436971    1.52001167    1.34765313    0.88135936    0.67852654    2.05701365    0.97888580    1.60078795    2.19550916    1.48973293    1.04613514    1.19654754    1.19616400    1.43519342    1.48012895    1.49774742    2.08678865    1.90856705    1.96244325    2.10678317    2.39426050    1.90857607    1.86454552    1.67757522    2.27844704    2.01469787    1.83132028    1.49317752    1.73319601    1.62905285    2.00045024    1.97391560    1.83193568    1.84553907    1.94224388    1.93563148    2.67486109    1.75734720    1.46829650    1.92741130    1.97721585    0.72007353    1.37331884    1.29424677    1.47571479    1.78555536    1.54061144    1.41776970    1.56913177    2.07395129    1.56983929    1.85755693    1.97663148    2.07822019    1.34892728    0.99901696    1.10493262    1.15829931    1.28171454    1.41147153
N0BGG9_9EURY/238-275     1.29088569    1.19840294    1.36511747    1.42469072    1.32716503    1.42869825    1.09397063    1.07182576    0.00000000    0.86751492    0.72612570    1.09804450    1.28053991    1.33372834    1.15506277    1.22281157    1.46759210    1.14913882    1.40730959    1.28292681    1.36472770    0.99565908    1.91056662    1.23908064    1.33556143    1.69169748    1.48284474    1.60758590    1.35023644    1.15215178    1.79942607    1.38366233    1.22298683    1.45189465    1.59347328    1.56895131    1.33191171    1.76603755    1.64768047    1.36895459    1.89663275    1.83453168    1.99024104    2.16675823    1.89502023    1.32814453    1.40394083    1.93060582    1.49321676    1.31933120    1.57874340    1.35604294    2.05499462    2.36712991    1.87218070    1.61349413    2.48947493    1.85372164    0.97193751    1.46928789    1.10668929    1.21321651    1.24771588    1.57297445    1.16642727    1.19682896    1.59293063    1.65841601    1.55499026    1.33905104    1.26856132    1.17638906    1.37081825    1.25692484    1.06035613    1.36601100    1.68174171
Q9HJ47_THEAC/94-133     1.68859017    1.23877816    1.29219003    1.70496332    1.82753443    1.80104434    1.50587891    0.86984907    0.86751492    0.00000000    0.46067365    1.36004971    1.45477716    1.84447017    1.34847435    1.11307172    1.46821843    1.45804387    1.54918538    1.50588382    1.47556368    1.17681598    2.52558346    1.39409465    1.75632046    2.17630040    1.66675228    1.22362029    1.57148839    1.53234981    2.03005232    1.64306858    1.34217078    2.14089255    1.96626248    2.51473322    1.70481510    2.26568319    2.25380966    1.62024338    1.52530279    2.28121659    1.91798931    2.10659938    2.05057687    1.94006659    2.01719562    2.42780233    2.13088174    1.96062099    2.32764191    2.09288525    2.11443236    3.21121587    2.48960442    2.38804881    2.14411649    2.26734462    1.28710337    1.37355338    1.51450776    1.55473161    1.56943579    1.95138877    1.63865458    1.30885720    1.72297768    1.47274768    1.80724724    2.19488939    2.14367398    1.44876522    1.37533132    1.35355107    1.12759164    1.72060026    1.81433797
Q6L1M9_PICTO/164-203     1.45382630    0.95631869    1.29047378    1.77060697    1.69587442    1.83426498    1.47193399    0.91801638    0.72612570    0.46067365    0.00000000    1.32281655    1.39527820    1.70274712    1.23445857    1.23459488    1.42764937    1.35193992    1.50484085    1.19672517    1.24324333    1.07355485    2.41319707    1.43498260    1.75314841    1.99379146    1.30563142    1.23228535    1.37957160    1.29938665    2.11040127    1.60254580    1.41397434    1.75078120    1.73606174    2.00676389    1.31792664    1.95365267    2.09176586    1.32533844    1.55529621    2.10822259    1.92790909    2.23846454    2.06918298    1.65523619    1.71322587    1.74227914    1.64712157    1.64046780    1.89046288    1.69885726    2.25375947    3.14092469    2.12983524    2.12889173    2.14784541    1.79818216    1.09683598    1.46464022    1.28733005    1.35281834    1.48485749    1.59707631    1.35571499    1.07185257    1.38624186    1.46971983    1.38488081    1.81493812    1.85323036    1.00897920    1.33396036    1.01626585    0.83325780    1.49121538    1.51409931
D3SRC9_NATMM/240-277     1.29594236    1.55410060    1.08265864    1.50363213    1.82651124    1.53512977    1.76020219    0.86048966    1.09804450    1.36004971    1.32281655    0.00000000    1.16421279    1.20221835    1.56078512    1.59107361    1.44325238    1.37193424    1.48439800    1.51501059    1.13955728    0.92382545    1.50850048    0.84955295    1.48126297    1.53257687    1.79413922    1.52422470    1.43831605    1.27301935    1.74867739    1.53496992    1.26532353    1.62709814    1.63238935    1.74874241    1.69782357    1.61714692    2.22155020    1.76539810    1.93064168    2.09125584    2.27535322    2.50669545    2.09121471    1.68695472    1.76906945    1.59746902    1.71547523    1.49183783    1.62625857    1.48468147    1.88113650    2.54868803    2.28983261    1.49457267    2.24203581    2.28654336    1.07334059    1.42285937    1.58752018    1.56925792    1.77659708    1.80171484    1.52195696    1.34745453    2.02676335    1.80460670    1.74934214    1.76974995    1.76373898    1.32195492    1.18253300    1.25710209    1.33333372    0.97918365    1.26998107
F7PK71_9EURY/184-221     1.54134236    1.73461647    1.44024199    1.75983139    1.69090249    1.50841057    1.57489804    1.18320498    1.28053991    1.45477716    1.39527820    1.16421279    0.00000000    1.04529199    0.87845153    0.86514133    0.83659463    0.93139582    0.84908810    1.36935960    1.59709967    1.16419535    1.81674101    1.14091322    1.42436831    1.77734076    1.25378029    1.12747295    1.00958244    1.15851323    1.63814254    1.64351721    1.53024138    1.63269462    1.90077659    1.80536113    2.00722215    2.59859712    2.05137370    1.88876554    2.15607493    1.25253780    1.91364370    1.84898450    1.73854442    1.49705273    1.40845736    1.35487589    1.43145324    1.64056721    1.76975511    1.62119305    1.92751824    1.99036704    1.97971849    1.35779768    1.61144473    1.76471376    1.16692678    1.42259955    1.45811461    1.24758948    1.69323491    1.79037891    1.84110941    1.63083897    1.75294707    1.54567194    1.43540591    1.99754149    2.29589821    1.71522952    1.43394241    1.44235797    1.33170570    1.22132138    1.08744861
D3T1V7_NATMM/161-198     1.52788087    1.64383925    1.49946862    1.32783437    1.56975805    1.26070373    1.53008502    1.52669816    1.33372834    1.84447017    1.70274712    1.20221835    1.04529199    0.00000000    0.88125344    0.88105064    0.91978514    0.85973288    0.93695751    1.25268217    1.44896970    1.05106657    1.61014778    1.21399044    1.50323070    1.45343357    1.17902193    1.12515203    0.92583119    1.32975699    1.64801597    1.67986048    1.36728208    1.57993587    1.71882491    1.67808048    1.87684383    2.05524771    2.09183304    1.91407164    1.77954364    1.18278775    1.72056768    1.59621919    2.34241987    1.74689485    1.54219769    1.33875288    1.36432132    1.46924420    1.64314120    1.57077039    1.86148512    1.81192675    1.96043889    1.57634061    2.19814259    1.98537744    1.03091013    1.48578256    1.43304075    1.35165419    1.88103826    1.36723123    2.02743157    1.71912147    1.75851642    1.94200599    1.72693384    2.11925559    2.32578705    2.35016029    2.21895117    1.51498289    1.33848239    1.51767954    1.67188714
L0IHP4_HALRX/129-167     1.95011928    1.62816277    1.74288590    1.45448322    1.59522209    1.35438983    1.69108328    1.45957154    1.15506277    1.34847435    1.23445857    1.56078512    0.87845153    0.88125344    0.00000000    0.37931450    0.42228718    0.71034924    0.81052332    0.91360073    1.05258248    0.79916412    1.59981774    1.25358680    1.17903054    1.82331660    1.23812425    0.96002108    1.00159298    1.28839898    2.20803292    1.91358436    1.49613877    1.17978341    1.65121892    1.56287706    1.58073945    1.92894147    1.72031478    1.37326801    2.08816700    1.47476632    1.80452400    1.63902194    1.83014973    1.56568559    1.21407148    1.69557609    1.52648266    1.43375875    1.84242065    1.35248581    1.58314957    1.91632833    1.81255858    1.74251724    1.56782825    2.12142329    1.15081461    1.40879943    1.47844445    1.01561854    1.45937638    1.74324629    1.80533223    1.79081146    1.72931451    1.48410265    1.21283943    1.64296582    1.85548376    1.36912219    1.61411697    1.28120888    1.17305638    1.47394665    0.99746538
L0JM01_NATP1/85-123     2.07366938    1.76133086    1.70068284    1.50650003    1.74871898    1.45478458    1.75846027    1.54487528    1.22281157    1.11307172    1.23459488    1.59107361    0.86514133    0.88105064    0.37931450    0.00000000    0.32438239    0.65447824    0.87984971    1.00121408    1.29223765    0.84407275    1.64883890    1.37333219    1.47270202    1.85113953    1.15281194    0.83706867    1.08213355    1.50155099    2.27143977    1.55080059    1.56835903    1.35571289    1.84515989    1.71349557    1.70849029    2.30061463    1.46338733    1.48250713    1.91510430    1.46677102    1.86203059    1.85202337    1.75890364    1.86359310    1.38360841    1.86622194    1.76700560    1.58384685    2.17673283    1.76408122    1.77551289    2.28351210    2.25432241    1.95151261    1.60415483    2.44195378    1.20754730    1.43565432    1.66401754    1.40703776    1.58888724    2.09875954    1.96036218    1.83366049    1.89169191    1.57697660    1.53271870    1.77157925    1.71985364    1.51139429    1.65289462    1.26269614    1.10396802    1.51715566    1.17732334
F8DEG6_HALXS/169-207     2.14568084    1.58704550    1.38261474    1.30537975    1.70910008    1.19479249    1.46487487    1.68364839    1.46759210    1.46821843    1.42764937    1.44325238    0.83659463    0.91978514    0.42228718    0.32438239    0.00000000    0.70427764    0.77770504    0.98135503    1.39829725    1.04269166    1.80645066    1.53024523    1.56453186    1.62550171    1.01903884    1.03329153    1.17685008    1.05054101    1.93426149    1.60110241    1.60746716    1.08858001    1.43521793    1.34620233    1.72058578    2.03709367    1.46575319    1.67272458    1.74540342    1.36660656    1.66222418    1.59307737    1.88694393    1.66001689    1.43512779    1.71085129    1.41011078    1.35588655    1.65146336    1.51045079    1.60827885    2.16871613    2.02671759    1.80038634    1.55932636    2.37449423    1.40478922    1.75622960    1.85738249    1.50023149    2.10594839    2.16355447    2.32422623    2.21129671    2.02342480    1.58023183    1.56365947    1.85793086    2.20596142    1.69174999    1.61194562    1.44758267    1.29124222    1.56949811    1.06536296
M1XLF6_NATM8/180-218     1.55956991    1.84232680    1.75948642    1.79756573    1.86747453    1.88079432    1.76759493    1.27436971    1.14913882    1.45804387    1.35193992    1.37193424    0.93139582    0.85973288    0.71034924    0.65447824    0.70427764    0.00000000    0.44579874    1.18053135    1.31573760    1.14954578    1.49844556    1.34131676    1.70836309    1.67813229    1.28649502    1.17958267    1.12266497    1.59646993    1.82524201    1.32945290    1.27943129    1.75170754    1.80304108    1.92546304    1.60004017    2.31609775    1.71881645    1.95782597    1.98879171    1.29084041    1.99806982    1.93173577    2.05988496    1.89802485    1.64935022    1.94327904    2.18835572    1.90996052    2.27801538    1.99009063    2.22187566    3.09188569    2.66733873    2.06318184    2.39698944    2.60206891    1.04335184    1.49319077    1.11543529    1.28850001    1.56712562    1.87450708    1.85495528    1.76965547    1.72488765    1.82999826    1.50366930    1.99601041    2.30298684    1.72065787    1.77402546    1.65690997    1.38665233    1.55438167    1.80022085
R4W3J1_9EURY/182-220     1.83306104    1.96907986    1.44617127    1.70045778    1.88857465    1.63280471    1.83283643    1.52001167    1.40730959    1.54918538    1.50484085    1.48439800    0.84908810    0.93695751    0.81052332    0.87984971    0.77770504    0.44579874    0.00000000    1.30613434    1.40991450    1.19273900    1.85646481    1.09027398    1.32778991    1.77745102    1.46323281    1.19331904    1.02326440    1.35175418    2.13828240    1.83560646    1.39565865    1.55981274    1.82725954    1.87910699    2.05032585    2.18619788    1.61828997    1.68524254    1.67999255    1.09486270    2.10437652    1.37658354    2.30065087    1.81920400    1.20010415    1.69193435    1.96837795    1.83232720    2.12080682    1.78646014    1.74012645    2.58253248    2.29686527    2.03296030    2.05286042    2.28776385    0.96407820    1.70608627    1.49305295    1.60557299    1.82559423    1.75374668    1.98965638    1.85827337    1.52320319    1.48585284    1.34725413    1.78393481    2.04106288    1.44860719    1.69641668    1.43436050    1.17549282    1.57363241    1.56656583
G4RP01_THETK/100-138     1.97408733    1.35743985    1.59987803    1.52764975    1.87359909    1.48222213    1.83239732    1.34765313    1.28292681    1.50588382    1.19672517    1.51501059    1.36935960    1.25268217    0.91360073    1.00121408    0.98135503    1.18053135    1.30613434    0.00000000    0.78181131    0.79391949    1.71466871    1.41945990    1.22947666    1.50496151    1.35632338    1.09213588    1.42392925    1.02538404    1.88621076    1.95293698    1.79709994    1.30750335    1.42583345    1.33951677    1.56777221    1.44933595    1.72385342    1.40359378    1.64484106    1.79673459    1.69500154    1.50681395    2.15908145    1.40197138    1.31266931    1.45111950    1.45873023    1.20831426    1.47391807    1.37139950    1.41190404    2.62701088    1.90041158    1.94781019    1.81634717    2.71110141    1.13302884    1.39223064    1.47578336    1.19140899    1.95271681    1.67160609    1.55202047    1.67449172    1.87193246    1.53334915    1.75218694    1.65963495    1.79209794    1.36357911    1.61439679    1.24507578    1.07400269    1.54042843    1.72016492
G4RNE6_THETK/103-141     1.38887246    0.99217463    1.34586992    1.37717393    1.79293930    1.23144380    1.63500781    0.88135936    1.36472770    1.47556368    1.24324333    1.13955728    1.59709967    1.44896970    1.05258248    1.29223765    1.39829725    1.31573760    1.40991450    0.78181131    0.00000000    0.36243215    2.05158809    1.25551730    1.21285757    1.74572260    1.72716814    1.29077822    1.29281083    1.34683471    2.00200806    1.66742274    1.29674921    1.28143364    1.72301307    1.71211371    1.42457436    1.80770700    1.64027662    1.54236919    2.04295913    2.14771797    1.90118646    1.33865422    2.02236467    1.17486451    1.38230936    1.32960761    1.63441790    1.48761770    1.66047695    1.51597499    1.51087247    2.42216878    1.60009253    1.48295867    2.09339762    2.62927720    0.83579736    1.45074175    1.15266990    1.17526964    1.85214631    1.43393654    1.50280259    1.73628480    1.90893246    1.70571216    1.67141652    1.91342921    2.05119001    1.27180703    1.64012201    1.11651722    0.93650344    1.19889724    1.32986009
Q8ZUT4_PYRAE/110-148     1.39447328    1.19381247    1.15435097    1.25991279    1.74196772    1.12879061    1.41563451    0.67852654    0.99565908    1.17681598    1.07355485    0.92382545    1.16419535    1.05106657    0.79916412    0.84407275    1.04269166    1.14954578    1.19273900    0.79391949    0.36243215    0.00000000    1.88338432    0.91262819    0.88928507    1.43695903    1.51437967    0.92942262    1.01572269    1.12151593    1.54857851    1.65916629    1.18209010    1.39339233    1.55528508    1.33587623    1.36391107    2.00681460    1.40500972    1.50223536    1.69799618    1.62987080    1.63353548    1.34838025    1.53927989    1.31428985    1.07293917    1.39746519    1.42141577    1.35753734    1.60118423    1.38082241    1.23317347    2.12509452    1.54654782    1.39247876    2.08864511    2.15110397    0.57780752    1.06846526    1.41256938    1.14975853    1.71640191    1.50636346    1.40791027    1.44732675    1.61616562    1.51557828    1.47746253    1.63337550    1.83219949    1.05000750    1.34219557    0.86448498    0.78741777    1.12455932    1.13926727
A5URX7_ROSS1/84-122     2.68509535    2.35998401    1.71506141    1.94317080    2.11734029    2.03101750    2.56429270    2.05701365    1.91056662    2.52558346    2.41319707    1.50850048    1.81674101    1.61014778    1.59981774    1.64883890    1.80645066    1.49844556    1.85646481    1.71466871    2.05158809    1.88338432    0.00000000    0.66538041    1.35242516    1.27522582    1.47421376    1.78715046    1.48675083    1.92475934    2.42922312    1.77318075    1.67127860    1.69620860    1.65587413    1.51518559    1.58353029    2.76340728    1.68595254    2.21866619    2.27173109    1.90216527    2.95198817    2.83174604    2.54086618    1.72497658    1.34684852    2.02722210    1.97839720    1.70923829    1.60108354    1.88944466    2.60613570    2.92676484    2.97996047    2.80793600    2.27152767    3.34617921    1.70244837    1.59346857    1.84914093    1.98598652    2.18100786    2.54340185    2.23224926    2.34129128    2.72426575    2.62695669    1.64230404    1.95586840    1.83379410    2.78867562    2.32919147    1.90293516    1.76196417    1.58148897    2.35082832
A9WK99_CHLAA/250-286     1.83134102    1.47696598    0.90093895    1.58505515    1.74498826    1.58398065    1.89651811    0.97888580    1.23908064    1.39409465    1.43498260    0.84955295    1.14091322    1.21399044    1.25358680    1.37333219    1.53024523    1.34131676    1.09027398    1.41945990    1.25551730    0.91262819    0.66538041    0.00000000    0.74402351    1.19154982    1.27770761    1.17332906    0.96071627    1.14312631    1.50787186    1.86386316    1.09419985    1.76856373    1.59440731    1.54320442    1.80300239    2.66481995    1.47879251    1.82506986    1.68613825    1.72284457    2.16520592    1.89376322    1.99400331    1.17115963    0.84639518    1.62576377    1.49209724    1.39324971    1.47166083    1.20313360    1.63542275    2.57380417    2.07779888    2.11739768    1.94489801    2.87172983    0.76659540    1.27862167    1.57862866    1.84968884    1.87882454    1.86356524    1.67171095    1.37552106    1.88750102    1.85430946    1.29439486    1.65343112    1.57948180    1.84790159    1.52566301    1.13735847    1.18148583    1.34335363    1.40195723
Q2S5R7_SALRD/216-254     2.26655019    1.89883082    1.93382644    2.24728441    2.19550842    2.29183073    2.52808240    1.60078795    1.33556143    1.75632046    1.75314841    1.48126297    1.42436831    1.50323070    1.17903054    1.47270202    1.56453186    1.70836309    1.32778991    1.22947666    1.21285757    0.88928507    1.35242516    0.74402351    0.00000000    1.21251114    1.14840689    1.16176258    1.49522256    1.43306196    2.24853958    2.60329581    1.35440263    1.61433819    1.56634153    1.65979474    1.68681577    1.99215121    1.63123141    2.14160193    2.47392610    1.94229856    2.54149357    2.27989592    2.19052235    1.37321660    1.11582357    1.59623611    1.67861466    1.41802414    1.82088765    1.54372433    1.50341615    3.01840586    2.39543539    2.27382395    2.17895182    2.62564582    1.52099091    1.66115964    2.04176837    2.07976212    2.14056939    2.14590719    1.74261523    2.00348417    2.23324210    1.72353589    1.81965501    1.85558228    1.75786536    2.25646102    2.09438939    1.78536247    1.61579125    1.63965832    1.94981691
A9WDF3_CHLAA/189-227     2.61902255    2.43154808    2.17613063    2.52234411    2.78024617    2.23831283    2.40607601    2.19550916    1.69169748    2.17630040    1.99379146    1.53257687    1.77734076    1.45343357    1.82331660    1.85113953    1.62550171    1.67813229    1.77745102    1.50496151    1.74572260    1.43695903    1.27522582    1.19154982    1.21251114    0.00000000    1.33965324    1.50989702    1.30528049    1.30736206    2.35236923    2.25405669    1.39358899    2.19688320    2.38844948    2.28654355    1.72550188    2.02838052    1.91438039    2.38201677    2.67999974    2.18537616    3.32749075    2.81988652    2.67058458    1.82453072    1.35312292    1.74034376    1.61491246    1.77943527    1.71114551    1.35693901    2.22002069    3.16697094    3.41111405    2.18182265    3.26533445    2.98251883    1.21314544    1.64468397    2.36954222    2.23013120    2.47658169    2.33790377    2.19997748    1.81472850    2.00287848    2.83206147    1.51828773    1.48152134    1.71760348    2.16882799    2.16563662    1.27588941    1.40869670    1.48536300    2.06874965
Y1717_ARCFU/100-138     2.01144317    1.55655589    1.58823699    2.11406653    1.85486568    2.01784757    2.03053176    1.48973293    1.48284474    1.66675228    1.30563142    1.79413922    1.25378029    1.17902193    1.23812425    1.15281194    1.01903884    1.28649502    1.46323281    1.35632338    1.72716814    1.51437967    1.47421376    1.27770761    1.14840689    1.33965324    0.00000000    0.80529372    1.02117226    1.35465982    1.86015953    1.86667014    1.34629362    1.44358693    1.51414268    1.41142013    1.78954535    2.10076330    1.68010936    1.73960539    1.98740825    1.61103284    2.17690628    2.18628312    1.65145632    1.31289861    1.06170950    1.00517294    1.26301739    1.10837078    1.22256324    1.34054805    1.83970439    3.00890319    2.27708437    1.89566345    1.75591542    2.41709329    1.63825558    1.52961847    2.05703260    2.03369479    1.91562005    1.99137209    2.01086224    1.48185810    2.30913748    2.38930705    1.61784491    2.13920114    2.32779266    2.24296913    2.25717506    1.34947649    1.29826875    1.65642775    1.82049850
O29967_ARCFU/102-140     1.80267740    1.47772345    1.58688259    2.05516123    2.29754087    1.91027029    1.84582728    1.04613514    1.60758590    1.22362029    1.23228535    1.52422470    1.12747295    1.12515203    0.96002108    0.83706867    1.03329153    1.17958267    1.19331904    1.09213588    1.29077822    0.92942262    1.78715046    1.17332906    1.16176258    1.50989702    0.80529372    0.00000000    0.92986063    1.18261531    1.75953721    1.40067235    1.21722162    1.41981084    1.45408125    1.50936013    1.20219789    2.11420029    1.38780657    1.54410662    2.03518498    1.65227856    1.76501114    2.14806323    1.66312386    1.60637575    1.30908210    1.19105679    1.57376613    1.35322221    1.58214953    1.44445931    1.42278436    2.37503645    2.20386795    2.08204830    1.96510605    2.13998852    1.33265897    1.17164021    1.80072209    1.37226195    1.42171261    1.71089615    1.74057129    1.33241000    1.59770092    1.67084922    1.22448829    1.64263763    1.66821072    2.08567872    1.88395070    1.20253684    1.23179084    1.49972661    1.35663888
O29693_ARCFU/97-135     1.75914224    1.79742962    1.25107614    1.91380926    1.71889407    1.52412702    1.67642361    1.19654754    1.35023644    1.57148839    1.37957160    1.43831605    1.00958244    0.92583119    1.00159298    1.08213355    1.17685008    1.12266497    1.02326440    1.42392925    1.29281083    1.01572269    1.48675083    0.96071627    1.49522256    1.30528049    1.02117226    0.92986063    0.00000000    0.64953555    1.43372467    1.61002305    1.42889525    1.38507881    1.75948631    1.70006511    1.71880975    2.33153200    1.67656360    1.32737557    2.02992013    1.28481724    1.92305617    1.95799333    2.10092142    1.50443124    1.34696058    1.34100406    1.33477694    1.52871673    1.59457412    1.44104731    1.94230414    2.06544951    1.96239083    1.55381308    1.97017337    2.04780209    0.93537714    1.02996222    1.42774073    1.25338346    1.50487983    1.61834787    1.51655890    1.59814927    1.94393197    1.90505484    1.33455693    1.49569620    1.82728235    1.64705010    1.86127370    1.24543486    1.33850279    1.09678287    1.35552948
D3S275_FERPA/89-125     1.44816707    1.38201339    1.14316569    1.49033559    1.48837770    1.25258220    1.44327290    1.19616400    1.15215178    1.53234981    1.29938665    1.27301935    1.15851323    1.32975699    1.28839898    1.50155099    1.05054101    1.59646993    1.35175418    1.02538404    1.34683471    1.12151593    1.92475934    1.14312631    1.43306196    1.30736206    1.35465982    1.18261531    0.64953555    0.00000000    1.18521313    1.99174439    1.11999941    1.45602605    1.66142686    1.72508356    1.69995023    1.63651726    2.08412998    1.78067033    1.53449201    2.08141472    1.99403097    1.95444791    2.29201951    1.15557783    1.35519857    1.60925520    1.16642938    1.28751909    1.14212117    1.04588880    1.34404759    1.65249011    1.61419847    1.31871854    1.96192314    1.98529700    0.93619728    1.43793240    1.70956058    1.22949169    2.06836455    1.44768398    1.35353229    2.04222897    1.71948411    1.27396828    1.43379892    1.46145526    1.84889763    1.47084668    1.39714236    1.39737154    1.33124105    1.10897781    1.32360902
K9ZXS9_DEIPD/111-149     1.48047420    1.74359069    1.63350335    2.42894349    2.41263453    2.08594238    2.35326101    1.43519342    1.79942607    2.03005232    2.11040127    1.74867739    1.63814254    1.64801597    2.20803292    2.27143977    1.93426149    1.82524201    2.13828240    1.88621076    2.00200806    1.54857851    2.42922312    1.50787186    2.24853958    2.35236923    1.86015953    1.75953721    1.43372467    1.18521313    0.00000000    1.08836625    2.11792119    1.86655182    2.03564797    2.14248188    2.53812152    2.06083881    3.29325143    2.12178287    1.87247202    2.12949137    1.94392164    2.36088239    2.91033515    1.70271169    2.33379980    2.12574121    1.74587025    1.65787795    1.55127118    1.67899174    1.35745823    2.19707428    1.96607880    1.83590969    1.69822179    2.07177244    1.66845166    1.57072933    1.69161863    1.73577245    2.22388191    1.48751959    2.04876534    2.46261010    2.12127375    1.65938015    2.15467711    2.40817823    2.74876069    2.63670927    2.47521050    2.33649371    2.16380367    1.99821660    2.17187587
F0RPH8_DEIPM/109-147     1.77590698    1.97790906    1.81505604    1.80664892    1.79274912    1.72564142    1.74592743    1.48012895    1.38366233    1.64306858    1.60254580    1.53496992    1.64351721    1.67986048    1.91358436    1.55080059    1.60110241    1.32945290    1.83560646    1.95293698    1.66742274    1.65916629    1.77318075    1.86386316    2.60329581    2.25405669    1.86667014    1.40067235    1.61002305    1.99174439    1.08836625    0.00000000    1.22955096    1.78296247    1.71524391    1.80021830    1.57475995    2.11119562    1.77422644    1.91938773    2.15209961    2.13015649    2.13826702    1.93929807    2.05211002    2.09575310    2.14189735    2.24233763    1.57477738    1.59127704    1.76572839    1.78980044    1.99436472    2.76668908    1.91904615    1.91027999    2.46224903    2.68355513    1.50641788    1.15093333    1.18287454    1.11595057    1.59674657    1.58289898    2.12773726    1.60164205    2.03168262    2.29401507    1.89088633    2.41987206    2.32421672    2.43826346    2.07670356    1.69264689    1.51395183    2.00692656    1.83456149
D3DGH0_HYDTT/106-142     1.94242212    1.22572023    1.52719110    1.54466833    1.75149642    1.69694837    1.65166627    1.49774742    1.22298683    1.34217078    1.41397434    1.26532353    1.53024138    1.36728208    1.49613877    1.56835903    1.60746716    1.27943129    1.39565865    1.79709994    1.29674921    1.18209010    1.67127860    1.09419985    1.35440263    1.39358899    1.34629362    1.21722162    1.42889525    1.11999941    2.11792119    1.22955096    0.00000000    1.86202366    1.50902852    1.71288744    1.21857392    2.39234120    1.86615784    1.96320348    2.51769229    2.07671493    2.24438430    1.74889880    1.55629928    1.42299883    1.48304707    1.26721431    1.38964036    1.49311216    1.61803189    1.49270713    2.06635492    2.06709171    1.83299493    1.67073279    1.99486082    2.27539981    1.23103003    0.99432349    1.12246101    1.30463110    1.50311077    1.76601791    1.65310330    1.44777243    1.89375293    1.72281802    1.44750283    2.34203206    2.79657200    2.30318101    2.30863464    1.17530979    1.08456891    1.41856946    1.37115772
I0JLP7_HALH3/119-155     1.89874028    1.40993396    1.79244268    1.80735516    1.85639820    1.48359220    1.81838857    2.08678865    1.45189465    2.14089255    1.75078120    1.62709814    1.63269462    1.57993587    1.17978341    1.35571289    1.08858001    1.75170754    1.55981274    1.30750335    1.28143364    1.39339233    1.69620860    1.76856373    1.61433819    2.19688320    1.44358693    1.41981084    1.38507881    1.45602605    1.86655182    1.78296247    1.86202366    0.00000000    0.58208069    0.48390688    1.30171218    0.75804399    1.68591410    1.51902191    1.72837136    1.67684340    1.55708528    1.45873359    1.23317485    1.04518135    1.36284331    1.05249136    1.04688408    0.69401176    0.94518000    0.90346004    1.19825839    1.58132717    1.42055364    1.31550775    1.78534809    2.22760131    1.64570809    1.61280056    1.57178255    1.37435501    1.88041192    1.50205760    1.58694333    2.06503845    2.07640063    1.90147281    2.06203528    2.15343989    1.84860637    2.36996262    2.35363902    1.78107252    1.49023775    1.51677092    1.71680016
Q65IL1_BACLD/117-155     1.96760277    1.88236331    1.44681109    1.64105030    1.46985808    1.77679128    2.05425026    1.90856705    1.59347328    1.96626248    1.73606174    1.63238935    1.90077659    1.71882491    1.65121892    1.84515989    1.43521793    1.80304108    1.82725954    1.42583345    1.72301307    1.55528508    1.65587413    1.59440731    1.56634153    2.38844948    1.51414268    1.45408125    1.75948631    1.66142686    2.03564797    1.71524391    1.50902852    0.58208069    0.00000000    0.38572489    1.31018082    1.38568356    1.86735309    1.68523541    2.06633498    2.05072766    1.74738288    2.21653496    1.36750453    1.04668186    1.18928246    1.19197823    1.08410647    0.85152890    1.21756613    1.17335120    1.51154611    2.55890601    1.67956964    2.10364083    1.91830209    2.38321297    1.91519683    1.42772751    1.57197066    1.53100052    2.04335248    2.13022600    2.27555963    2.01143539    2.44088669    2.55962511    2.25426317    2.40485609    2.38798903    2.23849580    2.34479077    2.33575039    1.99612022    2.02997646    2.04658921
U5LHP0_9BACI/117-155     2.05340486    1.94420278    1.75427685    1.57149704    1.62586078    1.41689868    1.73376406    1.96244325    1.56895131    2.51473322    2.00676389    1.74874241    1.80536113    1.67808048    1.56287706    1.71349557    1.34620233    1.92546304    1.87910699    1.33951677    1.71211371    1.33587623    1.51518559    1.54320442    1.65979474    2.28654355    1.41142013    1.50936013    1.70006511    1.72508356    2.14248188    1.80021830    1.71288744    0.48390688    0.38572489    0.00000000    1.21786684    1.26106426    1.58401815    1.75231468    1.92107313    1.72698266    1.67307842    1.61919447    1.16515552    1.17435746    1.08683651    1.15643868    1.17803797    0.89198300    1.07758835    1.15959990    1.43941854    2.18356911    1.71742986    1.67483433    1.96017212    2.43064498    1.89842382    1.49393984    1.57192988    1.52671658    2.24650741    1.93806696    1.88988540    2.10204238    2.70796056    2.39924773    2.37119654    2.61310290    2.23707013    2.40404253    2.62771518    1.97889412    1.90908031    2.10562869    2.11156080
