19
Q88RU2_PSEPK/49-429     0.00000000    0.32121542    0.43133313    2.00148481    2.17775749    2.59072495    2.51365582    2.74302076    2.36592263    3.55471365    3.47357408    4.22390426    3.99744211    4.55253379    4.14111978    4.73427822    2.93695128    2.64930576    2.56588212
PORP_PSEAE/58-440     0.32121542    0.00000000    0.34796160    2.02756826    2.18191304    2.69923820    2.52966744    2.85590433    2.34417358    3.68458946    3.35628788    4.40427757    4.21553709    4.47093550    4.24282938    4.95404895    3.01421105    2.71732694    2.50424476
PORO_PSEAE/53-438     0.43133313    0.34796160    0.00000000    2.17007105    2.33139186    2.81263712    2.59389708    2.91940337    2.42177576    3.65104599    3.64503187    4.52532224    4.40670359    4.49208712    4.53828116    5.03424051    3.11911238    2.61586410    2.48934701
Q8P7M2_XANCP/24-376     2.00148481    2.02756826    2.17007105    0.00000000    1.69289493    1.50616289    1.49826083    2.17881874    2.00725054    3.03402946    3.10737744    4.75975718    4.52496148    4.70519831    4.68327613    4.84699443    3.06356257    2.10349637    1.96539190
Q8PAF5_XANCP/41-416     2.17775749    2.18191304    2.33139186    1.69289493    0.00000000    1.66307159    1.61170297    2.35782756    2.29580652    3.33565754    3.33451475    4.64955319    5.11610206    5.31587813    5.21091100    5.06666731    3.11676273    2.56958829    2.32036426
Q8P5J4_XANCP/40-389     2.59072495    2.69923820    2.81263712    1.50616289    1.66307159    0.00000000    0.45085110    2.43038146    2.52832819    3.44673840    3.32463304    6.27659246    5.76832806    6.49202390    5.42263472    5.34597569    3.75343654    2.71078321    2.53514313
Q9PEQ3_XYLFA/40-389     2.51365582    2.52966744    2.59389708    1.49826083    1.61170297    0.45085110    0.00000000    2.47497711    2.33856147    3.45356612    3.42554684    5.72970135    5.63453169    6.52111348    5.92899161    5.74796922    3.38654863    2.62117536    2.40532711
Y911_CAUVC/130-493     2.74302076    2.85590433    2.91940337    2.17881874    2.35782756    2.43038146    2.47497711    0.00000000    2.35637852    3.53981599    3.68142622    4.94121342    5.29881459    4.87033746    4.62477708    5.09709347    3.99368054    2.72062779    2.79095935
Q89JB4_BRADU/191-611     2.36592263    2.34417358    2.42177576    2.00725054    2.29580652    2.52832819    2.33856147    2.35637852    0.00000000    3.55485679    3.27880026    4.26282195    4.70065792    4.18410410    3.89622218    4.25761024    3.45823714    2.40185525    2.40862510
Q8PDL5_XANCP/118-479     3.55471365    3.68458946    3.65104599    3.03402946    3.33565754    3.44673840    3.45356612    3.53981599    3.55485679    0.00000000    3.74150217    4.33789073    4.37987515    4.76193184    4.40029079    4.57412725    3.45761309    4.12220201    3.99979134
Q8A4X0_BACTN/55-403     3.47357408    3.35628788    3.64503187    3.10737744    3.33451475    3.32463304    3.42554684    3.68142622    3.27880026    3.74150217    0.00000000    4.60477515    4.43603106    4.46384200    4.40367486    4.88580504    3.15391254    3.48630017    3.45541582
C7M772_CAPOD/59-397     4.22390426    4.40427757    4.52532224    4.75975718    4.64955319    6.27659246    5.72970135    4.94121342    4.26282195    4.33789073    4.60477515    0.00000000    1.61574400    1.59808439    1.83612115    1.81479178    4.50184270    4.90798922    4.55297543
Q7MX84_PORGI/78-408     3.99744211    4.21553709    4.40670359    4.52496148    5.11610206    5.76832806    5.63453169    5.29881459    4.70065792    4.37987515    4.43603106    1.61574400    0.00000000    1.57250833    1.53398907    1.69166475    4.45714783    5.57589827    4.96224655
A6LEN3_PARD8/53-401     4.55253379    4.47093550    4.49208712    4.70519831    5.31587813    6.49202390    6.52111348    4.87033746    4.18410410    4.76193184    4.46384200    1.59808439    1.57250833    0.00000000    1.22661839    1.37477392    4.26159966    4.10915428    4.43183147
Q5LGG5_BACFN/49-391     4.14111978    4.24282938    4.53828116    4.68327613    5.21091100    5.42263472    5.92899161    4.62477708    3.89622218    4.40029079    4.40367486    1.83612115    1.53398907    1.22661839    0.00000000    0.76111677    4.92734392    4.81662916    4.58763914
R5W6G0_9BACE/60-401     4.73427822    4.95404895    5.03424051    4.84699443    5.06666731    5.34597569    5.74796922    5.09709347    4.25761024    4.57412725    4.88580504    1.81479178    1.69166475    1.37477392    0.76111677    0.00000000    4.80390748    5.54152584    5.49436260
Y693_AQUAE/56-414     2.93695128    3.01421105    3.11911238    3.06356257    3.11676273    3.75343654    3.38654863    3.99368054    3.45823714    3.45761309    3.15391254    4.50184270    4.45714783    4.26159966    4.92734392    4.80390748    0.00000000    3.08496322    3.30402396
Q8P5I8_XANCP/35-397     2.64930576    2.71732694    2.61586410    2.10349637    2.56958829    2.71078321    2.62117536    2.72062779    2.40185525    4.12220201    3.48630017    4.90798922    5.57589827    4.10915428    4.81662916    5.54152584    3.08496322    0.00000000    0.66149289
Q9PGH9_XYLFA/35-398     2.56588212    2.50424476    2.48934701    1.96539190    2.32036426    2.53514313    2.40532711    2.79095935    2.40862510    3.99979134    3.45541582    4.55297543    4.96224655    4.43183147    4.58763914    5.49436260    3.30402396    0.66149289    0.00000000

