77
E3E849_PAEPS/4-211     0.00000000    0.72891260    1.04271920    1.04378638    1.15377532    1.10216309    1.11552872    1.24953597    1.14136200    1.09610675    1.19065207    1.11289759    1.07374478    1.02681948    1.05325021    1.25131894    1.33927607    1.16253415    1.36954701    1.39819887    1.39589022    1.46026238    1.35594478    1.39422643    1.37853138    1.33660728    1.34323356    1.43883534    1.22313748    1.55335963    1.33726966    1.18708688    1.31089256    1.68048186    1.59000189    1.26627907    1.54993318    1.24344332    1.46518827    1.46004485    1.40259626    1.61273280    1.40421532    1.50851228    1.57651389    1.56465865    1.78693666    1.53385208    1.59872971    1.59652051    1.65375037    1.62318337    1.49644877    1.58675043    1.75621655    1.64744599    1.80992960    1.69807446    1.55319289    1.64228378    1.65052090    1.57020940    1.67700502    1.70075557    1.59071177    1.59741017    2.11328739    1.68347730    1.41053527    1.58516548    1.67755122    1.70097466    1.76018491    1.72498138    1.47995452    1.50501772    1.57219655
D3EJD4_GEOS4/4-211     0.72891260    0.00000000    1.06950187    0.96082558    0.96879959    1.01482381    1.02272038    1.06552224    0.91338006    0.88115069    1.10667238    1.12398628    1.12602268    0.97985646    1.04567673    1.08960594    1.17962031    0.88933831    1.32720684    1.53978174    1.33381111    1.38813957    1.54899646    1.44447040    1.44306332    1.44509292    1.38594310    1.35985265    1.18514556    1.33139651    1.28631920    1.22538663    1.16997620    1.76008467    1.69975885    1.33792326    1.56888283    1.04971468    1.15944512    1.16323376    1.20552856    1.38911912    1.48881695    1.54330343    1.45667935    1.51286917    1.84868662    1.47348054    1.59968248    1.60659926    1.60683789    1.67233662    1.58221440    1.61316367    1.59594916    1.54900670    1.74826758    1.72524525    1.52269821    1.53971886    1.54644142    1.51148202    1.56354578    1.75852804    1.56329366    1.64458370    2.13094680    1.83860151    1.62408267    1.71848117    1.87626113    1.66132510    1.78368928    1.74212631    1.51806772    1.45931135    1.33906298
SP0M_BACSU/4-212     1.04271920    1.06950187    0.00000000    0.96168106    0.91384431    1.00418351    0.95378104    1.05823864    0.97198493    1.00008183    1.20107900    1.31411654    1.14765859    1.05504780    0.90104903    1.32210811    1.02651511    1.08169017    1.46933392    1.46773086    1.46944447    1.51083552    1.23560357    1.20720381    1.24030067    1.24597865    1.22013188    1.31170395    1.14081192    1.31471591    1.24981698    1.20809917    1.34440642    1.58251131    1.58020815    1.64376317    1.82565758    1.29846977    1.55681741    1.13388853    1.22942733    1.53352402    1.39624609    1.42490400    1.42216802    1.24775627    1.70661126    1.48014532    1.43879509    1.45267341    1.59000371    1.54326010    1.36521769    1.45661730    1.43679334    1.46698454    1.56396756    1.54909546    1.54386414    1.48096801    1.42638170    1.47045976    1.54098599    1.70449725    1.62189564    1.66370513    2.07887035    1.51325406    1.36878878    1.57574875    1.54219653    1.56954427    1.90162969    1.72335678    1.40902246    1.37785100    1.43222831
A0A6L8NZ56_BACAN/2-213     1.04378638    0.96082558    0.96168106    0.00000000    0.84640282    0.81516425    0.77502634    0.88856155    0.77307265    0.94060289    1.03027691    1.05749088    0.92680784    1.06984569    0.93240747    1.23769063    1.04206372    1.00608675    1.26165157    1.58312865    1.49854048    1.44373172    1.28268515    1.24787848    1.26698155    1.34693033    1.33700020    1.32694629    1.22714114    1.25563699    1.29894191    1.21457861    1.27858329    1.96151555    1.72393442    1.48013996    1.62369680    1.08650001    1.31141800    1.18455043    1.35895857    1.44380374    1.70744306    1.67390108    1.50305550    1.62662599    1.98617644    1.74862197    1.70157243    1.68488215    1.76216405    1.91829894    1.53936921    1.65457633    1.57786662    1.57566825    1.79865977    1.76662442    1.73745335    1.79647055    1.69226983    1.62039618    1.63403742    1.59329272    1.62656200    1.59652557    2.24296817    1.90312859    1.64897116    1.73768304    1.86777127    1.72792681    2.12638411    1.87446548    1.77798441    1.45689581    1.61806635
B7GKU0_ANOFW/25-235     1.15377532    0.96879959    0.91384431    0.84640282    0.00000000    0.66211084    0.64076785    0.78459582    0.63874573    0.88343711    0.97120688    0.86141562    0.84578930    0.96737552    0.80567153    1.32202310    1.07790015    1.03148061    1.36761037    1.45599220    1.17979582    1.38954972    1.08353410    1.13775039    1.16053836    1.22622624    1.06761351    1.20941858    1.05295014    1.13132377    1.21474711    1.16442594    1.38131747    1.57192653    1.50842535    1.38049613    1.47117694    0.94197649    1.32915588    1.30254948    1.23905719    1.57118745    1.64059180    1.52029551    1.58810227    1.61941759    1.82956269    1.80656858    1.78248981    1.76838259    1.91122480    1.93650250    1.66425805    1.91048581    1.78155096    1.65585687    1.82308413    1.60938026    1.77149002    1.66176803    1.68006353    1.57537418    1.55316437    1.68479167    1.61319557    1.65987343    2.24358724    1.94902178    1.79186513    1.81136994    1.94859711    1.81122724    1.73993383    1.65096719    1.68672194    1.52945193    1.65293031
F2EZY3_SOLSS/4-214     1.10216309    1.01482381    1.00418351    0.81516425    0.66211084    0.00000000    0.77596297    0.93355894    0.74830822    0.96591901    1.01594424    1.00457001    0.81647891    0.94992495    0.71014903    1.17055235    0.94428505    0.97666842    1.32270195    1.48942993    1.28504514    1.61281710    1.20360308    1.24659291    1.30810399    1.30723163    1.22071282    1.39797029    1.19823655    1.22383676    1.26963698    1.26765443    1.44985066    1.90943206    1.79024117    1.53620093    1.58684162    0.92601764    1.37001212    1.40182729    1.29893785    1.55467512    1.69361315    1.63966786    1.55563817    1.61812291    2.12178547    1.72900737    1.81759062    1.70878209    1.89164247    2.04063416    1.55853853    1.90594488    1.76268827    1.80322769    1.83836933    1.65600051    1.81642431    1.78020915    1.88676371    1.85504379    1.82134836    1.94297617    1.83552918    1.84839255    2.29351836    1.90742341    1.84509737    1.84098834    1.88547233    1.84867480    1.83822551    1.73264059    1.87515269    1.57679496    1.63117739
N0B2E1_9BACI/13-223     1.11552872    1.02272038    0.95378104    0.77502634    0.64076785    0.77596297    0.00000000    0.94568418    0.59826491    0.83985607    1.04355958    0.87185102    0.82339681    0.94388097    0.79885359    1.37353182    1.13782669    0.98014461    1.41862979    1.52474192    1.44951327    1.45929942    1.30503011    1.25930682    1.17845765    1.37578860    1.22659641    1.42539254    1.16520747    1.23599210    1.19603128    1.22709619    1.37165375    1.91320965    1.86184807    1.44518284    1.43392866    1.10273600    1.32377365    1.34475841    1.41190028    1.51508707    1.53120077    1.57924432    1.57807934    1.48058567    1.91282524    1.72564673    1.89095048    1.79256102    1.89969283    2.01101882    1.54830327    1.88441159    1.78003051    1.86612413    1.88022861    1.73345963    1.68233986    1.77093592    1.73387577    1.75018601    1.78551647    1.63658012    1.68877695    1.70997408    2.36731376    1.77243572    1.77912803    1.76673401    2.01929768    1.80150942    1.82246990    1.68726654    1.71986593    1.40770904    1.67181759
Q8EMA6_OCEIH/2-211     1.24953597    1.06552224    1.05823864    0.88856155    0.78459582    0.93355894    0.94568418    0.00000000    0.77597450    0.98549315    1.13033524    1.00384777    1.00770267    1.03974235    0.88965809    1.31093726    1.18182577    1.10033077    1.38368519    1.68535789    1.36797200    1.37660249    1.37771190    1.38373443    1.29975774    1.24071026    1.40194781    1.40037216    1.16963859    1.16775039    1.27281871    1.19959517    1.45485937    1.94500945    1.80287667    1.58561858    1.70489581    1.12885930    1.44091173    1.28296788    1.33568879    1.56372062    1.53065989    1.48502140    1.60884033    1.54194570    1.85937145    1.86006169    1.69411148    1.66643585    1.77178563    1.73687720    1.74164662    1.73420200    1.70587061    1.71427977    1.85776239    1.69942724    1.88267693    1.61593849    1.72338595    1.64200523    1.62978162    1.85872873    1.73436152    1.68180617    2.37460714    1.94434661    1.84543883    1.85026634    1.95214295    1.77085044    2.06074039    1.94605388    1.84925954    1.47545432    1.60481439
U5LEI3_9BACI/4-214     1.14136200    0.91338006    0.97198493    0.77307265    0.63874573    0.74830822    0.59826491    0.77597450    0.00000000    0.81135542    0.98030440    0.84613461    0.82727010    0.91167815    0.78341699    1.30189061    0.97132264    0.91625165    1.31299630    1.66075654    1.31379549    1.50361051    1.13554330    1.19772774    1.14122330    1.17212058    1.11128425    1.30578730    1.03959208    1.19495281    1.07760044    1.14329557    1.27817441    1.94379956    1.87415933    1.40999159    1.52483998    1.07705252    1.20039598    1.21359402    1.11433533    1.59565699    1.47388093    1.43701471    1.53207442    1.52122100    1.91116208    1.58527581    1.67435138    1.70433045    1.80301922    1.88317303    1.56078101    1.74592861    1.69656363    1.63391281    1.70838427    1.71095161    1.70721064    1.62712701    1.56561839    1.57150437    1.53440912    1.63926018    1.71834186    1.59592710    2.21949192    1.76308337    1.67643524    1.63755736    1.83808740    1.69087161    1.92631009    1.81256905    1.66566996    1.40861897    1.51551567
C6CSI9_PAESJ/5-212     1.09610675    0.88115069    1.00008183    0.94060289    0.88343711    0.96591901    0.83985607    0.98549315    0.81135542    0.00000000    1.03339061    0.83434759    0.82042504    0.85932445    0.98242372    1.20187914    1.12922217    0.90978174    1.38680485    1.46278376    1.44920117    1.59487864    1.28109286    1.28898265    1.20859707    1.32789114    1.20147763    1.35701758    1.20306381    1.27192234    1.22717555    1.15728597    1.22376528    1.71070239    1.66632458    1.52773586    1.50886941    1.11359082    1.17562811    1.18228123    1.23405585    1.38438068    1.50659159    1.52186663    1.32143689    1.39107495    1.78519368    1.44094455    1.55649798    1.58882353    1.68707785    1.84160276    1.47193407    1.43012864    1.48683250    1.55210509    1.65999384    1.51712127    1.54550779    1.53137327    1.48895391    1.53308392    1.40011163    1.54904189    1.53079161    1.40788705    1.95476313    1.60310821    1.47109265    1.61687932    1.59343389    1.55097834    1.92847781    1.78371459    1.49055186    1.33985337    1.42733701
D9STE5_CLOC7/4-212     1.19065207    1.10667238    1.20107900    1.03027691    0.97120688    1.01594424    1.04355958    1.13033524    0.98030440    1.03339061    0.00000000    0.94779288    0.91681402    1.04737339    1.06017842    1.60392796    1.21716116    1.23630121    1.41667723    1.48765475    1.61296360    1.59129155    1.26164710    1.46154327    1.38942416    1.43248137    1.32248374    1.33672941    1.24983750    1.32571741    1.14597227    1.12023839    1.41966114    1.59870881    1.50625062    1.54041477    1.66844861    1.17143499    1.36565921    1.16970875    1.26554430    1.53464324    1.50496339    1.48124155    1.48365225    1.51788507    2.06408419    1.60641705    1.43390539    1.51839712    1.54337818    1.69861794    1.57236154    1.55650588    1.47027372    1.49636825    1.65577958    1.56500898    1.58657597    1.56384265    1.66816508    1.62280789    1.43563839    1.52868788    1.51302198    1.44683995    2.00889586    1.59876191    1.61080541    1.62431711    1.76885633    1.56644739    1.88202441    1.83220267    1.54714619    1.41707172    1.51101535
X5A5U4_9BACL/4-211     1.11289759    1.12398628    1.31411654    1.05749088    0.86141562    1.00457001    0.87185102    1.00384777    0.84613461    0.83434759    0.94779288    0.00000000    0.47898561    0.93722011    0.98193219    1.33186729    1.02197645    0.95866834    1.39710029    1.64201564    1.52855339    1.64827456    1.36785041    1.43662271    1.30754044    1.44296286    1.26874514    1.39879136    1.26790101    1.16881048    1.16610297    1.11618376    1.15707660    1.72865673    1.60419166    1.30189615    1.38697900    1.02608042    1.08100716    1.11341677    1.13455202    1.40752227    1.67203544    1.66936932    1.53805432    1.67463428    1.86922321    1.62764256    1.80782785    1.80329602    1.89337090    1.89869912    1.60692476    1.91810410    1.78138989    1.79580213    1.75873199    1.63206709    1.82569733    1.64197352    1.72519596    1.68887201    1.70945429    1.73620022    1.77506018    1.78963296    2.26423546    1.71696364    1.68268515    1.79531957    1.89446765    1.68441665    1.84375042    1.78532023    1.51756219    1.45396271    1.49383312
H6NE63_9BACL/4-211     1.07374478    1.12602268    1.14765859    0.92680784    0.84578930    0.81647891    0.82339681    1.00770267    0.82727010    0.82042504    0.91681402    0.47898561    0.00000000    0.88685909    1.03083507    1.25971725    1.08142416    1.07047621    1.42929317    1.66544758    1.37455092    1.73202305    1.27185572    1.29401337    1.25170793    1.35580850    1.27620174    1.26354089    1.22490297    1.20817257    1.25469940    1.25802041    1.11830171    1.50578717    1.47107533    1.26944604    1.34469175    0.90990604    1.17028687    1.13185994    1.17751433    1.30098888    1.72214438    1.78036047    1.45050242    1.42955039    1.84668848    1.67868684    1.79202610    1.76214193    1.82719254    2.01015217    1.42971862    1.72816830    1.66755547    1.70235656    1.81963187    1.61655554    1.70370829    1.64663729    1.73902145    1.64854826    1.63903655    1.62772262    1.64539528    1.64087633    2.11380507    1.86358401    1.65408667    1.77283618    1.84473746    1.63248176    1.74159023    1.74976085    1.65141593    1.35242961    1.38906787
I0JR17_HALH3/2-206     1.02681948    0.97985646    1.05504780    1.06984569    0.96737552    0.94992495    0.94388097    1.03974235    0.91167815    0.85932445    1.04737339    0.93722011    0.88685909    0.00000000    0.78079435    1.19614992    1.03942073    0.85996409    1.37422859    1.37649657    1.37625384    1.37940495    1.39930181    1.37863523    1.42216483    1.38807561    1.40944346    1.29894122    1.25124522    1.37083978    1.26290962    1.27281368    1.36744085    1.71385158    1.66882827    1.46806994    1.63504047    1.13979661    1.12201109    1.23345571    1.29138494    1.40725781    1.40896895    1.51043562    1.44433605    1.44136800    1.90641817    1.51049686    1.55415454    1.67632653    1.76538671    1.69280365    1.58227822    1.66502786    1.66234808    1.64225622    1.64122566    1.57187532    1.64835260    1.59797119    1.66945637    1.63686752    1.61332500    1.75154014    1.61039794    1.57138972    2.20427248    1.71947011    1.61230679    1.61236688    1.71291738    1.72747761    1.71343482    1.62266527    1.68710787    1.35252636    1.46122468
Q5L337_GEOKA/2-211     1.05325021    1.04567673    0.90104903    0.93240747    0.80567153    0.71014903    0.79885359    0.88965809    0.78341699    0.98242372    1.06017842    0.98193219    1.03083507    0.78079435    0.00000000    1.22287325    0.93729038    0.91066443    1.39264472    1.50926268    1.45918437    1.48668190    1.20329121    1.25703261    1.24398086    1.19418426    1.19133102    1.24998238    1.13734345    1.26832583    1.15806338    1.14094356    1.41821842    1.72087448    1.71502674    1.32430126    1.30105119    1.15279455    1.36414309    1.34247578    1.28402148    1.35084495    1.44921484    1.44376123    1.53924552    1.51426346    1.92913706    1.76961302    1.43940124    1.53396931    1.67149329    1.64786691    1.56912758    1.54419331    1.59247391    1.58701991    1.66576211    1.56536577    1.61850907    1.51772161    1.49313215    1.57321796    1.52765476    1.70782925    1.55764324    1.54982341    2.07849572    1.56999869    1.46323901    1.68629201    1.65920204    1.53176908    1.78960854    1.75591780    1.63464933    1.49895068    1.51878088
A9B5Z7_HERA2/2-209     1.25131894    1.08960594    1.32210811    1.23769063    1.32202310    1.17055235    1.37353182    1.31093726    1.30189061    1.20187914    1.60392796    1.33186729    1.25971725    1.19614992    1.22287325    0.00000000    0.92345710    0.85734367    1.30645092    1.44210107    1.50913567    1.51348728    1.62040559    1.61559333    1.61492485    1.63586332    1.72503591    1.54107651    1.44173763    1.45195001    1.37330657    1.26525659    1.40522420    1.96621969    1.94389287    1.53934940    1.64075434    1.26103504    1.39032760    1.31638697    1.38998450    1.56209768    1.58695413    1.53168773    1.38907144    1.49194081    1.74998438    1.62694536    1.40827202    1.51035819    1.69287454    1.75857987    1.30807989    1.61848539    1.49271969    1.56569648    1.74934315    1.46564604    1.72485262    1.58816094    1.52786324    1.68873963    1.68657863    1.76137666    1.79590052    1.66923242    1.91925232    1.68946478    1.44980476    1.58527409    1.62081527    1.46152541    1.64451650    1.59502773    1.49967750    1.42760343    1.49336084
Q8YPP0_NOSS1/22-229     1.33927607    1.17962031    1.02651511    1.04206372    1.07790015    0.94428505    1.13782669    1.18182577    0.97132264    1.12922217    1.21716116    1.02197645    1.08142416    1.03942073    0.93729038    0.92345710    0.00000000    0.58106755    1.29106066    1.46843774    1.38526835    1.46153273    1.36380770    1.20637395    1.49891566    1.45527814    1.45844103    1.44782387    1.36819151    1.34341583    1.15618748    1.20007831    1.41960049    1.95479060    1.87356817    1.46413882    1.55337407    1.29070488    1.40245252    1.33631419    1.36008075    1.63732300    1.50205525    1.54877888    1.65405458    1.51593227    1.82797687    1.82972231    1.62257970    1.58683377    1.72127867    1.83125161    1.52439128    1.69091847    1.50200834    1.66613432    1.85180055    1.65693260    1.75639302    1.65028700    1.54213693    1.55462222    1.69692469    1.76855834    1.84714656    1.75360456    2.15202089    1.69662343    1.60549776    1.70174631    1.64475939    1.50396406    1.74453724    1.62766768    1.50281446    1.52072979    1.71549109
C0ZHJ0_BREBN/2-209     1.16253415    0.88933831    1.08169017    1.00608675    1.03148061    0.97666842    0.98014461    1.10033077    0.91625165    0.90978174    1.23630121    0.95866834    1.07047621    0.85996409    0.91066443    0.85734367    0.58106755    0.00000000    1.34052823    1.34374500    1.25817056    1.54335032    1.30752365    1.31339473    1.27861630    1.35832645    1.35627069    1.38403465    1.19595357    1.34560351    1.25094765    1.16873858    1.24011762    2.03245332    2.08368769    1.34385768    1.41824182    1.29141376    1.32911893    1.35564645    1.32356083    1.53111981    1.42751495    1.48292440    1.50414000    1.48366635    1.84637630    1.67795424    1.46408940    1.58470705    1.57411035    1.67650047    1.45599576    1.57187155    1.40187436    1.49259652    1.74416574    1.68941950    1.61402566    1.51898221    1.54586832    1.38388116    1.42449727    1.58835486    1.56697524    1.47855042    2.02407545    1.54940609    1.65109050    1.60551535    1.70602259    1.52696592    1.66837858    1.67066288    1.44658291    1.34419765    1.50854133
E1V3I8_HALED/2-214     1.36954701    1.32720684    1.46933392    1.26165157    1.36761037    1.32270195    1.41862979    1.38368519    1.31299630    1.38680485    1.41667723    1.39710029    1.42929317    1.37422859    1.39264472    1.30645092    1.29106066    1.34052823    0.00000000    1.42469103    1.49983062    1.45093893    1.64926659    1.63077083    1.56313082    1.60832907    1.45707509    1.60217363    1.47557062    1.63272660    1.42514518    1.32712338    1.65021175    1.95466397    1.85518339    1.56403294    1.75164911    1.34559569    1.35737919    1.29925508    1.35360333    1.84719172    1.52361157    1.57659652    1.47696116    1.53972067    1.80870616    1.65050001    1.78596396    1.73082530    1.83270619    1.89744429    1.73714932    1.83740255    1.80993811    1.72621329    2.04379666    1.78558925    1.81059631    1.66655575    1.75705264    1.75458942    1.91710543    1.82397278    1.78823075    1.68066207    2.09138509    1.68233637    1.66674911    1.62646440    1.82208336    1.52300287    1.92987088    1.73502237    1.72364015    1.60068458    1.62867341
E1SSB8_FERBD/2-218     1.39819887    1.53978174    1.46773086    1.58312865    1.45599220    1.48942993    1.52474192    1.68535789    1.66075654    1.46278376    1.48765475    1.64201564    1.66544758    1.37649657    1.50926268    1.44210107    1.46843774    1.34374500    1.42469103    0.00000000    1.05407729    1.03717231    1.59497668    1.55529106    1.65014627    1.72551525    1.37315862    1.72755135    1.58388793    1.52718461    1.50454569    1.40468172    1.92251635    1.85831142    1.74849037    1.75856601    1.90171937    1.55464766    1.47198817    1.56882433    1.65492614    1.74587776    1.37089269    1.53499998    1.56107252    1.48530650    1.59313261    1.55748786    1.53642627    1.58316099    1.59896275    1.79599577    1.58706847    1.68005244    1.59369820    1.42361203    1.95630848    1.62506512    1.53976977    1.45416559    1.52596961    1.40032364    1.58655694    1.60395047    1.43990769    1.47015249    2.50823135    1.55304549    1.45161530    1.64517357    1.68744929    1.34278425    1.68792351    1.71611092    1.58046796    1.43408097    1.52622734
A1S9J4_SHEAM/2-218     1.39589022    1.33381111    1.46944447    1.49854048    1.17979582    1.28504514    1.44951327    1.36797200    1.31379549    1.44920117    1.61296360    1.52855339    1.37455092    1.37625384    1.45918437    1.50913567    1.38526835    1.25817056    1.49983062    1.05407729    0.00000000    0.70902830    1.59412868    1.44962405    1.47611230    1.53184421    1.50362294    1.68645137    1.45917108    1.52254852    1.58557478    1.40617945    1.41948146    1.80041209    1.71163466    1.65396298    1.89351008    1.27284861    1.48961841    1.33619226    1.29086378    1.62401928    1.55338740    1.71727140    1.67197247    1.58558247    1.96783194    1.76329295    1.75461580    1.75032385    1.81096224    1.87942315    1.58436422    1.58857047    1.69138787    1.73996827    1.85560220    1.82631495    1.71801385    1.76435257    1.69599868    1.47174647    1.51956634    1.69475855    1.79653772    1.70108033    2.09951836    1.80436737    1.87786978    1.95706932    1.97093003    1.67106944    1.74779463    1.74610034    1.70687945    1.48379519    1.56958983
Q3IE37_PSET1/2-218     1.46026238    1.38813957    1.51083552    1.44373172    1.38954972    1.61281710    1.45929942    1.37660249    1.50361051    1.59487864    1.59129155    1.64827456    1.73202305    1.37940495    1.48668190    1.51348728    1.46153273    1.54335032    1.45093893    1.03717231    0.70902830    0.00000000    1.95427604    1.65540975    1.81368203    1.64394746    1.66956061    1.60658101    1.45164268    1.49668053    1.46907175    1.33599283    1.59687923    1.90341581    1.85047162    1.57222988    2.03664368    1.37829275    1.50404960    1.46384442    1.54949071    1.65978336    1.75473586    1.80096762    1.69943861    1.57404389    1.87352186    1.77496232    1.64772761    1.73859754    1.83030013    1.69701346    1.72068174    1.59433232    1.57627394    1.81916323    2.10200179    1.93403162    1.76691560    1.71537900    1.73037260    1.55311810    1.63678999    1.70776253    1.71847820    1.79724243    2.20300755    2.02728631    1.70708965    1.99604278    1.92884415    1.55937394    1.86181306    1.83802128    1.76555368    1.54865713    1.75359355
Q6LLI7_PHOPR/4-219     1.35594478    1.54899646    1.23560357    1.28268515    1.08353410    1.20360308    1.30503011    1.37771190    1.13554330    1.28109286    1.26164710    1.36785041    1.27185572    1.39930181    1.20329121    1.62040559    1.36380770    1.30752365    1.64926659    1.59497668    1.59412868    1.95427604    0.00000000    0.61520622    0.58968762    0.56553908    0.56648112    1.24839506    1.19200592    1.39585562    1.14545727    1.37557142    1.40221588    1.99798822    1.83991820    2.02075575    2.18166403    1.45038120    1.57131225    1.48844834    1.39216672    2.00404222    1.61224059    1.74697349    1.81206670    1.68981552    2.28790357    2.04803819    2.07446419    2.16729953    2.21685322    2.30642020    1.89625512    2.10925134    2.00012924    2.01570563    2.25542213    2.06352955    2.14930773    2.06449927    2.04290736    1.95161523    2.07253678    2.20999289    2.06738430    2.07128326    2.50912921    1.92666114    1.82169290    1.77853925    2.07443138    2.03496182    2.12786474    2.12567036    2.07263755    1.80416509    1.95015248
Q5E1Q2_ALIF1/4-219     1.39422643    1.44447040    1.20720381    1.24787848    1.13775039    1.24659291    1.25930682    1.38373443    1.19772774    1.28898265    1.46154327    1.43662271    1.29401337    1.37863523    1.25703261    1.61559333    1.20637395    1.31339473    1.63077083    1.55529106    1.44962405    1.65540975    0.61520622    0.00000000    0.52651563    0.53790630    0.56400285    1.27260233    1.24236430    1.44765034    1.36932587    1.43075008    1.50658083    2.04181293    1.80847168    1.87042362    2.15050407    1.53098184    1.69345835    1.58415189    1.59847585    1.79147913    1.63775948    1.79865435    1.82385703    1.76788828    2.24636917    2.10536394    1.97875778    2.00733921    2.03708352    2.30321997    1.91822026    2.01964924    1.98541873    1.86765305    2.39425786    2.19334680    2.18450990    2.15235811    2.17629282    2.00469863    1.98854597    2.13157522    2.03793767    1.99960242    2.62195509    2.02948581    2.06539093    2.08532070    2.05228551    2.08916994    2.10075638    2.12236621    2.22963952    1.84698910    1.95964010
B7VMX8_VIBA3/6-222     1.37853138    1.44306332    1.24030067    1.26698155    1.16053836    1.30810399    1.17845765    1.29975774    1.14122330    1.20859707    1.38942416    1.30754044    1.25170793    1.42216483    1.24398086    1.61492485    1.49891566    1.27861630    1.56313082    1.65014627    1.47611230    1.81368203    0.58968762    0.52651563    0.00000000    0.37287997    0.39341910    1.23386092    1.19671367    1.39149138    1.18409913    1.31845635    1.59792927    1.92265597    1.81056116    1.81848179    2.03314110    1.30309476    1.56737588    1.53552807    1.51618216    1.83345030    1.68361593    1.79508297    1.75429599    1.76043289    2.25651847    1.99045177    2.05497531    2.00066083    2.04886369    2.21700339    1.89795959    1.87948294    1.87741628    1.85913386    2.14754690    1.95782237    2.06473129    2.05996089    2.02467630    1.84577063    1.78759794    2.12234195    2.09920246    2.04081867    2.65069686    2.08651491    1.99821813    2.05720521    2.23236201    1.89647611    2.15015683    2.13062053    2.05031459    1.81933080    1.89876011
Q87KC8_VIBPA/6-222     1.33660728    1.44509292    1.24597865    1.34693033    1.22622624    1.30723163    1.37578860    1.24071026    1.17212058    1.32789114    1.43248137    1.44296286    1.35580850    1.38807561    1.19418426    1.63586332    1.45527814    1.35832645    1.60832907    1.72551525    1.53184421    1.64394746    0.56553908    0.53790630    0.37287997    0.00000000    0.33377387    1.25642411    1.17556746    1.33912276    1.16253485    1.23137550    1.55768533    1.88172692    1.71497573    1.73668903    2.10415408    1.40013353    1.57821874    1.52403520    1.55459802    1.76213427    1.66699166    1.72811320    1.75198398    1.67529369    2.22432602    1.95781397    1.88470694    1.98348143    1.98604678    2.09747019    1.76163529    1.98152498    1.90821286    1.94869264    2.03902992    1.86045532    1.97027006    2.00943322    1.92641474    1.85930750    1.88612299    2.07682252    2.01289457    1.94485911    2.61132292    2.03125763    1.86400019    1.80030780    2.02537608    1.89331587    2.08519043    2.10092878    2.13711716    1.67920437    1.76698277
Q9KVV0_VIBCH/21-237     1.34323356    1.38594310    1.22013188    1.33700020    1.06761351    1.22071282    1.22659641    1.40194781    1.11128425    1.20147763    1.32248374    1.26874514    1.27620174    1.40944346    1.19133102    1.72503591    1.45844103    1.35627069    1.45707509    1.37315862    1.50362294    1.66956061    0.56648112    0.56400285    0.39341910    0.33377387    0.00000000    1.29150192    1.15453623    1.23671317    1.15586403    1.22328848    1.57313274    1.86298466    1.58874664    1.79898979    2.03992515    1.37787804    1.56564344    1.56111857    1.49916963    1.72416444    1.62329934    1.73346203    1.65145436    1.65554709    2.17144340    1.79082708    1.93334000    1.97320104    1.99326476    2.15845869    1.87489190    1.98823720    1.87235737    1.85571900    2.07368813    1.73888565    1.89567775    2.00653930    1.98169951    1.69961556    1.87118412    2.01887024    1.92748523    1.88791254    2.50445114    1.87850071    1.82724389    1.78954529    1.98311184    1.77272839    1.96620572    1.96815268    2.03252871    1.71775274    1.87419910
L0JQI9_NATP1/1-204     1.43883534    1.35985265    1.31170395    1.32694629    1.20941858    1.39797029    1.42539254    1.40037216    1.30578730    1.35701758    1.33672941    1.39879136    1.26354089    1.29894122    1.24998238    1.54107651    1.44782387    1.38403465    1.60217363    1.72755135    1.68645137    1.60658101    1.24839506    1.27260233    1.23386092    1.25642411    1.29150192    0.00000000    0.34261955    0.91911653    0.85559172    1.00581525    1.45745054    1.79349786    1.74769032    1.60980387    1.78949059    1.40417596    1.47278319    1.30535213    1.42152141    1.65746471    1.42600678    1.36008637    1.40001539    1.49955075    1.96228572    1.94155080    1.54416779    1.63039677    1.68020190    1.72319791    1.52634293    1.65054638    1.53603058    1.68508667    1.74235665    1.66910611    1.75209989    1.74058003    1.63524474    1.70369164    1.71133290    1.73248427    1.77081904    1.69260536    1.99281680    1.74267895    1.64794758    1.69687584    1.71273293    1.71881257    1.98592585    1.95743439    1.77404804    1.67540061    1.58770110
D2RPW6_HALTV/1-204     1.22313748    1.18514556    1.14081192    1.22714114    1.05295014    1.19823655    1.16520747    1.16963859    1.03959208    1.20306381    1.24983750    1.26790101    1.22490297    1.25124522    1.13734345    1.44173763    1.36819151    1.19595357    1.47557062    1.58388793    1.45917108    1.45164268    1.19200592    1.24236430    1.19671367    1.17556746    1.15453623    0.34261955    0.00000000    0.88749304    0.80599783    0.82042928    1.34209745    1.80845077    1.72017150    1.44074638    1.70347945    1.27380087    1.44684228    1.34035954    1.29938349    1.60861716    1.48779917    1.43301567    1.42016188    1.51850931    1.81876094    1.83106334    1.64963986    1.69855092    1.71945273    1.82633034    1.70411480    1.75272602    1.71235384    1.70625724    1.91873511    1.70396946    1.73551649    1.66726950    1.65949782    1.69023776    1.77368256    1.78480104    1.81136154    1.68710285    2.02207023    1.80279765    1.71897204    1.73285945    1.71821518    1.57999096    1.99861963    1.89523853    1.70906524    1.63607272    1.51943135
Q5V309_HALMA/3-209     1.55335963    1.33139651    1.31471591    1.25563699    1.13132377    1.22383676    1.23599210    1.16775039    1.19495281    1.27192234    1.32571741    1.16881048    1.20817257    1.37083978    1.26832583    1.45195001    1.34341583    1.34560351    1.63272660    1.52718461    1.52254852    1.49668053    1.39585562    1.44765034    1.39149138    1.33912276    1.23671317    0.91911653    0.88749304    0.00000000    0.67789913    0.80662446    1.33988111    1.67580917    1.63882573    1.61707649    1.79590714    1.25047457    1.34349050    1.27457271    1.51273188    1.53305578    1.53483653    1.59894189    1.55265738    1.53395631    1.68146584    1.83552445    1.87188635    1.64739149    1.89103698    1.85244921    1.62041925    1.88902878    1.68963739    1.72683013    1.94629675    1.69745166    1.66153205    1.58695416    1.65242807    1.63490836    1.67749477    1.82575514    1.72579211    1.70727037    2.30827118    2.03839707    1.85232319    1.76318557    1.85238892    1.63713366    2.01161021    1.83183172    1.94197461    1.57821112    1.64442345
D4GQ21_HALVD/1-207     1.33726966    1.28631920    1.24981698    1.29894191    1.21474711    1.26963698    1.19603128    1.27281871    1.07760044    1.22717555    1.14597227    1.16610297    1.25469940    1.26290962    1.15806338    1.37330657    1.15618748    1.25094765    1.42514518    1.50454569    1.58557478    1.46907175    1.14545727    1.36932587    1.18409913    1.16253485    1.15586403    0.85559172    0.80599783    0.67789913    0.00000000    0.51105656    1.38668185    1.59054652    1.66116448    1.49895186    1.67673652    1.38680063    1.37183540    1.27343988    1.35104777    1.62789148    1.30826076    1.32482769    1.48506037    1.41991384    1.69166504    1.82872841    1.65678839    1.60757508    1.73435985    1.69044026    1.55141197    1.91096206    1.68183323    1.57873866    1.86684743    1.59649691    1.64643885    1.63304452    1.64015092    1.42802664    1.53358246    1.57051214    1.58332240    1.59821754    2.06608505    1.67464433    1.62241399    1.59778023    1.62936124    1.59196564    1.95799453    1.89893934    1.74829453    1.45354267    1.54316745
E4NWJ2_HALBP/1-207     1.18708688    1.22538663    1.20809917    1.21457861    1.16442594    1.26765443    1.22709619    1.19959517    1.14329557    1.15728597    1.12023839    1.11618376    1.25802041    1.27281368    1.14094356    1.26525659    1.20007831    1.16873858    1.32712338    1.40468172    1.40617945    1.33599283    1.37557142    1.43075008    1.31845635    1.23137550    1.22328848    1.00581525    0.82042928    0.80662446    0.51105656    0.00000000    1.51194001    1.82258743    1.83388914    1.45483965    1.66370185    1.28943409    1.45542137    1.20627265    1.24273836    1.32035781    1.37803354    1.37661379    1.53685235    1.41898488    1.51561133    1.61074869    1.52079551    1.47886672    1.62671864    1.70441997    1.38729303    1.67982746    1.56909115    1.43790735    1.69631387    1.58097399    1.39120511    1.46710254    1.31103835    1.41139501    1.43568363    1.48671019    1.46382781    1.44668399    1.98755761    1.71795619    1.45456517    1.58314906    1.56447021    1.52256227    1.70378883    1.76393740    1.51970972    1.30318741    1.45420938
H8MVT2_CORCM/3-210     1.31089256    1.16997620    1.34440642    1.27858329    1.38131747    1.44985066    1.37165375    1.45485937    1.27817441    1.22376528    1.41966114    1.15707660    1.11830171    1.36744085    1.41821842    1.40522420    1.41960049    1.24011762    1.65021175    1.92251635    1.41948146    1.59687923    1.40221588    1.50658083    1.59792927    1.55768533    1.57313274    1.45745054    1.34209745    1.33988111    1.38668185    1.51194001    0.00000000    1.70524188    1.77416675    1.61471642    1.85303192    1.47709926    1.33944789    1.24588674    1.25378545    1.50689580    1.64768641    1.82190850    1.63707639    1.68051691    2.00831232    1.84053077    1.75524672    1.88463099    1.83391718    1.98036177    1.75854379    1.81203105    1.78203056    1.75526175    2.03230025    1.83035137    1.85789193    1.59649280    1.88448754    1.90857763    2.02733829    2.08646023    1.93530982    1.87783393    2.11859370    1.95672962    1.82039830    2.02249745    1.87741559    1.73815423    1.87727318    1.88206968    1.83594464    1.64174299    1.64786148
C5D3Y3_GEOSW/2-199     1.68048186    1.76008467    1.58251131    1.96151555    1.57192653    1.90943206    1.91320965    1.94500945    1.94379956    1.71070239    1.59870881    1.72865673    1.50578717    1.71385158    1.72087448    1.96621969    1.95479060    2.03245332    1.95466397    1.85831142    1.80041209    1.90341581    1.99798822    2.04181293    1.92265597    1.88172692    1.86298466    1.79349786    1.80845077    1.67580917    1.59054652    1.82258743    1.70524188    0.00000000    0.35714010    1.37623172    1.66458719    1.66589044    1.59090312    1.54477150    1.54445454    1.76635050    1.99318641    1.84322371    1.71260547    1.79566310    2.13031752    2.16861564    1.71659575    1.92904071    2.03513351    2.01960691    1.80896196    2.02359924    2.00101806    1.76125775    2.29561126    1.99754653    1.84240672    1.91442279    1.98964195    1.92530017    1.81250951    1.98914691    1.94452696    1.96714809    2.26463408    2.23279197    2.03053176    2.15090171    2.08078393    2.08811251    2.16714147    2.14010782    2.19325914    1.70952265    1.79658551
Q5L3I0_GEOKA/3-199     1.59000189    1.69975885    1.58020815    1.72393442    1.50842535    1.79024117    1.86184807    1.80287667    1.87415933    1.66632458    1.50625062    1.60419166    1.47107533    1.66882827    1.71502674    1.94389287    1.87356817    2.08368769    1.85518339    1.74849037    1.71163466    1.85047162    1.83991820    1.80847168    1.81056116    1.71497573    1.58874664    1.74769032    1.72017150    1.63882573    1.66116448    1.83388914    1.77416675    0.35714010    0.00000000    1.35087863    1.58020599    1.65805717    1.44014134    1.59270846    1.62038044    1.77728982    1.84002417    1.65583615    1.55238645    1.56068587    2.12810986    2.04718086    1.73995555    2.01387430    2.00964881    1.99681685    1.74967838    2.02327573    1.99219062    1.77075571    2.20231240    1.93355189    1.84891253    1.91174840    2.02928005    1.89448018    1.78249735    2.07878937    1.89231944    1.98279476    2.00839855    2.13413588    1.96523126    2.16432919    2.07581632    1.96103524    2.09641765    2.00468982    2.20368053    1.67648756    1.80613754
D5XEE5_THEPJ/2-202     1.26627907    1.33792326    1.64376317    1.48013996    1.38049613    1.53620093    1.44518284    1.58561858    1.40999159    1.52773586    1.54041477    1.30189615    1.26944604    1.46806994    1.32430126    1.53934940    1.46413882    1.34385768    1.56403294    1.75856601    1.65396298    1.57222988    2.02075575    1.87042362    1.81848179    1.73668903    1.79898979    1.60980387    1.44074638    1.61707649    1.49895186    1.45483965    1.61471642    1.37623172    1.35087863    0.00000000    0.58248462    1.37909708    1.40701723    1.58802617    1.57661989    1.72657440    1.71381544    1.85161792    1.78065262    1.79898698    1.99974449    1.80099322    1.79534181    1.71792633    1.74866162    1.81396821    1.81679476    1.76374544    1.81814780    1.63976505    1.87717668    1.75463349    1.80132173    1.78882165    1.84840512    1.60160165    1.73574046    1.97109092    1.86734013    1.88201032    2.34812602    2.32573035    1.77103555    2.09958475    1.98349766    1.85867338    2.06981954    2.17436753    1.80945258    1.55933008    1.64066823
