27
C6T419_SOYBN/58-131     0.00000000    0.47259861    0.42020504    0.42420374    1.06902281    1.53074765    1.53398974    1.09183629    1.13550227    0.45994340    0.65485664    0.66935797    0.36431016    0.47393580    0.56783141    0.87737402    0.93042949    1.79862232    1.19540300    1.38317770    1.35276469    1.15161558    1.00362435    0.31955964    0.45426709    0.44533764    0.53008266
A0A3Q7FWZ1_SOLLC/60-132     0.47259861    0.00000000    0.46742852    0.49773701    1.14671644    1.55893262    1.31838816    1.24212730    1.32478522    0.60784674    0.74145528    0.72185415    0.42254051    0.50258894    0.66040961    0.86966850    1.07103368    1.84905150    1.37763038    1.49886821    1.42476362    1.47229222    1.25781748    0.48058569    0.56557391    0.57341899    0.61697315
W1PJF2_AMBTC/41-114     0.42020504    0.46742852    0.00000000    0.28173205    0.96674103    1.62984388    1.29947174    1.23748713    1.18369014    0.38294837    0.63093221    0.71554534    0.29474478    0.39624967    0.56602546    0.73857714    0.92871353    1.96025139    1.23901289    1.63405478    1.41412617    1.32087661    1.07630464    0.42662634    0.52682843    0.47994760    0.56553657
W1PJF2_AMBTC/198-271     0.42420374    0.49773701    0.28173205    0.00000000    0.94006194    1.69131671    1.36752593    1.19027547    1.18425577    0.41290317    0.64677771    0.79205205    0.38021327    0.39523603    0.62920211    0.80595614    0.92957127    1.93599122    1.30294422    1.52566296    1.34066846    1.28857558    1.18261559    0.43627165    0.55246808    0.52955773    0.60423883
E1Z944_CHLVA/25-97     1.06902281    1.14671644    0.96674103    0.94006194    0.00000000    1.35884672    1.78437215    1.38745594    1.63058139    0.90601647    0.99398229    1.07819283    0.96909314    1.06972439    1.22717464    1.30050844    1.66044525    2.48060847    1.83741913    1.86141527    1.99104512    2.15499148    1.78827295    0.92515537    0.93626695    0.98437305    1.07916640
O81051_ARATH/61-129     1.53074765    1.55893262    1.62984388    1.69131671    1.35884672    0.00000000    1.16011022    1.06436862    1.12555643    1.40895504    1.43580921    1.70168832    1.65505340    1.32360353    1.56665009    1.35102417    1.58422134    2.27460435    1.54669345    1.54579461    1.62498747    2.02395053    1.74303920    1.44082334    1.24284247    1.43357739    1.35870087
M4CES9_BRARP/53-127     1.53398974    1.31838816    1.29947174    1.36752593    1.78437215    1.16011022    0.00000000    0.51026941    0.58323713    1.15305112    1.32053518    1.38607387    1.30605294    1.14661009    1.45922694    1.56189937    1.70743218    2.90707701    1.67502500    2.43800874    2.27918549    2.26028268    1.80358551    1.41416684    1.39341008    1.64442530    1.50625900
Q9FKK9_ARATH/82-155     1.09183629    1.24212730    1.23748713    1.19027547    1.38745594    1.06436862    0.51026941    0.00000000    0.42003209    1.13967701    1.20072545    1.25601818    1.10939986    0.97537267    1.14809159    1.37437178    1.34912979    2.39620577    1.28194376    1.82342426    1.68933005    1.71405087    1.43541210    1.05360845    1.13841792    1.21072261    1.18850275
Q9FKL7_ARATH/51-125     1.13550227    1.32478522    1.18369014    1.18425577    1.63058139    1.12555643    0.58323713    0.42003209    0.00000000    1.09421823    1.29319350    1.23886601    1.03347774    0.86632869    1.03298244    1.39719187    1.51376194    2.36915601    1.20330483    2.10130358    1.91208448    1.80139323    1.33218858    1.10080306    1.11314486    1.20205874    1.20040945
M0T0Z3_MUSAM/60-130     0.45994340    0.60784674    0.38294837    0.41290317    0.90601647    1.40895504    1.15305112    1.13967701    1.09421823    0.00000000    0.39076036    0.52174033    0.37965826    0.45162240    0.60935556    0.77170027    0.92119848    1.69572002    1.18924307    1.61678929    1.49261319    1.19316759    1.05264159    0.33169595    0.45201044    0.43213376    0.55799657
K3ZXA5_SETIT/57-130     0.65485664    0.74145528    0.63093221    0.64677771    0.99398229    1.43580921    1.32053518    1.20072545    1.29319350    0.39076036    0.00000000    0.33003080    0.57367295    0.58150142    0.76079588    0.95789392    1.09070939    1.95796535    1.25334804    1.56965745    1.54183529    1.47979925    1.24949097    0.53178533    0.51278469    0.62598052    0.69183408
I1H3N1_BRADI/45-115     0.66935797    0.72185415    0.71554534    0.79205205    1.07819283    1.70168832    1.38607387    1.25601818    1.23886601    0.52174033    0.33003080    0.00000000    0.55292392    0.60113095    0.72032260    1.04720902    1.13357863    1.93528586    1.39735534    1.54129459    1.46694129    1.43302036    1.15622929    0.55582191    0.54852385    0.64493416    0.78822530
F6GZJ8_VITVI/56-129     0.36431016    0.42254051    0.29474478    0.38021327    0.96909314    1.65505340    1.30605294    1.10939986    1.03347774    0.37965826    0.57367295    0.55292392    0.00000000    0.32358571    0.49783958    0.64390563    0.74591969    1.55926791    1.00894831    1.22801987    1.17119117    0.98149270    0.85089634    0.23554629    0.40148161    0.34693343    0.46795489
D7KBG4_ARALL/75-148     0.47393580    0.50258894    0.39624967    0.39523603    1.06972439    1.32360353    1.14661009    0.97537267    0.86632869    0.45162240    0.58150142    0.60113095    0.32358571    0.00000000    0.43750668    0.53547272    0.67494137    1.68005497    0.91277874    1.05497786    1.04359299    0.91841420    0.81156528    0.36041326    0.46901535    0.42577970    0.47192646
M4EDK2_BRARP/63-132     0.56783141    0.66040961    0.56602546    0.62920211    1.22717464    1.56665009    1.45922694    1.14809159    1.03298244    0.60935556    0.76079588    0.72032260    0.49783958    0.43750668    0.00000000    0.59056761    0.70266621    1.55614681    1.07817870    1.11373563    1.13250189    0.77444432    0.75811379    0.59331475    0.64035188    0.67329160    0.69322024
M4CTH3_BRARP/54-122     0.87737402    0.86966850    0.73857714    0.80595614    1.30050844    1.35102417    1.56189937    1.37437178    1.39719187    0.77170027    0.95789392    1.04720902    0.64390563    0.53547272    0.59056761    0.00000000    0.72829830    1.78565478    0.87906802    0.96652998    0.92307433    1.02369318    0.79458651    0.70412025    0.73402160    0.80160066    0.79276239
Q9LZL1_ARATH/76-152     0.93042949    1.07103368    0.92871353    0.92957127    1.66044525    1.58422134    1.70743218    1.34912979    1.51376194    0.92119848    1.09070939    1.13357863    0.74591969    0.67494137    0.70266621    0.72829830    0.00000000    1.41937063    0.81640774    0.72863278    0.67652237    0.66269961    0.54062677    0.88794923    0.94555098    1.02011377    1.09573999
D7KPA6_ARALL/108-179     1.79862232    1.84905150    1.96025139    1.93599122    2.48060847    2.27460435    2.90707701    2.39620577    2.36915601    1.69572002    1.95796535    1.93528586    1.55926791    1.68005497    1.55614681    1.78565478    1.41937063    0.00000000    1.24201702    1.35066626    1.23718437    1.58531512    1.79426884    1.54610191    1.72076972    1.87445835    1.70907024
D7KGB8_ARALL/76-143     1.19540300    1.37763038    1.23901289    1.30294422    1.83741913    1.54669345    1.67502500    1.28194376    1.20330483    1.18924307    1.25334804    1.39735534    1.00894831    0.91277874    1.07817870    0.87906802    0.81640774    1.24201702    0.00000000    0.91659915    0.88733131    1.22485555    0.96994208    1.04740425    1.08529829    1.19789033    1.14420458
D7KMQ3_ARALL/104-175     1.38317770    1.49886821    1.63405478    1.52566296    1.86141527    1.54579461    2.43800874    1.82342426    2.10130358    1.61678929    1.56965745    1.54129459    1.22801987    1.05497786    1.11373563    0.96652998    0.72863278    1.35066626    0.91659915    0.00000000    0.45771780    1.05663782    1.00485663    1.28905511    1.33002577    1.42815223    1.32642531
D7KMQ8_ARALL/103-172     1.35276469    1.42476362    1.41412617    1.34066846    1.99104512    1.62498747    2.27918549    1.68933005    1.91208448    1.49261319    1.54183529    1.46694129    1.17119117    1.04359299    1.13250189    0.92307433    0.67652237    1.23718437    0.88733131    0.45771780    0.00000000    1.08195481    0.76175694    1.22830765    1.29210182    1.42026566    1.45599308
D7KPB5_ARALL/122-194     1.15161558    1.47229222    1.32087661    1.28857558    2.15499148    2.02395053    2.26028268    1.71405087    1.80139323    1.19316759    1.47979925    1.43302036    0.98149270    0.91841420    0.77444432    1.02369318    0.66269961    1.58531512    1.22485555    1.05663782    1.08195481    0.00000000    0.67932546    1.11722352    1.24871117    1.26988133    1.33149189
D7KBG2_ARALL/178-251     1.00362435    1.25781748    1.07630464    1.18261559    1.78827295    1.74303920    1.80358551    1.43541210    1.33218858    1.05264159    1.24949097    1.15622929    0.85089634    0.81156528    0.75811379    0.79458651    0.54062677    1.79426884    0.96994208    1.00485663    0.76175694    0.67932546    0.00000000    1.06621223    1.05706071    1.23198572    1.31810807
B9SI75_RICCO/37-109     0.31955964    0.48058569    0.42662634    0.43627165    0.92515537    1.44082334    1.41416684    1.05360845    1.10080306    0.33169595    0.53178533    0.55582191    0.23554629    0.36041326    0.59331475    0.70412025    0.88794923    1.54610191    1.04740425    1.28905511    1.22830765    1.11722352    1.06621223    0.00000000    0.30026771    0.23616670    0.40256431
B9MWK1_POPTR/83-156     0.45426709    0.56557391    0.52682843    0.55246808    0.93626695    1.24284247    1.39341008    1.13841792    1.11314486    0.45201044    0.51278469    0.54852385    0.40148161    0.46901535    0.64035188    0.73402160    0.94555098    1.72076972    1.08529829    1.33002577    1.29210182    1.24871117    1.05706071    0.30026771    0.00000000    0.32555847    0.48199392
B9MWB5_POPTR/54-127     0.44533764    0.57341899    0.47994760    0.52955773    0.98437305    1.43357739    1.64442530    1.21072261    1.20205874    0.43213376    0.62598052    0.64493416    0.34693343    0.42577970    0.67329160    0.80160066    1.02011377    1.87445835    1.19789033    1.42815223    1.42026566    1.26988133    1.23198572    0.23616670    0.32555847    0.00000000    0.38640006
B9S907_RICCO/72-145     0.53008266    0.61697315    0.56553657    0.60423883    1.07916640    1.35870087    1.50625900    1.18850275    1.20040945    0.55799657    0.69183408    0.78822530    0.46795489    0.47192646    0.69322024    0.79276239    1.09573999    1.70907024    1.14420458    1.32642531    1.45599308    1.33149189    1.31810807    0.40256431    0.48199392    0.38640006    0.00000000

