6
TIR_ECO27/337-550     0.00000000    0.28690348    0.38278046    0.61960459    0.76748499    0.78509655
D2TKE8_CITRI/335-547     0.28690348    0.00000000    0.39801875    0.76914141    0.72922050    0.82156963
A0A028AN06_ECOLX/326-538     0.38278046    0.39801875    0.00000000    0.57028591    0.56020005    0.57907146
A7UGH8_ECOLX/290-470     0.61960459    0.76914141    0.57028591    0.00000000    0.59208961    0.58982146
A4PHQ4_ECOLX/333-572     0.76748499    0.72922050    0.56020005    0.59208961    0.00000000    0.42712809
O85506_ECOLX/334-558     0.78509655    0.82156963    0.57907146    0.58982146    0.42712809    0.00000000

