53
Q9LFN1_ARATH/654-673     0.00000000    1.79597156    0.54258471    0.55489033    0.78412797    1.17135669    0.94791299    0.89498230    0.95602186    1.16263412    1.07471675    1.41389035    1.06957795    1.29841018    1.23907326    5.28552161    1.08588303    1.21105932    1.02197115    0.73797711    0.74612283    0.72195707    0.59280696    0.73816958    0.92681057    1.22727099    0.86611015    0.87610478    0.77095609    0.97064812    0.80095119    1.02439399    0.95201495    0.72990432    0.84333238    1.03800474    1.05752906    0.82540727    0.95057988    1.04565993    1.55761397    1.48862546    0.92149682    0.98477455    1.34653682    0.81163919    0.79223590    1.07725890    0.89805178    0.73237822    0.71122208    0.63945564    0.67436998
F4IF00_ARATH/608-626     1.79597156    0.00000000    1.10428144    1.14147116    1.39192422    1.49921387    2.16350696    1.94229217    1.84999981    1.63601855    1.55887389    1.43160693    1.63011268    1.69977828    1.10681432    4.43269160    1.76710696    1.44724012    1.33737951    1.74981105    1.84092947    1.29065836    1.67121054    1.52050224    1.27953242    2.47421206    1.44276667    1.05345186    1.35089095    1.20809663    1.62181545    1.41716670    1.82986384    1.40615959    1.39664162    2.29333228    1.30674630    1.53511835    1.84029429    2.25936063    3.71704155    1.65255189    1.81637731    2.26427684    2.28273350    1.56580898    1.79432892    1.73515948    1.61723340    1.77753059    2.15009744    1.76350935    1.57303157
F4IEZ7_ARATH/606-623     0.54258471    1.10428144    0.00000000    0.61650902    0.87306833    1.23967773    1.10261694    0.84876721    0.99324284    1.30831991    1.14798579    1.29094151    1.18630841    1.26489898    0.76448634    8.16092808    1.09248776    0.74554161    0.58482867    0.65872141    0.90025863    0.65491730    0.64966206    0.64516683    0.73958875    1.05623738    0.96490808    0.92042586    0.85874646    0.96793303    0.66595342    1.02141732    1.03770339    1.24540696    0.82567230    1.06814678    0.95352107    0.92906148    0.96543533    1.11249266    1.90605002    1.59987126    1.18613179    1.02120017    1.58149836    0.91076027    1.02256874    1.04077692    0.87991523    1.12592918    0.72183009    0.79407793    1.15272794
F4I901_ARATH/604-622     0.55489033    1.14147116    0.61650902    0.00000000    0.76004961    1.06339771    1.05328981    0.93437041    0.98186241    1.01083475    1.05805008    1.75570570    1.52452517    1.27443753    0.86135942    4.23855489    1.37239609    1.15870848    0.55869433    0.73611191    0.71094840    0.54519392    0.75700195    0.67539362    0.74149387    1.43652856    0.72282600    0.59076062    0.60085854    0.75376763    0.93357736    0.69443534    0.86730149    0.64480372    0.83073212    0.68885222    0.92387112    0.88651001    0.64759663    1.27556848    1.72766587    1.49143584    0.80973159    0.92236537    1.52218110    0.94728724    1.31843370    1.25143307    1.26014970    0.80355884    0.72106880    0.61281462    0.76313103
RPP2A_ARATH/1146-1165     0.78412797    1.39192422    0.87306833    0.76004961    0.00000000    0.39584632    0.57180084    0.57985646    0.42366896    0.83705983    0.75778127    0.90083463    0.69188469    0.64510650    0.78607936    3.56519940    0.59311330    0.84911848    0.54545176    0.54888091    0.57990952    0.52818267    0.58730925    0.48121691    0.44544730    0.81566894    0.49077171    0.64606519    0.38728839    0.56809020    0.50323332    0.48474304    0.60370348    1.05960866    0.56507357    0.81033348    0.91986135    0.75606071    0.56968945    1.10309564    1.36725815    0.97941858    0.59538902    0.75323181    0.89876732    0.61270972    0.55447203    0.84675677    0.64726752    0.79178708    0.67727018    0.65763404    0.69165638
WRK19_ARATH/1228-1247     1.17135669    1.49921387    1.23967773    1.06339771    0.39584632    0.00000000    0.94965386    0.93170883    0.82840922    1.10136208    1.06071181    1.00266020    1.12503377    1.04983929    1.09290208    3.18343505    0.70574287    1.05306675    1.01102942    0.95375892    0.65333650    0.73208175    0.95300435    0.60597029    0.76420871    1.33833314    0.77455148    0.85738572    0.73520033    0.86053898    1.00947107    0.80211364    1.11404977    1.68643500    1.47963613    1.22703703    1.27553311    1.21810047    0.82802980    1.67908150    1.88200233    1.62327194    1.13958928    1.42090874    1.46964724    1.12460948    0.91994308    1.42787953    1.28861747    1.43769027    1.52782535    1.25218909    1.27630826
O65507_ARATH/630-649     0.94791299    2.16350696    1.10261694    1.05328981    0.57180084    0.94965386    0.00000000    0.40270289    0.40490229    0.83181402    0.69239391    0.83563792    0.54937762    0.55144638    0.84850445    3.25915772    0.61733122    0.84840712    1.16795777    1.15759405    1.07514288    1.31982590    1.15017152    1.01113629    0.81990056    1.35363090    0.99765821    1.05315308    0.82379170    0.84446530    0.90008654    0.75414686    1.20128396    1.21578084    1.00907801    1.54225723    1.56460852    1.33483760    1.08532162    1.14199915    1.85296624    1.58446040    1.28534269    1.46947532    1.47946822    1.11538162    0.99813246    1.52894196    1.15162815    1.35396103    1.32255172    1.33851257    1.41854733
RPS4B_ARATH/638-657     0.89498230    1.94229217    0.84876721    0.93437041    0.57985646    0.93170883    0.40270289    0.00000000    0.27973346    0.43113090    0.49456252    0.59019098    0.46126405    0.27563471    0.63325851    2.68964534    0.39875524    0.82744994    0.90037755    1.18683630    1.23188321    1.24229379    1.05793982    0.87256884    0.76598995    1.01830868    0.89001506    1.02003789    0.80975126    0.90879221    0.74851365    0.70614152    1.13592087    0.98994552    0.84531562    1.40213810    1.40478076    1.07636124    1.07128600    1.06098639    1.81088516    1.21236388    1.04327597    1.06285213    1.32929962    0.64631384    0.63962725    1.08982097    0.83432285    0.96072313    0.79602940    1.04808717    1.25982333
RPS4_ARATH/638-657     0.95602186    1.84999981    0.99324284    0.98186241    0.42366896    0.82840922    0.40490229    0.27973346    0.00000000    0.47084701    0.49644329    0.52266385    0.36607256    0.31571778    0.78666149    3.44436155    0.56768071    0.65855020    0.96366304    0.95786801    0.98467378    1.19465990    1.01246716    0.94971540    0.82751246    1.27885007    0.84318685    0.99166196    0.76543929    0.86517632    0.79541357    0.69464679    1.02217744    1.07627457    0.79436376    1.34544153    1.10912006    1.12057851    1.12029784    1.21681686    2.05300643    1.19145950    1.26186368    1.31895210    1.48643167    0.95232186    0.74074880    1.27223654    0.95709822    1.11987575    1.05021105    1.14289102    1.40194841
Q9SCZ2_ARATH/630-649     1.16263412    1.63601855    1.30831991    1.01083475    0.83705983    1.10136208    0.83181402    0.43113090    0.47084701    0.00000000    0.31449592    0.37896925    0.42616150    0.29359766    0.70803158    3.68508761    0.71888278    0.85856338    1.38057444    1.29236534    1.50730160    1.63024136    1.37956028    1.01852616    1.08623188    1.46625081    1.25682702    1.30231375    1.10927515    1.35230055    1.03279702    1.14221912    1.27042831    1.59232254    1.18699595    1.61007723    1.24259279    1.16178077    1.45376960    1.60202891    2.60485120    1.98643778    1.24165145    1.46095719    1.88776839    0.99922771    0.94490342    1.62509713    1.36258281    1.12495636    1.30228512    1.42615471    1.38831119
DSC1_ARATH/621-640     1.07471675    1.55887389    1.14798579    1.05805008    0.75778127    1.06071181    0.69239391    0.49456252    0.49644329    0.31449592    0.00000000    0.50016275    0.33576572    0.47588097    0.96207373    3.68419747    0.73120452    0.75204227    1.03644616    1.37649943    1.41844329    1.44831845    1.34680736    1.07940199    0.88894808    1.26359966    0.93152610    1.06829606    0.82382351    1.15412171    1.16568858    1.06054229    1.17834769    1.29851550    1.15102765    1.38329001    1.40706097    1.31806123    1.42101238    1.50049028    2.57089204    1.54429324    1.17045806    1.53705113    1.75036546    0.84107766    0.86680658    1.51248028    1.26976390    1.15490673    1.15228301    1.34926980    1.31355132
RPP2D_ARATH/643-662     1.41389035    1.43160693    1.29094151    1.75570570    0.90083463    1.00266020    0.83563792    0.59019098    0.52266385    0.37896925    0.50016275    0.00000000    0.25651778    0.52417304    0.76331733    3.85033542    0.61137911    0.64498529    1.55044244    1.31648496    1.51935656    1.47098653    1.14174441    1.03664168    1.08262547    1.29766504    1.60237669    1.57488952    1.44108230    1.51474928    1.11478291    1.20681882    1.57548955    2.25182087    1.38268021    2.51570501    1.40893360    1.40892004    1.91240820    1.87768561    3.34758934    2.49397322    1.71842300    1.73888476    2.50789380    1.43255453    0.93142414    1.65972322    1.17670809    1.47607478    1.54517286    1.85049486    1.57750962
F4KD45_ARATH/640-659     1.06957795    1.63011268    1.18630841    1.52452517    0.69188469    1.12503377    0.54937762    0.46126405    0.36607256    0.42616150    0.33576572    0.25651778    0.00000000    0.36946078    0.69620687    4.26782944    0.55601202    0.55658816    1.23100326    1.39260438    1.44612414    1.59282615    1.36563801    1.30744715    1.00564425    1.26992564    1.04248453    1.19910898    0.94596027    1.29676936    1.10858862    1.09487965    1.32594356    1.61009646    1.14819717    1.85659983    1.57310277    1.38161910    1.34504779    1.48536175    2.79493381    1.61594268    1.45589707    1.71945146    1.79643180    1.25803734    1.01945294    1.70256536    1.26286738    1.44078506    1.36797978    1.52689292    1.31078070
CSA1_ARATH/638-657     1.29841018    1.69977828    1.26489898    1.27443753    0.64510650    1.04983929    0.55144638    0.27563471    0.31571778    0.29359766    0.47588097    0.52417304    0.36946078    0.00000000    0.81636582    4.22074856    0.43585734    0.72062864    1.21983808    1.08464920    1.30348048    1.44630766    1.22615039    1.16535430    1.00596364    1.47655704    1.04308015    1.21211196    0.94594015    1.05345801    0.88408013    0.87094959    1.22849856    1.31439860    1.00740126    1.52517846    1.29882529    1.24319440    1.25781037    1.52507536    2.58387022    1.75358129    1.48493087    1.59304594    1.87244897    1.21692157    0.97916966    1.64772691    1.22191295    1.39962815    1.25120166    1.39262943    1.34318040
Q9FKE2_ARATH/636-655     1.23907326    1.10681432    0.76448634    0.86135942    0.78607936    1.09290208    0.84850445    0.63325851    0.78666149    0.70803158    0.96207373    0.76331733    0.69620687    0.81636582    0.00000000    1.93732249    0.71959701    0.99596126    1.09963121    1.51103255    1.18643469    1.24196542    1.18202219    1.01910337    0.94976473    1.17994813    1.27327610    1.37028855    1.23145627    1.38457566    1.12539793    1.14409484    1.68919407    2.08500265    1.24540543    2.38506651    1.40107130    1.10223463    1.61849429    1.89013505    3.58419572    2.36321798    1.14490388    1.62888872    1.85118864    1.37994003    1.15881757    1.86649204    1.37274528    1.45017622    1.33818481    1.91451618    2.18372647
K7MWS0_SOYBN/607-625     5.28552161    4.43269160    8.16092808    4.23855489    3.56519940    3.18343505    3.25915772    2.68964534    3.44436155    3.68508761    3.68419747    3.85033542    4.26782944    4.22074856    1.93732249    0.00000000    3.01687355    8.04229433    4.36006896    9.21285305    3.27102389    5.77488127    7.71298006    4.04283996    3.40289891    2.83308397    4.20188199    4.64498025    4.23717819    3.54758035    3.56918800    3.87071002    6.55437833    5.67103995    9.09747848    7.99242200    3.75012097    5.36447980    7.41194783    5.50833935    3.13542220    5.48942356    2.60447061    7.51637424    5.01941447    3.75942766    1.58169135    4.21798862    4.10514050    2.34156767    5.61000710    5.16107073    7.04709243
LAZ5_ARATH/679-698     1.08588303    1.76710696    1.09248776    1.37239609    0.59311330    0.70574287    0.61733122    0.39875524    0.56768071    0.71888278    0.73120452    0.61137911    0.55601202    0.43585734    0.71959701    3.01687355    0.00000000    0.69770559    1.17435872    1.19111937    1.17645580    0.88998730    0.94245151    0.87792678    0.89552615    1.07216646    0.97064483    1.37246395    0.93505557    1.05933109    0.95502593    0.97657900    1.25931525    1.27200934    0.95732386    1.83848570    1.60051827    1.14297484    1.18271840    1.18477041    2.10221324    1.39500043    1.14860763    1.30843100    1.31206829    0.88569670    0.69063079    0.89657331    0.66979681    1.16084997    1.13980437    1.16882315    1.45864952
RPP2B_ARATH/609-628     1.21105932    1.44724012    0.74554161    1.15870848    0.84911848    1.05306675    0.84840712    0.82744994    0.65855020    0.85856338    0.75204227    0.64498529    0.55658816    0.72062864    0.99596126    8.04229433    0.69770559    0.00000000    0.91459285    1.06005913    1.43034423    0.94688134    1.14277278    1.18882229    1.15265161    1.33327623    1.30194189    1.28619220    1.09922129    1.35304860    1.09527730    1.33224054    1.13674896    1.60372451    1.13009206    1.59377316    1.48692430    1.35624038    1.13319262    1.34048274    2.10427859    1.47633857    1.67015748    1.76744913    1.39988514    1.52024942    1.50635368    1.58947306    1.33303449    1.56479787    1.43264272    1.22739308    1.40263546
Q9FKB9_ARATH/605-624     1.02197115    1.33737951    0.58482867    0.55869433    0.54545176    1.01102942    1.16795777    0.90037755    0.96366304    1.38057444    1.03644616    1.55044244    1.23100326    1.21983808    1.09963121    4.36006896    1.17435872    0.91459285    0.00000000    0.78730084    1.28629980    0.79140428    0.86472223    0.98379639    0.88165510    1.64190660    0.80964593    0.80551623    0.76243718    1.03544516    1.00586757    0.94219166    0.61050775    1.09341831    0.82240529    0.91994443    0.83866081    1.02665118    0.85411008    1.15515089    1.61564626    1.44563136    0.59525846    0.82702449    1.33167770    0.78077099    1.26805635    1.17225127    1.04632019    0.99833538    0.64946906    0.81218999    1.09452818
Q9SS05_ARATH/634-653     0.73797711    1.74981105    0.65872141    0.73611191    0.54888091    0.95375892    1.15759405    1.18683630    0.95786801    1.29236534    1.37649943    1.31648496    1.39260438    1.08464920    1.51103255    9.21285305    1.19111937    1.06005913    0.78730084    0.00000000    0.54679003    0.43949239    0.36833501    0.43219633    0.60793056    0.89634489    0.53023559    0.67692771    0.53496207    0.59496112    0.56290625    0.71805302    0.48057055    0.99873360    0.47161805    0.63540383    0.54264563    0.67314994    0.58802382    0.94352808    1.24750696    1.30897042    0.98178331    0.57647213    1.45724657    0.76629759    0.53020357    0.65826441    0.55508751    0.69752738    0.60822364    0.47383277    0.53753019
F4J910_ARATH/438-457     0.74612283    1.84092947    0.90025863    0.71094840    0.57990952    0.65333650    1.07514288    1.23188321    0.98467378    1.50730160    1.41844329    1.51935656    1.44612414    1.30348048    1.18643469    3.27102389    1.17645580    1.43034423    1.28629980    0.54679003    0.00000000    0.45008294    0.54809022    0.59551349    0.69180100    1.07408021    0.58652201    0.69547003    0.75287340    0.79989553    0.84781150    1.07363653    1.03944264    1.41591195    1.02689320    0.86824522    0.89691237    0.90451912    0.72918850    1.73417754    2.01771497    1.96961761    1.23217833    1.31165171    1.48008841    1.24328322    0.73779804    1.26514905    1.04002944    1.24294067    1.05201298    0.83428073    0.84309507
RPP1_ARATH/692-711     0.72195707    1.29065836    0.65491730    0.54519392    0.52818267    0.73208175    1.31982590    1.24229379    1.19465990    1.63024136    1.44831845    1.47098653    1.59282615    1.44630766    1.24196542    5.77488127    0.88998730    0.94688134    0.79140428    0.43949239    0.45008294    0.00000000    0.24646504    0.45949985    0.59780948    1.02598395    0.42566581    0.58514501    0.50530513    0.60289390    0.63492722    0.83132781    0.63992425    0.95455222    0.64001512    0.66132197    0.79494123    0.66977552    0.54594065    1.06260997    1.47433757    1.26349045    0.87641031    0.84035231    1.13780490    0.81321513    0.70602528    0.65866296    0.70239884    0.84932455    0.66910722    0.44090111    0.59161155
F4J361_ARATH/694-713     0.59280696    1.67121054    0.64966206    0.75700195    0.58730925    0.95300435    1.15017152    1.05793982    1.01246716    1.37956028    1.34680736    1.14174441    1.36563801    1.22615039    1.18202219    7.71298006    0.94245151    1.14277278    0.86472223    0.36833501    0.54809022    0.24646504    0.00000000    0.38100874    0.55035682    0.92131317    0.47716543    0.72936579    0.59326858    0.64628776    0.50732627    0.73589628    0.58787890    0.93365796    0.51021298    0.84986473    0.74571094    0.53720839    0.69582751    1.12574100    1.70765109    1.51752127    0.83763813    0.52713403    1.50689898    0.72578776    0.63772871    0.81340071    0.64020016    0.69577202    0.47759053    0.50590483    0.54890105
RPP2C_ARATH/581-600     0.73816958    1.52050224    0.64516683    0.67539362    0.48121691    0.60597029    1.01113629    0.87256884    0.94971540    1.01852616    1.07940199    1.03664168    1.30744715    1.16535430    1.01910337    4.04283996    0.87792678    1.18882229    0.98379639    0.43219633    0.59551349    0.45949985    0.38100874    0.00000000    0.30102638    0.83248004    0.40874228    0.58615486    0.54191537    0.63375839    0.57249832    0.60234946    0.71542869    1.17935398    0.49947406    0.82910527    0.72285904    0.70679794    0.71802765    0.99322971    1.59022306    1.56724883    0.62116689    0.53435312    1.56442100    0.69204436    0.60841987    1.00654244    0.81545763    0.65144579    0.64991899    0.66442002    0.62836048
WRK52_ARATH/577-596     0.92681057    1.27953242    0.73958875    0.74149387    0.44544730    0.76420871    0.81990056    0.76598995    0.82751246    1.08623188    0.88894808    1.08262547    1.00564425    1.00596364    0.94976473    3.40289891    0.89552615    1.15265161    0.88165510    0.60793056    0.69180100    0.59780948    0.55035682    0.30102638    0.00000000    0.55165090    0.46776497    0.48302868    0.46054871    0.44211327    0.51989233    0.53526559    0.93602541    0.96000097    0.65376160    0.68177943    0.66727888    0.88168284    0.70172741    1.20416942    1.77920942    1.41714844    0.63605149    0.68958651    1.52432749    0.80004431    0.69842442    1.10878691    0.79069797    0.87655283    0.75141786    0.85110858    0.89371816
DAR4_ARATH/594-613     1.22727099    2.47421206    1.05623738    1.43652856    0.81566894    1.33833314    1.35363090    1.01830868    1.27885007    1.46625081    1.26359966    1.29766504    1.26992564    1.47655704    1.17994813    2.83308397    1.07216646    1.33327623    1.64190660    0.89634489    1.07408021    1.02598395    0.92131317    0.83248004    0.55165090    0.00000000    0.84204532    0.95449347    0.93102923    1.10206434    0.91411563    0.87494588    1.29866375    1.33113136    1.00839333    1.33402552    1.40400141    1.44161146    1.47034903    1.47383975    2.85123725    1.56596667    1.12152104    1.21180965    1.88053390    0.81990148    0.62679098    0.90289460    0.58999712    0.97030053    1.07597872    1.13406815    1.22551921
Q9CAK0_ARATH/602-621     0.86611015    1.44276667    0.96490808    0.72282600    0.49077171    0.77455148    0.99765821    0.89001506    0.84318685    1.25682702    0.93152610    1.60237669    1.04248453    1.04308015    1.27327610    4.20188199    0.97064483    1.30194189    0.80964593    0.53023559    0.58652201    0.42566581    0.47716543    0.40874228    0.46776497    0.84204532    0.00000000    0.30528870    0.24479620    0.45992243    0.76840791    0.49118694    0.42608539    0.68798520    0.40126815    0.71620216    0.60035703    0.53753587    0.41739558    0.84250281    1.26684071    0.77819837    0.53752545    0.44071807    0.97024571    0.63233565    0.58695325    0.86165236    0.78185176    0.48787975    0.52643406    0.41156943    0.49703857
RLM1B_ARATH/607-626     0.87610478    1.05345186    0.92042586    0.59076062    0.64606519    0.85738572    1.05315308    1.02003789    0.99166196    1.30231375    1.06829606    1.57488952    1.19910898    1.21211196    1.37028855    4.64498025    1.37246395    1.28619220    0.80551623    0.67692771    0.69547003    0.58514501    0.72936579    0.58615486    0.48302868    0.95449347    0.30528870    0.00000000    0.31198319    0.49783698    0.67160126    0.49097839    0.67217548    0.99987450    0.71095275    0.79548570    0.60050794    0.74616996    0.48871075    0.89637643    1.20302627    0.96435397    0.75728457    0.70545574    1.10784376    0.73331916    0.85867913    1.05176558    0.95094036    0.56864316    0.71046455    0.59025179    0.61592643
Q9ZVX6_ARATH/601-620     0.77095609    1.35089095    0.85874646    0.60085854    0.38728839    0.73520033    0.82379170    0.80975126    0.76543929    1.10927515    0.82382351    1.44108230    0.94596027    0.94594015    1.23145627    4.23717819    0.93505557    1.09922129    0.76243718    0.53496207    0.75287340    0.50530513    0.59326858    0.54191537    0.46054871    0.93102923    0.24479620    0.31198319    0.00000000    0.21544080    0.55511570    0.30264374    0.50499726    0.60466777    0.38551014    0.51910918    0.58034261    0.50682450    0.29732728    0.81990879    0.91194143    0.65871448    0.63160476    0.61179852    0.82766138    0.48987287    0.51538630    0.60007639    0.62582002    0.56359360    0.62057242    0.32502087    0.47065667
ADR2_ARATH/602-621     0.97064812    1.20809663    0.96793303    0.75376763    0.56809020    0.86053898    0.84446530    0.90879221    0.86517632    1.35230055    1.15412171    1.51474928    1.29676936    1.05345801    1.38457566    3.54758035    1.05933109    1.35304860    1.03544516    0.59496112    0.79989553    0.60289390    0.64628776    0.63375839    0.44211327    1.10206434    0.45992243    0.49783698    0.21544080    0.00000000    0.53887267    0.37121653    0.68764872    0.67984370    0.67589760    0.62513346    0.56370646    0.60644933    0.47018079    1.05784683    1.19755616    0.98691802    0.85612075    0.83684168    0.93879608    0.56367124    0.56059021    0.71685099    0.57348581    0.63961732    0.79834632    0.48548302    0.61466514
Q9SCZ3_ARATH/570-589     0.80095119    1.62181545    0.66595342    0.93357736    0.50323332    1.00947107    0.90008654    0.74851365    0.79541357    1.03279702    1.16568858    1.11478291    1.10858862    0.88408013    1.12539793    3.56918800    0.95502593    1.09527730    1.00586757    0.56290625    0.84781150    0.63492722    0.50732627    0.57249832    0.51989233    0.91411563    0.76840791    0.67160126    0.55511570    0.53887267    0.00000000    0.49790322    0.69030792    1.24849545    0.50489873    0.94883800    0.91816908    0.77187630    0.77298057    1.18584285    1.21719178    1.30115560    1.15424832    0.89779877    1.51878205    0.65779513    0.51767891    0.71510218    0.55527915    0.73484055    0.64971932    0.79814852    0.82689216
Q9C7W9_ARATH/603-622     1.02439399    1.41716670    1.02141732    0.69443534    0.48474304    0.80211364    0.75414686    0.70614152    0.69464679    1.14221912    1.06054229    1.20681882    1.09487965    0.87094959    1.14409484    3.87071002    0.97657900    1.33224054    0.94219166    0.71805302    1.07363653    0.83132781    0.73589628    0.60234946    0.53526559    0.87494588    0.49118694    0.49097839    0.30264374    0.37121653    0.49790322    0.00000000    0.60329949    0.70493054    0.42339607    0.83455368    0.84259388    0.73088144    0.56825681    1.01415616    1.19317400    1.00150374    0.76684577    0.65102680    1.05013877    0.54144068    0.51680355    0.85469166    0.59738706    0.52384192    0.68474585    0.68472383    0.71126249
Q9FKM9_ARATH/657-676     0.95201495    1.82986384    1.03770339    0.86730149    0.60370348    1.11404977    1.20128396    1.13592087    1.02217744    1.27042831    1.17834769    1.57548955    1.32594356    1.22849856    1.68919407    6.55437833    1.25931525    1.13674896    0.61050775    0.48057055    1.03944264    0.63992425    0.58787890    0.71542869    0.93602541    1.29866375    0.42608539    0.67217548    0.50499726    0.68764872    0.69030792    0.60329949    0.00000000    0.71272302    0.29124574    0.61405404    0.58377531    0.64329814    0.51249996    0.73582307    0.90819146    0.85707270    0.71947396    0.62636143    0.94234538    0.49224254    0.61803497    0.59511309    0.71598619    0.44775615    0.53208917    0.38619693    0.52954778
F4I270_ARATH/671-690     0.72990432    1.40615959    1.24540696    0.64480372    1.05960866    1.68643500    1.21578084    0.98994552    1.07627457    1.59232254    1.29851550    2.25182087    1.61009646    1.31439860    2.08500265    5.67103995    1.27200934    1.60372451    1.09341831    0.99873360    1.41591195    0.95455222    0.93365796    1.17935398    0.96000097    1.33113136    0.68798520    0.99987450    0.60466777    0.67984370    1.24849545    0.70493054    0.71272302    0.00000000    0.47157157    0.59905247    0.71698465    0.81870434    0.87298084    1.00090711    1.31151364    0.75924832    0.86526732    0.78226567    1.37659568    0.73234686    0.96494410    1.00184051    0.87604496    0.63184725    0.62542519    0.45289464    0.66061357
F4JNB8_ARATH/597-615     0.84333238    1.39664162    0.82567230    0.83073212    0.56507357    1.47963613    1.00907801    0.84531562    0.79436376    1.18699595    1.15102765    1.38268021    1.14819717    1.00740126    1.24540543    9.09747848    0.95732386    1.13009206    0.82240529    0.47161805    1.02689320    0.64001512    0.51021298    0.49947406    0.65376160    1.00839333    0.40126815    0.71095275    0.38551014    0.67589760    0.50489873    0.42339607    0.29124574    0.47157157    0.00000000    0.70465900    0.62722638    0.58293333    0.61924333    0.74916804    1.32391811    0.82097814    0.94548934    0.64937979    1.16282444    0.56316129    0.59501808    0.61033622    0.48332184    0.46047804    0.55639430    0.46794470    0.70951976
TAO1_ARATH/635-654     1.03800474    2.29333228    1.06814678    0.68885222    0.81033348    1.22703703    1.54225723    1.40213810    1.34544153    1.61007723    1.38329001    2.51570501    1.85659983    1.52517846    2.38506651    7.99242200    1.83848570    1.59377316    0.91994443    0.63540383    0.86824522    0.66132197    0.84986473    0.82910527    0.68177943    1.33402552    0.71620216    0.79548570    0.51910918    0.62513346    0.94883800    0.83455368    0.61405404    0.59905247    0.70465900    0.00000000    0.68893783    1.05384504    0.57330358    1.39022788    1.43135010    1.17526810    1.07839664    0.96377672    1.63068271    0.62445044    0.99354600    0.84696328    1.00854873    0.91073697    0.62206268    0.45221750    0.65256585
Q9FF28_ARATH/456-475     1.05752906    1.30674630    0.95352107    0.92387112    0.91986135    1.27553311    1.56460852    1.40478076    1.10912006    1.24259279    1.40706097    1.40893360    1.57310277    1.29882529    1.40107130    3.75012097    1.60051827    1.48692430    0.83866081    0.54264563    0.89691237    0.79494123    0.74571094    0.72285904    0.66727888    1.40400141    0.60035703    0.60050794    0.58034261    0.56370646    0.91816908    0.84259388    0.58377531    0.71698465    0.62722638    0.68893783    0.00000000    0.61954654    0.86046626    1.18747087    1.65561198    1.40399564    0.92039654    0.79316709    1.47536012    0.86617050    0.71286577    1.07864602    0.92738830    0.45841206    0.64392277    0.58266853    0.79896062
Q9FH20_ARATH/609-628     0.82540727    1.53511835    0.92906148    0.88651001    0.75606071    1.21810047    1.33483760    1.07636124    1.12057851    1.16178077    1.31806123    1.40892004    1.38161910    1.24319440    1.10223463    5.36447980    1.14297484    1.35624038    1.02665118    0.67314994    0.90451912    0.66977552    0.53720839    0.70679794    0.88168284    1.44161146    0.53753587    0.74616996    0.50682450    0.60644933    0.77187630    0.73088144    0.64329814    0.81870434    0.58293333    1.05384504    0.61954654    0.00000000    0.36378969    1.09796483    1.58388789    1.26544318    0.76507926    0.58640654    1.05879842    0.67418975    0.71029929    0.87355889    0.74062457    0.45342999    0.47598534    0.52927768    0.65968731
Q9CAE0_ARATH/608-627     0.95057988    1.84029429    0.96543533    0.64759663    0.56968945    0.82802980    1.08532162    1.07128600    1.12029784    1.45376960    1.42101238    1.91240820    1.34504779    1.25781037    1.61849429    7.41194783    1.18271840    1.13319262    0.85411008    0.58802382    0.72918850    0.54594065    0.69582751    0.71802765    0.70172741    1.47034903    0.41739558    0.48871075    0.29732728    0.47018079    0.77298057    0.56825681    0.51249996    0.87298084    0.61924333    0.57330358    0.86046626    0.36378969    0.00000000    0.99769464    1.06605951    0.87993964    0.82788319    0.62923852    0.95297287    0.72002085    0.92743012    0.73584057    0.99079624    0.73586639    0.65558197    0.40774623    0.53118630
F4JNB0_ARATH/125-145     1.04565993    2.25936063    1.11249266    1.27556848    1.10309564    1.67908150    1.14199915    1.06098639    1.21681686    1.60202891    1.50049028    1.87768561    1.48536175    1.52507536    1.89013505    5.50833935    1.18477041    1.34048274    1.15515089    0.94352808    1.73417754    1.06260997    1.12574100    0.99322971    1.20416942    1.47383975    0.84250281    0.89637643    0.81990879    1.05784683    1.18584285    1.01415616    0.73582307    1.00090711    0.74916804    1.39022788    1.18747087    1.09796483    0.99769464    0.00000000    0.68072971    0.57053188    1.03244533    0.94440703    0.92233849    0.89627959    0.95580014    1.04947779    0.98635510    0.79816792    0.84700357    0.55977614    0.86548253
SNC1_ARATH/760-779     1.55761397    3.71704155    1.90605002    1.72766587    1.36725815    1.88200233    1.85296624    1.81088516    2.05300643    2.60485120    2.57089204    3.34758934    2.79493381    2.58387022    3.58419572    3.13542220    2.10221324    2.10427859    1.61564626    1.24750696    2.01771497    1.47433757    1.70765109    1.59022306    1.77920942    2.85123725    1.26684071    1.20302627    0.91194143    1.19755616    1.21719178    1.19317400    0.90819146    1.31151364    1.32391811    1.43135010    1.65561198    1.58388789    1.06605951    0.68072971    0.00000000    0.71022238    1.33279394    1.34715441    1.10835004    1.21770407    1.26043275    1.41237451    1.52944195    1.05930826    1.22873202    0.79142597    0.80495772
F4JNB2_ARATH/686-706     1.48862546    1.65255189    1.59987126    1.49143584    0.97941858    1.62327194    1.58446040    1.21236388    1.19145950    1.98643778    1.54429324    2.49397322    1.61594268    1.75358129    2.36321798    5.48942356    1.39500043    1.47633857    1.44563136    1.30897042    1.96961761    1.26349045    1.51752127    1.56724883    1.41714844    1.56596667    0.77819837    0.96435397    0.65871448    0.98691802    1.30115560    1.00150374    0.85707270    0.75924832    0.82097814    1.17526810    1.40399564    1.26544318    0.87993964    0.57053188    0.71022238    0.00000000    1.39713886    1.20517091    1.25556085    0.85797606    0.97468971    0.93964731    1.03943830    0.90378699    1.13412934    0.75788019    0.94441225
Q9FFS5_ARATH/606-625     0.92149682    1.81637731    1.18613179    0.80973159    0.59538902    1.13958928    1.28534269    1.04327597    1.26186368    1.24165145    1.17045806    1.71842300    1.45589707    1.48493087    1.14490388    2.60447061    1.14860763    1.67015748    0.59525846    0.98178331    1.23217833    0.87641031    0.83763813    0.62116689    0.63605149    1.12152104    0.53752545    0.75728457    0.63160476    0.85612075    1.15424832    0.76684577    0.71947396    0.86526732    0.94548934    1.07839664    0.92039654    0.76507926    0.82788319    1.03244533    1.33279394    1.39713886    0.00000000    0.43493489    0.77596479    0.68823108    0.84706311    1.22252001    1.02472070    0.59739741    0.56328435    0.59431522    0.70202989
Q9FKR7_ARATH/587-606     0.98477455    2.26427684    1.02120017    0.92236537    0.75323181    1.42090874    1.46947532    1.06285213    1.31895210    1.46095719    1.53705113    1.73888476    1.71945146    1.59304594    1.62888872    7.51637424    1.30843100    1.76744913    0.82702449    0.57647213    1.31165171    0.84035231    0.52713403    0.53435312    0.68958651    1.21180965    0.44071807    0.70545574    0.61179852    0.83684168    0.89779877    0.65102680    0.62636143    0.78226567    0.64937979    0.96377672    0.79316709    0.58640654    0.62923852    0.94440703    1.34715441    1.20517091    0.43493489    0.00000000    1.31581156    0.65363373    0.87523820    1.00128909    0.81309905    0.55925319    0.32965562    0.39665027    0.44707250
F4KFY1_ARATH/554-573     1.34653682    2.28273350    1.58149836    1.52218110    0.89876732    1.46964724    1.47946822    1.32929962    1.48643167    1.88776839    1.75036546    2.50789380    1.79643180    1.87244897    1.85118864    5.01941447    1.31206829    1.39988514    1.33167770    1.45724657    1.48008841    1.13780490    1.50689898    1.56442100    1.52432749    1.88053390    0.97024571    1.10784376    0.82766138    0.93879608    1.51878205    1.05013877    0.94234538    1.37659568    1.16282444    1.63068271    1.47536012    1.05879842    0.95297287    0.92233849    1.10835004    1.25556085    0.77596479    1.31581156    0.00000000    0.68695899    1.13826451    1.24144498    1.06241383    0.81513935    1.17564070    0.89466942    1.13929068
RPS6C_ARATH/611-629     0.81163919    1.56580898    0.91076027    0.94728724    0.61270972    1.12460948    1.11538162    0.64631384    0.95232186    0.99922771    0.84107766    1.43255453    1.25803734    1.21692157    1.37994003    3.75942766    0.88569670    1.52024942    0.78077099    0.76629759    1.24328322    0.81321513    0.72578776    0.69204436    0.80004431    0.81990148    0.63233565    0.73331916    0.48987287    0.56367124    0.65779513    0.54144068    0.49224254    0.73234686    0.56316129    0.62445044    0.86617050    0.67418975    0.72002085    0.89627959    1.21770407    0.85797606    0.68823108    0.65363373    0.68695899    0.00000000    0.41666980    0.30983246    0.26219199    0.35692357    0.51126923    0.54646514    0.68659554
F4KG41_ARATH/616-634     0.79223590    1.79432892    1.02256874    1.31843370    0.55447203    0.91994308    0.99813246    0.63962725    0.74074880    0.94490342    0.86680658    0.93142414    1.01945294    0.97916966    1.15881757    1.58169135    0.69063079    1.50635368    1.26805635    0.53020357    0.73779804    0.70602528    0.63772871    0.60841987    0.69842442    0.62679098    0.58695325    0.85867913    0.51538630    0.56059021    0.51767891    0.51680355    0.61803497    0.96494410    0.59501808    0.99354600    0.71286577    0.71029929    0.92743012    0.95580014    1.26043275    0.97468971    0.84706311    0.87523820    1.13826451    0.41666980    0.00000000    0.34921626    0.25120601    0.49597696    0.73013924    0.58180070    0.73424581
Q9FHF6_ARATH/669-688     1.07725890    1.73515948    1.04077692    1.25143307    0.84675677    1.42787953    1.52894196    1.08982097    1.27223654    1.62509713    1.51248028    1.65972322    1.70256536    1.64772691    1.86649204    4.21798862    0.89657331    1.58947306    1.17225127    0.65826441    1.26514905    0.65866296    0.81340071    1.00654244    1.10878691    0.90289460    0.86165236    1.05176558    0.60007639    0.71685099    0.71510218    0.85469166    0.59511309    1.00184051    0.61033622    0.84696328    1.07864602    0.87355889    0.73584057    1.04947779    1.41237451    0.93964731    1.22252001    1.00128909    1.24144498    0.30983246    0.34921626    0.00000000    0.23221451    0.73216840    0.87246627    0.55218207    0.88846027
Q8LPH7_ARATH/606-625     0.89805178    1.61723340    0.87991523    1.26014970    0.64726752    1.28861747    1.15162815    0.83432285    0.95709822    1.36258281    1.26976390    1.17670809    1.26286738    1.22191295    1.37274528    4.10514050    0.66979681    1.33303449    1.04632019    0.55508751    1.04002944    0.70239884    0.64020016    0.81545763    0.79069797    0.58999712    0.78185176    0.95094036    0.62582002    0.57348581    0.55527915    0.59738706    0.71598619    0.87604496    0.48332184    1.00854873    0.92738830    0.74062457    0.99079624    0.98635510    1.52944195    1.03943830    1.02472070    0.81309905    1.06241383    0.26219199    0.25120601    0.23221451    0.00000000    0.52676769    0.71624747    0.67089634    0.90048765
Q9FNJ2_ARATH/612-631     0.73237822    1.77753059    1.12592918    0.80355884    0.79178708    1.43769027    1.35396103    0.96072313    1.11987575    1.12495636    1.15490673    1.47607478    1.44078506    1.39962815    1.45017622    2.34156767    1.16084997    1.56479787    0.99833538    0.69752738    1.24294067    0.84932455    0.69577202    0.65144579    0.87655283    0.97030053    0.48787975    0.56864316    0.56359360    0.63961732    0.73484055    0.52384192    0.44775615    0.63184725    0.46047804    0.91073697    0.45841206    0.45342999    0.73586639    0.79816792    1.05930826    0.90378699    0.59739741    0.55925319    0.81513935    0.35692357    0.49597696    0.73216840    0.52676769    0.00000000    0.43592799    0.45738941    0.59496559
F4I848_ARATH/338-357     0.71122208    2.15009744    0.72183009    0.72106880    0.67727018    1.52782535    1.32255172    0.79602940    1.05021105    1.30228512    1.15228301    1.54517286    1.36797978    1.25120166    1.33818481    5.61000710    1.13980437    1.43264272    0.64946906    0.60822364    1.05201298    0.66910722    0.47759053    0.64991899    0.75141786    1.07597872    0.52643406    0.71046455    0.62057242    0.79834632    0.64971932    0.68474585    0.53208917    0.62542519    0.55639430    0.62206268    0.64392277    0.47598534    0.65558197    0.84700357    1.22873202    1.13412934    0.56328435    0.32965562    1.17564070    0.51126923    0.73013924    0.87246627    0.71624747    0.43592799    0.00000000    0.25449591    0.35134505
Q9FJG4_ARATH/615-634     0.63945564    1.76350935    0.79407793    0.61281462    0.65763404    1.25218909    1.33851257    1.04808717    1.14289102    1.42615471    1.34926980    1.85049486    1.52689292    1.39262943    1.91451618    5.16107073    1.16882315    1.22739308    0.81218999    0.47383277    0.83428073    0.44090111    0.50590483    0.66442002    0.85110858    1.13406815    0.41156943    0.59025179    0.32502087    0.48548302    0.79814852    0.68472383    0.38619693    0.45289464    0.46794470    0.45221750    0.58266853    0.52927768    0.40774623    0.55977614    0.79142597    0.75788019    0.59431522    0.39665027    0.89466942    0.54646514    0.58180070    0.55218207    0.67089634    0.45738941    0.25449591    0.00000000    0.24229092
