75
Q8A358_BACTN/701-766     0.00000000    1.31685252    1.17521619    1.41570493    1.82074673    1.27708727    1.27641702    1.52260650    1.77472206    1.77475769    1.85054595    1.46147292    1.78368148    2.12577593    1.50992078    1.54967944    1.24356039    1.91422625    1.88260821    1.45686896    1.55724607    1.53152244    1.74542615    2.09946864    1.67201906    2.06577270    1.93936358    5.07106182    5.36698506    3.91420404    6.14809113    5.07784550    5.25441454    4.31648766    3.86605093    4.43790525    3.70683522    3.92429600    5.26467742    3.77384360    4.17969285    4.86768947    3.86188564    6.09880183    4.93093694    6.57359183    3.05435995    3.27816143    3.72527420    3.56632774    3.59068923    4.45496791    3.24707641    2.88781949    3.19839650    3.06966319    2.95021675    2.59732565    1.68308864    2.04610204    2.34212409    2.54989706    1.59445936    1.54077278    2.36307894    1.56151163    1.68149578    2.21176145    2.58249791    2.15972337    1.56322285    1.80755298    1.96239462    1.94704152    1.66621392
Q89YR8_BACTN/717-781     1.31685252    0.00000000    0.83563608    1.06321375    1.84063492    1.18327915    1.18292103    1.26685701    1.57715749    1.99685363    2.17703672    1.56065565    1.79775273    1.91394046    1.65884578    1.44363850    1.36213250    1.54507755    1.54972394    1.16815239    1.53942321    1.24028574    1.70255907    1.84533713    1.78102906    2.18242564    2.06986234    4.28240448    4.88712636    3.79600578    5.82915863    4.03170834    4.63473729    5.31346027    5.56024911    4.41728697    4.35354134    5.07835628    6.30857769    4.31654910    3.99306799    4.68793082    5.38148750    5.13441124    5.33179405    5.21908622    3.04555381    4.02481908    3.39240824    3.43398733    3.21669145    3.89798728    2.96052103    2.66231119    2.36871931    2.32955972    2.26988143    2.44772249    1.31978325    2.06394412    1.77377949    1.56480669    1.44269143    1.38787431    2.34178073    1.41324940    1.59156009    2.10145907    2.11460079    2.05014024    1.91508110    2.15514319    1.65699999    2.08455395    2.07943307
Q8A3Q7_BACTN/704-767     1.17521619    0.83563608    0.00000000    0.55066803    2.04132600    1.22573632    1.22622416    1.21977233    1.53638088    2.33797870    2.42279950    1.40437142    1.72672811    2.15837646    1.57941055    1.81480809    1.61221233    1.46913519    1.42092163    1.29256424    1.69779336    1.70825226    1.81654269    1.98835815    1.88932933    2.17702107    2.20442110    4.39491724    4.53787082    4.51306324    5.48154512    5.64141643    5.40371776    4.50535721    4.41316700    4.71552407    4.27484806    5.63375315    8.96169295    4.24005505    4.05966095    5.46059027    2.85513183    5.94806537    4.11679346    5.43195769    3.47001100    3.96341929    4.24295378    4.46325603    4.28817395    4.55569695    2.81708402    2.26155449    2.75341795    2.79570653    2.53480532    2.58446788    1.30977189    2.28932030    2.29546490    1.93355780    1.41900536    1.40714423    2.58407337    1.05336371    1.50368452    2.11632402    2.16262459    2.26882574    1.28802095    2.01887686    2.30054045    2.13550266    1.93918839
Q8A3N1_BACTN/715-779     1.41570493    1.06321375    0.55066803    0.00000000    2.01880554    1.43180149    1.17276140    1.43235813    1.87352284    2.32662888    2.62147196    1.58781690    1.98336229    2.11682293    1.92013068    1.56373522    1.61009154    1.83900787    1.61148211    1.45564128    1.73684938    1.94696227    2.17472885    2.16840982    1.87480432    1.96082446    2.18153919    3.53127547    3.49780123    3.19612893    4.30198234    5.73988601    4.86688288    4.44061622    4.19642485    4.25409596    4.40791875    6.02086022    7.44200458    4.45299732    3.95054990    3.57751146    3.24346831    5.64906165    3.95036880    5.71874017    3.71799314    3.70874597    4.02111244    4.27224055    3.47306565    4.33638824    2.38992502    2.47624794    2.22567297    2.63421552    2.51553423    2.41138454    1.58574013    2.17950140    1.96666521    1.82065506    1.41779919    1.40812151    2.15204978    1.16643609    1.53358434    1.94164010    2.30873522    2.25227049    1.59781906    1.91829700    1.99381449    1.98492988    1.76106458
Q8AB44_BACTN/736-801     1.82074673    1.84063492    2.04132600    2.01880554    0.00000000    1.10109558    1.74676540    1.69001889    2.35161883    3.06101505    3.02997181    2.51168068    2.93420175    2.92664111    1.76901400    2.59161467    1.69141576    2.07999629    2.40392535    2.01722028    2.07867409    2.24746849    2.04713304    2.23298470    2.61268715    2.63159321    2.24437560    6.19045559    6.48574968    4.95383453    5.41725948    6.12842502    8.65596223    5.55326814    5.15045020    5.02431567    4.60317272    6.24422398   20.00000000    6.73053776    4.93226768    6.99431191    5.96459322   20.00000000    7.40794287    7.21352222    4.28450936    4.49823612    4.86998479    3.90669692    3.84641291    4.58857785    3.24938714    2.68226811    2.67805640    3.53708850    3.86717843    3.30920444    2.28232865    2.70061271    3.27960423    2.85281639    2.29633944    1.91037940    2.44313666    1.90551124    2.03357479    2.73413737    2.98307921    2.91787429    2.23102246    2.34754767    2.27800387    2.10702219    1.98240273
Q8A1I3_BACTN/744-809     1.27708727    1.18327915    1.22573632    1.43180149    1.10109558    0.00000000    1.27143278    1.10661842    1.65108434    2.53377344    2.57421818    1.74478569    2.44105666    2.71061584    1.43865513    2.07203704    1.48114369    1.66477709    1.59727371    1.29311792    2.06576369    1.79986222    1.89401639    2.26347917    2.12998950    2.17815845    1.98536277    5.01730039    5.91340230    4.89006935    5.39173558    5.49510384    5.55552714    4.75832030    4.70129219    4.38373185    4.30747705    4.89810827    5.66569695    4.04336524    4.75941413    6.50321855    4.92360896    7.15951779    5.76405274    5.28919057    4.36240619    4.30789686    4.52961178    4.22598025    3.97306500    4.86036863    2.73182282    2.46337581    2.53920444    3.06469990    3.02423445    2.57525756    1.83904110    2.11866575    1.80142092    1.55318876    1.37359328    1.24417917    1.92795708    1.94945520    1.62145769    1.93666987    1.79623585    1.80247750    1.61134116    2.22675835    1.87131339    1.80357186    2.20860887
Q8A0B0_BACTN/839-903     1.27641702    1.18292103    1.22622416    1.17276140    1.74676540    1.27143278    0.00000000    0.78628535    1.21587511    1.77689230    1.95096246    1.80096403    1.76348257    2.26282105    1.64687641    1.14633025    1.27458570    1.86000234    1.44531498    1.31042567    1.50923530    1.54351941    1.48846794    2.18123040    1.39430111    1.67579519    2.21569576    4.18674048    3.80427766    3.70035814    4.13926740    4.34917238    5.19957723    3.25196922    4.99106730    3.77954541    4.14226293    4.79239813    5.91904858    3.56358865    3.61776542    4.86636096    3.97005056    5.19180416    4.61406256    5.49033180    2.93768345    3.71856305    3.65037868    3.85692855    2.84424001    4.20856867    3.26545318    2.49983302    3.21040720    2.07800721    2.12321108    2.32511276    1.55971697    1.82871762    1.87863489    1.89505217    1.48861576    1.41963970    1.57738025    1.28132560    1.56510902    2.12506361    2.36963872    2.12868698    1.78816781    1.59476687    2.04450901    1.73326059    1.96833396
Q8A097_BACTN/807-871     1.52260650    1.26685701    1.21977233    1.43235813    1.69001889    1.10661842    0.78628535    0.00000000    1.40224839    1.93064756    2.03816320    1.61891221    1.53861467    2.07818629    1.46570890    1.80120515    1.42820626    1.58820945    1.56220066    1.17483363    1.45452474    1.46716201    2.01760123    2.43325980    1.98447646    2.17883026    2.55540391    4.27876582    4.76776779    4.14808104    4.92558228    3.61928481    3.89200052    3.37540525    4.12168436    4.28943836    3.43975000    4.25790967    4.69886190    3.33651933    3.11509079    5.02418079    3.75062409    5.51216112    4.99610177    4.88257432    2.86530278    3.69716930    4.11123068    4.20161668    3.44282608    4.87775841    2.54821513    2.67460982    2.39033041    2.23974645    2.26790726    2.65478507    1.81084485    2.36445161    2.22645556    1.93067417    1.45699621    1.52545205    1.94892192    1.80688896    1.53284810    2.02014544    2.16694968    2.06735583    1.80789586    1.75729710    1.98745060    1.86488397    1.92029400
Q8A936_BACTN/833-897     1.77472206    1.57715749    1.53638088    1.87352284    2.35161883    1.65108434    1.21587511    1.40224839    0.00000000    1.53266323    1.93495124    1.56357580    1.72296706    1.96620501    1.46658038    1.67014067    1.31953133    2.13966907    1.68767538    1.37096814    1.94717257    1.99857398    2.09666565    2.08664134    1.86891051    1.95723071    2.65264222    3.80842233    3.92232792    3.59426774    4.78422945    3.57596932    5.39888841    4.07557940    4.55015867    3.06872517    4.00439123    4.29542122    5.07857925    4.31374018    4.41876224    3.97505367    3.76269736    5.70473236    4.67271248    3.85770583    3.22202624    3.59916725    3.90008057    3.86292609    2.83800180    4.85506359    2.74843164    2.15726292    2.99498215    3.24130654    3.21039392    3.23890896    2.26291723    1.60236784    1.74253144    1.80025300    1.90664594    1.61936954    1.68683534    1.85624638    1.89725573    2.13165974    2.27516448    2.52777080    1.93418137    2.09085374    1.78050335    1.74248051    2.20189446
Q8A0S0_BACTN/722-786     1.77475769    1.99685363    2.33797870    2.32662888    3.06101505    2.53377344    1.77689230    1.93064756    1.53266323    0.00000000    0.37776819    2.55332916    1.77760484    1.90270909    2.08585591    1.78285440    1.74031084    2.31409085    1.88070958    1.53890242    1.75147898    2.30945893    2.45146259    3.38749474    2.59856254    1.85362092    1.80232148    4.16440006    4.60902845    4.09722626    3.17221400    4.05393269    4.82605226    4.45519995    4.99552376    4.07983937    3.08350536    3.47521327    4.48667397    3.40220365    3.09638587    3.68894297    3.56887135    4.37613075    3.17121311    3.94304283    2.88706034    3.00024871    3.27950664    4.05024517    3.40427001    4.25660626    3.45430168    3.35821494    3.98715245    3.95164049    4.09745161    3.55257407    2.51380138    2.19885202    2.66901305    2.46686187    2.06948632    2.00190233    2.56659240    2.07599332    2.79783055    2.53785304    3.09630611    2.77248736    2.46858649    3.05621515    2.56003968    2.29475919    2.02226985
Q8A0R4_BACTN/720-784     1.85054595    2.17703672    2.42279950    2.62147196    3.02997181    2.57421818    1.95096246    2.03816320    1.93495124    0.37776819    0.00000000    2.38386357    1.54021593    1.84777622    1.71531551    1.77994500    1.92805382    2.45487897    1.98108023    1.85582335    1.92598515    1.96673179    2.18037652    3.56736988    2.53310660    1.86582453    2.17260086    4.49928259    5.04649182    3.75221740    3.85525517    4.39156285    4.51056033    4.33032228    4.43913300    3.88686412    3.19449316    3.38223369    4.66315723    3.61420617    3.15676171    4.12378325    3.81421622    4.53099460    3.56134394    4.02707676    3.04216518    3.33066013    2.86594549    3.90066003    4.11750385    4.75990296    3.24924450    3.25045792    3.79961783    4.12938740    4.06990480    3.86744151    2.82081150    2.09126442    2.75787809    2.68050843    2.08580367    1.96192279    2.74079977    2.06810289    2.98490760    2.47731198    2.83084791    2.74981672    2.57674710    2.71161984    2.50593188    2.21301165    1.95357577
Q8A2H1_BACTN/706-767     1.46147292    1.56065565    1.40437142    1.58781690    2.51168068    1.74478569    1.80096403    1.61891221    1.56357580    2.55332916    2.38386357    0.00000000    1.41116882    1.55341744    1.48769187    1.71211188    1.85148151    2.25629237    2.09496716    2.02879817    1.80484248    1.89327244    2.31375747    1.83431716    2.06031460    1.93809162    2.45356661    5.57946972    6.28347804    4.08515296    6.53365736    4.48533361    5.08548064    5.17993822    4.14223628    4.51117424    4.24721382    4.93791261    5.65929173    4.43805881    4.97342428    5.40680311    6.02636930    7.50835959    6.06505519    5.59775384    3.83746831    4.36607063    3.56393981    3.59359961    4.06692611    4.85340460    3.03154530    2.60812911    2.78001083    3.63298609    3.19344110    3.54146347    1.62425149    1.64552476    2.32739142    2.48985323    1.82635642    1.67877720    2.11833940    1.83483242    2.35090531    2.66499075    2.81912130    2.73741803    2.58273768    2.11601014    2.21086898    2.16472285    1.76794702
Q8A180_BACTN/708-772     1.78368148    1.79775273    1.72672811    1.98336229    2.93420175    2.44105666    1.76348257    1.53861467    1.72296706    1.77760484    1.54021593    1.41116882    0.00000000    0.52899092    1.57889510    1.81180970    1.62675398    2.29765483    2.42888564    1.50046991    1.37095824    1.60926169    2.06408273    2.17449572    1.58311157    2.14092068    2.59439455    4.82270202    5.66259241    3.44610423    3.45541567    3.03044874    4.15761076    4.93280707    3.66264356    3.60297064    3.38883972    3.57302998    3.80068003    3.01430129    3.04821293    3.30653647    3.37678362    4.05155482    4.05786777    4.25839185    2.77452738    3.92251911    3.34355773    3.87833976    3.26634100    4.11541531    2.68059858    2.72172365    2.76309492    2.87178034    3.34535523    2.98236157    2.60132458    1.86890493    2.64426570    2.43353484    2.07484725    1.94590792    1.57411371    2.53335696    2.49012926    2.29069365    2.49629670    1.88470503    2.23997977    2.42367214    2.21303993    2.43088480    1.96972450
Q8A2K3_BACTN/717-781     2.12577593    1.91394046    2.15837646    2.11682293    2.92664111    2.71061584    2.26282105    2.07818629    1.96620501    1.90270909    1.84777622    1.55341744    0.52899092    0.00000000    1.70221883    1.65630887    1.93501345    2.57815124    2.43603252    1.82845653    1.68906559    1.81548818    1.69229065    2.16783664    1.97814765    2.30694244    2.58305551    4.99755970    5.74045109    3.28979555    3.69015624    3.04783609    4.10914192    4.82643331    4.05675774    3.27030972    3.94126137    3.74639155    3.81504251    3.01017228    3.38552897    3.29306163    3.13508911    3.78057688    3.95654209    3.87805721    3.39353508    3.80712737    4.06574188    4.17321695    3.41371597    4.66121857    3.27767680    2.84029258    2.83812083    2.87640260    2.90512224    2.73598473    2.54166426    2.09071160    2.86749200    2.82987399    1.92469721    2.06822523    1.41313648    2.58472714    2.33030599    1.81228510    2.33972759    1.98589862    1.96815678    2.46478493    2.21428978    2.21763567    1.86380976
Q8AAU8_BACTN/739-804     1.50992078    1.65884578    1.57941055    1.92013068    1.76901400    1.43865513    1.64687641    1.46570890    1.46658038    2.08585591    1.71531551    1.48769187    1.57889510    1.70221883    0.00000000    1.24181879    1.31076387    1.69726245    1.71315016    1.31578364    1.76077024    1.99025055    1.68541947    1.63105694    1.87301659    1.73586835    2.33768669    4.40383115    4.00146390    3.09232523    5.00900388    3.67435478    3.63805428    3.88213232    3.47685869    3.31037239    3.28459514    4.40559434    3.94557806    3.67969349    2.81169819    4.04763933    3.57984026    4.07542605    4.23661560    3.92550451    3.26953611    3.54614539    3.21202598    3.11746011    3.46354906    3.85209664    2.44930302    2.48495690    2.33229711    2.48960166    2.70276229    2.93145762    2.52829728    1.79208212    1.73351759    1.67603988    1.70578766    1.47428850    1.59494243    2.33138635    2.45870740    2.13347956    2.18411684    2.17599941    1.99732703    2.41475548    2.77689871    1.87807802    1.57455156
Q8A3I3_BACTN/704-766     1.54967944    1.44363850    1.81480809    1.56373522    2.59161467    2.07203704    1.14633025    1.80120515    1.67014067    1.78285440    1.77994500    1.71211188    1.81180970    1.65630887    1.24181879    0.00000000    1.32694493    2.25116223    1.85400003    1.47643301    1.70420607    1.69598531    1.29714503    1.66287691    1.45110187    1.71504566    2.02459159    4.13047805    3.94711804    3.18988218    4.29198383    4.02124347    4.04589262    3.24056342    3.86774816    3.18305365    3.22287921    3.59065285    4.53267476    3.18401743    3.34185288    3.05845450    3.43558589    2.95933246    3.26324398    4.60270309    3.53776995    3.06271611    3.03100715    3.26254228    3.53935401    4.53430541    2.54973079    2.10836431    2.85640263    2.14807828    2.46061543    2.28562792    1.67960888    1.81745814    2.30000570    2.16117460    1.72367917    1.59858608    1.58583039    1.54945161    2.07002025    1.93091070    2.15829998    1.80942627    2.14352154    2.44024861    2.39710281    1.74901719    2.07496621
Q8A1K1_BACTN/623-698     1.24356039    1.36213250    1.61221233    1.61009154    1.69141576    1.48114369    1.27458570    1.42820626    1.31953133    1.74031084    1.92805382    1.85148151    1.62675398    1.93501345    1.31076387    1.32694493    0.00000000    1.89718686    1.57640524    0.89028709    1.70424818    1.50225225    1.95932605    2.34699830    2.14042752    1.91561407    2.18808684    4.49284700    5.05146343    4.09283512    3.21280895    3.73511943    4.03507237    3.48392785    3.55002102    3.22536203    3.21945035    3.52564034    3.97867157    4.06752991    3.36435223    4.38809898    2.84938120    4.23938805    3.34362624    4.18408411    3.27008622    3.92394885    3.75214669    3.71489210    3.61779884    4.77955592    2.70221771    1.78834259    2.80579513    2.04900801    2.41191625    2.31584494    2.06462077    1.56048130    2.23739812    2.08005948    1.58653633    1.45312877    1.59143627    1.50556917    1.28312518    1.78776874    1.79654601    1.92989131    1.75110606    2.08705847    1.47853649    1.61524074    2.00705608
Q8A039_BACTN/792-855     1.91422625    1.54507755    1.46913519    1.83900787    2.07999629    1.66477709    1.86000234    1.58820945    2.13966907    2.31409085    2.45487897    2.25629237    2.29765483    2.57815124    1.69726245    2.25116223    1.89718686    0.00000000    0.93135500    1.36673905    1.55129238    1.96917260    1.78167391    2.18936823    1.88289967    2.42215505    2.45062790    4.80837432    4.40775998    4.05126054    4.64967328    3.66219673    5.66753544    4.80992658    3.98795862    4.00535802    3.70460388    4.54189652   20.00000000    4.62969109    3.96696529    4.99820937    3.87722708    5.64379225    4.13514072    3.78642527    3.44003878    4.15512076    3.69775271    3.44661191    3.51433900    4.19930658    3.54868136    2.51599642    2.33125916    2.47969837    2.73294403    2.95732034    2.17710747    2.50528053    1.72741671    1.52578509    1.74512985    1.66156695    2.01969145    2.02080260    1.66556654    2.06562975    2.11928525    2.66058543    2.06663839    2.26779762    1.98101654    2.08374785    2.31509372
Q8A043_BACTN/793-857     1.88260821    1.54972394    1.42092163    1.61148211    2.40392535    1.59727371    1.44531498    1.56220066    1.68767538    1.88070958    1.98108023    2.09496716    2.42888564    2.43603252    1.71315016    1.85400003    1.57640524    0.93135500    0.00000000    1.14160065    1.59555765    1.66798739    1.77224346    2.29803465    2.03095486    1.91582731    3.01335417    5.08784533    5.07071700    3.75949483    4.38451377    4.29682948    5.52354822    4.76024518    4.67630566    3.99867470    4.41510206    5.84173719    4.43317140    4.64582431    3.89106431    4.34139336    3.44019877    6.08993711    4.22671035    3.60233327    3.79359760    4.46800813    4.19596586    4.26641652    3.50460734    4.65667176    3.62743697    2.71473858    2.97894489    2.92372899    2.93632121    2.67201523    2.41412350    1.69407448    2.25873424    2.06907065    2.02274673    1.74694354    1.81138543    1.88917816    1.76930579    2.11475240    2.16511090    2.28443420    1.92379024    2.46658748    2.12656736    2.30767808    2.46335076
Q8A241_BACTN/707-771     1.45686896    1.16815239    1.29256424    1.45564128    2.01722028    1.29311792    1.31042567    1.17483363    1.37096814    1.53890242    1.85582335    2.02879817    1.50046991    1.82845653    1.31578364    1.47643301    0.89028709    1.36673905    1.14160065    0.00000000    1.07070876    1.54628393    1.47393615    1.75523736    1.67732536    1.80461695    2.10956021    3.94896087    4.58950477    3.78844208    4.08672378    3.42048073    3.87084667    3.38049620    3.09229098    3.49040900    3.35785789    4.46182637    4.15252310    3.11219623    2.92272419    3.39688368    3.27099001    5.16245585    4.18154397    3.72125027    3.67354057    3.38094973    3.98374929    3.33028542    3.30426932    4.11478231    2.28232571    2.25258520    2.48743453    2.23018470    2.77460885    1.83412498    1.86140174    1.39384062    1.88655235    1.44036577    1.25467105    1.39453394    1.41118060    1.58703618    1.16257319    1.92841464    1.65506643    1.68892133    1.75491580    2.21506327    1.71997528    1.86268663    1.55913146
Q8A3A5_BACTN/728-792     1.55724607    1.53942321    1.69779336    1.73684938    2.07867409    2.06576369    1.50923530    1.45452474    1.94717257    1.75147898    1.92598515    1.80484248    1.37095824    1.68906559    1.76077024    1.70420607    1.70424818    1.55129238    1.59555765    1.07070876    0.00000000    1.64743791    1.95886488    2.16955695    2.21345271    1.80366224    2.01556552    3.92074105    4.19462043    2.76544198    4.40225214    3.72985970    4.53665678    4.56883787    3.64645838    4.12521051    4.04309912    4.29107394    4.28510065    3.27485077    3.50109947    3.36801545    3.46312217    4.34546554    4.88322623    4.66524604    2.81654945    2.78266658    3.36352244    2.77639076    2.55961043    2.87887724    2.91035529    2.63480026    2.49183769    2.10993242    2.41191245    2.69464556    2.07807908    1.58127911    2.45254342    2.22023924    1.88678787    1.72231227    2.16957965    1.94971118    2.14364434    2.28418012    3.00445608    2.52556247    2.25353493    1.76709470    1.87288104    2.14790166    1.78463226
Q8XK91_CLOPE/721-784     1.53152244    1.24028574    1.70825226    1.94696227    2.24746849    1.79986222    1.54351941    1.46716201    1.99857398    2.30945893    1.96673179    1.89327244    1.60926169    1.81548818    1.99025055    1.69598531    1.50225225    1.96917260    1.66798739    1.54628393    1.64743791    0.00000000    2.16085387    2.27064510    1.83595850    2.38093644    1.90011758    3.57020597    3.99906401    3.02299027    4.06972716    3.12968660    4.13242656    4.10317467    4.40345265    3.90215634    3.03594994    4.23130700    4.65225500    3.48888792    2.99286535    3.16813956    3.26222049    4.14633449    3.69835968    3.73580319    3.14766756    3.44378289    3.23813531    2.90992292    2.81083557    3.45035116    2.27815913    2.50997967    2.20302836    2.24985760    2.27683919    2.86030525    1.81993403    1.86620942    2.67999196    2.37634624    1.78002471    1.90339544    1.93667172    1.92489823    1.78039564    1.90024549    2.34666094    2.14869878    2.33791104    2.24063367    1.84221083    2.11539387    2.14625406
Q8A1C8_BACTN/708-773     1.74542615    1.70255907    1.81654269    2.17472885    2.04713304    1.89401639    1.48846794    2.01760123    2.09666565    2.45146259    2.18037652    2.31375747    2.06408273    1.69229065    1.68541947    1.29714503    1.95932605    1.78167391    1.77224346    1.47393615    1.95886488    2.16085387    0.00000000    1.07150663    0.75569995    2.05992676    1.91227834    5.45041800    6.41399126    4.66617203    6.07498949    4.59272017    3.43439542    4.49603729    3.69503906    3.91382006    4.56408983    4.24565328    5.11257086    4.01310552    4.77893349    4.46841641    4.41930288    5.04501150    5.75558657    6.03764250    3.76406736    4.45695519    3.27964314    3.54820699    4.02843266    4.60442866    2.58516545    2.23389324    2.69582666    2.28886654    2.04567530    2.20281242    2.46501231    1.90483171    2.66989486    2.52679641    1.66524197    1.71222879    1.72069379    1.96860076    2.23996165    2.16470147    2.54285315    2.75794306    2.17499144    2.57289035    2.56410089    2.21106497    1.95502964
Q8A959_BACTN/695-761     2.09946864    1.84533713    1.98835815    2.16840982    2.23298470    2.26347917    2.18123040    2.43325980    2.08664134    3.38749474    3.56736988    1.83431716    2.17449572    2.16783664    1.63105694    1.66287691    2.34699830    2.18936823    2.29803465    1.75523736    2.16955695    2.27064510    1.07150663    0.00000000    0.79438688    1.94026870    1.71921022    4.36491467    4.90869814    3.85848556    7.09583547    4.28964424    4.10717661    3.08095007    3.92266212    3.90819449    3.84078229    4.88842210    5.00455983    5.26281377    4.38451783    3.56793321    4.35645033    5.62694283    6.66383327    3.91693704    3.37859399    4.29937147    3.52200785    3.47920643    3.75627529    4.82014711    2.62236566    2.59525448    1.98810544    2.33617905    2.38117328    2.92401959    2.15948146    1.78642584    3.23547096    3.03191439    1.76523964    1.68012795    1.56937396    2.22702153    2.28657547    2.55296458    2.43706693    2.73880104    2.39052020    2.49168860    2.46395497    2.32741803    1.86399580
Q8A6Z1_BACTN/700-765     1.67201906    1.78102906    1.88932933    1.87480432    2.61268715    2.12998950    1.39430111    1.98447646    1.86891051    2.59856254    2.53310660    2.06031460    1.58311157    1.97814765    1.87301659    1.45110187    2.14042752    1.88289967    2.03095486    1.67732536    2.21345271    1.83595850    0.75569995    0.79438688    0.00000000    2.04321708    1.94873533    4.51876782    5.29044320    4.36663655    6.06538755    3.75065444    3.74432365    3.61005417    3.68204752    3.83177662    3.35703656    4.19616434    4.72875750    4.37343102    4.43646458    3.94637808    3.89420457    5.51051796    5.36007302    5.50352740    3.11666611    4.41774475    3.16754928    3.56954656    3.89267230    4.86028083    2.70989392    2.89397002    2.71008906    2.74552358    2.59572264    2.71475437    2.48454780    1.65373348    2.73415487    2.37681296    1.59559001    1.61194512    1.76509880    1.78771707    1.72872364    2.48782684    2.48880691    2.53165326    2.45505843    2.53068929    2.10727073    2.02956027    1.91113674
Q8EJW5_SHEON/726-790     2.06577270    2.18242564    2.17702107    1.96082446    2.63159321    2.17815845    1.67579519    2.17883026    1.95723071    1.85362092    1.86582453    1.93809162    2.14092068    2.30694244    1.73586835    1.71504566    1.91561407    2.42215505    1.91582731    1.80461695    1.80366224    2.38093644    2.05992676    1.94026870    2.04321708    0.00000000    2.43218018    4.71392186    4.65009853    3.78185472    4.95751891    4.49875277    6.04079359    5.21044364    4.39372803    4.72503438    4.70806025    5.91909597    5.56114946    4.13953849    2.99058098    3.24507412    5.06319482    6.89091101    4.86324715    4.61390507    3.52174853    3.17019993    3.49094989    3.32127277    3.75249482    5.04630401    3.36653123    2.66584549    2.76512465    2.45456283    2.78469958    2.99833406    1.68623881    2.03929349    2.23578463    2.82821686    2.35920659    2.14701915    2.37244258    1.71308238    2.14278666    2.27900636    2.35010496    1.75922426    2.30035447    2.72417442    2.44687624    1.91735097    1.96598296
Q8ABH2_BACTN/668-730     1.93936358    2.06986234    2.20442110    2.18153919    2.24437560    1.98536277    2.21569576    2.55540391    2.65264222    1.80232148    2.17260086    2.45356661    2.59439455    2.58305551    2.33768669    2.02459159    2.18808684    2.45062790    3.01335417    2.10956021    2.01556552    1.90011758    1.91227834    1.71921022    1.94873533    2.43218018    0.00000000    3.92782330    4.58878573    4.01027206    4.79279722    4.76210899    5.21197022    4.91097036    5.65005210    4.59491330    3.86851514    4.75584734    5.99841885    4.43827248    4.52231023    4.00722966    3.49100522    3.84051191    3.81411828    4.26243562    2.71547985    3.47601023    2.70252005    3.09399403    2.83704592    3.59257355    3.06622732    2.49544464    3.14627488    3.33081646    3.07778297    3.49459598    2.07097408    2.75309389    3.08651574    3.27746393    1.86585307    1.94189947    2.69312850    1.54564319    2.33269058    2.79226851    3.63414858    2.61331031    2.45033198    2.65327237    2.74979564    2.71070924    2.25660326
Q97FQ0_CLOAB/216-284     5.07106182    4.28240448    4.39491724    3.53127547    6.19045559    5.01730039    4.18674048    4.27876582    3.80842233    4.16440006    4.49928259    5.57946972    4.82270202    4.99755970    4.40383115    4.13047805    4.49284700    4.80837432    5.08784533    3.94896087    3.92074105    3.57020597    5.45041800    4.36491467    4.51876782    4.71392186    3.92782330    0.00000000    0.72949478    0.94804663    2.46000628    2.63174158    2.55481224    2.52028698    2.29375169    2.41715409    2.31358479    2.91040423    2.90208473    2.65150991    2.12287045    1.74234497    2.12031568    2.31534287    1.79232351    2.83627017    1.65160548    2.32794367    3.02675189    2.48784102    1.78557056    2.46166082    3.54658348    3.68989395    3.91041177    4.52694434    4.56674888    4.51498070    3.78024991    5.92777465    6.55821419    4.75964050    4.42049098    5.08352302    3.73061129    4.06304379    4.55563541    5.05789155    5.33643903    4.96255755    5.01994489    5.23891611    4.15325175    5.02651517    4.09062529
Q891H4_CLOTE/222-290     5.36698506    4.88712636    4.53787082    3.49780123    6.48574968    5.91340230    3.80427766    4.76776779    3.92232792    4.60902845    5.04649182    6.28347804    5.66259241    5.74045109    4.00146390    3.94711804    5.05146343    4.40775998    5.07071700    4.58950477    4.19462043    3.99906401    6.41399126    4.90869814    5.29044320    4.65009853    4.58878573    0.72949478    0.00000000    0.76084518    2.56834848    2.88047688    2.36124885    2.82587945    2.74213805    2.64382375    2.34915462    2.69124907    2.65677068    2.21755961    1.56065165    2.06111805    2.29500062    1.87505517    1.74046561    2.81592859    1.73173123    2.67795067    2.92933756    2.72526290    2.10852297    2.14263286    4.53945845    3.71945549    3.97515387    4.72266046    4.60758816    4.79064043    4.20453789    5.53190850    6.70763526    4.86987673    4.70160436    5.22268490    3.73603689    3.99716015    4.18424015    6.01596551    6.32145135    6.38335175    4.90037092    5.80825395    5.30470156    6.43712683    4.46589925
Q8XI56_CLOPE/235-303     3.91420404    3.79600578    4.51306324    3.19612893    4.95383453    4.89006935    3.70035814    4.14808104    3.59426774    4.09722626    3.75221740    4.08515296    3.44610423    3.28979555    3.09232523    3.18988218    4.09283512    4.05126054    3.75949483    3.78844208    2.76544198    3.02299027    4.66617203    3.85848556    4.36663655    3.78185472    4.01027206    0.94804663    0.76084518    0.00000000    3.66330043    3.70238639    3.33761858    3.21110167    2.97117488    3.04960509    2.65248110    3.08617428    2.71292321    2.72833678    1.89103000    1.95019219    2.65005016    2.15864250    2.24390566    3.50081209    2.03762674    2.54347834    2.61363626    2.98951158    2.46676054    2.62694522    3.54776623    3.95967314    3.43250589    4.13165840    3.92020967    4.39042997    4.05646623    4.17774018    6.62285004    5.05089681    3.57472618    4.16635712    3.49039528    4.17321414    4.20360712    4.04871190    4.33923412    3.95758160    3.84449145    3.90884889    3.71322560    4.03685842    3.25616082
A0A2P0HLN1_BACAN/832-894     6.14809113    5.82915863    5.48154512    4.30198234    5.41725948    5.39173558    4.13926740    4.92558228    4.78422945    3.17221400    3.85525517    6.53365736    3.45541567    3.69015624    5.00900388    4.29198383    3.21280895    4.64967328    4.38451377    4.08672378    4.40225214    4.06972716    6.07498949    7.09583547    6.06538755    4.95751891    4.79279722    2.46000628    2.56834848    3.66330043    0.00000000    1.47069413    3.42254856    3.86571125    3.09087480    2.40614478    2.46602177    2.93376838    2.89858836    2.11369059    1.92780415    2.64944249    2.07285216    2.41261285    1.83155069    2.29729597    2.75486983    2.71528931    3.82172538    3.31781527    2.53144095    3.86869273    4.85348805    3.13569252    5.06923987    4.78015678    6.09385245    5.54562524    5.94160998    3.72001543    5.92726374    4.68567078    2.98860040    3.54629625    3.81751158    3.75652310    4.11795795    4.80992978    5.65240601    4.73005226    4.16785472    4.48506241    4.81891628    4.43578193    4.23058960
A0A6L8PTN8_BACAN/60-125     5.07784550    4.03170834    5.64141643    5.73988601    6.12842502    5.49510384    4.34917238    3.61928481    3.57596932    4.05393269    4.39156285    4.48533361    3.03044874    3.04783609    3.67435478    4.02124347    3.73511943    3.66219673    4.29682948    3.42048073    3.72985970    3.12968660    4.59272017    4.28964424    3.75065444    4.49875277    4.76210899    2.63174158    2.88047688    3.70238639    1.47069413    0.00000000    2.28555901    2.85213505    2.60941882    2.45473749    2.28861796    2.69191313    2.10488339    2.36575569    2.30224641    2.40063754    2.42960038    2.74475724    2.31594481    2.41949406    2.71002727    2.61146161    4.30985281    2.86201322    2.41152505    2.32469864    3.96799544    3.24488031    3.76209799    3.47310138    3.97557048    5.26282357    4.99748961    3.93670703    5.67025867    4.73184726    3.29410264    3.09801068    3.17724932    4.22220085    3.33618543    4.39643096    4.98863460    4.57897611    4.38951942    3.76470495    3.46282430    3.45480840    4.85479758
Q891H4_CLOTE/511-578     5.25441454    4.63473729    5.40371776    4.86688288    8.65596223    5.55552714    5.19957723    3.89200052    5.39888841    4.82605226    4.51056033    5.08548064    4.15761076    4.10914192    3.63805428    4.04589262    4.03507237    5.66753544    5.52354822    3.87084667    4.53665678    4.13242656    3.43439542    4.10717661    3.74432365    6.04079359    5.21197022    2.55481224    2.36124885    3.33761858    3.42254856    2.28555901    0.00000000    0.98605673    0.89870458    1.50226576    2.13995650    1.54506445    2.29743736    2.29165175    2.19450149    2.34775870    2.35260719    2.02476972    2.62701293    2.52706134    2.25363681    2.94147262    3.35076366    3.39752629    2.87307095    3.13079880    2.96278555    4.44652260    3.48482502    3.65326487    3.45506388    4.33048456    5.06411799    5.73435920    4.82257314    4.08272696    3.44546314    3.81123739    2.76883170    4.77114284    3.30123889    4.14474164    5.05877789    5.81286970    4.65655632    4.87855538    5.38078992    5.71223259    5.04872640
Q97FQ0_CLOAB/505-572     4.31648766    5.31346027    4.50535721    4.44061622    5.55326814    4.75832030    3.25196922    3.37540525    4.07557940    4.45519995    4.33032228    5.17993822    4.93280707    4.82643331    3.88213232    3.24056342    3.48392785    4.80992658    4.76024518    3.38049620    4.56883787    4.10317467    4.49603729    3.08095007    3.61005417    5.21044364    4.91097036    2.52028698    2.82587945    3.21110167    3.86571125    2.85213505    0.98605673    0.00000000    1.01343451    1.68858786    2.11246286    2.06413342    3.23892736    2.47312059    2.20941050    2.19258195    2.27262403    2.39741412    2.80618195    2.46999692    2.41804392    3.12675358    4.27884913    3.56647595    2.83399756    3.71227829    3.59314651    4.27738205    4.23973544    3.31308247    3.87184689    4.18220029    4.14252011    4.57459482    4.31955548    4.53492490    3.30199135    3.12576340    3.01978221    4.12047447    3.17612382    3.79017681    4.61684889    4.67106785    3.80434315    3.98301037    5.20192248    4.75269611    5.03321461
Q8XI56_CLOPE/524-591     3.86605093    5.56024911    4.41316700    4.19642485    5.15045020    4.70129219    4.99106730    4.12168436    4.55015867    4.99552376    4.43913300    4.14223628    3.66264356    4.05675774    3.47685869    3.86774816    3.55002102    3.98795862    4.67630566    3.09229098    3.64645838    4.40345265    3.69503906    3.92266212    3.68204752    4.39372803    5.65005210    2.29375169    2.74213805    2.97117488    3.09087480    2.60941882    0.89870458    1.01343451    0.00000000    1.97279790    1.99225395    1.95544031    2.66834595    2.49012745    2.35729443    2.35252781    2.10369982    2.02643396    2.35509075    2.45170262    2.15808787    2.90536972    3.42589310    2.57516933    3.33306336    3.20831989    3.02872598    3.24624225    3.07793848    3.57046104    3.89821576    4.27158839    4.82236532    4.18786488    4.47204942    3.56289505    3.53317718    3.44099330    3.06883041    3.55190490    3.21537401    3.56224041    3.86073065    3.98770460    3.52802363    3.92364656    4.36132111    3.95172341    4.00920396
Q97FQ0_CLOAB/313-378     4.43790525    4.41728697    4.71552407    4.25409596    5.02431567    4.38373185    3.77954541    4.28943836    3.06872517    4.07983937    3.88686412    4.51117424    3.60297064    3.27030972    3.31037239    3.18305365    3.22536203    4.00535802    3.99867470    3.49040900    4.12521051    3.90215634    3.91382006    3.90819449    3.83177662    4.72503438    4.59491330    2.41715409    2.64382375    3.04960509    2.40614478    2.45473749    1.50226576    1.68858786    1.97279790    0.00000000    1.38610709    1.30461341    2.45459080    1.94148577    2.24314613    2.53717508    2.72674454    2.01384553    2.22166386    2.60169690    2.65773637    3.27279535    2.74741439    2.44127832    2.95896045    2.99009576    3.49121229    3.04707169    3.46414196    3.21061685    3.54746859    3.80037772    4.62375393    3.86029978    4.33997091    3.46849697    3.42742875    3.33341351    2.60985370    3.73847007    3.25995010    3.80764239    3.33291022    3.77883472    4.08210379    4.26118293    4.28416628    4.47531287    3.65912681
Q8XI56_CLOPE/332-397     3.70683522    4.35354134    4.27484806    4.40791875    4.60317272    4.30747705    4.14226293    3.43975000    4.00439123    3.08350536    3.19449316    4.24721382    3.38883972    3.94126137    3.28459514    3.22287921    3.21945035    3.70460388    4.41510206    3.35785789    4.04309912    3.03594994    4.56408983    3.84078229    3.35703656    4.70806025    3.86851514    2.31358479    2.34915462    2.65248110    2.46602177    2.28861796    2.13995650    2.11246286    1.99225395    1.38610709    0.00000000    1.29419505    2.54254868    1.89945914    1.70845558    2.31588929    2.50665898    2.04918975    1.86131562    2.28360255    2.11989578    2.72220208    2.33033417    2.59712678    3.17901665    2.88130837    3.45683557    3.30200895    3.63019855    3.64862288    3.79348155    4.01758756    4.47149449    3.75601305    5.75439693    5.07022494    3.66559076    3.96247354    4.07580009    3.71923339    2.99285228    4.16754564    4.06042772    4.07145019    3.74938736    4.32372291    4.23071477    4.02853530    3.15133238
