23
Q4KSY2_9ABAC/6-48     0.00000000    0.84112680    0.62089182    0.77759978    1.03144532    1.03600116    1.48321123    1.39494697    1.38838142    1.53003449    1.74243572    1.37561335    1.56826721    1.57463271    1.75176398    1.39562892    1.75650137    1.59946455    1.85547610    0.64406255    0.65140880    0.74206640    0.65410997
Q91BD2_NPVST/7-49     0.84112680    0.00000000    0.33456875    0.69712151    0.94432305    1.03602948    1.11898833    1.31802030    1.80037528    1.65049118    1.72614612    1.27780461    1.44968527    1.26365500    1.76368104    1.70149158    1.72576434    1.49594187    1.86595891    0.79655602    0.91270972    0.91721605    1.06596149
O55575_NPVLS/6-48     0.62089182    0.33456875    0.00000000    0.68286016    0.68130770    1.11624809    1.18113694    1.41581093    1.81580802    1.68325864    1.78694291    1.10888968    1.42820793    1.36779631    1.48895304    1.51980380    1.50469561    1.50730726    1.72745197    0.66676201    0.68118013    0.64759825    0.79159031
Q9YMM1_NPVLD/6-48     0.77759978    0.69712151    0.68286016    0.00000000    1.03779390    0.92927689    1.27514896    1.24280261    1.45244644    1.37724249    1.40526390    1.50052452    1.60194409    1.52735697    1.89716330    1.86727426    1.66050793    1.67364015    1.99259231    0.73335743    0.76313461    0.79936259    0.99400922
Q0N411_9ABAC/6-48     1.03144532    0.94432305    0.68130770    1.03779390    0.00000000    1.23162408    1.49970621    1.01286751    1.38335833    1.12432836    1.08534534    1.50911776    1.82819084    1.68392661    1.86084157    1.80923675    1.92624625    1.64674117    1.66965980    0.95213016    0.75374091    0.73549018    0.81999838
G3LZT1_9ABAC/7-49     1.03600116    1.03602948    1.11624809    0.92927689    1.23162408    0.00000000    1.09265753    1.47385823    1.53548236    1.39467027    1.63207763    1.26994208    1.80490292    1.73713765    1.67019254    2.07205992    1.72212268    1.98762537    1.78529522    0.86114582    1.06676415    1.18063502    1.11166277
Q80LL5_NPVAH/7-49     1.48321123    1.11898833    1.18113694    1.27514896    1.49970621    1.09265753    0.00000000    1.06852715    1.14508838    1.22893220    1.33236808    1.61209866    2.67529640    1.88100122    2.21101396    2.82352685    3.39042459    2.53508108    2.59583667    1.18755923    1.19517392    0.87676304    0.95440897
Q2NNY8_NPVHC/8-50     1.39494697    1.31802030    1.41581093    1.24280261    1.01286751    1.47385823    1.06852715    0.00000000    0.35029481    0.23668190    0.37024579    2.26841340    2.43948112    2.27113426    2.48513934    2.26608362    2.70143612    2.53370763    2.10458839    1.48588912    1.24661493    1.13584534    1.08618643
Q91GF8_NPVEP/9-51     1.38838142    1.80037528    1.81580802    1.45244644    1.38335833    1.53548236    1.14508838    0.35029481    0.00000000    0.37987569    0.41649101    2.59066990    2.25211734    2.32907694    2.94993879    2.26882775    2.61137952    2.16734654    2.17541427    1.59612674    1.37399744    1.35504546    1.29423889
A0A0S3IYI5_9ABAC/8-50     1.53003449    1.65049118    1.68325864    1.37724249    1.12432836    1.39467027    1.22893220    0.23668190    0.37987569    0.00000000    0.29063063    2.31518158    2.35758187    2.15418739    2.83235168    2.59666891    2.27408629    2.30701094    1.97550664    1.58013089    1.39043231    1.32180974    1.40670304
C3VP02_NPVBM/8-50     1.74243572    1.72614612    1.78694291    1.40526390    1.08534534    1.63207763    1.33236808    0.37024579    0.41649101    0.29063063    0.00000000    2.30774348    2.62394511    2.23735488    3.27761372    2.79999247    2.61829600    2.31127603    2.35615114    1.54793350    1.43438867    1.16761503    1.18512071
Q9DVZ1_9BBAC/3-45     1.37561335    1.27780461    1.10888968    1.50052452    1.50911776    1.26994208    1.61209866    2.26841340    2.59066990    2.31518158    2.30774348    0.00000000    1.09582257    0.84965057    1.08355536    1.06131570    1.19210409    1.41572953    1.07296087    1.16083176    1.20170043    1.35486610    1.19044454
Q9PYZ2_GVXN/3-45     1.56826721    1.44968527    1.42820793    1.60194409    1.82819084    1.80490292    2.67529640    2.43948112    2.25211734    2.35758187    2.62394511    1.09582257    0.00000000    1.14535971    1.19761091    1.53659047    1.23292633    1.50374979    1.22264714    1.34096588    1.15649797    1.51271471    1.30383932
A5IZP5_9BBAC/3-45     1.57463271    1.26365500    1.36779631    1.52735697    1.68392661    1.73713765    1.88100122    2.27113426    2.32907694    2.15418739    2.23735488    0.84965057    1.14535971    0.00000000    1.10190295    0.92227741    0.95211323    1.04473327    0.86720332    1.32952019    1.17966634    1.26649954    1.19535774
Q7T9X1_GVAO/2-44     1.75176398    1.76368104    1.48895304    1.89716330    1.86084157    1.67019254    2.21101396    2.48513934    2.94993879    2.83235168    3.27761372    1.08355536    1.19761091    1.10190295    0.00000000    0.89045023    0.80028590    1.02924415    0.95679150    1.73314984    1.78733447    1.78881643    1.55001629
Q8B586_GVCF/3-45     1.39562892    1.70149158    1.51980380    1.86727426    1.80923675    2.07205992    2.82352685    2.26608362    2.26882775    2.59666891    2.79999247    1.06131570    1.53659047    0.92227741    0.89045023    0.00000000    0.62084067    0.69856460    0.67013571    1.71573522    1.55576582    1.97521812    1.56549766
Q91F02_GVCPM/3-45     1.75650137    1.72576434    1.50469561    1.66050793    1.92624625    1.72212268    3.39042459    2.70143612    2.61137952    2.27408629    2.61829600    1.19210409    1.23292633    0.95211323    0.80028590    0.62084067    0.00000000    0.59363671    0.68951210    1.63607093    1.88951870    1.99883171    1.68576708
Q8JS11_9BBAC/2-44     1.59946455    1.49594187    1.50730726    1.67364015    1.64674117    1.98762537    2.53508108    2.53370763    2.16734654    2.30701094    2.31127603    1.41572953    1.50374979    1.04473327    1.02924415    0.69856460    0.59363671    0.00000000    0.81422880    1.57449085    1.72183863    1.64715787    1.57600702
Q7T5N8_GVCL/5-47     1.85547610    1.86595891    1.72745197    1.99259231    1.66965980    1.78529522    2.59583667    2.10458839    2.17541427    1.97550664    2.35615114    1.07296087    1.22264714    0.86720332    0.95679150    0.67013571    0.68951210    0.81422880    0.00000000    2.00341206    1.78220467    1.97238795    1.69756448
A0EYY7_9ABAC/6-48     0.64406255    0.79655602    0.66676201    0.73335743    0.95213016    0.86114582    1.18755923    1.48588912    1.59612674    1.58013089    1.54793350    1.16083176    1.34096588    1.32952019    1.73314984    1.71573522    1.63607093    1.57449085    2.00341206    0.00000000    0.50572130    0.60637099    0.69664475
Q8QLF3_9ABAC/6-48     0.65140880    0.91270972    0.68118013    0.76313461    0.75374091    1.06676415    1.19517392    1.24661493    1.37399744    1.39043231    1.43438867    1.20170043    1.15649797    1.17966634    1.78733447    1.55576582    1.88951870    1.72183863    1.78220467    0.50572130    0.00000000    0.32196528    0.32881982
Q287K5_NPVAS/6-48     0.74206640    0.91721605    0.64759825    0.79936259    0.73549018    1.18063502    0.87676304    1.13584534    1.35504546    1.32180974    1.16761503    1.35486610    1.51271471    1.26649954    1.78881643    1.97521812    1.99883171    1.64715787    1.97238795    0.60637099    0.32196528    0.00000000    0.25370787
Q9J875_9ABAC/6-48     0.65410997    1.06596149    0.79159031    0.99400922    0.81999838    1.11166277    0.95440897    1.08618643    1.29423889    1.40670304    1.18512071    1.19044454    1.30383932    1.19535774    1.55001629    1.56549766    1.68576708    1.57600702    1.69756448    0.69664475    0.32881982    0.25370787    0.00000000

