65
L0K3I8_9EURY/13-333     0.00000000    0.91877863    0.83485981    0.92847821    0.88552515    2.28323605    1.79943256    1.98880899    1.84873104    2.08298651    1.91263717    2.01569218    1.98063869    1.96806178    1.87749057    1.92756134    1.96236672    2.04100378    1.92875120    2.34247877    2.43223793    2.01315616    1.96062533    1.99787901    2.03283338    2.08881810    1.92629665    1.77648562    1.83287769    2.14202036    1.73321120    1.74722041    1.53198588    1.53531984    1.65447930    1.74930698    1.84441855    1.93064822    1.85695799    1.83275455    1.56575336    1.64427232    1.63811697    1.64671215    1.97909272    1.97035069    1.85706417    2.05867056    2.05305815    1.61298310    1.93865599    1.81661689    1.84892036    1.95856626    2.11513844    2.16369482    2.13617276    1.90575920    1.78661995    1.85032475    1.90098752    1.77761266    2.02797865    1.98244000    1.72604191
W0JMB6_9EURY/13-332     0.91877863    0.00000000    0.71215180    0.77090196    0.68801066    2.30631942    2.20092265    1.93836837    1.96392222    2.13779684    2.16569344    1.93510845    1.98846114    2.05960955    1.98672305    2.06906806    2.25763618    2.15336087    1.97554610    2.30525865    2.22426904    2.28473050    1.94053054    1.86992786    2.23543397    2.42258102    2.17995661    2.03270485    2.03003104    2.02957045    1.81383894    2.08362137    1.47976685    1.77297321    1.92552695    1.88570303    2.08031158    2.18740262    1.99184353    2.01634372    1.86976768    1.82192553    1.67730061    1.78476794    2.14297155    1.86466118    1.80568149    2.12974018    2.17949621    1.99132124    1.97465321    1.94000319    1.93893952    2.04937913    1.88941042    1.96653068    2.14660830    2.02191044    1.67959378    1.76564590    1.81156103    1.81238979    2.17985746    1.89047314    1.80907252
D3SSI7_NATMM/15-318     0.83485981    0.71215180    0.00000000    0.60147842    0.58702316    2.35962339    2.02550665    1.86719911    1.91225167    2.03416067    2.04996430    1.91429366    1.99355160    2.07783605    1.81648685    1.79429202    2.14952573    2.04029707    1.93358231    2.25476342    2.33060542    2.14641971    2.07857386    1.86907668    2.23629711    2.31893085    1.95530537    1.88527966    1.81657510    1.90948928    1.80171397    1.85137232    1.46164091    1.74746529    1.77559270    1.81734351    1.98380984    2.03146284    1.89513741    2.00674378    1.66575562    1.72323116    1.63599848    1.77402381    2.07427072    1.78384120    1.88036350    2.07604318    2.12674809    1.73176206    1.93807226    1.90961163    1.84279138    1.96926269    1.92908752    2.31770449    2.06670006    1.88250719    1.85705901    1.85082597    1.93742636    1.82121131    2.29679018    2.05490755    1.64730562
D2RZA5_HALTV/15-327     0.92847821    0.77090196    0.60147842    0.00000000    0.49439419    2.28919099    2.02230556    2.04819321    2.12559104    2.12005269    2.09056085    2.04508269    1.93318604    2.12643450    1.83557227    1.94433754    2.09398505    1.91631366    2.09552617    2.14396407    2.21572871    2.08035075    2.01495963    1.79202257    2.36566444    2.28154397    2.07617247    1.93201675    1.81088951    1.93434110    1.77763958    1.86022291    1.44072573    1.54609380    1.73327236    1.82225360    1.95733591    1.96306223    2.04250525    1.95159978    1.64233175    1.69464392    1.71062448    1.72255956    1.76491869    1.75072757    1.73250898    1.91187602    1.86769850    1.67723695    1.83036196    1.80861537    1.70128092    1.75868249    1.76739310    1.98305644    2.03514121    1.99578592    1.68284105    1.76486178    1.86698898    1.57741342    1.87383671    1.96806117    1.68152026
L0JR43_NATP1/15-327     0.88552515    0.68801066    0.58702316    0.49439419    0.00000000    2.63134000    2.04107301    2.04457626    1.98085597    2.18019274    2.18015877    2.09320386    1.96617044    2.27534743    1.95457371    1.90249105    2.22169357    2.03154324    2.01857245    2.36263988    2.38587667    2.24528472    2.00887933    1.86437615    2.40392334    2.32763637    2.16466671    1.91131330    1.85437206    1.98470069    1.77551950    1.95088262    1.51031939    1.79826931    1.68688718    1.74051808    1.91598926    2.33665499    2.13872971    1.97220401    1.69091206    1.63220941    1.72000911    1.74038866    1.97493926    1.84754328    1.67557444    1.98054302    1.84512510    1.93056462    1.99805603    2.01402627    2.00679937    1.89961181    1.98539480    2.29966171    2.08541661    2.02368669    1.85731353    1.86733695    1.86683222    1.68406081    2.07015569    1.95893196    1.77456821
Q3ZA01_DEHM1/10-300     2.28323605    2.30631942    2.35962339    2.28919099    2.63134000    0.00000000    2.13830951    2.13607444    1.88593869    2.14667449    2.25050875    2.47335674    2.03270933    2.16818267    2.21017896    2.15851286    2.22453374    2.24625607    2.42371754    2.63095123    2.78616962    2.01586465    2.13867817    2.20250283    2.76041158    2.61816523    2.28179043    2.14976100    2.03423507    2.21682239    2.20945675    2.04129781    2.11543238    1.99813008    2.50850622    2.24427555    2.48654503    2.86672961    2.75581711    2.43131502    2.22703682    2.11470556    2.21951293    2.30455610    2.50489842    2.47380182    2.68950506    2.72438975    2.53592749    2.12683625    2.72057257    2.69203480    2.71526937    2.69190876    2.84523209    2.74142432    2.85687149    2.43796067    2.75461655    2.41369132    2.60660425    2.44002743    2.82924328    2.40674847    2.55027439
G2MQ63_9EURY/23-315     1.79943256    2.20092265    2.02550665    2.02230556    2.04107301    2.13830951    0.00000000    1.84067575    1.68740553    1.91770664    1.76734418    1.93469292    1.78053800    1.96915272    1.86475794    1.84842743    1.92286107    1.85671367    1.82963358    2.12193021    2.64175420    1.89649864    1.90981467    1.96169033    2.25328990    2.05398856    1.58524870    1.68749487    1.63381008    1.71964039    1.73509406    1.71571234    1.45312507    1.57007877    1.64195110    1.77295555    1.99115497    2.01322548    1.94390253    1.76697715    1.53099706    1.57967451    1.68655452    1.59121557    1.94706127    1.87575618    1.83971513    2.06448033    1.90386280    1.95832955    2.19900593    2.03896019    1.93263482    2.06499922    2.18099760    2.25010594    1.88185339    2.22297588    1.83509778    1.82605901    1.84969052    1.84637024    1.95781609    1.89368922    1.80231908
A2SS83_METLZ/26-322     1.98880899    1.93836837    1.86719911    2.04819321    2.04457626    2.13607444    1.84067575    0.00000000    0.79835049    0.73937468    0.82938281    1.04490479    0.71706201    1.45061645    0.99916120    0.99100156    1.48626350    1.71932772    1.36423958    1.54355339    2.19134249    1.33455484    1.36184123    1.23535755    1.36801221    1.29364190    1.12386412    0.94269853    1.09492591    1.17425423    0.93549026    1.03478602    1.19998211    1.22693853    1.26342632    1.31916756    1.59909648    1.84371055    1.81099399    1.36858602    1.24721386    1.07835124    1.20044355    1.13165356    2.00372099    1.99484387    2.11741804    2.11048229    1.84664740    1.79588229    1.83528962    2.03327562    1.98201063    1.94483699    2.17434374    2.12429181    2.07825330    2.11131356    2.24231658    1.98536451    2.08517375    2.34441227    2.65301745    2.01274247    2.19962823
B8GJW3_METPE/24-320     1.84873104    1.96392222    1.91225167    2.12559104    1.98085597    1.88593869    1.68740553    0.79835049    0.00000000    0.62310128    0.74043559    0.90320174    0.70757089    1.39259934    0.84679530    0.92080224    1.45680398    1.58505380    1.35769111    1.36908692    2.46703544    1.18101885    1.30225760    1.26507150    1.43671823    1.20363802    1.01116409    0.89897358    0.98102658    1.03564168    0.82563798    0.95187263    1.10071415    1.18043815    1.14702066    1.15702671    1.39763539    1.90752927    1.75569799    1.21192793    1.13697267    1.12242930    1.15164424    1.24603454    1.95063448    1.77360899    2.25118475    2.04706815    1.84157653    1.99769672    1.86813174    1.95563618    1.88506989    1.79515284    1.96623564    1.91398172    2.05208961    1.95138072    2.19956704    1.89722648    2.01746510    2.08881723    2.38958124    1.91370499    1.86627572
H1Z0X8_9EURY/26-322     2.08298651    2.13779684    2.03416067    2.12005269    2.18019274    2.14667449    1.91770664    0.73937468    0.62310128    0.00000000    0.66179236    0.94158930    0.67980500    1.38687337    0.88562636    0.92410156    1.39943693    1.53898354    1.48864146    1.37755880    2.43147902    1.19598026    1.31118006    1.20187916    1.32851376    1.18605360    1.08487099    0.91500180    1.03219861    1.14309747    0.84489459    0.88053692    1.30127075    1.28521850    1.29433312    1.28779478    1.47478151    1.79495382    1.92531224    1.33282508    1.34287405    1.22115351    1.18934724    1.33571979    2.11475537    1.91904932    2.24386108    2.15930207    1.82342390    2.01374053    2.01459687    1.92625520    1.86586626    1.88955845    1.94921228    1.97947220    2.12120648    2.05485021    2.32926163    2.14505074    2.19989627    2.17791390    2.49107427    1.92417588    2.08537445
Q2FN02_METHJ/30-326     1.91263717    2.16569344    2.04996430    2.09056085    2.18015877    2.25050875    1.76734418    0.82938281    0.74043559    0.66179236    0.00000000    0.80868541    0.57521943    1.39862192    0.97876567    1.05575599    1.51421902    1.70808343    1.54196138    1.57452402    2.47972053    1.43054481    1.36930687    1.35096802    1.54153804    1.36238978    1.17308546    0.92556159    1.07871426    1.30295693    0.95374028    1.04430195    1.21615908    1.40309473    1.32992445    1.36111142    1.42343368    1.91946761    1.99833488    1.41724036    1.29380224    1.21595511    1.22751136    1.27654732    1.87803682    1.91862436    1.96172050    2.09895442    1.89506394    1.81526803    1.90553641    1.99671331    1.83845322    1.91707556    1.97977531    1.95614370    1.97850928    2.09104404    2.19971204    1.92677252    1.93443276    2.08557959    2.34237717    1.76728188    2.00204223
B8GGB0_METPE/27-324     2.01569218    1.93510845    1.91429366    2.04508269    2.09320386    2.47335674    1.93469292    1.04490479    0.90320174    0.94158930    0.80868541    0.00000000    0.60045841    1.58500283    1.14693203    1.19178941    1.65607462    1.76511844    1.54841292    1.76703597    2.46230939    1.27213678    1.37285462    1.25763477    1.53354473    1.38499562    1.19564666    1.12489116    1.19751432    1.32843502    1.06739050    1.10767965    1.25455378    1.48750044    1.45145116    1.36237669    1.43641803    2.16071045    1.84675335    1.51702977    1.41017917    1.48590388    1.20806177    1.31981277    1.90307211    1.95144407    2.17116873    2.23025275    1.96813815    1.92599466    2.02160956    2.04419888    1.98607406    2.03025248    2.17631354    2.25331378    2.35970118    2.23918355    2.62640386    2.10127324    2.21080468    2.13134811    2.57822430    1.95891716    2.09928244
L0HGM3_METFS/27-325     1.98063869    1.98846114    1.99355160    1.93318604    1.96617044    2.03270933    1.78053800    0.71706201    0.70757089    0.67980500    0.57521943    0.60045841    0.00000000    1.39634638    0.94265501    1.05566362    1.47323114    1.60915585    1.56492761    1.66557314    2.18553398    1.28222278    1.28402967    1.23762155    1.53818294    1.28309910    1.08799046    1.00932785    1.05997849    1.17577363    0.91292462    1.05261547    1.15468393    1.22259984    1.29915046    1.25135813    1.41544787    1.85279886    1.79605201    1.33418614    1.18262516    1.19113344    1.16557830    1.09683677    1.73580292    1.76536065    1.94866737    2.15781657    1.77215434    1.79399292    1.94508577    1.87485883    1.97222787    1.86934524    1.99045660    2.13114169    2.01872533    2.05055708    2.23051445    1.98933273    2.00261423    1.94015903    2.34042120    1.71224826    1.98771981
D1Z1P6_METPS/38-314     1.96806178    2.05960955    2.07783605    2.12643450    2.27534743    2.16818267    1.96915272    1.45061645    1.39259934    1.38687337    1.39862192    1.58500283    1.39634638    0.00000000    0.96575314    0.92034771    1.39614726    1.32374772    1.42509916    1.72152402    2.23091605    1.58150662    1.54269183    1.46054987    1.78555748    1.57225898    1.11604238    1.20408519    1.16105912    1.40535818    1.11777385    1.12301210    1.43171049    1.41184311    1.54725355    1.47763786    1.57659732    2.05459338    2.06348661    1.50521480    1.36364170    1.38347176    1.36282692    1.40950347    1.83252344    1.84595044    2.01352176    2.02738447    1.82380582    2.00623754    1.83738006    1.81921707    1.93360122    1.82243953    1.92781849    2.00834454    2.13516176    2.25590206    2.43779270    2.34090954    2.27588772    2.35716689    2.83800171    2.17517653    2.27775994
Q0W4D8_METAR/8-284     1.87749057    1.98672305    1.81648685    1.83557227    1.95457371    2.21017896    1.86475794    0.99916120    0.84679530    0.88562636    0.97876567    1.14693203    0.94265501    0.96575314    0.00000000    0.39103382    0.94332020    1.03181093    1.08373579    1.51528261    1.98102608    1.19194319    1.13199004    1.06658001    1.22502599    1.08967935    0.83474709    0.82745144    0.78332113    1.07177983    0.72851301    0.77969360    1.15720511    1.03161445    1.09189904    1.15418580    1.34498110    1.74787308    1.82381877    1.26808427    1.11120870    1.10479660    1.03844719    1.16478294    1.77931128    1.77580780    1.94380268    1.94055505    1.70417181    1.72364444    1.76403990    1.66518538    1.52467024    1.66805563    1.62980994    1.82751324    2.09302892    2.02484029    2.01301674    1.98236881    2.00225526    2.01433771    2.30845352    1.77313105    1.83684519
D1YWX0_METPS/29-305     1.92756134    2.06906806    1.79429202    1.94433754    1.90249105    2.15851286    1.84842743    0.99100156    0.92080224    0.92410156    1.05575599    1.19178941    1.05566362    0.92034771    0.39103382    0.00000000    0.84337623    0.93328428    0.97716638    1.44059560    2.05289609    1.18771824    1.17879718    1.08022338    1.35261061    1.16726570    0.87061746    0.78537087    0.77906727    0.96886512    0.72572378    0.78162244    1.14921688    1.05377492    1.15322353    1.10929461    1.38253296    1.86266943    1.87854615    1.35694350    1.03205478    1.07899051    1.07581880    1.12212618    1.86657167    1.89972516    2.06173430    1.74177611    1.72963334    1.75605395    1.83427820    1.79587700    1.62624553    1.73697402    1.73882341    1.96402118    2.02119568    1.83212361    2.09730834    2.04512345    2.04469049    2.09398510    2.37255059    1.94115241    1.92296783
D1YWN3_METPS/29-302     1.96236672    2.25763618    2.14952573    2.09398505    2.22169357    2.22453374    1.92286107    1.48626350    1.45680398    1.39943693    1.51421902    1.65607462    1.47323114    1.39614726    0.94332020    0.84337623    0.00000000    1.22918156    1.38251767    1.68065252    2.07045170    1.71748245    1.56418087    1.49603416    1.79901734    1.73426105    1.36948334    1.14969890    1.35493743    1.44360181    1.25255575    1.23549720    1.40168556    1.44616369    1.56470632    1.51264123    1.75543834    2.04086011    2.13477500    1.60517132    1.39337506    1.46743619    1.51450345    1.53554508    2.09054203    2.03862061    2.25248318    1.98671395    2.04376015    1.90730106    2.04238726    1.98789958    2.02437543    2.03809404    2.10741394    2.10111560    2.31029573    2.13888233    2.13157797    2.08729442    2.13103664    2.17950743    2.38727214    2.00720646    1.95537804
Q0W3D2_METAR/32-308     2.04100378    2.15336087    2.04029707    1.91631366    2.03154324    2.24625607    1.85671367    1.71932772    1.58505380    1.53898354    1.70808343    1.76511844    1.60915585    1.32374772    1.03181093    0.93328428    1.22918156    0.00000000    1.16078667    1.77203635    2.28790410    1.55554772    1.66842092    1.43460214    1.74126494    1.70664736    1.36132122    1.31829255    1.32023639    1.41339903    1.25747714    1.33208911    1.48970235    1.41418024    1.65759413    1.59052332    1.76089860    2.10168870    2.18662323    1.77609124    1.42151597    1.55258459    1.46686100    1.59184485    2.05768920    1.97117875    2.14796334    1.98237746    1.97747463    1.99206053    2.18534151    2.07716457    1.90142861    1.88049382    1.94929453    2.17997946    2.35073352    1.96424979    2.32020055    2.39755902    2.36504634    2.35609775    2.64482629    2.23182244    2.16377626
Q0W7D0_METAR/30-302     1.92875120    1.97554610    1.93358231    2.09552617    2.01857245    2.42371754    1.82963358    1.36423958    1.35769111    1.48864146    1.54196138    1.54841292    1.56492761    1.42509916    1.08373579    0.97716638    1.38251767    1.16078667    0.00000000    1.56710372    2.29032314    1.47258297    1.53166891    1.51748808    1.62167323    1.52071743    1.46305639    1.20694268    1.32417070    1.39559249    1.18206902    1.27366682    1.51391348    1.39207534    1.59159743    1.54250156    1.74033982    2.17003434    2.08902314    1.64523099    1.47494736    1.52694744    1.56783262    1.51276766    1.99694649    2.01198377    2.19057616    1.87516509    2.09223842    2.04966494    2.29312471    2.13585781    1.95571704    2.09009845    2.07354202    2.20568637    2.11312557    1.99542889    2.26124868    2.11913393    2.11238338    2.36658634    2.38538495    2.24403223    2.10907757
Q12XZ6_METBU/16-293     2.34247877    2.30525865    2.25476342    2.14396407    2.36263988    2.63095123    2.12193021    1.54355339    1.36908692    1.37755880    1.57452402    1.76703597    1.66557314    1.72152402    1.51528261    1.44059560    1.68065252    1.77203635    1.56710372    0.00000000    2.13598930    1.58862918    1.61668545    1.62109890    1.84635720    1.74478091    1.35397854    1.26046977    1.46726407    1.42308930    1.34181678    1.35866096    1.51793130    1.77787037    1.73287613    1.71897406    1.81146608    2.17731313    2.22842477    1.70308181    1.70641831    1.76566254    1.52566019    1.65590682    2.42281574    2.19724868    2.11561836    2.32439355    2.27981347    2.12175417    1.96951075    1.96786677    1.82609830    1.76290100    2.13805379    2.06484938    2.10955330    2.38654331    2.20721390    2.10966890    2.03003871    2.30677259    2.73641847    2.14369554    1.94083974
F4BWG4_METSG/15-296     2.43223793    2.22426904    2.33060542    2.21572871    2.38587667    2.78616962    2.64175420    2.19134249    2.46703544    2.43147902    2.47972053    2.46230939    2.18553398    2.23091605    1.98102608    2.05289609    2.07045170    2.28790410    2.29032314    2.13598930    0.00000000    2.29259313    2.26316746    2.25611378    2.60570225    2.58764281    2.01270903    2.07678345    2.04696047    2.31135044    2.23179252    2.06249871    2.25655026    2.42873208    2.42119734    2.51218679    2.62602907    2.37655501    2.86140141    2.42920481    2.25037655    2.30587227    2.39382826    2.22735363    3.03998318    2.68749198    2.77713264    2.72665990    2.57651064    2.27679277    2.76569222    2.49222857    2.50656409    2.58288121    2.62491045    2.63017240    2.74313165    2.82364348    2.86458183    2.61452580    2.88260146    2.66124400    3.15611657    2.38445095    2.61238403
A5D5D8_PELTS/10-275     2.01315616    2.28473050    2.14641971    2.08035075    2.24528472    2.01586465    1.89649864    1.33455484    1.18101885    1.19598026    1.43054481    1.27213678    1.28222278    1.58150662    1.19194319    1.18771824    1.71748245    1.55554772    1.47258297    1.58862918    2.29259313    0.00000000    0.56355874    0.44122046    1.35186776    1.24787130    1.06690815    1.05416923    0.98471393    1.28267516    1.12271278    1.14525943    1.41276463    1.35399307    1.38614543    1.45366948    1.65555500    2.29751253    2.23217471    1.54168678    1.35668045    1.51172919    1.24308729    1.39455522    2.01297218    2.01126852    2.19612583    2.19200391    1.75508915    1.89095587    2.06781094    2.15135013    2.04215144    2.12624649    2.26130876    2.41004622    2.26114670    2.24221131    2.40488338    2.30601599    2.41932120    2.23310137    2.81588352    2.11073350    2.34231840
F0T1T6_SYNGF/16-277     1.96062533    1.94053054    2.07857386    2.01495963    2.00887933    2.13867817    1.90981467    1.36184123    1.30225760    1.31118006    1.36930687    1.37285462    1.28402967    1.54269183    1.13199004    1.17879718    1.56418087    1.66842092    1.53166891    1.61668545    2.26316746    0.56355874    0.00000000    0.41811316    1.33213602    1.29277061    1.07482331    1.10642440    0.93140393    1.30387236    1.14029368    1.09365504    1.31951984    1.33391699    1.41945245    1.39503669    1.62604070    1.91665724    2.07102136    1.60282287    1.39137304    1.41933966    1.30231729    1.33628434    2.08316675    2.10105093    2.13989504    1.98689669    1.70027082    1.84782196    1.89100250    1.88998548    1.85018689    1.99516216    1.89876166    2.21298869    2.07370293    2.09835837    2.25905368    1.96161185    2.20063768    1.97375187    2.35482657    1.88019002    2.14108048
R4KEM3_9FIRM/12-276     1.99787901    1.86992786    1.86907668    1.79202257    1.86437615    2.20250283    1.96169033    1.23535755    1.26507150    1.20187916    1.35096802    1.25763477    1.23762155    1.46054987    1.06658001    1.08022338    1.49603416    1.43460214    1.51748808    1.62109890    2.25611378    0.44122046    0.41811316    0.00000000    1.21423376    1.17167074    1.02991418    0.98509297    0.88419414    1.24829098    0.99039565    1.05046672    1.23748824    1.34024275    1.26814796    1.37384821    1.52134536    2.00480167    2.08900295    1.50128338    1.28522840    1.38817336    1.19454513    1.37624066    1.96850593    2.10561276    2.08305050    2.08269217    1.74998956    1.83851335    1.99063028    1.88722141    1.82878895    1.96852817    1.87061191    1.99991262    2.16540925    2.09296127    2.13543594    2.16813356    2.19064790    1.99773527    2.57236907    1.89944186    2.09487778
Q6M0B1_METMP/10-320     2.03283338    2.23543397    2.23629711    2.36566444    2.40392334    2.76041158    2.25328990    1.36801221    1.43671823    1.32851376    1.54153804    1.53354473    1.53818294    1.78555748    1.22502599    1.35261061    1.79901734    1.74126494    1.62167323    1.84635720    2.60570225    1.35186776    1.33213602    1.21423376    0.00000000    0.67809374    1.27478977    1.12125412    1.21138769    1.49733921    1.06875604    1.24713942    1.57005928    1.67037518    1.68704354    1.68531340    1.94599669    2.33555290    2.43196995    1.76910185    1.68328925    1.51046735    1.43106214    1.71289703    2.09419938    2.45620835    2.43407291    2.59287299    2.17070875    2.01146794    2.40787048    2.41147347    2.36351802    2.42678235    2.56123799    2.51539546    2.73479131    2.63049199    2.74164648    2.72768715    2.58833108    2.63506138    2.98632525    2.54102205    2.49174453
Q8U2M3_PYRFU/10-325     2.08881810    2.42258102    2.31893085    2.28154397    2.32763637    2.61816523    2.05398856    1.29364190    1.20363802    1.18605360    1.36238978    1.38499562    1.28309910    1.57225898    1.08967935    1.16726570    1.73426105    1.70664736    1.52071743    1.74478091    2.58764281    1.24787130    1.29277061    1.17167074    0.67809374    0.00000000    1.10832098    0.98723962    1.07522429    1.26238472    0.96837457    1.14492166    1.61561294    1.63687428    1.62303087    1.61928508    1.77881874    2.30607331    2.32706349    1.82424404    1.47429539    1.59335538    1.44208297    1.53850393    2.01111017    2.34983668    2.27384527    2.34039915    2.17911083    2.27017795    2.54101667    2.29023895    2.33016752    2.29096944    2.53945748    2.54419903    2.80700020    2.41481899    2.59942830    2.64624157    2.40987324    2.39751121    2.73578412    2.43443185    2.37776378
F4BZK5_METSG/15-313     1.92629665    2.17995661    1.95530537    2.07617247    2.16466671    2.28179043    1.58524870    1.12386412    1.01116409    1.08487099    1.17308546    1.19564666    1.08799046    1.11604238    0.83474709    0.87061746    1.36948334    1.36132122    1.46305639    1.35397854    2.01270903    1.06690815    1.07482331    1.02991418    1.27478977    1.10832098    0.00000000    0.68633356    0.66228356    0.96096430    0.65885047    0.70788742    1.29752409    1.29889128    1.41514827    1.31188957    1.57186248    1.77426095    2.03474999    1.36717794    1.18098122    1.33798920    1.22298343    1.24950450    1.82497795    1.91539345    2.04135355    2.03580746    1.74271900    1.89536251    1.74964845    1.84458161    1.76100885    1.85295399    1.85216983    1.89902359    2.26431625    2.04617861    2.21042991    2.12249037    2.13983560    2.06688703    2.55962267    2.04782103    1.97028871
D7EC09_METEZ/14-294     1.77648562    2.03270485    1.88527966    1.93201675    1.91131330    2.14976100    1.68749487    0.94269853    0.89897358    0.91500180    0.92556159    1.12489116    1.00932785    1.20408519    0.82745144    0.78537087    1.14969890    1.31829255    1.20694268    1.26046977    2.07678345    1.05416923    1.10642440    0.98509297    1.12125412    0.98723962    0.68633356    0.00000000    0.58552285    0.80392119    0.50023961    0.51818125    1.05964381    1.02188650    1.07229276    1.07213797    1.25445364    1.76976286    1.72110175    1.23949088    0.93690012    1.01892515    1.05393110    1.06763049    1.72395273    1.88637304    2.00087626    1.84033821    1.60933024    1.73412661    1.75600549    1.78528194    1.70458634    1.77391348    1.79486926    1.84048260    1.88451964    2.03364324    2.05548349    1.90368963    1.98155304    1.97540503    2.31039540    1.79331501    1.79959229
L0KVC5_METHD/14-290     1.83287769    2.03003104    1.81657510    1.81088951    1.85437206    2.03423507    1.63381008    1.09492591    0.98102658    1.03219861    1.07871426    1.19751432    1.05997849    1.16105912    0.78332113    0.77906727    1.35493743    1.32023639    1.32417070    1.46726407    2.04696047    0.98471393    0.93140393    0.88419414    1.21138769    1.07522429    0.66228356    0.58552285    0.00000000    0.68176171    0.47452720    0.51156449    1.14659054    1.17490691    1.20741712    1.14974754    1.29393012    1.84264444    1.92287895    1.32138859    1.09862828    1.23029680    1.11214625    1.11245718    1.73975317    1.73777444    1.83973923    2.09248591    1.74384496    1.73633212    1.93365075    1.82008328    1.84508911    1.77871673    1.78147419    1.90756240    2.23396158    1.81943793    2.08025072    2.07200264    2.14096426    2.06043436    2.25736734    1.90147770    1.83467742
Q8THP8_METAC/37-313     2.14202036    2.02957045    1.90948928    1.93434110    1.98470069    2.21682239    1.71964039    1.17425423    1.03564168    1.14309747    1.30295693    1.32843502    1.17577363    1.40535818    1.07177983    0.96886512    1.44360181    1.41339903    1.39559249    1.42308930    2.31135044    1.28267516    1.30387236    1.24829098    1.49733921    1.26238472    0.96096430    0.80392119    0.68176171    0.00000000    0.69712240    0.77001153    1.32839890    1.24062499    1.28478962    1.11549486    1.54337804    1.94201712    1.99754743    1.47725907    1.27165118    1.29097994    1.44319967    1.19782833    1.75758147    1.98648410    1.92542523    1.95444194    1.80887772    1.80261385    2.10169658    1.88604597    1.87772051    1.76310857    1.84034225    1.94241709    2.13531184    2.04200420    2.18082955    2.04961977    2.03263911    2.13101245    2.48141521    2.08226877    1.84506821
D5E8Z9_METMS/14-287     1.73321120    1.81383894    1.80171397    1.77763958    1.77551950    2.20945675    1.73509406    0.93549026    0.82563798    0.84489459    0.95374028    1.06739050    0.91292462    1.11777385    0.72851301    0.72572378    1.25255575    1.25747714    1.18206902    1.34181678    2.23179252    1.12271278    1.14029368    0.99039565    1.06875604    0.96837457    0.65885047    0.50023961    0.47452720    0.69712240    0.00000000    0.43215887    0.98458026    1.00883211    1.10879065    0.98770525    1.28860484    1.83227840    1.78485976    1.20607465    0.96770488    1.12671023    1.05512684    1.01231933    1.62520973    1.73847991    1.65921675    1.76419011    1.69328102    1.65587251    1.74505958    1.77109956    1.70730013    1.67017924    1.77285418    1.74659749    2.13494196    1.78750940    1.96765391    1.93115224    2.01435673    1.96546369    2.32319363    1.76883951    1.77082759
Q12UJ0_METBU/11-287     1.74722041    2.08362137    1.85137232    1.86022291    1.95088262    2.04129781    1.71571234    1.03478602    0.95187263    0.88053692    1.04430195    1.10767965    1.05261547    1.12301210    0.77969360    0.78162244    1.23549720    1.33208911    1.27366682    1.35866096    2.06249871    1.14525943    1.09365504    1.05046672    1.24713942    1.14492166    0.70788742    0.51818125    0.51156449    0.77001153    0.43215887    0.00000000    1.12266557    1.05390056    1.05618645    1.00499569    1.28185273    1.85904572    1.83516931    1.20203621    0.97876398    1.21259135    1.11162387    1.06787784    1.71443320    1.94587490    1.85204664    1.88723320    1.59903721    1.61855979    1.78539118    1.83421809    1.65691181    1.79343324    1.87512796    1.92544826    2.11919631    1.96785691    2.08659732    1.98287524    1.95510078    2.06864047    2.36877819    1.84189418    1.77801489
D8J758_HALJB/25-332     1.53198588    1.47976685    1.46164091    1.44072573    1.51031939    2.11543238    1.45312507    1.19998211    1.10071415    1.30127075    1.21615908    1.25455378    1.15468393    1.43171049    1.15720511    1.14921688    1.40168556    1.48970235    1.51391348    1.51793130    2.25655026    1.41276463    1.31951984    1.23748824    1.57005928    1.61561294    1.29752409    1.05964381    1.14659054    1.32839890    0.98458026    1.12266557    0.00000000    0.66240482    0.67133598    0.69056363    1.13294794    1.45785838    1.44497738    0.82616625    0.68520069    0.77787146    0.85522833    0.74495509    1.51335213    1.47733472    1.44625698    1.58205665    1.33469389    1.31327627    1.51663896    1.43413657    1.33410733    1.38207868    1.35282589    1.47840136    1.73019587    1.60834619    1.47039113    1.44302179    1.43817904    1.59109452    1.73522964    1.54773756    1.48224403
C7NVU8_HALMD/25-338     1.53531984    1.77297321    1.74746529    1.54609380    1.79826931    1.99813008    1.57007877    1.22693853    1.18043815    1.28521850    1.40309473    1.48750044    1.22259984    1.41184311    1.03161445    1.05377492    1.44616369    1.41418024    1.39207534    1.77787037    2.42873208    1.35399307    1.33391699    1.34024275    1.67037518    1.63687428    1.29889128    1.02188650    1.17490691    1.24062499    1.00883211    1.05390056    0.66240482    0.00000000    0.73219262    0.63054129    1.11202963    1.60114564    1.54098481    0.81916491    0.57468531    0.76393326    0.86328932    0.72353972    1.55245384    1.50616004    1.50445606    1.60968563    1.44455114    1.38508410    1.53430552    1.57451287    1.40249982    1.54324922    1.46663438    1.57956376    1.74670576    1.71250690    1.69768198    1.64247983    1.70833468    1.75612531    1.98060270    1.83253461    1.66723204
L0K3E6_9EURY/25-360     1.65447930    1.92552695    1.77559270    1.73327236    1.68688718    2.50850622    1.64195110    1.26342632    1.14702066    1.29433312    1.32992445    1.45145116    1.29915046    1.54725355    1.09189904    1.15322353    1.56470632    1.65759413    1.59159743    1.73287613    2.42119734    1.38614543    1.41945245    1.26814796    1.68704354    1.62303087    1.41514827    1.07229276    1.20741712    1.28478962    1.10879065    1.05618645    0.67133598    0.73219262    0.00000000    0.39168533    0.92884506    1.41359425    1.13240328    0.61745318    0.72669282    0.91222478    0.90132822    0.81705591    1.64720107    1.60871515    1.47079115    1.90036505    1.56838274    1.44584229    1.53016902    1.66071553    1.54295320    1.58209173    1.57063472    1.55819246    1.65662263    1.75139568    1.65948191    1.54001079    1.66489309    1.66994579    1.79723158    1.76955627    1.64234446
D2RP69_HALTV/25-355     1.74930698    1.88570303    1.81734351    1.82225360    1.74051808    2.24427555    1.77295555    1.31916756    1.15702671    1.28779478    1.36111142    1.36237669    1.25135813    1.47763786    1.15418580    1.10929461    1.51264123    1.59052332    1.54250156    1.71897406    2.51218679    1.45366948    1.39503669    1.37384821    1.68531340    1.61928508    1.31188957    1.07213797    1.14974754    1.11549486    0.98770525    1.00499569    0.69056363    0.63054129    0.39168533    0.00000000    0.83565088    1.45253051    1.25424036    0.59211451    0.62680587    0.75924404    0.82198008    0.65636040    1.55577995    1.43058133    1.52758908    1.75018848    1.60797404    1.36798207    1.55706696    1.56980962    1.46193895    1.47610476    1.48815640    1.60552076    1.65174168    1.70986349    1.82898036    1.64583598    1.71862034    1.84524872    1.98230076    1.90879503    1.70130057
L0I868_HALRX/25-382     1.84441855    2.08031158    1.98380984    1.95733591    1.91598926    2.48654503    1.99115497    1.59909648    1.39763539    1.47478151    1.42343368    1.43641803    1.41544787    1.57659732    1.34498110    1.38253296    1.75543834    1.76089860    1.74033982    1.81146608    2.62602907    1.65555500    1.62604070    1.52134536    1.94599669    1.77881874    1.57186248    1.25445364    1.29393012    1.54337804    1.28860484    1.28185273    1.13294794    1.11202963    0.92884506    0.83565088    0.00000000    1.63851659    1.29836913    0.91531088    1.00237502    1.21443740    1.15125782    1.05198530    1.69914313    1.79494277    1.69667202    1.74431722    1.82958324    1.49108578    1.71386149    1.67732677    1.62327378    1.65041401    1.69345394    1.72992544    1.64575904    1.72389714    1.95945968    1.65881637    1.64656969    1.77160352    1.93698624    1.73267320    1.70984083
D2RVV6_HALTV/24-345     1.93064822    2.18740262    2.03146284    1.96306223    2.33665499    2.86672961    2.01322548    1.84371055    1.90752927    1.79495382    1.91946761    2.16071045    1.85279886    2.05459338    1.74787308    1.86266943    2.04086011    2.10168870    2.17003434    2.17731313    2.37655501    2.29751253    1.91665724    2.00480167    2.33555290    2.30607331    1.77426095    1.76976286    1.84264444    1.94201712    1.83227840    1.85904572    1.45785838    1.60114564    1.41359425    1.45253051    1.63851659    0.00000000    1.18915527    1.56734424    1.52637364    1.56452971    1.66232626    1.57558765    2.04976950    1.98325243    2.21031619    1.85207369    2.16364486    1.87799554    1.95669841    2.01040729    2.02177712    1.99474977    1.96560947    2.05798110    1.83896703    2.04940701    2.10756240    2.09405957    1.90499812    2.09837142    2.23020038    1.91655672    1.89528388
L0K3Y7_9EURY/20-306     1.85695799    1.99184353    1.89513741    2.04250525    2.13872971    2.75581711    1.94390253    1.81099399    1.75569799    1.92531224    1.99833488    1.84675335    1.79605201    2.06348661    1.82381877    1.87854615    2.13477500    2.18662323    2.08902314    2.22842477    2.86140141    2.23217471    2.07102136    2.08900295    2.43196995    2.32706349    2.03474999    1.72110175    1.92287895    1.99754743    1.78485976    1.83516931    1.44497738    1.54098481    1.13240328    1.25424036    1.29836913    1.18915527    0.00000000    1.39215372    1.51464573    1.58950211    1.60003670    1.66473214    2.28122539    1.93456210    2.16859494    1.92305209    1.92407289    1.67320370    2.07660915    2.08012052    1.80152511    2.08989710    1.93074997    1.94204401    1.85031340    2.18141128    2.05135995    1.90779813    1.95005172    1.91260913    2.06199350    1.87480122    1.92313104
F8DD40_HALXS/25-346     1.83275455    2.01634372    2.00674378    1.95159978    1.97220401    2.43131502    1.76697715    1.36858602    1.21192793    1.33282508    1.41724036    1.51702977    1.33418614    1.50521480    1.26808427    1.35694350    1.60517132    1.77609124    1.64523099    1.70308181    2.42920481    1.54168678    1.60282287    1.50128338    1.76910185    1.82424404    1.36717794    1.23949088    1.32138859    1.47725907    1.20607465    1.20203621    0.82616625    0.81916491    0.61745318    0.59211451    0.91531088    1.56734424    1.39215372    0.00000000    0.80616454    1.02882626    1.04874466    0.95775508    1.70422636    1.61117404    1.62187585    1.77585707    1.63989266    1.59011651    1.73316195    1.75532129    1.59712353    1.59735665    1.53139075    1.72662870    1.87962450    2.00485156    1.83347167    1.72323495    1.77506354    1.85028165    1.96480316    1.89512760    1.65192390
Q5V3A5_HALMA/25-334     1.56575336    1.86976768    1.66575562    1.64233175    1.69091206    2.22703682    1.53099706    1.24721386    1.13697267    1.34287405    1.29380224    1.41017917    1.18262516    1.36364170    1.11120870    1.03205478    1.39337506    1.42151597    1.47494736    1.70641831    2.25037655    1.35668045    1.39137304    1.28522840    1.68328925    1.47429539    1.18098122    0.93690012    1.09862828    1.27165118    0.96770488    0.97876398    0.68520069    0.57468531    0.72669282    0.62680587    1.00237502    1.52637364    1.51464573    0.80616454    0.00000000    0.65018168    0.80620057    0.57791760    1.36762963    1.46457775    1.55299207    1.36923636    1.38436437    1.31941026    1.37771810    1.67767319    1.38828783    1.50671927    1.50165276    1.53902744    1.63203032    1.65666390    1.66995939    1.49998974    1.63998007    1.66882148    1.90748128    1.77637174    1.59357150
E4NUD8_HALBP/21-329     1.64427232    1.82192553    1.72323116    1.69464392    1.63220941    2.11470556    1.57967451    1.07835124    1.12242930    1.22115351    1.21595511    1.48590388    1.19113344    1.38347176    1.10479660    1.07899051    1.46743619    1.55258459    1.52694744    1.76566254    2.30587227    1.51172919    1.41933966    1.38817336    1.51046735    1.59335538    1.33798920    1.01892515    1.23029680    1.29097994    1.12671023    1.21259135    0.77787146    0.76393326    0.91222478    0.75924404    1.21443740    1.56452971    1.58950211    1.02882626    0.65018168    0.00000000    0.87257856    0.74523347    1.52645710    1.49228906    1.61549572    1.63192693    1.43096704    1.33820164    1.47096527    1.56157678    1.31686038    1.48738952    1.41165448    1.62742571    1.50090072    1.67977560    1.66488044    1.38202895    1.67369735    1.72811965    1.85973401    1.69288269    1.60600417
