9
B7VQP9_VIBA3/43-95     0.00000000    0.79963669    1.06137491    1.38433538    1.91858912    1.61722091    1.69278624    1.64527639    1.80978058
Q87J35_VIBPA/35-87     0.79963669    0.00000000    0.76037951    1.35546289    1.83428207    1.67726314    1.51185534    1.67745620    1.58360117
U4KCL9_9VIBR/28-80     1.06137491    0.76037951    0.00000000    1.51275084    1.76248320    1.85331442    2.25863152    1.95040992    1.94316165
A0KQ78_AERHH/37-89     1.38433538    1.35546289    1.51275084    0.00000000    1.99520178    1.65532243    2.59387855    2.33612990    2.27332589
Q3IC05_PSET1/30-83     1.91858912    1.83428207    1.76248320    1.99520178    0.00000000    2.03436180    1.95520039    2.02405862    1.80947963
Q8ZPV4_SALTY/34-90     1.61722091    1.67726314    1.85331442    1.65532243    2.03436180    0.00000000    0.95023481    0.66324329    0.67122907
H2IYN7_RAHAC/46-103     1.69278624    1.51185534    2.25863152    2.59387855    1.95520039    0.95023481    0.00000000    0.92297895    1.03830501
D4GG17_PANAM/42-97     1.64527639    1.67745620    1.95040992    2.33612990    2.02405862    0.66324329    0.92297895    0.00000000    0.47839617
Q6D4Q4_PECAS/36-95     1.80978058    1.58360117    1.94316165    2.27332589    1.80947963    0.67122907    1.03830501    0.47839617    0.00000000

