11
Q8F3B9_LEPIN/1-169     0.00000000    1.73373010    3.23378066    0.98072419    0.97822402    0.98717539    1.13999079    1.06178294    0.50361791    0.63444977    0.55298005
Q8F151_LEPIN/30-175     1.73373010    0.00000000    2.05130388    2.04397409    2.16715569    1.90899664    1.76522887    1.82636349    1.84927148    1.65529301    1.80666086
Q8F7N0_LEPIN/1-165     3.23378066    2.05130388    0.00000000    2.57065196    3.15318828    2.67988963    2.69677153    2.47967259    2.91694905    2.84594167    2.80408570
Q8F6K6_LEPIN/1-167     0.98072419    2.04397409    2.57065196    0.00000000    1.05286806    0.93568835    0.97059035    1.07669509    1.08147786    1.13437896    1.03427507
Q8F639_LEPIN/1-167     0.97822402    2.16715569    3.15318828    1.05286806    0.00000000    0.50036986    0.50321210    0.52554460    1.13055388    1.14437430    1.02291055
Q8EXY5_LEPIN/1-165     0.98717539    1.90899664    2.67988963    0.93568835    0.50036986    0.00000000    0.22638147    0.24031843    1.02147221    1.12207169    0.98401177
Q8F727_LEPIN/1-165     1.13999079    1.76522887    2.69677153    0.97059035    0.50321210    0.22638147    0.00000000    0.22560420    1.13563152    1.15588236    1.10203855
Q8F193_LEPIN/1-168     1.06178294    1.82636349    2.47967259    1.07669509    0.52554460    0.24031843    0.22560420    0.00000000    1.12313041    1.11257591    1.03947429
Q8F4K9_LEPIN/1-169     0.50361791    1.84927148    2.91694905    1.08147786    1.13055388    1.02147221    1.13563152    1.12313041    0.00000000    0.49941507    0.37391904
Q8F1Z2_LEPIN/57-225     0.63444977    1.65529301    2.84594167    1.13437896    1.14437430    1.12207169    1.15588236    1.11257591    0.49941507    0.00000000    0.42875410
Q8F057_LEPIN/1-169     0.55298005    1.80666086    2.80408570    1.03427507    1.02291055    0.98401177    1.10203855    1.03947429    0.37391904    0.42875410    0.00000000

