73
A4HB47_LEIBR/18-199     0.00000000    0.35135088    1.68259589    1.74373361    2.35594351    2.05054824    1.77211687    2.06811069    1.84791035    1.80606435    1.99863181    2.13426880    2.55246671    2.12577882    2.28571104    2.07280399    1.95254537    1.97319052    1.97617210    1.80723864    2.14424160    2.13019986    2.16356730    2.04037467    2.17037887    1.20004201    1.05013414    0.90351227    1.14952646    1.16890952    1.33893388    1.44053522    1.33642231    1.27202599    1.16664271    1.73483127    1.82705356    1.32108641    1.29146300    1.11991336    1.31334532    1.20465194    1.24579760    1.32059093    1.39330754    1.22109250    1.25332050    1.22868220    1.25915933    1.33478586    1.66125334    1.68708152    1.55144380    1.56896730    1.32617295    1.40984313    1.30111861    1.29124723    1.42853847    1.29676102    1.30629445    1.33181815    1.34104935    1.26778498    1.53190459    1.29839077    1.53533455    1.43604477    1.55358190    1.39958624    1.13361466    1.31586962    1.37615832
Q4Q3A8_LEIMA/18-199     0.35135088    0.00000000    1.76507243    1.58391638    2.37007884    2.50157330    1.86442941    2.17172049    1.82820402    1.80583575    2.07293036    2.17416180    2.24209659    2.39928359    2.46329764    2.44392129    1.95073839    1.96017269    1.94178235    1.81002406    2.35483359    2.34292622    2.22121074    2.09425938    2.13712193    1.13651799    1.12500269    1.00389279    1.21749777    1.12658774    1.33762882    1.40123373    1.38651096    1.30813837    1.04892922    1.62040588    1.68167677    1.34992949    1.46253696    1.24604380    1.42544718    1.24710323    1.29971828    1.32693052    1.29709122    1.30425492    1.37680623    1.22927001    1.28693226    1.43776348    1.60934211    1.63287936    1.47076022    1.53164066    1.44846622    1.35683551    1.39135848    1.26239283    1.56188314    1.37554445    1.48032759    1.47905820    1.39688436    1.31750720    1.53353546    1.20908207    1.60024316    1.51882648    1.73745465    1.49401017    1.37186619    1.51647510    1.46578228
Q4DU87_TRYCC/14-171     1.68259589    1.76507243    0.00000000    0.91050258    2.85800821    2.93559087    1.57424123    1.98130876    1.99559780    2.02637914    2.18273318    2.14812673    2.82546064    2.27537775    2.38927131    1.92503698    1.98340811    2.07428122    1.98983487    1.87249338    2.24808542    2.21206244    2.26157766    2.41550474    2.44083052    1.58949327    1.49552843    1.40349451    1.62934855    1.63477350    1.68157839    1.78847260    1.49382096    1.55753278    1.48870048    1.93563412    2.13989221    1.57898227    1.85296107    1.62103838    1.48586145    1.51242178    1.56559053    1.62360179    1.51148232    1.73569687    1.59799608    1.62182989    1.80697386    1.85783755    1.74559692    1.96320636    1.85784603    1.82821559    1.75908914    1.81392337    1.62325801    1.41872519    1.64769207    1.58657316    1.41795153    1.76607841    1.75551899    1.76210437    1.97585071    1.66921839    1.68397977    1.93466458    1.89912209    1.77157212    1.75943847    1.64105700    1.66041617
Q4DDC5_TRYCC/14-171     1.74373361    1.58391638    0.91050258    0.00000000    2.84157914    2.72328632    1.52516272    1.95858416    1.89846394    2.05189863    2.17866651    2.19238052    2.76309562    2.52874827    2.74793622    1.96624539    1.91362362    1.75744823    1.90631180    1.73944946    2.16522553    2.09916851    2.16546225    2.44610158    2.50964974    1.28507321    1.29928965    1.46835245    1.64308451    1.37633868    1.41998277    1.61740081    1.67935845    1.52877380    1.56387880    2.19884571    1.99140231    1.52977316    1.74657929    1.50522740    1.49148406    1.65075589    1.60489471    1.64970815    1.46906850    1.38075935    1.36783222    1.51960198    1.59087524    1.66010890    1.54104597    1.74556724    1.58029615    1.64375060    1.51516506    1.45391900    1.43165772    1.44508254    1.53091952    1.45760730    1.42907366    1.47081997    1.51238366    1.35646035    1.66903238    1.36617987    1.52757042    1.68020876    1.87492136    1.84467068    1.72077200    1.73734574    1.46746341
Q585K0_TRYB2/9-167     2.35594351    2.37007884    2.85800821    2.84157914    0.00000000    3.20933065    2.80683234    3.15949963    2.95734215    3.22343983    3.00417260    2.85438508    3.48815242    2.95742400    3.26726933    3.03527549    2.77194528    3.46288629    3.34035335    2.90715646    3.22863362    3.45613558    3.40671883    3.22994460    3.25026826    2.24507444    2.68810502    2.18448730    2.51954177    2.45474445    3.16391346    2.83310148    2.22560210    2.12598587    2.48429248    2.81941937    2.85145393    2.74618537    2.61769738    2.32863845    2.68272877    2.43961942    2.84303247    2.67594620    2.41114763    2.55619707    2.80591060    2.24952606    2.25448688    2.66501178    2.74002804    2.83362401    2.61107082    2.61354954    2.71772266    2.76280168    2.67899343    2.45082825    2.58283628    2.33594022    2.47920934    2.79577268    2.81856845    2.51860044    2.74341138    2.54651685    2.60501289    2.46455090    2.59461350    2.65318487    2.33429894    2.50310466    2.36401804
Q4QHJ3_LEIMA/241-414     2.05054824    2.50157330    2.93559087    2.72328632    3.20933065    0.00000000    2.36409470    2.63764932    2.74690928    2.49864109    2.70354861    2.69327489    3.11962824    3.37919618    3.05065590    2.56552496    2.63127853    2.24038299    2.75258160    2.50456133    2.16088360    2.66261780    2.40803056    2.57854718    2.90971170    2.35849601    2.48316582    2.52929518    2.48046363    2.79000626    2.34578310    2.41538706    2.53629998    2.57535655    2.33751883    2.70400216    2.57331913    2.40454438    2.62185971    2.46503460    2.40111664    2.38177722    2.61305099    2.55275452    2.54003927    2.12992247    2.35010989    2.44718265    2.29013400    2.34892744    2.95582943    3.16982216    2.59191821    2.77245927    2.76820367    2.51099865    2.35100434    2.55793666    2.26995280    2.32118698    2.63876556    2.52716938    2.61683051    2.65791752    2.58724807    2.69796035    2.55734408    2.48101374    2.34943362    2.50259320    2.51395619    2.55177688    2.57113693
Q4E0S1_TRYCC/20-182     1.77211687    1.86442941    1.57424123    1.52516272    2.80683234    2.36409470    0.00000000    1.12968191    1.00017096    1.53302286    1.88621602    1.83518014    2.13290950    2.00598151    2.12215257    1.63503356    1.50305617    1.67246065    1.93302525    1.76647391    1.79549529    2.12632095    1.91258571    1.71949201    1.70216871    1.85745773    1.72475988    1.71418630    1.90092473    1.69008738    1.92816631    2.16277105    1.95197214    1.77562978    1.72223404    2.38959995    2.17644765    1.74772942    1.84180304    1.75224881    1.76879822    1.72343211    1.69480753    2.13677256    1.76342115    2.14178906    1.92968944    1.95690224    1.87165412    1.75975151    2.27814461    2.01043241    2.04366042    2.10523279    1.96362618    2.02229165    1.84593191    1.71607723    1.62545735    1.84566393    1.91485410    1.71849942    1.84688466    1.72809932    1.88241639    1.89559511    1.88027049    1.86447944    1.97312424    1.75330382    2.07177586    1.99135468    1.85207335
A4HI41_LEIBR/20-195     2.06811069    2.17172049    1.98130876    1.95858416    3.15949963    2.63764932    1.12968191    0.00000000    0.38284699    1.83860504    1.89801232    1.95495860    2.15589952    2.09786934    2.07507158    2.04334873    1.77860503    1.78568666    1.98700423    1.81156657    1.91513074    2.01620372    2.26725053    1.88797453    1.87301426    1.93447683    1.99066430    1.85773895    1.85918690    1.84187269    1.96304002    2.08641575    2.36086940    2.21248290    2.01064256    2.51664465    2.38676076    1.95703094    1.83596503    1.97644403    2.08032805    1.82448725    1.98836837    2.14152887    2.03432194    2.14215169    2.07123123    1.92957165    2.06683535    1.95759597    2.56234343    2.47135545    2.32785146    2.28701672    2.03563906    2.45205337    1.88100423    1.72786836    1.98415805    1.98632887    1.93889199    2.16136305    2.10888366    2.09436692    1.88486415    1.96742569    1.98772493    2.23515178    2.20687199    2.13501086    2.15932781    1.97261563    1.79257998
A4I5B8_LEIIN/20-195     1.84791035    1.82820402    1.99559780    1.89846394    2.95734215    2.74690928    1.00017096    0.38284699    0.00000000    1.78337039    1.84952018    1.83107377    2.05746214    2.13888427    2.17010622    1.95826382    1.74530184    1.86713492    1.94682941    1.88089763    1.98736185    2.08760620    2.40744073    2.02501555    1.93716218    1.94315899    1.89133053    1.80608728    1.85619934    1.84272684    2.06460720    2.31527259    2.27723949    2.20362550    2.03757005    2.45019689    2.38627236    2.01961484    2.03367261    1.92755312    2.09116533    1.91416593    2.06872740    2.15576676    1.84974345    2.19802390    2.02383280    1.99481210    1.98453891    2.01458263    2.57423073    2.50199121    2.35511879    2.37338886    2.11044917    2.54867134    2.08533072    1.81211982    2.04864445    2.19173135    2.05981404    2.15697036    2.11146007    2.27666987    1.98819407    2.10646317    2.01639459    2.31374167    2.38120310    2.10771846    2.26300840    2.10378294    1.84130740
Q4CVL1_TRYCC/26-174     1.80606435    1.80583575    2.02637914    2.05189863    3.22343983    2.49864109    1.53302286    1.83860504    1.78337039    0.00000000    1.38142109    1.48654302    2.49660333    2.15757777    2.33162761    1.98237864    1.74536928    1.74363844    1.73000803    1.59296375    2.15436813    2.00580921    1.79019454    1.80165406    1.87007164    1.89975882    1.99775405    1.82604852    1.94185927    2.02193316    2.05600569    2.36585734    1.87007288    1.86782203    1.76488447    2.00105186    1.96020540    1.89682388    2.05072330    1.95052213    2.09223687    1.90350988    1.91626148    2.05939363    1.76042602    1.93485979    2.11163851    1.85393408    1.96251848    1.94997329    2.01967094    1.97103066    2.06593099    1.95909412    2.01923769    2.03141170    1.98832252    1.75247074    1.87288212    1.92344556    1.96273424    1.88844034    1.87574355    1.81640409    2.04481348    1.58422659    1.97320303    2.04641495    2.00774255    1.90017679    2.10008207    2.04205126    2.26691185
A4I5B9_LEIIN/26-190     1.99863181    2.07293036    2.18273318    2.17866651    3.00417260    2.70354861    1.88621602    1.89801232    1.84952018    1.38142109    0.00000000    0.38279569    2.85203556    2.17268307    2.34364767    2.21962078    2.04827103    1.99934778    2.08556957    1.82000037    2.10402087    1.92548707    1.90733570    1.74782322    1.92676316    2.18824760    1.94404835    1.67959776    1.93280769    2.01535759    2.15127136    2.04123552    1.99945337    2.06101217    1.99797041    2.12570289    2.08377110    2.10706820    1.84096066    1.80012177    2.06477097    1.83056078    1.98211968    2.09686606    1.80131606    2.10713031    2.20059995    1.98844690    2.04058462    2.10811808    2.46410345    2.27967963    2.06734530    2.20788570    2.10010187    2.11832768    2.08639077    1.82833243    1.95933083    1.95236018    1.86832693    2.06819570    2.16174143    1.92024176    1.94164594    1.85517089    2.17839696    2.04720934    2.11787442    2.06804921    2.16800662    1.97763542    2.10877540
A4HI43_LEIBR/25-189     2.13426880    2.17416180    2.14812673    2.19238052    2.85438508    2.69327489    1.83518014    1.95495860    1.83107377    1.48654302    0.38279569    0.00000000    2.85736045    2.08960574    2.10177136    2.10403275    2.11174132    2.16855862    2.18427153    1.93056489    2.28437316    1.98566134    2.00869413    1.75217980    1.99826686    2.18429885    2.10296642    1.90076293    2.03297899    2.08285307    2.17215644    2.14071348    2.05597613    2.18366915    2.18657825    2.03013247    2.03321437    2.27359552    1.77066468    1.92920604    2.28880117    1.98919098    2.18380249    1.97932871    1.93336034    2.24992214    2.36257914    2.13112834    2.11194224    2.26395052    2.60723749    2.37960027    2.23002028    2.39383465    2.30194160    2.37661776    2.38512617    2.02293315    2.03456698    2.15802871    2.00378946    2.28555568    2.27511284    2.20393598    2.10007818    1.96258479    2.33266533    2.24445770    2.31602417    2.16644850    2.45596893    2.18215787    2.18305793
A4HGF8_LEIBR/158-312     2.55246671    2.24209659    2.82546064    2.76309562    3.48815242    3.11962824    2.13290950    2.15589952    2.05746214    2.49660333    2.85203556    2.85736045    0.00000000    1.64419268    1.62509808    2.95474006    2.32234860    2.68209807    2.99443646    2.59430639    2.88158711    2.89847660    2.98315812    2.76918742    2.87670257    3.05058658    2.93472033    2.86988714    3.00152212    3.15201927    3.10956446    2.90482267    2.96745640    3.16832481    2.64599996    2.94945712    2.96503686    2.55789184    3.17565433    2.71004785    2.90532678    2.87343265    2.59385353    2.60132794    3.34514427    3.10549732    2.82418797    2.96358836    2.95289918    2.62088452    2.92690212    2.92005076    3.11348924    3.13222178    2.87328847    3.11946460    2.67094534    2.50228938    2.42399699    3.17254323    2.82213023    2.70568273    2.77374349    2.72902659    3.12999434    2.69754149    2.71136529    2.96300921    3.58155238    3.13951305    3.29415644    3.03486793    3.04826917
A4H605_LEIBR/152-298     2.12577882    2.39928359    2.27537775    2.52874827    2.95742400    3.37919618    2.00598151    2.09786934    2.13888427    2.15757777    2.17268307    2.08960574    1.64419268    0.00000000    0.24566853    2.03120423    2.25330557    2.27226819    2.67045278    2.24861478    2.85177219    2.63782923    2.99110696    2.32154752    2.59217711    2.68120916    2.38051142    2.20059034    2.76918425    2.42689680    2.82734406    2.58019125    2.73841498    2.66342294    2.50566173    2.93943964    3.04446090    2.46762690    2.43643447    2.28394069    2.46995843    2.43404142    2.27667386    2.40609441    2.45935253    2.45141306    2.58806538    2.37546873    2.43778697    2.46459211    2.84138421    2.61366508    2.87751348    2.70223873    2.68634662    2.84587840    2.76411903    2.32893670    2.23382929    2.56109044    2.59034559    2.46956738    2.62690918    2.40386558    2.32949437    2.60056998    2.51147466    2.66061245    2.83503506    2.87015501    2.59101376    2.54768254    2.85463952
Q4QHJ4_LEIMA/134-280     2.28571104    2.46329764    2.38927131    2.74793622    3.26726933    3.05065590    2.12215257    2.07507158    2.17010622    2.33162761    2.34364767    2.10177136    1.62509808    0.24566853    0.00000000    1.95567311    2.07886635    2.33556714    2.79212558    2.28092410    2.83953879    2.73718202    3.17481234    2.57053203    2.79011379    2.90052230    2.48187993    2.24906262    2.75220314    2.61433986    2.66733514    2.81543100    2.62524312    2.59669640    2.66406208    3.06918365    3.08991020    2.52340865    2.53513763    2.15066204    2.38715404    2.43160186    2.33515565    2.49090627    2.58388009    2.54074218    2.65732040    2.50111218    2.40901754    2.61075143    2.94708643    2.70859283    2.89989035    2.80917987    2.91361396    3.07746339    2.68591814    2.32591254    2.21494273    2.72886593    2.57670552    2.59951688    2.56725257    2.38187565    2.34578408    2.84435687    2.52169271    2.71242451    2.93706996    2.87533300    2.61034112    2.44022184    2.71461036
Q4QAK7_LEIMA/19-166     2.07280399    2.44392129    1.92503698    1.96624539    3.03527549    2.56552496    1.63503356    2.04334873    1.95826382    1.98237864    2.21962078    2.10403275    2.95474006    2.03120423    1.95567311    0.00000000    1.30568526    1.27468257    1.39923616    1.36755963    1.74128699    1.95718180    2.12211503    1.83033706    1.93439277    2.32023724    2.22411910    2.14905563    2.15317798    2.00926867    2.32108414    2.53892583    2.15678531    2.15742778    2.40961465    2.49129346    2.42228410    2.21602528    2.06614915    2.05535840    2.07479139    1.98766968    2.05526428    2.16111629    2.00230616    2.03850199    2.03421723    2.09465955    1.90485065    2.04112286    2.63082450    2.37195545    2.36443930    2.29378372    2.20889202    2.50081332    1.90951899    1.77877995    1.92000060    1.91350355    2.05448798    1.99738866    1.99380800    1.99594376    2.23291763    1.96605500    1.94356772    2.60535601    2.43589605    2.69073669    2.39657701    2.17038475    2.28789795
A4I0W4_LEIIN/18-166     1.95254537    1.95073839    1.98340811    1.91362362    2.77194528    2.63127853    1.50305617    1.77860503    1.74530184    1.74536928    2.04827103    2.11174132    2.32234860    2.25330557    2.07886635    1.30568526    0.00000000    0.55845085    0.71848812    0.62936423    1.72019389    1.60681281    1.89427789    1.56972983    1.59796714    1.93642617    1.91246563    1.76902428    1.87891849    1.54141674    1.97190503    2.27153851    1.88007048    1.96430022    1.97638730    2.04372481    2.15356298    1.53708138    1.69016978    1.70559625    1.80217658    1.67479246    1.75127525    1.81738436    1.74244313    1.68628530    1.75302215    1.58410449    1.65807848    1.72592743    2.18381932    1.99504915    1.96650096    1.98528340    1.98769507    2.20869631    1.44125729    1.43795704    1.80361361    1.75308505    1.83366473    2.00358845    1.79796034    1.74197571    2.12409690    1.77644486    1.97117790    1.97660786    1.91533125    1.91695365    2.21176705    1.98418142    1.74845890
A4HDI3_LEIBR/87-236     1.97319052    1.96017269    2.07428122    1.75744823    3.46288629    2.24038299    1.67246065    1.78568666    1.86713492    1.74363844    1.99934778    2.16855862    2.68209807    2.27226819    2.33556714    1.27468257    0.55845085    0.00000000    0.53524962    0.50275555    1.79578768    1.67893665    1.76704569    1.55168440    1.59213362    1.77782723    1.85439800    1.81810699    1.90882212    1.73476355    1.83924872    2.15985551    1.78278226    1.84755400    1.86329700    2.12879140    2.13498832    1.59084715    1.49962283    1.53560517    1.68095965    1.60211443    1.54227871    1.82419001    1.54800516    1.40510526    1.60975802    1.56553455    1.49598869    1.54733784    2.21882876    2.07383571    1.71357905    1.96761645    1.97499754    2.08143809    1.42403497    1.52862585    1.85073961    1.90559935    2.10438101    1.88142358    1.97397324    1.67693701    1.74140574    1.67127667    1.82633010    1.92436806    1.76980726    1.96733279    2.16444581    1.98263419    1.67038416
A4HDL4_LEIBR/18-168     1.97617210    1.94178235    1.98983487    1.90631180    3.34035335    2.75258160    1.93302525    1.98700423    1.94682941    1.73000803    2.08556957    2.18427153    2.99443646    2.67045278    2.79212558    1.39923616    0.71848812    0.53524962    0.00000000    0.30132190    1.89678861    1.98813497    1.88461523    1.73885304    1.66834118    1.95413344    1.99985763    1.83837626    1.94168336    1.73803935    2.11606571    2.28965205    1.84667061    1.99761677    1.67629629    2.15629729    1.95688633    1.59682798    1.64970562    1.73719195    1.81836130    1.75186712    1.72097260    1.99177897    1.59537794    1.66906612    1.83605114    1.71490767    1.59878959    1.69824140    2.12694677    2.17285854    2.03030845    1.94876409    1.92628261    2.05708937    1.50787445    1.58999884    1.69146521    1.82487184    1.81083137    1.82096240    1.69386600    1.61516224    1.98095093    1.60358393    1.87348472    1.72908665    1.74630904    1.77063100    1.98168888    1.97601618    1.65555626
A4I0W5_LEIIN/18-168     1.80723864    1.81002406    1.87249338    1.73944946    2.90715646    2.50456133    1.76647391    1.81156657    1.88089763    1.59296375    1.82000037    1.93056489    2.59430639    2.24861478    2.28092410    1.36755963    0.62936423    0.50275555    0.30132190    0.00000000    1.81953797    1.79662481    1.91525727    1.58566618    1.57160997    1.79490723    1.70974589    1.58187722    1.87657711    1.62495740    1.97301776    2.18962631    1.73383662    1.75164141    1.66749817    1.95427550    1.86812826    1.53916103    1.54001530    1.58234881    1.61631359    1.56956034    1.58663187    1.96200951    1.47237884    1.51641118    1.70560340    1.65677794    1.56265369    1.55393598    1.98618644    1.98433697    1.76950474    1.79886536    1.81216299    1.89399037    1.59868604    1.48522132    1.60854477    1.83728465    1.80791268    1.76630444    1.84206409    1.65300926    1.88946537    1.58039715    1.86278707    1.58503981    1.63397318    1.64939994    1.74422773    1.77227055    1.54276956
Q4Q8C6_LEIMA/374-525     2.14424160    2.35483359    2.24808542    2.16522553    3.22863362    2.16088360    1.79549529    1.91513074    1.98736185    2.15436813    2.10402087    2.28437316    2.88158711    2.85177219    2.83953879    1.74128699    1.72019389    1.79578768    1.89678861    1.81953797    0.00000000    1.30429716    1.53682335    1.54952523    1.59745831    2.29270755    2.02979532    2.10015826    1.98330798    2.15640590    2.12732619    2.23252332    2.14935716    2.23326318    2.13541984    2.51851868    2.30047457    1.80837985    1.97792517    2.02894252    2.09306569    1.96920226    2.11357280    2.21179655    2.11565145    1.88901672    2.21647477    1.75576950    1.87766378    1.97516791    2.05285523    2.12547625    2.12457698    1.87345758    2.14252106    2.43160213    1.81075987    1.68352480    1.90910846    1.91386152    2.02138393    2.05871742    1.97815938    1.89563300    2.16987742    2.07613836    2.16626638    2.22237704    1.98274744    2.04260638    2.06062817    2.09000683    2.02724147
Q384H3_TRYB2/301-450     2.13019986    2.34292622    2.21206244    2.09916851    3.45613558    2.66261780    2.12632095    2.01620372    2.08760620    2.00580921    1.92548707    1.98566134    2.89847660    2.63782923    2.73718202    1.95718180    1.60681281    1.67893665    1.98813497    1.79662481    1.30429716    0.00000000    1.33068413    1.39009911    1.54025927    2.24381334    2.32234403    2.26034569    2.08465968    2.34854716    2.61785878    2.49212345    2.14353834    2.38654144    2.31553579    2.10110058    2.04201195    1.97618251    1.98860088    2.07457383    2.12571044    2.14599590    2.17831169    2.00459747    2.27180027    1.77682834    1.99191121    2.10443166    1.95148944    2.04897179    2.31427092    2.31143767    2.02639910    2.01349808    2.45546287    2.45677291    2.18266007    1.97171452    2.44731853    2.23428350    2.18867785    2.23251673    2.29227531    2.27600573    2.20616301    2.29058958    2.28838362    2.41119910    2.16385861    2.28871423    2.55510412    2.28780466    2.03770542
Q384H4_TRYB2/118-295     2.16356730    2.22121074    2.26157766    2.16546225    3.40671883    2.40803056    1.91258571    2.26725053    2.40744073    1.79019454    1.90733570    2.00869413    2.98315812    2.99110696    3.17481234    2.12211503    1.89427789    1.76704569    1.88461523    1.91525727    1.53682335    1.33068413    0.00000000    1.61183860    1.63318880    2.44265631    2.29752901    2.23601682    2.34131035    2.23147592    2.12636740    2.48805287    2.06024247    2.13041645    2.19177229    2.37860241    2.22147639    2.29379090    2.01933593    2.20894153    2.19786612    1.99498099    2.12693199    2.41172169    2.28702369    2.01016216    2.32556948    2.35304342    2.33990266    2.28832779    2.34408231    2.49568508    2.35380835    2.26386465    2.26898270    2.43899734    2.24318842    1.93383105    2.35840539    2.27660719    2.40091102    2.23831718    2.23885984    2.16087440    2.59471626    2.22478825    2.38955467    2.47906063    2.35280750    2.41693941    2.39591546    2.10931744    2.14049224
Q4Q8C7_LEIMA/145-338     2.04037467    2.09425938    2.41550474    2.44610158    3.22994460    2.57854718    1.71949201    1.88797453    2.02501555    1.80165406    1.74782322    1.75217980    2.76918742    2.32154752    2.57053203    1.83033706    1.56972983    1.55168440    1.73885304    1.58566618    1.54952523    1.39009911    1.61183860    0.00000000    0.52615292    2.56804613    2.48821359    2.23905399    2.38152031    2.15410167    2.35460076    2.43425311    2.09192767    2.29363405    2.23564198    2.58458187    2.60246004    2.07623604    1.89622269    2.26338111    2.31536627    2.04724370    2.22332831    2.32634197    2.34210222    2.07539171    2.26895527    2.22997170    1.93880899    2.07804884    2.25949692    2.41239169    2.52292815    2.30438383    2.45024766    2.59106150    2.28129716    1.86718353    2.28370641    2.04418347    2.21368998    2.15759361    2.21478744    2.16875803    2.40991386    2.10227849    2.43518318    2.54296099    2.13844070    2.20140887    2.53310719    2.22121205    2.13056284
A4HGJ1_LEIBR/143-338     2.17037887    2.13712193    2.44083052    2.50964974    3.25026826    2.90971170    1.70216871    1.87301426    1.93716218    1.87007164    1.92676316    1.99826686    2.87670257    2.59217711    2.79011379    1.93439277    1.59796714    1.59213362    1.66834118    1.57160997    1.59745831    1.54025927    1.63318880    0.52615292    0.00000000    2.51315102    2.46632043    2.33783564    2.44508324    2.25762102    2.39584523    2.27146160    2.27051936    2.36721102    2.32061052    2.63734258    2.35728769    2.14105885    2.15368579    2.38389030    2.41104470    2.14650594    2.38544884    2.33609018    2.23437731    2.27952995    2.50128356    2.23999893    2.04759696    2.17578344    2.17439179    2.26408844    2.31297056    2.19363614    2.46896190    2.60028631    2.40095523    1.93607384    2.27904029    2.16625153    2.26108384    2.43108367    2.27231779    2.36951777    2.49133747    2.23102378    2.46282072    2.50284749    2.23503769    2.13488142    2.60319434    2.35476235    2.00966208
A4H6C8_LEIBR/15-170     1.20004201    1.13651799    1.58949327    1.28507321    2.24507444    2.35849601    1.85745773    1.93447683    1.94315899    1.89975882    2.18824760    2.18429885    3.05058658    2.68120916    2.90052230    2.32023724    1.93642617    1.77782723    1.95413344    1.79490723    2.29270755    2.24381334    2.44265631    2.56804613    2.51315102    0.00000000    0.57253895    0.91696963    0.78581520    0.75190427    0.81802599    1.23327373    1.03019107    0.97290925    0.91507308    1.66410543    1.79348957    0.90896127    0.96407333    0.87820599    0.88279268    0.91660177    1.06333325    0.83578024    0.91801911    1.02192806    1.05798094    0.93824726    0.86209031    0.91196991    1.24879400    1.06704785    1.00264466    1.01689326    0.99431113    0.92911246    1.00606666    1.06740654    1.08207781    1.03242541    0.99412916    1.09519455    1.02066619    1.06183936    1.14957750    0.98123947    1.04915219    0.96270776    1.06108701    1.01736114    0.90503117    1.15958751    1.01968554
Q4QI87_LEIMA/15-171     1.05013414    1.12500269    1.49552843    1.29928965    2.68810502    2.48316582    1.72475988    1.99066430    1.89133053    1.99775405    1.94404835    2.10296642    2.93472033    2.38051142    2.48187993    2.22411910    1.91246563    1.85439800    1.99985763    1.70974589    2.02979532    2.32234403    2.29752901    2.48821359    2.46632043    0.57253895    0.00000000    0.41672045    0.38479104    0.76279927    0.66078762    1.22678608    0.84386336    0.79644910    0.88798649    1.68314219    1.85348539    0.80654459    0.83168061    0.77233968    0.73211028    0.78539454    0.77832051    1.02086591    0.79523201    1.00624333    0.96812088    0.85229491    0.99396961    0.89466483    1.17534510    1.03811238    0.93859871    0.92860860    0.91095035    0.86227506    0.93252836    0.98086383    0.94332950    0.99051971    0.86483143    1.04377744    0.97394099    0.94449414    1.12811386    0.88721442    0.96905719    1.13497001    1.16632777    1.08660373    0.94510778    1.05324831    0.83666420
Q4QI88_LEIMA/15-171     0.90351227    1.00389279    1.40349451    1.46835245    2.18448730    2.52929518    1.71418630    1.85773895    1.80608728    1.82604852    1.67959776    1.90076293    2.86988714    2.20059034    2.24906262    2.14905563    1.76902428    1.81810699    1.83837626    1.58187722    2.10015826    2.26034569    2.23601682    2.23905399    2.33783564    0.91696963    0.41672045    0.00000000    0.42212795    0.70199327    0.85466042    1.39297543    0.96368253    0.87658063    0.90725718    1.54698080    1.72963965    0.95599396    0.91037362    0.83219083    0.86906245    0.78828978    0.79257566    1.03025865    0.71023503    0.92874365    0.96130001    0.86131809    0.98558604    1.02913369    1.28235559    1.14358772    1.03039307    1.13588381    0.90624975    0.95720831    0.96073695    0.97520957    0.95863192    0.98618213    0.92961674    1.13726113    0.96754181    0.95851440    1.12529992    0.96477824    0.90907390    0.99757319    1.10140272    1.00367779    0.94160827    1.15212946    0.85098938
A4HTM4_LEIIN/15-171     1.14952646    1.21749777    1.62934855    1.64308451    2.51954177    2.48046363    1.90092473    1.85918690    1.85619934    1.94185927    1.93280769    2.03297899    3.00152212    2.76918425    2.75220314    2.15317798    1.87891849    1.90882212    1.94168336    1.87657711    1.98330798    2.08465968    2.34131035    2.38152031    2.44508324    0.78581520    0.38479104    0.42212795    0.00000000    0.79938591    0.86861670    1.38844598    0.89589923    0.88723819    0.95619124    1.53033752    1.68312415    0.99358322    0.98895371    0.85592521    0.81050550    0.89496945    0.88989309    0.97315272    0.80457072    0.97280245    0.99895940    0.78050094    0.95930389    0.97916186    1.19923443    0.97204041    0.94950354    0.91787169    0.81329640    0.83897923    0.81699985    0.89695738    0.92783240    0.96591945    0.92159625    1.09705211    0.85280555    0.95838444    1.06181797    0.86975201    0.90906205    1.09959790    1.09887653    1.02863563    1.11691359    1.10535420    0.92669964
A4H5G0_LEIBR/15-170     1.16890952    1.12658774    1.63477350    1.37633868    2.45474445    2.79000626    1.69008738    1.84187269    1.84272684    2.02193316    2.01535759    2.08285307    3.15201927    2.42689680    2.61433986    2.00926867    1.54141674    1.73476355    1.73803935    1.62495740    2.15640590    2.34854716    2.23147592    2.15410167    2.25762102    0.75190427    0.76279927    0.70199327    0.79938591    0.00000000    0.63383578    1.25738846    0.88558649    0.88543527    0.81816621    1.78078595    1.66704906    0.75010368    0.81538372    0.86682646    0.78984579    0.78630424    0.83422618    0.95572824    0.93663999    1.05750670    1.07980340    1.01386497    1.07989275    1.00558632    0.98380158    0.82852277    0.74116299    0.84817847    0.89575733    0.91370157    0.74643069    0.79408236    0.97106769    0.95247554    0.92142960    1.02420900    0.96103317    0.93022743    1.24255435    0.84988721    1.04295921    0.93088913    1.05175596    0.94095005    0.96902767    1.16695562    0.93602349
A4H5H1_LEIBR/15-170     1.33893388    1.33762882    1.68157839    1.41998277    3.16391346    2.34578310    1.92816631    1.96304002    2.06460720    2.05600569    2.15127136    2.17215644    3.10956446    2.82734406    2.66733514    2.32108414    1.97190503    1.83924872    2.11606571    1.97301776    2.12732619    2.61785878    2.12636740    2.35460076    2.39584523    0.81802599    0.66078762    0.85466042    0.86861670    0.63383578    0.00000000    0.98131251    1.00037167    0.94232421    0.87391509    1.62459263    1.75090937    0.82134127    0.78169062    0.93038939    0.88961245    0.87656878    0.81438159    1.13706280    1.02610567    1.08849603    1.03797480    0.96806660    1.14050332    1.03884122    1.14699243    0.95164930    0.80065090    0.90180132    0.89769655    0.90445720    0.91767410    0.98554809    1.07017880    0.96088512    0.91413594    0.97366031    0.94705987    1.00169554    1.31434203    0.93468349    1.03258467    1.06364972    1.10752650    1.04454750    1.03671155    1.07263507    0.99834416
A4H5D2_LEIBR/15-171     1.44053522    1.40123373    1.78847260    1.61740081    2.83310148    2.41538706    2.16277105    2.08641575    2.31527259    2.36585734    2.04123552    2.14071348    2.90482267    2.58019125    2.81543100    2.53892583    2.27153851    2.15985551    2.28965205    2.18962631    2.23252332    2.49212345    2.48805287    2.43425311    2.27146160    1.23327373    1.22678608    1.39297543    1.38844598    1.25738846    0.98131251    0.00000000    1.37701497    1.45098377    1.19643059    1.71238622    1.93886611    1.39623458    1.34088007    1.19607840    1.29402128    1.19497056    1.24815046    1.58067274    1.30542541    1.33693962    1.50909770    1.23752131    1.40264944    1.45982266    1.65026468    1.46155049    1.20027270    1.38099884    1.35808142    1.27625460    1.40469966    1.39081967    1.48212603    1.18955485    1.30915781    1.42745771    1.42796061    1.34165585    1.49355031    1.22257448    1.49243042    1.33756624    1.30918103    1.34563838    1.41486002    1.49581117    1.58686526
A4IAM2_LEIIN/15-170     1.33642231    1.38651096    1.49382096    1.67935845    2.22560210    2.53629998    1.95197214    2.36086940    2.27723949    1.87007288    1.99945337    2.05597613    2.96745640    2.73841498    2.62524312    2.15678531    1.88007048    1.78278226    1.84667061    1.73383662    2.14935716    2.14353834    2.06024247    2.09192767    2.27051936    1.03019107    0.84386336    0.96368253    0.89589923    0.88558649    1.00037167    1.37701497    0.00000000    0.28716206    0.72714679    1.70061772    1.77044219    1.04314173    0.84037257    0.82943619    0.75778572    0.86438954    0.84018314    1.09865757    1.12740108    1.02947507    1.03839277    0.96195872    0.91794171    0.87552366    1.12208455    1.02805853    0.95821538    0.99572850    1.05750151    0.96264341    0.81911910    1.00773792    0.93029578    0.93353087    0.90753221    0.99210480    1.02788753    0.92069389    1.20581697    0.87513215    0.97878477    1.02658130    1.11061448    1.16013345    0.86294257    1.01741003    0.96657230
A4IAM1_LEIIN/15-170     1.27202599    1.30813837    1.55753278    1.52877380    2.12598587    2.57535655    1.77562978    2.21248290    2.20362550    1.86782203    2.06101217    2.18366915    3.16832481    2.66342294    2.59669640    2.15742778    1.96430022    1.84755400    1.99761677    1.75164141    2.23326318    2.38654144    2.13041645    2.29363405    2.36721102    0.97290925    0.79644910    0.87658063    0.88723819    0.88543527    0.94232421    1.45098377    0.28716206    0.00000000    0.73717957    1.65121429    1.78390347    1.08564395    0.92152717    0.86091286    0.76196987    0.80955079    0.77866900    1.02012611    1.01427236    0.97763292    0.97765300    0.94607430    0.95497213    0.95140539    1.22674233    1.09779412    1.03073462    1.05373208    1.01514545    0.94640747    0.90995356    1.01442143    1.04672456    0.92059430    0.94993651    1.03218415    1.11938754    0.98421301    1.27237688    0.89915508    0.98968606    1.07713799    1.17833080    1.18187784    0.84573317    0.97518075    0.97627581
E9AG83_LEIIN/15-171     1.16664271    1.04892922    1.48870048    1.56387880    2.48429248    2.33751883    1.72223404    2.01064256    2.03757005    1.76488447    1.99797041    2.18657825    2.64599996    2.50566173    2.66406208    2.40961465    1.97638730    1.86329700    1.67629629    1.66749817    2.13541984    2.31553579    2.19177229    2.23564198    2.32061052    0.91507308    0.88798649    0.90725718    0.95619124    0.81816621    0.87391509    1.19643059    0.72714679    0.73717957    0.00000000    1.46384033    1.52857512    0.94398383    0.96098142    0.87397523    0.89671117    0.89036839    0.91964266    1.01037285    1.03365842    0.98647799    0.99123921    1.04117189    1.10118431    1.15766280    1.23749390    1.15599609    1.03483855    1.08827152    0.96904627    0.87835050    0.95660647    0.96056865    0.89978046    0.89558825    0.93206931    1.07942017    1.00326263    1.09909025    1.21042101    0.82930873    0.98394165    0.97904911    1.02247165    1.02343604    0.97034712    1.16841765    1.01405315
Q4Q3A7_LEIMA/14-189     1.73483127    1.62040588    1.93563412    2.19884571    2.81941937    2.70400216    2.38959995    2.51664465    2.45019689    2.00105186    2.12570289    2.03013247    2.94945712    2.93943964    3.06918365    2.49129346    2.04372481    2.12879140    2.15629729    1.95427550    2.51851868    2.10110058    2.37860241    2.58458187    2.63734258    1.66410543    1.68314219    1.54698080    1.53033752    1.78078595    1.62459263    1.71238622    1.70061772    1.65121429    1.46384033    0.00000000    0.50654655    1.82724072    1.59494716    1.58706052    1.72426483    1.65129257    1.70007952    1.65746873    1.67918665    1.54242757    1.75143726    1.52353905    1.73550891    1.84529128    1.89564026    1.92731491    1.73445607    1.71527220    1.80170049    1.71620474    1.60779632    1.69856810    1.79134539    1.83570993    1.78364387    1.57742425    1.72894142    1.79906506    1.81223478    1.50079488    1.65501297    1.75346113    1.78044889    1.77588067    1.84479059    1.71426248    1.52417171
A4HAL2_LEIBR/14-189     1.82705356    1.68167677    2.13989221    1.99140231    2.85145393    2.57331913    2.17644765    2.38676076    2.38627236    1.96020540    2.08377110    2.03321437    2.96503686    3.04446090    3.08991020    2.42228410    2.15356298    2.13498832    1.95688633    1.86812826    2.30047457    2.04201195    2.22147639    2.60246004    2.35728769    1.79348957    1.85348539    1.72963965    1.68312415    1.66704906    1.75090937    1.93886611    1.77044219    1.78390347    1.52857512    0.50654655    0.00000000    1.74951632    1.68402271    1.59766078    1.79472811    1.78592177    1.76503459    1.76986515    1.58646942    1.60999441    1.78096913    1.56009375    1.70603471    1.91852840    1.69483679    1.77879308    1.61600330    1.70416136    1.91211706    1.82110187    1.51085802    1.55421758    1.67007496    1.83237971    1.64981445    1.63346368    1.72811063    1.73892061    1.74845446    1.54871004    1.62473056    1.61548259    1.81537320    1.86763178    1.94041924    1.81163207    1.56212346
A4I9W8_LEIIN/77-234     1.32108641    1.34992949    1.57898227    1.52977316    2.74618537    2.40454438    1.74772942    1.95703094    2.01961484    1.89682388    2.10706820    2.27359552    2.55789184    2.46762690    2.52340865    2.21602528    1.53708138    1.59084715    1.59682798    1.53916103    1.80837985    1.97618251    2.29379090    2.07623604    2.14105885    0.90896127    0.80654459    0.95599396    0.99358322    0.75010368    0.82134127    1.39623458    1.04314173    1.08564395    0.94398383    1.82724072    1.74951632    0.00000000    0.78500203    0.73986594    0.70310763    0.71852229    0.69890216    0.89295799    0.83432498    0.89541056    0.89536062    0.83665502    0.90099272    0.90985559    0.93713755    0.89641218    0.85921537    0.80823469    0.91767677    0.93957573    0.78430426    0.81303977    0.79940117    0.73798721    0.78954628    0.98459848    0.86977080    0.85434470    1.17885582    0.77380202    0.88329555    0.96381363    1.09905538    1.03382889    0.98368872    1.01574551    0.95275341
