14
Q8Y5X2_LISMO/23-235     0.00000000    1.81659071    1.85065198    2.04881113    2.43019477    2.53052693    2.45922018    2.05646890    2.01580818    2.14273471    2.19000166    2.08381949    2.06796333    1.89568125
G2TM65_BACCO/22-229     1.81659071    0.00000000    1.07265399    1.38580917    1.91747991    2.12157234    1.62726269    1.43568490    1.44346197    1.53466818    1.31280915    1.17620403    1.27064927    1.31491572
U5LFD9_9BACI/21-231     1.85065198    1.07265399    0.00000000    1.33907399    1.79885108    2.34875528    1.46655793    1.24474207    1.13285435    1.21566216    1.08583590    0.84935746    1.00667083    1.06058089
I0JNB0_HALH3/24-226     2.04881113    1.38580917    1.33907399    0.00000000    1.09535145    2.01861428    1.42446531    1.30692493    1.15839640    1.06629091    1.39385273    1.35520680    1.39675155    1.31061509
Q8CXF7_OCEIH/21-225     2.43019477    1.91747991    1.79885108    1.09535145    0.00000000    2.25513742    1.82988207    1.70334706    1.66470126    1.49627632    1.58440606    1.77889994    1.86230294    1.51864901
Q5WGT5_BACSK/25-233     2.53052693    2.12157234    2.34875528    2.01861428    2.25513742    0.00000000    1.77101954    1.60543972    2.34269534    2.38801993    2.59183425    2.02835182    2.07145323    2.42757084
Q9KCC5_BACHD/21-230     2.45922018    1.62726269    1.46655793    1.42446531    1.82988207    1.77101954    0.00000000    0.68823252    1.36147084    1.45623187    1.50710213    1.63347941    1.64494703    1.66942446
D3G043_ALKPO/24-221     2.05646890    1.43568490    1.24474207    1.30692493    1.70334706    1.60543972    0.68823252    0.00000000    1.27177023    1.34985322    1.48022057    1.41212973    1.49957741    1.39407325
Q65I23_BACLD/21-228     2.01580818    1.44346197    1.13285435    1.15839640    1.66470126    2.34269534    1.36147084    1.27177023    0.00000000    0.57901249    1.26965921    1.17390533    1.27459449    1.26483279
A8FEL0_BACP2/21-225     2.14273471    1.53466818    1.21566216    1.06629091    1.49627632    2.38801993    1.45623187    1.34985322    0.57901249    0.00000000    1.13715703    1.08935076    1.25823696    1.33409733
Q81SW1_BACAN/6-216     2.19000166    1.31280915    1.08583590    1.39385273    1.58440606    2.59183425    1.50710213    1.48022057    1.26965921    1.13715703    0.00000000    1.16972683    1.45264594    1.31168973
C5D3E6_GEOSW/31-239     2.08381949    1.17620403    0.84935746    1.35520680    1.77889994    2.02835182    1.63347941    1.41212973    1.17390533    1.08935076    1.16972683    0.00000000    0.51011336    1.09976573
Q5KXT9_GEOKA/21-224     2.06796333    1.27064927    1.00667083    1.39675155    1.86230294    2.07145323    1.64494703    1.49957741    1.27459449    1.25823696    1.45264594    0.51011336    0.00000000    1.19567316
N0AU67_9BACI/24-234     1.89568125    1.31491572    1.06058089    1.31061509    1.51864901    2.42757084    1.66942446    1.39407325    1.26483279    1.33409733    1.31168973    1.09976573    1.19567316    0.00000000

