16
Q181I1_CLOD6/6-74     0.00000000    1.84337242    0.87808784    0.92920793    0.94815242    1.08859508    1.47495369    2.50741267    2.40287579    2.31265159    2.37425976    2.09401288    1.82522330    1.95589363    2.84193670    2.64310955
Q8XLT8_CLOPE/6-74     1.84337242    0.00000000    1.45295085    1.56210592    1.67059464    1.59303474    2.57494470    2.74930270    3.46337972    2.90247700    2.24622866    2.59607874    2.45609116    2.88105730    2.94053494    3.43381811
G8LZZ3_HUNCD/9-76     0.87808784    1.45295085    0.00000000    0.68735698    0.63520807    0.60905104    2.15706548    2.17778429    2.71540746    2.11545471    1.91756818    1.66477326    1.70924935    1.68519996    4.13344744    3.04992522
F0RU30_SPHGB/9-76     0.92920793    1.56210592    0.68735698    0.00000000    0.47860587    0.51905207    2.28377099    2.27921853    2.92232656    2.29679302    2.31877442    2.30152971    2.03445269    2.10540803    3.08734501    2.60039490
G8QWD4_SPHPG/9-76     0.94815242    1.67059464    0.63520807    0.47860587    0.00000000    0.31118059    1.97181487    2.48832320    2.48919832    1.78042019    1.95737071    2.43110102    1.75354726    1.92396534    3.08604978    2.20136770
F0RU64_SPHGB/9-75     1.08859508    1.59303474    0.60905104    0.51905207    0.31118059    0.00000000    2.18034169    2.75399960    2.65986502    2.33250275    2.22260366    2.25480121    1.96067203    2.12986923    3.34761690    3.09471820
F3ZXE5_MAHA5/62-127     1.47495369    2.57494470    2.15706548    2.28377099    1.97181487    2.18034169    0.00000000    2.39872146    1.71152941    1.70372134    1.49874497    1.68210917    1.60345918    1.59361947    2.57687131    2.66663740
A0L7E2_MAGMM/15-78     2.50741267    2.74930270    2.17778429    2.27921853    2.48832320    2.75399960    2.39872146    0.00000000    1.32451886    2.22748553    2.00951460    1.98324882    1.92737646    2.57374462    3.63774712    2.79377856
Q3A863_PELCD/62-130     2.40287579    3.46337972    2.71540746    2.92232656    2.48919832    2.65986502    1.71152941    1.32451886    0.00000000    2.72822506    2.51980867    1.99569279    1.53723600    2.86964080    2.90877763    3.05057701
Q04DE7_OENOB/10-79     2.31265159    2.90247700    2.11545471    2.29679302    1.78042019    2.33250275    1.70372134    2.22748553    2.72822506    0.00000000    0.68829058    2.29160121    2.39487315    1.91784871    2.72438454    3.66536262
G9WG29_9LACO/10-79     2.37425976    2.24622866    1.91756818    2.31877442    1.95737071    2.22260366    1.49874497    2.00951460    2.51980867    0.68829058    0.00000000    2.14565833    1.86100970    2.15095391    2.59012666    3.39975221
W8T8Q6_PEPAC/63-129     2.09401288    2.59607874    1.66477326    2.30152971    2.43110102    2.25480121    1.68210917    1.98324882    1.99569279    2.29160121    2.14565833    0.00000000    0.83631033    1.72102806    2.88479951    2.57185205
F4EZ77_SELS3/47-113     1.82522330    2.45609116    1.70924935    2.03445269    1.75354726    1.96067203    1.60345918    1.92737646    1.53723600    2.39487315    1.86100970    0.83631033    0.00000000    1.82709716    2.86945651    2.22799102
B9E7D9_MACCJ/68-138     1.95589363    2.88105730    1.68519996    2.10540803    1.92396534    2.12986923    1.59361947    2.57374462    2.86964080    1.91784871    2.15095391    1.72102806    1.82709716    0.00000000    2.61125034    2.51863578
Q2FVD4_STAA8/6-73     2.84193670    2.94053494    4.13344744    3.08734501    3.08604978    3.34761690    2.57687131    3.63774712    2.90877763    2.72438454    2.59012666    2.88479951    2.86945651    2.61125034    0.00000000    3.48982648
Q5HK56_STAEQ/14-81     2.64310955    3.43381811    3.04992522    2.60039490    2.20136770    3.09471820    2.66663740    2.79377856    3.05057701    3.66536262    3.39975221    2.57185205    2.22799102    2.51863578    3.48982648    0.00000000

