16
K7WVL0_9NOST/150-254     0.00000000    0.99035785    1.15109744    1.29842646    1.30633515    1.36794491    1.31341180    1.33568908    2.75700358    1.64592500    1.63270378    1.23650150    0.30880518    0.27610046    0.28015146    0.29754025
B0JWV7_MICAN/345-449     0.99035785    0.00000000    1.56864042    1.65618242    1.81078926    1.62505899    1.60813271    1.50271552    2.46709898    1.95439419    1.84013948    1.27049159    1.01103506    1.07880020    1.01481873    1.04768495
P73590_SYNY3/2920-3016     1.15109744    1.56864042    0.00000000    0.48384608    0.40817370    1.18757020    1.06926572    1.03816014    3.37451356    2.15489394    2.07196277    1.56511312    1.24323552    1.21426670    1.35556157    1.10928199
P74649_SYNY3/1190-1288     1.29842646    1.65618242    0.48384608    0.00000000    0.48674892    1.28620532    1.11999488    1.20672569    3.38920077    1.92120137    2.43402264    1.69288359    1.30586907    1.22173107    1.40082513    1.18887924
P72939_SYNY3/1303-1399     1.30633515    1.81078926    0.40817370    0.48674892    0.00000000    1.34254736    1.20823953    1.23615805    3.77881604    2.62828164    2.43564903    1.87382935    1.33912260    1.21573974    1.46365293    1.16087944
P73089_SYNY3/1757-1858     1.36794491    1.62505899    1.18757020    1.28620532    1.34254736    0.00000000    0.93968534    0.90243922    2.54632288    2.47451786    2.32259626    1.72684575    1.35273093    1.28553234    1.45549424    1.39388028
P72939_SYNY3/1189-1291     1.31341180    1.60813271    1.06926572    1.11999488    1.20823953    0.93968534    0.00000000    0.31915055    2.26354499    1.76451519    2.14394911    1.52012032    1.26421869    1.36580515    1.52139339    1.25313015
P73590_SYNY3/2806-2908     1.33568908    1.50271552    1.03816014    1.20672569    1.23615805    0.90243922    0.31915055    0.00000000    2.48554561    1.81858254    2.44367048    1.47802228    1.24208655    1.32009993    1.39671395    1.19966235
Q11A60_TRIEI/1087-1188     2.75700358    2.46709898    3.37451356    3.38920077    3.77881604    2.54632288    2.26354499    2.48554561    0.00000000    2.54975081    2.70484572    3.02881190    2.47553381    2.46137815    2.43368798    2.79316759
Q89HG4_BRADU/416-522     1.64592500    1.95439419    2.15489394    1.92120137    2.62828164    2.47451786    1.76451519    1.81858254    2.54975081    0.00000000    1.58985769    1.84334535    1.41699459    1.62177076    1.68912003    1.50686909
B0C9C3_ACAM1/560-660     1.63270378    1.84013948    2.07196277    2.43402264    2.43564903    2.32259626    2.14394911    2.44367048    2.70484572    1.58985769    0.00000000    2.09012823    1.63260907    1.55380966    1.70031580    1.80374814
B0JWV7_MICAN/463-565     1.23650150    1.27049159    1.56511312    1.69288359    1.87382935    1.72684575    1.52012032    1.47802228    3.02881190    1.84334535    2.09012823    0.00000000    1.40165647    1.41120924    1.29421691    1.14794084
K7VSV2_9NOST/107-212     0.30880518    1.01103506    1.24323552    1.30586907    1.33912260    1.35273093    1.26421869    1.24208655    2.47553381    1.41699459    1.63260907    1.40165647    0.00000000    0.21875514    0.25073666    0.28370572
K7WVL0_9NOST/34-138     0.27610046    1.07880020    1.21426670    1.22173107    1.21573974    1.28553234    1.36580515    1.32009993    2.46137815    1.62177076    1.55380966    1.41120924    0.21875514    0.00000000    0.26648502    0.28777115
K7W5N3_9NOST/224-328     0.28015146    1.01481873    1.35556157    1.40082513    1.46365293    1.45549424    1.52139339    1.39671395    2.43368798    1.68912003    1.70031580    1.29421691    0.25073666    0.26648502    0.00000000    0.27473981
K7WU12_9NOST/249-353     0.29754025    1.04768495    1.10928199    1.18887924    1.16087944    1.39388028    1.25313015    1.19966235    2.79316759    1.50686909    1.80374814    1.14794084    0.28370572    0.28777115    0.27473981    0.00000000

