15
G8NRA6_GRAMM/165-201     0.00000000    1.67589636    1.23151972    1.05637830    1.32360599    1.13650063    1.18173214    1.21627572    1.46596092    2.14277764    1.59310397    1.32771500    0.94354355    1.12717943    1.34368796
H9CNN0_TALSN/152-188     1.67589636    0.00000000    1.14717950    1.48093328    1.86985122    2.01864144    1.44823735    1.64594989    2.23463831    1.44458509    1.59146124    2.24526016    1.33240085    2.08584143    1.50236445
C5BUY9_BEUC1/182-218     1.23151972    1.14717950    0.00000000    1.35386212    1.60654043    1.26045661    1.77294669    1.46638208    1.45651671    1.60667282    1.36457520    1.72493445    1.14183384    1.55247224    2.42899749
Q6WI07_BPKVM/93-129     1.05637830    1.48093328    1.35386212    0.00000000    0.88071455    0.63145695    1.38794426    1.35570406    1.29518661    1.93316297    1.66025690    1.37843444    1.07460493    1.00482494    1.27050841
D7FJE6_ECTSI/33-69     1.32360599    1.86985122    1.60654043    0.88071455    0.00000000    0.39994026    1.21487380    1.54393785    1.44922649    1.62471287    1.69224598    1.36957973    1.18806821    1.11082065    1.71425118
B7G1A0_PHATC/207-243     1.13650063    2.01864144    1.26045661    0.63145695    0.39994026    0.00000000    1.38714325    1.63633042    1.84273342    1.96579428    1.60383713    1.26521017    1.54058314    1.33423075    1.54297108
K5VH41_AGABU/32-68     1.18173214    1.44823735    1.77294669    1.38794426    1.21487380    1.38714325    0.00000000    1.48195436    1.36114162    1.31049033    1.56317742    1.53503311    1.22521105    1.19249400    1.20990999
M2UAN9_COCH5/120-156     1.21627572    1.64594989    1.46638208    1.35570406    1.54393785    1.63633042    1.48195436    0.00000000    0.98505893    1.30338063    0.83140722    1.02406988    0.80797812    0.79340664    1.14910965
Q89820_PBCV1/143-179     1.46596092    2.23463831    1.45651671    1.29518661    1.44922649    1.84273342    1.36114162    0.98505893    0.00000000    1.11633925    1.23752079    1.41464565    0.94148093    0.75107514    1.11418922
M2UAP3_COCH5/141-177     2.14277764    1.44458509    1.60667282    1.93316297    1.62471287    1.96579428    1.31049033    1.30338063    1.11633925    0.00000000    0.54825407    1.82370072    1.46838046    1.54147683    1.46101774
D5GGC2_TUBMM/150-186     1.59310397    1.59146124    1.36457520    1.66025690    1.69224598    1.60383713    1.56317742    0.83140722    1.23752079    0.54825407    0.00000000    1.32583772    1.17390311    1.25001980    1.76032278
O41133_PBCV1/92-127     1.32771500    2.24526016    1.72493445    1.37843444    1.36957973    1.26521017    1.53503311    1.02406988    1.41464565    1.82370072    1.32583772    0.00000000    0.76552022    0.98789636    1.67421054
Q84603_PBCV1/138-174     0.94354355    1.33240085    1.14183384    1.07460493    1.18806821    1.54058314    1.22521105    0.80797812    0.94148093    1.46838046    1.17390311    0.76552022    0.00000000    0.57664383    1.14700522
Q98545_PBCV1/94-128     1.12717943    2.08584143    1.55247224    1.00482494    1.11082065    1.33423075    1.19249400    0.79340664    0.75107514    1.54147683    1.25001980    0.98789636    0.57664383    0.00000000    1.38019594
Q7GEW7_PODAN/165-202     1.34368796    1.50236445    2.42899749    1.27050841    1.71425118    1.54297108    1.20990999    1.14910965    1.11418922    1.46101774    1.76032278    1.67421054    1.14700522    1.38019594    0.00000000

