45
O96395_DROME/20-95     0.00000000    1.78344610    2.68201053    2.10878250    3.40770051    2.52746013    2.43605507    2.47727638    2.22515634    2.91903279    2.03278098    2.49408832    2.17493772    2.10513258    1.85433361    2.80658610    2.98617806    2.85762119    2.04870211    2.09909946    2.66994452    2.67748570    2.82686849    3.37411932    3.29874816    2.39673232    1.86809376    3.00446346    2.93552002    2.65418178    3.60221739    3.33542735    2.39242968    3.04575333    2.65168578    2.34278501    2.34184494    2.24268096    1.85593614    2.55903025    2.58302696    2.68156728    2.08235449    2.57818783    1.84678758
Q9VGL1_DROME/5-76     1.78344610    0.00000000    2.55136979    2.09873968    2.53998079    2.17610509    2.76039799    2.39798912    2.54916317    2.68185734    2.11283938    2.12007183    2.52722973    2.07711966    2.15701111    2.55990352    2.45906465    2.93692538    2.35477872    1.81775359    2.33101216    2.71089832    2.71197328    2.90556407    2.68861336    2.78734179    2.50905152    2.86403928    2.22807867    2.69957513    3.25391445    2.68654606    2.37171022    2.43227480    2.36233666    3.10523429    2.40814960    3.04988498    2.25362963    2.74040945    2.81583668    2.84111955    2.33728629    2.87585992    2.38709443
Q7QGF1_ANOGA/29-103     2.68201053    2.55136979    0.00000000    2.56723680    2.61664319    2.27043567    2.55533148    2.71347942    2.71654031    3.08850897    2.93322160    3.08677802    2.16378832    2.70463115    2.73543318    2.39433044    2.60741620    3.23010330    2.33789349    1.98606713    3.11760216    2.96957564    2.79276318    3.58370815    2.63392280    1.96593642    2.51077695    2.97472913    2.39952262    2.65395832    2.05311574    3.15117696    2.78054327    2.92592111    3.19661981    2.97282856    2.73109999    3.16181288    2.63225002    2.53990027    2.45681106    2.57877340    2.22660738    2.37258988    2.29147340
Q9VDQ6_DROME/10-92     2.10878250    2.09873968    2.56723680    0.00000000    2.11732436    1.88404586    2.02864449    2.10846365    2.39078956    2.76689854    1.84677194    2.21295544    1.60199362    1.87804015    1.57448074    1.78560366    2.28702596    2.65295486    1.75269132    1.90730997    2.00649945    2.20037256    2.24324511    3.26368491    2.85404667    2.19436707    2.53260746    2.59288938    2.52256082    2.76836803    2.92002714    3.79020453    2.44521487    2.21923345    2.45330840    2.34668183    2.39626527    3.10880424    2.17951610    2.67577889    2.10890043    2.17223199    2.11275743    2.20893495    1.80468071
ZN276_HUMAN/78-164     3.40770051    2.53998079    2.61664319    2.11732436    0.00000000    2.21771114    2.46041030    2.60580178    3.35897540    3.04290487    2.63912681    2.88665639    2.45617053    3.20354729    2.37863898    3.21517984    3.38261016    3.29238839    2.75958454    2.55695027    3.23721816    3.06136454    2.22852815    3.33423381    3.56407296    3.17154505    3.07757291    2.76312135    2.56264826    2.86776289    3.48223445    3.46848121    2.87466592    2.38186631    2.98578373    3.03451430    2.82322742    4.25963275    3.31860744    3.20147502    3.36189049    3.29992029    2.49637512    3.21560623    2.86769489
Q9VLK8_DROME/16-94     2.52746013    2.17610509    2.27043567    1.88404586    2.21771114    0.00000000    2.43709981    2.64142979    2.86726697    2.51935666    2.67656711    2.52388216    2.06387878    2.42723019    2.51860718    2.49116846    2.86447864    3.46169138    1.97099632    2.66796883    2.69819819    2.71870378    2.48587269    3.82652586    2.91531572    1.99367050    2.71408854    2.49179333    2.36329275    2.72277329    2.14113425    3.40328894    2.52193290    2.78965180    2.48673913    2.26460365    2.72640213    3.87410376    2.32488533    2.29199643    2.39591473    2.97930060    2.52742982    2.92905655    2.10069762
Q17H35_AEDAE/96-172     2.43605507    2.76039799    2.55533148    2.02864449    2.46041030    2.43709981    0.00000000    1.81234527    2.83870447    2.77459565    2.71252633    2.39255839    2.23407125    2.81456988    2.93211691    2.54578414    2.56107691    3.91066490    2.00603350    2.22727412    2.50342693    3.34596993    2.56556749    2.91494588    3.43394142    2.47146692    2.28215862    2.96503098    3.06233501    3.95618472    3.23924580    3.87389266    2.82408076    2.88838249    3.34337600    2.70121708    2.69228874    3.84645287    2.70289088    2.70992967    3.31344181    2.92831512    2.61244378    3.13747271    2.10969247
Q5TPX0_ANOGA/12-86     2.47727638    2.39798912    2.71347942    2.10846365    2.60580178    2.64142979    1.81234527    0.00000000    3.30721493    3.14896771    2.21147574    2.30084391    1.74891258    2.26881335    2.75460600    2.28345803    2.31543385    3.29713678    2.39244056    2.35127464    2.64294404    2.83144762    3.45870362    3.14692400    3.22887879    2.34654648    2.58181327    3.05479791    3.57721030    3.67173226    2.96244160    3.52182737    2.78712500    2.42960294    2.48353139    2.23178499    2.62840782    2.63011753    2.42154077    2.99490084    2.86896569    3.14339479    2.49343931    3.65933013    2.11047585
Q9VIS9_DROME/28-108     2.22515634    2.54916317    2.71654031    2.39078956    3.35897540    2.86726697    2.83870447    3.30721493    0.00000000    2.44475539    2.15236875    2.88116334    2.48479051    2.04053138    2.23402697    2.79529379    2.59440196    2.97985470    2.25665408    2.09472734    2.81453789    3.62963102    2.59395125    3.07210137    3.64178417    2.43754820    2.59159297    2.42884786    3.65250006    2.58190333    2.52560632    2.03965067    2.71014370    2.32268566    3.15015578    2.91635743    2.96898031    2.93347211    2.60207070    3.04168407    3.00688924    2.82569362    3.33337188    2.84157851    2.51732103
H3D9R0_TETNG/7-76     2.91903279    2.68185734    3.08850897    2.76689854    3.04290487    2.51935666    2.77459565    3.14896771    2.44475539    0.00000000    2.25994220    2.40351237    3.00425160    2.59356695    2.88608244    3.09261785    2.84865970    3.58600444    1.89045889    2.62580057    3.84323451   20.00000000    3.30672592    3.37003242    3.95875706    2.66457835    2.80193916    3.46914684    2.81710488    3.07599825    3.20668170    2.98602994    2.27135971    3.04105365    2.82584192    2.41270159    2.97622516    3.35569578    2.83235687    2.64839135    3.32722233    2.65666265    2.46269199    3.24617981    2.78818798
Q9VHJ3_DROME/18-101     2.03278098    2.11283938    2.93322160    1.84677194    2.63912681    2.67656711    2.71252633    2.21147574    2.15236875    2.25994220    0.00000000    2.23643697    1.77276038    2.44970280    2.16878592    2.34413495    2.72020811    2.88370510    2.34955854    2.16664424    2.32643582    2.77756591    3.06501291    3.08775907    3.05750073    2.82141085    2.63549304    2.93158557    2.87448616    2.60043722    3.22391762    3.56673411    2.63005864    2.74776176    2.47654458    2.42154656    2.05023129    2.81701796    2.18847996    2.48261247    2.77781533    2.86578267    2.74027538    3.09025085    2.07129434
Q16K79_AEDAE/10-91     2.49408832    2.12007183    3.08677802    2.21295544    2.88665639    2.52388216    2.39255839    2.30084391    2.88116334    2.40351237    2.23643697    0.00000000    2.14904994    2.68304879    2.36388243    2.14584052    2.48501965    3.22037634    2.18569904    2.05871217    2.69254351    2.77960164    2.61349732    3.73458543    4.03569163    2.32936483    2.39600235    3.17869907    2.90262072    2.94675329    3.29041364    3.30705669    2.61829546    2.70762248    1.97396030    2.16308719    2.26552092    3.25526742    2.53723950    3.00230245    2.58347382    2.73143380    2.47450507    2.68069107    2.41498254
Q173P4_AEDAE/173-244     2.17493772    2.52722973    2.16378832    1.60199362    2.45617053    2.06387878    2.23407125    1.74891258    2.48479051    3.00425160    1.77276038    2.14904994    0.00000000    2.03699877    2.07317149    1.83520456    2.46001107    2.74668958    1.73215670    1.71966476    2.35833890    2.66662182    2.58794800    3.37433919    3.04868985    2.09721046    2.38355143    2.62697556    2.39848638    2.57446965    2.57424134    3.37890158    3.13782116    2.26303193    2.05391788    1.90385489    2.18615862    2.31571266    1.95020175    2.03240852    2.72276418    2.52891358    2.32447332    2.58793876    2.33834683
Q7Q2A4_ANOGA/17-101     2.10513258    2.07711966    2.70463115    1.87804015    3.20354729    2.42723019    2.81456988    2.26881335    2.04053138    2.59356695    2.44970280    2.68304879    2.03699877    0.00000000    2.11091498    2.09944723    2.60805560    2.46905875    1.88933254    2.03895432    2.40668234    2.40794632    2.81619803    2.95115578    2.91991649    2.00419885    2.47632579    2.29794300    3.07054128    2.50523903    2.02963085    2.38270038    2.53320995    1.98862488    1.87305449    1.93465241    2.93930728    1.77182438    2.31101044    2.67048474    2.48639399    2.32153831    2.06553919    3.25214942    2.67600041
Q7KSP9_DROME/10-82     1.85433361    2.15701111    2.73543318    1.57448074    2.37863898    2.51860718    2.93211691    2.75460600    2.23402697    2.88608244    2.16878592    2.36388243    2.07317149    2.11091498    0.00000000    2.01204842    2.22938324    2.18547279    1.69661131    1.66454837    2.99297240    2.56517978    2.32310597    3.78537393    3.42544199    2.04522231    2.20768165    2.48218511    2.39105887    2.53455233    2.64176175    3.11408311    2.57514888    2.04150840    2.64384328    2.68047084    2.93023754    3.12797293    2.34194276    2.44304592    2.56933795    2.38537430    2.56507727    2.45458497    2.11715749
Q17I37_AEDAE/16-86     2.80658610    2.55990352    2.39433044    1.78560366    3.21517984    2.49116846    2.54578414    2.28345803    2.79529379    3.09261785    2.34413495    2.14584052    1.83520456    2.09944723    2.01204842    0.00000000    1.94158603    2.40422022    2.50805884    2.30230922    2.20706356    3.08824001    2.74392687    3.55313715    4.02900151    2.16170886    2.80360936    2.30148425    2.88716643    3.18044090    2.31384113    2.88478350    2.68152927    2.51041928    3.03581965    2.46187054    2.16171141    2.66142145    3.13467826    3.00749923    2.34081870    3.32001361    2.77840645    3.24233349    2.07790235
Q17J41_AEDAE/18-90     2.98617806    2.45906465    2.60741620    2.28702596    3.38261016    2.86447864    2.56107691    2.31543385    2.59440196    2.84865970    2.72020811    2.48501965    2.46001107    2.60805560    2.22938324    1.94158603    0.00000000    2.46930457    2.22369058    2.21862710    2.98077092    2.69827738    3.06791603    3.33773467    3.29423864    2.34817969    2.76408516    3.71833627    3.43939319    3.94078011    2.63198790    2.98689612    3.13302813    2.91269545    3.50577605    2.72877178    2.94746997    3.24684194    3.33979254    4.03145092    3.49553691    3.30857126    2.90167915    3.36107186    2.39809576
Q9VTY7_DROME/39-114     2.85762119    2.93692538    3.23010330    2.65295486    3.29238839    3.46169138    3.91066490    3.29713678    2.97985470    3.58600444    2.88370510    3.22037634    2.74668958    2.46905875    2.18547279    2.40422022    2.46930457    0.00000000    2.25991052    2.27919043    2.68545156    2.58146788    2.89972007    3.21115190    3.66537505    2.25276850    3.08235493    3.13959780    3.62534192    3.56141425    3.05393901    2.88301919    3.61033367    2.78501054    2.61172997    3.14377399    2.73941911    3.03472492    3.16134879    3.91627702    2.37949849    3.04410537    3.15231320    3.06749334    3.07925121
Q9VEW6_DROME/16-90     2.04870211    2.35477872    2.33789349    1.75269132    2.75958454    1.97099632    2.00603350    2.39244056    2.25665408    1.89045889    2.34955854    2.18569904    1.73215670    1.88933254    1.69661131    2.50805884    2.22369058    2.25991052    0.00000000    1.83698689    2.44576139    2.55266908    2.16080311    2.77588137    2.93002271    1.84500389    2.09343634    2.29297922    2.00546332    2.28207584    2.29902545    2.87287300    2.00894516    2.19059971    2.39916633    1.87397396    2.68123550    2.58941523    2.20685076    2.16722581    2.80290638    2.30333938    2.01713997    2.40516608    2.23402933
B7Z0Z1_DROME/80-154     2.09909946    1.81775359    1.98606713    1.90730997    2.55695027    2.66796883    2.22727412    2.35127464    2.09472734    2.62580057    2.16664424    2.05871217    1.71966476    2.03895432    1.66454837    2.30230922    2.21862710    2.27919043    1.83698689    0.00000000    2.26035754    2.76458049    2.16120509    3.03571395    3.05294507    1.64255668    2.11501884    2.02964008    2.07860803    2.55947059    2.51351267    2.18460248    2.72230239    2.22844850    2.53298295    2.33077459    2.49558631    3.01727993    2.39441228    2.34355202    2.61292018    2.29638960    1.81798062    2.73839520    2.10209259
Q9W3T3_DROME/13-95     2.66994452    2.33101216    3.11760216    2.00649945    3.23721816    2.69819819    2.50342693    2.64294404    2.81453789    3.84323451    2.32643582    2.69254351    2.35833890    2.40668234    2.99297240    2.20706356    2.98077092    2.68545156    2.44576139    2.26035754    0.00000000    2.85539992    2.31980664    2.70997573    2.25344698    2.22860040    3.19730305    2.56327305    3.09100112    3.35132926    2.91143980    2.63184639    2.68178495    2.09791185    2.60870645    2.18135846    2.63731709    3.22527486    3.18827620    3.73405259    3.08752648    3.80392383    3.02834461    3.14780587    3.27941590
Q7JW60_DROME/21-102     2.67748570    2.71089832    2.96957564    2.20037256    3.06136454    2.71870378    3.34596993    2.83144762    3.62963102   20.00000000    2.77756591    2.77960164    2.66662182    2.40794632    2.56517978    3.08824001    2.69827738    2.58146788    2.55266908    2.76458049    2.85539992    0.00000000    2.22281189    3.28299833    3.35787526    2.63852552    2.91461542    3.40379735    3.60163296    2.74377111    3.94719491    3.63501657    2.60708592    3.22976375    2.44238910    2.65244711    2.71730909    4.01283615    2.48045961    2.90274829    2.42106861    3.17846580    2.54300509    2.94351299    2.89981088
Q7Q764_ANOGA/4-76     2.82686849    2.71197328    2.79276318    2.24324511    2.22852815    2.48587269    2.56556749    3.45870362    2.59395125    3.30672592    3.06501291    2.61349732    2.58794800    2.81619803    2.32310597    2.74392687    3.06791603    2.89972007    2.16080311    2.16120509    2.31980664    2.22281189    0.00000000    2.85675498    2.44737715    2.40255683    2.30493910    2.49564382    2.14429577    2.83277001    2.95142945    2.06836898    2.39206074    2.58368232    3.37424916    3.00827441    2.65038574    4.17528209    2.88087484    2.98494929    2.76303759    2.82896151    2.69337749    2.56534787    2.45322396
Q16IP3_AEDAE/12-92     3.37411932    2.90556407    3.58370815    3.26368491    3.33423381    3.82652586    2.91494588    3.14692400    3.07210137    3.37003242    3.08775907    3.73458543    3.37433919    2.95115578    3.78537393    3.55313715    3.33773467    3.21115190    2.77588137    3.03571395    2.70997573    3.28299833    2.85675498    0.00000000    2.65747823    2.90852975    3.54779178    3.51066572    4.38389340    4.13472869    4.70832829    3.37155047    3.56427177    2.75691711    2.99513126    2.81213944    3.06761537    3.59331683    2.68176970    3.98955426    3.48102644    3.56061254    3.73743482    3.73197305    2.90993963
Q17MM2_AEDAE/4-82     3.29874816    2.68861336    2.63392280    2.85404667    3.56407296    2.91531572    3.43394142    3.22887879    3.64178417    3.95875706    3.05750073    4.03569163    3.04868985    2.91991649    3.42544199    4.02900151    3.29423864    3.66537505    2.93002271    3.05294507    2.25344698    3.35787526    2.44737715    2.65747823    0.00000000    2.62065678    2.88784836    3.05789781    3.02802553    2.38235281    3.18083569    3.25080168    3.42406766    2.92603026    2.81149359    2.27441398    3.32509474    2.76079889    2.72444077    3.38299927    2.75422722    3.58393559    3.97441310    3.42930905    3.34991702
Q17JD7_AEDAE/2-72     2.39673232    2.78734179    1.96593642    2.19436707    3.17154505    1.99367050    2.47146692    2.34654648    2.43754820    2.66457835    2.82141085    2.32936483    2.09721046    2.00419885    2.04522231    2.16170886    2.34817969    2.25276850    1.84500389    1.64255668    2.22860040    2.63852552    2.40255683    2.90852975    2.62065678    0.00000000    1.98226214    2.27207584    2.58526082    2.39289156    2.22349988    2.36085295    2.61156198    2.65963817    2.27212958    1.87116854    2.47177197    2.90929295    1.92954762    2.28048508    2.72292590    2.53249350    2.67289258    2.53552463    2.07916236
Q16MQ6_AEDAE/5-79     1.86809376    2.50905152    2.51077695    2.53260746    3.07757291    2.71408854    2.28215862    2.58181327    2.59159297    2.80193916    2.63549304    2.39600235    2.38355143    2.47632579    2.20768165    2.80360936    2.76408516    3.08235493    2.09343634    2.11501884    3.19730305    2.91461542    2.30493910    3.54779178    2.88784836    1.98226214    0.00000000    2.16973134    2.77917588    2.26007759    2.41830088    3.65210445    2.45194662    2.21871911    2.73118638    2.37798631    3.04575065    2.93233077    2.43526059    1.87727591    2.46302746    2.68378907    2.41666862    2.49921414    2.17528280
A0NGY9_ANOGA/14-91     3.00446346    2.86403928    2.97472913    2.59288938    2.76312135    2.49179333    2.96503098    3.05479791    2.42884786    3.46914684    2.93158557    3.17869907    2.62697556    2.29794300    2.48218511    2.30148425    3.71833627    3.13959780    2.29297922    2.02964008    2.56327305    3.40379735    2.49564382    3.51066572    3.05789781    2.27207584    2.16973134    0.00000000    2.39930763    2.23591297    2.57456589    2.85773408    3.12612963    1.99505388    2.78332314    2.58722058    3.36375327    3.46671985    2.89141570    2.71288516    2.59386604    2.94894564    3.28591656    3.01558062    3.41033888
PHYL_DROME/28-97     2.93552002    2.22807867    2.39952262    2.52256082    2.56264826    2.36329275    3.06233501    3.57721030    3.65250006    2.81710488    2.87448616    2.90262072    2.39848638    3.07054128    2.39105887    2.88716643    3.43939319    3.62534192    2.00546332    2.07860803    3.09100112    3.60163296    2.14429577    4.38389340    3.02802553    2.58526082    2.77917588    2.39930763    0.00000000    2.47581036    2.11900692    2.30009207    2.32101110    2.27675641    3.42113222    3.00348730    3.45515832    3.85144447    2.94551991    2.45396608    3.51062357    2.56662989    2.93315534    2.83398193    2.43798024
Q17PD2_AEDAE/5-79     2.65418178    2.69957513    2.65395832    2.76836803    2.86776289    2.72277329    3.95618472    3.67173226    2.58190333    3.07599825    2.60043722    2.94675329    2.57446965    2.50523903    2.53455233    3.18044090    3.94078011    3.56141425    2.28207584    2.55947059    3.35132926    2.74377111    2.83277001    4.13472869    2.38235281    2.39289156    2.26007759    2.23591297    2.47581036    0.00000000    2.00254673    1.74352871    3.49860870    2.77165837    2.77695308    2.46171171    3.34126253    2.76007190    3.09879713    2.67935755    3.32019964    3.62575107    2.30759822    3.36024646    3.08329383
Q8T092_DROME/6-82     3.60221739    3.25391445    2.05311574    2.92002714    3.48223445    2.14113425    3.23924580    2.96244160    2.52560632    3.20668170    3.22391762    3.29041364    2.57424134    2.02963085    2.64176175    2.31384113    2.63198790    3.05393901    2.29902545    2.51351267    2.91143980    3.94719491    2.95142945    4.70832829    3.18083569    2.22349988    2.41830088    2.57456589    2.11900692    2.00254673    0.00000000    1.77543511    4.02967771    3.24452146    3.15933821    2.32989025    3.47047213    2.57352596    3.35351131    2.52028630    2.79784573    2.79257545    2.69914361    2.90459378    2.72113719
Q9W137_DROME/3-77     3.33542735    2.68654606    3.15117696    3.79020453    3.46848121    3.40328894    3.87389266    3.52182737    2.03965067    2.98602994    3.56673411    3.30705669    3.37890158    2.38270038    3.11408311    2.88478350    2.98689612    2.88301919    2.87287300    2.18460248    2.63184639    3.63501657    2.06836898    3.37155047    3.25080168    2.36085295    3.65210445    2.85773408    2.30009207    1.74352871    1.77543511    0.00000000    3.32682022    2.91980625    2.98823458    2.97213757    3.72158289    2.79322745    2.92157151    3.27577825    3.33514543    3.53856058    2.58307879    3.50656307    2.74343660
Q9VBR9_DROME/4-80     2.39242968    2.37171022    2.78054327    2.44521487    2.87466592    2.52193290    2.82408076    2.78712500    2.71014370    2.27135971    2.63005864    2.61829546    3.13782116    2.53320995    2.57514888    2.68152927    3.13302813    3.61033367    2.00894516    2.72230239    2.68178495    2.60708592    2.39206074    3.56427177    3.42406766    2.61156198    2.45194662    3.12612963    2.32101110    3.49860870    4.02967771    3.32682022    0.00000000    2.11317012    2.53819625    2.86389200    2.35525835    3.48508781    2.56884937    3.08657593    3.01810231    2.89184102    2.75613897    3.02564788    2.36559899
Q16LJ9_AEDAE/12-89     3.04575333    2.43227480    2.92592111    2.21923345    2.38186631    2.78965180    2.88838249    2.42960294    2.32268566    3.04105365    2.74776176    2.70762248    2.26303193    1.98862488    2.04150840    2.51041928    2.91269545    2.78501054    2.19059971    2.22844850    2.09791185    3.22976375    2.58368232    2.75691711    2.92603026    2.65963817    2.21871911    1.99505388    2.27675641    2.77165837    3.24452146    2.91980625    2.11317012    0.00000000    2.33381041    2.26527631    3.07136624    2.77278440    2.63927678    2.62675283    2.50848406    2.99794126    2.44299008    2.70599841    2.98279454
Q171F5_AEDAE/7-112     2.65168578    2.36233666    3.19661981    2.45330840    2.98578373    2.48673913    3.34337600    2.48353139    3.15015578    2.82584192    2.47654458    1.97396030    2.05391788    1.87305449    2.64384328    3.03581965    3.50577605    2.61172997    2.39916633    2.53298295    2.60870645    2.44238910    3.37424916    2.99513126    2.81149359    2.27212958    2.73118638    2.78332314    3.42113222    2.77695308    3.15933821    2.98823458    2.53819625    2.33381041    0.00000000    1.89992240    2.11626082    2.34329388    2.65919210    3.08849011    2.83485317    2.48834890    2.69596603    3.10372667    2.98899218
A0NBW7_ANOGA/15-87     2.34278501    3.10523429    2.97282856    2.34668183    3.03451430    2.26460365    2.70121708    2.23178499    2.91635743    2.41270159    2.42154656    2.16308719    1.90385489    1.93465241    2.68047084    2.46187054    2.72877178    3.14377399    1.87397396    2.33077459    2.18135846    2.65244711    3.00827441    2.81213944    2.27441398    1.87116854    2.37798631    2.58722058    3.00348730    2.46171171    2.32989025    2.97213757    2.86389200    2.26527631    1.89992240    0.00000000    2.06762239    1.74723192    2.44039846    2.30711764    2.78764831    2.46641579    1.77535267    2.75373561    2.52566304
Q9VGQ6_DROME/7-83     2.34184494    2.40814960    2.73109999    2.39626527    2.82322742    2.72640213    2.69228874    2.62840782    2.96898031    2.97622516    2.05023129    2.26552092    2.18615862    2.93930728    2.93023754    2.16171141    2.94746997    2.73941911    2.68123550    2.49558631    2.63731709    2.71730909    2.65038574    3.06761537    3.32509474    2.47177197    3.04575065    3.36375327    3.45515832    3.34126253    3.47047213    3.72158289    2.35525835    3.07136624    2.11626082    2.06762239    0.00000000    2.59916516    2.82788942    2.41280078    2.81237482    3.09543386    2.55576771    2.97668529    2.57002431
Q16GR5_AEDAE/13-97     2.24268096    3.04988498    3.16181288    3.10880424    4.25963275    3.87410376    3.84645287    2.63011753    2.93347211    3.35569578    2.81701796    3.25526742    2.31571266    1.77182438    3.12797293    2.66142145    3.24684194    3.03472492    2.58941523    3.01727993    3.22527486    4.01283615    4.17528209    3.59331683    2.76079889    2.90929295    2.93233077    3.46671985    3.85144447    2.76007190    2.57352596    2.79322745    3.48508781    2.77278440    2.34329388    1.74723192    2.59916516    0.00000000    2.53824273    2.82299984    3.06998287    3.83756011    2.46004581    4.29404712    2.34615079
B4HHA5_DROSE/7-92     1.85593614    2.25362963    2.63225002    2.17951610    3.31860744    2.32488533    2.70289088    2.42154077    2.60207070    2.83235687    2.18847996    2.53723950    1.95020175    2.31101044    2.34194276    3.13467826    3.33979254    3.16134879    2.20685076    2.39441228    3.18827620    2.48045961    2.88087484    2.68176970    2.72444077    1.92954762    2.43526059    2.89141570    2.94551991    3.09879713    3.35351131    2.92157151    2.56884937    2.63927678    2.65919210    2.44039846    2.82788942    2.53824273    0.00000000    2.25764973    2.20366791    1.98170530    2.46442891    2.58821783    2.03635636
Q29GX8_DROPS/7-88     2.55903025    2.74040945    2.53990027    2.67577889    3.20147502    2.29199643    2.70992967    2.99490084    3.04168407    2.64839135    2.48261247    3.00230245    2.03240852    2.67048474    2.44304592    3.00749923    4.03145092    3.91627702    2.16722581    2.34355202    3.73405259    2.90274829    2.98494929    3.98955426    3.38299927    2.28048508    1.87727591    2.71288516    2.45396608    2.67935755    2.52028630    3.27577825    3.08657593    2.62675283    3.08849011    2.30711764    2.41280078    2.82299984    2.25764973    0.00000000    1.89300162    2.05204443    2.13167483    2.67394370    2.27356924
Q9VBN9_DROME/46-125     2.58302696    2.81583668    2.45681106    2.10890043    3.36189049    2.39591473    3.31344181    2.86896569    3.00688924    3.32722233    2.77781533    2.58347382    2.72276418    2.48639399    2.56933795    2.34081870    3.49553691    2.37949849    2.80290638    2.61292018    3.08752648    2.42106861    2.76303759    3.48102644    2.75422722    2.72292590    2.46302746    2.59386604    3.51062357    3.32019964    2.79784573    3.33514543    3.01810231    2.50848406    2.83485317    2.78764831    2.81237482    3.06998287    2.20366791    1.89300162    0.00000000    2.38865750    2.75483082    2.63180452    2.71234315
Q9VYG4_DROME/5-80     2.68156728    2.84111955    2.57877340    2.17223199    3.29992029    2.97930060    2.92831512    3.14339479    2.82569362    2.65666265    2.86578267    2.73143380    2.52891358    2.32153831    2.38537430    3.32001361    3.30857126    3.04410537    2.30333938    2.29638960    3.80392383    3.17846580    2.82896151    3.56061254    3.58393559    2.53249350    2.68378907    2.94894564    2.56662989    3.62575107    2.79257545    3.53856058    2.89184102    2.99794126    2.48834890    2.46641579    3.09543386    3.83756011    1.98170530    2.05204443    2.38865750    0.00000000    2.12434959    2.43342542    2.80449178
Q17BA3_AEDAE/91-169     2.08235449    2.33728629    2.22660738    2.11275743    2.49637512    2.52742982    2.61244378    2.49343931    3.33337188    2.46269199    2.74027538    2.47450507    2.32447332    2.06553919    2.56507727    2.77840645    2.90167915    3.15231320    2.01713997    1.81798062    3.02834461    2.54300509    2.69337749    3.73743482    3.97441310    2.67289258    2.41666862    3.28591656    2.93315534    2.30759822    2.69914361    2.58307879    2.75613897    2.44299008    2.69596603    1.77535267    2.55576771    2.46004581    2.46442891    2.13167483    2.75483082    2.12434959    0.00000000    2.64118547    1.91786633
A0NBZ7_ANOGA/18-102     2.57818783    2.87585992    2.37258988    2.20893495    3.21560623    2.92905655    3.13747271    3.65933013    2.84157851    3.24617981    3.09025085    2.68069107    2.58793876    3.25214942    2.45458497    3.24233349    3.36107186    3.06749334    2.40516608    2.73839520    3.14780587    2.94351299    2.56534787    3.73197305    3.42930905    2.53552463    2.49921414    3.01558062    2.83398193    3.36024646    2.90459378    3.50656307    3.02564788    2.70599841    3.10372667    2.75373561    2.97668529    4.29404712    2.58821783    2.67394370    2.63180452    2.43342542    2.64118547    0.00000000    2.16687352
Q17BB2_AEDAE/4-80     1.84678758    2.38709443    2.29147340    1.80468071    2.86769489    2.10069762    2.10969247    2.11047585    2.51732103    2.78818798    2.07129434    2.41498254    2.33834683    2.67600041    2.11715749    2.07790235    2.39809576    3.07925121    2.23402933    2.10209259    3.27941590    2.89981088    2.45322396    2.90993963    3.34991702    2.07916236    2.17528280    3.41033888    2.43798024    3.08329383    2.72113719    2.74343660    2.36559899    2.98279454    2.98899218    2.52566304    2.57002431    2.34615079    2.03635636    2.27356924    2.71234315    2.80449178    1.91786633    2.16687352    0.00000000

