43
R6N7M6_9CLOT/181-358     0.00000000    0.85481280    0.77173351    0.79752989    0.70902379    0.68979979    0.65805632    0.65729087    0.69581488    0.71309600    0.64487015    0.61813829    0.67426377    0.77281463    0.69263355    0.59066678    0.78275455    0.71376102    0.64686926    0.66416369    0.76383195    0.66186940    0.90978840    0.93452230    0.96727171    0.87619725    0.92274675    0.88921018    0.83992052    0.79561029    0.80613502    0.84688505    0.75804839    0.81878470    0.79335758    0.75211562    0.77930949    0.70193044    0.71742985    0.78709738    0.79999006    0.79646642    0.64182554
B2UN39_AKKM8/174-353     0.85481280    0.00000000    0.56580912    0.47364921    0.71299711    0.68178199    0.65486791    0.71935626    0.77950760    0.79720686    0.84284519    0.85392326    0.81738372    0.88061099    0.82946778    0.79245774    0.82796336    0.67228630    0.82809417    0.89442418    0.84210193    0.86059450    0.93057336    1.01884192    1.03922768    0.95718406    0.83312640    0.85418684    0.91275103    0.80789218    0.86497379    0.92730249    0.92089054    0.90925279    0.84605770    0.86402573    0.81249889    0.72962562    0.77830554    0.81024600    0.95098532    0.90812605    0.71341664
A9HPK3_GLUDA/175-351     0.77173351    0.56580912    0.00000000    0.39990673    0.74003919    0.71586889    0.68494761    0.68360540    0.88127020    0.76470140    0.78356946    0.78647073    0.74874312    0.77901587    0.77091068    0.75509533    0.97051243    0.74933520    0.84181755    0.86942659    0.86976048    0.88158935    1.02915600    1.03943920    0.96519908    0.95041429    0.92505236    1.01337439    0.97831193    0.82699518    0.91032027    0.90041809    0.84774287    0.88572469    0.89884996    0.87616117    0.90496468    0.80226402    0.85472156    0.82548676    0.94745343    0.86980528    0.76838216
FUCI_ECOLI/175-354     0.79752989    0.47364921    0.39990673    0.00000000    0.58755289    0.55794934    0.58591112    0.65512561    0.78373097    0.74123414    0.72298914    0.65674525    0.64651877    0.67546960    0.67489406    0.64370666    0.73759352    0.65545508    0.76975489    0.82996283    0.74525946    0.79383871    0.88822163    1.01853942    0.93584673    0.96043266    0.94441089    0.87464418    0.82118478    0.73301031    0.79779388    0.79962469    0.81811441    0.82756692    0.80887047    0.74201214    0.76219249    0.64071232    0.70693920    0.73202203    0.88872941    0.76863523    0.58685702
F8F285_TRECH/190-369     0.70902379    0.71299711    0.74003919    0.58755289    0.00000000    0.25153470    0.36056033    0.44283778    0.51280325    0.50790472    0.46322823    0.50024678    0.46950569    0.44025230    0.40466473    0.35560526    0.58276805    0.51695301    0.54383985    0.52158250    0.57965484    0.59060616    0.81225774    0.86060398    0.78144335    0.80245449    0.70373632    0.67845295    0.64431887    0.60374929    0.60662436    0.63016440    0.68325888    0.66170196    0.57947104    0.57310235    0.56839968    0.46474426    0.57135719    0.56961932    0.67252190    0.60843382    0.50181006
G0GEM3_SPITZ/183-362     0.68979979    0.68178199    0.71586889    0.55794934    0.25153470    0.00000000    0.36679253    0.44938116    0.47525121    0.54835384    0.43988649    0.42975906    0.39573219    0.44460860    0.42056882    0.35398089    0.60592468    0.49807243    0.53960599    0.52320206    0.58893732    0.56922714    0.71317625    0.74805223    0.76488421    0.69175346    0.60292518    0.61231697    0.59059619    0.50294036    0.58431618    0.57727705    0.64549495    0.61470512    0.49138518    0.46221676    0.58040995    0.44501448    0.50283546    0.49569019    0.65049322    0.58062113    0.43565932
B8E1T1_DICTD/187-366     0.65805632    0.65486791    0.68494761    0.58591112    0.36056033    0.36679253    0.00000000    0.43293688    0.46753485    0.53677822    0.40613150    0.44948150    0.47086437    0.49088073    0.44039079    0.33752835    0.53866443    0.39111840    0.42176596    0.46348687    0.46986690    0.53207986    0.65680074    0.73754633    0.68276037    0.73559812    0.55007658    0.58024566    0.56855338    0.51951160    0.46824763    0.52697545    0.57102249    0.49136564    0.44871823    0.42920624    0.45279814    0.39828750    0.46141209    0.47839157    0.55186447    0.44851388    0.37406433
B8F6Y0_HAEPS/177-356     0.65729087    0.71935626    0.68360540    0.65512561    0.44283778    0.44938116    0.43293688    0.00000000    0.45129282    0.54415196    0.44251390    0.48832152    0.52427427    0.53845293    0.47823139    0.35060397    0.58395808    0.48724696    0.53826704    0.54941783    0.59951177    0.55132250    0.76345548    0.76834277    0.79938886    0.78268196    0.62496656    0.62395966    0.57156494    0.60449107    0.64174685    0.59208693    0.68865508    0.63222223    0.55575925    0.50495489    0.55440135    0.44744148    0.54648598    0.44938028    0.73804735    0.61764529    0.47264972
FUCI_STRR6/174-352     0.69581488    0.77950760    0.88127020    0.78373097    0.51280325    0.47525121    0.46753485    0.45129282    0.00000000    0.54938851    0.49716566    0.47177694    0.52612394    0.54567137    0.42675251    0.35875286    0.55944702    0.51364414    0.48539742    0.46400759    0.64166917    0.66531651    0.76601231    0.74152317    0.72025503    0.73701569    0.61285082    0.58652002    0.52465540    0.53889264    0.54060414    0.52690564    0.62308537    0.61844730    0.49730004    0.41925831    0.50347766    0.40443151    0.45566007    0.49979794    0.61996025    0.55658710    0.49897885
I6XVT6_PSEPQ/173-351     0.71309600    0.79720686    0.76470140    0.74123414    0.50790472    0.54835384    0.53677822    0.54415196    0.54938851    0.00000000    0.52210556    0.49541139    0.45695092    0.54577115    0.53238967    0.42484170    0.65327850    0.54571636    0.57949511    0.67054185    0.64400429    0.72275219    0.79732223    0.86602497    0.78675342    0.79787877    0.73014437    0.68953128    0.73123305    0.68307346    0.78697288    0.74292772    0.76818550    0.77743646    0.61278239    0.57949004    0.69139453    0.59406638    0.62842987    0.65855805    0.76361599    0.65253916    0.55499560
H6NK38_9BACL/183-362     0.64487015    0.84284519    0.78356946    0.72298914    0.46322823    0.43988649    0.40613150    0.44251390    0.49716566    0.52210556    0.00000000    0.30675499    0.42624394    0.46497715    0.41839150    0.30566160    0.60077098    0.50090663    0.54525320    0.53930587    0.61403533    0.63680173    0.71558470    0.79496009    0.73425489    0.74371812    0.66110189    0.68570124    0.55650691    0.56221117    0.67003594    0.63717769    0.64819643    0.63651001    0.52643244    0.48370992    0.54729259    0.45304400    0.48565435    0.50891537    0.67766156    0.58895318    0.46051823
D3EM02_GEOS4/185-363     0.61813829    0.85392326    0.78647073    0.65674525    0.50024678    0.42975906    0.44948150    0.48832152    0.47177694    0.49541139    0.30675499    0.00000000    0.41449465    0.46476144    0.42227461    0.31529932    0.53245102    0.46658615    0.44687442    0.53599803    0.59042676    0.51333898    0.65658195    0.69640811    0.65681003    0.68495394    0.63170343    0.58286669    0.55182764    0.60725095    0.68360008    0.66349826    0.62014996    0.66115260    0.53724805    0.45633399    0.57088189    0.47365929    0.54863075    0.54965846    0.68659843    0.60638993    0.44847139
I0I4U2_CALAS/183-362     0.67426377    0.81738372    0.74874312    0.64651877    0.46950569    0.39573219    0.47086437    0.52427427    0.52612394    0.45695092    0.42624394    0.41449465    0.00000000    0.32701653    0.37054329    0.33541168    0.51633120    0.48052408    0.48901380    0.53619340    0.56214319    0.58053913    0.73326399    0.74062442    0.70803893    0.70136943    0.62403181    0.65153686    0.63607190    0.50965194    0.68708377    0.60647903    0.60115363    0.61792484    0.51576901    0.50595335    0.54888279    0.44776020    0.55642904    0.57597835    0.62218473    0.59729128    0.45120178
A0A068NRK6_9BACT/189-368     0.77281463    0.88061099    0.77901587    0.67546960    0.44025230    0.44460860    0.49088073    0.53845293    0.54567137    0.54577115    0.46497715    0.46476144    0.32701653    0.00000000    0.30602696    0.40723072    0.61328008    0.53635813    0.54069837    0.53757994    0.63036981    0.58774999    0.72396092    0.78509306    0.72540666    0.71465653    0.68105110    0.69842696    0.71848295    0.57879643    0.72332390    0.64039784    0.71109425    0.71549581    0.63502027    0.63499435    0.62057834    0.48869971    0.55228243    0.52922926    0.67280614    0.59570977    0.53155990
S0EW00_CHTCT/187-365     0.69263355    0.82946778    0.77091068    0.67489406    0.40466473    0.42056882    0.44039079    0.47823139    0.42675251    0.53238967    0.41839150    0.42227461    0.37054329    0.30602696    0.00000000    0.35340608    0.53187171    0.52294205    0.51980214    0.50199991    0.54565650    0.57311091    0.72097621    0.73448279    0.73254137    0.74018921    0.64923195    0.61686532    0.60799175    0.56688806    0.58547841    0.54877394    0.56560012    0.53561137    0.56194489    0.54670644    0.50811258    0.40910935    0.45173385    0.49246914    0.59165085    0.53478309    0.48320737
B8CWP4_HALOH/188-367     0.59066678    0.79245774    0.75509533    0.64370666    0.35560526    0.35398089    0.33752835    0.35060397    0.35875286    0.42484170    0.30566160    0.31529932    0.33541168    0.40723072    0.35340608    0.00000000    0.48175451    0.45367269    0.44763391    0.48235812    0.46681906    0.48187579    0.63493142    0.65281257    0.62360147    0.66681658    0.53908675    0.53771381    0.48584043    0.44908174    0.48701237    0.52091799    0.56187156    0.51229020    0.38162039    0.35059007    0.44550449    0.35744143    0.41224213    0.45087828    0.57600805    0.52803691    0.35203364
G8QUN0_SPHPG/189-369     0.78275455    0.82796336    0.97051243    0.73759352    0.58276805    0.60592468    0.53866443    0.58395808    0.55944702    0.65327850    0.60077098    0.53245102    0.51633120    0.61328008    0.53187171    0.48175451    0.00000000    0.55094189    0.64898288    0.63706791    0.60150737    0.60236381    0.79726329    0.82543808    0.68236317    0.75751049    0.79762610    0.59732955    0.64872615    0.64910294    0.65334556    0.68222953    0.67155133    0.55565454    0.67469287    0.59538481    0.54884626    0.56753310    0.63803297    0.61764972    0.63563181    0.58671650    0.49637264
G8UJM8_TANFA/179-359     0.71376102    0.67228630    0.74933520    0.65545508    0.51695301    0.49807243    0.39111840    0.48724696    0.51364414    0.54571636    0.50090663    0.46658615    0.48052408    0.53635813    0.52294205    0.45367269    0.55094189    0.00000000    0.41260187    0.46509561    0.48469510    0.49386336    0.67763982    0.70066731    0.68953408    0.71534637    0.68384134    0.59080708    0.53620741    0.47778530    0.54024542    0.49841702    0.55513526    0.53614366    0.60203689    0.53222633    0.50133282    0.39333529    0.48131036    0.41825377    0.62143469    0.47520724    0.45596902
F4C902_SPHS2/173-352     0.64686926    0.82809417    0.84181755    0.76975489    0.54383985    0.53960599    0.42176596    0.53826704    0.48539742    0.57949511    0.54525320    0.44687442    0.48901380    0.54069837    0.51980214    0.44763391    0.64898288    0.41260187    0.00000000    0.26259621    0.51756297    0.51204899    0.64747120    0.68044939    0.69081179    0.69887147    0.60608732    0.59601304    0.62075460    0.56972042    0.59108790    0.56118490    0.66740048    0.59520801    0.47277699    0.38317364    0.49280631    0.40800361    0.52244532    0.48745320    0.54872595    0.51137742    0.53766563
W0EY07_9BACT/181-360     0.66416369    0.89442418    0.86942659    0.82996283    0.52158250    0.52320206    0.46348687    0.54941783    0.46400759    0.67054185    0.53930587    0.53599803    0.53619340    0.53757994    0.50199991    0.48235812    0.63706791    0.46509561    0.26259621    0.00000000    0.58486857    0.50506909    0.65651363    0.70697507    0.72046500    0.74162290    0.63473856    0.66503220    0.64506570    0.57806943    0.59789473    0.58730401    0.65507831    0.56858454    0.50840040    0.43650609    0.46340511    0.39186559    0.49569453    0.45305599    0.59156349    0.53319400    0.50130019
X5D7G7_9BACT/178-357     0.76383195    0.84210193    0.86976048    0.74525946    0.57965484    0.58893732    0.46986690    0.59951177    0.64166917    0.64400429    0.61403533    0.59042676    0.56214319    0.63036981    0.54565650    0.46681906    0.60150737    0.48469510    0.51756297    0.58486857    0.00000000    0.32973035    0.68829545    0.73483152    0.74864806    0.73018549    0.57732568    0.57844798    0.64782611    0.60706461    0.58040408    0.61126167    0.67475300    0.65486781    0.57657397    0.50860499    0.55883135    0.50598522    0.60548999    0.48582199    0.62708647    0.57193906    0.51597044
T2KQP3_FORAG/177-356     0.66186940    0.86059450    0.88158935    0.79383871    0.59060616    0.56922714    0.53207986    0.55132250    0.66531651    0.72275219    0.63680173    0.51333898    0.58053913    0.58774999    0.57311091    0.48187579    0.60236381    0.49386336    0.51204899    0.50506909    0.32973035    0.00000000    0.62241089    0.65878653    0.71435157    0.74477488    0.56193992    0.56930158    0.61650901    0.56136135    0.58289311    0.56966779    0.62649026    0.55340387    0.59818634    0.52334404    0.54310466    0.50979205    0.60078010    0.48213299    0.58972521    0.53702665    0.52249273
FUCI_CLOPE/173-358     0.90978840    0.93057336    1.02915600    0.88822163    0.81225774    0.71317625    0.65680074    0.76345548    0.76601231    0.79732223    0.71558470    0.65658195    0.73326399    0.72396092    0.72097621    0.63493142    0.79726329    0.67763982    0.64747120    0.65651363    0.68829545    0.62241089    0.00000000    0.42070696    0.47965722    0.47758741    0.67280121    0.61671044    0.84883241    0.68376546    0.63331748    0.72824981    0.75305065    0.67539527    0.70052573    0.73951625    0.69858926    0.69621848    0.69254864    0.67583335    0.75130182    0.68419201    0.62049993
R6MLV4_9FIRM/171-356     0.93452230    1.01884192    1.03943920    1.01853942    0.86060398    0.74805223    0.73754633    0.76834277    0.74152317    0.86602497    0.79496009    0.69640811    0.74062442    0.78509306    0.73448279    0.65281257    0.82543808    0.70066731    0.68044939    0.70697507    0.73483152    0.65878653    0.42070696    0.00000000    0.28018410    0.26695953    0.62078453    0.48403882    0.74029881    0.71194637    0.71410951    0.74326314    0.76299470    0.66736374    0.69018765    0.75215572    0.60889864    0.71338924    0.66933847    0.67352773    0.75925127    0.69848083    0.70081799
R5L4Q9_9CLOT/172-357     0.96727171    1.03922768    0.96519908    0.93584673    0.78144335    0.76488421    0.68276037    0.79938886    0.72025503    0.78675342    0.73425489    0.65681003    0.70803893    0.72540666    0.73254137    0.62360147    0.68236317    0.68953408    0.69081179    0.72046500    0.74864806    0.71435157    0.47965722    0.28018410    0.00000000    0.17785420    0.58469300    0.50058139    0.78818398    0.73252802    0.73739490    0.75926542    0.80442481    0.73372072    0.72892429    0.69720117    0.63118335    0.65125480    0.74996688    0.68454416    0.78481271    0.69093653    0.72380477
R6IQC7_9CLOT/172-357     0.87619725    0.95718406    0.95041429    0.96043266    0.80245449    0.69175346    0.73559812    0.78268196    0.73701569    0.79787877    0.74371812    0.68495394    0.70136943    0.71465653    0.74018921    0.66681658    0.75751049    0.71534637    0.69887147    0.74162290    0.73018549    0.74477488    0.47758741    0.26695953    0.17785420    0.00000000    0.55282127    0.48166403    0.82169261    0.74762560    0.73566621    0.81302329    0.74919171    0.81184642    0.64932454    0.70067360    0.62271336    0.65291317    0.67324637    0.70680971    0.73478132    0.73205431    0.71069645
R6P4I7_9CLOT/173-352     0.92274675    0.83312640    0.92505236    0.94441089    0.70373632    0.60292518    0.55007658    0.62496656    0.61285082    0.73014437    0.66110189    0.63170343    0.62403181    0.68105110    0.64923195    0.53908675    0.79762610    0.68384134    0.60608732    0.63473856    0.57732568    0.56193992    0.67280121    0.62078453    0.58469300    0.55282127    0.00000000    0.38424212    0.65169533    0.62396785    0.64425045    0.63887092    0.67616257    0.67198478    0.56323572    0.56338845    0.63923405    0.56795843    0.60602111    0.54921495    0.81103353    0.72434519    0.64184520
R6HXF8_9FIRM/172-365     0.88921018    0.85418684    1.01337439    0.87464418    0.67845295    0.61231697    0.58024566    0.62395966    0.58652002    0.68953128    0.68570124    0.58286669    0.65153686    0.69842696    0.61686532    0.53771381    0.59732955    0.59080708    0.59601304    0.66503220    0.57844798    0.56930158    0.61671044    0.48403882    0.50058139    0.48166403    0.38424212    0.00000000    0.64458214    0.61398097    0.59122655    0.59136220    0.61018649    0.57290035    0.57487185    0.57142352    0.53057701    0.57604148    0.62289035    0.61619531    0.69945001    0.66655794    0.59264871
R5C412_9FIRM/178-356     0.83992052    0.91275103    0.97831193    0.82118478    0.64431887    0.59059619    0.56855338    0.57156494    0.52465540    0.73123305    0.55650691    0.55182764    0.63607190    0.71848295    0.60799175    0.48584043    0.64872615    0.53620741    0.62075460    0.64506570    0.64782611    0.61650901    0.84883241    0.74029881    0.78818398    0.82169261    0.65169533    0.64458214    0.00000000    0.50104727    0.52853189    0.46432271    0.55036726    0.53186735    0.55246837    0.46586774    0.50522666    0.46244444    0.57895116    0.45842399    0.61019431    0.56795250    0.58132282
R6K2W4_9CLOT/181-359     0.79561029    0.80789218    0.82699518    0.73301031    0.60374929    0.50294036    0.51951160    0.60449107    0.53889264    0.68307346    0.56221117    0.60725095    0.50965194    0.57879643    0.56688806    0.44908174    0.64910294    0.47778530    0.56972042    0.57806943    0.60706461    0.56136135    0.68376546    0.71194637    0.73252802    0.74762560    0.62396785    0.61398097    0.50104727    0.00000000    0.28856655    0.25894409    0.25124549    0.28016095    0.61591067    0.57918923    0.52248092    0.42680778    0.40115750    0.43113821    0.60939596    0.49889721    0.49036564
R5N4L5_9FIRM/181-359     0.80613502    0.86497379    0.91032027    0.79779388    0.60662436    0.58431618    0.46824763    0.64174685    0.54060414    0.78697288    0.67003594    0.68360008    0.68708377    0.72332390    0.58547841    0.48701237    0.65334556    0.54024542    0.59108790    0.59789473    0.58040408    0.58289311    0.63331748    0.71410951    0.73739490    0.73566621    0.64425045    0.59122655    0.52853189    0.28856655    0.00000000    0.23031893    0.29971207    0.26479868    0.60336136    0.56023198    0.50941637    0.43745452    0.46022741    0.53886298    0.57037431    0.53529889    0.58584875
R5XYL1_9FIRM/181-359     0.84688505    0.92730249    0.90041809    0.79962469    0.63016440    0.57727705    0.52697545    0.59208693    0.52690564    0.74292772    0.63717769    0.66349826    0.60647903    0.64039784    0.54877394    0.52091799    0.68222953    0.49841702    0.56118490    0.58730401    0.61126167    0.56966779    0.72824981    0.74326314    0.75926542    0.81302329    0.63887092    0.59136220    0.46432271    0.25894409    0.23031893    0.00000000    0.31112028    0.32572776    0.56958134    0.53046813    0.51556422    0.40887474    0.44020147    0.46374952    0.62694262    0.49256335    0.56478997
R6TJG3_9FIRM/181-359     0.75804839    0.92089054    0.84774287    0.81811441    0.68325888    0.64549495    0.57102249    0.68865508    0.62308537    0.76818550    0.64819643    0.62014996    0.60115363    0.71109425    0.56560012    0.56187156    0.67155133    0.55513526    0.66740048    0.65507831    0.67475300    0.62649026    0.75305065    0.76299470    0.80442481    0.74919171    0.67616257    0.61018649    0.55036726    0.25124549    0.29971207    0.31112028    0.00000000    0.25894986    0.68233401    0.63839037    0.61992210    0.52216245    0.54055561    0.58294266    0.70284416    0.60174669    0.56271298
R6EFL4_9FIRM/182-360     0.81878470    0.90925279    0.88572469    0.82756692    0.66170196    0.61470512    0.49136564    0.63222223    0.61844730    0.77743646    0.63651001    0.66115260    0.61792484    0.71549581    0.53561137    0.51229020    0.55565454    0.53614366    0.59520801    0.56858454    0.65486781    0.55340387    0.67539527    0.66736374    0.73372072    0.81184642    0.67198478    0.57290035    0.53186735    0.28016095    0.26479868    0.32572776    0.25894986    0.00000000    0.66603186    0.62174909    0.51017777    0.46504706    0.52796333    0.52481280    0.61986178    0.50877011    0.54748272
R6VKB5_9BACT/175-356     0.79335758    0.84605770    0.89884996    0.80887047    0.57947104    0.49138518    0.44871823    0.55575925    0.49730004    0.61278239    0.52643244    0.53724805    0.51576901    0.63502027    0.56194489    0.38162039    0.67469287    0.60203689    0.47277699    0.50840040    0.57657397    0.59818634    0.70052573    0.69018765    0.72892429    0.64932454    0.56323572    0.57487185    0.55246837    0.61591067    0.60336136    0.56958134    0.68233401    0.66603186    0.00000000    0.25215239    0.44491847    0.46764778    0.50303939    0.52587613    0.57562601    0.59058322    0.52385285
R7EMR5_9BACE/179-360     0.75211562    0.86402573    0.87616117    0.74201214    0.57310235    0.46221676    0.42920624    0.50495489    0.41925831    0.57949004    0.48370992    0.45633399    0.50595335    0.63499435    0.54670644    0.35059007    0.59538481    0.53222633    0.38317364    0.43650609    0.50860499    0.52334404    0.73951625    0.75215572    0.69720117    0.70067360    0.56338845    0.57142352    0.46586774    0.57918923    0.56023198    0.53046813    0.63839037    0.62174909    0.25215239    0.00000000    0.41364037    0.34961736    0.47679310    0.40146507    0.50501785    0.44763858    0.49153648
R5CQ36_9BACT/173-355     0.77930949    0.81249889    0.90496468    0.76219249    0.56839968    0.58040995    0.45279814    0.55440135    0.50347766    0.69139453    0.54729259    0.57088189    0.54888279    0.62057834    0.50811258    0.44550449    0.54884626    0.50133282    0.49280631    0.46340511    0.55883135    0.54310466    0.69858926    0.60889864    0.63118335    0.62271336    0.63923405    0.53057701    0.50522666    0.52248092    0.50941637    0.51556422    0.61992210    0.51017777    0.44491847    0.41364037    0.00000000    0.33820463    0.43720545    0.41733375    0.39777561    0.45777614    0.46595790
A0A174JHN8_9BACE/173-355     0.70193044    0.72962562    0.80226402    0.64071232    0.46474426    0.44501448    0.39828750    0.44744148    0.40443151    0.59406638    0.45304400    0.47365929    0.44776020    0.48869971    0.40910935    0.35744143    0.56753310    0.39333529    0.40800361    0.39186559    0.50598522    0.50979205    0.69621848    0.71338924    0.65125480    0.65291317    0.56795843    0.57604148    0.46244444    0.42680778    0.43745452    0.40887474    0.52216245    0.46504706    0.46764778    0.34961736    0.33820463    0.00000000    0.23807333    0.26859673    0.43285194    0.32114521    0.44384599
R6F5B0_9BACT/173-355     0.71742985    0.77830554    0.85472156    0.70693920    0.57135719    0.50283546    0.46141209    0.54648598    0.45566007    0.62842987    0.48565435    0.54863075    0.55642904    0.55228243    0.45173385    0.41224213    0.63803297    0.48131036    0.52244532    0.49569453    0.60548999    0.60078010    0.69254864    0.66933847    0.74996688    0.67324637    0.60602111    0.62289035    0.57895116    0.40115750    0.46022741    0.44020147    0.54055561    0.52796333    0.50303939    0.47679310    0.43720545    0.23807333    0.00000000    0.32347333    0.50802246    0.36758263    0.48848687
R5NGJ9_9BACT/173-354     0.78709738    0.81024600    0.82548676    0.73202203    0.56961932    0.49569019    0.47839157    0.44938028    0.49979794    0.65855805    0.50891537    0.54965846    0.57597835    0.52922926    0.49246914    0.45087828    0.61764972    0.41825377    0.48745320    0.45305599    0.48582199    0.48213299    0.67583335    0.67352773    0.68454416    0.70680971    0.54921495    0.61619531    0.45842399    0.43113821    0.53886298    0.46374952    0.58294266    0.52481280    0.52587613    0.40146507    0.41733375    0.26859673    0.32347333    0.00000000    0.49578497    0.35107316    0.51895315
D5EY63_PRER2/173-369     0.79999006    0.95098532    0.94745343    0.88872941    0.67252190    0.65049322    0.55186447    0.73804735    0.61996025    0.76361599    0.67766156    0.68659843    0.62218473    0.67280614    0.59165085    0.57600805    0.63563181    0.62143469    0.54872595    0.59156349    0.62708647    0.58972521    0.75130182    0.75925127    0.78481271    0.73478132    0.81103353    0.69945001    0.61019431    0.60939596    0.57037431    0.62694262    0.70284416    0.61986178    0.57562601    0.50501785    0.39777561    0.43285194    0.50802246    0.49578497    0.00000000    0.24763105    0.62330366
R6X0A5_9BACT/172-354     0.79646642    0.90812605    0.86980528    0.76863523    0.60843382    0.58062113    0.44851388    0.61764529    0.55658710    0.65253916    0.58895318    0.60638993    0.59729128    0.59570977    0.53478309    0.52803691    0.58671650    0.47520724    0.51137742    0.53319400    0.57193906    0.53702665    0.68419201    0.69848083    0.69093653    0.73205431    0.72434519    0.66655794    0.56795250    0.49889721    0.53529889    0.49256335    0.60174669    0.50877011    0.59058322    0.44763858    0.45777614    0.32114521    0.36758263    0.35107316    0.24763105    0.00000000    0.55146273
I6YW57_MELRP/184-361     0.64182554    0.71341664    0.76838216    0.58685702    0.50181006    0.43565932    0.37406433    0.47264972    0.49897885    0.55499560    0.46051823    0.44847139    0.45120178    0.53155990    0.48320737    0.35203364    0.49637264    0.45596902    0.53766563    0.50130019    0.51597044    0.52249273    0.62049993    0.70081799    0.72380477    0.71069645    0.64184520    0.59264871    0.58132282    0.49036564    0.58584875    0.56478997    0.56271298    0.54748272    0.52385285    0.49153648    0.46595790    0.44384599    0.48848687    0.51895315    0.62330366    0.55146273    0.00000000

