152
Q92WB1_RHIME/590-786     0.00000000    1.03614106    1.04214108    2.22937648    2.14028662    2.75926653    2.62215173    3.00301658    3.06827793    2.74008798    3.04379792    2.63708267    2.80646126    2.84442782    2.98170038    2.72675447    2.50321713    2.94328872    3.01022747    2.88553740    3.15671922    2.86219815    2.40968844    2.71183946    2.69347842    2.90128171    2.63171107    4.03862266    3.30188734    3.48487824    3.26128583    3.42423419    3.58968946    3.25944711    3.09389372    2.90549020    3.29128951    2.94815672    2.54772190    2.79706002    4.17402303    3.23137782    3.13453883    3.10368244    3.14715706    3.09418013    3.27646907    3.15421812    3.44026164    3.31999522    2.91515583    2.70423552    2.37415313    2.80672788    1.92914829    2.27010172    2.93919392    2.85269128    2.83321961    2.99373572    2.94996303    2.76993731    2.75449225    2.71666025    3.08022198    3.30904610    2.86486482    3.30578554    2.35169698    2.73029145    2.97321862    3.00974922    3.28321051    2.61836960    2.90181358    2.74816199    2.43286439    2.52096379    2.37175716    2.86635850    2.59506288    2.38633087    2.74116899    2.50319323    2.58618613    2.35591506    2.45471846    2.39406966    2.85804632    2.54423982    2.61842566    2.28500054    2.76606891    2.50411893    2.38227732    2.43611586    2.43420753    2.63005740    2.52366028    2.53540033    2.21134721    2.23270672    2.25142164    2.44308148    2.09463358    2.56848266    2.76409758    2.22541964    2.47025120    2.41685556    2.36443380    2.58049594    2.54728719    2.63077618    2.77789145    3.13603333    2.93336654    2.89670008    2.64937337    2.54995867    2.57836944    2.59242748    2.58144084    2.63279331    2.52887753    2.34771893    2.41525933    2.21901811    3.18412116    2.83578925    2.92276808    2.34027483    2.34987756    2.53719741    2.81767156    2.16981733    2.06391626    2.20980512    2.24406323    2.19792735    2.03315125    2.25520590    2.58202680    2.29449147    2.57418053    2.41997651    2.41584333    2.13259918    2.31185755    2.16407841    2.47281307    2.35712457
Q55889_SYNY3/314-510     1.03614106    0.00000000    0.89406903    2.39731908    2.29093377    2.49896917    2.97947456    2.48540310    2.42745042    2.52107355    3.56357179    2.58837700    3.37526119    3.33586530    3.55244770    2.85285112    2.66885947    2.53169238    3.08029145    2.94617614    3.40074861    3.35329738    2.44816446    2.70215740    2.53223984    2.87109957    2.40705744    3.43860389    3.29302284    3.26117896    3.40252716    3.42493924    3.25953594    2.94582569    2.99508574    2.69989709    2.88231466    2.57113267    2.68188043    2.92650557    3.62513710    2.69327866    2.54215928    2.81040797    2.84855570    2.65272539    2.74828727    3.03946527    3.08312842    3.08340729    3.37648243    2.52862781    1.92439428    3.15665863    2.05093085    2.20985052    2.45201665    2.64650918    2.45174497    3.14490651    2.90485621    2.72788623    2.47874871    2.53978167    2.69702308    3.18265036    2.70395302    2.77626102    2.32341085    2.52310986    2.53362655    2.74459787    2.82048930    2.43450227    2.93908184    3.07305536    2.44470113    2.70033925    2.61904295    3.19117039    2.64316238    2.50711169    2.85029951    2.75434281    2.55058076    2.24176711    2.70969372    2.49239214    2.82404107    2.75067011    2.47505290    2.12426541    2.32428492    2.22215742    2.31085067    2.18232673    2.36348631    2.43854137    2.44057100    2.26750712    2.32750506    2.26168893    2.28593215    2.37531529    2.38457905    2.17516187    2.69589539    2.06277715    2.59953290    2.33946820    2.60077617    2.76437652    2.78288132    3.16932070    2.93813418    3.24219078    3.14097809    2.93872092    3.00139968    2.74827132    2.55408889    2.51851239    2.38432381    2.50887426    2.62239427    2.61959032    2.31524247    2.31725951    3.10211887    2.54996513    2.90278003    2.12909295    2.26970443    2.40418239    3.22159678    2.67234089    2.27531710    2.77370963    2.67373361    2.58710179    2.31411010    2.15161429    2.39588780    2.24432216    2.65008959    2.65146318    2.52020514    2.21928414    2.20007121    2.03649866    2.50222487    2.19799046
P74554_SYNY3/437-633     1.04214108    0.89406903    0.00000000    2.13370025    2.18729849    2.50834706    2.40395442    2.59254144    3.05493522    2.57020798    3.35627525    2.41700410    2.94969873    2.95730143    3.10031365    2.81394246    2.78495566    2.68575724    2.85233078    2.80184081    3.20267764    2.86040826    2.40404785    2.41417273    2.16200360    2.80546940    2.52720008    3.55449220    3.08948422    3.46762492    3.41808923    3.36031017    3.15485900    2.98472355    2.71151496    2.64011940    2.83558344    2.63455634    2.64362478    2.81519026    3.47534149    2.76989907    2.87628413    3.07198701    3.10134868    2.87753787    3.09675908    3.34216256    3.40064590    3.53683696    3.18436470    2.61468532    2.35044378    2.57898151    2.31157477    2.56036062    2.29468114    2.57985952    2.82949537    2.96910830    3.30904151    2.94895680    2.64068479    2.39070869    3.13018160    3.17697576    2.91114123    2.82023755    2.35575652    2.51937635    2.59761624    2.64770627    2.70773285    2.46465396    2.60518359    2.55308011    2.67379829    2.48238443    2.74202692    2.64810633    2.34100985    2.31619488    2.62687749    2.52946441    2.46419519    2.73324193    2.72907989    2.59257552    2.92366534    2.65878473    2.41443821    2.55816337    2.66345490    2.57487234    2.55414706    2.47022708    2.63950556    2.62467018    2.51496428    2.42353687    2.48434873    2.15402409    2.53829842    2.39322085    2.29041633    2.26660191    2.69594590    1.97580311    2.59907451    2.44606650    2.48169839    2.64722840    2.53265487    2.74528060    2.48260283    2.60730024    2.75241321    2.66993636    2.68978030    2.49443389    2.59204992    2.46388095    2.51708760    2.45980220    2.77198346    2.51732430    2.47072430    2.37407025    3.22416301    2.79898956    2.51039322    2.15532075    2.11292035    2.24250873    2.48103796    2.09588012    2.20831420    2.23805262    2.46303218    2.18711521    2.17204611    2.08592025    2.31312879    2.13792482    2.33698180    2.25535993    2.26794951    2.06058859    2.02841929    1.91537033    2.11167142    1.83875902
O83248_TREPA/514-712     2.22937648    2.39731908    2.13370025    0.00000000    1.99446799    2.62895266    2.11619666    2.49871129    2.66182334    2.12935410    3.14868617    2.68945566    2.91614953    3.19512622    3.27600108    2.44376812    3.04860043    3.00125762    3.40576706    3.22499328    2.37657200    2.91924182    2.54895649    2.47242595    2.16246070    3.01338783    2.38694274    2.75039403    2.69285717    2.80484417    3.01141360    2.57313199    2.67095973    2.39700198    2.51201479    2.61275984    3.01644850    2.68134140    2.83980146    2.94351499    3.85941962    2.73188578    2.92443563    3.10291195    3.03712400    3.10575929    3.09422587    3.04349754    2.80072979    3.14177751    3.65804102    2.70631596    2.67645449    2.57647107    2.14198479    2.32777803    2.89589255    3.07227877    3.27394556    3.29107700    3.36025545    3.27316817    2.90255684    2.80207863    2.99443572    3.60806585    3.24311846    3.24901459    2.62087984    3.08589680    3.18761980    2.95293212    2.98344052    3.45049947    2.56297713    2.56646627    2.47620885    2.89653197    2.42326527    3.56638102    2.38963943    2.39888299    3.01280165    3.14432272    2.77069743    2.65386150    2.72455700    2.68062809    2.85944501    2.79267307    2.63605641    2.88617137    2.90889057    2.74197646    2.55309399    2.52320778    2.59588788    2.72459948    2.80969890    2.88947500    2.42609328    2.55894786    2.91479118    2.79645031    2.65765440    2.80784363    3.15299278    2.47947121    2.83045758    2.45542835    2.54990507    2.85568043    2.96825925    3.29360401    3.09722093    2.77853231    2.96507437    2.91035964    2.88947035    2.90665623    2.56798016    2.51750818    2.92072228    2.62310644    3.03500020    2.65512273    2.75489121    2.79121692    3.01104437    3.27921631    2.84199062    2.47933431    2.42268949    3.04527158    2.67098132    2.16631975    2.14763788    2.36476374    2.33112521    2.27672705    2.28947308    1.99621409    2.20807316    2.12085246    2.08718267    2.16971229    2.18431066    2.13040235    2.32569551    2.15892546    2.11098120    2.24378519
Q8F1G6_LEPIN/394-587     2.14028662    2.29093377    2.18729849    1.99446799    0.00000000    3.43773677    2.42732990    2.07746802    2.33100811    2.08308977    2.32854394    2.32439995    2.18318611    2.39918149    2.45534288    2.30059105    2.17448869    2.41723746    2.38428701    2.28382236    2.08251045    2.10397656    1.92498072    1.90694988    1.98888062    2.30927356    1.93384240    3.41524559    2.67112174    2.32671838    3.41230492    3.04117505    2.86111970    2.99841006    2.47282261    2.73508954    2.74102092    2.58128070    2.83526957    3.14095375    3.71103865    2.92918183    2.98261923    3.23628492    3.06875393    3.04044968    3.12436187    2.68270595    3.59295694    3.42913645    3.13115543    2.32614520    2.43311106    2.51051343    2.22579100    2.28968104    2.67968522    2.77671509    3.08962925    3.16759874    3.23111620    2.87339889    2.63967349    2.78300396    2.70022592    2.88266439    2.84857097    2.89464728    2.77472879    2.87966304    3.02555304    2.35050213    2.70066193    2.81593666    2.20999531    2.53529027    2.44237937    2.32889210    2.18568226    2.99248730    2.30430082    2.68790215    2.60838342    2.46733301    2.77663232    2.15384493    2.37992561    2.22131379    2.79947689    2.72993208    2.65830720    2.48210466    2.62417207    2.32319752    2.28058792    2.32899848    2.54231042    2.56625967    2.41725679    2.49895519    2.48291930    2.33186881    2.54223266    2.45083288    2.38375239    2.62449006    2.88417744    2.19807406    2.30686781    2.30170628    2.33832478    2.16099457    2.83462551    3.00172264    3.16972528    2.64226084    2.76213957    2.84694738    2.99187873    2.21836955    2.43496424    2.24339749    3.08479454    2.49644458    2.50774061    2.53430680    2.70741091    2.42241037    2.96680699    2.41482313    3.08910957    2.32788378    2.09464456    2.55970987    2.23700611    2.09460116    1.82651863    1.77742863    1.90964058    1.85053018    1.77464337    2.39183377    2.26546175    2.11043634    2.08971729    1.87328744    2.14053488    1.94648806    2.02280302    1.90828957    1.91102874    1.80622318
Q9I6W0_PSEAE/464-663     2.75926653    2.49896917    2.50834706    2.62895266    3.43773677    0.00000000    2.46153655    2.60566308    3.46627422    3.36217205    3.25580364    2.88894997    2.84601115    2.66915122    3.03435619    2.67233296    2.71907875    2.85424711    2.68806222    3.00597367    2.98294516    2.81694626    2.62433673    2.63052910    2.80511608    2.62774979    2.75069166    3.84952762    3.42346678    3.46981883    3.65515767    3.72740100    3.14323951    3.22002820    2.96694085    2.84592411    2.56233530    2.49760733    2.81280885    3.97458639    3.64019040    3.05965506    3.19562241    3.16023550    3.09047591    3.32591916    3.43192979    3.32143758    3.19735782    3.70880138    3.25395229    2.94544609    3.31784521    3.22925289    2.60316602    3.02597219    2.73156797    3.42363529    4.76738725    4.13014478    5.77230205    3.29411343    3.44343771    3.72246476    4.22577521    4.84935443    3.98830396    3.73296022    2.60226353    3.37018819    3.16932527    2.68604716    3.22122634    2.78784224    3.18350086    3.14657356    2.84422771    3.40103344    2.61751554    3.12971357    2.49267966    3.04855060    2.92285313    2.85341366    2.93678776    2.47361740    2.93061664    2.60151903    3.21312679    3.09115079    2.91944305    2.84689212    3.24778793    3.04195210    3.06238706    3.05691016    2.95793844    2.97274403    3.19977214    3.10532953    2.69113828    2.93280724    3.12751679    2.85129374    2.69587723    3.06580868    2.88652620    2.71313249    3.03223488    2.96094703    2.99582724    3.06449288    2.75892646    3.19154485    3.65750827    2.76456464    3.19201281    2.83580238    2.75436384    2.76072751    2.67545251    2.71147774    2.99401990    2.82650391    3.04312186    2.62707816    2.67454461    2.60288419    3.83862056    3.29640437    3.50196051    2.96234440    2.61567074    2.47591203    2.90438001    2.61207373    2.75733947    2.69890583    2.69710507    2.77908871    2.72738849    2.65004762    2.84522659    2.57779988    2.56647281    2.49968846    2.69195202    2.49132772    2.50771443    2.51307349    2.98284693    2.53732151
O83247_TREPA/294-488     2.62215173    2.97947456    2.40395442    2.11619666    2.42732990    2.46153655    0.00000000    2.16709677    3.07278985    2.61170528    2.91640246    3.13584088    2.58106076    2.54221973    2.79969792    2.90804167    2.76843981    2.56703706    2.83323642    2.57935965    2.50571096    2.60176005    2.92317724    2.99508076    2.80846145    3.00762328    2.81261245    3.23193023    3.30421765    2.78800342    3.23231079    2.94427449    3.12622049    3.25410417    2.74741678    2.82910752    2.84937484    2.64664748    2.79100489    3.37230910    2.74129271    2.31799024    2.31972904    2.73648007    2.46873274    2.52905993    2.61667368    2.44141462    2.43317899    2.88440045    3.33650532    2.90560179    2.72908457    2.62068671    2.23756955    2.11590585    2.36408637    2.62052508    2.72765115    2.67481762    2.77283726    2.67055667    2.53819914    2.27644317    2.80503014    2.80871047    2.87568854    2.99552196    2.41054238    3.18748836    3.32586537    2.39259461    2.56869338    2.55040404    2.20738897    2.39502087    2.25019912    2.48109699    2.28287354    2.87993948    2.56785561    2.79630101    3.07915708    2.92300031    2.48653841    2.74495110    2.68693529    2.86983624    2.98562919    3.27183283    2.54340072    2.73029325    2.62039272    2.55979357    2.85301197    2.66326463    2.70435080    2.77568484    2.81428581    2.58924671    2.59543128    2.55895064    3.05215978    2.62318344    2.43580416    3.24334922    2.56553648    2.67751222    3.14353264    3.00080046    2.74309136    3.03432713    2.75749134    2.58481122    2.64979623    2.35633525    2.48383760    2.71896601    2.42233292    3.01619124    2.85078408    2.87484231    3.09582918    2.75682870    3.02964186    2.66815452    2.86665052    2.72512321    3.34432193    3.37547390    3.51218703    2.34680197    2.03118864    2.29064118    2.55925596    2.46487767    2.33629241    2.16798763    2.50628565    2.46117075    2.41919095    2.11300544    2.74079707    2.21538887    2.34367110    2.49955221    2.48656758    2.15191481    2.18166198    2.54227683    2.50289296    2.13466273
Q8EYV6_LEPIN/595-785     3.00301658    2.48540310    2.59254144    2.49871129    2.07746802    2.60566308    2.16709677    0.00000000    2.52111534    2.34951715    2.39991957    2.26160944    2.68176834    2.64973680    2.87695540    2.27216759    2.17244743    2.23823423    2.18066927    2.15688025    2.27070537    2.09460176    2.20009154    1.75855754    1.85246664    2.17097025    1.92736847    2.81214258    2.89127268    3.21196094    3.00554485    3.28100093    2.73721294    2.85854389    2.80451943    2.11486222    2.21494421    2.21447736    2.82428271    2.83582340    2.56370387    2.38190627    2.77415577    2.98612775    2.66753426    2.63863207    2.75753635    2.58101237    2.92693106    2.67480250    3.01777731    2.76002416    2.32066920    2.51379856    2.16864143    2.27521057    2.35716428    2.33440701    2.69557281    2.59498116    2.84393914    2.81458554    2.42788909    2.42238050    2.63907164    2.92660545    2.47071258    3.05192479    2.44088621    2.39902579    2.49368491    2.26352632    2.23789879    2.45641675    1.88524151    2.19592345    2.00350144    2.20578752    2.19113447    2.95155970    2.14643512    2.37542079    2.57405234    2.34004650    2.57220150    2.12553379    2.33801185    2.51555020    2.77718734    2.99102184    2.78987841    2.58595210    2.50761781    2.70293585    2.75068649    2.62796072    2.74001232    2.81199838    2.75995250    2.66385159    2.89705987    2.73145692    2.81537519    2.80186098    2.59868231    2.60087124    3.04233111    2.51640075    2.48694317    2.25840641    2.34806328    2.51619956    2.33136345    2.74118777    3.05861123    2.44480797    2.37533073    2.33357312    2.64822650    2.18957076    2.65815809    2.52457607    2.62814079    2.55237876    2.92260728    2.72584273    2.42475752    2.51096662    2.50369968    2.93563912    2.74383658    2.29191786    1.89621831    2.30564303    2.36656001    1.99503397    1.88107571    1.89006701    1.95893069    2.18640687    2.13513654    1.90681722    2.31039459    1.97442466    2.28945903    2.17495339    2.44153205    2.20893706    2.24173551    1.81907788    1.86127103    1.83473981
Q8F0P1_LEPIN/403-591     3.06827793    2.42745042    3.05493522    2.66182334    2.33100811    3.46627422    3.07278985    2.52111534    0.00000000    1.34028250    2.25298515    2.29201735    3.57797960    3.52660758    3.92017965    2.68802284    2.67616181    2.89004173    2.84101384    2.99600424    2.81439044    3.16013571    2.45184746    2.29767298    2.61090645    2.76166449    2.61818856    4.21113418    3.49965437    2.83137984    2.92247894    3.14317639    3.41185698    3.17790925    3.03525897    2.93009999    3.26360858    2.90511613    3.20608541    3.17847946    3.45147008    3.53283942    3.83501676    4.10392622    3.96577556    3.90124956    4.29288593    3.58810758    4.06075520    4.17471836    3.36709995    2.74830241    3.58105699    3.10219683    2.56767558    3.06250972    2.85233645    3.11941885    2.97606114    3.23695368    3.41648952    2.81916827    3.22664140    2.88253972    2.58762483    3.01949307    3.12734277    3.38549756    2.19117830    3.08788874    3.02722798    2.49455489    2.52096761    2.84726452    2.86253668    3.40715462    3.00373548    3.19415470    2.64886453    2.86901362    2.67582796    2.35752811    2.61382160    2.66217807    3.31471246    2.73817986    3.06610305    2.93987455    3.03959351    3.06495362    2.84021007    2.83986612    2.85293418    2.82847566    2.70151138    2.72472780    2.74361381    3.22766245    2.71987492    2.67924844    2.89197822    2.68731269    2.93574801    2.74741267    2.68140858    3.26553193    3.15132206    2.85176549    3.10779858    2.94356084    3.00708136    2.79244646    3.10332534    3.00472263    3.49596573    2.82630972    2.81432966    2.86385450    3.09618196    3.28666771    2.93486286    2.85828403    3.29880878    3.16380869    2.98756279    2.60688463    2.88205061    3.00000314    3.34538717    2.51024295    2.64526223    3.02607167    2.87348569    2.88987537    3.09493107    2.71042246    2.44350756    2.50331347    2.35930412    2.76862839    2.48993369    2.38794455    2.67595460    2.60193584    3.01620169    2.58313902    2.65348884    2.33152683    2.46835517    2.56944098    2.32200481    2.32038801
Q8F0P2_LEPIN/410-598     2.74008798    2.52107355    2.57020798    2.12935410    2.08308977    3.36217205    2.61170528    2.34951715    1.34028250    0.00000000    2.26078039    2.29803313    2.21776702    2.45859950    2.67125066    2.41436791    2.43931077    2.32762651    2.42549663    2.24703217    2.47075223    2.44041486    2.30458776    2.17527133    2.09122232    2.69450144    2.10663012    3.32110570    2.69162011    3.00016116    3.09919065    3.08074817    3.43269153    2.99254941    2.63361545    2.79111230    3.41893936    2.63584311    2.90670282    2.85604743    2.94910519    2.73000263    2.68735386    2.90137739    2.84167267    2.65847174    2.94239687    2.76858764    2.91576554    2.88759729    2.76374265    1.87399899    2.30243640    2.83709759    2.44054971    2.74257384    2.19983304    2.77629052    2.39870832    2.67247102    2.81299620    3.14423183    3.17679348    2.65404269    2.65149792    2.66404407    2.91519786    2.61201747    2.51910903    3.30675417    3.08053634    3.00959101    2.80305639    2.83540887    2.36168271    2.69410738    2.58674432    2.54918798    2.27387094    2.92832602    2.54763707    2.25417249    2.41929836    2.53494032    2.75362096    2.68410344    2.63675249    2.56881553    3.14254283    2.88552750    2.68343208    2.67669576    2.64311372    2.56844345    2.51821136    2.41643720    2.54747431    2.79142940    2.67777115    2.56820699    2.67754490    2.63611972    3.21446986    2.48437913    2.49539810    2.77102621    2.99170369    2.38070114    2.79624783    2.89512105    2.82881524    2.42020964    2.77561777    3.18564192    3.23219037    2.72374996    2.86307607    2.96402554    3.14844172    2.50971439    2.61385443    2.44439816    2.58619930    2.77254248    2.95363766    2.46565982    2.54351839    2.59183261    2.65957115    2.42895245    2.63225154    2.46481378    2.61121440    3.31739120    2.57779217    2.28689734    2.08892901    1.92958918    2.09732954    2.22239076    2.09715509    1.94031438    2.22008221    2.00704728    2.45029741    2.33281613    2.27087461    2.01215230    2.12462456    1.91506044    2.11309936    2.03011495
Q8F256_LEPIN/184-369     3.04379792    3.56357179    3.35627525    3.14868617    2.32854394    3.25580364    2.91640246    2.39991957    2.25298515    2.26078039    0.00000000    2.43318822    2.16547749    2.17511371    2.37268606    2.52139832    2.90158364    2.86488907    2.72013048    3.04391998    2.28215999    2.50154143    2.41231640    2.40002510    2.73033174    2.35440227    2.62355592    3.82722367    2.59951273    2.76984018    3.50210086    3.47213357    4.29191882    3.67962523    3.48101334    2.84955112    3.31772506    3.18049641    3.30030260    3.25807408    3.12889250    3.24029641    3.60527428    3.45144223    3.51531315    3.60800975    3.50683534    3.09712068    3.81827761    3.35021679    2.74317522    2.76832008    3.18710818    3.39712748    2.68838447    3.10124567    3.45375693    3.13225119    3.37755340    3.13695690    3.29223160    2.55335413    2.91371821    3.04304584    3.18282943    2.99101108    3.25431049    3.75126627    2.66314838    3.57491775    3.32162423    2.78600932    2.87990679    2.70397363    3.16301324    3.18183625    2.98803455    3.13634109    2.81678989    2.83597844    2.38293561    2.79299777    2.32538678    2.19078663    3.05741880    2.73755452    2.41134774    2.52541798    3.12199680    3.19877550    2.77142918    2.71029753    2.95805653    2.73246635    2.35331138    2.43821767    2.17850856    3.03634831    2.51900319    2.50092190    2.33762238    2.24234863    2.90780167    2.60294666    2.47182521    3.04931164    2.70113170    2.59318329    2.65127796    2.58677103    2.48980863    2.67155183    2.61100056    2.69953773    2.81415250    2.59042368    2.46844882    2.67085161    2.75977857    2.87322674    2.61685445    2.51812098    2.91743306    2.39139830    2.65975878    2.15541468    2.40894801    2.17700716    2.75796862    2.97858280    2.84369870    2.57953376    2.61566572    3.10124603    2.46271632    2.39916450    2.52155870    2.44305895    2.61837973    2.56172340    2.48306211    2.68921562    2.96790674    3.49143735    3.22176084    2.82750405    2.93227803    2.44482104    2.63122357    2.59581053    2.92495256    2.66658668
Q8F6V3_LEPIN/267-460     2.63708267    2.58837700    2.41700410    2.68945566    2.32439995    2.88894997    3.13584088    2.26160944    2.29201735    2.29803313    2.43318822    0.00000000    2.83466198    2.77830959    2.82638524    2.63623780    2.53438159    2.74786160    2.40025300    2.49657504    2.58362444    2.18897846    2.25996144    2.32381475    2.21139918    2.43272380    2.27523240    3.23485760    2.98969594    3.27438906    3.73233490    3.35704026    3.04339763    2.72526288    2.93834104    2.42699329    2.92618276    2.50772517    2.96030274    2.60898898    3.37128871    3.45483751    4.08273621    4.13654075    4.04489234    3.73975672    3.71653033    3.25361459    3.53451260    3.54094521    3.55207541    2.42699360    2.57636468    3.08369598    2.46326133    3.10561627    3.13958942    3.07348718    3.14998165    3.06157917    3.23841055    3.16112325    2.93642835    3.14218153    3.17812983    3.50377651    3.45216117    3.84447509    2.54186890    3.05753823    3.14580020    2.66678406    2.66971027    2.86314820    2.67916770    2.93803207    2.92764753    2.33662846    2.22987947    2.76797691    2.60385657    2.58727112    2.59935423    2.45853988    2.82829176    2.21259779    2.29561246    2.26935517    2.42927130    3.14905541    2.45198699    2.50569214    2.54577230    2.61068825    2.31291102    2.27396864    2.42714793    2.82910687    2.37577374    2.15718640    2.40425853    2.38313610    2.51587891    2.64271263    2.05897135    2.60749903    2.69273862    2.19026720    2.41763713    2.23363410    2.10433398    2.73046399    2.54647282    2.35845971    3.28428500    2.57582585    2.72578998    2.41139127    3.05164101    2.53733898    2.94339930    2.86041323    2.38350335    2.72328915    2.74519689    2.33832870    2.43073841    2.57390668    2.84241844    3.13496525    2.86982875    2.77049106    2.89842541    2.92910396    2.81939534    2.66351359    2.49196344    2.69585789    2.41047093    2.62026213    2.68227969    2.92323427    2.77853788    2.43536345    2.50969926    2.32048718    2.62122921    2.43651351    2.42910182    2.15087010    2.77065629    2.29656250
Q9I045_PSEAE/200-392     2.80646126    3.37526119    2.94969873    2.91614953    2.18318611    2.84601115    2.58106076    2.68176834    3.57797960    2.21776702    2.16547749    2.83466198    0.00000000    0.29225761    0.32198423    2.57906702    2.12105432    2.03214160    1.94858974    1.83263852    2.30309223    2.42909565    2.76192873    2.23761669    2.51425788    2.50691984    2.49955770    3.67000153    2.78378684    3.27297962    3.21918375    3.27084280    3.60248657    3.50288986    3.24501616    3.07129441    3.26790619    3.20189004    3.59324643    3.54210747    4.08151409    3.85727725    3.27556307    3.08364541    2.92114166    3.15296811    3.18367901    3.76847325    3.87594992    3.53547315    4.02254986    3.01927241    2.71636701    3.30917012    2.62196074    2.61045219    2.78992480    2.84765770    3.49851786    2.89803890    3.14841192    3.42635989    3.42512431    3.05295863    3.30114720    3.53901028    3.41370049    3.14119723    3.19263085    3.28699933    3.58498887    3.16565714    3.11865286    2.89396556    2.74976049    2.47779593    2.62101573    2.46840793    2.24944786    2.81510341    2.34607509    2.72142782    2.65372878    2.42474339    2.73681395    2.44597684    2.14294600    2.46374798    2.71734437    3.24326235    2.73652910    2.68053127    2.49887536    2.78789931    2.46099088    2.44800634    2.90395079    2.59385671    2.27462422    2.43813732    2.57819072    2.66350599    2.95370841    2.63938916    2.49070740    2.68639689    2.59494111    2.56828377    2.38015301    2.43352820    2.53593170    2.48870613    2.51958979    2.38329472    2.85012291    2.58232137    2.45279157    2.35970525    2.23975695    2.51069592    2.36304611    2.22090085    2.77545103    2.18047042    2.62223968    2.37396508    2.43275266    2.36458517    2.66152707    2.79754539    2.92250739    2.66554618    2.13998320    3.00252971    2.60164094    2.49416995    2.29797789    2.31186901    2.10277787    2.26268129    2.48447580    2.75932468    2.60233484    2.44426949    2.30467784    2.12939586    2.21583863    2.14618727    2.12025174    2.24622121    2.60785895    2.49280866
Q884H6_PSESM/200-392     2.84442782    3.33586530    2.95730143    3.19512622    2.39918149    2.66915122    2.54221973    2.64973680    3.52660758    2.45859950    2.17511371    2.77830959    0.29225761    0.00000000    0.27047615    2.40680700    2.24961854    1.97425145    2.02618862    1.89452759    2.38588042    2.44596267    2.80759397    2.27470168    2.62867654    2.73628570    2.42587725    3.65969567    2.56882276    2.90123315    3.18889307    3.19619202    3.53543086    3.66478890    3.45876345    3.26258086    3.47434991    3.45638501    3.62351308    3.63226223    3.53432158    3.59236105    3.71134819    3.38430757    3.19019479    3.47854205    3.52480774    3.58330802    3.87003467    3.40091387    3.98881383    3.08157322    2.74554937    3.37480008    2.55870378    2.70747925    2.87840161    2.87003492    3.89097543    3.11070048    3.22193981    3.66476471    3.42997058    2.91999799    3.34026224    3.55168010    3.29445339    3.09931747    3.04605711    3.30274406    3.70184926    3.05962748    3.12535965    2.98790843    2.67689189    2.44703976    2.58658309    2.48138570    2.36222041    2.99176878    2.32017199    2.79671133    2.86516865    2.59300543    2.84720415    2.58944411    2.38571434    2.60210776    3.03686027    3.41796710    2.86420861    2.78646835    2.65050400    3.02283487    2.61770444    2.65691116    2.88289851    3.12182689    2.46793786    2.70218554    2.74483859    2.84592764    3.24615456    2.72530418    2.73776753    2.67049084    2.86556520    2.58085711    2.72593212    2.35295121    2.47951334    2.51388246    2.68837965    2.45892024    3.02469227    2.75505691    2.70906578    2.46954515    2.20855492    2.44743053    2.58767453    2.41726878    2.63319036    2.48611064    2.62247049    2.52594991    2.35316719    2.51151113    2.94721957    2.86661729    2.98723387    2.80656340    2.27670500    2.98505795    2.68962994    2.26123923    2.34880571    2.42878131    2.03214863    2.25276618    2.49047266    2.78387011    2.76818942    2.29309950    2.19668435    2.18519422    2.23620109    2.25617819    2.33338258    2.35684512    2.90024028    2.45780173
Q88KX4_PSEPK/200-391     2.98170038    3.55244770    3.10031365    3.27600108    2.45534288    3.03435619    2.79969792    2.87695540    3.92017965    2.67125066    2.37268606    2.82638524    0.32198423    0.27047615    0.00000000    2.51657394    2.18946073    1.98003104    2.15089532    2.06279407    2.48564856    2.70745375    3.17745503    2.51798989    2.80998930    2.65143492    2.48587330    4.20924785    3.24071180    3.35414661    3.10436269    3.38674734    4.41106920    3.90169709    3.73373748    3.44110094    3.69883764    3.73710228    3.75907954    3.55762853    3.77667441    3.96430655    3.77241644    3.42343885    3.35127343    3.57072148    3.63950278    3.98033085    4.19267154    3.79116071    3.75276549    3.42789001    2.78746933    3.35912199    2.61902528    2.91631200    2.73868942    2.66395510    3.54495451    2.78479307    3.02468169    3.36555823    3.13560477    2.99675985    3.27918241    3.58975173    3.25123576    3.22650155    3.05806775    3.32647834    3.56880045    3.02771682    3.09918647    2.89367557    2.88538542    2.55809264    2.84035796    2.37330733    2.27388062    2.86519751    2.30713824    2.67276633    2.42616628    2.37940004    2.69540870    2.47889492    2.34417294    2.60556586    2.68585079    3.22578315    2.61177439    2.66836665    2.56349939    2.89990277    2.47474727    2.46994377    2.86095350    2.71828082    2.22903598    2.51783840    2.56942149    2.82912076    2.74528370    2.56929525    2.57777766    2.69817472    2.79067481    2.72236885    2.57105031    2.45826686    2.23921119    2.51214894    2.52400849    2.12290914    2.75485437    2.47842143    2.26347533    2.29096721    2.38208275    2.43440765    2.53715877    2.33353671    2.74607839    2.30125551    2.34799805    2.23461705    2.33315909    2.25216520    2.84835293    3.03720968    2.79415181    2.56739425    2.09124374    2.81050390    2.88321214    2.54917474    2.36107643    2.47625153    2.20216878    2.34410837    2.44831452    3.06862414    2.84163187    2.44257783    2.36296279    2.27245824    2.18994367    2.38860964    2.40907920    2.41281865    2.92208485    2.89597836
Q87HB6_VIBPA/190-394     2.72675447    2.85285112    2.81394246    2.44376812    2.30059105    2.67233296    2.90804167    2.27216759    2.68802284    2.41436791    2.52139832    2.63623780    2.57906702    2.40680700    2.51657394    0.00000000    1.68271614    2.06091473    1.97887817    1.91063592    2.18420694    2.27125160    2.52171859    2.04070226    2.24847283    2.44605134    2.16636989    3.06404224    3.40083344    3.19656663    3.28533193    3.09855136    3.28045614    2.89386972    2.47451737    2.80830552    2.75449849    2.73456289    3.01117271    3.09775919    3.75219124    2.85536071    3.13611473    3.11091928    2.99965882    3.10067906    3.16776818    3.13170840    3.20173026    3.46826802    3.66039466    2.55517647    2.67329394    2.71877915    2.36313210    2.65948927    2.47530902    2.47479059    2.51766985    2.45572876    2.92914490    3.01559590    3.22111011    2.46988737    3.06269392    2.72575331    2.68171737    2.68760785    2.15834380    2.87695561    2.87943660    2.71182842    2.53968987    2.71315572    2.09017540    2.53785900    2.29467988    2.28001944    2.46334895    2.91076616    2.39404836    2.43117862    2.51569646    2.56195980    3.11101039    2.51992958    2.32968339    2.30927747    2.71094583    3.55340569    2.65630698    3.02852138    3.04492936    3.05050293    2.54418377    2.58009394    2.56417739    2.90709007    2.63699297    2.72757776    2.76859668    2.86455430    3.09172496    2.28051908    2.48518543    2.76906923    3.11482526    2.51602807    2.65851273    2.74501077    2.67789239    2.38840217    2.65386841    2.63181942    3.14263635    2.52979566    2.40580566    2.60645939    2.14573657    2.40081994    2.52570474    2.56492784    2.85525804    2.30544002    2.45484160    2.70955997    2.49024722    1.97977062    2.64390692    2.84769762    2.54535901    2.36226365    2.02407970    2.42422967    2.29878733    2.37994171    2.36668379    2.16802986    2.11171985    2.46948951    2.48617983    2.38926592    2.12863879    2.29369584    2.26676884    2.21775497    2.00689596    2.11285624    2.24211991    2.13648845    2.14567347    2.34666461
Q8YUQ5_NOSS1/222-419     2.50321713    2.66885947    2.78495566    3.04860043    2.17448869    2.71907875    2.76843981    2.17244743    2.67616181    2.43931077    2.90158364    2.53438159    2.12105432    2.24961854    2.18946073    1.68271614    0.00000000    1.01267514    0.82903454    1.03624894    1.99551907    2.02181014    2.06242003    2.23441949    2.46999775    2.19644621    2.49605325    3.42476453    3.38297304    3.38205336    3.19395783    3.18981809    3.07854078    3.44953185    2.63099000    2.56844289    2.62322787    2.25169159    2.95581403    3.01650454    3.68349766    3.01093975    3.07203862    3.33630633    3.06602968    3.10631720    3.08023929    3.36830050    3.45969012    3.06202584    4.23154474    2.83045164    2.61535464    2.75778019    2.01081540    2.48663021    2.41468722    2.79684154    2.70172554    2.91563094    3.25089286    2.90624793    3.26074527    2.88136450    2.96403990    3.08745915    2.59419658    3.21329564    2.67819729    2.71745579    2.99091012    2.80740073    2.92404475    2.77359002    2.47497684    2.39299688    2.43437591    2.38798924    2.14005849    2.71966589    2.18496875    2.26766505    2.38686765    2.34735557    2.92799959    2.39033998    2.45027811    2.38348364    2.74563435    3.29594577    2.45183342    2.67899222    2.62394084    2.91313862    2.66530257    2.53015673    2.94491165    2.44802653    2.47285416    2.42207338    2.82809615    2.89709780    2.77220983    2.74197363    2.57985346    2.51521588    2.64616972    2.21639271    2.76343378    2.52515317    2.32749753    2.59175692    2.29617255    2.33257326    2.72661034    2.27225743    2.30939368    2.24443260    2.86398663    2.70506341    2.70787121    2.73697091    2.78981401    2.60349149    2.79273792    2.57202295    2.70253042    2.43932091    2.80477430    2.85633761    2.99749965    2.47999819    2.18643594    2.69853623    2.40171957    2.01028349    2.11220473    1.91041367    1.91744963    2.04283926    2.11532305    2.24943521    2.19923259    2.20360955    2.37406494    2.27232308    2.10323847    2.06177166    2.17310955    2.16223248    2.21813789    2.29151677
Q8DJR9_THEEB/187-389     2.94328872    2.53169238    2.68575724    3.00125762    2.41723746    2.85424711    2.56703706    2.23823423    2.89004173    2.32762651    2.86488907    2.74786160    2.03214160    1.97425145    1.98003104    2.06091473    1.01267514    0.00000000    0.99049483    1.06804357    2.18422655    1.93878005    2.26824465    2.20285433    2.60582300    2.19274999    2.52510004    3.02285536    3.06205961    3.18897461    3.52471626    2.96025231    3.10900931    2.89324849    2.63388757    2.94481389    2.57781747    2.45896228    2.62141297    2.75887055    3.35642374    3.06764935    3.14865679    2.93742508    2.88710225    2.91179021    2.93811489    3.26146559    3.52819426    3.18343497    4.17327154    2.64322487    2.27676134    2.65086244    2.32185765    2.32868426    2.66170696    2.61241101    2.90739373    2.80292990    2.75336084    2.97022622    2.93343775    2.46864383    2.80494198    3.05172168    2.65687112    3.01025554    2.37589529    2.91436976    3.04846226    2.67512289    2.85188641    2.96898282    2.22667060    2.42973194    2.54615211    2.21316842    2.21637011    2.54186032    2.03752227    2.45151977    2.47319728    2.37449111    2.85563523    2.59985600    2.29215971    2.09592139    2.54893892    3.01945100    2.39350771    2.41867339    2.62497036    2.79597513    2.41818402    2.27499860    2.70113228    2.29173178    2.37128592    2.31671750    2.54372519    2.45485256    2.72526177    2.49165738    2.25825724    2.32518139    2.45283225    2.36003392    2.60406529    2.49295604    2.18957886    2.45517487    2.48384090    2.55221075    2.55796954    2.41314003    2.18479320    1.95957131    3.05291897    2.58631612    2.93040920    2.82444661    2.73192662    2.33181702    2.53942548    2.61658178    2.41811635    2.35861715    2.95402997    3.17021116    2.98501381    2.43927113    2.10869547    2.70443948    2.33661556    2.43522937    1.95561496    2.17778333    2.27826305    2.13056677    2.26909504    2.59040242    2.12758817    2.63078997    2.60672908    2.75705657    2.32863548    2.49968240    2.35477018    2.19046642    2.52922847    2.57137543
