7
Q89414_PBCV1/2-221     0.00000000    0.19440807    0.28286097    0.34372300    0.58352164    1.21652284    1.84779297
Q84592_PBCV1/5-231     0.19440807    0.00000000    0.24305822    0.36256390    0.57776070    1.26060372    2.09542814
Q98501_PBCV1/2-228     0.28286097    0.24305822    0.00000000    0.28762745    0.62687580    1.13925607    1.91958474
O41131_PBCV1/8-235     0.34372300    0.36256390    0.28762745    0.00000000    0.51804174    1.08919886    1.96548259
Q84497_PBCV1/5-223     0.58352164    0.57776070    0.62687580    0.51804174    0.00000000    1.22968701    2.14787388
Q89344_PBCV1/2-224     1.21652284    1.26060372    1.13925607    1.08919886    1.22968701    0.00000000    1.93864520
Q98418_PBCV1/11-228     1.84779297    2.09542814    1.91958474    1.96548259    2.14787388    1.93864520    0.00000000

