68
K5WN11_PHACS/730-992     0.00000000    0.38963570    0.46367302    0.42689980    0.48966233    0.47353144    0.48267874    0.44806541    0.50885087    0.55615821    0.68573044    1.62783631    1.46477196    1.50566495    1.32968077    1.57492312    1.48623389    1.46730063    1.48906090    1.42574164    1.46955989    1.36959655    1.49159027    1.46975324    1.46311701    2.39941997    2.50777663    2.50110067    2.04848494    2.03755932    1.94643197    1.42417671    2.34213925    2.37022903    1.38822578    1.05834358    0.97204762    1.13342573    1.08942703    1.24901600    1.23085237    1.09457572    1.08438318    1.12700417    1.17317266    1.18363000    1.20665982    1.22471648    1.13002528    1.28018496    1.17134500    1.17104496    1.43331258    1.47152378    1.48613728    1.46500536    1.33806823    1.35064942    1.26315650    1.27444369    1.37036557    1.50821386    0.78273057    0.78838500    0.78356840    0.83971661    1.05093834    0.74497419
M2RT70_CERS8/729-988     0.38963570    0.00000000    0.34889272    0.38475943    0.43959059    0.40447021    0.37662719    0.41354552    0.44501209    0.57444192    0.61982177    1.61188304    1.53399572    1.58855983    1.31757160    1.53812076    1.39927555    1.50165046    1.55145840    1.50692143    1.53075048    1.36977550    1.44282548    1.49752693    1.39676138    2.37605287    2.53650491    2.38010595    2.15122051    2.12016545    1.75543858    1.36396158    2.32458722    2.34392373    1.35473525    1.02409243    0.99886435    1.14955346    1.12341851    1.17965386    1.19855309    1.12141981    1.12163685    1.12212683    1.11683333    1.13378966    1.13856642    1.17988530    1.09889873    1.30918834    1.12090877    1.13319425    1.44240171    1.27030693    1.33296386    1.44351240    1.25722299    1.25854817    1.27198880    1.34873364    1.30502283    1.56696714    0.81806690    0.78782811    0.74233688    0.70032493    0.91167294    0.73874301
S8FL85_FOMPI/718-979     0.46367302    0.34889272    0.00000000    0.44062856    0.51204390    0.46812774    0.44836463    0.47052352    0.50775595    0.61404184    0.73619483    1.58732060    1.60086448    1.67553542    1.36526809    1.68500829    1.56015674    1.56911042    1.58412316    1.56274983    1.63746582    1.51818972    1.58453583    1.64714924    1.58042850    2.48182385    2.56118371    2.48387494    2.11079053    2.04532981    1.88660981    1.45017133    2.59682233    2.42727709    1.50515231    1.14791105    1.11722199    1.13992153    1.16011152    1.25101789    1.24053838    1.14435441    1.21207728    1.21105118    1.19576548    1.28949703    1.30787510    1.35359161    1.13164775    1.38321212    1.21424323    1.23481183    1.44864315    1.33139969    1.30183661    1.38160377    1.25687861    1.24654489    1.26730385    1.25835586    1.42771735    1.58696751    0.93020631    0.94397336    0.81284863    0.79185370    1.05587157    0.82980260
F8PM85_SERL3/652-908     0.42689980    0.38475943    0.44062856    0.00000000    0.38699657    0.36100110    0.36610608    0.33838784    0.45169303    0.55002480    0.67616699    1.51434793    1.53720424    1.54485083    1.25811524    1.53745138    1.39375569    1.38513146    1.47044035    1.43306148    1.43872385    1.34414559    1.38411142    1.43757488    1.53899788    2.37041298    2.37879987    2.30720424    1.87153920    1.96523163    1.73507319    1.26672862    2.25260153    2.24763487    1.39134215    1.00827753    0.95912509    1.12904697    1.08923401    1.25936481    1.20807727    1.13374263    1.12810603    1.16421156    1.18433727    1.25512687    1.21195763    1.25900247    1.17255738    1.32259166    1.20222698    1.17884681    1.36232938    1.34223355    1.28309479    1.41744583    1.28456841    1.33319304    1.31544928    1.38729621    1.27189982    1.56241569    0.81749742    0.80348584    0.76035440    0.78812427    0.94983901    0.75445245
V2XWS4_MONRO/728-976     0.48966233    0.43959059    0.51204390    0.38699657    0.00000000    0.40249557    0.43648442    0.36953616    0.43763818    0.59131551    0.68269621    1.40600850    1.46972457    1.41902595    1.15320159    1.52225095    1.26402492    1.32246635    1.30245396    1.32796625    1.26098762    1.20846624    1.30419509    1.21785697    1.31339734    2.40380322    2.47052652    2.38827300    1.99987008    1.96256622    1.71246689    1.16198412    2.20489048    2.25248603    1.34087673    1.02284360    0.96877977    1.11308313    1.04308724    1.14251547    1.07374941    1.09943061    1.13590663    1.19934998    1.12962940    1.16637451    1.16028915    1.26158432    1.09969027    1.17659104    1.12210510    1.10001177    1.24305099    1.22696592    1.19559613    1.27853126    1.26002233    1.23990101    1.18148576    1.23641961    1.21826598    1.43342899    0.86315213    0.84371937    0.86142571    0.77517681    0.95025447    0.72736548
K5X6X0_AGABU/722-968     0.47353144    0.40447021    0.46812774    0.36100110    0.40249557    0.00000000    0.33801910    0.31652764    0.37586987    0.53952905    0.68535089    1.42459286    1.49877341    1.52653245    1.14119178    1.43845959    1.24042105    1.31477642    1.25925489    1.32038653    1.25944552    1.27105187    1.29630199    1.27150913    1.38383144    2.39167742    2.45548437    2.42904033    1.94053219    1.96085680    1.74072477    1.24148716    2.15845547    2.36887937    1.23933642    1.08176570    0.97871404    1.12730363    1.10386761    1.19182559    1.15177763    1.10194897    1.19877442    1.15396898    1.10625693    1.16347676    1.16985373    1.23598191    1.03184943    1.24068345    1.08417566    1.15299197    1.33146850    1.27120591    1.24368192    1.33917704    1.17283461    1.23508389    1.22306272    1.28206618    1.23453040    1.43285338    0.85351848    0.79643940    0.83775526    0.70194004    0.88291588    0.72604610
D8PRU6_SCHCM/696-948     0.48267874    0.37662719    0.44836463    0.36610608    0.43648442    0.33801910    0.00000000    0.37501229    0.39358674    0.56772038    0.65669686    1.51290847    1.46143047    1.64616616    1.21869724    1.47403088    1.30350628    1.35775079    1.36476967    1.40579272    1.37266583    1.30502816    1.28848552    1.26699736    1.36592627    2.43681016    2.49243222    2.45534730    1.91839686    1.89917578    1.85572765    1.29175480    2.25199454    2.36175360    1.36461666    1.07084683    0.96353289    1.09873579    1.11089885    1.19741540    1.18547811    1.04423998    1.13707799    1.14060727    1.07475571    1.14020343    1.10214249    1.16267235    1.05741923    1.21809398    1.10751966    1.03802887    1.34383628    1.29238275    1.19834311    1.33622586    1.24359807    1.24924160    1.19034226    1.25534390    1.23135322    1.41462269    0.83908239    0.81891379    0.81597296    0.77493167    0.93967501    0.71769056
B0CQZ4_LACBS/698-954     0.44806541    0.41354552    0.47052352    0.33838784    0.36953616    0.31652764    0.37501229    0.00000000    0.32194367    0.49796748    0.65977997    1.56025646    1.50263455    1.59729700    1.19545149    1.41607288    1.29057655    1.39009038    1.37546589    1.34768812    1.37875033    1.24040806    1.37583810    1.31513283    1.38191661    2.35663581    2.35597650    2.33053619    2.06174286    2.00865422    1.84201623    1.27256902    2.30969120    2.36769815    1.39259980    0.97669631    0.91734780    1.04021162    1.04641289    1.08917301    1.11563767    1.05858326    1.09907922    1.13619501    1.14019932    1.14951637    1.09810831    1.20132432    1.07246271    1.12999087    1.10950213    1.07781996    1.36320265    1.25272838    1.26314026    1.35039242    1.18989153    1.25818576    1.22528508    1.30257454    1.21883422    1.41210500    0.79899665    0.81700132    0.71296036    0.74266772    0.91322369    0.67363253
D6RJX9_COPC7/723-986     0.50885087    0.44501209    0.50775595    0.45169303    0.43763818    0.37586987    0.39358674    0.32194367    0.00000000    0.55865515    0.71663916    1.60037713    1.47073973    1.61200789    1.26236897    1.44651220    1.32935443    1.34189480    1.37681982    1.38314341    1.37628310    1.35314675    1.33034161    1.30808448    1.41804963    2.44483916    2.37101107    2.27238000    2.05549450    2.05394587    1.84500787    1.41588891    2.47104608    2.36446569    1.37722797    1.08623933    0.96773990    1.03725535    1.04230948    1.10203052    1.16065540    1.09037047    1.19457148    1.11913600    1.16058752    1.17106421    1.12983815    1.22954715    1.05630712    1.23676903    1.13171275    1.11810218    1.37638320    1.30450139    1.28079512    1.37513332    1.20122382    1.25998659    1.27904098    1.29803416    1.23254434    1.37944127    0.82246814    0.88547214    0.79335749    0.84398273    0.93814257    0.75330435
G4T926_SERID/708-952     0.55615821    0.57444192    0.61404184    0.55002480    0.59131551    0.53952905    0.56772038    0.49796748    0.55865515    0.00000000    0.62539976    1.42288447    1.37788040    1.53806092    1.20695271    1.40379033    1.30923997    1.31446204    1.32482965    1.36246401    1.41956699    1.30027252    1.35283764    1.39122508    1.48014988    2.28958500    2.30747208    2.28764001    2.01244701    1.89263301    1.67291726    1.33903581    2.50803047    2.35912062    1.36412976    1.07419113    1.02300210    1.18539302    1.11556204    1.16317315    1.21511621    1.13387586    1.15335027    1.22380766    1.18522139    1.21215318    1.17488948    1.33275387    1.10392120    1.25511187    1.15026693    1.15807017    1.43411814    1.28941646    1.33291814    1.41432743    1.30117788    1.30541629    1.27603296    1.34131457    1.20877531    1.35348482    0.79581979    0.80780468    0.79350004    0.74429657    0.94375596    0.73800513
R9AC32_WALI9/495-743     0.68573044    0.61982177    0.73619483    0.67616699    0.68269621    0.68535089    0.65669686    0.65977997    0.71663916    0.62539976    0.00000000    1.51521178    1.36202378    1.55502277    1.09940411    1.30797080    1.30379155    1.27389086    1.28764536    1.28944818    1.33429888    1.20620090    1.25750544    1.30402339    1.30190875    2.48727516    2.60439850    2.54252508    1.99671572    2.00436616    1.69899146    1.40163118    2.55400872    2.44684085    1.46005016    1.12402977    1.01543551    1.16821522    1.12011425    1.22206703    1.34575955    1.14404183    1.21172192    1.21140018    1.21040343    1.25766058    1.22783774    1.31298120    1.19271587    1.34705725    1.17400999    1.19300402    1.46882056    1.38614589    1.24010291    1.36822056    1.25837203    1.22278686    1.21975370    1.31958830    1.16590021    1.38478999    0.77065848    0.74667224    0.74704472    0.72524658    0.85484363    0.78963118
A0A068YAS8_ECHMU/767-1047     1.62783631    1.61188304    1.58732060    1.51434793    1.40600850    1.42459286    1.51290847    1.56025646    1.60037713    1.42288447    1.51521178    0.00000000    1.27185750    1.42521462    1.18854117    1.34843250    1.13702677    1.13977117    1.10223181    1.09549564    1.20105764    1.10337926    1.29979462    1.06420238    1.12562495    2.84927045    2.55471216    2.43252756    1.90379010    1.87939002    1.76945897    1.55456076    2.57934836    2.33434664    1.72583707    1.33115071    1.33806612    1.39079101    1.37918688    1.57206774    1.57374108    1.38100997    1.35467297    1.38263474    1.34901391    1.36204393    1.52268667    1.48083443    1.41021952    1.41507309    1.41101672    1.44704370    1.50378395    1.46300555    1.60494630    1.75163079    1.46920823    1.48327276    1.31580635    1.48243271    1.60372747    1.57339244    1.66831794    1.65145015    1.62557154    1.60190891    1.68883490    1.66264608
F2UGM7_SALR5/914-1156     1.46477196    1.53399572    1.60086448    1.53720424    1.46972457    1.49877341    1.46143047    1.50263455    1.47073973    1.37788040    1.36202378    1.27185750    0.00000000    0.97119207    0.91510739    1.18155466    1.00226678    1.05615175    1.01984073    1.01068167    1.07386267    0.83019171    1.06992857    0.94298895    0.96217158    2.91524196    2.57208905    2.53588347    1.77527638    2.10390867    1.87839753    1.95881207    2.66992309    2.86518122    2.07336559    1.61077832    1.58847473    1.55909439    1.58101973    1.65015243    1.73634287    1.70866561    1.70532319    1.67154422    1.57956212    1.64657120    1.78870978    1.64666852    1.56284352    1.71752561    1.60065917    1.64038415    1.90269661    1.69961181    1.66032198    1.77777675    1.74463855    1.66856643    1.66812801    1.67715483    1.67712272    1.82314244    1.51224647    1.46584858    1.45960556    1.49566835    1.82480784    1.57011921
A9V1C7_MONBE/724-964     1.50566495    1.58855983    1.67553542    1.54485083    1.41902595    1.52653245    1.64616616    1.59729700    1.61200789    1.53806092    1.55502277    1.42521462    0.97119207    0.00000000    1.20524654    1.36622145    1.28797577    1.27448689    1.25901814    1.27008778    1.21553769    1.17551789    1.19774869    1.14842944    1.15562028    2.49058048    2.14090943    2.14924603    1.96528244    2.15416758    1.88951490    1.80854004    2.90066406    2.74222130    1.95660243    1.59029279    1.69157960    1.71043416    1.64543003    1.78250439    1.90808378    1.78083524    1.72681150    1.67102413    1.73334272    1.74899855    1.76542481    1.80080219    1.75621003    1.83779262    1.71831454    1.72795388    1.77167503    1.75127704    1.67884151    1.74063700    1.73372582    1.72376032    1.70997973    1.73096512    1.70119349    2.04204090    1.64224065    1.67026936    1.65332519    1.55390220    1.93186356    1.64357363
H2Y572_CIOSA/670-934     1.32968077    1.31757160    1.36526809    1.25811524    1.15320159    1.14119178    1.21869724    1.19545149    1.26236897    1.20695271    1.09940411    1.18854117    0.91510739    1.20524654    0.00000000    0.92373513    0.75597068    0.74462649    0.65980267    0.68696699    0.82563049    0.62115932    0.77656827    0.60142521    0.63905487    2.67465646    2.21301673    2.10375552    1.62943482    1.74455865    1.76750719    1.52595029    2.66756181    2.13332055    1.65850206    1.22468643    1.21395320    1.36689648    1.29490271    1.37751117    1.42964762    1.30436849    1.37445946    1.33802298    1.32272926    1.42418484    1.50394437    1.52099461    1.40968997    1.43861150    1.30996380    1.39575717    1.51617917    1.50020459    1.56977941    1.67176587    1.47679407    1.46772418    1.37846480    1.47812864    1.49049475    1.69584121    1.36245213    1.35226893    1.19528085    1.27198247    1.52943969    1.40797653
RIC1_CAEEL/716-973     1.57492312    1.53812076    1.68500829    1.53745138    1.52225095    1.43845959    1.47403088    1.41607288    1.44651220    1.40379033    1.30797080    1.34843250    1.18155466    1.36622145    0.92373513    0.00000000    0.86897580    0.87115557    0.84513644    0.82156349    0.98733008    0.79569290    0.98337488    0.85663218    0.93944566    2.62244141    2.62323477    2.45076194    1.70554036    1.83269181    1.88448385    1.64280585    2.57833395    2.45941399    1.83606749    1.49050748    1.50431266    1.65212719    1.53542157    1.59750045    1.69074448    1.54420796    1.59130063    1.52073034    1.50345798    1.57925193    1.58419648    1.66497888    1.54486763    1.66299087    1.58137059    1.58463753    1.70068014    1.71236263    1.72557852    1.80146255    1.70777911    1.70691521    1.64717953    1.70076903    1.64477873    1.87802912    1.56208580    1.50855014    1.53453250    1.51749135    1.64395431    1.66011539
T1JS96_TETUR/848-1103     1.48623389    1.39927555    1.56015674    1.39375569    1.26402492    1.24042105    1.30350628    1.29057655    1.32935443    1.30923997    1.30379155    1.13702677    1.00226678    1.28797577    0.75597068    0.86897580    0.00000000    0.57255605    0.48495838    0.50393914    0.56804394    0.47835758    0.66476363    0.55106957    0.67078308    2.70719916    2.73660477    2.50756570    1.69285925    1.80967600    1.58904214    1.65216744    2.56620316    2.21889361    1.73506426    1.41984102    1.40394184    1.56007563    1.44544588    1.52243052    1.52811048    1.50769333    1.55030157    1.46456502    1.42953712    1.49469859    1.54476325    1.56240533    1.47550774    1.55329770    1.41339444    1.54693440    1.61821141    1.60617130    1.58938663    1.79477797    1.57491721    1.59933916    1.54529144    1.63043635    1.58231259    1.76428683    1.42587925    1.43160248    1.42150160    1.38652469    1.57346641    1.67547011
E9GHP8_DAPPU/550-805     1.46730063    1.50165046    1.56911042    1.38513146    1.32246635    1.31477642    1.35775079    1.39009038    1.34189480    1.31446204    1.27389086    1.13977117    1.05615175    1.27448689    0.74462649    0.87115557    0.57255605    0.00000000    0.31631605    0.42856267    0.50608188    0.54463472    0.64885774    0.53154380    0.69881188    3.17577020    2.74761067    2.72068719    1.69508607    1.75029112    1.70363969    1.93038088    2.61057022    2.28064721    1.85566196    1.41393632    1.47099612    1.55081918    1.49271849    1.66945535    1.66962599    1.50851854    1.53638946    1.54127722    1.57776366    1.62127494    1.60672881    1.67464946    1.61150062    1.60595969    1.51211481    1.60007785    1.61903436    1.71377607    1.67023014    1.82335265    1.67524786    1.69799724    1.57787618    1.68035373    1.54182686    1.78025012    1.49814256    1.50266533    1.30180929    1.39853861    1.56268893    1.54801455
E0VMH4_PEDHC/709-961     1.48906090    1.55145840    1.58412316    1.47044035    1.30245396    1.25925489    1.36476967    1.37546589    1.37681982    1.32482965    1.28764536    1.10223181    1.01984073    1.25901814    0.65980267    0.84513644    0.48495838    0.31631605    0.00000000    0.26308546    0.33528243    0.45053205    0.62079909    0.46789057    0.58419907    2.98807914    2.60526855    2.56391246    1.62483774    1.67386996    1.68712641    1.78551015    2.61511978    2.31484551    1.76314062    1.40355251    1.43249153    1.53315621    1.45647360    1.64310979    1.68161113    1.49741021    1.56733379    1.51186832    1.52314973    1.59077803    1.58404523    1.58534223    1.55073035    1.55522141    1.45510420    1.56855074    1.68694175    1.64938760    1.64516561    1.82983638    1.63185790    1.65597744    1.52975122    1.65936401    1.46855837    1.74654992    1.51522570    1.55607432    1.35167963    1.45569450    1.59658249    1.58581450
A0A212ELD2_DANPL/692-949     1.42574164    1.50692143    1.56274983    1.43306148    1.32796625    1.32038653    1.40579272    1.34768812    1.38314341    1.36246401    1.28944818    1.09549564    1.01068167    1.27008778    0.68696699    0.82156349    0.50393914    0.42856267    0.26308546    0.00000000    0.40277987    0.54853818    0.65021139    0.53398134    0.67851061    2.97023641    2.60790102    2.55867273    1.65603720    1.74151051    1.62789029    1.78901286    2.46625081    2.22682707    1.76923202    1.39484036    1.50336444    1.44115971    1.40798031    1.61674275    1.57770717    1.49278014    1.50965004    1.45302617    1.46669033    1.57222352    1.61845817    1.60373472    1.51698573    1.57027596    1.42628758    1.59430617    1.69196400    1.61464509    1.64855930    1.82734632    1.64660183    1.65220215    1.53980538    1.67543752    1.49654400    1.70957876    1.45611133    1.48436671    1.29573158    1.41557387    1.50582692    1.60439018
A0A7M7QGM0_NASVI/697-950     1.46955989    1.53075048    1.63746582    1.43872385    1.26098762    1.25944552    1.37266583    1.37875033    1.37628310    1.41956699    1.33429888    1.20105764    1.07386267    1.21553769    0.82563049    0.98733008    0.56804394    0.50608188    0.33528243    0.40277987    0.00000000    0.56260350    0.72464746    0.55312896    0.72167001    3.13226298    2.86022709    2.84977363    1.70307247    1.80759788    1.62208228    1.85145349    2.50358403    2.27526853    1.83700402    1.46505501    1.52858112    1.65752918    1.58243753    1.71647066    1.69012068    1.45729830    1.55006864    1.48803238    1.52262236    1.59491504    1.61740203    1.55271263    1.60161736    1.66702153    1.48171682    1.60076407    1.77684441    1.67020630    1.66699646    1.86228811    1.64263756    1.67727409    1.59202108    1.69757756    1.51436244    1.65563572    1.48617459    1.49584345    1.39611097    1.43261754    1.66640619    1.57156225
A7SJG9_NEMVE/568-825     1.36959655    1.36977550    1.51818972    1.34414559    1.20846624    1.27105187    1.30502816    1.24040806    1.35314675    1.30027252    1.20620090    1.10337926    0.83019171    1.17551789    0.62115932    0.79569290    0.47835758    0.54463472    0.45053205    0.54853818    0.56260350    0.00000000    0.56847549    0.44193681    0.50029984    2.91201500    2.73582341    2.48112772    1.48068952    1.73684825    1.62804645    1.45044585    2.66836182    2.04444769    1.86101861    1.29355436    1.29351699    1.44499244    1.34817745    1.55719665    1.59360164    1.35167031    1.35933711    1.36824684    1.36416666    1.41102768    1.48850057    1.49062890    1.41287908    1.42178902    1.34629508    1.43026207    1.70183777    1.59470256    1.69941609    1.76591911    1.62405125    1.59465847    1.48070804    1.58442960    1.58260436    1.80980409    1.40685797    1.40350765    1.27421505    1.37749756    1.56620920    1.42894790
T1FQJ7_HELRO/721-997     1.49159027    1.44282548    1.58453583    1.38411142    1.30419509    1.29630199    1.28848552    1.37583810    1.33034161    1.35283764    1.25750544    1.29979462    1.06992857    1.19774869    0.77656827    0.98337488    0.66476363    0.64885774    0.62079909    0.65021139    0.72464746    0.56847549    0.00000000    0.51103632    0.70847963    2.80317272    2.53269618    2.23560882    1.55414713    1.83037589    1.76941369    1.64474250    2.55402220    2.19699444    1.76733084    1.29764556    1.33609194    1.53675344    1.44909198    1.56753836    1.66326912    1.40770498    1.44082082    1.51724293    1.48184331    1.44945184    1.53684185    1.51910007    1.44665077    1.64094892    1.46103228    1.53971823    1.89140626    1.64311438    1.65691039    1.78628067    1.61208291    1.61647100    1.48555445    1.61662613    1.75068061    1.74372039    1.64327852    1.63036917    1.33395630    1.44225245    1.72247143    1.58781602
K1R4M3_CRAGI/708-963     1.46975324    1.49752693    1.64714924    1.43757488    1.21785697    1.27150913    1.26699736    1.31513283    1.30808448    1.39122508    1.30402339    1.06420238    0.94298895    1.14842944    0.60142521    0.85663218    0.55106957    0.53154380    0.46789057    0.53398134    0.55312896    0.44193681    0.51103632    0.00000000    0.52410930    2.89062464    2.58991487    2.33714513    1.56913738    1.78621226    1.69781710    1.59178069    2.35538170    2.16564553    1.77059287    1.29163896    1.34736181    1.51790323    1.40845441    1.50035195    1.54406120    1.41535229    1.41311140    1.38079938    1.44527590    1.40016459    1.52302312    1.49412677    1.46908598    1.45513577    1.42061139    1.48429159    1.62417056    1.52791724    1.58556525    1.69642560    1.53712921    1.57497727    1.44749367    1.54985422    1.56145698    1.68445249    1.37641206    1.37707022    1.35481077    1.31982324    1.64141382    1.40685918
B3S2J8_TRIAD/720-972     1.46311701    1.39676138    1.58042850    1.53899788    1.31339734    1.38383144    1.36592627    1.38191661    1.41804963    1.48014988    1.30190875    1.12562495    0.96217158    1.15562028    0.63905487    0.93944566    0.67078308    0.69881188    0.58419907    0.67851061    0.72167001    0.50029984    0.70847963    0.52410930    0.00000000    2.84491086    2.50485143    2.50261455    1.62391240    1.84103692    1.74372443    1.59170943    2.70447727    2.45901141    1.91593198    1.36968175    1.38488847    1.50712049    1.46750818    1.59284454    1.72643266    1.46020414    1.49135154    1.43695149    1.43783811    1.44032063    1.48637486    1.55756714    1.47151388    1.57000274    1.52822961    1.60485788    1.62678751    1.65356764    1.61056355    1.74040299    1.59679487    1.57199174    1.50857707    1.53473274    1.61161165    1.80235641    1.47396887    1.46493308    1.35360386    1.38996483    1.70156280    1.50238606
Q4DY34_TRYCC/692-965     2.39941997    2.37605287    2.48182385    2.37041298    2.40380322    2.39167742    2.43681016    2.35663581    2.44483916    2.28958500    2.48727516    2.84927045    2.91524196    2.49058048    2.67465646    2.62244141    2.70719916    3.17577020    2.98807914    2.97023641    3.13226298    2.91201500    2.80317272    2.89062464    2.84491086    0.00000000    1.64272094    1.57936789    2.79790645    3.10985811    2.65472898    2.44642490    2.76251379    3.40391291    3.04163562    2.50638799    2.48596984    2.71889815    2.80635121    2.80796827    2.73556153    2.56025931    2.60501896    2.52961523    2.54601207    2.50928617    2.54746655    2.76605062    2.36817564    2.86706294    2.59507924    2.73708894    2.97595955    2.87913520    2.66467371    2.83319321    2.85989430    2.89576927    2.61015602    2.95905711    3.10108246    3.41888183    2.40003793    2.30910045    2.49276962    2.52137613    2.61723696    2.50628602
A4HK58_LEIBR/998-1259     2.50777663    2.53650491    2.56118371    2.37879987    2.47052652    2.45548437    2.49243222    2.35597650    2.37101107    2.30747208    2.60439850    2.55471216    2.57208905    2.14090943    2.21301673    2.62323477    2.73660477    2.74761067    2.60526855    2.60790102    2.86022709    2.73582341    2.53269618    2.58991487    2.50485143    1.64272094    0.00000000    0.27571083    2.31285245    2.64161499    2.75825405    2.96750564    3.51688685    3.02218831    3.06328637    2.57349453    2.44298201    2.67887210    2.73944573    3.07878512    3.04259647    2.71368789    2.73475142    2.58933895    2.50287749    2.68318975    2.65702724    2.85643538    2.59435493    3.00153838    2.66719242    2.71848179    2.95955960    2.67280451    2.72905959    2.71381789    2.61340548    2.57444098    2.68097757    2.80516133    2.53388026    3.46322528    2.41708035    2.39010891    2.28638230    2.21152961    2.66406190    2.46383059
Q4Q5K5_LEIMA/1000-1259     2.50110067    2.38010595    2.48387494    2.30720424    2.38827300    2.42904033    2.45534730    2.33053619    2.27238000    2.28764001    2.54252508    2.43252756    2.53588347    2.14924603    2.10375552    2.45076194    2.50756570    2.72068719    2.56391246    2.55867273    2.84977363    2.48112772    2.23560882    2.33714513    2.50261455    1.57936789    0.27571083    0.00000000    2.30235034    2.52030679    2.75550739    2.94197471    3.24000924    2.72725837    3.04114949    2.46032086    2.37154299    2.54817922    2.61974778    2.96365523    2.94053000    2.58961548    2.60554513    2.50881262    2.39689825    2.57832482    2.55932841    2.72000417    2.56422439    2.79637086    2.60432665    2.66448642    2.92961234    2.66830585    2.58422372    2.66786275    2.62016201    2.58742721    2.77270426    2.72028249    2.45381270    3.14899911    2.36976740    2.38219689    2.33012052    2.19317446    2.82562761    2.34453157
F4JEA6_ARATH/630-888     2.04848494    2.15122051    2.11079053    1.87153920    1.99987008    1.94053219    1.91839686    2.06174286    2.05549450    2.01244701    1.99671572    1.90379010    1.77527638    1.96528244    1.62943482    1.70554036    1.69285925    1.69508607    1.62483774    1.65603720    1.70307247    1.48068952    1.55414713    1.56913738    1.62391240    2.79790645    2.31285245    2.30235034    0.00000000    0.53596360    1.75911905    2.32390751    2.99095017    2.97357396    2.25535436    1.95685724    2.00339824    1.83526903    1.97763741    2.02083820    2.07858827    1.90757959    2.08498085    1.99296040    2.08425664    2.00920163    2.24120254    2.08990024    2.11924905    2.27829896    2.01092659    1.98049374    2.27026011    2.24494170    2.30363770    2.43546144    2.28448196    2.09193883    2.01905750    2.24558152    2.13804642    2.38276844    2.17608322    2.01306968    1.92903119    1.81293451    2.07083699    1.99204342
D8R8L7_SELML/984-1234     2.03755932    2.12016545    2.04532981    1.96523163    1.96256622    1.96085680    1.89917578    2.00865422    2.05394587    1.89263301    2.00436616    1.87939002    2.10390867    2.15416758    1.74455865    1.83269181    1.80967600    1.75029112    1.67386996    1.74151051    1.80759788    1.73684825    1.83037589    1.78621226    1.84103692    3.10985811    2.64161499    2.52030679    0.53596360    0.00000000    1.74722250    2.22264527    2.91631920    2.98755413    1.98725646    1.93497982    2.04287801    1.90141952    1.94250424    1.98582585    2.05325411    1.74212629    2.00293873    2.00116527    2.01136559    1.95697348    2.11714943    2.09715039    1.96980013    2.21916431    2.02212168    1.91349678    2.16942701    2.10537102    2.15439833    2.15044998    2.25160022    2.05069197    2.03708334    2.13594648    2.12274559    2.45985025    2.26718037    2.22962270    1.92033457    1.79239329    2.15545480    1.83990119
Q54WR7_DICDI/719-983     1.94643197    1.75543858    1.88660981    1.73507319    1.71246689    1.74072477    1.85572765    1.84201623    1.84500787    1.67291726    1.69899146    1.76945897    1.87839753    1.88951490    1.76750719    1.88448385    1.58904214    1.70363969    1.68712641    1.62789029    1.62208228    1.62804645    1.76941369    1.69781710    1.74372443    2.65472898    2.75825405    2.75550739    1.75911905    1.74722250    0.00000000    1.83055302    2.61481353    2.61638217    2.06576130    1.81336226    1.87892547    1.93395925    1.87784329    2.12562147    2.11268007    1.93584409    2.07278451    1.98650493    1.97848495    1.96062204    2.02437414    2.11127835    1.89138637    2.07884115    1.77776001    1.87201662    2.23817077    2.14338160    2.01665523    2.22267369    2.17506884    2.15294969    2.10191925    2.24400269    2.07333173    2.14322526    1.99010391    1.89884296    1.76624052    1.89101282    1.84362169    1.85353477
M7P6P3_PNEMU/666-916     1.42417671    1.36396158    1.45017133    1.26672862    1.16198412    1.24148716    1.29175480    1.27256902    1.41588891    1.33903581    1.40163118    1.55456076    1.95881207    1.80854004    1.52595029    1.64280585    1.65216744    1.93038088    1.78551015    1.78901286    1.85145349    1.45044585    1.64474250    1.59178069    1.59170943    2.44642490    2.96750564    2.94197471    2.32390751    2.22264527    1.83055302    0.00000000    2.25838655    2.04311242    1.56469844    1.34205970    1.19365084    1.38902367    1.35205779    1.43315196    1.47244646    1.31720359    1.33422940    1.31206662    1.26644777    1.29397086    1.31325470    1.36178578    1.30707598    1.33333795    1.26337024    1.44209025    1.33439861    1.31613549    1.36073340    1.45649777    1.29384556    1.24246501    1.29942921    1.31463223    1.73122896    1.78924799    1.46206620    1.35644129    1.30508749    1.33497668    1.34547845    1.34022968
G8B7W5_CANPC/722-1015     2.34213925    2.32458722    2.59682233    2.25260153    2.20489048    2.15845547    2.25199454    2.30969120    2.47104608    2.50803047    2.55400872    2.57934836    2.66992309    2.90066406    2.66756181    2.57833395    2.56620316    2.61057022    2.61511978    2.46625081    2.50358403    2.66836182    2.55402220    2.35538170    2.70447727    2.76251379    3.51688685    3.24000924    2.99095017    2.91631920    2.61481353    2.25838655    0.00000000    2.03455109    2.16684298    2.35217837    2.24660004    2.34414512    2.41903126    2.50927287    2.40139229    2.27869318    2.26769282    2.33279454    2.24930101    2.17537032    2.27770743    2.29258655    2.27652455    2.34475259    2.24020004    2.31072914    2.51941281    2.14649471    2.11544622    2.42933935    2.17694535    2.25536715    2.35438153    2.25905960    2.55821455    2.89527402    2.54413181    2.49685210    2.10904581    2.28996546    2.67850878    2.45011587
W1Q796_OGAPD/719-969     2.37022903    2.34392373    2.42727709    2.24763487    2.25248603    2.36887937    2.36175360    2.36769815    2.36446569    2.35912062    2.44684085    2.33434664    2.86518122    2.74222130    2.13332055    2.45941399    2.21889361    2.28064721    2.31484551    2.22682707    2.27526853    2.04444769    2.19699444    2.16564553    2.45901141    3.40391291    3.02218831    2.72725837    2.97357396    2.98755413    2.61638217    2.04311242    2.03455109    0.00000000    2.38560687    2.22790635    2.36314683    2.30443324    2.35839768    2.43336864    2.37090604    2.46288671    2.45118617    2.48306601    2.42107977    2.50329744    2.56845859    2.36521370    2.52202535    2.39026063    2.39142321    2.54978733    2.44061887    2.29238771    2.37268110    2.42913948    2.52557366    2.25500612    2.26298507    2.36403440    2.64668079    2.81020916    2.42452214    2.45865076    2.37101891    2.29435747    2.46719936    2.34427007
Q6CI61_YARLI/692-930     1.38822578    1.35473525    1.50515231    1.39134215    1.34087673    1.23933642    1.36461666    1.39259980    1.37722797    1.36412976    1.46005016    1.72583707    2.07336559    1.95660243    1.65850206    1.83606749    1.73506426    1.85566196    1.76314062    1.76923202    1.83700402    1.86101861    1.76733084    1.77059287    1.91593198    3.04163562    3.06328637    3.04114949    2.25535436    1.98725646    2.06576130    1.56469844    2.16684298    2.38560687    0.00000000    1.35907310    1.35158402    1.29216508    1.36312126    1.40264349    1.43851953    1.38639204    1.40065467    1.38127942    1.29663747    1.33651021    1.31125240    1.43256303    1.26185715    1.42490548    1.30783082    1.31263255    1.48374911    1.41503843    1.51641949    1.59948242    1.47967284    1.47540968    1.46380450    1.42862574    1.74417899    1.89807298    1.55151818    1.34806980    1.62990217    1.34263120    1.45716152    1.45083048
G1WZL0_ARTOA/796-1041     1.05834358    1.02409243    1.14791105    1.00827753    1.02284360    1.08176570    1.07084683    0.97669631    1.08623933    1.07419113    1.12402977    1.33115071    1.61077832    1.59029279    1.22468643    1.49050748    1.41984102    1.41393632    1.40355251    1.39484036    1.46505501    1.29355436    1.29764556    1.29163896    1.36968175    2.50638799    2.57349453    2.46032086    1.95685724    1.93497982    1.81336226    1.34205970    2.35217837    2.22790635    1.35907310    0.00000000    0.45910528    0.64263827    0.63928445    0.78596732    0.76309379    0.69645645    0.72711776    0.74278468    0.67989597    0.70312794    0.75465765    0.76609829    0.70251729    0.69700958    0.59429958    0.62034405    0.92685185    0.81653471    0.88813951    0.96987489    0.87819416    0.90118572    0.86954140    0.84568770    1.32974078    1.46413284    1.08898256    1.04044608    1.01622926    1.14657743    1.20442387    1.04251677
D5G8R8_TUBMM/805-1052     0.97204762    0.99886435    1.11722199    0.95912509    0.96877977    0.97871404    0.96353289    0.91734780    0.96773990    1.02300210    1.01543551    1.33806612    1.58847473    1.69157960    1.21395320    1.50431266    1.40394184    1.47099612    1.43249153    1.50336444    1.52858112    1.29351699    1.33609194    1.34736181    1.38488847    2.48596984    2.44298201    2.37154299    2.00339824    2.04287801    1.87892547    1.19365084    2.24660004    2.36314683    1.35158402    0.45910528    0.00000000    0.60529455    0.66571597    0.79916889    0.79915418    0.67762680    0.66748465    0.73252652    0.63676212    0.71746089    0.74139018    0.76167302    0.69201549    0.72439417    0.60582057    0.61432194    1.03599600    0.88516149    0.92448059    1.01421690    0.87720960    0.89182822    0.81235711    0.87407609    1.28550931    1.41948338    1.03647567    0.99406097    0.95545934    1.05656241    1.19512258    1.08658823
R7YHM1_CONA1/772-1019     1.13342573    1.14955346    1.13992153    1.12904697    1.11308313    1.12730363    1.09873579    1.04021162    1.03725535    1.18539302    1.16821522    1.39079101    1.55909439    1.71043416    1.36689648    1.65212719    1.56007563    1.55081918    1.53315621    1.44115971    1.65752918    1.44499244    1.53675344    1.51790323    1.50712049    2.71889815    2.67887210    2.54817922    1.83526903    1.90141952    1.93395925    1.38902367    2.34414512    2.30443324    1.29216508    0.64263827    0.60529455    0.00000000    0.31511490    0.56181636    0.54133295    0.51822973    0.56377905    0.61476484    0.47842672    0.54117301    0.63120651    0.70549314    0.50960179    0.48466178    0.34248597    0.37720811    0.85230105    0.67166565    0.66215665    0.76052940    0.75805829    0.72141347    0.67136292    0.67855308    1.39221411    1.45024977    1.19395415    1.14256567    1.07684928    1.21015915    1.31074945    1.11922114
B2VST7_PYRTR/759-1006     1.08942703    1.12341851    1.16011152    1.08923401    1.04308724    1.10386761    1.11089885    1.04641289    1.04230948    1.11556204    1.12011425    1.37918688    1.58101973    1.64543003    1.29490271    1.53542157    1.44544588    1.49271849    1.45647360    1.40798031    1.58243753    1.34817745    1.44909198    1.40845441    1.46750818    2.80635121    2.73944573    2.61974778    1.97763741    1.94250424    1.87784329    1.35205779    2.41903126    2.35839768    1.36312126    0.63928445    0.66571597    0.31511490    0.00000000    0.58396877    0.53681605    0.50536223    0.50877505    0.55911523    0.44671885    0.52462826    0.60359412    0.66019173    0.51484586    0.53733300    0.35520859    0.39872483    0.83740190    0.55173344    0.63186841    0.68795849    0.63674024    0.65351212    0.62533629    0.61742201    1.44734528    1.52368617    1.12734301    1.12731907    1.07137057    1.21548745    1.34084737    1.11060063
M2NNA8_BAUPA/759-1009     1.24901600    1.17965386    1.25101789    1.25936481    1.14251547    1.19182559    1.19741540    1.08917301    1.10203052    1.16317315    1.22206703    1.57206774    1.65015243    1.78250439    1.37751117    1.59750045    1.52243052    1.66945535    1.64310979    1.61674275    1.71647066    1.55719665    1.56753836    1.50035195    1.59284454    2.80796827    3.07878512    2.96365523    2.02083820    1.98582585    2.12562147    1.43315196    2.50927287    2.43336864    1.40264349    0.78596732    0.79916889    0.56181636    0.58396877    0.00000000    0.34517702    0.69304409    0.65453474    0.71481175    0.69772028    0.71473801    0.84843132    0.82652601    0.67479569    0.74420539    0.54838113    0.58996530    0.93189937    0.75044025    0.80392794    0.83443770    0.77874045    0.74786932    0.75309278    0.73847781    1.46779511    1.52526696    1.25983502    1.25786746    1.18110383    1.21205055    1.50980824    1.24676110
N1Q250_DOTSN/748-996     1.23085237    1.19855309    1.24053838    1.20807727    1.07374941    1.15177763    1.18547811    1.11563767    1.16065540    1.21511621    1.34575955    1.57374108    1.73634287    1.90808378    1.42964762    1.69074448    1.52811048    1.66962599    1.68161113    1.57770717    1.69012068    1.59360164    1.66326912    1.54406120    1.72643266    2.73556153    3.04259647    2.94053000    2.07858827    2.05325411    2.11268007    1.47244646    2.40139229    2.37090604    1.43851953    0.76309379    0.79915418    0.54133295    0.53681605    0.34517702    0.00000000    0.66013170    0.68859165    0.70485990    0.68693728    0.73024242    0.81564420    0.83805687    0.66186733    0.74582974    0.54230008    0.62007083    0.92851197    0.72106128    0.78103593    0.83868351    0.77159187    0.72619646    0.74880495    0.76887301    1.59639212    1.55990024    1.23781687    1.25531653    1.28874655    1.29351414    1.48529750    1.22446620
