6
Q9I198_PSEAE/12-78     0.00000000    1.24900715    1.66200142    1.87031563    1.39775823    1.24676420
Q88G25_PSEPK/16-85     1.24900715    0.00000000    1.48866664    1.67631060    0.96951664    0.87012460
Q87XP5_PSESM/13-82     1.66200142    1.48866664    0.00000000    1.93771392    1.32065736    1.32697390
Q88GF1_PSEPK/30-99     1.87031563    1.67631060    1.93771392    0.00000000    1.64617242    1.60831501
F6AIF6_PSEF1/9-77     1.39775823    0.96951664    1.32065736    1.64617242    0.00000000    0.48811740
Q883J2_PSESM/14-82     1.24676420    0.87012460    1.32697390    1.60831501    0.48811740    0.00000000

