127
ERA_BORPE/208-284     0.00000000    1.26631542    0.85254467    1.03782316    0.96445006    1.36995713    1.11128631    1.13811160    1.12543517    1.05953874    0.98507513    1.41847924    1.15132665    1.06109545    0.98372879    1.09272676    1.05433774    1.12401891    0.99027595    1.06367768    0.90280240    1.65078345    1.39744402    3.74128931    4.57172738    4.05532460    4.14718559    3.96606007    3.54681235    4.59096367    3.69946362    3.58363965    3.27935140    2.99535483    3.53819212    4.64310763    3.53381360    4.72198825    3.01937334    2.78366902    3.34501405    3.47383238    3.37649322    3.45631662    4.14199573    3.49948527    3.36402180    3.57790767    3.57654644    2.57074625    2.93512932    4.15259015    4.01592269    4.79974431    2.99199031    3.61957847    4.16663767    4.34712924    3.45699728    3.43708894    3.15848027    4.49986028    3.10386824    3.66214140    3.06573999    3.51407207    3.70015164    4.02220871    3.34292232    3.08427073    3.17983537    2.96776250    3.09966622    2.96889846    3.70930823    3.52936992    3.07462109    3.89462934    4.00128585    3.69090638    3.80942809    3.71808910    3.69773619    3.32562539    3.53619342    3.97162103    4.15563094    4.06070675    3.97471273    3.69862103    3.71257174    3.94672201    5.20511297    3.35454445    3.70481686    4.29258423    3.37367807    3.26686931    1.43468716    1.34606994    1.49260513    1.48396999    1.56793206    1.17780632    1.49763821    1.51847629    1.31375913    1.18063887    1.38130639    1.44614397    1.28484468    1.15937368    1.41439002    1.26861606    1.07458051    1.07694753    1.19446807    1.13387839    1.52857872    1.17673031    0.99619211    1.15047561    1.10625620    1.14092479    1.06972022    1.18046378    1.18152277
ERA_RICPR/207-284     1.26631542    0.00000000    0.68006980    1.00671285    0.82024658    1.92533075    1.35539855    1.70284585    1.32848973    1.30159591    1.53468095    2.18654636    1.29258751    1.03955969    1.06339575    1.27768973    1.38579383    1.15571533    1.19616647    1.36603249    1.27424209    2.07095389    1.30838093    3.83966359    4.53091668    3.86913515    4.85813541    4.60415694    3.90782535    4.89866811    3.69710279    4.17570445    3.51246941    3.79603647    4.78963183    4.86820102    4.73488879    4.53078473    2.72939707    2.75237240    3.07653133    2.86696184    3.56567965    4.02342406    4.55097705    4.28092023    4.11751019    3.58419549    4.04563852    2.95000161    3.18835938    3.96451531    4.07071879    4.48512355    3.75834800    4.29383307    3.82215589    3.41150102    3.67712004    3.76502037    3.84045622    4.66514310    3.68200862    3.79274544    3.24047065    3.68777211    3.80190250    4.40521850    3.44454980    3.05699774    3.26073914    3.06821984    3.11299750    3.15050266    3.35837563    3.41261913    2.95021742    3.68569466    4.14917049    3.37571777    3.95772876    3.41469048    3.59760305    3.29009549    4.15499654    4.43350546    4.69060455    4.57593225    3.77523238    3.83988589    3.82946864    4.05768575    5.45847648    3.24824938    3.78264634    6.38475969    3.11722620    3.46748079    1.32910924    1.45790215    1.94864347    2.18294671    1.44494180    1.46115844    1.73990293    1.46685955    1.64085348    1.46842154    1.64931285    1.96023452    1.59045461    1.63324229    1.68267446    1.64703559    1.46997288    1.46967621    1.41925395    1.49923893    1.55960136    1.53785864    1.58053735    1.41402160    1.51101979    1.40136955    1.54467581    1.54912849    1.41411763
ERA_BRADU/215-292     0.85254467    0.68006980    0.00000000    0.43112825    0.29626717    1.35555606    1.05361186    1.36925057    1.27681302    1.30540007    1.02933339    1.67786294    1.28924686    1.04963457    1.05348047    1.09029610    1.40079880    1.03534330    1.37815180    1.38582122    1.24626732    1.78064575    0.99226697    3.08295794    3.38892270    4.23168924    3.65758500    3.67487805    3.29955772    4.12501732    3.41850319    3.25114228    3.62152160    3.53269167    3.87620387    4.51344609    3.90034376    3.98650007    2.83714090    2.89630900    2.96536430    3.12314874    3.53549503    3.70297972    4.45108419    3.85949849    3.72693221    3.51159903    4.04598127    2.94904556    3.32243192    4.20276651    4.34996816    4.91155677    4.07314666    4.18135234    3.67437154    3.59201650    3.49503636    3.63902468    3.54786257    4.26071976    3.81098676    3.86370954    3.22894344    3.42626855    3.68562973    4.07988106    3.30207339    2.81031957    3.02172179    2.65623874    2.63503155    2.83112487    2.86840886    3.17935654    3.02651277    3.22336187    3.50371596    3.18435721    3.33591866    3.25024579    3.39574204    3.28368434    3.42454979    3.65624693    3.65116162    4.00826749    3.61344854    3.62542709    3.85960416    4.16682786    5.15202717    3.13954632    3.74992440    5.70094555    3.22123112    3.07002455    0.98958665    1.46212423    1.66533851    1.62312599    1.13289192    1.21439607    1.47524431    1.56446018    1.25746720    1.31481942    1.37973432    1.48043322    1.31337426    1.31916578    1.59430762    1.55641132    1.25546854    1.03467220    1.33786268    1.07750699    1.08765871    1.09400128    1.18940611    1.21226698    1.28394049    1.21225236    1.24524881    1.12633210    1.00583417
ERA_CAUVC/224-301     1.03782316    1.00671285    0.43112825    0.00000000    0.50829094    1.51850057    1.18808519    1.35526176    1.30192504    1.38451910    1.23545558    1.27409285    1.22519409    1.00407464    1.01389036    1.11556759    1.13077316    1.10075616    1.20883658    1.14126009    1.20565179    1.93848286    1.16399086    3.29699709    3.95746204    4.50509983    3.64113701    4.05605863    3.28464339    4.54224115    3.67396856    3.59121649    3.17626700    2.71904858    3.22383822    4.03379987    3.35295897    3.51297145    2.79248891    2.86590154    3.06844790    3.00703267    3.24370452    3.22237297    3.47775723    2.91370263    2.87205572    2.96525779    3.51562920    2.69942005    3.00317211    4.43345457    4.97576115    5.00233577    3.70914217    3.99589336    3.44892367    3.41585027    3.41131290    3.56493871    3.22412607    4.58989250    3.76323115    3.87860386    3.52389958    3.54777671    4.27600211    4.70335572    3.24770445    3.55510765    2.87751515    3.29993964    3.47074001    2.83400865    3.09180283    2.92786916    2.69940801    3.31325129    3.20122592    3.21340783    3.08891603    2.96064248    2.74879956    2.42936886    2.99196170    3.40528806    3.37028766    3.93594081    3.06885178    3.42602117    3.26663837    3.40381012    4.93645191    3.52214028    3.93673456    4.83707524    2.97396317    2.93690187    1.06918581    1.66508398    1.48272905    1.33900711    1.31034806    1.30333349    1.11917275    1.38601528    1.12272085    1.17550184    1.50527508    1.35642649    1.34151357    1.14658769    1.40650148    1.29631010    1.23795961    1.07516872    1.50021593    1.16450236    1.15482695    1.18795674    1.09482057    1.17103449    1.21302672    1.16398366    1.32722649    1.26439502    1.07857726
ERA_AGRFC/224-301     0.96445006    0.82024658    0.29626717    0.50829094    0.00000000    1.56963826    1.24564104    1.39203168    1.19279360    1.12448333    1.06412971    1.30171067    1.39996021    1.18159580    1.09263161    1.15766360    1.27792440    1.07849549    1.38102702    1.30585545    1.32871777    1.68572854    1.23499682    2.90658533    3.09100886    3.76727995    3.40454117    3.56179338    3.09453647    3.77396934    3.61905310    3.14776742    3.71937984    3.34107846    4.06630040    4.38610400    3.92277900    3.92499072    2.79474003    2.80596884    2.92273775    3.08933176    3.38370571    3.55225303    4.69934508    4.35082636    4.12218286    3.57635091    4.22447200    3.11300537    2.89410924    4.15330063    4.34044176    4.46891885    3.87550884    3.51638786    4.07928306    3.44497183    3.05738564    3.54482882    3.49973284    4.01564381    3.84747618    3.60250708    3.68092284    3.72629341    4.02434096    4.44149742    3.47846160    2.87454830    2.90405338    3.03751900    3.04529593    2.86038657    3.24770148    3.37266840    2.94662475    3.57786606    3.74277010    3.54330997    3.31364666    3.25456757    3.04939017    3.04815718    3.26706111    3.70495472    3.58739529    4.30909822    3.44902589    3.88040498    3.65007427    3.76943615    4.09472734    3.44254141    4.02195661    6.74398254    3.38003984    3.50929954    1.02584161    1.50992397    1.53191266    1.50125014    1.17128758    1.33373426    1.33220460    1.67506834    1.04900229    1.18371364    1.29542794    1.64166330    1.36139627    1.26592838    1.57357730    1.41441578    1.21688156    1.08842102    1.24269071    1.19742653    1.12979573    1.32363602    1.27406927    1.22173398    1.39482848    1.35231077    1.40160162    1.24262170    1.06608594
ERA_CAMJE/201-277     1.36995713    1.92533075    1.35555606    1.51850057    1.56963826    0.00000000    0.86709310    1.12823563    1.14622522    1.31732232    1.22145279    1.24138859    1.33183218    1.47754623    1.25073374    1.52162786    1.62905219    1.66098998    1.57656548    1.68219171    1.19037770    2.20262025    1.33486965    4.54864385    5.21466761    4.05865823    4.20794748    4.66770864    3.66989122    4.38265152    4.24502865    4.19839567    3.57652477    3.86419362    3.13394067    4.55450044    4.12206143    3.79608879    4.57278745    4.27618599    4.74023495    4.89343366    4.98423785    3.72011297    4.00583306    4.08969114    4.30395850    3.55962734    2.75031021    2.56802965    3.01542654    3.39114483    4.72530106    4.08756279    3.88630890    3.41658184    3.58568345    3.70178463    2.94008910    3.21414196    2.50432642    3.57894389    2.57662066    2.99624321    2.91164381    3.55152835    3.78059569    3.55864727    3.34719682    3.57905194    3.29067318    2.98910868    3.19713768    3.20680794    3.67155642    3.14213969    2.81799065    3.64197281    3.67050676    3.51357804    3.54144149    3.46422517    3.60161908    3.48514100    2.92442376    3.24570282    3.02678246    3.09776405    3.03662019    3.22738062    2.93355233    3.09800811    3.27694812    3.46086403    3.60821660    4.45709036    3.16752485    2.77611745    1.29716671    1.62202494    1.64512570    1.79312239    1.33478051    1.34539009    1.38681557    1.34989587    1.14380800    1.35604474    1.29368992    1.35013232    1.20400289    1.20372122    1.30313382    1.28396301    1.46575873    1.20857759    1.25741521    1.11281362    1.31309934    1.18502080    1.22380055    1.27588925    1.18492870    1.14413976    1.05846045    1.48458279    1.29968346
Q7M8Z8_WOLSU/208-284     1.11128631    1.35539855    1.05361186    1.18808519    1.24564104    0.86709310    0.00000000    0.57558317    0.86998063    0.93820156    1.01538070    1.26847860    0.83318192    0.83516943    0.92309657    1.08884789    1.04650026    1.17213616    0.99237675    0.95090141    0.82010967    1.96095688    1.16569041    4.56494621    5.82185826    4.20713751    4.50121290    4.82493476    3.67261054    4.64284525    4.41042175    4.20673290    3.93786548    3.42080884    3.70773445    4.87703276    4.06724543    4.92694913    4.97850103    4.44703204    4.58511389    4.64417388    4.87967296    3.70944574    3.98821112    3.69529990    3.75113679    3.23070782    3.11238078    2.65207913    3.19736137    3.42288078    4.78299959    4.69898515    3.64188051    3.19635703    3.55191721    3.44188792    3.31233778    3.27235376    3.06613584    3.64368707    3.04165769    3.16431904    3.19134500    3.71676124    3.97963588    3.95629228    3.15568770    3.29271102    3.22640146    3.12428094    2.92546876    3.08652251    3.07179939    2.69808965    2.40031058    3.11869468    3.01583198    3.20222327    2.97221701    2.96131085    3.10534834    2.92233398    2.94556874    3.26971159    3.32596781    3.41565876    3.65867272    3.09827870    3.39273899    3.26829885    3.94343058    3.13848584    3.38706348    4.81295110    3.12493228    3.03597434    1.44974096    1.43629445    1.64171732    1.66343566    1.26621808    0.93504727    1.26151312    1.56484870    1.03568274    1.00906277    1.33152068    1.29578978    1.23273106    1.02890640    1.32754903    1.20030548    1.05731616    0.82757125    1.02657481    0.89583067    1.20610773    0.94403024    0.85710336    0.90204370    0.95153006    0.98051749    0.90607430    1.08382561    0.98657431
Q7VJD5_HELHP/215-291     1.13811160    1.70284585    1.36925057    1.35526176    1.39203168    1.12823563    0.57558317    0.00000000    0.93802827    0.98835797    1.06771896    1.26981836    1.08453406    1.14809033    1.07956846    1.26989254    1.32152979    1.61835252    1.25513941    1.20188963    1.26586694    1.98477906    1.38351008    3.58590531    5.17367710    3.53055990    3.83153339    4.08414401    3.69319029    3.96969920    3.41251823    3.40985525    3.35098963    2.86418307    3.30872361    3.98128618    3.29143121    3.54989338    3.71072274    3.46049680    3.61528793    3.72201478    3.56145670    2.95993763    3.61734040    3.45904607    3.48400801    2.83462579    2.55242077    2.60953632    2.80654746    3.88867367    4.74194822    4.08610794    3.18844017    3.47702485    3.48016208    3.43935350    3.10042153    3.49418715    3.19210349    3.88018332    3.38253927    2.91171302    3.05003910    3.35269719    3.92585946    4.05904083    3.33659309    3.00019043    3.01173303    2.76759183    2.98929685    2.77913871    3.54889982    2.88514990    2.56230742    2.79673246    3.28351857    3.17723081    2.69605442    2.99646711    3.03118084    2.48980110    2.64751473    3.24159569    3.27197371    3.19498729    3.06708496    2.92176380    3.10086334    2.94529453    4.25072316    3.41913952    3.87724716    3.31349265    2.87441926    2.59111804    1.57942394    1.46773098    1.78487220    1.85798903    1.19651874    1.15729838    1.33856916    1.59966484    1.14987148    1.13009648    1.40550604    1.35812973    1.50134372    1.16915787    1.48885320    1.30537466    1.19581634    1.12064298    0.98532253    1.15051956    1.44344221    1.06050299    1.12296822    1.15517677    1.11295466    1.00475114    1.09406418    1.26004869    1.17720803
Q7MT49_PORGI/209-285     1.12543517    1.32848973    1.27681302    1.30192504    1.19279360    1.14622522    0.86998063    0.93802827    0.00000000    0.39212015    0.64740849    1.06233839    0.73859936    0.98944608    0.85015208    0.83333826    0.87551488    1.16658227    0.88110665    1.19485051    0.98072303    1.38720679    1.21383630    3.87323606    5.53986414    4.02822483    4.41615400    4.74640896    3.79538031    4.41738764    4.14105340    3.47913454    4.07155702    3.46256965    4.37694851    4.23604070    4.22253139    4.47481295    3.73794467    3.52685488    3.62311200    3.83373240    3.74521772    3.97936401    3.72241231    3.68380927    3.88072802    3.55282706    2.54110271    2.06678436    2.48358379    3.62792387    4.03343998    4.32481654    3.84302286    3.12157276    3.43572722    3.23828181    2.76307864    2.94760494    3.00362857    3.05814001    3.25363320    3.08332660    3.00957839    3.13490119    3.23760008    3.61565611    3.08400637    2.97840733    3.19866929    2.84507252    3.10775007    2.81509596    2.93760643    3.03961427    2.66145684    3.33815583    3.27384969    3.36670940    2.96815345    2.98748635    3.21712422    3.19774419    2.91102756    3.33925192    3.63573271    3.43861776    2.76959952    3.02917913    2.89862162    2.93593276    3.71992736    2.95353498    3.14482866    5.27376553    3.09341217    3.51233740    1.42666859    0.93502049    1.48203273    1.29290764    1.12979858    1.08012618    1.22930242    1.09253673    0.84938426    0.82167244    1.02135522    1.11269320    0.85737067    0.99718838    1.05414736    1.02899198    0.92540973    1.00350221    1.08557166    0.96046347    1.15596705    0.77696917    0.74860748    0.84778563    0.73921533    0.75788082    0.83358336    0.84603124    0.85733131
Q8A136_BACTN/203-279     1.05953874    1.30159591    1.30540007    1.38451910    1.12448333    1.31732232    0.93820156    0.98835797    0.39212015    0.00000000    0.72899196    0.90159276    0.71729657    0.90320731    0.82963483    0.93758306    1.02911250    1.23193721    0.69904914    1.13209038    1.00374299    1.34455612    1.12609545    3.65516683    4.55465965    3.64601334    3.33595512    3.77455794    3.15032590    3.68455728    3.58276983    3.38360435    3.56339675    3.11829970    3.57759614    4.17841548    3.65059428    4.35500326    3.49765973    3.40283083    3.69617272    3.56932178    3.62475295    3.76098689    4.16088337    3.72467835    3.88994322    3.03530342    3.00703285    2.25239493    2.45046516    3.38150235    3.91982892    4.13818545    3.38960194    2.74442283    2.94534320    3.10814207    3.18537712    2.95939868    2.54436521    2.92139065    3.28153028    3.24490627    3.13937614    3.18018463    3.12424115    3.29626891    2.91756817    2.80080831    3.09258582    2.53255558    2.77088695    2.54848194    3.18717655    3.08421350    2.75233700    2.77072152    2.93447254    3.35307827    3.08153395    3.15058950    3.13441972    2.77160724    2.84960214    2.94492568    3.18633115    3.10191923    2.78129286    3.04114143    3.11415571    3.03384108    3.62366437    3.07335609    3.21589399    4.75585424    2.99319085    2.97042765    1.30817866    0.81715066    1.24997379    1.23772743    0.96961279    0.85160268    1.39140306    1.04745747    0.75419761    0.76441332    1.06926118    1.14169863    0.83178720    0.87799059    1.02870700    0.98936603    0.82407509    0.94349175    0.98322574    0.99839345    0.86074272    0.77048685    0.62420790    0.77868934    0.64581893    0.66204133    0.74669147    0.81237861    0.81267202
Q8KFN3_CHLTE/213-294     0.98507513    1.53468095    1.02933339    1.23545558    1.06412971    1.22145279    1.01538070    1.06771896    0.64740849    0.72899196    0.00000000    0.91547925    1.26252360    1.30522083    1.08953172    0.98946539    1.16329405    1.10929695    1.00352064    1.30589335    0.97355248    1.52769499    1.41175715    3.90190273    4.91736824    3.67370690    3.59675577    4.61941375    3.58435576    3.86442666    3.85643131    3.85979453    3.98206713    3.99037353    4.28524940    4.30405256    4.89179477    3.99166858    3.43960837    3.28114994    3.91520486    4.06795107    3.94734989    3.98237533    3.93402039    4.18257957    4.06302343    3.57853142    3.12754584    2.48110253    2.47731983    4.52763142    4.87346925    4.72839140    4.23112335    3.35565965    4.37515288    3.22426032    2.59422342    2.91835309    2.79596612    3.26727400    2.82943219    2.97070452    2.67708116    2.98053137    3.06990105    3.32715307    2.93829009    2.65377678    2.64116678    2.50307071    2.81699620    2.44935301    3.53560609    3.21652599    2.92176246    3.78412421    3.83960287    3.79140533    3.42469808    3.67577888    3.83448956    3.53475853    3.06617278    3.60220308    3.84157955    3.30458867    3.03250421    3.18074537    3.11031679    3.00530346    4.79188854    3.51364139    3.47811606    5.28737138    3.66079472    3.38440054    1.34529744    1.20387863    1.66921646    1.51491905    1.11806307    0.94561393    1.23812019    0.98877647    0.79980281    1.17517310    0.87877030    1.17537631    1.06776330    0.97677318    1.22716675    1.16572220    0.91365291    1.05096562    0.92276221    0.96094060    1.09740989    0.79834187    0.80124498    0.84209377    0.84547084    0.83916020    0.85390464    0.87419715    1.05257277
ERA_ARATH/332-409     1.41847924    2.18654636    1.67786294    1.27409285    1.30171067    1.24138859    1.26847860    1.26981836    1.06233839    0.90159276    0.91547925    0.00000000    1.20469379    1.41094816    1.33902359    1.50684552    1.20506603    1.59394448    1.12952099    1.06420707    1.24506564    1.84058647    1.68634163    4.18424397    5.87045334    4.28528000    3.50739554    4.67494642    3.33112138    4.73527593    4.60955700    3.87974095    4.33384943    3.58774349    4.35940309    4.50449399    4.31496590    4.62605542    3.56487298    3.12973229    3.67954655    3.46570768    4.34271790    4.04320534    4.11677506    4.43452664    4.52337433    3.89776800    4.12134586    2.95458382    2.55888298    4.80568004    4.74383125    5.38502439    3.63255635    3.31650505    3.81206389    3.79142211    3.28031379    3.01084968    3.09860344    4.25203406    3.31956077    3.57933727    3.68372190    3.77086016    3.99846697    4.34362999    3.21196138    3.12848398    2.90166723    3.00205310    3.17517222    2.80769047    3.77842937    3.29170764    3.27172419    3.58449427    3.59942050    3.93594399    4.18981389    3.52510042    3.66364477    3.74507341    3.14096706    3.58322472    3.51756006    4.18714374    2.73280063    3.41074644    3.11524501    3.08056464    3.97693573    4.14671237    4.55516732    5.91675370    4.27165695    3.69208449    1.45832635    1.65953953    2.16301753    1.89549191    1.06998111    1.23170375    1.32249526    1.45760641    1.13969776    1.15077791    1.47880139    1.74940337    1.53855642    1.14783890    1.15681888    1.11489575    1.31028905    1.26304556    1.43008812    1.33500816    1.13357572    1.00259088    0.98412667    1.19409218    1.02687766    1.08284654    1.01550649    1.23614624    1.14730918
ERA_COXBU/206-282     1.15132665    1.29258751    1.28924686    1.22519409    1.39996021    1.33183218    0.83318192    1.08453406    0.73859936    0.71729657    1.26252360    1.20469379    0.00000000    0.77894561    0.84902259    0.84129075    0.77159254    1.04409166    0.71959285    0.74842290    0.89744248    2.00434680    1.11391624    3.13100034    4.98797779    4.19559426    4.08887236    4.18573411    3.02547871    4.13297454    3.62119325    3.28161867    4.12379844    3.20969920    4.06644155    4.64201774    4.25719901    4.75088960    4.01642985    3.97652568    4.35416343    3.94584907    4.46037360    3.84314094    4.28486601    4.00485169    4.05130257    3.47875852    3.32712575    2.74103210    2.68489895    4.19986385    4.40563345    4.68564599    3.89436236    3.96250286    3.51640776    3.52962772    3.68584095    3.45966736    3.10586945    3.99799676    3.51465899    3.76661555    3.67525002    3.44295624    3.52980323    3.81380730    3.20206240    3.61440727    3.18844621    2.86267847    3.14792835    3.09890254    2.84999021    2.71962660    2.73629178    3.14522321    2.86380521    3.26595717    2.90297385    3.11322600    2.95122226    3.02129273    2.83140964    3.27687965    3.22437762    3.27965407    3.12010154    3.39292502    3.17948616    3.33604303    3.94249589    2.81954997    3.07955155    5.29956348    2.90659819    3.15396568    1.39903836    1.11108675    1.34212688    1.29357406    1.10212145    0.90678919    1.33253534    1.15823399    1.05717491    0.84757189    1.51949725    1.40780256    1.23735702    0.89598687    1.18072450    1.02418910    0.87049503    0.91076429    1.24726028    1.07707658    1.03579317    0.87742873    0.87643240    0.89720061    0.83537862    0.94257905    0.93729663    0.94010639    0.91254372
ERA_XANCP/210-286     1.06109545    1.03955969    1.04963457    1.00407464    1.18159580    1.47754623    0.83516943    1.14809033    0.98944608    0.90320731    1.30522083    1.41094816    0.77894561    0.00000000    0.27308535    0.76871588    0.73595873    0.86272817    0.64935894    0.69023705    0.82628086    1.87196092    1.15098933    3.47587802    3.85200223    4.21442665    3.30705325    3.43169801    2.95372607    3.99796453    3.43294822    2.99259103    3.90779609    3.26189530    4.22085851    4.52903344    3.81258717    4.19283234    3.76811229    3.61993926    3.32548149    3.59661203    4.82501892    3.30793441    4.42192419    3.58263138    3.71034367    3.49957063    3.99363119    3.03712292    3.32948286    4.25655841    4.90049021    5.98171961    3.96031809    4.05085825    3.85855675    3.55020224    3.92317269    3.44505385    3.64772100    4.11851747    3.55873831    3.42154415    3.21426384    3.76329152    3.85152589    4.53339987    3.38739641    3.53355121    3.84752708    3.26464421    3.21440182    3.34355679    3.13005275    3.08195250    2.52274255    3.01698798    3.11361490    3.52206076    3.54055754    3.31795720    3.51105387    3.07696478    3.05967521    3.28709934    3.64814423    3.77769294    3.41828059    3.47414532    3.53839144    3.60096013    4.66308866    3.52315870    4.14229869    5.14441137    2.67348954    3.43850738    1.38243926    1.06969907    1.35636792    1.36557280    1.27804478    0.97800617    1.15792499    1.21431944    1.06206265    1.00884186    1.58102577    1.39057940    1.40229183    1.23973236    1.27190596    1.29101410    0.91724802    0.96321014    1.27746733    1.00307624    1.19083564    0.94600308    1.04989342    0.94577235    0.97867421    0.91274234    0.97081748    1.13714379    0.91421302
ERA_XYLFA/210-285     0.98372879    1.06339575    1.05348047    1.01389036    1.09263161    1.25073374    0.92309657    1.07956846    0.85015208    0.82963483    1.08953172    1.33902359    0.84902259    0.27308535    0.00000000    0.87791744    0.71988404    0.81108651    0.72644777    0.84251373    0.91008088    1.53657525    0.99887477    3.76750216    4.56621853    3.99388653    3.37826239    3.31829603    3.35392404    3.92422649    3.49168694    3.16926046    3.44637509    2.98866027    3.79438568    4.20080940    3.65103200    4.27762514    3.56768247    3.10560389    3.32974072    3.34442070    4.46295623    3.39757539    4.00962731    3.45893014    3.56113992    3.38150822    3.71734852    2.87516128    3.10106873    4.09587613    3.72655835    4.91766575    3.89300474    3.85306758    3.97791008    3.97300236    3.91379139    2.97967874    3.31411705    4.42658904    3.33576549    3.26869923    3.12026822    3.68832252    3.83485288    4.51863814    3.32109556    3.34621105    3.30742999    3.40687432    3.47840714    3.16722505    3.15199379    3.22490885    2.75975235    3.28883529    3.00273156    3.27831813    3.64094059    3.33659629    3.45545843    2.98971702    2.90257227    3.37109844    3.65268499    3.34817602    3.07423849    3.32225850    3.15571101    2.84849571    4.46363953    3.77456484    3.77680293    4.82039004    2.90416041    3.32649294    1.14484710    0.87825827    1.28938014    1.30970642    1.21375926    0.86131431    1.15531770    1.06215867    1.00605909    0.94191897    1.44977465    1.14749002    1.17261917    1.05970714    1.13502381    0.98230110    0.91770204    0.99915811    1.19012065    1.00086513    0.97070991    0.99274525    0.86204159    0.83586689    0.84995080    0.80504312    1.00085014    0.98449690    0.86371803
ERA_PSESM/210-286     1.09272676    1.27768973    1.09029610    1.11556759    1.15766360    1.52162786    1.08884789    1.26989254    0.83333826    0.93758306    0.98946539    1.50684552    0.84129075    0.76871588    0.87791744    0.00000000    0.53850251    0.65800151    0.71798341    0.78075779    0.77002378    1.45927045    1.25978379    3.61629610    4.03193976    3.58318856    3.51963599    3.77848680    2.84958659    3.73232966    3.62979634    3.38950533    3.43645680    3.27359262    3.86044460    4.04313588    3.98199502    3.58001353    3.00317354    2.89692572    3.23201749    3.36405847    3.77616815    3.70079158    4.10511004    3.71339525    3.76981106    3.51690982    3.46587386    2.51121733    2.83123171    4.25545742    4.19412344    4.75842574    3.58683540    3.98642176    3.86037484    3.60441749    3.52350574    3.32778735    3.16653963    3.70489474    3.48686449    3.46672541    3.14835500    3.32786451    3.46669764    3.80054228    3.55017754    3.27309106    3.12947802    2.82490190    3.07231654    3.16004962    3.31646753    3.45710447    2.72468414    3.11416392    3.29450954    3.58511717    3.59269394    3.95511657    3.59211102    3.42912625    2.86487711    3.34429718    3.45425436    3.44151925    2.82803920    3.44889845    3.13680499    3.29943226    4.51527552    2.83371257    3.20856556    5.43946990    2.84712141    2.79247460    1.19713016    1.07857122    1.20608767    1.13273695    1.37675834    1.02579885    1.42951789    1.19147005    0.95786098    1.12717534    1.23184050    1.37378053    1.08994941    1.10984310    1.28020553    1.05290998    1.05499781    1.22647078    1.28168757    1.30352056    1.18209571    0.98162582    0.92459512    0.93062293    0.89614218    1.02859273    0.92878471    1.03406230    1.15763043
Q8EH80_SHEON/248-325     1.05433774    1.38579383    1.40079880    1.13077316    1.27792440    1.62905219    1.04650026    1.32152979    0.87551488    1.02911250    1.16329405    1.20506603    0.77159254    0.73595873    0.71988404    0.53850251    0.00000000    0.48978552    0.54404318    0.56057122    0.61139175    1.64872417    1.50526282    4.50271133    5.20643477    4.37476172    3.74562500    3.98533633    2.80487256    4.36046510    4.74483462    3.86003076    3.60712542    2.82504622    4.00614794    4.21632445    3.97335244    4.17685088    3.05406028    2.59653410    3.17760819    3.48774084    3.79403479    3.67987133    4.53132079    4.13880217    4.11264521    3.20082306    4.09239270    3.15679371    3.00429355    4.51486107    4.24718293    5.18676882    3.93375902    3.61013960    3.91240338    3.86492034    3.88196044    3.13945493    3.74955930    4.11502285    3.91880561    4.02330610    3.81353361    4.09145265    4.13696813    4.67926726    3.71490186    3.88681117    3.47785088    3.60787179    3.62442607    3.42464941    3.34017175    3.45336317    2.79877436    3.97406850    3.48887435    4.22354508    4.44822588    4.09218884    3.77083032    3.72078278    3.55566449    3.56141594    3.78458538    4.18821706    3.34171734    3.89059639    3.52551252    3.35249695    5.06963004    3.86410247    4.04164672    5.70545126    3.21830585    3.53318962    1.41658232    1.32151449    1.51447556    1.22015134    1.35324005    1.18511851    1.31335373    1.38273631    1.10184530    1.13922652    1.40521545    1.51591921    1.20866891    1.08470441    1.34704116    1.04034370    1.02825569    1.32724666    1.41754915    1.41564027    1.32208330    1.16226846    0.98010731    1.01193731    1.00537042    1.07285536    1.05866459    1.06202221    1.30027023
ERA_ECOLI/209-286     1.12401891    1.15571533    1.03534330    1.10075616    1.07849549    1.66098998    1.17213616    1.61835252    1.16658227    1.23193721    1.10929695    1.59394448    1.04409166    0.86272817    0.81108651    0.65800151    0.48978552    0.00000000    0.70219111    0.89085124    0.73995018    1.70038650    1.06856833    3.34187161    3.97137168    3.83856777    3.16712490    3.61413297    3.08103013    4.15972212    4.08776039    3.46910611    3.06508466    2.69971275    3.22794309    3.41002051    2.99024684    3.47105366    2.64240655    2.52023347    3.13986720    3.06858385    3.41671005    2.92581522    4.08910236    3.47769759    3.34282805    2.86851545    3.45436393    2.68089448    2.50892498    4.26255262    3.39354238    3.86930651    3.63132559    3.40686431    3.37788182    3.49350331    3.18195690    2.70304165    3.30959873    3.58506117    3.35779093    3.60682156    3.09948972    3.30296535    3.63152341    3.87360060    3.28537090    2.69092160    2.69101779    2.55607108    2.71762756    2.56896505    2.69614744    2.91803011    2.31279296    3.49131001    3.17071797    3.36037763    3.77377819    3.65423879    3.73287677    3.55403113    3.19621443    3.38545465    3.46839086    3.68224217    3.07763783    3.32882254    3.15527636    3.10075133    5.08774939    3.05752855    3.06724078    4.81176520    2.86538191    3.25262283    1.20086559    1.14583090    1.51349807    1.36266341    1.45463900    1.19048838    1.40867391    1.28440721    1.34931153    1.17907787    1.25087680    1.54676134    1.08580822    1.33695558    1.46041077    1.08091313    1.19790953    1.32904037    1.23464243    1.36564026    1.10266623    1.29883287    1.12738395    1.06705156    1.21782098    1.08255954    1.09917873    1.25899903    1.26258708
ERA_NITEU/208-284     0.99027595    1.19616647    1.37815180    1.20883658    1.38102702    1.57656548    0.99237675    1.25513941    0.88110665    0.69904914    1.00352064    1.12952099    0.71959285    0.64935894    0.72644777    0.71798341    0.54404318    0.70219111    0.00000000    0.59109495    0.52185079    1.68218302    1.09281339    3.31616484    5.02771436    3.62801725    3.19180579    3.95698797    3.04399968    4.18158322    4.07655359    3.61984541    3.24350662    3.04398521    3.71237986    3.69938126    3.47776811    3.50968651    3.34494404    3.06472353    3.65044806    3.64699440    3.63765861    3.37026069    3.81657920    3.61155416    3.75000733    3.26026384    3.68280741    2.90505281    2.37730809    3.77323186    3.94620757    4.79894658    3.62430464    3.41627056    3.39444317    3.13077866    4.01471989    3.50622013    3.29388692    3.64187695    3.29694233    3.26583969    3.07779825    3.57734206    3.41950388    3.86903498    2.93242515    2.96247004    3.13276106    2.77106699    2.88768820    2.82238207    2.93943409    3.02804203    2.93874409    3.30353381    3.42851074    3.77300791    3.44718292    3.97190656    3.62099483    3.08899852    3.55887943    3.53593745    3.65719265    3.99863605    3.17231752    3.24732217    3.65284973    3.38561351    5.05091999    3.40225980    3.62241606    5.03436442    2.91702819    3.24646724    1.26014719    0.95296943    1.43237348    1.33207947    1.15660150    0.87976248    1.19691392    0.94182791    0.88175603    1.03038523    1.18964495    1.28783787    0.92896809    1.04034580    1.25505796    0.99796484    0.65192734    0.86513413    1.10783226    0.96484984    0.95119729    0.84434200    0.73879763    0.84384306    0.66073297    0.69333046    0.66027057    0.91505924    0.80690869
ERA_CHRVO/208-284     1.06367768    1.36603249    1.38582122    1.14126009    1.30585545    1.68219171    0.95090141    1.20188963    1.19485051    1.13209038    1.30589335    1.06420707    0.74842290    0.69023705    0.84251373    0.78075779    0.56057122    0.89085124    0.59109495    0.00000000    0.48395486    1.92822549    1.28807642    3.78332122    5.63927897    4.56840141    4.35612180    4.44764014    3.17048836    5.05392930    4.76677831    3.96777707    3.59652526    3.17238034    4.27853931    4.65117062    4.22099880    4.99129663    3.40565325    3.43562890    3.41530992    3.67719109    4.95525256    3.96846363    4.39169813    4.30733890    4.25136587    3.56227692    4.88193065    3.45368209    3.20352681    5.01178647    5.35013786    6.19979314    4.53244447    4.61946198    4.93269849    4.30841875    4.67593671    3.76510825    3.29950468    5.14134857    3.42353901    3.88429892    3.91933152    4.45169223    4.41543715    4.76785028    3.75966746    3.86605508    3.71139331    3.35625439    3.74095036    3.59737138    3.65300711    3.66960653    2.90960555    3.12884506    3.33202691    4.17500647    4.11975408    3.83872509    3.60064853    3.29327292    3.15381356    3.60233776    3.81181475    3.88345792    3.51265675    4.14470266    3.74271467    3.71361884    5.29625353    4.10097127    4.57554086    4.93439407    3.08875404    3.38598599    1.46579473    1.45400481    1.74345680    1.59034177    1.33357535    1.22311241    1.47415169    1.44063359    1.46505502    1.07961693    1.35974991    1.32139712    1.36945117    1.12308246    1.27668731    1.15344514    1.06233683    1.15029864    1.41787810    1.27404528    1.29746526    1.20566869    1.09115877    1.29482541    1.27767566    1.20347505    1.23516933    1.27705673    1.10450571
ERA_RALSO/210-286     0.90280240    1.27424209    1.24626732    1.20565179    1.32871777    1.19037770    0.82010967    1.26586694    0.98072303    1.00374299    0.97355248    1.24506564    0.89744248    0.82628086    0.91008088    0.77002378    0.61139175    0.73995018    0.52185079    0.48395486    0.00000000    1.75935719    1.39258153    4.75296997    6.67240241    5.06537474    4.72283073    5.15459185    3.49164081    5.07591790    4.67580675    4.63862057    4.34940845    3.71094331    4.46189671    4.38549320    4.70107899    4.30736561    3.23267986    2.97567640    3.32690997    3.78266540    3.79570449    4.05543716    4.08873073    5.03585379    4.95701943    3.96165683    4.17115535    2.89992246    3.02283737    4.65689543    5.45151405    5.58349470    4.15260123    4.23125640    4.48700638    4.45814893    4.23379722    3.47378357    3.74650241    4.93337352    3.45550575    4.17479654    3.70570135    4.98324783    5.10386043    5.43213448    4.11914097    3.58973869    4.10672996    3.45490467    3.80081940    3.67185912    4.13593354    3.80188660    3.18654632    4.20959222    4.95713561    4.76051450    4.50030520    4.46106344    4.53646937    4.29367178    4.19866655    4.39802756    4.54493082    4.84594188    3.71131428    4.21011857    3.96043726    4.11487232    6.60980929    4.09966886    4.24421838    5.78250974    3.72963465    3.73601432    1.51869587    1.36466387    1.67969702    1.50685250    1.49115976    1.01631013    1.16183847    1.37378569    1.20560807    1.35055858    1.35764345    1.50030534    1.29322020    1.17368693    1.44849051    1.08935349    0.91624444    0.92835838    1.08452819    1.01961613    1.22370032    1.00268776    0.80224770    1.05552294    1.12937221    1.01183836    1.02517881    1.18693172    1.08358275
ERA_TREPA/230-308     1.65078345    2.07095389    1.78064575    1.93848286    1.68572854    2.20262025    1.96095688    1.98477906    1.38720679    1.34455612    1.52769499    1.84058647    2.00434680    1.87196092    1.53657525    1.45927045    1.64872417    1.70038650    1.68218302    1.92822549    1.75935719    0.00000000    1.68912140    3.37801008    4.86597454    4.05534097    3.95660946    4.26834695    3.80527571    3.65718528    4.01470249    3.95143847    3.66736515    3.79328082    3.80667128    4.27187754    4.50029942    4.47670921    4.10651109    3.74670942    5.23484558    3.80153200    4.35204880    4.56719394    4.05046246    4.72188179    4.64678696    3.46978323    3.86916269    3.07984696    3.19377235    3.83298926    3.05803922    4.72819124    3.92189116    3.29755707    3.77720703    4.00780662    3.70561614    3.31833685    3.42536640    3.57745465    3.29785906    3.04243000    3.05565839    3.52064222    2.99736140    3.45717753    3.22671497    2.78399935    3.19026563    3.11911150    3.31161887    3.08358016    3.80572788    3.79159340    3.83900017    3.26101721    3.37139255    3.61561934    3.64878870    3.28889379    3.58464543    3.64759212    3.94436380    4.26710180    3.74151700    4.32236598    2.93207034    3.17960667    3.18499911    3.48666483    5.10751388    3.11811008    3.46118796    5.10248888    3.62806093    3.11012589    1.45107587    1.34743906    1.79595080    1.71842207    1.53226227    1.29071688    2.19179364    1.93145342    1.38464495    1.57925776    1.48399840    1.76985188    1.55447107    1.65814718    1.80362235    1.57509663    1.56771262    1.41672185    1.54629991    1.63223847    1.58107781    1.58718874    1.47984327    1.38634114    1.46473492    1.43091767    1.35045036    1.61225074    1.51810480
