60
R4FNN6_RHOPR/183-256     0.00000000    0.46682258    0.56807524    0.58316188    0.41366011    0.60571425    0.28897485    0.77790675    0.50471475    1.22900499    1.23950106    0.92451525    1.00665506    1.30974404    1.26675231    1.42268092    1.10083235    1.01126871    1.10640094    1.06591184    1.27332121    1.31260167    1.07171709    1.08368794    1.23102823    1.07539828    1.23336624    1.28446645    1.20835910    1.34812356    1.41407184    1.32414006    1.43829325    1.42870937    1.35781727    1.41893463    1.46026510    1.36965222    1.29653198    1.35488407    1.49632950    1.40233646    1.36152458    1.14204229    0.90313986    0.93494554    0.83021422    0.95473951    0.95678823    1.08614424    0.82596404    1.15344945    1.54923672    0.42646831    0.65603732    0.87634216    0.52554653    0.51976157    0.49704394    0.66635001
H3AMY4_LATCH/232-306     0.46682258    0.00000000    0.40101461    0.37022820    0.53432049    0.77278918    0.44367915    0.90030308    0.71925736    1.22033618    1.25014384    0.94260602    1.27553785    1.22581417    1.34203563    1.54528074    1.13184062    1.17380161    1.16006418    1.21321573    1.25172225    1.30797507    1.09105960    1.05048411    1.19971425    1.22838312    1.18190358    1.20585511    1.15017689    1.42894001    1.62318980    1.47347688    1.31801601    1.47830707    1.42030264    1.59137609    1.30823625    1.40163842    1.29905177    1.26140124    1.30158950    1.42672036    1.23717666    1.05797796    1.04439862    0.93743786    0.87089895    0.91787554    1.07263727    1.07306819    1.02495495    1.29077282    1.56029574    0.53240206    0.59881767    0.84549202    0.58315979    0.55112250    0.66319975    0.66081765
H3CAC0_TETNG/219-293     0.56807524    0.40101461    0.00000000    0.27497767    0.60892018    0.89683328    0.65518369    0.96087057    0.80204326    1.31753956    1.31444405    1.06698297    1.32105002    1.44157249    1.45185236    1.51734100    1.03350115    1.25639570    1.16477923    1.20427601    1.28052588    1.48395069    1.24888104    1.22001798    1.40066675    1.15074859    1.23901981    1.26832785    1.31882191    1.55572085    1.67689179    1.60481497    1.32287913    1.64487777    1.60735772    1.74169025    1.41590981    1.61796643    1.54563572    1.57311094    1.49437618    1.61102434    1.47514658    1.24682910    1.11676665    1.11972046    0.98580445    1.04604822    1.21434854    1.23005170    1.10298488    1.39035909    1.77476914    0.62341212    0.84503389    0.82372932    0.81656140    0.76809677    0.78853392    0.79829338
A3KPL8_DANRE/234-308     0.58316188    0.37022820    0.27497767    0.00000000    0.59007800    0.77655736    0.60687410    1.01163957    0.79342366    1.37331053    1.05797049    1.00502212    1.35049673    1.32731245    1.21390221    1.46454830    1.01324556    1.18123762    1.10112951    1.25068427    1.24593735    1.44934142    1.19881100    1.21667415    1.31856861    1.26208626    1.23335082    1.23694021    1.21868968    1.25405138    1.53781398    1.38825717    1.24357960    1.44013484    1.40867380    1.50825987    1.21519101    1.24202229    1.28645781    1.27441397    1.29101840    1.35083542    1.18517608    1.05705765    1.07985142    0.95291892    0.91826405    1.00975127    1.13222566    1.24688314    1.04422668    1.35947194    1.79429920    0.64215488    0.67143179    0.82118144    0.73415416    0.67012881    0.73512763    0.76184922
J9JTY9_ACYPI/186-258     0.41366011    0.53432049    0.60892018    0.59007800    0.00000000    0.60123081    0.39622310    0.93176999    0.65652477    1.28911444    1.16737549    0.84744744    1.25830425    1.22635056    1.30569726    1.21667226    0.91029902    1.02760528    1.12379624    0.95155156    1.20037583    1.30977680    1.06806383    1.19402255    1.30498493    1.08885857    1.25925293    1.40863163    1.26943426    1.38593099    1.55930346    1.44268879    1.31623680    1.21743410    1.33779107    1.37066464    1.34626249    1.45208454    1.39299554    1.42257041    1.48603272    1.53435726    1.42935609    1.09346589    0.95527527    0.91990503    0.93481212    0.86759485    0.87668071    1.01962201    0.92550849    1.19459418    1.78678661    0.43896590    0.62439832    0.78722199    0.62903174    0.47567755    0.58542425    0.71086676
Q8SXI2_DROME/164-237     0.60571425    0.77278918    0.89683328    0.77655736    0.60123081    0.00000000    0.65339632    0.92283247    0.85828221    1.57123937    1.63886674    1.12167308    1.45500375    1.61310089    1.49609809    1.55774881    1.17375542    1.31653948    1.31694518    1.26029242    1.36107395    1.53815817    1.31300578    1.36484662    1.45367287    1.53800222    1.46460240    1.59364336    1.34529713    1.73325405    1.85438442    1.66359353    1.48246629    1.69023317    1.78878350    1.69101088    1.46318049    1.54245837    1.42822225    1.42714718    1.47910230    1.71143305    1.47789706    1.32592190    1.14486769    1.14629821    1.08644404    1.07634763    1.12931871    1.12452833    1.15586373    1.55717544    1.76548303    0.81048182    0.79423972    0.89198186    0.72812844    0.82056115    0.84560143    1.08317897
E2A6J8_CAMFO/206-279     0.28897485    0.44367915    0.65518369    0.60687410    0.39622310    0.65339632    0.00000000    0.70181303    0.39523434    1.07889340    1.14088986    0.75571852    1.07007690    1.36524471    1.20462157    1.27591670    1.18132147    1.11748926    1.11068294    1.08647947    1.14668190    1.21875534    1.00045806    1.05557014    1.23692276    1.12814853    1.17348463    1.32572014    1.14012207    1.46544035    1.51049361    1.43124751    1.48564666    1.47713861    1.41845421    1.47751808    1.29068566    1.46318688    1.25307269    1.27269186    1.40211335    1.37824823    1.30446503    1.12266525    0.91586487    0.95012549    0.91372736    0.98524061    0.92514828    0.97355754    0.92870127    1.23643413    1.48513851    0.28561298    0.60843360    0.81418586    0.57275329    0.46523070    0.52733594    0.65216432
E5SFY7_TRISP/155-227     0.77790675    0.90030308    0.96087057    1.01163957    0.93176999    0.92283247    0.70181303    0.00000000    0.75108390    1.44780417    1.42694396    1.01534890    1.19113685    2.08463727    1.70651100    1.60676530    1.30188492    1.51596761    1.51703331    1.48489990    1.53257329    1.37606463    1.22307824    1.19794048    1.29290235    1.29208513    1.36186248    1.39664607    1.09322785    1.72257495    1.78393125    1.67042702    1.71740150    1.80830277    1.73495700    1.75996224    1.89009015    1.84492954    1.81929042    1.74958326    1.83652558    1.96213013    1.75013201    1.24587981    1.09861241    1.08725756    1.16780812    1.18042679    1.14553028    1.09093273    1.03269442    1.32879458    1.60985246    0.77902555    0.92647677    1.17539535    0.96216741    0.78890533    1.05644517    1.07002333
A0A7M7QM05_NASVI/205-278     0.50471475    0.71925736    0.80204326    0.79342366    0.65652477    0.85828221    0.39523434    0.75108390    0.00000000    1.19137605    1.13613240    0.82267495    1.21477986    1.48204290    1.17015855    1.19118387    1.34587961    1.25580857    1.38061343    1.18270267    1.36364181    1.23522619    1.08268951    1.04966450    1.29852282    1.07840634    1.25412670    1.17326837    1.09529129    1.54287367    1.75768396    1.47991717    1.62420799    1.70722957    1.63998745    1.69617104    1.25794414    1.51474915    1.22947790    1.46194466    1.52647019    1.60106610    1.35913966    1.09418238    0.91291074    1.00992332    1.03911468    0.98235745    1.05630795    1.07728703    1.07957501    1.21142808    1.51479317    0.47119026    0.68634314    0.85408349    0.77397712    0.49585908    0.62104721    0.78362759
B7G0Z1_PHATC/210-284     1.22900499    1.22033618    1.31753956    1.37331053    1.28911444    1.57123937    1.07889340    1.44780417    1.19137605    0.00000000    0.89141521    1.13571455    1.26699487    1.71920252    1.77375904    1.80690737    1.64317881    1.72608506    1.99937435    1.70935389    1.49621334    1.78948857    1.70600296    1.48734128    1.49773020    1.63763557    1.66151807    1.81264358    1.66608181    1.78286408    1.79530793    1.81335774    1.66299477    1.96339300    1.83096997    1.96254342    1.70801192    1.90498860    1.83882530    1.81257776    1.76342463    1.80076856    1.94964121    1.42699732    1.41460944    1.56840694    1.44192045    1.37323636    1.51259807    1.51712892    1.50377230    1.50934008    1.55668358    1.15595211    1.55625776    1.28858732    1.34005691    1.25323281    1.39292496    1.23620976
B8C6P4_THAPS/194-270     1.23950106    1.25014384    1.31444405    1.05797049    1.16737549    1.63886674    1.14088986    1.42694396    1.13613240    0.89141521    0.00000000    1.02553993    1.23643794    1.41013626    1.49404853    1.68529860    1.62635939    1.70688652    1.83951042    1.59149039    1.54682132    1.82617361    1.78999633    1.57461808    1.75261998    1.61128948    1.72603105    1.83446198    1.62984765    1.78055958    1.84315122    1.54543889    1.83444814    1.84972975    1.86207029    1.86315447    1.66845741    1.86056898    1.72225926    1.85306304    1.80478079    1.83706274    1.79821966    1.35857540    1.42907404    1.44487290    1.45740057    1.38419559    1.29567595    1.54582112    1.49113835    1.49699550    1.86838035    1.04236925    1.31650657    1.19779570    1.42502146    1.20674075    1.12875546    1.15235288
D0MUC9_PHYIT/140-211     0.92451525    0.94260602    1.06698297    1.00502212    0.84744744    1.12167308    0.75571852    1.01534890    0.82267495    1.13571455    1.02553993    0.00000000    0.75901566    1.63301735    1.24943732    1.34217774    1.11900970    1.26553113    1.27972196    1.28901288    1.48006180    1.37820936    1.30516753    1.22447184    1.25074634    1.27752937    1.50834343    1.39328070    1.20991929    1.67969270    1.74733448    1.75189745    1.35033027    1.76892578    1.69138809    1.73625272    1.18600835    1.48603652    1.53950866    1.67110999    1.48790176    1.64207632    1.52959775    1.35768837    1.24459945    1.23429853    1.32242840    1.23903886    1.23314118    1.06075670    1.33322387    1.31365777    1.37268261    0.67742933    0.94229159    1.10802096    1.08719278    0.90775786    0.98114682    0.85820862
D8LFK9_ECTSI/174-247     1.00665506    1.27553785    1.32105002    1.35049673    1.25830425    1.45500375    1.07007690    1.19113685    1.21477986    1.26699487    1.23643794    0.75901566    0.00000000    1.40690564    1.25016737    1.30034985    1.40527524    1.49507784    1.70954198    1.47450963    1.53678126    1.65187821    1.67659323    1.61867582    1.67560731    1.51171182    1.80432979    1.73684711    1.61188528    1.46944591    1.67405362    1.63162926    1.46095007    1.58037148    1.48796008    1.59076791    1.67281983    1.64587003    2.00550271    1.93702909    1.66219640    1.82238140    1.81917787    1.49825515    1.31844843    1.38058237    1.27881324    1.29707743    1.11954177    1.10340170    1.15920935    1.23630551    1.30599146    1.00883017    1.09936241    1.36986843    1.33725991    1.17713812    1.25885623    1.20429336
A8QAH7_MALGO/54-146     1.30974404    1.22581417    1.44157249    1.32731245    1.22635056    1.61310089    1.36524471    2.08463727    1.48204290    1.71920252    1.41013626    1.63301735    1.40690564    0.00000000    1.32600564    1.56322231    1.60001981    1.05866504    1.52165446    1.37605089    1.14939175    1.41376495    1.46904292    1.48616265    1.56322245    1.31710359    1.43463948    1.40554691    1.46341930    1.55403902    1.96287392    1.74264485    1.57050772    1.48125683    1.54067548    1.48293950    1.31069862    1.42055233    1.34574681    1.40019384    1.45305410    1.39386373    1.29389994    1.40214707    1.53326336    1.68478753    1.51052423    1.57363470    1.49246658    1.47107042    1.64983012    1.44617210    1.71858921    1.29944618    1.44341889    1.35614050    1.51651373    1.54279171    1.36434054    1.35540160
B0DTX1_LACBS/76-150     1.26675231    1.34203563    1.45185236    1.21390221    1.30569726    1.49609809    1.20462157    1.70651100    1.17015855    1.77375904    1.49404853    1.24943732    1.25016737    1.32600564    0.00000000    0.43038238    1.13753550    1.32685101    1.38793162    1.28372679    1.36002984    1.48186046    1.52359252    1.37713868    1.43103420    1.16631479    1.27032065    1.19379186    1.21135193    1.40147486    1.53578440    1.49197111    1.22265991    1.38168601    1.34761162    1.39127836    1.27953786    1.23747778    1.43271773    1.34327607    1.35618875    1.50249284    1.29800968    1.40908661    1.36902312    1.49973734    1.69775795    1.42363794    1.33481250    1.24513274    1.57910264    1.76396421    1.64265881    1.16196017    1.24077156    1.14635679    1.31906258    1.15732361    1.44639807    1.30840835
K5WYH6_AGABU/158-231     1.42268092    1.54528074    1.51734100    1.46454830    1.21667226    1.55774881    1.27591670    1.60676530    1.19118387    1.80690737    1.68529860    1.34217774    1.30034985    1.56322231    0.43038238    0.00000000    1.18668986    1.30573884    1.60083246    1.11323375    1.33625647    1.43975141    1.48740451    1.51148524    1.43827912    1.39241582    1.36954453    1.26664471    1.21898610    1.61810872    1.82638789    1.51984338    1.26926276    1.61713200    1.56559415    1.69048172    1.49446957    1.46252612    1.53756463    1.53142554    1.68694025    1.66884187    1.44412771    1.41399374    1.28462787    1.45606647    1.63174081    1.35552527    1.30610718    1.17938726    1.38088428    1.57115807    1.50478034    1.14380872    1.31452037    1.34820305    1.48603260    1.21085889    1.61639847    1.53055993
I2GUZ9_TETBL/226-296     1.10083235    1.13184062    1.03350115    1.01324556    0.91029902    1.17375542    1.18132147    1.30188492    1.34587961    1.64317881    1.62635939    1.11900970    1.40527524    1.60001981    1.13753550    1.18668986    0.00000000    0.37875960    0.53241534    0.69388805    0.72545609    0.77121097    0.89566722    0.74386622    0.78390693    0.72015501    0.71703303    0.92227536    0.85301210    1.10338119    1.18546935    1.04366437    1.01697396    1.05269356    1.09098255    1.17948030    0.92801425    1.11003536    0.95757802    0.98094543    0.98278098    1.03616252    1.03930122    1.47383703    1.44443268    1.42763097    1.40999103    1.35074205    1.27695821    1.45600849    1.59019661    1.93034006    1.69208568    1.13882731    1.01227803    1.35791722    1.36520780    1.17415209    1.28314143    1.24225628
J7RSM7_KAZNA/220-290     1.01126871    1.17380161    1.25639570    1.18123762    1.02760528    1.31653948    1.11748926    1.51596761    1.25580857    1.72608506    1.70688652    1.26553113    1.49507784    1.05866504    1.32685101    1.30573884    0.37875960    0.00000000    0.47521684    0.67646882    0.68409265    0.84336350    0.99362828    0.86604467    0.85148667    0.74670170    0.80485587    0.96915686    0.97731211    1.24668865    1.36216327    1.26100454    1.23192602    1.28820056    1.27662053    1.31368642    0.88772820    1.14159083    0.92675323    1.07959020    1.01140673    1.05064230    0.96688455    1.59150733    1.62134896    1.68836675    1.45529269    1.51205858    1.34484177    1.55689241    1.50457709    1.55160517    1.69175104    0.93463111    1.10832918    1.39784975    1.19540248    1.20626416    1.24708592    1.28485305
K0K6M9_WICCF/230-300     1.10640094    1.16006418    1.16477923    1.10112951    1.12379624    1.31694518    1.11068294    1.51703331    1.38061343    1.99937435    1.83951042    1.27972196    1.70954198    1.52165446    1.38793162    1.60083246    0.53241534    0.47521684    0.00000000    0.75224969    0.81664653    1.08386788    1.04997668    0.92340328    0.86294163    0.80386450    0.87370673    1.00933760    1.03199605    1.28645814    1.21970739    1.37990040    1.29649488    1.32154297    1.18533333    1.20114921    0.83803036    1.23794364    0.95408694    1.09095980    1.10491213    1.10655704    1.20866885    1.63796235    1.67442764    1.62018082    1.53392505    1.54894025    1.52552475    1.75635714    1.59810025    1.86257108    1.80799856    0.87179265    0.99137328    1.39495001    1.24914606    1.32829959    1.33699170    1.09087287
C4R173_KOMPG/222-292     1.06591184    1.21321573    1.20427601    1.25068427    0.95155156    1.26029242    1.08647947    1.48489990    1.18270267    1.70935389    1.59149039    1.28901288    1.47450963    1.37605089    1.28372679    1.11323375    0.69388805    0.67646882    0.75224969    0.00000000    0.56578416    0.66455042    0.63148197    0.56192316    0.55188643    0.47754445    0.56368739    0.77782228    0.68081302    1.17635545    1.23534191    1.19742750    1.10984539    1.11668009    1.04231710    1.15220084    0.84599921    1.25689153    1.13027035    1.16656909    1.14177350    1.13841630    1.14343423    1.57483362    1.39948009    1.32136733    1.29719768    1.24653369    1.31482883    1.42491251    1.59183812    1.69048354    1.73633439    1.12946244    0.95984814    1.25273450    1.38808794    1.17763983    1.27475308    1.46641323
W1QK54_OGAPD/192-262     1.27332121    1.25172225    1.28052588    1.24593735    1.20037583    1.36107395    1.14668190    1.53257329    1.36364181    1.49621334    1.54682132    1.48006180    1.53678126    1.14939175    1.36002984    1.33625647    0.72545609    0.68409265    0.81664653    0.56578416    0.00000000    0.70389674    0.69822291    0.60811705    0.64276539    0.61518491    0.60253354    0.93284159    0.79427014    1.32959446    1.43807167    1.36253730    1.21733162    1.28356022    1.27094666    1.35410220    0.89645959    1.25833995    1.26166558    1.13451495    1.13350982    1.06078009    1.08628602    1.64001916    1.62362999    1.51490322    1.51945247    1.46149366    1.54417326    1.59145759    1.49213317    1.68497461    1.85984713    1.26138379    1.07670260    1.29804811    1.60596102    1.39503869    1.37838455    1.33433680
M3JDP5_CANMX/242-315     1.31260167    1.30797507    1.48395069    1.44934142    1.30977680    1.53815817    1.21875534    1.37606463    1.23522619    1.78948857    1.82617361    1.37820936    1.65187821    1.41376495    1.48186046    1.43975141    0.77121097    0.84336350    1.08386788    0.66455042    0.70389674    0.00000000    0.24121401    0.35488275    0.43725592    0.48023304    0.45627000    0.61727105    0.52511466    1.25214976    1.34943951    1.34124522    1.21100364    1.20716839    1.16639934    1.09906903    1.09269011    1.23862610    1.20341114    1.20134409    1.22379209    1.15495810    1.05509053    1.56916659    1.61110478    1.47500739    1.38789321    1.49193466    1.49501621    1.59683184    1.79375611    1.90902487    1.91061322    1.29742397    1.35260184    1.40508061    1.53987251    1.32574439    1.32345667    1.50929944
C5MH55_CANTT/242-315     1.07171709    1.09105960    1.24888104    1.19881100    1.06806383    1.31300578    1.00045806    1.22307824    1.08268951    1.70600296    1.78999633    1.30516753    1.67659323    1.46904292    1.52359252    1.48740451    0.89566722    0.99362828    1.04997668    0.63148197    0.69822291    0.24121401    0.00000000    0.34817592    0.29918207    0.46962567    0.38780578    0.57393139    0.42799958    1.48742815    1.51066593    1.41415462    1.23213360    1.47458905    1.38071330    1.32240138    1.14184851    1.32139475    1.46851647    1.24883661    1.36636472    1.38601141    1.12372359    1.30455606    1.34075203    1.28495795    1.21531851    1.22140336    1.42281851    1.53356820    1.59711433    1.83284709    1.83497767    1.20055556    1.12059410    1.29706586    1.17036541    1.05687399    1.02180689    1.40962470
G8B4R3_CANPC/276-349     1.08368794    1.05048411    1.22001798    1.21667415    1.19402255    1.36484662    1.05557014    1.19794048    1.04966450    1.48734128    1.57461808    1.22447184    1.61867582    1.48616265    1.37713868    1.51148524    0.74386622    0.86604467    0.92340328    0.56192316    0.60811705    0.35488275    0.34817592    0.00000000    0.23569519    0.40390909    0.33560950    0.54705887    0.43633682    1.33455027    1.49812569    1.29826081    1.20336884    1.39252914    1.39062970    1.34327022    1.15645875    1.32834680    1.30895066    1.26927670    1.17247154    1.19472298    1.15081733    1.51010559    1.39539090    1.29818379    1.27163810    1.31427002    1.47800221    1.61141793    1.49451489    1.61433483    1.71089006    1.14624415    1.24297457    1.23450345    1.35205254    1.07239181    1.14775693    1.31624337
A5E5U4_LODEL/293-365     1.23102823    1.19971425    1.40066675    1.31856861    1.30498493    1.45367287    1.23692276    1.29290235    1.29852282    1.49773020    1.75261998    1.25074634    1.67560731    1.56322245    1.43103420    1.43827912    0.78390693    0.85148667    0.86294163    0.55188643    0.64276539    0.43725592    0.29918207    0.23569519    0.00000000    0.34969310    0.32096971    0.51790813    0.44150824    1.50436208    1.60775203    1.40993903    1.25889009    1.56142468    1.54321290    1.39726394    1.06491305    1.19566471    1.26578659    1.28451037    1.14666091    1.20579977    1.20918078    1.47490610    1.42974040    1.30554710    1.27600844    1.32556898    1.55004788    1.62218644    1.57678828    1.99686148    1.68197186    1.20932333    1.17052459    1.43236951    1.33053000    1.14230332    1.13587254    1.23167282
A5DBU2_PICGU/242-313     1.07539828    1.22838312    1.15074859    1.26208626    1.08885857    1.53800222    1.12814853    1.29208513    1.07840634    1.63763557    1.61128948    1.27752937    1.51171182    1.31710359    1.16631479    1.39241582    0.72015501    0.74670170    0.80386450    0.47754445    0.61518491    0.48023304    0.46962567    0.40390909    0.34969310    0.00000000    0.26453348    0.40114446    0.33058989    1.13116343    1.15748171    1.09304095    1.03738864    1.11626655    1.06308280    1.04382587    0.77350040    1.00588586    1.09176605    1.17198015    1.18203424    1.11623368    1.03777191    1.53520842    1.37676265    1.34665875    1.36016906    1.21851049    1.43517985    1.55125601    1.56297325    1.74529037    1.96470072    1.11383009    1.14594632    1.27922652    1.48441295    1.29146448    1.28029127    1.31978656
A3LRF9_PICST/275-347     1.23336624    1.18190358    1.23901981    1.23335082    1.25925293    1.46460240    1.17348463    1.36186248    1.25412670    1.66151807    1.72603105    1.50834343    1.80432979    1.43463948    1.27032065    1.36954453    0.71703303    0.80485587    0.87370673    0.56368739    0.60253354    0.45627000    0.38780578    0.33560950    0.32096971    0.26453348    0.00000000    0.31647622    0.30903538    1.29356076    1.32388404    1.21292994    1.09487627    1.27839048    1.17414736    1.12683626    0.97011550    1.10825493    1.22502850    1.09314265    1.10789059    1.09230738    0.98442087    1.49942143    1.55160580    1.44431800    1.49229021    1.42470375    1.52218908    1.69193111    1.78682312    2.05948733    2.10958307    1.30485707    1.22451602    1.29643847    1.52173367    1.31841001    1.22433043    1.36792083
G8Y1V1_PICSO/241-313     1.28446645    1.20585511    1.26832785    1.23694021    1.40863163    1.59364336    1.32572014    1.39664607    1.17326837    1.81264358    1.83446198    1.39328070    1.73684711    1.40554691    1.19379186    1.26664471    0.92227536    0.96915686    1.00933760    0.77782228    0.93284159    0.61727105    0.57393139    0.54705887    0.51790813    0.40114446    0.31647622    0.00000000    0.27938949    1.19102399    1.36738995    1.21623757    1.06218735    1.33894350    1.19944221    1.16490202    1.03130734    1.23028948    1.32594079    1.29698756    1.27367625    1.24623019    1.00129079    1.41230638    1.48538293    1.46354923    1.46128467    1.37960840    1.61077547    1.66507129    1.72145112    1.86148995    2.04382715    1.22348720    1.43135175    1.32572766    1.49883193    1.27240764    1.39640612    1.47323126
SWC5_DEBHA/255-327     1.20835910    1.15017689    1.31882191    1.21868968    1.26943426    1.34529713    1.14012207    1.09322785    1.09529129    1.66608181    1.62984765    1.20991929    1.61188528    1.46341930    1.21135193    1.21898610    0.85301210    0.97731211    1.03199605    0.68081302    0.79427014    0.52511466    0.42799958    0.43633682    0.44150824    0.33058989    0.30903538    0.27938949    0.00000000    1.33167506    1.43979394    1.22891674    1.08949133    1.41971383    1.28204343    1.33363122    1.04438593    1.19235772    1.33907780    1.27422210    1.30526894    1.27469949    1.09809262    1.37564894    1.41090441    1.35759356    1.35675243    1.23403353    1.47765341    1.77050669    1.58414141    1.85241373    1.97377136    1.17070947    1.29145223    1.35733852    1.45903129    1.15125423    1.32410753    1.55245944
T0L9C0_COLGC/259-333     1.34812356    1.42894001    1.55572085    1.25405138    1.38593099    1.73325405    1.46544035    1.72257495    1.54287367    1.78286408    1.78055958    1.67969270    1.46944591    1.55403902    1.40147486    1.61810872    1.10338119    1.24668865    1.28645814    1.17635545    1.32959446    1.25214976    1.48742815    1.33455027    1.50436208    1.13116343    1.29356076    1.19102399    1.33167506    0.00000000    0.30567354    0.34116735    0.53694086    0.28411596    0.30715226    0.28471378    0.77485972    0.80080048    0.93233125    0.93402816    0.99988749    0.85406047    0.82067399    1.78621505    1.62224055    1.63236439    1.61836628    1.74157704    1.73191106    1.64252324    1.45662057    1.60550401    2.10629925    1.47202570    1.53486310    1.71312587    1.60197887    1.62918929    1.62819484    1.50374983
Q2H6I0_CHAGB/251-327     1.41407184    1.62318980    1.67689179    1.53781398    1.55930346    1.85438442    1.51049361    1.78393125    1.75768396    1.79530793    1.84315122    1.74733448    1.67405362    1.96287392    1.53578440    1.82638789    1.18546935    1.36216327    1.21970739    1.23534191    1.43807167    1.34943951    1.51066593    1.49812569    1.60775203    1.15748171    1.32388404    1.36738995    1.43979394    0.30567354    0.00000000    0.33484127    0.44589883    0.33464539    0.28937879    0.26025490    0.99277022    1.08448075    1.08064946    1.09327674    1.25297435    1.09820190    1.04383328    2.00604334    1.77861287    1.88812662    1.91110012    1.88277549    1.80416762    1.73925419    1.74586951    1.78843563    2.11811685    1.66878629    1.77692344    2.01691101    1.55403726    1.91918308    1.71156622    1.60717190
SWC5_NEUCR/261-337     1.32414006    1.47347688    1.60481497    1.38825717    1.44268879    1.66359353    1.43124751    1.67042702    1.47991717    1.81335774    1.54543889    1.75189745    1.63162926    1.74264485    1.49197111    1.51984338    1.04366437    1.26100454    1.37990040    1.19742750    1.36253730    1.34124522    1.41415462    1.29826081    1.40993903    1.09304095    1.21292994    1.21623757    1.22891674    0.34116735    0.33484127    0.00000000    0.43881947    0.38220112    0.39241269    0.38611503    0.96265339    1.01998880    1.06468802    1.10572467    1.15088698    1.05347423    0.95774494    1.58504184    1.50841448    1.46970032    1.56728641    1.58197587    1.49292071    1.75994634    1.47857348    1.69775477    1.91043934    1.42290903    1.58912812    1.72435970    1.63942894    1.58013305    1.70743429    1.46507661
U7PSL4_SPOS1/303-375     1.43829325    1.31801601    1.32287913    1.24357960    1.31623680    1.48246629    1.48564666    1.71740150    1.62420799    1.66299477    1.83444814    1.35033027    1.46095007    1.57050772    1.22265991    1.26926276    1.01697396    1.23192602    1.29649488    1.10984539    1.21733162    1.21100364    1.23213360    1.20336884    1.25889009    1.03738864    1.09487627    1.06218735    1.08949133    0.53694086    0.44589883    0.43881947    0.00000000    0.53840378    0.50527627    0.46440193    0.91160247    0.89395498    1.12710935    1.10857884    1.09177741    1.08116168    0.97434891    1.76298552    1.50861021    1.61867656    1.55626062    1.51537371    1.50260831    1.32005745    1.66189400    1.80747863    2.03715620    1.49881428    1.49366954    1.36276141    1.38481267    1.57447767    1.55312843    1.32624502
C7YQZ5_FUSV7/241-315     1.42870937    1.47830707    1.64487777    1.44013484    1.21743410    1.69023317    1.47713861    1.80830277    1.70722957    1.96339300    1.84972975    1.76892578    1.58037148    1.48125683    1.38168601    1.61713200    1.05269356    1.28820056    1.32154297    1.11668009    1.28356022    1.20716839    1.47458905    1.39252914    1.56142468    1.11626655    1.27839048    1.33894350    1.41971383    0.28411596    0.33464539    0.38220112    0.53840378    0.00000000    0.22264573    0.24035792    0.79557068    0.85228057    0.96838045    1.05698070    1.10561971    0.95737750    0.88590275    1.70929805    1.51504721    1.45268806    1.57586143    1.60065087    1.57127608    1.43609818    1.53302508    1.62200812    2.00702093    1.56430665    1.61175088    1.70315527    1.57967719    1.70041466    1.84225130    1.59560773
E9DSJ8_METAQ/246-319     1.35781727    1.42030264    1.60735772    1.40867380    1.33779107    1.78878350    1.41845421    1.73495700    1.63998745    1.83096997    1.86207029    1.69138809    1.48796008    1.54067548    1.34761162    1.56559415    1.09098255    1.27662053    1.18533333    1.04231710    1.27094666    1.16639934    1.38071330    1.39062970    1.54321290    1.06308280    1.17414736    1.19944221    1.28204343    0.30715226    0.28937879    0.39241269    0.50527627    0.22264573    0.00000000    0.23803223    0.79566227    0.82546349    0.87213869    0.93671834    0.97836644    0.85889713    0.78988602    1.86801516    1.66413254    1.60179699    1.67188991    1.72281851    1.67165729    1.64207051    1.63331923    1.76977000    2.15399960    1.49317296    1.53123561    1.76652210    1.65673183    1.73726137    1.74556870    1.46887950
G0RDG9_HYPJQ/243-317     1.41893463    1.59137609    1.74169025    1.50825987    1.37066464    1.69101088    1.47751808    1.75996224    1.69617104    1.96254342    1.86315447    1.73625272    1.59076791    1.48293950    1.39127836    1.69048172    1.17948030    1.31368642    1.20114921    1.15220084    1.35410220    1.09906903    1.32240138    1.34327022    1.39726394    1.04382587    1.12683626    1.16490202    1.33363122    0.28471378    0.26025490    0.38611503    0.46440193    0.24035792    0.23803223    0.00000000    0.85071186    0.83549861    0.92023442    1.09779243    1.10828949    1.00033378    0.87637053    1.88794429    1.68676947    1.70969468    1.80716908    1.80258737    1.82494548    1.61198814    1.74602925    1.84943145    2.14781781    1.56221713    1.73069666    1.72108483    1.71826820    1.89291907    1.74846072    1.54909622
S8ATL0_PENO1/279-351     1.46026510    1.30823625    1.41590981    1.21519101    1.34626249    1.46318049    1.29068566    1.89009015    1.25794414    1.70801192    1.66845741    1.18600835    1.67281983    1.31069862    1.27953786    1.49446957    0.92801425    0.88772820    0.83803036    0.84599921    0.89645959    1.09269011    1.14184851    1.15645875    1.06491305    0.77350040    0.97011550    1.03130734    1.04438593    0.77485972    0.99277022    0.96265339    0.91160247    0.79557068    0.79566227    0.85071186    0.00000000    0.40946423    0.39123106    0.35986967    0.42688346    0.38463517    0.39363615    1.51068528    1.64613488    1.53812857    1.60314113    1.53433015    1.66225638    1.70902619    1.63363794    1.88374936    1.42754628    1.18725880    1.17640876    1.31742842    1.38286398    1.58496161    1.46339198    1.42125472
C5FBD1_ARTOC/308-384     1.36965222    1.40163842    1.61796643    1.24202229    1.45208454    1.54245837    1.46318688    1.84492954    1.51474915    1.90498860    1.86056898    1.48603652    1.64587003    1.42055233    1.23747778    1.46252612    1.11003536    1.14159083    1.23794364    1.25689153    1.25833995    1.23862610    1.32139475    1.32834680    1.19566471    1.00588586    1.10825493    1.23028948    1.19235772    0.80080048    1.08448075    1.01998880    0.89395498    0.85228057    0.82546349    0.83549861    0.40946423    0.00000000    0.39513332    0.45282097    0.50461917    0.50956979    0.41334290    1.58797347    1.48623081    1.45951152    1.60748573    1.54230835    1.94290048    1.88897724    1.74655704    1.97337970    1.94656312    1.44440622    1.25726122    1.39385241    1.42709421    1.49568836    1.50478999    1.46711735
B6QBL7_TALMQ/286-361     1.29653198    1.29905177    1.54563572    1.28645781    1.39299554    1.42822225    1.25307269    1.81929042    1.22947790    1.83882530    1.72225926    1.53950866    2.00550271    1.34574681    1.43271773    1.53756463    0.95757802    0.92675323    0.95408694    1.13027035    1.26166558    1.20341114    1.46851647    1.30895066    1.26578659    1.09176605    1.22502850    1.32594079    1.33907780    0.93233125    1.08064946    1.06468802    1.12710935    0.96838045    0.87213869    0.92023442    0.39123106    0.39513332    0.00000000    0.35081004    0.47858732    0.39041354    0.36626131    1.53768110    1.49241194    1.42949067    1.53749323    1.57408051    1.63443098    1.79303640    1.72549556    1.82586874    1.65679473    1.19889142    1.05310343    1.57269863    1.28712806    1.32534336    1.47619675    1.35810276
Q2UQZ2_ASPOR/278-352     1.35488407    1.26140124    1.57311094    1.27441397    1.42257041    1.42714718    1.27269186    1.74958326    1.46194466    1.81257776    1.85306304    1.67110999    1.93702909    1.40019384    1.34327607    1.53142554    0.98094543    1.07959020    1.09095980    1.16656909    1.13451495    1.20134409    1.24883661    1.26927670    1.28451037    1.17198015    1.09314265    1.29698756    1.27422210    0.93402816    1.09327674    1.10572467    1.10857884    1.05698070    0.93671834    1.09779243    0.35986967    0.45282097    0.35081004    0.00000000    0.28842907    0.26376343    0.32777690    1.66484000    1.67191224    1.64505421    1.70342307    1.67169597    1.64388352    1.80828340    1.78076243    1.92015316    1.72014235    1.34047561    1.09921216    1.48716960    1.48212095    1.41522716    1.36882524    1.49083709
SWC5_EMENI/175-254     1.49632950    1.30158950    1.49437618    1.29101840    1.48603272    1.47910230    1.40211335    1.83652558    1.52647019    1.76342463    1.80478079    1.48790176    1.66219640    1.45305410    1.35618875    1.68694025    0.98278098    1.01140673    1.10491213    1.14177350    1.13350982    1.22379209    1.36636472    1.17247154    1.14666091    1.18203424    1.10789059    1.27367625    1.30526894    0.99988749    1.25297435    1.15088698    1.09177741    1.10561971    0.97836644    1.10828949    0.42688346    0.50461917    0.47858732    0.28842907    0.00000000    0.30874826    0.46475846    1.59978146    1.71390401    1.68195898    1.74789559    1.66057975    1.87457932    1.59076313    1.78824993    1.92410282    1.68183929    1.35027169    1.27155239    1.39505522    1.27955679    1.56035950    1.41473841    1.44771108
SWC5_ASPFU/282-357     1.40233646    1.42672036    1.61102434    1.35083542    1.53435726    1.71143305    1.37824823    1.96213013    1.60106610    1.80076856    1.83706274    1.64207632    1.82238140    1.39386373    1.50249284    1.66884187    1.03616252    1.05064230    1.10655704    1.13841630    1.06078009    1.15495810    1.38601141    1.19472298    1.20579977    1.11623368    1.09230738    1.24623019    1.27469949    0.85406047    1.09820190    1.05347423    1.08116168    0.95737750    0.85889713    1.00033378    0.38463517    0.50956979    0.39041354    0.26376343    0.30874826    0.00000000    0.28913620    1.64704398    1.67530930    1.61277751    1.69515749    1.68258137    1.84852125    1.94590432    1.64612640    1.95005569    1.85121486    1.29996969    1.26617608    1.57497094    1.52998924    1.56481633    1.46588219    1.59017143
V5F776_BYSSN/286-361     1.36152458    1.23717666    1.47514658    1.18517608    1.42935609    1.47789706    1.30446503    1.75013201    1.35913966    1.94964121    1.79821966    1.52959775    1.81917787    1.29389994    1.29800968    1.44412771    1.03930122    0.96688455    1.20866885    1.14343423    1.08628602    1.05509053    1.12372359    1.15081733    1.20918078    1.03777191    0.98442087    1.00129079    1.09809262    0.82067399    1.04383328    0.95774494    0.97434891    0.88590275    0.78988602    0.87637053    0.39363615    0.41334290    0.36626131    0.32777690    0.46475846    0.28913620    0.00000000    1.61720972    1.56576938    1.50240848    1.60239868    1.57026447    1.74077348    1.82596055    1.56657872    1.82692487    1.74398764    1.38314181    1.09615674    1.37290080    1.39985529    1.38344170    1.42063515    1.45129929
D8S7K7_SELML/139-212     1.14204229    1.05797796    1.24682910    1.05705765    1.09346589    1.32592190    1.12266525    1.24587981    1.09418238    1.42699732    1.35857540    1.35768837    1.49825515    1.40214707    1.40908661    1.41399374    1.47383703    1.59150733    1.63796235    1.57483362    1.64001916    1.56916659    1.30455606    1.51010559    1.47490610    1.53520842    1.49942143    1.41230638    1.37564894    1.78621505    2.00604334    1.58504184    1.76298552    1.70929805    1.86801516    1.88794429    1.51068528    1.58797347    1.53768110    1.66484000    1.59978146    1.64704398    1.61720972    0.00000000    0.42754763    0.47704640    0.50843054    0.44454209    0.59190464    0.71683925    0.88917636    1.04636699    1.42105201    1.05994927    0.97139524    0.98888231    0.82144236    0.99981578    1.11296743    1.23806852
D7T649_VITVI/180-254     0.90313986    1.04439862    1.11676665    1.07985142    0.95527527    1.14486769    0.91586487    1.09861241    0.91291074    1.41460944    1.42907404    1.24459945    1.31844843    1.53326336    1.36902312    1.28462787    1.44443268    1.62134896    1.67442764    1.39948009    1.62362999    1.61110478    1.34075203    1.39539090    1.42974040    1.37676265    1.55160580    1.48538293    1.41090441    1.62224055    1.77861287    1.50841448    1.50861021    1.51504721    1.66413254    1.68676947    1.64613488    1.48623081    1.49241194    1.67191224    1.71390401    1.67530930    1.56576938    0.42754763    0.00000000    0.22946967    0.29897635    0.23923306    0.58375679    0.77718875    0.83408791    0.89796083    1.46621609    1.03927866    0.95078526    0.91620827    0.80833724    0.85696354    1.09779559    1.27384050
Q8GX81_ARATH/152-226     0.93494554    0.93743786    1.11972046    0.95291892    0.91990503    1.14629821    0.95012549    1.08725756    1.00992332    1.56840694    1.44487290    1.23429853    1.38058237    1.68478753    1.49973734    1.45606647    1.42763097    1.68836675    1.62018082    1.32136733    1.51490322    1.47500739    1.28495795    1.29818379    1.30554710    1.34665875    1.44431800    1.46354923    1.35759356    1.63236439    1.88812662    1.46970032    1.61867656    1.45268806    1.60179699    1.70969468    1.53812857    1.45951152    1.42949067    1.64505421    1.68195898    1.61277751    1.50240848    0.47704640    0.22946967    0.00000000    0.25987879    0.30395639    0.53159985    0.82600580    0.92704244    1.09821617    1.45210251    1.08456662    0.87876893    0.95309241    1.01129075    0.76181521    1.21144565    1.21322081
