18
Q89IL9_BRADU/246-380     0.00000000    2.01894255    1.70589424    1.74012441    2.89665450    3.44442031    2.12010599    1.71782097    2.06644747    3.27658858    2.51117669    2.33635282    2.26411100    2.51914173    2.33218069    2.56973221    2.57111102    2.59525196
Q73ZE7_MYCPA/241-374     2.01894255    0.00000000    1.44515332    1.64221639    2.38880662    2.52233917    2.14331518    2.45425811    2.20800682    2.57221538    2.53615283    2.19672868    2.37310401    2.65228673    2.37096874    2.34191719    2.38652874    2.44882933
Q8XT96_RALSO/240-373     1.70589424    1.44515332    0.00000000    0.82521070    2.03002874    2.20190382    1.97187978    2.36443085    1.97181509    1.89799951    1.92352116    1.63032857    1.88292801    2.19172591    2.36849714    2.00780669    1.93758075    2.04636564
O05773_MYCTU/223-355     1.74012441    1.64221639    0.82521070    0.00000000    2.24462085    2.25421838    2.08286950    2.26641320    2.19212808    1.94165778    1.76226979    2.03436422    2.19968125    2.14113187    2.62263598    1.94933071    2.18561474    2.49780500
Q82NJ4_STRAW/252-386     2.89665450    2.38880662    2.03002874    2.24462085    0.00000000    1.94311327    1.99407419    2.06146969    2.54026969    2.08190978    2.01366655    2.23697342    2.70747721    2.11301743    2.69339080    2.37244248    2.83927504    2.76924904
D0J3C2_COMT2/247-376     3.44442031    2.52233917    2.20190382    2.25421838    1.94311327    0.00000000    2.20944366    2.28636334    2.40795367    1.73588083    2.18493129    2.13248091    1.88548757    2.13016680    3.09785249    2.65346548    2.39332018    2.66593030
Q7APH5_STRCO/232-352     2.12010599    2.14331518    1.97187978    2.08286950    1.99407419    2.20944366    0.00000000    1.04099793    1.51686592    1.97933896    1.75129704    1.87037876    1.79235645    1.93597054    2.26031402    2.01241997    2.23938847    2.03408484
Q7AKH7_STRCO/232-363     1.71782097    2.45425811    2.36443085    2.26641320    2.06146969    2.28636334    1.04099793    0.00000000    1.21922356    2.08706538    1.93857245    1.94514288    1.98304168    1.78266484    2.28885456    2.56969709    2.83778569    2.41066030
Q82KU6_STRAW/243-369     2.06644747    2.20800682    1.97181509    2.19212808    2.54026969    2.40795367    1.51686592    1.21922356    0.00000000    2.26346707    2.10014331    2.63039488    1.96279409    2.24955292    2.11554126    2.52282654    2.72924858    2.56155152
Q7CWU4_AGRFC/248-389     3.27658858    2.57221538    1.89799951    1.94165778    2.08190978    1.73588083    1.97933896    2.08706538    2.26346707    0.00000000    1.51386028    1.95482815    1.67152750    1.40833477    2.83251930    2.21635078    2.37411719    2.10086788
Q89H98_BRADU/262-395     2.51117669    2.53615283    1.92352116    1.76226979    2.01366655    2.18493129    1.75129704    1.93857245    2.10014331    1.51386028    0.00000000    2.08623153    2.07065430    1.70847958    2.43007610    2.48734466    2.89067138    2.54258818
Q73YD4_MYCPA/236-369     2.33635282    2.19672868    1.63032857    2.03436422    2.23697342    2.13248091    1.87037876    1.94514288    2.63039488    1.95482815    2.08623153    0.00000000    1.69586177    1.73010900    3.00580689    2.90967188    2.77589490    2.40168521
Q740A3_MYCPA/237-369     2.26411100    2.37310401    1.88292801    2.19968125    2.70747721    1.88548757    1.79235645    1.98304168    1.96279409    1.67152750    2.07065430    1.69586177    0.00000000    0.94274083    1.98388404    2.56437797    1.95969787    1.81515420
HSAA_MYCTU/240-373     2.51914173    2.65228673    2.19172591    2.14113187    2.11301743    2.13016680    1.93597054    1.78266484    2.24955292    1.40833477    1.70847958    1.73010900    0.94274083    0.00000000    2.16900456    2.29730338    2.27655098    2.07317564
Q7D2V7_AGRFC/257-391     2.33218069    2.37096874    2.36849714    2.62263598    2.69339080    3.09785249    2.26031402    2.28885456    2.11554126    2.83251930    2.43007610    3.00580689    1.98388404    2.16900456    0.00000000    2.36233259    2.56678148    2.25998665
Q8XTR8_RALSO/249-372     2.56973221    2.34191719    2.00780669    1.94933071    2.37244248    2.65346548    2.01241997    2.56969709    2.52282654    2.21635078    2.48734466    2.90967188    2.56437797    2.29730338    2.36233259    0.00000000    1.10722494    1.00983135
A0A6L8PXG9_BACAN/243-366     2.57111102    2.38652874    1.93758075    2.18561474    2.83927504    2.39332018    2.23938847    2.83778569    2.72924858    2.37411719    2.89067138    2.77589490    1.95969787    2.27655098    2.56678148    1.10722494    0.00000000    0.58784034
Q2YK78_BRUA2/242-364     2.59525196    2.44882933    2.04636564    2.49780500    2.76924904    2.66593030    2.03408484    2.41066030    2.56155152    2.10086788    2.54258818    2.40168521    1.81515420    2.07317564    2.25998665    1.00983135    0.58784034    0.00000000

