17
T1HJU8_RHOPR/721-777     0.00000000    1.76730078    1.42405868    1.46180535    1.38405200    1.70287847    1.49522781    1.54380257    1.67429310    1.96735148    1.57582775    2.55267394    2.66029136    2.25620728    1.80766190    1.58829795    1.25465882
Q329M9_SHIDS/275-331     1.76730078    0.00000000    0.95765287    0.73568091    0.98020070    1.04042564    1.82727206    1.70228642    1.70109241    1.48915560    1.17752600    2.49739342    2.17143542    2.37666041    1.99753222    1.77619765    1.23271980
Q6DAU5_PECAS/275-331     1.42405868    0.95765287    0.00000000    0.85804684    1.06236220    1.13346670    1.64399017    1.68623646    2.28931805    2.13588574    1.60804815    3.04587551    2.04206250    1.86496994    2.24453154    1.49484834    1.34422629
I2BEH5_SHIBC/275-331     1.46180535    0.73568091    0.85804684    0.00000000    0.69138583    0.80624016    1.64911711    1.51695405    1.92911199    1.91156879    1.49197330    2.62265020    2.16741825    2.52541553    2.33312282    1.46543246    1.21872358
RFAJ_SALTY/276-332     1.38405200    0.98020070    1.06236220    0.69138583    0.00000000    0.50231770    2.28661115    1.81361012    2.37670136    2.09728558    1.54065846    2.87135091    2.35525553    2.72779740    2.53332640    1.99050841    1.49315569
RFAJ_ECOLI/278-334     1.70287847    1.04042564    1.13346670    0.80624016    0.50231770    0.00000000    2.01992674    1.66480843    1.92080876    1.78538462    1.57113616    2.72917020    3.03612183    3.35907669    2.27930291    1.57849692    1.38745114
RFAI_ECOLI/280-336     1.49522781    1.82727206    1.64399017    1.64911711    2.28661115    2.01992674    0.00000000    0.75153057    0.84644159    1.03426199    1.35580922    1.88789552    2.84091874    1.92848375    1.65301645    1.46927253    1.38768031
RFAI_SALTY/278-334     1.54380257    1.70228642    1.68623646    1.51695405    1.81361012    1.66480843    0.75153057    0.00000000    1.02125436    1.22480718    1.08127573    1.98863124    2.30041908    2.23147444    1.69787993    1.29081948    1.38960273
Q329M8_SHIDS/279-335     1.67429310    1.70109241    2.28931805    1.92911199    2.37670136    1.92080876    0.84644159    1.02125436    0.00000000    0.37269153    0.95489262    2.36892055    3.54603264    2.13650401    2.35829221    1.82932618    1.34812650
I2BEH6_SHIBC/279-335     1.96735148    1.48915560    2.13588574    1.91156879    2.09728558    1.78538462    1.03426199    1.22480718    0.37269153    0.00000000    1.00674977    2.21555425    3.35846548    2.19714803    2.29278642    1.83232798    1.43553133
Q6DAU4_PECAS/278-334     1.57582775    1.17752600    1.60804815    1.49197330    1.54065846    1.57113616    1.35580922    1.08127573    0.95489262    1.00674977    0.00000000    2.38464450    2.71918948    2.32973074    1.91860630    1.59286765    1.52321239
R7CLW1_9FIRM/271-326     2.55267394    2.49739342    3.04587551    2.62265020    2.87135091    2.72917020    1.88789552    1.98863124    2.36892055    2.21555425    2.38464450    0.00000000    2.24171638    1.95652987    2.09813917    2.20773281    1.60640750
H2IY77_RAHAC/276-327     2.66029136    2.17143542    2.04206250    2.16741825    2.35525553    3.03612183    2.84091874    2.30041908    3.54603264    3.35846548    2.71918948    2.24171638    0.00000000    1.26707210    2.53461205    3.26064693    2.34327008
G0AIU4_COLFT/265-319     2.25620728    2.37666041    1.86496994    2.52541553    2.72779740    3.35907669    1.92848375    2.23147444    2.13650401    2.19714803    2.32973074    1.95652987    1.26707210    0.00000000    1.89973459    3.14473718    1.78215192
Q329N1_SHIDS/278-334     1.80766190    1.99753222    2.24453154    2.33312282    2.53332640    2.27930291    1.65301645    1.69787993    2.35829221    2.29278642    1.91860630    2.09813917    2.53461205    1.89973459    0.00000000    1.36965752    1.14350839
A8ARL6_CITK8/276-332     1.58829795    1.77619765    1.49484834    1.46543246    1.99050841    1.57849692    1.46927253    1.29081948    1.82932618    1.83232798    1.59286765    2.20773281    3.26064693    3.14473718    1.36965752    0.00000000    0.65423222
A8ARL5_CITK8/270-326     1.25465882    1.23271980    1.34422629    1.21872358    1.49315569    1.38745114    1.38768031    1.38960273    1.34812650    1.43553133    1.52321239    1.60640750    2.34327008    1.78215192    1.14350839    0.65423222    0.00000000

