115
D8RVV9_SELML/241-275     0.00000000    0.34728992    0.27766333    0.58184999    0.93424341    0.50205664    0.55252050    0.50026419    0.52079499    0.55809900    0.61349468    0.57123811    0.57610933    0.42018943    0.59725357    0.44817294    0.47860393    0.58123256    0.66669045    0.98877831    1.09075140    1.30023323    0.92689603    0.89547119    0.61858155    0.89174799    0.66927147    1.98466852    1.90302657    2.10222325    2.14472310    2.24652630    1.55511680    1.69853511    1.63416200    1.72774500    2.18875626    1.66236712    1.76030844    2.26419999    1.53033742    1.65683682    2.11776646    1.67759819    1.75002982    2.01973450    2.16808876    2.12105762    2.10303826    1.73118628    1.64930557    1.59152754    1.69268393    1.63258820    1.69684792    1.83672137    2.30546826    1.88440631    1.79254371    2.02423927    2.13488831    1.90581779    2.22915387    2.47349856    2.07922782    1.81420965    1.75663190    1.67150475    1.18936785    1.74936011    1.97116318    1.65915032    2.09092117    2.03496759    1.74261164    1.65200734    1.76189176    1.95312497    2.02729901    2.54903660    2.24389255    2.04864825    2.59000657    1.97858773    1.78965222    1.95572232    2.11637042    1.50963593    1.53950256    1.52112129    1.71470310    1.50802425    1.63495711    1.50273252    1.26011664    1.81527056    1.96776396    0.49200952    0.42822878    0.37997700    0.58827698    0.50831673    0.55995757    0.75996315    0.48514681    0.46130728    0.69123311    0.47308809    0.59564369    0.55389731    0.40881889    0.34260173    0.43862707    0.34002491    0.28315305
D8RLE2_SELML/208-242     0.34728992    0.00000000    0.27024520    0.76508403    0.92171029    0.70374674    0.62609599    0.54210840    0.58237906    0.66632190    0.70010782    0.66366043    0.65891414    0.47788716    0.56914934    0.56616467    0.60183576    0.59647217    0.75126888    1.15049924    1.12192723    1.24798042    0.79293788    0.79125218    0.64088001    0.82740053    0.74709059    2.35610888    2.15481750    2.59879096    2.44112497    1.95826656    1.68466057    1.52242685    1.82927404    1.78191646    2.36356391    1.65849237    1.80609848    2.61311304    1.86336833    2.10280043    2.51860971    2.21580746    2.18399798    2.19302859    2.26956994    2.45108079    2.47165204    1.98682309    1.82458243    1.78139067    1.95580089    2.06659371    1.76627725    2.07362085    2.42809404    2.06525293    2.31924974    1.69642040    2.31859428    1.81764799    2.04422546    2.69456589    2.09046740    1.65999642    1.70093137    1.54661503    1.56969272    1.76975706    2.17998382    1.66894401    2.10983590    1.69081564    1.71972977    1.98859460    1.93188889    2.01367504    2.15913710    2.94750565    2.51765522    2.03690759    2.29485771    1.73203592    1.73900037    1.87060191    1.95318045    1.63181266    1.84852585    1.88654747    1.67494280    1.81476261    1.69538111    1.37715768    1.14559327    1.57828237    1.59191109    0.62010074    0.64011136    0.58944081    0.72656232    0.67397680    0.77766325    0.93258951    0.57185556    0.67440986    0.91334387    0.45614093    0.82135458    0.56548287    0.54426818    0.51961696    0.56048773    0.47329479    0.51034983
D8SH48_SELML/102-136     0.27766333    0.27024520    0.00000000    0.46035673    0.95761635    0.58552170    0.56444395    0.45667791    0.45517336    0.35846772    0.52027140    0.44074697    0.51311636    0.39183725    0.64215545    0.43476267    0.40772584    0.60255065    0.67007741    0.92993217    0.98811857    1.20051508    0.84342804    0.71554968    0.59651766    0.76068348    0.61589239    2.22689139    2.44489248    2.20304066    2.45065443    2.31648784    1.54062115    1.70814655    2.22562117    2.07542394    2.33893332    2.14928769    2.06211753    2.65065278    2.19326212    2.11263044    2.79250564    2.21423503    2.18675020    2.32228357    2.88084193    2.20510317    2.27556792    2.35508610    2.21558637    1.97015069    2.13903065    2.05721346    2.14182577    2.27535181    2.74151384    1.73806085    2.32531597    1.80634725    2.46071982    1.94905440    2.08196681    2.50231321    2.29086607    2.28838478    1.72482777    1.56616790    1.81128751    1.89965615    2.19639127    1.90789498    2.12054178    1.70217256    1.70055151    1.83079237    1.73546977    1.66666679    1.86378770    2.82614381    2.77837738    1.87744305    2.19732200    1.61060819    2.16536552    1.99624298    2.07952138    1.69231322    1.90592140    2.05572696    1.85119912    1.96976306    1.73894458    1.78019725    1.23384398    1.62823367    1.83186856    0.38636321    0.40719044    0.44569235    0.76226565    0.51096555    0.71079245    0.81637658    0.48291810    0.46921741    0.78603502    0.54025269    0.71439270    0.55016275    0.39820325    0.34646109    0.40325213    0.34355557    0.42570300
U5DAV7_AMBTC/174-208     0.58184999    0.76508403    0.46035673    0.00000000    0.80205516    0.48208209    0.56072586    0.41824679    0.46946863    0.38911588    0.55364805    0.34941804    0.60038926    0.54538380    0.64576705    0.54035511    0.62551058    0.69335186    0.81628729    1.02519710    1.39449057    1.53945442    1.13107565    1.25441468    0.94511980    1.04166310    0.91015107    1.92088033    2.08961362    1.45718474    1.84820307    1.97179266    1.67369003    1.40236896    2.01665606    1.69349705    1.67316547    1.72468741    1.41640490    1.82264208    1.86827381    1.72930048    1.87978033    1.81845332    1.60882606    1.85932468    2.55015786    1.84308288    1.92042933    2.21013247    2.09348985    1.70432298    1.69300166    1.43395812    1.59045679    1.59588830    2.50845035    2.28684363    2.78411444    2.31358498    2.89826187    2.20378058    2.30560367    1.99102195    2.15253817    1.91134339    1.97175217    1.76647875    1.55099448    1.44833924    1.45748092    1.28509826    1.60460335    1.72816403    1.18425172    1.47117893    1.59452238    1.73803788    1.66591508    2.49208651    2.30470158    2.13643927    1.97656861    1.64506325    1.97695660    1.53454796    1.66476945    1.31450306    1.55065942    1.70787723    1.80953562    1.36984370    1.29958544    1.30589682    1.13483072    1.53505156    1.56389138    0.49321761    0.69319981    0.56376224    0.99084208    0.96710909    1.05605029    0.89067923    0.88339659    0.79784024    1.20060275    0.82903747    0.77016052    0.66219790    0.69025225    0.61121514    0.69425267    0.63308857    0.57474712
W1PDM5_AMBTC/77-110     0.93424341    0.92171029    0.95761635    0.80205516    0.00000000    0.88493155    0.75615094    0.78260805    0.72523579    0.72281715    1.10670009    0.74454095    0.97619230    0.81496390    1.01962214    0.86531840    0.99121538    0.88811206    1.27457379    1.17284509    0.82034632    1.18546198    0.94076583    0.99672034    0.84331691    0.89836392    0.74058663    2.15299005    2.21752928    1.49432654    1.34798307    1.64991804    1.74874176    1.22723837    1.87387081    1.49091069    1.55893288    1.35360433    1.33752256    1.50062876    1.60186542    1.51591353    1.57640747    1.29194300    1.52641786    1.66282612    1.58725532    1.67693095    2.15552050    2.04240654    1.62154471    2.21875613    1.97086808    1.77713825    1.58577202    1.53005944    2.02424236    2.32736516    2.66354889    2.57592353    2.84600519    2.02707815    2.88446878    4.04081854    2.58116913    2.11109914    2.28825194    2.09223254    1.53749742    1.72111538    1.78728464    1.25330764    1.36695213    1.53097705    1.33403733    1.49321807    1.60104024    1.66769807    1.44879120    1.73647902    2.04261257    1.64623193    1.75915860    1.56400143    1.74580607    1.70420687    1.51254252    1.42070785    1.82111518    1.89152494    1.91790811    1.64658531    1.80242512    1.48794288    1.02087185    1.91929384    1.24923813    0.76166984    0.90711245    0.75270818    1.14945262    1.22181350    1.07884256    1.08235058    1.10580447    1.05494445    1.14236747    0.82082435    0.93407801    0.88954466    1.14689250    1.02787429    0.82407983    0.83841025    0.80997886
B9T5Q4_RICCO/121-155     0.50205664    0.70374674    0.58552170    0.48208209    0.88493155    0.00000000    0.66557197    0.49833736    0.51170118    0.66197023    0.64850272    0.56269721    0.93620339    0.76394615    1.00345204    0.79914434    0.89186404    0.86741677    0.85506023    1.16415154    0.98982022    1.02427532    0.74720273    0.85534313    0.75946250    0.94738420    0.73690486    2.08365159    2.43846343    1.57193059    1.99507393    1.85689462    2.08976533    1.31531339    1.59554907    1.76680089    1.77080365    1.42316417    1.44453729    1.56678172    1.61338674    1.78568391    1.62123662    1.57927586    1.54930200    1.89846220    2.51836527    1.71013382    2.04769891    1.87280685    1.86957937    1.51642317    1.65025803    1.50477705    1.66951879    1.75055365    2.71239167    2.31714420    2.43908001    2.87134500    3.72928267    2.42189928    2.45803139    2.17417838    2.58481315    1.80232946    1.94313724    1.75408936    1.47215114    1.28663330    1.67970350    1.42591053    1.83588235    1.74954449    1.25302394    1.53832826    1.56448655    1.89641462    1.62807056    2.67645521    2.33281305    2.30471723    2.03292044    1.80211723    2.10207758    1.56441517    1.56155831    1.41983121    1.64761928    1.33356881    1.78875178    1.45101332    1.14320989    1.21625812    1.02277397    1.78176687    1.47115482    0.65717226    0.70499553    0.60746169    1.01666601    0.89457133    1.10544301    1.00790056    0.92061203    0.87293230    1.23278594    0.84424689    0.94100988    0.75124950    0.75895243    0.68520858    0.80008613    0.71227180    0.54472646
M4DMW4_BRARP/132-166     0.55252050    0.62609599    0.56444395    0.56072586    0.75615094    0.66557197    0.00000000    0.28859427    0.42391090    0.37848791    0.49244409    0.33002923    0.66163350    0.44018671    0.64082945    0.58698014    0.62820882    0.58672178    0.88093863    1.05313356    0.91233925    1.21728183    0.72680683    0.79636884    0.70147528    0.79770578    0.73094564    1.96439271    1.75367533    2.07538499    2.12319027    2.02192570    1.41265018    1.37487833    1.56161835    1.50913331    1.50723287    1.60488386    1.70071428    2.03313196    1.83265182    1.91360399    1.83102185    1.89801371    1.95774314    1.88107264    2.08340519    1.96076877    2.28024203    1.86982175    1.63473994    1.86942074    1.66937355    1.61923149    1.74510534    1.76664133    3.22600997    2.27005211    2.00842302    2.17416787    2.34968445    1.76871665    2.05002501    1.99663742    2.01403454    1.66484133    2.16232656    2.12867413    1.90021154    1.37419862    1.45812276    1.15831298    1.41106542    1.55749293    1.29851305    1.42749701    1.33185739    1.50894360    1.59949458    2.26026104    2.27321085    1.91479679    1.72710252    1.56648259    1.63083255    1.33825982    1.78109430    1.70229546    1.73496925    1.59135898    1.56505523    1.55410627    1.35364436    1.15148290    1.08690397    1.47987808    1.26627740    0.62062320    0.78760780    0.56290271    0.65798460    0.59519522    0.86143019    0.82222082    0.76657041    0.55162577    0.91669512    0.46488246    0.62232884    0.50641659    0.61910002    0.49297056    0.48865394    0.41515002    0.63313488
F6H175_VITVI/150-184     0.50026419    0.54210840    0.45667791    0.41824679    0.78260805    0.49833736    0.28859427    0.00000000    0.23297194    0.26361404    0.31347264    0.29706366    0.53226365    0.47987595    0.64616405    0.56388431    0.57776045    0.52740355    0.81134243    0.98656567    0.89406700    1.04742872    0.72993445    0.80708183    0.77017517    0.75231675    0.68942375    1.65590826    1.98042882    1.52299481    1.85085789    1.61689065    1.42675796    1.21939887    1.46673982    1.66835205    1.70434353    1.51999097    1.51279527    1.87294323    1.84085364    1.63515377    2.05014100    1.71419626    1.77405873    1.89601357    2.24770652    1.86929751    2.30000045    1.88702629    2.00317129    1.56716193    1.87983757    1.42293700    1.84876654    1.52207259    2.71492794    1.92235511    2.50313242    2.42861811    2.39584960    2.00282586    2.33347128    2.18548819    2.31744408    1.76217270    1.92801186    1.76228942    1.72061697    1.28013997    1.49235686    1.49656446    1.63575049    1.41656760    1.34895604    1.25136241    1.41433251    1.51837909    1.49587803    2.30717163    2.23657100    1.86208170    1.86525164    1.52167539    1.90900874    1.08119934    1.48548209    1.50008191    1.94233583    1.30643340    1.69564052    1.60519665    1.48416794    1.02758945    0.84672224    1.60669896    1.20338847    0.37943029    0.60881388    0.52115816    0.62883015    0.62791611    0.76451041    0.87551649    0.78203376    0.49776399    0.81820511    0.39950299    0.69967291    0.49614201    0.58532937    0.42753693    0.43073559    0.45378986    0.49409324
M0YA54_HORVV/7-41     0.52079499    0.58237906    0.45517336    0.46946863    0.72523579    0.51170118    0.42391090    0.23297194    0.00000000    0.26967710    0.39046780    0.34789099    0.49674531    0.44938634    0.78237867    0.55528977    0.50953125    0.41695229    0.90915898    0.88186497    0.93857247    0.85884861    0.73709196    0.78639984    0.71728855    0.67723210    0.56507657    1.61095689    1.82247217    1.70561947    2.00315048    1.92381773    1.53301335    1.36845300    1.63256874    1.44707718    1.77666137    1.66001169    1.46702466    1.86193073    1.81682502    1.82777120    1.86936169    1.67767089    1.78333663    1.73689746    2.57274742    2.05766666    2.11298694    2.09336841    1.90023520    1.82125393    1.93790940    1.82579894    1.78303065    1.74378578    2.66721208    1.98574171    2.83016727    2.19221651    2.55242344    1.93200422    2.07236574    1.96408030    1.88683246    1.48164143    1.82856894    1.67297276    1.99144472    1.44705818    1.42616745    1.40677648    1.58929168    1.54582621    1.21148993    1.42322754    1.33038464    1.37685946    1.27779506    2.22317459    1.90347494    1.70572900    1.57313552    1.24879695    1.69092588    1.37043423    1.46428931    1.32566443    1.72162651    1.54758116    1.90966904    1.51391942    1.30584268    1.10063359    0.86347122    1.83006580    1.12585851    0.44032507    0.46652305    0.47903342    0.75275918    0.66786393    0.91429453    0.98821889    0.78004908    0.58229388    0.80499937    0.51933587    0.66784619    0.42559897    0.62687222    0.39747660    0.42241268    0.41722772    0.42733128
M0TTV6_MUSAM/150-184     0.55809900    0.66632190    0.35846772    0.38911588    0.72281715    0.66197023    0.37848791    0.26361404    0.26967710    0.00000000    0.28235235    0.28437900    0.40297515    0.43405752    0.66611969    0.55069424    0.61193367    0.48117591    0.93120677    0.98929437    1.08567085    1.32216773    0.93285569    0.90901468    0.85742878    0.75941108    0.69813503    1.86563194    2.16291883    1.98336915    1.90513893    2.25367420    1.43986186    1.58351485    1.94057940    1.66851074    1.89070172    1.91269706    1.61114310    2.04424010    2.00395766    1.88342731    2.08855492    1.76314035    1.76022896    1.87036000    2.65138494    2.00321013    2.09239324    2.41758773    2.10121920    2.00268973    1.92399971    1.84532311    1.79935202    2.04063426    2.78819656    2.06280734    2.65130130    2.23636064    2.69367844    2.18896172    2.27962795    1.97883634    1.97921058    1.65486162    2.02671522    1.95660009    1.94966960    1.60311371    1.49583583    1.59502688    1.62555658    1.66250498    1.29184691    1.55641525    1.34887163    1.50396044    1.47710598    2.42810168    2.07407974    1.85319336    1.65657711    1.43815404    1.77693799    1.55549463    1.71415157    1.67988261    1.76446474    2.02120708    1.98040564    1.67699336    1.62734456    1.29853361    0.94397620    1.59410727    1.44584919    0.48447499    0.65129880    0.59528823    0.75057430    0.56673182    0.76192456    0.85418915    0.70884627    0.46257207    0.88731512    0.50966162    0.71214770    0.43555006    0.70668859    0.46256595    0.44230617    0.37599738    0.53741488
M0S3F7_MUSAM/7-41     0.61349468    0.70010782    0.52027140    0.55364805    1.10670009    0.64850272    0.49244409    0.31347264    0.39046780    0.28235235    0.00000000    0.48280568    0.58938480    0.53085476    0.80585294    0.72444655    0.63133024    0.70259378    0.93283059    1.18765673    1.27512599    1.18968434    0.98721344    1.01828328    1.03753918    1.04122720    0.91016036    2.56946896    2.88672903    2.36161488    2.31579209    2.54120952    1.89836927    2.01483670    2.27705229    2.36962314    2.71727221    2.11448929    2.09491435    2.49572758    2.17792676    2.12086938    2.45797073    2.68871812    2.37563184    2.12959533    2.73897521    2.86411992    2.56986678    3.14994297    2.74130961    2.67325526    2.35179617    2.18153229    2.28703026    2.55869521    2.95894968    2.03431425    3.37631544    3.02377991    3.51605876    3.03622539    2.70514959    2.43124955    2.91193910    1.59950192    2.30468261    2.05569799    2.11398350    1.95939898    2.06816221    1.93769781    2.33453140    1.94081521    1.42946984    1.80292434    1.61929386    1.87692297    1.95812913    3.55852141    2.48978047    2.17506664    2.22811992    1.78335190    2.05611621    1.85772079    2.15643003    1.98657905    2.51494974    1.70191116    2.35614272    2.11981132    1.81456713    1.31159485    1.00166814    2.15659049    1.51349040    0.60963469    0.76861659    0.67483226    0.63422442    0.71092919    0.74309399    1.07552130    0.81690652    0.49473380    0.87891983    0.50126467    0.62052629    0.49754829    0.75439754    0.52300964    0.55728475    0.55976086    0.59659949
J3LRI9_ORYBR/92-126     0.57123811    0.66366043    0.44074697    0.34941804    0.74454095    0.56269721    0.33002923    0.29706366    0.34789099    0.28437900    0.48280568    0.00000000    0.55834746    0.50987957    0.75507614    0.56282409    0.71041451    0.61978277    1.10025695    1.10250607    1.08865810    1.26114869    0.93877049    0.95421441    0.77851072    0.85575849    0.81308310    1.75557164    2.07169484    1.82199257    2.05619487    2.03363383    1.64911881    1.54714213    1.97939528    1.59417027    1.90917780    1.87588081    1.53692616    1.96713950    1.97692621    1.94993367    1.84679356    1.84127608    1.82493283    1.42008332    1.85588952    1.95933876    1.90007458    2.05971461    1.89113088    1.81592866    1.86063742    1.61296858    1.64183457    1.91918967    3.01088707    2.25632078    2.57937703    2.32895602    3.18639593    1.98642874    2.38485498    2.02798648    2.44493714    1.93415926    1.92202756    1.76038087    1.74858620    1.40073644    1.30252165    1.37190142    1.64349092    1.61102205    1.32669833    1.54362629    1.38194971    1.59195525    1.46594632    2.65497491    2.32828690    1.95334081    1.80675336    1.48344152    1.88321601    1.42023923    1.61522043    1.58666867    1.61772265    2.02128527    1.60331741    1.56799583    1.46074274    1.24393885    1.03832295    1.37101616    1.57630109    0.50999511    0.70844343    0.57665446    0.94347086    0.79619408    0.87989577    0.94769654    0.81307269    0.49471029    0.96458718    0.58993684    0.59910333    0.61675949    0.73615656    0.55826167    0.56507424    0.47017709    0.57684887
B9S5R0_RICCO/12-46     0.57610933    0.65891414    0.51311636    0.60038926    0.97619230    0.93620339    0.66163350    0.53226365    0.49674531    0.40297515    0.58938480    0.55834746    0.00000000    0.21915913    0.39808478    0.25372741    0.30083678    0.58035581    0.76778792    0.76366832    1.03872245    1.46679267    0.99044366    0.87726260    0.67453376    0.98045238    0.65980854    2.31175402    2.52147631    2.21193805    2.10765777    2.17441821    1.46842035    1.93929584    2.11488457    1.93692746    2.37050239    2.14591634    1.73535892    2.27467325    2.14061397    1.83442369    2.59280730    2.28570048    2.12727284    1.78579762    2.49858811    2.41290744    2.54714168    2.78627380    2.54165969    2.28745536    2.26383773    2.21945771    1.84696256    2.18096154    2.74156085    1.72418403    2.37105663    1.88773580    2.31516564    1.98148210    2.22163788    2.07990989    1.87628608    1.73086813    1.79937919    1.62878867    1.60670419    1.83124675    1.53211114    1.58475483    1.95670724    1.73536746    1.24410600    1.43705214    1.43291430    1.44105190    1.58620798    2.65042998    1.92060790    1.82846510    1.63075267    1.41086080    1.62882993    1.84310530    2.01910322    1.59712634    1.68285566    1.81909438    1.87195073    1.75847750    1.56324499    1.41839833    1.21659698    1.52323526    1.51540622    0.31140387    0.56159651    0.50799843    0.63384485    0.47831152    0.69463993    0.75271064    0.64752479    0.53731163    0.79769105    0.62140777    0.54395427    0.49989755    0.70474754    0.51334716    0.35297897    0.43342211    0.61838662
G1FER1_BRARP/16-50     0.42018943    0.47788716    0.39183725    0.54538380    0.81496390    0.76394615    0.44018671    0.47987595    0.44938634    0.43405752    0.53085476    0.50987957    0.21915913    0.00000000    0.38374272    0.25890511    0.22722078    0.65132084    0.67734315    0.76015471    0.98366692    1.30769036    0.76462904    0.72870984    0.60443082    0.70870715    0.47471189    2.39541589    2.46699940    2.16245323    2.03812831    2.09558458    1.29676560    1.75289266    2.08005693    1.73191495    2.22806233    2.07775654    1.69035867    2.20161982    2.11102774    1.81409362    2.44641079    2.24350170    2.07417601    1.82731304    2.24771129    2.22332936    2.27214896    2.33655183    2.24114119    2.08049355    1.96640828    2.29457285    1.85282511    2.14309226    2.72485824    1.69616083    2.39384891    1.94521588    2.33145296    2.00673604    2.13544649    2.01046903    1.78152954    1.64385381    1.87112139    1.67670809    1.44753782    1.76636528    1.66865495    1.47025380    1.89405694    1.55700698    1.19400568    1.45912049    1.46534490    1.47203981    1.56634885    2.52177457    1.99529246    1.91809709    1.58819860    1.46375322    1.62831092    1.74671080    2.00855372    1.39133471    1.54071383    1.62472771    1.61579210    1.62815741    1.48987982    1.35697567    1.16866558    1.59937727    1.45441041    0.29793331    0.46178549    0.31146377    0.46184840    0.36081241    0.65258605    0.77644278    0.52795549    0.48537768    0.75420271    0.49769500    0.39466168    0.31044504    0.50125416    0.39632528    0.28245374    0.31574464    0.46056250
K7MEH2_SOYBN/13-47     0.59725357    0.56914934    0.64215545    0.64576705    1.01962214    1.00345204    0.64082945    0.64616405    0.78237867    0.66611969    0.80585294    0.75507614    0.39808478    0.38374272    0.00000000    0.25965921    0.38718207    0.58323159    1.00020625    0.92000079    1.29845587    1.55330092    1.04150824    0.80941922    0.66944169    1.07430455    0.79767686    2.12058301    2.25597941    1.94680913    1.92967196    2.03523509    1.42604093    1.77195740    1.93566669    2.04833139    2.26551182    2.19208487    1.86996066    2.47555741    2.19087970    1.91328669    2.31402704    2.59415141    2.69534371    2.31982531    2.29176346    2.08405691    2.57170595    1.91186170    1.98663643    2.10456439    1.93234162    1.86135583    1.79807272    1.82508951    2.53206691    1.82503088    2.10162038    1.88209017    1.90663085    1.75614119    2.06828975    2.29726830    1.94390770    1.67274482    1.49785179    1.51359871    1.32069270    1.71660972    1.87265155    1.74397992    2.16114572    1.49065777    1.21952150    1.35532622    1.63147266    1.73017792    1.97227321    2.71993153    2.25600315    2.09121028    1.88470744    1.62696437    1.65454250    1.53069550    1.88368380    1.52848333    1.41679704    1.55362131    1.80175427    1.70351310    1.66137049    1.50177843    1.18464310    1.41016491    1.50561170    0.45932019    0.80852953    0.59631593    0.77196485    0.61545645    0.74382433    0.82076610    0.69260170    0.68867648    0.98531196    0.78264968    0.59444245    0.55949390    0.56556955    0.50582505    0.47843176    0.61314334    0.66320033
D7TCG2_VITVI/9-43     0.44817294    0.56616467    0.43476267    0.54035511    0.86531840    0.79914434    0.58698014    0.56388431    0.55528977    0.55069424    0.72444655    0.56282409    0.25372741    0.25890511    0.25965921    0.00000000    0.26071104    0.42983530    0.83463377    0.68461899    0.90859024    1.30667613    0.91350480    0.73645704    0.58274442    0.82924665    0.55928469    2.09876538    2.22719393    1.86667857    1.94058036    1.93473367    1.68619734    1.54108940    1.84446077    1.75309775    2.11913042    1.84343421    1.64833702    2.20084998    1.77354790    1.62346300    2.31286758    1.84023674    2.08332383    2.00494994    2.50390192    2.05401115    2.51934659    2.38495773    1.97235857    2.13456248    2.27383189    2.03076644    1.68413621    1.86827947    2.33544646    1.46636933    2.32946919    1.79242673    2.35516590    1.69461425    2.30203334    2.23493357    2.06173358    1.96600018    1.52825797    1.51029922    1.45469519    1.58711409    1.69571286    1.52658809    2.02305882    1.60878865    1.16023040    1.36067624    1.37579456    1.38686181    1.68167819    2.41648144    2.06377282    1.65889561    1.68007102    1.40278325    1.65281124    1.56855332    1.75684317    1.36547917    1.58534232    1.64567361    1.77058074    1.47238518    1.38375648    1.26175437    1.03564493    1.35645610    1.37819779    0.25661958    0.55444168    0.34384739    0.75305564    0.58050670    0.71092840    0.83906962    0.57629131    0.53873630    0.86850889    0.67121513    0.45953642    0.56113491    0.51738166    0.47887634    0.36775021    0.43368322    0.43193593
M0S202_MUSAM/10-44     0.47860393    0.60183576    0.40772584    0.62551058    0.99121538    0.89186404    0.62820882    0.57776045    0.50953125    0.61193367    0.63133024    0.71041451    0.30083678    0.22722078    0.38718207    0.26071104    0.00000000    0.55397542    0.57503020    0.52973245    0.90584078    1.20486863    0.76392995    0.82327239    0.61893735    0.95180135    0.61603953    2.23559239    2.24412827    1.96307546    1.98935582    2.00507819    1.63436316    1.67577118    2.18959614    1.77604962    2.34638033    2.20361032    1.94851725    2.42057512    2.12586582    1.78022305    2.84579002    2.34700403    2.58836799    2.26164153    2.60063776    2.40961463    2.58785862    2.69759647    2.24279551    2.48966703    2.36994310    2.39608814    2.19298285    2.02579822    2.51604320    1.61485424    2.19529752    1.71852727    2.22424240    1.87663673    2.08759490    1.93662503    1.87295923    1.81074073    1.48101196    1.46261419    1.49137961    1.79762514    2.05875918    1.76764093    2.14984737    1.79620514    1.34853095    1.50917306    1.43763645    1.39841556    1.88633282    2.66031881    2.28525201    2.01431772    1.84867281    1.51709340    1.95946795    1.77671086    2.05125968    1.40128496    1.64872323    1.45125256    1.84849204    1.59091384    1.45114172    1.50727465    1.18355104    1.47357724    1.41913207    0.28578310    0.53828543    0.38139825    0.55759701    0.45112979    0.76270563    0.72500161    0.52295535    0.58437711    0.87701708    0.64691125    0.43425177    0.40829546    0.45324475    0.38301378    0.28694055    0.45240066    0.39176817
GRF6_ARATH/6-40     0.58123256    0.59647217    0.60255065    0.69335186    0.88811206    0.86741677    0.58672178    0.52740355    0.41695229    0.48117591    0.70259378    0.61978277    0.58035581    0.65132084    0.58323159    0.42983530    0.55397542    0.00000000    0.73983686    0.75147385    1.10233190    1.30392160    0.97303186    0.79547721    0.75455374    0.83811249    0.74481837    1.74932230    1.77020806    1.84808886    1.89957276    1.90626943    1.88099524    1.31503756    1.32861997    1.45979116    1.64151429    1.48591008    1.26590252    1.82831651    1.44603554    1.40598724    2.05078052    1.80101601    1.85966240    1.95824777    2.32827210    1.62078385    1.98648855    1.81177454    1.75687284    1.65811321    1.95411396    1.64242060    1.40490595    1.37614239    2.17762599    1.49709671    1.81179794    1.85899713    1.87296172    1.49887352    2.05713855    1.94078624    1.66552294    1.50912465    1.73317338    1.67174546    1.59946187    1.27191934    1.68246108    1.45129174    1.59133874    1.42260432    1.33836586    1.26499266    1.32502251    1.33413127    1.50448762    2.09004852    1.57615780    1.54033174    1.69252482    1.36286186    1.59740702    1.38768804    1.56469247    1.16968400    1.63671909    1.45574936    1.79805776    1.51485656    1.42926817    1.16358696    0.85700851    1.36885945    1.26736187    0.64933355    0.75786562    0.58581371    0.96390000    0.83571627    1.00685059    0.82798111    0.72839855    0.73688047    0.88045265    0.63912754    0.68843804    0.57472739    0.72407663    0.58186513    0.54770409    0.58121856    0.52514247
M0T375_MUSAM/15-49     0.66669045    0.75126888    0.67007741    0.81628729    1.27457379    0.85506023    0.88093863    0.81134243    0.90915898    0.93120677    0.93283059    1.10025695    0.76778792    0.67734315    1.00020625    0.83463377    0.57503020    0.73983686    0.00000000    0.95822118    0.94296779    1.31162798    1.04078889    1.25280572    0.99082136    1.32601744    1.07856158    1.66081434    1.75554895    1.49761456    1.50370916    1.48657553    1.55819039    1.36406327    1.61111317    1.49067252    1.85614251    1.51080582    1.59672749    1.74539773    1.65215422    1.47807345    2.39447234    1.98662120    2.22666401    2.08848778    2.41074836    2.03284230    1.98533838    1.89070874    1.80081868    1.66065347    1.87145928    1.79476901    1.64525834    1.55464196    2.27376465    1.79957294    2.00489959    1.61131347    2.03292102    1.60909509    2.04810680    2.01134819    1.55367625    1.60415061    1.39895234    1.48877836    1.16520420    1.47170487    1.58115911    1.41164705    1.88806084    1.39845555    1.12693134    1.23814093    1.24812392    1.08633905    1.55567264    2.18692427    1.74983325    1.64072521    1.64999457    1.29914275    1.66555852    1.52135705    1.78200930    1.18961889    1.22965775    1.24335226    1.46254686    1.32627541    1.04816088    1.32416801    1.27883071    1.39037894    1.52965010    0.78236344    0.90789606    0.73218994    0.83968245    0.87366613    1.06577679    0.82925538    0.77643079    0.77027940    1.22994599    0.71759825    1.01547973    0.67691573    0.85831061    0.77254349    0.78518402    0.68523108    0.70767594
M1AYU1_SOLTU/58-92     0.98877831    1.15049924    0.92993217    1.02519710    1.17284509    1.16415154    1.05313356    0.98656567    0.88186497    0.98929437    1.18765673    1.10250607    0.76366832    0.76015471    0.92000079    0.68461899    0.52973245    0.75147385    0.95822118    0.00000000    0.71225421    0.97381528    0.76110350    0.82322388    0.59784379    1.05231881    0.65866619    2.23547105    2.13165590    1.84904968    2.05952829    2.15184997    2.26493495    1.59044909    2.12351626    1.59932873    1.99678174    2.08024169    1.99625943    2.18788723    1.83301783    1.77352174    2.56597810    2.00298613    2.32787413    2.38486421    2.63181074    2.44798566    2.29849929    2.22917195    2.07810218    1.95887664    2.08060542    2.55902496    2.21533355    1.56637342    2.56681567    1.97088737    1.70987721    1.36085727    1.68913688    1.91612000    1.92937861    1.75581784    1.78487668    1.91016611    1.65604496    1.35265915    1.97563897    1.65097015    2.16034759    1.68994940    2.12051205    1.58650452    1.57375775    1.63805156    1.75071155    1.56583492    2.08008667    2.57523095    2.48667829    2.06532228    2.12178147    1.66323242    2.05219999    1.87244579    2.14869725    1.40413293    1.76521642    1.63192047    2.06065881    1.94176927    1.78115793    1.77607060    1.33535792    1.34757118    1.31654060    0.81455335    0.93012250    0.77113217    0.93769835    0.80817199    1.26226846    0.91133169    0.86138702    0.89863098    1.17390927    0.96230103    0.85341382    0.73862178    0.86176094    0.91779214    0.73746429    0.73480621    0.69086492
B9RDF2_RICCO/52-85     1.09075140    1.12192723    0.98811857    1.39449057    0.82034632    0.98982022    0.91233925    0.89406700    0.93857247    1.08567085    1.27512599    1.08865810    1.03872245    0.98366692    1.29845587    0.90859024    0.90584078    1.10233190    0.94296779    0.71225421    0.00000000    0.70515843    0.66021068    0.61756956    0.69355576    0.75834562    0.62458889    1.88046946    1.83772170    1.55277091    1.63865705    1.86976749    1.84829372    1.46134329    1.70570016    1.66759055    1.85824762    1.88618777    1.84611739    1.69472333    1.92200337    1.99823350    2.07720245    1.81058428    2.05549708    1.84204266    1.70147218    1.76117512    1.91360267    2.18431761    1.65581964    2.11953549    2.15919197    2.27855976    1.76364324    1.76654563    2.81231035    2.34532598    2.37378804    2.11675775    2.40880164    2.06759862    2.45570674    1.91081994    2.26072162    2.02300673    2.00834023    1.92294639    1.81322399    1.34715187    1.62884306    1.41179033    1.74534962    1.48157959    1.42753438    1.55945976    1.63761568    1.43447196    1.67862566    1.88972430    2.38748786    1.43218765    1.82522757    1.45733800    1.72449344    1.60883781    2.12517788    1.33789382    1.31320726    1.39815967    1.28420568    1.71928071    1.26928888    1.42189218    1.14289918    1.49065420    1.06543605    0.82607253    0.82514579    0.92560208    1.07837219    0.90061475    1.32859674    1.17769274    1.01396669    0.91278245    1.04453826    0.81342863    1.09178698    0.79141085    0.91987205    0.98861847    0.75543224    0.69828226    0.81764594
GRF9_ARATH/24-58     1.30023323    1.24798042    1.20051508    1.53945442    1.18546198    1.02427532    1.21728183    1.04742872    0.85884861    1.32216773    1.18968434    1.26114869    1.46679267    1.30769036    1.55330092    1.30667613    1.20486863    1.30392160    1.31162798    0.97381528    0.70515843    0.00000000    0.74387796    0.88267194    0.84573766    1.03854033    0.79048387    1.99679234    2.08508459    1.84354205    2.15239950    2.40396000    2.14676333    1.75718551    2.10369051    2.21647126    2.61238542    1.87183348    2.36301996    2.49125980    2.03920159    1.98820777    2.46896144    2.36254543    2.48723496    2.08742224    2.19287765    3.37447543    2.37933065    2.71712678    2.29181223    2.50376928    2.33573693    2.34553451    2.61680292    2.07675503    3.20039569    3.18966578    4.62725351    3.75493588    5.28651014    3.92617806    3.32309295    4.30341230    4.33906109    2.22210881    2.42869388    2.19287703    2.05387704    2.00380682    2.45081887    1.39000557    1.95672132    1.88301365    1.72449964    1.72288680    1.88941420    1.54696093    1.60108455    2.62612620    2.26655167    1.69614170    2.01304387    1.40148243    2.11698863    1.85203617    1.74756049    1.61789545    2.24925883    1.70041495    2.50447005    2.32903753    1.81239956    1.72350164    1.36707414    2.78982072    1.26940691    1.20043837    0.93566717    1.22708938    1.01740481    1.08091145    1.35712758    1.52003210    1.18185150    1.26665801    1.57070221    1.18808025    1.40733643    1.03378264    1.07763491    1.16267167    1.00115445    0.91531892    0.98214939
B9GKS4_POPTR/65-98     0.92689603    0.79293788    0.84342804    1.13107565    0.94076583    0.74720273    0.72680683    0.72993445    0.73709196    0.93285569    0.98721344    0.93877049    0.99044366    0.76462904    1.04150824    0.91350480    0.76392995    0.97303186    1.04078889    0.76110350    0.66021068    0.74387796    0.00000000    0.56320489    0.43617316    0.61259023    0.34704440    2.30623756    2.05976921    2.17841892    2.39224842    2.47481043    2.11514260    1.64609542    2.21366246    1.99276557    2.18310545    2.04459838    2.06816443    2.34715712    2.41721885    2.27058599    2.68436607    2.48446699    2.68822248    2.11870685    2.80136604    3.21862971    2.68327067    2.42689412    2.26974555    2.32018816    2.40359267    2.86603262    2.52582437    1.92194336    3.88875970    3.74340242    3.69302247    2.94064419    3.43796047    2.89104541    3.94532736    4.03860887    3.52723246    2.52256879    2.00208769    1.80517821    1.59034650    1.59992619    2.15599956    1.97138705    2.41029894    1.62311704    1.34322324    1.48038591    2.04120934    1.70197199    2.13311030    3.10315078    3.24182515    2.04036420    2.04838676    1.74403959    2.01697624    1.70190338    2.08201143    1.35204690    1.66603227    1.58631469    1.77513819    2.16558671    1.68886315    1.55972027    1.31344269    2.02483323    1.55530569    0.78446564    0.67386020    0.78115603    0.90128220    0.64115459    0.94576872    0.97179257    0.76532844    0.85366922    1.11860947    0.79123024    0.98981312    0.62705008    0.56970844    0.74500056    0.54779199    0.62726474    0.66085321
K3ZW28_SETIT/113-147     0.89547119    0.79125218    0.71554968    1.25441468    0.99672034    0.85534313    0.79636884    0.80708183    0.78639984    0.90901468    1.01828328    0.95421441    0.87726260    0.72870984    0.80941922    0.73645704    0.82327239    0.79547721    1.25280572    0.82322388    0.61756956    0.88267194    0.56320489    0.00000000    0.48899364    0.51683247    0.38576819    1.95610806    1.91570218    1.86805983    2.01371645    2.17765907    1.63664299    1.67134386    2.06859486    1.83699323    1.91482452    1.94946289    1.90482897    1.89203006    1.95602954    1.83596777    2.38680408    2.24135519    2.22318765    2.14700488    2.57658526    1.84050539    1.97592518    1.80290307    1.78106654    1.83916875    1.73780929    2.24756844    1.97448036    1.62889651    3.11638694    2.18476998    2.19565613    2.11544913    2.88880122    2.08017978    2.92411457    2.75378287    2.59838370    1.66863431    1.53009014    1.32155901    1.94587924    1.65418511    1.90599187    1.47193080    1.75548034    1.42859387    1.52598423    1.56404693    1.69031553    1.36350276    1.73946857    2.42583190    2.42858600    1.58976602    1.52075596    1.25564306    1.59491678    1.50161509    1.77506979    1.51818379    1.70609684    1.66169505    1.87410291    1.95653526    1.74727091    1.66772532    1.28593141    1.37073087    1.42121801    0.70523120    0.78409764    0.70586597    1.11724828    0.82377317    1.16623668    1.12513849    0.92866549    0.68725602    0.88815285    0.83043843    1.00682022    0.66935319    0.76564950    0.62124051    0.68176636    0.62848223    0.91882184
