106
C8WH05_EGGLE/2-265     0.00000000    1.11895515    1.16132848    1.07429969    1.24305093    1.12817644    1.08168918    1.12370516    1.18478693    1.06114221    1.26299392    1.31164054    1.23891314    1.31300790    1.24562722    1.19384884    1.25169149    1.23078134    1.20017428    1.07483851    1.14603290    1.14231213    1.10392825    1.17109843    1.16553772    1.09028821    1.30770807    1.63995595    1.59143274    1.47477131    1.49503864    1.50703799    1.50327675    1.46701006    1.37558979    1.58126835    1.25183857    1.46010136    1.47571676    1.49755483    1.31477460    1.48856251    1.37904482    1.40080691    1.34416441    1.48551251    1.40245018    1.31677896    1.35819772    1.43994433    1.41071273    1.58369448    1.38758473    1.34234608    1.21663443    1.11179779    1.25563686    1.35718297    1.12433627    1.30671374    1.38676745    1.54969594    1.39359087    1.48155535    1.49929167    1.51463430    1.56561579    1.52196241    1.64109997    1.61430214    1.51286593    1.60076676    1.66934448    1.71340893    1.86832053    1.50257391    1.55282570    1.34668574    1.71240094    1.47599415    1.47879712    1.35369504    1.22385019    1.35330575    1.39940646    1.62546679    1.56683270    1.55108276    1.41396775    1.41022228    1.35791409    1.57375090    1.47006165    1.53155382    1.98083384    1.83894376    1.23596261    1.40287936    1.67998083    1.72657666    1.69297468    1.70550357    1.76820536    1.74940538    1.61524351    1.71998079
G8QVL4_SPHPG/2-264     1.11895515    0.00000000    0.83398630    0.92546905    0.91450129    0.83225548    0.82456170    0.73597067    0.93805440    0.97060900    0.99829684    0.97466428    0.96974922    1.04833169    0.82289202    0.86956586    0.84889051    0.91934616    0.98652943    0.94158940    0.97422236    0.93301221    0.79583796    0.83380586    0.80659966    0.77114331    1.07940403    1.21717937    1.18914487    1.37984582    1.37773162    1.21795895    1.22386807    1.29058546    1.10890100    1.20757159    1.09790878    1.10441573    1.17131715    1.20804367    1.08574072    1.31563062    1.14744324    1.15720064    1.08657890    1.14162003    1.28351962    1.25476516    1.31720502    1.24890201    1.17522377    1.35008445    1.14175554    1.03869178    1.05240449    1.02513129    1.02268011    0.93178333    1.00005593    1.02305561    0.91091861    1.17120931    1.17342424    1.39424501    1.47028459    1.13319014    1.29807600    1.29088970    1.26680188    1.36678676    1.34554867    1.22596382    1.10013773    1.28326849    1.35259935    1.09145077    1.09781176    1.23137319    1.15302077    1.11562582    1.19907695    1.04427394    1.02669145    0.99191918    1.18387664    1.55360194    1.32259081    1.56151837    1.36092728    1.40505618    1.31957122    1.32351910    1.26694853    1.34592772    1.42561254    1.55585246    1.34663219    1.33146795    1.53485341    1.45090394    1.40725473    1.75236638    1.78758472    1.55593532    1.57858719    1.66449045
E3GGF2_9FIRM/2-262     1.16132848    0.83398630    0.00000000    0.95711149    1.04983852    0.98207658    0.84707253    0.88771175    0.97343994    1.00481368    0.94394423    0.99925336    1.06623654    0.96732500    0.90767144    0.88053023    0.92685997    1.00875320    0.98494722    1.01485957    1.02963598    1.07751180    0.89376157    0.90812419    0.89928740    0.88787885    1.17033346    1.32601631    1.24672332    1.33947869    1.25215951    1.31089068    1.32452927    1.33086410    1.23507718    1.10123373    1.08733860    1.05745484    1.20112106    1.18596200    1.11149089    1.22281964    1.19854541    1.19300476    1.16327615    1.31306423    1.29048379    1.28141953    1.35970166    1.33481418    1.27995431    1.22035849    1.12663946    0.96699912    1.13600321    1.01044063    1.12820501    0.97876366    1.10404757    1.02526666    1.06912336    1.38067781    1.31103436    1.45229787    1.45772454    1.26946664    1.46497165    1.44585596    1.47855184    1.52854015    1.48151982    1.37023959    1.31068593    1.43135692    1.54751328    1.20018707    1.33228939    1.36376177    1.37486022    1.31245627    1.24672618    1.18464337    1.20417777    1.14514947    1.38515443    1.26154692    1.43397551    1.48942157    1.29513798    1.53404904    1.41543657    1.33458648    1.25810419    1.36086376    1.31263985    1.36388100    1.39239112    1.41083187    1.43556770    1.39542015    1.28545156    1.36918692    1.45836211    1.41752168    1.47746871    1.50713514
Q24YK5_DESHY/2-269     1.07429969    0.92546905    0.95711149    0.00000000    0.83366043    0.84313655    0.92426094    0.82088706    0.89220195    0.88533151    0.89906912    0.93607255    1.02641257    0.96132020    0.80344171    0.90973038    0.84887082    0.88992234    0.98074755    0.84623515    0.96609440    0.96626979    0.85325808    0.92066728    0.82002497    0.81960731    1.03101679    1.39137346    1.27539284    1.32821406    1.25072577    1.25861717    1.19003623    1.25797398    1.19690480    1.16709991    1.05486457    1.19788823    1.18643999    1.28979598    1.18935488    1.28732745    1.06157462    1.11510553    1.05338387    1.29816548    1.30802812    1.19902805    1.27833773    1.27030733    1.14483430    1.25200691    1.06112586    0.97134003    0.89677100    0.96324346    0.96106908    0.88655004    0.86969090    0.87256248    1.05832360    1.17611188    1.13666012    1.32381096    1.43608515    1.11352202    1.30196627    1.24045545    1.29259816    1.28338261    1.18781808    1.15288958    1.22349874    1.25888349    1.51151416    1.15894407    1.17696569    1.19825533    1.06301730    1.08909909    1.19045836    1.10019405    1.04512031    1.07168914    1.12763266    1.38611323    1.41164391    1.38173884    1.41642882    1.37937152    1.34671949    1.47995562    1.07112116    1.27188023    1.47090105    1.43059866    1.22094948    1.36489400    1.39425716    1.27204808    1.39390323    1.52665614    1.52079387    1.38043663    1.49188513    1.52742835
R7IDT0_9FIRM/2-264     1.24305093    0.91450129    1.04983852    0.83366043    0.00000000    0.84827384    1.01037946    0.89460607    1.06827271    0.89394272    1.01759691    0.99175238    0.98598089    1.00240572    0.92870463    1.07577853    0.97497735    1.06721681    0.98807025    0.90201145    0.91547998    0.95098367    0.88955439    0.89215844    0.91770565    0.84314503    1.15192983    1.21213894    1.33161775    1.46599580    1.39476955    1.29860986    1.20939266    1.23323124    1.15765435    1.20150149    1.20594744    1.31056349    1.13009818    1.25923428    1.19689689    1.19145166    1.13419335    1.25246504    1.16698685    1.21863056    1.33260362    1.17493257    1.21526764    1.11586433    1.14536895    1.30704867    1.05062599    1.26363953    0.97639379    0.99248346    1.00260481    0.92679555    1.00633389    0.93527063    1.06211963    1.18514543    1.10421221    1.02191640    1.34302375    1.07776442    1.20208540    1.15856806    1.11046821    1.19531372    1.21124455    1.21383257    1.28240667    1.24340249    1.60327614    1.11058577    1.18472108    1.06734637    1.19811371    1.04632833    1.24773633    1.02723653    1.07451027    1.01335100    1.27390907    1.32594999    1.42198557    1.22253961    1.23886621    1.35929662    1.24582193    1.21854006    1.20282478    1.31142494    1.66055777    1.42905863    1.21369186    1.30645732    1.41286974    1.27056802    1.47235832    1.50900749    1.39871120    1.32265239    1.31232358    1.50718811
R5BZG4_9FIRM/2-264     1.12817644    0.83225548    0.98207658    0.84313655    0.84827384    0.00000000    0.85460980    0.76585744    0.94565327    0.83231396    0.95896805    0.98994492    0.96877398    1.00778849    0.87721331    0.99486481    0.77744467    0.97784132    0.96490804    0.81496595    0.92622946    0.93804059    0.88927796    0.83584043    0.87424578    0.82882297    1.08066390    1.17205637    1.25846942    1.43230393    1.40166673    1.27878252    1.28110715    1.32649223    1.24707014    1.29708656    1.16973262    1.20494141    1.11240890    1.19985154    1.21057048    1.15755192    1.04175526    1.13246857    1.09220660    1.20857387    1.21125102    1.11551006    1.16592352    1.26826027    1.26233896    1.33849756    1.05436922    1.14123174    1.00580506    0.85335924    0.97543906    0.94240816    0.92084645    0.91773591    1.01011923    1.28008511    1.25674805    1.33794338    1.40614465    1.24625589    1.38509786    1.21559483    1.40074827    1.44152926    1.26483747    1.16766625    1.19425295    1.23783010    1.50641682    1.15611697    1.23830663    1.18442726    1.19502961    1.14843484    1.13985811    1.00471765    1.12325007    1.08195302    1.35151918    1.39854812    1.56661410    1.53457815    1.45479440    1.50473755    1.51363147    1.38550427    1.29952739    1.40582398    1.44039221    1.51488711    1.32898373    1.36648933    1.45548193    1.42107905    1.36533919    1.52357176    1.52199113    1.47264903    1.49765091    1.61652096
R5JWZ4_9CLOT/2-264     1.08168918    0.82456170    0.84707253    0.92426094    1.01037946    0.85460980    0.00000000    0.53481240    0.81509705    0.93988440    0.82916304    0.89031828    0.92330509    0.82418497    0.84248353    0.84844457    0.74116421    0.81990728    0.82259693    0.83054228    0.85771741    0.93383044    0.67008028    0.59830097    0.69239853    0.81480722    1.06600885    1.22392734    1.20065804    1.23714651    1.29604375    1.16061024    1.22452489    1.33851267    1.20482385    1.03723177    1.04381393    1.02318813    1.23250777    1.19180472    1.11831400    1.18802592    1.09157774    1.12980234    1.07083818    1.23342426    1.16090757    1.13012543    1.21681535    1.21819204    1.13059385    1.25855944    0.94315632    0.92449031    0.85489021    0.92770595    0.96415791    0.90419474    0.97305887    0.95262704    0.98052152    1.23704266    1.38628288    1.43200347    1.47883572    1.20092185    1.36455389    1.31201392    1.34335864    1.45857343    1.16799539    1.24531018    1.28654345    1.43122678    1.54002635    1.10986802    1.23109267    1.29112736    1.16563046    1.14519045    1.24458993    0.93268089    1.08716909    1.11551602    1.26223975    1.34771475    1.54304015    1.59866109    1.42500849    1.47135668    1.47755430    1.46462273    1.44903392    1.37705252    1.38252627    1.36123442    1.29450860    1.43929531    1.44215769    1.46866470    1.14764378    1.51744817    1.60657113    1.51082027    1.44511380    1.52261782
R5L708_9CLOT/2-264     1.12370516    0.73597067    0.88771175    0.82088706    0.89460607    0.76585744    0.53481240    0.00000000    0.72095412    0.77120476    0.81001704    0.79518586    0.79376488    0.77737773    0.79951361    0.79074265    0.76404065    0.81278390    0.87192172    0.81622182    0.83744816    0.93615610    0.70599383    0.64655242    0.72406838    0.70166120    0.93359665    1.17464101    1.12027642    1.29966537    1.19877102    1.19340926    1.14349525    1.27914780    1.13612249    1.08910020    1.07821232    1.13655765    1.11142216    1.14861039    1.10561273    1.23383271    1.04605988    1.01853565    0.99060357    1.11190962    1.22319603    1.10952414    1.23329688    1.16494723    1.04816623    1.23344237    0.96717458    0.95392732    0.76983622    0.82919620    0.98489352    0.89166853    0.89550549    0.86175759    0.97530235    1.21335226    1.23163516    1.33602449    1.36654037    1.13053361    1.33326131    1.28137966    1.23841911    1.34562859    1.18867206    1.07410602    1.17984287    1.22380955    1.51447948    1.04088685    1.10573407    1.13781432    1.08710110    1.14519717    1.26265740    0.92812660    1.08510983    1.03219329    1.17354394    1.27682358    1.39480095    1.47546534    1.43595819    1.24377797    1.32140490    1.46782282    1.18962946    1.32019535    1.36899239    1.27080492    1.21219407    1.29563908    1.27911937    1.44305787    1.22051185    1.62819306    1.68734151    1.52845878    1.42706531    1.35969663
Q8R920_CALS4/2-263     1.18478693    0.93805440    0.97343994    0.89220195    1.06827271    0.94565327    0.81509705    0.72095412    0.00000000    0.93862198    0.90524763    0.85709000    0.92562301    0.85957207    0.76169104    0.80290960    0.71191500    0.92989985    0.93910090    0.90109101    1.02620154    1.05931384    0.88717949    0.83304258    0.90835366    0.89423668    1.15157135    1.42054402    1.23750995    1.46342402    1.38273064    1.34456728    1.30112641    1.37768032    1.23116204    1.15075044    1.07391959    1.14332264    1.32238585    1.26386534    1.21362116    1.33577102    1.12616814    1.09381796    1.11337681    1.22669457    1.34766406    1.29111996    1.22022935    1.29267489    1.19920186    1.38327598    0.96946611    0.97742111    0.91989764    0.82432457    0.93204233    0.96785602    0.96504462    1.10164545    1.06928186    1.13257690    1.26832827    1.41252935    1.45270474    1.21300338    1.27377960    1.29658064    1.32919523    1.37822020    1.21090901    1.09998717    1.31759698    1.30980965    1.51412410    1.02387834    1.15263012    1.23600835    1.19183796    1.27285957    1.28147341    1.04229451    1.06380176    1.06746780    1.22485211    1.27678248    1.39887337    1.56201287    1.30809143    1.27539346    1.30913638    1.30388377    1.20205753    1.36611731    1.32165034    1.30798393    1.37768060    1.32403008    1.19054489    1.42765471    1.30207144    1.47127229    1.70396822    1.47347000    1.48606771    1.37157338
R5WZG2_9BACT/2-263     1.06114221    0.97060900    1.00481368    0.88533151    0.89394272    0.83231396    0.93988440    0.77120476    0.93862198    0.00000000    0.58146184    0.67000082    0.62068810    0.57428791    0.90931109    1.02028916    0.95357862    1.06208758    1.04779922    0.87719872    1.02122273    1.07307238    0.89136189    0.93742436    0.96915941    0.88691798    1.15658458    1.42419759    1.35806983    1.50838132    1.39517340    1.28603693    1.29818208    1.28351104    1.19393050    1.29873031    1.20413511    1.38793456    1.32671085    1.31433093    1.25928616    1.33419124    1.31408742    1.24361249    1.23523556    1.39560948    1.34747623    1.29764842    1.28099476    1.36250529    1.30288037    1.35476420    1.14427589    1.03203630    1.08953230    0.95905505    0.98169659    0.99136287    1.01914577    0.93949185    1.15771486    1.24388405    1.24081317    1.21197290    1.50987569    1.15353761    1.39412022    1.34042323    1.30502332    1.42221566    1.19691956    1.13108985    1.30549329    1.35853843    1.42606526    1.10324042    1.24507088    1.21426501    1.28598927    1.14221470    1.08989579    1.03784620    1.10997471    0.90776155    1.23833483    1.54618410    1.40921363    1.57853593    1.53521049    1.32833212    1.37390361    1.40799979    1.17078345    1.22041060    1.40745348    1.40301518    1.15229795    1.29257002    1.52104024    1.50051746    1.35712563    1.58035439    1.53592762    1.32819417    1.36756339    1.46065254
R5UV93_9BACT/2-264     1.26299392    0.99829684    0.94394423    0.89906912    1.01759691    0.95896805    0.82916304    0.81001704    0.90524763    0.58146184    0.00000000    0.52397522    0.47965059    0.36519341    0.86540890    0.84094282    0.86359674    0.97603355    0.89127462    0.92623068    0.99141677    1.00740792    0.84112257    0.75861800    0.80812933    0.85423079    1.18561285    1.32570031    1.17300982    1.43599232    1.32667329    1.16926387    1.42510063    1.36099127    1.20817141    1.16889056    1.17116722    1.15552988    1.28300786    1.12634215    1.11806324    1.27021838    1.18271920    1.20995398    1.23117972    1.29078664    1.33367059    1.26704106    1.27530578    1.28600019    1.25184400    1.20931434    0.97573489    1.02199027    0.90416065    0.89431715    1.08754688    0.99027631    1.03365256    0.95946033    1.06996532    1.15851513    1.33435543    1.33488433    1.51192049    1.16888485    1.26551937    1.26910783    1.27076785    1.34520283    1.19209314    1.03270851    1.26449681    1.28907430    1.53359704    1.12217620    1.21857007    1.29150307    1.06464854    1.20694838    1.23946699    0.95219526    1.12811920    0.98228412    1.12620403    1.47596530    1.58680768    1.61475535    1.61764170    1.56349197    1.52067313    1.45781329    1.26048944    1.39002062    1.52825787    1.33035906    1.23753614    1.39468129    1.51758446    1.52680308    1.41149753    1.42221303    1.52049814    1.43114657    1.36713057    1.54240851
R5I9H3_9BACT/2-263     1.31164054    0.97466428    0.99925336    0.93607255    0.99175238    0.98994492    0.89031828    0.79518586    0.85709000    0.67000082    0.52397522    0.00000000    0.59946967    0.43027674    0.90318083    0.88605284    0.99489631    0.99634752    1.06097581    1.00514831    0.97554197    1.07309166    0.89535407    0.90741632    0.93888032    0.92237719    1.19025967    1.49944117    1.18951077    1.52979100    1.44086733    1.26299065    1.49110101    1.47429157    1.20695806    1.22665310    1.19863980    1.27311625    1.36379307    1.23638308    1.18892541    1.27101551    1.30443545    1.32509547    1.29775901    1.30187807    1.44731362    1.32357913    1.44081606    1.32103105    1.40240393    1.34277695    1.04037546    1.16493208    1.08551691    0.97939225    1.10870394    0.96475468    1.02284283    0.98852731    1.15944458    1.13488812    1.41816230    1.32299785    1.52665188    1.15483843    1.30324569    1.23527494    1.25584635    1.30874830    1.23585245    1.10874780    1.25067810    1.35408931    1.51207685    1.16819254    1.17425746    1.30304732    1.12201299    1.24270822    1.23790887    0.89379130    1.04352731    1.05208475    1.22672923    1.40356661    1.53909178    1.57009913    1.59993862    1.48087528    1.56758574    1.51637455    1.22043529    1.34896449    1.53625092    1.37624999    1.32016259    1.53720559    1.57096712    1.44652377    1.40143941    1.50964381    1.60684309    1.45532489    1.43995300    1.45531406
R5PEG2_9BACT/2-264     1.23891314    0.96974922    1.06623654    1.02641257    0.98598089    0.96877398    0.92330509    0.79376488    0.92562301    0.62068810    0.47965059    0.59946967    0.00000000    0.31849622    0.81681160    0.92990585    0.89852403    1.01931633    1.06915254    0.95835567    1.05602196    1.05709908    0.82705794    0.83249511    0.84528444    0.84871884    1.27971749    1.42888086    1.35458745    1.52107476    1.51391693    1.29607292    1.46063582    1.52613108    1.30366278    1.29819117    1.33617096    1.34777715    1.43168004    1.30687368    1.27476662    1.34733124    1.24702165    1.27180919    1.31577082    1.39088318    1.43066569    1.36696208    1.40767316    1.36811467    1.33934172    1.46461166    1.08285558    1.06101007    1.01828426    0.90520921    1.13753889    1.06608166    1.07006167    1.00309741    1.12342658    1.13154166    1.32072880    1.25969378    1.46127656    1.18452393    1.28264851    1.33814887    1.28350966    1.29980875    1.29796964    1.07761188    1.25769281    1.36223837    1.60142169    1.23439426    1.19028346    1.21859099    1.18783626    1.27475351    1.28521393    0.93501294    1.10833524    1.08972869    1.31138185    1.46157265    1.41025312    1.57772938    1.62434390    1.46858517    1.45078473    1.46494919    1.21863948    1.38022795    1.56628792    1.41981272    1.30500687    1.41988883    1.56698068    1.54583815    1.47406844    1.45931392    1.58917795    1.49931646    1.42266964    1.55967986
Q8A6H4_BACTN/2-264     1.31300790    1.04833169    0.96732500    0.96132020    1.00240572    1.00778849    0.82418497    0.77737773    0.85957207    0.57428791    0.36519341    0.43027674    0.31849622    0.00000000    0.88160240    0.86496995    0.86408562    0.99797790    1.02352243    0.98922974    0.96582314    1.11103743    0.87795795    0.82312703    0.86824439    0.84511719    1.27814670    1.41924269    1.24598924    1.55561793    1.45931223    1.28619065    1.49762403    1.48732914    1.31311279    1.13433465    1.22394350    1.29121361    1.48761289    1.33022959    1.22693002    1.39013137    1.30904692    1.33483738    1.39134086    1.39303899    1.47026277    1.43781630    1.42649806    1.41222958    1.34228512    1.31270919    1.01591878    1.07134844    0.99970379    0.88525969    1.09809918    0.99880925    1.08017983    0.94250560    1.06884674    1.12720607    1.32751695    1.38729147    1.51646128    1.15698170    1.32151904    1.27673355    1.24735775    1.30500303    1.26954310    1.08701670    1.26932790    1.34087044    1.50406899    1.11451499    1.20151158    1.27165596    1.13893597    1.25353389    1.21395432    0.85620794    1.07924387    1.04107088    1.24735152    1.44127305    1.52285280    1.64979852    1.68350472    1.54241422    1.58546060    1.43824470    1.25091355    1.34319413    1.53657649    1.26833612    1.35634463    1.39046137    1.54508503    1.49916584    1.44288999    1.41011884    1.56915386    1.45052685    1.36745702    1.56063780
L7VSE4_THES1/2-263     1.24562722    0.82289202    0.90767144    0.80344171    0.92870463    0.87721331    0.84248353    0.79951361    0.76169104    0.90931109    0.86540890    0.90318083    0.81681160    0.88160240    0.00000000    0.71705311    0.65307186    0.75474140    0.88498858    0.92220823    0.92723403    0.91986999    0.78318685    0.67703648    0.72201372    0.85658190    0.98074655    1.23934380    1.17129931    1.45017895    1.33417061    1.19214220    1.26884749    1.32998356    1.20076023    1.06234135    1.07746534    1.14450983    1.17731565    1.10937621    1.09341621    0.98874031    0.97395791    1.08035109    1.09153960    1.20182658    1.19961246    1.12939354    1.23439757    1.17975992    1.13340705    1.39391632    0.93581268    0.96712287    0.82898713    0.82696087    0.90034814    0.90493197    0.89612514    0.93813271    0.95208298    1.12282155    1.21501808    1.26741395    1.52034476    1.07314785    1.23616525    1.18240405    1.20880516    1.30259227    1.03987359    1.10164658    1.33837006    1.24292702    1.62324900    1.12175737    1.10608637    1.22320204    1.01087877    1.13199421    1.20679460    1.06966027    1.04398468    1.18970676    1.23705824    1.36975716    1.44114273    1.68189851    1.56389851    1.48788176    1.37720256    1.59542609    1.20362255    1.42548989    1.32350782    1.40351749    1.34782505    1.27259354    1.50681600    1.34436845    1.32668509    1.42258476    1.69997899    1.43354453    1.49319110    1.50637759
E3H8H8_ILYPC/2-263     1.19384884    0.86956586    0.88053023    0.90973038    1.07577853    0.99486481    0.84844457    0.79074265    0.80290960    1.02028916    0.84094282    0.88605284    0.92990585    0.86496995    0.71705311    0.00000000    0.63572952    0.78004695    0.84931029    0.89201656    0.99146974    0.92861977    0.72903003    0.69114377    0.72862880    0.84304882    1.01494115    1.33886014    1.11563601    1.36214683    1.34435041    1.20376550    1.28798328    1.32092909    1.23758292    0.97687537    1.02516815    0.88354041    1.25052855    1.15442050    1.09792333    1.08419643    1.10006605    1.03362384    1.09569084    1.16046232    1.20430088    1.15108762    1.23902620    1.12262979    1.08938478    1.34504529    0.84311240    1.11463363    0.89048427    0.93936610    1.05410216    1.00789099    1.05090485    1.00821480    1.04532551    1.02208224    1.21335599    1.30812630    1.50038273    1.03734892    1.13781324    1.14842563    1.14868437    1.11894668    1.06399858    1.02582689    1.20824381    1.23802710    1.35896094    1.02633343    1.09493770    1.25054767    0.86995993    1.12620169    1.26630405    0.95395160    1.07028998    1.13236368    1.14677702    1.39652626    1.58143713    1.64805765    1.48722837    1.55566541    1.56687920    1.51800751    1.34995880    1.50597853    1.34556898    1.27459929    1.36721130    1.30205862    1.41332927    1.36998662    1.29130635    1.39162020    1.57084862    1.37180546    1.51140580    1.39010412
U5RS99_9CLOT/2-263     1.25169149    0.84889051    0.92685997    0.84887082    0.97497735    0.77744467    0.74116421    0.76404065    0.71191500    0.95357862    0.86359674    0.99489631    0.89852403    0.86408562    0.65307186    0.63572952    0.00000000    0.60605641    0.67024601    0.79210345    0.91246977    0.94069873    0.72308396    0.65966400    0.67253643    0.80666426    1.04801380    1.22152537    1.12030563    1.37935023    1.27779872    1.30741515    1.21589970    1.28747169    1.30683811    1.00416656    1.04888939    0.92660282    1.16818064    1.19797538    1.07219359    1.21301978    1.11663496    1.07840566    1.06926505    1.17075041    1.19543423    1.18560379    1.23478717    1.23932750    1.10089954    1.13606812    0.79660107    1.01457985    0.87649939    0.80663028    0.88840235    0.91848091    0.84463587    0.82489851    0.86027664    1.06521050    1.15411652    1.34205138    1.37505307    1.01339388    1.06246351    1.05291919    1.11365420    1.09960991    1.05165708    0.99748157    1.21229773    1.16187193    1.39655449    0.99606197    1.03773508    1.21272719    0.84837501    1.20398464    1.09010909    0.96665676    1.10447922    1.01462052    1.19570359    1.24672595    1.50025461    1.66961935    1.51532370    1.46896729    1.48144956    1.36591726    1.27564912    1.46416891    1.39903339    1.19451230    1.35829974    1.29166227    1.29409341    1.24267310    1.15030900    1.39183617    1.59660570    1.35726085    1.50049000    1.40113418
Q97G22_CLOAB/2-263     1.23078134    0.91934616    1.00875320    0.88992234    1.06721681    0.97784132    0.81990728    0.81278390    0.92989985    1.06208758    0.97603355    0.99634752    1.01931633    0.99797790    0.75474140    0.78004695    0.60605641    0.00000000    0.88507270    0.88767504    0.94616045    0.91127879    0.74131138    0.75873019    0.66352593    0.81222315    1.00976408    1.19455664    1.15428990    1.52609726    1.35278254    1.31242071    1.18491179    1.32717004    1.34687978    1.10074708    1.12128717    1.03270184    1.28161735    1.26789871    1.20650523    1.20341459    1.13847286    1.24866449    1.14989895    1.19270851    1.28090624    1.22946659    1.42423064    1.23615284    1.16332822    1.31624382    1.02785719    0.98112400    0.93470723    0.83735321    1.08851426    1.04757514    1.05161297    0.86432737    0.89453060    1.20117771    1.35378495    1.38103201    1.57110658    1.23366846    1.18148558    1.22608131    1.17146774    1.22926407    1.11546082    1.09451356    1.41458606    1.36480098    1.56113226    1.17318555    1.09693785    1.36050801    1.05108104    1.33952201    1.20337175    1.03319686    1.10973015    1.04530110    1.22782820    1.46388119    1.55363622    1.66199781    1.61392234    1.53794718    1.50473320    1.54332295    1.21769843    1.51353135    1.33394866    1.23530307    1.39081500    1.39171788    1.36628641    1.30119956    1.33275845    1.49709970    1.68665801    1.62196505    1.47021405    1.53238947
F7YTK0_9THEM/2-265     1.20017428    0.98652943    0.98494722    0.98074755    0.98807025    0.96490804    0.82259693    0.87192172    0.93910090    1.04779922    0.89127462    1.06097581    1.06915254    1.02352243    0.88498858    0.84931029    0.67024601    0.88507270    0.00000000    0.80503973    0.85863707    0.93203755    0.74034249    0.72636104    0.76064271    0.87904247    1.09811589    1.10047517    1.12625771    1.33624852    1.29484159    1.27103814    1.23908745    1.31628334    1.24777573    1.01114193    1.05824651    1.06357501    1.25674290    1.22268684    1.21574425    1.22334584    1.10644999    1.11855408    1.07404284    1.22263790    1.18155253    1.20434583    1.25850895    1.22996562    1.10726004    1.20388592    0.92430430    1.08295112    0.85566903    0.87776102    1.02153436    0.95620645    1.03182920    0.95177563    1.01453451    1.25035812    1.26090163    1.28180663    1.42393834    1.12525631    1.28014504    1.19843291    1.23664272    1.31618078    1.06826471    1.23940037    1.24304231    1.27362979    1.38044063    1.08408564    1.14534741    1.26031519    1.07388911    1.29133673    1.19053416    0.94274413    1.12118642    1.11187415    1.28815744    1.46466512    1.44655144    1.60872433    1.38479562    1.40926614    1.44179483    1.52633095    1.26802882    1.36066932    1.39335320    1.51763420    1.44259556    1.36956948    1.53466114    1.27060989    1.41845388    1.51387833    1.66956373    1.69424855    1.57962109    1.58749971
R6QDX4_9FIRM/2-264     1.07483851    0.94158940    1.01485957    0.84623515    0.90201145    0.81496595    0.83054228    0.81622182    0.90109101    0.87719872    0.92623068    1.00514831    0.95835567    0.98922974    0.92220823    0.89201656    0.79210345    0.88767504    0.80503973    0.00000000    0.71633665    0.87945879    0.75752421    0.73152720    0.77025119    0.70191532    1.04600146    1.16180893    1.29402980    1.49348856    1.39014475    1.26992867    1.20864965    1.39963825    1.29634698    1.28412801    1.18549880    1.25495101    1.28866729    1.36230012    1.16083767    1.30437489    1.14916351    1.15089337    1.09660902    1.19213632    1.19596709    1.15628988    1.24789697    1.27551606    1.17111996    1.38290608    1.03697548    1.14397877    0.90782153    0.86717053    0.93585090    0.81769812    0.86467612    0.98911973    1.04677913    1.25362337    1.26864166    1.29752025    1.42784238    1.13963749    1.36157639    1.28147840    1.32302361    1.43090885    1.11498039    1.18457136    1.35841063    1.36053837    1.45016995    0.97900779    1.27420142    1.25601714    1.24261852    1.14283414    1.10767252    0.85859255    1.07920156    1.06781059    1.10751289    1.41047460    1.40490816    1.56872308    1.34429504    1.33961329    1.41759094    1.33949931    1.27633364    1.41685818    1.36959968    1.47567712    1.23485557    1.17561727    1.37100845    1.38170015    1.22429668    1.39246687    1.59400890    1.47491700    1.36894229    1.43336475
A9KT64_LACP7/2-265     1.14603290    0.97422236    1.02963598    0.96609440    0.91547998    0.92622946    0.85771741    0.83744816    1.02620154    1.02122273    0.99141677    0.97554197    1.05602196    0.96582314    0.92723403    0.99146974    0.91246977    0.94616045    0.85863707    0.71633665    0.00000000    0.87751683    0.69920657    0.67120692    0.87705295    0.77469586    1.13500550    1.28339618    1.32793080    1.45442738    1.42328230    1.44225175    1.30219426    1.42272670    1.34343510    1.08444510    1.17109618    1.18224148    1.20933892    1.26098061    1.23380389    1.17792210    1.17424915    1.12529954    1.11036581    1.22858604    1.07211584    1.22476692    1.31476299    1.28553615    1.17466211    1.31096471    1.07082963    1.14176903    0.96518415    0.98629317    1.09146423    0.94408091    1.07926682    0.92025716    1.02864720    1.37077955    1.38662956    1.37954509    1.60113279    1.24538138    1.53049414    1.32930792    1.42202504    1.42246837    1.21556251    1.30982743    1.38462710    1.58423231    1.61961652    1.25964458    1.30582236    1.32368532    1.18918524    1.12845155    1.31134571    1.04233555    1.06143087    1.20775017    1.16738149    1.54307139    1.40974487    1.46379959    1.32048240    1.47850985    1.37163251    1.53382105    1.31790806    1.44645191    1.48392455    1.25116875    1.34620826    1.23273739    1.38194072    1.43818637    1.22116774    1.54752317    1.64575074    1.48278138    1.53153656    1.53092616
D9R1N9_CLOSW/2-263     1.14231213    0.93301221    1.07751180    0.96626979    0.95098367    0.93804059    0.93383044    0.93615610    1.05931384    1.07307238    1.00740792    1.07309166    1.05709908    1.11103743    0.91986999    0.92861977    0.94069873    0.91127879    0.93203755    0.87945879    0.87751683    0.00000000    0.70036860    0.64700245    0.73496216    0.79272288    1.16905056    1.31710388    1.24690898    1.49816250    1.46761419    1.39368926    1.31823862    1.37427367    1.28021741    1.29825836    1.16846616    1.29432024    1.30827593    1.34320519    1.24254159    1.22964693    1.19582166    1.25806097    1.15839876    1.23233747    1.20800533    1.24092100    1.37648492    1.39845907    1.27473386    1.53481106    1.16015022    1.28199218    1.02730001    1.06528772    1.16481833    1.06745500    1.08585586    0.97978978    1.02199814    1.36677237    1.40272229    1.35034593    1.48184178    1.21832700    1.37720706    1.31112206    1.38993916    1.39770369    1.28819694    1.29814999    1.52675501    1.53381437    1.60535745    1.36067756    1.32576682    1.34314112    1.21240344    1.23808118    1.27694996    0.97884302    1.22188482    1.26303750    1.08392026    1.54579823    1.50492390    1.56490270    1.34377192    1.49570431    1.36433037    1.55002572    1.45925993    1.51653260    1.55855518    1.43343213    1.20120239    1.33751195    1.39949227    1.54454560    1.36804194    1.51540712    1.62127972    1.58689858    1.70928681    1.55289983
R6PS35_9CLOT/2-264     1.10392825    0.79583796    0.89376157    0.85325808    0.88955439    0.88927796    0.67008028    0.70599383    0.88717949    0.89136189    0.84112257    0.89535407    0.82705794    0.87795795    0.78318685    0.72903003    0.72308396    0.74131138    0.74034249    0.75752421    0.69920657    0.70036860    0.00000000    0.35941239    0.54678746    0.60407967    1.11689508    1.14921469    1.12152129    1.22039209    1.11183806    1.21280736    1.11251139    1.24666384    1.20831399    1.03100312    1.03750770    0.97075745    1.08218455    1.14157993    1.04966171    1.15645529    1.03219915    1.04811128    0.94423157    1.12442994    1.12057760    1.10232871    1.15161805    1.16385293    0.97723276    1.16737768    0.97399583    0.91849815    0.81903430    0.79539093    0.97682362    0.93209762    1.02873107    0.89573705    0.83341275    1.19128314    1.26839711    1.36980913    1.41634044    1.09591226    1.20377396    1.21693341    1.28586724    1.25507818    1.11174916    1.18348199    1.32213078    1.35682454    1.47022004    1.17149340    1.13740202    1.24386982    0.96929327    1.05367273    1.11095303    0.86066951    1.05724797    1.04934059    1.15063508    1.36249239    1.55041279    1.60051207    1.40737561    1.49965766    1.38463149    1.60347605    1.33745675    1.38899479    1.37328284    1.42596553    1.21000145    1.33305471    1.40001837    1.37920379    1.33017964    1.52910505    1.51647622    1.44695343    1.49493060    1.47448535
R5R5B8_9FIRM/2-264     1.17109843    0.83380586    0.90812419    0.92066728    0.89215844    0.83584043    0.59830097    0.64655242    0.83304258    0.93742436    0.75861800    0.90741632    0.83249511    0.82312703    0.67703648    0.69114377    0.65966400    0.75873019    0.72636104    0.73152720    0.67120692    0.64700245    0.35941239    0.00000000    0.46812048    0.61738873    1.13754965    1.21248372    1.10525593    1.18458850    1.18460742    1.22806756    1.13973842    1.22883170    1.16951063    0.98751829    1.09913524    1.00556142    1.08568464    1.14209389    1.11817263    1.16648886    1.00700650    1.00789828    0.98180481    1.08966714    1.00491223    1.01107269    1.14195284    1.15778739    1.02525790    1.12197001    0.91008748    1.00134274    0.72574164    0.84300272    1.04094801    1.00846245    1.06687327    0.92889146    0.89073231    1.21636903    1.37485123    1.34751010    1.45166873    1.13853579    1.26340312    1.28441973    1.31003255    1.21879992    1.14385262    1.15776447    1.22819789    1.34797602    1.42153671    1.15428644    1.20332985    1.33506132    0.96593403    1.12146032    1.08541526    0.79064732    1.00339971    1.10858789    1.12383390    1.36577675    1.58455607    1.63090937    1.34110421    1.43880949    1.34410333    1.40545355    1.31338378    1.47192492    1.34906906    1.32344271    1.29987606    1.25171995    1.41388780    1.34936292    1.23287767    1.46434124    1.55230342    1.49704921    1.53011604    1.40792225
H6LIA5_ACEWD/2-263     1.16553772    0.80659966    0.89928740    0.82002497    0.91770565    0.87424578    0.69239853    0.72406838    0.90835366    0.96915941    0.80812933    0.93888032    0.84528444    0.86824439    0.72201372    0.72862880    0.67253643    0.66352593    0.76064271    0.77025119    0.87705295    0.73496216    0.54678746    0.46812048    0.00000000    0.55512090    1.10816943    1.00561045    1.05268060    1.16900388    1.07167162    1.12164386    1.15411037    1.19381482    1.10591528    0.96253108    1.07133883    1.01139070    1.17936570    1.12728270    1.05529615    1.16367849    1.04606525    1.10285310    0.99997735    1.17712858    1.10999271    1.13413821    1.27334545    1.20134317    1.06002208    1.20222354    0.93518408    0.89150868    0.84423382    0.88769587    0.88077940    0.86919143    0.88928764    0.86106019    0.86911142    1.12581802    1.29384913    1.37481786    1.42390956    1.13013997    1.18629560    1.26209115    1.25938473    1.23916300    1.14371298    1.12756796    1.32810415    1.34915320    1.40992469    1.15092936    1.04834148    1.28150288    0.95922899    1.15322367    1.07320814    0.85065540    0.99122532    1.03732657    1.19043290    1.38868337    1.51998712    1.76074998    1.42823293    1.55187602    1.44398334    1.39068016    1.24856541    1.49506959    1.34883865    1.36046926    1.23461782    1.29011972    1.59792310    1.28838263    1.28653147    1.40299519    1.64182783    1.54004649    1.55864450    1.54053668
R7QWA9_9FIRM/2-264     1.09028821    0.77114331    0.88787885    0.81960731    0.84314503    0.82882297    0.81480722    0.70166120    0.89423668    0.88691798    0.85423079    0.92237719    0.84871884    0.84511719    0.85658190    0.84304882    0.80666426    0.81222315    0.87904247    0.70191532    0.77469586    0.79272288    0.60407967    0.61738873    0.55512090    0.00000000    1.10436536    1.08584124    1.14759390    1.34982014    1.25199148    1.18890589    1.18336220    1.24285658    1.20378279    1.12964457    1.04036151    1.05689588    1.07055281    1.19298823    1.09312558    1.12627559    1.08414362    1.13133453    1.01211862    1.10839039    1.23594157    1.10682766    1.19392213    1.19798878    1.10699240    1.23963733    1.13167722    0.94013780    0.89368084    0.91233477    0.99567364    0.85215213    0.92025645    0.88446131    0.92576870    1.17537155    1.27283946    1.33996962    1.34103733    1.12421064    1.27822751    1.26671003    1.27131864    1.17492754    1.24095669    1.14824225    1.12822350    1.25719879    1.34143982    1.14010418    1.13566932    1.12559522    1.15081776    1.17576187    1.12488094    0.88696670    0.95803853    1.01535530    1.12288920    1.46704801    1.34124566    1.49133048    1.29301875    1.33500197    1.31517775    1.38845046    1.21054757    1.47673067    1.36775583    1.36966465    1.21657440    1.18533131    1.39023304    1.26075765    1.28068397    1.60137641    1.58952337    1.41039953    1.50103787    1.58108640
