24
G3TD43_LOXAF/24-289     0.00000000    0.47310619    0.28600345    0.27273174    0.26784928    0.30431261    0.71429725    0.68142221    0.58180244    0.61080742    0.70916785    0.81794476    0.70851139    0.75092674    0.83588578    0.67985001    0.67273672    0.58657352    0.50787546    0.68641449    0.56319452    0.21514702    0.30745017    0.25540648
M3Y173_MUSPF/24-289     0.47310619    0.00000000    0.44475680    0.45787840    0.48162507    0.53336406    0.99440067    0.83464019    0.85355883    0.87037654    1.01067677    1.02249390    0.97247142    0.99696508    1.11452354    0.85027959    0.84982728    0.80540680    0.69954595    0.93871769    0.81202998    0.40334754    0.53444158    0.45284960
Q3SYU0_BOVIN/24-290     0.28600345    0.44475680    0.00000000    0.22910347    0.25164977    0.30222050    0.69894203    0.59191228    0.51993757    0.53969502    0.70282167    0.81244513    0.73421669    0.73775883    0.77344123    0.63730028    0.63720766    0.54152264    0.48798839    0.65607855    0.52061529    0.23346728    0.30538476    0.24179360
G1PRG9_MYOLU/25-290     0.27273174    0.45787840    0.22910347    0.00000000    0.30405192    0.34979888    0.65185023    0.60513008    0.59193386    0.59405067    0.72637695    0.83686319    0.69685642    0.74125139    0.83819128    0.70505060    0.70468112    0.53331802    0.48066117    0.63403841    0.53907347    0.25488386    0.32806006    0.28660505
G5CB30_HETGA/24-289     0.26784928    0.48162507    0.25164977    0.30405192    0.00000000    0.26753035    0.69616461    0.62091941    0.60862773    0.61276442    0.73317066    0.83227703    0.73149554    0.76741235    0.71205721    0.62087675    0.60731799    0.53666260    0.46446096    0.63744920    0.50954902    0.19018793    0.28622920    0.21181888
Q6VPP3_RAT/25-290     0.30431261    0.53336406    0.30222050    0.34979888    0.26753035    0.00000000    0.70012550    0.67648067    0.62305765    0.63975221    0.73282621    0.76035196    0.74607720    0.74869996    0.83607096    0.67631814    0.67089346    0.64331630    0.50452979    0.67750878    0.57937244    0.25326414    0.34098280    0.30510186
F6Q0S4_ORNAN/24-289     0.71429725    0.99440067    0.69894203    0.65185023    0.69616461    0.70012550    0.00000000    0.60460376    0.58627099    0.56993280    0.80953287    0.80307534    0.73865969    0.71142402    0.80656729    0.75905040    0.75865017    0.64241530    0.59563750    0.67391774    0.59535361    0.62848158    0.73886822    0.65509171
F6ZA12_MONDO/24-289     0.68142221    0.83464019    0.59191228    0.60513008    0.62091941    0.67648067    0.60460376    0.00000000    0.35418129    0.31389361    0.60217366    0.64611161    0.61554053    0.65473291    0.71780979    0.67734619    0.67698583    0.67675474    0.58442368    0.71659294    0.61160451    0.59136869    0.62376835    0.57828145
G1SJX9_RABIT/24-290     0.58180244    0.85355883    0.51993757    0.59193386    0.60862773    0.62305765    0.58627099    0.35418129    0.00000000    0.20818629    0.52051116    0.69688404    0.61063155    0.58075268    0.73255105    0.74329975    0.74405580    0.64924561    0.57784272    0.70166968    0.60687124    0.53395128    0.60836960    0.57146822
F1N4Y8_BOVIN/24-290     0.61080742    0.87037654    0.53969502    0.59405067    0.61276442    0.63975221    0.56993280    0.31389361    0.20818629    0.00000000    0.56351598    0.67054804    0.62363966    0.53019933    0.74049897    0.76770776    0.76730588    0.67242782    0.57961516    0.67505362    0.60956198    0.54713536    0.62836273    0.57071259
F1P490_CHICK/31-295     0.70916785    1.01067677    0.70282167    0.72637695    0.73317066    0.73282621    0.80953287    0.60217366    0.52051116    0.56351598    0.00000000    0.61207716    0.54447964    0.61838341    0.74464696    0.88321617    0.87617619    0.80682768    0.80401777    0.91005917    0.77897531    0.67848500    0.76509150    0.72421908
G1KPH6_ANOCA/33-296     0.81794476    1.02249390    0.81244513    0.83686319    0.83227703    0.76035196    0.80307534    0.64611161    0.69688404    0.67054804    0.61207716    0.00000000    0.41606786    0.69764813    0.88100261    0.92935723    0.92250183    0.93717911    0.83742213    0.94556247    0.83183470    0.74966422    0.89981281    0.83044663
G1KAR6_ANOCA/26-289     0.70851139    0.97247142    0.73421669    0.69685642    0.73149554    0.74607720    0.73865969    0.61554053    0.61063155    0.62363966    0.54447964    0.41606786    0.00000000    0.62544789    0.70041707    0.84133587    0.84969637    0.84092282    0.76523843    0.85467930    0.75518051    0.69346292    0.77342765    0.71182671
L7N2G6_XENTR/24-284     0.75092674    0.99696508    0.73775883    0.74125139    0.76741235    0.74869996    0.71142402    0.65473291    0.58075268    0.53019933    0.61838341    0.69764813    0.62544789    0.00000000    0.72445352    0.90466479    0.89781083    0.76585571    0.73352007    0.88035499    0.77379822    0.71400639    0.75234719    0.72984250
W5MD48_LEPOC/22-284     0.83588578    1.11452354    0.77344123    0.83819128    0.71205721    0.83607096    0.80656729    0.71780979    0.73255105    0.74049897    0.74464696    0.88100261    0.70041707    0.72445352    0.00000000    0.91348254    0.92191601    0.86435499    0.84456241    0.93205370    0.80045179    0.76173416    0.81063810    0.75634215
F7D697_MONDO/24-288     0.67985001    0.85027959    0.63730028    0.70505060    0.62087675    0.67631814    0.75905040    0.67734619    0.74329975    0.76770776    0.88321617    0.92935723    0.84133587    0.90466479    0.91348254    0.00000000    0.00752628    0.63942660    0.52556333    0.68001896    0.53668810    0.57884986    0.66801631    0.56641126
A0A5F8HI45_MONDO/24-288     0.67273672    0.84982728    0.63720766    0.70468112    0.60731799    0.67089346    0.75865017    0.67698583    0.74405580    0.76730588    0.87617619    0.92250183    0.84969637    0.89781083    0.92191601    0.00752628    0.00000000    0.64010378    0.52528057    0.68033425    0.53639533    0.57295596    0.66559398    0.55983286
CLCA1_MOUSE/25-290     0.58657352    0.80540680    0.54152264    0.53331802    0.53666260    0.64331630    0.64241530    0.67675474    0.64924561    0.67242782    0.80682768    0.93717911    0.84092282    0.76585571    0.86435499    0.63942660    0.64010378    0.00000000    0.24776272    0.41886577    0.34432911    0.52131786    0.57639486    0.51219297
L5K694_PTEAL/125-389     0.50787546    0.69954595    0.48798839    0.48066117    0.46446096    0.50452979    0.59563750    0.58442368    0.57784272    0.57961516    0.80401777    0.83742213    0.76523843    0.73352007    0.84456241    0.52556333    0.52528057    0.24776272    0.00000000    0.32382486    0.25171728    0.42188524    0.49762740    0.41392641
M3Y1E3_MUSPF/25-288     0.68641449    0.93871769    0.65607855    0.63403841    0.63744920    0.67750878    0.67391774    0.71659294    0.70166968    0.67505362    0.91005917    0.94556247    0.85467930    0.88035499    0.93205370    0.68001896    0.68033425    0.41886577    0.32382486    0.00000000    0.36412066    0.60920801    0.65643473    0.58923644
G5CB31_HETGA/25-294     0.56319452    0.81202998    0.52061529    0.53907347    0.50954902    0.57937244    0.59535361    0.61160451    0.60687124    0.60956198    0.77897531    0.83183470    0.75518051    0.77379822    0.80045179    0.53668810    0.53639533    0.34432911    0.25171728    0.36412066    0.00000000    0.51667098    0.55871359    0.46941258
H0XAM7_OTOGA/24-289     0.21514702    0.40334754    0.23346728    0.25488386    0.19018793    0.25326414    0.62848158    0.59136869    0.53395128    0.54713536    0.67848500    0.74966422    0.69346292    0.71400639    0.76173416    0.57884986    0.57295596    0.52131786    0.42188524    0.60920801    0.51667098    0.00000000    0.26282965    0.13551418
I3ND59_ICTTR/24-289     0.30745017    0.53444158    0.30538476    0.32806006    0.28622920    0.34098280    0.73886822    0.62376835    0.60836960    0.62836273    0.76509150    0.89981281    0.77342765    0.75234719    0.81063810    0.66801631    0.66559398    0.57639486    0.49762740    0.65643473    0.55871359    0.26282965    0.00000000    0.22968568
CLCA4_HUMAN/24-289     0.25540648    0.45284960    0.24179360    0.28660505    0.21181888    0.30510186    0.65509171    0.57828145    0.57146822    0.57071259    0.72421908    0.83044663    0.71182671    0.72984250    0.75634215    0.56641126    0.55983286    0.51219297    0.41392641    0.58923644    0.46941258    0.13551418    0.22968568    0.00000000

