33
A6VR52_ACTSZ/171-201     0.00000000    1.13574458    0.82540796    1.10418530    1.11356911    1.26364955    2.30895106    1.95337870    1.71164617    2.76432401    2.27462885    1.58949203    1.69589805    1.83521673    1.98120542    2.18131939    0.91150680    1.53830364    1.88099637    1.67189404    1.20046458    1.78289272    1.23584533    1.63048257    1.34453078    1.71741852    1.64890374    1.89320145    1.92724721    1.78184328    1.25785388    1.84386423    1.61328869
B0UWM7_HISS2/117-148     1.13574458    0.00000000    0.75510691    1.09934488    2.01448363    1.51170902    1.75133337    1.79772822    1.65044151    2.26126501    2.18096793    2.35626608    2.57080379    2.66950292    2.62127722    2.12511527    2.22090726    2.21583004    2.67222747    2.31464336    1.41993647    1.97094513    1.66027396    1.90728558    1.68336542    2.37327604    1.73955967    1.34700783    1.99589090    2.18945966    2.19142901    2.18711727    2.10742059
OAPA_HAEIN/129-160     0.82540796    0.75510691    0.00000000    0.37389570    1.55045686    1.22885668    1.47242446    1.38304637    1.43967192    1.71303597    1.89588227    1.64757847    2.24123505    2.17294621    2.42622175    1.88066086    1.46134391    1.51402616    1.96863843    2.15718670    1.38329337    1.38779216    1.19685413    1.71619489    1.75571474    1.90422328    1.92877505    1.06619882    1.73152450    2.12216139    1.66014083    1.76518970    1.98002122
Q9CPE6_PASMU/115-146     1.10418530    1.09934488    0.37389570    0.00000000    1.63072657    1.39809836    1.57345131    1.52948657    1.28317122    1.86630752    1.76842155    1.87416437    2.47771851    2.24313960    2.53901262    2.19825398    1.67722437    1.50066924    2.15029271    2.19734220    1.43409606    1.17550866    1.56007751    1.98339057    1.93945271    1.47741645    2.11336689    1.34311738    1.76970852    2.00472421    1.97817287    1.58243897    1.84174999
A0KMW7_AERHH/6-33     1.11356911    2.01448363    1.55045686    1.63072657    0.00000000    1.43449749    2.24587579    1.40346107    1.89889418    1.81905298    1.74535497    2.36207968    1.56987559    0.91946843    1.27818691    1.56916928    1.50973882    1.63940447    2.10139082    2.05863981    1.74509527    1.98374980    2.10246516    1.44713811    1.79675494    1.71698225    1.76778041    1.95469919    2.23477988    1.76405097    1.56239449    1.51674935    1.89867879
Q5QVP4_IDILO/32-59     1.26364955    1.51170902    1.22885668    1.39809836    1.43449749    0.00000000    1.91804432    1.08994357    1.28008329    1.42772499    1.33056329    1.70063245    1.26374983    1.52606366    1.65758266    2.04243434    1.00845658    1.32004121    1.35305567    1.68674190    1.92268028    1.62025129    1.56755553    1.75442927    1.46731707    2.02007751    2.24583525    2.52750648    2.12066073    2.17122987    2.66598708    2.14217095    2.46463817
A1S3V0_SHEAM/7-34     2.30895106    1.75133337    1.47242446    1.57345131    2.24587579    1.91804432    0.00000000    0.39839366    0.71361549    0.57003522    0.72705837    1.63470879    1.63243109    1.77309457    1.58895568    1.38695848    1.69469418    1.61458788    1.60918896    2.17494685    2.12912358    1.86775656    2.45768491    2.01066308    2.97679651    1.50194119    2.30779974    2.02841327    2.44879730    2.63628447    1.68623938    2.16718649    2.59165402
Q8EHB4_SHEON/7-34     1.95337870    1.79772822    1.38304637    1.52948657    1.40346107    1.08994357    0.39839366    0.00000000    0.62535053    0.58868052    0.59538822    1.62360882    1.16071974    1.31995698    1.40061615    1.43321675    1.23272889    1.20835156    1.26281916    1.59927132    1.97197478    1.81981637    2.27245041    1.37945106    2.27972106    1.33176476    1.96395701    2.29895154    2.51506921    2.22518467    1.66798129    2.23297452    2.16428647
D4ZGS7_SHEVD/17-44     1.71164617    1.65044151    1.43967192    1.28317122    1.89889418    1.28008329    0.71361549    0.62535053    0.00000000    0.66918177    0.55886347    1.54241960    1.17909503    1.53910963    1.12947358    1.47034039    1.27228987    1.81870628    2.18253130    1.97219038    1.34019765    1.50225704    1.47769852    1.62989753    1.85288862    1.01327875    2.09164507    1.85214165    1.79634629    2.04176014    1.96057099    2.20027879    2.00208381
Q07YV3_SHEFN/7-34     2.76432401    2.26126501    1.71303597    1.86630752    1.81905298    1.42772499    0.57003522    0.58868052    0.66918177    0.00000000    0.52739161    1.58192708    1.33805909    1.52608334    1.51555970    1.67509755    1.39934713    1.59805884    1.74982982    2.31791512    2.22723051    1.75083757    1.90009182    2.40125976    2.58137494    1.45326492    2.44357965    2.47647340    2.11620277    2.08004174    2.17955671    2.27133396    2.72148072
Q12KD6_SHEDO/7-34     2.27462885    2.18096793    1.89588227    1.76842155    1.74535497    1.33056329    0.72705837    0.59538822    0.55886347    0.52739161    0.00000000    1.69168327    1.15586124    1.44223673    1.36227450    1.00215723    1.42859301    1.76096958    1.90365650    1.91175517    1.72654131    1.36198990    1.92573298    1.65370506    1.70619485    1.13896923    1.95851967    1.89579231    1.90484682    1.73161546    1.92883259    2.17463832    2.56187338
G4QJW3_GLANF/6-32     1.58949203    2.35626608    1.64757847    1.87416437    2.36207968    1.70063245    1.63470879    1.62360882    1.54241960    1.58192708    1.69168327    0.00000000    1.61445772    1.62079406    1.44958883    1.64937646    1.41964697    1.85820257    2.26621242    2.41093968    2.01397662    1.87000734    1.49209650    2.02746356    2.27004740    1.92937512    1.74057385    2.27899343    2.23799259    1.71398502    1.60799123    2.33029856    2.00015695
Q7N543_PHOLL/11-38     1.69589805    2.57080379    2.24123505    2.47771851    1.56987559    1.26374983    1.63243109    1.16071974    1.17909503    1.33805909    1.15586124    1.61445772    0.00000000    0.59842450    0.48534917    1.26142169    1.49248101    1.89482179    1.68140031    2.00362971    2.20727649    2.40480568    2.19328898    2.12874564    1.87559562    1.85006120    3.20617840    3.22260072    3.01039147    2.50760722    2.39372988    2.45868410    2.34690604
I2BA52_SHIBC/11-39     1.83521673    2.66950292    2.17294621    2.24313960    0.91946843    1.52606366    1.77309457    1.31995698    1.53910963    1.52608334    1.44223673    1.62079406    0.59842450    0.00000000    0.29510826    1.17768644    1.75815613    1.51881354    1.77325636    2.19175574    2.43321532    2.45708706    2.52062160    2.06823441    2.49448074    2.35620216    3.22944700    3.09930828    2.75327123    2.18390116    2.14816882    2.45087187    2.40724046
D3VEW3_XENNA/11-38     1.98120542    2.62127722    2.42622175    2.53901262    1.27818691    1.65758266    1.58895568    1.40061615    1.12947358    1.51555970    1.36227450    1.44958883    0.48534917    0.29510826    0.00000000    1.01279869    1.92439913    1.81582754    1.88126008    2.13956595    2.16689812    2.25662332    2.05999383    1.88451549    2.07440506    1.97612307    3.18676853    3.08069557    2.78685174    2.34796130    2.62182011    2.74963896    2.71140046
Q5E6M0_ALIF1/10-38     2.18131939    2.12511527    1.88066086    2.19825398    1.56916928    2.04243434    1.38695848    1.43321675    1.47034039    1.67509755    1.00215723    1.64937646    1.26142169    1.17768644    1.01279869    0.00000000    1.92365999    2.11911116    2.74502433    3.50241471    1.70617436    2.26363250    2.48417948    1.78254498    2.60617116    2.33719413    2.14370391    2.22675852    2.65144322    2.21714086    1.83617366    2.17763583    2.58124557
Q6LUS0_PHOPR/6-32     0.91150680    2.22090726    1.46134391    1.67722437    1.50973882    1.00845658    1.69469418    1.23272889    1.27228987    1.39934713    1.42859301    1.41964697    1.49248101    1.75815613    1.92439913    1.92365999    0.00000000    1.09171116    1.25984631    1.19956456    1.71260028    1.68724677    1.43286715    1.30956516    1.66497472    1.48369670    1.78874907    1.90230255    2.66549922    2.00096485    1.68421113    2.09596324    1.96379152
Q9KU93_VIBCH/4-32     1.53830364    2.21583004    1.51402616    1.50066924    1.63940447    1.32004121    1.61458788    1.20835156    1.81870628    1.59805884    1.76096958    1.85820257    1.89482179    1.51881354    1.81582754    2.11911116    1.09171116    0.00000000    0.58989030    0.64744009    2.02045781    2.25752131    2.25038476    1.65367868    2.15906689    2.13119876    1.85058213    1.52980991    1.85444702    1.94147144    1.96020979    2.17193437    1.96119710
Q87LY7_VIBPA/4-32     1.88099637    2.67222747    1.96863843    2.15029271    2.10139082    1.35305567    1.60918896    1.26281916    2.18253130    1.74982982    1.90365650    2.26621242    1.68140031    1.77325636    1.88126008    2.74502433    1.25984631    0.58989030    0.00000000    0.44096852    2.19957365    2.42301384    2.74027192    1.74082361    2.25149074    2.32211296    2.40448332    2.33577720    2.21469806    2.48601536    1.85192712    2.37426553    1.90981302
B7VJJ1_VIBA3/4-32     1.67189404    2.31464336    2.15718670    2.19734220    2.05863981    1.68674190    2.17494685    1.59927132    1.97219038    2.31791512    1.91175517    2.41093968    2.00362971    2.19175574    2.13956595    3.50241471    1.19956456    0.64744009    0.44096852    0.00000000    1.74478426    2.43264653    2.29477917    1.66098531    1.98392972    1.69694190    1.94997850    1.99004596    2.12065952    2.02051104    1.95732228    2.34765750    1.65278058
Q6LM63_PHOPR/46-73     1.20046458    1.41993647    1.38329337    1.43409606    1.74509527    1.92268028    2.12912358    1.97197478    1.34019765    2.22723051    1.72654131    2.01397662    2.20727649    2.43321532    2.16689812    1.70617436    1.71260028    2.02045781    2.19957365    1.74478426    0.00000000    0.95516863    0.96184520    1.25593505    0.85308744    0.83463730    1.79990139    1.93900046    1.82692705    1.94069514    1.51105675    1.52312649    1.30769228
Q87SY6_VIBPA/45-72     1.78289272    1.97094513    1.38779216    1.17550866    1.98374980    1.62025129    1.86775656    1.81981637    1.50225704    1.75083757    1.36198990    1.87000734    2.40480568    2.45708706    2.25662332    2.26363250    1.68724677    2.25752131    2.42301384    2.43264653    0.95516863    0.00000000    0.83678072    0.81161900    0.65900503    0.84832411    2.00742645    2.18168920    1.84999626    2.02493504    1.89411783    1.15858529    1.68618955
A0A233HJH2_9VIBR/51-78     1.23584533    1.66027396    1.19685413    1.56007751    2.10246516    1.56755553    2.45768491    2.27245041    1.47769852    1.90009182    1.92573298    1.49209650    2.19328898    2.52062160    2.05999383    2.48417948    1.43286715    2.25038476    2.74027192    2.29477917    0.96184520    0.83678072    0.00000000    1.03739541    0.99518527    0.99995926    2.30810271    2.04385289    1.97743710    2.07352182    1.73282755    2.19794626    1.91749274
B7VKZ5_VIBA3/77-104     1.63048257    1.90728558    1.71619489    1.98339057    1.44713811    1.75442927    2.01066308    1.37945106    1.62989753    2.40125976    1.65370506    2.02746356    2.12874564    2.06823441    1.88451549    1.78254498    1.30956516    1.65367868    1.74082361    1.66098531    1.25593505    0.81161900    1.03739541    0.00000000    1.16970028    1.34568670    2.29853374    2.56914184    2.51184281    2.09247282    1.70597030    2.04180560    1.80517564
Q9KP12_VIBCH/38-65     1.34453078    1.68336542    1.75571474    1.93945271    1.79675494    1.46731707    2.97679651    2.27972106    1.85288862    2.58137494    1.70619485    2.27004740    1.87559562    2.49448074    2.07440506    2.60617116    1.66497472    2.15906689    2.25149074    1.98392972    0.85308744    0.65900503    0.99518527    1.16970028    0.00000000    1.05577952    1.76373620    1.79134159    1.91577662    1.98756986    1.88731828    1.85174200    1.89709807
Q5E836_ALIF1/35-62     1.71741852    2.37327604    1.90422328    1.47741645    1.71698225    2.02007751    1.50194119    1.33176476    1.01327875    1.45326492    1.13896923    1.92937512    1.85006120    2.35620216    1.97612307    2.33719413    1.48369670    2.13119876    2.32211296    1.69694190    0.83463730    0.84832411    0.99995926    1.34568670    1.05577952    0.00000000    1.68045360    2.12752809    2.42413880    2.22739646    1.96082915    1.77179116    1.74378281
YTFB_ECOLI/23-50     1.64890374    1.73955967    1.92877505    2.11336689    1.76778041    2.24583525    2.30779974    1.96395701    2.09164507    2.44357965    1.95851967    1.74057385    3.20617840    3.22944700    3.18676853    2.14370391    1.78874907    1.85058213    2.40448332    1.94997850    1.79990139    2.00742645    2.30810271    2.29853374    1.76373620    1.68045360    0.00000000    0.60729606    0.85686477    0.84845742    1.04585182    1.33496158    0.92692761
A6THB6_KLEP7/23-50     1.89320145    1.34700783    1.06619882    1.34311738    1.95469919    2.52750648    2.02841327    2.29895154    1.85214165    2.47647340    1.89579231    2.27899343    3.22260072    3.09930828    3.08069557    2.22675852    1.90230255    1.52980991    2.33577720    1.99004596    1.93900046    2.18168920    2.04385289    2.56914184    1.79134159    2.12752809    0.60729606    0.00000000    0.51002705    1.25517221    1.27330562    1.62094821    1.45463340
I2BDK7_SHIBC/56-82     1.92724721    1.99589090    1.73152450    1.76970852    2.23477988    2.12066073    2.44879730    2.51506921    1.79634629    2.11620277    1.90484682    2.23799259    3.01039147    2.75327123    2.78685174    2.65144322    2.66549922    1.85444702    2.21469806    2.12065952    1.82692705    1.84999626    1.97743710    2.51184281    1.91577662    2.42413880    0.85686477    0.51002705    0.00000000    0.71079824    1.11964461    1.13242711    1.01831702
H2IST7_RAHAC/75-102     1.78184328    2.18945966    2.12216139    2.00472421    1.76405097    2.17122987    2.63628447    2.22518467    2.04176014    2.08004174    1.73161546    1.71398502    2.50760722    2.18390116    2.34796130    2.21714086    2.00096485    1.94147144    2.48601536    2.02051104    1.94069514    2.02493504    2.07352182    2.09247282    1.98756986    2.22739646    0.84845742    1.25517221    0.71079824    0.00000000    0.73704495    0.91974340    0.77053697
W0I146_9GAMM/211-238     1.25785388    2.19142901    1.66014083    1.97817287    1.56239449    2.66598708    1.68623938    1.66798129    1.96057099    2.17955671    1.92883259    1.60799123    2.39372988    2.14816882    2.62182011    1.83617366    1.68421113    1.96020979    1.85192712    1.95732228    1.51105675    1.89411783    1.73282755    1.70597030    1.88731828    1.96082915    1.04585182    1.27330562    1.11964461    0.73704495    0.00000000    0.93780875    0.66938902
E0SED4_DICD3/78-105     1.84386423    2.18711727    1.76518970    1.58243897    1.51674935    2.14217095    2.16718649    2.23297452    2.20027879    2.27133396    2.17463832    2.33029856    2.45868410    2.45087187    2.74963896    2.17763583    2.09596324    2.17193437    2.37426553    2.34765750    1.52312649    1.15858529    2.19794626    2.04180560    1.85174200    1.77179116    1.33496158    1.62094821    1.13242711    0.91974340    0.93780875    0.00000000    0.52599906
Q6D140_PECAS/73-100     1.61328869    2.10742059    1.98002122    1.84174999    1.89867879    2.46463817    2.59165402    2.16428647    2.00208381    2.72148072    2.56187338    2.00015695    2.34690604    2.40724046    2.71140046    2.58124557    1.96379152    1.96119710    1.90981302    1.65278058    1.30769228    1.68618955    1.91749274    1.80517564    1.89709807    1.74378281    0.92692761    1.45463340    1.01831702    0.77053697    0.66938902    0.52599906    0.00000000

