8
D3FTR5_ALKPO/2-53     0.00000000    0.43254656    0.43145298    0.67551885    0.65649718    1.74513535    2.00971288    0.65413934
G2TL38_BACCO/2-49     0.43254656    0.00000000    0.24282890    0.59696770    0.63065826    1.70832899    1.72373671    0.43363549
SSPO_GEOKA/2-49     0.43145298    0.24282890    0.00000000    0.37066408    0.39292646    1.50821390    1.53228285    0.38353270
SSPO_BACP2/2-48     0.67551885    0.59696770    0.37066408    0.00000000    0.23276718    1.39010375    1.44315485    0.55819071
SSPO_BACLD/2-48     0.65649718    0.63065826    0.39292646    0.23276718    0.00000000    1.51133054    1.56453891    0.63498326
BLI1_CAEEL/781-830     1.74513535    1.70832899    1.50821390    1.39010375    1.51133054    0.00000000    0.27014917    1.22095666
E3LFK7_CAERE/772-820     2.00971288    1.72373671    1.53228285    1.44315485    1.56453891    0.27014917    0.00000000    1.64717656
SSPO_BACHD/2-53     0.65413934    0.43363549    0.38353270    0.55819071    0.63498326    1.22095666    1.64717656    0.00000000

