110
I0A1D8_FERFK/147-258     0.00000000    1.41337909    1.29719299    2.12923256    1.85758051    1.35740416    1.44271990    1.19519779    1.38204195    1.13270405    1.27465568    1.32043302    1.25841781    1.40711639    1.24801174    1.39667493    1.41164571    1.36990754    1.40855694    1.19490314    1.67367003    1.47311715    1.51194019    1.51502836    1.55833683    1.59475148    1.57787041    1.68693475    1.49956536    1.58242893    1.36576566    1.64914458    1.60304166    1.76781532    1.75140087    1.93441614    1.69312218    1.92649463    1.95546067    1.85512555    1.95231581    1.91537290    1.88826910    1.80441792    1.99859663    1.75663197    1.82866173    2.02011805    1.91790899    1.70227275    1.81512234    1.85119286    1.90897849    1.68795618    1.73741973    1.51978291    1.44996197    1.56553524    1.57988828    1.59431795    1.65829185    1.61254080    1.54725705    1.64472792    1.67374720    1.83329748    2.03507403    1.76737833    1.92312915    3.77255565    2.90026102    3.32160410    4.38473974    5.09634154    3.54703025    4.62998468    4.47312132    4.16886182    4.66171158    5.08412302    4.95835204    4.80863215    3.97023064    4.02012399    4.43944137    3.43419595    3.68153008    3.28857449    3.22436421    4.50586225    3.87803055    3.91332805    3.88674592    2.00346613    1.55245921    1.72534446    1.59425710    1.40544985    1.47788049    1.38409808    1.41984642    1.34985865    1.33096925    1.99889032    1.52457051    1.77420382    1.86315183    1.50069942    1.53662264    1.52018798
Q8ZY60_PYRAE/135-243     1.41337909    0.00000000    0.43573333    1.02541217    1.17066802    1.27986077    1.11586189    1.13312602    1.35839211    1.25460065    1.43625881    1.15612973    1.23587079    1.22209917    1.24398592    1.20895275    1.26285114    1.23016045    1.15431322    1.49984940    1.61184711    1.61877010    1.72508783    1.40372265    1.29738465    1.46786372    1.15413668    1.49242347    1.45601505    1.28186608    1.14581382    1.28151480    1.07106307    1.22236619    1.35517493    1.28077064    1.45209089    1.57434431    1.85435015    1.87176531    1.91829140    1.89816480    1.88620981    1.85000206    1.83864053    1.87563098    1.79195923    1.84045277    2.06428735    1.88013413    1.73367794    1.72398315    1.82736512    1.91807672    1.58335973    1.21869382    1.10684942    1.13442730    1.13782973    1.30297698    1.42424224    1.62144399    1.42319996    1.34370171    1.34606585    1.79466899    1.75540397    1.88064594    1.80289484    4.08688185    3.32458417    3.52589830    4.52078530    4.69501064    3.59088184    5.32388376    4.35563407    4.10743611    4.91390223    4.81282866    4.82843919    4.36707196    4.35492927    4.22736916    5.14961894    4.18106309    4.04819513    3.87306965    3.89023707    4.39158284    4.88964628    3.93982910    4.18741985    1.67031473    1.28423035    1.59797123    1.11166495    1.31835405    1.39294699    1.50722768    1.45091314    1.34064990    1.50115183    1.65953724    1.40314402    1.60165720    1.80777923    1.12151628    1.43348071    1.16704277
G4RNR9_THETK/76-184     1.29719299    0.43573333    0.00000000    0.97731453    1.11454462    1.20004445    1.16033319    1.06062132    1.25506475    1.15657637    1.15953843    1.14799802    1.04716402    1.17484348    1.09744519    1.06215258    1.24586026    1.10041659    1.17500544    1.36550354    1.41850508    1.44274239    1.58122731    1.23985104    1.17195000    1.43364106    1.18123034    1.40738944    1.41818730    1.19163673    1.15429603    1.24192875    1.18485839    1.32197929    1.42100053    1.27208733    1.42770759    1.43330357    1.59497357    1.66878704    1.69077927    1.71117838    1.67214654    1.65684323    1.72155975    1.57590179    1.61471208    1.73012116    1.75497960    1.69817383    1.53097718    1.55590290    1.72331369    1.70948461    1.43708993    1.26493886    1.04858364    1.19184766    1.18963798    1.23651590    1.34915591    1.51621037    1.42755552    1.42273568    1.29943381    1.79752893    1.78765821    1.69250368    1.72707412    3.41261024    2.79814607    3.03319784    4.23019253    4.29275910    3.10117658    5.19260009    3.70605883    3.20053632    4.17285702    4.05362409    4.13080272    3.88005053    3.67355362    3.59421702    4.77279720    3.62748986    3.42385131    3.42490951    3.83946271    4.30919682    4.23973650    4.01413707    3.57717141    1.68990275    1.23610514    1.41108016    1.15009809    1.33708435    1.39908593    1.20099177    1.37556622    0.95417455    1.28355269    1.54141786    1.33156829    1.46580057    1.70392305    1.11929331    1.22977391    1.20784609
TIAS_CALMQ/134-244     2.12923256    1.02541217    0.97731453    0.00000000    1.03055932    1.59200185    1.63321037    1.35249752    1.57977946    1.45951018    1.38065578    1.48154187    1.22743778    1.25505133    1.37757123    1.35682857    1.32347655    1.39698480    1.46232729    1.73734139    1.59900072    1.63399591    1.54286174    1.55510841    1.35428638    1.32819898    1.21251986    1.28288945    1.76936839    1.50397091    1.47082194    1.39496977    1.44107563    1.52400851    1.45751333    1.60503212    1.52010062    1.70285132    1.98313349    2.03335290    1.81649753    1.93758172    1.86834648    1.80283987    1.85917130    1.82321816    1.97739341    1.78318647    1.91313696    1.77933236    1.81199980    1.75510790    1.74085533    1.97990016    1.65538569    1.89409569    1.59495536    1.38565599    1.49719905    1.40164221    1.45699683    2.00872195    1.94723494    1.59267618    1.40649434    1.94972143    2.01366535    2.05951468    1.84458716    4.32615202    3.38009871    3.39436489    3.88824777    4.37221530    3.56755639    4.99555086    4.67098674    3.60292998    3.57104282    3.76132903    4.03104447    3.90053834    4.12466781    3.64811977    4.63901564    3.91095877    3.73724275    3.85679271    3.84856016    3.50848149    3.72857020    3.99248159    3.64352188    1.83338748    1.66052357    1.69050056    1.32572121    1.82273489    1.48167104    1.71654949    1.73673638    1.68504659    1.96332438    1.50933576    1.55124365    1.90369473    2.07191004    1.43602484    1.55140104    1.54235925
E1QV10_VULDI/145-254     1.85758051    1.17066802    1.11454462    1.03055932    0.00000000    1.40112572    1.61527978    1.49068931    1.59411936    1.52666957    1.60198068    1.37712097    1.41606711    1.45206860    1.79763616    1.39692299    1.48363359    1.43442723    1.48943634    1.82810323    1.89367375    1.85267035    1.62268176    1.45369286    1.49907152    1.50759691    1.33691075    1.39535249    1.73604788    1.44592811    1.39856851    1.52853278    1.66917189    1.61954650    1.54894224    1.57460601    1.68276309    1.83173355    1.92251311    1.92789396    1.71531628    1.75203014    1.78257289    1.76184234    1.75823294    1.75475272    1.94154042    1.92542417    2.03359110    1.77854311    1.79036879    1.81623878    1.95597121    2.12198007    1.65899687    1.47097684    1.59688128    1.50940704    1.57619244    1.49487670    1.37407705    1.74417949    1.77366691    1.62133116    1.39808954    1.77560576    2.16701870    2.03571570    2.10270204    3.97599832    3.56817667    3.85400192    3.30913320    3.73968116    3.74790143    5.43448133    5.44104598    4.19817710    4.28564922    4.06276342    4.46036139    4.44768784    4.09228399    3.82744940    5.15086230    3.68560520    3.56163359    3.43119686    3.22063391    3.30726293    3.97959402    3.96129346    3.59818562    1.81221239    1.60290932    1.42419443    1.32114904    1.38008424    1.41285310    1.65435262    1.44579215    1.35516769    1.55978523    1.75346724    1.61636627    1.79306506    1.92049092    1.48007083    1.77169774    1.18444411
K0IP49_NITGG/143-258     1.35740416    1.27986077    1.20004445    1.59200185    1.40112572    0.00000000    1.07878505    0.72691238    1.27388929    1.07588222    0.86589522    1.17920489    1.03051571    1.28813311    1.15922378    1.00059913    1.12108971    1.10429122    0.99800439    1.25938562    1.19810960    1.20144927    1.16634496    1.26183955    1.02787665    1.13636067    1.02124827    1.17920510    1.16780896    1.16765614    1.14730009    1.16611353    1.29529303    1.23379530    1.25317721    1.34754373    1.37271706    1.36004354    1.27468439    1.35510303    1.50313963    1.38150236    1.41747902    1.33656006    1.49818015    1.31894085    1.41714117    1.31582506    1.54199975    1.32299554    1.38105128    1.33677763    1.50351255    1.52236286    1.26631970    1.36736214    1.05219368    1.00111440    1.16015022    1.22400379    1.25699358    1.58373422    1.70806728    1.51829025    1.41474914    1.75034750    1.88146601    1.85344485    1.67377189    4.60523454    3.61921539    3.70413634    3.73222469    4.48396481    3.36722167    5.08665475    5.54509400    3.45608749    4.59114518    4.50196868    4.59643450    4.11488070    4.04667268    4.15582561    4.70582855    3.72697419    3.65103797    3.81006552    3.56408379    3.52919119    3.73703645    3.69303369    3.66467256    1.63016916    1.09596346    1.38484305    1.05631562    1.01387260    1.45009235    0.97091109    1.24968074    1.20306424    1.05676425    1.54962213    1.28802195    1.58138671    1.57096728    0.87693001    1.28808723    0.96601926
TIAS_CENSY/147-259     1.44271990    1.11586189    1.16033319    1.63321037    1.61527978    1.07878505    0.00000000    0.68611857    1.19118243    1.27922432    1.19200918    1.23793952    1.04775143    1.32182074    1.45401118    1.21477509    1.22243779    1.22402299    1.18603673    1.33219407    1.32214319    1.32825705    1.28711341    1.42952012    1.30068126    1.32987688    1.24633517    1.35343990    1.32012269    1.32568084    1.35190435    1.37450715    1.24889231    1.34548467    1.18494597    1.49509975    1.35470633    1.43521488    1.47105504    1.43784068    1.61419469    1.49813744    1.57519812    1.47415641    1.62657667    1.42264259    1.48603549    1.57798663    1.70123486    1.57352203    1.37942431    1.49251525    1.60252645    1.58124135    1.48843410    1.41985030    1.39277496    1.33797778    1.16380857    1.27110324    1.01316005    1.55807444    1.43227619    1.38569289    1.55994462    1.56139211    1.63491692    1.96465085    1.75861994    4.04770030    3.58136193    3.66200336    3.28973907    3.51443035    3.38403357    5.57094027    3.88420039    3.84076071    3.98639086    4.13988372    4.11206233    3.56451373    3.96225244    4.24698423    5.17408914    4.03133047    3.34387208    3.56232593    3.36501778    3.65497526    3.84910715    3.49054031    3.50495573    1.81362188    1.21340778    1.71474969    1.34472026    1.33289166    1.49205971    1.38288089    1.30227449    1.24969732    1.45590501    1.66687032    1.40556597    1.45161899    1.71884032    1.37307862    1.56641719    1.41910982
A9A5Y0_NITMS/151-264     1.19519779    1.13312602    1.06062132    1.35249752    1.49068931    0.72691238    0.68611857    0.00000000    1.13095012    0.98433522    0.96775966    1.07837674    1.08196198    1.23962645    1.26691426    1.03464739    1.17937272    1.13735454    1.15608476    1.08836638    1.15440282    1.10822614    1.11337423    1.11375507    1.14610669    1.18550507    1.14563592    1.15330171    1.23833530    1.19812532    1.21621807    1.27921796    1.29899318    1.27900443    1.14910069    1.37559924    1.27043784    1.33277198    1.44002743    1.51570499    1.62952022    1.34905614    1.58975600    1.38421859    1.48831291    1.56101260    1.60325543    1.44869722    1.44568004    1.45145875    1.39723354    1.46332464    1.43496770    1.61054070    1.45928949    1.18054967    0.95281368    1.07551174    0.99132384    1.04848100    1.18503623    1.33171565    1.34631051    1.27482723    1.21171583    1.61903440    1.38210283    1.73044121    1.70858439    3.63530937    3.11476030    3.30691157    3.39955250    3.75243742    2.94763743    4.94234771    4.51415149    3.07253228    4.11877535    4.31732903    4.53992352    4.16944023    3.60403465    4.02090587    4.59763202    3.63265978    3.26169853    3.22538619    2.86058899    3.41239287    3.64161657    3.67306643    3.43292318    1.76461981    1.09589346    1.37924241    1.06172139    1.05884004    1.14660512    0.96043923    1.14553415    1.17447226    1.25077359    1.52179184    1.63450257    1.78272080    1.76297143    1.03248709    1.26956661    1.20449296
Q8TZX0_PYRFU/140-253     1.38204195    1.35839211    1.25506475    1.57977946    1.59411936    1.27388929    1.19118243    1.13095012    0.00000000    0.98417762    0.91935101    1.23396647    1.02231864    1.26356270    1.15721094    1.04744884    0.93139575    0.90862585    0.99191331    1.07279307    1.20055770    0.97790959    0.98813810    0.92158207    0.96501051    1.04915598    1.10771104    1.09575971    1.17625000    1.01441806    1.26382414    1.36802204    1.16181487    1.15315801    1.18440770    1.15450505    1.40236545    1.17759515    1.15782824    1.28439798    1.18901700    1.18631999    1.15142502    1.22935271    1.30517594    1.20606095    1.45113915    1.32717280    1.29919894    1.34067515    1.39576923    1.30530934    1.40823611    1.44485024    1.15088115    1.15538399    0.94564558    0.98321146    1.00147047    0.99250570    1.22472890    1.42480384    1.67037349    1.36406934    1.21369536    1.66006174    1.80239142    1.80375962    1.82648067    4.78733278    4.09336529    4.34129945    4.35022891    5.94395849    3.38631738    4.92379205    4.66908458    3.54821398    5.10952120    6.07405750    6.43994011    5.30878852    4.93370107    4.17139322    5.26562914    5.41014368    4.47333471    4.61832664    4.10304574    4.21145533    4.56265427    4.50370936    4.80137891    1.79609798    0.95015332    1.28163381    0.95831172    1.14558775    1.08463362    1.10960643    1.07932588    1.18072411    1.43671251    1.84365639    1.56740520    1.50085617    1.78446553    1.28870615    1.44677239    1.15711568
E3GYT5_METFV/138-249     1.13270405    1.25460065    1.15657637    1.45951018    1.52666957    1.07588222    1.27922432    0.98433522    0.98417762    0.00000000    0.48879708    0.59027551    0.52145916    0.58817072    0.63328865    0.69146150    0.96824202    0.90065884    0.78292342    0.99228202    0.68569558    0.93086162    0.95145968    0.92369286    0.93035465    0.94513200    0.87879342    0.98427553    0.87439110    0.83361474    0.84381868    0.87986762    1.04934240    1.01483318    0.97721655    1.16059199    1.26801482    0.96223822    1.15310203    0.98175145    1.08770080    1.00749969    1.05363775    1.04498088    1.11945992    0.91789016    1.10109953    1.06489604    1.02664286    1.00302701    0.95454377    1.02768220    1.08322632    1.33482427    0.88623511    0.90884483    0.65802382    0.78307887    0.78040379    0.72362761    0.90744595    1.12302610    1.08837350    1.13373480    0.95056747    1.73733941    1.57027639    1.53053143    1.54989795    4.08879810    3.76582857    3.72639812    3.31518515    4.31211034    3.11737086    3.86983427    3.88391035    3.47049112    3.91786749    3.81444560    3.99195075    3.97182405    3.58721020    3.49426339    4.14313027    3.61469240    3.10282948    3.66898392    3.36926366    3.56415559    3.21586546    3.40147855    3.27696219    1.51312654    1.06111555    1.19187739    0.98011939    1.12276110    1.14662805    0.92823912    1.07385898    0.84470808    1.22219574    1.52389301    1.41030466    1.58022908    1.38265824    1.22419663    1.40353446    1.12021588
U6EEI9_9EURY/163-274     1.27465568    1.43625881    1.15953843    1.38065578    1.60198068    0.86589522    1.19200918    0.96775966    0.91935101    0.48879708    0.00000000    0.48045113    0.47306492    0.56876765    0.49366230    0.68331513    0.92963879    0.87699140    0.91521990    1.05561886    0.69138890    0.80200484    0.91439507    0.96107824    0.80079736    0.88645572    0.86334396    0.92903059    1.04336156    0.96004324    0.92137536    0.88923396    0.96971286    0.92610635    1.03427561    1.25952634    1.02950917    0.87074084    0.85828973    0.87547142    0.94720997    0.87161020    0.93324304    0.89554046    1.00821502    0.95825310    1.06480082    0.99676104    1.06576941    0.95850085    0.96819494    0.96938071    0.94113132    0.94490122    0.79713388    0.86162937    0.85442082    0.73575643    0.86342001    0.73453033    0.87504671    1.20365628    1.28848143    1.14833028    0.90950550    1.68484641    1.63075781    1.49703473    1.34293004    4.35394924    3.87196487    4.27056786    4.22027544    5.13943735    3.46374019    5.13877981    4.68967332    3.53753179    4.24241444    4.75749227    4.88894908    4.91125537    3.83465153    4.15924463    4.43842798    3.87984884    3.75418689    3.82810041    3.59793201    4.24368542    3.77033904    4.09779978    3.81778288    1.57295798    1.05298658    1.01205998    0.99858876    1.04635386    1.11522631    0.89160744    1.01305043    0.93556565    1.06088539    1.39626510    1.36081666    1.58655506    1.65297595    1.06724824    1.35925066    1.02165159
Q2NF80_METST/148-261     1.32043302    1.15612973    1.14799802    1.48154187    1.37712097    1.17920489    1.23793952    1.07837674    1.23396647    0.59027551    0.48045113    0.00000000    0.58088546    0.58350531    0.54578276    0.75992966    1.03741068    1.08155621    0.96762717    1.16541717    0.87838241    0.87949414    0.92664747    1.00710818    0.93318571    0.87807027    0.88816201    0.98325686    1.06414622    0.94760078    0.93837969    0.96718213    1.00334745    1.04987273    1.10018258    1.22535914    1.06381741    1.11647220    1.14994479    1.12996784    1.23433771    1.01274054    1.10735210    1.14359334    1.19916585    1.09677775    1.20925739    1.19492072    1.13985672    1.12347209    1.03526419    1.24576132    1.22809379    1.30659377    1.00073924    0.95877069    0.92017916    0.78928494    0.94081526    0.83218237    1.11606045    1.33985078    1.29254254    1.12037924    1.08632494    1.59426095    1.71623410    1.52284214    1.42185834    3.95386661    3.14423747    3.48304759    4.36139418    4.90382831    3.95807041    5.47260373    4.38337384    3.85359519    4.21573084    4.78746681    4.78326649    4.36435493    3.66120676    4.10674690    4.39336192    3.41128597    3.53595425    3.95013459    3.57134780    4.30947050    3.99712578    3.78845623    3.63613203    1.73457144    1.07322233    1.29420440    1.11599318    1.30572747    1.29187500    1.10897970    1.22213847    1.07262136    1.38271312    1.47777440    1.51917051    1.72259952    1.78671442    1.14023054    1.54178454    1.17903682
O27047_METTH/143-254     1.25841781    1.23587079    1.04716402    1.22743778    1.41606711    1.03051571    1.04775143    1.08196198    1.02231864    0.52145916    0.47306492    0.58088546    0.00000000    0.53124736    0.49537037    0.64838294    0.95995639    0.90601699    0.87917673    1.12044044    0.72901710    1.02484456    0.98501093    1.03752415    0.99909218    0.98100496    0.89209087    1.11166624    1.01730179    0.97008594    1.00395302    0.97230153    1.13595308    1.12765550    1.05909904    1.21007678    1.17479994    1.13588876    1.06899316    1.04607964    1.10360030    1.15381960    1.02595017    1.06716022    1.17432386    1.06215953    1.23589435    1.24119690    1.37260883    1.21587323    1.04820547    1.21488426    1.20122066    1.37403394    0.85793696    1.04350339    0.71085148    0.83149003    0.95965267    0.77444934    0.86389209    1.13107741    1.16839489    1.18418189    0.93645560    1.56837448    1.57468806    1.55820797    1.56845132    3.91690318    3.52684071    3.51443666    3.89002387    4.73917471    3.01482202    4.62618151    3.64295497    3.31326557    4.09605804    4.53256701    4.59501553    4.16416356    3.80940367    3.66833269    4.18316637    3.96877430    3.34512632    3.58270048    3.20414945    3.42033280    3.19102180    3.53453700    3.19400469    1.62966606    0.90922026    1.12896650    0.87642530    1.18834700    1.12697936    0.99042579    1.03942287    0.97852056    1.05700608    1.42151784    1.26962051    1.45397381    1.48350670    1.02854374    1.37818642    0.90737407
R9SIP7_9EURY/129-238     1.40711639    1.22209917    1.17484348    1.25505133    1.45206860    1.28813311    1.32182074    1.23962645    1.26356270    0.58817072    0.56876765    0.58350531    0.53124736    0.00000000    0.38741043    0.76048302    1.04399135    0.93568659    0.96616374    1.14845563    0.92543816    1.13067417    1.14244138    1.17435654    0.99975861    0.93031260    0.86804624    0.96729505    1.06254771    1.08545117    1.04324766    1.04321488    1.31373792    1.29597211    1.25450440    1.41363295    1.32299105    1.24974319    1.32510052    1.22307149    1.32360523    1.30179736    1.28781170    1.29370129    1.28940255    1.27742684    1.41224224    1.25665121    1.20075774    1.23170727    1.14072180    1.39594072    1.37555689    1.64132482    1.00155820    1.10681341    0.73177015    0.80006879    0.81824343    0.64240558    0.77650867    1.06559732    1.21947461    1.13840599    0.94800889    1.58342033    1.70080062    1.63575457    1.53126074    3.87393240    3.83291493    4.02447278    3.72688580    4.43667433    3.07753418    4.54752492    4.08884651    3.33015911    3.94412565    3.94600667    4.13471529    4.20790021    3.81410298    3.68028862    4.21409412    3.68674456    3.49492731    3.88887212    3.47791694    4.03701053    3.62514859    4.21502417    3.95318890    1.58551907    1.10046765    1.16642440    0.91420541    1.25274328    1.04756562    1.03971494    1.15400738    1.14022087    1.41115663    1.47041430    1.32660778    1.49468275    1.47116526    1.21870044    1.38232631    1.15098936
D3E1X5_METRM/154-265     1.24801174    1.24398592    1.09744519    1.37757123    1.79763616    1.15922378    1.45401118    1.26691426    1.15721094    0.63328865    0.49366230    0.54578276    0.49537037    0.38741043    0.00000000    0.74213162    1.07586061    1.04441291    0.99693212    1.17027492    0.84812540    1.08087520    1.09065751    1.19709838    1.05877743    0.94540062    0.97503070    1.12474606    1.08326999    1.03998926    1.09143959    1.08378553    1.08420947    1.11587164    1.14469407    1.34347121    1.17664886    1.12897827    1.03395796    1.05601022    1.11820335    1.20071842    1.12003213    1.18018594    1.29250063    1.17357149    1.26104803    1.15856530    1.28074978    1.17521985    1.01709887    1.19454437    1.15764594    1.23648404    0.98915296    1.01047050    0.77914411    0.73300156    0.79975248    0.80844649    0.91056697    1.22746400    1.34211605    1.18734028    1.00954284    1.55487000    1.77200275    1.44273546    1.46557411    3.65046653    3.27819417    3.46723022    4.45700085    4.96439514    3.44766401    4.40108172    3.53819852    3.41923081    3.96040278    4.72248593    4.68987144    4.33796885    3.74891081    4.17571453    4.07339618    3.63991812    3.57109566    3.67399823    3.36343874    4.35584767    3.78107300    3.91503872    3.49379703    1.48987452    1.02349110    1.45247359    0.98953606    1.10907743    0.95598206    1.15533514    1.20874691    1.15449391    1.52721074    1.40990135    1.23777617    1.52418738    1.57859796    1.23608947    1.24580320    1.18742905
Q0W4J5_METAR/138-250     1.39667493    1.20895275    1.06215258    1.35682857    1.39692299    1.00059913    1.21477509    1.03464739    1.04744884    0.69146150    0.68331513    0.75992966    0.64838294    0.76048302    0.74213162    0.00000000    0.73507388    0.81293377    0.76612878    0.84143374    0.79008479    0.78384222    0.78810639    0.84140865    0.81012030    0.74481059    0.82096187    0.83879707    0.92835671    0.80887571    0.89511292    0.85988307    0.86261346    0.84115428    0.80285502    1.06556638    1.04728638    1.01148552    1.06975242    0.88047124    1.05487427    1.04368964    1.06188126    1.05098562    1.17542753    1.03030110    1.17919549    1.14334956    1.22373891    1.10638040    1.12138660    1.16001660    1.19779465    1.35672470    1.01338721    1.15375512    0.76608330    0.77841354    0.94404011    0.87545359    1.10972569    1.40271493    1.33253112    1.33879629    1.06450785    1.60810840    1.51326661    1.53852266    1.31925604    3.73704483    3.14488914    3.28566699    3.47916044    3.91935380    3.35861249    4.74124946    3.98592865    2.98762645    3.70288324    3.84554182    3.77745470    3.84017726    3.54594232    3.18828125    3.72114702    3.39333797    3.13787776    3.39640857    2.73853427    3.47179127    3.42037282    3.70964910    3.34366875    1.39545461    0.95690548    1.17951884    1.01126685    1.22984910    1.12141749    1.17708075    1.08390266    1.04887948    1.45189460    1.64834847    1.49051887    1.65412634    1.64192958    1.16142124    1.52707715    1.15343399
A0B6S8_METTP/137-248     1.41164571    1.26285114    1.24586026    1.32347655    1.48363359    1.12108971    1.22243779    1.17937272    0.93139575    0.96824202    0.92963879    1.03741068    0.95995639    1.04399135    1.07586061    0.73507388    0.00000000    0.39592987    0.45835160    0.74340209    0.88793121    0.60550283    0.70863243    0.83891380    0.61771114    0.53686569    0.72190108    0.69815029    0.75996989    0.64383473    0.76828720    0.80169546    0.79217374    0.74582815    0.78100726    0.92940492    0.79154198    0.76466755    0.92756355    0.89375655    0.87035025    0.86553268    0.92715400    0.86979234    0.82302512    0.83514770    0.90524936    0.91061038    0.93641822    0.86756873    0.80550975    0.83373841    0.92200774    1.00532383    1.10029113    1.17787801    0.88245692    0.94984338    1.18299172    1.05572358    1.15044938    1.14379664    1.27757141    1.25614088    1.13517049    1.65255217    1.99050653    1.71059611    1.60242562    4.41646745    3.37989987    3.81473626    3.90908491    4.98699161    3.17190988    4.05152723    4.03126769    3.35637396    3.76585477    3.93124134    3.95568013    3.90430880    3.44154513    3.72016368    3.92592841    3.77563392    3.58986378    3.23233504    2.95336926    3.52537493    3.61630387    4.25357615    3.47290436    1.63299230    1.17381863    1.22340485    1.19035348    1.19207174    1.29948014    1.23817265    1.18797872    1.08065321    1.21350861    1.22951412    1.27395990    1.56453466    1.62699884    0.99997281    1.21334873    1.15510882
F4BW55_METSG/135-247     1.36990754    1.23016045    1.10041659    1.39698480    1.43442723    1.10429122    1.22402299    1.13735454    0.90862585    0.90065884    0.87699140    1.08155621    0.90601699    0.93568659    1.04441291    0.81293377    0.39592987    0.00000000    0.39152868    0.68167274    0.87234860    0.59172292    0.72807060    0.88803820    0.56771260    0.63102327    0.74599132    0.70407023    0.77343226    0.64308330    0.79084330    0.85100407    0.79389581    0.86099421    0.78986077    1.06613039    0.92613843    0.72755406    0.84258083    0.82533929    0.87968631    0.83308892    0.86856497    0.91365840    0.88345457    0.89204756    0.81513841    0.86773104    0.82538636    0.79722406    0.77799050    0.81246433    0.89960306    0.97468167    1.08617027    1.12020877    0.95406208    1.09123387    1.00629963    0.99366498    0.99015276    1.12292085    1.28610089    1.15205864    1.06513887    1.57008715    1.85901745    1.82426307    1.69219537    5.00921504    3.80852259    4.38874724    5.30620019    6.25885013    3.36852788    4.35053796    4.51423013    3.55591085    4.19810907    4.36687814    4.27298360    3.91967933    3.99157205    3.90072657    4.89734589    4.08633740    3.96922255    3.79660406    3.64631413    3.95753985    3.97940711    4.17467914    3.95064783    1.63781525    1.21194323    1.13817907    1.14332680    1.19954393    1.32911838    1.26539193    1.25594810    1.09642458    1.18617995    1.52183074    1.27634810    1.58856317    1.66812022    1.09381375    1.14450468    1.16013379
G7WL24_METH6/137-248     1.40855694    1.15431322    1.17500544    1.46232729    1.48943634    0.99800439    1.18603673    1.15608476    0.99191331    0.78292342    0.91521990    0.96762717    0.87917673    0.96616374    0.99693212    0.76612878    0.45835160    0.39152868    0.00000000    0.72755760    0.79386864    0.63122935    0.73681615    0.74616037    0.61051371    0.70992665    0.72237493    0.65581567    0.78804299    0.70169425    0.70793643    0.72058398    0.75289901    0.74950721    0.75118374    0.95381812    0.80062462    0.73183464    0.90289429    0.81087315    0.88057833    0.81875739    0.87108743    0.87284019    0.89199143    0.75800538    0.79811016    0.92632989    0.93561788    0.84684085    0.80232159    0.84138514    0.91563220    0.97356546    1.30301616    1.26523496    0.82378999    0.94321393    0.95687584    0.90959032    0.99954838    1.18354882    1.23798583    1.12432929    1.08055628    1.76668159    1.68490957    1.64358409    1.44262138    4.30141844    3.78435179    4.27136384    4.52164653    5.70602188    3.35200523    4.55566018    4.26221063    3.41587764    4.32922314    3.97248438    4.54813098    3.92335293    4.27087601    3.59853764    5.11290478    4.13911741    3.82619079    3.83932535    3.56172599    3.66281554    3.41926452    3.53994911    3.50194947    1.61892532    1.05036433    1.14464920    1.04159759    1.12843748    1.29622206    1.29619106    1.17152313    1.09673859    1.25121829    1.24288100    1.21770322    1.50789422    1.47943374    0.96557943    1.27688935    1.06292697
N0BKJ5_9EURY/141-253     1.19490314    1.49984940    1.36550354    1.73734139    1.82810323    1.25938562    1.33219407    1.08836638    1.07279307    0.99228202    1.05561886    1.16541717    1.12044044    1.14845563    1.17027492    0.84143374    0.74340209    0.68167274    0.72755760    0.00000000    0.73253584    0.53364191    0.62570394    0.90818684    0.79978655    0.81773447    1.02601843    0.95950965    0.79295027    0.92621518    0.98958230    1.01054990    0.95355783    0.97530867    0.88648114    0.96075258    1.06700712    0.92559489    1.08868503    1.00943090    0.99277298    0.97083237    1.04275238    1.00224523    1.06580268    1.01878273    0.99251181    0.99992545    0.96076528    0.96889051    0.90426475    0.97299599    0.94274876    1.06999425    1.61098945    1.34967075    1.20534995    1.18369240    1.14625789    1.17396947    1.18044528    1.28938559    1.42835952    1.65795140    1.39896029    2.04930215    1.70861438    1.88221957    1.54688762    4.69185198    3.78349223    4.26994321    4.54029941    5.46732587    3.82489709    5.19503833    5.35408024    3.92172199    4.34057586    4.47549530    4.33101122    4.23966351    3.64868682    4.04557613    4.69432889    4.22295953    3.97993777    3.92840095    3.58896184    3.67848745    4.04935170    4.06173361    3.93595623    1.86647158    1.09175769    1.16890015    1.23679151    1.24541637    1.26928789    1.26529533    1.34940497    1.14892090    1.47565643    1.85779060    1.58096340    1.77471247    1.87505577    1.28119953    1.28006288    1.26542298
TIAS_ARCFU/139-251     1.67367003    1.61184711    1.41850508    1.59900072    1.89367375    1.19810960    1.32214319    1.15440282    1.20055770    0.68569558    0.69138890    0.87838241    0.72901710    0.92543816    0.84812540    0.79008479    0.88793121    0.87234860    0.79386864    0.73253584    0.00000000    0.46796009    0.46717577    0.69155480    0.78830967    0.87345380    0.89647038    0.92531884    0.87585284    0.91951723    0.89204351    0.86039795    0.88322789    0.95229164    0.86271563    1.09704489    1.09452632    0.88694170    0.96800149    0.87089653    0.92862093    0.87262693    0.84358629    0.91469893    0.96244193    0.89189841    0.82644470    0.85212661    0.84953314    0.82753615    0.81346009    0.91152590    0.85850646    1.04212099    1.11110098    1.04984452    0.81960530    0.84080825    0.94873402    0.95751473    1.08390584    1.08637229    1.23264907    1.30768696    1.21182290    1.68800091    1.56111535    1.56623142    1.36204257    4.59969593    3.89276281    3.97384103    3.39982653    3.90072287    3.46158193    4.99191539    4.16320385    3.50306871    3.98954528    4.64891232    4.48077716    4.43213905    3.50252794    3.80425358    4.16483964    3.75755545    3.68049703    3.40042602    3.44129139    3.54042979    3.35178684    3.69640121    3.29851158    1.75106041    1.23492447    1.30225900    1.14404858    1.46580472    1.30747805    1.16506130    1.31103936    1.26983299    1.45990871    1.59991331    1.43019986    1.87419453    1.62107519    1.22727333    1.32517583    1.27288947
F2KPQ0_ARCVS/141-253     1.47311715    1.61877010    1.44274239    1.63399591    1.85267035    1.20144927    1.32825705    1.10822614    0.97790959    0.93086162    0.80200484    0.87949414    1.02484456    1.13067417    1.08087520    0.78384222    0.60550283    0.59172292    0.63122935    0.53364191    0.46796009    0.00000000    0.28956672    0.44076508    0.62654741    0.72320811    0.89707854    0.84174281    0.77846303    0.79750705    0.95286047    0.87001929    0.79965974    0.76299821    0.80458077    0.90676648    0.95915552    0.85908253    0.96990462    0.90794771    0.89645534    0.77891401    0.90890088    0.88303455    1.03980811    0.84185733    0.87899783    0.85402272    0.77264042    0.79333933    0.82313385    0.82903476    0.82989086    0.91164956    1.25701879    1.17708529    0.96288951    1.07722550    1.16293504    1.07152094    1.26709399    1.14282458    1.25898847    1.40846785    1.29586376    1.75818345    1.82297935    1.95032967    1.55359575    4.34240058    3.20833506    3.43190843    4.10070483    4.89420131    3.47051048    5.28346103    5.06280224    3.84822085    4.02310266    4.18452614    4.31396016    4.27706733    3.64999603    4.24816757    4.68957579    4.01211243    4.22533912    3.81322709    3.35582242    3.91294985    3.78101591    4.64535980    4.01104024    1.74939027    1.18345728    1.21994806    1.28226211    1.45705700    1.42534427    1.27242801    1.49521226    1.23362953    1.45762124    1.75625598    1.52870610    1.82259785    2.03766977    1.19390432    1.21489350    1.29011867
D2RHD8_ARCPA/144-256     1.51194019    1.72508783    1.58122731    1.54286174    1.62268176    1.16634496    1.28711341    1.11337423    0.98813810    0.95145968    0.91439507    0.92664747    0.98501093    1.14244138    1.09065751    0.78810639    0.70863243    0.72807060    0.73681615    0.62570394    0.46717577    0.28956672    0.00000000    0.44640862    0.67508658    0.71924684    0.91230545    0.84173826    0.73007137    0.78860539    0.98021723    0.88170908    0.85321051    0.78590831    0.67666519    0.87055971    0.95796522    0.91119985    0.97934158    0.94478483    0.95722490    0.87490559    0.94575203    1.00184154    1.01311887    0.93752041    0.90424147    0.88892764    0.84611977    0.93056247    0.93563390    1.00517248    0.95797258    1.05933440    1.32323399    1.25567685    0.97871037    1.05991550    1.24010124    1.08119385    1.21764856    1.21440293    1.24096453    1.40859128    1.24365973    1.53276437    1.63385133    1.70868926    1.50614334    4.91986881    3.72950472    3.92152872    3.92082804    4.53226887    3.79946242    5.81902168    4.37419255    4.21851508    4.53467467    5.00178636    4.66584580    4.60332985    3.96596660    4.09720313    4.71770823    4.03404060    4.07320590    3.78197462    3.12113751    3.76761690    3.84715357    4.36874371    4.07376743    1.75644113    1.19904945    1.23107613    1.18034496    1.54780517    1.41580128    1.36897980    1.45841475    1.36781024    1.57652797    1.84079533    1.57650375    2.01617378    2.09840398    1.22090901    1.29318209    1.27171305
D3RY79_FERPA/138-250     1.51502836    1.40372265    1.23985104    1.55510841    1.45369286    1.26183955    1.42952012    1.11375507    0.92158207    0.92369286    0.96107824    1.00710818    1.03752415    1.17435654    1.19709838    0.84140865    0.83891380    0.88803820    0.74616037    0.90818684    0.69155480    0.44076508    0.44640862    0.00000000    0.78585562    0.90000044    0.87953278    0.91336125    0.93116451    0.94007482    0.82457717    0.91447064    0.86737986    0.84981218    0.80800693    0.92802958    1.08578125    1.04700355    1.14287350    1.05490470    1.03750330    1.02212787    1.03311859    1.01608729    1.15489213    1.02828683    0.94652877    1.16213073    1.05090430    1.01145570    1.14965178    1.15888731    1.00332099    1.12868603    1.29586462    1.47665101    0.94240429    1.02652565    1.03985959    0.95906409    1.24140865    1.59491469    1.47110159    1.33123537    1.24428468    1.96926344    1.84035615    1.95342969    1.90169105    4.57003798    3.61489203    3.62187502    3.35816313    4.25835442    3.76618618    5.33853928    4.88398062    3.93434816    4.39567332    4.85607860    5.15656487    5.21168632    4.01266859    3.74387688    5.01130132    3.88440653    3.88927382    3.69404720    3.27027947    3.97661639    3.78156342    4.33284058    3.75616791    2.11348913    1.32420884    1.33199533    1.06230545    1.62494643    1.62407097    1.31517334    1.58531301    1.35192849    1.40332695    1.70312754    1.56684103    1.92267264    1.98963128    1.18614280    1.26995603    1.33037973
TIAS_METAC/140-256     1.55833683    1.29738465    1.17195000    1.35428638    1.49907152    1.02787665    1.30068126    1.14610669    0.96501051    0.93035465    0.80079736    0.93318571    0.99909218    0.99975861    1.05877743    0.81012030    0.61771114    0.56771260    0.61051371    0.79978655    0.78830967    0.62654741    0.67508658    0.78585562    0.00000000    0.36467354    0.48174837    0.52395497    0.60442096    0.48242194    0.63500296    0.63925022    0.76296990    0.65095319    0.73078124    0.88460061    0.85487348    0.68746479    0.86823834    0.81116677    0.86608717    0.87489266    0.90401245    0.86684138    0.96549943    0.82566686    0.83275945    0.80352749    0.75928677    0.82564364    0.82116677    0.84032884    0.81319327    0.97503813    1.09104359    1.17291069    0.98652073    0.97705762    0.99999054    1.05772262    1.05176630    1.35621782    1.39365671    1.19399228    1.18321589    1.70053124    1.90668291    1.72225546    1.78346999    4.82759660    3.79014418    3.81438889    3.86255400    4.72385677    3.80134226    5.10174342    4.24810223    3.47604719    3.93861221    4.47690863    4.17109929    3.74989058    4.03233951    3.60731198    4.96066149    3.62338671    3.54928058    3.83381793    3.81945022    4.03770541    3.85230910    3.97963669    3.73232503    1.71398267    1.14305005    1.29369512    1.07061933    1.40176436    1.42767507    1.25996949    1.30678294    1.13841834    1.29184051    1.61091446    1.34855903    1.64957664    1.74380522    1.10563996    1.14937963    1.16256041
