43
B3RQX5_TRIAD/298-422     0.00000000    0.34921814    0.47068033    0.42570822    0.54245534    0.51650551    0.60484096    0.44164005    0.52796267    0.44149028    0.54449908    0.46948234    0.56976223    0.47629986    0.60849394    0.57992321    0.77475050    0.69578514    1.33528337    1.06166017    1.37425811    1.22186628    0.79392728    0.82987437    0.86132064    0.78752902    0.67510697    0.68301382    0.68280756    0.63413663    0.74698925    0.69160289    0.69518180    0.97761280    1.27888421    1.33355630    1.14324922    1.27481100    1.27545657    0.87061964    0.81443508    1.09501154    0.71274990
A7S041_NEMVE/348-473     0.34921814    0.00000000    0.42918438    0.43480136    0.40297185    0.42189946    0.60245656    0.35714362    0.49691167    0.44700390    0.53869201    0.45395476    0.51744991    0.41353110    0.66601796    0.65165965    0.75546828    0.67851618    1.33414940    1.11234325    1.53452805    1.38526662    0.83741055    0.79891481    0.82043243    0.75507136    0.61734163    0.62244417    0.68624282    0.58237006    0.80224916    0.66042667    0.64544263    0.98975232    1.38701530    1.21134139    1.17442153    1.20405924    1.25677510    0.87576062    0.84246751    1.14333099    0.53275388
E0VK59_PEDHC/331-484     0.47068033    0.42918438    0.00000000    0.47365329    0.36149378    0.37859084    0.55702209    0.40266849    0.47054728    0.32356538    0.47234381    0.38964935    0.50350569    0.40407241    0.71619059    0.73046973    0.83400283    0.73183196    1.19247148    1.22264977    1.75737272    1.70922821    0.92313308    0.80707547    0.78455700    0.89956309    0.66831673    0.64190556    0.73080865    0.65720689    0.74415006    0.73173217    0.77432056    1.00611525    1.35151296    1.36591611    1.33809782    1.25066535    1.22974630    0.94249699    0.94486926    1.09085159    0.61950525
T1KXY1_TETUR/315-450     0.42570822    0.43480136    0.47365329    0.00000000    0.48006227    0.39849068    0.55683308    0.40724209    0.43259932    0.37631000    0.40505784    0.41723834    0.46631727    0.40599492    0.68032001    0.64378923    0.88392284    0.75172286    1.29480241    1.09943212    1.39002031    1.40492171    0.98178703    0.85298871    0.73656264    0.85635924    0.67609924    0.67083394    0.77703034    0.65028988    0.77611246    0.70218650    0.71620271    1.02047921    1.36111827    1.32435825    1.28148061    1.22832330    1.20056229    1.00254667    0.92347803    1.11713581    0.62390028
T1I2N4_RHOPR/317-451     0.54245534    0.40297185    0.36149378    0.48006227    0.00000000    0.22668004    0.52366124    0.34719058    0.43493874    0.29706415    0.39836181    0.30803123    0.45681707    0.43092068    0.62923127    0.70290718    0.82305786    0.69519858    1.33878825    1.18751027    1.54773811    1.50943635    0.89272398    0.80261474    0.80072288    0.91085817    0.68712410    0.68504088    0.75746112    0.60903932    0.71765357    0.68305728    0.68733179    0.80397519    1.15150781    1.15207322    1.20901141    1.13180049    1.11696899    0.91439350    0.89231603    1.02977345    0.58053944
A0A7M7G3K5_NASVI/325-464     0.51650551    0.42189946    0.37859084    0.39849068    0.22668004    0.00000000    0.50380432    0.24863327    0.42432693    0.30557390    0.35115692    0.29048180    0.37735461    0.39024855    0.70029422    0.60999520    0.78166874    0.74393159    1.25659426    1.13710119    1.53629100    1.36305956    0.92116591    0.74602083    0.73067195    0.86069296    0.65603828    0.65766168    0.71367570    0.57683333    0.71698148    0.67711028    0.62778964    1.01008154    1.34478553    1.34624364    1.36986091    1.15374525    1.11462252    0.90265403    0.96139025    1.07532532    0.60868404
T1G9S5_HELRO/267-400     0.60484096    0.60245656    0.55702209    0.55683308    0.52366124    0.50380432    0.00000000    0.38426446    0.57941746    0.31857054    0.41829805    0.39259332    0.45157990    0.54878499    0.68074501    0.78408634    0.82601259    0.70247835    1.32853348    1.08820973    1.37983608    1.17891715    1.00794468    0.82378573    0.87954877    0.80363279    0.79473143    0.76794738    0.88365343    0.82672842    0.90710889    0.93182252    0.65191751    0.95194092    1.34333098    1.25898014    1.22149186    1.23227048    1.17137988    1.01045273    0.93385420    1.02638740    0.75129900
W5M8F5_LEPOC/342-465     0.44164005    0.35714362    0.40266849    0.40724209    0.34719058    0.24863327    0.38426446    0.00000000    0.32249039    0.17494405    0.34133683    0.31199914    0.40318295    0.35808790    0.61014945    0.57268163    0.64246200    0.64026857    1.30192291    1.08179444    1.23006139    1.23394788    0.71542191    0.70153516    0.84344514    0.65477017    0.56690762    0.53557562    0.57486258    0.56075985    0.71142102    0.64729441    0.62284000    0.85296140    1.25769052    1.16567120    1.21871490    1.13890461    1.13587802    0.90853779    0.89397215    1.04902576    0.58681829
H2XJF1_CIOIN/263-395     0.52796267    0.49691167    0.47054728    0.43259932    0.43493874    0.42432693    0.57941746    0.32249039    0.00000000    0.28941774    0.51430001    0.40972293    0.45112518    0.49974049    0.58727243    0.65715683    0.90873921    0.72966816    1.33663141    1.10812379    1.44613463    1.25871449    0.86152595    0.76296723    0.85591591    0.80258152    0.75852832    0.74131254    0.76324537    0.74839253    0.86074141    0.77697120    0.68792234    0.94266010    1.29519305    1.31086726    1.38234529    1.16944697    1.15451170    1.05115933    0.92605215    1.09303087    0.65467796
C3Z8J1_BRAFL/341-465     0.44149028    0.44700390    0.32356538    0.37631000    0.29706415    0.30557390    0.31857054    0.17494405    0.28941774    0.00000000    0.32014951    0.28372394    0.35263623    0.35333345    0.58515085    0.53311544    0.58877486    0.56272712    1.25411711    1.06513475    1.54104241    1.33425564    0.74433461    0.59071326    0.73434013    0.57930087    0.51534241    0.50330991    0.56393331    0.54271074    0.68833198    0.60050551    0.58594891    0.97338633    1.32465517    1.30294980    1.36116635    1.19705555    1.18828854    0.93381428    0.83152897    1.02281785    0.73180677
A0A212EU62_DANPL/329-476     0.54449908    0.53869201    0.47234381    0.40505784    0.39836181    0.35115692    0.41829805    0.34133683    0.51430001    0.32014951    0.00000000    0.39340096    0.36265225    0.49666167    0.66093069    0.66986333    0.73334033    0.78991754    1.26868080    1.18385971    1.64890044    1.57630270    0.86075478    0.77956122    0.81314571    0.77757722    0.66758420    0.62827965    0.67195059    0.60205439    0.68455029    0.68958344    0.64535736    0.90414779    1.34713278    1.26399697    1.15718455    1.24148643    1.25439314    0.89638113    0.89255199    1.07556862    0.62075865
Q17F20_AEDAE/333-474     0.46948234    0.45395476    0.38964935    0.41723834    0.30803123    0.29048180    0.39259332    0.31199914    0.40972293    0.28372394    0.39340096    0.00000000    0.25878415    0.38100334    0.61318713    0.66970397    0.73676876    0.70552044    1.21780554    1.16715348    1.61411029    1.54706227    0.85751629    0.79267820    0.77268873    0.82429214    0.67697954    0.64762572    0.64080412    0.52918182    0.63406696    0.62595281    0.60541143    0.90391915    1.27952839    1.23628172    1.25968582    1.09121961    1.07902969    0.95798264    0.83210269    1.05275654    0.61517412
B4KFG6_DROMO/333-479     0.56976223    0.51744991    0.50350569    0.46631727    0.45681707    0.37735461    0.45157990    0.40318295    0.45112518    0.35263623    0.36265225    0.25878415    0.00000000    0.45700440    0.65263719    0.72849956    0.74199202    0.74082692    1.20092495    1.17259281    1.52536751    1.50551155    0.83767545    0.77345784    0.82480801    0.84402645    0.73394264    0.68396204    0.64312822    0.62918251    0.73554275    0.70278138    0.68082331    0.97019485    1.33199883    1.28097434    1.35872930    1.26079332    1.17973068    0.98210914    0.86553672    1.03329114    0.63574287
E9HF38_DAPPU/332-472     0.47629986    0.41353110    0.40407241    0.40599492    0.43092068    0.39024855    0.54878499    0.35808790    0.49974049    0.35333345    0.49666167    0.38100334    0.45700440    0.00000000    0.62134034    0.61885527    0.80382261    0.78214669    1.23746487    1.20031679    1.45036325    1.52384421    0.86216474    0.84479633    0.75440705    0.83414519    0.66273081    0.65675601    0.73557747    0.60919810    0.76279333    0.68067519    0.65980054    0.95101563    1.32566538    1.25166748    1.31774330    1.30598374    1.30675248    0.95859712    0.85939175    1.06584921    0.61580843
H3DYE1_PRIPA/319-465     0.60849394    0.66601796    0.71619059    0.68032001    0.62923127    0.70029422    0.68074501    0.61014945    0.58727243    0.58515085    0.66093069    0.61318713    0.65263719    0.62134034    0.00000000    0.51815342    0.84723623    0.97174528    1.24919672    1.18507070    1.78405981    1.68055349    1.01783450    0.91153729    0.93829057    1.02612720    0.92178267    0.88682508    0.81331505    0.81372327    0.91437304    0.86736568    0.73319349    1.11142008    1.40861125    1.35972947    1.41174155    1.38460186    1.32878696    1.06857963    0.91648689    1.06372900    0.79441236
A0A2H2I6X9_CAEJA/315-462     0.57992321    0.65165965    0.73046973    0.64378923    0.70290718    0.60999520    0.78408634    0.57268163    0.65715683    0.53311544    0.66986333    0.66970397    0.72849956    0.61885527    0.51815342    0.00000000    0.78856723    0.88228326    1.10991591    1.06773012    1.66842036    1.46779040    0.88516424    0.77852419    0.89372538    0.98192926    0.77403569    0.78387903    0.76703252    0.77950705    0.90567569    0.83043278    0.66166984    1.09587123    1.42004573    1.46630051    1.28694983    1.37262718    1.30254477    1.08235832    1.00614582    1.09069352    0.72355709
H3G976_PHYRM/231-370     0.77475050    0.75546828    0.83400283    0.88392284    0.82305786    0.78166874    0.82601259    0.64246200    0.90873921    0.58877486    0.73334033    0.73676876    0.74199202    0.80382261    0.84723623    0.78856723    0.00000000    0.98799381    1.47309824    1.24964950    1.42746078    1.52961148    1.00766529    0.90249870    0.94942989    0.78970500    0.68894166    0.68800700    0.72878863    0.75627057    0.81822891    0.82722466    0.68560408    0.95929607    1.33896384    1.12079044    1.29933241    1.42193815    1.38422156    1.05408389    1.04041296    1.27016177    0.84640184
E1Z7G3_CHLVA/313-458     0.69578514    0.67851618    0.73183196    0.75172286    0.69519858    0.74393159    0.70247835    0.64026857    0.72966816    0.56272712    0.78991754    0.70552044    0.74082692    0.78214669    0.97174528    0.88228326    0.98799381    0.00000000    1.12160162    0.97769221    1.40883980    1.22613049    0.70398798    0.68180549    0.81110866    0.78959029    0.69297251    0.64566452    0.73816959    0.82177063    0.81307736    0.82890129    0.74448874    0.95514118    1.27016506    1.23489807    1.39388718    1.21227417    1.27157944    1.10540787    1.11144165    1.11639597    0.83317556
A0EEP7_PARTE/148-315     1.33528337    1.33414940    1.19247148    1.29480241    1.33878825    1.25659426    1.32853348    1.30192291    1.33663141    1.25411711    1.26868080    1.21780554    1.20092495    1.23746487    1.24919672    1.10991591    1.47309824    1.12160162    0.00000000    1.32698699    1.64088193    1.53798400    1.69580666    1.62425217    1.24434921    1.09053077    1.06754821    1.05147027    1.15247517    1.14366511    1.09238201    1.24339950    1.24776436    1.65689894    1.88777880    1.91077250    2.02841271    1.82106993    1.86175457    1.39812091    1.39046472    1.58916002    1.33606504
Q4UCL9_THEAN/138-242     1.06166017    1.11234325    1.22264977    1.09943212    1.18751027    1.13710119    1.08820973    1.08179444    1.10812379    1.06513475    1.18385971    1.16715348    1.17259281    1.20031679    1.18507070    1.06773012    1.24964950    0.97769221    1.32698699    0.00000000    1.20584686    1.09011101    1.12527519    0.94388921    1.16999512    1.07267028    1.06515717    0.94701366    1.03464355    1.12438835    1.16364556    1.05591853    1.11400342    1.34519621    1.46681203    1.32174797    1.24409568    1.41380854    1.34513101    1.63856414    1.25260506    1.27980380    1.12404083
Q7RM47_PLAYO/221-365     1.37425811    1.53452805    1.75737272    1.39002031    1.54773811    1.53629100    1.37983608    1.23006139    1.44613463    1.54104241    1.64890044    1.61411029    1.52536751    1.45036325    1.78405981    1.66842036    1.42746078    1.40883980    1.64088193    1.20584686    0.00000000    1.03298674    1.56850069    1.49707012    1.42894136    1.46356677    1.27126381    1.28099884    1.37749435    1.52365537    1.35911294    1.49991734    1.25994270    1.77422908    2.10705406    2.29160904    1.68422137    1.93334443    1.78894120    1.80587155    1.56756784    1.81632107    1.47590806
A5KBA4_PLAVS/265-438     1.22186628    1.38526662    1.70922821    1.40492171    1.50943635    1.36305956    1.17891715    1.23394788    1.25871449    1.33425564    1.57630270    1.54706227    1.50551155    1.52384421    1.68055349    1.46779040    1.52961148    1.22613049    1.53798400    1.09011101    1.03298674    0.00000000    1.40683158    1.25506649    1.39194644    1.35262008    1.18956839    1.14590800    1.33246564    1.47230351    1.28590478    1.34653339    1.27307500    1.73812948    2.04926734    2.26338792    1.62209648    1.73623925    1.68392228    1.98140546    1.55450853    1.71673569    1.35635478
C1E1C3_MICCC/245-389     0.79392728    0.83741055    0.92313308    0.98178703    0.89272398    0.92116591    1.00794468    0.71542191    0.86152595    0.74433461    0.86075478    0.85751629    0.83767545    0.86216474    1.01783450    0.88516424    1.00766529    0.70398798    1.69580666    1.12527519    1.56850069    1.40683158    0.00000000    0.50262450    0.78421349    0.80298542    0.67938686    0.68495954    0.70565776    0.80012721    0.86253407    0.81085106    0.60864494    1.01688018    1.43617127    1.42085027    1.27116741    1.40920900    1.46828724    1.22726343    1.36247573    1.53174387    0.89150177
A4RTQ4_OSTLU/94-238     0.82987437    0.79891481    0.80707547    0.85298871    0.80261474    0.74602083    0.82378573    0.70153516    0.76296723    0.59071326    0.77956122    0.79267820    0.77345784    0.84479633    0.91153729    0.77852419    0.90249870    0.68180549    1.62425217    0.94388921    1.49707012    1.25506649    0.50262450    0.00000000    0.67959395    0.63006687    0.56395505    0.57264384    0.64557739    0.71802203    0.77173051    0.74287255    0.65477381    1.02958778    1.35025509    1.27473127    1.21700786    1.26421973    1.21717899    1.08011691    1.11727916    1.34847506    0.84259155
J3LCV6_ORYBR/201-319     0.86132064    0.82043243    0.78455700    0.73656264    0.80072288    0.73067195    0.87954877    0.84344514    0.85591591    0.73434013    0.81314571    0.77268873    0.82480801    0.75440705    0.93829057    0.89372538    0.94942989    0.81110866    1.24434921    1.16999512    1.42894136    1.39194644    0.78421349    0.67959395    0.00000000    0.42935932    0.34601129    0.33938646    0.43209231    0.59217629    0.64175719    0.56871169    0.95360941    1.18394375    1.33016091    1.27845388    1.44388367    1.47278372    1.33119553    1.12856343    1.19982852    1.49720172    0.86766048
C5XKG3_SORBI/303-434     0.78752902    0.75507136    0.89956309    0.85635924    0.91085817    0.86069296    0.80363279    0.65477017    0.80258152    0.57930087    0.77757722    0.82429214    0.84402645    0.83414519    1.02612720    0.98192926    0.78970500    0.78959029    1.09053077    1.07267028    1.46356677    1.35262008    0.80298542    0.63006687    0.42935932    0.00000000    0.22496373    0.21231996    0.38357472    0.47879391    0.49779471    0.46611214    0.77869700    1.00433314    1.30852901    1.19184994    1.30685625    1.27388267    1.23104233    1.02897347    0.97439276    1.18488777    0.88083877
I1H4G5_BRADI/293-423     0.67510697    0.61734163    0.66831673    0.67609924    0.68712410    0.65603828    0.79473143    0.56690762    0.75852832    0.51534241    0.66758420    0.67697954    0.73394264    0.66273081    0.92178267    0.77403569    0.68894166    0.69297251    1.06754821    1.06515717    1.27126381    1.18956839    0.67938686    0.56395505    0.34601129    0.22496373    0.00000000    0.06054773    0.29568485    0.40690161    0.48627143    0.41267716    0.80500781    1.05795662    1.36981616    1.28281673    1.37131465    1.35613476    1.27999796    1.06233421    1.09595647    1.37431257    0.81160981
F2D0I0_HORVV/297-429     0.68301382    0.62244417    0.64190556    0.67083394    0.68504088    0.65766168    0.76794738    0.53557562    0.74131254    0.50330991    0.62827965    0.64762572    0.68396204    0.65675601    0.88682508    0.78387903    0.68800700    0.64566452    1.05147027    0.94701366    1.28099884    1.14590800    0.68495954    0.57264384    0.33938646    0.21231996    0.06054773    0.00000000    0.30398191    0.41963104    0.53219648    0.42440956    0.80440397    0.98563557    1.35840924    1.25893414    1.27450916    1.29804505    1.30275929    1.02129056    1.00168958    1.22479307    0.79749597
B9IJD5_POPTR/280-413     0.68280756    0.68624282    0.73080865    0.77703034    0.75746112    0.71367570    0.88365343    0.57486258    0.76324537    0.56393331    0.67195059    0.64080412    0.64312822    0.73557747    0.81331505    0.76703252    0.72878863    0.73816959    1.15247517    1.03464355    1.37749435    1.33246564    0.70565776    0.64557739    0.43209231    0.38357472    0.29568485    0.30398191    0.00000000    0.32681589    0.43744505    0.34029155    0.78772995    1.11304975    1.38672119    1.32781962    1.39307966    1.42208444    1.35465527    1.03389185    1.08117459    1.36740171    0.78815231
D7MR97_ARALL/279-410     0.63413663    0.58237006    0.65720689    0.65028988    0.60903932    0.57683333    0.82672842    0.56075985    0.74839253    0.54271074    0.60205439    0.52918182    0.62918251    0.60919810    0.81372327    0.77950705    0.75627057    0.82177063    1.14366511    1.12438835    1.52365537    1.47230351    0.80012721    0.71802203    0.59217629    0.47879391    0.40690161    0.41963104    0.32681589    0.00000000    0.29926020    0.15683066    0.66010787    0.92162524    1.22303187    1.01652507    1.25180326    1.36965032    1.32754415    0.88738763    0.91810197    1.30750280    0.70118841
M4E677_BRARP/266-391     0.74698925    0.80224916    0.74415006    0.77611246    0.71765357    0.71698148    0.90710889    0.71142102    0.86074141    0.68833198    0.68455029    0.63406696    0.73554275    0.76279333    0.91437304    0.90567569    0.81822891    0.81307736    1.09238201    1.16364556    1.35911294    1.28590478    0.86253407    0.77173051    0.64175719    0.49779471    0.48627143    0.53219648    0.43744505    0.29926020    0.00000000    0.22761906    0.78532780    1.10519342    1.33291279    1.22307051    1.39890926    1.46849382    1.41504377    0.96040834    1.03197451    1.41199002    0.90151453
M4F9K7_BRARP/283-414     0.69160289    0.66042667    0.73173217    0.70218650    0.68305728    0.67711028    0.93182252    0.64729441    0.77697120    0.60050551    0.68958344    0.62595281    0.70278138    0.68067519    0.86736568    0.83043278    0.82722466    0.82890129    1.24339950    1.05591853    1.49991734    1.34653339    0.81085106    0.74287255    0.56871169    0.46611214    0.41267716    0.42440956    0.34029155    0.15683066    0.22761906    0.00000000    0.66889023    0.97830573    1.24220340    1.13314822    1.30857174    1.29216169    1.27849222    0.97570076    0.92723863    1.28582668    0.78782893
F4PA81_BATDJ/256-371     0.69518180    0.64544263    0.77432056    0.71620271    0.68733179    0.62778964    0.65191751    0.62284000    0.68792234    0.58594891    0.64535736    0.60541143    0.68082331    0.65980054    0.73319349    0.66166984    0.68560408    0.74448874    1.24776436    1.11400342    1.25994270    1.27307500    0.60864494    0.65477381    0.95360941    0.77869700    0.80500781    0.80440397    0.78772995    0.66010787    0.78532780    0.66889023    0.00000000    0.80353330    1.34313504    1.19961913    1.29962382    1.21913205    1.21686263    0.89599992    0.77992786    1.03040476    0.79523435
B8NHN5_ASPFN/241-377     0.97761280    0.98975232    1.00611525    1.02047921    0.80397519    1.01008154    0.95194092    0.85296140    0.94266010    0.97338633    0.90414779    0.90391915    0.97019485    0.95101563    1.11142008    1.09587123    0.95929607    0.95514118    1.65689894    1.34519621    1.77422908    1.73812948    1.01688018    1.02958778    1.18394375    1.00433314    1.05795662    0.98563557    1.11304975    0.92162524    1.10519342    0.97830573    0.80353330    0.00000000    0.76459900    0.63290595    0.62623639    0.75834733    0.80615686    1.14264991    0.79992134    1.01221318    1.02666612
M3APP5_PSEFD/538-657     1.27888421    1.38701530    1.35151296    1.36111827    1.15150781    1.34478553    1.34333098    1.25769052    1.29519305    1.32465517    1.34713278    1.27952839    1.33199883    1.32566538    1.40861125    1.42004573    1.33896384    1.27016506    1.88777880    1.46681203    2.10705406    2.04926734    1.43617127    1.35025509    1.33016091    1.30852901    1.36981616    1.35840924    1.38672119    1.22303187    1.33291279    1.24220340    1.34313504    0.76459900    0.00000000    0.37593533    0.70792224    0.84356103    0.77025048    1.25456853    0.98354712    1.11477139    1.40451307
N1PDD8_DOTSN/236-352     1.33355630    1.21134139    1.36591611    1.32435825    1.15207322    1.34624364    1.25898014    1.16567120    1.31086726    1.30294980    1.26399697    1.23628172    1.28097434    1.25166748    1.35972947    1.46630051    1.12079044    1.23489807    1.91077250    1.32174797    2.29160904    2.26338792    1.42085027    1.27473127    1.27845388    1.19184994    1.28281673    1.25893414    1.32781962    1.01652507    1.22307051    1.13314822    1.19961913    0.63290595    0.37593533    0.00000000    0.76560754    0.88957587    0.87263744    1.34208056    0.95912182    1.13955097    1.24486678
R4X700_TAPDE/304-417     1.14324922    1.17442153    1.33809782    1.28148061    1.20901141    1.36986091    1.22149186    1.21871490    1.38234529    1.36116635    1.15718455    1.25968582    1.35872930    1.31774330    1.41174155    1.28694983    1.29933241    1.39388718    2.02841271    1.24409568    1.68422137    1.62209648    1.27116741    1.21700786    1.44388367    1.30685625    1.37131465    1.27450916    1.39307966    1.25180326    1.39890926    1.30857174    1.29962382    0.62623639    0.70792224    0.76560754    0.00000000    1.04039951    1.03233377    1.13906579    1.02478724    1.33901609    1.32135791
E4ZVB6_LEPMJ/219-343     1.27481100    1.20405924    1.25066535    1.22832330    1.13180049    1.15374525    1.23227048    1.13890461    1.16944697    1.19705555    1.24148643    1.09121961    1.26079332    1.30598374    1.38460186    1.37262718    1.42193815    1.21227417    1.82106993    1.41380854    1.93334443    1.73623925    1.40920900    1.26421973    1.47278372    1.27388267    1.35613476    1.29804505    1.42208444    1.36965032    1.46849382    1.29216169    1.21913205    0.75834733    0.84356103    0.88957587    1.04039951    0.00000000    0.23908161    1.34793061    1.10832880    1.14119989    1.30529676
M2T997_COCH5/215-335     1.27545657    1.25677510    1.22974630    1.20056229    1.11696899    1.11462252    1.17137988    1.13587802    1.15451170    1.18828854    1.25439314    1.07902969    1.17973068    1.30675248    1.32878696    1.30254477    1.38422156    1.27157944    1.86175457    1.34513101    1.78894120    1.68392228    1.46828724    1.21717899    1.33119553    1.23104233    1.27999796    1.30275929    1.35465527    1.32754415    1.41504377    1.27849222    1.21686263    0.80615686    0.77025048    0.87263744    1.03233377    0.23908161    0.00000000    1.42872290    1.08007804    1.17134466    1.35298319
A0A0D2WQT4_CAPO3/346-494     0.87061964    0.87576062    0.94249699    1.00254667    0.91439350    0.90265403    1.01045273    0.90853779    1.05115933    0.93381428    0.89638113    0.95798264    0.98210914    0.95859712    1.06857963    1.08235832    1.05408389    1.10540787    1.39812091    1.63856414    1.80587155    1.98140546    1.22726343    1.08011691    1.12856343    1.02897347    1.06233421    1.02129056    1.03389185    0.88738763    0.96040834    0.97570076    0.89599992    1.14264991    1.25456853    1.34208056    1.13906579    1.34793061    1.42872290    0.00000000    0.87805116    1.09540781    1.05115445
U5H090_USTV1/256-388     0.81443508    0.84246751    0.94486926    0.92347803    0.89231603    0.96139025    0.93385420    0.89397215    0.92605215    0.83152897    0.89255199    0.83210269    0.86553672    0.85939175    0.91648689    1.00614582    1.04041296    1.11144165    1.39046472    1.25260506    1.56756784    1.55450853    1.36247573    1.11727916    1.19982852    0.97439276    1.09595647    1.00168958    1.08117459    0.91810197    1.03197451    0.92723863    0.77992786    0.79992134    0.98354712    0.95912182    1.02478724    1.10832880    1.08007804    0.87805116    0.00000000    0.79384237    1.19970675
A8N938_COPC7/174-285     1.09501154    1.14333099    1.09085159    1.11713581    1.02977345    1.07532532    1.02638740    1.04902576    1.09303087    1.02281785    1.07556862    1.05275654    1.03329114    1.06584921    1.06372900    1.09069352    1.27016177    1.11639597    1.58916002    1.27980380    1.81632107    1.71673569    1.53174387    1.34847506    1.49720172    1.18488777    1.37431257    1.22479307    1.36740171    1.30750280    1.41199002    1.28582668    1.03040476    1.01221318    1.11477139    1.13955097    1.33901609    1.14119989    1.17134466    1.09540781    0.79384237    0.00000000    1.38969152
A9V286_MONBE/246-373     0.71274990    0.53275388    0.61950525    0.62390028    0.58053944    0.60868404    0.75129900    0.58681829    0.65467796    0.73180677    0.62075865    0.61517412    0.63574287    0.61580843    0.79441236    0.72355709    0.84640184    0.83317556    1.33606504    1.12404083    1.47590806    1.35635478    0.89150177    0.84259155    0.86766048    0.88083877    0.81160981    0.79749597    0.78815231    0.70118841    0.90151453    0.78782893    0.79523435    1.02666612    1.40451307    1.24486678    1.32135791    1.30529676    1.35298319    1.05115445    1.19970675    1.38969152    0.00000000

