7
A0A151THA8_CAJCA/171-305     0.00000000    0.14817222    1.44561861    1.40694456    1.48040549    1.30913587    1.32074680
A0A151QS39_CAJCA/71-205     0.14817222    0.00000000    1.42819186    1.49825790    1.39445596    1.47949281    1.35214970
A0A0N7KKH0_ORYSJ/371-505     1.44561861    1.42819186    0.00000000    0.71109741    0.73002593    1.24334565    1.36600527
A0A0P0YB17_ORYSJ/377-511     1.40694456    1.49825790    0.71109741    0.00000000    0.67249079    1.21110940    1.43797854
J3KVA3_ORYBR/438-571     1.48040549    1.39445596    0.73002593    0.67249079    0.00000000    1.50819694    1.43668933
A0A022QVU9_ERYGU/411-548     1.30913587    1.47949281    1.24334565    1.21110940    1.50819694    0.00000000    1.27257679
B8BKF4_ORYSI/89-220     1.32074680    1.35214970    1.36600527    1.43797854    1.43668933    1.27257679    0.00000000

