98
G3BBE8_CANTC/618-701     0.00000000    0.75543383    0.73860006    0.71392404    0.77646652    1.01541142    0.87974665    0.83464680    0.64869500    0.80361679    0.73435111    0.64102207    1.71424997    1.01994319    1.27648263    1.37885727    1.64142983    1.75191269    2.11775874    1.91221297    1.89441611    1.79909126    1.79579725    1.83769715    1.97332488    2.16258890    1.92764470    2.17413950    1.97659793    1.81061308    2.17171219    2.00122347    2.00725012    1.98881142    1.93166930    1.93245305    2.24050209    2.13191189    2.18753777    1.90398014    1.91386171    2.02877051    1.83003716    2.04398378    2.23443800    2.20210004    2.04987237    2.28313700    2.17603392    1.96703599    1.90241887    1.94752089    2.08887824    2.00485462    2.26202192    1.82320094    2.05721344    1.71270394    2.25224902    2.02127816    2.05696651    2.09506279    2.10266581    2.40897638    3.43762836    2.39736035    3.59195183    2.35721505    2.20859838    2.29233648    2.23050542    2.21412446    1.90908646    2.26147168    2.09269743    2.73366628    2.56370353    2.74498036    2.54867110    2.23524038    2.69711175    0.95637046    1.00684882    0.93308341    0.77067447    0.91690738    0.82835627    0.85191123    0.99650746    1.05215666    0.99763641    0.93741437    0.95425550    0.97905318    0.84802255    0.99445217    0.87381986    1.25036640
A5DE17_PICGU/600-684     0.75543383    0.00000000    0.44943726    0.42917164    0.40864336    0.84148229    0.88134846    0.76570056    0.70050671    0.76318293    0.53001376    0.51018032    1.63761369    1.09641018    1.14497863    1.57487149    1.73159582    1.72243688    1.89866634    1.75151767    1.98410310    1.75212065    1.67594084    1.69308755    1.69235925    1.62309439    2.10386790    2.54190479    2.37427105    1.92451966    2.36576246    2.09924179    1.93926577    1.94850863    1.87171922    2.01900035    2.48193715    1.99351170    2.24661284    2.29683655    2.17999176    2.23359439    2.08575922    2.24492777    2.12089193    2.34514425    1.94579593    2.59431675    2.29118068    2.02868275    2.26884013    2.41393377    2.16595818    2.36878381    2.39426330    1.80589139    2.31924211    1.73271647    2.73462796    2.22716441    1.82844810    2.24073967    2.06324433    2.35672856    3.59360667    2.38891269    3.47193010    2.41316732    2.30215147    2.20845689    2.34075058    2.19940214    2.30411912    2.46385788    2.15904203    2.95299822    2.94446760    3.17048064    2.62721046    2.60679514    2.38793495    0.73495082    0.80893383    0.96008506    0.70974358    0.81461065    0.91094688    0.90931995    0.98309647    1.03348073    1.12957679    0.96533294    0.92673056    1.01383921    0.97016191    0.99569623    0.92885495    1.25056988
G8Y7C0_PICSO/633-717     0.73860006    0.44943726    0.00000000    0.32703795    0.44378350    0.72364738    0.79480331    0.74004802    0.76329390    0.76288754    0.60362262    0.43981947    1.70473898    0.99209471    1.20513003    1.52777815    1.69815185    1.69204023    2.05940006    1.73165307    1.92916979    1.69965573    1.82841980    1.65386405    1.70179954    1.61126885    2.34248536    2.55103305    2.31383274    1.89527571    2.50744718    1.93627137    1.82869752    1.83768155    1.77234882    1.59994477    2.24702461    2.17987710    2.32538124    2.17911283    1.88939034    2.13312024    1.94487661    2.27941385    2.39191316    2.25776897    2.06071921    2.57006589    2.25515266    1.98838275    2.06080800    2.20804885    2.08171138    1.98951652    2.25274279    1.67040123    1.78116605    1.66827336    2.48992210    1.79894455    1.85561308    2.18126588    2.13393384    2.07753609    2.74533586    2.10994274    3.37050319    2.41707253    2.18885970    2.22443400    2.20657203    2.05395740    2.22768748    2.35752900    2.13162438    2.79653811    2.81444545    2.71363240    2.25219531    2.18743393    2.36650709    0.73692246    0.73445429    1.01092813    0.75812112    0.99163198    0.96849351    1.05331951    1.01885786    1.03644190    1.01101904    1.05440411    0.86945586    0.78064010    1.00721703    0.95451382    1.03215424    1.39333230
SET2_DEBHA/626-708     0.71392404    0.42917164    0.32703795    0.00000000    0.37418780    0.62918170    0.65539427    0.70712866    0.65304683    0.61410863    0.50846976    0.43048997    1.53412395    0.95116213    1.26170805    1.47214586    1.52169501    1.79837045    2.11596240    1.75677483    1.86792592    1.85582215    1.97157812    1.96665755    1.88052317    1.80743967    2.11772422    2.38892528    2.40072144    1.77415502    2.46589713    1.85838760    1.61623259    1.69911691    1.64361035    1.64712199    2.12742675    1.86681683    2.13721516    1.74309370    1.76639132    2.01329793    1.58550439    1.95918721    2.11931214    2.10441214    1.69662103    2.24688907    2.00742265    1.69810163    1.83889808    2.00869316    1.90333893    1.94353605    2.12063633    1.62325704    2.02092212    1.46844645    2.42258021    1.82805637    2.01449134    1.93639346    1.79432533    1.95045375    2.91655917    2.14286985    3.19683427    2.23730311    2.09078047    2.13672495    2.12921583    1.94075051    2.10581843    2.25115512    2.01239755    2.40702887    2.39235184    2.93427661    2.62020637    2.23709374    2.31541564    0.90940435    0.76621106    0.98237247    0.70791983    0.92029449    1.03698612    1.02705820    1.05249869    1.11878999    1.13224208    1.13179230    1.00663933    0.80963131    1.05299389    1.00898957    0.94979563    1.43163441
C4Y9S1_CLAL4/628-712     0.77646652    0.40864336    0.44378350    0.37418780    0.00000000    0.75938639    0.91259302    0.80732076    0.68718695    0.72213833    0.50101906    0.51325459    1.63910982    0.97931559    1.25605595    1.54372010    1.57940389    1.88988293    2.05001212    1.69892029    2.04909054    1.89502658    1.80864074    1.81867763    1.79802082    1.79024160    2.13536021    2.30036424    2.40207493    2.02677153    2.48597982    2.05665598    1.90828549    1.81837737    1.73763059    1.77655790    2.33462145    2.10201665    2.15524840    2.06140541    1.91020874    2.01344299    1.89823017    2.28500686    2.22591958    2.31654350    2.01168451    2.55240048    2.23977711    1.92544228    1.95090113    2.08860566    2.13895787    1.91233694    2.17868033    1.63111745    1.98473660    1.60737253    2.53373576    2.11991707    1.81507507    2.05204186    2.07904540    2.09233653    3.00539110    2.07404269    3.17789207    2.37286920    2.21990487    2.09509495    2.19005358    2.07009050    2.26013067    2.31129566    1.98809016    2.75589368    2.91338903    3.10806358    2.64932580    2.27114501    2.30551721    0.93257586    0.86165556    1.13043823    0.75102100    1.04486130    1.08274438    1.04014838    1.13776030    1.16708000    1.24336864    1.09047159    0.92831143    0.98014513    1.01529276    1.09457698    0.97646987    1.41447029
M3JB72_CANMX/641-724     1.01541142    0.84148229    0.72364738    0.62918170    0.75938639    0.00000000    0.75676448    0.63669730    0.62958688    0.65368532    0.58279045    0.67228184    1.97337797    1.29577374    1.53406616    1.74830491    1.79541746    2.10129202    2.06179562    2.04089308    2.06385005    1.86422298    2.02450367    1.66824634    1.67758467    1.87004455    2.28405161    2.52885354    2.42163749    1.88327405    2.21536148    1.61910064    1.42065305    1.71268650    1.50458383    1.44456203    1.55443929    1.78688738    1.90732027    1.88291895    1.53436380    1.84591345    1.54644159    1.97268400    1.96444629    1.92806616    1.60580595    2.10094943    1.75159800    1.51222104    1.88908984    1.92106862    1.76938878    1.69330606    2.01632524    1.30543264    1.64743241    1.43552966    2.29261373    2.24035984    2.21967964    2.10665281    1.80452319    1.95588452    2.89134645    2.12556236    2.83407054    2.21562779    2.20700976    1.92960078    2.25469318    2.10390610    2.17945180    2.27984338    2.10015428    2.58342133    2.51684427    2.82126176    2.66689351    2.20290435    2.16760091    1.04476616    1.06577484    1.25330896    1.05562426    1.29281936    1.40186974    1.28939687    1.55908477    1.49665282    1.49838684    1.70831249    1.32292590    1.21562341    1.34463688    1.49654520    1.20287617    1.79533316
C5M534_CANTT/678-762     0.87974665    0.88134846    0.79480331    0.65539427    0.91259302    0.75676448    0.00000000    0.74206443    0.83424555    0.83642802    0.72061559    0.85386277    1.78727288    1.10162515    1.63773707    1.63592391    1.77043252    1.97162675    2.36689082    2.10961922    1.79979569    1.86574005    1.89575937    1.99733705    2.08456602    2.11143405    2.02452376    2.36004053    2.17424269    1.76516374    1.90400761    2.00014254    1.93237782    1.96243555    1.85281851    1.79852407    2.08844635    2.04733950    2.16843605    1.81565625    2.09977899    1.99139429    1.83770830    2.11072301    1.99945619    2.12720176    1.93283942    2.36514475    2.15344076    1.89406102    2.03044453    2.09415170    1.92408203    2.07664993    2.27032841    1.90242961    1.90183110    1.83294984    2.39580736    2.33276993    2.50825970    1.98193315    1.65764452    2.14304784    2.86396758    1.98442029    2.97718353    2.22284690    1.88262447    1.82154521    2.11444863    2.07454770    1.94783833    2.13996441    1.94016278    2.34810719    2.16334187    3.04681899    2.71250426    2.25194544    2.03379585    1.03759881    1.01667628    1.31667347    1.03104884    1.26406323    1.34646928    1.13367243    1.31738724    1.45029280    1.42027763    1.31808945    1.26889910    1.19758011    1.46050648    1.46383132    1.10989363    1.57886030
SET2_CANAL/720-811     0.83464680    0.76570056    0.74004802    0.70712866    0.80732076    0.63669730    0.74206443    0.00000000    0.73157930    0.74490549    0.70751091    0.69208024    1.29641980    0.98500574    1.23224209    1.71349824    1.85855769    2.14363784    1.87742864    1.73374223    1.92470727    1.72999575    1.71644491    1.71254799    1.77925959    2.00050940    1.98155831    2.21139011    2.05698602    1.79369193    1.99001420    1.76079817    1.75224761    1.86498723    1.82975990    1.78343744    1.95567573    1.87058942    1.93885085    1.87599944    1.81291315    1.75630332    1.83110394    1.96492382    1.97054029    2.05445967    1.60538783    2.05339072    1.99834899    1.75068393    2.03064652    1.89745998    1.85607180    1.79688509    2.01845733    1.75230258    1.66864638    1.68287351    2.73774919    2.50027722    2.48975256    2.09208823    2.01110875    2.00440563    2.73794283    2.03270047    2.77833678    2.34701280    2.33109547    1.84552160    2.06573903    2.04516361    1.80702104    2.30206845    2.05130702    2.72927931    2.65794489    3.47917487    2.95219110    2.20506738    2.52665236    0.96029212    0.91344404    1.12089784    0.91662432    1.05452296    1.14648191    1.05981652    1.25784405    1.30153095    1.40600070    1.37776109    1.23515865    1.10041027    1.17367310    1.16222190    0.96967549    1.22591333
A5DYF1_LODEL/676-760     0.64869500    0.70050671    0.76329390    0.65304683    0.68718695    0.62958688    0.83424555    0.73157930    0.00000000    0.49097136    0.55955827    0.64838536    1.89255711    1.07141293    1.52092294    1.54212064    1.68509155    2.01723768    2.21265095    2.02167459    2.06647822    1.98758105    2.10688265    2.08973143    1.85512412    2.06219023    2.14013685    2.30192058    2.12197267    1.81207192    2.36223742    1.97253850    1.92502316    2.02944939    1.86352206    1.92855664    2.28507161    2.03439768    2.18495010    2.23324785    1.97126372    2.13818231    1.96052054    2.17192320    2.41691659    2.54923724    1.92112587    2.47158663    2.38621681    1.90473047    2.04838590    2.17445809    2.24842934    2.11205825    2.40184414    1.72654007    2.16112556    1.72242502    2.28261873    1.82709103    2.24033713    2.29439156    2.10931221    2.30050257    3.27395140    2.41809470    3.23324250    2.48814098    2.36722890    2.42822226    2.39171851    2.24945852    2.35975067    2.39712702    2.22501282    2.68539790    2.50943842    3.16746073    2.79994552    2.25824476    2.44687891    0.90127445    1.05645998    0.93994909    0.82215812    1.11228491    1.03812271    1.10383422    1.17033635    1.13505456    1.18825790    1.29254870    1.06758881    1.15598664    1.13087493    1.23696041    1.14854859    1.33002053
G8BJV0_CANPC/673-756     0.80361679    0.76318293    0.76288754    0.61410863    0.72213833    0.65368532    0.83642802    0.74490549    0.49097136    0.00000000    0.51016109    0.61325710    2.10674462    1.08600113    1.69305474    1.64794286    1.68730110    2.29757749    2.36545793    2.03765641    2.24835447    2.09252009    2.00530351    1.85228073    1.91875111    2.12103548    2.17623644    2.60955248    2.72153078    2.03634899    2.38828655    2.07042962    1.91174020    2.01973693    1.88606237    1.96855939    2.27237739    2.09368759    2.02656265    1.94360562    1.89761753    2.08044539    2.04053818    2.15366512    2.24011924    2.52605069    2.10922434    2.49613166    2.25620496    2.02035075    2.20245491    2.27697360    2.28849928    2.08447012    2.39224479    1.93433117    2.08374198    1.71490794    2.31793770    1.89430489    2.09193558    2.18336507    1.95510164    2.02726459    2.91711628    2.13688789    3.02528485    2.30212453    1.91525088    2.20587591    2.25392050    2.14938541    2.16551873    2.41215654    2.17211044    2.58347140    2.48171535    3.19208886    3.00462190    2.40833018    2.50683143    1.09135562    1.16345136    1.13061213    0.90809664    1.18889553    1.25342952    1.16576869    1.21875133    1.33113510    1.27952748    1.38526840    1.33145460    1.15374903    1.22543274    1.38758451    1.24035376    1.72250871
G3AM54_SPAPN/609-691     0.73435111    0.53001376    0.60362262    0.50846976    0.50101906    0.58279045    0.72061559    0.70751091    0.55955827    0.51016109    0.00000000    0.33259098    1.71069636    1.14017098    1.32356647    1.48139902    1.49613952    1.97405058    2.01336400    1.93384968    1.86410914    1.91190491    1.83025862    1.88249739    1.86751827    1.81457640    1.93824539    2.41001699    2.47398119    1.88128516    2.43653958    1.88859950    1.93336934    1.90346414    1.74963700    1.45499907    2.18931307    1.87566412    1.98038214    1.91119511    1.83377937    1.82537160    1.70994418    1.98253658    2.23221455    2.22586914    1.85261299    2.25707552    2.09657187    1.66157679    1.76231743    1.98508420    1.97140817    1.87259733    2.12746690    1.58174060    1.91627822    1.48326647    2.19086574    1.88474529    2.27863106    1.90552934    1.77009045    2.00919044    2.84866651    1.89477027    2.92092750    2.08557240    1.92084522    1.99243787    2.04694237    1.89657011    1.97815861    2.22950902    1.83641603    2.33019840    2.20769754    3.11760097    2.70985282    2.10423854    2.16454782    0.85019613    0.76331444    0.83801288    0.88309173    1.00842711    1.02836120    0.93880801    0.81286985    1.07032572    1.00857905    1.01251665    0.91548831    1.01019281    0.99424968    0.98832911    1.07261796    1.39655891
A3LU80_PICST/623-705     0.64102207    0.51018032    0.43981947    0.43048997    0.51325459    0.67228184    0.85386277    0.69208024    0.64838536    0.61325710    0.33259098    0.00000000    1.58823013    1.10105568    1.16344072    1.29409431    1.54062383    2.03031028    2.26842967    1.80679482    2.07637287    1.95924709    1.89372058    1.87385753    1.79390898    1.96314497    1.99146791    2.52549490    2.51679135    1.79120322    2.33696582    1.90701970    1.76967603    1.81965540    1.75401250    1.64597549    2.17947693    1.88056550    2.17846996    1.98667045    1.83612371    1.86695396    1.73864351    2.01792300    2.13756433    2.26818571    1.79534945    2.35769216    1.93471544    1.76337479    1.66697986    1.97810844    1.82514236    1.92456196    2.19738677    1.55462197    1.92026294    1.63783846    2.19306981    2.18649435    2.01480004    1.82748370    1.69594988    1.77210578    2.87915109    1.88802543    2.79063764    1.96030907    1.69436459    1.83120167    1.79750776    1.77692056    1.86456707    2.16452611    1.86817772    2.42560779    2.28940960    3.07763152    2.84913427    2.01390392    2.21211156    0.93520736    0.99428126    0.88714308    0.79072184    0.91715887    0.95511590    0.95109295    0.92385150    0.95741837    1.01097920    1.06247696    0.99097365    0.87522155    0.91173989    0.95012856    1.07422475    1.43583411
D5GEI8_TUBMM/685-770     1.71424997    1.63761369    1.70473898    1.53412395    1.63910982    1.97337797    1.78727288    1.29641980    1.89255711    2.10674462    1.71069636    1.58823013    0.00000000    0.76902802    1.29577222    1.33852121    1.41876835    1.44440148    1.40887608    1.20007119    1.30694095    1.42057497    1.39649759    1.56596538    1.52124473    1.40000204    2.19421135    2.29761209    2.25381880    1.70244668    2.15654279    1.77261316    1.84888126    1.78039393    1.84225082    1.60819031    2.11479192    2.17891462    1.93692170    1.84722379    1.68134970    1.79913741    2.35490205    1.91978689    1.95924167    2.11572329    2.01136163    2.02950359    2.01917185    1.92899373    2.01105047    2.26281669    2.14386364    1.77221249    2.17408121    1.62547107    1.67314987    1.62387943    2.67857858    2.64679982    2.85152655    1.95816803    2.37429618    2.21014891    2.68256995    2.11894959    2.81058620    2.57278781    2.54081676    2.27761406    2.28210412    2.19666120    1.82263738    1.94586139    2.09532692    3.37348199    3.44674102    3.48797220    3.25408405    2.06164334    2.24932283    1.19631133    1.26163904    1.57642633    1.53010737    1.60540208    1.77345753    1.39238145    1.62245938    1.76800816    1.67537398    1.53590311    1.38219282    1.48316396    1.69578534    1.60170166    1.34769962    1.56240551
M7PAU3_PNEMU/704-784     1.01994319    1.09641018    0.99209471    0.95116213    0.97931559    1.29577374    1.10162515    0.98500574    1.07141293    1.08600113    1.14017098    1.10105568    0.76902802    0.00000000    1.09914642    1.12574984    1.32582572    1.31616786    1.36281380    1.26545673    1.41583481    1.24939311    1.25194412    1.55833445    1.52595700    1.33811936    1.42960491    1.45812586    1.42047981    1.21510029    1.66122558    1.46983757    1.45808405    1.54172920    1.39992156    1.20038283    1.62413285    1.94118605    1.71977627    1.40803970    1.27729620    1.40191718    1.59925308    1.59638039    1.61709281    1.48181268    1.64878390    1.73725159    1.73142154    1.67562478    1.55324891    1.52072741    1.56297125    1.57408605    1.97053010    1.40509209    1.26231699    1.43649284    2.73152268    2.44858853    2.54266501    2.24032219    2.41061468    2.20211019    3.13051921    2.19094455    2.76783099    2.41479206    2.32568387    2.17699280    2.48120753    2.34233187    2.11664968    2.61536376    2.37662847    2.84609914    2.96091129    2.56658026    2.44242263    2.60974592    2.71448200    1.12592549    1.10275470    0.95009289    1.09183013    1.21262677    1.31447104    1.14256090    1.31162090    1.22605846    1.21999572    1.25912001    1.20727406    1.11034719    1.24097200    1.24970510    1.20775553    1.52451274
SET2_YARLI/607-686     1.27648263    1.14497863    1.20513003    1.26170805    1.25605595    1.53406616    1.63773707    1.23224209    1.52092294    1.69305474    1.32356647    1.16344072    1.29577222    1.09914642    0.00000000    1.19705217    1.20548447    1.35201756    1.56264674    1.20414306    1.27244228    1.11416495    1.21161563    1.38221442    1.36725050    1.11585422    1.79605675    1.97575943    1.91679612    1.59058594    1.74149711    1.65150554    1.90800933    1.67768014    1.83656090    1.56013747    2.02090681    1.83380947    1.86119144    1.76472598    1.66988788    1.75881740    1.74454608    1.77469929    1.63253122    1.85587846    1.92797556    1.89884780    1.83266265    1.73626768    1.63112000    1.91383754    1.84753312    1.77087528    2.17615365    1.67109236    1.79354775    1.72869841    1.82887744    2.48948874    1.95576849    2.27316802    2.20705392    2.36634547    3.07779522    2.33246843    3.66332626    2.65267688    2.41285658    2.36663409    2.51218466    2.29199090    2.24247948    2.34932801    2.23367076    2.97845444    3.43673047    3.26825206    2.47526811    2.39231153    2.25020137    1.07430776    0.80867069    1.15888810    1.23704717    1.10102667    1.25106175    1.05131138    1.21913390    1.05139066    1.15635138    1.30292296    1.06232657    1.19217637    0.96114857    0.93316796    0.86003696    1.33000653
V5E6W1_KALBG/690-778     1.37885727    1.57487149    1.52777815    1.47214586    1.54372010    1.74830491    1.63592391    1.71349824    1.54212064    1.64794286    1.48139902    1.29409431    1.33852121    1.12574984    1.19705217    0.00000000    0.14455197    1.11713975    1.03222575    0.86273010    0.94119943    0.99157496    0.96394580    1.00574925    0.82825961    1.02683462    1.84182616    1.90559160    1.79466221    1.88227743    2.12410477    1.81082761    1.91760556    1.77268899    1.97806050    1.37697727    2.22710886    2.17953007    2.14502928    2.01818993    1.82958373    1.83109672    2.21648215    2.16112805    2.22548603    2.38489207    2.01974102    2.19566016    2.00027995    2.14302193    1.91216310    2.43068384    2.26214112    1.92855973    2.42858001    1.63302963    1.86498146    1.80859854    1.66108553    1.87478259    1.90071948    1.96248610    1.82571115    1.70452678    2.45254594    1.59517143    2.03071029    2.19868424    1.74525675    1.79204309    1.87257349    1.80272807    1.71612841    1.73378881    1.75392779    2.38866128    2.42585825    2.85825787    2.50934294    2.08882814    1.87539449    1.19507260    1.20841276    1.53003799    1.48867140    1.51682255    1.59846877    1.50409372    1.80845035    1.65436012    1.46148472    1.61096852    1.50193250    1.50285307    1.42870141    1.54176587    1.47839071    1.78296730
SET2_USTMA/863-950     1.64142983    1.73159582    1.69815185    1.52169501    1.57940389    1.79541746    1.77043252    1.85855769    1.68509155    1.68730110    1.49613952    1.54062383    1.41876835    1.32582572    1.20548447    0.14455197    0.00000000    1.16104739    1.09050169    0.91715299    0.95545855    1.00845204    1.06520011    1.11418350    0.91526865    1.08676644    1.80617466    2.02308067    1.97204911    2.04363510    2.18525473    1.94069246    2.02472068    1.84369113    2.10555758    1.58086556    2.39006549    2.24880680    2.15611661    2.07250946    1.95294764    2.01220333    2.18719984    2.10690626    2.22191996    2.46757084    2.11602299    2.23679049    2.02654193    2.11905287    1.99281785    2.43318338    2.30775072    2.05735705    2.45158500    1.72980030    1.93889861    1.88619722    1.69045646    1.98491753    2.03136288    2.05637271    1.92851835    1.81899960    2.57189694    1.67063000    2.09843164    2.38358872    1.87232099    1.98318584    2.09934861    1.98445184    1.83767459    1.86240349    1.88684511    2.41464115    2.61170442    2.81566198    2.42558453    2.22575483    1.97273995    1.33739281    1.18372910    1.33918043    1.49499795    1.57960337    1.51884806    1.38776315    1.73482375    1.69170480    1.56509560    1.52867537    1.43437989    1.51165305    1.47386628    1.52588420    1.40742286    1.89896114
U5HE28_USTV1/801-884     1.75191269    1.72243688    1.69204023    1.79837045    1.88988293    2.10129202    1.97162675    2.14363784    2.01723768    2.29757749    1.97405058    2.03031028    1.44440148    1.31616786    1.35201756    1.11713975    1.16104739    0.00000000    0.64688143    1.04769695    1.01987219    0.96000568    1.04614103    1.04084566    0.96529848    1.06348099    2.07064191    2.63022649    2.41609485    1.84026845    2.27930558    1.95278562    2.10712115    1.81836954    1.85237530    1.66419492    2.35930922    2.30880109    2.30004874    1.82170020    2.18183144    2.01620296    2.24560773    2.15091021    2.32801760    2.28617932    2.21323998    2.13502278    2.15968468    2.05025594    2.26212972    2.17530603    2.30623280    2.15722422    2.46992066    1.88615843    1.98808563    1.85344191    1.88527971    2.41500561    2.26303727    2.37207799    2.56536785    2.62045914    4.24773358    2.40690917    3.47718469    2.82192192    2.35960472    2.57264809    2.64737655    2.34187890    2.08505585    2.00411061    2.43265575    2.91246865    3.08892760    3.84877223    3.15483567    2.66493653    2.53021019    1.40185629    1.46156261    1.58333272    1.67824538    1.55590311    1.82849986    1.42890658    1.84140529    1.59247320    1.79376940    1.83837558    1.62047167    1.48112917    1.72074485    1.64957451    1.39670792    2.25087733
F4RQ42_MELLP/791-873     2.11775874    1.89866634    2.05940006    2.11596240    2.05001212    2.06179562    2.36689082    1.87742864    2.21265095    2.36545793    2.01336400    2.26842967    1.40887608    1.36281380    1.56264674    1.03222575    1.09050169    0.64688143    0.00000000    0.91437272    0.91803142    1.00210999    1.04792702    1.06405391    1.07616899    1.15556455    1.92888282    2.60111516    2.58826867    1.88231124    2.21547225    2.40843738    2.62063475    2.27253023    2.37977284    1.75570178    3.00294256    2.71078259    2.58477738    2.43028214    2.14346878    2.04407046    2.47193720    1.99046644    2.31967301    2.28665428    2.33526967    2.40871516    2.17458584    2.27165558    2.42489329    2.51337599    2.54721048    2.23195791    2.44544263    2.18226606    2.34418260    2.17266069    1.80813955    1.88972241    2.29671491    2.09238977    2.37856159    2.03950099    3.69739061    2.03853403    2.70617302    2.56202901    2.03195715    2.14621478    2.25920815    1.97581745    1.77802920    1.73102725    1.84356212    2.62128081    2.87848959    3.02341760    2.80718518    2.30157331    2.22889030    1.58217214    1.31142288    1.84828483    1.76397031    1.68717470    1.67745152    1.60597512    2.16310525    1.79927823    1.91480298    1.92021551    1.50659288    1.39664909    1.77354452    1.89761620    1.59255884    1.78327171
K1VN37_TRIAC/644-729     1.91221297    1.75151767    1.73165307    1.75677483    1.69892029    2.04089308    2.10961922    1.73374223    2.02167459    2.03765641    1.93384968    1.80679482    1.20007119    1.26545673    1.20414306    0.86273010    0.91715299    1.04769695    0.91437272    0.00000000    0.43148337    0.68364583    0.87457147    0.95849972    0.80712407    0.74769447    1.78958873    2.47679705    2.21153956    1.83042094    2.13704072    1.76319319    1.89860552    1.71562982    1.86791762    1.62077805    2.18208414    1.99986573    2.04723681    2.03559258    2.08885327    2.01934393    2.13297882    2.23944694    2.31400773    2.40345211    1.92154998    2.06287513    1.96294388    1.82557576    2.22626987    2.52652026    2.20058621    1.77315771    2.16143738    1.59982096    1.54864320    1.59101370    1.65431132    1.87959977    2.08674299    2.14751559    2.30504032    2.14318011    3.07792554    1.93707811    2.67125284    2.17919416    1.98746783    2.21457444    2.10246757    1.99510722    1.86380272    1.91478779    1.86685246    2.80628285    2.94643073    3.37457885    3.06972461    2.44266545    2.12918742    1.30081060    1.17652838    1.65522791    1.56918134    1.57237625    1.58431933    1.36028455    2.01575613    1.90580999    2.11369016    1.78129851    1.53350272    1.47947662    1.66734193    1.84073938    1.40982157    1.90091100
SET2_CRYNJ/637-723     1.89441611    1.98410310    1.92916979    1.86792592    2.04909054    2.06385005    1.79979569    1.92470727    2.06647822    2.24835447    1.86410914    2.07637287    1.30694095    1.41583481    1.27244228    0.94119943    0.95545855    1.01987219    0.91803142    0.43148337    0.00000000    0.70972107    0.90311550    0.89069783    0.74191126    0.83024585    1.79579850    2.57950808    2.19397852    2.09318475    2.05349808    2.05692498    2.26885085    2.01102454    2.37850525    1.81081387    2.51033695    2.06928611    2.08810114    2.03784009    2.20040008    2.32592189    2.10795444    2.23527510    2.29660297    2.49579112    2.33192941    2.20400347    2.31738275    2.10077851    2.12092218    2.46076443    2.24901755    2.06968157    2.40433670    2.07437464    1.98228211    1.93582888    1.51790410    1.83603267    2.30497954    1.92243982    1.84226820    1.85603778    2.77124669    1.75771446    2.42493368    2.36531940    1.92774889    1.89977611    1.96953677    1.95939450    1.67612308    1.78668614    1.81825599    2.69209384    2.71757469    3.15158643    3.14915464    2.00684838    1.90986055    1.45818459    1.20586048    1.63298484    1.86482057    1.49379447    1.65044055    1.48571095    1.84101570    1.87543924    1.84177782    1.68770511    1.47026923    1.34532349    1.63866648    1.74720077    1.44355305    1.83054535
A8NJ83_COPC7/652-737     1.79909126    1.75212065    1.69965573    1.85582215    1.89502658    1.86422298    1.86574005    1.72999575    1.98758105    2.09252009    1.91190491    1.95924709    1.42057497    1.24939311    1.11416495    0.99157496    1.00845204    0.96000568    1.00210999    0.68364583    0.70972107    0.00000000    0.31614751    0.34176098    0.37718937    0.45501581    1.82137043    2.41718933    2.11866445    2.09979403    2.18157950    1.85164533    1.83708248    1.71793218    1.92951464    1.79832180    2.13017900    1.99808152    1.83612101    2.15634243    2.06163465    1.79642934    2.10079904    2.40085675    2.42815645    2.32672409    2.07841538    1.99824757    2.22931786    2.08901705    2.12088540    2.44850041    2.34800040    2.15106565    2.56078886    1.99179784    1.59464834    1.86448440    1.86029498    2.02788801    1.76966072    2.06999597    2.25720174    2.01785415    3.18411613    2.10032706    2.82103238    2.36410004    2.26489649    2.07253681    2.23426527    1.97660323    1.86173640    1.92931045    1.85315143    2.61590936    2.98373492    3.34797650    3.29228764    2.29838374    2.04453338    1.45469649    1.18325731    1.48520408    1.99093966    1.57860168    1.56413192    1.47953293    1.76793799    1.69639214    1.85250144    1.70112867    1.54458245    1.54956549    1.65860627    1.75734229    1.35578489    1.94310356
D8QG04_SCHCM/617-701     1.79579725    1.67594084    1.82841980    1.97157812    1.80864074    2.02450367    1.89575937    1.71644491    2.10688265    2.00530351    1.83025862    1.89372058    1.39649759    1.25194412    1.21161563    0.96394580    1.06520011    1.04614103    1.04792702    0.87457147    0.90311550    0.31614751    0.00000000    0.40191878    0.42718224    0.57326126    1.92117870    2.36080489    2.05458126    2.34804612    2.34346126    2.15469625    2.18040794    1.92452313    2.07934650    1.87000111    2.27208966    2.10838270    1.92805879    2.21072466    2.26546255    2.02843511    2.10112227    2.23977562    2.05696314    2.23650117    2.07098103    1.98808195    2.21064469    2.39208394    2.18003381    2.33637798    2.24371931    2.28981459    2.77999848    2.25096517    1.80023012    2.07639886    1.71340805    2.05519432    1.73634723    1.99000364    2.06098517    2.04298517    2.78326446    1.87876111    2.70734953    2.10544085    1.96896047    1.93676258    1.96438560    1.76227691    1.77867870    1.85557169    1.89744259    2.57191685    2.89121892    3.93628072    3.50853039    2.14329647    1.96808645    1.61623729    1.31109235    1.45300352    2.07733263    1.73235320    1.88343771    1.70323399    2.08251587    1.91984922    1.88493401    1.94141666    1.88034527    1.85068884    1.73428207    1.89018696    1.54355725    2.12217621
K5WI14_AGABU/648-733     1.83769715    1.69308755    1.65386405    1.96665755    1.81867763    1.66824634    1.99733705    1.71254799    2.08973143    1.85228073    1.88249739    1.87385753    1.56596538    1.55833445    1.38221442    1.00574925    1.11418350    1.04084566    1.06405391    0.95849972    0.89069783    0.34176098    0.40191878    0.00000000    0.39535188    0.53372316    1.98369451    2.43537733    2.11121369    2.11564760    2.19185134    1.92053127    1.63420279    1.74589372    2.02975114    1.73263415    2.01732379    1.93679835    1.76395706    2.12818087    2.01729357    1.84493958    2.13473623    2.41175781    2.34389021    2.24197982    2.01431410    1.91738043    2.09691743    2.13032873    2.18287852    2.45155949    2.25158417    1.97710802    2.66430803    1.94108486    1.44491754    1.80965128    1.80605866    1.98495859    1.61255806    2.05304271    2.02425278    1.79341501    3.08141275    1.84007131    2.63883949    2.13755565    2.00111256    1.91789930    2.04681224    1.89601607    1.70734092    1.84473580    1.75732403    2.47084858    2.88764202    3.59632361    3.36661003    1.94886850    1.95647213    1.50581352    1.25728662    1.59432061    2.09306029    1.79197886    1.88726653    1.66003453    1.94281926    1.89731544    2.07679729    1.98996328    1.80372694    1.79913044    1.81169821    1.88767645    1.43474738    2.09824119
V2XC11_MONRO/696-777     1.97332488    1.69235925    1.70179954    1.88052317    1.79802082    1.67758467    2.08456602    1.77925959    1.85512412    1.91875111    1.86751827    1.79390898    1.52124473    1.52595700    1.36725050    0.82825961    0.91526865    0.96529848    1.07616899    0.80712407    0.74191126    0.37718937    0.42718224    0.39535188    0.00000000    0.48023109    1.94485505    2.35271361    2.11201303    1.93283983    1.91124590    1.71751553    1.70221204    1.72682354    1.89561269    1.59403496    1.86193856    2.03245260    1.75927195    1.96287393    1.85148150    1.88444517    2.09325099    2.28699309    2.31349495    2.40346592    1.98846444    1.88064522    2.09554784    2.12658815    2.04686579    2.27609238    2.13027834    2.03818033    2.35980876    1.86954686    1.42850707    1.82657287    1.81364897    1.97970242    1.64319845    2.19608571    1.98249167    1.72006213    2.65232765    1.69104125    2.28096976    2.05046279    1.78010040    1.95257408    2.02311757    1.96595979    1.85272434    1.96831529    1.91627925    2.41305586    2.67978452    3.37087930    3.01299116    1.96754693    1.93647194    1.61550855    1.36376363    1.68459461    1.94899513    1.74070625    1.78129888    1.59036916    2.02946437    1.84257085    1.99608507    1.83552853    1.72852190    1.66170237    1.65633975    1.88388047    1.47328954    1.91931940
K5W0Q8_PHACS/634-719     2.16258890    1.62309439    1.61126885    1.80743967    1.79024160    1.87004455    2.11143405    2.00050940    2.06219023    2.12103548    1.81457640    1.96314497    1.40000204    1.33811936    1.11585422    1.02683462    1.08676644    1.06348099    1.15556455    0.74769447    0.83024585    0.45501581    0.57326126    0.53372316    0.48023109    0.00000000    2.10492758    2.31215622    2.17456277    1.97893918    2.17867755    1.70952513    1.90549225    1.80284237    1.96410796    1.59793553    2.01990817    2.21524163    1.97665011    2.24920573    2.17995645    2.14141344    2.33909913    2.44698237    2.27840120    2.53339068    2.20504363    2.11791661    2.13998338    2.20568888    2.18471827    2.57520074    2.36774841    2.22752095    2.55555058    1.88904125    1.54372233    1.90000497    1.83402711    2.06979993    1.77498141    2.06966929    2.14546648    1.94846223    2.98751812    1.83597741    2.49057715    2.24087731    2.04055479    1.95451678    1.91784568    1.86500845    1.95617149    2.04722240    1.80316972    2.61335027    2.77731480    3.59910109    3.08084751    2.09124575    1.87292467    1.28829365    1.15955566    1.42312237    1.94362799    1.71313535    1.73521024    1.44708273    1.98059554    1.82010952    2.00963470    1.93744824    1.64168081    1.55415430    1.66775649    1.78291394    1.38566120    1.97716085
B6K1E8_SCHJY/620-707     1.92764470    2.10386790    2.34248536    2.11772422    2.13536021    2.28405161    2.02452376    1.98155831    2.14013685    2.17623644    1.93824539    1.99146791    2.19421135    1.42960491    1.79605675    1.84182616    1.80617466    2.07064191    1.92888282    1.78958873    1.79579850    1.82137043    1.92117870    1.98369451    1.94485505    2.10492758    0.00000000    0.55957575    0.51230437    2.24004723    2.24238382    2.44866009    2.54287220    2.33966779    2.67226847    2.27987465    3.03554581    2.57873592    2.47960257    2.53079602    2.31503558    2.43358671    2.63261190    2.47202044    2.47001152    2.53491133    2.67482335    3.03472572    3.00509970    2.55433127    2.79918966    2.73644325    2.91938328    2.53953680    3.05970704    2.29667657    2.16138538    2.16743718    2.29093783    2.80874045    2.39356805    2.41265851    2.24947306    2.53000065    3.79277937    2.26029716    2.86961532    2.41434041    2.25196154    2.42124515    2.66904324    2.33215302    2.20423662    1.93918189    2.18353659    2.61696988    2.64537727    3.18068318    2.59933759    2.44577484    2.39594109    1.94643922    1.93287160    1.63914036    2.19501390    2.09303343    1.84322528    1.88834813    1.93150208    2.42393832    2.23669675    2.32219659    2.22603254    2.03226631    2.09834393    2.19922711    2.39356881    2.65470543
SET2_SCHPO/692-778     2.17413950    2.54190479    2.55103305    2.38892528    2.30036424    2.52885354    2.36004053    2.21139011    2.30192058    2.60955248    2.41001699    2.52549490    2.29761209    1.45812586    1.97575943    1.90559160    2.02308067    2.63022649    2.60111516    2.47679705    2.57950808    2.41718933    2.36080489    2.43537733    2.35271361    2.31215622    0.55957575    0.00000000    0.29033642    2.20507321    2.20518430    2.39665903    2.50126637    2.25839664    2.41525424    2.48443759    2.92483766    2.68935047    2.61318751    2.46355158    2.33803067    2.38531555    3.03558276    2.34469128    2.48494903    2.62402572    2.51559461    3.16252660    2.83862789    2.84856395    2.84955491    2.80590373    2.86482625    2.69333044    3.19318077    2.30662067    2.21145876    2.63644680    2.62305007    3.30359441    2.36312980    2.62497997    2.56777624    2.76857395    3.89105246    2.56672145    2.86788405    2.68622935    2.36410923    2.64635156    2.70863370    2.56017076    2.62264672    2.35257899    2.59733566    3.15268956    3.21395504    3.24267700    2.84945289    2.56108452    2.68889115    2.34381585    2.55910943    2.31068684    2.60057238    2.85253817    2.69010296    2.77911382    2.70934524    3.14444117    3.13617120    2.93511844    2.81648069    2.89748599    2.63048316    2.71571358    2.81690538    2.93198257
