138
I0A0C3_FERFK/230-338     0.00000000    0.76788757    0.80539040    0.91016161    0.92530969    0.92785019    0.94947452    0.82218862    1.01799672    1.04756960    0.69417043    0.75182657    0.90446242    0.85152045    0.89659923    0.64714628    0.63451686    0.90840559    0.73935498    1.48381499    1.46892917    1.26694702    1.33884937    1.31505651    1.32099682    1.25061631    1.32088541    1.36530327    1.31338508    1.22062950    0.98293208    1.25153065    1.15519056    1.08692720    1.05339689    1.07445040    1.08946843    1.14368968    1.18890569    1.32692063    1.14894733    0.94239798    0.88249071    0.94454137    1.01641620    1.10154209    1.00494541    1.13078867    1.08675702    0.93363012    0.99673198    1.07275761    1.20767694    0.97483328    0.99574272    0.92343781    1.03878937    1.07969528    0.94453844    1.01248451    1.00837453    0.99727070    1.15824604    1.01193338    1.02319811    0.93441975    1.04251257    1.16943315    1.05415503    1.15045151    1.35951278    1.60161970    1.65660402    0.77147849    0.69585517    0.82597315    0.76301433    0.68362691    1.07987960    1.04541511    1.04559794    2.07460733    1.77907765    2.09176792    2.25875566    1.78436578    1.69593103    1.64819193    1.65774205    1.42953748    1.88630697    1.38708918    1.65613066    1.81618933    1.64093854    1.69607388    1.58600044    1.56514233    1.67969803    1.58116565    1.63880942    1.62233344    1.74944283    1.50773859    1.47701435    1.43198914    1.58493663    1.53106986    1.48828671    1.45914497    1.63027461    1.56606976    1.37983267    1.61425009    1.90253267    1.60162597    1.56125878    1.62083913    1.45947084    1.54280951    1.59403077    1.52324409    1.08116149    0.97502543    1.38932432    1.08534082    0.72554727    0.59707118    0.75736028    0.77305569    0.73820921    0.72156883    0.90742355    0.78052701    0.99076072    1.00071301    1.16388856    0.86199537
A3DMU1_STAMF/229-337     0.76788757    0.00000000    0.53637717    0.47645500    0.61321638    0.84246290    0.86254305    0.79134077    0.93208294    0.91639700    0.62389850    0.73831133    0.98221814    0.62893246    0.69294467    0.68935419    0.67076214    0.74764576    0.62543870    1.34388426    1.26071786    1.12377245    1.18748436    1.16430132    1.25926732    1.12153378    1.19361798    1.27255515    1.31046728    1.19578459    1.05225777    1.08666299    1.11321830    1.06580708    1.04272180    1.06101974    1.11577349    1.10829343    1.08890760    1.04903291    1.03619942    0.99953778    0.90560967    1.00920643    1.10344890    1.18431560    0.91831629    0.90204935    0.95680696    0.93037330    0.89181987    0.94897214    1.06721894    0.94060974    0.81271175    0.91493102    1.00927156    0.90475876    0.77131471    0.89955101    0.83198240    0.78204802    1.15450180    0.99236724    0.85970319    1.17017647    1.13628596    1.25706841    0.88309436    1.17844092    1.65778402    1.84161058    1.72305398    0.84706080    0.75346861    0.90140575    0.74081578    0.73420367    0.87154210    1.01327933    1.19161625    1.90524619    1.57098124    1.76633377    1.93301481    1.53531057    1.93926894    1.48938881    1.47416500    1.38025450    1.37464291    1.25794408    1.48775532    1.53161026    1.48795347    1.65072510    1.44332186    1.39256800    1.43252094    1.52046266    1.48740091    1.43288829    1.63894218    1.40514175    1.40935676    1.40292728    1.52128770    1.62071881    1.47902070    1.45966315    1.54470328    1.54591508    1.33305742    1.50402085    1.60615401    1.44440770    1.17590348    1.28893235    1.25551215    1.31468127    1.33694538    1.45244306    0.94794624    0.88105562    1.12545288    1.00368477    0.60548463    0.66327026    0.61994224    0.85337794    0.82727796    0.79052393    0.88981625    0.66988715    0.95598146    0.88924798    1.01750365    0.83335292
B8D6C7_DESA1/229-337     0.80539040    0.53637717    0.00000000    0.55866667    0.70559393    0.83251893    0.99720854    1.13015702    1.12556059    1.01544572    0.90488699    0.96953944    1.05155091    1.09296869    1.07566707    0.88009881    0.89623926    0.85541012    0.95746870    1.48887947    1.64713083    1.45873300    1.51329904    1.43434172    1.32858993    1.43888209    1.53111706    1.44147183    1.37653210    1.36739046    1.08858649    1.30773525    1.26291101    1.24400873    1.19352256    1.06131673    1.28110221    1.39826141    1.23741555    1.29958878    1.35568701    1.38513112    0.95189722    1.23978659    1.16821769    1.33638336    1.09428958    1.12994679    1.08491622    1.13799225    1.13732185    1.01314504    1.20558718    1.07338392    1.09091906    1.10951970    1.25953959    1.23804607    1.00224266    1.25225063    1.12734201    1.04879980    1.29298227    1.19883300    1.01794547    1.21359140    1.20404946    1.09382276    1.17103338    1.25459082    2.21333162    2.15354165    2.15437226    0.93886004    0.81130094    0.99237368    0.85441189    0.94465671    1.18770465    1.36838353    1.43658536    2.09149850    1.75102868    2.06019606    2.23049778    1.92245185    1.95720368    2.11333031    1.81788125    1.56731928    1.60754957    1.49204404    1.73917972    1.80492409    1.78345917    1.72071495    1.68616198    1.73714730    1.70008729    1.79481993    1.77362810    1.60615230    2.08982912    1.61359684    1.65037668    1.49954017    1.60666631    1.63385756    1.63010313    1.58048718    1.66229427    1.74518264    1.46911143    1.76826127    1.75862485    1.80196077    1.65158328    1.76023903    1.66680292    1.70801073    1.77089840    1.71822213    1.06070580    1.19222114    1.34458486    1.18970365    0.83357638    0.87777766    0.85244973    1.00119491    1.07170930    0.91562547    0.90056529    0.93112259    1.20963602    1.05468231    1.11486932    1.04986706
D5U3A6_THEAM/229-336     0.91016161    0.47645500    0.55866667    0.00000000    0.66618154    1.19058581    0.92579983    0.83609058    0.89343649    0.86535145    0.83660435    0.97852475    1.04961888    0.91420072    0.99798381    0.87603003    0.74722079    0.95872498    0.82912331    1.48753036    1.37774413    1.27584865    1.36552217    1.29417479    1.46570142    1.33624965    1.24839573    1.24521684    1.30840879    1.28730366    1.12000923    1.18379467    1.16422654    1.14548610    1.12488764    1.06133056    1.12954593    1.15248983    1.09334463    1.12980781    1.03852156    1.05170955    0.95991922    1.09854974    1.15194815    1.18549651    1.08164872    1.01394072    1.12022650    0.89862517    1.00899971    1.07600084    1.05714417    0.86516946    0.88494013    1.04863113    1.10307788    1.06093779    0.89583697    1.09010246    1.01279061    1.02539224    1.12695810    1.07433066    1.00838219    1.12450749    1.16800843    1.23970050    0.99907413    1.32190492    1.80341342    1.47630531    1.89155714    0.80967088    0.81735588    1.00416952    0.75944120    0.78878608    1.06390131    1.10419815    1.17809310    2.00846260    1.70492122    2.02523058    2.08934407    1.88290919    1.99929379    1.70438630    1.62932130    1.33607235    1.58883631    1.52966422    1.60192207    1.58601942    1.70532358    1.62474835    1.59883138    1.60452032    1.63704576    1.77258655    1.71537510    1.60379225    1.93363488    1.62397831    1.68731406    1.47912381    1.57456570    1.59651079    1.55033027    1.51871929    1.60200977    1.53887134    1.32221149    1.73950244    1.64325238    1.61408184    1.44019138    1.58150021    1.47438316    1.37281579    1.50078477    1.52458976    1.09247588    1.10653759    1.24032027    1.16555157    0.80743099    0.80679324    0.69556814    0.92176849    0.85615309    0.87588052    0.94046165    0.80648612    1.09216242    0.93670612    1.07604889    0.98575844
I3TDJ0_THEC1/186-294     0.92530969    0.61321638    0.70559393    0.66618154    0.00000000    0.83701195    0.87493884    1.01148741    1.12969260    1.09460730    0.84663766    0.92412396    0.96520509    0.97877028    0.97942879    0.86819632    0.91740199    0.92649895    0.79505015    1.26681632    1.36996428    1.25960847    1.30001481    1.30365507    1.35307933    1.34327651    1.28589187    1.32962210    1.47997435    1.24764364    1.21024817    1.14042824    1.11515571    1.05428545    1.07405383    1.09452209    1.18577469    1.23955384    1.13375420    1.08995618    1.17496505    1.04508717    1.03298969    1.07493217    1.18201253    1.26075188    1.15959173    1.08219306    0.99191676    1.01915656    1.10908555    1.01128085    0.95519548    1.02577573    0.82202561    1.07148086    1.19736006    1.25682634    1.06539187    1.20048938    1.04931785    1.05682554    1.16756617    1.34214883    1.08878311    1.33304811    1.07551947    1.05092168    1.16771858    1.36740841    1.87398891    2.38466667    2.24849388    0.94686785    0.86170180    1.03307201    0.87735993    0.84071459    1.20112760    1.30971819    1.44217748    2.08308742    1.86638942    1.94414330    2.09836967    1.62432828    2.07773725    1.79382935    1.65844807    1.35438924    1.63846981    1.27693396    1.33832295    1.51837358    1.45959556    1.50049152    1.27083599    1.39262803    1.46856207    1.51929074    1.49257454    1.38134798    1.43826066    1.38726126    1.34601463    1.32743025    1.35446196    1.33566132    1.34549351    1.33362767    1.37502734    1.53016686    1.32604753    1.28851895    1.53152620    1.38785972    1.16851599    1.32740563    1.42796866    1.36844085    1.42288801    1.61554953    1.04736670    1.02211270    1.36442818    1.27189361    0.85564264    0.82095069    0.88506491    1.02518912    0.90115327    0.89902844    0.96253430    0.81070278    1.16953951    0.81235891    1.08941066    0.81098853
E0SPM1_IGNAA/231-338     0.92785019    0.84246290    0.83251893    1.19058581    0.83701195    0.00000000    1.19053575    1.06092059    1.23130286    1.17765037    0.79323366    0.93375902    0.88113445    0.92328760    1.00448402    0.80649219    1.04120186    1.14058518    0.99837703    1.63585392    1.56434115    1.66123271    1.64035634    1.61261981    1.26023554    1.47676206    1.62331718    1.47843462    1.40406643    1.34226015    1.25618646    1.37827276    1.37669282    1.34957082    1.26689009    1.35194069    1.47049293    1.42352153    1.35384487    1.41958726    1.30253598    1.22728889    1.18694297    1.35442588    1.32903693    1.40124561    1.19553256    1.17736435    1.30525788    1.16838106    1.32292773    1.16200188    1.45670467    1.24770232    1.18952196    1.28751109    1.26008221    1.37382745    1.01970873    1.12673671    1.22942696    1.00738420    1.43074530    1.31628491    1.10079810    1.38245402    1.27948345    1.28634983    1.16327081    1.49911667    2.25105915    2.23283283    2.32215088    0.96384383    0.85132344    0.89718658    0.95556895    1.04714067    1.25745950    1.47121720    1.53561617    2.15725641    1.89461131    2.09249004    2.29755195    2.20272789    2.06325361    2.27801072    1.72380735    1.87224030    1.95512567    1.59660054    2.10305787    2.04788721    2.13583678    2.18448843    1.99141979    1.87526340    2.06145123    1.99769587    2.00256410    1.98943594    2.28903821    1.74010953    1.83884872    1.74945703    1.76088955    1.68300243    1.88674676    1.79832502    1.88292399    1.99822069    1.75094498    1.79866960    1.90431288    1.99893522    1.73895660    1.82643692    1.74643429    1.64773128    1.73320456    2.19836829    1.08553670    1.03826402    1.26851599    1.17495277    0.95977175    0.99549126    1.01652550    1.16372826    1.09466454    1.21430549    1.20702813    1.09246885    1.30668288    0.97330245    1.11120265    0.97168376
E6N5A2_CALS0/224-330     0.94947452    0.86254305    0.99720854    0.92579983    0.87493884    1.19053575    0.00000000    0.93160756    1.02739719    0.94767215    0.69559486    0.82723892    0.90345932    0.77921935    0.91047146    0.82787232    0.64539081    0.93235100    0.79084089    1.27929814    1.16770090    1.25760581    1.24217416    1.20557914    1.20947313    1.20768132    1.11005970    1.25112955    1.28721502    1.17048564    1.07554112    1.11886466    1.21460184    0.95189991    1.06314785    1.03663827    1.14577857    1.02046628    1.10693516    1.19102429    1.07621816    0.96767331    1.04964842    1.09117442    1.07945418    1.04791138    0.96498756    1.00642386    1.10898968    0.83546793    0.90770482    1.06957051    0.96682067    0.87618240    0.99952823    0.94323919    0.99935730    1.07373597    0.79529747    0.98972108    0.85079204    0.90201091    1.24374214    1.15403363    1.18135965    1.26611171    1.18271509    1.15575687    0.98913902    1.49581873    1.85678251    1.65153064    2.13942903    1.02127283    0.90749401    0.81241055    0.85119623    0.99812836    0.90891733    0.93957685    1.12910892    1.97971007    1.96227908    2.28843900    2.24340860    1.65321648    1.88185813    1.62863381    1.75706608    1.77987442    1.66987211    1.52836258    1.51106198    1.56828425    1.58255488    1.62107797    1.44119974    1.58078181    1.56140822    1.61899510    1.68473619    1.68167055    1.67715984    1.65733885    1.48670467    1.37599432    1.52827883    1.57486058    1.43051992    1.36472642    1.44367857    1.69888439    1.47555631    1.50972215    1.60684634    1.49008805    1.35991857    1.41955041    1.39985239    1.37893358    1.36834971    1.53430470    1.01368690    1.14647696    1.29119737    1.26850304    0.83249493    0.74294956    0.77793426    0.94513115    0.95860392    0.94906225    0.99180031    0.80896101    1.18139857    0.88691913    1.16155797    0.91558046
K0ILI1_NITGG/223-328     0.82218862    0.79134077    1.13015702    0.83609058    1.01148741    1.06092059    0.93160756    0.00000000    0.93181236    0.81251185    0.80156392    0.86901924    0.91463050    0.82975677    1.08240495    0.88720847    0.87261888    0.96180275    0.93401217    1.41823757    1.36023277    1.18848981    1.33617052    1.32068305    1.32839617    1.32131655    1.15363946    1.29367909    1.35103635    1.22542231    1.08015965    1.12621595    1.15384393    1.18042943    1.29915994    1.19360184    1.17671965    1.09627883    1.20094422    1.29232769    1.04153824    1.03595530    0.93345387    0.97421165    1.20420445    1.04443703    0.93142026    1.11895493    1.17115320    0.99061775    0.79338749    1.03776830    1.14745743    0.95266742    0.87524190    0.97144365    1.10074513    0.97470295    0.82452047    0.95531238    1.03801343    0.91936991    1.18057800    1.17061304    1.14795683    1.15059697    1.13774461    1.18854743    1.04669500    1.39123843    2.06285680    2.23354692    2.07708658    0.95882985    0.85454002    0.85264245    0.81457784    0.81634862    1.11571270    0.98012201    1.08876891    1.71070610    1.81198094    1.88213306    1.78299341    1.62856671    1.82857542    1.66422996    1.64321638    1.39836881    1.83927972    1.52794192    1.71960544    1.57459044    1.54793086    1.62183610    1.58482746    1.56384115    1.56012111    1.64546059    1.68308120    1.65094365    1.89146334    1.52363091    1.44626609    1.41936228    1.43658643    1.46136900    1.43744874    1.46443896    1.46346336    1.70288789    1.29192135    1.68325073    1.68946305    1.52795596    1.42924209    1.51899740    1.34961311    1.49945990    1.59843134    1.43602646    1.03903147    0.89177647    1.08176919    1.04731229    0.81871271    0.80044303    0.86620978    0.85079568    0.88654315    1.06665258    1.03016954    0.88505783    1.11726642    0.89464850    1.08102617    0.79363114
A9A4X6_NITMS/224-326     1.01799672    0.93208294    1.12556059    0.89343649    1.12969260    1.23130286    1.02739719    0.93181236    0.00000000    0.48864149    1.00741941    1.05802396    1.13903920    0.86535561    1.06629254    0.87843956    0.86349173    1.00931520    1.09972355    1.50829579    1.57394793    1.24588112    1.46050520    1.39409218    1.52949110    1.29855266    1.23884206    1.48337232    1.34577811    1.42669806    0.99232724    1.16740525    1.22102202    1.18070930    1.18105414    1.06831642    1.27039021    1.12050749    1.11843279    1.11781974    0.96678228    1.06680238    1.08854970    1.17024519    1.17582948    1.09376494    1.16266153    1.05291688    1.03013098    0.94833019    0.78554741    0.98338120    1.19731072    1.08484580    1.04927474    0.97305487    1.04618601    0.91240821    0.91363331    0.90388881    0.97098640    1.04097928    1.08099833    1.09068291    1.14615350    1.12468769    1.20847686    1.20232472    0.94329430    1.46440562    1.47882253    1.79731214    1.44739319    0.99153805    0.85717571    0.91779990    0.72536519    0.82600543    1.08325038    1.01989043    1.04526180    2.00565418    1.91144505    1.64485993    1.84174522    1.60667327    1.71062504    1.67449096    1.92268465    1.72134846    1.94827286    1.76031270    1.70424871    1.73587299    1.74248905    1.93739895    1.78050684    1.72237500    1.70546721    1.93870245    1.98296906    1.81090769    2.00053530    1.60320650    1.63320306    1.66052789    1.76512168    1.87356650    1.68930423    1.68304155    1.84376672    1.94540487    1.68565360    1.84128590    2.00037624    1.69143765    1.60111290    1.56761700    1.57089093    1.75789011    1.87954332    1.62209222    1.15301881    1.28006905    1.37901888    1.38539390    0.89391819    0.94648517    0.84571212    0.87656393    0.84235273    0.91375111    1.12655902    0.91609885    1.25867778    1.15768878    1.15795356    1.16660356
A0RY45_CENSY/221-323     1.04756960    0.91639700    1.01544572    0.86535145    1.09460730    1.17765037    0.94767215    0.81251185    0.48864149    0.00000000    0.88694401    1.08037220    1.07567928    0.99383284    1.10596733    0.92313982    0.87612747    1.03902849    1.05001643    1.54072500    1.54018733    1.24720697    1.47627101    1.46178577    1.55568181    1.39889639    1.46043590    1.65703475    1.42497118    1.53726538    0.99599941    1.18163665    1.22385874    1.21051435    1.15921238    1.06224255    1.15292406    1.18685093    1.08147816    1.09610532    1.02252259    1.02389247    1.01184510    1.04539998    1.14965517    1.16286939    1.10440561    1.02803980    1.02113160    0.86281250    0.80638307    0.93338737    1.15041485    1.03194194    1.12884194    1.00787140    1.08496823    1.10763454    0.98255880    1.15395246    1.12532205    1.02941443    1.11484747    1.12357868    1.02090933    1.07554489    1.08603840    1.10763302    1.06966585    1.36099692    1.61660380    1.80604832    1.61687403    1.01369839    0.89767257    0.99129703    0.83649649    0.95206710    1.27306424    1.10251096    1.16674932    1.77680191    1.59709570    1.62466782    1.81106314    1.38283744    1.57341796    1.51848875    1.92778785    1.82017110    2.01318732    1.74754793    1.77390634    1.71354484    1.65219376    1.70483834    1.65644233    1.58846225    1.63447958    1.65994044    1.87758871    1.70764624    2.09035725    1.61422206    1.59587552    1.45525485    1.51444626    1.62029858    1.59802013    1.48040739    1.66261904    1.83277681    1.51261844    1.77011252    1.86661326    1.50416611    1.45175216    1.52042397    1.40412117    1.52957550    1.56954724    1.38643191    1.07645293    1.16948963    1.31473183    1.21441167    0.91613405    0.87421179    0.87205823    0.94552292    1.04024385    1.03856742    1.16184940    0.78714795    1.45629448    1.03056696    1.31087769    1.04391704
A2BK99_HYPBU/228-336     0.69417043    0.62389850    0.90488699    0.83660435    0.84663766    0.79323366    0.69559486    0.80156392    1.00741941    0.88694401    0.00000000    0.66114402    0.69312270    0.45782233    0.59014965    0.34883017    0.36785662    0.72141316    0.48330276    1.26793092    1.23713265    1.11254954    1.11040729    1.12363195    1.05204963    1.20261840    1.18805488    1.17613826    1.21431856    1.07855728    0.81649204    0.90279424    1.00848730    0.93994289    0.89370248    0.90530511    0.90498724    0.85457311    0.85124058    0.98973832    0.82696429    0.80176668    0.72958428    0.91196905    1.02301349    1.08914339    0.78536775    0.86878441    0.86364322    0.63260049    0.65012171    0.80122784    0.83802182    0.74086966    0.67516043    0.83810698    0.88514008    0.72305081    0.59210103    0.75191358    0.77065155    0.59711142    1.00319873    0.80993414    0.83462352    0.90888242    0.93036000    0.89537513    0.70051434    1.24056972    2.03288583    1.56466441    1.73406409    0.70165837    0.63589775    0.66984842    0.61270524    0.54102629    0.70276532    0.77902590    0.90272583    1.80494504    1.66934769    2.10803978    2.08288499    1.59027990    1.91549036    1.40515035    1.49923305    1.40547783    1.56073931    1.44894249    1.42936674    1.52351510    1.55252191    1.57036689    1.48927887    1.45897835    1.37650345    1.47130805    1.38626274    1.48638908    1.59401999    1.43651811    1.41160763    1.28227597    1.39034236    1.43471598    1.37531636    1.32183690    1.33344602    1.52771778    1.38823600    1.37132533    1.65046701    1.54473055    1.39682457    1.43843265    1.36047960    1.33255931    1.47170166    1.37233590    0.80193356    0.91243178    1.09797493    0.99989386    0.54386162    0.49971717    0.43980746    0.60692568    0.63917643    0.63441611    0.82207641    0.52180242    0.99186506    0.69834616    0.98366380    0.87437242
G4RL22_THETK/199-304     0.75182657    0.73831133    0.96953944    0.97852475    0.92412396    0.93375902    0.82723892    0.86901924    1.05802396    1.08037220    0.66114402    0.00000000    0.33404084    0.57652441    0.68468040    0.62262381    0.62366401    0.76855823    0.63587633    1.11607973    1.15372249    1.06623504    1.15569777    0.99865303    0.93076435    1.17214960    1.18280230    1.10820001    1.24245596    1.15477979    1.02145558    0.90158622    0.96238701    0.90428547    0.94649803    0.89403152    0.88333572    0.85599605    0.95123911    1.06313467    1.04466340    0.87529184    0.92175464    0.87613392    1.12698037    1.05071374    0.96889026    0.85484335    0.89977118    0.83789293    0.93589977    1.01344390    0.70688543    0.83178342    0.75872836    0.99023678    0.98186983    0.82037210    0.78715373    0.78250710    0.78812228    0.72251328    1.10233310    0.97563903    0.95963542    1.18545664    0.97402692    1.00774568    0.84155822    1.37065780    1.69764311    1.47181877    1.66721276    0.87407567    0.83131095    0.84324925    0.80927355    0.82123806    0.98670956    1.02626038    1.26220949    1.64393757    1.64386095    1.86394123    1.82649753    1.61128481    1.77890828    1.62871587    1.51966462    1.33749625    1.60570277    1.39206603    1.64167290    1.51073030    1.50425675    1.49778907    1.50851965    1.44625215    1.40000956    1.41450120    1.38458376    1.45260011    1.66144750    1.44640781    1.46825432    1.48614185    1.54232129    1.57133308    1.45097775    1.48611722    1.41380972    1.53167166    1.41831154    1.62415876    1.59448284    1.45924723    1.23134246    1.35506931    1.23241834    1.67481969    1.85148465    1.55456086    0.94810959    0.89569356    1.07301218    1.00830536    0.73715992    0.62380438    0.69747382    0.93792926    0.90977280    0.77703404    0.93905629    0.85481476    1.01857984    0.80948865    1.04870652    0.88007251
Q8ZTN9_PYRAE/226-331     0.90446242    0.98221814    1.05155091    1.04961888    0.96520509    0.88113445    0.90345932    0.91463050    1.13903920    1.07567928    0.69312270    0.33404084    0.00000000    0.66979733    0.64370336    0.63580388    0.82170093    0.93976596    0.74702584    1.19728519    1.23422861    1.23255031    1.39769565    1.16770549    1.09390652    1.33505420    1.41272473    1.20870495    1.28508221    1.19013228    0.98259826    1.04595223    0.92890116    0.86652629    0.97241314    1.03584305    0.95008399    1.01922424    0.96878997    1.10310566    0.95684042    0.92340108    1.10612528    0.87663667    1.18931383    1.30517585    1.02265137    0.97623375    0.98526226    0.94670575    0.99518398    1.00908307    0.91736610    0.87289781    0.78855848    1.03210874    1.06200386    0.97664356    0.85492922    0.78911981    0.84128492    0.95292735    1.10248177    1.08821421    1.07496098    1.11785726    0.89450503    0.85893942    0.87834786    1.24789160    1.66275078    1.46343359    1.85595191    0.77977008    0.85610932    0.77335292    0.84200850    0.86902654    0.97390835    1.08134595    1.26896475    1.96606089    1.90107636    1.97541330    1.99816493    1.61135825    1.92154315    1.82617376    1.79024460    1.44336619    1.64233556    1.44152204    1.60050375    1.55871844    1.50325072    1.56461329    1.44681135    1.48286443    1.53401684    1.42724287    1.45088671    1.46406449    1.74373454    1.52641930    1.53083641    1.43932331    1.41558471    1.56938336    1.42403096    1.57744080    1.51877796    1.55323722    1.45401544    1.66192381    1.47190888    1.30083638    1.20429454    1.27753676    1.21665466    1.60433119    1.79811463    1.61012643    0.86677819    0.74534542    0.89695469    0.88803372    0.81887159    0.68236425    0.73372534    0.97486390    0.84451466    0.71635208    0.79150074    0.94085134    1.14804477    0.82469589    0.97827098    0.89980118
A8M9N8_CALMQ/245-350     0.85152045    0.62893246    1.09296869    0.91420072    0.97877028    0.92328760    0.77921935    0.82975677    0.86535561    0.99383284    0.45782233    0.57652441    0.66979733    0.00000000    0.32262622    0.53345831    0.48850401    0.88869083    0.62655132    1.20596081    1.20890470    1.11395031    1.08126075    1.10675254    1.06768382    1.07617599    1.10516884    1.09764451    1.23693487    1.07290325    0.79813765    0.97217552    0.92598125    0.87372946    0.94101413    0.85626360    0.95705100    0.86265198    0.87463993    0.97997810    0.89368837    0.80316415    0.94806576    1.02829340    1.02014914    1.09135929    0.82754653    0.89426355    1.05345505    0.93318110    0.83876980    0.89315761    1.00869950    0.84924366    0.92553515    0.81022092    0.80414983    0.79822728    0.72104804    0.68971144    0.80716720    0.84648030    1.09176389    0.95240560    0.94274648    1.06135378    1.08983745    1.07028244    0.69645177    1.35422404    1.62867768    1.64165711    1.71087209    0.75082347    0.73895034    0.83020036    0.69509164    0.65653797    0.85994486    0.92472855    1.10217000    2.02188005    1.94770395    2.11349162    2.12786916    1.64316560    1.96729842    1.48577214    1.54358114    1.39449390    1.72072707    1.64167197    1.51744077    1.59903764    1.52500812    1.66163099    1.45417705    1.46862789    1.40893779    1.47118850    1.47636617    1.44267143    1.69572548    1.37757547    1.35006842    1.36824836    1.44569453    1.45931013    1.43367227    1.37731608    1.49956495    1.42937498    1.38689965    1.60681554    1.59767878    1.52588565    1.41977345    1.53999831    1.48122696    1.39906871    1.58348248    1.46725302    0.75674760    0.86875299    0.98844687    0.93660186    0.62929502    0.74585125    0.69276350    0.67659100    0.75436219    0.76652757    0.94370893    0.81273944    0.99669277    0.64433388    0.91276172    0.90283825
E1QR96_VULDI/229-336     0.89659923    0.69294467    1.07566707    0.99798381    0.97942879    1.00448402    0.91047146    1.08240495    1.06629254    1.10596733    0.59014965    0.68468040    0.64370336    0.32262622    0.00000000    0.68534685    0.60084774    0.86099855    0.71994345    1.08044648    1.03569117    0.81813183    0.96827556    0.95427399    0.94861743    0.97375109    1.02793668    1.03327686    1.05757660    1.02487571    0.99399816    0.97780458    1.04238095    0.98570888    0.94504893    0.85191574    1.03841404    0.92916578    0.89392162    1.05386321    0.93698901    0.87034178    1.07700597    0.95345478    1.14892991    1.11374975    0.89522646    1.05337042    1.01976688    1.01044145    0.98826550    0.99495157    1.07670054    0.87615715    0.91748673    0.85121499    0.94371595    0.92984653    0.71763076    0.73937514    0.74263758    0.88974015    1.18145124    0.95180230    0.99214527    1.09779729    1.03964470    1.00787966    0.71566534    1.08416560    1.68209778    1.58456692    1.70139032    0.90015680    0.83520315    0.81130982    0.78549926    0.72630246    0.84610183    0.94806859    1.04584297    2.02043629    1.99645017    2.21817106    2.28125396    1.77953440    1.98831238    1.64519223    1.68378284    1.56305676    1.88727874    1.46392681    1.49157079    1.71859920    1.54433802    1.74016830    1.48051069    1.46362587    1.47361008    1.45058732    1.53651385    1.54098039    1.58692203    1.43089040    1.35151883    1.32685425    1.37333324    1.49907813    1.42358016    1.36254154    1.54276888    1.38885005    1.31762388    1.50936878    1.75164252    1.59106215    1.57638991    1.57507523    1.51592679    1.40893863    1.61623608    1.62505677    0.96224994    0.93370794    1.08243551    0.94568413    0.68606447    0.78959211    0.76760090    0.87701786    0.78403452    0.75261334    0.99905823    0.91651067    1.04776140    0.83033902    1.01623277    0.94802900
G0ECZ7_PYRF1/227-335     0.64714628    0.68935419    0.88009881    0.87603003    0.86819632    0.80649219    0.82787232    0.88720847    0.87843956    0.92313982    0.34883017    0.62262381    0.63580388    0.53345831    0.68534685    0.00000000    0.35133574    0.77775176    0.48667591    1.37773018    1.43694045    1.20759844    1.21247777    1.22573339    1.22004531    1.33239334    1.23680172    1.38158073    1.28749813    1.15593087    0.89178855    0.99082542    1.04148987    0.90596042    0.97688350    1.00134331    0.97937381    0.92785365    0.92058286    1.07190943    0.89269356    0.85281451    0.79992941    0.86236274    1.02170010    1.15580552    0.74999686    0.80011938    0.82775265    0.61461832    0.79850050    0.76548295    0.83934215    0.78746384    0.63340620    1.00849186    1.02519488    0.77113111    0.70667584    0.81872940    0.86599026    0.64170113    1.00706465    0.94628929    0.94776157    0.85305461    0.89146909    0.88655726    0.88700864    1.19667033    1.84230018    1.85930295    1.57306299    0.70682155    0.68187510    0.74158463    0.69161196    0.61685119    0.72241655    0.73982622    0.87020401    1.82739738    1.84275178    2.00258608    2.26403500    1.77844077    2.00293280    1.51124466    1.60178948    1.29284210    1.53321486    1.38733127    1.65614038    1.71753468    1.64766447    1.75452408    1.59596793    1.53763866    1.48995309    1.67010786    1.57032796    1.66200777    1.64568743    1.43117094    1.55395038    1.36828747    1.44818382    1.41600125    1.42361252    1.29506484    1.43262822    1.38782691    1.30783793    1.41956304    1.79624463    1.51341333    1.27209725    1.28605466    1.37490065    1.27640560    1.36519176    1.28894994    0.75288888    0.81748681    1.06261714    0.97649677    0.68912987    0.50600181    0.56865329    0.63854947    0.74040578    0.67296834    0.72244833    0.57808202    0.91724471    0.79361493    1.17895015    0.99932762
A1RY37_THEPD/223-330     0.63451686    0.67076214    0.89623926    0.74722079    0.91740199    1.04120186    0.64539081    0.87261888    0.86349173    0.87612747    0.36785662    0.62366401    0.82170093    0.48850401    0.60084774    0.35133574    0.00000000    0.70764011    0.48707319    1.15719622    1.17193782    0.89538184    0.90146156    0.92666387    0.99380523    1.12348803    1.09518280    1.09551621    1.00790563    0.94297295    0.91119434    0.96987109    0.99145193    1.03932360    0.96516354    0.87214144    0.92378843    0.83090849    0.94666049    0.92044971    0.87807014    0.81370023    0.82875301    0.83440221    0.87632409    0.93090141    0.82895730    0.98914144    0.96404206    0.72664529    0.85153384    0.96194816    0.79233558    0.78260999    0.66405013    0.95222022    0.99308402    0.83934623    0.68015266    0.78150427    0.79859331    0.76559114    1.09589666    0.85870994    0.90953592    0.94453810    1.00553567    0.96975654    0.87933546    1.28431522    1.95923298    1.39533193    1.66921775    0.74594554    0.67448843    0.82067145    0.63787132    0.63313540    0.87555912    0.96794226    1.12470872    1.83612209    1.82757880    2.17806215    2.29174273    1.53994291    1.73801054    1.39778269    1.66466765    1.56794847    1.55631741    1.41589358    1.68989780    1.65517605    1.75604189    1.68439258    1.76878406    1.58429831    1.53792794    1.75448406    1.63709620    1.70714883    1.68145236    1.55457306    1.38379147    1.33391080    1.43227631    1.43835006    1.32933107    1.31267366    1.38983418    1.51122745    1.37604951    1.50893009    1.52363059    1.43907836    1.25201469    1.34608531    1.35592252    1.27615622    1.42460384    1.20657981    0.80332614    0.95792223    1.22035289    1.08061613    0.60440657    0.57724626    0.63643654    0.66481890    0.76189679    0.72530344    0.80185219    0.64041618    0.85548611    0.82427860    1.20182193    0.96309777
B1L6P5_KORCO/221-328     0.90840559    0.74764576    0.85541012    0.95872498    0.92649895    1.14058518    0.93235100    0.96180275    1.00931520    1.03902849    0.72141316    0.76855823    0.93976596    0.88869083    0.86099855    0.77775176    0.70764011    0.00000000    0.61551732    1.10632796    1.18828172    1.00432202    0.98463629    1.05656728    1.08527401    0.99136552    1.10857576    1.13680319    1.25958991    1.18208423    1.10146956    1.00339516    0.98453811    1.03855647    1.07310094    0.99908993    0.87602824    0.95373888    0.94896006    0.99858256    0.89329110    0.92472740    0.92767492    1.02670849    1.03255099    1.08960008    1.10509902    1.13774177    1.07787519    0.88143787    0.93188562    1.02031638    0.93693974    0.99056885    0.85059462    0.99063736    1.07136016    0.90917378    0.85389216    0.98100891    1.10795258    0.80340975    1.17375850    1.14805621    1.10719285    1.22593836    1.21175494    1.27633838    0.82185282    1.03548864    1.96496265    1.86691472    1.93274914    0.84944525    0.86440763    0.86912804    0.76000396    0.86302313    1.02337804    0.88577150    1.06855043    1.74227405    1.97062334    2.01223754    2.08011899    1.80010081    1.97339892    1.52978350    1.41174414    1.49474785    1.40186088    1.41013090    1.60708700    1.45781054    1.52663468    1.46019626    1.56535655    1.46540274    1.35986854    1.49539818    1.34144770    1.35793686    1.68758241    1.47697391    1.35318420    1.40695157    1.53263926    1.55185252    1.46706911    1.45588829    1.40931475    1.39373668    1.30738117    1.50296282    1.68614135    1.75833269    1.42006975    1.38910685    1.29850042    1.64123421    1.78969793    1.55722606    0.85190487    0.93868067    1.03769374    0.90841183    0.72670127    0.68296840    0.70243728    0.86125479    0.99353596    0.75671279    0.73267657    0.82259180    0.87200520    0.83369487    1.06839070    0.92359069
Q8TYC9_METKA/224-331     0.73935498    0.62543870    0.95746870    0.82912331    0.79505015    0.99837703    0.79084089    0.93401217    1.09972355    1.05001643    0.48330276    0.63587633    0.74702584    0.62655132    0.71994345    0.48667591    0.48707319    0.61551732    0.00000000    1.25452913    1.20597886    1.14210229    1.05492437    1.06582175    1.09452205    1.15536294    1.22687302    1.12048860    1.23809620    1.02970715    0.87049222    0.83630929    0.89503780    0.70666390    0.79038440    0.79953749    0.83950431    0.90736034    0.77113377    0.88072172    0.76662880    0.65400412    0.80070338    0.91053534    1.04540575    1.13414453    0.81463243    0.83690924    0.76658666    0.76422936    0.78969195    0.91325848    0.79088327    0.83195840    0.70852316    1.01855416    0.91972880    0.74570501    0.70433092    0.79596544    0.82349767    0.69601486    1.03691985    0.89758764    0.88076939    1.11286547    1.01037636    0.93787798    0.79153537    1.15001346    1.86552730    2.11591849    1.97663504    0.80759476    0.80628337    0.78988923    0.73566955    0.68417805    0.84804722    0.95788581    1.11160242    1.95838767    1.86169121    2.23827443    2.32591580    1.44610075    2.04067489    1.66122367    1.61067127    1.59030055    1.38528713    1.42199473    1.67245690    1.54385101    1.54679547    1.61438205    1.49422835    1.41425809    1.45733575    1.48677566    1.36688648    1.43287004    1.64760835    1.35154854    1.30962263    1.38100853    1.41205202    1.48544590    1.35004348    1.28331891    1.31135241    1.31037432    1.18481450    1.45274324    1.43574264    1.33884366    1.25443804    1.31570322    1.28151261    1.35457244    1.43647738    1.42914094    0.87102743    0.81009833    0.98890455    1.00606306    0.60075135    0.52910638    0.50861873    0.72803454    0.68525181    0.64951381    0.83045692    0.60164842    0.81947469    0.71984841    1.16297819    0.86051263
Q9HP92_HALSA/221-326     1.48381499    1.34388426    1.48887947    1.48753036    1.26681632    1.63585392    1.27929814    1.41823757    1.50829579    1.54072500    1.26793092    1.11607973    1.19728519    1.20596081    1.08044648    1.37773018    1.15719622    1.10632796    1.25452913    0.00000000    0.31796896    0.45538907    0.62443362    0.46271887    0.54940959    0.60093015    0.60529572    0.50181506    0.66972585    0.59085496    1.28489065    1.20565607    1.05584902    1.27848120    1.12213720    1.09217157    1.46956735    1.07945153    1.06929462    1.17157301    1.10936567    1.02394944    1.68804470    1.26937450    1.34041091    1.17436233    1.27668953    1.37069567    1.20417667    1.41083234    1.42324214    1.26332228    1.11173757    1.15197029    1.03660966    1.23494400    1.49375061    1.57423336    1.32783059    1.37633595    1.40494774    1.30234346    1.45585149    1.20374156    1.24411986    1.52656736    1.49381602    1.23419453    1.33098211    1.63590627    2.59884463    2.16000575    2.31087390    1.25458075    1.27738914    1.27177471    1.35619710    1.15229315    1.53373231    1.46928296    1.51830519    2.11578808    1.74753688    1.78623719    1.72000773    1.62310039    2.24412499    1.80849884    2.06098588    1.92816629    2.30014866    1.62527849    2.01457423    1.93114590    1.86418636    1.94631609    1.90913888    1.87990893    1.82552091    2.19242625    2.15266840    2.10925285    1.99589144    1.74536793    1.74072424    1.83217197    1.91913090    1.93434789    1.74720768    1.90326947    1.66072455    2.09546780    1.77391942    1.66136956    1.80436934    1.77031704    1.57642277    1.91883137    1.82520703    1.88190527    1.82896596    1.95786288    1.20855740    1.33018577    1.54212434    1.36813704    1.34367014    1.05483379    1.17629480    1.34682155    1.30501753    1.15771775    1.62456763    1.49635312    1.52943611    1.52356478    1.54644049    1.50222429
