53
D1AXV9_STRM9/39-257     0.00000000    2.80087863    2.71212537    2.63493553    3.89780545    4.00144259    3.56585610    3.65854245    3.69907391    3.12867903    3.40379328    3.98467464    4.72338774    4.13311058    4.03036388    3.03069516    3.69088383    3.53118598    3.35864428    3.75850316    3.30970838    3.45339918    4.25014737    5.03874775    3.69325598    4.27379130    3.90017669    4.24012404    3.43635587    3.52723370    3.46215845    3.61606480    3.94029899    4.86784329    4.28019568    3.51428037    4.47787929    3.90762105    3.95189975    4.06408961    4.19725977    4.23880200    4.60185898    3.53778744    3.71010466    3.27124349    3.74071838    5.04836751    4.11943869    4.19732209    4.86513493    4.35631565    4.82538260
A3YG28_9GAMM/28-238     2.80087863    0.00000000    3.55521985    3.64347369    4.00872729    3.21108353    3.64607679    3.75432999    3.52940206    3.23134895    3.01713265    4.81769632    5.41969217    4.61809177    3.78222826    3.21188569    3.81661189    3.88729265    3.72248324    3.79615311    3.87392069    3.74844768    4.60627406    5.37929899    3.53000820    3.92047136    3.56484116    3.43554078    3.86818845    3.37007912    4.00405973    3.53245846    3.88269057    4.06187937    3.56282073    4.16338697    3.45141139    3.18496755    3.23565602    3.32051656    3.79162857    3.94669514    3.95006758    3.41834078    3.48913515    3.23583141    3.23285928    4.85623521    2.96296479    3.56835102    3.38542137    3.34866864    3.64876229
Q0YV14_9CHLB/49-253     2.71212537    3.55521985    0.00000000    2.29977560    3.73257090    3.45554310    3.22987254    3.49385101    3.35352021    3.52176413    3.25233470    4.60177628    3.86810077    4.64584518    3.69736500    3.35804610    3.37121656    3.32484981    3.29728046    3.42984416    3.84039979    4.40399052    3.99217947    4.51770040    3.54994665    3.70678194    3.06189760    4.08611249    3.34993354    3.25346075    2.94104162    3.41509865    3.65390749    3.19048842    3.37247367    3.67716086    3.50134641    3.39339102    3.28173373    3.62395671    4.39345890    3.19696846    3.59467793    3.90228973    3.28536286    3.13353611    3.37542536    4.39457981    4.20297651    4.19001345    3.69456137    3.68645961    3.74944035
E6VP51_RHOPX/56-240     2.63493553    3.64347369    2.29977560    0.00000000    2.74465058    3.85907128    3.70688657    4.44040008    3.73094527    4.27771146    3.81066790    4.33480550    4.31011159    3.80568930    3.37187008    3.51030746    4.00282200    3.22725950    2.99746323    3.47467522    3.33582837    3.53425548    3.89811628    4.14382851    3.40782992    4.89645926    3.92952410    4.43974217    3.75563046    3.95937756    3.92391231    3.45519545    2.86666891    3.66223393    3.29318508    3.29835277    3.59715959    3.92864445    3.43988855    3.50711002    3.84894984    4.17724006    3.83038188    3.87417349    3.84873263    3.72601966    3.95030095    4.56728980    3.94491982    4.54454623    4.48524035    3.70708766    4.08072447
D1VS38_9FIRM/22-241     3.89780545    4.00872729    3.73257090    2.74465058    0.00000000    3.56602389    3.36632335    3.78267669    3.42947646    3.16010731    3.32610806    3.50036841    4.21718372    4.12648078    3.48921308    2.98972874    3.41811629    3.09907319    2.84955191    3.09575140    2.99017965    3.41318917    4.16461199    3.96135685    2.84230720    3.66322382    3.35465009    3.75357382    3.94897136    3.48725652    4.03219615    3.63682909    3.57383028    3.90556111    3.69932534    3.96818201    3.90859855    4.38657140    4.00959363    3.96983943    3.64015200    3.91621476    4.42490384    3.96113415    3.77327234    3.48485495    3.56215516    4.24264242    4.43057583    3.82665416    3.75647884    3.56528882    3.44050313
A7IBU4_XANP2/104-346     4.00144259    3.21108353    3.45554310    3.85907128    3.56602389    0.00000000    0.62436284    0.96186147    0.70943782    1.08704195    1.02387173    2.94720837    2.49337092    2.32973333    2.16362860    1.78313862    1.79420207    2.52766211    2.52115572    2.95684722    2.56612556    2.51372354    3.40445882    3.10886914    3.23885846    3.01831852    2.44177180    3.02480516    3.10265373    2.86838247    2.94720602    2.89126129    3.02842189    2.85968415    2.74081919    2.81926430    2.71530199    2.98170887    2.87315073    2.80194866    2.87883869    2.73098444    3.16893124    2.58077292    2.83458895    2.47921390    2.55921843    3.08447033    2.92170366    2.88941400    3.15546773    2.94781902    3.30975968
D2T921_ERWP6/43-285     3.56585610    3.64607679    3.22987254    3.70688657    3.36632335    0.62436284    0.00000000    0.87284922    0.84389665    1.04676458    1.07961749    2.99348577    2.60335981    2.35423567    2.45706156    1.87305036    1.80130616    2.34123201    2.43280194    2.75898124    2.49573884    2.43184704    3.21197686    3.05791031    3.10096921    3.08078178    2.25177582    3.19264737    3.21393884    2.94809165    3.12118073    2.66446492    2.78743639    2.68726945    2.77636802    2.84693539    2.56080130    3.19016121    2.90626789    3.07366383    2.72410710    2.99925376    2.66107637    2.73670906    2.70525686    2.59674872    2.60892798    3.01509781    3.31886856    3.17622037    3.81891076    2.92968569    3.45440067
A6ETB7_9BACT/47-299     3.65854245    3.75432999    3.49385101    4.44040008    3.78267669    0.96186147    0.87284922    0.00000000    0.73471843    1.11730611    0.99541974    2.84878039    2.34484138    2.43228658    2.17136251    2.01073995    2.17488239    2.05721422    2.38856512    2.52689225    2.62380207    2.55589974    3.29071354    2.88894949    3.18601344    2.65475966    2.69314727    2.93158258    2.86802372    2.91976438    2.80022002    3.24571112    2.47683684    2.60826762    2.65129761    2.94893595    3.06162800    2.94404150    2.79485120    3.08075176    2.77346206    2.75685102    2.88189075    2.80022691    2.95951307    2.61680984    2.47845876    3.12911642    2.97382753    3.00564139    3.23234211    2.89896408    3.24801973
A0A015XND5_BACFG/49-290     3.69907391    3.52940206    3.35352021    3.73094527    3.42947646    0.70943782    0.84389665    0.73471843    0.00000000    1.02052064    0.92724456    3.10586916    2.33179325    2.14208890    2.06143119    1.84355662    1.76835447    2.22813955    2.28510903    2.55252543    2.50709769    2.33509480    3.19937959    3.27912203    2.77097681    2.91260707    2.61856840    3.32325972    2.92933751    3.01793917    3.18895753    3.28792566    2.93428894    2.89616404    2.63482825    2.87808957    2.91934322    2.83751556    2.85894981    2.95435090    2.79448984    2.52100784    3.04996810    2.72547399    2.78073636    2.51226902    2.55103282    3.51969399    3.20096325    3.32146385    2.91087205    2.85486393    3.01206866
Q7VGA3_HELHP/50-294     3.12867903    3.23134895    3.52176413    4.27771146    3.16010731    1.08704195    1.04676458    1.11730611    1.02052064    0.00000000    0.83026044    2.92428166    2.41970661    2.41728233    2.01023574    1.97520419    1.71537663    2.34698176    2.52864857    2.83777498    2.51536143    2.43530307    2.98797768    3.55673642    2.79749390    2.81640272    2.74716288    3.18124174    3.04601970    2.84334381    2.93074188    2.71712908    3.09464830    3.28010782    2.88362238    2.88099314    3.12200217    2.97413437    2.73532394    3.23132534    2.93801436    2.51612510    2.86267007    2.90119957    2.56349340    2.40612650    2.43673444    3.15081762    3.20536414    3.02118108    2.86193298    3.22533563    3.43528004
B9CY72_CAMRE/53-298     3.40379328    3.01713265    3.25233470    3.81066790    3.32610806    1.02387173    1.07961749    0.99541974    0.92724456    0.83026044    0.00000000    2.94716610    2.42546320    2.27519639    2.11422660    1.76985298    1.74300514    2.23990021    2.16793787    2.49260859    2.38519511    2.29718130    2.83563027    3.05383957    2.92659669    3.25027757    2.50567033    2.63705504    3.24882908    2.96806526    3.09512240    2.85438455    2.65885978    2.64938244    2.62499939    2.88095192    3.01406708    2.85773333    2.69302837    2.76250329    3.13862819    2.32619155    2.93181584    2.28965132    2.22517626    2.23299569    2.19595303    3.23052849    2.81188182    2.73452640    2.94339566    2.87254543    3.19003516
YFJL_ECOLI/294-520     3.98467464    4.81769632    4.60177628    4.33480550    3.50036841    2.94720837    2.99348577    2.84878039    3.10586916    2.92428166    2.94716610    0.00000000    2.12713343    2.22401542    2.37129178    2.39587575    2.46573442    2.96383180    2.99638661    3.19846834    2.86087796    3.02154933    2.96125898    3.11365206    3.71072382    3.81612422    4.05474898    3.84955509    4.01862912    3.88288652    3.95068915    3.29977884    3.24764073    3.31027430    3.60668064    3.80831438    4.20625173    3.57028646    4.05402495    3.92212564    4.61638237    4.06160483    4.01273331    3.15761853    3.52675959    3.00511625    3.64844932    3.63693450    3.59139580    3.50547507    3.58431003    3.61536830    3.90890019
D1P3D1_9GAMM/294-521     4.72338774    5.41969217    3.86810077    4.31011159    4.21718372    2.49337092    2.60335981    2.34484138    2.33179325    2.41970661    2.42546320    2.12713343    0.00000000    1.48943807    2.08628349    1.86188392    1.85618878    2.79192677    2.57574257    2.72033689    2.38981159    2.48613054    3.44115282    3.27013250    3.24696492    3.24654825    3.07259319    3.35501650    4.22546001    3.61466112    4.07082195    3.23637585    3.11851350    3.16570566    3.67762911    3.59584844    4.25771904    3.51976825    3.59100962    3.24311009    4.00616612    3.45570374    3.32101499    2.97392704    3.36919393    2.97089251    2.77703766    3.48457494    3.58694092    3.75133997    3.18806294    3.26031738    3.47628924
C6B4V0_RHILS/302-525     4.13311058    4.61809177    4.64584518    3.80568930    4.12648078    2.32973333    2.35423567    2.43228658    2.14208890    2.41728233    2.27519639    2.22401542    1.48943807    0.00000000    2.23052088    2.07127003    1.98779027    2.94600935    2.91207615    2.85320716    2.60313286    2.66296291    2.78672416    2.63694684    3.30164513    3.67116195    3.63128753    3.51549741    3.21533076    3.73039100    3.81779985    2.81482030    3.00495980    2.93450151    3.54034981    3.08651514    3.29170775    3.18312279    3.26388165    3.02058556    3.45830052    3.18660184    3.15938769    2.86292599    3.11062626    2.96671818    2.99068669    3.60551476    3.08009261    3.56525596    3.52273797    3.47461297    3.67589508
A3PLB5_RHOS1/52-277     4.03036388    3.78222826    3.69736500    3.37187008    3.48921308    2.16362860    2.45706156    2.17136251    2.06143119    2.01023574    2.11422660    2.37129178    2.08628349    2.23052088    0.00000000    1.63460150    1.50518351    2.23500212    2.36063936    2.40320451    2.03883794    1.95931348    3.17079842    3.03058356    3.21902168    2.94034437    2.64900202    2.63416232    3.44371446    3.69885836    3.30124694    2.67080371    2.83454022    2.88912481    3.22020472    3.30870453    2.88685413    2.67664649    2.84756996    2.97426376    3.24744490    2.49503668    3.13001379    2.69752334    2.84608303    2.50790360    2.56419654    4.26886052    3.24916833    3.36482069    3.07696777    3.23235279    3.40002316
C3J962_POREA/34-259     3.03069516    3.21188569    3.35804610    3.51030746    2.98972874    1.78313862    1.87305036    2.01073995    1.84355662    1.97520419    1.76985298    2.39587575    1.86188392    2.07127003    1.63460150    0.00000000    0.84591536    1.76404408    1.79208097    1.84861182    1.52617443    1.47128093    2.68686474    2.39299998    3.01532649    2.67020573    2.44246325    2.99368900    2.73104625    2.99098599    3.33550431    2.54555725    2.54980689    2.69976199    2.68115698    2.77606666    2.92166186    2.63462020    2.51215275    2.59939626    2.91494599    2.58858373    2.96168742    2.47904952    2.70882402    2.06100409    2.43387155    3.25280048    2.81796207    2.67318096    2.89121237    2.87321986    3.18329598
Q314R5_DESAG/38-263     3.69088383    3.81661189    3.37121656    4.00282200    3.41811629    1.79420207    1.80130616    2.17488239    1.76835447    1.71537663    1.74300514    2.46573442    1.85618878    1.98779027    1.50518351    0.84591536    0.00000000    1.79073524    1.85399386    1.98830922    1.67984578    1.57670829    2.76327413    2.55367938    2.91199561    2.95802183    2.76592040    2.96272894    3.21001970    3.02348611    3.37224242    2.43092237    2.81533044    2.93620094    2.91773042    3.02466730    2.64892465    2.91212819    2.70341348    2.71114550    2.70310002    2.60999769    3.08916639    2.79655086    2.95604636    2.22276010    2.63449583    3.11920631    3.17531959    2.99036718    2.88055454    2.70348586    3.05040634
C8PEM0_9PROT/35-288     3.53118598    3.88729265    3.32484981    3.22725950    3.09907319    2.52766211    2.34123201    2.05721422    2.22813955    2.34698176    2.23990021    2.96383180    2.79192677    2.94600935    2.23500212    1.76404408    1.79073524    0.00000000    0.66797920    0.77222496    1.71545242    1.83400551    3.27566149    3.11290009    2.43246237    3.03349512    2.78607880    2.89699150    2.91856371    2.56017038    2.82205767    2.61078761    2.44166140    2.64986441    2.53133863    3.02732965    2.70405148    2.78934322    2.72246594    2.73601725    3.19786360    2.61181063    3.00325779    2.46290424    2.73278800    2.22876090    2.65099207    4.01993374    3.22151838    3.40343486    3.03283440    2.93744090    3.09637152
B4U4F5_STREM/37-289     3.35864428    3.72248324    3.29728046    2.99746323    2.84955191    2.52115572    2.43280194    2.38856512    2.28510903    2.52864857    2.16793787    2.99638661    2.57574257    2.91207615    2.36063936    1.79208097    1.85399386    0.66797920    0.00000000    0.56645904    1.53387044    1.68025618    2.74636738    2.58376884    2.49245362    2.95024839    2.38655803    2.68567270    2.92166417    2.46792213    2.96535019    2.67499965    2.22877416    2.32371325    2.20840600    2.32668078    2.69102854    2.41811927    2.51790482    2.39121836    2.88040034    2.59958816    2.85561209    2.24148189    2.58972110    2.22784698    2.64456435    3.87463651    3.08715148    3.32259365    2.97810397    2.98244885    3.19597468
A3CQ11_STRSV/36-288     3.75850316    3.79615311    3.42984416    3.47467522    3.09575140    2.95684722    2.75898124    2.52689225    2.55252543    2.83777498    2.49260859    3.19846834    2.72033689    2.85320716    2.40320451    1.84861182    1.98830922    0.77222496    0.56645904    0.00000000    1.65923530    1.71352908    3.22933654    3.05925475    2.71886762    3.02016515    2.41035598    3.10577031    3.32047947    2.86100694    3.23549093    2.70760342    2.29541533    2.66071207    2.54306038    2.72358384    2.97605960    2.79867285    2.87411477    2.73046179    3.55227206    2.76055328    2.69555033    2.80157195    2.75936702    2.39239045    2.67115081    4.05749345    3.13992885    3.27394861    3.19400297    3.34712180    3.50228718
C7CZR2_ENTFL/40-295     3.30970838    3.87392069    3.84039979    3.33582837    2.99017965    2.56612556    2.49573884    2.62380207    2.50709769    2.51536143    2.38519511    2.86087796    2.38981159    2.60313286    2.03883794    1.52617443    1.67984578    1.71545242    1.53387044    1.65923530    0.00000000    1.24536452    2.83597233    2.92038161    3.41003045    2.84884226    2.60642454    3.06725535    3.23706669    3.17253435    3.07837422    2.75660881    2.84185921    2.85507757    2.88630616    3.38640446    3.55106734    3.44266200    3.42952951    3.29370398    3.16527737    3.40805849    3.38172142    2.74818332    3.08881445    2.60857939    2.58260910    3.90288433    3.22957140    3.25989183    3.07007749    2.77464594    3.12205043
A7LR89_BACO1/35-260     3.45339918    3.74844768    4.40399052    3.53425548    3.41318917    2.51372354    2.43184704    2.55589974    2.33509480    2.43530307    2.29718130    3.02154933    2.48613054    2.66296291    1.95931348    1.47128093    1.57670829    1.83400551    1.68025618    1.71352908    1.24536452    0.00000000    3.03744217    2.91832043    3.26173263    2.90154668    2.70750195    3.16598476    3.28845660    3.34803095    3.33676399    2.60320447    2.77765319    3.04105194    3.01446143    3.14537879    2.86694194    2.82662943    2.78254315    2.72661738    2.89324830    3.16295317    3.53290964    2.84252677    3.17485953    2.83994158    2.76775012    4.27863496    3.57814887    3.45456063    3.11826401    3.26885912    3.32379714
C2USE0_BACCE/264-494     4.25014737    4.60627406    3.99217947    3.89811628    4.16461199    3.40445882    3.21197686    3.29071354    3.19937959    2.98797768    2.83563027    2.96125898    3.44115282    2.78672416    3.17079842    2.68686474    2.76327413    3.27566149    2.74636738    3.22933654    2.83597233    3.03744217    0.00000000    1.20582854    3.51236637    3.62386262    2.46685307    2.70079507    3.50942141    3.30450134    3.39553337    2.79202659    2.59663603    2.60116327    2.44343358    2.90043032    3.05332999    2.51967702    2.64855989    2.55708569    4.05799463    3.08357370    3.19349544    2.24548292    2.84059632    2.63427478    2.69794091    3.60758566    3.34756863    3.02510031    3.10740517    2.96205852    2.98598021
A0A242W953_BACTU/271-510     5.03874775    5.37929899    4.51770040    4.14382851    3.96135685    3.10886914    3.05791031    2.88894949    3.27912203    3.55673642    3.05383957    3.11365206    3.27013250    2.63694684    3.03058356    2.39299998    2.55367938    3.11290009    2.58376884    3.05925475    2.92038161    2.91832043    1.20582854    0.00000000    3.63092313    3.63212135    2.66768777    2.75303450    3.27895754    3.08156854    3.12917050    2.66502357    2.19351740    2.47259071    2.33449475    2.74577970    2.81267804    2.84636556    3.14982439    2.88368195    3.24403684    3.10902131    3.06725207    2.48172160    2.89146465    2.75729499    2.81205313    3.85774527    3.37389899    3.09839316    3.47259578    3.01536070    3.21592586
A8EUG4_ARCB4/144-366     3.69325598    3.53000820    3.54994665    3.40782992    2.84230720    3.23885846    3.10096921    3.18601344    2.77097681    2.79749390    2.92659669    3.71072382    3.24696492    3.30164513    3.21902168    3.01532649    2.91199561    2.43246237    2.49245362    2.71886762    3.41003045    3.26173263    3.51236637    3.63092313    0.00000000    2.98639361    2.51691107    3.15703108    3.21306985    2.94877976    3.59206857    2.46833052    3.12032676    3.18809650    2.55999884    3.21287069    3.21180455    3.24738796    3.34341403    3.25425542    2.58484273    2.74991260    2.74869477    2.76123496    2.48975383    2.62794958    2.43615397    3.54772632    3.22953353    3.22296506    3.24345819    3.21961421    3.11586251
C9MKX4_9BACT/50-286     4.27379130    3.92047136    3.70678194    4.89645926    3.66322382    3.01831852    3.08078178    2.65475966    2.91260707    2.81640272    3.25027757    3.81612422    3.24654825    3.67116195    2.94034437    2.67020573    2.95802183    3.03349512    2.95024839    3.02016515    2.84884226    2.90154668    3.62386262    3.63212135    2.98639361    0.00000000    2.66613011    3.11455769    3.14784327    3.02231278    2.89392076    2.86375579    2.80229711    2.70205772    2.94079325    2.86472791    3.29203203    2.83359336    2.83194789    3.16805819    3.14343578    2.95052237    3.20062291    2.46487975    3.27695077    3.08986103    2.79020941    3.61527880    3.63654149    3.52601127    3.52491744    3.78627141    3.52441776
B9D1E5_CAMRE/7-210     3.90017669    3.56484116    3.06189760    3.92952410    3.35465009    2.44177180    2.25177582    2.69314727    2.61856840    2.74716288    2.50567033    4.05474898    3.07259319    3.63128753    2.64900202    2.44246325    2.76592040    2.78607880    2.38655803    2.41035598    2.60642454    2.70750195    2.46685307    2.66768777    2.51691107    2.66613011    0.00000000    1.83164446    3.07658498    2.75202343    2.67714836    1.83231736    1.98497298    2.02916054    1.86940612    2.37840462    1.95314259    2.05074975    2.10301688    1.96587398    2.38293930    2.17587209    2.53461700    2.20188064    2.05968717    2.07262824    2.29565795    3.75564679    2.66473350    2.37979461    2.79181820    2.52684686    2.62828283
A6E7K2_9SPHI/57-296     4.24012404    3.43554078    4.08611249    4.43974217    3.75357382    3.02480516    3.19264737    2.93158258    3.32325972    3.18124174    2.63705504    3.84955509    3.35501650    3.51549741    2.63416232    2.99368900    2.96272894    2.89699150    2.68567270    3.10577031    3.06725535    3.16598476    2.70079507    2.75303450    3.15703108    3.11455769    1.83164446    0.00000000    2.41450824    2.38290495    2.51756912    1.78757959    1.85044314    1.94098728    2.07004934    2.21530591    1.99553423    2.22026381    2.26827925    2.15605908    2.46849933    2.14104580    2.74558975    2.09786774    2.27982758    2.11414248    2.15704951    3.48770982    2.92853861    2.55918804    2.81888439    2.45192997    2.78728093
C6E4Y1_GEOSM/81-311     3.43635587    3.86818845    3.34993354    3.75563046    3.94897136    3.10265373    3.21393884    2.86802372    2.92933751    3.04601970    3.24882908    4.01862912    4.22546001    3.21533076    3.44371446    2.73104625    3.21001970    2.91856371    2.92166417    3.32047947    3.23706669    3.28845660    3.50942141    3.27895754    3.21306985    3.14784327    3.07658498    2.41450824    0.00000000    1.57861916    1.57096435    2.74095859    2.20580397    2.32179158    2.69056823    2.47329125    2.93169478    2.89621604    2.90522765    2.82351792    2.81528588    3.02348741    3.36251432    2.87042542    3.16707524    3.50047484    3.15060322    3.56544669    3.65201944    3.64066192    3.73580873    3.44825460    3.47799755
A0A2N5P3T2_RUMGN/54-292     3.52723370    3.37007912    3.25346075    3.95937756    3.48725652    2.86838247    2.94809165    2.91976438    3.01793917    2.84334381    2.96806526    3.88288652    3.61466112    3.73039100    3.69885836    2.99098599    3.02348611    2.56017038    2.46792213    2.86100694    3.17253435    3.34803095    3.30450134    3.08156854    2.94877976    3.02231278    2.75202343    2.38290495    1.57861916    0.00000000    1.13366823    2.53534407    2.28149873    2.35279531    2.48305903    2.49797750    2.72301325    2.68292151    2.43525467    2.61136924    2.68745044    2.68475826    2.97966758    2.62217908    2.49250255    2.39048243    2.74015130    4.14041329    3.13195150    3.19348201    3.47595920    3.29216297    3.39583489
A1W8L1_ACISJ/51-285     3.46215845    4.00405973    2.94104162    3.92391231    4.03219615    2.94720602    3.12118073    2.80022002    3.18895753    2.93074188    3.09512240    3.95068915    4.07082195    3.81779985    3.30124694    3.33550431    3.37224242    2.82205767    2.96535019    3.23549093    3.07837422    3.33676399    3.39553337    3.12917050    3.59206857    2.89392076    2.67714836    2.51756912    1.57096435    1.13366823    0.00000000    2.58602516    2.46823716    2.62135828    2.70992230    2.63397322    2.76615801    2.65936938    2.69117299    2.89335641    3.21618327    2.88106108    2.99111895    2.61138023    2.97373020    2.97966575    2.86308939    3.49489504    3.40886522    3.21998826    3.20591643    3.19387313    3.25947971
Q1QP51_NITHX/55-305     3.61606480    3.53245846    3.41509865    3.45519545    3.63682909    2.89126129    2.66446492    3.24571112    3.28792566    2.71712908    2.85438455    3.29977884    3.23637585    2.81482030    2.67080371    2.54555725    2.43092237    2.61078761    2.67499965    2.70760342    2.75660881    2.60320447    2.79202659    2.66502357    2.46833052    2.86375579    1.83231736    1.78757959    2.74095859    2.53534407    2.58602516    0.00000000    1.64859424    1.56460712    1.62287142    1.40194858    1.54636637    1.88389488    1.91723931    1.94021887    1.99020374    2.83003689    2.28990289    2.38583051    2.32648581    2.40041920    2.39047635    3.26083768    2.91446594    2.94529501    2.98220820    2.64275977    2.70563135
B7JRG0_BACC0/65-308     3.94029899    3.88269057    3.65390749    2.86666891    3.57383028    3.02842189    2.78743639    2.47683684    2.93428894    3.09464830    2.65885978    3.24764073    3.11851350    3.00495980    2.83454022    2.54980689    2.81533044    2.44166140    2.22877416    2.29541533    2.84185921    2.77765319    2.59663603    2.19351740    3.12032676    2.80229711    1.98497298    1.85044314    2.20580397    2.28149873    2.46823716    1.64859424    0.00000000    0.89215934    0.86709995    1.07466875    1.22615995    1.23148557    1.32345081    1.21422610    2.57018920    2.60693934    2.40409077    1.84400849    2.41804755    2.34539807    2.34685729    3.78602295    3.00838182    2.87788155    3.41900449    2.94842397    2.91585365
A6DQ80_9BACT/58-301     4.86784329    4.06187937    3.19048842    3.66223393    3.90556111    2.85968415    2.68726945    2.60826762    2.89616404    3.28010782    2.64938244    3.31027430    3.16570566    2.93450151    2.88912481    2.69976199    2.93620094    2.64986441    2.32371325    2.66071207    2.85507757    3.04105194    2.60116327    2.47259071    3.18809650    2.70205772    2.02916054    1.94098728    2.32179158    2.35279531    2.62135828    1.56460712    0.89215934    0.00000000    1.07474019    1.12290173    1.31345914    1.25932579    1.31136250    1.25936595    2.44215821    2.31449625    2.11845345    2.02850973    2.00224891    2.24694644    1.91877140    3.41158336    2.76219602    2.72409430    2.89351248    2.87828482    2.86828709
Q0YUH4_9CHLB/67-308     4.28019568    3.56282073    3.37247367    3.29318508    3.69932534    2.74081919    2.77636802    2.65129761    2.63482825    2.88362238    2.62499939    3.60668064    3.67762911    3.54034981    3.22020472    2.68115698    2.91773042    2.53133863    2.20840600    2.54306038    2.88630616    3.01446143    2.44343358    2.33449475    2.55999884    2.94079325    1.86940612    2.07004934    2.69056823    2.48305903    2.70992230    1.62287142    0.86709995    1.07474019    0.00000000    1.04771355    1.21225059    1.07057048    1.19976733    1.13098632    2.38851763    2.54455875    2.00939944    1.92977111    2.31761661    2.24861365    2.13343119    3.30992738    2.69125362    2.57018963    2.79636567    3.01964600    2.95036499
Q08QY7_STIAD/80-318     3.51428037    4.16338697    3.67716086    3.29835277    3.96818201    2.81926430    2.84693539    2.94893595    2.87808957    2.88099314    2.88095192    3.80831438    3.59584844    3.08651514    3.30870453    2.77606666    3.02466730    3.02732965    2.32668078    2.72358384    3.38640446    3.14537879    2.90043032    2.74577970    3.21287069    2.86472791    2.37840462    2.21530591    2.47329125    2.49797750    2.63397322    1.40194858    1.07466875    1.12290173    1.04771355    0.00000000    1.19343127    1.04518597    1.11006482    1.14611363    2.41066932    2.32733236    2.31752713    2.28106110    2.47402834    2.31134079    2.29787907    3.45864245    2.87723047    3.03662294    3.16553606    3.28970680    3.38271854
D1BHI5_SANKS/49-286     4.47787929    3.45141139    3.50134641    3.59715959    3.90859855    2.71530199    2.56080130    3.06162800    2.91934322    3.12200217    3.01406708    4.20625173    4.25771904    3.29170775    2.88685413    2.92166186    2.64892465    2.70405148    2.69102854    2.97605960    3.55106734    2.86694194    3.05332999    2.81267804    3.21180455    3.29203203    1.95314259    1.99553423    2.93169478    2.72301325    2.76615801    1.54636637    1.22615995    1.31345914    1.21225059    1.19343127    0.00000000    1.05361876    1.17957710    1.21515509    2.11123107    2.40940685    2.26778692    1.96513678    2.16654685    2.29875710    2.24207099    3.52897407    2.98307894    2.76611078    2.91743196    3.08112699    3.20800093
A3PQ62_RHOS1/56-297     3.90762105    3.18496755    3.39339102    3.92864445    4.38657140    2.98170887    3.19016121    2.94404150    2.83751556    2.97413437    2.85773333    3.57028646    3.51976825    3.18312279    2.67664649    2.63462020    2.91212819    2.78934322    2.41811927    2.79867285    3.44266200    2.82662943    2.51967702    2.84636556    3.24738796    2.83359336    2.05074975    2.22026381    2.89621604    2.68292151    2.65936938    1.88389488    1.23148557    1.25932579    1.07057048    1.04518597    1.05361876    0.00000000    0.43786987    0.52747040    2.44110135    2.28940018    2.32938774    2.05301691    2.15772796    2.38527242    2.40839884    3.99577410    2.64760140    2.57758164    3.04240592    3.35403877    3.13403237
A9EBE1_9RHOB/48-289     3.95189975    3.23565602    3.28173373    3.43988855    4.00959363    2.87315073    2.90626789    2.79485120    2.85894981    2.73532394    2.69302837    4.05402495    3.59100962    3.26388165    2.84756996    2.51215275    2.70341348    2.72246594    2.51790482    2.87411477    3.42952951    2.78254315    2.64855989    3.14982439    3.34341403    2.83194789    2.10301688    2.26827925    2.90522765    2.43525467    2.69117299    1.91723931    1.32345081    1.31136250    1.19976733    1.11006482    1.17957710    0.43786987    0.00000000    0.49719456    2.38143583    2.27673224    2.39325219    2.19553544    2.30290725    2.44376157    2.35436763    3.93609688    2.82118887    2.63725639    3.06361490    3.28043590    3.24197923
Q89T63_BRADU/84-325     4.06408961    3.32051656    3.62395671    3.50711002    3.96983943    2.80194866    3.07366383    3.08075176    2.95435090    3.23132534    2.76250329    3.92212564    3.24311009    3.02058556    2.97426376    2.59939626    2.71114550    2.73601725    2.39121836    2.73046179    3.29370398    2.72661738    2.55708569    2.88368195    3.25425542    3.16805819    1.96587398    2.15605908    2.82351792    2.61136924    2.89335641    1.94021887    1.21422610    1.25936595    1.13098632    1.14611363    1.21515509    0.52747040    0.49719456    0.00000000    2.67014548    2.40709983    2.36054412    2.16368902    2.37660534    2.77993056    2.44084156    4.04894004    3.01368405    2.84175703    3.19175188    3.34183425    3.41222771
A0A0H3BTM9_SALNS/52-325     4.19725977    3.79162857    4.39345890    3.84894984    3.64015200    2.87883869    2.72410710    2.77346206    2.79448984    2.93801436    3.13862819    4.61638237    4.00616612    3.45830052    3.24744490    2.91494599    2.70310002    3.19786360    2.88040034    3.55227206    3.16527737    2.89324830    4.05799463    3.24403684    2.58484273    3.14343578    2.38293930    2.46849933    2.81528588    2.68745044    3.21618327    1.99020374    2.57018920    2.44215821    2.38851763    2.41066932    2.11123107    2.44110135    2.38143583    2.67014548    0.00000000    2.73843451    2.95741752    2.69766757    2.48018032    2.95230209    2.49082083    3.57912026    3.20951051    3.57178109    3.60031218    3.40604622    3.42100819
B6ZBI8_KLEPN/46-281     4.23880200    3.94669514    3.19696846    4.17724006    3.91621476    2.73098444    2.99925376    2.75685102    2.52100784    2.51612510    2.32619155    4.06160483    3.45570374    3.18660184    2.49503668    2.58858373    2.60999769    2.61181063    2.59958816    2.76055328    3.40805849    3.16295317    3.08357370    3.10902131    2.74991260    2.95052237    2.17587209    2.14104580    3.02348741    2.68475826    2.88106108    2.83003689    2.60693934    2.31449625    2.54455875    2.32733236    2.40940685    2.28940018    2.27673224    2.40709983    2.73843451    0.00000000    1.34546565    1.24536282    1.17373225    1.04302583    1.09012998    2.45864128    1.92769105    1.99960213    1.83825271    2.18891094    1.86523827
Q8GAK2_PAENI/49-295     4.60185898    3.95006758    3.59467793    3.83038188    4.42490384    3.16893124    2.66107637    2.88189075    3.04996810    2.86267007    2.93181584    4.01273331    3.32101499    3.15938769    3.13001379    2.96168742    3.08916639    3.00325779    2.85561209    2.69555033    3.38172142    3.53290964    3.19349544    3.06725207    2.74869477    3.20062291    2.53461700    2.74558975    3.36251432    2.97966758    2.99111895    2.28990289    2.40409077    2.11845345    2.00939944    2.31752713    2.26778692    2.32938774    2.39325219    2.36054412    2.95741752    1.34546565    0.00000000    1.41991688    1.29106818    1.40355186    1.37774506    3.14816812    2.07007826    1.99640423    2.27152220    2.42216970    2.41263535
D1VV36_9FIRM/46-288     3.53778744    3.41834078    3.90228973    3.87417349    3.96113415    2.58077292    2.73670906    2.80022691    2.72547399    2.90119957    2.28965132    3.15761853    2.97392704    2.86292599    2.69752334    2.47904952    2.79655086    2.46290424    2.24148189    2.80157195    2.74818332    2.84252677    2.24548292    2.48172160    2.76123496    2.46487975    2.20188064    2.09786774    2.87042542    2.62217908    2.61138023    2.38583051    1.84400849    2.02850973    1.92977111    2.28106110    1.96513678    2.05301691    2.19553544    2.16368902    2.69766757    1.24536282    1.41991688    0.00000000    0.83359965    1.23666453    1.34424693    2.68742339    1.91196755    2.03767160    1.95745752    2.04066843    1.89216120
C0CZF8_9FIRM/45-286     3.71010466    3.48913515    3.28536286    3.84873263    3.77327234    2.83458895    2.70525686    2.95951307    2.78073636    2.56349340    2.22517626    3.52675959    3.36919393    3.11062626    2.84608303    2.70882402    2.95604636    2.73278800    2.58972110    2.75936702    3.08881445    3.17485953    2.84059632    2.89146465    2.48975383    3.27695077    2.05968717    2.27982758    3.16707524    2.49250255    2.97373020    2.32648581    2.41804755    2.00224891    2.31761661    2.47402834    2.16654685    2.15772796    2.30290725    2.37660534    2.48018032    1.17373225    1.29106818    0.83359965    0.00000000    1.09037049    1.24449871    2.85785676    1.91810922    2.03707338    2.09891243    2.11708864    2.06481159
C1FPY2_CLOBJ/47-284     3.27124349    3.23583141    3.13353611    3.72601966    3.48485495    2.47921390    2.59674872    2.61680984    2.51226902    2.40612650    2.23299569    3.00511625    2.97089251    2.96671818    2.50790360    2.06100409    2.22276010    2.22876090    2.22784698    2.39239045    2.60857939    2.83994158    2.63427478    2.75729499    2.62794958    3.08986103    2.07262824    2.11414248    3.50047484    2.39048243    2.97966575    2.40041920    2.34539807    2.24694644    2.24861365    2.31134079    2.29875710    2.38527242    2.44376157    2.77993056    2.95230209    1.04302583    1.40355186    1.23666453    1.09037049    0.00000000    1.17876731    3.14344706    1.84008170    1.79040624    1.79613172    1.81047225    1.96354856
A0A6N4HAW3_9BACT/45-283     3.74071838    3.23285928    3.37542536    3.95030095    3.56215516    2.55921843    2.60892798    2.47845876    2.55103282    2.43673444    2.19595303    3.64844932    2.77703766    2.99068669    2.56419654    2.43387155    2.63449583    2.65099207    2.64456435    2.67115081    2.58260910    2.76775012    2.69794091    2.81205313    2.43615397    2.79020941    2.29565795    2.15704951    3.15060322    2.74015130    2.86308939    2.39047635    2.34685729    1.91877140    2.13343119    2.29787907    2.24207099    2.40839884    2.35436763    2.44084156    2.49082083    1.09012998    1.37774506    1.34424693    1.24449871    1.17876731    0.00000000    2.58157566    1.75349007    1.80378531    1.69957399    1.98923534    1.89930067
A1SZ95_PSYIN/261-481     5.04836751    4.85623521    4.39457981    4.56728980    4.24264242    3.08447033    3.01509781    3.12911642    3.51969399    3.15081762    3.23052849    3.63693450    3.48457494    3.60551476    4.26886052    3.25280048    3.11920631    4.01993374    3.87463651    4.05749345    3.90288433    4.27863496    3.60758566    3.85774527    3.54772632    3.61527880    3.75564679    3.48770982    3.56544669    4.14041329    3.49489504    3.26083768    3.78602295    3.41158336    3.30992738    3.45864245    3.52897407    3.99577410    3.93609688    4.04894004    3.57912026    2.45864128    3.14816812    2.68742339    2.85785676    3.14344706    2.58157566    0.00000000    3.24439687    2.79443119    2.83721466    2.95881028    3.04858982
E6U9P4_ETHHY/49-288     4.11943869    2.96296479    4.20297651    3.94491982    4.43057583    2.92170366    3.31886856    2.97382753    3.20096325    3.20536414    2.81188182    3.59139580    3.58694092    3.08009261    3.24916833    2.81796207    3.17531959    3.22151838    3.08715148    3.13992885    3.22957140    3.57814887    3.34756863    3.37389899    3.22953353    3.63654149    2.66473350    2.92853861    3.65201944    3.13195150    3.40886522    2.91446594    3.00838182    2.76219602    2.69125362    2.87723047    2.98307894    2.64760140    2.82118887    3.01368405    3.20951051    1.92769105    2.07007826    1.91196755    1.91810922    1.84008170    1.75349007    3.24439687    0.00000000    1.23001211    1.90361304    1.85596370    1.99412369
E0QMR9_9ACTO/51-283     4.19732209    3.56835102    4.19001345    4.54454623    3.82665416    2.88941400    3.17622037    3.00564139    3.32146385    3.02118108    2.73452640    3.50547507    3.75133997    3.56525596    3.36482069    2.67318096    2.99036718    3.40343486    3.32259365    3.27394861    3.25989183    3.45456063    3.02510031    3.09839316    3.22296506    3.52601127    2.37979461    2.55918804    3.64066192    3.19348201    3.21998826    2.94529501    2.87788155    2.72409430    2.57018963    3.03662294    2.76611078    2.57758164    2.63725639    2.84175703    3.57178109    1.99960213    1.99640423    2.03767160    2.03707338    1.79040624    1.80378531    2.79443119    1.23001211    0.00000000    1.75145162    2.31031145    2.21397192
C7XVY7_9LACO/222-450     4.86513493    3.38542137    3.69456137    4.48524035    3.75647884    3.15546773    3.81891076    3.23234211    2.91087205    2.86193298    2.94339566    3.58431003    3.18806294    3.52273797    3.07696777    2.89121237    2.88055454    3.03283440    2.97810397    3.19400297    3.07007749    3.11826401    3.10740517    3.47259578    3.24345819    3.52491744    2.79181820    2.81888439    3.73580873    3.47595920    3.20591643    2.98220820    3.41900449    2.89351248    2.79636567    3.16553606    2.91743196    3.04240592    3.06361490    3.19175188    3.60031218    1.83825271    2.27152220    1.95745752    2.09891243    1.79613172    1.69957399    2.83721466    1.90361304    1.75145162    0.00000000    1.44599380    1.74041315
F8DMV1_LACRS/215-444     4.35631565    3.34866864    3.68645961    3.70708766    3.56528882    2.94781902    2.92968569    2.89896408    2.85486393    3.22533563    2.87254543    3.61536830    3.26031738    3.47461297    3.23235279    2.87321986    2.70348586    2.93744090    2.98244885    3.34712180    2.77464594    3.26885912    2.96205852    3.01536070    3.21961421    3.78627141    2.52684686    2.45192997    3.44825460    3.29216297    3.19387313    2.64275977    2.94842397    2.87828482    3.01964600    3.28970680    3.08112699    3.35403877    3.28043590    3.34183425    3.40604622    2.18891094    2.42216970    2.04066843    2.11708864    1.81047225    1.98923534    2.95881028    1.85596370    2.31031145    1.44599380    0.00000000    0.68575631
