46
E8N0N6_ANATU/9-428     0.00000000    0.82257367    0.82215892    0.84160282    0.85297433    0.87200436    0.93357058    0.91225794    0.95171698    0.95202206    0.99423339    0.98277913    1.01497467    0.83969882    0.83247721    0.85182577    0.88958330    0.87459272    0.96954163    0.89720844    0.90332214    0.84839572    0.83196819    0.88400031    0.86678238    0.93632390    0.90401001    0.92494394    1.11059010    1.15531516    0.98589909    1.03090598    1.15021408    0.89378779    0.90727158    1.02827501    0.95587065    1.00040668    0.98774412    0.92023965    1.03131157    1.10335692    0.99938544    0.94206608    0.94277122    0.91851452
Q8XXG9_RALSO/21-446     0.82257367    0.00000000    0.37199013    0.85720346    0.69164633    0.82616583    0.80637973    0.96560074    0.81343278    0.83425020    0.84579984    0.84292395    0.87547394    0.83796418    0.86590128    0.82474096    0.85001387    0.86745551    0.92420981    0.87844245    0.91945342    0.81631756    0.77671295    0.83997288    0.83668915    0.92763690    0.94181368    0.82858046    1.09251660    1.05603591    0.95436674    1.13402198    1.08715190    1.03235882    0.92353271    1.12375162    1.11368463    1.02076762    1.03885116    0.94770392    1.00781997    0.86498109    0.98254977    0.86439802    0.84075682    0.86004478
C5ACC1_BURGB/29-459     0.82215892    0.37199013    0.00000000    0.84587218    0.70169029    0.81148329    0.86921602    0.97774957    0.91156582    0.79604812    0.84772532    0.86802025    0.88413185    0.89684369    0.88207721    0.86013301    0.88840117    0.89123323    1.01894548    0.98582258    1.01247874    0.90059832    0.82071573    0.96640417    0.88120442    0.99798363    0.94217810    0.94374063    1.09279127    1.13677104    0.95410057    1.16247758    1.12076799    1.08360150    0.99817727    1.13535324    1.14201315    1.06061683    1.05965333    0.93877544    1.04073392    0.90756932    0.94187585    0.86744936    0.88463381    0.93012510
C1F2V9_ACIC5/5-420     0.84160282    0.85720346    0.84587218    0.00000000    0.69577546    0.71589054    0.83655066    0.94253179    0.96716738    0.82332989    0.87647292    0.87542521    0.89668488    0.78262116    0.86122900    0.81267709    0.82872449    0.93335813    0.98978955    0.92700220    0.91298835    0.89659878    0.81856025    0.80208999    0.80898247    0.86770189    0.89674356    0.86948090    1.12162276    1.15036854    0.96697228    1.01823631    1.10403002    0.91271839    0.90133248    1.08036275    1.16645546    1.08128918    1.06105217    0.89612797    1.01875202    0.88793506    0.91422993    0.83054627    0.80015319    0.81465393
A9BW01_DELAS/32-447     0.85297433    0.69164633    0.70169029    0.69577546    0.00000000    0.60727721    0.69657090    0.91697105    0.73251053    0.78168398    0.75539856    0.78083158    0.82979745    0.71495742    0.80613660    0.73378963    0.74344078    0.83736016    0.89052736    0.80429417    0.85430716    0.80068505    0.78036100    0.76363765    0.69983220    0.82169771    0.88455197    0.89819536    1.11183022    1.12040682    0.94585407    0.99067795    0.96441126    0.93909920    0.91495989    1.02919124    1.06899401    0.98924016    0.96184131    0.90515510    0.94483257    0.87808647    0.82788309    0.88965604    0.83215961    0.82944863
E8V0X6_TERSS/5-421     0.87200436    0.82616583    0.81148329    0.71589054    0.60727721    0.00000000    0.66195925    0.90026421    0.78096304    0.73126097    0.76162395    0.77114328    0.81616294    0.71244434    0.79573184    0.75200232    0.79346132    0.92482156    0.79991146    0.88354249    0.85327813    0.89090571    0.78897561    0.78321696    0.78674884    0.83645802    0.78924452    0.88679157    1.14270053    1.16550342    0.99527807    1.11902953    1.08231972    1.01405017    0.93168953    1.06821113    1.11671222    1.06901775    1.01275331    0.88701802    0.92398832    0.89226608    0.91501468    0.88481063    0.83029024    0.81353108
G8NUD2_GRAMM/5-422     0.93357058    0.80637973    0.86921602    0.83655066    0.69657090    0.66195925    0.00000000    0.98259412    0.78522324    0.85392169    0.71393400    0.74109366    0.77757631    0.78469542    0.85014522    0.84499305    0.88033169    0.93568808    0.94303429    0.88408898    0.91979749    0.89165607    0.79230869    0.77786231    0.78670594    0.92476142    0.91812154    0.89424354    1.11443441    1.25301610    1.06237019    1.10830244    1.06988985    1.04180297    0.96657845    1.07840083    1.11236374    1.08206658    1.02895661    0.96752694    1.03449459    0.94281483    1.02002827    0.92938489    0.99447554    0.93755788
H1XRG1_9BACT/6-434     0.91225794    0.96560074    0.97774957    0.94253179    0.91697105    0.90026421    0.98259412    0.00000000    0.91192767    0.85079710    0.88112604    0.89714676    0.90622277    0.82293505    0.86469760    0.83349623    0.90616713    0.91280281    0.94039190    0.88599636    0.95838295    0.88852731    0.90208812    0.81903826    0.89713654    0.87412683    0.94969281    1.06270167    1.20051549    1.20791942    1.07631861    1.06817577    1.08974823    0.87966349    0.89476142    1.14566409    0.97813001    0.95277155    0.94414482    1.10409090    1.13788257    1.13308773    1.06140289    1.03997673    1.21758486    1.06273695
A0QPT4_MYCS2/6-425     0.95171698    0.81343278    0.91156582    0.96716738    0.73251053    0.78096304    0.78522324    0.91192767    0.00000000    0.73702573    0.66598878    0.68146238    0.70627555    0.64788539    0.65895997    0.67134316    0.71144817    0.87229360    0.93113099    0.85671159    0.87846700    0.82381986    0.78009111    0.78648666    0.78700777    0.87247841    0.89506301    0.89513878    1.06233226    1.19640228    1.05907942    1.00689778    1.12946360    1.04192757    0.93605783    1.07834226    1.10810713    0.98799470    1.00013474    0.96575218    0.94738936    0.96047484    1.01912710    0.96496026    1.05974871    0.91282814
A0A5P8YCX0_YERPE/4-424     0.95202206    0.83425020    0.79604812    0.82332989    0.78168398    0.73126097    0.85392169    0.85079710    0.73702573    0.00000000    0.39326266    0.42811382    0.45798780    0.52940237    0.56930645    0.52085187    0.58368869    0.80185620    0.80134867    0.76035064    0.79728271    0.73331272    0.76440282    0.74189044    0.72914391    0.75729864    0.75156019    0.91547458    1.10875902    1.21370695    0.94000055    0.97543788    1.03662027    0.90061234    0.93442064    1.06420183    0.93638338    0.93829534    0.88613843    1.02475184    0.98008002    0.89242702    0.82984620    0.86130947    0.86057389    0.84377421
Q5DYS1_ALIF1/4-424     0.99423339    0.84579984    0.84772532    0.87647292    0.75539856    0.76162395    0.71393400    0.88112604    0.66598878    0.39326266    0.00000000    0.26953822    0.34814148    0.51532401    0.56696536    0.52042164    0.56655283    0.80313583    0.77929101    0.75459479    0.77158857    0.71850653    0.75732583    0.75679912    0.71550808    0.69258099    0.75735143    0.87926877    1.13124143    1.15809159    1.03537901    0.99872729    1.01024191    0.98068189    0.97967446    1.04532413    1.01250989    1.00000691    0.94864087    0.98426751    1.03964688    0.91044887    0.87333831    0.82888113    0.90488124    0.85560347
Q6LL77_PHOPR/4-424     0.98277913    0.84292395    0.86802025    0.87542521    0.78083158    0.77114328    0.74109366    0.89714676    0.68146238    0.42811382    0.26953822    0.00000000    0.34742588    0.55909222    0.53042327    0.54785442    0.57258145    0.81312539    0.80879270    0.78292964    0.80912743    0.76274630    0.77082524    0.77221826    0.69988810    0.74113452    0.74258179    0.88586383    1.12179976    1.23100744    1.02883505    1.04891494    1.13629383    0.96323238    0.99331503    1.04720686    1.05924879    1.01409260    0.98306035    0.98458090    1.02573771    0.82641680    0.95259713    0.83763929    0.93554250    0.84450557
M4UA15_9GAMM/4-424     1.01497467    0.87547394    0.88413185    0.89668488    0.82979745    0.81616294    0.77757631    0.90622277    0.70627555    0.45798780    0.34814148    0.34742588    0.00000000    0.61013372    0.63464674    0.60682094    0.63358452    0.88946010    0.82788542    0.79840860    0.87275592    0.76064735    0.82361870    0.78076903    0.74590457    0.77078877    0.77532897    0.93361298    1.12726991    1.18908581    0.96228136    0.99849349    1.07403225    0.95762885    0.96494265    1.06698254    0.94857172    0.94594199    0.93512885    0.99046657    0.96646480    0.87168928    0.93389365    0.83748629    0.95762349    0.87983646
A0KGG4_AERHH/4-424     0.83969882    0.83796418    0.89684369    0.78262116    0.71495742    0.71244434    0.78469542    0.82293505    0.64788539    0.52940237    0.51532401    0.55909222    0.61013372    0.00000000    0.45453579    0.38828467    0.43428092    0.70535591    0.78184389    0.69997474    0.73168616    0.71716977    0.71197680    0.64121476    0.65148981    0.68643534    0.73411376    0.83233478    0.98087565    1.21872008    0.95830756    1.06661272    1.12502086    0.95426618    0.98509914    1.07104442    1.02246040    1.01617165    0.98949322    0.97126825    1.03184800    0.98020129    0.97029086    0.89419824    0.85310352    0.91045845
M1SQU8_MORMO/4-424     0.83247721    0.86590128    0.88207721    0.86122900    0.80613660    0.79573184    0.85014522    0.86469760    0.65895997    0.56930645    0.56696536    0.53042327    0.63464674    0.45453579    0.00000000    0.39431370    0.42914058    0.77939820    0.80481200    0.76937661    0.77807180    0.74279331    0.68440666    0.71634406    0.74861196    0.75718772    0.82113060    0.81584122    1.00007013    1.19056197    1.01325284    1.02169753    1.14711552    0.95259065    0.96414127    1.04522562    1.02961037    0.98000303    0.99256307    0.87256728    1.03057788    0.88705497    0.93302660    0.86093399    0.86692991    0.88006028
KBAZ_CITK8/4-424     0.85182577    0.82474096    0.86013301    0.81267709    0.73378963    0.75200232    0.84499305    0.83349623    0.67134316    0.52085187    0.52042164    0.54785442    0.60682094    0.38828467    0.39431370    0.00000000    0.28172443    0.74460523    0.78378385    0.75152626    0.78295023    0.67475075    0.73432493    0.75224547    0.71497146    0.66991789    0.76547702    0.78720715    1.03563972    1.21979093    0.94644005    0.98636603    0.98082154    0.93243633    0.93148746    0.97344846    0.99100184    0.94471820    0.92789870    0.96706995    0.96740754    0.89856112    0.89224906    0.79035884    0.85122737    0.85621402
W0LCD0_9GAMM/4-423     0.88958330    0.85001387    0.88840117    0.82872449    0.74344078    0.79346132    0.88033169    0.90616713    0.71144817    0.58368869    0.56655283    0.57258145    0.63358452    0.43428092    0.42914058    0.28172443    0.00000000    0.76415108    0.82402762    0.75873235    0.78288700    0.74125553    0.74456695    0.75814459    0.76467220    0.76557770    0.76747545    0.79702400    1.03976632    1.21426296    0.99173051    1.04271634    1.06081120    0.95852649    0.95925715    1.08596248    1.05467974    0.96248026    0.94282163    0.95658131    1.05347893    0.89099633    0.97889370    0.81311857    0.89150158    0.85493823
W0HU25_9GAMM/1-419     0.87459272    0.86745551    0.89123323    0.93335813    0.83736016    0.92482156    0.93568808    0.91280281    0.87229360    0.80185620    0.80313583    0.81312539    0.88946010    0.70535591    0.77939820    0.74460523    0.76415108    0.00000000    0.57128199    0.49624566    0.51589306    0.43795482    0.76126131    0.80721884    0.77015424    0.86119275    0.84395485    0.95228536    1.13977750    1.21020804    1.02169546    1.04560047    1.08263155    1.01889561    0.99963750    1.13159754    1.20144280    1.11739397    1.10084512    1.06443568    1.11887709    0.96394285    0.99283748    0.96393889    0.94725384    0.96956866
B0UTB2_HISS2/1-419     0.96954163    0.92420981    1.01894548    0.98978955    0.89052736    0.79991146    0.94303429    0.94039190    0.93113099    0.80134867    0.77929101    0.80879270    0.82788542    0.78184389    0.80481200    0.78378385    0.82402762    0.57128199    0.00000000    0.49874190    0.54499148    0.49887791    0.81908287    0.83688886    0.76803631    0.79070138    0.83509648    0.92156923    1.18165185    1.20384318    1.04961757    1.02919671    1.15180228    0.94770355    0.92423705    1.09887563    1.12469330    1.03628202    1.08335751    1.02377515    1.03225766    0.92450608    0.93109965    0.90195944    0.98561524    0.96867727
H2J092_RAHAC/1-419     0.89720844    0.87844245    0.98582258    0.92700220    0.80429417    0.88354249    0.88408898    0.88599636    0.85671159    0.76035064    0.75459479    0.78292964    0.79840860    0.69997474    0.76937661    0.75152626    0.75873235    0.49624566    0.49874190    0.00000000    0.42521886    0.37410149    0.79648956    0.84233130    0.73187924    0.76419026    0.87328501    0.89305019    1.18401320    1.25198650    1.03860907    1.03161798    1.14670627    0.90489661    0.96296925    1.07134997    1.18756591    1.03945673    0.99462794    1.01373344    1.09680510    0.95539553    0.96424190    0.95512904    0.98958284    0.96483494
GATZ_ECOLI/1-419     0.90332214    0.91945342    1.01247874    0.91298835    0.85430716    0.85327813    0.91979749    0.95838295    0.87846700    0.79728271    0.77158857    0.80912743    0.87275592    0.73168616    0.77807180    0.78295023    0.78288700    0.51589306    0.54499148    0.42521886    0.00000000    0.34805612    0.82005084    0.83048584    0.73761542    0.77945692    0.82681254    0.89688855    1.20300761    1.26427064    1.08619639    1.04488142    1.17464088    0.90099498    0.89349921    1.11539865    1.22408274    1.05078410    1.03895538    1.04610108    1.05355512    0.95995894    1.00977231    0.93863428    1.05680173    0.99616862
GATZ_KLEP7/1-419     0.84839572    0.81631756    0.90059832    0.89659878    0.80068505    0.89090571    0.89165607    0.88852731    0.82381986    0.73331272    0.71850653    0.76274630    0.76064735    0.71716977    0.74279331    0.67475075    0.74125553    0.43795482    0.49887791    0.37410149    0.34805612    0.00000000    0.75792098    0.78547722    0.68400403    0.79650828    0.83121149    0.86717773    1.11552795    1.18072660    0.94124414    1.02010474    1.10335257    0.86339781    0.90624214    1.10812439    1.16015750    0.95943664    0.99851690    1.05975392    1.06114112    0.96116099    0.97941207    0.92599172    0.99642978    1.02691742
W0HUD0_9GAMM/4-423     0.83196819    0.77671295    0.82071573    0.81856025    0.78036100    0.78897561    0.79230869    0.90208812    0.78009111    0.76440282    0.75732583    0.77082524    0.82361870    0.71197680    0.68440666    0.73432493    0.74456695    0.76126131    0.81908287    0.79648956    0.82005084    0.75792098    0.00000000    0.50412181    0.46674668    0.75897126    0.75362585    0.85359215    1.04090292    1.08226429    0.98559421    1.01599009    1.09074391    1.04371715    0.97092193    1.19265532    1.06965962    1.09505080    1.12466816    0.92314899    1.01188245    1.00930684    0.97800555    0.93492656    0.96240229    0.94835980
W0I1R6_9GAMM/4-423     0.88400031    0.83997288    0.96640417    0.80208999    0.76363765    0.78321696    0.77786231    0.81903826    0.78648666    0.74189044    0.75679912    0.77221826    0.78076903    0.64121476    0.71634406    0.75224547    0.75814459    0.80721884    0.83688886    0.84233130    0.83048584    0.78547722    0.50412181    0.00000000    0.38879152    0.70938848    0.64288277    0.84012861    1.09470910    1.16513661    0.98567532    1.05385892    1.09050246    1.07165660    0.98592309    1.07994013    1.05420582    1.09161403    1.10024894    0.96982756    0.96226344    0.97881549    0.99070368    0.93680406    0.96866568    0.92621915
Q7N8A2_PHOLL/4-423     0.86678238    0.83668915    0.88120442    0.80898247    0.69983220    0.78674884    0.78670594    0.89713654    0.78700777    0.72914391    0.71550808    0.69988810    0.74590457    0.65148981    0.74861196    0.71497146    0.76467220    0.77015424    0.76803631    0.73187924    0.73761542    0.68400403    0.46674668    0.38879152    0.00000000    0.69526891    0.59465375    0.87076349    1.09741858    1.15905512    0.99515434    1.01195054    1.05331214    1.02213614    0.93258716    1.05118555    0.95366952    0.98131887    1.07376751    0.98681924    0.97554020    0.93265460    0.96397906    0.90517908    0.93979933    0.94848574
U4KCS9_9VIBR/4-424     0.93632390    0.92763690    0.99798363    0.86770189    0.82169771    0.83645802    0.92476142    0.87412683    0.87247841    0.75729864    0.69258099    0.74113452    0.77078877    0.68643534    0.75718772    0.66991789    0.76557770    0.86119275    0.79070138    0.76419026    0.77945692    0.79650828    0.75897126    0.70938848    0.69526891    0.00000000    0.61185353    0.97174264    1.13244896    1.24166640    0.99845547    1.05441679    1.13216245    0.96516793    0.95684180    1.06533504    1.14405204    1.05677288    1.05088763    0.93567659    1.00455655    1.00313100    1.01754667    0.87578525    0.96838665    0.93140080
Q6LIH1_PHOPR/4-424     0.90401001    0.94181368    0.94217810    0.89674356    0.88455197    0.78924452    0.91812154    0.94969281    0.89506301    0.75156019    0.75735143    0.74258179    0.77532897    0.73411376    0.82113060    0.76547702    0.76747545    0.84395485    0.83509648    0.87328501    0.82681254    0.83121149    0.75362585    0.64288277    0.59465375    0.61185353    0.00000000    0.96119049    1.16877053    1.15625663    1.08447824    1.04480383    1.12723472    0.96179330    0.98775997    1.04820083    1.08662754    1.04661339    1.08499247    1.02278213    1.03293991    1.03221979    1.04486375    0.88130548    1.03060118    0.97755504
A1S4U6_SHEAM/4-416     0.92494394    0.82858046    0.94374063    0.86948090    0.89819536    0.88679157    0.89424354    1.06270167    0.89513878    0.91547458    0.87926877    0.88586383    0.93361298    0.83233478    0.81584122    0.78720715    0.79702400    0.95228536    0.92156923    0.89305019    0.89688855    0.86717773    0.85359215    0.84012861    0.87076349    0.97174264    0.96119049    0.00000000    1.03751898    1.13082880    1.00861374    1.09259340    1.22648128    1.10879401    0.99017047    1.10965904    1.24491225    1.15308622    1.11513719    1.04162547    0.96396983    0.89393718    1.04697765    0.90653685    0.96532159    0.90036929
A1WH56_VEREI/4-425     1.11059010    1.09251660    1.09279127    1.12162276    1.11183022    1.14270053    1.11443441    1.20051549    1.06233226    1.10875902    1.13124143    1.12179976    1.12726991    0.98087565    1.00007013    1.03563972    1.03976632    1.13977750    1.18165185    1.18401320    1.20300761    1.11552795    1.04090292    1.09470910    1.09741858    1.13244896    1.16877053    1.03751898    0.00000000    1.23353194    1.07586161    1.40794455    1.39734660    1.35531795    1.25870590    1.41769565    1.41937012    1.41241462    1.41825995    0.96498777    1.07479923    1.10247507    1.12308775    1.07361555    1.09916246    1.04401217
E1R0X8_SEDSS/5-433     1.15531516    1.05603591    1.13677104    1.15036854    1.12040682    1.16550342    1.25301610    1.20791942    1.19640228    1.21370695    1.15809159    1.23100744    1.18908581    1.21872008    1.19056197    1.21979093    1.21426296    1.21020804    1.20384318    1.25198650    1.26427064    1.18072660    1.08226429    1.16513661    1.15905512    1.24166640    1.15625663    1.13082880    1.23353194    0.00000000    1.15703381    1.26561455    1.37976409    1.26188524    1.22778223    1.39869072    1.43487606    1.34797977    1.33845337    1.13935945    1.17549399    1.20887503    1.21637447    1.15289106    1.15127949    1.17875215
R5AL94_9CLOT/9-426     0.98589909    0.95436674    0.95410057    0.96697228    0.94585407    0.99527807    1.06237019    1.07631861    1.05907942    0.94000055    1.03537901    1.02883505    0.96228136    0.95830756    1.01325284    0.94644005    0.99173051    1.02169546    1.04961757    1.03860907    1.08619639    0.94124414    0.98559421    0.98567532    0.99515434    0.99845547    1.08447824    1.00861374    1.07586161    1.15703381    0.00000000    0.90340395    1.01711786    0.99505401    1.02825282    1.08799342    1.09062648    0.97735754    0.98742852    1.04699318    1.14289871    1.03181442    1.07791177    0.98614170    0.99561472    1.00771215
G4KR65_OSCVS/5-430     1.03090598    1.13402198    1.16247758    1.01823631    0.99067795    1.11902953    1.10830244    1.06817577    1.00689778    0.97543788    0.99872729    1.04891494    0.99849349    1.06661272    1.02169753    0.98636603    1.04271634    1.04560047    1.02919671    1.03161798    1.04488142    1.02010474    1.01599009    1.05385892    1.01195054    1.05441679    1.04480383    1.09259340    1.40794455    1.26561455    0.90340395    0.00000000    0.71013080    0.72604943    0.81654885    1.01300818    0.86320399    0.79064311    0.83732407    1.13965729    1.10899028    1.10101280    1.00643560    1.01677652    0.95200270    0.85812749
D4K235_9FIRM/5-428     1.15021408    1.08715190    1.12076799    1.10403002    0.96441126    1.08231972    1.06988985    1.08974823    1.12946360    1.03662027    1.01024191    1.13629383    1.07403225    1.12502086    1.14711552    0.98082154    1.06081120    1.08263155    1.15180228    1.14670627    1.17464088    1.10335257    1.09074391    1.09050246    1.05331214    1.13216245    1.12723472    1.22648128    1.39734660    1.37976409    1.01711786    0.71013080    0.00000000    0.81680560    0.84469879    1.02237902    0.86314462    0.87307878    0.86914352    1.13199594    1.17307639    1.13142100    1.11631267    1.06314843    1.07600067    1.07426948
B8I9B0_RUMCH/7-436     0.89378779    1.03235882    1.08360150    0.91271839    0.93909920    1.01405017    1.04180297    0.87966349    1.04192757    0.90061234    0.98068189    0.96323238    0.95762885    0.95426618    0.95259065    0.93243633    0.95852649    1.01889561    0.94770355    0.90489661    0.90099498    0.86339781    1.04371715    1.07165660    1.02213614    0.96516793    0.96179330    1.10879401    1.35531795    1.26188524    0.99505401    0.72604943    0.81680560    0.00000000    0.64071622    0.88532764    0.73729145    0.67108960    0.65575449    1.13865772    1.17463589    1.02701083    1.04733340    0.99874797    1.10669773    1.02024484
C5CFI4_KOSOT/6-432     0.90727158    0.92353271    0.99817727    0.90133248    0.91495989    0.93168953    0.96657845    0.89476142    0.93605783    0.93442064    0.97967446    0.99331503    0.96494265    0.98509914    0.96414127    0.93148746    0.95925715    0.99963750    0.92423705    0.96296925    0.89349921    0.90624214    0.97092193    0.98592309    0.93258716    0.95684180    0.98775997    0.99017047    1.25870590    1.22778223    1.02825282    0.81654885    0.84469879    0.64071622    0.00000000    0.89235870    0.81404091    0.85069285    0.77599322    1.07884895    1.05625094    1.07207982    0.94072665    0.97540107    1.03992427    0.94423225
C7N6E0_SLAHD/4-429     1.02827501    1.12375162    1.13535324    1.08036275    1.02919124    1.06821113    1.07840083    1.14566409    1.07834226    1.06420183    1.04532413    1.04720686    1.06698254    1.07104442    1.04522562    0.97344846    1.08596248    1.13159754    1.09887563    1.07134997    1.11539865    1.10812439    1.19265532    1.07994013    1.05118555    1.06533504    1.04820083    1.10965904    1.41769565    1.39869072    1.08799342    1.01300818    1.02237902    0.88532764    0.89235870    0.00000000    0.97885863    0.89409056    0.92717593    1.18632909    1.22399034    1.21069353    1.23443203    1.15594865    1.27658721    1.09460439
R7A8A0_9FIRM/7-435     0.95587065    1.11368463    1.14201315    1.16645546    1.06899401    1.11671222    1.11236374    0.97813001    1.10810713    0.93638338    1.01250989    1.05924879    0.94857172    1.02246040    1.02961037    0.99100184    1.05467974    1.20144280    1.12469330    1.18756591    1.22408274    1.16015750    1.06965962    1.05420582    0.95366952    1.14405204    1.08662754    1.24491225    1.41937012    1.43487606    1.09062648    0.86320399    0.86314462    0.73729145    0.81404091    0.97885863    0.00000000    0.49579823    0.51483411    1.23817431    1.22742775    1.20642984    1.12431942    1.10775639    1.23417909    1.14828122
R5Z2Y9_9FIRM/5-431     1.00040668    1.02076762    1.06061683    1.08128918    0.98924016    1.06901775    1.08206658    0.95277155    0.98799470    0.93829534    1.00000691    1.01409260    0.94594199    1.01617165    0.98000303    0.94471820    0.96248026    1.11739397    1.03628202    1.03945673    1.05078410    0.95943664    1.09505080    1.09161403    0.98131887    1.05677288    1.04661339    1.15308622    1.41241462    1.34797977    0.97735754    0.79064311    0.87307878    0.67108960    0.85069285    0.89409056    0.49579823    0.00000000    0.39949043    1.21469517    1.23686976    1.11280364    1.10781260    1.07647052    1.20620323    1.11044432
R5QDM3_9FIRM/6-436     0.98774412    1.03885116    1.05965333    1.06105217    0.96184131    1.01275331    1.02895661    0.94414482    1.00013474    0.88613843    0.94864087    0.98306035    0.93512885    0.98949322    0.99256307    0.92789870    0.94282163    1.10084512    1.08335751    0.99462794    1.03895538    0.99851690    1.12466816    1.10024894    1.07376751    1.05088763    1.08499247    1.11513719    1.41825995    1.33845337    0.98742852    0.83732407    0.86914352    0.65575449    0.77599322    0.92717593    0.51483411    0.39949043    0.00000000    1.24623935    1.19179262    1.07874056    1.14046486    1.03737565    1.14178144    1.08125165
TAGPE_AGRFC/5-420     0.92023965    0.94770392    0.93877544    0.89612797    0.90515510    0.88701802    0.96752694    1.10409090    0.96575218    1.02475184    0.98426751    0.98458090    0.99046657    0.97126825    0.87256728    0.96706995    0.95658131    1.06443568    1.02377515    1.01373344    1.04610108    1.05975392    0.92314899    0.96982756    0.98681924    0.93567659    1.02278213    1.04162547    0.96498777    1.13935945    1.04699318    1.13965729    1.13199594    1.13865772    1.07884895    1.18632909    1.23817431    1.21469517    1.24623935    0.00000000    0.64501000    0.72313402    0.80223801    0.66270316    0.78521838    0.79351809
B9JQE9_AGRRK/6-423     1.03131157    1.00781997    1.04073392    1.01875202    0.94483257    0.92398832    1.03449459    1.13788257    0.94738936    0.98008002    1.03964688    1.02573771    0.96646480    1.03184800    1.03057788    0.96740754    1.05347893    1.11887709    1.03225766    1.09680510    1.05355512    1.06114112    1.01188245    0.96226344    0.97554020    1.00455655    1.03293991    0.96396983    1.07479923    1.17549399    1.14289871    1.10899028    1.17307639    1.17463589    1.05625094    1.22399034    1.22742775    1.23686976    1.19179262    0.64501000    0.00000000    0.81887196    0.87666259    0.79660917    0.80613452    0.78495453
A6WVL5_OCHA4/7-425     1.10335692    0.86498109    0.90756932    0.88793506    0.87808647    0.89226608    0.94281483    1.13308773    0.96047484    0.89242702    0.91044887    0.82641680    0.87168928    0.98020129    0.88705497    0.89856112    0.89099633    0.96394285    0.92450608    0.95539553    0.95995894    0.96116099    1.00930684    0.97881549    0.93265460    1.00313100    1.03221979    0.89393718    1.10247507    1.20887503    1.03181442    1.10101280    1.13142100    1.02701083    1.07207982    1.21069353    1.20642984    1.11280364    1.07874056    0.72313402    0.81887196    0.00000000    0.63129831    0.58908357    0.60872007    0.56032889
B9JL35_AGRRK/8-426     0.99938544    0.98254977    0.94187585    0.91422993    0.82788309    0.91501468    1.02002827    1.06140289    1.01912710    0.82984620    0.87333831    0.95259713    0.93389365    0.97029086    0.93302660    0.89224906    0.97889370    0.99283748    0.93109965    0.96424190    1.00977231    0.97941207    0.97800555    0.99070368    0.96397906    1.01754667    1.04486375    1.04697765    1.12308775    1.21637447    1.07791177    1.00643560    1.11631267    1.04733340    0.94072665    1.23443203    1.12431942    1.10781260    1.14046486    0.80223801    0.87666259    0.63129831    0.00000000    0.67240159    0.68807931    0.65836261
D5QF11_KOMHA/6-425     0.94206608    0.86439802    0.86744936    0.83054627    0.88965604    0.88481063    0.92938489    1.03997673    0.96496026    0.86130947    0.82888113    0.83763929    0.83748629    0.89419824    0.86093399    0.79035884    0.81311857    0.96393889    0.90195944    0.95512904    0.93863428    0.92599172    0.93492656    0.93680406    0.90517908    0.87578525    0.88130548    0.90653685    1.07361555    1.15289106    0.98614170    1.01677652    1.06314843    0.99874797    0.97540107    1.15594865    1.10775639    1.07647052    1.03737565    0.66270316    0.79660917    0.58908357    0.67240159    0.00000000    0.63262709    0.57983070
A1BBL3_PARDP/6-424     0.94277122    0.84075682    0.88463381    0.80015319    0.83215961    0.83029024    0.99447554    1.21758486    1.05974871    0.86057389    0.90488124    0.93554250    0.95762349    0.85310352    0.86692991    0.85122737    0.89150158    0.94725384    0.98561524    0.98958284    1.05680173    0.99642978    0.96240229    0.96866568    0.93979933    0.96838665    1.03060118    0.96532159    1.09916246    1.15127949    0.99561472    0.95200270    1.07600067    1.10669773    1.03992427    1.27658721    1.23417909    1.20620323    1.14178144    0.78521838    0.80613452    0.60872007    0.68807931    0.63262709    0.00000000    0.44232636
Q92UY3_RHIME/6-425     0.91851452    0.86004478    0.93012510    0.81465393    0.82944863    0.81353108    0.93755788    1.06273695    0.91282814    0.84377421    0.85560347    0.84450557    0.87983646    0.91045845    0.88006028    0.85621402    0.85493823    0.96956866    0.96867727    0.96483494    0.99616862    1.02691742    0.94835980    0.92621915    0.94848574    0.93140080    0.97755504    0.90036929    1.04401217    1.17875215    1.00771215    0.85812749    1.07426948    1.02024484    0.94423225    1.09460439    1.14828122    1.11044432    1.08125165    0.79351809    0.78495453    0.56032889    0.65836261    0.57983070    0.44232636    0.00000000

