24
Q8FTW2_COREF/4-118     0.00000000    1.02598263    1.13449521    1.17448893    1.22987658    1.55821739    1.66512610    1.48833332    1.40934853    3.30381737    3.57466132    2.81365218    2.68435610    3.22001745    2.21665533    2.09047133    2.82660421    2.88651349    2.78320470    2.52741331    3.43226466    3.51381348    3.14531060    2.59099388
A4G5B5_HERAR/3-116     1.02598263    0.00000000    0.92661741    0.74015077    1.10344555    1.37963754    1.41234917    1.31922486    1.22527756    2.51735914    2.96594529    2.44607112    2.37500828    2.43493234    2.24822637    2.40926995    2.49180121    2.87681121    2.30620080    2.31137049    2.73167981    2.77920451    3.46809387    2.24382560
A1W964_ACISJ/3-116     1.13449521    0.92661741    0.00000000    0.54970900    1.03645794    1.10590295    1.39931159    1.44423939    1.35914686    2.90573217    2.62157138    2.06467984    1.96205863    2.51729696    2.22194241    2.19020380    2.89390540    2.85698618    2.29540613    2.26991345    2.61062873    3.18971129    2.89104775    2.20821574
Q82T32_NITEU/4-119     1.17448893    0.74015077    0.54970900    0.00000000    1.37420796    1.47202755    1.49481882    1.41994519    1.55448031    2.31684931    2.50077624    2.42345545    2.49361155    2.49725506    2.06378156    1.96734525    2.32295409    3.45230468    2.65735889    2.61913702    2.84596364    2.88051686    3.14880812    2.12920422
Q12I74_SHEDO/3-119     1.22987658    1.10344555    1.03645794    1.37420796    0.00000000    0.79885326    1.08988661    1.04437756    1.16648304    3.08142785    2.60251680    2.26204689    2.06327507    2.91757019    2.87883716    2.74153737    3.06838784    2.88032326    2.90085001    3.12812179    3.41472800    3.25355347    3.54965742    2.12544771
Q31IQ3_HYDCU/3-119     1.55821739    1.37963754    1.10590295    1.47202755    0.79885326    0.00000000    0.98197375    1.04701278    1.22215997    2.45799667    2.42217571    2.07699766    2.15834000    2.50720176    2.46121645    2.51192759    2.53822844    3.04084331    2.53937818    2.72182511    2.70441740    3.42574926    3.27606903    2.09935911
A4G5B4_HERAR/2-119     1.66512610    1.41234917    1.39931159    1.49481882    1.08988661    0.98197375    0.00000000    0.26815678    1.31550366    2.52301193    2.89686727    2.37989706    2.11194395    2.62957583    2.86272094    2.90873606    2.55627627    2.75825712    2.90271238    3.24663301    2.84169034    4.04232040    4.01441847    2.16892828
Q3A0F5_PELCD/2-120     1.48833332    1.31922486    1.44423939    1.41994519    1.04437756    1.04701278    0.26815678    0.00000000    1.32787504    2.69462624    3.05012722    2.59160109    2.25978197    2.90109057    2.90612286    2.86631216    2.66999005    2.90806230    3.01299198    3.27688990    3.01905989    4.03028408    3.98260763    2.27038481
Q1IIP2_KORVE/3-120     1.40934853    1.22527756    1.35914686    1.55448031    1.16648304    1.22215997    1.31550366    1.32787504    0.00000000    2.68955467    2.99026457    2.42467567    2.39832889    2.37217171    2.64786195    2.46387541    2.87331752    2.65512131    2.73924832    2.88702825    2.93408271    3.34937953    3.66962244    2.14590435
O86760_STRCO/8-131     3.30381737    2.51735914    2.90573217    2.31684931    3.08142785    2.45799667    2.52301193    2.69462624    2.68955467    0.00000000    1.54537894    1.08510728    1.31216598    1.49557373    2.63908638    2.36191941    2.91665841    2.93126290    2.77948764    2.66525470    2.91537627    4.06029837    4.07994003    2.16799865
Q6F1E6_MESFL/3-131     3.57466132    2.96594529    2.62157138    2.50077624    2.60251680    2.42217571    2.89686727    3.05012722    2.99026457    1.54537894    0.00000000    2.12917627    1.99367021    1.91080678    3.63436739    3.04730487    3.21672660    4.11828572    2.69089943    3.39228691    2.97142913    2.79030415    3.84012539    2.48687565
Q122C0_POLSJ/18-136     2.81365218    2.44607112    2.06467984    2.42345545    2.26204689    2.07699766    2.37989706    2.59160109    2.42467567    1.08510728    2.12917627    0.00000000    0.61625470    1.38375310    2.66592458    2.33014049    2.31914996    2.42387112    2.88635687    2.69225534    3.06817535    2.59156977    3.16118209    2.07494828
Q2LRS2_SYNAS/24-142     2.68435610    2.37500828    1.96205863    2.49361155    2.06327507    2.15834000    2.11194395    2.25978197    2.39832889    1.31216598    1.99367021    0.61625470    0.00000000    1.23259400    2.45684991    2.58742129    2.62916867    2.43950004    2.38460999    2.44515873    2.59911047    2.55537905    3.31458481    2.09119830
Q2NGB5_METST/3-120     3.22001745    2.43493234    2.51729696    2.49725506    2.91757019    2.50720176    2.62957583    2.90109057    2.37217171    1.49557373    1.91080678    1.38375310    1.23259400    0.00000000    2.05779530    2.17362179    2.51731448    2.68759729    2.60635769    2.59367655    2.85670849    2.56487413    3.32145187    1.76083858
Q21ZJ7_RHOFT/6-120     2.21665533    2.24822637    2.22194241    2.06378156    2.87883716    2.46121645    2.86272094    2.90612286    2.64786195    2.63908638    3.63436739    2.66592458    2.45684991    2.05779530    0.00000000    0.46581853    2.12275518    1.99353611    2.16420489    2.16855805    2.77776840    2.46787436    2.29589903    1.84404212
Q122B7_POLSJ/5-119     2.09047133    2.40926995    2.19020380    1.96734525    2.74153737    2.51192759    2.90873606    2.86631216    2.46387541    2.36191941    3.04730487    2.33014049    2.58742129    2.17362179    0.46581853    0.00000000    2.13193574    1.98464547    2.41505497    2.43715986    2.68916741    1.97242862    2.30089380    1.71629793
Q6MN07_BDEBA/5-124     2.82660421    2.49180121    2.89390540    2.32295409    3.06838784    2.53822844    2.55627627    2.66999005    2.87331752    2.91665841    3.21672660    2.31914996    2.62916867    2.51731448    2.12275518    2.13193574    0.00000000    2.37570817    2.85969608    2.62433980    3.23397628    3.08669017    3.31662820    2.39099815
Q03QQ3_LACBA/2-119     2.88651349    2.87681121    2.85698618    3.45230468    2.88032326    3.04084331    2.75825712    2.90806230    2.65512131    2.93126290    4.11828572    2.42387112    2.43950004    2.68759729    1.99353611    1.98464547    2.37570817    0.00000000    2.03779175    2.21822153    2.60968291    3.04405057    3.17340475    2.27739092
Q6LJM5_PHOPR/2-127     2.78320470    2.30620080    2.29540613    2.65735889    2.90085001    2.53937818    2.90271238    3.01299198    2.73924832    2.77948764    2.69089943    2.88635687    2.38460999    2.60635769    2.16420489    2.41505497    2.85969608    2.03779175    0.00000000    0.33999196    2.59475665    3.08279860    3.21068719    2.15579976
A1SXM2_PSYIN/2-127     2.52741331    2.31137049    2.26991345    2.61913702    3.12812179    2.72182511    3.24663301    3.27688990    2.88702825    2.66525470    3.39228691    2.69225534    2.44515873    2.59367655    2.16855805    2.43715986    2.62433980    2.21822153    0.33999196    0.00000000    2.79101984    3.12618291    3.43201212    2.10939777
Q9A8E1_CAUVC/8-195     3.43226466    2.73167981    2.61062873    2.84596364    3.41472800    2.70441740    2.84169034    3.01905989    2.93408271    2.91537627    2.97142913    3.06817535    2.59911047    2.85670849    2.77776840    2.68916741    3.23397628    2.60968291    2.59475665    2.79101984    0.00000000    2.74405910    2.70049691    2.23260052
A0LCB5_MAGMM/7-121     3.51381348    2.77920451    3.18971129    2.88051686    3.25355347    3.42574926    4.04232040    4.03028408    3.34937953    4.06029837    2.79030415    2.59156977    2.55537905    2.56487413    2.46787436    1.97242862    3.08669017    3.04405057    3.08279860    3.12618291    2.74405910    0.00000000    0.95549867    2.90986496
A3DI79_HUNT2/7-123     3.14531060    3.46809387    2.89104775    3.14880812    3.54965742    3.27606903    4.01441847    3.98260763    3.66962244    4.07994003    3.84012539    3.16118209    3.31458481    3.32145187    2.29589903    2.30089380    3.31662820    3.17340475    3.21068719    3.43201212    2.70049691    0.95549867    0.00000000    3.13624322
A7HHH7_ANADF/34-147     2.59099388    2.24382560    2.20821574    2.12920422    2.12544771    2.09935911    2.16892828    2.27038481    2.14590435    2.16799865    2.48687565    2.07494828    2.09119830    1.76083858    1.84404212    1.71629793    2.39099815    2.27739092    2.15579976    2.10939777    2.23260052    2.90986496    3.13624322    0.00000000

