130
A0A2I1GYZ3_9GLOM/14-138     0.00000000    1.48904797    2.44543964    1.83199101    1.87487102    2.28926601    2.64590931    3.23032825    3.17690738    2.01153341    2.52763750    3.70689245    2.69972357    2.19823349    1.66696674    2.00368365    2.14116050    2.69206303    2.31492127    3.37056472    3.42881970    3.14844059    3.88936808    2.65331126    2.70493550    3.05122563    2.83665254    3.38371747    2.98079340    3.59605259    2.16768734    2.44996542    3.07185237    2.22904270    1.74753144    3.72622303    3.73714437    3.17572669    3.51975519    3.24685337    2.54135935    2.85858259    3.30786915    3.12135420    4.30272233    3.21746551    3.43493530    3.51010751    3.84225886    3.30189427    1.99432656    2.51112979    2.41364995    1.89270275    1.76239480    1.51618404    2.02112926    2.06288926    2.04587049    1.70005378    1.89730888    2.76765759    2.51761738    2.32463238    2.48161639    2.95751218    3.52213580    3.24598159    2.58274711    2.62729548    2.76429328    2.75273470    2.46992788    2.86017431    3.54955414    3.18822694    3.06215170    2.98189303    2.92292259    2.75418468    2.52411380    2.80960513    2.97698648    2.60720895    2.71312924    2.94097430    2.66157966    2.59974200    3.14816209    3.07462241    3.87897375    3.72134591    2.71341613    2.74171073    2.58308767    2.77490150    2.44864527    2.73316917    3.02068652    3.08860910    2.87033692    3.21928142    2.69746758    3.22073051    2.48874933    3.37608010    2.32625387    3.04996199    2.68723847    3.79329456    3.17843470    2.95178414    2.64532409    2.91644321    2.84152565    2.55235530    2.60278814    2.67016478    2.74053692    2.88229788    2.63180290    2.54734647    2.46757007    2.84705071    2.89138322    2.55692178    2.33336939    2.25355836    1.68870197    2.13681586
A0A2P6NPJ1_9EUKA/563-779     1.48904797    0.00000000    2.04789264    1.96284514    1.91657843    1.92836507    2.10350812    2.95309501    3.06252348    1.63442581    1.81923141    2.40213398    2.20797028    1.92597786    1.99314679    1.79835340    1.69203729    2.09426591    1.94043455    2.50978895    2.34632595    2.57392194    2.56408715    2.25841912    1.99534871    2.44889684    2.25124273    3.04856789    3.01684303    2.91215437    2.33772638    2.60960834    2.11829964    2.05907114    2.08592622    2.95880100    2.68755924    2.90718636    3.01110389    2.71745893    2.35289848    2.59443450    3.20360736    3.07604739    3.62813742    2.80092618    2.86409971    3.00140515    3.38562907    2.75098983    1.90170704    2.07824461    2.44897749    2.46928149    2.52582189    1.75287301    1.78436740    1.60903033    1.59981260    2.04850574    1.65896772    2.97900405    2.75713212    1.84712284    2.75658979    2.51765300    2.91058850    2.87821983    2.40693728    2.39890283    2.40115332    2.92021943    2.40027245    2.53625890    2.66798221    3.01019556    2.34504821    2.48541101    2.79647881    2.76069403    2.57702680    2.66783534    2.47883122    2.59945561    2.50173196    2.45288100    2.50425172    2.33033329    2.60100842    2.32508097    3.23450303    2.86223355    2.62806344    2.54477499    2.86768556    2.58286914    2.08687565    2.58773678    2.57373111    2.29078291    2.24926674    2.73602786    2.56960237    2.93336596    2.99891828    3.05415323    2.69435588    2.95322467    2.86296548    3.07740018    2.87860938    2.58932288    2.21380215    2.35781173    2.30887731    2.76286283    2.59630116    2.62491422    2.68256765    2.41143895    2.26958847    2.16219257    2.39843069    2.61824749    2.30067122    2.30748167    2.02463113    1.93049540    1.87285270    1.78043061
A0A067MP65_9AGAM/23-245     2.44543964    2.04789264    0.00000000    1.92883408    2.03689796    2.04468665    1.91989187    2.62923297    2.89533739    1.60138989    2.65680096    2.41253925    2.35137459    1.87229387    2.56064533    2.39508680    2.33928380    2.38345050    2.56125838    2.80454766    3.46421882    3.10329443    3.40820783    3.72620719    3.03577415    3.28494962    3.06464779    3.17463689    3.20950266    3.52714832    2.96693538    3.13775095    3.13585937    2.55041928    2.95007298    4.03034313    3.56434078    3.54758962    4.25729787    3.55705401    3.15748838    3.13078344    3.62683818    3.95968391    4.92864561    3.44673946    3.87690610    3.48928447    3.96064814    3.53594876    2.61227378    2.98270317    3.38510728    3.18461054    2.96432317    2.52401847    2.68144889    2.60010405    2.48123355    2.62257479    2.55341265    3.97522853    3.38721083    2.53291882    3.50057999    2.98980091    3.11328768    2.95586362    2.81682041    3.22025761    3.08207743    3.06244779    2.96002302    2.62177533    3.22414797    3.25658351    3.36084391    3.55713261    2.94669305    3.42549985    3.76187442    3.40836120    3.10409941    3.27388542    3.29369739    2.81308507    2.68636518    2.91954182    3.14621048    2.99769332    3.57089927    3.65426625    3.17936953    2.76184633    3.37727702    2.93231057    2.93474139    3.00345366    3.07029345    2.81037867    2.83930458    2.91485790    3.16587819    3.15763212    3.08097620    3.14686035    2.91186862    3.07452818    3.09445048    3.16713692    2.98969551    2.62948229    2.95173781    2.95685669    2.93746650    2.93314885    3.30413374    3.00781870    3.17166750    2.66592663    2.96280859    2.77724861    2.77046190    2.93939202    2.44679949    3.15653227    2.69105684    2.80550450    2.64032737    3.08119462
L8WUN7_THACA/160-441     1.83199101    1.96284514    1.92883408    0.00000000    2.25817371    2.05076536    1.98448236    3.00469545    3.39574761    1.84732423    2.11594507    2.66721742    2.52205112    1.88060816    2.21324444    2.13667191    2.19674230    2.15932140    2.60978685    2.83282388    3.04063329    2.97695749    3.20639103    3.10429819    2.41597972    2.99184883    2.68110875    2.82188523    2.74569028    2.85369104    2.92195872    2.72328734    2.62659850    2.61877967    2.19649455    3.45198440    3.84029268    3.33551956    3.24256603    3.25789407    2.80489271    2.77616823    3.68344338    3.35040608    4.19213608    3.12783422    3.21076999    2.82837914    3.55795483    3.57705591    2.48944043    2.94664306    3.21298537    2.62707551    2.84416957    2.30770168    2.58590161    2.34905768    2.15192744    2.19007154    2.36358524    3.93256283    2.98881708    2.43487885    2.95753399    2.63439731    3.03045920    2.89351510    2.64724345    2.34789603    2.73185844    2.86515929    2.54116952    3.16624835    3.03625030    3.06287155    2.82075959    2.73433647    3.04352575    2.72635346    2.84536174    2.84269737    2.67805295    2.68633214    2.41673802    2.53317235    2.67476433    2.61711131    2.93824688    3.08098902    3.00764423    3.07336648    2.69038208    2.47767846    2.42026576    2.44520236    2.27163008    2.27482610    2.78268683    2.57269194    2.58277074    2.74214162    2.44642573    3.12867993    3.07357908    3.36706013    2.60094656    2.55091404    2.67858473    2.95084316    3.01461541    2.87445051    2.69675525    2.40829922    2.51130887    2.70037524    2.67750666    2.74140037    2.43186588    2.52561754    2.96237450    2.50283223    2.85862431    2.84115503    2.91141138    2.77139932    2.47323551    2.38417156    2.32646784    2.68155445
A0A4S4N3I7_9APHY/24-281     1.87487102    1.91657843    2.03689796    2.25817371    0.00000000    1.82404756    1.57598102    3.01244061    3.13885059    1.61396444    1.95242651    2.34339404    2.41253547    1.75834175    2.19420353    1.97942187    1.80554252    2.04445529    2.41277292    2.92858024    2.90885370    3.12009719    3.61178041    2.79075671    2.30874051    2.99314776    2.90749361    3.38912107    3.35067373    3.42099880    3.12633915    2.84864632    2.57589102    2.90346622    2.05109448    3.69827741    3.54224022    2.73291503    3.27082639    3.29612614    3.07472130    3.11833114    3.31721116    3.68278338    3.85377290    3.23827377    3.54349778    3.60973277    3.65425635    2.94004729    2.45938535    2.36920981    2.88658471    2.87033621    2.85425510    2.36738616    2.56155514    2.21029303    2.17239555    2.75747118    2.25631593    3.58730689    2.68744628    2.55313506    2.80761975    2.82560655    3.42288725    3.27272189    2.67019404    2.66194049    2.89740995    3.19638633    2.61661774    2.74533906    3.42369042    3.13697345    3.28280568    3.17689552    2.81873032    2.75043861    2.82640908    2.65154546    3.28765101    2.76887980    2.72875196    2.67218430    2.66686379    2.77899685    2.84814831    2.43861296    3.21453875    3.09137110    3.08595243    2.77326005    2.78501402    2.68506911    2.67703682    2.74661990    3.17664561    2.46178999    2.40524252    2.74884591    2.75977096    2.86876965    2.76086458    2.89877846    2.81359175    2.72890361    2.82752479    3.49162073    2.80840458    2.99974191    2.53288400    2.45253430    2.39935155    2.63669715    2.94692597    2.67618228    2.85432568    2.43132055    2.54180016    2.39273798    2.65749179    3.00070765    2.68659259    2.62071841    2.28734381    2.17023498    2.40712302    2.97885516
L8WY15_THACA/23-225     2.28926601    1.92836507    2.04468665    2.05076536    1.82404756    0.00000000    1.65955738    3.44332699    4.44344561    1.57743810    2.32680371    2.27223232    2.41634753    1.96615286    2.32461956    2.29611437    2.17065496    2.29170877    2.35479293    2.77529092    2.62437842    2.81061953    3.30027215    2.49009978    2.50772235    3.05447805    2.69167207    2.81419971    3.15356750    3.07493058    3.06420663    3.12410661    2.79375707    2.70497207    2.69262313    3.42770852    3.37244492    2.64230987    3.32707604    3.26865262    3.04205998    3.07968486    3.40980871    3.29053649    4.12921468    3.21566134    3.11241743    2.81988017    3.41806404    2.87983362    2.29694567    2.60374932    3.12332678    3.00611265    3.14645357    2.40162692    2.23477570    2.18755922    2.43932546    3.03877777    2.35869638    3.42533098    2.91341881    2.85708455    3.01304707    3.19491714    3.52056315    3.56075514    2.52697092    2.88414938    3.00604720    3.01979893    2.53131358    3.23193796    2.99538160    2.90270937    2.76240040    3.02604192    2.77887734    2.99874387    2.91690948    2.81168333    3.25046378    3.18955311    3.05009149    3.04991411    3.05929129    2.64326763    2.44641505    2.60704781    2.85470785    3.08659527    3.04169448    2.86624077    3.02090865    2.72452127    2.48034627    2.87566324    2.88966604    2.67561853    2.66125975    2.85108020    3.08225068    2.45279407    3.11071397    3.15914174    2.74196036    2.65640670    3.07810322    3.38282030    3.28104433    2.98606383    2.27895042    2.76793091    2.66671208    2.85011947    2.67716185    2.72145819    2.43326395    2.25324088    2.76670830    2.31850587    2.86439263    2.72336047    2.95265905    2.74693434    2.28336735    2.54095406    2.20303182    2.61859185
A0A165MIF6_EXIGL/47-254     2.64590931    2.10350812    1.91989187    1.98448236    1.57598102    1.65955738    0.00000000    2.80986242    2.69413668    1.23731332    2.06773309    2.14105946    2.23368789    1.75606823    2.13844086    1.90284323    1.93408256    2.03537827    2.22998280    2.92422199    2.59358972    3.02751678    2.98033039    2.72574107    2.27871828    2.89114160    3.02093481    3.76464997    3.14868753    3.04413456    3.00153630    2.47560350    2.60683079    2.90681999    2.40846835    3.33167114    4.01408700    3.37024083    3.51253717    3.06785704    3.51254457    3.06673502    3.15875349    3.76073098    3.77299416    3.32464718    3.71081245    3.62813084    4.03128149    3.37359984    2.12675869    2.24015577    2.76464581    2.76139654    2.86241756    2.05278939    1.93886938    2.13120619    1.99813136    2.43609420    2.26420813    3.57540199    2.69121308    2.58534536    2.92226915    2.75358627    2.74959129    2.62022896    2.68491632    2.94912762    3.09738137    3.47278981    2.76676462    3.24378000    2.77165711    2.94179259    2.73020990    2.59809841    3.15689071    2.93736105    2.86551108    3.06737641    3.77611600    3.15578353    3.14948217    2.45692327    2.53447939    2.26662204    2.43483754    2.58854452    3.12549129    3.12034075    2.92452410    2.82966271    2.68026156    2.58562123    2.75116074    2.52216621    2.81517557    2.34852794    2.27106829    2.72746588    2.69572004    2.97626846    2.92247204    2.60146816    2.58018103    2.34842735    2.73875866    3.23778690    3.02554589    2.57457015    3.00379816    2.85238434    2.91768693    3.04257882    3.13007736    3.15881296    2.86207842    2.16439559    2.85907941    2.30287628    2.93511326    2.74412131    2.61388634    3.02620294    2.25960197    2.52554787    1.91065625    2.30647001
A0A5C3NSZ7_9APHY/43-237     3.23032825    2.95309501    2.62923297    3.00469545    3.01244061    3.44332699    2.80986242    0.00000000    2.35915570    2.31058191    3.13166444    2.60386458    2.97185406    2.62055457    2.74054174    3.14205705    2.81628947    3.42769649    3.23634670    2.95424291    4.28002449    3.89686370    4.47496082    3.45446637    3.48614547    3.39240608    3.84516202    3.45565519    3.79028431    3.90723162    3.61728693    3.36011968    3.97097374    3.44058896    3.24556078    4.51489077    3.92703833    3.61837520    4.16514450    4.31445086    4.54257621    3.57939388    3.82273867    5.52793872    4.62769847    3.95303751    4.27558679    4.26073189    3.95549029    3.79081303    3.24085714    3.91233457    4.02986411    3.64078165    3.16886342    3.52299886    3.39731617    3.49286011    3.29380028    3.04411265    3.36411069    4.33867939    3.85659610    3.03120400    3.92389372    3.16470128    3.76034818    3.55714431    3.36253255    3.92473957    3.72363719    4.02565516    3.90329819    3.72972975    4.02226299    4.23040470    3.61809346    3.64797934    3.85489512    3.16589831    4.05978346    3.78131845    4.25729815    3.75233764    3.77801735    3.44910925    3.01355218    3.17907024    4.00925224    3.96885217    3.88279844    4.35271989    3.69439768    3.07760601    3.65138567    3.49281251    3.27765212    3.35265122    3.30029060    3.53653803    3.22369710    3.41484946    3.71905643    3.73800642    3.32332778    3.30040667    3.49691877    3.69031377    3.30591031    3.81186882    3.21632911    3.55384623    3.52077612    3.27482930    3.29829022    3.31181705    3.56725014    3.50907440    3.29077697    3.31513916    3.40417090    3.38299512    3.38225340    3.52579699    3.79839813    3.65409113    2.96803483    3.96086418    3.17940381    3.46056224
A0A4S8KJB8_DENBC/30-202     3.17690738    3.06252348    2.89533739    3.39574761    3.13885059    4.44344561    2.69413668    2.35915570    0.00000000    2.16817185    3.31329835    3.79736864    3.36342726    3.31169469    3.36586336    3.31061831    2.75136781    3.39540353    3.19049386    5.54388590    3.60976112    4.02314360    3.73034563    3.85796292    3.68775562    3.96820442    3.95231755    3.27395630    3.77171458    3.19822973    3.81777919    3.28075386    3.61026208    4.20304113    3.73671162    4.53313363    4.22477169    4.35052644    4.47448516    4.48079529    4.56355788    3.58765649    4.91226299    5.59228579    4.52480480    4.49697197    4.67362504    5.47602727    4.71377206    4.19408583    3.81525713    4.88015114    3.71632998    2.86749861    3.76551366    4.13177097    3.77304443    3.55410692    2.88555612    3.65357793    3.26395202    3.83898137    3.90306876    4.38772712    3.69899755    3.91960389    4.52614562    4.51166898    4.27131734    4.13382693    4.00865868    3.99466515    4.54763813    4.52733473    4.09814106    5.09019764    4.50754204    4.07121849    4.19435873    3.34441768    4.51797567    4.84798281    5.25401973    4.08723210    4.19866103    3.76080647    3.28413258    3.79616531    3.86915466    3.91231480    4.45042363    4.00700606    4.80790862    4.11004738    3.47740467    4.03170731    4.02038366    3.61278315    3.51209543    3.77063423    3.72745441    4.13621485    3.96330897    4.49800349    3.66163415    4.03320033    3.95624744    4.01610133    4.29491285    4.56250435    4.82193491    4.68191695    3.26214063    3.77164693    3.73528160    3.53331392    3.75221274    3.91547413    3.94445728    3.57997903    4.12477582    3.71473576    3.34665312    3.76450778    3.75767280    3.68737721    3.05672082    4.35920739    3.36311116    4.19838301
A0A0C9U0T4_SPHS4/27-273     2.01153341    1.63442581    1.60138989    1.84732423    1.61396444    1.57743810    1.23731332    2.31058191    2.16817185    0.00000000    1.80661318    1.85283327    1.82913431    1.34835978    1.70915807    1.78984934    1.60288142    1.63488566    2.13127965    2.97623420    2.56144738    2.52217970    3.11269363    2.27442235    2.02235126    3.05716970    2.06483160    2.72521285    3.10843076    3.18068292    2.36720209    2.60191748    2.05600808    2.52150513    2.17751918    3.25643836    3.41981119    3.03775306    3.05818850    2.94801199    2.76966992    2.45021991    3.00163378    3.42346785    3.77888811    2.73169451    2.75763058    2.87126248    3.00552204    2.73862847    2.19928015    2.69231825    2.65809536    2.55422729    2.68817659    2.13504925    2.08215567    1.87179875    1.87507991    2.11183667    2.23363811    3.50847897    2.74950339    2.44683302    2.63935246    2.49784089    2.65833820    2.65821321    2.65495734    2.65766658    2.87527939    3.07373534    2.55985719    3.09080445    2.46105680    2.91508804    2.80166769    2.61247890    2.59477047    2.71151971    2.79169009    3.23751023    3.31232360    2.57215984    2.61971123    2.63339336    2.22628273    2.27514130    2.45151568    2.62936276    2.64140844    2.52089628    2.81336823    2.58375662    2.34047316    2.49659354    2.33448564    2.30882452    2.66993248    2.46050309    2.49102262    2.51533096    2.66013305    2.64604847    2.59701317    2.68165938    2.43446736    2.46146514    2.71232988    3.26174414    3.01099902    2.75424192    2.53134177    2.63142314    2.44159359    2.71099951    3.12536131    3.04297436    3.22527165    2.31115355    2.76135385    2.32116280    2.78411767    2.29828937    2.39416444    2.73795280    2.08292461    2.01489320    2.03774987    2.36838564
B6K290_SCHJY/24-217     2.52763750    1.81923141    2.65680096    2.11594507    1.95242651    2.32680371    2.06773309    3.13166444    3.31329835    1.80661318    0.00000000    2.03990813    2.16153534    1.80163880    2.32779855    2.13319541    1.86715994    1.95220054    2.08911723    3.61157167    2.90695935    2.64851214    2.59883422    2.22848479    2.18043914    2.67650804    2.37802368    3.12630587    3.66856983    3.01879325    2.81154691    2.77367792    2.28679208    2.78370736    2.25681470    3.68017317    3.49688932    3.11886749    3.02985748    3.18500233    2.84078322    2.78382900    3.19645466    3.51290028    3.28824839    3.52123896    3.83111859    3.32928144    3.14051609    2.86390923    2.40338470    2.29647960    3.13389154    2.60715534    2.68428361    2.16365916    2.28406197    2.12447315    2.06252761    2.34116377    2.10379473    3.80995231    2.66986494    2.63451586    3.36966567    2.82397648    3.20135988    3.21501364    3.03693034    2.68323986    3.01393573    3.14258177    2.88188323    2.90415737    3.29994063    3.09388446    2.96905768    2.87281005    2.89512158    2.64314803    2.78108198    2.71559237    2.99856784    3.00239759    2.71565459    2.60164137    2.45605599    2.45416987    2.75678262    2.54315071    3.02476883    3.14770325    2.86713555    2.72139318    2.59584434    2.66995560    2.31615540    2.53081202    2.78262147    2.34008369    2.27863936    2.71704565    2.31231815    3.19418217    2.85164235    2.95795702    2.74098921    2.86485319    2.96622529    2.66866294    3.07382274    2.51584297    2.94287178    2.56035884    2.40659620    2.95353617    3.25860393    2.87613325    2.90411454    2.29606560    2.57256208    2.65006794    2.59981437    2.77799966    2.62007645    3.11198662    2.25947853    1.99408284    1.75550807    2.53217229
A0A2N5S5R6_9BASI/52-270     3.70689245    2.40213398    2.41253925    2.66721742    2.34339404    2.27223232    2.14105946    2.60386458    3.79736864    1.85283327    2.03990813    0.00000000    1.32506472    1.06100383    2.06850227    2.37915105    2.11122899    2.13638753    2.28674972    3.64691695    3.66190535    3.33867304    3.15170708    2.91143468    2.18763264    3.17956687    2.66509685    3.54822386    3.38538578    3.09540091    2.92213161    3.08013338    2.73627328    3.38666332    2.46536278    4.51210679    3.30246584    3.56213766    4.09120574    3.38194365    3.20027292    3.09847760    3.89939858    3.63421118    4.08276472    3.65689522    3.42717296    3.70089280    3.66832727    3.19273918    2.62780937    2.36599986    3.22990682    3.70558879    3.26582338    2.77730241    2.83528540    2.51612622    3.08820653    3.08533940    2.49210805    4.26898438    3.23963153    2.46705279    3.76960718    3.02904026    3.25692718    3.49648513    3.45486386    3.76423696    3.54602109    3.58820527    3.39318084    3.78690261    3.34022442    4.28447739    3.64826035    3.56699519    3.47088717    3.37011756    3.59735505    3.54249810    4.36498964    3.64166883    3.71079254    3.12525689    2.92869618    2.84522979    2.94809732    3.08773363    3.66537677    3.10572643    3.08374707    2.93360504    2.85624981    2.76035142    3.00357722    3.13854996    3.37961628    2.60189647    2.72312299    3.26476850    3.19166567    3.73251778    3.32478485    3.33759843    2.64251736    2.93489852    2.88880611    3.45547537    2.90093204    3.24498589    3.06360262    3.16247360    3.06260954    3.20102612    3.13926503    3.26482285    3.23353615    3.09851000    3.02077884    2.70594235    3.64074338    3.07138981    2.66381504    2.82768952    2.20449094    2.65590704    2.52673755    3.05490005
A0A5B0NZ68_PUCGR/52-283     2.69972357    2.20797028    2.35137459    2.52205112    2.41253547    2.41634753    2.23368789    2.97185406    3.36342726    1.82913431    2.16153534    1.32506472    0.00000000    0.55148317    2.23037780    2.19461681    1.89574396    1.84558066    2.62182448    4.15581161    3.55172157    3.30077007    3.22966740    2.50885818    1.76756253    2.63945050    2.83661740    3.14805992    3.25821597    2.78719548    3.04649694    3.14548825    2.26851036    3.08353091    2.29821333    3.70955332    3.14073498    3.38269239    4.09920450    2.98841496    2.86879195    2.77767779    3.83922583    3.61250843    3.67819801    3.57444689    3.36704514    3.39668751    3.20297836    3.20945251    2.54346483    2.18477830    3.14162637    3.32868637    2.80998922    2.22723741    2.35501970    2.28191527    2.71964056    2.95425205    2.61470590    3.56219614    3.32994804    2.25989601    3.59606483    3.18164175    3.50597479    3.54974340    3.42681483    3.45177698    3.69288652    3.52151640    3.15093802    3.76869136    3.97086541    4.12949677    3.90901633    3.93780572    3.40268259    3.19814598    3.65424786    3.76932306    3.81197079    3.48968559    3.83289111    3.07788071    2.85300953    2.82268966    3.17342456    3.01829891    3.94297217    3.08240554    3.27142914    3.34446584    3.30285489    2.79796674    2.87349333    3.04796815    3.31135663    3.08866957    3.09022766    3.04034477    2.79099927    3.21301372    2.82935764    3.32981559    2.87168571    2.63606580    3.08549786    3.67950535    2.79942192    3.21588064    3.22747532    2.90518186    2.78140463    2.74854356    3.04713248    2.96539236    2.68438466    2.60283983    3.03572750    2.61605333    2.85712122    3.17478270    2.55129910    2.77046783    2.31410031    2.62600273    2.22032681    2.87744069
A0A5B0Q6I0_PUCGR/26-234     2.19823349    1.92597786    1.87229387    1.88060816    1.75834175    1.96615286    1.75606823    2.62055457    3.31169469    1.34835978    1.80163880    1.06100383    0.55148317    0.00000000    1.78786442    1.88247797    1.55843715    1.44842536    2.12445487    3.18544765    2.87138831    2.74461731    3.01355875    2.27010524    1.42533676    2.68676010    2.08134434    3.05926910    2.89131101    2.86631665    2.49161575    2.95125665    2.21837452    3.01478694    2.16030410    3.56867337    3.23721028    3.26205176    3.86782859    3.23968348    2.93093632    2.79977210    3.78472910    3.35446153    4.55641684    3.12163921    3.39226131    3.56538446    3.38637103    3.02090949    2.06597501    2.12585945    2.86438393    3.20347009    2.81031611    2.19979763    2.06748347    2.19347670    2.28722480    2.50992275    2.11025382    3.69032260    2.87497649    2.09894268    3.26688536    3.07229149    3.22292097    3.22813710    3.26344367    3.15712670    3.72688383    3.71458624    2.86953516    3.55331962    3.90737065    4.15349039    4.18711626    3.74789061    3.32155989    3.35459610    3.61265552    3.65766150    4.05925493    3.72263817    3.79946967    2.90933412    2.36906285    2.48465223    2.51921386    2.88548788    3.37019883    2.77181271    2.61872177    3.34265787    2.95802789    2.28604580    2.60293070    2.70505628    3.22053952    2.75600132    2.74215158    3.12202424    2.68085091    2.82272944    2.88184800    2.83466312    2.45556963    2.34704373    2.60295911    3.60853186    2.88006554    2.96030606    3.33254255    2.57046299    2.47485806    2.65562329    3.14894089    2.95296160    3.11607528    2.70139975    2.99244167    2.38143095    3.20129590    3.05488917    2.81270764    2.84264171    2.23544071    2.29522720    1.94610710    2.60972685
A0A3G2S3C6_9BASI/22-240     1.66696674    1.99314679    2.56064533    2.21324444    2.19420353    2.32461956    2.13844086    2.74054174    3.36586336    1.70915807    2.32779855    2.06850227    2.23037780    1.78786442    0.00000000    2.03792086    2.07006315    2.03610245    2.35087122    3.29185021    3.41818604    3.12554425    2.92868718    2.62209693    1.89118000    2.96035033    2.67251263    3.50415449    2.89282157    3.07172704    2.53079490    3.65137064    3.05929857    2.56407911    2.37864596    4.07863312    4.22968812    4.63308785    4.44424740    4.58084446    4.33844574    3.94787008    5.06168514    3.86175945    4.75352826    3.99521588    4.32187591    4.30225258    4.25158932    4.31328663    2.18739045    2.39023709    2.97503279    2.26293434    2.19890181    1.75755917    2.34155385    2.47590322    2.29060311    2.36987968    2.22893946    3.60658525    2.81022103    2.63419052    3.04766710    2.97834539    3.87499353    3.76073659    2.89211111    2.87663926    2.82274086    3.70947487    2.87023038    3.39470650    3.31268453    3.73961852    3.42305437    3.22217678    3.26371960    3.49030742    3.39533646    3.02667868    3.46073943    3.09563232    3.03827331    3.02765323    2.72188238    2.83655443    2.84136226    2.82113657    3.40790597    3.18619001    3.22073329    3.11310617    2.69297232    2.66520383    2.49455926    2.69197208    2.91729401    2.67319299    2.57762930    3.01276122    3.09940821    2.87881260    2.77338658    3.12730170    3.00397679    2.74470528    3.27421314    3.85069577    3.56361402    3.39363095    3.55156746    2.90898147    3.14691296    3.13845865    3.06814132    3.42448958    3.19471846    2.72154209    3.07544160    2.67627306    3.08829415    2.73947636    3.01724492    2.96404623    2.46291518    2.08256653    2.15499597    2.35061894
A0A4T0J2L0_WALIC/21-234     2.00368365    1.79835340    2.39508680    2.13667191    1.97942187    2.29611437    1.90284323    3.14205705    3.31061831    1.78984934    2.13319541    2.37915105    2.19461681    1.88247797    2.03792086    0.00000000    1.69332595    1.88919578    2.21718223    3.00759797    3.02916994    2.38307635    2.35827382    1.90970035    1.83705290    2.74320693    2.51237027    3.11761877    2.74343398    2.90786893    2.68546689    2.52428035    2.25679168    2.82100599    2.69782396    2.91792220    3.62341093    2.77026874    3.58042814    2.78630314    2.73540177    2.85210887    3.24480658    3.57913801    3.92481623    3.18923452    3.00448234    2.87150459    2.78265746    3.36656996    2.32045250    2.67123452    3.17480336    2.83371424    2.73890271    1.86891509    1.96837173    1.90754965    2.31504187    2.06039139    1.99313955    3.15321322    2.82762854    2.37998504    2.77457862    3.00448488    2.98234575    2.80442137    2.65648747    3.03299434    2.79430181    3.18642040    2.77741266    3.20332764    3.30942095    3.45856865    3.06391455    2.98296283    3.18298451    3.19077407    3.01817176    2.90003304    3.12923065    2.97943381    3.17910862    2.93908307    2.47641798    2.81449110    3.08563647    2.68035294    3.01523559    3.53000602    3.10347551    2.85243302    2.83723047    2.58929304    2.98361731    2.82522035    3.11394391    3.20232392    2.97553788    3.11984826    3.08567445    3.25195832    2.68177989    2.80146736    2.49404091    2.41125928    2.58660793    3.45995140    3.26098915    3.03351260    2.87852301    2.59755567    2.62224898    2.95453847    3.28893518    3.07124926    3.63424306    2.55676550    2.94376426    2.48347602    3.11756557    3.24456430    2.54979546    2.91119488    2.12375628    2.33656174    1.90223317    2.31847565
A0A4Q1BJ94_TREME/25-237     2.14116050    1.69203729    2.33928380    2.19674230    1.80554252    2.17065496    1.93408256    2.81628947    2.75136781    1.60288142    1.86715994    2.11122899    1.89574396    1.55843715    2.07006315    1.69332595    0.00000000    1.15977477    2.07058306    3.01586546    2.69721632    2.12721966    2.08317450    2.11311800    1.82269216    2.33630031    2.59961630    2.92743684    3.05295766    2.52991343    2.71578302    2.46069342    2.09500513    2.42609782    2.30095930    3.21858536    3.25902234    2.83217739    3.53498077    3.03971382    3.15532500    2.91819480    3.13453112    3.55562398    3.24736701    3.17861287    3.31733879    3.28722360    3.69086387    2.95978539    2.09375374    2.50110586    2.83815474    2.74178700    2.65711230    2.09041355    2.05460299    2.07548555    2.09413320    2.65241126    2.51797417    3.66627332    2.94291968    2.23138208    3.14764122    2.84468209    3.34982493    3.26998291    3.08777495    2.71182745    2.99874699    2.94243916    2.97762812    2.95346785    3.35211811    3.31811318    3.08221030    2.91567846    3.06110713    2.57443512    2.70665095    2.63460956    2.88633909    2.80996852    3.15430570    2.67255362    2.28091439    2.50250140    3.07349837    2.94013832    3.52171423    3.55224948    2.53818634    2.79058406    2.88620262    2.31733499    2.57959169    2.65963005    2.66344716    2.49302467    2.46301581    2.79595367    2.37641345    3.19147149    2.54643854    2.46123278    2.47275954    2.49641534    2.44842324    3.20138888    2.77206294    2.68426760    2.55969347    3.04064973    2.93868983    2.67587569    2.80443499    2.94230791    2.91919733    2.49388381    2.88355792    2.43001539    2.40767607    2.91788849    2.32835749    2.16029588    1.76528967    2.00802713    1.84988554    2.06753016
A0A1E3HBB7_9TREE/25-240     2.69206303    2.09426591    2.38345050    2.15932140    2.04445529    2.29170877    2.03537827    3.42769649    3.39540353    1.63488566    1.95220054    2.13638753    1.84558066    1.44842536    2.03610245    1.88919578    1.15977477    0.00000000    2.52800352    3.36959555    3.29676490    2.66190443    2.56555513    2.25059348    1.76052184    2.37646510    2.28862462    2.90256290    2.86227432    2.51768554    3.02015827    2.61189160    2.26990307    2.58700989    2.23511547    3.42974627    3.35133495    3.03594969    3.36584789    3.36650476    3.42000294    3.23546612    3.33712868    3.36221916    3.65439467    3.58198589    3.52672320    3.26002592    3.15560668    3.03716434    2.33176943    2.43174230    2.96909619    2.72099650    2.74976443    2.22987407    2.26108085    2.02281593    2.55499651    2.80681903    2.25221563    3.41316466    3.09590039    2.35243478    3.41212535    2.74116948    3.27847485    2.99549804    3.41116430    2.94353122    3.18879361    3.41046107    3.03794389    3.01948451    3.42263964    3.17779996    3.40243183    3.37085632    3.13255638    2.80772062    2.99781797    3.23851667    3.19138461    3.30020042    3.43802338    2.66608958    2.40322870    2.54402151    2.76714258    2.63861883    3.16385285    2.92789244    2.80275607    2.58907775    2.38898444    2.78602218    2.33579852    2.79320660    2.78514048    2.50687504    2.43881892    2.74264869    2.29502654    2.96311376    2.59602264    2.83927026    2.71089925    2.55371106    2.54842784    3.08833655    3.59644944    2.87691283    3.04846039    2.85044466    2.98600346    2.78517894    2.77967211    3.04250037    3.01513893    2.69975333    2.89358286    2.38105140    3.01454087    2.51741823    2.23406434    2.64241554    1.94082186    2.47861150    2.03443448    2.29707407
A0A177WM29_BATDL/183-477     2.31492127    1.94043455    2.56125838    2.60978685    2.41277292    2.35479293    2.22998280    3.23634670    3.19049386    2.13127965    2.08911723    2.28674972    2.62182448    2.12445487    2.35087122    2.21718223    2.07058306    2.52800352    0.00000000    2.20465995    2.10662902    3.00680058    3.19961000    2.42887656    2.05287301    2.23519056    2.56259704    3.12687862    2.85342434    2.69078407    2.62854002    2.84106591    2.57022298    2.59741594    2.25385682    2.95916839    3.29261781    2.70932043    3.11723944    2.80375873    2.44448763    2.66189285    3.08863090    3.59945139    3.49377273    2.61792360    2.92022964    2.84916712    2.80334643    2.60951387    2.15639043    2.55456196    3.41122415    2.84857113    3.00155382    2.45858694    2.22783578    2.02566622    1.89230483    2.24024182    2.50488150    3.42878673    2.70945110    2.33817957    2.70390668    2.96570039    2.80658293    2.83154009    2.57742933    2.65466255    2.65152495    2.75376306    2.28578248    2.61766201    3.07439720    2.66470027    2.75859536    2.80817761    2.70010247    2.66063669    2.76962618    2.59481409    2.86581623    2.82125940    2.75417321    2.48311836    2.59397231    2.59187829    2.73418016    2.72453574    3.05591530    3.19382855    2.88153815    2.49374242    2.84861599    2.54935494    2.38689601    2.60164293    2.88730285    2.69923615    2.71847398    2.56337561    2.57888883    3.13090161    2.99170235    2.59257229    2.43735784    2.61791948    2.77020862    3.12426376    2.59832600    2.64618885    2.48790609    2.69660112    2.76418962    2.45736532    2.54914967    2.92280267    2.61601307    2.28915405    2.42657421    2.04676592    2.57671343    2.41475976    2.31473835    2.41312522    2.18244508    2.40625877    2.26220846    2.57085073
A0A139AMN6_GONPJ/372-514     3.37056472    2.50978895    2.80454766    2.83282388    2.92858024    2.77529092    2.92422199    2.95424291    5.54388590    2.97623420    3.61157167    3.64691695    4.15581161    3.18544765    3.29185021    3.00759797    3.01586546    3.36959555    2.20465995    0.00000000    2.32015180    2.56562635    3.14194476    3.13433231    3.97903998    2.68962287    3.19732105    2.82583380    2.69545958    3.01745348    2.69452473    2.64572082    2.95541932    2.53684640    2.86577199    2.89587830    2.73352290    2.62489372    3.00543880    2.84166739    2.74387971    2.86118007    3.52547542    2.95769542    3.27170019    3.45997904    3.14907993    2.65515957    4.06066625    2.98801993    2.38311857    2.75978387    4.58403568    4.31665936    3.96430948    2.33551687    2.64774985    2.48724117    2.91782303    2.79738634    3.25872538    4.10678353    3.25738997    2.53375279    3.04590209    2.94104850    3.19133709    3.42507573    2.71559160    3.11767534    3.82401809    4.01813439    3.20796299    3.08760766    3.36957167    3.03940098    3.37800254    3.11871854    2.74963873    3.40489300    3.23035777    2.80066899    3.02086568    3.26093526    2.99372185    2.51758156    2.67969395    2.66337059    2.87571386    2.76035323    3.53346647    3.34919879    3.57508214    2.98073890    3.12623364    3.40237414    3.18485424    2.88794509    2.55981382    3.13539529    2.92371928    3.42356482    4.01019768    4.23493038    3.40123231    3.24470895    2.83825567    3.00116033    2.76570947    3.13615155    4.71673205    2.92566218    2.81624264    2.74185925    2.77180065    2.95549243    2.82577959    3.09097847    3.28033287    2.49897013    3.29385835    2.81794562    3.78998632    3.55426418    3.73400866    3.53996588    2.78902236    3.19560154    2.12306615    2.76740218
A0A395IQB4_9HELO/891-1046     3.42881970    2.34632595    3.46421882    3.04063329    2.90885370    2.62437842    2.59358972    4.28002449    3.60976112    2.56144738    2.90695935    3.66190535    3.55172157    2.87138831    3.41818604    3.02916994    2.69721632    3.29676490    2.10662902    2.32015180    0.00000000    2.45445967    2.59655149    2.21379475    3.35451696    2.57937873    2.76963355    3.35414837    2.81470616    2.79106176    3.14823909    2.83585998    2.87413313    2.70260256    3.14586580    2.96172211    2.63265893    2.93245841    2.93462144    2.98471521    3.03648150    3.03861002    3.07204491    2.90247801    2.74672759    2.53026393    2.84645371    3.58588225    3.49128330    3.28639287    2.52056043    2.93648777    3.31805712    3.38104227    3.01718045    2.41209700    2.13850381    2.28732330    2.59832950    2.62873564    3.29384847    3.71215064    3.07595078    2.86461581    3.30537620    3.71004449    3.74874219    3.47281303    2.97951801    3.64222150    3.24889311    3.07420993    3.19944427    3.37413153    2.87228994    3.41451547    2.90216701    2.74197537    2.73775198    2.99032054    2.90707946    2.55494525    3.26423987    2.86457885    2.80506800    2.71485963    2.56832819    2.78775503    2.71784747    2.55613218    2.80441512    3.20264054    3.25286022    2.95329001    2.79227544    2.55656502    2.95738712    2.79979480    3.13604399    3.11655146    2.93642549    3.24861587    3.51058979    3.11265923    2.72992848    2.66828919    2.66043526    2.70339812    2.72400936    2.86382071    4.15693030    2.75331722    3.11611196    2.53467946    2.56176190    3.19783074    2.76014670    3.00224156    3.21813312    2.63600921    3.41999843    3.00011973    3.40593204    3.15035706    3.14779994    3.37257752    2.77368248    2.85316181    2.60935599    2.57225350
