117
F0ZB54_DICPU/160-250     0.00000000    0.32268633    0.58511968    0.62389367    1.40428713    1.44572085    1.61564751    1.41370078    1.37765245    1.60048164    1.68120750    1.72863631    1.72574072    1.58815700    1.63073398    1.58292913    1.78966475    1.88358253    1.74773090    1.96062238    1.78458167    1.84029507    1.84146774    1.69429365    1.24685615    1.74949570    1.25946686    1.34644408    1.35752527    1.26660141    1.32597045    1.33327151    1.35230953    1.44132114    1.42905902    1.51069482    1.28248995    1.50421022    1.54938847    1.18146043    1.30839609    1.29100675    1.53752734    1.29834437    1.17354809    1.42096716    1.19606391    1.44532094    1.52111140    1.20790057    1.22584428    1.18471506    1.21595304    1.21796233    1.19062904    1.27257224    1.90159638    1.08006131    1.01209695    1.17435287    1.56479542    1.70647989    1.71941526    2.03611427    2.20117956    1.80939386    1.90097327    1.94542994    1.82558615    2.04844050    1.91448084    2.09601218    1.55227323    2.14949901    2.20255284    2.06915089    1.73472122    1.95883126    1.97874099    2.12056332    2.12731233    1.92548591    2.20791289    2.17796167    2.04725228    2.45717819    2.28243907    1.87099779    1.79450343    1.66627795    1.60597577    1.52623104    1.76429941    1.47752323    1.30380614    1.42557103    1.40725268    1.28292548    1.25601454    1.24975510    1.35836082    1.23733629    1.66454467    1.56608320    1.65089400    1.34815685    1.45167975    1.48168216    1.59916135    1.48985679    1.67817431    1.67756671    1.60885534    1.42142814    1.47245400    1.45339723    1.51856069
Q54RH6_DICDI/159-249     0.32268633    0.00000000    0.59356477    0.58038294    1.50089242    1.77248756    1.57694498    1.55242234    1.45231714    1.40045687    1.52868516    1.64340526    1.63846393    1.48523945    1.52867614    1.56689726    1.80179426    1.78071092    1.68250056    1.77246758    1.69836910    1.82127994    1.58227730    1.66955300    1.28543921    1.66476707    1.14309913    1.33815629    1.23012623    1.16743325    1.21034767    1.27859393    1.37232639    1.42773305    1.12012180    1.24764078    1.41960783    1.41355452    1.38746295    1.35335569    1.50487489    1.26198427    1.45528854    1.27302931    1.22786584    1.39022818    1.20582133    1.39982174    1.40825433    1.30023153    1.27561431    1.07560368    1.15763165    1.26386553    1.14724613    1.31216142    1.67862692    1.18941885    1.10179230    1.21859155    1.47177763    1.80695237    1.55047866    1.72469202    1.90955880    1.74097776    1.59029692    1.72762419    1.70936308    1.81346001    1.79109436    1.95541131    1.67079877    1.93533899    2.06603761    2.08104819    1.77057112    1.93194565    1.71458037    1.94409985    1.92825462    1.57494964    1.75258653    1.69423663    1.64760408    1.97198052    1.74735409    1.72541902    1.62440312    1.45823765    1.57509942    1.50011986    1.67114665    1.51980692    1.35423267    1.34522835    1.32491739    1.32775204    1.17644087    1.15067794    1.22107763    1.22987799    1.50585441    1.41481318    1.57955119    1.42635776    1.38917494    1.38301560    1.51965650    1.42388787    1.40614758    1.52770052    1.52661776    1.34716449    1.34122797    1.41949512    1.25052867
F4PL84_CAVFA/168-258     0.58511968    0.59356477    0.00000000    0.38708085    1.64966117    1.96364592    1.44391825    1.34276094    1.40435650    1.62160924    1.55734322    1.67440029    1.76113982    1.61683617    1.41041444    1.15696393    1.70423802    1.73440255    1.47429417    1.79876287    1.67003699    1.83145375    1.57015237    1.60951569    1.18040092    1.62657121    1.24641471    1.26416109    1.16663863    1.06161367    1.07848893    1.17217623    1.21585659    1.30888306    1.21555219    1.27298682    1.13627609    1.18474758    1.13432446    1.18596488    1.28933876    1.20640531    1.32063583    1.20708838    1.15041622    1.47359197    1.31107908    1.33406725    1.24324091    1.22433565    1.13456912    1.01639202    1.13437755    1.08727624    0.93333545    1.11538275    1.39147741    1.09285071    1.13073422    1.02723399    1.22078254    1.49078801    1.41432873    1.30713645    1.43861860    1.36377408    1.37525974    1.29485243    1.34989959    1.41081766    1.52340406    1.53652806    1.37786591    1.50873985    1.68748484    1.79163321    1.64306617    1.65889140    1.99903643    1.90959212    1.65895540    1.42900527    1.34171899    1.38933477    1.49893075    1.83163948    1.77200736    1.54677649    1.60539541    1.45319096    1.46535125    1.53240715    1.52696481    1.38144158    1.22621079    1.29642211    1.32373686    1.22854272    1.20255601    1.07742976    1.19994066    1.16687002    1.49305568    1.27097093    1.41587688    1.18236428    1.23176667    1.31432944    1.40414415    1.38230159    1.60065755    1.47093530    1.47902633    1.22770131    1.14063503    1.24473284    1.29876472
D3BM76_POLPP/170-260     0.62389367    0.58038294    0.38708085    0.00000000    1.58381502    1.77557005    1.65202550    1.41507954    1.51968887    1.56309094    1.81943649    1.90260754    1.85316038    1.63574570    1.68549934    1.47047250    1.73226022    1.78559497    1.64735549    1.77679972    1.83252985    1.84505350    1.83218550    1.68471149    1.32646048    1.73435880    1.18133769    1.20951069    1.26571799    1.26310818    1.28633544    1.21816017    1.24678624    1.33339933    1.39814740    1.34784348    1.13703350    1.34393672    1.36528073    1.10596976    1.36512591    1.42186914    1.51937963    1.38855410    1.35675401    1.53844367    1.41111018    1.33673772    1.47215925    1.38131961    1.20356279    1.17958689    1.38443196    1.19452052    1.10165479    1.27102892    1.57047153    1.17171905    1.24666947    1.23189772    1.13865111    1.77816349    1.53172989    1.48717441    1.63326580    1.56147093    1.52198713    1.48433544    1.55668784    1.67646493    1.63859746    1.41941933    1.72323908    1.51305536    1.63369881    1.80923895    1.59231711    1.78700740    2.01399281    1.87004190    1.74299933    1.53388278    1.36610963    1.55997618    1.49004614    1.75407447    1.75988045    1.58620472    1.58791856    1.56488882    1.53755373    1.70608919    1.51575019    1.40050827    1.26777284    1.23819337    1.23053978    1.15999581    1.08979645    1.08400712    1.18522707    1.09072168    1.51430691    1.21168585    1.47110551    1.23424249    1.29271884    1.35059564    1.40156276    1.37256222    1.63492705    1.52669839    1.53946815    1.30317758    1.19333180    1.35465308    1.21894163
T1HK59_RHOPR/108-200     1.40428713    1.50089242    1.64966117    1.58381502    0.00000000    0.24722078    1.67683222    2.10238180    2.07071873    1.68551607    1.99529266    1.85551916    1.64295453    1.83552934    1.62762834    1.52980748    2.04206657    2.29101548    2.04170032    2.20493851    2.15767734    2.29185857    1.98460719    2.31874692    1.71660252    1.46477215    1.64608025    1.47334704    1.58536052    1.47142477    1.59332423    1.32611961    1.54144187    1.44996747    1.73026481    1.55713529    1.47878842    1.47689263    1.29224911    1.18491920    1.20155105    1.34906418    1.46605521    1.28709975    1.23163059    1.38282564    1.40664764    1.40013956    1.39470384    1.28462062    1.49163170    1.35477602    1.37866422    1.46808280    1.42701025    1.48401457    1.67500285    1.48976301    1.29376413    1.40086847    1.69720665    1.70686065    1.82116007    1.64288197    1.49395071    1.37059038    1.67808708    1.53861019    1.50090412    1.60045102    1.56932612    1.81879463    1.87648568    2.11538294    2.16718971    2.65055847    1.98164403    1.98619742    1.98449532    2.34157454    2.34733723    2.37138750    2.26364866    2.18069119    2.06128783    2.08854382    2.12364960    1.51054798    1.69100602    1.64043426    1.79122236    1.69177666    1.62207061    1.52435362    1.49680700    1.56664649    1.65306615    1.53487985    1.88728621    1.65089680    1.66478086    1.61062466    1.71050200    1.67821390    1.53502867    1.59129371    1.61689750    1.77445161    1.66616622    1.46723710    1.54191445    1.71700044    1.65118324    1.70032164    1.63484456    1.43885326    1.70792060
T1HK62_RHOPR/108-200     1.44572085    1.77248756    1.96364592    1.77557005    0.24722078    0.00000000    2.15929551    2.48979939    2.40868595    1.94878277    2.25931867    2.09223090    1.97795577    1.99480816    1.99892267    1.76173529    2.25092528    2.49908368    2.42662539    2.60047697    2.36700922    2.68460620    2.33966900    2.52078247    2.12741429    1.78644217    1.88831370    1.67872965    1.86793345    1.78122504    1.83923251    1.50776183    1.59993261    1.66528117    1.97355452    1.73132966    1.70154240    1.74560457    1.55168347    1.23207178    1.33297148    1.54310932    1.78128074    1.53317187    1.47746626    1.52601926    1.59414466    1.76960998    1.64991648    1.52633817    1.76457871    1.59553766    1.60978147    1.71650029    1.67006261    1.76084797    2.06673080    1.65964078    1.52491979    1.58764912    1.91969141    1.66016173    2.14095646    1.92681821    1.78076864    1.64943903    1.98993242    1.79437036    1.67602859    1.77423762    1.75075614    2.04074548    1.97398662    2.42733241    2.56031651    2.74965106    1.99746563    2.06388757    2.21616963    2.46486320    2.55601503    2.51495947    2.48249916    2.38412477    2.30376542    2.47455989    2.34826504    1.79023010    1.92322508    1.99489976    2.10511658    2.03343298    1.87257244    1.84853515    1.80642729    1.93231901    2.05014831    1.83390865    2.15059955    1.90793211    1.90352511    1.96119952    2.03197070    1.99520355    1.83626105    1.87251695    1.96069690    2.12650640    1.96610074    1.78193259    1.93587573    2.13104581    2.05659242    2.01497844    1.93585033    1.68069226    1.97703703
A0C211_PARTE/119-210     1.61564751    1.57694498    1.44391825    1.65202550    1.67683222    2.15929551    0.00000000    0.70028879    0.86345688    1.39995815    1.43791957    1.64658390    1.67572629    1.82664768    1.23450220    1.35760438    2.06116202    2.05621268    2.01588134    2.08821391    2.21666962    1.92186941    1.86363452    2.12625374    1.42918901    1.66377479    1.54930537    1.35951759    1.21338002    1.24647344    1.21219025    1.38864404    1.42347924    1.54248754    1.16902235    1.24533353    1.08346702    1.34568735    1.51106103    1.60840415    1.25627830    1.32505518    1.30817814    1.51048231    1.35847541    1.55374821    1.31829154    1.52522815    1.62215037    1.27437408    1.27830591    1.21706106    1.24976818    1.43820056    1.10377902    1.28554157    1.83421387    1.32323903    1.34725111    1.47127679    1.31382362    1.54369227    1.36814069    1.72019835    1.74162550    1.84366149    1.60678205    1.78231507    1.59432265    1.62547755    1.74555797    1.78683038    1.51503900    1.50479899    1.60437330    1.78306611    1.73664889    1.85097783    2.04343527    2.13670262    2.13137568    1.79205585    2.01367021    1.87088860    1.74713380    1.94587205    2.02766465    1.79776288    1.61353709    1.62467256    1.75486650    1.61765530    1.71055532    1.32040124    1.52908221    1.45465984    1.35949696    1.33314834    1.58254115    1.34530978    1.36036827    1.40434706    1.52291310    1.50159346    1.39093003    1.56445008    1.48799462    1.53172600    1.51802759    1.60427332    1.32332248    1.49129074    1.46367620    1.34183571    1.42574977    1.35518420    1.58603542
G0QUI7_ICHMG/122-212     1.41370078    1.55242234    1.34276094    1.41507954    2.10238180    2.48979939    0.70028879    0.00000000    0.57560269    1.62249768    1.66862168    2.00292319    2.29643132    2.38140709    1.34842610    1.44732105    2.06993772    1.92694566    1.85889223    1.95517985    2.04417361    1.73440318    2.03342539    1.88175037    1.63905840    2.01422769    2.05123627    1.76517806    1.46505808    1.39788697    1.46523578    1.63951440    1.52889202    1.63103902    1.31197151    1.44024867    1.20873772    1.31699815    1.55167107    1.53337314    1.39552635    1.80168339    1.33031947    1.55216946    1.22454260    1.63075511    1.39569436    1.39180877    1.45789975    1.15674453    1.37136272    1.22936591    1.31022055    1.28705225    1.26676152    1.44859605    1.87905309    1.71949837    1.66277350    1.80418078    1.39008097    1.69444057    1.68487191    2.23611785    2.10138972    2.16282578    1.89775396    2.24799672    1.95057138    2.03624396    1.92530007    1.85699381    1.86357204    1.68780933    1.64627265    2.16792876    1.72319600    2.22910668    1.95796660    2.58266157    2.27184139    2.10317908    1.93684796    1.86419879    1.86485710    2.16160362    1.97865438    2.00657220    1.98398825    1.93766763    1.80565204    1.95972579    1.79249487    1.72710096    1.70591793    1.64590024    1.70548916    1.59057740    1.74200413    1.64770941    1.63743896    1.76622461    1.54498147    1.69452092    1.47809940    1.74368850    1.52571382    1.64581190    1.90269818    1.66225253    1.63763972    1.60913412    1.54728201    1.52537868    1.42883685    1.48511063    1.93191882
Q22B29_TETTS/120-210     1.37765245    1.45231714    1.40435650    1.51968887    2.07071873    2.40868595    0.86345688    0.57560269    0.00000000    1.57252237    1.60510512    2.13605252    2.37877111    2.54755102    1.45499149    1.69182059    2.05090818    1.79981047    1.74949776    1.90405575    2.14666335    1.88384203    1.77956674    1.87950468    1.61859613    1.92688567    1.91819904    1.81935719    1.74058841    1.60088288    1.65040069    2.05160663    1.87361363    1.69786291    1.50219752    1.59976400    1.52438329    1.50918288    1.89921674    1.75467517    1.68372213    1.98862312    1.61826934    1.70325129    1.58886752    1.60365371    1.70588958    1.59980994    1.79173480    1.50540972    1.60244717    1.48507196    1.52661651    1.50564434    1.49578173    1.55151259    1.71756027    1.71208909    1.65814291    1.76542142    1.40707974    1.59573741    1.93579468    2.02071862    2.00329574    1.88894004    2.04957629    2.06673422    1.98134400    1.87316104    1.97363718    1.79809322    1.54088481    1.91968750    1.87856816    2.34265536    1.88300389    2.12076878    2.01891974    2.53437154    2.08706435    2.03301535    2.02527026    1.82081046    1.80408875    2.14528887    2.06711222    2.16358386    2.12143715    1.82789708    2.02866680    2.01078062    1.81223794    1.72333057    1.73070922    1.58035844    1.81589013    1.60545089    1.77631670    1.75689782    1.84255264    1.71457262    1.73348062    1.82476225    1.56784319    1.69694380    1.68495577    1.76690181    2.05136838    1.83618738    1.78692250    1.75126705    1.74367309    1.72293270    1.43857711    1.55026423    2.17287719
Q4UFS6_THEAN/149-246     1.60048164    1.40045687    1.62160924    1.56309094    1.68551607    1.94878277    1.39995815    1.62249768    1.57252237    0.00000000    1.01854763    1.73289737    1.89749016    1.77432094    1.49347589    1.37794508    1.73842723    1.76050042    1.83763848    1.84640304    1.59446477    1.60504836    1.81171110    1.74033102    1.55817141    1.69946985    1.85725810    1.37341014    1.35983026    1.25993847    1.38972520    1.67477056    1.67134790    1.78985070    1.46797527    1.35534734    1.64234715    1.24426055    1.38337839    1.38397914    1.30613563    1.64107651    1.40753201    1.45821485    1.46784031    1.77214556    1.62704286    1.45757095    1.49552259    1.52282954    1.50754823    1.60957482    1.62147935    1.62343648    1.24607538    1.39590002    1.83519101    1.44785313    1.48424868    1.59027548    1.66631735    1.61117327    1.98943468    1.83099985    1.80445287    1.74089213    1.62550088    1.70602659    1.66844729    1.70879939    1.61586903    1.70250610    1.59299413    1.44217607    1.51143440    1.93955453    1.83542672    1.65736341    2.03726621    2.27445721    1.72523855    1.87306941    2.19206397    1.70571564    1.82836513    1.97651703    1.91014551    1.95128793    1.67173780    1.68594632    1.80425493    1.37411381    1.69858936    1.64161578    1.56038697    1.63665866    1.47717856    1.51989555    1.45816017    1.52125748    1.43275240    1.26235787    1.38349483    1.39820928    1.35190643    1.38156266    1.24142513    1.51282348    1.44212109    1.33066614    1.29784463    1.31443887    1.30363802    1.39114339    1.56207409    1.51978886    1.50294166
Q7RFK9_PLAYO/336-427     1.68120750    1.52868516    1.55734322    1.81943649    1.99529266    2.25931867    1.43791957    1.66862168    1.60510512    1.01854763    0.00000000    1.70872301    1.73619699    1.73188958    1.58664409    1.63052284    1.67573540    1.79554183    1.64969311    1.74674715    1.62100893    1.86861321    1.69977983    1.88126588    1.83471884    1.81385999    1.98735627    1.59529367    1.52337020    1.43124651    1.38464176    1.63724754    1.76871819    1.65436610    1.49898986    1.47235612    1.59327599    1.24822014    1.25099970    1.49920496    1.34498644    1.24571491    1.41210542    1.48769078    1.37123600    1.55328021    1.57301145    1.51464831    1.55022556    1.51363674    1.49347038    1.47533091    1.59080727    1.48965008    1.36638861    1.60846859    1.87206432    1.50105657    1.52170185    1.51886087    1.44733385    1.71467986    1.71413468    1.62602034    1.66196804    1.46687447    1.44433156    1.75016968    1.51722001    1.54655347    1.59879769    1.85344611    1.65662343    1.62988375    1.70550102    1.71960911    1.73854059    1.73488393    1.92392016    2.38604724    2.22702851    1.95425822    2.03045649    1.75577718    1.80061793    2.03847347    1.81832586    1.96712422    1.86709841    1.84864840    1.74128430    1.20579659    1.50191841    1.74440242    1.49587558    1.65877288    1.43924558    1.43577433    1.67590715    1.68511224    1.45626919    1.51306462    1.71518780    1.67536317    1.63370914    1.77804594    1.51367531    1.65406895    1.83755394    1.68338854    1.66292894    1.56470760    1.66149424    1.63780913    1.53522030    1.41111228    2.01868795
Q388N2_TRYB2/114-203     1.72863631    1.64340526    1.67440029    1.90260754    1.85551916    2.09223090    1.64658390    2.00292319    2.13605252    1.73289737    1.70872301    0.00000000    0.47113594    0.35315560    1.31882066    1.32530226    1.72636269    2.11910789    1.87543365    2.03613024    2.01543272    1.80752719    1.87578911    2.05833015    1.63771412    1.53221818    1.49760431    1.46532654    1.55109051    1.38558547    1.47571391    1.62733630    1.71810875    1.36480261    1.45502317    1.40939269    1.45188270    1.50691760    1.56214177    1.56611947    1.56482827    1.56180198    1.52430931    1.63600082    1.45510652    1.64914417    1.69202472    1.83939017    1.69282622    1.49276129    1.61366546    1.63477097    1.66102081    1.82358501    1.54679865    1.53649036    2.07750485    1.69639454    1.67609214    1.75424561    1.72095374    2.10536244    1.95685884    2.36990112    2.53709015    2.21231876    2.09716320    2.16931799    2.29486055    2.50245063    2.20474269    2.47024432    1.88837698    1.61879086    1.75055504    1.62579633    1.70048600    1.93361216    1.70087408    2.14427378    1.85935193    1.57345517    2.10909693    2.25597178    1.80624778    2.01987393    1.88221519    1.80659489    1.76639525    1.83336978    1.63703704    1.60054341    1.43257382    1.77573131    1.85732438    1.59406974    1.70738441    1.59901964    1.66022385    1.64326738    1.59734344    1.69605547    1.62174182    1.56818785    1.57716288    1.58270461    1.46636739    1.72280715    1.74385113    1.48837681    1.50497572    1.55359585    1.54625100    1.67242118    2.08777947    1.57250354    1.65535234
A4HXP1_LEIIN/111-200     1.72574072    1.63846393    1.76113982    1.85316038    1.64295453    1.97795577    1.67572629    2.29643132    2.37877111    1.89749016    1.73619699    0.47113594    0.00000000    0.30873036    1.56693033    1.44883867    1.60179024    2.03341619    2.08259422    2.00040775    1.97091950    1.88743187    1.80274895    1.80974510    1.51188297    1.49292923    1.24247475    1.32800987    1.52615084    1.48461241    1.51769285    1.62297519    1.40211041    1.42813069    1.40773222    1.28404283    1.41708314    1.56716710    1.39430204    1.69976700    1.36637797    1.62195861    1.66063911    1.45533386    1.49832261    1.69059646    1.82564607    1.72490507    1.52445423    1.41072511    1.58276255    1.66292817    1.75910056    1.80936309    1.44801829    1.73392309    1.93930139    1.48627052    1.34898833    1.71915658    1.45412380    2.51900024    1.91913615    1.96693182    2.05053450    2.16259091    1.77100873    1.84700729    1.99743969    2.11552714    2.09706597    2.46566832    1.80957070    1.67608237    1.71244885    1.64378248    1.65670104    2.04792709    1.54398484    2.27696993    1.78633249    1.59469450    2.14974050    2.35118013    1.98639131    1.97948520    2.04496601    1.96738241    1.75438992    1.68963685    1.73202819    1.53856790    1.68423514    1.73800290    1.64149301    1.65387015    1.58837369    1.44217856    1.61206885    1.66435683    1.68381412    1.63992831    1.70578415    1.71613871    1.70512695    1.82364596    1.60281946    1.99244269    1.93199014    1.67852852    1.78400611    1.77857815    1.71397604    1.82107988    2.01610970    1.70275028    1.82336196
Q4E1W0_TRYCC/114-203     1.58815700    1.48523945    1.61683617    1.63574570    1.83552934    1.99480816    1.82664768    2.38140709    2.54755102    1.77432094    1.73188958    0.35315560    0.30873036    0.00000000    1.38013305    1.36833729    1.61848370    1.97472281    1.87719354    1.89518387    1.80243812    1.78831385    1.77513440    1.87194714    1.50646494    1.53344757    1.17085809    1.20064716    1.42608245    1.32220879    1.36573060    1.57730531    1.48704950    1.35291265    1.38449395    1.48252410    1.44926561    1.59719931    1.40935731    1.52800257    1.45422213    1.57271362    1.50136944    1.52811766    1.58352513    1.70976703    1.82805584    1.78242870    1.67980281    1.41893284    1.55277141    1.77080868    1.87155839    1.98730241    1.38169781    1.68149454    2.03670454    1.51865875    1.43546022    1.58017731    1.55097756    2.37359575    1.87562723    2.41043068    2.37140616    2.41921767    2.31449567    2.19407319    2.40245440    2.57125636    2.55593005    2.83201679    1.95131744    1.52634007    1.67375272    1.49599255    1.75444427    2.02183751    1.66905968    2.13423478    1.82041776    1.46134672    1.97102713    2.16381286    1.79750649    1.89118783    1.77519402    1.92533861    1.56501406    1.61013158    1.54494796    1.31698223    1.40044276    1.55444874    1.54114429    1.47814380    1.49215862    1.33134011    1.39971569    1.41157398    1.31954832    1.32249586    1.37377734    1.33538743    1.40648266    1.38913582    1.26791617    1.58943630    1.43516519    1.27887737    1.49092569    1.53102671    1.38762276    1.45559120    1.78097914    1.43427418    1.45467325
D7G8T7_ECTSI/146-238     1.63073398    1.52867614    1.41041444    1.68549934    1.62762834    1.99892267    1.23450220    1.34842610    1.45499149    1.49347589    1.58664409    1.31882066    1.56693033    1.38013305    0.00000000    0.83467714    1.79489283    2.06226529    1.85495174    1.86163890    1.82940879    1.79469083    1.69957593    1.61082976    1.28046342    1.37678215    1.58740783    1.20938549    1.42956589    1.18575682    1.30721469    1.37830921    1.60493258    1.43296340    1.38076807    1.52223963    1.33505141    1.45350053    1.38418065    1.81128562    1.57579135    1.45640584    1.31881112    1.58925206    1.15457929    1.56735733    1.32146766    1.46750697    1.51334263    1.26885218    1.41501566    1.25191618    1.48662444    1.41870772    1.22241210    1.45031727    1.52227899    1.53118714    1.48439176    1.34324388    1.31383527    1.93016810    1.72744724    1.77622330    1.82740226    1.74599846    2.08724845    2.04856882    2.05506298    1.92327798    2.09779809    2.07963415    2.03100586    1.92697305    2.04611926    2.16778743    1.84929714    2.07640134    1.81009380    3.04423600    1.87140702    1.75993994    1.97038094    1.98990775    1.77156241    1.96396197    1.67652243    1.84467796    1.69736093    1.87297296    1.84376497    1.33011089    1.57071107    1.59126715    1.52302592    1.45880985    1.45626101    1.43554916    1.65639025    1.57540448    1.59606693    1.44270527    1.40626718    1.23791559    1.19911255    1.24643306    1.23491635    1.61944818    1.50633334    1.39506399    1.46071059    1.49748996    1.42395769    1.50155943    1.60624792    1.35421753    1.67308415
H3GA00_PHYRM/129-222     1.58292913    1.56689726    1.15696393    1.47047250    1.52980748    1.76173529    1.35760438    1.44732105    1.69182059    1.37794508    1.63052284    1.32530226    1.44883867    1.36833729    0.83467714    0.00000000    1.50426766    1.87458808    1.55140549    1.64040064    1.82935150    1.54240906    1.50801244    1.41388812    1.36646255    1.33605645    1.66684915    1.32804237    1.22392246    1.23084761    1.21186585    1.17956852    1.39744161    1.11339834    1.27100210    1.39420001    1.32216951    1.37629782    1.12634631    1.36394173    1.15714934    1.50484166    1.29095319    1.28380641    1.26095969    1.71678568    1.34220140    1.38025599    1.42942639    1.17548147    1.28208671    1.23473461    1.33902563    1.19625183    1.07931679    1.24920308    1.45598043    1.23102118    1.33533909    1.26602642    1.35334642    1.35189455    1.85337569    1.97053577    1.96109685    1.90130584    1.80163589    1.95405012    1.98419388    2.10942710    1.91555237    2.01782051    1.76121983    1.47545640    1.61186709    2.02758028    2.00303895    2.06871837    1.62332019    2.29945619    1.83669677    1.86291295    2.05019046    1.74256625    1.71767540    1.88855190    1.74262093    1.73333581    1.63682760    1.77296846    1.61255248    1.32867629    1.41463946    1.34580238    1.30786154    1.28965441    1.44993328    1.25693155    1.57638347    1.33271728    1.41863421    1.25760270    1.40128570    1.18473432    1.04302061    1.08103599    1.13634745    1.44746833    1.51800412    1.32074586    1.40528787    1.35823411    1.42232837    1.18522223    1.39752638    0.96224255    1.41338292
Q75EJ6_ASHGO/114-227     1.78966475    1.80179426    1.70423802    1.73226022    2.04206657    2.25092528    2.06116202    2.06993772    2.05090818    1.73842723    1.67573540    1.72636269    1.60179024    1.61848370    1.79489283    1.50426766    0.00000000    0.57519302    0.75503120    0.78772500    0.76963450    0.66583909    0.81087771    1.63658093    1.64109397    1.76524254    1.62476196    1.60530554    1.76347846    1.66418585    1.55810877    1.75219595    1.58449431    1.54205308    1.66699159    1.68215591    1.72917132    1.52183350    1.28493788    1.63309434    1.76241375    1.70503835    1.60308250    1.74515964    1.67264801    1.78165971    1.72985653    1.63152506    1.84484071    1.59418145    1.70925130    1.71504493    1.74752808    1.75603417    1.59035824    1.92250756    2.12239586    1.55914421    1.56562640    1.71449507    1.70501529    2.03883120    1.53252203    1.56664440    1.76286310    1.68620449    1.63020954    1.78336094    1.73841588    1.70652972    1.74672542    1.77806418    1.56344854    1.71767339    1.79001117    1.74615523    1.75173192    1.91321920    1.76526440    2.15806123    1.83320884    1.85572446    1.96006281    1.54456525    1.58547335    1.80912766    1.61176621    1.89176105    1.42407718    1.50078678    1.59089976    1.67892681    1.51041146    1.40453938    1.53677992    1.53240456    1.39839966    1.36260403    1.43586263    1.39835085    1.44424286    1.43292023    1.46654073    1.46549005    1.33276590    1.61728397    1.51054448    1.41757530    1.74647228    1.63938135    1.59232960    1.58143704    1.66965676    1.46142886    1.50116994    1.30184287    1.76541213
C5DJ93_LACTC/120-233     1.88358253    1.78071092    1.73440255    1.78559497    2.29101548    2.49908368    2.05621268    1.92694566    1.79981047    1.76050042    1.79554183    2.11910789    2.03341619    1.97472281    2.06226529    1.87458808    0.57519302    0.00000000    0.48646395    0.61179278    0.56801397    0.55664914    0.59863986    1.84823211    1.73017465    1.98638597    1.87189266    1.60345692    1.66498047    1.61347122    1.61068641    1.65486541    1.58449282    1.79503808    1.65386450    1.84545091    2.03674746    1.40779100    1.54898806    1.62522618    1.92610391    1.96605168    1.82667056    1.82273090    1.74607134    2.08832804    2.06084186    1.81183483    1.85693161    1.76805707    1.66840545    1.70929788    1.69312117    1.86618222    1.57249088    2.22410909    2.51556726    1.63246568    1.73883348    1.86735546    1.83913558    1.88560820    1.50000082    1.67327060    1.56946222    1.78131732    1.55272776    1.70410299    1.66117840    1.64231759    1.81497568    1.90340538    1.33459120    2.01765855    2.07102572    1.87047272    2.10223797    2.19662622    1.92489580    2.44159435    1.95384764    1.77950591    1.99732715    1.59781919    1.84014012    1.93222519    1.62953705    1.82468410    1.63166271    1.39408097    1.72049795    1.66641010    1.57852742    1.56621980    1.56747069    1.51250886    1.59503004    1.45334982    1.46185747    1.55977565    1.43211578    1.43303371    1.62020597    1.46321188    1.51651818    1.57975685    1.48175994    1.31935849    1.80153824    1.57064559    1.48812881    1.42278826    1.60316713    1.46487621    1.45006712    1.49394129    1.65975687
J6EDT3_SACK1/120-233     1.74773090    1.68250056    1.47429417    1.64735549    2.04170032    2.42662539    2.01588134    1.85889223    1.74949776    1.83763848    1.64969311    1.87543365    2.08259422    1.87719354    1.85495174    1.55140549    0.75503120    0.48646395    0.00000000    0.48069135    0.59044179    0.52451969    0.60494333    1.89946963    1.73189196    1.98932632    1.54744734    1.63063289    1.87515951    1.70841959    1.71562185    1.70582153    1.56666898    1.76145269    1.63242898    1.74023324    1.62568335    1.61627670    1.60924911    1.81025027    1.79247011    1.83574909    1.71804639    1.50079273    1.64087738    1.97325007    1.80380562    1.67925771    1.79246116    1.65686960    1.65828468    1.51023041    1.58733328    1.77033368    1.59029730    1.92779180    2.13575886    1.69416027    1.61934989    1.68420728    1.70556663    1.55820707    1.40734250    1.71606911    1.75807000    1.91166926    1.65941881    1.77306274    1.93495808    1.90506608    1.66816376    1.88584183    1.43193260    1.81893280    1.76629688    1.95144960    2.11280936    2.27479098    1.93251775    2.17546181    1.78972715    1.85613785    1.99095829    1.71217252    1.73012604    1.77800294    1.73528233    1.56228464    1.53174653    1.47331371    1.67208342    1.47180843    1.33572470    1.43769458    1.47411774    1.36993054    1.40090999    1.28435324    1.39654891    1.36998943    1.32440286    1.22785153    1.50031801    1.25102312    1.22458679    1.24846897    1.36293745    1.29545055    1.56258468    1.35927397    1.32911094    1.33467829    1.40658066    1.31500676    1.46332526    1.34490215    1.47529252
A7TND2_VANPO/120-233     1.96062238    1.77246758    1.79876287    1.77679972    2.20493851    2.60047697    2.08821391    1.95517985    1.90405575    1.84640304    1.74674715    2.03613024    2.00040775    1.89518387    1.86163890    1.64040064    0.78772500    0.61179278    0.48069135    0.00000000    0.61967189    0.53949415    0.59592857    1.81657947    1.72964797    1.92422347    1.74696840    1.61073939    1.82446827    1.80376300    1.83458647    1.82082684    1.88767205    1.94487058    1.80623982    1.80229803    1.85358780    1.40281140    1.57674712    1.58430058    1.79601177    2.08621604    1.77481548    1.79061645    1.62184080    2.02627382    1.97085269    1.83587488    2.03709946    1.81799784    1.63116912    2.04306296    2.04663205    2.12306815    1.54685931    1.90439110    2.35882102    1.84065660    1.65971900    1.90022197    1.87923554    1.99419527    1.63291540    2.06256486    1.92995282    2.28677656    1.75999212    2.09676308    2.10893082    2.12831096    2.06618832    2.28975510    1.62613476    2.05123949    1.99673561    2.06548697    2.22329774    2.47161722    1.93754248    2.04919855    2.40362803    2.12502789    2.52151077    2.10866832    2.21379607    2.20156073    2.02465707    2.01296592    1.83426306    1.65535948    1.74911322    1.73474258    1.66532528    1.81149586    1.71412830    1.57084108    1.51965840    1.60249663    1.60386205    1.66598849    1.55145349    1.49258945    1.78837332    1.50411576    1.66478344    1.55340281    1.57272799    1.63863944    1.90320753    1.67409043    1.63871688    1.66923392    1.61057300    1.47814040    2.01012220    1.65464769    1.84836705
I2H1E4_TETBL/120-232     1.78458167    1.69836910    1.67003699    1.83252985    2.15767734    2.36700922    2.21666962    2.04417361    2.14666335    1.59446477    1.62100893    2.01543272    1.97091950    1.80243812    1.82940879    1.82935150    0.76963450    0.56801397    0.59044179    0.61967189    0.00000000    0.56266567    0.65825340    1.71671807    1.58718114    2.00916856    1.58979498    1.43233749    1.80431882    1.51655080    1.53530108    1.67359009    1.70738784    1.83497875    1.56429233    1.52309409    1.85385986    1.53125325    1.43982310    1.49068073    1.64803996    1.82311799    1.77335591    1.50747988    1.66014384    1.56812179    1.86654006    1.40201760    1.60768294    1.62105018    1.78963151    1.64418682    1.69327243    1.79887718    1.45117707    1.83032207    2.25474901    1.87856034    1.73778216    1.98543218    1.78762611    1.94847903    1.71440442    1.84585134    1.89343678    1.97379641    1.56736992    1.81339475    1.94199021    1.84357842    1.70812813    1.97504121    1.30465636    1.97656651    1.95522095    1.65679352    1.85177671    2.03196216    1.72653206    2.04667163    2.01705956    1.91109592    2.26744586    1.95498524    2.08889300    1.93949142    1.81488516    1.74460557    1.54642375    1.62472907    1.53031784    1.59520285    1.68517514    1.66047710    1.64596435    1.66740657    1.40254837    1.44591318    1.51155264    1.41663919    1.51698936    1.48803957    1.65899181    1.54358044    1.47429703    1.52340599    1.53616277    1.57424443    1.73016528    1.55667756    1.55760264    1.61066058    1.55067810    1.29852641    1.82914584    1.55800959    1.99556722
G8ZU40_TORDC/120-232     1.84029507    1.82127994    1.83145375    1.84505350    2.29185857    2.68460620    1.92186941    1.73440318    1.88384203    1.60504836    1.86861321    1.80752719    1.88743187    1.78831385    1.79469083    1.54240906    0.66583909    0.55664914    0.52451969    0.53949415    0.56266567    0.00000000    0.49672257    1.73463058    1.82758285    1.64201945    1.88600923    1.65425953    1.93773000    1.67630192    1.86814409    1.82825560    1.84701501    1.80573303    1.62050342    1.72958565    1.71852631    1.48358279    1.46674618    1.63532956    1.79659595    2.03232566    1.84345465    1.84980083    1.71126909    2.12555592    2.00365797    1.69869955    1.97337907    1.71671336    1.81086310    1.75691641    1.68286730    1.96125566    1.66389305    1.88619793    2.57075990    1.90943454    1.73581592    1.96329893    1.93733009    1.68274246    1.44200867    1.90911258    1.96521289    1.93185342    1.59518368    2.00466318    2.03838855    2.04420218    1.74149513    1.91673091    1.54142278    1.83723372    1.80465347    1.81606458    1.95149344    2.15816732    1.66388727    1.96210301    1.95531316    1.92439099    2.02204244    1.58640979    1.55753382    1.70730070    1.67014047    1.63534915    1.63201668    1.66356313    1.80339622    1.70045832    1.54835332    1.46364315    1.41963835    1.39560748    1.23550666    1.34495241    1.35063552    1.35930506    1.37132691    1.20423865    1.40812546    1.25589322    1.22874123    1.17775827    1.35267040    1.34002724    1.48307144    1.43238857    1.39215058    1.33753712    1.33996191    1.22138971    1.59800845    1.36716244    1.67925252
C5DQZ3_ZYGRC/120-233     1.84146774    1.58227730    1.57015237    1.83218550    1.98460719    2.33966900    1.86363452    2.03342539    1.77956674    1.81171110    1.69977983    1.87578911    1.80274895    1.77513440    1.69957593    1.50801244    0.81087771    0.59863986    0.60494333    0.59592857    0.65825340    0.49672257    0.00000000    1.83733087    1.62238256    1.67841285    1.49843804    1.45728674    1.79592055    1.60427129    1.74546770    1.57219553    1.87637349    1.69267051    1.55913220    1.64306708    1.79037563    1.48619028    1.36096089    1.90272977    1.77965427    1.91303088    1.77770860    1.72379265    1.79943415    2.02643123    2.03614609    1.88246769    1.94451616    1.63882922    1.83052353    1.74424242    1.70105346    1.94813800    1.60421337    1.73296061    2.28475325    1.74656305    1.72194499    1.88575613    1.69116616    1.80822220    1.63547339    1.67214932    1.84429898    1.93728195    1.59751581    1.78666934    1.73106821    1.61897325    1.81166152    1.95867387    1.44192327    1.95481787    1.87890632    1.99841359    2.00500744    2.07408764    1.76202636    1.96259434    2.14936751    1.94303818    2.13301384    1.79397820    1.88057632    1.81257264    1.81994262    1.73631649    1.78000908    1.66204557    1.82228063    1.61932650    1.58506647    1.59246076    1.52442265    1.41225511    1.41298470    1.36377101    1.43585424    1.40494560    1.44108399    1.29410459    1.54670159    1.46433679    1.56857303    1.42197435    1.43097708    1.62314059    1.72598146    1.55946197    1.63037276    1.46071000    1.52140554    1.29023640    1.65616013    1.50522449    1.67434824
B7FPL1_PHATC/126-234     1.69429365    1.66955300    1.60951569    1.68471149    2.31874692    2.52078247    2.12625374    1.88175037    1.87950468    1.74033102    1.88126588    2.05833015    1.80974510    1.87194714    1.61082976    1.41388812    1.63658093    1.84823211    1.89946963    1.81657947    1.71671807    1.73463058    1.83733087    0.00000000    1.45289163    1.83414684    1.56911833    1.73108548    1.89731474    1.71203324    1.79264407    1.81816418    1.79754054    1.45406276    1.55228585    1.59758192    1.79614074    1.54048250    1.32023473    1.65321323    1.52553568    1.48634679    1.71000159    1.79906904    1.58486117    1.93305881    1.67475555    1.68380823    1.67812008    1.60922851    1.60226276    1.82934663    1.82325571    1.61597623    1.52610443    1.53437618    1.58936757    1.33224140    1.37147520    1.34890343    1.47329663    2.05854708    2.36118883    2.52648608    2.57439745    2.31506245    2.24368743    2.39123676    2.55929031    2.61978842    2.61243802    2.95087921    2.38575220    1.85989855    2.00266239    2.39557047    2.10588918    1.85589790    2.16163611    2.02572669    1.94289667    1.92591557    2.00811406    1.65022132    1.75060942    1.95211512    1.74668328    2.12333059    1.86867318    2.14018431    2.37046530    2.00684170    2.04924895    1.81651055    1.68264701    1.75160100    1.63568844    1.66681943    1.78712034    1.65696722    1.77554527    1.68677263    1.86121721    1.61779259    1.67141721    1.66703929    1.78657409    1.88974708    1.67709672    1.81514963    1.64891429    1.78251295    1.83561981    1.71607915    1.70422370    1.67683222    1.79577144
