168
O54654_HALSA/29-256     0.00000000    3.57694977    3.00380619    2.77839259    2.35140978    2.08786399    2.70547998    2.48118161    2.72156016    2.56193293    3.17896861    2.79480293    4.13604859    3.51761973    3.25761419    3.43134369    3.10035898    3.94236656    3.60786697    3.30759258    2.70850809    2.84935973    3.13009468    3.16166336    3.32565184    3.07067131    3.26388534    2.99460226    2.97011779    2.65041646    3.37666626    3.33293539    3.62009371    3.54094492    3.50328974    3.34204620    2.96868048    2.89601011    3.04006204    3.13331502    3.13060947    3.45450805    3.28346490    3.39260361    2.81649712    3.51686156    2.99106703    3.80168807    3.84878096    3.59360607    3.76576221    3.50257456    3.87079746    2.67388176    2.82417774    2.82899536    2.69318824    2.76668372    3.21717014    2.79459257    2.78814409    4.03771974    3.75951742    3.51724152    3.41113190    3.42679124    3.67676955    3.08227092    3.20006140    3.44902341    3.52826669    3.17477216    3.27131064    3.43438281    3.67244356    4.01215887    4.02578672    3.18467819    3.73069853    3.78250444    3.37455342    3.35114476    3.96140163    3.27497967    3.90959399    3.78380013    3.61762743    3.66009527    3.95477564    3.87374356    4.30289516    3.75488210    4.06163341    3.45727834    4.22433875    3.89234033    4.10653516    4.09401791    4.25252799    3.79259680    4.16398456    3.53589621    3.94996867    3.82634344    3.66609582    3.89356970    4.69365598    3.52822295    4.10075334    2.81504388    3.33781501    2.93155145    3.69865378    2.97970130    4.20352289    3.45710940    3.18079510    3.50816471    3.17927675    5.13130785    4.47766822    4.20071008    4.23751337    3.97709742    2.86566643    2.66136147    2.60545087    2.57036872    2.37219214    2.93305748    2.88069836    2.97780665    2.70429882    2.86183297    3.16109598    2.74210635    2.62367904    2.93536367    3.21784116    2.74966988    2.74831441    3.11940636    2.86385898    2.99941084    3.23943862    2.82809372    2.86525302    2.90648869    3.15452435    2.64130539    3.44284774    3.92162172    4.22357665    3.58213351    3.79546497    4.73817835    4.52268613    3.68669732    4.04482499    3.49791121    3.18380135    3.29290871    3.13174242    2.87538846    2.61319865    2.82808197    2.51837806    2.77859390
Q3B1Q4_PELLD/29-234     3.57694977    0.00000000    1.38806377    2.40844980    3.33627505    2.50901691    2.65169138    3.86824028    3.23556793    3.19321649    3.65920391    2.78176751    4.58432518    4.49240653    3.17477097    3.39910615    4.88205841    4.01173991    4.58544233    3.18763568    3.59259617    3.95774462    3.83795829    3.26804838    3.17083383    3.45707871    3.69054055    3.26787886    3.41913668    3.05106944    2.99340559    3.40333802    3.29633133    2.90743014    3.04246711    3.20278554    3.18520852    3.30238427    3.46387308    3.05588578    2.91977237    3.17334720    3.41719675    3.04226163    3.63285390    4.67961370    3.03155814    3.45287109    3.50064710    4.09246382    3.24527652    2.92754690    2.99379921    2.85248945    3.20832678    3.28950938    3.47291667    2.96548941    3.12254787    3.43320990    2.88807529    3.23660592    2.99729037    2.92545905    3.05087534    2.84913386    2.64761151    2.67968824    3.84998529    2.96249498    3.18673922    3.50797429    3.11416181    3.11152866    3.38241175    4.14851598    4.07600154    2.75237810    2.84635020    2.68489226    3.00290755    3.14026202    3.56517902    3.13235159    3.20008058    3.35507766    3.78462486    3.73216776    3.80273205    3.82469548    3.13995031    3.15358962    3.92131186    3.26467176    3.40248872    3.43349873    3.71139750    3.88854651    3.35622340    3.10726961    4.04668911    3.48428916    4.27300693    4.96578331    3.42274886    3.51825825    3.92212366    4.14655008    4.40414470    3.65063143    3.93648639    3.60597357    3.59873371    3.71233849    6.49527496    4.20444400    4.91279636    3.44332696    2.92419341    3.91205439    4.91823380    3.94260721    4.65423541    4.57150955    3.92165612    3.61637465    4.55260454    4.33120180    3.87049624    3.78791146    4.07476821    3.62967408    3.67013414    3.29231816    3.42193617    3.16755214    4.28676779    3.67338793    3.95580722    4.03494354    3.47955545    2.81498068    3.40813669    3.36551688    3.40656882    3.30773448    4.19153863    3.98449557    3.09477792    2.79441086    3.97876500    3.89089564    4.44317401    3.29793783    3.34584472    3.55958491    4.57446094    3.40939926    3.57645298    3.46561509    3.53448927    4.25783237    3.76550865    3.12762038    3.04376647    3.02119040    3.11798297    3.51146697
A8ZVR5_DESOH/29-286     3.00380619    1.38806377    0.00000000    1.88690560    2.39148169    2.13640607    2.51603694    3.16814227    3.41427271    2.94385033    3.85591622    2.90168432    4.04556587    3.95499785    3.07232114    3.73769183    4.58506222    3.96789094    3.61750946    3.43744226    3.33299087    3.50130874    3.47100551    3.50296374    3.65381172    3.89849194    3.75847534    3.68131424    3.66246076    3.27618911    3.76831899    3.71913882    3.65591899    3.50651746    3.43681749    3.70837096    4.29314134    3.12885095    3.82179446    3.69700018    3.76261474    3.71258944    3.65545362    3.42512362    3.84376534    3.94334494    3.48057684    4.11969320    4.86125834    3.64693656    3.63004511    3.30223236    3.88303456    2.69227545    3.16698678    3.32009089    2.93071402    2.79656057    2.87223608    2.98439636    3.04251489    3.83818376    2.96745647    3.33047737    2.91880038    2.76017541    3.06074704    2.97002737    3.36569060    3.47985891    3.35044260    3.28996300    3.19424225    3.43121683    4.42642137    3.88581406    3.79451093    2.71640997    3.61519681    3.58675948    3.18998886    3.43434279    3.18657759    2.99389750    3.46854665    3.67235036    3.73798548    4.21819869    3.76374558    3.94306646    4.22787662    3.52651466    4.27088931    3.21369814    3.41139639    3.47277526    3.54647534    3.86221241    4.12403921    3.80603058    4.03027405    3.19871973    4.35724330    4.12576401    4.71096762    4.20045899    5.08162798    4.54653562    5.11247255    4.01380916    3.79557292    3.49508429    3.85561917    3.96740616    5.10068650    4.37730367    4.17149218    3.92652698    3.17281947    3.69371512    4.55388888    4.63596678    4.56887145    4.28240532    3.05404842    2.90848227    3.38215811    3.40886932    2.91886061    3.00339207    2.76250188    3.35234693    2.68432925    3.06185830    3.26267724    2.98661071    3.69543637    3.39844095    2.94781585    3.45296407    3.13128364    3.21102002    3.14470955    3.32565483    2.96552754    3.22715591    3.84569334    3.65878323    3.30425418    2.99712118    4.17386468    4.54699951    3.99476582    3.63261002    3.65967484    3.75997023    3.93638252    3.91242724    3.71228520    3.26055224    3.18426276    4.39153492    3.64381432    3.46018209    2.89776815    3.30099712    3.65602340    3.41455578
A6GZS9_FLAPJ/29-275     2.77839259    2.40844980    1.88690560    0.00000000    1.77096245    2.39544813    2.77284597    2.75137885    2.85063299    2.49481170    3.66730037    3.05805685    4.46373258    3.37668128    3.40442624    4.12903676    3.45613270    3.91702450    4.15918589    3.64395094    3.47028722    4.02553479    3.93864771    3.76939643    3.49545918    3.71970800    3.83163906    3.71556388    4.18232063    3.91665803    4.64340066    4.08092269    4.03910863    3.58636361    4.06443469    4.12781646    4.05104577    3.30016734    3.38089466    3.89271639    3.62701978    3.58294949    3.39719590    3.19435076    3.78403396    3.77136815    3.78831572    4.37052728    4.16023468    3.75133080    3.66622120    3.62280662    3.74105258    3.26539178    3.26010694    3.44254638    3.40750788    2.90235022    3.06424545    3.16080735    3.04809377    3.59110502    3.41404662    2.99095408    3.37443368    3.09202140    3.56933856    3.32742136    3.24738235    3.80932989    3.62579716    3.74700638    3.32524864    3.43320846    3.75325774    4.60912093    3.43575328    3.47729795    3.56387769    4.10977815    3.67848229    3.57340346    4.14276579    3.54271303    3.83099094    4.06337776    3.87092407    4.27918967    3.70250728    4.06276175    3.97484556    4.12131339    4.99956699    3.44215435    5.20155498    3.65203204    3.77395451    3.98943426    3.54773809    3.46717155    3.98359192    3.50092661    4.53084679    4.04170087    4.44058004    4.16867329    5.11304230    4.00596856    5.15704829    3.80865117    3.47726365    3.91119554    4.58158854    4.05874988    5.09747078    4.30714156    5.28646266    4.93339793    3.36330424    4.31007445    5.07547303    5.19479197    5.46827563    4.64542710    3.09808616    2.99477300    3.53067471    3.55706751    3.39075397    2.93989301    3.53929551    3.55825565    3.07262507    3.23588468    3.25286635    3.43655449    3.72520000    3.93968313    3.65858812    3.43772915    3.47956871    3.39688262    3.87672295    3.50913669    3.77941665    3.45984426    3.99916073    3.70281144    3.33807697    3.01446295    4.33458272    4.44836494    4.12923594    4.31617505    3.88641685    4.45196961    4.13516989    4.30276558    4.96287538    3.71268859    3.56651997    5.49041306    4.22232764    3.48645450    3.34910004    3.15349242    3.52756418    3.40022813
Q1Q4B8_KUEST/29-269     2.35140978    3.33627505    2.39148169    1.77096245    0.00000000    2.55622517    3.59173283    2.67136383    2.93503253    2.60021926    3.61072402    2.74050151    3.01482176    4.27249283    4.32061711    3.86429433    3.53639334    2.86990236    4.26785039    3.56315574    3.82823023    3.88075782    4.34640889    4.56840852    4.27294557    3.40602915    3.56606324    3.57862027    4.09023683    4.06988860    4.58418670    4.24171716    4.37679017    3.63390028    4.36334595    3.79864260    3.58902141    3.87725119    3.51972354    3.71878847    3.65308540    3.39056717    3.56704093    3.45967478    3.85096556    4.03584566    3.78659025    3.98861073    4.00483820    4.04822318    3.50667451    3.78762060    3.70018585    3.12408496    2.79006289    3.31489432    2.99086887    2.97306367    2.97806077    2.63560748    3.04002806    3.36028807    3.86915179    3.30865803    3.16352850    3.58752680    3.92055121    3.17278887    3.11941713    3.87984722    3.73329367    3.07795900    3.40989762    3.72714885    3.80916454    3.35383494    4.10437718    3.16285628    3.29254814    3.18755983    3.00268073    3.55020271    3.76273986    3.46020328    3.56130698    2.74203003    3.21028330    3.74202251    3.42778113    3.61937446    3.57081218    3.25669763    4.90857023    3.31916654    3.53025936    3.96403511    4.15574020    3.63882347    3.73927637    3.79087801    3.53807353    4.09168824    4.89461947    4.18053361    4.81910035    4.29735370    4.71949674    4.31922574    4.63821888    3.62621910    3.28771163    3.17335831    4.07427162    4.02980699    5.09247366    4.55368653    3.88088197    4.44844772    3.24947224    4.08250439    6.13552272    4.87248950    5.92407693    4.33759874    2.64664128    2.83237476    2.81596738    2.71143933    2.47980138    2.78417262    2.47566364    2.93594953    2.79056102    3.21267066    3.42259852    2.87714200    3.43777926    3.32245857    3.29137683    3.18551305    2.95501326    3.18324919    2.81426967    2.92444194    3.37517988    3.02377653    3.36196733    3.15873996    2.93107782    2.83187319    3.90281257    4.14772376    4.41589922    4.28739832    3.95824666    4.68951010    5.21662696    3.88332104    4.62852975    3.99492678    3.42548305    4.39681021    3.92165936    3.32919432    3.04058996    2.97133172    3.22032410    3.52919829
Q82TQ8_NITEU/35-265     2.08786399    2.50901691    2.13640607    2.39544813    2.55622517    0.00000000    2.53301402    2.48588356    2.68766319    2.46875896    2.91231846    3.02826962    3.67045794    3.47785453    3.47271136    3.45453195    3.25045911    4.10086754    3.38343713    3.45539915    2.87140238    3.06955665    3.74284351    3.59601102    3.42555140    3.83875175    3.46049365    3.62485620    3.37359900    3.42146419    3.69576294    4.04278917    3.59457735    3.99005737    3.79286905    3.28353652    3.41247824    2.97743466    3.70757201    3.23884506    2.95664136    3.38414464    3.08628962    3.18507851    3.25519267    2.69036976    3.22593361    4.50919765    4.20904832    4.03112647    3.54209358    3.52540758    3.25103598    2.63461377    3.00762059    3.24034137    2.70746242    2.67467699    2.82863741    2.71606584    2.90304077    3.76757156    3.36701500    3.82156016    3.75976743    2.88875767    3.10894617    2.74695350    3.81100767    3.52469338    4.18548613    3.62637864    3.35047785    3.73231610    3.78521210    3.58938505    3.47536201    3.36245950    3.36902806    3.95834145    3.50843374    3.29944262    3.56344741    3.29055217    3.94365199    3.77974826    3.80848491    3.75205263    3.83802874    3.49108243    3.67825201    3.48334680    3.61752665    2.81869307    3.25116582    3.73640005    3.86510867    3.32294484    3.72293128    3.91698554    3.54741713    3.75286453    3.67174271    3.42359995    4.85468042    4.12888843    5.38480232    4.46849291    4.11429568    3.41816275    3.91722524    3.57200467    3.40437133    4.43918366    5.23255174    3.74994087    3.78250559    4.10072777    2.88428639    4.42217808    4.48083292    3.89479837    4.62103655    3.56589373    3.24562193    2.76555844    3.49803475    3.20969712    3.48188750    3.26014919    3.59290367    3.82866272    3.32234467    3.21375599    3.26640449    3.57340972    3.35168144    3.32676494    3.28805660    3.88322592    3.85790193    3.67282342    3.54784391    3.47316044    3.41045424    3.24012763    3.46721168    3.44763119    3.24771893    3.29721022    3.36936053    3.77078956    3.97380151    3.20129965    3.53108730    3.33038136    3.51862329    3.57742956    4.32456413    2.66057122    2.84183340    3.75380552    3.20644816    2.86570739    2.74490720    2.97332924    2.77730302    2.58892314
A0RWG6_CENSY/28-254     2.70547998    2.65169138    2.51603694    2.77284597    3.59173283    2.53301402    0.00000000    1.02302531    3.24413858    2.64979208    3.55517975    3.04534308    3.53177082    3.49506623    3.19380045    3.06507880    2.92020516    3.13219114    3.39471552    3.04234284    2.82534469    3.04097789    3.18981922    2.64451238    2.60028461    3.82920187    3.88208906    3.86974727    3.05267372    3.14616709    3.56151229    3.28897101    3.46878414    3.61198032    3.33704011    3.78253762    3.31129771    3.10266610    3.52456404    3.52508749    3.38930872    2.74747767    3.39022014    2.68588471    3.09962531    2.86069587    3.26375847    3.76400607    3.60185987    4.47836743    3.60427312    2.95372072    3.39412552    3.38262138    3.20146029    3.73572147    3.09758620    2.49963213    2.93303618    2.94489946    2.54532575    2.94821430    3.36977403    2.90639050    3.12967424    2.40202368    2.81302279    2.63106069    2.99664457    3.52427558    3.46489992    3.25694413    3.29699270    3.75129600    3.71995643    3.54757637    3.96562119    3.25188261    3.48024821    3.73294757    3.64775215    3.66786157    3.34831983    3.63394741    3.71107468    3.80966174    4.25197163    4.28276534    4.89016731    3.80673801    3.30470972    3.58862143    4.03063433    3.62107011    3.76108516    3.81661428    4.45467936    3.88511288    3.94036153    3.74966123    4.58638984    3.66849005    3.93189599    3.74884503    3.70269924    4.16024540    4.17700697    4.12179961    4.56065519    4.15373837    3.39933540    3.19370062    4.48786830    4.70346338    5.58119071    4.03611017    4.05717383    4.80485614    3.03286299    3.96349161    4.76368262    5.04175123    4.88088502    4.70148651    3.54199585    3.62208256    3.92616452    4.10254190    3.84471947    3.72376823    3.70267716    3.59676662    3.88211732    3.67098210    3.09361973    3.51538108    4.21384488    4.26407812    4.18609332    4.59627121    4.17004461    3.84745334    3.02301876    3.24883176    3.64902129    3.61336438    3.66670284    3.93934771    3.65030370    3.05664642    3.24161988    4.54544675    3.72252348    4.05038027    3.63386716    4.06758045    4.09681162    4.16891474    4.27496738    3.65828895    3.75519892    4.07723008    3.41511830    3.46080880    3.20623115    3.33412451    3.71313073    3.66600506
A0RWG1_CENSY/28-244     2.48118161    3.86824028    3.16814227    2.75137885    2.67136383    2.48588356    1.02302531    0.00000000    2.22791108    2.05596534    3.24499088    3.21636700    3.50209690    4.04705976    3.66967602    3.02473048    3.74041257    3.33571067    4.06009793    3.05118567    3.33733368    3.03989898    3.20285805    3.21649526    2.67545601    3.65838216    3.21300717    3.70138419    2.82432833    3.04661750    3.72038641    3.66194308    3.64802639    3.71463062    2.86460984    3.71264319    3.23974191    3.33062828    3.07272968    3.31724889    3.41761638    3.38667561    3.75307548    3.00945489    3.24472910    2.95905959    3.00394013    3.43015768    3.49947200    3.54393950    3.69603610    3.77678611    3.49232910    2.78065455    3.15601850    3.31093655    3.03656712    2.98089691    3.27831283    3.02141668    2.76255937    3.22948459    3.36508636    3.19854782    3.47405332    2.49447243    3.13530774    2.94557222    3.02878066    4.07865354    3.85040420    3.82345185    3.67526937    3.68780663    3.93918891    3.63408374    3.87449896    3.36544049    3.69518584    3.15362450    3.20627420    3.70384356    3.23797369    3.28003208    3.76215694    3.51893687    3.18160250    3.61969824    3.79355939    3.18113521    3.77370574    3.31022158    4.26533001    3.20667469    3.49399487    4.22539873    3.88173203    3.16531984    3.52469477    3.36215557    4.18285327    3.95574673    3.68998388    2.92895412    3.61991712    3.45827822    4.02781733    3.83144329    4.25616425    4.04735754    3.40520854    3.25536423    3.49076433    4.16657900    4.88545092    3.42881794    3.93884097    3.80716282    3.15787776    4.79697264    5.97989715    4.42918232    4.83339242    4.77256236    2.84793248    3.01154183    3.35348493    3.45829679    3.14235567    3.38592793    3.16547534    3.33839225    3.26152151    3.45545949    3.37247748    3.37357857    3.76694853    3.43488447    3.75550955    3.72070016    3.86520860    3.04950922    2.75943891    2.77951594    3.65026394    2.96040341    4.19313770    3.75880952    3.25780041    3.09992501    3.01205163    4.41224610    3.61867892    4.20765336    3.95148620    4.65296291    5.04917216    4.35886653    4.33150373    3.44459191    3.72423188    3.69930576    3.32776555    3.49977009    3.10667266    3.24230530    3.30046920    3.13587685
Q649Z3_9ARCH/29-245     2.72156016    3.23556793    3.41427271    2.85063299    2.93503253    2.68766319    3.24413858    2.22791108    0.00000000    1.67688483    3.30210672    2.35746216    3.52049835    3.16975012    3.01986791    3.13189874    3.27029147    3.79297686    3.68078089    3.13774438    3.37360589    3.33551716    3.25998232    3.23067976    3.03270262    3.60399344    3.55214812    3.36725617    3.76783136    3.59061165    3.77864579    4.38097403    3.54169609    3.43842999    3.24487439    3.39215401    3.14648816    3.36232564    3.27803745    3.80327276    3.49550925    3.17263661    3.70669304    3.49046092    2.63759883    3.43502015    3.49591369    3.67438487    4.20765201    3.90664444    4.20117796    3.29609591    2.83054769    3.27455830    3.12063444    3.60511304    3.12036627    2.71029072    2.95177113    2.88766016    3.04727656    3.58990366    2.81949099    3.13155582    3.06495570    2.81104467    3.14721005    3.05243364    2.62410333    3.88371528    3.54565329    2.98522623    3.19737763    3.48535260    3.08582827    4.10081746    4.20409764    3.46819370    3.84884108    3.57992498    3.57527877    3.21880938    3.85412150    3.11950154    3.86386581    4.18012560    3.41685346    3.74413337    3.98180956    3.69701732    4.02313594    3.81956292    3.71604923    5.05005236    4.04184035    3.97062790    3.72274341    3.87385384    3.89951698    3.76677158    4.47138742    3.93833633    3.58288486    3.83274250    3.69506507    4.02477729    5.32176216    3.72440931    4.23511393    3.77412053    3.51275550    3.61371208    3.41614001    3.23630837    3.82875627    3.80929758    4.34434900    4.15841226    3.27802306    4.49158513    5.19069902    4.36774079    5.26777149    4.21642885    3.46267234    3.20249464    3.02363420    2.92952995    3.15706213    3.03042535    2.96587932    3.30331615    3.92581479    3.26748632    3.63233119    3.50447836    3.30459479    3.59320221    3.69233407    3.42280319    3.79681978    2.91804947    3.84995868    2.90313744    2.94754653    3.16050399    3.50597957    3.53541214    3.22700616    3.15338360    4.20339618    4.48328361    4.23191264    3.95899654    4.14961286    4.25029386    4.48413834    4.71587296    5.45648630    3.37651830    3.92428013    4.29972385    3.46719064    2.97230896    3.12896442    3.04652502    3.42247377    2.90078702
Q6L332_PICTO/28-244     2.56193293    3.19321649    2.94385033    2.49481170    2.60021926    2.46875896    2.64979208    2.05596534    1.67688483    0.00000000    3.46768925    2.94820484    4.01779956    3.67055026    3.19508142    2.98261660    3.50948903    3.47563711    3.62669933    2.88907376    3.16780614    2.88489503    3.25976328    2.49219006    3.27281009    3.23766067    3.34385729    3.11655621    3.49409220    3.13562765    3.46274586    3.85929980    3.99381292    3.84441522    3.24757904    3.67054696    3.33374129    2.84627152    2.86020045    3.52204387    3.42715350    3.13672058    3.05627834    2.96860060    3.21718439    3.08513831    3.49965156    3.01758201    4.02777484    3.85095502    2.89762873    3.12706172    2.71433152    3.17673112    2.86333413    3.11300849    2.88667635    2.81243446    2.88302672    3.23759945    2.96909667    2.90549097    3.20875433    3.82322278    3.29782125    2.47373289    3.10537924    2.93683908    3.30288307    3.23445290    3.27002047    3.00511513    2.82505943    2.90204940    2.79103128    3.27981135    3.43316359    2.67517436    2.93628284    2.92656320    2.77160819    2.95682227    3.13771595    2.47796729    3.33803678    3.18568375    2.80333423    2.93229754    2.90536207    2.99288211    2.77369792    2.65677246    3.46468371    3.84946965    3.40279040    3.67187457    2.78306858    3.11547038    3.09413734    3.15689487    4.17915346    3.05213946    4.09435430    4.00907293    4.67851604    4.40762474    4.85439031    4.09690763    4.18328980    3.88151689    3.39556063    3.19885271    3.40165832    4.31699068    5.04182642    3.84964378    3.88185824    3.33656204    2.60484536    3.84494916    4.47232079    3.87226035    4.24594787    4.23757710    2.99406240    2.87542912    2.75066761    2.95214317    3.08787539    3.09290525    3.32950408    3.48733010    3.23094072    3.14669030    3.20220203    3.33944185    3.45431902    3.35393523    3.41280258    3.23019624    3.79805687    3.07170800    3.31934975    2.96426459    3.17484618    3.29194355    3.88871750    3.25114332    2.84544032    3.14469642    3.05200572    3.84725536    3.91111276    3.06064807    3.63568928    3.36604394    3.76760735    3.71480406    4.40199800    2.86464761    2.94696545    3.47965988    3.26067454    2.97999352    3.13993448    2.72580067    3.31578333    2.75565876
A7HFJ3_ANADF/43-305     3.17896861    3.65920391    3.85591622    3.66730037    3.61072402    2.91231846    3.55517975    3.24499088    3.30210672    3.46768925    0.00000000    2.55867570    4.18974425    3.90093708    3.82276017    3.08496777    4.12597122    4.63645034    3.70787022    4.96686984    3.53541056    3.76240433    3.82112430    3.70791409    3.75106696    3.75450178    3.94995038    3.67255029    3.31306582    2.92803157    4.03564076    4.15716406    3.27933652    3.35075561    3.62585317    3.54917685    3.52542677    3.05804247    3.37908800    3.05425827    3.91652210    3.69650951    3.28075533    3.44249608    3.42613012    3.74026926    3.50730457    3.92170648    4.58955757    4.23163328    3.83744656    4.71788879    4.56751223    4.01790574    4.11492813    5.04344133    3.98029378    3.56474875    3.97246443    3.34871941    3.61516202    3.73830233    4.76709249    4.73622362    4.67096293    4.26186642    4.06486930    3.68045267    4.22330147    5.50840128    4.94087194    4.38340031    4.21735594    4.45426708    4.60734107    4.36521858    3.96805170    4.23318467    4.82620676    5.37700521    4.88317773    4.65105213    4.33147988    4.34805408    4.19957549    4.46219407    4.34573492    5.08240935    4.44236462    4.05573866    5.36295186    5.00074049    3.46194065    4.82454520    5.26993353    4.48920961    3.95988374    3.92860490    4.29159664    4.47271109    4.42314256    4.45313135    4.22854846    4.48941042    4.65287153    3.91020833    5.45897784    4.64496617    4.63968717    4.94356858    5.52670867    5.33108569    3.88959668    5.10849031    3.85267607    4.03556565    4.35739374    4.13230510    3.88557249    4.83970008    5.24307296    4.69349828    6.53377877    4.59122584    3.76591779    4.58221703    3.65332018    3.55152815    3.32944506    3.66960814    3.28007392    3.46798789    3.20185593    3.37153067    3.64449485    3.90925998    4.02205475    3.48192867    3.59706112    3.51382360    3.54729957    4.02807899    3.93635468    3.81159589    4.27351229    3.47754656    3.83442114    3.89153120    3.76206225    3.77852068    4.45341387    4.49456019    4.47956426    4.09944290    4.86949708    3.94203219    4.37665112    3.84083525    4.30492402    3.64374431    3.72138078    5.53534287    4.13117300    3.72307544    3.44825030    3.52435489    3.70177707    3.75324512
Q2LU07_SYNAS/47-285     2.79480293    2.78176751    2.90168432    3.05805685    2.74050151    3.02826962    3.04534308    3.21636700    2.35746216    2.94820484    2.55867570    0.00000000    3.42791125    3.00109745    2.50008970    2.75308752    2.69701542    3.53736963    3.51068447    3.22921049    2.82554268    2.85232964    3.18887588    2.92906078    3.21775261    3.47883948    3.03894196    3.03612887    2.97165156    3.17295837    3.25157290    3.53101431    3.28098788    3.20460268    3.11354519    3.31852361    2.91910982    2.94096129    3.07514112    3.29466728    3.48358686    3.09813846    3.07137557    3.35186208    2.86714696    3.09941664    3.44040688    3.91899886    4.85580511    3.92803021    3.76966789    3.85273584    3.66524198    3.63386799    3.54181664    3.40590901    3.63807122    3.19176320    3.24994157    2.70497948    3.07733020    5.18425973    3.81043469    3.68447291    3.40456511    4.04155513    4.60121877    4.35199423    3.55470384    3.81512923    3.92736118    3.29974356    3.44352429    4.13143883    3.93444227    3.91453840    4.00513572    3.12291178    3.44229309    3.57140338    3.96267823    4.12926807    3.51520634    3.40016889    3.30439615    3.53551199    3.67189476    3.75235352    3.82993741    3.80633787    3.88631890    3.51257021    4.02822765    3.93608927    4.21108023    4.53332388    4.45850005    4.36550633    4.75375143    4.11750249    4.42658550    4.09538547    4.26502983    4.53879181    4.04520436    3.19932003    4.23363698    3.93571927    3.20168787    4.38399307    4.81831426    4.27597355    4.36978270    3.21824911    3.96327053    4.44530517    4.16325152    4.45113777    3.48257346    4.36708529    4.81273083    4.11436985    4.08966890    4.44721772    3.43772811    3.59063769    3.55766351    3.44475355    3.06765229    3.21280562    3.04906194    2.78173297    3.39601585    3.40778980    3.26595025    3.14983906    3.47833361    3.07966259    3.27607751    3.51047271    3.44495638    3.70175326    3.80569046    3.29144140    3.03513220    3.34036379    3.84336512    3.61843048    3.19731185    2.89023076    3.82568064    5.08976823    3.87697068    3.97421924    4.15056794    3.82120279    4.87060701    4.15195569    3.56988216    3.77087583    3.50291091    3.41465366    3.31662853    2.92517668    3.25096682    3.46123353    3.45311115    3.15943848
Q3ICX9_PSET1/18-286     4.13604859    4.58432518    4.04556587    4.46373258    3.01482176    3.67045794    3.53177082    3.50209690    3.52049835    4.01779956    4.18974425    3.42791125    0.00000000    1.23666089    2.33182431    2.28049517    2.25892877    2.69227474    2.40685885    2.36779872    3.44854592    4.02557844    3.02564920    3.48537589    3.63109585    3.12687520    3.03532949    3.37673646    3.51925111    3.31733194    3.81095881    4.30045925    3.49510606    3.28337098    4.39142874    4.09618546    3.19282359    3.90017294    4.36073507    3.94867061    4.03270874    4.42971904    3.30126981    3.87491136    3.69258107    3.43345114    4.10696692    4.01009617    4.36060042    4.57655400    4.41700094    4.17288054    3.86111640    4.25672530    3.65964780    3.79866445    3.41818183    3.39509836    3.45392293    3.88896657    4.09333693    4.60952200    4.25977483    3.77206216    3.66247182    3.46366449    4.97079649    3.73130508    3.77067415    5.80977001    5.55703594    5.50113135    4.92309212    4.82222652    4.81876080    3.33211155    3.72557931    3.76991089    4.02570412    4.25590737    4.02155505    4.34041396    4.11191345    4.07399707    4.00374995    4.01263195    4.35559679    4.33707897    4.33319737    3.96577558    4.37923380    4.30851967    4.45242153    3.38074756    3.12992362    4.46038783    4.36759596    3.98241110    3.80143908    4.30039682    3.21659272    3.76630172    4.50630276    4.50491652    4.69301646    4.36024743    4.21334690    4.28620195    4.24480784    4.35909472    4.03396042    4.67264439    3.90011351    4.18096756    5.58865161    3.96406061    4.13039618    3.42683923    3.70273992    5.61966651    7.02670884    6.46037583    6.21294534    4.62461536    3.20071595    3.64467722    3.88317617    3.27597364    3.66328800    3.46502281    3.38146368    3.44361013    3.47911199    4.02431917    4.00788090    3.45587667    4.11327530    3.73258142    3.89453730    3.85306690    4.67603520    3.95466555    3.78472715    3.23748998    3.21594293    3.65315221    3.80622318    4.00223567    3.28261035    4.01723606    4.73218490    4.75884464    5.05842533    4.73134306    4.01223056    4.44150719    4.00047909    3.52375754    3.58112995    3.42684630    4.08837966    5.73640992    4.91165381    4.36575243    3.60545449    3.52980559    4.07227478    4.52739752
Q7MZL3_PHOLL/34-307     3.51761973    4.49240653    3.95499785    3.37668128    4.27249283    3.47785453    3.49506623    4.04705976    3.16975012    3.67055026    3.90093708    3.00109745    1.23666089    0.00000000    2.26948371    2.56566639    2.28708339    2.55484116    2.65311275    2.68813896    3.09033529    3.22394332    3.26195550    3.13075381    3.66942272    3.32901530    3.17876604    3.27412689    3.87871119    3.59872057    3.64635298    3.91096205    3.24923662    3.71875535    4.94965822    4.42595162    2.84424409    3.00448603    3.64068619    4.10712205    3.92693157    3.92540061    3.02019018    3.69735083    3.80479858    3.65820977    3.26550349    4.11012818    5.25847145    4.85572217    4.42987936    4.10789539    3.65353299    3.94635885    4.61896064    3.91747057    3.87329434    3.75618840    3.40980105    4.58307590    4.06331616    4.78004441    4.22483872    3.98095795    3.82445593    4.17706257    4.56545222    4.61914763    4.17633042    5.72349021    5.45595565    5.78210036    5.16918260    5.31138432    5.16422310    4.00616840    3.66539042    3.99522772    4.18583889    4.26977508    4.08543725    4.59016625    4.76028754    5.02595810    4.32584928    4.33879393    5.09732371    4.89460557    5.08959258    5.19383470    4.71497428    5.12265543    4.35825097    3.88534811    4.16381741    4.89435521    4.19800655    4.55815583    4.19667332    4.32396824    3.84653143    3.54830402    4.42246533    4.82640224    3.75591962    4.22365361    4.38481619    4.08309351    4.30901608    4.03309549    4.47180396    4.55809300    4.03052242    4.47625917    4.76614067    3.76077568    4.27080492    4.50737359    3.40391437    5.66993624    7.01295761    6.34659365    5.03037762    4.34213967    2.88406801    3.04046958    3.68863476    3.60520626    4.00718965    3.25077241    3.56195729    3.51976998    3.39883321    3.47777024    3.38860176    3.85958062    4.13167095    3.75748243    4.42297724    3.69638462    4.65367130    3.89821380    3.72019074    3.26319843    3.97966770    3.73166593    3.92488644    4.63107014    3.50180747    3.48899373    4.65316433    4.44026223    4.62571050    3.91564538    4.03221005    3.61701801    2.97890959    4.57742414    3.67411464    3.69559277    4.06520962    4.54947198    4.92872146    4.20394659    3.63892048    3.67558543    3.68770648    4.17060293
B3EES9_CHLL2/39-305     3.25761419    3.17477097    3.07232114    3.40442624    4.32061711    3.47271136    3.19380045    3.66967602    3.01986791    3.19508142    3.82276017    2.50008970    2.33182431    2.26948371    0.00000000    1.87844095    1.97381570    2.40869111    2.29098752    2.08387722    2.49311324    3.12534922    3.39221005    2.66737746    3.50378116    3.89635260    4.02969195    3.73840534    3.90539457    3.26564251    3.49007672    3.23557106    3.72879125    3.71945697    3.78443907    4.39242549    3.52451843    2.84280791    3.12591694    3.44737751    3.74279796    3.54385634    3.16394221    3.20895687    2.99426731    3.83420300    3.46567443    3.64606321    5.04526813    4.75902724    3.26221598    3.14519076    3.70378146    4.00645618    4.21783627    3.62490855    3.69492662    3.73215175    3.69290980    4.44480198    4.08196198    4.04630488    3.20791604    3.54381845    3.19263553    2.98197929    3.80586266    3.24030693    4.05212804    4.44670913    4.25306232    4.05996060    4.38575875    4.05646215    4.80051172    4.10433560    3.70048836    3.62448320    4.06363072    4.17377784    3.93933787    4.94285638    4.60203339    4.18725917    4.35472841    4.69185513    4.96729348    4.61158580    4.95738217    4.22104945    6.00998454    4.47819798    4.14504145    3.69770567    3.49538374    3.66249951    4.20150365    3.79192064    3.76373726    3.76434978    3.94329381    3.35799366    4.60603764    4.20771386    3.42593741    4.12876422    4.28479723    3.76068229    4.36051854    4.16982693    3.87239489    3.96218164    3.99698021    5.06381917    5.02119994    3.99553957    4.30449122    4.71456949    3.12133606    5.77797048    5.92416350    4.86656454    5.45764129    4.49428938    3.20862269    3.32405761    3.48931544    3.40610310    3.57139578    3.40215035    3.23181659    3.68510292    3.78826052    3.43944783    3.64709944    3.50250362    3.69359558    3.39065707    3.68562550    3.57582357    4.13582999    3.25502237    3.82400110    3.38662687    3.31369340    3.41813430    3.20267676    3.67310486    3.23576848    3.46506892    4.60324896    4.11317509    4.42615337    3.52895171    3.97386272    3.48430684    3.64096058    4.28297914    4.10345476    4.17424407    4.25180886    5.10459124    4.79546336    3.84815038    3.51657684    3.67929980    3.79707547    3.86875257
A1W687_ACISJ/40-308     3.43134369    3.39910615    3.73769183    4.12903676    3.86429433    3.45453195    3.06507880    3.02473048    3.13189874    2.98261660    3.08496777    2.75308752    2.28049517    2.56566639    1.87844095    0.00000000    1.35723269    2.94660652    2.92098045    2.36562560    2.60034835    2.74153973    2.89166926    2.27858023    3.07420127    3.03105570    3.57585510    2.85665027    3.19693686    2.78168287    2.46624340    3.16283530    2.99367969    3.09913796    3.66945841    3.60153049    3.27970556    3.24409640    3.22331616    3.44335121    3.50173295    3.25014859    3.10665075    3.19227641    3.76159404    3.28956754    3.18985514    3.30414167    4.90550621    4.28819435    3.84406711    2.89572152    3.21102082    4.15612495    3.56932944    3.22487474    2.93902127    2.77069196    3.58760342    3.56471245    3.51032522    4.00330995    3.77290702    4.08191618    3.71908113    3.40187382    4.05648923    3.79404901    3.79349949    4.86242497    4.76744440    4.82545931    5.35271685    3.74030609    4.12893207    2.98368177    3.71005486    3.41485966    3.20315384    4.00514616    3.56011806    3.76299238    4.18090582    3.67587705    3.76714986    3.72103500    3.45759139    3.29293278    3.54294087    3.49035191    4.09364207    3.67380474    3.18573400    3.67933510    4.07410341    3.41846718    3.80765552    3.43514758    3.02214563    2.99150218    3.99079601    3.48079954    3.61443011    4.24210920    3.84989534    4.72365587    4.60605235    4.57978031    5.02195785    4.48528129    3.73907335    3.84288292    4.31058470    3.63695691    4.45074867    4.10601772    4.15086282    3.91957348    3.31920714    3.91317745    4.69526501    3.55014277    5.09246799    4.15254871    4.16234282    4.65623136    3.74617150    3.42432455    4.26907163    3.98551092    4.44954524    3.93466946    4.25844369    3.36280049    4.90639870    4.07478285    3.60752266    3.65924001    3.90341405    3.49424627    3.97958573    3.46373559    4.37613426    3.69919860    3.87782974    3.06279329    3.43439611    3.67318119    3.73275466    3.90627364    4.39316963    4.59650204    4.26050443    3.70867001    4.42963704    3.74606789    4.21475645    4.71781538    4.34022510    3.57347709    3.94187275    4.46187044    4.40319226    3.47404391    3.97345975    3.48169676    4.66648660    4.57103527
