76
G3JK17_CORMM/52-193     0.00000000    0.44016609    0.36125903    0.34428434    0.51684766    0.54024502    0.51373511    0.41141724    0.70199900    1.17934649    1.32551805    1.25658792    1.17072935    1.48745348    1.26968201    1.31721662    1.17071386    1.30688011    1.17830921    1.23137750    1.45088209    1.28038820    1.24038529    1.02093384    2.51109812    3.49658938    1.84725864    1.56711865    1.66355746    1.72057436    1.63058642    1.64224164    1.49476361    1.18785193    1.28175234    1.45692225    0.98929384    1.24987511    1.34147141    1.00094038    1.13330821    1.22337935    1.07473972    1.07312974    0.98644743    1.08746240    1.26608420    1.30978234    1.31703111    1.20557331    1.12602401    1.30855940    1.04341894    1.24633101    1.73319847    1.76323690    1.70034825    2.04035988    1.34452730    1.20280945    1.54912126    1.24737000    1.22039559    0.92081538    0.81365930    0.88418409    1.03212988    0.90436521    0.94461346    0.95260336    0.84869745    0.95003955    0.93245827    0.59912816    0.66263339    0.54135768
M1VXS4_CLAP2/50-190     0.44016609    0.00000000    0.37114438    0.40849095    0.53964659    0.58371772    0.52985113    0.56383064    0.81248693    1.29160795    1.40411914    1.26239222    1.25898739    1.43347494    1.28620097    1.43621323    1.25044444    1.53948408    1.32155320    1.36616289    1.50678926    1.48494256    1.35380930    1.18086651    2.38799733    3.42185607    1.93843334    1.38120916    1.56832461    1.64776444    1.57742175    1.66082021    1.44747209    1.31091321    1.21568496    1.37389728    1.14747794    1.49886157    1.44583676    1.18280538    1.35523601    1.48481677    1.18139945    1.34662487    1.22218575    1.38253819    1.42403675    1.58873770    1.43108086    1.48047598    1.22213257    1.47149122    1.28684152    1.43585538    1.71009413    1.78534577    1.63454492    1.96955733    1.54255252    1.21213795    1.56436661    1.30390738    1.48115292    0.96227660    0.92343461    0.96511593    1.05690595    0.99771658    1.01394616    0.90334919    0.85997959    0.96310238    0.87485614    0.64020220    0.70278780    0.57533088
G0RCG8_HYPJQ/58-198     0.36125903    0.37114438    0.00000000    0.29652530    0.42902735    0.45266464    0.39553618    0.50740915    0.74572905    1.10567657    1.28130389    1.29070891    1.19337005    1.32831082    1.22485212    1.39888842    1.21082685    1.42022211    1.22917865    1.24698712    1.45947457    1.34743744    1.28985472    1.09615530    2.43782294    3.24596802    2.19101692    1.51280469    1.54659870    1.61988283    1.65740931    1.53230915    1.29579365    1.15956525    1.23568183    1.31874174    0.96029050    1.30051433    1.58502019    1.29417802    1.31825534    1.27121299    1.11207067    1.13063603    1.09664064    1.13795410    1.21056428    1.37036300    1.27544909    1.32449089    1.15849013    1.22401529    1.03837033    1.08542030    1.70565911    1.76099159    1.61721839    1.97026403    1.37080163    1.21808474    1.44623807    1.31498724    1.41151958    0.88841876    0.81267504    0.80674789    0.99001700    0.89087857    0.89322994    0.97074897    0.79374204    0.95720732    0.93718992    0.47700183    0.48466766    0.47900002
C7YGV9_FUSV7/52-192     0.34428434    0.40849095    0.29652530    0.00000000    0.40834825    0.38524891    0.44044750    0.50935592    0.79413725    1.07381399    1.28312280    1.06175693    1.04539965    1.30939431    1.19710530    1.19004326    1.00412163    1.54958383    1.17265397    1.26079791    1.34240085    1.23963872    1.21995796    1.13008953    2.22195378    3.13441150    2.05391619    1.59179366    1.65806787    1.74260619    1.62594961    1.61608731    1.49362778    1.16892661    1.28396751    1.42868073    0.97545175    1.38203002    1.26020667    1.00394430    1.13160228    1.09596030    1.01474197    1.00915050    1.02044158    1.03463580    1.10575124    1.23306094    1.18310043    1.18927180    1.03346090    1.23242663    1.06352380    1.17352964    1.73273838    1.87903040    1.73397661    2.05821185    1.24682227    1.09201313    1.36692086    1.08144666    1.35004508    0.87826185    0.78118075    0.88022368    0.97191557    0.90747276    0.87154975    0.85971207    0.87333329    1.01023738    0.94333509    0.38643711    0.41946210    0.48383804
E3Q6J6_COLGM/73-214     0.51684766    0.53964659    0.42902735    0.40834825    0.00000000    0.53797166    0.49751904    0.52045819    0.72880674    1.15911371    1.23798408    1.18841536    1.10953008    1.33777376    1.26893764    1.31428169    1.15304974    1.33074307    1.18330671    1.27089574    1.42155110    1.30126877    1.19511607    0.92835412    2.60836892    2.96182015    2.03615403    1.66553122    1.77655567    1.89061018    1.83620338    1.68113389    1.57559214    1.18884561    1.10969406    1.25715284    1.00343224    1.24377547    1.24922487    1.28454788    1.20038322    1.28990420    1.14955807    1.19067489    1.18426029    1.09019373    1.21719799    1.21476319    1.18803570    1.21379308    1.15496101    1.15663315    1.06656372    1.14626002    1.66002039    1.86328087    1.64754692    1.93472888    1.17916028    1.05183181    1.30916186    1.19247185    1.28349981    0.88207212    0.82139490    0.92251382    1.02261415    0.80535439    0.85962969    0.94136351    0.83544035    0.92498692    0.84108470    0.57348989    0.54665291    0.53806659
G4U812_NEUT9/52-128     0.54024502    0.58371772    0.45266464    0.38524891    0.53797166    0.00000000    0.10027808    0.52825000    0.50972693    0.94905200    0.99953893    0.84528790    0.92631865    0.97328483    0.86033261    1.05834375    0.76786085    2.05606050    0.89176459    0.98380531    1.09898690    1.03095341    0.95507238    0.98927497    1.83488358    2.20573900    1.53222116    1.54556541    1.79464143    1.51392650    1.78019676    1.64356637    1.49740910    1.02515703    0.78502367    0.91130204    0.74988017    1.01286162    0.92026545    0.95652482    0.98241595    0.83012016    0.94415020    0.82498125    0.66453779    1.09398244    1.15583243    0.92953451    1.03562425    1.22806703    0.91960739    1.01112711    0.89627684    1.06691519    0.93661890    0.99711388    0.97095591    1.00582165    0.92597304    0.99045729    1.01607801    1.08519643    1.02603028    0.57525501    0.61953448    0.60107328    0.65213147    0.62126234    0.77137181    0.71288833    0.71126460    0.75400950    0.66072207    0.31220106    0.34780059    0.38472549
F7VXK4_SORMK/77-217     0.51373511    0.52985113    0.39553618    0.44044750    0.49751904    0.10027808    0.00000000    0.42592416    0.63508114    1.05473306    1.12093134    1.11082001    1.07139746    1.19250920    1.11985344    1.21017118    1.05943533    1.62330550    1.12578354    1.18919712    1.26040455    1.20616348    1.13755578    1.04247713    2.37216418    2.43745126    1.95025413    1.46591165    1.63455046    1.75142106    1.70667173    1.51881095    1.40590895    1.19488335    1.19565267    1.34751559    0.99415987    1.33222070    1.34350530    1.18809746    1.26805340    1.08395532    1.07760120    1.12335276    0.99095185    1.15779381    1.12172571    1.14284565    1.12866957    1.30819457    1.02888561    1.19481683    1.14037792    1.20825035    1.54057479    1.74441149    1.57124897    1.95670101    1.24558372    0.99612607    1.22471065    1.27353311    1.34320379    0.79065827    0.78008641    0.77027424    0.89361639    0.84080144    0.89417697    0.90813399    0.81499433    0.91940046    0.82583309    0.37442925    0.43388635    0.49197413
J3P9Q4_GAET3/61-203     0.41141724    0.56383064    0.50740915    0.50935592    0.52045819    0.52825000    0.42592416    0.00000000    0.60761472    1.14589687    1.23596813    1.13439373    1.15650790    1.37601330    1.25288561    1.32339494    1.20595040    1.51045803    1.16118505    1.21529518    1.39081287    1.21664992    1.10905388    0.99266798    2.40744398    3.23159530    2.12472913    1.50806871    1.59940992    1.64696547    1.75072836    1.58241045    1.38967272    1.23181827    1.35141437    1.54329624    1.10747208    1.47495444    1.62813362    1.35355788    1.38304033    1.40765066    1.27321120    1.33324714    1.20517374    1.20765407    1.24375527    1.39334702    1.32983400    1.36173770    1.31997164    1.34761928    1.12642994    1.42147126    1.69025073    1.86777351    1.78073390    2.01075100    1.22079456    1.18496774    1.31906064    1.40569441    1.36961376    0.80217109    0.80112743    0.84969254    0.89717171    0.85877265    0.91849147    0.90239538    0.89410104    0.77821512    0.83178232    0.57076472    0.56318913    0.50136750
K1XK39_MARBU/139-276     0.70199900    0.81248693    0.74572905    0.79413725    0.72880674    0.50972693    0.63508114    0.60761472    0.00000000    1.14530660    1.31312690    1.24722204    1.21448544    1.31119341    1.26794373    1.49969511    1.20583133    1.66701092    1.10808431    1.15134130    1.27342642    1.34258489    1.28989030    1.02312389    2.61022412    3.21137230    2.17282855    1.59449767    1.78923822    1.79602015    1.85736759    1.68266275    1.54701252    1.33721834    1.15398618    1.40989406    1.07702040    1.44919714    1.50044789    1.49754396    1.46404403    1.47798127    1.44281518    1.58852725    1.45625595    1.06770844    1.20072996    1.09571024    1.08320006    1.26270064    1.20581450    1.20683327    1.03420308    1.35894708    1.59527526    1.77612995    1.67210396    1.86871349    1.20744012    1.03367068    1.21294524    1.41735933    1.67925374    0.78323505    0.74663834    0.76456262    0.83175286    0.77610647    0.89832946    0.89771291    0.79951646    0.83025111    0.77891647    0.76172767    0.73175237    0.73079004
B8MTG8_TALSN/113-251     1.17934649    1.29160795    1.10567657    1.07381399    1.15911371    0.94905200    1.05473306    1.14589687    1.14530660    0.00000000    0.40017961    0.47825720    0.46507785    0.49485143    0.54345706    0.65071313    0.45761299    0.76197550    0.54340134    0.51031810    0.60588964    0.55692170    0.59328214    1.29187918    2.87928651    3.69184981    1.86076522    2.00255302    2.19229156    2.32129763    2.32024807    2.02207151    1.94031248    1.30586054    1.46737176    1.52911085    1.14964917    1.55610013    1.67589922    1.69098534    1.79676929    1.56279689    1.41532456    1.47138900    1.52034556    1.11175761    1.32156936    1.51080402    1.38802806    1.43352546    1.27823272    1.33103927    1.42170766    1.31348283    1.94125595    1.68216680    1.71060877    2.01535583    1.36561466    1.29339122    1.58830623    1.27314194    1.77059280    1.25969971    1.14696629    1.16680309    1.13963220    1.11039559    1.12313724    1.20611497    1.12683925    1.27405569    1.16980559    0.95747236    0.96637962    1.22171551
V5G5G9_BYSSN/94-232     1.32551805    1.40411914    1.28130389    1.28312280    1.23798408    0.99953893    1.12093134    1.23596813    1.31312690    0.40017961    0.00000000    0.39845619    0.37649905    0.40558524    0.40875261    0.48261369    0.35692026    0.82518158    0.49972317    0.53232052    0.55056213    0.55524872    0.60484426    1.44703497    2.36002163    3.67807904    2.10393933    2.09432859    2.39806843    2.35972438    2.33119776    2.08249974    2.12510745    1.39852350    1.40446651    1.55798795    1.30003550    1.72838711    1.67629370    1.61463449    1.85388368    1.57787219    1.72156403    1.84896423    1.56336026    1.36450271    1.56551324    1.55072969    1.54086523    1.66918503    1.41119422    1.42570278    1.73452971    1.62638107    1.83627820    1.70152331    1.67753268    1.85605568    1.42050147    1.62127933    1.42747765    1.63311782    1.71072398    1.19780456    1.22976768    1.33764599    1.15734490    1.17253556    1.11644533    1.21493177    1.38694081    1.35182175    1.28888594    1.13140282    1.08809709    1.29913498
A2QEJ3_ASPNC/104-241     1.25658792    1.26239222    1.29070891    1.06175693    1.18841536    0.84528790    1.11082001    1.13439373    1.24722204    0.47825720    0.39845619    0.00000000    0.30555080    0.33310314    0.31293326    0.42402441    0.24318266    0.98865116    0.57367021    0.62304520    0.67538815    0.71214788    0.71883748    1.31649763    2.37894253    3.16470584    1.99666402    2.12725976    2.32912535    2.36019387    2.30964660    2.00497121    2.08114337    1.21664821    1.35074377    1.46293327    1.24519794    1.37359452    1.34464883    1.34659785    1.40005990    1.29612826    1.39953327    1.47723722    1.36975564    1.25177004    1.40231739    1.43440164    1.44497896    1.44831700    1.29250135    1.25130014    1.58061615    1.67868987    1.82070676    1.74316634    1.77474811    1.84713013    1.46178277    1.39441571    1.46832813    1.46886004    1.69615419    1.28537111    1.27847481    1.28974263    1.18254890    1.27008391    1.18687006    1.34937333    1.36197698    1.34386803    1.37700751    0.96953723    1.02849302    1.16619918
Q5B931_EMENI/98-235     1.17072935    1.25898739    1.19337005    1.04539965    1.10953008    0.92631865    1.07139746    1.15650790    1.21448544    0.46507785    0.37649905    0.30555080    0.00000000    0.29898607    0.30851836    0.38473497    0.23196221    0.81647396    0.56895268    0.58616523    0.61114833    0.57190049    0.61756270    1.22196432    2.51028371    3.57012329    2.09576333    2.12683816    2.43609092    2.44188760    2.27246832    2.13807232    2.13949078    1.24152532    1.34045777    1.38842828    1.18082056    1.33133092    1.28780523    1.19249580    1.32334641    1.30556416    1.29299465    1.52064850    1.23208400    1.07129512    1.41947939    1.25149046    1.27752618    1.33238923    1.16658752    1.16719048    1.44650846    1.42231514    1.67118988    1.56487206    1.54407699    1.67666078    1.29100103    1.33010159    1.46755042    1.28330087    1.41102549    1.17021608    1.14183091    1.22510651    1.15563550    1.06474104    1.13551792    1.24671014    1.30893209    1.27048374    1.30485574    0.89337990    1.13272695    1.14527454
Q4WX19_ASPFU/111-246     1.48745348    1.43347494    1.32831082    1.30939431    1.33777376    0.97328483    1.19250920    1.37601330    1.31119341    0.49485143    0.40558524    0.33310314    0.29898607    0.00000000    0.17883664    0.33929366    0.26569487    0.90989811    0.58179447    0.59627469    0.63257142    0.64766235    0.68393054    1.45011859    2.68172157    3.54791139    2.01599697    2.14035280    2.32028089    2.44317049    2.30887613    2.07364560    2.07076577    1.45270274    1.38813814    1.35652285    1.41269414    1.58009119    1.65135297    1.70818458    1.91718981    1.53265265    1.70282178    1.78048811    1.55119885    1.39141990    1.69867810    1.60894385    1.57788477    1.71921819    1.39151021    1.47831584    1.77260460    1.73064828    1.76449806    1.63401894    1.66214104    1.68289180    1.37743200    1.53598397    1.56229466    1.65444685    1.78449239    1.20558017    1.26498997    1.36896576    1.24795654    1.16150007    1.25432491    1.33200628    1.40005292    1.39219880    1.37284259    1.08280790    1.12923144    1.37780295
A1CJQ7_ASPCL/104-241     1.26968201    1.28620097    1.22485212    1.19710530    1.26893764    0.86033261    1.11985344    1.25288561    1.26794373    0.54345706    0.40875261    0.31293326    0.30851836    0.17883664    0.00000000    0.36653291    0.21296392    0.92855863    0.54566519    0.58304529    0.61154715    0.66533686    0.65680730    1.43675802    2.55847104    3.24589645    2.05128076    2.21623990    2.50744103    2.49981550    2.42549601    2.11643129    2.26394985    1.55527722    1.39673682    1.38431941    1.34433359    1.55032437    1.59687213    1.64661225    1.71779800    1.58371344    1.77482370    1.84866572    1.60626333    1.43317372    1.77804251    1.70935620    1.57673967    1.62466245    1.43673009    1.43150355    1.76177520    1.68780929    1.78463399    1.66311551    1.75829130    1.76718064    1.43714185    1.39625299    1.68222781    1.63698471    1.75633309    1.22371579    1.25889796    1.31690414    1.20387989    1.17655554    1.22609873    1.28889442    1.30668057    1.30222218    1.25197164    1.00367506    1.08317183    1.33977728
B6HG36_PENRW/104-242     1.31721662    1.43621323    1.39888842    1.19004326    1.31428169    1.05834375    1.21017118    1.32339494    1.49969511    0.65071313    0.48261369    0.42402441    0.38473497    0.33929366    0.36653291    0.00000000    0.33545322    0.90735369    0.60493631    0.61421903    0.74552622    0.67074841    0.74054675    1.52955959    2.55708455    3.54932523    2.20304562    2.34916002    2.46027582    2.59783550    2.38448110    2.23101948    2.32192267    1.44204135    1.50756768    1.58254861    1.27425076    1.63312683    1.50030620    1.33725944    1.46453153    1.35522547    1.55042681    1.73628091    1.54079841    1.40994851    1.61190895    1.59141894    1.50695295    1.64404632    1.31096100    1.31638954    1.61889402    1.68292026    1.88405783    1.75704254    1.83749199    1.91876724    1.52748368    1.42131702    1.59326155    1.49731354    1.52512277    1.28453299    1.28273769    1.43428759    1.31383009    1.20242565    1.18658971    1.28647606    1.40548422    1.33871839    1.37168071    1.04948250    1.33175876    1.32764341
B8N082_ASPFN/104-242     1.17071386    1.25044444    1.21082685    1.00412163    1.15304974    0.76786085    1.05943533    1.20595040    1.20583133    0.45761299    0.35692026    0.24318266    0.23196221    0.26569487    0.21296392    0.33545322    0.00000000    0.81061328    0.54144828    0.57829004    0.56187609    0.61094640    0.67084201    1.29307152    2.47520652    3.38145026    2.04896114    2.16951854    2.48265625    2.45924770    2.39355379    2.08498114    2.20401162    1.26902803    1.34393078    1.36707878    1.16768795    1.36687685    1.31967792    1.33078650    1.39316654    1.32383472    1.42613931    1.52608506    1.32094213    1.17366086    1.47558116    1.36690621    1.36000793    1.49307129    1.24991846    1.21982980    1.53418651    1.55649383    1.67819576    1.55304282    1.64243217    1.68447362    1.28777356    1.40143271    1.42132369    1.40542150    1.51127597    1.11728639    1.17130159    1.23050268    1.08906360    1.05688358    1.11522416    1.18797221    1.24076472    1.29260306    1.28481987    0.87717091    0.97868336    1.19615163
H6C5I6_EXODN/94-253     1.30688011    1.53948408    1.42022211    1.54958383    1.33074307    2.05606050    1.62330550    1.51045803    1.66701092    0.76197550    0.82518158    0.98865116    0.81647396    0.90989811    0.92855863    0.90735369    0.81061328    0.00000000    0.76593790    0.84017688    0.83870461    0.79951303    0.86456629    1.32022681    3.18557422    4.26423360    2.65493762    2.47811474    2.35221112    2.71363451    2.38199805    2.23537646    2.49812130    1.42420563    1.93814097    1.91061027    1.50932658    1.69380049    1.95017500    1.73142413    1.74032071    2.05451847    1.78324776    1.74935028    1.74378282    1.47915537    1.72836927    1.94111991    1.70668509    1.57457913    1.56444116    1.46107665    1.72268919    1.47613547    2.88283666    2.71480383    2.45639367    2.91839857    1.79254897    1.25763327    1.69350627    1.66534103    1.62697808    1.45099222    1.25238747    1.38370972    1.41748258    1.24287926    1.32800847    1.31497771    1.41796281    1.47985301    1.41048598    1.80903150    1.79447328    1.55398298
E4UV59_ARTGP/67-209     1.17830921    1.32155320    1.22917865    1.17265397    1.18330671    0.89176459    1.12578354    1.16118505    1.10808431    0.54340134    0.49972317    0.57367021    0.56895268    0.58179447    0.54566519    0.60493631    0.54144828    0.76593790    0.00000000    0.14453698    0.53807296    0.49823169    0.51370935    1.30352199    2.48177684    3.23824572    1.76988209    1.87874620    2.07125471    2.03547923    2.02513122    1.83439624    1.85969546    1.17849167    1.38789103    1.35284000    1.08448064    1.38019621    1.55211742    1.73325352    1.74587868    1.38392445    1.58090693    1.47883779    1.34557236    1.06374840    1.40292772    1.36164866    1.29521695    1.29658118    1.01562895    1.15171917    1.28477327    1.50866485    1.80924731    1.62314352    1.52732633    1.73028413    1.20213930    1.23625002    1.28442174    1.54352799    1.41531583    0.98642626    0.97644696    1.00668892    1.13936489    1.01921007    1.00482318    1.14551799    1.18140314    1.23047668    1.09411873    1.12805771    1.08137608    1.21761657
F2SJ94_TRIRC/65-206     1.23137750    1.36616289    1.24698712    1.26079791    1.27089574    0.98380531    1.18919712    1.21529518    1.15134130    0.51031810    0.53232052    0.62304520    0.58616523    0.59627469    0.58304529    0.61421903    0.57829004    0.84017688    0.14453698    0.00000000    0.53498043    0.49340406    0.53056434    1.30940786    2.45533316    3.46316910    1.86067011    1.91558449    2.12623537    2.06204883    2.09167131    1.85077110    1.87228486    1.19734877    1.35169984    1.42625743    0.98810331    1.36047116    1.53596650    1.67263587    1.69529713    1.31647768    1.52967842    1.42194418    1.34740923    1.01659474    1.30082434    1.30263851    1.29576839    1.19314113    0.92002275    1.12725243    1.30294804    1.43470313    1.81657738    1.57865373    1.57140798    1.71732672    1.22962952    1.24107908    1.31949735    1.51476099    1.49097496    1.09697837    1.03925592    1.06143047    1.20534803    1.10299889    1.06165146    1.17465379    1.26793129    1.27348611    1.10781088    1.22756013    1.18475761    1.27075392
A6QS69_AJECN/89-226     1.45088209    1.50678926    1.45947457    1.34240085    1.42155110    1.09898690    1.26040455    1.39081287    1.27342642    0.60588964    0.55056213    0.67538815    0.61114833    0.63257142    0.61154715    0.74552622    0.56187609    0.83870461    0.53807296    0.53498043    0.00000000    0.56597546    0.53054991    1.60005284    2.87197637    3.63796132    2.13927942    2.14933988    2.29263514    2.20901233    2.20421649    2.00937019    2.14222505    1.40571757    1.46085605    1.49982575    1.23938119    1.53007395    1.70465447    1.68164667    1.87730677    1.56999407    1.62355951    1.58175026    1.52732594    1.49221339    1.53920709    1.45319884    1.47640796    1.56373494    1.29144299    1.39630427    1.57658482    1.54260346    1.92702197    1.78803472    1.85922650    2.16136648    1.54424088    1.53524867    1.65566216    1.57959734    1.97250776    1.24468553    1.15520436    1.18621156    1.14500167    1.17015644    1.11204980    1.02116197    1.25297758    1.14931946    1.19158723    1.34567378    1.23968166    1.35524434
C4JHZ0_UNCRE/73-210     1.28038820    1.48494256    1.34743744    1.23963872    1.30126877    1.03095341    1.20616348    1.21664992    1.34258489    0.55692170    0.55524872    0.71214788    0.57190049    0.64766235    0.66533686    0.67074841    0.61094640    0.79951303    0.49823169    0.49340406    0.56597546    0.00000000    0.23963256    1.44971329    2.52763568    3.24750158    1.97868720    1.83267107    1.90722616    1.99385626    1.90534388    1.87355564    1.71370563    1.36740815    1.47186570    1.54655169    1.30363575    1.63380896    1.58932842    1.49032288    1.60179562    1.60652785    1.66729617    1.75558786    1.43593453    1.29073062    1.57460696    1.59487868    1.23118753    1.47154844    1.30532837    1.43331333    1.64349747    1.57506484    1.85201838    1.73038501    1.61139560    2.01269824    1.49285507    1.38244201    1.45047799    1.55016384    1.52037010    1.24767595    1.10633787    1.26010096    1.16461071    1.07536118    1.18925295    1.24393599    1.38691010    1.28489619    1.26787787    1.16386832    1.24636816    1.46265469
E9CUE8_COCPS/73-211     1.24038529    1.35380930    1.28985472    1.21995796    1.19511607    0.95507238    1.13755578    1.10905388    1.28989030    0.59328214    0.60484426    0.71883748    0.61756270    0.68393054    0.65680730    0.74054675    0.67084201    0.86456629    0.51370935    0.53056434    0.53054991    0.23963256    0.00000000    1.28888281    2.26856963    3.32302852    1.98159616    1.90148343    2.07868749    2.00681113    2.01987398    1.88750958    1.79524257    1.23295947    1.41883270    1.41125477    1.18226024    1.34781043    1.41592756    1.48175930    1.57937967    1.45624477    1.59193103    1.58086447    1.37785684    1.21862051    1.40991137    1.42320059    1.24241208    1.38719380    1.23412936    1.28707846    1.47653652    1.56054515    1.69611274    1.70546184    1.54896136    1.91396167    1.38686465    1.28133198    1.34135183    1.61962200    1.76715524    1.11480563    1.03202804    1.18884590    1.14215523    1.01725058    1.14250076    1.11315628    1.24179021    1.22058111    1.13791936    1.10214569    1.18115259    1.33623255
G4T855_SERID/39-114     1.02093384    1.18086651    1.09615530    1.13008953    0.92835412    0.98927497    1.04247713    0.99266798    1.02312389    1.29187918    1.44703497    1.31649763    1.22196432    1.45011859    1.43675802    1.52955959    1.29307152    1.32022681    1.30352199    1.30940786    1.60005284    1.44971329    1.28888281    0.00000000    3.28415787    3.68673400    2.38520201    2.20830411    2.29452606    2.29610921    2.26860889    2.20870187    2.08423769    1.77628656    1.35253914    1.19444019    1.33137148    1.54419317    1.64467748    1.59310383    1.66583288    1.77516266    1.77309061    1.54670275    1.61232270    1.41333978    1.44461163    1.41950979    1.55531763    1.49637895    1.47032427    1.52790028    1.54183115    1.26376442    1.53141074    1.50287946    1.51754132    1.68719388    1.17498612    1.18102459    1.27983143    1.36712273    1.76324611    1.28226220    1.25898161    1.13235732    1.42589351    1.14614234    1.13396585    1.15234309    1.23215301    1.44041915    1.15758995    1.12704212    0.98385225    1.04105880
E3MFG5_CAERE/35-111     2.51109812    2.38799733    2.43782294    2.22195378    2.60836892    1.83488358    2.37216418    2.40744398    2.61022412    2.87928651    2.36002163    2.37894253    2.51028371    2.68172157    2.55847104    2.55708455    2.47520652    3.18557422    2.48177684    2.45533316    2.87197637    2.52763568    2.26856963    3.28415787    0.00000000    2.05606498    1.82261165    1.92277051    2.29711196    2.21884700    2.27407586    2.09610451    2.31174974    2.00229251    2.02967152    2.48370470    2.20748426    2.57879322    2.20918967    2.41311427    2.46070077    2.36664354    2.57293045    2.40860364    2.20302165    2.29368977    1.94843864    2.35377972    2.14771914    2.64096830    2.28452261    2.72861318    2.53569025    2.79175742    2.40045502    2.36282287    2.48030364    2.51767324    2.71540058    3.19943891    2.70296635    2.90467881    3.03139383    2.40840655    2.55949933    2.54072364    2.52174782    2.48544316    2.13075846    2.45857043    2.39657690    2.97547662    2.58470497    2.23496743    2.00588743    2.57312790
Q8IIC6_PLAF7/49-135     3.49658938    3.42185607    3.24596802    3.13441150    2.96182015    2.20573900    2.43745126    3.23159530    3.21137230    3.69184981    3.67807904    3.16470584    3.57012329    3.54791139    3.24589645    3.54932523    3.38145026    4.26423360    3.23824572    3.46316910    3.63796132    3.24750158    3.32302852    3.68673400    2.05606498    0.00000000    2.20005195    2.34553698    2.23154899    2.22277811    2.37963777    2.23725800    2.12885222    2.52951715    2.43267086    2.62854330    2.26963530    2.54301370    2.36073598    2.87809795    2.76283879    2.21103566    3.03332093    2.71192979    2.82660364    2.60986454    2.21052513    2.78573114    2.56784064    2.76488714    2.16389659    2.35034919    3.07040937    3.00139553    3.02563276    2.91817254    2.82659978    3.19428893    3.54425820    2.92088887    2.84905255    3.26307456    2.56576591    3.18985902    3.00997188    2.92795495    2.43592411    2.83438129    2.92988951    2.92413260    2.30218385    4.47545534    2.83127667    2.52756871    2.83344498    3.30123201
C1MSZ1_MICPC/54-153     1.84725864    1.93843334    2.19101692    2.05391619    2.03615403    1.53222116    1.95025413    2.12472913    2.17282855    1.86076522    2.10393933    1.99666402    2.09576333    2.01599697    2.05128076    2.20304562    2.04896114    2.65493762    1.76988209    1.86067011    2.13927942    1.97868720    1.98159616    2.38520201    1.82261165    2.20005195    0.00000000    1.40486193    1.57423776    1.48701743    1.54261067    1.67535046    1.53748390    1.77730532    1.81587246    1.63699814    1.93267591    2.31013156    2.34368991    2.12619781    2.25607891    2.36575129    2.37759715    2.21518270    2.19040148    1.92764519    1.84559729    2.20443668    2.22236584    2.01897274    2.02462656    2.42060378    2.24072341    2.14756330    2.29898686    2.46017032    2.46202096    2.48719096    2.31480790    1.87997988    2.28036114    1.98203977    1.71250743    2.17835230    2.13481721    2.28764572    2.09109058    2.05470168    1.79737382    2.05542530    1.86095113    2.19939525    1.85423432    1.91748117    2.05384241    2.21440332
D7L9L7_ARALL/44-123     1.56711865    1.38120916    1.51280469    1.59179366    1.66553122    1.54556541    1.46591165    1.50806871    1.59449767    2.00255302    2.09432859    2.12725976    2.12683816    2.14035280    2.21623990    2.34916002    2.16951854    2.47811474    1.87874620    1.91558449    2.14933988    1.83267107    1.90148343    2.20830411    1.92277051    2.34553698    1.40486193    0.00000000    0.25111131    0.35690626    0.29258495    0.34208208    0.22857614    1.67944870    2.06248713    2.02021451    1.91367887    2.22395772    2.35653497    1.97845199    2.41360104    2.11697927    2.10647282    2.16263326    1.88459684    1.67110572    1.54759082    1.89290484    1.96078435    1.94195744    1.66843449    2.03774128    2.00022159    2.37219987    1.88231488    1.92512405    1.84193900    1.87180198    2.12361040    1.83399614    1.83955165    2.01147713    1.65054299    1.84763306    1.66858316    1.88628323    1.54581011    1.80196783    1.72345897    1.91918228    1.65026357    2.18787933    1.69793765    1.76316186    1.61854800    1.76376708
C6T5W2_SOYBN/48-129     1.66355746    1.56832461    1.54659870    1.65806787    1.77655567    1.79464143    1.63455046    1.59940992    1.78923822    2.19229156    2.39806843    2.32912535    2.43609092    2.32028089    2.50744103    2.46027582    2.48265625    2.35221112    2.07125471    2.12623537    2.29263514    1.90722616    2.07868749    2.29452606    2.29711196    2.23154899    1.57423776    0.25111131    0.00000000    0.37034851    0.27743718    0.31328178    0.23447976    1.81097305    2.09530679    2.07873491    1.96533422    2.32649331    2.32885985    1.96520246    2.29712552    2.32338557    2.20013271    2.34355644    2.06226917    1.72146128    1.79956732    1.92216880    2.17413040    1.98469317    1.88497624    1.92981999    2.04987186    2.35589758    1.82000598    1.87238263    1.78897940    1.85336826    2.07910347    1.80710564    1.87268752    2.02526065    1.70048850    1.98251195    1.70375517    1.94631005    1.60599022    1.75854641    1.80921997    2.04212983    1.69034282    2.49009139    1.88697485    1.97586831    1.75012996    1.80262617
M0TED9_MUSAM/47-127     1.72057436    1.64776444    1.61988283    1.74260619    1.89061018    1.51392650    1.75142106    1.64696547    1.79602015    2.32129763    2.35972438    2.36019387    2.44188760    2.44317049    2.49981550    2.59783550    2.45924770    2.71363451    2.03547923    2.06204883    2.20901233    1.99385626    2.00681113    2.29610921    2.21884700    2.22277811    1.48701743    0.35690626    0.37034851    0.00000000    0.29341297    0.34055368    0.29000159    1.76154758    2.18739148    2.14854757    1.68772338    2.14322241    2.16697465    1.75069141    2.10807822    1.96523216    2.12667151    2.05543029    1.80808604    1.76941975    1.56192386    1.85388412    2.04999529    2.01036993    1.50199469    1.73206022    1.81245007    2.13603735    1.74181527    1.80747361    1.68228866    1.78472094    1.95980306    1.89920367    1.72092704    2.03261209    1.69882760    1.99643179    1.82060814    2.04889808    1.64898434    1.78700925    1.80642122    1.89448504    1.74404064    2.24682543    1.72739263    1.78234449    1.51341884    1.88006117
M0WUZ1_HORVV/47-127     1.63058642    1.57742175    1.65740931    1.62594961    1.83620338    1.78019676    1.70667173    1.75072836    1.85736759    2.32024807    2.33119776    2.30964660    2.27246832    2.30887613    2.42549601    2.38448110    2.39355379    2.38199805    2.02513122    2.09167131    2.20421649    1.90534388    2.01987398    2.26860889    2.27407586    2.37963777    1.54261067    0.29258495    0.27743718    0.29341297    0.00000000    0.24520770    0.26936504    1.76742260    2.14799844    2.01635073    1.78284168    1.93406101    1.91055243    1.67159305    2.06858474    1.94251001    1.98018701    1.94280529    1.97235385    1.68019249    1.65009407    1.77859891    2.00035413    1.87875445    1.54893967    1.80264971    1.71242758    2.13408652    1.95608222    1.94879662    1.86325986    1.92878366    2.13367548    1.76923534    1.94977826    2.01129182    1.50185299    1.93119275    1.72363741    1.96364339    1.65850714    1.78944755    1.83229351    1.98417578    1.86372816    2.32792183    1.83278468    1.96963511    1.63978157    1.99611819
W1NVC9_AMBTC/47-128     1.64224164    1.66082021    1.53230915    1.61608731    1.68113389    1.64356637    1.51881095    1.58241045    1.68266275    2.02207151    2.08249974    2.00497121    2.13807232    2.07364560    2.11643129    2.23101948    2.08498114    2.23537646    1.83439624    1.85077110    2.00937019    1.87355564    1.88750958    2.20870187    2.09610451    2.23725800    1.67535046    0.34208208    0.31328178    0.34055368    0.24520770    0.00000000    0.30421650    1.65922606    2.19385722    2.05920252    1.48681462    1.79299322    1.96711514    1.83331652    2.18721849    1.86845104    2.02522436    2.02133615    1.84464837    1.62662903    1.62685466    1.69118059    1.90198591    1.75927919    1.42086803    1.56465345    1.73396869    1.97263881    1.50799243    1.54133843    1.49602359    1.50132877    2.06244838    1.74459061    1.85011354    1.90930902    1.69007450    1.85191452    1.79162837    1.82090260    1.60932321    1.67016021    1.66878355    1.85135885    1.69686463    2.13142683    1.66428413    1.66282512    1.72048765    1.79321330
F6I5L7_VITVI/54-135     1.49476361    1.44747209    1.29579365    1.49362778    1.57559214    1.49740910    1.40590895    1.38967272    1.54701252    1.94031248    2.12510745    2.08114337    2.13949078    2.07076577    2.26394985    2.32192267    2.20401162    2.49812130    1.85969546    1.87228486    2.14222505    1.71370563    1.79524257    2.08423769    2.31174974    2.12885222    1.53748390    0.22857614    0.23447976    0.29000159    0.26936504    0.30421650    0.00000000    1.49983556    1.94254956    1.89516483    1.63690230    2.01230401    2.08163120    1.77698781    2.12083824    1.84270725    1.87121718    1.98182751    1.72283832    1.44931652    1.36427101    1.56305280    1.68040774    1.79460659    1.46863848    1.60031213    1.59336530    2.07578921    1.64667499    1.77498661    1.57961821    1.72770516    1.69653062    1.63658053    1.64518870    1.91932472    1.59866148    1.72123497    1.57285843    1.69460174    1.42286795    1.64208707    1.53612757    1.76561164    1.41139030    2.06038739    1.58954661    1.67163794    1.46931883    1.57128056
Q6C197_YARLI/27-103     1.18785193    1.31091321    1.15956525    1.16892661    1.18884561    1.02515703    1.19488335    1.23181827    1.33721834    1.30586054    1.39852350    1.21664821    1.24152532    1.45270274    1.55527722    1.44204135    1.26902803    1.42420563    1.17849167    1.19734877    1.40571757    1.36740815    1.23295947    1.77628656    2.00229251    2.52951715    1.77730532    1.67944870    1.81097305    1.76154758    1.76742260    1.65922606    1.49983556    0.00000000    0.86848638    1.02649544    1.14584734    1.04454023    1.11612323    1.05548299    1.17037032    1.07232655    1.08701753    0.99716714    0.91112653    1.02530186    0.86326506    0.95239027    0.80510292    1.09375242    1.06698860    1.21494127    1.02208913    1.44751224    1.28598353    1.28916035    1.16698078    1.29123124    1.54560025    1.48136923    1.55916990    1.70603116    1.32557748    1.01056051    1.13003162    1.06501809    1.05691713    1.14099643    0.92820952    0.98015496    1.01281811    1.25767100    0.98030962    0.97697086    0.99485469    1.16666066
S8AEM3_DACHA/64-196     1.28175234    1.21568496    1.23568183    1.28396751    1.10969406    0.78502367    1.19565267    1.35141437    1.15398618    1.46737176    1.40446651    1.35074377    1.34045777    1.38813814    1.39673682    1.50756768    1.34393078    1.93814097    1.38789103    1.35169984    1.46085605    1.47186570    1.41883270    1.35253914    2.02967152    2.43267086    1.81587246    2.06248713    2.09530679    2.18739148    2.14799844    2.19385722    1.94254956    0.86848638    0.00000000    0.33020475    1.11286876    1.34704860    1.38608174    1.34610884    1.46718725    1.58643707    1.34661614    1.33825964    1.12367666    1.12353872    1.27163383    1.29290825    1.01657973    1.17454451    1.22183941    1.44208854    1.30439738    1.43800870    1.79094761    1.61562478    1.84422901    1.78303941    1.45354535    1.50258859    1.50333930    1.73165259    1.32098461    1.04147707    1.08449300    1.08208703    1.29683576    1.21069663    1.08743756    1.06892530    1.21648757    1.24237660    1.07807423    0.91022753    0.85334390    1.19344399
G1X4L8_ARTOA/57-189     1.45692225    1.37389728    1.31874174    1.42868073    1.25715284    0.91130204    1.34751559    1.54329624    1.40989406    1.52911085    1.55798795    1.46293327    1.38842828    1.35652285    1.38431941    1.58254861    1.36707878    1.91061027    1.35284000    1.42625743    1.49982575    1.54655169    1.41125477    1.19444019    2.48370470    2.62854330    1.63699814    2.02021451    2.07873491    2.14854757    2.01635073    2.05920252    1.89516483    1.02649544    0.33020475    0.00000000    1.05034202    1.31366882    1.50004249    1.53966816    1.62269919    1.74100276    1.57620601    1.52694478    1.43949135    1.16829304    1.29732356    1.39234397    1.23323602    1.28772228    1.16633141    1.43110546    1.42000499    1.33671434    1.65337647    1.58582054    1.72047225    1.60542494    1.34899948    1.47110915    1.59585190    1.64885966    1.35789201    1.16271655    1.14605200    1.16042553    1.38239961    1.27763765    1.06854297    1.12801199    1.29921849    1.49673664    1.09535410    1.19071784    1.08893879    1.35167317
