15
ACPB_BACAN/2-61     0.00000000    0.80935896    1.88486070    2.58680185    2.08520267    2.87763014    3.02713005    3.27401008    3.13947371    2.67117470    4.39274623    2.46480931    3.07410131    3.32839873    3.59695374
ACPA_BACAN/2-61     0.80935896    0.00000000    1.38232689    1.95395957    1.61630122    2.78112077    2.93332878    2.24114088    2.62019616    2.30913138    3.35308022    2.89025951    2.88972029    2.99310301    3.32670715
Q7WUJ6_STREE/6-65     1.88486070    1.38232689    0.00000000    0.89879675    2.47148221    4.08019506    2.92507334    3.70565041    3.15654966    2.82223001    3.41636788    2.72739958    2.03799351    2.78754969    2.03751222
Q8DP24_STRR6/14-73     2.58680185    1.95395957    0.89879675    0.00000000    2.39210469    3.93550386    2.51911537    3.81092627    2.91432245    3.22291505    2.33448618    3.34743577    2.56885155    2.57132946    2.36041960
Q8Y4R8_LISMO/7-65     2.08520267    1.61630122    2.47148221    2.39210469    0.00000000    2.72383274    2.47692230    2.59428262    2.39590483    2.52478946    3.11877433    2.62664583    3.56915688    3.76300607    3.40841740
A0A0E1EQE9_STRPY/7-65     2.87763014    2.78112077    4.08019506    3.93550386    2.72383274    0.00000000    1.88448364    1.63023303    1.61325183    2.35611824    2.89990093    3.61112258    4.33853267    4.15266269    3.64149033
Q5XE72_STRP6/7-65     3.02713005    2.93332878    2.92507334    2.51911537    2.47692230    1.88448364    0.00000000    1.40059636    1.80263304    2.48620262    3.11172161    3.13543314    3.64711664    3.21287441    2.56557168
Q8E472_STRA3/7-65     3.27401008    2.24114088    3.70565041    3.81092627    2.59428262    1.63023303    1.40059636    0.00000000    0.69825099    1.96535263    2.91395284    2.50195604    3.11946462    2.88186271    3.03053001
Q8E4C2_STRA3/7-66     3.13947371    2.62019616    3.15654966    2.91432245    2.39590483    1.61325183    1.80263304    0.69825099    0.00000000    2.00705199    2.65324056    2.73543488    3.41878066    2.94154713    3.25198627
A0A0H2UNQ4_STRPN/7-65     2.67117470    2.30913138    2.82223001    3.22291505    2.52478946    2.35611824    2.48620262    1.96535263    2.00705199    0.00000000    2.39009741    3.00395874    3.29891288    3.05931731    4.11466676
Q8DYW7_STRA5/7-65     4.39274623    3.35308022    3.41636788    2.33448618    3.11877433    2.89990093    3.11172161    2.91395284    2.65324056    2.39009741    0.00000000    3.73023871    4.03976031    3.92616973    5.43149736
Q9KEI4_BACHD/1-60     2.46480931    2.89025951    2.72739958    3.34743577    2.62664583    3.61112258    3.13543314    2.50195604    2.73543488    3.00395874    3.73023871    0.00000000    1.97148981    2.61375449    2.90688126
Q9KWY2_STREQ/9-68     3.07410131    2.88972029    2.03799351    2.56885155    3.56915688    4.33853267    3.64711664    3.11946462    3.41878066    3.29891288    4.03976031    1.97148981    0.00000000    0.68926045    0.86088723
Q54508_STRPY/8-67     3.32839873    2.99310301    2.78754969    2.57132946    3.76300607    4.15266269    3.21287441    2.88186271    2.94154713    3.05931731    3.92616973    2.61375449    0.68926045    0.00000000    1.01269507
Q9RA73_STRDY/8-65     3.59695374    3.32670715    2.03751222    2.36041960    3.40841740    3.64149033    2.56557168    3.03053001    3.25198627    4.11466676    5.43149736    2.90688126    0.86088723    1.01269507    0.00000000

