70
M7TBB9_EUTLA/12-417     0.00000000    0.48991439    0.38891260    0.35944990    0.39126316    0.39525312    0.41728283    0.42413295    0.42973446    0.32277881    0.36450008    0.39351047    0.85548983    0.81995097    0.76031574    0.76851417    0.71376344    0.70403354    0.69658315    0.72973531    0.74539667    0.72351038    1.41817185    2.20898139    2.16550443    2.20248984    1.96663984    2.34632420    2.40791452    2.44560168    2.42092234    2.48118345    2.65093925    2.09878785    2.62955166    2.58550608    2.45651940    2.37498669    2.63490535    2.38278885    2.42488692    2.69841540    1.39508206    1.99821475    2.03535894    1.45168026    1.59562118    1.51994973    1.49756518    0.73699719    0.70469065    0.71782930    0.58260917    0.75823981    0.72947017    0.76260057    0.77038910    0.73509529    0.50203546    0.52863822    0.46379498    0.44832376    0.56838153    0.45756936    0.46501269    0.35368877    0.33351102    0.34873070    0.37298227    0.52635767
U7PPB2_SPOS1/492-959     0.48991439    0.00000000    0.37006814    0.53227668    0.52801226    0.54053587    0.53604471    0.53535769    0.50035573    0.51378334    0.51586658    0.50507996    0.96440652    0.92905689    0.86915416    0.83821930    0.82960938    0.82052897    0.83500131    0.83260810    0.81103941    0.88847179    1.61305945    2.12945831    1.95983641    2.16741174    2.12886901    2.46834666    2.37843658    2.59634448    2.46955301    2.39214221    2.66764503    2.12219909    2.55516339    2.59435152    2.48948629    2.39922100    2.50916118    2.30145191    2.42203165    2.78127898    1.48682731    1.91294523    2.09769195    1.47192730    1.48654545    1.57379865    1.59253404    0.81095670    0.89441334    0.89588770    0.73009747    0.86817345    0.83670332    0.89710133    0.94751076    0.86944473    0.67264606    0.64648734    0.63493468    0.57270985    0.66490959    0.58551302    0.61111259    0.51061656    0.48301598    0.53237359    0.54912579    0.67278286
S3C1H0_OPHP1/503-971     0.38891260    0.37006814    0.00000000    0.43080939    0.45533908    0.44279199    0.44670500    0.45297129    0.42200865    0.42023024    0.42348827    0.43461021    0.90093075    0.87094276    0.80285531    0.75948367    0.76193104    0.74990761    0.79836342    0.80373815    0.76919951    0.78368827    1.44564043    2.10883816    2.04179714    2.23741767    2.05853099    2.54763046    2.48136748    2.55736292    2.32893900    2.56991084    2.92434371    2.16381059    2.54970517    2.59133472    2.41039971    2.44238792    2.69469033    2.43758817    2.47965871    2.88014309    1.43304205    1.99861266    2.08463764    1.43665092    1.48858485    1.59719872    1.54985757    0.72385398    0.78291190    0.79168287    0.64554433    0.80980664    0.77005596    0.80745875    0.81680184    0.79649375    0.59783068    0.60853959    0.49960677    0.48229474    0.60115789    0.49175716    0.52047142    0.42895285    0.40017880    0.43928961    0.45900851    0.61882206
G2XA46_VERDV/363-761     0.35944990    0.53227668    0.43080939    0.00000000    0.39968081    0.39411160    0.42970342    0.44076523    0.44215776    0.31450833    0.39554802    0.40246756    0.81751087    0.83307177    0.79717904    0.75892435    0.75985619    0.71412299    0.75702367    0.79149208    0.77538594    0.74670196    1.39438927    2.12606549    2.10200494    2.26014967    2.01651574    2.24410385    2.46113865    2.27880140    2.15805992    2.36186835    2.72379344    2.00901141    2.50646545    2.48196093    2.41916758    2.36033043    2.64829749    2.55379996    2.41493420    2.68062567    1.44162655    1.81366592    1.87605911    1.38345810    1.44106799    1.46282946    1.49285458    0.78208163    0.76649182    0.76637975    0.64790717    0.74224774    0.72188824    0.74822082    0.75062408    0.74144895    0.57497810    0.54036114    0.51886693    0.43641395    0.60807471    0.50200194    0.48510546    0.41771395    0.40418820    0.43726309    0.46360755    0.52521942
A0A0D2XAL6_FUSO4/167-561     0.39126316    0.52801226    0.45533908    0.39968081    0.00000000    0.31608429    0.35661415    0.37234733    0.29829576    0.31264861    0.42063137    0.45807376    0.79886753    0.87753276    0.80539817    0.81859738    0.75786454    0.76205439    0.76454558    0.75312808    0.78492015    0.76658019    1.36807605    2.07255273    1.93673588    1.98837915    2.03601981    2.24387546    2.28218075    2.38094894    2.24168557    2.21439056    2.61468752    2.02800374    2.46082704    2.34887720    2.15527049    2.15526579    2.53616011    2.35083940    2.22482127    2.47670797    1.45110825    1.84525444    1.98968777    1.39773163    1.52726991    1.51077557    1.44075304    0.74408037    0.80210174    0.77552001    0.68120035    0.77786057    0.70647932    0.76480323    0.77763142    0.68839591    0.61847812    0.55447977    0.51984822    0.44303774    0.51955457    0.48268597    0.46502564    0.42116405    0.41916565    0.45334735    0.41997994    0.56366133
G0RD87_HYPJQ/201-598     0.39525312    0.54053587    0.44279199    0.39411160    0.31608429    0.00000000    0.32277273    0.30670543    0.29139927    0.35496149    0.38156065    0.41544511    0.79917377    0.87210037    0.78204771    0.74304982    0.75684485    0.74989995    0.72469441    0.77983109    0.73628333    0.76679143    1.44925095    2.10513224    1.94997234    2.11920746    1.90790676    2.30458927    2.33096369    2.36951891    2.18774843    2.42167640    2.71242694    2.07818614    2.50324294    2.53675806    2.23894956    2.22841895    2.67076394    2.36446414    2.38191511    2.68239011    1.39482589    1.79257129    1.95251453    1.40435288    1.43256513    1.50642878    1.46476669    0.70690919    0.77486631    0.76942472    0.65079171    0.72675755    0.72171298    0.77518932    0.78948198    0.72854700    0.57330886    0.54687791    0.45595166    0.41922936    0.54442557    0.46843731    0.46866541    0.40257778    0.41500010    0.41805346    0.40953582    0.51419867
J4KP11_BEAB2/337-731     0.41728283    0.53604471    0.44670500    0.42970342    0.35661415    0.32277273    0.00000000    0.38616167    0.31401270    0.41086178    0.44394545    0.47724052    0.84217063    0.89315419    0.76481657    0.76172452    0.76106873    0.73673811    0.73933162    0.77076514    0.78411264    0.73648084    1.39754576    2.05180498    1.99832878    2.13384461    2.04990266    2.22148045    2.26558839    2.33332671    2.28733824    2.32540567    2.64165302    2.09353494    2.47487065    2.41515027    2.23693524    2.14377750    2.49406165    2.27612202    2.36454398    2.74742436    1.45018640    1.94135445    2.02761722    1.40408144    1.41452763    1.45098810    1.46317973    0.73959806    0.79854691    0.77615898    0.71289374    0.75838873    0.72251208    0.76629626    0.80440544    0.72543969    0.59896647    0.57386913    0.52951532    0.51506516    0.59788785    0.51066998    0.48251413    0.46781540    0.44722821    0.45534590    0.45849612    0.54839679
M1W0V5_CLAP2/429-831     0.42413295    0.53535769    0.45297129    0.44076523    0.37234733    0.30670543    0.38616167    0.00000000    0.22175703    0.38257147    0.43152542    0.43731748    0.80967100    0.86250294    0.79201485    0.80083983    0.76818971    0.77936091    0.72284374    0.78878891    0.75677136    0.77923523    1.47256371    2.12931442    2.10814371    2.14076258    2.03243659    2.36309292    2.35841326    2.46400529    2.25628912    2.37143167    2.66503584    2.10196623    2.49116359    2.60783764    2.20105063    2.25282339    2.71912325    2.43482692    2.44181456    2.54755338    1.43253897    1.81991591    1.97047784    1.35761759    1.45363174    1.46407211    1.48102280    0.77615868    0.78147344    0.80522756    0.65394783    0.74415861    0.77632702    0.83820185    0.83070326    0.77406355    0.60559656    0.56766370    0.48660605    0.43592417    0.58884462    0.47659513    0.46094533    0.41305182    0.42411814    0.46818200    0.44222009    0.59321049
E9E8C1_METAQ/301-694     0.42973446    0.50035573    0.42200865    0.44215776    0.29829576    0.29139927    0.31401270    0.22175703    0.00000000    0.35804351    0.42312448    0.43655904    0.75564414    0.85298723    0.76912750    0.74735824    0.71397875    0.71313153    0.70450729    0.73340357    0.73938094    0.74802985    1.39438363    2.15589495    2.00395419    2.15930819    1.98201243    2.26523107    2.24036068    2.47716673    2.23821046    2.29719531    2.76082539    2.07163551    2.50753578    2.50029212    2.22160015    2.25383443    2.63395879    2.39684214    2.36296123    2.60275298    1.42579290    1.86446418    2.01922826    1.36407620    1.47860593    1.47178366    1.45062813    0.73849875    0.76398717    0.75907078    0.63801097    0.73458755    0.70549222    0.77653698    0.79558462    0.68949651    0.58218000    0.53274814    0.51327507    0.42580660    0.56364679    0.49452905    0.43830962    0.38801500    0.39015848    0.42819056    0.43079033    0.58262612
N4VUZ3_COLOR/346-744     0.32277881    0.51378334    0.42023024    0.31450833    0.31264861    0.35496149    0.41086178    0.38257147    0.35804351    0.00000000    0.37485365    0.39929832    0.77815315    0.81256147    0.74387414    0.74801885    0.73811281    0.71128637    0.68241913    0.70633430    0.73476532    0.70086762    1.46158716    2.18707442    2.03865834    2.17634027    1.96707636    2.37699383    2.41805985    2.44361020    2.40851608    2.53240976    2.62858683    2.16397444    2.65541953    2.64330657    2.32168652    2.27264840    2.74961582    2.50207911    2.42570610    2.61615907    1.48915439    1.90419712    2.02371896    1.44042164    1.55600826    1.52372561    1.56069503    0.70404488    0.76691987    0.80673949    0.66666269    0.78652035    0.73671878    0.77539959    0.79673710    0.74362958    0.57187612    0.48424720    0.47247506    0.38353910    0.49986542    0.41248424    0.42316409    0.35389542    0.36911541    0.40239870    0.39559169    0.52924525
J3PHG0_GAET3/451-876     0.36450008    0.51586658    0.42348827    0.39554802    0.42063137    0.38156065    0.44394545    0.43152542    0.42312448    0.37485365    0.00000000    0.29368724    0.86746205    0.83221011    0.78835369    0.79834876    0.77439492    0.76496603    0.78274331    0.77977309    0.73899741    0.71010532    1.43395479    2.20925103    2.28580826    2.26965669    2.04123137    2.41987846    2.35272302    2.33240113    2.28789253    2.46991242    2.78406196    2.10235794    2.46790934    2.68389085    2.37385083    2.42816100    2.63319937    2.45962330    2.42614004    2.67995962    1.56597214    1.95047129    2.04354605    1.47296397    1.57165445    1.56300374    1.54270923    0.75083553    0.77688423    0.77295847    0.64651185    0.77446631    0.75044824    0.80248328    0.77432243    0.73337639    0.64616805    0.54338189    0.47410357    0.47392753    0.61643034    0.48283087    0.45920128    0.38181455    0.38863709    0.38038513    0.41004155    0.54885806
G4MTK1_MAGO7/385-794     0.39351047    0.50507996    0.43461021    0.40246756    0.45807376    0.41544511    0.47724052    0.43731748    0.43655904    0.39929832    0.29368724    0.00000000    0.82540078    0.83619797    0.82734688    0.82260305    0.78235253    0.78718230    0.78439589    0.81475738    0.76708359    0.77010469    1.47106210    2.11627369    2.04501247    2.22486495    1.85998039    2.30225187    2.25045429    2.32195391    2.26186607    2.40678225    2.56270932    2.10034153    2.48580328    2.54223046    2.41264060    2.32046430    2.66076762    2.38846478    2.38099176    2.63105237    1.52387280    1.88831567    2.04432150    1.43161308    1.50246756    1.60211956    1.56919539    0.79054934    0.81063631    0.82947135    0.65206356    0.75432095    0.74024090    0.79142932    0.75911425    0.75759046    0.62880527    0.55767968    0.50464529    0.51766057    0.64571553    0.49899901    0.51147789    0.39973101    0.38298885    0.39076219    0.41949287    0.55148816
H6CBD1_EXODN/363-760     0.85548983    0.96440652    0.90093075    0.81751087    0.79886753    0.79917377    0.84217063    0.80967100    0.75564414    0.77815315    0.86746205    0.82540078    0.00000000    0.73677414    0.72829383    0.72713344    0.71065186    0.68374220    0.71741447    0.71823860    0.70487495    0.70305630    1.49420944    2.19917512    2.04460977    2.35740104    1.94347998    2.17248794    2.18419361    2.47944635    2.32579944    2.28573273    2.36420829    2.12841085    2.47943786    2.38541491    2.26314294    2.30380483    2.62120545    2.52724269    2.30614394    2.47583848    1.40196197    2.04593191    2.08196316    1.39180847    1.50673715    1.47807433    1.46290945    0.91180871    0.95612642    0.95685279    0.89165031    0.91711970    0.85740445    0.87623540    0.85001819    0.84142141    0.78401880    0.71280239    0.76554006    0.72762719    0.85910670    0.77256274    0.75106056    0.89024807    0.77764312    0.79042449    0.82984252    0.90304021
C4JXN3_UNCRE/367-761     0.81995097    0.92905689    0.87094276    0.83307177    0.87753276    0.87210037    0.89315419    0.86250294    0.85298723    0.81256147    0.83221011    0.83619797    0.73677414    0.00000000    0.44187481    0.46835451    0.44393256    0.42385026    0.45702137    0.49105168    0.45876553    0.39741963    1.51318310    2.43166302    2.32995584    2.40118830    2.15423721    2.32466453    2.26326968    2.42445734    2.34021411    2.57206918    2.67118431    2.24542146    2.76272708    2.73303605    2.45899603    2.59353577    2.89050618    2.57916332    2.50393874    2.78779015    1.49102473    2.00404739    2.06377168    1.53952234    1.51798487    1.54419479    1.49851250    0.86732715    0.94719410    0.95332299    0.88683305    0.99596635    1.00565800    0.96564963    0.97782243    1.00443230    0.77197305    0.74737166    0.81000151    0.74692272    0.90078588    0.75276119    0.77379166    0.79764506    0.85302686    0.80194568    0.82621689    0.93660479
Q5AZJ1_EMENI/346-750     0.76031574    0.86915416    0.80285531    0.79717904    0.80539817    0.78204771    0.76481657    0.79201485    0.76912750    0.74387414    0.78835369    0.82734688    0.72829383    0.44187481    0.00000000    0.22924198    0.23689141    0.24197775    0.31911511    0.34977977    0.33637764    0.32308561    1.61959204    2.15236860    2.13756242    2.42006945    2.10657209    2.39017431    2.55249144    2.62398197    2.45072638    2.61082314    2.91377831    2.37799824    2.87671542    2.74280446    2.67142966    2.69877730    3.17796677    2.65915697    2.64946519    2.70132370    1.52800924    1.86255835    1.95986892    1.48378926    1.53079775    1.44794908    1.47704913    0.87553499    0.96173093    0.96744180    0.84238718    0.91162648    0.91530829    0.94356711    0.94989148    0.96428119    0.75751588    0.72245991    0.68926785    0.69123049    0.82247389    0.69499324    0.70290831    0.75406036    0.76081260    0.75028770    0.72828860    0.86274100
G7X596_ASPKW/349-754     0.76851417    0.83821930    0.75948367    0.75892435    0.81859738    0.74304982    0.76172452    0.80083983    0.74735824    0.74801885    0.79834876    0.82260305    0.72713344    0.46835451    0.22924198    0.00000000    0.20283760    0.21588835    0.31469194    0.33722629    0.32456482    0.32332952    1.61033338    2.27879458    2.27598026    2.40950067    2.12734648    2.47541501    2.57806413    2.60265951    2.52043953    2.57186546    2.88808823    2.40706028    3.02353962    2.79627080    2.58843988    2.80102502    3.20293638    2.75112121    2.78110379    2.93321090    1.49848029    1.95358754    1.97784028    1.48158491    1.52084304    1.44315838    1.52702080    0.85833714    0.96311569    0.99673411    0.83016756    0.89215799    0.88554150    0.88019137    0.91218374    0.93851009    0.71598325    0.71487765    0.68806597    0.67209641    0.84171239    0.67964989    0.72138108    0.74832524    0.72159134    0.71740347    0.72262014    0.84983770
Q0CYR4_ASPTN/357-761     0.71376344    0.82960938    0.76193104    0.75985619    0.75786454    0.75684485    0.76106873    0.76818971    0.71397875    0.73811281    0.77439492    0.78235253    0.71065186    0.44393256    0.23689141    0.20283760    0.00000000    0.19701417    0.34555369    0.35119663    0.31988177    0.33440518    1.54850113    2.23161567    2.21691791    2.34271973    2.01285197    2.39701917    2.49053116    2.63941810    2.43229587    2.61251816    2.90517374    2.33478817    2.96741608    2.75471617    2.52565229    2.71805939    3.10981391    2.63373157    2.63382427    2.73675576    1.49782433    1.98686713    2.04427013    1.41024889    1.50336955    1.44296497    1.49752386    0.82828733    0.93346169    0.94642077    0.80222419    0.88888815    0.87432992    0.89038461    0.93689977    0.92451023    0.70422141    0.70389310    0.71777013    0.67497930    0.82907069    0.68821566    0.67660616    0.75642946    0.71417921    0.68371048    0.68703474    0.83961208
Q4X0T3_ASPFU/359-766     0.70403354    0.82052897    0.74990761    0.71412299    0.76205439    0.74989995    0.73673811    0.77936091    0.71313153    0.71128637    0.76496603    0.78718230    0.68374220    0.42385026    0.24197775    0.21588835    0.19701417    0.00000000    0.30849806    0.32721548    0.30027203    0.28210001    1.55360586    2.31807584    2.20549926    2.44210079    2.06883897    2.38022894    2.43094727    2.36386541    2.27557616    2.29434504    2.68861958    2.22962068    2.85904886    2.64612827    2.38707919    2.63943604    3.06501616    2.48595904    2.59111966    2.65180405    1.47698328    1.93619868    2.00296780    1.43206352    1.50265880    1.43739454    1.46412871    0.82735436    0.90955541    0.92443047    0.80603613    0.84920963    0.85130540    0.85990088    0.87538541    0.87643874    0.67123286    0.68637023    0.68675492    0.65487004    0.82361403    0.67502096    0.65711904    0.71690289    0.67520428    0.66077278    0.68806400    0.82171027
S7ZHW8_PENO1/360-766     0.69658315    0.83500131    0.79836342    0.75702367    0.76454558    0.72469441    0.73933162    0.72284374    0.70450729    0.68241913    0.78274331    0.78439589    0.71741447    0.45702137    0.31911511    0.31469194    0.34555369    0.30849806    0.00000000    0.19161583    0.34593968    0.33742963    1.54097715    2.32093734    2.22564386    2.36347962    2.05034559    2.43272302    2.52552707    2.52869595    2.50195913    2.64589190    2.88248194    2.34964391    2.93241086    2.79044493    2.49055569    2.55739759    3.13711307    2.66294139    2.71724244    2.73901986    1.48471385    1.96048431    2.08408175    1.45850597    1.56893224    1.44521068    1.39443217    0.80871400    0.85981661    0.90217404    0.78775983    0.87747246    0.81817077    0.82702426    0.84892195    0.86730759    0.66256865    0.68857864    0.63468500    0.64484261    0.81910369    0.63317239    0.65777365    0.70775588    0.70015335    0.67914722    0.68877688    0.84487393
B6HDT1_PENRW/367-770     0.72973531    0.83260810    0.80373815    0.79149208    0.75312808    0.77983109    0.77076514    0.78878891    0.73340357    0.70633430    0.77977309    0.81475738    0.71823860    0.49105168    0.34977977    0.33722629    0.35119663    0.32721548    0.19161583    0.00000000    0.36415426    0.36148321    1.48503323    2.16436861    2.14619068    2.27773748    2.03135444    2.40076441    2.45531526    2.55488905    2.41469582    2.63228187    2.83129357    2.34330680    2.77981805    2.68874628    2.53026304    2.57288252    3.12697032    2.52704112    2.69732482    2.68770732    1.52384319    1.96595013    2.13812014    1.50820851    1.58441066    1.47463044    1.42866756    0.84801162    0.87505627    0.89738184    0.78641338    0.88613586    0.83506113    0.82382844    0.85109768    0.84594352    0.71742977    0.71870703    0.69963072    0.69543788    0.85278803    0.67287792    0.68277173    0.75219981    0.70165818    0.70082734    0.70741774    0.85155348
B8MLF6_TALSN/357-756     0.74539667    0.81103941    0.76919951    0.77538594    0.78492015    0.73628333    0.78411264    0.75677136    0.73938094    0.73476532    0.73899741    0.76708359    0.70487495    0.45876553    0.33637764    0.32456482    0.31988177    0.30027203    0.34593968    0.36415426    0.00000000    0.30405407    1.55801053    2.31419658    2.28399320    2.45974891    2.07528063    2.40515529    2.45242212    2.58047494    2.49357383    2.53431445    2.90073078    2.40160184    2.71323029    2.88498649    2.48421799    2.63617581    3.19774493    2.54270976    2.56352974    2.63240003    1.48505488    1.97538373    1.98553389    1.45671726    1.53018073    1.48700180    1.43049024    0.86121937    0.94082131    0.92623569    0.82553408    0.85258588    0.83838452    0.85456133    0.84446445    0.84546574    0.70618534    0.70696264    0.68763598    0.63027691    0.78101819    0.64956112    0.65936955    0.70433476    0.73287500    0.71963019    0.69746181    0.82208611
V5HXE9_BYSSN/358-758     0.72351038    0.88847179    0.78368827    0.74670196    0.76658019    0.76679143    0.73648084    0.77923523    0.74802985    0.70086762    0.71010532    0.77010469    0.70305630    0.39741963    0.32308561    0.32332952    0.33440518    0.28210001    0.33742963    0.36148321    0.30405407    0.00000000    1.58629003    2.26420446    2.23335669    2.39334597    2.08666619    2.26179239    2.37673556    2.54407227    2.35395051    2.50827937    2.77591056    2.36319123    2.76198783    2.79807251    2.43558845    2.54594613    2.98040231    2.57972780    2.53157956    2.61356356    1.48185962    2.05878993    2.08755183    1.47975248    1.51792266    1.50044897    1.48013679    0.88170121    0.93364467    0.95066728    0.86182771    0.89110131    0.88495394    0.89213497    0.89927108    0.86937239    0.73130916    0.67825210    0.67739627    0.66331234    0.77811709    0.65000384    0.65346978    0.68548844    0.74178294    0.73344886    0.70187285    0.85476185
M7NJV1_PNEMU/203-605     1.41817185    1.61305945    1.44564043    1.39438927    1.36807605    1.44925095    1.39754576    1.47256371    1.39438363    1.46158716    1.43395479    1.47106210    1.49420944    1.51318310    1.61959204    1.61033338    1.54850113    1.55360586    1.54097715    1.48503323    1.55801053    1.58629003    0.00000000    2.42379461    2.45818707    2.34583073    2.17015829    2.31243301    2.52939742    2.37903078    2.41778123    2.60001486    2.82235059    2.22979269    2.73597171    2.64001066    2.54520671    2.51350300    2.74267458    2.70754705    2.39723392    2.47568976    1.58376165    2.14318367    2.47331901    1.83763302    1.79756437    1.91020385    1.84134913    1.34796320    1.23198382    1.25565610    1.36351084    1.47971363    1.46022590    1.44106727    1.42575990    1.42182908    1.38286471    1.37420549    1.26975186    1.33533945    1.32201561    1.35324231    1.34437633    1.35179655    1.32078347    1.38824306    1.35339734    1.51807584
S9X8W0_SCHCR/38-430     2.20898139    2.12945831    2.10883816    2.12606549    2.07255273    2.10513224    2.05180498    2.12931442    2.15589495    2.18707442    2.20925103    2.11627369    2.19917512    2.43166302    2.15236860    2.27879458    2.23161567    2.31807584    2.32093734    2.16436861    2.31419658    2.26420446    2.42379461    0.00000000    0.66352997    2.86097014    2.70137868    3.25883657    3.50261717    3.05304646    2.82821161    3.31752053    3.30655541    2.88484991    3.43654414    3.06837736    3.13448977    3.07817362    3.41387950    3.11929290    2.92541889    2.92158223    2.37191438    2.44596663    2.50792696    2.30430590    2.30607675    2.26508259    2.35004587    2.24169145    2.12553512    2.18823467    2.15382879    2.26921568    2.16337737    2.11934563    2.18509761    2.24849613    2.21495820    2.08092236    2.23096784    2.19662855    2.11946354    2.12513578    2.13108012    2.16708099    2.13261490    2.21230329    2.32278238    2.24196321
SAT1_SCHPO/37-435     2.16550443    1.95983641    2.04179714    2.10200494    1.93673588    1.94997234    1.99832878    2.10814371    2.00395419    2.03865834    2.28580826    2.04501247    2.04460977    2.32995584    2.13756242    2.27598026    2.21691791    2.20549926    2.22564386    2.14619068    2.28399320    2.23335669    2.45818707    0.66352997    0.00000000    2.76155859    2.72713497    2.89138415    3.10081824    2.87281504    2.80305877    2.98842493    3.01013433    2.71060397    3.05525080    2.88122385    2.99502263    2.86667843    3.10559817    2.75819417    2.65681364    3.01635489    2.45207484    2.53400631    2.70878302    2.30805192    2.26837420    2.25777388    2.29210957    2.17409459    2.01783024    2.05875136    2.03657718    2.12060882    2.13016532    2.18171591    2.12043084    2.13731017    2.07571708    1.92535635    2.10271742    2.04077437    2.02863066    2.07528181    2.09654399    2.06496768    2.07625153    2.12525804    2.17974935    2.12085107
W1QDH3_OGAPD/104-578     2.20248984    2.16741174    2.23741767    2.26014967    1.98837915    2.11920746    2.13384461    2.14076258    2.15930819    2.17634027    2.26965669    2.22486495    2.35740104    2.40118830    2.42006945    2.40950067    2.34271973    2.44210079    2.36347962    2.27773748    2.45974891    2.39334597    2.34583073    2.86097014    2.76155859    0.00000000    1.86567807    2.37875898    2.42217083    2.41848138    2.14106644    2.32150798    2.80957942    2.23967863    2.62004870    2.28866791    2.44355556    2.45786498    2.59752607    2.09208595    2.44710596    2.63990978    2.21384442    2.70144192    2.66650197    2.42718820    2.50403406    2.65701001    2.48566231    2.08409541    1.96243716    1.98642243    2.33509238    2.42961234    2.34740398    2.27923705    2.33798175    2.29925894    2.25488904    2.26720210    2.05358971    2.01753163    2.07816274    2.05722885    2.14080041    2.04275460    2.15800519    2.14711427    2.12046175    2.33541078
K0K9S7_WICCF/152-564     1.96663984    2.12886901    2.05853099    2.01651574    2.03601981    1.90790676    2.04990266    2.03243659    1.98201243    1.96707636    2.04123137    1.85998039    1.94347998    2.15423721    2.10657209    2.12734648    2.01285197    2.06883897    2.05034559    2.03135444    2.07528063    2.08666619    2.17015829    2.70137868    2.72713497    1.86567807    0.00000000    1.85062588    1.84436464    1.89442562    1.66515514    2.10727661    2.26836015    1.74632633    2.04260466    1.72390820    1.98632406    1.78395185    1.89595408    1.85590382    1.98495589    1.88870091    2.30600940    2.51636536    2.52302952    2.34423777    2.30501871    2.47254721    2.53486490    1.92192486    1.88430367    1.91503776    1.98525181    1.97663975    1.96507570    1.87845547    2.03440735    1.95229607    1.95887052    1.99740882    1.99153644    1.84303544    2.05737490    1.87304314    2.04369728    1.95872042    2.01008870    2.06632829    2.06714162    2.16810643
A7THR0_VANPO/130-604     2.34632420    2.46834666    2.54763046    2.24410385    2.24387546    2.30458927    2.22148045    2.36309292    2.26523107    2.37699383    2.41987846    2.30225187    2.17248794    2.32466453    2.39017431    2.47541501    2.39701917    2.38022894    2.43272302    2.40076441    2.40515529    2.26179239    2.31243301    3.25883657    2.89138415    2.37875898    1.85062588    0.00000000    0.72384556    0.96383055    1.05279090    0.96115279    1.37693176    1.03392875    1.21564886    1.13986311    1.10044783    1.10515317    1.33673642    1.35672217    1.41074153    1.45256904    2.15739911    2.57443293    2.49136522    2.19529606    2.30198039    2.35217644    2.46130244    2.25603383    2.25887646    2.27145167    2.31668949    2.49364797    2.29573326    2.30733834    2.36977267    2.25071756    2.37424825    2.24063031    2.33163154    2.19294035    2.28995483    2.20204088    2.36384461    2.23191994    2.45679107    2.42576942    2.40137172    2.44853944
G8BMW7_TETPH/133-601     2.40791452    2.37843658    2.48136748    2.46113865    2.28218075    2.33096369    2.26558839    2.35841326    2.24036068    2.41805985    2.35272302    2.25045429    2.18419361    2.26326968    2.55249144    2.57806413    2.49053116    2.43094727    2.52552707    2.45531526    2.45242212    2.37673556    2.52939742    3.50261717    3.10081824    2.42217083    1.84436464    0.72384556    0.00000000    1.10972887    1.13226674    1.10171654    1.42612366    1.19988330    1.26430910    1.29203598    1.17767821    1.15982030    1.36968224    1.36686043    1.65918830    1.49191939    2.46945801    2.85114690    2.69502235    2.32478430    2.50798720    2.45586403    2.54944374    2.34686517    2.29782088    2.24627955    2.48694177    2.50789883    2.56269915    2.53011125    2.65350926    2.58454988    2.41681116    2.31660468    2.35187145    2.27758210    2.28324932    2.37914124    2.49806082    2.29036697    2.43753592    2.43055592    2.35073735    2.62517191
G0WGT1_NAUDC/191-672     2.44560168    2.59634448    2.55736292    2.27880140    2.38094894    2.36951891    2.33332671    2.46400529    2.47716673    2.44361020    2.33240113    2.32195391    2.47944635    2.42445734    2.62398197    2.60265951    2.63941810    2.36386541    2.52869595    2.55488905    2.58047494    2.54407227    2.37903078    3.05304646    2.87281504    2.41848138    1.89442562    0.96383055    1.10972887    0.00000000    0.72732792    0.94025611    1.22791177    0.97953182    1.04832328    1.01481889    1.00499085    1.02609484    1.33074750    1.42619072    1.47678685    1.49571280    2.24512636    2.69071469    2.64386469    2.35648764    2.36123198    2.48420104    2.44796762    2.19154409    2.29466832    2.33363504    2.49662283    2.57637334    2.46349053    2.38029985    2.56821088    2.49903239    2.48720483    2.39745483    2.36624945    2.34877400    2.41121430    2.46389488    2.47036945    2.40019175    2.46117911    2.48761315    2.38043857    2.62683109
G0VBV7_NAUCC/124-593     2.42092234    2.46955301    2.32893900    2.15805992    2.24168557    2.18774843    2.28733824    2.25628912    2.23821046    2.40851608    2.28789253    2.26186607    2.32579944    2.34021411    2.45072638    2.52043953    2.43229587    2.27557616    2.50195913    2.41469582    2.49357383    2.35395051    2.41778123    2.82821161    2.80305877    2.14106644    1.66515514    1.05279090    1.13226674    0.72732792    0.00000000    0.98284134    1.34045828    0.94832967    0.98698842    1.07091705    1.06236239    1.07854449    1.33806210    1.38532311    1.36585078    1.43928236    2.33049403    2.38805748    2.58631716    2.17622489    2.33172931    2.38556579    2.38846802    2.25347264    2.18292998    2.20299177    2.38974542    2.48138705    2.29546233    2.33882543    2.46129459    2.42929576    2.36327546    2.35794141    2.28650678    2.32789682    2.27760681    2.42985647    2.50670425    2.27934489    2.38708235    2.42489813    2.25267366    2.46783213
RGP1_YEAST/132-614     2.48118345    2.39214221    2.56991084    2.36186835    2.21439056    2.42167640    2.32540567    2.37143167    2.29719531    2.53240976    2.46991242    2.40678225    2.28573273    2.57206918    2.61082314    2.57186546    2.61251816    2.29434504    2.64589190    2.63228187    2.53431445    2.50827937    2.60001486    3.31752053    2.98842493    2.32150798    2.10727661    0.96115279    1.10171654    0.94025611    0.98284134    0.00000000    1.15517632    1.06077584    1.12395305    1.04954123    1.10713089    1.11379601    1.36612183    1.46073285    1.41322225    1.50538138    2.42999937    2.75246524    2.74546233    2.48654875    2.59112073    2.61486374    2.70382510    2.60560054    2.49510463    2.53904858    2.51669931    2.68471862    2.64888926    2.78658692    2.91399791    2.78854691    2.57132922    2.48447135    2.47111119    2.39676343    2.34764258    2.45145099    2.49834938    2.29334894    2.52066835    2.58086787    2.47709161    2.64800705
Q6FX98_CANGA/135-628     2.65093925    2.66764503    2.92434371    2.72379344    2.61468752    2.71242694    2.64165302    2.66503584    2.76082539    2.62858683    2.78406196    2.56270932    2.36420829    2.67118431    2.91377831    2.88808823    2.90517374    2.68861958    2.88248194    2.83129357    2.90073078    2.77591056    2.82235059    3.30655541    3.01013433    2.80957942    2.26836015    1.37693176    1.42612366    1.22791177    1.34045828    1.15517632    0.00000000    1.20078477    1.34030800    1.33707567    1.37068971    1.46588745    1.49499546    1.64879216    1.74781597    1.76876609    2.54268903    2.79840101    2.79645711    2.55540361    2.69385293    2.69698501    2.86930466    2.58924948    2.45649646    2.64149305    2.82512509    2.85977258    3.00820091    2.76746663    2.79907849    2.73537707    2.73788723    2.73454686    2.63873630    2.75872662    2.49837684    2.70318047    2.82960346    2.68869615    2.77236535    2.92023332    2.75934490    2.92894256
H2AR60_KAZAF/133-594     2.09878785    2.12219909    2.16381059    2.00901141    2.02800374    2.07818614    2.09353494    2.10196623    2.07163551    2.16397444    2.10235794    2.10034153    2.12841085    2.24542146    2.37799824    2.40706028    2.33478817    2.22962068    2.34964391    2.34330680    2.40160184    2.36319123    2.22979269    2.88484991    2.71060397    2.23967863    1.74632633    1.03392875    1.19988330    0.97953182    0.94832967    1.06077584    1.20078477    0.00000000    1.26527933    1.03851365    1.14371812    1.14667621    1.33801707    1.47997209    1.42896664    1.52111459    2.29993656    2.22146109    2.29839356    2.11772596    2.20100413    2.19148165    2.24403120    2.12375983    2.09132487    2.08592792    2.15021903    2.26856824    2.29855177    2.31525582    2.32427832    2.35062118    2.19994528    2.15783139    2.09680367    2.03168184    2.15360347    2.09727240    2.19279942    2.06103706    2.24383233    2.27082163    2.13665253    2.35204226
I2H7R7_TETBL/158-642     2.62955166    2.55516339    2.54970517    2.50646545    2.46082704    2.50324294    2.47487065    2.49116359    2.50753578    2.65541953    2.46790934    2.48580328    2.47943786    2.76272708    2.87671542    3.02353962    2.96741608    2.85904886    2.93241086    2.77981805    2.71323029    2.76198783    2.73597171    3.43654414    3.05525080    2.62004870    2.04260466    1.21564886    1.26430910    1.04832328    0.98698842    1.12395305    1.34030800    1.26527933    0.00000000    1.11359324    1.19064482    1.15117192    1.41344641    1.51889863    1.46980849    1.60558055    2.58257821    2.79646227    2.92653708    2.47875303    2.48883402    2.55949410    2.72361461    2.59372855    2.52123531    2.58596562    2.63199752    2.68179404    2.61335697    2.66408672    2.78850252    2.77908357    2.68702294    2.47739492    2.54610069    2.65235523    2.54399742    2.62142229    2.66126612    2.47529141    2.50029448    2.67566154    2.56047579    2.73800968
J7S933_KAZNA/142-595     2.58550608    2.59435152    2.59133472    2.48196093    2.34887720    2.53675806    2.41515027    2.60783764    2.50029212    2.64330657    2.68389085    2.54223046    2.38541491    2.73303605    2.74280446    2.79627080    2.75471617    2.64612827    2.79044493    2.68874628    2.88498649    2.79807251    2.64001066    3.06837736    2.88122385    2.28866791    1.72390820    1.13986311    1.29203598    1.01481889    1.07091705    1.04954123    1.33707567    1.03851365    1.11359324    0.00000000    1.16763425    1.21185522    1.25170935    1.39289625    1.42386757    1.47242323    2.46604588    2.88417624    2.73957750    2.43385067    2.46721354    2.56557707    2.66828877    2.58040589    2.37567162    2.41917957    2.62915433    2.65288399    2.66580423    2.55973905    2.69322529    2.70946910    2.62093391    2.43067271    2.52736739    2.48389932    2.39503106    2.57548682    2.59274191    2.49995387    2.60331272    2.55217306    2.50593564    2.63635601
G8ZX98_TORDC/121-593     2.45651940    2.48948629    2.41039971    2.41916758    2.15527049    2.23894956    2.23693524    2.20105063    2.22160015    2.32168652    2.37385083    2.41264060    2.26314294    2.45899603    2.67142966    2.58843988    2.52565229    2.38707919    2.49055569    2.53026304    2.48421799    2.43558845    2.54520671    3.13448977    2.99502263    2.44355556    1.98632406    1.10044783    1.17767821    1.00499085    1.06236239    1.10713089    1.37068971    1.14371812    1.19064482    1.16763425    0.00000000    0.77388105    1.37786730    1.43963139    1.49711963    1.51851077    2.27622228    2.84830327    3.00613544    2.35320309    2.42073766    2.42412456    2.63325527    2.32335691    2.17933322    2.14512765    2.43162082    2.53699280    2.45143071    2.47505465    2.54723887    2.51916605    2.40949577    2.39159439    2.29538947    2.28897463    2.30090664    2.39267577    2.33990081    2.30776435    2.30982294    2.48054812    2.45669636    2.49937896
C5DVE9_ZYGRC/133-604     2.37498669    2.39922100    2.44238792    2.36033043    2.15526579    2.22841895    2.14377750    2.25282339    2.25383443    2.27264840    2.42816100    2.32046430    2.30380483    2.59353577    2.69877730    2.80102502    2.71805939    2.63943604    2.55739759    2.57288252    2.63617581    2.54594613    2.51350300    3.07817362    2.86667843    2.45786498    1.78395185    1.10515317    1.15982030    1.02609484    1.07854449    1.11379601    1.46588745    1.14667621    1.15117192    1.21185522    0.77388105    0.00000000    1.37493821    1.41857089    1.49517658    1.53183289    2.39172571    2.82719262    2.82074346    2.36393683    2.46790553    2.57875357    2.70897393    2.33012157    2.33825833    2.23850138    2.40964306    2.47363209    2.36372301    2.41002152    2.59819680    2.54320676    2.48431661    2.33615254    2.44940118    2.33822045    2.25973158    2.27920493    2.36148405    2.25034251    2.38146465    2.47704450    2.37440696    2.52636150
C5DMY6_LACTC/113-554     2.63490535    2.50916118    2.69469033    2.64829749    2.53616011    2.67076394    2.49406165    2.71912325    2.63395879    2.74961582    2.63319937    2.66076762    2.62120545    2.89050618    3.17796677    3.20293638    3.10981391    3.06501616    3.13711307    3.12697032    3.19774493    2.98040231    2.74267458    3.41387950    3.10559817    2.59752607    1.89595408    1.33673642    1.36968224    1.33074750    1.33806210    1.36612183    1.49499546    1.33801707    1.41344641    1.25170935    1.37786730    1.37493821    0.00000000    1.28602341    1.49092236    1.39343264    2.69753328    3.37582952    3.33155705    2.52224281    2.54981731    2.63879262    2.75206791    2.59513168    2.58790941    2.51247412    2.54287655    2.86637487    2.78127881    2.82360586    2.87199815    2.79122008    2.72049670    2.61008155    2.75566653    2.57063553    2.53321749    2.54874613    2.60278179    2.51509568    2.70363346    2.73298869    2.59228607    2.80175534
