12
Q8ZQI0_SALTY/28-63     0.00000000    0.60037685    0.80463022    1.12167581    1.17100080    1.26926828    1.45672983    2.00458626    1.60580639    1.50621421    1.79655724    1.05079183
Q7N307_PHOLL/28-63     0.60037685    0.00000000    1.03055671    1.05175430    1.16133187    1.57882764    1.60220163    2.31518293    1.57316655    1.75820585    2.03232819    1.21766476
A0A3N4B7U6_YERPE/31-67     0.80463022    1.03055671    0.00000000    0.73545839    0.73207536    1.06494802    0.94239172    1.87889098    0.91647598    1.14798524    1.45795603    0.49710501
Q6D3J0_PECAS/30-66     1.12167581    1.05175430    0.73545839    0.00000000    0.43038370    1.44429462    1.51067500    1.78236917    1.30307249    1.89678769    2.12797038    0.73006478
Q31QB0_SYNE7/32-74     1.17100080    1.16133187    0.73207536    0.43038370    0.00000000    1.29049279    1.64555886    2.09690042    1.33971993    1.95207345    1.88444914    0.84555691
Q72FM2_DESVH/29-76     1.26926828    1.57882764    1.06494802    1.44429462    1.29049279    0.00000000    1.30219892    2.08930718    1.88730674    2.26252705    1.86757755    1.31224368
Q7WX08_CUPNH/38-79     1.45672983    1.60220163    0.94239172    1.51067500    1.64555886    1.30219892    0.00000000    2.44148458    1.26247261    1.58494986    1.39941577    1.20177083
HELIC_BPT7/12-48     2.00458626    2.31518293    1.87889098    1.78236917    2.09690042    2.08930718    2.44148458    0.00000000    1.78147592    2.05005167    2.47247069    1.77107916
Q6XQB0_BPT1/33-72     1.60580639    1.57316655    0.91647598    1.30307249    1.33971993    1.88730674    1.26247261    1.78147592    0.00000000    1.09999707    1.40873547    1.24614295
I1YFI7_METFJ/37-75     1.50621421    1.75820585    1.14798524    1.89678769    1.95207345    2.26252705    1.58494986    2.05005167    1.09999707    0.00000000    0.85915836    1.27147079
S6B2Y8_PSERE/43-82     1.79655724    2.03232819    1.45795603    2.12797038    1.88444914    1.86757755    1.39941577    2.47247069    1.40873547    0.85915836    0.00000000    1.63400879
Q5P4Z0_AROAE/25-61     1.05079183    1.21766476    0.49710501    0.73006478    0.84555691    1.31224368    1.20177083    1.77107916    1.24614295    1.27147079    1.63400879    0.00000000

