8
GLYAT_PONAB/207-295     0.00000000    0.40906434    1.52804422    1.71794642    0.72375949    0.63010974    0.61384593    0.37222867
GLYAT_RAT/207-295     0.40906434    0.00000000    1.35229703    1.71289176    0.68771117    0.69904823    0.66759320    0.42039260
GLYL2_HUMAN/202-290     1.52804422    1.35229703    0.00000000    1.00341122    1.29740182    1.36439519    1.38941998    1.37116336
GLYL1_HUMAN/208-296     1.71794642    1.71289176    1.00341122    0.00000000    1.43461965    1.53678498    1.64050377    1.61827978
KEG1_MOUSE/206-294     0.72375949    0.68771117    1.29740182    1.43461965    0.00000000    0.28601984    0.73310264    0.67092002
KEG1_RAT/206-294     0.63010974    0.69904823    1.36439519    1.53678498    0.28601984    0.00000000    0.80968913    0.59913330
GLYAL_BOVIN/206-294     0.61384593    0.66759320    1.38941998    1.64050377    0.73310264    0.80968913    0.00000000    0.56104061
GLYAT_BOVIN/206-294     0.37222867    0.42039260    1.37116336    1.61827978    0.67092002    0.59913330    0.56104061    0.00000000

