29
VIUB_VIBCH/14-128     0.00000000    1.66559415    1.53768370    1.65248998    1.46831951    2.27519017    1.75671799    2.03090992    1.71334035    1.58466045    1.88102613    1.84701219    1.75651792    1.56061021    1.36409141    1.47484404    1.80286352    1.58740591    1.72364318    1.70341365    1.79689598    2.30669254    2.21612113    1.98640225    1.85981674    2.28185713    2.30991958    1.82406434    1.60033294
Q6LGB0_PHOPR/19-135     1.66559415    0.00000000    0.95313580    0.93811624    1.47201627    2.46817463    1.74149644    1.68022160    2.01223087    2.01474249    1.82257821    2.07861451    2.19669398    1.43701635    1.56388477    1.80643113    1.51559391    1.45190709    1.40198353    1.87690585    1.90975283    2.06002089    2.03094710    1.72285075    1.64468295    1.86646139    1.94829665    1.80437741    1.55560517
Q7N5B5_PHOLL/21-137     1.53768370    0.95313580    0.00000000    0.68739790    1.42966793    2.19561340    1.79424242    1.75762160    1.87807618    1.67974559    2.05896443    2.18429486    2.21921457    1.10360273    1.55190005    1.41775045    1.69966042    1.74500229    1.68272065    1.84937722    1.86769288    2.10734627    2.11950489    2.10039327    1.74755629    1.76162976    2.07405106    1.74263284    1.42738192
Q6D5L7_PECAS/11-127     1.65248998    0.93811624    0.68739790    0.00000000    1.59010666    2.37337657    1.65187484    1.75413026    1.96474675    1.84443947    2.20392984    2.30824921    2.69008792    1.33433455    1.38643648    1.41106390    1.57282690    1.53010430    1.53741737    1.83423139    1.89437307    2.23463870    2.17408379    2.00445505    1.77480737    1.80617981    1.95480600    1.65598086    1.67402817
Q87K09_VIBPA/11-121     1.46831951    1.47201627    1.42966793    1.59010666    0.00000000    1.75060588    1.82850411    1.89861728    1.33389467    1.19198897    1.63502479    1.62950252    1.49008473    1.51013415    1.27934149    1.66380418    1.41883044    1.56012132    1.41708787    1.75406055    1.61362093    1.83886240    1.82928377    1.65814754    1.72433799    1.60832834    1.60198262    1.49951069    1.56133460
A9CLD7_AGRFC/19-136     2.27519017    2.46817463    2.19561340    2.37337657    1.75060588    0.00000000    1.96141416    1.60585016    1.80304106    1.64325551    2.26691383    2.15734361    1.74143016    2.05006030    1.52748652    1.61409235    1.77394262    1.63358546    1.82468254    1.89739904    1.86263258    2.15037413    2.99349359    2.21797575    1.93857593    2.44915817    2.38193563    2.54705614    2.22173063
Q92YC6_RHIME/112-229     1.75671799    1.74149644    1.79424242    1.65187484    1.82850411    1.96141416    0.00000000    1.23759354    1.91717449    1.83421377    1.92341327    2.15289181    2.16159187    1.90264578    1.72986513    1.65333234    1.68180826    1.75715070    1.82448408    2.06263383    2.18472589    2.69807149    2.82425333    2.04897715    2.19481092    1.82493209    2.08635704    1.88529581    1.80899395
A9CHT8_AGRFC/112-229     2.03090992    1.68022160    1.75762160    1.75413026    1.89861728    1.60585016    1.23759354    0.00000000    1.78786185    1.70561822    1.99409698    1.84349665    1.96159520    1.94277918    1.52615074    1.36927117    1.55729667    1.54707611    1.79406466    2.23494907    2.26538470    2.32825296    2.99344874    1.99487883    2.18217640    2.07706692    2.52026432    2.50480092    2.32586215
Q828F6_STRAW/16-132     1.71334035    2.01223087    1.87807618    1.96474675    1.33389467    1.80304106    1.91717449    1.78786185    0.00000000    0.29049762    1.24176348    1.15537378    1.17851421    1.73020514    1.57063879    1.47695269    1.47311343    1.58495023    1.38999191    1.53784536    1.53739430    1.94308352    1.95231887    1.58643121    1.67080459    1.63661994    1.89313792    1.91592739    1.45358945
Q9RJ78_STRCO/16-132     1.58466045    2.01474249    1.67974559    1.84443947    1.19198897    1.64325551    1.83421377    1.70561822    0.29049762    0.00000000    1.22385214    1.05816746    1.03234637    1.64960723    1.33199966    1.38538317    1.36553636    1.44036379    1.24226036    1.44633965    1.37111497    1.91663936    1.87364866    1.55017524    1.59239223    1.59209385    1.73208402    1.74121593    1.30921070
Q8NR16_CORGL/18-133     1.88102613    1.82257821    2.05896443    2.20392984    1.63502479    2.26691383    1.92341327    1.99409698    1.24176348    1.22385214    0.00000000    0.41782386    1.57086305    1.95672625    1.60437543    1.71412794    1.70684375    1.76896373    1.74371663    1.97122651    2.01356132    2.52533660    2.45034282    1.61050008    1.78069316    1.85681238    1.78211197    2.07748139    1.85806876
Q8FPY9_COREF/17-132     1.84701219    2.07861451    2.18429486    2.30824921    1.62950252    2.15734361    2.15289181    1.84349665    1.15537378    1.05816746    0.41782386    0.00000000    1.53942291    2.08010281    1.56780755    1.80933404    1.65819939    1.79817969    1.99215558    1.82486765    1.99296502    2.09726758    2.17582150    1.46515309    2.03178875    1.66029199    1.60244288    1.99346374    1.80940385
Y2895_MYCTU/10-127     1.75651792    2.19669398    2.21921457    2.69008792    1.49008473    1.74143016    2.16159187    1.96159520    1.17851421    1.03234637    1.57086305    1.53942291    0.00000000    1.91913856    1.73457064    1.75308996    1.35303325    1.36440110    1.48696272    1.72471835    1.86795466    2.18059259    2.34328068    1.80904661    1.71996660    1.58734003    1.98485172    2.13270529    1.70555538
Q6MI18_BDEBA/21-135     1.56061021    1.43701635    1.10360273    1.33433455    1.51013415    2.05006030    1.90264578    1.94277918    1.73020514    1.64960723    1.95672625    2.08010281    1.91913856    0.00000000    0.81850722    1.02132587    0.92683573    0.92278284    1.14780618    1.19772188    1.07471365    1.92220073    1.91559902    1.90015927    1.73504811    1.68574158    1.68520545    1.68592189    1.55628901
Q7NV78_CHRVO/20-136     1.36409141    1.56388477    1.55190005    1.38643648    1.27934149    1.52748652    1.72986513    1.52615074    1.57063879    1.33199966    1.60437543    1.56780755    1.73457064    0.81850722    0.00000000    0.67786268    0.75986814    0.86348468    0.83252699    1.01550607    1.00639811    1.58082305    1.94536993    1.90734099    1.69857601    1.62865256    1.83156877    1.55787226    1.35784656
Q096Z1_STIAD/22-136     1.47484404    1.80643113    1.41775045    1.41106390    1.66380418    1.61409235    1.65333234    1.36927117    1.47695269    1.38538317    1.71412794    1.80933404    1.75308996    1.02132587    0.67786268    0.00000000    0.81188632    0.85607178    0.92478569    1.12317773    1.18200675    1.76647441    2.31617599    1.91787883    1.55887867    1.78173000    1.75423577    1.82161885    1.60128161
Q88NZ7_PSEPK/18-129     1.80286352    1.51559391    1.69966042    1.57282690    1.41883044    1.77394262    1.68180826    1.55729667    1.47311343    1.36553636    1.70684375    1.65819939    1.35303325    0.92683573    0.75986814    0.81188632    0.00000000    0.55851500    0.85256120    0.99998491    1.09602451    1.73974692    1.90599139    1.44515809    1.37641068    1.45310999    1.55083228    1.52127149    1.24530893
Q87XI5_PSESM/20-132     1.58740591    1.45190709    1.74500229    1.53010430    1.56012132    1.63358546    1.75715070    1.54707611    1.58495023    1.44036379    1.76896373    1.79817969    1.36440110    0.92278284    0.86348468    0.85607178    0.55851500    0.00000000    0.76515261    0.99922932    1.11282783    1.52967762    2.21395899    1.62254031    1.35045109    1.58369247    1.68482897    1.59522533    1.46407641
Q8P4U9_XANCP/19-133     1.72364318    1.40198353    1.68272065    1.53741737    1.41708787    1.82468254    1.82448408    1.79406466    1.38999191    1.24226036    1.74371663    1.99215558    1.48696272    1.14780618    0.83252699    0.92478569    0.85256120    0.76515261    0.00000000    0.81592372    0.94232881    2.09801780    2.43302881    1.56891400    1.36097884    1.76468932    1.86747676    1.83650768    1.72286518
YQJH_ECOLI/21-133     1.70341365    1.87690585    1.84937722    1.83423139    1.75406055    1.89739904    2.06263383    2.23494907    1.53784536    1.44633965    1.97122651    1.82486765    1.72471835    1.19772188    1.01550607    1.12317773    0.99998491    0.99922932    0.81592372    0.00000000    0.25413470    1.65142404    2.00298744    2.10456154    1.79592918    1.73859163    1.96844928    2.10950868    1.84088907
Q8ZLY1_SALTY/23-133     1.79689598    1.90975283    1.86769288    1.89437307    1.61362093    1.86263258    2.18472589    2.26538470    1.53739430    1.37111497    2.01356132    1.99296502    1.86795466    1.07471365    1.00639811    1.18200675    1.09602451    1.11282783    0.94232881    0.25413470    0.00000000    1.73308950    1.99714556    2.20360179    1.84943570    1.80486914    2.02715712    2.09314246    1.84974550
Q9RL28_STRCO/5-129     2.30669254    2.06002089    2.10734627    2.23463870    1.83886240    2.15037413    2.69807149    2.32825296    1.94308352    1.91663936    2.52533660    2.09726758    2.18059259    1.92220073    1.58082305    1.76647441    1.73974692    1.52967762    2.09801780    1.65142404    1.73308950    0.00000000    2.21644087    1.91068297    1.92122424    1.91598101    2.06475781    1.76315636    1.44717661
Q8NS72_CORGL/19-144     2.21612113    2.03094710    2.11950489    2.17408379    1.82928377    2.99349359    2.82425333    2.99344874    1.95231887    1.87364866    2.45034282    2.17582150    2.34328068    1.91559902    1.94536993    2.31617599    1.90599139    2.21395899    2.43302881    2.00298744    1.99714556    2.21644087    0.00000000    1.39144767    1.56121109    2.05460283    1.54739373    1.62084633    1.44197997
Q6DB36_PECAS/18-136     1.98640225    1.72285075    2.10039327    2.00445505    1.65814754    2.21797575    2.04897715    1.99487883    1.58643121    1.55017524    1.61050008    1.46515309    1.80904661    1.90015927    1.90734099    1.91787883    1.44515809    1.62254031    1.56891400    2.10456154    2.20360179    1.91068297    1.39144767    0.00000000    0.91383386    1.47386905    0.99874878    1.39499292    1.38917301
Q9I282_PSEAE/12-130     1.85981674    1.64468295    1.74755629    1.77480737    1.72433799    1.93857593    2.19481092    2.18217640    1.67080459    1.59239223    1.78069316    2.03178875    1.71996660    1.73504811    1.69857601    1.55887867    1.37641068    1.35045109    1.36097884    1.79592918    1.84943570    1.92122424    1.56121109    0.91383386    0.00000000    1.50619532    1.37369552    1.35565381    1.38495653
Q8FRS6_COREF/17-136     2.28185713    1.86646139    1.76162976    1.80617981    1.60832834    2.44915817    1.82493209    2.07706692    1.63661994    1.59209385    1.85681238    1.66029199    1.58734003    1.68574158    1.62865256    1.78173000    1.45310999    1.58369247    1.76468932    1.73859163    1.80486914    1.91598101    2.05460283    1.47386905    1.50619532    0.00000000    0.77700533    1.35410467    1.41575653
Q8NSK6_CORGL/8-133     2.30991958    1.94829665    2.07405106    1.95480600    1.60198262    2.38193563    2.08635704    2.52026432    1.89313792    1.73208402    1.78211197    1.60244288    1.98485172    1.68520545    1.83156877    1.75423577    1.55083228    1.68482897    1.86747676    1.96844928    2.02715712    2.06475781    1.54739373    0.99874878    1.37369552    0.77700533    0.00000000    1.20246090    1.22737457
Q9L073_STRCO/10-141     1.82406434    1.80437741    1.74263284    1.65598086    1.49951069    2.54705614    1.88529581    2.50480092    1.91592739    1.74121593    2.07748139    1.99346374    2.13270529    1.68592189    1.55787226    1.82161885    1.52127149    1.59522533    1.83650768    2.10950868    2.09314246    1.76315636    1.62084633    1.39499292    1.35565381    1.35410467    1.20246090    0.00000000    0.42010343
Q82CR8_STRAW/15-146     1.60033294    1.55560517    1.42738192    1.67402817    1.56133460    2.22173063    1.80899395    2.32586215    1.45358945    1.30921070    1.85806876    1.80940385    1.70555538    1.55628901    1.35784656    1.60128161    1.24530893    1.46407641    1.72286518    1.84088907    1.84974550    1.44717661    1.44197997    1.38917301    1.38495653    1.41575653    1.22737457    0.42010343    0.00000000

