38
A1YLD8_PORPE/88-127     0.00000000    0.52404846    0.58653089    0.71434449    0.54370166    0.32822964    0.51207394    1.11335836    1.51668925    1.09478281    1.48000683    1.48491317    1.13830452    1.06055386    1.56644390    1.32822952    1.53739574    1.55535037    1.58791581    1.65109618    1.57411568    1.21531921    0.87569279    1.54180111    1.73915836    1.37717607    1.37980452    1.43609941    0.41061413    0.63872945    0.74255034    0.72667807    0.79022353    0.51635624    1.23225135    0.94838962    0.87053610    1.00199390
CUPC1_CANPG/3-43     0.52404846    0.00000000    0.44168817    0.53508938    0.38298937    0.33806837    0.62902605    1.09775415    1.40960283    0.87520336    1.10591602    1.15115520    1.19186000    1.12275999    1.31695455    1.34303016    1.65733425    1.47640470    1.50208794    1.73151940    1.54441423    0.87002777    0.88070836    1.11190014    0.97528247    1.17368857    0.96236019    1.13224306    0.63274065    0.57780094    0.56518020    0.45665374    0.63589264    0.56046169    1.18848279    1.00012490    0.92317297    1.13710404
A1YLD7_PORPE/149-189     0.58653089    0.44168817    0.00000000    0.29379746    0.57663802    0.52444158    0.89396970    1.40066975    1.89991541    1.16811456    1.66894881    1.59900437    1.48860020    1.32827017    1.45081521    1.42666535    1.50653849    1.42546215    1.57008115    1.66597874    1.30757984    1.13152699    0.83936770    1.31137865    1.20527011    1.31312711    1.19792746    1.43513066    0.78788558    0.87564546    0.87830300    0.73064517    0.80772022    0.66929610    1.13702299    1.17896318    0.94411944    1.07431687
Q7M4E0_HOMAM/13-53     0.71434449    0.53508938    0.29379746    0.00000000    0.65654663    0.69679158    1.19228330    1.50480908    2.12791015    1.38695200    2.08558659    1.93629764    1.64373095    1.55742808    1.84821906    1.41257872    1.39960230    1.32599954    1.45272886    1.51238821    1.50651134    1.10329580    0.93125583    1.47226712    1.46977548    1.79593923    1.36224110    1.57759341    0.99694722    0.80350122    0.88203601    0.85069810    0.99466781    0.81102880    1.37989947    1.31121528    1.12111229    1.29805747
Q7M4E3_HOMAM/3-43     0.54370166    0.38298937    0.57663802    0.65654663    0.00000000    0.30541656    0.58384938    1.17603361    1.65488408    1.06967658    1.43546708    1.38993795    1.16379843    1.28466102    1.29721491    1.52029349    1.50270512    1.47330611    1.45882438    1.58429234    1.58573231    1.14307266    1.00861251    1.54769891    1.43697404    1.53633266    1.35448006    1.63691760    0.85697264    0.72504390    0.66888404    0.58567841    0.68204505    0.66470622    1.03673758    1.11098346    0.97949951    1.17183833
CUPC1_CANPG/73-112     0.32822964    0.33806837    0.52444158    0.69679158    0.30541656    0.00000000    0.51745023    0.97513853    1.33311703    0.92583291    1.29987330    1.31949614    1.08409836    1.12555607    1.28632099    1.34964649    1.38801078    1.46803788    1.46924093    1.59176636    1.57345331    1.06503162    0.84795595    1.14840311    1.23752059    1.10406217    0.98884614    1.20809402    0.41661947    0.65280459    0.62681912    0.45480834    0.67027780    0.50249483    1.03967253    0.86151757    0.65254429    0.91632545
Q7M4E4_HOMAM/70-110     0.51207394    0.62902605    0.89396970    1.19228330    0.58384938    0.51745023    0.00000000    1.17162797    1.00358621    1.13587086    1.39068755    1.34821154    1.06299224    0.89354558    1.16267968    1.41618177    1.57584683    1.49350099    1.56559012    1.77292523    1.61819460    1.17617083    0.88911706    1.36228082    1.37800236    1.22754099    1.28694346    1.18423797    0.59609723    0.72994999    0.67906255    0.68566547    0.71773150    0.72066063    0.99137651    1.01018682    0.99946491    0.96392532
Q7M494_HOMAM/7-45     1.11335836    1.09775415    1.40066975    1.50480908    1.17603361    0.97513853    1.17162797    0.00000000    0.56347322    0.39153818    0.69193221    0.50083615    0.43793134    0.73304217    0.74518307    0.68935269    0.79715496    0.83854439    0.92664593    1.07774294    0.92781142    0.54884473    0.92547467    1.34449159    1.59521991    1.30096941    1.13410296    1.10351611    1.16708980    0.97840956    0.91534675    1.25059193    1.40798584    1.28329653    1.11901838    1.05165398    1.07169018    1.15336103
A6YPV2_CALSI/129-167     1.51668925    1.40960283    1.89991541    2.12791015    1.65488408    1.33311703    1.00358621    0.56347322    0.00000000    0.79216160    0.70644251    0.73099468    0.84035022    0.91799772    0.70729081    0.90678888    1.10983037    1.04238301    1.19435174    1.61079613    1.10529723    0.87857730    1.34341215    1.33500443    1.61384430    1.13213431    0.91508459    1.05458355    1.52372968    1.36173023    1.34205203    1.59991817    1.68896455    1.70275891    1.38997295    1.37040648    1.35921183    1.20902965
A6YPV3_CALSI/297-335     1.09478281    0.87520336    1.16811456    1.38695200    1.06967658    0.92583291    1.13587086    0.39153818    0.79216160    0.00000000    0.52595138    0.24046544    0.90365733    1.10322407    0.79175143    1.03472404    1.05589050    0.99970929    1.12511279    1.49098994    1.00812402    0.78554900    1.08761987    1.22359351    1.30146368    1.20570373    1.01125159    1.09854156    1.21327646    1.06774238    1.13612956    0.95103402    1.06134073    1.51143454    1.36984178    1.11193839    1.20895168    1.38500966
A1YLD5_PORPE/193-231     1.48000683    1.10591602    1.66894881    2.08558659    1.43546708    1.29987330    1.39068755    0.69193221    0.70644251    0.52595138    0.00000000    0.46576783    0.88759078    1.04051120    0.86149513    1.01358018    1.55356122    1.34483080    1.43289733    1.66703239    1.35128942    0.86041949    1.47668107    1.72905122    1.90655105    1.46521454    1.09038822    1.30293093    1.52604474    1.24232580    1.45657215    1.39536790    1.26313839    1.40198097    1.60077570    1.45738656    1.55893722    1.60539469
CUC10_CANPG/9-47     1.48491317    1.15115520    1.59900437    1.93629764    1.38993795    1.31949614    1.34821154    0.50083615    0.73099468    0.24046544    0.46576783    0.00000000    1.05057581    1.22088272    0.71641463    1.13850886    1.12943260    1.04272284    1.17809389    1.57910644    1.09191073    0.81023575    1.47971653    1.49950766    1.49621316    1.37171989    1.11534930    1.24282374    1.56897572    1.38507202    1.63340316    1.47243076    1.33863673    1.66052527    1.59482398    1.30730290    1.64027321    1.58189023
A6YPV5_CALSI/242-280     1.13830452    1.19186000    1.48860020    1.64373095    1.16379843    1.08409836    1.06299224    0.43793134    0.84035022    0.90365733    0.88759078    1.05057581    0.00000000    0.26839229    0.77696067    1.01399317    1.38404560    1.17731398    1.33053691    1.50800146    1.34473935    0.77804316    0.95365991    1.20781861    1.46456542    1.30771940    1.12216982    1.03156078    1.43431655    1.35995109    1.06849412    1.36574300    1.42332089    1.36477956    1.36034133    1.37410391    1.36592317    1.35952492
A6YPV3_CALSI/245-283     1.06055386    1.12275999    1.32827017    1.55742808    1.28466102    1.12555607    0.89354558    0.73304217    0.91799772    1.10322407    1.04051120    1.22088272    0.26839229    0.00000000    0.87720421    1.08744837    1.50763172    1.25801042    1.42429728    1.54873167    1.37848675    0.89860298    0.99162539    1.32812414    1.42723708    1.36664373    1.18405470    0.94753886    1.19915268    1.09187381    1.00313083    1.21729974    1.23354698    1.15175191    1.36557528    1.33912325    1.39571253    1.33413871
A6YPU7_CALSI/144-182     1.56644390    1.31695455    1.45081521    1.84821906    1.29721491    1.28632099    1.16267968    0.74518307    0.70729081    0.79175143    0.86149513    0.71641463    0.77696067    0.87720421    0.00000000    1.12204057    1.37989779    1.24900088    1.32476569    1.47374552    1.17184542    0.70083416    1.08471239    1.27984984    1.33432672    1.35256850    1.16378093    1.11689715    1.65766168    1.73954786    1.53041546    1.48966841    1.41499153    1.71007565    1.93193703    1.44424579    1.85780873    1.80207941
A6YPV5_CALSI/192-230     1.32822952    1.34303016    1.42666535    1.41257872    1.52029349    1.34964649    1.41618177    0.68935269    0.90678888    1.03472404    1.01358018    1.13850886    1.01399317    1.08744837    1.12204057    0.00000000    0.44985752    0.59313744    0.50403242    0.65631673    0.51563614    0.85880106    0.98779237    1.36402783    1.76475528    1.27633889    1.08937409    1.14121330    1.45097888    0.86870941    1.13179826    1.37825845    1.27254821    1.15147377    1.24769712    1.28552750    1.22800460    1.12588583
A1YLD6_PORPE/142-180     1.53739574    1.65733425    1.50653849    1.39960230    1.50270512    1.38801078    1.57584683    0.79715496    1.10983037    1.05589050    1.55356122    1.12943260    1.38404560    1.50763172    1.37989779    0.44985752    0.00000000    0.49719423    0.49756937    0.63772136    0.44541535    0.79004226    1.09018977    1.49435178    1.79462993    1.31362559    1.50580065    1.30457911    1.53021352    1.06537483    1.27215692    1.68697287    1.49291288    1.09798253    1.34011881    1.24030338    1.30388137    1.36102265
A6YPU6_CALSI/144-182     1.55535037    1.47640470    1.42546215    1.32599954    1.47330611    1.46803788    1.49350099    0.83854439    1.04238301    0.99970929    1.34483080    1.04272284    1.17731398    1.25801042    1.24900088    0.59313744    0.49719423    0.00000000    0.25235424    0.47259018    0.32362688    0.75876485    1.04155596    1.64297819    1.71223558    1.52529926    1.30695961    1.34721451    1.45008018    1.03131004    1.43776063    1.68450850    1.66030149    1.24289678    1.12839298    1.42453362    1.46701234    1.36565871
CUPC9_CANPG/6-44     1.58791581    1.50208794    1.57008115    1.45272886    1.45882438    1.46924093    1.56559012    0.92664593    1.19435174    1.12511279    1.43289733    1.17809389    1.33053691    1.42429728    1.32476569    0.50403242    0.49756937    0.25235424    0.00000000    0.32659011    0.31961339    0.94884040    1.10865750    1.85854145    2.01726673    1.65365726    1.34336513    1.38405311    1.37850125    1.11046958    1.43803486    1.70937069    1.66752866    1.30161942    1.08097512    1.41511345    1.53024538    1.48435534
A6YPU8_CALSI/77-115     1.65109618    1.73151940    1.66597874    1.51238821    1.58429234    1.59176636    1.77292523    1.07774294    1.61079613    1.49098994    1.66703239    1.57910644    1.50800146    1.54873167    1.47374552    0.65631673    0.63772136    0.47259018    0.32659011    0.00000000    0.36237533    1.25592974    1.43238932    2.23101278    2.42315901    1.94024395    1.68581096    1.73728334    1.49558853    1.17735046    1.43820086    1.83828212    1.74655369    1.33414948    1.25629198    1.23433335    1.45020911    1.53982693
A6YPV2_CALSI/77-115     1.57411568    1.54441423    1.30757984    1.50651134    1.58573231    1.57345331    1.61819460    0.92781142    1.10529723    1.00812402    1.35128942    1.09191073    1.34473935    1.37848675    1.17184542    0.51563614    0.44541535    0.32362688    0.31961339    0.36237533    0.00000000    0.96096900    1.15384938    1.72604890    1.80453784    1.61750466    1.42744182    1.54399924    1.54740180    1.15504878    1.53428212    1.71911194    1.67923370    1.30081930    1.28243226    1.45963602    1.54191105    1.47084969
Q7M493_HOMAM/4-42     1.21531921    0.87002777    1.13152699    1.10329580    1.14307266    1.06503162    1.17617083    0.54884473    0.87857730    0.78554900    0.86041949    0.81023575    0.77804316    0.89860298    0.70083416    0.85880106    0.79004226    0.75876485    0.94884040    1.25592974    0.96096900    0.00000000    0.61664297    1.10401681    1.19028391    1.12800075    1.11250537    0.95461722    1.05562335    1.10532358    1.04267366    1.17305298    1.38386502    1.14658830    1.47675990    1.37702675    1.50069360    1.53298127
CUPC6_CANPG/4-42     0.87569279    0.88070836    0.83936770    0.93125583    1.00861251    0.84795595    0.88911706    0.92547467    1.34341215    1.08761987    1.47668107    1.47971653    0.95365991    0.99162539    1.08471239    0.98779237    1.09018977    1.04155596    1.10865750    1.43238932    1.15384938    0.61664297    0.00000000    0.65123003    0.76762277    0.78804357    0.75226813    0.73851501    0.88623784    0.89028346    0.85844251    0.95084908    1.20260688    1.09976518    1.27626767    1.36242988    1.19541996    1.19393562
A1YLD8_PORPE/141-180     1.54180111    1.11190014    1.31137865    1.47226712    1.54769891    1.14840311    1.36228082    1.34449159    1.33500443    1.22359351    1.72905122    1.49950766    1.20781861    1.32812414    1.27984984    1.36402783    1.49435178    1.64297819    1.85854145    2.23101278    1.72604890    1.10401681    0.65123003    0.00000000    0.20403842    0.37112211    0.28890332    0.29145106    1.38496883    1.28430995    1.21089231    1.48784801    1.28148944    1.66142941    1.64573322    1.57878797    1.53369475    1.54815852
A1YLD8_PORPE/188-227     1.73915836    0.97528247    1.20527011    1.46977548    1.43697404    1.23752059    1.37800236    1.59521991    1.61384430    1.30146368    1.90655105    1.49621316    1.46456542    1.42723708    1.33432672    1.76475528    1.79462993    1.71223558    2.01726673    2.42315901    1.80453784    1.19028391    0.76762277    0.20403842    0.00000000    0.48531258    0.38956102    0.40291315    1.43180845    1.33197143    1.23609230    1.59206260    1.22650654    1.58728752    1.40015071    1.33917542    1.36749469    1.41758473
Q7M4A2_HOMAM/4-43     1.37717607    1.17368857    1.31312711    1.79593923    1.53633266    1.10406217    1.22754099    1.30096941    1.13213431    1.20570373    1.46521454    1.37171989    1.30771940    1.36664373    1.35256850    1.27633889    1.31362559    1.52529926    1.65365726    1.94024395    1.61750466    1.12800075    0.78804357    0.37112211    0.48531258    0.00000000    0.42132323    0.38011756    1.24357401    1.16269394    1.15079746    1.32185058    1.18530258    1.37464535    1.41023251    1.21566366    1.26676314    1.29459472
A6YPV4_CALSI/249-288     1.37980452    0.96236019    1.19792746    1.36224110    1.35448006    0.98884614    1.28694346    1.13410296    0.91508459    1.01125159    1.09038822    1.11534930    1.12216982    1.18405470    1.16378093    1.08937409    1.50580065    1.30695961    1.34336513    1.68581096    1.42744182    1.11250537    0.75226813    0.28890332    0.38956102    0.42132323    0.00000000    0.25780212    1.05965645    1.19625540    1.08111811    1.30598155    1.20357554    1.39286182    1.54341067    1.33386208    1.44889035    1.42303076
A6YPV4_CALSI/202-241     1.43609941    1.13224306    1.43513066    1.57759341    1.63691760    1.20809402    1.18423797    1.10351611    1.05458355    1.09854156    1.30293093    1.24282374    1.03156078    0.94753886    1.11689715    1.14121330    1.30457911    1.34721451    1.38405311    1.73728334    1.54399924    0.95461722    0.73851501    0.29145106    0.40291315    0.38011756    0.25780212    0.00000000    1.00205249    1.02536245    1.00718206    1.25902097    1.09413790    1.31663226    1.35064489    1.17326900    1.27031937    1.30879244
Q7M4E1_HOMAM/4-46     0.41061413    0.63274065    0.78788558    0.99694722    0.85697264    0.41661947    0.59609723    1.16708980    1.52372968    1.21327646    1.52604474    1.56897572    1.43431655    1.19915268    1.65766168    1.45097888    1.53021352    1.45008018    1.37850125    1.49558853    1.54740180    1.05562335    0.88623784    1.38496883    1.43180845    1.24357401    1.05965645    1.00205249    0.00000000    0.67546661    0.63460824    0.84851702    0.84309778    0.53793308    0.93858104    0.69432433    0.66275079    0.75544546
CUPC3_CANPG/70-110     0.63872945    0.57780094    0.87564546    0.80350122    0.72504390    0.65280459    0.72994999    0.97840956    1.36173023    1.06774238    1.24232580    1.38507202    1.35995109    1.09187381    1.73954786    0.86870941    1.06537483    1.03131004    1.11046958    1.17735046    1.15504878    1.10532358    0.89028346    1.28430995    1.33197143    1.16269394    1.19625540    1.02536245    0.67546661    0.00000000    0.47021562    0.46900457    0.58156289    0.43077678    0.92078802    0.74959797    0.76003472    0.92924163
A6YPU7_CALSI/87-127     0.74255034    0.56518020    0.87830300    0.88203601    0.66888404    0.62681912    0.67906255    0.91534675    1.34205203    1.13612956    1.45657215    1.63340316    1.06849412    1.00313083    1.53041546    1.13179826    1.27215692    1.43776063    1.43803486    1.43820086    1.53428212    1.04267366    0.85844251    1.21089231    1.23609230    1.15079746    1.08111811    1.00718206    0.63460824    0.47021562    0.00000000    0.43862850    0.37890102    0.59376152    0.80394695    0.62984166    0.68905735    0.79174128
A6YPV0_CALSI/85-125     0.72667807    0.45665374    0.73064517    0.85069810    0.58567841    0.45480834    0.68566547    1.25059193    1.59991817    0.95103402    1.39536790    1.47243076    1.36574300    1.21729974    1.48966841    1.37825845    1.68697287    1.68450850    1.70937069    1.83828212    1.71911194    1.17305298    0.95084908    1.48784801    1.59206260    1.32185058    1.30598155    1.25902097    0.84851702    0.46900457    0.43862850    0.00000000    0.45345587    0.69819482    1.26875672    1.12293532    0.97665965    1.16110085
A6YPU8_CALSI/19-59     0.79022353    0.63589264    0.80772022    0.99466781    0.68204505    0.67027780    0.71773150    1.40798584    1.68896455    1.06134073    1.26313839    1.33863673    1.42332089    1.23354698    1.41499153    1.27254821    1.49291288    1.66030149    1.66752866    1.74655369    1.67923370    1.38386502    1.20260688    1.28148944    1.22650654    1.18530258    1.20357554    1.09413790    0.84309778    0.58156289    0.37890102    0.45345587    0.00000000    0.59598470    1.01604461    0.75050931    0.82474251    0.87757488
Q7M492_HOMAM/3-43     0.51635624    0.56046169    0.66929610    0.81102880    0.66470622    0.50249483    0.72066063    1.28329653    1.70275891    1.51143454    1.40198097    1.66052527    1.36477956    1.15175191    1.71007565    1.15147377    1.09798253    1.24289678    1.30161942    1.33414948    1.30081930    1.14658830    1.09976518    1.66142941    1.58728752    1.37464535    1.39286182    1.31663226    0.53793308    0.43077678    0.59376152    0.69819482    0.59598470    0.00000000    0.76561496    0.54472484    0.61402826    0.74566762
A6YPV1_CALSI/19-59     1.23225135    1.18848279    1.13702299    1.37989947    1.03673758    1.03967253    0.99137651    1.11901838    1.38997295    1.36984178    1.60077570    1.59482398    1.36034133    1.36557528    1.93193703    1.24769712    1.34011881    1.12839298    1.08097512    1.25629198    1.28243226    1.47675990    1.27626767    1.64573322    1.40015071    1.41023251    1.54341067    1.35064489    0.93858104    0.92078802    0.80394695    1.26875672    1.01604461    0.76561496    0.00000000    0.48007220    0.34437625    0.43719546
CUPC2_CANPG/3-43     0.94838962    1.00012490    1.17896318    1.31121528    1.11098346    0.86151757    1.01018682    1.05165398    1.37040648    1.11193839    1.45738656    1.30730290    1.37410391    1.33912325    1.44424579    1.28552750    1.24030338    1.42453362    1.41511345    1.23433335    1.45963602    1.37702675    1.36242988    1.57878797    1.33917542    1.21566366    1.33386208    1.17326900    0.69432433    0.74959797    0.62984166    1.12293532    0.75050931    0.54472484    0.48007220    0.00000000    0.38290985    0.51205187
A1YLD6_PORPE/19-59     0.87053610    0.92317297    0.94411944    1.12111229    0.97949951    0.65254429    0.99946491    1.07169018    1.35921183    1.20895168    1.55893722    1.64027321    1.36592317    1.39571253    1.85780873    1.22800460    1.30388137    1.46701234    1.53024538    1.45020911    1.54191105    1.50069360    1.19541996    1.53369475    1.36749469    1.26676314    1.44889035    1.27031937    0.66275079    0.76003472    0.68905735    0.97665965    0.82474251    0.61402826    0.34437625    0.38290985    0.00000000    0.37877605
A6YPU6_CALSI/19-59     1.00199390    1.13710404    1.07431687    1.29805747    1.17183833    0.91632545    0.96392532    1.15336103    1.20902965    1.38500966    1.60539469    1.58189023    1.35952492    1.33413871    1.80207941    1.12588583    1.36102265    1.36565871    1.48435534    1.53982693    1.47084969    1.53298127    1.19393562    1.54815852    1.41758473    1.29459472    1.42303076    1.30879244    0.75544546    0.92924163    0.79174128    1.16110085    0.87757488    0.74566762    0.43719546    0.51205187    0.37877605    0.00000000

