115
B7FWG8_PHATC/189-462     0.00000000    1.69761731    1.56303647    1.50600434    1.63619201    1.65229729    1.70746336    1.58721312    1.64416583    1.58067888    1.55024122    1.71602525    1.70911981    1.45064682    2.14488971    2.15696168    1.95749088    1.97044640    1.81094081    1.50523093    1.64420387    1.62370603    1.69449182    1.69636038    1.62688468    1.45875670    1.58388461    1.50932853    1.66818359    1.59999381    1.57196962    1.47463004    1.64567293    1.72387950    1.52181358    1.39687525    1.57972914    1.53876296    1.55772448    1.51169756    1.42240499    1.62746420    1.95853695    1.64962441    1.64591356    2.97920191    2.03608040    1.68524895    1.75062454    1.83338199    1.78597367    1.76968508    1.78919119    1.78779007    1.86406379    1.88670875    1.70914818    1.74370261    1.84832435    1.81473087    1.89104062    1.69892748    2.30448353    2.14652088    2.36153295    2.17898497    2.35030650    2.34978105    2.72003352    2.53196645    2.68939743    2.62336625    2.62987584    2.40663732    2.63351868    2.30980273    1.43376544    1.33815043    1.77571246    1.74465033    1.69940361    1.91439989    1.90802320    1.60054737    1.78585100    1.72915146    1.73973713    1.71237223    1.82227586    1.78862330    1.85232160    1.74668086    1.81657330    1.78371660    1.82505670    1.83583308    1.92251968    1.92403879    1.84363026    1.58567310    1.67013264    1.81892921    1.71407405    1.76466874    1.83541771    1.80645560    1.77920799    1.82364519    1.82515471    1.77239623    1.73121968    1.82940372    1.69013588    1.72201494    1.71136548
D8R9F1_SELML/383-613     1.69761731    0.00000000    0.48481216    0.37766557    0.46584245    0.48335896    0.44981395    0.48818371    0.46777780    0.68153898    0.77629495    1.91734247    1.68359033    1.50132045    1.62427688    1.64771710    1.44845073    1.62485417    1.55070322    1.42688199    1.39877686    1.22164283    1.49563775    1.30939852    1.50771996    1.37894110    1.42921810    1.32348729    1.53411017    1.46054135    1.41550910    1.39480237    1.55284745    1.66441448    1.36296059    1.32425090    1.52615849    1.41740356    1.41732983    1.49832012    1.37001799    1.41230084    1.85259043    1.40500737    1.48392200    2.75283844    1.80521070    1.61777608    1.61015490    1.56162636    1.47238608    1.57906644    1.67032472    1.54540240    1.58548301    1.71006762    1.51918204    1.50073227    1.57674819    1.71890200    1.70027660    1.51912613    1.90066897    2.00529448    1.81239038    1.97254792    1.97311566    1.86659631    1.95538399    1.93335562    2.04851747    2.01933600    2.39155954    2.11071987    2.31953589    1.71703405    1.27783942    1.19889258    1.54594391    1.47782957    1.28894089    1.36598008    1.49623306    1.32771549    1.36951593    1.55930897    1.32099853    1.35719746    1.30768588    1.37953811    1.35380839    1.39738714    1.40684688    1.32954215    1.47463505    1.36302683    1.42293153    1.64781227    1.38669849    1.46816791    1.44405296    1.58995514    1.44249508    1.32000424    1.50696788    1.45896679    1.33065926    1.56439237    1.53109234    1.35853611    1.39941219    1.41590498    1.49392188    1.59132128    1.65778767
M0RIQ6_MUSAM/523-745     1.56303647    0.48481216    0.00000000    0.20431352    0.27729814    0.31235227    0.33049810    0.32783762    0.34886374    0.64356540    0.72160981    1.79573324    1.54506017    1.40333857    1.43112707    1.40807626    1.39558454    1.52605187    1.42861011    1.34624128    1.26103873    1.00143148    1.39445404    1.26814536    1.23703425    1.26592554    1.33394011    1.18378560    1.28422782    1.24792525    1.27822785    1.21539450    1.28978830    1.44321860    1.18294070    1.13490899    1.33070706    1.20562293    1.35284320    1.25035615    1.18876337    1.20736512    1.65059151    1.19378767    1.32373082    2.89353589    1.59768224    1.38293781    1.53273809    1.50449356    1.39531748    1.49530417    1.56178889    1.40516137    1.47544816    1.58999858    1.30936322    1.46219618    1.43485820    1.54275645    1.52684343    1.39483309    1.85152182    1.87889488    1.87159966    1.86236005    1.87194377    1.76542348    1.86164743    1.82380968    1.99940803    2.02960004    2.28179717    1.98329286    2.17164831    1.72044337    1.31338693    1.11859305    1.47003363    1.36346821    1.27269377    1.35775548    1.40699838    1.16264585    1.28501960    1.35233915    1.33290206    1.25342707    1.30596978    1.34961253    1.30439216    1.43673294    1.33547687    1.33439011    1.42040480    1.43244563    1.41385211    1.50151770    1.37318751    1.35544598    1.39532041    1.56076082    1.40663508    1.40235784    1.42239098    1.43161903    1.32365564    1.48530769    1.42011345    1.34643652    1.33029894    1.30730977    1.43643255    1.51134923    1.64156355
W1PJE3_AMBTC/422-649     1.50600434    0.37766557    0.20431352    0.00000000    0.23097197    0.26293245    0.27719556    0.26428879    0.27777582    0.66744388    0.70390936    1.83109573    1.58192432    1.40653912    1.39299043    1.36386544    1.55097752    1.59660055    1.37786836    1.32146971    1.22270649    1.00242859    1.38705764    1.30289346    1.25128678    1.25344934    1.30430424    1.12272297    1.32560307    1.26630138    1.30215214    1.20169351    1.26728133    1.39674965    1.17540670    1.11077174    1.34122340    1.22312995    1.35174778    1.28696024    1.13804895    1.25495979    1.64015685    1.16890427    1.28231095    2.81656698    1.57731168    1.45632857    1.59222363    1.51001140    1.40729455    1.46369315    1.51979150    1.43900140    1.48882332    1.62079130    1.37913031    1.55289837    1.49379036    1.67936770    1.55645360    1.38696618    1.80628622    1.83035789    1.92258995    1.91205513    1.94732059    1.89786531    2.03704260    1.91178341    2.05035846    2.07044026    2.26636554    2.00949136    2.36295595    1.60876616    1.21915056    1.04934314    1.46336701    1.32490776    1.20438087    1.31403605    1.35545670    1.16255486    1.29410739    1.40875628    1.26576341    1.25835946    1.25101110    1.26871709    1.25869243    1.33124479    1.24647950    1.20496062    1.30637660    1.29196853    1.28995344    1.46904850    1.31181755    1.27830784    1.32744960    1.47104710    1.30035815    1.32650226    1.35714866    1.35981148    1.20337839    1.39251164    1.33172807    1.32547512    1.29399433    1.29455320    1.46082765    1.50171919    1.60834247
K7N5D1_SOYBN/190-419     1.63619201    0.46584245    0.27729814    0.23097197    0.00000000    0.22990096    0.27838934    0.31112501    0.29851512    0.72101007    0.77719317    1.81062411    1.58392557    1.43356620    1.49149868    1.46927438    1.59858122    1.76078139    1.53098168    1.39452134    1.27941207    1.14900945    1.48690910    1.32628385    1.36733857    1.43110411    1.42346629    1.25581010    1.43783266    1.39597561    1.41214953    1.37249145    1.41875360    1.54307032    1.30520743    1.28865065    1.51451587    1.36222075    1.45597762    1.33504541    1.27171998    1.31577872    1.73580018    1.26070322    1.36655991    2.70450027    1.68961259    1.53067450    1.61284164    1.61408967    1.43677893    1.55802045    1.60112074    1.48227207    1.57865504    1.65286511    1.50569265    1.52551371    1.54000576    1.67890782    1.65314641    1.43621402    2.03216994    1.93094645    1.92760221    2.04573017    2.02502992    1.98781722    2.05426852    1.94421882    2.29731225    2.19719296    2.46734417    2.12839208    2.51607587    1.77525552    1.30273580    1.15372181    1.54130776    1.49792892    1.35203321    1.47385082    1.48762352    1.33298536    1.40872045    1.52221982    1.41098635    1.36544840    1.30160531    1.40799336    1.35777732    1.47000870    1.33579714    1.34560605    1.54103816    1.45655220    1.44914466    1.57377899    1.37839547    1.46663483    1.46223287    1.57981516    1.44872772    1.46352185    1.54126827    1.51857165    1.32478668    1.53450686    1.50398884    1.45548106    1.42690592    1.47783750    1.55244082    1.60982792    1.63566187
B9SGG8_RICCO/217-429     1.65229729    0.48335896    0.31235227    0.26293245    0.22990096    0.00000000    0.18522826    0.32452217    0.31752923    0.71849566    0.73506089    1.81746471    1.56410529    1.52918877    1.39942946    1.38599148    1.66245900    1.82623171    1.46199364    1.41515441    1.30637789    1.13672788    1.46972200    1.35517759    1.34070455    1.37424367    1.34897040    1.21884330    1.41812163    1.40038679    1.43037927    1.34878713    1.46352195    1.52613505    1.34859182    1.18544600    1.47644539    1.30721831    1.41659015    1.40126044    1.23399507    1.39907228    1.75762980    1.24073712    1.35857009    2.97098465    1.69790772    1.52278617    1.64005457    1.58353707    1.61033908    1.63501596    1.64614989    1.61642934    1.62195058    1.69014119    1.53297951    1.61046125    1.49058207    1.72964830    1.59540845    1.52234740    2.00095913    1.95454898    2.00452067    2.05091345    2.04684018    1.97460820    2.11853765    1.97615973    2.21503287    2.12216584    2.29352457    1.92221089    2.47885567    1.65544843    1.21207767    1.04969012    1.64016894    1.48418355    1.27216066    1.38087406    1.42120390    1.26185939    1.39074833    1.53163673    1.33798606    1.31231934    1.33148926    1.39561062    1.32220198    1.42685131    1.41298674    1.37232178    1.52001476    1.41325360    1.44773637    1.54092762    1.46533186    1.43968342    1.50642163    1.65469786    1.43473316    1.50109181    1.51946783    1.48595245    1.34482026    1.60615843    1.51582603    1.44234822    1.39596793    1.42471158    1.50118622    1.51041426    1.74477541
B9HTY5_POPTR/463-692     1.70746336    0.44981395    0.33049810    0.27719556    0.27838934    0.18522826    0.00000000    0.30457508    0.30636643    0.70885358    0.69260155    1.74580167    1.54218410    1.45427512    1.47635801    1.45623525    1.64119090    1.72831991    1.45921478    1.45141890    1.36686853    1.15188361    1.51005555    1.33122060    1.35488031    1.33241585    1.32936932    1.26871304    1.36701051    1.41860725    1.42472708    1.26090566    1.45476888    1.55466004    1.29898901    1.16389475    1.44656760    1.30586700    1.40811327    1.35642918    1.30434001    1.38937396    1.70415226    1.30628693    1.42465596    2.96334294    1.70229856    1.54241567    1.63812004    1.53291437    1.53504358    1.54903579    1.56220735    1.48757490    1.56239239    1.63943583    1.42638567    1.56312945    1.56406867    1.67572804    1.51365437    1.45615632    1.79874282    1.87823601    1.79087068    2.03593246    1.93842076    1.86981718    1.99883242    1.90838165    2.05604839    1.99768199    2.27288201    1.87723133    2.35805660    1.72786361    1.23885312    1.11554535    1.56533986    1.47369136    1.30945226    1.36882700    1.52257914    1.36387625    1.36470990    1.45041248    1.36484044    1.32889422    1.28697636    1.33288058    1.32115431    1.41442650    1.38485198    1.27837369    1.43720076    1.39140713    1.40092039    1.54826528    1.44014842    1.37923329    1.42467474    1.56155230    1.42930655    1.39840342    1.43745664    1.43356728    1.30545492    1.50373037    1.39389227    1.38447839    1.40208250    1.35033887    1.48745949    1.51434128    1.60028828
A0A3Q7GKV0_SOLLC/164-393     1.58721312    0.48818371    0.32783762    0.26428879    0.31112501    0.32452217    0.30457508    0.00000000    0.29071176    0.77344284    0.81815174    1.79125393    1.55386798    1.54449264    1.36925579    1.37777570    1.54735235    1.59309377    1.42854505    1.45225776    1.38439227    1.07743920    1.51598205    1.28235063    1.26807318    1.32167984    1.39045992    1.21055960    1.34756958    1.28252959    1.41103347    1.27183526    1.38207002    1.43619962    1.21661711    1.23504347    1.43976276    1.31676141    1.38667873    1.24015895    1.22748476    1.34143707    1.78324981    1.27627763    1.38480412    2.83096612    1.62534207    1.58875897    1.70506388    1.64402888    1.47148177    1.60196693    1.67164900    1.53322480    1.63719082    1.73962556    1.51454493    1.63059565    1.53369060    1.68319248    1.70065946    1.61538037    1.98696943    2.01043903    2.01616674    2.10088128    2.04818414    1.89607202    1.99148292    1.92072010    2.29589672    2.14892715    2.50311030    2.02234254    2.40174164    1.78437923    1.26021006    1.12569442    1.61944689    1.55760252    1.33881199    1.43793460    1.51268134    1.26066394    1.31685826    1.47728955    1.42053735    1.35654837    1.38891487    1.48037280    1.38587307    1.43131873    1.45397678    1.36452096    1.46346269    1.40635241    1.44840346    1.56860813    1.51803053    1.47447628    1.52472700    1.67849157    1.49929490    1.45311070    1.48583003    1.50401707    1.32451614    1.54949478    1.46234729    1.43082506    1.41440953    1.37820117    1.48578521    1.49554415    1.61805711
RDM16_ARATH/404-631     1.64416583    0.46777780    0.34886374    0.27777582    0.29851512    0.31752923    0.30636643    0.29071176    0.00000000    0.70815644    0.72100662    1.72446565    1.49378816    1.31101716    1.37984877    1.38806759    1.44428363    1.53479869    1.37722982    1.33437714    1.27521165    1.11391824    1.45794024    1.20899733    1.24576932    1.31587119    1.29668277    1.16648786    1.28792449    1.27934845    1.30308601    1.23652983    1.35681045    1.44966851    1.18761804    1.18001912    1.34699800    1.30035423    1.27738189    1.26860622    1.18931950    1.24380731    1.65269278    1.20991970    1.27421282    2.55728289    1.68402359    1.51684368    1.52248443    1.59694290    1.39698631    1.54453177    1.57535124    1.46177939    1.57901790    1.62818124    1.48230820    1.52105650    1.52726166    1.56342050    1.62187483    1.54219782    1.88073779    1.89425949    1.92589918    1.97901414    1.97411843    1.89155506    2.06180379    1.82488462    2.18495047    2.01853070    2.39362612    1.99538777    2.23774508    1.74318243    1.26190380    1.06885663    1.43925088    1.42116921    1.29476608    1.37276341    1.44086536    1.22599522    1.30572767    1.52782951    1.22082413    1.26406610    1.19766377    1.32085712    1.27202776    1.33635518    1.40684834    1.30065769    1.42407921    1.28474584    1.33836520    1.57030523    1.37599040    1.33486886    1.36932307    1.49308538    1.37350843    1.39845648    1.38917773    1.37853851    1.23176089    1.39018423    1.38813244    1.33581591    1.38717658    1.33665368    1.42287718    1.50512732    1.54169606
C1N1Y8_MICPC/192-434     1.58067888    0.68153898    0.64356540    0.66744388    0.72101007    0.71849566    0.70885358    0.77344284    0.70815644    0.00000000    0.51287303    1.64176630    1.46530305    1.38110907    1.44609096    1.43648367    1.46528520    1.57403801    1.35931030    1.19194737    1.13305981    1.08557694    1.17242725    1.20466329    1.22776530    1.28112762    1.26055780    1.16252949    1.30713235    1.17969724    1.21546601    1.10791925    1.26328606    1.33661020    1.16446111    1.19483619    1.31883662    1.21239178    1.28552213    1.28974183    1.20143684    1.21483927    1.63427546    1.21080083    1.28853304    2.67013348    1.80628742    1.38834460    1.39421269    1.46201273    1.33212312    1.43078367    1.54186937    1.34263990    1.29901117    1.40952587    1.40436972    1.44434138    1.40745972    1.46390648    1.48768277    1.44018995    1.83887801    1.72457028    1.77767197    1.88444689    1.87302593    1.94140353    2.04823251    1.73893283    2.03007949    2.05450109    1.90835972    2.05496799    2.00903115    1.67975557    1.22487158    1.01212881    1.40139151    1.24352257    1.24504508    1.27821801    1.33473975    1.14360431    1.24010270    1.35704336    1.13293523    1.10727004    1.14669819    1.28137569    1.18122121    1.25228828    1.08446296    1.06568782    1.26372404    1.20361239    1.22378616    1.37023425    1.25910220    1.15550673    1.23052684    1.43708444    1.22427659    1.25211452    1.26519408    1.32043365    1.17647491    1.30698262    1.22601887    1.18691783    1.14181751    1.18138509    1.40297661    1.42106281    1.48317137
A4RZA3_OSTLU/68-304     1.55024122    0.77629495    0.72160981    0.70390936    0.77719317    0.73506089    0.69260155    0.81815174    0.72100662    0.51287303    0.00000000    1.61115942    1.43265070    1.31776875    1.42264499    1.39398806    1.33161943    1.53628671    1.40236489    1.29856961    1.25405423    1.13181826    1.35232175    1.25497973    1.20347382    1.26586182    1.27807426    1.21490566    1.29800871    1.15844260    1.17799082    1.11556777    1.28023757    1.34812390    1.22001171    1.12578950    1.28286129    1.23236312    1.37132467    1.31191821    1.26908510    1.19663832    1.66083857    1.16826249    1.28444895    2.61990464    1.86810162    1.53850813    1.63025225    1.59900980    1.38718268    1.46573873    1.55361444    1.45997120    1.41639985    1.56111753    1.50929727    1.49727433    1.54951856    1.60937040    1.58256560    1.43933118    1.82929924    1.79616829    1.85488473    1.95391345    1.76961518    1.72561407    1.95960593    1.75307557    2.05121855    2.04372917    2.08509870    1.91739433    2.10244485    1.71927105    1.17015628    1.12960242    1.66038871    1.38381459    1.43797863    1.47854384    1.66054768    1.41308630    1.41351066    1.58610367    1.39407063    1.25493279    1.26168881    1.40877897    1.30332053    1.35395988    1.21659152    1.13687323    1.49187364    1.32961184    1.41761431    1.50921506    1.36353869    1.24328900    1.30214641    1.51116367    1.27345215    1.34051792    1.37125798    1.52617496    1.28800899    1.37225909    1.42508926    1.27037158    1.32945815    1.30043792    1.35728590    1.40051512    1.41674297
M4B1E1_HYAAE/194-459     1.71602525    1.91734247    1.79573324    1.83109573    1.81062411    1.81746471    1.74580167    1.79125393    1.72446565    1.64176630    1.61115942    0.00000000    0.24909151    1.44658987    1.57577244    1.57999186    1.92739821    1.79667633    1.45605307    1.65661237    1.45954847    1.37530708    1.70078092    1.40773364    1.41951348    1.48315655    1.49466439    1.51263568    1.72493247    1.54982765    1.55776673    1.56973706    1.58699496    1.55076780    1.51680215    1.55667086    1.68112341    1.57121974    1.45192627    1.49358039    1.43805573    1.43362999    1.84906353    1.42278936    1.47050184    2.92510489    2.16865779    1.61986696    1.79526671    1.99442364    1.60258943    1.57671135    1.61729435    1.68085598    1.66500441    1.63451270    1.67387330    1.66045919    1.71104333    1.98297966    1.83513886    1.66565729    1.70986519    1.92349605    1.74843686    1.97888392    1.87918760    1.92839953    1.91625678    1.83750893    2.01109529    1.96440521    2.12215535    2.11702449    1.96389584    1.84091998    1.32587865    1.51639166    1.53730529    1.79381364    1.72642229    1.70574591    1.81447878    1.50261445    1.36768690    1.75708054    1.78458822    1.68823237    1.65681471    1.91333590    1.66320184    1.51149320    1.58129102    1.56941077    1.59754913    1.49291506    1.58383398    1.60677445    1.56142394    1.45936833    1.49922579    1.55602322    1.58401750    1.65097031    1.69323235    1.73509334    1.57958345    1.71587871    1.76276848    1.50817750    1.57842590    1.42719172    1.51430186    1.49469414    1.59142353
H3GNM0_PHYRM/199-450     1.70911981    1.68359033    1.54506017    1.58192432    1.58392557    1.56410529    1.54218410    1.55386798    1.49378816    1.46530305    1.43265070    0.24909151    0.00000000    1.27693763    1.51838556    1.52260371    1.74313522    1.62083680    1.56525892    1.61528653    1.45434827    1.29006250    1.58783022    1.35223821    1.33380942    1.40665638    1.41164018    1.39360500    1.59628853    1.50933246    1.40179468    1.45848923    1.53251996    1.48869054    1.36745613    1.44913793    1.58983075    1.52350910    1.34577454    1.35397826    1.31484732    1.32902021    1.65598454    1.33498294    1.36500269    2.72051835    2.04691404    1.61740933    1.74788906    2.05525394    1.54870078    1.50545671    1.51465508    1.57353662    1.65191881    1.56785772    1.68537669    1.71210645    1.69855331    1.79728589    1.75771824    1.61310420    1.69072055    1.95876281    1.87656179    2.01099102    1.85698493    2.01625154    2.01820434    1.87780375    2.05333979    2.02732315    2.15953245    2.08009198    2.00059344    1.81915241    1.34466892    1.45966213    1.56447226    1.71454958    1.69064455    1.68719433    1.71465570    1.57338900    1.43865369    1.82729351    1.74978783    1.66225620    1.66612415    1.88443998    1.69674628    1.51173482    1.50216988    1.43431480    1.61422680    1.54868038    1.62953053    1.69513445    1.61829125    1.55679095    1.59643378    1.60303690    1.63049029    1.67895077    1.81883821    1.78485195    1.62824558    1.78024623    1.91255247    1.61631684    1.56997407    1.40913760    1.48492975    1.44558760    1.55716595
A7ATB0_BABBO/120-381     1.45064682    1.50132045    1.40333857    1.40653912    1.43356620    1.52918877    1.45427512    1.54449264    1.31101716    1.38110907    1.31776875    1.44658987    1.27693763    0.00000000    1.17486610    1.16183082    1.39963740    1.40045499    1.55064132    1.55009225    1.51976101    1.40431379    1.45872732    1.51496860    1.35481048    1.33606551    1.28973432    1.42588929    1.41622471    1.48628958    1.41774158    1.23556294    1.51642955    1.48597536    1.36497396    1.27195466    1.32453919    1.35418231    1.33682688    1.42250760    1.46133257    1.34081614    1.80063629    1.40033640    1.45047653    2.56132173    1.74280313    1.37908364    1.39687539    1.47949279    1.30148290    1.32447329    1.29181474    1.31254770    1.35401042    1.31706781    1.30738985    1.29764048    1.41744026    1.27223533    1.47676817    1.27760519    1.69891506    1.70403195    1.74950308    1.71633206    1.95981272    1.89625311    1.92718744    1.86054068    1.83988478    1.84076753    2.01260927    1.83214413    1.82890660    1.68940171    1.23036385    1.30651806    1.39039470    1.31140495    1.29553735    1.22487692    1.31977512    1.49281701    1.29689811    1.39567318    1.28174453    1.32967270    1.32458285    1.35864119    1.33386469    1.21245972    1.26655147    1.23407389    1.29295926    1.26182145    1.25380126    1.32685093    1.31677498    1.16203705    1.19589404    1.23316527    1.22240598    1.26999184    1.20928591    1.22853000    1.17257619    1.21869466    1.30269634    1.22887138    1.32871245    1.23866918    1.19918535    1.38587808    1.33991848
A5JZ84_PLAVS/227-554     2.14488971    1.62427688    1.43112707    1.39299043    1.49149868    1.39942946    1.47635801    1.36925579    1.37984877    1.44609096    1.42264499    1.57577244    1.51838556    1.17486610    0.00000000    0.17219359    1.71215926    1.61717368    1.60088233    1.41203376    1.46753379    1.26268354    1.38261055    1.36884255    1.40198363    1.38610116    1.49047440    1.35728019    1.32112277    1.29362556    1.39747707    1.31493622    1.50012588    1.56473294    1.30996618    1.36103160    1.43327777    1.47602360    1.34564998    1.37175881    1.29761829    1.43219874    1.71917770    1.36459224    1.44616389    2.96965728    1.75883377    1.55784193    1.88200846    1.80495663    1.63268389    1.75299231    1.60860630    1.80309144    1.78111056    1.68218141    1.73248384    1.69390537    1.57238798    1.76700666    1.76589357    1.76966769    1.91349200    2.03674404    2.13325459    2.02922727    2.43296272    2.16532934    2.41019704    2.33137608    2.00087905    1.97174878    2.43615350    2.20521576    2.17851811    2.00823764    1.40904113    1.47395115    1.64568293    1.69189361    1.64581519    1.70693487    1.57431391    1.53925515    1.63556071    1.71325319    1.77828421    1.80583211    1.79433539    1.91378402    1.76319932    1.50210155    1.75393551    1.54802117    1.65261195    1.52907540    1.60907978    1.54505706    1.54626636    1.48886879    1.48790662    1.52180759    1.56837372    1.55604671    1.50910234    1.61519031    1.49678325    1.53127775    1.63303142    1.43967786    1.73101673    1.51357577    1.40676110    1.43254766    1.46112913
A0A384KFG5_PLAKH/204-523     2.15696168    1.64771710    1.40807626    1.36386544    1.46927438    1.38599148    1.45623525    1.37777570    1.38806759    1.43648367    1.39398806    1.57999186    1.52260371    1.16183082    0.17219359    0.00000000    1.67647149    1.60452711    1.49483383    1.40216467    1.43929558    1.25124691    1.35774889    1.39648677    1.36756520    1.39987231    1.47588675    1.37417098    1.32835456    1.31297749    1.42294004    1.32973784    1.56169435    1.56683826    1.33003380    1.38359787    1.41751029    1.47461381    1.30256956    1.34190957    1.30725911    1.40759567    1.68379936    1.31668385    1.43276932    3.03038116    1.74731176    1.59305298    1.82842040    1.77256390    1.55108169    1.68131141    1.56917805    1.70913461    1.69059627    1.60766328    1.69446963    1.62484042    1.48263515    1.71432095    1.72799436    1.71761699    1.98498864    2.07021213    2.23891395    2.00678242    2.42242185    2.11331929    2.48868872    2.26481357    2.02305601    1.99629712    2.48459097    2.22323602    2.18944754    2.03022686    1.38099484    1.47316308    1.60160650    1.68552712    1.63136833    1.67430220    1.59278943    1.57046884    1.63190277    1.66560647    1.74183783    1.74522280    1.78387125    1.95589898    1.72483694    1.46908405    1.74177395    1.52837110    1.62001591    1.49497483    1.57441273    1.57042063    1.50609724    1.52586099    1.53271147    1.53988531    1.54625898    1.54071753    1.51439251    1.62679610    1.50122216    1.49698676    1.59295782    1.45554979    1.68053554    1.45976753    1.35553162    1.40199520    1.44252509
Q8T2A7_DICDI/156-403     1.95749088    1.44845073    1.39558454    1.55097752    1.59858122    1.66245900    1.64119090    1.54735235    1.44428363    1.46528520    1.33161943    1.92739821    1.74313522    1.39963740    1.71215926    1.67647149    0.00000000    0.52653601    1.72480835    1.39329384    1.48365639    1.32428758    1.43184299    1.38455195    1.38648529    1.32908729    1.20692012    1.42480061    1.42680945    1.40554415    1.27868718    1.38233423    1.65233039    1.61962887    1.39120017    1.34667739    1.41842729    1.45686714    1.36591094    1.32213470    1.49905877    1.38300712    1.70278719    1.44821963    1.53409101    2.60913497    2.09438227    1.56091785    1.82173582    1.96864692    1.59829228    1.73113720    1.69361602    1.66613422    1.65531030    1.74951287    1.78501927    1.83461715    1.84492686    1.86355069    1.95415149    1.81996800    2.13694030    2.23668063    2.35469317    2.04318265    2.18979094    2.15274276    2.40838627    2.21021036    2.28220746    2.16859130    2.68880916    2.38479946    2.50467904    2.16043483    1.31064675    1.31750734    1.57256628    1.59816215    1.62358323    1.76939533    1.73852623    1.52569121    1.66779312    1.41206084    1.83169843    1.70032122    1.67934480    1.82664518    1.69065763    1.31847830    1.55132730    1.52333769    1.47819854    1.24361523    1.50404253    1.45911544    1.43702063    1.47984712    1.50343280    1.52022820    1.57986869    1.57794299    1.53679913    1.54205466    1.40576591    1.47449581    1.65078661    1.39588965    1.56118616    1.37726103    1.28073932    1.38780592    1.36165043
F0Z7K6_DICPU/130-348     1.97044640    1.62485417    1.52605187    1.59660055    1.76078139    1.82623171    1.72831991    1.59309377    1.53479869    1.57403801    1.53628671    1.79667633    1.62083680    1.40045499    1.61717368    1.60452711    0.52653601    0.00000000    1.51437284    1.72829012    1.54568976    1.33249038    1.29448173    1.45069981    1.44181895    1.42999298    1.34439453    1.48460096    1.44022942    1.49087100    1.46730377    1.40340348    1.59869308    1.61124772    1.48925719    1.54526683    1.47060873    1.53655370    1.47224532    1.37837904    1.44850009    1.50223193    1.86905437    1.43838427    1.57256693    2.70191956    1.58364413    1.57296476    1.69464773    1.63016935    1.43617258    1.54014847    1.48633511    1.53246230    1.47353965    1.51301975    1.69832636    1.65261007    1.75061423    1.78589107    1.76119817    1.76024105    1.89426349    1.91267371    2.07531563    1.84289982    2.03332583    1.95223458    1.98901251    1.86660251    2.02403183    1.70804916    2.17407929    1.93775238    2.15292967    1.92845477    1.44078574    1.38602152    1.74194510    1.74393753    1.72841149    1.74951394    1.68068905    1.69103100    1.66310716    1.64191654    1.59934301    1.64849317    1.59386370    1.57507592    1.61642598    1.39919848    1.54236167    1.58895714    1.63393679    1.54474948    1.68826423    1.50115397    1.70380933    1.64226210    1.68933926    1.62671798    1.69585415    1.78695297    1.64138244    1.68967303    1.57582696    1.68660520    1.88733712    1.55977252    1.61541257    1.50872344    1.33941334    1.55642098    1.55109040
A0A0D2WUY1_CAPO3/244-523     1.81094081    1.55070322    1.42861011    1.37786836    1.53098168    1.46199364    1.45921478    1.42854505    1.37722982    1.35931030    1.40236489    1.45605307    1.56525892    1.55064132    1.60088233    1.49483383    1.72480835    1.51437284    0.00000000    1.00588866    1.01738963    0.78157150    0.92423073    0.93917739    0.93443601    1.06879765    0.99836867    0.85705086    0.92134633    0.81300253    1.03726818    0.83054494    0.96138490    0.95746294    0.89471531    0.90084771    0.93052352    0.92230787    0.98923193    0.88961397    0.87174883    0.92903949    1.17099451    0.91028475    1.16388073    2.42281176    1.84725972    1.25032617    1.54798834    1.48205796    1.38721740    1.52345779    1.44841486    1.54660066    1.50196769    1.58511072    1.45610675    1.43417485    1.45268701    1.61850636    1.59868647    1.53770045    1.70708412    1.77028111    1.80888435    1.93515359    1.82848859    1.66250635    2.40160161    1.99366472    2.03746014    1.88224021    2.03200498    2.01147272    2.06633281    1.74727852    1.05387111    1.03654645    1.23590134    1.43305994    1.27340933    1.32447805    1.34594203    1.18995460    1.29435274    1.37374768    1.29235507    1.46206797    1.34361955    1.47048937    1.35841115    1.08740357    1.33173559    1.35104603    1.24667454    1.23474035    1.22949275    1.34675847    1.26246241    1.28975928    1.36420161    1.28996480    1.24395001    1.40569374    1.27357725    1.37060910    1.18111033    1.28133768    1.19612507    1.15064865    1.27369269    1.14437857    1.21413777    1.24458968    1.30821542
A9UW58_MONBE/57-270     1.50523093    1.42688199    1.34624128    1.32146971    1.39452134    1.41515441    1.45141890    1.45225776    1.33437714    1.19194737    1.29856961    1.65661237    1.61528653    1.55009225    1.41203376    1.40216467    1.39329384    1.72829012    1.00588866    0.00000000    0.47607016    0.79458666    0.82376490    0.78105533    0.85227788    0.93336231    0.94603999    0.72504314    0.89642517    0.74858344    0.90042957    0.71605459    0.91260817    0.97385292    0.83647115    0.80696762    0.78071535    0.82416373    0.84434610    0.85568860    0.79077679    0.71827962    0.97399246    0.71699374    0.87868980    2.22411666    1.68380342    1.24453105    1.70220056    1.63193898    1.47764680    1.52158338    1.55392647    1.48584008    1.36467553    1.45358969    1.54771416    1.45804162    1.51252948    1.46346281    1.41095263    1.49647624    1.74546139    1.83954683    1.73929979    1.58201274    1.62222737    1.62893525    1.78889049    1.58964080    1.88362676    1.77367427    1.95573468    2.03343601    1.85397897    1.59856850    1.06394005    1.15169138    1.23644647    1.28557020    1.13630418    1.21327787    1.31292232    1.11134335    1.21768432    1.10190512    1.29303170    1.38561428    1.35913005    1.34921831    1.30559543    1.22318718    1.35043440    1.25716443    1.27684545    1.22432930    1.24128713    1.28875793    1.32080994    1.23070434    1.24924970    1.38340461    1.25460267    1.29501584    1.31976314    1.32679899    1.24172371    1.28894686    1.22094338    1.25392033    1.35784598    1.30775000    1.20935182    1.26132628    1.25028305
F2UMD6_SALR5/198-405     1.64420387    1.39877686    1.26103873    1.22270649    1.27941207    1.30637789    1.36686853    1.38439227    1.27521165    1.13305981    1.25405423    1.45954847    1.45434827    1.51976101    1.46753379    1.43929558    1.48365639    1.54568976    1.01738963    0.47607016    0.00000000    0.79170872    0.80540383    0.80222950    0.73858788    0.94457721    0.90227814    0.65820491    0.97327950    0.73674222    0.92262415    0.72029031    0.84301332    0.92994229    0.77075774    0.77612788    0.80937400    0.75623087    0.88092695    0.77728690    0.75820717    0.66689788    0.99908969    0.67662141    0.87409121    2.41007892    1.63840581    1.29865331    1.62793459    1.51486639    1.38474758    1.41078063    1.47939163    1.40581267    1.32603951    1.45216725    1.51299640    1.45325099    1.46408739    1.60806516    1.38794301    1.43754851    1.43824631    1.62714996    1.49004672    1.45021137    1.56055606    1.42023567    1.60863610    1.41508729    1.65734018    1.53062860    1.73891396    1.76951875    1.58067815    1.40766114    0.95727491    1.06310867    1.19590415    1.16807364    1.06819401    1.10222878    1.28525226    0.97877617    1.04721704    1.02419263    1.17638502    1.23697339    1.22858428    1.26819788    1.10090823    1.06679860    1.08948995    1.03281431    1.11053502    1.08348633    1.08147841    1.11115849    1.06089157    1.04817412    1.04111186    1.12471546    1.05706448    1.09617662    1.08676177    1.12317194    1.02239266    1.10343501    1.17238339    1.05127728    1.12743562    1.19738596    1.11794425    1.22465436    1.27622531
A7SAL9_NEMVE/310-519     1.62370603    1.22164283    1.00143148    1.00242859    1.14900945    1.13672788    1.15188361    1.07743920    1.11391824    1.08557694    1.13181826    1.37530708    1.29006250    1.40431379    1.26268354    1.25124691    1.32428758    1.33249038    0.78157150    0.79458666    0.79170872    0.00000000    0.69914078    0.58346632    0.61304614    0.66601505    0.65411885    0.48544761    0.65096545    0.54215690    0.60132391    0.49978258    0.69774958    0.69838930    0.49481667    0.54287978    0.56512967    0.53598594    0.57808636    0.56545875    0.51068235    0.48670311    0.73280082    0.47086638    0.66432223    2.31284676    1.47766363    1.29317032    1.59315958    1.42337954    1.25564728    1.28462181    1.29224833    1.37953732    1.24456767    1.27598260    1.34554011    1.37087462    1.43042478    1.44886189    1.42173739    1.46486004    1.60910621    1.72944980    1.61455822    1.77317427    1.60434750    1.63485741    1.92329791    1.73488457    1.89247436    1.77740616    2.08148071    2.04492190    1.92379950    1.57383352    0.93803889    0.95764809    1.19419053    1.25341106    1.10024675    1.24433062    1.18261409    1.06272989    1.09320551    1.21006449    1.18000939    1.26718686    1.21500024    1.29906370    1.12054889    1.03423361    1.06261500    1.09652913    1.08905113    1.05814602    1.04933304    1.18745596    1.15361929    1.12042368    1.08910439    1.16926999    1.17602493    1.15505637    1.16954795    1.15845807    1.04995800    1.24353334    1.26637366    1.17490741    1.15882847    1.11189428    1.12728088    1.08275718    1.15454049
A8XSL3_CAEBR/258-473     1.69449182    1.49563775    1.39445404    1.38705764    1.48690910    1.46972200    1.51005555    1.51598205    1.45794024    1.17242725    1.35232175    1.70078092    1.58783022    1.45872732    1.38261055    1.35774889    1.43184299    1.29448173    0.92423073    0.82376490    0.80540383    0.69914078    0.00000000    0.70027055    0.77724232    0.91955419    0.78329460    0.69648299    0.70507557    0.75276127    0.77369980    0.70742436    0.83047263    0.87845165    0.68374122    0.75940258    0.76443452    0.77096321    0.80103717    0.70134110    0.69777542    0.82559942    1.04587427    0.77566421    0.96684551    2.30513622    1.53324766    1.22886385    1.46291954    1.51056681    1.51180791    1.53497143    1.63926680    1.65098341    1.52928703    1.54251458    1.56176177    1.50594047    1.56526503    1.68845676    1.44870183    1.40067029    1.50892158    1.72967025    1.62664881    1.55289235    1.45578067    1.50311788    1.84276510    1.55530546    1.60623789    1.51209552    1.85153768    1.80759376    1.87662562    1.55186565    1.04994071    1.13654122    1.27790609    1.37934857    1.28453418    1.38238426    1.18429513    1.27574367    1.35383278    1.21198911    1.31019868    1.34241903    1.34968238    1.39162634    1.27092430    1.12249687    1.20817219    1.24714119    1.19925739    1.25492231    1.23126522    1.33274187    1.23351216    1.24960162    1.24964803    1.22674464    1.17514164    1.28257642    1.28106524    1.30859830    1.20914086    1.27621653    1.30963723    1.27074581    1.15215923    1.26463645    1.14151145    1.26497808    1.17551444
B3RU41_TRIAD/134-343     1.69636038    1.30939852    1.26814536    1.30289346    1.32628385    1.35517759    1.33122060    1.28235063    1.20899733    1.20466329    1.25497973    1.40773364    1.35223821    1.51496860    1.36884255    1.39648677    1.38455195    1.45069981    0.93917739    0.78105533    0.80222950    0.58346632    0.70027055    0.00000000    0.66350981    0.80897585    0.82488651    0.60021501    0.78062649    0.73103737    0.78229547    0.74568947    0.80568121    0.77926424    0.61414492    0.73445221    0.73312314    0.71439061    0.66999818    0.64765794    0.61770185    0.64720538    0.90463274    0.64242031    0.88348448    2.41917923    1.52297343    1.18844981    1.56492633    1.50050802    1.40886864    1.45299164    1.48679867    1.43645820    1.41293649    1.40517101    1.44027378    1.41415322    1.49861664    1.55153061    1.40094502    1.44563304    1.60779472    1.78420404    1.62017507    1.60594560    1.60218284    1.49767492    1.74701197    1.60923235    1.72852388    1.64583632    1.90279055    1.98312967    1.77081620    1.71142098    0.99337324    0.98265384    1.26037096    1.33923380    1.18264500    1.31154283    1.19245231    1.12363116    1.14413961    1.21007710    1.32447660    1.25801188    1.28748794    1.27155499    1.19649417    1.20750613    1.24725669    1.30188464    1.33472018    1.29160999    1.28616258    1.27719724    1.40211609    1.34297000    1.31410075    1.28229972    1.34884786    1.36115197    1.28023835    1.41568074    1.25035370    1.38338692    1.32256275    1.36565294    1.32542963    1.27488560    1.04788193    1.12538092    1.20454839
