22
F2F6Q4_SOLSS/7-114     0.00000000    1.30689266    1.44027785    1.26721937    1.55059994    1.47704297    1.75742836    1.84924662    1.80673731    1.72368222    1.68535772    2.44546085    1.49654064    2.00099127    1.69541593    1.99890963    1.61271696    2.03172912    1.62968118    1.66180340    2.06655599    1.52555232
C5D322_GEOSW/9-116     1.30689266    0.00000000    0.70286949    1.19578794    1.64586032    1.22207183    1.68773037    1.37850900    1.48993038    2.40898462    2.08275529    2.80181661    1.49542249    2.05503412    1.83744652    1.89813892    1.82737531    1.93731087    1.61724868    1.40370316    1.43861794    1.29753192
Q5KXY6_GEOKA/9-116     1.44027785    0.70286949    0.00000000    1.36388547    1.78110780    1.60948864    1.96212126    1.72917512    1.65360924    2.64222503    2.72433846    2.79335874    1.49288287    2.03328576    2.14915879    2.15419717    1.53298647    1.79818864    1.80839484    1.70358656    1.71949034    1.48068563
U5LBP6_9BACI/11-118     1.26721937    1.19578794    1.36388547    0.00000000    1.27334153    1.31004638    1.38338446    1.41503063    1.37516980    1.87421794    2.10004231    2.09503867    1.70955251    1.73907651    1.76121057    2.43066306    1.80540532    1.73518953    1.48325364    1.33958852    1.60145350    1.29222903
D6XUV8_BACIE/10-117     1.55059994    1.64586032    1.78110780    1.27334153    0.00000000    1.15063677    1.20700111    1.41436536    1.38540190    2.13373703    1.98110925    2.08320423    1.72694410    1.84948114    1.87340184    1.80972831    2.06066875    2.17226950    1.77025540    1.43526653    1.97969064    1.49633672
Q9KC67_BACHD/13-122     1.47704297    1.22207183    1.60948864    1.31004638    1.15063677    0.00000000    1.20283937    0.86122228    1.34918891    2.07723527    1.94039176    2.45302650    1.41854821    1.92542467    1.66113336    1.65673919    2.01325372    1.94712518    1.65861446    1.58995126    1.76120030    1.41611097
Q5WGB9_BACSK/8-117     1.75742836    1.68773037    1.96212126    1.38338446    1.20700111    1.20283937    0.00000000    0.81819443    1.50583366    2.50212229    2.35512985    2.89972254    1.76541522    2.08022355    2.07295728    2.47711726    1.97136990    1.91214048    1.97028709    1.52002603    1.95150917    1.10309638
D3G0M9_ALKPO/14-121     1.84924662    1.37850900    1.72917512    1.41503063    1.41436536    0.86122228    0.81819443    0.00000000    1.53709512    2.64851364    2.50056035    2.52547347    1.57591419    2.33879761    2.16255063    2.27835760    2.35780477    2.49418991    1.75584841    1.84499356    1.65243140    1.32534464
E6TZK8_BACCJ/12-119     1.80673731    1.48993038    1.65360924    1.37516980    1.38540190    1.34918891    1.50583366    1.53709512    0.00000000    2.26809164    2.31340306    2.87208691    1.36448969    1.92921478    1.92190265    2.25480425    2.01239525    2.12801254    2.25914320    1.66635654    1.77532985    1.94995043
Q5HP95_STAEQ/5-107     1.72368222    2.40898462    2.64222503    1.87421794    2.13373703    2.07723527    2.50212229    2.64851364    2.26809164    0.00000000    0.83764104    1.37767727    1.98130441    2.80407463    2.94786254    3.35045313    2.31191121    2.44955170    2.06049213    2.59657644    2.29032181    1.86551927
Q2FYI3_STAA8/5-109     1.68535772    2.08275529    2.72433846    2.10004231    1.98110925    1.94039176    2.35512985    2.50056035    2.31340306    0.83764104    0.00000000    1.23157309    2.10730586    2.41926786    2.44414303    2.70153985    2.14160784    2.59810940    2.04396689    2.60164620    2.55060921    1.98111117
B9EC42_MACCJ/6-109     2.44546085    2.80181661    2.79335874    2.09503867    2.08320423    2.45302650    2.89972254    2.52547347    2.87208691    1.37767727    1.23157309    0.00000000    2.63259328    3.41794014    2.77503671    3.11069838    2.62474944    2.62458273    2.49854798    3.07957034    2.25418384    2.29837357
Q81FM3_BACCR/10-113     1.49654064    1.49542249    1.49288287    1.70955251    1.72694410    1.41854821    1.76541522    1.57591419    1.36448969    1.98130441    2.10730586    2.63259328    0.00000000    2.19119991    2.37114605    2.05162450    1.50635568    1.67782501    1.59788865    1.30343170    1.51869043    1.71767767
I0JN68_HALH3/7-115     2.00099127    2.05503412    2.03328576    1.73907651    1.84948114    1.92542467    2.08022355    2.33879761    1.92921478    2.80407463    2.41926786    3.41794014    2.19119991    0.00000000    0.89340519    1.06661764    1.50170632    2.10672620    1.60962709    1.66059233    2.59518874    1.89029381
Q8EQE8_OCEIH/7-115     1.69541593    1.83744652    2.14915879    1.76121057    1.87340184    1.66113336    2.07295728    2.16255063    1.92190265    2.94786254    2.44414303    2.77503671    2.37114605    0.89340519    0.00000000    0.82896505    1.66978351    2.22343687    1.69319185    1.94078470    2.84548291    2.05692327
K0IY89_AMPXN/12-117     1.99890963    1.89813892    2.15419717    2.43066306    1.80972831    1.65673919    2.47711726    2.27835760    2.25480425    3.35045313    2.70153985    3.11069838    2.05162450    1.06661764    0.82896505    0.00000000    1.45654530    2.29405148    1.90460227    1.94677372    2.33553232    1.85063292
YPPE_BACSU/10-117     1.61271696    1.82737531    1.53298647    1.80540532    2.06066875    2.01325372    1.97136990    2.35780477    2.01239525    2.31191121    2.14160784    2.62474944    1.50635568    1.50170632    1.66978351    1.45654530    0.00000000    1.15547751    0.89687640    1.62797083    2.03687769    1.86537428
A8FEG2_BACP2/10-119     2.03172912    1.93731087    1.79818864    1.73518953    2.17226950    1.94712518    1.91214048    2.49418991    2.12801254    2.44955170    2.59810940    2.62458273    1.67782501    2.10672620    2.22343687    2.29405148    1.15547751    0.00000000    0.88919730    1.87192808    1.96434401    1.88195602
Q65I71_BACLD/10-117     1.62968118    1.61724868    1.80839484    1.48325364    1.77025540    1.65861446    1.97028709    1.75584841    2.25914320    2.06049213    2.04396689    2.49854798    1.59788865    1.60962709    1.69319185    1.90460227    0.89687640    0.88919730    0.00000000    1.72469745    1.90874138    1.72321917
D5E0H5_BACMQ/9-115     1.66180340    1.40370316    1.70358656    1.33958852    1.43526653    1.58995126    1.52002603    1.84499356    1.66635654    2.59657644    2.60164620    3.07957034    1.30343170    1.66059233    1.94078470    1.94677372    1.62797083    1.87192808    1.72469745    0.00000000    1.89325766    1.71102271
Q8Y612_LISMO/7-114     2.06655599    1.43861794    1.71949034    1.60145350    1.97969064    1.76120030    1.95150917    1.65243140    1.77532985    2.29032181    2.55060921    2.25418384    1.51869043    2.59518874    2.84548291    2.33553232    2.03687769    1.96434401    1.90874138    1.89325766    0.00000000    1.36937463
G2TMA8_BACCO/11-117     1.52555232    1.29753192    1.48068563    1.29222903    1.49633672    1.41611097    1.10309638    1.32534464    1.94995043    1.86551927    1.98111117    2.29837357    1.71767767    1.89029381    2.05692327    1.85063292    1.86537428    1.88195602    1.72321917    1.71102271    1.36937463    0.00000000

