20
G0W5I8_NAUDC/2-746     0.00000000    0.55684609    0.74817057    0.77115315    0.70766315    0.67280847    0.70080147    0.76738281    0.74251951    1.10808354    1.43521495    1.35186241    1.37812401    1.29599405    1.31489704    1.37495212    1.32972739    1.35319844    1.36051013    0.80861272
G0VKB2_NAUCC/2-688     0.55684609    0.00000000    0.75859773    0.75016096    0.69198882    0.72040794    0.68556982    0.79189716    0.77308764    1.09433747    1.33705554    1.33333851    1.39038434    1.32734149    1.30975867    1.40304818    1.35342504    1.41321190    1.33709519    0.78479739
J7S5T3_KAZNA/2-696     0.74817057    0.75859773    0.00000000    0.80331156    0.74571007    0.76173163    0.78442568    0.87741940    0.85018672    1.16907731    1.40267912    1.37706258    1.43134624    1.34676955    1.38173821    1.42169839    1.38103226    1.43762029    1.40791276    0.90598992
Q6FQH8_CANGA/2-676     0.77115315    0.75016096    0.80331156    0.00000000    0.73383279    0.73398461    0.80104789    0.83020399    0.79066354    1.06708909    1.51818091    1.39792951    1.35273223    1.31949552    1.35358306    1.41899041    1.32688949    1.32944318    1.33299394    0.84942926
SSY5_YEAST/2-693     0.70766315    0.69198882    0.74571007    0.73383279    0.00000000    0.68087438    0.69080807    0.76918115    0.67407103    1.11446827    1.39384879    1.35816357    1.36113502    1.29649063    1.33200748    1.39530863    1.35113260    1.42557501    1.37045544    0.77582613
C5E157_ZYGRC/2-668     0.67280847    0.72040794    0.76173163    0.73398461    0.68087438    0.00000000    0.51827783    0.69833208    0.67610935    1.11041685    1.35565170    1.34274335    1.40600165    1.30933193    1.33953956    1.38278151    1.29577080    1.35391846    1.39706718    0.77540508
G8ZRV9_TORDC/2-683     0.70080147    0.68556982    0.78442568    0.80104789    0.69080807    0.51827783    0.00000000    0.72891634    0.66604011    1.14618011    1.35762519    1.31177317    1.37904520    1.30525409    1.32928799    1.41769631    1.32150101    1.36515681    1.33084018    0.72933814
I6ND09_ERECY/2-692     0.76738281    0.79189716    0.87741940    0.83020399    0.76918115    0.69833208    0.72891634    0.00000000    0.67311997    1.11853500    1.38001620    1.25646714    1.27153362    1.21704287    1.24679866    1.32254969    1.24148941    1.30221090    1.27936966    0.74479833
C5DKJ0_LACTC/2-672     0.74251951    0.77308764    0.85018672    0.79066354    0.67407103    0.67610935    0.66604011    0.67311997    0.00000000    1.10636365    1.23580346    1.16403425    1.30225741    1.15498531    1.21392064    1.26070201    1.19824787    1.20707756    1.21719344    0.64478581
K0KUB3_WICCF/1-714     1.10808354    1.09433747    1.16907731    1.06708909    1.11446827    1.11041685    1.14618011    1.11853500    1.10636365    0.00000000    1.29526939    1.30834628    1.30765715    1.18852415    1.26396786    1.24465647    1.25084179    1.32164658    1.30486336    1.07567657
F2Z675_YARLI/3-651     1.43521495    1.33705554    1.40267912    1.51818091    1.39384879    1.35565170    1.35762519    1.38001620    1.23580346    1.29526939    0.00000000    1.30201385    1.33685294    1.26474946    1.29045752    1.33156451    1.24022933    1.32071254    1.28792190    1.31954933
G8BGE5_CANPC/2-763     1.35186241    1.33333851    1.37706258    1.39792951    1.35816357    1.34274335    1.31177317    1.25646714    1.16403425    1.30834628    1.30201385    0.00000000    0.62108661    0.60930186    0.62513232    0.63634249    0.60979549    0.63676657    0.75899403    1.31496489
A5E0H4_LODEL/4-836     1.37812401    1.39038434    1.43134624    1.35273223    1.36113502    1.40600165    1.37904520    1.27153362    1.30225741    1.30765715    1.33685294    0.62108661    0.00000000    0.64280597    0.75133080    0.75844008    0.78034366    0.82831076    0.82594648    1.35297131
M3HL50_CANMX/3-754     1.29599405    1.32734149    1.34676955    1.31949552    1.29649063    1.30933193    1.30525409    1.21704287    1.15498531    1.18852415    1.26474946    0.60930186    0.64280597    0.00000000    0.43582941    0.41560622    0.57455043    0.64536464    0.76587930    1.29059973
C5MAL9_CANTT/3-733     1.31489704    1.30975867    1.38173821    1.35358306    1.33200748    1.33953956    1.32928799    1.24679866    1.21392064    1.26396786    1.29045752    0.62513232    0.75133080    0.43582941    0.00000000    0.41392085    0.57433954    0.61712882    0.75564234    1.26492394
Q5A341_CANAL/3-784     1.37495212    1.40304818    1.42169839    1.41899041    1.39530863    1.38278151    1.41769631    1.32254969    1.26070201    1.24465647    1.33156451    0.63634249    0.75844008    0.41560622    0.41392085    0.00000000    0.56762561    0.61689297    0.70818621    1.30873732
A3LSF7_PICST/4-784     1.32972739    1.35342504    1.38103226    1.32688949    1.35113260    1.29577080    1.32150101    1.24148941    1.19824787    1.25084179    1.24022933    0.60979549    0.78034366    0.57455043    0.57433954    0.56762561    0.00000000    0.43430120    0.59806477    1.25523920
Q6BY91_DEBHA/37-805     1.35319844    1.41321190    1.43762029    1.32944318    1.42557501    1.35391846    1.36515681    1.30221090    1.20707756    1.32164658    1.32071254    0.63676657    0.82831076    0.64536464    0.61712882    0.61689297    0.43430120    0.00000000    0.62026626    1.32017093
C4Y2T0_CLAL4/8-731     1.36051013    1.33709519    1.40791276    1.33299394    1.37045544    1.39706718    1.33084018    1.27936966    1.21719344    1.30486336    1.28792190    0.75899403    0.82594648    0.76587930    0.75564234    0.70818621    0.59806477    0.62026626    0.00000000    1.32067515
Q6CW27_KLULA/2-691     0.80861272    0.78479739    0.90598992    0.84942926    0.77582613    0.77540508    0.72933814    0.74479833    0.64478581    1.07567657    1.31954933    1.31496489    1.35297131    1.29059973    1.26492394    1.30873732    1.25523920    1.32017093    1.32067515    0.00000000

