173
G0L8D4_ZOBGA/36-161     0.00000000    2.01294509    1.51387111    1.61139470    1.99230157    2.30126894    2.19898738    1.95609214    1.92638472    1.71105665    1.54292540    1.79763260    1.68900658    1.66822664    1.86811176    1.56271806    1.33145477    1.70235337    1.63560281    2.14947409    3.65098975    3.69974006    3.34474606    3.31513157    2.55775230    2.89394276    3.07919154    3.15499850    2.34659146    2.72990946    2.73993282    3.10959715    2.87288522    3.47436046    3.31136907    3.32799647    2.42102919    2.96208034    2.60875390    3.09109499    2.74989936    2.72266212    2.18113537    3.74610339    3.15682971    3.06604608    2.89489715    2.82173367    2.84240797    3.08723312    2.83031385    3.12744327    3.42301734    3.55776197    3.39642034    2.56423837    2.64763781    2.56752185    2.57056985    2.44600864    2.46481708    2.38789744    2.03483214    2.70708668    2.45166352    2.96057187    2.89896600    2.99433548    2.37816040    2.56217778    2.93171719    2.20632992    2.23706922    3.26443260    3.37819714    2.53745926    2.71938390    3.25701815    2.93084452    3.07280364    4.79771970    4.23468308    3.44099752    2.87182558    3.56489728    2.96138514    3.70668684    2.76384996    3.61391712    3.32055035    3.38747699    2.67883738    2.66002937    3.33156733    2.62778829    2.63987341    3.13675324    3.19158544    2.77718366    2.81092270    2.87727275    3.67558796    2.33410071    2.81447372    3.54401052    2.89169873    3.56078794    2.85345917    3.51720501    2.21722470    2.70184366    2.16012829    2.53463347    3.79497653    3.14367756    2.83772343    2.83102436    2.32217919    3.13156775    2.64375547    2.28814223    2.76706448    2.73145933    2.95096337    2.16898258    2.53884386    3.08474718    3.02552581    2.43639486    2.38412299    2.72348519    3.20099232    3.25149370    3.05259438    3.09169134    2.79536600    2.64832112    3.05113520    3.33647772    2.67374083    2.88761997    3.15596608    3.10287442    3.14639992    2.96217906    3.81454510    3.12156452    2.88028982    3.47647487    2.49540599    2.55333291    2.01137582    3.13623396    3.43307437    3.43599150    2.69371555    2.71565333    3.04563699    2.92898791    2.55888869    2.85617768    2.96523984    3.71783472    2.76169512    3.62662430    2.82844776    3.02341665    3.09244408    3.35632467    3.32138594    3.69705824    3.27630397    2.68682552
R5IHV6_9BACT/24-147     2.01294509    0.00000000    1.77360695    1.86750846    2.47708359    2.44818395    2.26890142    2.09563069    1.92755315    2.10670454    2.15538612    2.63222576    2.46824438    2.60623761    2.24841145    2.49875592    1.98173539    2.07095204    2.04290469    1.92753973    2.95337701    3.14534253    2.94759737    3.03487123    2.31313448    3.04053715    2.82659049    3.18920065    3.14502438    2.54461544    2.63812402    3.81025455    2.40671520    2.30517755    3.22790784    3.70139561    2.76476477    3.42942418    3.04293629    3.07902617    3.21894171    2.64782315    2.34340426    3.21897046    3.20405508    2.95158236    3.09059708    3.19748982    2.37821136    2.95880554    2.66059904    2.65622631    2.91632139    4.29483624    2.95904540    3.36919523    3.00827548    3.04453443    3.40891205    2.85783941    2.63878452    2.99058278    2.76522156    2.58084952    2.22727503    2.39185939    2.65753266    2.42346067    2.82864382    3.23954718    3.24081657    2.23359092    2.34627541    3.14761831    2.91070094    2.04220888    2.53388057    2.84456324    2.27432289    3.00558515    4.46542372    3.91724039    3.13955214    3.57236048    3.92019527    3.83743737    3.64839623    3.36324535    2.88656137    3.05433515    3.58663457    2.60510065    2.74701992    3.26769157    3.46201241    2.81933836    3.13506030    3.24136109    2.96001395    3.91545135    3.21977224    3.15835547    2.85518608    2.65360770    3.10223197    2.23356548    3.64237614    3.50082788    3.25529307    2.51783365    2.48163512    2.39162512    3.29393567    3.52473154    3.22917199    2.93483907    3.15099002    2.99958692    3.27527902    2.14299609    2.02813863    2.61789367    2.31179330    2.62955486    2.20993991    2.91833476    2.68013254    2.61928940    2.03841997    2.72378814    2.36907533    2.37408396    3.35075846    3.05364172    3.44852828    2.96923151    2.69696041    3.44306466    2.37776539    3.16324397    2.85213980    2.54246704    2.79858661    3.17514822    3.09035671    3.20086398    2.51306685    3.58537100    2.38695843    2.79358427    2.36818172    2.43841723    3.55199887    3.09705065    2.55119496    3.22647883    3.14295765    3.65778033    3.33597384    2.42515789    2.49454375    2.84023153    2.89706664    2.82336081    2.97719066    2.90433044    3.41724173    2.86113117    2.22573629    3.35103318    3.40820289    3.16139352    2.64193098
R5IGA4_9BACT/31-163     1.51387111    1.77360695    0.00000000    1.13235845    1.27993327    1.48976668    1.38104396    1.38303327    1.38369774    1.42998402    1.25870456    1.25477499    1.28484811    1.27900427    1.31484361    1.25503144    1.10370149    1.30596867    1.22637230    1.52683479    2.72929794    2.97215833    2.68304692    3.27259094    2.76748136    2.92291675    2.56329932    3.19628320    2.72920325    2.44946337    2.68215114    3.04837676    2.69628698    3.04530827    2.81780573    3.01144142    2.38364756    2.94553047    2.75070720    3.21985112    3.23251413    2.67439305    2.44954942    3.05234867    2.57864151    2.67379210    2.64367605    2.49363001    2.38684626    2.60892270    2.89314757    2.75564556    3.66121328    3.76120153    2.53456323    2.43834119    2.18823425    2.56268928    2.83140124    2.39752912    2.53822762    2.78000701    2.25185350    2.59281614    2.42732662    2.50298480    2.45541597    2.76202460    2.46137602    2.59577714    3.22660254    2.33144502    2.44507883    3.01539079    3.00924045    2.37671043    2.40796914    3.50296380    2.61477868    2.74890411    2.66874969    3.68676612    3.12971678    3.03865188    2.46817135    3.33018786    3.53971952    2.84524180    2.58585501    2.62852498    3.01749156    2.15222902    1.55629689    2.60223517    2.59971316    2.31991119    2.50708462    2.62415690    2.62108094    2.85224748    3.16879339    2.83907198    2.08591248    2.38938583    3.02525500    1.96978306    2.99553623    3.34265203    2.86027112    1.94185499    2.78820913    2.23902394    1.94998179    3.05291137    2.62846404    2.56151067    2.21394606    1.80430778    1.98813520    2.22794684    1.88491150    2.38134416    2.42800972    2.07720262    2.22503102    2.22932923    2.36711716    2.28721039    2.18951902    2.14075988    2.03883117    2.16986986    2.52267584    2.71559038    2.39481618    3.05790442    2.13485663    3.22755905    2.23620970    2.28111512    3.10472411    2.38870437    2.65374551    2.74411094    2.38700346    3.22751189    2.45447789    2.71490567    3.30623614    3.00325691    2.53831515    2.53704189    3.18258297    3.26096906    2.88724823    2.50423984    2.59478741    2.85891838    2.73924451    2.17135041    2.63347231    2.54711279    3.11786944    2.31153890    3.17193794    2.53108472    2.70159669    2.60735956    3.11604208    3.30651459    3.09414492    3.07643397    2.21566649
D5EY23_PRER2/30-159     1.61139470    1.86750846    1.13235845    0.00000000    0.72877362    1.63065280    1.28061479    1.11676753    1.03395576    1.47668711    0.98050481    1.12174039    1.03789420    1.11713819    1.01136465    0.98107988    0.92666276    1.02948147    0.92722490    2.12426770    2.75633665    3.46400212    2.93148638    3.48024069    2.60329090    2.78111529    2.53429252    3.11183193    2.58454395    2.36757096    2.28034580    2.64526335    2.44969987    2.62974991    2.61665084    2.63832127    2.58656873    3.27217921    2.69568188    2.70108407    2.68915728    2.38847645    2.41471111    3.09004742    2.80626653    2.95077686    2.33425356    2.72947696    2.54929179    2.82148412    2.71171541    2.40205189    3.50445364    3.58344551    2.63998689    3.22745042    2.18227564    2.52316734    2.83116383    2.15470217    2.30070338    2.67221267    2.39352193    2.44473315    2.13768974    2.40346273    2.42902961    2.54348365    2.19738070    2.57546269    2.89611330    2.30499887    2.15268058    3.16005826    2.95385708    2.09972062    2.53902905    3.15501758    2.63108652    2.46453591    3.42918182    2.92547302    3.02584562    3.38628312    2.20116704    2.52808570    2.86514251    2.26161682    2.43073320    2.46370067    2.80679192    2.31956198    1.85168556    2.87084863    2.31734800    2.43150850    2.93618437    3.01242913    2.79739178    2.92473582    2.78013340    3.26885550    2.17255455    2.35713249    3.23198475    2.32912982    2.45404050    2.80704425    3.19652098    2.35898604    2.70786102    2.74412378    1.99612415    3.00121926    2.55436138    2.47209143    2.49858866    1.98498836    2.21413137    2.69796720    2.17311071    2.40936144    2.89062659    2.32332241    2.46946693    2.36750221    2.46220054    2.50353911    2.47290726    2.75568322    1.87476488    2.50765373    2.14138005    2.72463537    2.73547249    2.52034285    2.38332060    2.77047515    2.43322814    2.59059802    2.77360382    2.33573016    2.64343364    2.72171744    2.57430292    3.62368316    2.55398402    2.48964232    2.23631630    3.06065960    3.33406442    2.35401541    3.12066698    2.77964555    2.90571215    2.36872666    2.65991545    3.11451999    2.77055478    2.29619731    2.26210933    2.54704479    3.01551360    2.32126223    2.91922070    2.37437070    2.85356876    2.85362229    2.98992916    3.58869562    2.63217476    3.17983606    2.47229939
E6K4Q2_9BACT/64-193     1.99230157    2.47708359    1.27993327    0.72877362    0.00000000    1.72313494    1.27868927    1.38656310    1.21220215    1.56573935    1.12269866    0.90048012    1.02786091    1.03422882    1.09059664    1.21559725    1.21077585    1.13588689    1.02969675    1.98948309    3.25414970    3.28561916    2.83151948    3.45982775    3.09502323    2.84358680    2.64980039    3.41234370    2.39989274    2.59717366    2.57496785    3.07151204    2.61288990    3.01991465    2.40649189    2.83357095    2.79005942    3.53289622    2.95842596    3.27950686    2.92476514    2.81963681    2.97320548    3.31083056    3.12786107    3.01332306    2.81358226    2.94541446    2.58790944    3.07676731    2.97322920    2.74543477    3.66993519    3.71842414    2.75543975    3.57554837    2.75088759    3.33546304    2.97104957    2.47188427    2.78806671    2.91343250    3.07981278    2.79751477    2.55431192    2.44508040    2.44496458    2.83977774    2.28257116    2.68028212    2.95081190    2.35302873    2.47663073    3.50339955    3.38843811    2.31334722    2.66333708    3.33645596    2.94225612    2.76219326    3.39684485    3.49140196    4.01289324    4.02929995    3.28346089    3.43792833    3.04463485    2.80782293    2.48831066    3.23950068    3.49944243    2.49106326    2.38183837    3.22268290    2.73090705    2.60875882    3.41308120    3.45787343    3.43787733    3.22734820    3.71583386    3.30948025    2.61592276    2.66682394    3.50992671    2.50722939    2.84570071    2.96398016    3.69243115    2.68041244    3.04960692    2.97810911    2.61427484    2.89242860    3.09738010    2.85066195    2.80078630    2.36746488    2.50730461    2.12275744    2.28877942    2.48537994    3.12378130    2.51180563    2.65672943    2.47445835    2.57300721    2.58440582    3.27574312    2.68251365    2.20891863    2.66590752    2.70145329    2.80841697    3.28893517    3.16697109    3.13966276    3.07253986    2.61005152    2.94411367    4.10140378    3.00451384    3.51341872    3.46315574    3.17046344    3.88388135    2.92894759    2.62829371    2.83786602    3.35234280    2.94723379    2.64017857    3.35358450    3.68537731    3.78866294    2.51800403    2.91885873    3.55310658    2.65562141    2.21366115    2.41560735    2.81756641    3.01707708    2.43408187    3.12444642    2.74091176    2.83313287    3.17756040    3.54266202    3.67580789    2.65434354    3.52953325    2.31620051
A0A0C5WPV8_9FLAO/28-164     2.30126894    2.44818395    1.48976668    1.63065280    1.72313494    0.00000000    1.04719465    1.57625261    1.64134654    1.93516233    2.27018311    1.85219762    1.77278081    1.81521412    1.68280691    1.74263486    1.53424409    1.70103049    1.39218727    2.52257295    3.64387645    3.32520479    3.49170037    3.47492793    3.17698364    3.07011166    2.44287789    2.79301140    1.97796127    2.35383680    2.60686214    2.66738089    3.25101995    2.95750953    3.23694355    3.28028407    2.77986410    3.78322321    3.07767115    3.40054673    3.04783887    2.65260300    2.59863826    3.07472674    2.78264707    3.25230769    2.94853368    2.91282798    3.37403873    3.08297416    3.15155677    2.79832061    3.19763422    3.88363736    2.41992744    3.57503939    3.55528432    3.18006776    3.01126529    2.56946145    2.56093256    3.14540713    2.86354209    2.98690762    2.73549880    2.62797303    2.67745316    2.74987425    2.68994865    3.21459330    3.05711077    3.27981977    2.53936545    3.39460664    3.58029292    2.58215091    3.10870684    3.00269049    3.38981923    2.85653319    3.52869938    3.90843392    3.39238581    3.32566960    3.30229294    3.25748243    3.67869720    2.99121426    2.51914846    2.97487646    3.37317404    2.37113415    2.72570630    3.52278424    2.34134270    2.61329499    2.86374314    3.22770746    3.05215058    2.22590204    2.44652205    3.34852100    2.96690265    2.71121226    2.98518903    2.53559041    2.68797655    2.99924944    3.14551248    2.86133311    3.03370816    2.66825804    3.51162424    3.53204337    3.32989901    2.54804276    2.99531578    2.51698067    2.62327913    3.17757180    2.64109164    3.05817716    2.88699281    2.57413772    2.79698008    2.99889513    2.32978030    2.38594361    2.39609283    3.00453318    2.43852722    2.70699987    2.90194310    2.67340958    2.51106988    3.01575530    2.66690635    2.69190340    2.29209057    2.97765894    2.87533159    2.80116858    2.80105746    2.82299809    2.97004263    3.24751226    3.06262435    3.01427599    3.44578460    2.93344616    2.73712147    2.44569786    3.71033829    3.75149428    3.07917194    2.98008470    2.89293691    3.15138430    2.86551092    2.55766918    3.01925286    2.55526198    2.60545147    2.93433691    3.54002259    2.72484893    2.94980083    2.97679252    3.40655356    2.97020465    3.49247161    2.67220220    3.01411157
G0L8Z5_ZOBGA/28-158     2.19898738    2.26890142    1.38104396    1.28061479    1.27868927    1.04719465    0.00000000    1.48207884    1.43565828    1.66084674    1.36053061    1.22654743    1.21914056    1.39934794    1.64704687    1.34653532    1.40959197    1.60480732    1.35179198    2.52317815    3.06415369    3.05917490    3.17129034    3.54238801    3.08559871    2.66016439    2.46401638    3.04901678    2.60117092    2.46463963    2.92468335    2.18506004    2.25847062    2.84030432    2.80590595    2.64458710    2.75285643    3.29987990    2.73447133    2.78172883    2.56304461    2.06697221    2.56707429    3.37112215    2.64179957    3.38260555    2.76853610    2.69644716    2.76935039    2.61867658    2.71927358    2.13719486    3.32939898    4.10653110    2.73823670    2.83410110    2.59255072    3.05742471    2.75291144    2.59409894    2.47437991    2.76543335    3.25648227    2.69269762    2.32902259    2.47359540    2.66689791    2.36404066    2.34804207    2.52447611    2.83433058    2.43349904    2.34337837    3.06343051    3.09281915    2.68877770    2.53983201    3.28192967    2.89393456    2.79135934    3.92788005    3.70735316    3.24217836    3.36296577    3.27514235    3.13022264    2.77719028    2.78053415    2.82391901    2.73620185    3.22962080    2.27880061    2.16773434    3.07778877    2.40671972    2.59132007    3.04097288    2.84488229    2.61459658    2.87271902    2.66484014    3.27466478    2.71946358    2.49880397    2.59826596    2.13148406    2.31805389    2.47304866    2.42288823    2.33915377    2.75212803    2.49340643    2.80417206    3.21458722    3.24991964    3.14304105    2.81863562    2.55368926    2.37752601    2.65072278    1.99356937    2.45801466    2.85734287    2.33685165    2.79363744    2.88714902    2.91128263    2.90178679    2.86572173    2.68869441    2.45266518    2.31865919    2.70922652    2.35013700    2.96605235    2.47793813    2.57271813    2.89286681    2.47392022    2.63128063    2.87206348    2.18984051    2.45685615    2.54869794    2.38169644    2.91055080    2.27644666    2.34419817    2.91862287    2.47443537    2.27099080    2.18028835    2.97090784    2.93500697    2.79124990    2.51902570    3.05524269    3.49122757    2.74828327    2.20414223    2.66916436    2.75717290    3.18267009    2.51552768    2.83602815    2.73271693    2.77769684    2.36804676    3.11141557    2.88174598    3.25502075    2.95240412    3.00554346
R6EUA0_9BACT/30-157     1.95609214    2.09563069    1.38303327    1.11676753    1.38656310    1.57625261    1.48207884    0.00000000    1.26372765    1.63494229    1.21899342    1.30698326    1.33733103    1.31748986    1.37542263    1.14903607    1.33257697    1.34112418    1.13516591    2.66190932    2.97520643    3.54069145    3.29087972    3.16794204    3.27745857    2.88803661    2.40782193    3.33458098    2.62144575    2.87145416    2.93201873    2.83955451    3.07512765    3.36223897    2.95718074    3.52779274    3.32850945    3.76442570    3.11416489    3.61346874    3.76696369    3.35138189    2.93851938    3.12995326    3.21960199    3.56985953    3.16324657    3.04231149    3.50575696    2.75389519    3.10007781    2.39468680    3.64809403    3.30010233    2.92001235    3.00602152    2.60963909    3.15245426    3.16605995    2.42080212    2.53857583    2.69061252    2.65630920    3.27617759    2.82690196    2.86419474    2.71946509    3.09825403    2.88041298    2.76700986    2.99232941    2.51359672    2.70101079    3.54052780    3.46955868    2.65669558    2.83081743    3.03249743    3.15312695    2.81507988    3.59527271    2.87647187    3.65975911    4.25971930    3.04042830    3.69881612    3.75819181    2.89717382    3.19428615    2.87930817    3.90202278    2.54588274    1.98795447    3.52059032    3.00228894    2.25086325    3.11849555    2.67812368    2.81423783    3.37294031    3.28728214    3.04178981    2.67519157    2.33790031    3.67743982    3.07876686    3.46050589    3.25276622    3.61876869    2.27433549    2.85749066    3.09204687    3.18875608    3.23268523    3.74178658    3.38623012    2.92202593    2.59226086    2.75590447    2.63640804    2.47584189    2.71422583    2.92572131    2.90574085    2.79837730    2.83746615    2.60244010    2.81871779    2.95294160    3.17956247    2.78003330    2.88206190    2.67225132    2.50814844    2.96037474    2.87866851    2.74374419    3.43032497    2.87241779    2.87093187    3.63601320    2.97476860    3.23107504    3.08916010    2.78843492    4.03316229    2.82463929    2.79040129    2.47316103    2.94183103    2.68602288    2.58219168    3.00754917    3.49510425    3.49690737    2.84179526    3.06004551    3.51915765    3.34911009    2.10488837    2.86904360    2.61958028    3.01305043    2.64291585    3.31166032    2.27822737    3.19552686    3.38965906    3.65613718    3.37128665    3.12998442    2.56095154    2.99905944
R5FAK4_9BACT/31-160     1.92638472    1.92755315    1.38369774    1.03395576    1.21220215    1.64134654    1.43565828    1.26372765    0.00000000    1.34621701    0.88662432    1.09401203    1.07722158    1.23076790    1.04604277    1.08997689    1.01332839    1.01211891    0.94642613    2.34176950    3.03854821    3.59722157    2.94813677    3.10957207    2.41396490    2.69557855    2.57763216    2.99449515    2.70352203    3.04739810    3.11251586    2.70998436    2.75907265    3.17198961    2.53007316    2.73563917    2.54423928    3.01699819    2.92106771    2.66387339    3.39380448    2.87827980    2.58279271    2.62197628    2.67219484    2.97289249    2.58358945    2.74052331    2.49019119    2.73870207    2.73030096    2.43075483    2.81943702    3.39028893    2.48188665    3.13498517    2.98414750    2.98640213    3.11385785    2.57061757    2.27705568    2.52059449    2.49825541    2.52338566    2.37865479    2.44065759    2.47859243    2.69325086    2.59630069    2.61868641    2.84888277    2.40476557    2.17215176    3.05761878    3.27719389    2.46536933    2.57209912    3.31303532    2.75189361    2.31513136    3.44556400    3.07712319    3.11830111    3.76933068    2.53373333    2.29737656    3.04044393    3.07759265    2.48606636    2.41931313    3.13563216    2.16279503    2.44562034    3.06997971    2.48814748    2.48888644    2.91889177    2.89179576    2.52468180    2.28100448    2.52624433    2.78683783    2.46426526    2.32619267    2.49916833    2.30182790    2.47729992    2.79905846    2.97282597    2.14070343    2.26243968    2.39508396    2.69715987    3.46797706    2.63473963    2.32478183    3.09620799    1.80702357    2.19319565    2.15584110    2.38886827    3.13487579    3.37848820    2.67733645    2.58195272    2.47838047    2.82050756    2.81603929    2.46351760    2.70484182    2.06031897    2.54458262    2.15733516    2.49729058    2.61434877    2.76684661    2.60006105    3.06511924    2.65065827    2.79556813    3.50293585    2.73799404    3.13446862    3.05931950    2.58944418    3.65356910    2.59836622    2.78580200    2.67815725    3.69927026    2.95744527    2.84609633    3.38400593    3.50684092    3.50416332    2.81128627    3.36025536    3.38354071    2.86259136    2.31346420    2.45217217    2.88894433    3.00754013    2.65353191    2.58573530    2.84218099    2.59387619    3.25085821    3.29305080    2.57494451    2.56227998    2.72829817    2.88050914
R6XFX1_9BACT/32-162     1.71105665    2.10670454    1.42998402    1.47668711    1.56573935    1.93516233    1.66084674    1.63494229    1.34621701    0.00000000    0.95245015    1.57163168    1.58136089    1.70450485    1.35464790    1.12391519    1.35936094    1.16134245    1.17866957    2.29327065    3.36285651    2.98965841    3.02959185    3.63986062    3.47239298    2.60207741    2.50138269    2.82876730    2.69439954    2.63071055    2.92216461    3.18337848    2.96234587    3.07487808    2.69836889    2.91500600    3.41770739    2.46305911    2.59242023    2.90998404    3.00285408    2.98147846    2.42476070    3.30705124    2.73088114    3.16826314    2.46433389    2.41792578    2.72751364    2.70291851    2.88827978    2.96331373    3.31722841    4.50767378    2.98930231    3.19130399    3.36927812    3.44423295    3.70896177    3.21245531    3.25752830    3.36080768    2.98426656    2.78533252    3.09345804    2.87330422    2.76063772    2.96719534    2.84031493    3.02212657    3.04789242    3.02947968    2.73506811    3.97409457    3.84255706    2.59094544    3.11047481    3.64980776    3.55435689    3.16458055    4.40745157    3.76228045    3.04258530    3.53365204    3.14369624    2.67075035    3.53924121    2.65730908    2.60994115    3.06265408    3.22412891    2.53441042    2.78934630    3.39210915    3.48588161    3.28676334    4.23716527    3.26068149    3.36858166    3.01172577    3.16444137    3.51021698    3.10414385    3.23004331    4.21067996    2.89581316    3.23681074    3.61620622    3.19548542    3.06431617    3.35775898    2.78530342    2.73040951    3.91489514    3.85653120    3.42935011    3.12888759    2.81038501    3.34579893    2.47545066    2.72187447    3.36005061    3.46018249    3.28083803    3.06202148    3.21348424    3.02596739    3.34899441    2.39819214    2.67850496    2.87284194    2.62927131    3.13100448    2.74870351    2.83443951    3.09498320    3.13834077    3.56288428    2.50085002    3.04576966    3.24308759    3.40213578    3.61527687    3.10053049    3.02691138    3.32629012    2.92845528    2.94516978    3.48239156    3.56693734    2.86870973    2.85852559    2.93147048    3.35372214    2.99091077    2.84892767    2.58962505    3.02275094    3.60550392    2.73818167    2.59383780    3.28345201    3.32199977    2.40837248    2.57466553    3.26766493    3.08743422    3.34883416    3.78570678    3.62681561    3.38090699    3.90386813    3.30401872
R6G4Y5_9BACE/42-171     1.54292540    2.15538612    1.25870456    0.98050481    1.12269866    2.27018311    1.36053061    1.21899342    0.88662432    0.95245015    0.00000000    0.84618269    0.87133951    1.15175103    1.05632538    0.64618236    0.72467252    0.65288454    0.86281214    2.33963600    3.34391355    2.95503217    2.57418188    3.35950016    2.99626247    2.57531677    2.47346115    3.12309799    2.54187147    2.96608124    3.48040715    2.52808865    2.30927453    2.84139269    3.10712319    2.84074759    2.74553453    2.67074239    2.60243137    2.47771411    3.05774142    2.50733113    2.85011131    2.84610719    2.69182360    2.94111808    2.67189014    2.22315178    3.01990925    2.52216027    2.74309225    2.68503232    3.47586884    3.44768818    2.84068112    3.02711686    2.89165119    3.63852602    2.93669482    3.03966509    2.62817088    2.36083774    2.55504240    2.45476261    2.42636864    2.66013874    2.72973863    2.66728587    2.54520706    2.54463516    2.84892032    3.22127375    2.52728354    3.98504186    3.78991763    2.33877703    2.71618040    3.32607140    3.13890294    2.75142628    3.18026350    3.61693242    3.11099747    2.94276312    2.31886866    2.69106094    3.07422111    2.76175289    2.88812970    2.45778517    2.68827347    1.98479652    2.37192120    3.32587600    2.68349238    3.05766200    3.80571962    3.13777192    2.90767768    2.81265385    2.68958473    2.79359362    2.71081462    2.60500635    2.95785699    2.52196105    2.22786449    2.64937063    3.05792038    2.34027245    2.50925520    2.42609504    2.52020649    3.06637355    2.62156971    2.67054499    2.62953239    2.04847570    2.59991765    2.02522228    2.37416615    2.83064779    3.16889911    2.64945130    2.42659386    2.51372442    2.60369337    2.73371153    2.44422793    2.50378414    2.25055823    2.35892929    2.40010982    2.15965061    2.81327238    2.75597678    2.58521601    3.02864693    2.54083431    2.82814638    3.74692882    3.41752810    2.87216713    2.80856197    2.58344142    3.79796456    2.55070501    3.04378921    2.81445911    3.21372455    2.51656285    2.78008365    3.50653905    3.55668381    3.46828913    2.91220701    3.10850165    3.37168581    3.60585291    2.50948815    2.93292217    3.16619408    3.64333429    2.56768446    3.03196300    2.50523480    2.39558050    3.30755492    3.22631077    2.69240436    3.27919590    3.56225075    2.75249111
R7D2L4_9BACE/29-159     1.79763260    2.63222576    1.25477499    1.12174039    0.90048012    1.85219762    1.22654743    1.30698326    1.09401203    1.57163168    0.84618269    0.00000000    0.58351620    0.72654157    0.97155360    0.80569356    0.91979828    0.79214546    0.85576798    1.88230320    2.91149220    3.27509264    2.45028126    3.43203184    2.72041847    2.79442563    2.75675777    3.00104525    2.91281184    3.06171129    3.05921759    2.90545846    2.45001718    3.22504438    2.92105935    3.04581067    2.72697802    2.52673581    2.41440675    3.14540114    3.24770318    2.99398417    2.86256412    2.87324419    2.83359889    3.29082285    3.09993614    2.90735993    2.89811256    2.78776008    2.75188308    2.84048384    3.52725646    3.29395116    3.16027992    3.41620294    3.13530497    3.26922839    3.47020366    2.96709287    2.99337921    2.97214794    3.16300979    2.68040234    2.82634295    2.68862430    3.01356504    3.28921174    2.54543837    3.21802160    2.97952585    2.61424149    2.60683528    3.64998733    3.61996604    2.62518665    2.64971806    3.87612196    3.07020660    2.31586544    3.69461259    3.23936422    3.31131850    2.96688483    2.58149453    2.97637414    2.70907702    2.72085932    3.54348756    3.06644362    3.04543553    2.06019557    2.32687670    3.16545719    2.63087522    3.02755792    3.85082668    3.50797955    3.46330256    3.00504500    2.91574884    3.50828212    3.40044076    2.82215281    2.93303498    2.34191531    2.63043434    2.66884016    3.33089796    2.37159781    2.93363910    2.82406415    2.55566133    3.12601593    2.72357753    2.60287132    2.87942479    2.33097343    2.38379295    3.01507833    2.34029788    2.84322863    3.39652898    2.42098284    2.68095942    2.68656813    2.88656549    3.15279768    3.08423430    2.86052750    2.49816720    2.78180647    2.82360035    2.75086838    2.92968147    2.74343185    2.54532808    2.98269611    2.97987225    3.14341632    4.47487232    2.72729864    3.02449984    3.28123415    2.76996915    3.83604453    3.09282001    3.32498890    2.88624520    3.40121821    3.14425844    2.98750522    3.47388969    3.38651651    3.36381918    3.29121875    3.50864119    3.61914839    3.07997853    2.72564626    3.03959754    3.13285898    3.34030389    2.74997854    2.90163532    2.23629718    2.75986349    2.90057701    3.17815812    3.61898654    3.29553379    3.41429319    2.51176837
F0S4T8_PSESL/28-157     1.68900658    2.46824438    1.28484811    1.03789420    1.02786091    1.77278081    1.21914056    1.33733103    1.07722158    1.58136089    0.87133951    0.58351620    0.00000000    0.60601722    0.87478888    0.68284220    0.72412169    0.80601422    0.77791401    1.87706887    2.72097374    3.05790021    2.45898613    3.07722825    2.97765813    3.06542373    2.69668119    3.19652997    2.63459695    2.77654629    3.05781351    2.77097512    2.41348842    3.00327169    2.58136430    2.92854630    2.26857980    2.50313042    2.90398776    3.21381224    3.35578397    2.71939580    2.78269975    2.73650823    2.84968968    3.19265210    2.41523180    2.73157411    3.16849932    3.43781606    2.30462331    2.34386259    3.44349808    3.27125139    2.62661387    3.60148397    2.68120442    2.91911936    2.83318500    2.93881911    2.66620930    3.21771916    2.88825120    2.28683479    2.23818218    2.66454300    2.62691996    2.64263859    2.20199830    2.53020170    2.59575598    2.45461117    2.40586067    3.30659426    3.39080870    2.20755873    2.52373541    3.30229338    2.83064480    2.40305264    3.64943354    2.97655543    3.60480026    3.67663505    2.83516640    2.75754089    2.68877596    2.55687506    3.45770772    2.98028415    3.27339471    1.90127882    2.03296625    3.09997960    2.75758317    2.54388313    3.30195389    2.87023528    2.82013615    2.98819163    2.79277675    3.14297328    2.86132683    2.41735229    3.06368340    2.46811516    2.73865369    2.86730798    3.08388541    2.56014605    2.65810283    2.46352323    2.46874757    3.06605316    3.25639952    3.05983394    2.89061002    2.29844536    2.33108529    2.71110952    2.25161353    2.68193981    2.96206009    2.33551399    2.43329799    2.45843541    2.49969142    2.74897595    2.59899880    2.52869285    2.19751013    2.30139722    2.56338462    2.35417671    2.89240605    2.61412517    2.44843874    2.88747317    2.47082642    2.75667144    3.28699391    2.51712528    2.86204011    2.57872348    2.45103077    3.71130254    2.57136691    2.73228978    3.16862397    3.29865791    3.40430460    2.60524903    3.61382783    3.40126880    3.13284711    3.27612882    3.54677221    3.35002821    3.23268100    2.43345555    2.52156824    2.54295697    3.22438703    2.53367695    2.63900783    2.33941125    2.88978530    2.82005281    2.75336150    3.26894544    2.90900116    3.72158599    2.52252092
I3Z662_BELBD/29-159     1.66822664    2.60623761    1.27900427    1.11713819    1.03422882    1.81521412    1.39934794    1.31748986    1.23076790    1.70450485    1.15175103    0.72654157    0.60601722    0.00000000    0.75182125    0.98528817    0.97239126    0.88148913    1.03711544    2.14625766    2.58202922    2.87064792    2.63316158    2.96340687    3.00068408    3.38897458    2.58087516    2.86969066    2.79545818    3.01985476    2.72316120    2.88394974    2.67847037    3.12378098    2.54846645    3.17586124    2.72605250    2.83431845    2.71253082    3.41765196    3.38799689    2.90740800    2.98079073    3.09639895    3.10750783    3.00240684    3.16155872    2.53349600    3.58983993    3.10238947    2.75989498    2.80449744    3.61405212    3.33625788    2.92652577    3.30301574    2.80747255    3.08225547    2.80206896    2.61414372    2.67183620    3.01736587    2.91936274    2.35556402    2.53117130    2.65392378    2.47604215    2.83862124    2.24681362    2.89943518    2.73893145    2.50014001    2.38498940    3.25557647    3.23962347    2.58485822    2.96245000    3.06659046    3.03564384    2.54334603    3.43180942    3.66153453    3.68562261    3.60194860    2.78207748    3.03178204    2.99772070    2.54684295    3.37293608    3.41141914    3.20116416    2.10458095    2.36530557    3.12855085    2.69374809    2.40162473    3.48820461    3.17738962    2.95150764    3.05958679    3.02582476    3.32654460    3.08885307    2.57157489    3.17523306    2.30779345    2.80208943    3.04941939    3.21581152    2.34143025    2.67055859    2.64145525    2.71687052    3.13452872    2.94904705    2.73772275    2.39961633    2.37740272    2.41827123    2.52705150    2.13628068    2.62324438    2.79060956    2.36035585    2.51412466    2.34303391    2.95603571    2.78530403    3.11161623    2.80522376    1.86213488    2.50013679    2.50999811    2.88044597    3.14704419    2.75654470    2.59602526    2.96117738    3.00952108    3.17155773    3.40549484    2.85922071    3.32233543    3.04658885    2.41913082    3.60996692    2.73585162    3.00752803    2.82839016    3.41870455    3.22763453    2.80644627    3.64096290    3.33592282    3.54791815    2.65233381    3.37911306    3.51522174    3.29713533    2.57237092    2.89221568    2.74921161    3.68340081    2.79887760    3.36191749    2.65505215    3.34286364    3.04739312    3.31823522    3.42362514    3.02791636    3.47786436    2.44878344
L0G1M2_ECHVK/30-158     1.86811176    2.24841145    1.31484361    1.01136465    1.09059664    1.68280691    1.64704687    1.37542263    1.04604277    1.35464790    1.05632538    0.97155360    0.87478888    0.75182125    0.00000000    0.96732135    0.89045090    0.85591823    0.81769969    2.19941732    2.58699357    2.93189244    2.73360098    3.41398059    3.04808495    2.60776399    2.63369278    2.70648804    2.38639559    2.77379926    2.54787339    2.61293397    2.41994756    2.52094528    2.16105821    2.72917751    2.58198334    2.67397742    2.31308138    3.20508407    2.68185388    2.59901137    2.61821046    2.73074208    2.80054119    2.73618106    2.53189916    2.23644702    2.99445126    2.71009152    2.53052203    2.22544114    3.48872389    3.49988899    2.51836657    3.36506191    2.59625381    3.13346271    2.88762600    2.48551142    2.98445263    2.83170784    2.67407651    2.12090895    2.28789358    2.47790409    2.54474989    2.51077804    2.06987257    2.95429515    2.68039288    3.11116970    2.34946076    3.39978116    3.20408133    2.60787626    2.87373429    3.50873060    3.13112650    2.38051955    3.04599500    2.54494695    3.11769930    3.34666825    2.33649658    2.69173532    3.17126772    2.75038127    2.76968637    3.64550586    2.56964705    1.94168382    2.02305925    3.00600460    2.17155668    2.41239434    3.44896284    2.91988474    3.05950538    2.88717866    2.62521925    2.79080398    2.97178754    2.64983386    2.93761531    2.09601302    2.60764636    3.17250039    2.93413219    2.15091085    2.74323124    2.45675599    2.31203758    2.84442789    3.09551795    2.75272039    2.56261791    1.82212348    2.08372899    2.40565665    2.47734310    2.67993834    2.43125647    2.17718462    2.52147999    2.06027014    2.52240177    2.43495173    2.43162256    2.83949131    2.32005748    2.55657203    2.53208637    2.56708389    3.30928936    2.36394665    2.52540611    2.93275249    2.77160515    2.89444156    3.29421180    2.34657552    3.10553189    2.73336461    2.83162454    2.82706753    2.36962493    2.84042430    2.45740193    3.57390235    2.86664178    2.86462194    2.76534415    3.27474901    2.90378641    2.86607498    2.42618659    2.62923301    2.79712503    2.34326346    2.66676114    2.41656236    3.05200417    2.28534798    2.99165786    2.55535893    2.81692120    2.94733075    2.56502615    3.24396130    2.49482468    2.87463417    2.57143953
X5DCX3_9BACT/32-162     1.56271806    2.49875592    1.25503144    0.98107988    1.21559725    1.74263486    1.34653532    1.14903607    1.08997689    1.12391519    0.64618236    0.80569356    0.68284220    0.98528817    0.96732135    0.00000000    0.71028806    0.70648695    0.61706801    2.52390402    3.41210046    3.55142154    2.86994559    3.52027671    3.14666644    2.96492339    2.58145196    3.61927941    2.90069766    3.07629552    3.14102566    2.66666711    2.51545966    3.14936678    3.16931093    3.04919302    2.63387831    2.54644061    2.64565873    2.85682026    3.38789961    2.71244757    2.44164657    3.15837368    3.04964831    3.21024103    2.61784097    2.42198349    3.08671248    2.39954251    2.86273636    2.83113271    3.54155832    3.60088021    2.86105002    3.02886687    2.61045815    3.11179561    2.86709216    2.71919618    2.89345698    3.01441776    2.49688840    2.69219725    2.22113754    2.63536720    2.57841354    2.68355307    2.52291432    2.61935609    2.96810750    2.76545899    2.55218194    3.78945639    3.51958117    2.53347876    2.90053821    3.53956802    2.75328120    2.70038622    4.22401104    3.43384940    3.56299498    3.33302044    2.45520289    2.51566197    3.40229561    2.61160589    3.13144066    3.44026471    3.26494257    2.27110266    2.14727588    3.54047193    2.67808018    3.06028936    3.73713228    3.43935742    3.20279111    3.37228299    2.75607415    3.36971853    2.63844275    2.48541877    3.21271219    2.54331106    2.73699672    2.83390668    3.05431405    2.91148124    2.67896113    2.59150807    2.71911353    3.23790867    2.81597966    2.78138873    2.85373756    2.38749934    2.68965049    2.65228834    2.79333866    2.77750790    3.16274996    2.66705058    2.52326103    2.59280947    2.68935975    2.79944198    2.54838823    2.94530678    2.32277088    2.57707287    2.79328202    2.57104787    3.00692272    2.67927486    2.49106238    2.98804740    2.56403966    2.51315140    3.43350487    2.86735347    2.94354550    2.73031099    2.53881251    3.38192457    2.54506815    2.96243052    2.55309521    3.03776088    2.70816356    2.88319185    3.34465715    3.51807359    3.26046374    2.70242446    2.86169563    3.02014782    3.56745879    2.74510862    3.20821949    2.41418503    3.57448895    2.59570992    3.31321021    2.84270842    2.74434593    3.12417867    3.12043211    3.30600606    3.48869855    3.50603209    3.13471570
