7
HMCS_CAEEL/183-448     0.00000000    1.56718849    1.60284006    1.73928691    1.75899290    1.76889131    1.72004929
HMCS2_HUMAN/224-506     1.56718849    0.00000000    0.51818182    1.03595345    1.20524114    1.24151414    1.04451441
HMCS1_RAT/187-469     1.60284006    0.51818182    0.00000000    1.15494662    1.19401675    1.16983966    1.09638847
HMCS_SCHPO/176-446     1.73928691    1.03595345    1.15494662    0.00000000    0.81196386    0.71531817    1.25938153
A0A1D8PTW6_CANAL/178-450     1.75899290    1.20524114    1.19401675    0.81196386    0.00000000    0.52229318    1.15732589
HMCS_YEAST/217-490     1.76889131    1.24151414    1.16983966    0.71531817    0.52229318    0.00000000    1.13783926
HMCS_ARATH/175-451     1.72004929    1.04451441    1.09638847    1.25938153    1.15732589    1.13783926    0.00000000

