27
Q6CRS7_KLULA/27-307     0.00000000    1.54860547    1.51090849    1.49531806    1.96656784    1.91062732    3.27863235    4.09249394    4.24825505    5.15893543    4.91204441    5.01400743    5.01806428    3.78464248    4.40189067    1.76091402    1.68510968    1.68948018    1.67570355    1.78502418    1.76477718    1.76553642    3.17188602    3.08854892    2.99008031    2.17371060    2.56245615
Q75C21_ASHGO/34-327     1.54860547    0.00000000    1.23643306    1.11277345    1.51055151    1.69090726    3.56895253    4.11725657    3.95524126    5.11616972    3.97980439    4.35525352    4.56840486    3.72247591    4.10041936    1.52053522    1.40383777    1.51762045    1.45738005    1.50117001    1.41396891    1.45101274    2.50936969    2.49684785    2.39019181    1.71282955    1.80514101
Q6FJX7_CANGA/32-309     1.51090849    1.23643306    0.00000000    0.70996278    1.27149619    1.27008246    3.35340036    4.10280299    4.62545551    4.64453013    4.17729397    4.54059837    4.35786371    3.92627132    4.24846239    1.28842756    1.21809060    1.28424369    1.22400818    1.36904634    1.51488993    1.56525755    2.51004223    2.59721123    2.40966403    1.75120752    1.92336575
A6ZWC4_YEAS7/29-306     1.49531806    1.11277345    0.70996278    0.00000000    1.10040356    1.18396205    3.30865325    4.77757226    4.30878952    4.77823284    3.90288682    4.41145991    4.42937010    3.62751707    4.12215736    1.33956917    1.33321194    1.27156401    1.24216316    1.34215401    1.54113046    1.56357041    2.40763878    2.46499773    2.31518726    1.71328336    1.96619815
A7TKR0_VANPO/81-332     1.96656784    1.51055151    1.27149619    1.10040356    0.00000000    1.45541309    3.48911415    5.08566089    5.05422036    4.85600716    4.09542713    4.79741484    5.05140676    4.24699181    4.75547760    1.77169896    1.79129327    1.63394658    1.62378806    1.69663338    1.78100379    1.80619876    2.76828187    2.88549316    2.97220997    1.72431032    1.97241289
A7TKY5_VANPO/26-307     1.91062732    1.69090726    1.27008246    1.18396205    1.45541309    0.00000000    3.42413561    5.39957914    4.80619774    6.67170950    4.82541894    5.23998946    5.56451973    3.82520788    4.02235523    1.68954174    1.64116128    1.54460000    1.57786236    1.64049441    1.74142675    1.72776703    2.53158200    2.52402583    2.60241727    1.95518427    1.92370441
TAZ1_SCHPO/124-349     3.27863235    3.56895253    3.35340036    3.30865325    3.48911415    3.42413561    0.00000000    5.32213218    6.49490563    4.75209750    5.27095736    5.17331589    5.05930969    5.70610981    5.83393558    3.33534339    3.73129603    3.39465818    3.48951121    3.79229952    3.63128766    3.59963787    4.40581483    4.18557726    3.80287957    3.43685044    3.61443943
Q4QRH9_DANRE/14-210     4.09249394    4.11725657    4.10280299    4.77757226    5.08566089    5.39957914    5.32213218    0.00000000    1.41104846    2.92906161    3.01030118    2.17234387    2.74850813    1.49992687    1.77889084    3.77291668    3.82222394    3.84074360    3.48366723    4.25220023    3.79655550    3.22218397    4.69143927    5.51231282    4.37184666    3.89401855    4.34664697
TERF2_CHICK/27-226     4.24825505    3.95524126    4.62545551    4.30878952    5.05422036    4.80619774    6.49490563    1.41104846    0.00000000    2.30389447    2.05040898    1.92549653    2.18927206    0.59279526    0.99331228    4.10217418    4.28403907    4.14258765    3.71685346    4.54678495    3.78182155    3.39064668    4.35450091    4.47216031    4.70165315    4.45775627    4.98243982
A7MD83_DANRE/30-223     5.15893543    5.11616972    4.64453013    4.77823284    4.85600716    6.67170950    4.75209750    2.92906161    2.30389447    0.00000000    1.33307170    1.31366994    1.54074669    2.08752861    2.35015209    4.81178215    4.44267617    4.70621058    4.39919907    4.70024203    4.26724158    4.30055934    4.99612114    4.75387385    4.59313565    4.07378329    4.53537010
Q2LK75_XENLA/17-214     4.91204441    3.97980439    4.17729397    3.90288682    4.09542713    4.82541894    5.27095736    3.01030118    2.05040898    1.33307170    0.00000000    0.84489816    1.00410996    1.90128415    1.84589245    3.56296928    3.59542961    3.92023901    3.62779884    3.92619298    3.02853337    3.13872440    3.64024474    3.77359278    3.65153548    3.27908451    4.22478446
TERF1_HUMAN/74-270     5.01400743    4.35525352    4.54059837    4.41145991    4.79741484    5.23998946    5.17331589    2.17234387    1.92549653    1.31366994    0.84489816    0.00000000    0.84540452    1.81983992    2.04346532    3.76063335    3.67485395    3.89800704    3.70833030    3.80266908    3.28129548    3.20590633    4.25718880    4.22937857    4.10414036    3.43605516    4.07571436
Q71M47_CHICK/37-236     5.01806428    4.56840486    4.35786371    4.42937010    5.05140676    5.56451973    5.05930969    2.74850813    2.18927206    1.54074669    1.00410996    0.84540452    0.00000000    2.19155886    2.36276236    3.94118928    4.32022493    4.54845901    4.46875170    4.66177002    3.49880843    3.55242900    3.92088110    4.11017390    4.29591818    3.61038650    4.53985302
TERF2_HUMAN/94-293     3.78464248    3.72247591    3.92627132    3.62751707    4.24699181    3.82520788    5.70610981    1.49992687    0.59279526    2.08752861    1.90128415    1.81983992    2.19155886    0.00000000    0.87588014    3.71570442    3.62607037    3.71239238    3.58902807    3.94062681    3.32140573    2.99613211    4.21317269    4.04032898    3.82079902    3.83122058    4.56040496
Q1WM12_XENLA/23-221     4.40189067    4.10041936    4.24846239    4.12215736    4.75547760    4.02235523    5.83393558    1.77889084    0.99331228    2.35015209    1.84589245    2.04346532    2.36276236    0.87588014    0.00000000    3.92425706    3.84039680    3.95893057    3.85306498    4.25789553    3.84066285    3.70653068    3.96099627    4.18803212    4.27132634    4.03692668    5.08644672
A5DUJ2_LODEL/258-545     1.76091402    1.52053522    1.28842756    1.33956917    1.77169896    1.68954174    3.33534339    3.77291668    4.10217418    4.81178215    3.56296928    3.76063335    3.94118928    3.71570442    3.92425706    0.00000000    0.40119429    0.43384330    0.39731955    0.56850353    1.09390955    1.07902217    2.35037659    2.41383623    1.85911816    1.03709769    1.48925258
TBF1_CANAL/316-593     1.68510968    1.40383777    1.21809060    1.33321194    1.79129327    1.64116128    3.73129603    3.82222394    4.28403907    4.44267617    3.59542961    3.67485395    4.32022493    3.62607037    3.84039680    0.40119429    0.00000000    0.41339041    0.33008279    0.48941371    1.00184086    1.04510567    2.14925491    2.23686323    1.88710701    0.98793914    1.26533930
Q6BTS1_DEBHA/349-627     1.68948018    1.51762045    1.28424369    1.27156401    1.63394658    1.54460000    3.39465818    3.84074360    4.14258765    4.70621058    3.92023901    3.89800704    4.54845901    3.71239238    3.95893057    0.43384330    0.41339041    0.00000000    0.24610258    0.48759337    1.11027718    1.14292412    2.21532653    2.23559297    1.90646282    1.02561669    1.37046907
A3LVU7_PICST/169-447     1.67570355    1.45738005    1.22400818    1.24216316    1.62378806    1.57786236    3.48951121    3.48366723    3.71685346    4.39919907    3.62779884    3.70833030    4.46875170    3.58902807    3.85306498    0.39731955    0.33008279    0.24610258    0.00000000    0.44176372    1.08955469    1.10404841    2.35955706    2.28027657    1.88245258    1.07341080    1.26065546
A5DKQ0_PICGU/258-530     1.78502418    1.50117001    1.36904634    1.34215401    1.69663338    1.64049441    3.79229952    4.25220023    4.54678495    4.70024203    3.92619298    3.80266908    4.66177002    3.94062681    4.25789553    0.56850353    0.48941371    0.48759337    0.44176372    0.00000000    1.08575342    1.10728093    2.24512306    2.12448788    1.91745090    0.99892496    1.28294099
Q2UEB6_ASPOR/175-434     1.76477718    1.41396891    1.51488993    1.54113046    1.78100379    1.74142675    3.63128766    3.79655550    3.78182155    4.26724158    3.02853337    3.28129548    3.49880843    3.32140573    3.84066285    1.09390955    1.00184086    1.11027718    1.08955469    1.08575342    0.00000000    0.27749838    1.68876481    1.66507849    1.39910135    0.87788722    1.27410796
A6QU00_AJECN/180-417     1.76553642    1.45101274    1.56525755    1.56357041    1.80619876    1.72776703    3.59963787    3.22218397    3.39064668    4.30055934    3.13872440    3.20590633    3.55242900    2.99613211    3.70653068    1.07902217    1.04510567    1.14292412    1.10404841    1.10728093    0.27749838    0.00000000    1.82364242    1.77158129    1.41974196    0.87395858    1.23504823
Q8X0L3_NEUCS/272-507     3.17188602    2.50936969    2.51004223    2.40763878    2.76828187    2.53158200    4.40581483    4.69143927    4.35450091    4.99612114    3.64024474    4.25718880    3.92088110    4.21317269    3.96099627    2.35037659    2.14925491    2.21532653    2.35955706    2.24512306    1.68876481    1.82364242    0.00000000    0.63162492    2.17152538    2.00053458    2.30589606
Q2GV64_CHAGB/286-524     3.08854892    2.49684785    2.59721123    2.46499773    2.88549316    2.52402583    4.18557726    5.51231282    4.47216031    4.75387385    3.77359278    4.22937857    4.11017390    4.04032898    4.18803212    2.41383623    2.23686323    2.23559297    2.28027657    2.12448788    1.66507849    1.77158129    0.63162492    0.00000000    2.11416320    1.85256199    2.11476464
A7F6Z9_SCLS1/148-384     2.99008031    2.39019181    2.40966403    2.31518726    2.97220997    2.60241727    3.80287957    4.37184666    4.70165315    4.59313565    3.65153548    4.10414036    4.29591818    3.82079902    4.27132634    1.85911816    1.88710701    1.90646282    1.88245258    1.91745090    1.39910135    1.41974196    2.17152538    2.11416320    0.00000000    1.53041719    1.78892217
Q6CE73_YARLI/147-378     2.17371060    1.71282955    1.75120752    1.71328336    1.72431032    1.95518427    3.43685044    3.89401855    4.45775627    4.07378329    3.27908451    3.43605516    3.61038650    3.83122058    4.03692668    1.03709769    0.98793914    1.02561669    1.07341080    0.99892496    0.87788722    0.87395858    2.00053458    1.85256199    1.53041719    0.00000000    1.16545398
TRF1_SCHPO/97-331     2.56245615    1.80514101    1.92336575    1.96619815    1.97241289    1.92370441    3.61443943    4.34664697    4.98243982    4.53537010    4.22478446    4.07571436    4.53985302    4.56040496    5.08644672    1.48925258    1.26533930    1.37046907    1.26065546    1.28294099    1.27410796    1.23504823    2.30589606    2.11476464    1.78892217    1.16545398    0.00000000

