84
F0XGB3_GROCL/402-477     0.00000000    0.28203371    0.60027332    0.61847094    0.63424537    0.52395139    0.64890080    0.64960608    0.57093139    0.35869398    0.61129057    0.68068466    0.54441529    0.57069855    0.49200928    0.53351445    0.46678601    0.69093384    1.24861393    1.51517958    1.44994547    1.54863822    1.50627146    1.35817598    1.48805153    1.43308957    1.67273836    1.46511913    1.59550362    1.42114581    1.50339162    1.35367830    1.62217964    1.25496390    1.20907597    1.44627514    1.27561639    1.43301874    1.19290898    1.11611446    1.12279815    1.32706856    1.23065956    1.23470330    1.21509956    1.18803013    1.14794875    1.14587401    1.23540464    1.75262663    1.42734660    1.75126662    1.43455709    1.62210570    1.54113477    1.81377611    1.48655659    1.26913535    1.06801367    0.60970329    0.51822433    0.62847919    0.63818258    0.73541465    0.78232931    0.64847430    0.68036612    0.52133115    0.58918125    0.69213691    0.58132109    0.60561163    0.67612167    0.77284919    0.72661902    0.31249819    0.36770478    0.36429684    0.23961909    0.47101458    0.40101635    0.33159372    0.36631967    0.29845527
U7Q210_SPOS1/434-510     0.28203371    0.00000000    0.51482000    0.57919966    0.60022797    0.60160466    0.59368643    0.59940837    0.51397806    0.44058693    0.62362691    0.65020749    0.61238543    0.63560290    0.58390060    0.49759053    0.49666208    0.85313084    1.25538066    1.40923032    1.34702105    1.51060987    1.59016466    1.45609780    1.51751481    1.43316185    1.71427914    1.66497529    1.61563555    1.45767614    1.56924063    1.33801650    1.75512123    1.25006959    1.29544042    1.48146753    1.55842388    1.45277445    1.33940892    1.24984851    1.28747055    1.47206206    1.44925883    1.39610551    1.32758623    1.30812154    1.36945774    1.36702769    1.26811524    1.70908586    1.41597741    1.73455032    1.37639570    1.90919804    1.66282234    2.02332978    1.64610611    1.46159712    1.38662951    0.65854620    0.68488179    0.66500856    0.71964027    0.91376883    0.88387880    0.75545536    0.81054290    0.66395007    0.73729309    0.86994818    0.74854350    0.66392306    0.70651086    0.86458221    0.84919770    0.28199561    0.40896786    0.34065871    0.27203767    0.51145545    0.39289550    0.41279886    0.35222969    0.35803541
GEM1_YARLI/352-442     0.60027332    0.51482000    0.00000000    0.64290805    0.72673933    0.66628098    0.67923910    0.59739376    0.60033245    0.52625730    0.57187930    0.63569267    0.73849120    0.70831587    0.72748249    0.65327591    0.64296023    0.97396477    1.65614458    1.62984049    1.55781396    1.70227212    1.78468247    1.56628326    1.53069021    1.58749792    1.90104440    1.75508342    2.01796546    1.72215896    1.83234924    1.42185688    1.66632591    1.19080583    1.17552314    1.63617112    1.60310970    1.38416251    1.28429791    1.13219713    1.24562914    1.41745903    1.49059263    1.44252863    1.09059021    1.39695311    1.38045871    1.37855738    1.44834105    1.79769731    1.46309303    2.01270883    1.61438222    2.06949397    1.86936559    2.22056182    2.01348087    1.37887692    1.16835407    0.78116100    0.67787268    0.80346036    0.72792011    0.76551493    0.85652766    0.93124602    1.09092987    0.65042810    0.65256391    1.10905169    1.14720635    0.57731820    0.79174638    0.80244215    0.91977089    0.58748264    0.60627545    0.58694790    0.48498717    0.58741073    0.67249408    0.63517147    0.56776302    0.62622765
J7RZL5_KAZNA/379-447     0.61847094    0.57919966    0.64290805    0.00000000    0.39392829    0.31657860    0.37283282    0.36385425    0.37408279    0.49051654    0.62162796    0.50254316    0.78420466    0.61734121    0.73329513    0.65565316    0.57074779    0.78829682    1.44629109    1.91709306    1.54273615    1.90019856    1.90205091    1.65172690    1.74810011    1.46034377    1.83566694    1.79807786    1.75752613    1.62762131    1.67593311    1.62557317    1.57825422    1.19866819    1.39495465    1.61738240    1.67270892    1.43961085    1.46264847    1.29243565    1.26575619    1.39533825    1.54922511    1.47354579    1.16660692    1.24816165    1.32401442    1.35691018    1.35420542    1.71439708    1.49485765    1.69385379    1.53319588    1.99661029    1.95755898    2.05446980    1.75132082    1.38018039    1.16118693    0.69347848    0.82848489    0.77711803    0.78401012    0.79094356    0.95866060    0.85895442    0.75028410    0.69776662    0.78657868    0.90397831    0.82833064    0.69126821    0.75587242    0.92806038    0.96215018    0.62101099    0.52283346    0.75591627    0.50062289    0.57521522    0.68673406    0.59099958    0.57600882    0.59787301
G0WF11_NAUDC/391-459     0.63424537    0.60022797    0.72673933    0.39392829    0.00000000    0.27144771    0.41664588    0.33160994    0.40973734    0.61680942    0.69612670    0.52724614    0.70646045    0.76106090    0.80412127    0.67068997    0.65122080    0.84839315    1.42725206    1.72024657    1.46741519    1.54921934    1.79457819    1.59936760    1.58767166    1.53868764    1.71617167    1.74988797    1.84216451    1.78905701    1.58430636    1.54971688    1.78346338    1.33500116    1.27483295    1.56951588    1.79768141    1.34734779    1.36512563    1.28350556    1.26356268    1.27517207    1.51244663    1.47321378    1.20203175    1.21796277    1.25871696    1.29093825    1.38599289    1.76851259    1.44253004    1.86511068    1.63281497    2.15638680    1.87566474    1.90500644    1.76737163    1.48494973    1.07272120    0.68859462    0.73355542    0.76381115    0.62185077    0.85623063    1.03376741    0.66323249    0.76691636    0.69845201    0.76470508    0.91607252    0.89604609    0.69972843    0.85354052    0.86171585    0.85172348    0.58877939    0.68667856    0.70832197    0.61809853    0.52877910    0.63866211    0.63744047    0.70088980    0.72355157
H2AZK5_KAZAF/364-432     0.52395139    0.60160466    0.66628098    0.31657860    0.27144771    0.00000000    0.38741868    0.36753660    0.39422527    0.47050892    0.63666336    0.52792415    0.74302861    0.72760053    0.71502437    0.62236619    0.60042488    0.83600979    1.42946188    1.62218118    1.39243880    1.50127325    1.74712030    1.44415745    1.48783377    1.46506439    1.73078967    1.67177300    1.73260571    1.59615895    1.64004624    1.46704461    1.62325429    1.38461822    1.28186560    1.44947729    1.60583810    1.28175581    1.24851376    1.16093029    1.15833108    1.12941591    1.45979915    1.44944688    1.12353832    1.07028736    1.16398352    1.13240714    1.27399934    1.70843909    1.40523133    1.70705147    1.56841528    2.01127235    1.74200739    1.93388590    1.73256136    1.34849220    0.91028800    0.73395312    0.65564807    0.77329834    0.64201988    0.81140680    0.97361020    0.93435202    0.84389719    0.74866457    0.71237309    0.89196419    0.79424946    0.64692673    0.84230259    0.83050740    0.82415335    0.58469642    0.68993958    0.68210659    0.53647789    0.57725982    0.62227446    0.61504308    0.67230698    0.60688171
GEM1_CANGA/359-427     0.64890080    0.59368643    0.67923910    0.37283282    0.41664588    0.38741868    0.00000000    0.24869479    0.30806728    0.52914201    0.67218656    0.63480849    0.76331043    0.71305581    0.64861721    0.63238181    0.64297932    0.87977434    1.21796414    1.77737682    1.44437022    1.70558384    1.87817259    1.60937563    1.74242779    1.48705009    1.82277471    1.70637458    1.68222430    1.62240892    1.54029735    1.49125342    1.59238217    1.17481187    1.24626614    1.42194398    1.73706577    1.28375637    1.37889251    1.19348601    1.27410713    1.40871331    1.51723872    1.40923115    1.18537874    1.16983007    1.22478947    1.19336616    1.22640979    1.54602093    1.33805173    1.72318136    1.49006275    1.74338885    1.73849255    1.91384669    1.59091478    1.30872754    1.06616549    0.72580501    0.81980423    0.89842039    0.75656502    0.90970988    0.98134912    0.86847810    0.82006580    0.78426255    0.72164432    0.91713935    0.93256250    0.70756131    0.86261250    0.77826527    0.94777642    0.61346462    0.68506883    0.75350784    0.61107934    0.65067872    0.65906981    0.66602814    0.65047725    0.70800293
A7TPP7_VANPO/360-428     0.64960608    0.59940837    0.59739376    0.36385425    0.33160994    0.36753660    0.24869479    0.00000000    0.30325642    0.55313482    0.61158616    0.51427893    0.76815438    0.74385123    0.69373663    0.72171596    0.64192831    0.80299849    1.38599764    1.64284995    1.36188340    1.54631632    1.74390644    1.57849953    1.63127287    1.53818505    1.72601566    1.68891905    1.79405818    1.67089841    1.48960105    1.48951424    1.60252902    1.19871322    1.28433985    1.46814897    1.52420321    1.33244798    1.29919180    1.21356857    1.15886886    1.22951368    1.40522052    1.33098109    1.08744706    1.11908635    1.14954943    1.18052631    1.25169659    1.61606056    1.31997540    1.71332553    1.45228155    2.03454510    1.77747148    1.91727793    1.71836776    1.31651380    0.96253394    0.64946159    0.74052295    0.77067616    0.67672302    0.90078069    0.98236158    0.79750678    0.77411343    0.76240424    0.76347005    0.82944775    0.85849429    0.66566634    0.84446664    0.82270436    0.89478024    0.56438734    0.67760687    0.67802811    0.55470294    0.55778557    0.63675327    0.65591747    0.64374153    0.72224020
C5DFY2_LACTC/370-438     0.57093139    0.51397806    0.60033245    0.37408279    0.40973734    0.39422527    0.30806728    0.30325642    0.00000000    0.45942849    0.58573587    0.46285339    0.63226379    0.62227813    0.61340827    0.53968965    0.50536094    0.78423101    1.29619260    1.75088520    1.53301765    1.75859761    1.87351735    1.65773427    1.65916964    1.65751961    1.77957609    1.77642154    1.77283545    1.68398370    1.70988057    1.58564900    1.76982606    1.09241913    1.38535488    1.65908187    1.49060556    1.34907622    1.40431664    1.26537506    1.34370038    1.44036704    1.52099072    1.49518709    1.24190249    1.24941762    1.36821713    1.36635643    1.37155234    1.78995990    1.53247050    1.82264567    1.60874431    1.94474232    1.79143359    1.97618004    1.77840910    1.20993649    1.19289690    0.64788880    0.77140494    0.69487733    0.61865224    0.80219716    1.00252276    0.76708655    0.81749111    0.77689822    0.74144403    0.90427547    0.87978943    0.59314753    0.82463024    0.85266264    0.86796681    0.47016068    0.60893573    0.66378065    0.50079685    0.54137937    0.55548483    0.57533588    0.59890967    0.58765945
K0KJB0_WICCF/351-422     0.35869398    0.44058693    0.52625730    0.49051654    0.61680942    0.47050892    0.52914201    0.55313482    0.45942849    0.00000000    0.39066454    0.35748620    0.57926407    0.62241799    0.58230780    0.47701409    0.44224672    0.66428522    1.58457750    1.82042229    1.70099633    1.86923181    1.87014948    1.65108214    1.66120540    1.62787550    2.11351087    1.90640894    2.05800184    1.88213101    1.92278116    1.76332482    1.48027323    1.15857038    1.24909831    1.59748798    1.41049661    1.40927372    1.33813769    1.09995705    1.26298876    1.37208610    1.42928731    1.42369397    1.18182294    1.28011826    1.23977924    1.23816506    1.29130246    1.71695293    1.43210773    1.82832607    1.39682101    1.89838301    1.69124543    1.95454360    1.66247360    1.32601808    1.06061396    0.48913141    0.58699226    0.71700918    0.61639208    0.68302566    0.75723952    0.73832561    0.76550903    0.55424450    0.54530486    0.76358801    0.70699559    0.49196241    0.57961820    0.69356414    0.64991780    0.43225849    0.46807751    0.42128495    0.32378114    0.49148307    0.47915544    0.38258512    0.45093979    0.39717181
C4R5B1_KOMPG/344-414     0.61129057    0.62362691    0.57187930    0.62162796    0.69612670    0.63666336    0.67218656    0.61158616    0.58573587    0.39066454    0.00000000    0.28506635    0.53398644    0.48903436    0.54512967    0.44174431    0.42761884    0.74403442    1.44592601    1.83927136    1.74399782    1.84536160    1.79905519    1.64510575    1.74983295    1.72366634    2.09099473    1.78215388    2.01710998    1.88516721    1.91455838    1.53348518    1.65907193    1.17375687    1.23582805    1.38855330    1.50716191    1.36137935    1.26895126    1.17999986    1.23399563    1.40075431    1.32838163    1.36207256    1.08145449    1.11006107    1.16704140    1.16548298    1.17714136    1.62043061    1.23421160    1.64783185    1.35006094    1.76337959    1.56152351    1.77490859    1.53503406    1.43856821    1.12722617    0.65974147    0.68215514    0.80612719    0.69104565    0.82487699    0.80370978    0.83859103    0.77388685    0.63598256    0.64804350    0.85119418    0.84152555    0.60984259    0.67104068    0.83229030    0.75260313    0.55164760    0.53786049    0.50546678    0.50715011    0.58648067    0.57132691    0.60271676    0.60719020    0.61494074
W1Q826_OGAPD/344-420     0.68068466    0.65020749    0.63569267    0.50254316    0.52724614    0.52792415    0.63480849    0.51427893    0.46285339    0.35748620    0.28506635    0.00000000    0.55994675    0.52439114    0.50861103    0.45197911    0.43440561    0.74537043    1.28481282    1.76198558    1.63139312    1.74804538    1.64189832    1.50610522    1.52988462    1.59852419    2.07662273    1.80042143    1.91039704    1.82464910    1.85429545    1.42278657    1.51083615    1.16842608    1.26044167    1.64037852    1.67954833    1.37073698    1.28176937    1.18807669    1.13312142    1.29973173    1.31844261    1.39877172    1.03911173    1.24235512    1.14437111    1.14292171    1.25110885    1.56404968    1.24500789    1.62100171    1.34038517    1.69923225    1.61341582    1.86465551    1.53094783    1.45226724    1.05084920    0.56002152    0.54856816    0.69330080    0.56482164    0.76845894    0.97112761    0.73929068    0.81824391    0.57416808    0.64853465    0.77313647    0.86419144    0.57808680    0.66344772    0.84988167    0.83735907    0.61706221    0.60955191    0.58143460    0.53786907    0.59635564    0.62872972    0.59122497    0.55880965    0.61083103
G8Y7E1_PICSO/390-459     0.54441529    0.61238543    0.73849120    0.78420466    0.70646045    0.74302861    0.76331043    0.76815438    0.63226379    0.57926407    0.53398644    0.55994675    0.00000000    0.32862272    0.34982466    0.33340169    0.30034670    0.79704751    1.43606381    1.83974066    1.69069541    1.72243996    1.77352950    1.61740957    1.72661112    1.73032395    1.82301128    1.60224314    1.81803584    1.66010274    1.73946797    1.56404553    1.50613340    1.24626425    1.42195643    1.37669505    1.57145656    1.30738878    1.16423942    1.12068327    1.28420312    1.38466589    1.31181388    1.25955845    1.25546747    1.24831158    1.14995035    1.13209828    1.18502266    1.60797385    1.29637455    1.50007913    1.17931365    1.58766986    1.48127880    1.72962681    1.27688447    1.47939383    1.20914227    0.76423888    0.71888326    0.66096860    0.70894382    0.93479590    0.99869650    0.94158388    0.89837191    0.82044932    0.80589552    0.86868461    0.83656188    0.66383325    0.96823464    0.81535971    0.75730847    0.55362938    0.62438576    0.64151626    0.55858921    0.55540166    0.61744345    0.58895677    0.61311712    0.53050837
G3B1G2_CANTC/373-442     0.57069855    0.63560290    0.70831587    0.61734121    0.76106090    0.72760053    0.71305581    0.74385123    0.62227813    0.62241799    0.48903436    0.52439114    0.32862272    0.00000000    0.32329355    0.31550403    0.31992516    0.70957483    1.33387532    1.66018608    1.59294951    1.79598990    1.75305063    1.59837653    1.65130757    1.60044107    1.69431257    1.62884481    1.86695092    1.68196080    1.73440720    1.50729455    1.44804194    1.27585385    1.22899510    1.45241367    1.36155186    1.31141832    1.27878976    1.19053653    1.34823136    1.42035714    1.36351474    1.37346684    1.26844078    1.21474787    1.20802673    1.20980705    1.31610796    1.66498398    1.39527815    1.57000471    1.26476581    1.79188466    1.61514248    1.75358245    1.52802575    1.39747139    1.23526233    0.73700118    0.74569296    0.70947490    0.79042693    0.84891162    1.05654960    0.97273011    0.80328480    0.69660327    0.77123737    0.80415317    0.78269192    0.72761808    0.70226564    0.78968774    0.77284318    0.59005864    0.50472204    0.58576991    0.58215522    0.54201744    0.59766552    0.57829969    0.58832637    0.51271333
A5DR41_PICGU/424-492     0.49200928    0.58390060    0.72748249    0.73329513    0.80412127    0.71502437    0.64861721    0.69373663    0.61340827    0.58230780    0.54512967    0.50861103    0.34982466    0.32329355    0.00000000    0.32490365    0.29720752    0.70219193    1.32331084    1.66133933    1.61933024    1.65096116    1.75926825    1.51650585    1.64806446    1.56398951    1.71854780    1.50724188    1.66492855    1.56626091    1.59264380    1.42845378    1.37926718    1.16527609    1.17888369    1.26342083    1.24631781    1.23214024    1.14729942    1.08641836    1.18283289    1.24806743    1.26577413    1.25320944    1.20418657    1.12233958    1.08036187    1.07824150    1.17063600    1.53583905    1.17284661    1.42953968    1.12459143    1.67810083    1.60953067    1.75007135    1.30552972    1.27805783    1.10460223    0.72552075    0.70787380    0.77334879    0.74864707    0.88017289    0.98852751    0.91580989    0.75310635    0.75825373    0.76424735    0.81223434    0.77638737    0.71804873    0.78571934    0.79669349    0.76874045    0.54524296    0.59007720    0.52042161    0.54429351    0.57897537    0.53972464    0.56168266    0.64981341    0.43453068
C5MEA0_CANTT/396-464     0.53351445    0.49759053    0.65327591    0.65565316    0.67068997    0.62236619    0.63238181    0.72171596    0.53968965    0.47701409    0.44174431    0.45197911    0.33340169    0.31550403    0.32490365    0.00000000    0.20351049    0.76659513    1.31552944    1.83013714    1.75797803    1.72312227    1.82592879    1.75273084    1.55949981    1.62524884    1.92101855    1.65981673    1.92193061    1.78973996    1.67561196    1.46092521    1.31027585    1.16055214    1.28626524    1.13369089    1.28557698    1.27850946    1.12522083    1.13224721    1.14524886    1.30474255    1.21135076    1.19847908    1.21741689    1.11571374    1.15881526    1.14180886    1.22918007    1.47935727    1.19315887    1.45450059    1.14807522    1.54122384    1.34734285    1.58369612    1.34369986    1.28270371    1.07354891    0.67442022    0.73211960    0.69085663    0.66284363    0.82422737    0.93452598    0.83707166    0.85013680    0.75435732    0.64443051    0.85476578    0.78511715    0.63350389    0.75128397    0.74100962    0.71888401    0.49915545    0.50982362    0.52052508    0.50845099    0.55658987    0.51172695    0.54386698    0.55648610    0.51342751
GEM1_CANAL/427-496     0.46678601    0.49666208    0.64296023    0.57074779    0.65122080    0.60042488    0.64297932    0.64192831    0.50536094    0.44224672    0.42761884    0.43440561    0.30034670    0.31992516    0.29720752    0.20351049    0.00000000    0.71548272    1.35675319    1.76418424    1.62538445    1.76278402    1.71373941    1.56428237    1.37572017    1.56832544    1.95219952    1.63611629    1.82558631    1.64444479    1.69081355    1.46775331    1.34679191    1.14610257    1.29472603    1.26128961    1.29616530    1.25219481    1.14604687    1.13227053    1.18080855    1.28585331    1.24492123    1.21690677    1.12604129    1.13100941    1.20232065    1.18422290    1.18695476    1.62396726    1.27137873    1.57647549    1.29364558    1.67395230    1.59731779    1.53459630    1.36778357    1.29085677    1.11770008    0.66680107    0.67244444    0.68522183    0.63714111    0.85601386    0.94763065    0.80970755    0.84185208    0.69593788    0.73972815    0.76720169    0.80923603    0.56005247    0.64771148    0.70584891    0.67269997    0.42011874    0.48285148    0.48114121    0.44471337    0.51626127    0.60093266    0.49417118    0.57662096    0.44204172
GEM1_USTMA/372-477     0.69093384    0.85313084    0.97396477    0.78829682    0.84839315    0.83600979    0.87977434    0.80299849    0.78423101    0.66428522    0.74403442    0.74537043    0.79704751    0.70957483    0.70219193    0.76659513    0.71548272    0.00000000    1.12002845    1.43142244    1.22368980    1.28775768    1.42457288    1.15775981    1.30360213    1.20375911    1.34914285    1.45323307    1.38826125    1.37554479    1.26016202    1.06497104    1.60228126    1.24159428    1.30355740    1.53156313    1.52614646    1.32187142    1.08469376    1.17780585    1.16244855    1.29906395    1.22809288    1.32465604    1.16406298    1.12718354    1.15328885    1.16811968    1.34195532    1.56401357    1.31695598    1.65222370    1.36183352    1.55188822    1.52409221    1.99525389    1.58354657    1.59133214    1.07457659    0.41192408    0.43310586    0.49016272    0.45056064    0.52655756    0.68906378    0.68138139    0.67788773    0.37602057    0.49726600    0.84119591    0.74253379    0.47393285    0.68022951    0.86057133    0.73207380    0.86135823    0.77825777    0.71318369    0.75843901    0.64115914    0.79221710    0.75796427    0.75400695    0.68614083
D8RQC7_SELML/346-414     1.24861393    1.25538066    1.65614458    1.44629109    1.42725206    1.42946188    1.21796414    1.38599764    1.29619260    1.58457750    1.44592601    1.28481282    1.43606381    1.33387532    1.32331084    1.31552944    1.35675319    1.12002845    0.00000000    0.56253397    0.59151400    0.67374009    0.72167484    0.59558352    0.86265169    0.69093381    0.82232393    0.83516943    0.66880011    0.60106176    0.64827417    0.44315717    1.81131335    1.31236289    1.41544684    1.44813529    1.47700548    1.37501442    1.32471900    1.28278763    1.25786658    1.51193179    1.24432495    1.21366172    1.23202764    1.20668234    1.31170065    1.30615750    1.27996178    1.37572104    1.22491286    1.47125934    1.34563807    1.52997353    1.62119100    1.56461791    1.60109223    1.50172818    1.02312041    1.00200312    1.06769513    1.12338112    1.06731899    1.19666550    1.25412434    1.24072789    1.05626236    1.03567973    1.25638305    1.20452535    1.14478608    1.13648682    1.32194531    1.24303607    1.38834199    1.39203913    1.45972906    1.38723983    1.34264972    1.30088336    1.29747137    1.36803620    1.30946495    1.43382810
W1P5X2_AMBTC/353-421     1.51517958    1.40923032    1.62984049    1.91709306    1.72024657    1.62218118    1.77737682    1.64284995    1.75088520    1.82042229    1.83927136    1.76198558    1.83974066    1.66018608    1.66133933    1.83013714    1.76418424    1.43142244    0.56253397    0.00000000    0.42285662    0.44314991    0.60898225    0.48996621    0.67877921    0.64036278    0.76549407    0.91561297    0.63053902    0.62275223    0.57923035    0.58951525    2.15509880    1.63996534    1.44779016    1.65849251    1.72941737    1.59929481    1.52278817    1.42964670    1.61588241    1.54145029    1.41183880    1.38378381    1.19223991    1.38475258    1.58399182    1.59610875    1.51330891    1.59067589    1.47412843    1.59683271    1.55186799    1.95577037    1.85401245    1.91367275    1.97389708    1.66428956    1.37709299    1.28729703    1.30479324    1.32336781    1.26157559    1.38640619    1.59175091    1.53748747    1.36405741    1.24562759    1.61906011    1.58663381    1.53555098    1.57122550    1.49691697    1.52409190    1.78017712    1.60587963    1.84197348    1.48770718    1.58042581    1.68632891    1.60178736    1.69523835    1.64390046    1.68998509
M0U5C5_MUSAM/354-422     1.44994547    1.34702105    1.55781396    1.54273615    1.46741519    1.39243880    1.44437022    1.36188340    1.53301765    1.70099633    1.74399782    1.63139312    1.69069541    1.59294951    1.61933024    1.75797803    1.62538445    1.22368980    0.59151400    0.42285662    0.00000000    0.35071312    0.39771768    0.35990602    0.50431247    0.45683973    0.55121728    0.67449187    0.43383877    0.44209141    0.42610482    0.50819506    1.81787498    1.55931562    1.48448029    1.69691520    1.71125556    1.42026989    1.41472015    1.34630333    1.53458808    1.47962035    1.29520124    1.36220568    1.25674242    1.26329910    1.42605403    1.43690742    1.68658624    1.66954038    1.50555864    1.86830461    1.62645145    2.15436343    1.83817798    2.06741065    2.06641992    1.58104782    1.26537446    1.23890901    1.12161696    1.14622611    1.17502562    1.35961099    1.39499482    1.35740417    1.16409149    1.14148825    1.34736120    1.29009642    1.26095140    1.23468102    1.44032109    1.41161020    1.60874910    1.49017037    1.54402803    1.30286919    1.48395689    1.44550026    1.41514536    1.41145748    1.42146039    1.48312608
K4A6W3_SETIT/355-423     1.54863822    1.51060987    1.70227212    1.90019856    1.54921934    1.50127325    1.70558384    1.54631632    1.75859761    1.86923181    1.84536160    1.74804538    1.72243996    1.79598990    1.65096116    1.72312227    1.76278402    1.28775768    0.67374009    0.44314991    0.35071312    0.00000000    0.60256282    0.54729000    0.59956394    0.57882250    0.74415002    0.78921337    0.57652287    0.54951011    0.43527203    0.62598072    2.17001513    1.33878713    1.41582401    1.54054160    1.67573044    1.35334622    1.23168698    1.19710360    1.37003377    1.46643900    1.15359842    1.20139881    1.03485402    1.18967746    1.35278260    1.36350141    1.48849225    1.56297925    1.30484475    1.65358342    1.44803358    1.63417324    1.68090545    1.78603202    1.56420120    1.69949687    1.07047922    1.31542139    1.11587472    1.21182147    1.12679055    1.41653982    1.40135400    1.49614399    1.26867742    1.03873446    1.39975899    1.42454243    1.34132009    1.26923328    1.67197924    1.52620595    1.62422621    1.62095701    1.85492914    1.40503466    1.63725485    1.64186866    1.58718157    1.71740756    1.65893496    1.68846811
M1AZB8_SOLTU/284-352     1.50627146    1.59016466    1.78468247    1.90205091    1.79457819    1.74712030    1.87817259    1.74390644    1.87351735    1.87014948    1.79905519    1.64189832    1.77352950    1.75305063    1.75926825    1.82592879    1.71373941    1.42457288    0.72167484    0.60898225    0.39771768    0.60256282    0.00000000    0.34943124    0.48446035    0.47497793    0.66684596    0.93115125    0.45967369    0.47430750    0.59014105    0.60694026    2.11950398    1.66365240    1.48474586    1.73830252    1.57724828    1.56704769    1.38252386    1.34675277    1.40552602    1.75576275    1.35502650    1.52855786    1.32632073    1.49898661    1.43767720    1.44866034    1.74627279    1.66705821    1.40625066    1.90771387    1.64082738    1.89179056    1.58346228    1.80140293    1.75917987    1.62609894    1.21564642    1.46432572    1.31034708    1.37174424    1.30473691    1.55584186    1.52894518    1.51066674    1.34618862    1.34695504    1.55539612    1.36226275    1.39487202    1.38814313    1.57845113    1.57569238    1.70756281    1.61646209    1.86863837    1.60809814    1.64000949    1.60185531    1.56044563    1.58075800    1.62535411    1.75777429
D7TPB6_VITVI/346-414     1.35817598    1.45609780    1.56628326    1.65172690    1.59936760    1.44415745    1.60937563    1.57849953    1.65773427    1.65108214    1.64510575    1.50610522    1.61740957    1.59837653    1.51650585    1.75273084    1.56428237    1.15775981    0.59558352    0.48996621    0.35990602    0.54729000    0.34943124    0.00000000    0.39755302    0.42536274    0.56639270    0.81115547    0.34690934    0.39004252    0.44306019    0.53849000    2.00514897    1.67090805    1.46654210    1.65513424    1.69773903    1.63915009    1.40910258    1.44175838    1.44613305    1.58623782    1.40125367    1.47317686    1.30821055    1.32532308    1.48507685    1.47913149    1.66967990    1.56877330    1.44388632    1.78523807    1.51481203    1.72352510    1.59038123    1.64037274    1.73845901    1.62497294    1.12017428    1.26313723    1.06213583    1.21885022    1.11621254    1.28711084    1.47519111    1.43537253    1.24234172    1.13759609    1.30988339    1.28291327    1.19494337    1.26029282    1.27344996    1.28243217    1.51843933    1.45398441    1.66513039    1.35980274    1.40289735    1.43021384    1.38199197    1.48606527    1.43663907    1.48792626
B9S433_RICCO/351-419     1.48805153    1.51751481    1.53069021    1.74810011    1.58767166    1.48783377    1.74242779    1.63127287    1.65916964    1.66120540    1.74983295    1.52988462    1.72661112    1.65130757    1.64806446    1.55949981    1.37572017    1.30360213    0.86265169    0.67877921    0.50431247    0.59956394    0.48446035    0.39755302    0.00000000    0.47916323    0.71854072    0.94945429    0.62927122    0.57659033    0.63261112    0.67733717    1.72967588    1.59492827    1.60485594    1.70669369    1.55485394    1.65216095    1.56588458    1.58774529    1.58945505    1.51119155    1.31809704    1.38712739    1.27465265    1.43426406    1.40326944    1.40113737    1.99583101    1.91778433    1.56567469    1.96694675    1.80465698    1.95901043    1.71916505    1.97863185    1.72837692    1.70856263    1.26560776    1.43968392    1.25746812    1.26483202    1.11061483    1.31621473    1.52482369    1.41728634    1.30920211    1.24352310    1.46929731    1.52134513    1.43819071    1.29103956    1.45904878    1.34561969    1.48982497    1.47732617    1.82770298    1.45800090    1.48775891    1.56146862    1.56344207    1.54379209    1.67169694    1.54765342
M4FH56_BRARP/354-422     1.43308957    1.43316185    1.58749792    1.46034377    1.53868764    1.46506439    1.48705009    1.53818505    1.65751961    1.62787550    1.72366634    1.59852419    1.73032395    1.60044107    1.56398951    1.62524884    1.56832544    1.20375911    0.69093381    0.64036278    0.45683973    0.57882250    0.47497793    0.42536274    0.47916323    0.00000000    0.72301748    0.94984668    0.55207037    0.63652602    0.61946276    0.52283973    1.87744050    1.34920814    1.39657850    1.55752053    1.58037253    1.51295901    1.40866543    1.45247312    1.35442984    1.56741430    1.18866079    1.33125319    1.16618080    1.25795327    1.42271018    1.42824504    1.78264654    1.56418223    1.37291819    1.75365481    1.53469628    1.78740383    1.62939975    1.74560271    1.74031617    1.67028021    1.09373819    1.26513798    1.25227666    1.21719992    1.13148255    1.26334018    1.32818529    1.42947048    1.04757615    1.02902284    1.31380078    1.39447182    1.40395005    1.25457510    1.38377141    1.30063665    1.40967181    1.33689432    1.52081407    1.38300368    1.32558169    1.33980998    1.48216348    1.42000911    1.47709157    1.48121049
M4FHR7_BRARP/357-424     1.67273836    1.71427914    1.90104440    1.83566694    1.71617167    1.73078967    1.82277471    1.72601566    1.77957609    2.11351087    2.09099473    2.07662273    1.82301128    1.69431257    1.71854780    1.92101855    1.95219952    1.34914285    0.82232393    0.76549407    0.55121728    0.74415002    0.66684596    0.56639270    0.71854072    0.72301748    0.00000000    0.43341137    0.57852484    0.43166060    0.51514603    0.70376790    1.83768091    1.59111511    1.50419576    1.76829692    1.87353956    1.44493505    1.38272099    1.48534770    1.53806331    1.56848134    1.38341268    1.40152028    1.56201687    1.43410104    1.51544216    1.49754841    1.65911527    1.82078798    1.76331293    1.67232738    1.63781062    1.98634056    1.62157320    1.85036293    1.83667230    1.69226387    1.25741432    1.31863504    1.21829869    1.26116999    1.18670295    1.44781611    1.47948808    1.50530777    1.34721506    1.30024749    1.68328557    1.56105742    1.36427395    1.47582065    1.61175716    1.58004629    1.84230854    1.62849637    1.84590575    1.73542579    1.61594011    1.67065849    1.60951103    1.89660419    1.71037893    1.65287157
MIRO3_ARATH/353-422     1.46511913    1.66497529    1.75508342    1.79807786    1.74988797    1.67177300    1.70637458    1.68891905    1.77642154    1.90640894    1.78215388    1.80042143    1.60224314    1.62884481    1.50724188    1.65981673    1.63611629    1.45323307    0.83516943    0.91561297    0.67449187    0.78921337    0.93115125    0.81115547    0.94945429    0.94984668    0.43341137    0.00000000    0.68604678    0.62715437    0.66156605    0.80871650    1.78486885    1.68597200    1.50365494    1.64656204    1.71762055    1.52124508    1.30321654    1.34996622    1.55249565    1.60157175    1.38952734    1.45563797    1.59372466    1.34787815    1.39227199    1.37855920    1.63935813    1.80711719    1.76305975    1.79832713    1.71058857    2.08090976    1.98029503    1.92773448    1.98356181    1.64799758    1.38074592    1.29172422    1.03487452    1.16360029    1.16931162    1.45026371    1.29521475    1.46297084    1.42059019    1.19808349    1.52373922    1.51308056    1.50875308    1.23675519    1.75944383    1.56427587    1.64919020    1.56759394    1.67600823    1.59332271    1.46306005    1.55662712    1.58433876    1.71402527    1.53658217    1.47672022
B9MZU9_POPTR/358-426     1.59550362    1.61563555    2.01796546    1.75752613    1.84216451    1.73260571    1.68222430    1.79405818    1.77283545    2.05800184    2.01710998    1.91039704    1.81803584    1.86695092    1.66492855    1.92193061    1.82558631    1.38826125    0.66880011    0.63053902    0.43383877    0.57652287    0.45967369    0.34690934    0.62927122    0.55207037    0.57852484    0.68604678    0.00000000    0.28172485    0.36794146    0.56707943    2.11886867    1.56524132    1.47074412    1.54448192    1.66341504    1.50337705    1.30713248    1.33663588    1.47312561    1.72539604    1.35927352    1.37618813    1.56922160    1.38645153    1.30588143    1.31612791    1.50516885    1.53657788    1.54912800    1.73548536    1.48185750    1.70068296    1.62431914    1.79514858    1.78053852    1.81838063    1.33023428    1.45968575    1.38927240    1.41856390    1.50498832    1.58813720    1.42456511    1.63337258    1.46866232    1.42545417    1.78931997    1.59772823    1.56852976    1.53135202    1.61219038    1.56324132    1.87915943    1.61385821    1.93062560    1.78627972    1.63198784    1.74578495    1.74251253    1.86879695    1.83825098    1.75270922
MIRO1_ARATH/356-424     1.42114581    1.45767614    1.72215896    1.62762131    1.78905701    1.59615895    1.62240892    1.67089841    1.68398370    1.88213101    1.88516721    1.82464910    1.66010274    1.68196080    1.56626091    1.78973996    1.64444479    1.37554479    0.60106176    0.62275223    0.44209141    0.54951011    0.47430750    0.39004252    0.57659033    0.63652602    0.43166060    0.62715437    0.28172485    0.00000000    0.30644809    0.55864660    1.84907429    1.56274525    1.59597538    1.50790414    1.49119317    1.53403869    1.41642241    1.39794758    1.52852391    1.66287295    1.44935898    1.45800385    1.61777051    1.34299429    1.43470916    1.44525239    1.52708376    1.52585530    1.53893540    1.63983212    1.47000266    1.74439836    1.61773530    1.84814108    1.83608806    1.78204101    1.35636105    1.37777223    1.16978618    1.36234780    1.41171938    1.53913637    1.48049627    1.58951692    1.42901254    1.32250477    1.73205682    1.53900799    1.41495803    1.34003937    1.56801327    1.40095848    1.74420674    1.45721430    1.71071091    1.56139031    1.45802297    1.65835081    1.59299477    1.73691383    1.57402863    1.59347219
I1LBC8_SOYBN/353-421     1.50339162    1.56924063    1.83234924    1.67593311    1.58430636    1.64004624    1.54029735    1.48960105    1.70988057    1.92278116    1.91455838    1.85429545    1.73946797    1.73440720    1.59264380    1.67561196    1.69081355    1.26016202    0.64827417    0.57923035    0.42610482    0.43527203    0.59014105    0.44306019    0.63261112    0.61946276    0.51514603    0.66156605    0.36794146    0.30644809    0.00000000    0.54910968    1.82187086    1.44490469    1.55169018    1.43598937    1.47184151    1.38947798    1.34010096    1.33346422    1.49676592    1.50918163    1.30924031    1.38053498    1.53943594    1.40452051    1.44264988    1.45205737    1.54276315    1.61797235    1.54842672    1.77136463    1.54797849    1.97961113    1.80492355    2.06179028    2.01718780    1.64270399    1.18484453    1.22613234    1.19057562    1.19508020    1.24896807    1.42889209    1.45169359    1.49107196    1.29341897    1.19375708    1.56812839    1.45255163    1.37632841    1.32324909    1.74500320    1.54952924    1.79988680    1.50162648    1.70483510    1.58489294    1.51207689    1.75882888    1.66394083    1.66916082    1.66566808    1.56537743
A9TB50_PHYPA/346-414     1.35367830    1.33801650    1.42185688    1.62557317    1.54971688    1.46704461    1.49125342    1.48951424    1.58564900    1.76332482    1.53348518    1.42278657    1.56404553    1.50729455    1.42845378    1.46092521    1.46775331    1.06497104    0.44315717    0.58951525    0.50819506    0.62598072    0.60694026    0.53849000    0.67733717    0.52283973    0.70376790    0.80871650    0.56707943    0.55864660    0.54910968    0.00000000    1.73575720    1.44227042    1.32248335    1.34523563    1.42679691    1.15859992    1.28436048    1.36067247    1.26225266    1.54019247    1.30272414    1.39233683    1.13628731    1.24765012    1.24537082    1.24348143    1.49067568    1.54674229    1.11515838    1.53398702    1.40000641    1.74160202    1.59215238    1.84249372    1.77226091    1.64492373    1.00209066    1.05676611    1.01075850    1.17295256    1.09843247    1.31196072    1.33850331    1.28010267    1.11948126    1.03264310    1.21002071    1.09613812    1.08910763    1.14452206    1.40933803    1.34241305    1.55459366    1.35644540    1.53617047    1.17011864    1.42985292    1.50213644    1.35010597    1.45217511    1.47555787    1.49782984
GEMA_DICDI/348-417     1.62217964    1.75512123    1.66632591    1.57825422    1.78346338    1.62325429    1.59238217    1.60252902    1.76982606    1.48027323    1.65907193    1.51083615    1.50613340    1.44804194    1.37926718    1.31027585    1.34679191    1.60228126    1.81131335    2.15509880    1.81787498    2.17001513    2.11950398    2.00514897    1.72967588    1.87744050    1.83768091    1.78486885    2.11886867    1.84907429    1.82187086    1.73575720    0.00000000    1.91517385    1.72155606    1.77719299    1.67628618    1.69501398    1.64399005    1.68611286    1.61059803    1.45018701    1.81635029    1.64351189    1.85156104    1.70604707    1.64130711    1.62551481    1.77814287    2.06341166    1.87924603    1.79342715    1.78381456    2.24394293    2.02308234    2.07315818    1.81290998    1.39813640    1.57847556    1.32539286    1.49567418    1.67697303    1.76298358    1.70513622    1.81620500    1.75316153    1.56243308    1.71222138    1.61477416    1.78346769    1.78586914    1.54834974    1.84555995    1.71434725    1.74254933    1.77517955    1.66969159    1.63854033    1.58776909    1.52840574    1.82138957    1.55324565    1.79576969    1.57077699
