41
M7SW82_EUTLA/1-320     0.00000000    0.74319109    0.49371739    0.56251691    0.54676327    0.55994450    0.54057085    0.54521495    0.50997019    0.55223336    0.67278450    0.61521194    0.62204933    0.71993990    0.73614806    0.69865901    0.71914801    0.68563067    0.71534353    1.49105401    1.77700377    1.97592494    0.39631017    0.46391385    0.46335295    0.40057744    0.51688804    0.66553602    0.62604121    0.57455156    0.57741459    0.39809358    0.37752603    0.67439174    0.55068662    0.33596564    0.43336077    0.37349197    0.33812599    0.35069930    0.40042570
H6CBW8_EXODN/1-285     0.74319109    0.00000000    0.42066640    0.43689656    0.44824328    0.51012763    0.43330992    0.45833655    0.46881134    0.61196818    0.71271687    0.61749241    0.61013482    0.73140158    0.74043911    0.68171486    0.71523806    0.67153091    0.72496510    1.66150892    1.53235652    1.75572677    0.61823275    0.55119913    0.59457498    0.56638682    0.69820176    0.85714820    0.79105271    0.82363402    0.85111293    0.64431227    0.69784925    0.85875737    0.83267403    0.52655070    0.68106875    0.61610404    0.59077174    0.66946226    0.69113346
B6QCM2_TALMQ/1-288     0.49371739    0.42066640    0.00000000    0.23747628    0.28590922    0.29425983    0.25011910    0.30680264    0.24011693    0.49878872    0.63376391    0.57592176    0.55169922    0.63258103    0.67290789    0.59789015    0.62074635    0.60278937    0.57423961    1.64506624    1.64002003    1.88159174    0.45354552    0.41745096    0.48745012    0.42356783    0.52345663    0.72938119    0.70468181    0.67298183    0.69276721    0.51078238    0.51362942    0.72113874    0.68598087    0.43813767    0.57342801    0.48848053    0.44057037    0.53920672    0.53363961
G7XNI4_ASPKW/1-291     0.56251691    0.43689656    0.23747628    0.00000000    0.21510060    0.21336222    0.26350286    0.30746938    0.26482102    0.52210099    0.64650991    0.58512792    0.54215610    0.63142203    0.67186565    0.62496299    0.62733020    0.63320307    0.63721439    1.55284377    1.62137661    1.96192473    0.46437896    0.45916714    0.50019492    0.45272879    0.60785946    0.71719105    0.70563225    0.67602874    0.71899288    0.49489391    0.51835539    0.73525928    0.71229056    0.45329192    0.60914572    0.47286829    0.44540460    0.54270453    0.52752182
S8AHL6_PENO1/1-281     0.54676327    0.44824328    0.28590922    0.21510060    0.00000000    0.21573832    0.32388783    0.36860498    0.34791179    0.52763786    0.60703667    0.57483160    0.54230382    0.65444457    0.65216408    0.62438411    0.64272975    0.63127874    0.63330370    1.41115239    1.56409613    1.90084011    0.49224274    0.46727941    0.53398060    0.49298079    0.60951673    0.74636526    0.72530765    0.72736833    0.68764372    0.50223686    0.54879769    0.71302685    0.68885945    0.47599913    0.57671832    0.50222855    0.46753271    0.50532958    0.51898959
B6H596_PENRW/1-281     0.55994450    0.51012763    0.29425983    0.21336222    0.21573832    0.00000000    0.32400447    0.34190145    0.33080625    0.56972266    0.65035976    0.59400280    0.57676714    0.65966872    0.65789151    0.66907297    0.67429723    0.62453580    0.61570718    1.49621070    1.71372538    1.95567229    0.50568055    0.48179184    0.50511725    0.48820928    0.60012711    0.75385996    0.74094004    0.69547740    0.70549743    0.49412244    0.53970093    0.67296603    0.68739533    0.48356951    0.60749766    0.51466744    0.50551622    0.56249407    0.57076945
A6RFQ7_AJECN/1-296     0.54057085    0.43330992    0.25011910    0.26350286    0.32388783    0.32400447    0.00000000    0.24600523    0.22709424    0.49645060    0.69405499    0.58696600    0.54573306    0.63628727    0.65787468    0.60784388    0.66052666    0.64130559    0.58378682    1.51744906    1.54677123    1.85906644    0.46460130    0.42185272    0.51091457    0.40883971    0.49023734    0.76361821    0.70792787    0.66061816    0.66061355    0.53554729    0.52464079    0.71144308    0.67013531    0.44563704    0.57048145    0.48028292    0.45369245    0.50574934    0.52173355
C4JNU0_UNCRE/20-313     0.54521495    0.45833655    0.30680264    0.30746938    0.36860498    0.34190145    0.24600523    0.00000000    0.23438899    0.51606808    0.65603787    0.59821293    0.52194174    0.63979817    0.68011894    0.63450195    0.65492047    0.63569289    0.62472288    1.61999800    1.58942274    1.79286253    0.46404530    0.46620091    0.48428616    0.44397372    0.57365487    0.76251741    0.74814466    0.67517162    0.71334181    0.53224392    0.52977804    0.72069833    0.69308382    0.44874473    0.56836480    0.48542102    0.47150022    0.53562890    0.55081902
F2T0A2_TRIRC/2-289     0.50997019    0.46881134    0.24011693    0.26482102    0.34791179    0.33080625    0.22709424    0.23438899    0.00000000    0.49582774    0.69630210    0.60015375    0.51598428    0.67141501    0.64056040    0.60360789    0.61806172    0.60766264    0.59578478    1.54028034    1.51787747    1.77439534    0.45825273    0.42776790    0.48968469    0.40839991    0.51777616    0.80230904    0.70620487    0.67971688    0.69328061    0.49917104    0.49749548    0.70664566    0.65421107    0.38692110    0.56287611    0.45811464    0.42204225    0.50716391    0.50392651
R1GDN9_BOTPV/1-284     0.55223336    0.61196818    0.49878872    0.52210099    0.52763786    0.56972266    0.49645060    0.51606808    0.49582774    0.00000000    0.54951447    0.49220770    0.50175513    0.52742117    0.61821931    0.58797834    0.56952989    0.55951069    0.69510467    1.50643828    1.61859458    1.94930886    0.53162483    0.52692268    0.56362889    0.55346955    0.67166408    0.80930838    0.77211113    0.71297472    0.74641835    0.53442443    0.56853975    0.73221474    0.66916626    0.46114144    0.55629981    0.52877640    0.49145599    0.51564780    0.56297754
R0K2N1_SETT2/1-289     0.67278450    0.71271687    0.63376391    0.64650991    0.60703667    0.65035976    0.69405499    0.65603787    0.69630210    0.54951447    0.00000000    0.18140280    0.53360651    0.67722617    0.66054973    0.67784243    0.61668852    0.63832961    0.81944294    1.57362343    1.80114834    2.03633519    0.66842981    0.68268249    0.69507706    0.67861435    0.80872293    0.77947353    0.81077711    0.76369210    0.78387253    0.64152994    0.65245922    0.96279617    0.78043248    0.64145700    0.71754945    0.67475161    0.67531806    0.69563347    0.73050564
Q0UD70_PHANO/1-285     0.61521194    0.61749241    0.57592176    0.58512792    0.57483160    0.59400280    0.58696600    0.59821293    0.60015375    0.49220770    0.18140280    0.00000000    0.45085675    0.63504645    0.60821102    0.61830949    0.60815766    0.60358786    0.78301539    1.62614892    1.75602508    1.97916852    0.59128444    0.62654449    0.64570452    0.61115610    0.73693478    0.79333216    0.76513222    0.70607067    0.69139877    0.61781385    0.58397680    0.82270398    0.70573655    0.62539112    0.60674973    0.59378006    0.56390101    0.59541630    0.61204328
R7Z705_CONA1/1-291     0.62204933    0.61013482    0.55169922    0.54215610    0.54230382    0.57676714    0.54573306    0.52194174    0.51598428    0.50175513    0.53360651    0.45085675    0.00000000    0.54013224    0.59129861    0.56738024    0.54865358    0.52655652    0.67439208    1.57289103    1.67763284    1.84322426    0.55388585    0.58150305    0.69226035    0.62692567    0.82305959    0.81591547    0.78258508    0.75047706    0.81054762    0.62952727    0.64765496    0.82694407    0.78930915    0.55441902    0.60447453    0.57185437    0.58368791    0.63092320    0.64516792
M2MQH7_BAUPA/1-285     0.71993990    0.73140158    0.63258103    0.63142203    0.65444457    0.65966872    0.63628727    0.63979817    0.67141501    0.52742117    0.67722617    0.63504645    0.54013224    0.00000000    0.46154702    0.46485049    0.45203540    0.44711222    0.74064427    1.56339631    1.68714599    1.96230578    0.64769518    0.64609756    0.72185545    0.67592556    0.76605723    0.78432130    0.80664428    0.78170839    0.83266322    0.64035536    0.69974035    0.81396557    0.83160574    0.55766110    0.65772301    0.63336744    0.60556973    0.65188177    0.66891898
N1PZE9_DOTSN/1-293     0.73614806    0.74043911    0.67290789    0.67186565    0.65216408    0.65789151    0.65787468    0.68011894    0.64056040    0.61821931    0.66054973    0.60821102    0.59129861    0.46154702    0.00000000    0.32255466    0.32197598    0.30873463    0.84274293    1.49271878    1.77947929    2.03587985    0.67975943    0.69563884    0.76977132    0.75070269    0.86292926    0.83962942    0.83439044    0.79586207    0.82163132    0.69870832    0.75567976    0.82703382    0.80804091    0.63632550    0.71252062    0.64480920    0.67567917    0.67267789    0.71240701
F9WWE5_ZYMTI/1-290     0.69865901    0.68171486    0.59789015    0.62496299    0.62438411    0.66907297    0.60784388    0.63450195    0.60360789    0.58797834    0.67784243    0.61830949    0.56738024    0.46485049    0.32255466    0.00000000    0.28334836    0.28654406    0.81809552    1.37403229    1.70077310    2.12895297    0.69170678    0.68646138    0.77163625    0.71540595    0.82676293    0.84067482    0.79177022    0.75380397    0.78817422    0.65052668    0.70714536    0.82418670    0.85789963    0.58344116    0.66479293    0.62296827    0.62134188    0.67903463    0.68241644
N1QHP9_SPHMS/1-303     0.71914801    0.71523806    0.62074635    0.62733020    0.64272975    0.67429723    0.66052666    0.65492047    0.61806172    0.56952989    0.61668852    0.60815766    0.54865358    0.45203540    0.32197598    0.28334836    0.00000000    0.21582814    0.88508121    1.39825384    1.74007771    2.01227478    0.66013505    0.62420868    0.68198216    0.67160402    0.81773364    0.80938868    0.79082950    0.78565492    0.80631574    0.64532787    0.70542966    0.83345238    0.84133326    0.58997430    0.71678548    0.68154191    0.63011725    0.65597511    0.71210031
N1Q5R2_PSEFD/1-294     0.68563067    0.67153091    0.60278937    0.63320307    0.63127874    0.62453580    0.64130559    0.63569289    0.60766264    0.55951069    0.63832961    0.60358786    0.52655652    0.44711222    0.30873463    0.28654406    0.21582814    0.00000000    0.81770953    1.43470245    1.77631006    2.01652171    0.63532033    0.64433097    0.69721423    0.67703126    0.83076097    0.78601591    0.79246032    0.79916074    0.79678095    0.66293770    0.71826508    0.80643010    0.82740933    0.58693372    0.68166964    0.64257708    0.61876535    0.63528761    0.67277387
D5GN28_TUBMM/1-263     0.71534353    0.72496510    0.57423961    0.63721439    0.63330370    0.61570718    0.58378682    0.62472288    0.59578478    0.69510467    0.81944294    0.78301539    0.67439208    0.74064427    0.84274293    0.81809552    0.88508121    0.81770953    0.00000000    1.53651214    1.60327824    2.06316366    0.68738391    0.63182493    0.63189458    0.66282773    0.78698245    0.86553562    0.92417894    0.88900942    0.92026067    0.74703468    0.75412219    0.86273135    0.88663165    0.62475015    0.74736913    0.66675197    0.69287457    0.70349276    0.68195998
W1QD37_OGAPD/12-302     1.49105401    1.66150892    1.64506624    1.55284377    1.41115239    1.49621070    1.51744906    1.61999800    1.54028034    1.50643828    1.57362343    1.62614892    1.57289103    1.56339631    1.49271878    1.37403229    1.39825384    1.43470245    1.53651214    0.00000000    1.83311733    1.87627263    1.64723269    1.54665608    1.50934758    1.56844129    1.56038759    1.65776968    1.59431165    1.58295399    1.62093923    1.47495769    1.55676906    1.49351293    1.46926561    1.41239559    1.45307105    1.49058157    1.44154148    1.46252461    1.54412803
A3LT15_PICST/1-269     1.77700377    1.53235652    1.64002003    1.62137661    1.56409613    1.71372538    1.54677123    1.58942274    1.51787747    1.61859458    1.80114834    1.75602508    1.67763284    1.68714599    1.77947929    1.70077310    1.74007771    1.77631006    1.60327824    1.83311733    0.00000000    0.98027310    1.64876481    1.62634933    1.58211725    1.58024979    1.52770657    1.71861057    1.70892063    1.77259351    1.81771515    1.73596585    1.79483690    1.56755855    1.72832854    1.53621228    1.83259619    1.68086016    1.75066935    1.69443756    1.71457276
G3B2J3_CANTC/9-264     1.97592494    1.75572677    1.88159174    1.96192473    1.90084011    1.95567229    1.85906644    1.79286253    1.77439534    1.94930886    2.03633519    1.97916852    1.84322426    1.96230578    2.03587985    2.12895297    2.01227478    2.01652171    2.06316366    1.87627263    0.98027310    0.00000000    1.87128848    1.80975949    1.76504689    1.84517471    1.77472507    1.92804549    1.84256889    1.85880524    1.92372777    2.03153457    2.12893827    1.98143681    2.00178367    1.85745805    2.06137362    1.93490722    1.98811248    1.98638645    2.06220244
L8FWR1_PSED2/1-283     0.39631017    0.61823275    0.45354552    0.46437896    0.49224274    0.50568055    0.46460130    0.46404530    0.45825273    0.53162483    0.66842981    0.59128444    0.55388585    0.64769518    0.67975943    0.69170678    0.66013505    0.63532033    0.68738391    1.64723269    1.64876481    1.87128848    0.00000000    0.35385655    0.40253346    0.30863206    0.50824929    0.65209600    0.68077737    0.61729551    0.60186144    0.44040400    0.46280689    0.65544157    0.59981643    0.41375838    0.47605185    0.39676083    0.35462222    0.38978257    0.42464556
A7EXP9_SCLS1/1-286     0.46391385    0.55119913    0.41745096    0.45916714    0.46727941    0.48179184    0.42185272    0.46620091    0.42776790    0.52692268    0.68268249    0.62654449    0.58150305    0.64609756    0.69563884    0.68646138    0.62420868    0.64433097    0.63182493    1.54665608    1.62634933    1.80975949    0.35385655    0.00000000    0.33247303    0.25028385    0.39462472    0.70413534    0.65355816    0.57645056    0.56299533    0.41071550    0.44053004    0.66683779    0.63109016    0.38338927    0.47236792    0.42677676    0.37768277    0.43903768    0.45476214
N1JH04_BLUG1/1-284     0.46335295    0.59457498    0.48745012    0.50019492    0.53398060    0.50511725    0.51091457    0.48428616    0.48968469    0.56362889    0.69507706    0.64570452    0.69226035    0.72185545    0.76977132    0.77163625    0.68198216    0.69721423    0.63189458    1.50934758    1.58211725    1.76504689    0.40253346    0.33247303    0.00000000    0.27181387    0.45096718    0.70653624    0.65898969    0.62959784    0.63577004    0.44511445    0.45493065    0.71539808    0.64701211    0.46943745    0.50756107    0.45982430    0.44477684    0.46415307    0.49821767
K1WVS6_MARBU/1-287     0.40057744    0.56638682    0.42356783    0.45272879    0.49298079    0.48820928    0.40883971    0.44397372    0.40839991    0.55346955    0.67861435    0.61115610    0.62692567    0.67592556    0.75070269    0.71540595    0.67160402    0.67703126    0.66282773    1.56844129    1.58024979    1.84517471    0.30863206    0.25028385    0.27181387    0.00000000    0.29126918    0.66299018    0.62060967    0.54650874    0.54941159    0.40784735    0.42850305    0.65023108    0.55365777    0.37511328    0.44810584    0.41701434    0.34871609    0.40505935    0.43266847
S3CZQ1_GLAL2/1-285     0.51688804    0.69820176    0.52345663    0.60785946    0.60951673    0.60012711    0.49023734    0.57365487    0.51777616    0.67166408    0.80872293    0.73693478    0.82305959    0.76605723    0.86292926    0.82676293    0.81773364    0.83076097    0.78698245    1.56038759    1.52770657    1.77472507    0.50824929    0.39462472    0.45096718    0.29126918    0.00000000    0.75753184    0.74229999    0.68954910    0.66793457    0.53145917    0.55277933    0.73748623    0.66171523    0.50365075    0.59644910    0.56475781    0.48026609    0.53162480    0.52970657
G4UGS6_NEUT9/1-282     0.66553602    0.85714820    0.72938119    0.71719105    0.74636526    0.75385996    0.76361821    0.76251741    0.80230904    0.80930838    0.77947353    0.79333216    0.81591547    0.78432130    0.83962942    0.84067482    0.80938868    0.78601591    0.86553562    1.65776968    1.71861057    1.92804549    0.65209600    0.70413534    0.70653624    0.66299018    0.75753184    0.00000000    0.41110415    0.36899332    0.40185358    0.56629591    0.60123780    0.98796915    0.80483855    0.53819164    0.63008734    0.60085262    0.56704695    0.57698097    0.65045175
G0SDD2_CHATD/1-288     0.62604121    0.79105271    0.70468181    0.70563225    0.72530765    0.74094004    0.70792787    0.74814466    0.70620487    0.77211113    0.81077711    0.76513222    0.78258508    0.80664428    0.83439044    0.79177022    0.79082950    0.79246032    0.92417894    1.59431165    1.70892063    1.84256889    0.68077737    0.65355816    0.65898969    0.62060967    0.74229999    0.41110415    0.00000000    0.29921178    0.28771947    0.49533231    0.53859890    0.85826468    0.72741194    0.54711144    0.61079639    0.58888350    0.57835830    0.60038140    0.64141898
G2QAS0_MYCTT/1-297     0.57455156    0.82363402    0.67298183    0.67602874    0.72736833    0.69547740    0.66061816    0.67517162    0.67971688    0.71297472    0.76369210    0.70607067    0.75047706    0.78170839    0.79586207    0.75380397    0.78565492    0.79916074    0.88900942    1.58295399    1.77259351    1.85880524    0.61729551    0.57645056    0.62959784    0.54650874    0.68954910    0.36899332    0.29921178    0.00000000    0.19622997    0.49889062    0.50625297    0.75205391    0.66332057    0.54379270    0.55425923    0.53971531    0.51112792    0.50829366    0.53717980
G2QX87_THETT/1-305     0.57741459    0.85111293    0.69276721    0.71899288    0.68764372    0.70549743    0.66061355    0.71334181    0.69328061    0.74641835    0.78387253    0.69139877    0.81054762    0.83266322    0.82163132    0.78817422    0.80631574    0.79678095    0.92026067    1.62093923    1.81771515    1.92372777    0.60186144    0.56299533    0.63577004    0.54941159    0.66793457    0.40185358    0.28771947    0.19622997    0.00000000    0.48958070    0.51336619    0.76497511    0.60624155    0.53544855    0.56325951    0.55029041    0.51728393    0.52189591    0.55445971
F0XER2_GROCL/1-269     0.39809358    0.64431227    0.51078238    0.49489391    0.50223686    0.49412244    0.53554729    0.53224392    0.49917104    0.53442443    0.64152994    0.61781385    0.62952727    0.64035536    0.69870832    0.65052668    0.64532787    0.66293770    0.74703468    1.47495769    1.73596585    2.03153457    0.44040400    0.41071550    0.44511445    0.40784735    0.53145917    0.56629591    0.49533231    0.49889062    0.48958070    0.00000000    0.16518864    0.65322804    0.51242411    0.31715828    0.42143872    0.39885046    0.35246287    0.38123570    0.41760862
S3CDW6_OPHP1/1-289     0.37752603    0.69784925    0.51362942    0.51835539    0.54879769    0.53970093    0.52464079    0.52977804    0.49749548    0.56853975    0.65245922    0.58397680    0.64765496    0.69974035    0.75567976    0.70714536    0.70542966    0.71826508    0.75412219    1.55676906    1.79483690    2.12893827    0.46280689    0.44053004    0.45493065    0.42850305    0.55277933    0.60123780    0.53859890    0.50625297    0.51336619    0.16518864    0.00000000    0.58845132    0.50143969    0.36195453    0.39709765    0.40316201    0.34044403    0.40126179    0.41996737
J3P006_GAET3/1-275     0.67439174    0.85875737    0.72113874    0.73525928    0.71302685    0.67296603    0.71144308    0.72069833    0.70664566    0.73221474    0.96279617    0.82270398    0.82694407    0.81396557    0.82703382    0.82418670    0.83345238    0.80643010    0.86273135    1.49351293    1.56755855    1.98143681    0.65544157    0.66683779    0.71539808    0.65023108    0.73748623    0.98796915    0.85826468    0.75205391    0.76497511    0.65322804    0.58845132    0.00000000    0.53842469    0.59402686    0.59694401    0.61965631    0.58508621    0.56061971    0.59610086
G4NEM9_MAGO7/1-295     0.55068662    0.83267403    0.68598087    0.71229056    0.68885945    0.68739533    0.67013531    0.69308382    0.65421107    0.66916626    0.78043248    0.70573655    0.78930915    0.83160574    0.80804091    0.85789963    0.84133326    0.82740933    0.88663165    1.46926561    1.72832854    2.00178367    0.59981643    0.63109016    0.64701211    0.55365777    0.66171523    0.80483855    0.72741194    0.66332057    0.60624155    0.51242411    0.50143969    0.53842469    0.00000000    0.47066585    0.54382214    0.51605323    0.50887299    0.53356374    0.54305792
E3QBD7_COLGM/1-263     0.33596564    0.52655070    0.43813767    0.45329192    0.47599913    0.48356951    0.44563704    0.44874473    0.38692110    0.46114144    0.64145700    0.62539112    0.55441902    0.55766110    0.63632550    0.58344116    0.58997430    0.58693372    0.62475015    1.41239559    1.53621228    1.85745805    0.41375838    0.38338927    0.46943745    0.37511328    0.50365075    0.53819164    0.54711144    0.54379270    0.53544855    0.31715828    0.36195453    0.59402686    0.47066585    0.00000000    0.31974035    0.26863712    0.25339341    0.30407021    0.28769062
G3JG41_CORMM/1-296     0.43336077    0.68106875    0.57342801    0.60914572    0.57671832    0.60749766    0.57048145    0.56836480    0.56287611    0.55629981    0.71754945    0.60674973    0.60447453    0.65772301    0.71252062    0.66479293    0.71678548    0.68166964    0.74736913    1.45307105    1.83259619    2.06137362    0.47605185    0.47236792    0.50756107    0.44810584    0.59644910    0.63008734    0.61079639    0.55425923    0.56325951    0.42143872    0.39709765    0.59694401    0.54382214    0.31974035    0.00000000    0.29376679    0.27428286    0.32325349    0.34622430
G9MJ23_HYPVG/1-290     0.37349197    0.61610404    0.48848053    0.47286829    0.50222855    0.51466744    0.48028292    0.48542102    0.45811464    0.52877640    0.67475161    0.59378006    0.57185437    0.63336744    0.64480920    0.62296827    0.68154191    0.64257708    0.66675197    1.49058157    1.68086016    1.93490722    0.39676083    0.42677676    0.45982430    0.41701434    0.56475781    0.60085262    0.58888350    0.53971531    0.55029041    0.39885046    0.40316201    0.61965631    0.51605323    0.26863712    0.29376679    0.00000000    0.19495181    0.24777214    0.24230803
E9DYC2_METAQ/1-287     0.33812599    0.59077174    0.44057037    0.44540460    0.46753271    0.50551622    0.45369245    0.47150022    0.42204225    0.49145599    0.67531806    0.56390101    0.58368791    0.60556973    0.67567917    0.62134188    0.63011725    0.61876535    0.69287457    1.44154148    1.75066935    1.98811248    0.35462222    0.37768277    0.44477684    0.34871609    0.48026609    0.56704695    0.57835830    0.51112792    0.51728393    0.35246287    0.34044403    0.58508621    0.50887299    0.25339341    0.27428286    0.19495181    0.00000000    0.17665387    0.22229607
C7YRW7_FUSV7/2-287     0.35069930    0.66946226    0.53920672    0.54270453    0.50532958    0.56249407    0.50574934    0.53562890    0.50716391    0.51564780    0.69563347    0.59541630    0.63092320    0.65188177    0.67267789    0.67903463    0.65597511    0.63528761    0.70349276    1.46252461    1.69443756    1.98638645    0.38978257    0.43903768    0.46415307    0.40505935    0.53162480    0.57698097    0.60038140    0.50829366    0.52189591    0.38123570    0.40126179    0.56061971    0.53356374    0.30407021    0.32325349    0.24777214    0.17665387    0.00000000    0.17255529
I1S082_GIBZE/1-298     0.40042570    0.69113346    0.53363961    0.52752182    0.51898959    0.57076945    0.52173355    0.55081902    0.50392651    0.56297754    0.73050564    0.61204328    0.64516792    0.66891898    0.71240701    0.68241644    0.71210031    0.67277387    0.68195998    1.54412803    1.71457276    2.06220244    0.42464556    0.45476214    0.49821767    0.43266847    0.52970657    0.65045175    0.64141898    0.53717980    0.55445971    0.41760862    0.41996737    0.59610086    0.54305792    0.28769062    0.34622430    0.24230803    0.22229607    0.17255529    0.00000000

