8
Q999Y9_CARMV/250-348     0.00000000    0.03092592    0.04143370    0.04142498    0.05244302    0.05252307    0.07472575    0.04138527
CAPSD_CARMV/250-348     0.03092592    0.00000000    0.03047842    0.03047186    0.04113692    0.04119656    0.06279406    0.03044242
Q5ZF43_CARMV/250-348     0.04143370    0.03047842    0.00000000    0.03065265    0.03082993    0.05174696    0.05230530    0.04078367
Q4JGW6_CARMV/250-348     0.04142498    0.03047186    0.03065265    0.00000000    0.05165903    0.05173654    0.07358922    0.04077521
Q8JJU7_CARMV/250-348     0.05244302    0.04113692    0.03082993    0.05165903    0.00000000    0.04091879    0.06355265    0.05161092
CAPSD_CARMS/250-348     0.05252307    0.04119656    0.05174696    0.05173654    0.04091879    0.00000000    0.06306394    0.05168828
Q999Z1_CARMV/250-348     0.07472575    0.06279406    0.05230530    0.07358922    0.06355265    0.06306394    0.00000000    0.06175345
Q7TG55_CARMV/250-348     0.04138527    0.03044242    0.04078367    0.04077521    0.05161092    0.05168828    0.06175345    0.00000000

