10
Q8JMT5_PLV/135-290     0.00000000    0.24457809    0.52444702    2.05740327    1.76380196    1.91091509    2.11318115    1.99867708    2.15299217    1.98301149
Q80R15_9TOMB/107-262     0.24457809    0.00000000    0.42181340    2.14272232    1.82182469    1.91205515    1.87611007    1.83584249    2.03121582    1.96828229
Q9E351_MNESV/107-261     0.52444702    0.42181340    0.00000000    2.01063453    1.69638937    1.97185491    1.93032264    1.89444376    2.12425977    1.95988578
Q83102_9TOMB/62-203     2.05740327    2.14272232    2.01063453    0.00000000    0.85224722    0.91472850    2.38724054    2.20922896    2.48321149    2.28392364
RDRP_TNVD/52-199     1.76380196    1.82182469    1.69638937    0.85224722    0.00000000    0.38790515    2.58295104    2.45885862    2.17053862    2.08565450
Q8B5S0_9TOMB/53-200     1.91091509    1.91205515    1.97185491    0.91472850    0.38790515    0.00000000    2.41676496    2.37970585    2.11799602    1.89683764
Q283N2_9TOMB/77-211     2.11318115    1.87611007    1.93032264    2.38724054    2.58295104    2.41676496    0.00000000    0.27515000    1.25893220    1.10176320
Q84831_9TOMB/80-214     1.99867708    1.83584249    1.89444376    2.20922896    2.45885862    2.37970585    0.27515000    0.00000000    1.39406816    1.27987659
Q70P85_9TOMB/137-265     2.15299217    2.03121582    2.12425977    2.48321149    2.17053862    2.11799602    1.25893220    1.39406816    0.00000000    0.42486287
A5YVA5_9TOMB/139-267     1.98301149    1.96828229    1.95988578    2.28392364    2.08565450    1.89683764    1.10176320    1.27987659    0.42486287    0.00000000

