9
K0NC20_DESTT/1-56     0.00000000    0.65374660    0.77186857    0.74527478    0.69809092    1.12612182    0.96953073    0.67949213    0.68429505
Q5P6A3_AROAE/1-56     0.65374660    0.00000000    0.58049154    0.58178380    0.70582793    1.01745565    1.15367731    0.72267080    0.89867563
Q39VF0_GEOMG/1-55     0.77186857    0.58049154    0.00000000    0.29236740    0.80907534    1.25292904    1.08117875    0.61683540    0.71509743
B9M012_GEODF/1-56     0.74527478    0.58178380    0.29236740    0.00000000    0.87956776    1.22088037    1.15471996    0.72214182    0.90012199
K0NCS2_DESTT/1-53     0.69809092    0.70582793    0.80907534    0.87956776    0.00000000    1.20059636    0.94816328    0.75282629    0.70769889
B8FF74_DESAL/1-53     1.12612182    1.01745565    1.25292904    1.22088037    1.20059636    0.00000000    0.38507896    1.06104237    1.06281741
B8FEM3_DESAL/1-53     0.96953073    1.15367731    1.08117875    1.15471996    0.94816328    0.38507896    0.00000000    0.87010799    0.82667313
R4KCA8_9FIRM/1-58     0.67949213    0.72267080    0.61683540    0.72214182    0.75282629    1.06104237    0.87010799    0.00000000    0.28873380
R4KAJ4_9FIRM/1-58     0.68429505    0.89867563    0.71509743    0.90012199    0.70769889    1.06281741    0.82667313    0.28873380    0.00000000

