153
M3XZ79_MUSPF/211-287     0.00000000    0.50839200    0.24140654    0.31642874    0.71081888    1.03192591    0.75735610    0.78339282    0.76619536    0.90453249    1.03125623    1.35272234    1.44685437    1.17868122    1.24427321    1.39951511    1.64071229    1.00178505    1.65230378    1.47949287    0.95662754    0.98519730    1.10152834    0.96267286    1.07474449    1.17087083    1.35287877    1.38344336    1.24703175    1.18298476    1.26144768    1.24888772    1.23871552    1.21576643    1.28048557    1.24579205    1.46398300    1.34615026    1.92024010    1.68167776    2.04107491    1.67318695    1.44749959    1.76368667    1.60814969    1.15208720    1.18037478    1.07492636    1.01025103    1.17285341    1.23163169    1.17836104    1.26305845    1.26419822    1.27035027    1.14152808    1.52311352    2.07002708    1.95710159    1.10102752    1.14405194    1.05265119    1.13221980    0.84769228    1.03384829    0.94808031    0.80626569    0.96111707    1.17569702    0.88334841    0.53316845    0.76813572    0.78458983    0.89204952    0.81374682    0.88742896    1.02435914    0.93399339    1.26088346    1.22085909    1.19382688    1.30170539    1.01587529    1.12211850    1.19739831    1.05984597    0.83244376    0.93242259    0.96041049    0.92535062    1.18855730    1.03494126    1.10513216    1.17896400    0.98203245    1.07163598    1.23916173    0.95800972    0.89793054    1.11783277    1.30458106    1.05125175    1.10783215    1.04812715    1.03781566    0.92076597    0.76003052    0.98477145    0.92611041    1.12803171    0.97364633    1.40878613    1.15998070    1.40403157    1.23180732    1.33493706    1.44764680    1.73316790    1.58599820    1.32959953    1.41067003    1.21311674    1.29781866    1.40086796    1.41430646    1.36941867    1.17144672    1.14866993    1.27010147    1.10436090    0.91275743    1.07604450    1.06088413    1.09154787    1.14134406    1.15524458    0.95373709    1.09499964    1.08620215    1.17982486    1.01624482    0.96040781    0.98335212    0.77741454    1.04861907    0.80976635    0.82131347    0.69053908    0.70953191    1.02728428    0.89728120    0.76368172    0.73821305
H9GKK8_ANOCA/204-283     0.50839200    0.00000000    0.77306987    0.83748831    1.29174002    1.68094924    1.33455533    1.55515211    1.41758453    1.42738884    1.91234695    2.35833362    2.11941126    2.11991609    2.07094107    1.83060597    2.45395713    1.88474541    2.18804264    2.38506489    1.52570402    1.48628611    1.66424864    1.54553148    1.84818824    2.08116199    2.37262789    2.50064041    2.20725521    2.20878876    2.17212112    2.34665074    2.29166235    2.11275401    2.23474412    2.36570892    2.29663549    2.08493368    3.03111883    2.30051477    2.60437332    2.05259696    2.03148849    2.12104518    2.51483953    1.88447113    1.88294096    1.75124662    1.54846891    1.72337497    2.08136662    1.86359324    1.98797824    1.82892396    2.05902695    2.01835689    2.26720906    2.69068555    2.82601992    1.90640817    1.90115948    1.91537070    1.99479644    1.62424744    1.86365745    1.81576953    1.32831622    1.71666872    2.01594123    1.51029530    1.13304452    1.31924389    1.45084261    1.57530011    1.49066731    1.32511128    1.71769254    1.74668425    1.92075461    2.13985656    2.11570959    2.20143964    1.54209243    1.88523895    1.92473432    1.73246188    1.51685060    1.49969679    1.45912714    1.54888880    1.97760004    1.48643643    1.64494434    1.71428451    1.63594550    1.71703746    1.92505621    1.53093823    1.65899346    1.79665494    2.09898123    1.75404717    1.69322090    1.71875089    1.59939346    1.57968763    1.40269365    1.59749462    1.52554678    1.75993867    1.56241091    2.05815587    1.88131881    2.06522829    2.03990716    2.16929679    2.31456234    2.34426963    2.42096589    1.94336365    2.12903125    1.86273655    1.93918389    2.08775966    2.18565019    2.01714349    1.83652375    1.85592887    2.16759070    1.78705571    1.54204213    1.79079736    2.03908638    1.92606543    1.92249714    1.91352431    1.51912757    1.85854229    1.78045282    1.77212153    1.64617440    1.73489858    1.66039355    1.36862630    1.76714430    1.42865996    1.56954838    1.50301320    1.38114212    1.62208865    1.45980168    1.54782148    1.25417900
H3AHD2_LATCH/201-276     0.24140654    0.77306987    0.00000000    0.30259441    0.63595230    0.98857960    0.71118482    0.79774869    0.70737653    0.83637797    1.02078073    1.40308566    1.46229837    1.09546262    1.40073728    1.66480536    1.60217131    1.07732449    1.81473068    1.68981439    1.06334298    1.21826201    1.19746780    1.03790600    1.21836770    1.09061549    1.23311032    1.36575475    1.15117335    1.13183827    1.24608409    1.23775090    1.21911721    1.26494846    1.11769323    1.20573708    1.53532339    1.30591097    1.95117975    1.61685087    2.02691837    1.73678169    1.51533962    1.89937251    1.76920520    1.24665644    1.22297572    1.23081098    1.11414223    1.36018318    1.21027519    1.19122987    1.36408696    1.23781237    1.39520852    1.22080984    1.45115913    2.05236227    1.83232744    1.16851249    1.16229320    1.09598690    1.18868928    0.83038644    0.96897277    0.95145045    0.69183831    0.91509909    1.14417032    0.88917119    0.68936595    0.80368750    0.72032649    0.96548398    1.01132744    1.03032087    1.07135617    0.94225669    1.15552178    1.20357008    1.14114620    1.17360857    1.09025730    1.08490837    1.19952709    1.07730901    0.90849895    0.88619222    1.01431896    0.94950702    1.10253789    0.99375496    1.09931266    1.14347394    0.87945641    1.00403753    1.10646918    0.97911289    0.93707989    1.12096360    1.24296622    0.95479128    1.15025551    1.09312875    1.10345339    0.95524323    0.82433048    1.05171694    1.12011174    1.24677739    1.10340989    1.56547405    1.39189252    1.55510788    1.37830004    1.48243976    1.60776374    1.71793801    1.62471749    1.37260841    1.49070295    1.34579003    1.34452813    1.62256252    1.56260991    1.44488523    1.17092009    1.17702398    1.34804686    1.23757837    1.01153613    1.04385875    1.02863815    1.11141814    1.16240533    1.14470657    1.10488621    1.23498691    1.14172098    1.19797720    0.99649468    1.04353825    1.05484635    0.74000218    1.02398395    0.79124712    0.85256342    0.59172713    0.70706380    0.90241334    0.81563423    0.73360728    0.71221621
H3CTW9_TETNG/130-206     0.31642874    0.83748831    0.30259441    0.00000000    0.61741692    0.88937462    0.71044717    0.77664797    0.73375616    0.84726572    0.90633865    1.25861813    1.46801465    1.15176384    1.37380943    1.47312520    1.48646580    0.99751295    1.56617798    1.43523796    1.09672708    1.18778075    1.23114631    1.01832480    1.14422698    1.02955331    1.26803067    1.18454040    1.16470066    1.04186417    1.09003050    1.13870663    1.18704806    1.21885909    1.28410059    1.19978532    1.33987896    1.37429985    2.06866288    1.53837376    2.21091814    1.76453649    1.52951722    2.15756220    1.69453194    1.31850170    1.26394996    1.24465269    1.18570774    1.29295413    1.42708248    1.23819494    1.43042705    1.37178943    1.39799364    1.14118344    1.33485970    1.91908848    1.60101957    1.02849288    1.20958852    1.07828208    1.14754924    0.89577434    0.96819845    0.94463635    0.63094337    0.85515717    1.06786388    0.85165982    0.62424883    0.63492566    0.66481555    0.94790442    0.90344015    0.86052034    1.00069355    0.97426604    1.17048863    1.18555285    1.20257259    1.23355600    1.07067147    1.09341192    1.31965950    1.08880754    0.88463212    0.83238423    0.95197769    0.91284254    1.12790336    0.91529469    0.94009343    0.97794470    0.85212156    0.91904940    1.00505740    0.86596543    0.84608378    0.94068951    1.20816341    0.88137327    1.00293556    0.97464700    0.94745297    0.79864295    0.76090366    0.89315380    0.89512485    0.90597478    0.99550956    1.39925538    1.21450573    1.28847481    1.15799592    1.38271627    1.42762364    1.54296923    1.52225560    1.20922990    1.41821302    1.29019904    1.24475215    1.48471352    1.50045377    1.41470839    1.02667678    1.02653073    1.14323929    1.18267263    0.79714384    0.92466226    0.90271296    0.98128633    1.05644497    1.04463030    0.95624321    1.12505194    1.15413842    1.11754238    1.04547247    0.92615505    0.91584840    0.64124901    0.95296010    0.81581493    0.84502595    0.67883267    0.74793839    0.92057207    0.88810489    0.75380005    0.63946117
F6RQ34_CIOIN/110-186     0.71081888    1.29174002    0.63595230    0.61741692    0.00000000    1.08317121    0.90775006    0.88255095    0.85391519    1.07638110    1.11924957    1.44329881    1.92893354    1.25493180    1.47580209    1.71861800    1.75012620    1.01614682    2.08612659    1.52133568    1.25350179    1.34544731    1.37494474    1.08655791    1.16257515    1.22537708    1.13030682    1.18846825    1.17000522    1.26483002    1.28040289    1.32570482    1.26370053    1.32164450    1.24387101    1.29134053    1.31265348    1.24824576    2.31548106    1.88969743    2.19049946    1.99162998    1.78574283    2.62559388    1.67273924    1.18320947    1.20432685    1.28057361    1.43723173    1.43847162    1.42070711    1.24629143    1.45895721    1.42165789    1.39752315    1.11581905    1.14314168    1.48348231    1.44617847    1.17670094    1.21091462    1.02922610    1.13990710    0.97438992    1.09342757    0.95532734    0.76574705    0.84668739    1.06382134    0.88942203    0.74136293    0.69662761    0.74817538    0.91480891    1.09579577    1.03921143    1.23308201    1.27971307    1.30406027    1.31818659    1.24452368    1.30225324    1.35958367    1.40026342    1.58389480    1.22600655    0.90954198    0.95722081    1.11303298    0.99869438    1.22630426    0.93828566    0.97105834    1.01302946    0.95516509    1.12344075    1.18266405    1.03025625    0.95097373    1.03563105    1.13078013    0.93091876    1.02482498    0.99632634    0.99135731    0.98216627    0.95307396    0.96521440    1.01167643    1.18210902    1.00316062    1.43032718    1.35974174    1.37070137    1.42549851    1.54961536    1.50678745    1.83585398    1.74505006    1.59746035    1.62631517    1.46477711    1.56880676    1.77479150    1.64259033    1.81543804    1.29141628    1.36380329    1.54655253    1.59224091    1.22828885    1.30603310    1.18615810    1.43703756    1.21772784    1.31817598    1.27517211    1.48839373    1.38342733    1.40150925    1.39151262    1.36991450    1.24873717    0.91208500    1.17033792    1.21748678    1.15995046    0.95792642    1.04002844    1.29982542    1.28789432    1.17546473    0.95208156
D8QRE6_SELML/112-188     1.03192591    1.68094924    0.98857960    0.88937462    1.08317121    0.00000000    0.52676240    0.67498166    0.57893443    0.64548587    0.88971867    1.54261879    1.60840473    1.16963574    1.46033914    1.44148084    1.71666733    1.29510970    1.68651267    1.55958544    1.35143093    1.25267150    1.29099251    1.19532017    1.16169735    1.51310289    1.42532811    1.40924798    1.62429224    1.45461761    1.35394584    1.34961699    1.33546403    1.40847218    1.48216489    1.49166439    1.65347991    1.42511218    2.95195097    2.08636355    2.09694731    1.44728830    1.51030186    1.86155495    2.04264681    1.47341908    1.38212698    1.35472519    1.35184533    1.42439900    1.64785815    1.33573547    1.57914614    1.75952872    1.39360982    1.35540949    1.86447530    2.26545608    2.16049442    1.23673536    1.25519787    1.26610267    1.22966595    1.00618097    1.21397536    0.98116027    0.94060496    1.04129830    1.46384198    1.14134622    0.95309641    0.94830956    1.14377210    1.09307630    1.28043089    1.29265383    1.36172537    1.35616260    1.45945788    1.29411348    1.56569355    1.45116100    1.46356559    1.60915813    1.51199154    1.35367287    1.25444135    1.23540367    1.28471327    1.14314959    1.17690228    1.30955862    1.21947069    1.15755281    1.24320954    1.19778052    1.24993281    1.18174231    1.20967016    1.13875275    1.11392669    1.19582488    1.19634186    1.32851157    1.26296810    1.19364074    1.26514339    1.06377055    1.12684394    1.05073819    1.12253010    1.98561145    1.80007232    1.71256610    1.88331802    1.90517853    1.96165633    2.18210551    2.16743360    2.03520671    2.11343676    1.81860803    1.93364538    2.07171683    2.09822734    2.03825929    1.43193397    1.56895099    1.73061457    1.63191298    1.45424214    1.58799056    1.31203138    1.66938761    1.44687608    1.57299639    1.49694965    1.78834934    1.61060217    1.46565366    1.17366614    1.48439298    1.35029071    1.21949051    1.45329178    1.23655377    1.34644850    1.25867267    1.31148727    1.51240935    1.40377036    1.35932656    1.31608453
J3LPM1_ORYBR/93-169     0.75735610    1.33455533    0.71118482    0.71044717    0.90775006    0.52676240    0.00000000    0.23855607    0.25637004    0.34046922    0.89385430    1.26089738    1.50806702    1.35055440    1.47721285    1.35451881    1.69335717    1.27205290    1.76011860    1.52407451    1.40905873    1.22201445    1.28571309    1.12072152    1.26513014    1.36449992    1.34419105    1.37735261    1.35640160    1.28260635    1.27185934    1.44477985    1.41040081    1.38592480    1.40066105    1.54439467    1.67250898    1.41544814    2.54593517    1.93475629    2.16521234    1.73014438    1.71460304    2.03921239    1.90797091    1.29994130    1.40579881    1.28555375    1.23786551    1.46839278    1.42717115    1.30277829    1.45301173    1.57272913    1.48122282    1.26713812    1.79232717    2.11923127    1.98431479    1.28742867    1.34262561    1.25023637    1.19217771    0.96235540    1.13325443    1.00166648    0.92831873    1.01949003    1.53108298    1.05880354    0.78361507    0.90752573    1.04286577    1.08273459    1.08039676    1.12093497    1.00297096    1.23109899    1.31115754    1.32992203    1.42065701    1.36469305    1.07926033    1.25322510    1.27327223    1.10400193    1.08917407    1.07486297    1.10920527    0.97641922    1.04169748    1.13209176    1.07423329    1.05989231    0.99316426    1.08952943    1.28045691    1.06840462    1.03661022    1.04770340    1.08355141    1.00163758    1.00982287    0.95488964    0.97492729    0.99534332    1.10974148    1.00064252    1.03562493    0.93786637    0.93140820    1.92364097    1.61835690    1.72536153    1.67192873    1.63421885    1.83768023    1.99286019    1.97243174    1.66302189    1.82483697    1.71558029    1.66399695    1.90637274    1.80686289    1.79490914    1.46182191    1.44906355    1.65116190    1.52557397    1.29606855    1.32504639    1.28281794    1.38162880    1.20950936    1.31543098    1.30140321    1.47720651    1.40028549    1.53115051    0.97204649    0.98001902    1.05226709    1.01197481    1.25373937    1.07660455    1.20733260    1.05213552    0.98374519    1.27300098    1.19536917    1.24284846    1.23026228
M0TV06_MUSAM/187-263     0.78339282    1.55515211    0.79774869    0.77664797    0.88255095    0.67498166    0.23855607    0.00000000    0.29370604    0.37900537    0.93614130    1.44147132    1.55899047    1.28543997    1.59047217    1.49202318    1.74794200    1.24326543    1.91253846    1.69038369    1.47823705    1.35877991    1.47467247    1.17278408    1.22559242    1.29575307    1.26022865    1.39008617    1.19664265    1.33756061    1.33406595    1.52334093    1.33810247    1.32655945    1.26547724    1.38437397    1.59938101    1.29990016    2.47105000    1.86120445    2.19129847    1.70813839    1.54269808    2.11173765    2.24042155    1.36648945    1.51048967    1.30205910    1.20111056    1.39241152    1.39512757    1.31721427    1.47921690    1.70281106    1.57423747    1.30957902    1.71880681    2.09019524    1.99555320    1.36101268    1.43038786    1.25955653    1.19959735    1.08518922    1.26854770    1.02813021    0.95269167    0.92222624    1.57177570    1.10016051    0.83712571    0.88092363    1.00824307    1.09886060    1.07110703    1.07510512    1.29453691    1.45482984    1.43771945    1.52548418    1.60223127    1.58445164    1.37556840    1.57873682    1.60134181    1.41336367    1.16336540    1.22533769    1.09322796    1.01671454    1.25092508    1.24632068    1.23049335    1.04459005    1.12313209    1.10948784    1.28586189    1.16841558    1.12501547    1.06023116    1.32507606    1.09003031    1.10858778    1.13200616    1.03886822    1.03264082    1.11009726    1.04530603    1.11756669    1.05749009    1.00785727    1.97627019    1.76332520    1.83693489    1.83549370    1.89669346    2.17045607    2.27737752    2.13559132    1.94986870    2.07209545    1.97934222    1.97529562    2.14605953    2.12493295    2.04165482    1.80512839    1.73080908    1.77775944    1.82755017    1.44735874    1.52605248    1.45936603    1.79148451    1.53928896    1.49418648    1.61283814    1.50370723    1.66214855    1.60060931    1.11302235    1.26558722    1.24874307    1.02563193    1.24543905    1.07520245    1.24732232    1.10810269    1.07383074    1.46612512    1.37852936    1.41264297    1.20683438
I1LY75_SOYBN/201-277     0.76619536    1.41758453    0.70737653    0.73375616    0.85391519    0.57893443    0.25637004    0.29370604    0.00000000    0.22445677    0.88745307    1.06477629    1.49801406    1.34851746    1.54906751    1.52406385    1.78369917    1.16252439    1.89276724    1.73442815    1.29473864    1.29146174    1.32608118    1.12229864    1.22208281    1.31582245    1.32481408    1.38498880    1.35720779    1.23626243    1.25383484    1.21793488    1.27832761    1.28491822    1.34018912    1.50010570    1.67291436    1.28349355    2.42269312    1.75728714    2.34621687    1.82842775    1.45269412    1.92382679    2.03820025    1.29072267    1.37908645    1.28627250    1.12940633    1.34789425    1.34304509    1.23677858    1.44948636    1.67257211    1.41986304    1.24013147    1.63419389    1.96854156    1.87188807    1.17453763    1.36817245    1.07971378    1.07884063    0.95343507    1.02174141    0.93383862    0.81910430    1.01778289    1.44792630    1.02807656    0.75283505    0.85457638    1.06303591    1.14012785    0.97306613    1.09915810    1.10356609    1.40275932    1.44555828    1.33026739    1.46703322    1.59785441    1.26758300    1.36238977    1.38058324    1.22114827    1.17493721    1.10900740    1.17632020    0.99183390    1.11948697    1.13938094    1.21235461    0.97123493    1.05467153    1.12903072    1.25270226    1.08407660    1.07011134    1.08501332    1.20805012    1.08448235    1.06365475    0.96150897    1.00601298    0.99073882    1.02733224    1.02326645    1.12605315    1.06640027    0.99439050    1.88221306    1.64960106    1.80700481    1.62773548    1.75226268    1.86424762    2.16905329    2.14128525    1.72490833    1.78292323    1.91289217    1.88217329    2.07400001    1.86584338    1.87969051    1.60892583    1.37069710    1.54145523    1.55069284    1.30638913    1.33197549    1.29833220    1.36075472    1.25397630    1.41052970    1.30527973    1.42454595    1.54376716    1.51686524    1.18980507    1.14008867    1.22640242    1.03721429    1.24661656    1.12621940    1.17369710    1.02733240    1.03998930    1.49193304    1.16993810    1.14825884    1.13066013
D7KHA5_ARALL/193-270     0.90453249    1.42738884    0.83637797    0.84726572    1.07638110    0.64548587    0.34046922    0.37900537    0.22445677    0.00000000    1.02796259    1.24786333    1.48620474    1.29501205    1.67040992    1.53502198    1.77050722    1.31288975    1.99678287    1.81861805    1.34699301    1.29983299    1.33947748    1.27804646    1.26671267    1.28888263    1.34304098    1.33174872    1.23032669    1.29612635    1.24398899    1.37223761    1.28168872    1.36412883    1.31967787    1.52894438    1.68297153    1.41206124    2.60297240    1.60241425    2.59354552    1.91639940    1.69747960    2.19216109    2.19527116    1.48939618    1.39534660    1.33567981    1.26161845    1.50464393    1.46212530    1.34875496    1.50083185    1.84296790    1.57270257    1.31512424    1.81355672    2.14072345    2.13204268    1.24908569    1.34608470    1.17471039    1.27661696    0.96106253    1.00217442    0.92736676    0.94083300    1.05110708    1.66890255    1.11954505    0.89728711    1.01447683    1.07040105    1.29606046    1.20237609    1.17640191    1.35478809    1.66592634    1.66005355    1.68189097    1.75917812    1.81254874    1.49323786    1.66756601    1.67800115    1.28930363    1.22527666    1.22318422    1.17960140    1.14596875    1.26875625    1.21066129    1.24935079    1.06965342    1.23805353    1.26056702    1.33518940    1.14967202    1.25197857    1.16985355    1.31965785    1.18790807    1.16619248    1.13532105    1.14963727    1.16373854    1.10471474    1.08137165    1.17053945    1.12502922    1.13800065    1.98665919    1.85330789    1.87304048    1.79039979    1.70916547    1.92487960    2.14759268    2.08360682    1.81648259    1.84987269    1.96139848    1.80880060    1.89397165    1.85375330    1.82167843    1.76534586    1.43155035    1.80470257    1.61458323    1.39890764    1.51048339    1.42213207    1.51283770    1.34466375    1.38889299    1.46155526    1.64449050    1.62182227    1.60670183    1.24332320    1.30034300    1.42942697    1.06113259    1.31737409    1.28464543    1.22876758    1.19538443    1.08421593    1.56823182    1.17189736    1.27173555    1.16758986
E1Z7Z3_CHLVA/180-256     1.03125623    1.91234695    1.02078073    0.90633865    1.11924957    0.88971867    0.89385430    0.93614130    0.88745307    1.02796259    0.00000000    1.09985681    1.40972360    1.44887993    1.52974754    1.60256341    1.69009560    1.12996822    1.73519631    1.88593387    1.01427362    1.15230752    1.02800211    1.08429933    0.95369865    1.10682283    1.14592517    1.16131862    1.17295532    1.19495116    1.12045868    1.21525659    1.03711698    1.10899671    1.19185030    1.30974147    1.32934951    1.30403159    2.29146155    1.57205899    2.10334390    1.66115166    1.27723134    1.98216864    1.85544776    1.06128704    1.36128916    1.19007431    1.08208444    1.39444603    1.42036932    1.00227289    1.09242086    1.32609887    1.00262249    1.18457626    1.24414015    1.75439789    1.41990648    1.09490956    1.12530069    0.98608590    0.85515867    1.14701280    1.38553333    1.23607447    0.84476361    0.94185724    1.31572360    1.06882863    0.90223087    0.91570808    1.15124449    1.09402213    1.10178939    1.10081242    1.43062040    1.28832122    1.35224989    1.35120106    1.45737056    1.53480130    1.39036867    1.49581079    1.51552160    1.30909244    1.10398675    1.28585775    1.14826871    1.06652568    1.14178681    1.00985418    1.09963844    1.15335520    1.09054694    1.09225188    1.25173001    1.02027065    1.07540404    0.98948992    0.97940540    0.85141298    1.02184089    1.15064432    1.12783671    1.09207107    0.99138583    0.98892067    1.08003554    1.12292755    1.21628275    1.58764693    1.71323506    1.85562747    1.63953032    1.69143806    1.94364981    2.21712531    2.17039426    2.02885535    2.07275827    2.09783531    1.76497132    2.12171103    1.89453313    2.01517187    1.39423946    1.47864703    1.48796723    1.79224052    1.69462450    1.70313415    1.49533307    1.53633218    1.52183306    1.51836014    1.64112073    1.78254011    1.83910345    1.61011179    1.51608492    1.53390515    1.43469144    1.07896036    1.33786707    1.28333094    1.21830070    1.16392657    1.19196671    1.38633788    1.23033384    1.26704940    1.25207961
A4S4K5_OSTLU/86-166     1.35272234    2.35833362    1.40308566    1.25861813    1.44329881    1.54261879    1.26089738    1.44147132    1.06477629    1.24786333    1.09985681    0.00000000    1.36086317    1.90856240    1.92394490    2.07168653    1.83796580    1.49698648    1.82493342    1.72976324    1.70560716    1.74106442    1.73308723    1.49460602    1.45874926    1.39834034    1.47680070    1.31065226    1.38945357    1.55109063    1.39228243    1.24200476    1.31483610    1.67801151    1.37159706    1.44368419    1.73886167    1.87369719    3.06670371    2.15576657    2.74725934    2.38183412    1.89580705    2.45617397    2.15336843    1.36888514    1.72335599    1.34425562    1.57738926    1.49710965    1.64621093    1.45637107    1.45952057    1.94401134    1.46719723    1.56436528    1.87156287    1.92647762    1.71672301    1.15816069    1.45141710    1.27054303    1.16000030    1.24469066    1.24758429    1.17666496    1.18216546    1.56274674    1.79638234    1.22563191    1.03125425    1.17859552    1.53695064    1.47824369    1.55445243    1.53627129    1.39682005    1.85996285    2.02326846    1.84398612    1.91198864    1.94223589    1.59013411    1.77341614    1.75763241    1.55886738    1.48852194    1.55533863    1.46967546    1.49865407    1.53073473    1.59003355    1.53565676    1.52333597    1.62581518    1.72040503    1.60529905    1.58599379    1.42344748    1.42041201    1.29584987    1.26403088    1.06730141    1.31613399    1.53258249    1.28880854    1.34274115    1.34990154    1.60662131    1.58533073    1.44813881    1.81014833    1.77122392    2.23376698    1.91923736    1.87390960    2.19860903    2.39152004    2.57705326    1.96362186    1.92355419    2.02983613    2.10025263    2.11536221    2.25502800    2.21559565    1.68699289    1.64114957    1.59813653    1.53045393    1.37069193    1.59793638    1.44199887    1.34386883    1.55156043    1.55114847    1.33454579    1.57577761    1.62431486    1.77129905    1.54599315    1.51982321    1.50356350    1.42541955    1.49553113    1.56063366    1.55222396    1.44839461    1.20365545    1.62227044    1.42920528    1.36278551    1.39390367
M2QP61_CERS8/112-184     1.44685437    2.11941126    1.46229837    1.46801465    1.92893354    1.60840473    1.50806702    1.55899047    1.49801406    1.48620474    1.40972360    1.36086317    0.00000000    2.24671480    1.84009883    2.09142127    2.10296770    1.83424712    2.11853139    2.16094954    2.04605553    1.77257047    1.76564258    1.73904111    1.61275249    1.62680965    1.59775279    1.67687747    1.68480734    1.56119864    1.59776731    1.76256790    1.65606673    2.07530335    1.70288252    1.90392992    1.69516466    1.86602423    2.24930084    1.82595880    2.07758301    1.83069199    1.65019777    2.09356219    2.12738978    1.44077110    1.89220016    1.51445660    1.67733264    1.78976888    1.99937427    1.59156228    1.64899199    1.90527771    1.43685218    1.83706292    1.93764702    1.93691227    1.86922582    1.69297648    1.41966395    1.61512867    1.32884898    1.63766339    1.95316540    1.60300870    1.47236185    1.62393439    2.30528034    1.73262628    1.28709703    1.45506201    1.61258362    1.53640467    1.58748870    1.48503858    1.64993631    1.64273981    1.57620073    1.64435538    1.52195538    1.42148833    1.64975704    1.83987232    1.58617158    1.44022733    1.37614828    1.41832207    1.36431742    1.41542779    1.29295005    1.41832930    1.42059076    1.42910165    1.57302117    1.50516527    1.44268547    1.39684626    1.42516065    1.22684358    1.22190344    1.33378643    1.08263040    1.22630144    1.16483155    1.35210528    1.48879930    1.10919875    1.35043091    1.21002656    1.28366081    1.84111120    1.82707395    2.07215714    2.11454453    2.00778605    2.18138133    2.12585702    2.37906802    2.19407613    2.32386397    2.09058528    2.27927159    2.20548204    2.29680809    2.27276434    1.54581449    1.78716161    1.57018539    1.70707201    1.58171728    1.82707128    1.71114676    1.64258350    1.70750459    1.65134846    1.65996040    1.99974150    1.86911487    1.84833501    1.38226011    1.51123434    1.49919066    1.29502443    1.92845948    1.64382173    1.45482045    1.49114858    1.38484108    1.53485906    1.40396071    1.41254259    1.52762835
Q2GFM9_EHRCR/118-192     1.17868122    2.11991609    1.09546262    1.15176384    1.25493180    1.16963574    1.35055440    1.28543997    1.34851746    1.29501205    1.44887993    1.90856240    2.24671480    0.00000000    0.92054480    0.87828325    1.26711955    0.79077383    1.54397925    1.40738072    1.06153767    1.02989914    1.11273023    0.87317585    0.95211691    1.09602970    1.03014234    1.12906662    1.15105869    1.12390180    1.01568381    1.08308555    1.08115454    0.98668586    0.94916823    1.25992947    1.35748177    1.23604390    2.06360232    1.71438726    2.05711511    1.53866552    1.47019596    1.84960373    1.44991398    1.02403572    1.00564203    1.01011938    1.04524572    1.19715704    1.09629335    1.08958110    1.25046211    1.18416388    1.23075938    1.13358738    1.49781853    1.64547177    1.43020378    1.08774184    1.07607898    1.05908800    1.16860136    1.10665631    1.01026060    1.11065328    1.01086638    1.23342027    1.39579925    1.01486680    1.18599113    1.18002879    1.20796029    1.15664604    1.52107631    1.12276657    1.66311272    1.54356085    1.51504650    1.37411012    1.48043710    1.44403207    1.60456679    1.77068985    1.71171930    1.59902352    1.21865845    1.22649711    1.41321412    1.33437119    1.50006196    1.37456030    1.29644352    1.23790091    1.31250657    1.39909582    1.25647683    1.33469950    1.29751248    1.45986943    1.77423367    1.37204042    1.54014455    1.67381640    1.62528203    1.50889265    1.11294923    1.48582971    1.50960736    1.60188344    1.22248367    1.56194569    1.42605569    1.85186703    1.85678268    1.72541404    1.96884754    2.03470705    1.90807751    1.79635437    2.06875426    1.72070554    1.76600722    1.89997588    2.02199730    1.82195266    1.57687403    1.57445242    1.88319547    1.79514249    1.68821613    1.77564371    1.49201764    1.80279024    1.56992780    1.30136913    1.68807102    1.71705482    1.55927586    1.66049194    1.61770086    1.47955977    1.39383228    1.05447145    1.26406530    1.39997220    1.29493542    1.23109879    1.39553686    1.51905939    1.36368455    1.41001052    1.01962112
Q2GJ52_ANAPZ/137-213     1.24427321    2.07094107    1.40073728    1.37380943    1.47580209    1.46033914    1.47721285    1.59047217    1.54906751    1.67040992    1.52974754    1.92394490    1.84009883    0.92054480    0.00000000    0.79773699    1.38031436    1.08169034    1.23072174    1.35366492    1.25586850    1.14467463    1.26827376    1.14472473    1.22334166    1.46384078    1.27709442    1.44243887    1.44504209    1.43840260    1.50391536    1.44130747    1.39622317    1.25044962    1.38147270    1.37940652    1.19548356    1.49291053    1.91654389    1.65349680    2.03780734    1.52568953    1.35918274    1.44992070    1.69661983    1.02083601    1.21933103    1.04394532    0.95195374    1.16502762    1.22238978    1.16292012    1.12992788    1.35483049    1.34895435    1.38203922    1.82956095    1.79908671    1.97409482    1.20354798    1.04806039    1.27905758    1.20193998    1.16665084    1.42710057    1.27782014    1.25229706    1.39568575    1.31219989    1.14555523    1.06294541    1.23494098    1.09402583    1.40670874    1.21425901    1.12987966    1.36690464    1.40615803    1.30116450    1.38037328    1.34289558    1.35213945    1.36388677    1.71571242    1.68471842    1.51363281    1.25719422    1.36363789    1.30850229    1.31347031    1.39998309    1.32078871    1.29057445    1.41621360    1.32785547    1.34187933    1.30028242    1.26907383    1.34391113    1.49698127    1.68462877    1.45723581    1.60378309    1.44754875    1.50595843    1.55519084    1.27291147    1.59020397    1.48467053    1.74303673    1.34426021    1.57547069    1.37260211    1.69336875    1.58485862    1.43132684    1.61114724    1.66208702    1.68204253    1.40771179    1.54186520    1.42328835    1.53380173    1.58086259    1.59511674    1.72272889    1.25818286    1.62771412    1.63245297    1.63428197    1.73501374    1.76438847    1.52089164    1.79829748    1.55583074    1.47306339    1.42076465    1.56013282    1.49217041    1.59921653    1.44706296    1.23686795    1.09480955    1.31733969    1.30016611    1.51383757    1.45801669    1.36857797    1.14431148    1.40103247    1.20586554    1.16383025    1.22973762
B9KHU5_ANAMF/122-198     1.39951511    1.83060597    1.66480536    1.47312520    1.71861800    1.44148084    1.35451881    1.49202318    1.52406385    1.53502198    1.60256341    2.07168653    2.09142127    0.87828325    0.79773699    0.00000000    1.46385066    1.18737328    1.57144321    1.41589906    1.21316068    1.19940375    1.24734578    1.04581437    1.33446891    1.38366016    1.46002280    1.49910717    1.46772340    1.30919608    1.46044860    1.43417236    1.33988990    1.24306344    1.34352987    1.23835720    1.37794211    1.46948442    2.16545245    1.85067296    1.73164032    1.41032603    1.29172947    1.42748026    1.45008708    1.02955910    1.20143930    1.09545469    0.94288270    1.03534749    1.11899153    1.10560341    1.11158290    1.39937436    1.43150258    1.41266859    1.71401929    1.54043316    1.72518312    1.20590932    1.14587421    1.07281530    1.17852129    1.46045759    1.54985366    1.48212252    1.35445096    1.51238676    1.61591439    1.25640146    1.28013846    1.28847495    1.42039406    1.32750097    1.45242538    1.57646209    1.46885124    1.62232615    1.63141039    1.45895771    1.68559019    1.74803760    1.18050295    1.46655584    1.45224117    1.48117672    1.54282016    1.58696644    1.51848595    1.68616617    1.61498024    1.65218478    1.70038685    1.64521408    1.54611805    1.57716748    1.62051004    1.67380542    1.56266464    1.74662579    1.73747678    1.66141826    1.77704954    1.51321653    1.66222572    1.64324388    1.51026800    1.71051134    1.61444610    1.58081720    1.25614546    1.66727247    1.72749442    1.70994620    1.96498575    2.02421668    1.85806024    1.95467349    2.00745565    1.85095611    1.72945865    1.93766349    1.70496287    1.84681643    2.07186264    2.00535908    1.61239878    1.57426423    1.69589025    1.92919725    1.64621161    1.62330885    1.67390586    1.70203898    1.79940861    1.53621545    1.70406254    1.75633685    1.68584600    1.85122897    1.44170383    1.51896971    1.46560797    1.55465436    1.36065452    1.63295331    1.49373954    1.58904627    1.37834491    1.65550588    1.58375935    1.48448166    1.16692306
J9YZN3_9PROT/109-180     1.64071229    2.45395713    1.60217131    1.48646580    1.75012620    1.71666733    1.69335717    1.74794200    1.78369917    1.77050722    1.69009560    1.83796580    2.10296770    1.26711955    1.38031436    1.46385066    0.00000000    1.19347938    1.74695765    1.28599233    1.36900649    1.42238667    1.23486699    1.36342007    1.69047743    1.43949209    1.38133700    1.52493882    1.47917766    1.39742702    1.32563306    1.29529284    1.42108433    1.48581597    1.22193585    1.25247199    1.54097757    1.56497866    1.94395656    1.89151126    1.70911667    1.66197384    1.35805852    1.75112468    1.44299313    1.35893370    1.17397289    1.38383636    1.36481319    1.13664754    1.17517967    1.43627811    1.42017559    1.18064015    1.54399377    1.29533850    1.55289643    1.89478149    1.61358775    1.20068772    1.26745094    1.26762043    1.34698104    1.31999014    1.44003477    1.53065417    1.19748133    1.82793933    1.62120386    1.35032264    1.48223289    1.68287012    1.52653616    1.76321419    1.37694411    1.47927494    1.41051220    1.72759229    1.62372847    1.67631268    2.09031198    1.92655593    1.51530332    1.88901990    1.92820939    1.68861254    1.38168651    1.75851668    1.48828580    1.41011913    1.62155549    1.55771701    1.32737963    1.42173705    1.27687200    1.22917005    1.02059576    1.38260334    1.33128350    1.53476187    1.85959871    1.60746305    1.49915135    1.73682531    1.66065425    1.43341204    1.50502502    1.36440063    1.51750897    1.47826407    1.32106306    1.33153718    1.80069587    1.92340538    1.82461764    1.77771845    1.94671432    2.33616662    2.41593772    1.48850249    1.91318772    1.77678856    1.97945229    2.08568988    2.06164059    1.97851045    1.27880349    1.45022837    1.54544484    1.62409410    1.33738431    1.45839880    1.24198328    1.50233654    1.24891483    1.47057195    1.28495447    1.41253958    1.49577161    1.41433663    1.58070291    1.78898816    1.44481491    1.28932726    2.00399761    1.87393533    1.81417007    2.03116870    1.76761394    1.97377624    1.89545711    1.89112367    1.20837044
F7XUY2_MIDMI/110-187     1.00178505    1.88474541    1.07732449    0.99751295    1.01614682    1.29510970    1.27205290    1.24326543    1.16252439    1.31288975    1.12996822    1.49698648    1.83424712    0.79077383    1.08169034    1.18737328    1.19347938    0.00000000    1.65863498    1.12453628    0.82919936    0.81192417    0.66879132    0.68254517    0.70511872    1.03499725    1.02528446    1.03978864    1.03427156    0.85032961    0.86692696    0.81975374    0.80381133    0.91338458    0.91270810    0.99910803    1.03109231    1.11973659    2.22391011    1.42343789    1.67627744    1.39164246    1.21784051    1.61997997    1.24102493    0.96463030    1.18761091    0.86118147    1.07927428    1.12269191    0.89812322    0.83900240    0.97197698    1.26547538    1.17404825    0.79349442    1.27143074    1.45451475    1.23768282    0.86859297    0.79393550    0.71679976    0.87411024    1.20131964    1.24964998    1.25531240    1.07646583    0.96642602    1.31603077    0.94356024    0.80156034    0.85630686    0.98614148    1.09403092    1.20581578    1.10723742    1.43317910    1.39983629    1.40007037    1.37688334    1.53211969    1.50778089    1.54105172    1.59284475    1.69276078    1.54320788    1.04116488    1.22466499    1.30321188    1.16055997    1.32748920    1.39560605    1.28513434    1.14938326    1.21889127    1.28254901    1.07719583    1.19870335    1.14657081    1.30584190    1.55584255    1.27348453    1.40548314    1.36134162    1.25332243    1.10731444    0.98388606    1.12402893    1.05939476    1.13047914    0.99812907    1.65095318    1.65606759    1.76941103    1.88549200    2.00091216    2.16933402    1.98540585    2.45771223    1.92708001    2.24045456    1.75336184    1.86680957    2.11603475    2.18891355    2.16298518    1.44718303    1.51187914    1.61178506    1.69942178    1.47539951    1.65315848    1.39792282    1.42401857    1.58622164    1.31392862    1.62534333    1.53244730    1.44321791    1.55616261    1.39780334    1.47073588    1.50039267    0.93670234    1.13229179    1.30112459    1.14372909    1.10006851    1.10758116    1.64400457    1.53678028    1.18818747    0.96097443
