9
G8BUK6_TETPH/56-316     0.00000000    0.72540755    1.69904962    1.36131133    1.19906105    2.30477522    2.11923042    1.35303353    1.50429156
A7TKZ1_VANPO/56-303     0.72540755    0.00000000    1.19288502    0.97089048    0.85816522    1.92569840    1.62314585    1.07534781    1.23859927
J7RGM3_KAZNA/54-313     1.69904962    1.19288502    0.00000000    1.21929281    1.20279414    2.27744639    2.12327164    1.50792263    1.60981522
C5DQT0_ZYGRC/71-340     1.36131133    0.97089048    1.21929281    0.00000000    0.69306324    2.00098915    1.71305825    1.08863887    1.40126499
G8ZRC8_TORDC/71-303     1.19906105    0.85816522    1.20279414    0.69306324    0.00000000    1.84840277    1.65234558    1.05295950    1.22884730
Q75BP0_ASHGO/53-296     2.30477522    1.92569840    2.27744639    2.00098915    1.84840277    0.00000000    1.74157742    1.90230645    1.95992057
C5DCP9_LACTC/54-335     2.11923042    1.62314585    2.12327164    1.71305825    1.65234558    1.74157742    0.00000000    1.96050739    2.40088083
Q6FY87_CANGA/50-302     1.35303353    1.07534781    1.50792263    1.08863887    1.05295950    1.90230645    1.96050739    0.00000000    1.31696215
G0WBY5_NAUDC/62-390     1.50429156    1.23859927    1.60981522    1.40126499    1.22884730    1.95992057    2.40088083    1.31696215    0.00000000

