62
A0A6L7H620_BACAN/5-248     0.00000000    1.87241957    2.04501883    2.46036893    2.39554317    1.95451485    2.56257524    2.10121854    2.21265613    2.19117400    2.80051586    2.52423493    2.32231592    2.16649987    2.32237825    2.02314415    2.23015623    2.29504422    2.47038378    2.52684464    2.30539258    2.05653230    2.55928873    2.32919546    2.09546826    1.98646905    2.76620264    2.65945332    2.15791655    2.12359539    1.89048096    2.13307493    1.99597300    1.95623691    2.07769580    2.09953519    2.16521180    2.44714098    2.08184191    2.11652494    2.67867056    2.26021334    2.88734959    2.83815597    2.40354595    2.00623250    2.06363089    2.07287030    2.18443984    2.24059757    2.12096729    2.15694951    2.67094586    2.02439783    2.48839130    2.49789286    2.19430078    2.35284547    2.18199054    3.12084317    2.17333449    2.07632314
Q8G6D3_BIFLO/14-278     1.87241957    0.00000000    2.52104109    2.84103717    2.71249553    2.47463186    3.08466377    2.57211557    2.76071240    2.67072036    3.15965220    2.99292620    2.61633883    3.00520084    3.16264843    2.35020373    3.05456499    3.16266974    3.05319070    3.96359354    2.91024956    2.75857149    3.20571549    3.03861113    2.72166385    2.58363554    3.14245180    3.04973311    2.61527973    2.86063590    2.19580925    2.87689689    2.52537140    2.43907500    1.96755298    2.47133447    2.61427291    3.15738554    2.48940373    2.54512586    2.62968722    3.37133551    3.31701519    3.58240853    2.97627146    2.36397780    2.61411233    2.38453822    2.41298276    2.77342840    2.26374056    2.37654793    2.84483707    2.71446060    2.90478373    3.34050785    2.09511497    2.68320850    2.96329346    3.14366367    3.12112045    3.02065523
Q8YA83_LISMO/7-268     2.04501883    2.52104109    0.00000000    2.31128673    2.12167749    1.74512600    2.31885508    2.12295949    2.04351285    2.39855578    3.33917060    2.30281812    2.25657130    2.16325532    1.76210995    2.28725363    2.42925612    3.06540170    2.52384842    2.89161416    2.87229390    2.16474783    2.26689646    2.14921358    2.24103939    2.22385157    2.82954844    2.53540540    2.27857193    2.05972100    2.21535258    1.91734478    2.04008926    2.16338566    2.28466609    1.98511056    2.01950933    2.35365049    2.51512044    2.30360964    2.40534654    2.30136104    2.40986497    2.98133664    2.60250172    2.02488185    2.02500916    2.56452027    2.31263935    2.22479415    1.87387202    2.43903371    2.59109779    2.42658452    3.01572569    2.62322270    1.86797405    1.81999976    2.33208010    2.35592852    2.18826563    2.00005510
Q9PQW9_UREPA/9-283     2.46036893    2.84103717    2.31128673    0.00000000    1.21505076    1.90681417    2.05856654    1.86041332    2.54366207    2.92637895    2.80026471    2.40685739    2.38641611    2.90281544    2.66516081    2.60393616    2.47940945    3.22831479    3.39945050    3.80824463    3.11834884    2.38553235    2.52550523    2.86946389    2.39122685    2.79529945    2.83743903    3.15252360    2.75740229    2.57333924    2.55481898    2.80055312    2.69632902    2.43940892    2.45554644    2.27630609    2.59839021    2.37378507    2.86775780    3.22555799    3.11201188    3.36641888    3.57970099    3.25277327    2.68170005    2.35879530    2.68026057    2.49312000    2.72220858    2.48833531    2.48109604    2.49928981    2.80225710    2.77899780    2.62200693    3.36610152    2.26148503    2.39111179    2.86970702    2.59474293    3.00383038    2.65733413
Q8EVV2_MYCPE/9-285     2.39554317    2.71249553    2.12167749    1.21505076    0.00000000    2.05850505    2.06437667    2.29543087    2.68557820    2.64141953    2.92839029    2.92304875    2.72312369    3.06225962    2.95571622    2.93170220    2.87462507    3.25921369    2.88289715    3.16798213    2.81134820    2.47830003    2.45655999    2.89293859    3.28928176    2.55825898    2.70229892    3.34134455    2.67128282    2.51064412    2.88869795    2.51720820    2.77438450    2.66467983    2.30349358    2.52185292    3.11691353    2.73592135    3.13349194    3.31714151    3.05730952    3.24341921    3.96204964    3.26895275    2.72598392    2.48863410    2.73440414    2.49699474    2.52961882    2.48193777    2.49178081    2.45894560    3.35686392    2.64657748    2.76906416    3.14207173    2.25678922    2.87567327    3.63444711    2.75271666    2.82384975    2.93313799
Q8ERV4_OCEIH/9-265     1.95451485    2.47463186    1.74512600    1.90681417    2.05850505    0.00000000    1.75852975    1.36962942    2.55680084    2.47665452    3.14615648    2.50594554    2.73621132    2.74683375    2.27993055    1.96839533    2.44678170    3.28144198    2.75678424    2.75989009    2.84803034    2.43708725    2.36350558    2.37433309    2.08311684    2.22902035    3.50861505    2.94058925    2.15139413    2.18200881    2.30236729    2.14578709    2.10973279    2.05857896    2.31665486    2.00431984    2.37194851    2.59611591    2.72512126    2.74949703    2.25262751    2.54721158    2.83414359    2.56672722    2.56515106    2.15162405    2.11251766    2.03942045    2.19575198    2.49168764    2.21413386    2.34205353    2.52942199    3.08861873    2.39922143    3.33314804    2.64470413    2.52413980    2.26359902    2.91033105    1.98882022    2.52412936
Q9CEV2_LACLA/10-269     2.56257524    3.08466377    2.31885508    2.05856654    2.06437667    1.75852975    0.00000000    1.20570998    2.91575032    2.59943865    3.53398283    2.76622217    2.55883663    2.53033402    2.21761042    2.88264866    2.98474605    3.05689473    2.96010266    3.50365330    2.77934701    2.66916156    2.46107272    2.49996735    2.48786483    2.30252289    3.24383637    2.81869180    2.79057349    2.44650005    2.83602988    2.81517975    2.37891368    2.54832123    2.72272597    2.51528964    2.86846133    2.58916896    2.56789738    2.94083571    2.69602947    2.65420762    2.68055826    3.02187457    2.46001074    2.63637526    2.62069638    2.19358740    2.49185345    2.30927336    2.27284865    2.28804439    2.90091650    2.47987133    2.42930832    3.18939444    2.91919125    2.89090669    2.90783953    3.09968912    2.41656315    2.64456350
Q836R9_ENTFA/5-261     2.10121854    2.57211557    2.12295949    1.86041332    2.29543087    1.36962942    1.20570998    0.00000000    2.60935276    2.41849845    3.16650753    2.64116965    2.70909584    3.05660127    2.45467524    2.11372823    2.35299740    2.62398810    2.61985359    2.92769254    2.75341018    2.38722659    2.40554519    2.46750243    2.23818408    2.35866532    3.23895327    2.78441917    2.81120878    2.00785563    2.34984273    2.08528371    2.30027117    2.23282934    2.32446551    2.15941568    2.23602311    2.25241439    2.50825833    2.96742516    2.71331194    2.83330925    2.75530448    2.83316814    2.47895951    2.05732688    2.11942453    2.15704935    2.29639561    2.24880356    2.09909397    2.18342542    2.58524036    2.75159251    2.54981385    2.98780223    2.61548423    2.65219273    2.30141862    2.57768091    2.46644637    2.35959239
Q98Q20_MYCPU/11-269     2.21265613    2.76071240    2.04351285    2.54366207    2.68557820    2.55680084    2.91575032    2.60935276    0.00000000    2.08198089    3.15375935    2.36178536    2.46287034    2.65043971    2.30627766    2.17140810    2.49931759    2.62486657    2.47475441    3.19095721    2.58689031    2.15189991    2.15553045    2.35356871    2.77481826    2.65595445    3.28132873    2.76359353    2.35578784    2.51244627    2.48544614    2.71932646    2.45201809    2.52920868    2.78757162    2.43110248    2.41598539    2.56332303    2.71174775    2.50761113    2.65988150    2.84827699    3.57509047    3.16025962    2.69076988    2.81406069    2.60157443    2.50520740    2.65797347    2.51553521    2.08689044    2.81666303    2.62767622    2.43664408    2.56876258    2.63910139    2.61948835    2.63039712    2.39976621    2.82601565    2.72357185    2.18569451
Q8IJ74_PLAF7/24-282     2.19117400    2.67072036    2.39855578    2.92637895    2.64141953    2.47665452    2.59943865    2.41849845    2.08198089    0.00000000    2.36594429    1.71815209    2.40599615    2.33838291    2.49783033    2.29604589    2.40430984    2.44484590    2.51238718    2.60490065    2.59770912    2.19481188    2.34210903    2.49350098    2.26045196    2.33352325    2.41280921    2.19865126    2.51991275    1.95388707    2.44618577    2.16100757    1.89978071    2.31147127    2.41297527    1.80999079    2.31328376    2.33682287    2.51749065    2.25561238    2.56256212    2.60684297    2.78928501    3.00793202    3.28530558    2.72844844    2.75761868    2.26649199    2.34601046    2.58405521    2.31799729    2.17754308    2.40234757    2.21079811    2.30969492    2.44344897    2.49851108    2.43649709    2.65502983    2.19196120    2.74998500    2.36258677
Q8I5F6_PLAF7/23-307     2.80051586    3.15965220    3.33917060    2.80026471    2.92839029    3.14615648    3.53398283    3.16650753    3.15375935    2.36594429    0.00000000    2.46580018    2.33256622    3.09194433    2.67385526    2.87280090    3.27457882    3.01684616    3.39101438    3.32896398    2.69349505    2.98164871    2.94285154    4.05944321    3.50596821    3.04948282    3.62637269    3.01750719    2.98232160    2.78558947    2.95993325    3.03534516    2.98265613    2.83708679    2.76341417    3.06902829    3.40846514    3.69125634    2.84992478    3.44534913    3.58733106    3.54915236    2.80907795    3.02046936    3.90715130    3.88150218    3.71535159    3.46138898    3.38914912    3.67187456    3.55770877    2.78084402    3.53699746    3.23301858    2.80211917    3.50402856    2.94359613    3.38981352    2.95728756    3.02050650    2.99696180    3.53938085
Q8I5F4_PLAF7/23-286     2.52423493    2.99292620    2.30281812    2.40685739    2.92304875    2.50594554    2.76622217    2.64116965    2.36178536    1.71815209    2.46580018    0.00000000    2.43834949    2.68535363    3.12845974    2.58810322    2.88711418    2.84018158    2.82412932    2.64061144    2.64368657    2.41106042    2.31100668    2.68874081    2.88016603    2.51878915    2.42804661    2.53518514    3.08777292    2.62085065    2.50945110    2.25167227    2.21720647    2.34841937    2.58720019    2.38436021    2.36637641    2.65380953    3.01920868    2.75978547    2.79789746    3.11186200    2.80336385    3.26285044    2.74177506    2.95641291    2.88277650    2.75089389    2.68054899    3.61594262    2.55059790    2.56259238    2.68203648    2.67268436    2.56384382    2.92413959    2.99712295    2.75296883    2.81684877    2.84542355    2.82208923    2.76286123
Q98QW6_MYCPU/9-259     2.32231592    2.61633883    2.25657130    2.38641611    2.72312369    2.73621132    2.55883663    2.70909584    2.46287034    2.40599615    2.33256622    2.43834949    0.00000000    2.54703981    2.34019481    2.17449243    2.38135507    2.68532098    2.46250157    2.48641572    2.83489579    2.06251546    2.36002810    1.92373239    2.21301087    2.33502288    2.54925633    2.29110744    2.31514375    1.97596674    2.06134351    2.09504600    2.26689847    1.99281762    2.13537734    2.44396457    2.47894232    2.90915424    2.65677613    2.74133476    3.02613880    2.34340379    2.69623615    2.99187587    2.81445014    2.70575830    3.12832389    2.50995425    2.36725648    2.60658862    2.49199596    2.15633707    2.60747616    2.43989105    2.15455444    2.07207566    2.19120016    2.37775285    2.58942395    3.02335461    2.76771289    2.48947167
Q8EN32_OCEIH/8-256     2.16649987    3.00520084    2.16325532    2.90281544    3.06225962    2.74683375    2.53033402    3.05660127    2.65043971    2.33838291    3.09194433    2.68535363    2.54703981    0.00000000    1.55916334    1.95029625    1.83463972    1.91837138    2.66649820    2.83398196    2.63211522    2.14822299    2.06481382    2.31696023    2.44865499    2.22728665    2.74826910    2.53463677    2.75041018    2.63991064    2.61487418    3.00912183    2.35818614    2.64639112    2.69185768    2.49165285    2.80480513    2.62160287    2.58893656    2.49599665    2.75495848    2.78489421    2.91143506    2.69322350    3.18677423    2.32900331    2.79940004    2.76080139    2.28282589    2.86856983    2.67453542    2.72591955    2.71886289    2.63653767    3.59606756    3.09465411    2.63436877    2.91384479    2.57899647    2.78879325    2.85557751    2.40566163
Q82ZI9_ENTFA/6-252     2.32237825    3.16264843    1.76210995    2.66516081    2.95571622    2.27993055    2.21761042    2.45467524    2.30627766    2.49783033    2.67385526    3.12845974    2.34019481    1.55916334    0.00000000    1.67030908    1.98162745    2.12514937    2.30476069    2.24026634    2.52953514    1.77513938    1.98785261    2.18070510    1.88240940    2.19788654    3.32591076    2.42537499    2.32410177    2.19024246    2.45594530    2.30179126    2.01523258    2.17785950    2.18600855    2.30711852    2.42615636    2.15738503    2.31682293    2.69389782    2.46083411    2.77468274    2.83278025    2.41073030    2.31295621    2.26521401    2.37641075    2.34578221    2.59717816    2.41087644    2.27244076    2.29414939    2.51812629    2.61186233    2.53563244    2.68337467    2.20785381    2.17865675    2.24342914    2.79492933    2.53313898    2.02344610
Q8DSF8_STRMU/11-278     2.02314415    2.35020373    2.28725363    2.60393616    2.93170220    1.96839533    2.88264866    2.11372823    2.17140810    2.29604589    2.87280090    2.58810322    2.17449243    1.95029625    1.67030908    0.00000000    1.82473614    2.06732780    2.37642589    2.06733903    2.40269252    1.92770101    2.12987803    2.14190954    1.79598241    2.06533403    2.75335815    2.15014214    1.75903974    2.24604074    1.87961499    2.00876030    2.25502248    2.23526330    1.85946797    2.28849200    2.19240159    2.08973095    2.17149589    2.45009123    2.71256048    2.47791245    2.60484238    2.58223408    2.30275079    2.13465780    2.01897326    2.04274699    2.41071746    2.35333713    2.20961815    2.16498750    2.45194743    2.50962640    2.48307171    2.56881979    2.29567590    2.10561841    2.25228699    3.28426851    2.47996618    1.92936486
A0A6L8PCH8_BACAN/5-252     2.23015623    3.05456499    2.42925612    2.47940945    2.87462507    2.44678170    2.98474605    2.35299740    2.49931759    2.40430984    3.27457882    2.88711418    2.38135507    1.83463972    1.98162745    1.82473614    0.00000000    2.23834118    2.34945374    2.59283676    2.71259000    2.30406246    2.27591423    2.44313843    2.15300640    2.66204522    2.51459391    2.36351705    2.37244931    2.52095812    2.31076969    2.12679877    2.37865095    2.29315559    2.28456142    2.02876937    2.83512108    2.45643315    2.13334476    2.91989817    3.14861283    2.62392668    3.02724474    3.09928133    2.74900883    2.11921531    2.49869276    2.40701729    2.36361038    2.49554698    2.56088108    2.82122503    3.03306907    3.00709027    2.84185491    3.36957281    2.48040619    2.68879277    2.43346549    2.92953218    2.55651716    2.42186093
Q835W3_ENTFA/8-253     2.29504422    3.16266974    3.06540170    3.22831479    3.25921369    3.28144198    3.05689473    2.62398810    2.62486657    2.44484590    3.01684616    2.84018158    2.68532098    1.91837138    2.12514937    2.06732780    2.23834118    0.00000000    2.21303365    2.52694900    2.37472244    2.36016322    1.89675133    2.09610344    2.18544632    2.44692795    2.81297483    2.37687328    2.39001579    2.36191222    2.02050654    2.41295127    2.10005546    2.19696739    2.28961765    2.37606925    2.50355715    2.34708332    2.43172990    2.31158086    2.75346657    2.77526766    2.85052646    2.69263018    2.97732254    2.74833954    2.76293806    2.69180956    2.60402251    2.99845212    2.43336931    2.71389948    2.72613875    2.63671071    3.13053687    2.48363476    2.71413626    2.58000497    2.53635746    2.87189846    2.90925017    2.23839172
Q8FMK4_COREF/15-278     2.47038378    3.05319070    2.52384842    3.39945050    2.88289715    2.75678424    2.96010266    2.61985359    2.47475441    2.51238718    3.39101438    2.82412932    2.46250157    2.66649820    2.30476069    2.37642589    2.34945374    2.21303365    0.00000000    2.19117637    2.85043179    2.10139658    2.14677343    3.00655861    2.98324569    2.66729010    2.90275329    2.84792052    2.78218509    2.73859994    2.32785841    2.46970314    2.45179146    2.84027699    2.56986024    2.51560498    2.72176038    2.99157944    2.72976360    3.33609768    2.79526653    3.30443693    3.70282203    2.86399409    2.66878358    2.80486416    2.96005971    2.62116766    2.88394934    2.96524427    2.41712326    2.58014161    2.98104377    3.18070402    3.15157834    2.89950364    2.48840193    2.95357178    2.85170251    3.16823456    3.16101417    2.94166288
Q8G626_BIFLO/14-281     2.52684464    3.96359354    2.89161416    3.80824463    3.16798213    2.75989009    3.50365330    2.92769254    3.19095721    2.60490065    3.32896398    2.64061144    2.48641572    2.83398196    2.24026634    2.06733903    2.59283676    2.52694900    2.19117637    0.00000000    2.84497198    2.53512923    2.51688023    2.81772581    2.72671639    2.73090771    2.93707963    2.95413213    2.72769584    2.28753700    2.46525388    2.31720932    2.27640964    2.56243744    2.47497858    2.74701484    2.83505705    2.68172864    3.16766528    3.50936148    3.22404871    3.12821398    3.51872650    3.15951573    2.85815300    3.10888963    2.68560202    2.75191097    2.86392426    3.17524959    2.59370152    2.80885826    3.33221351    3.25615686    3.16382301    2.93562912    2.52191664    2.45578419    3.09193275    4.31699794    3.53886603    3.26948702
Q8EUB1_MYCPE/6-272     2.30539258    2.91024956    2.87229390    3.11834884    2.81134820    2.84803034    2.77934701    2.75341018    2.58689031    2.59770912    2.69349505    2.64368657    2.83489579    2.63211522    2.52953514    2.40269252    2.71259000    2.37472244    2.85043179    2.84497198    0.00000000    2.33113753    2.42664129    2.14694873    2.90172693    3.50098806    3.01117210    2.40647744    2.96234679    2.31544003    2.63134369    2.28057437    2.52324208    2.67367279    3.09748448    2.13892651    2.70561908    2.74238092    2.69095174    2.70320038    2.71647968    3.36753355    3.06140114    3.13630779    3.16612468    2.81437228    2.97517869    2.78143333    2.56114676    2.61298112    2.91969701    3.10099340    3.16918394    2.75927874    2.98994077    2.39480438    2.77261143    2.79763507    2.83094573    2.90812025    2.85800403    2.21098909
Q97GE4_CLOAB/6-257     2.05653230    2.75857149    2.16474783    2.38553235    2.47830003    2.43708725    2.66916156    2.38722659    2.15189991    2.19481188    2.98164871    2.41106042    2.06251546    2.14822299    1.77513938    1.92770101    2.30406246    2.36016322    2.10139658    2.53512923    2.33113753    0.00000000    1.55751039    1.88517542    2.41918128    2.35437671    2.83622942    2.81824412    2.21321521    2.36958600    2.60053174    2.32479140    2.33871333    2.19765018    2.18665637    2.15770090    2.41460720    2.74231683    2.53197256    2.54732318    2.59315751    2.63468275    3.19651871    2.74037824    2.33358313    2.42208472    2.62296935    2.82778400    2.93738464    2.86732372    2.69627953    2.83864570    2.87355471    2.61920481    2.54785583    2.38838542    2.32695612    2.44424796    2.43572375    3.31017247    2.68815105    2.30954190
Q8XN14_CLOPE/8-258     2.55928873    3.20571549    2.26689646    2.52550523    2.45655999    2.36350558    2.46107272    2.40554519    2.15553045    2.34210903    2.94285154    2.31100668    2.36002810    2.06481382    1.98785261    2.12987803    2.27591423    1.89675133    2.14677343    2.51688023    2.42664129    1.55751039    0.00000000    1.79852044    2.59571985    2.33879823    2.69302973    2.58855559    2.61256805    2.41646581    2.67086278    2.19848203    2.06288209    2.43159484    2.13273826    2.38908722    2.67470836    2.32353799    2.72942400    2.40195129    2.43125728    2.30844130    2.46280335    2.88143502    2.58270981    2.39821497    2.30241285    2.42712481    2.69935327    2.50041136    2.36158146    2.72117549    2.77042915    2.77413142    3.05065756    2.84002867    2.57192952    2.85647007    2.20360152    2.83522019    2.70392997    2.30428653
Q98Q25_MYCPU/12-279     2.32919546    3.03861113    2.14921358    2.86946389    2.89293859    2.37433309    2.49996735    2.46750243    2.35356871    2.49350098    4.05944321    2.68874081    1.92373239    2.31696023    2.18070510    2.14190954    2.44313843    2.09610344    3.00655861    2.81772581    2.14694873    1.88517542    1.79852044    0.00000000    2.38212860    2.26929737    2.86801979    2.67939208    2.24335461    2.72123010    2.19113730    2.60900846    2.37753576    2.31360795    2.44320183    2.49947281    2.07228721    2.23404654    2.47125885    2.55381900    2.93618472    2.45733553    2.92517016    2.75820376    2.87127819    2.62884498    2.52141603    2.53128364    2.70218698    2.74219622    2.57908308    2.49222260    2.59390199    2.35534900    2.64195240    2.17730913    2.55193322    2.44029730    2.40083204    3.08635495    2.02647304    1.77299113
Q8A2F3_BACTN/6-263     2.09546826    2.72166385    2.24103939    2.39122685    3.28928176    2.08311684    2.48786483    2.23818408    2.77481826    2.26045196    3.50596821    2.88016603    2.21301087    2.44865499    1.88240940    1.79598241    2.15300640    2.18544632    2.98324569    2.72671639    2.90172693    2.41918128    2.59571985    2.38212860    0.00000000    1.43561391    2.71127108    1.97952528    1.62108380    1.81716808    1.50419278    1.76457047    1.92346013    1.96496091    1.85622591    1.73758989    1.86487823    2.20798089    2.20677242    2.47207121    2.75876598    2.63927421    2.56655934    2.63823878    2.32675841    1.88458965    2.33971421    2.09388653    2.15509727    2.12500314    1.75670368    2.36895516    2.70764013    2.89790259    2.44545150    2.94175394    2.06897808    2.02343196    2.23479652    2.52836887    2.13019170    2.63813276
Q5HPL1_STAEQ/7-263     1.98646905    2.58363554    2.22385157    2.79529945    2.55825898    2.22902035    2.30252289    2.35866532    2.65595445    2.33352325    3.04948282    2.51878915    2.33502288    2.22728665    2.19788654    2.06533403    2.66204522    2.44692795    2.66729010    2.73090771    3.50098806    2.35437671    2.33879823    2.26929737    1.43561391    0.00000000    2.90838645    2.37394542    1.98990573    2.02432152    1.72946859    2.03269907    2.09034527    2.09446970    2.20264093    1.94007133    1.77657967    2.18001221    2.32290067    2.21758733    2.58749110    2.62922156    2.69173643    2.47092675    2.37686181    2.53698746    2.57335289    1.72407933    2.12456422    2.04857612    1.88321177    2.22433462    2.67753902    2.55933009    2.45726270    2.62589139    2.37992088    2.31267490    2.52842751    2.45420709    2.51934993    2.15102241
Q98R72_MYCPU/8-255     2.76620264    3.14245180    2.82954844    2.83743903    2.70229892    3.50861505    3.24383637    3.23895327    3.28132873    2.41280921    3.62637269    2.42804661    2.54925633    2.74826910    3.32591076    2.75335815    2.51459391    2.81297483    2.90275329    2.93707963    3.01117210    2.83622942    2.69302973    2.86801979    2.71127108    2.90838645    0.00000000    2.27370499    2.45834526    2.30645777    2.63684500    2.38681071    2.18476867    2.94572775    2.69862977    2.61230158    3.32851384    2.90223156    2.82921002    2.68647794    3.44438149    2.84223111    2.73648045    3.35288140    3.58225848    3.02830847    2.83905705    2.99920411    2.95413625    3.19436403    2.95458452    2.87428039    2.82614179    3.11934488    2.26448929    2.80536808    2.84833789    3.10664509    3.13661288    2.90872123    2.98238981    2.58820284
Q9CDS0_LACLA/6-258     2.65945332    3.04973311    2.53540540    3.15252360    3.34134455    2.94058925    2.81869180    2.78441917    2.76359353    2.19865126    3.01750719    2.53518514    2.29110744    2.53463677    2.42537499    2.15014214    2.36351705    2.37687328    2.84792052    2.95413213    2.40647744    2.81824412    2.58855559    2.67939208    1.97952528    2.37394542    2.27370499    0.00000000    1.64060208    2.04903969    2.10042093    2.11651181    2.05330174    2.37061501    2.34902710    2.18107470    2.27623134    2.21265327    2.91861181    2.72033681    3.26201910    2.79109070    2.83069638    2.43296725    2.94467909    2.81492231    2.82266561    2.41803908    1.99891096    2.57657960    2.36712529    2.55756950    3.11930900    2.38428914    2.58208146    2.47259174    2.11229851    2.23027447    2.32519122    2.56706959    2.49743979    2.62156749
Q8DVI0_STRMU/8-268     2.15791655    2.61527973    2.27857193    2.75740229    2.67128282    2.15139413    2.79057349    2.81120878    2.35578784    2.51991275    2.98232160    3.08777292    2.31514375    2.75041018    2.32410177    1.75903974    2.37244931    2.39001579    2.78218509    2.72769584    2.96234679    2.21321521    2.61256805    2.24335461    1.62108380    1.98990573    2.45834526    1.64060208    0.00000000    2.01757877    1.71236921    2.23851466    2.10031582    2.28034615    2.08274431    2.14013063    2.37307355    2.22244153    2.19681964    2.43429464    2.95375606    2.21513171    2.77134906    2.80843973    2.63631310    2.10381823    2.17053530    1.96812736    2.23719202    2.55613240    2.15668620    2.42515337    2.93267373    2.44310688    2.51214437    2.23983543    1.83533528    2.12224234    2.23802226    2.77202695    2.35412860    2.44246570
Q5HRI8_STAEQ/5-280     2.12359539    2.86063590    2.05972100    2.57333924    2.51064412    2.18200881    2.44650005    2.00785563    2.51244627    1.95388707    2.78558947    2.62085065    1.97596674    2.63991064    2.19024246    2.24604074    2.52095812    2.36191222    2.73859994    2.28753700    2.31544003    2.36958600    2.41646581    2.72123010    1.81716808    2.02432152    2.30645777    2.04903969    2.01757877    0.00000000    1.84304612    1.82321757    1.56075939    1.80463506    2.15374301    1.74749973    2.16781231    2.47293371    2.31734838    2.33360553    2.48888325    2.28025720    2.04944596    2.93725791    2.56359729    2.07344264    2.18492412    2.01412781    2.14558723    2.06086233    1.84054418    2.14866548    2.54022813    2.56438724    2.49563413    2.33626869    2.00340444    2.16101630    2.09979689    2.24238180    2.05432964    2.19097030
Q8RCF4_CALS4/5-262     1.89048096    2.19580925    2.21535258    2.55481898    2.88869795    2.30236729    2.83602988    2.34984273    2.48544614    2.44618577    2.95993325    2.50945110    2.06134351    2.61487418    2.45594530    1.87961499    2.31076969    2.02050654    2.32785841    2.46525388    2.63134369    2.60053174    2.67086278    2.19113730    1.50419278    1.72946859    2.63684500    2.10042093    1.71236921    1.84304612    0.00000000    1.71826966    1.53534660    2.14958524    1.98423054    1.70562524    1.72110237    2.26269605    1.83084465    2.42369682    2.59483944    2.38318820    2.72229726    2.71489019    2.66723234    2.16300781    2.39812502    2.04699065    2.04206827    1.88372647    1.90647370    1.95520517    2.54679565    2.13499799    2.61431555    2.56730912    2.08483854    2.01314098    2.06730490    2.96387933    2.19672568    2.48387612
Q8XKT1_CLOPE/6-269     2.13307493    2.87689689    1.91734478    2.80055312    2.51720820    2.14578709    2.81517975    2.08528371    2.71932646    2.16100757    3.03534516    2.25167227    2.09504600    3.00912183    2.30179126    2.00876030    2.12679877    2.41295127    2.46970314    2.31720932    2.28057437    2.32479140    2.19848203    2.60900846    1.76457047    2.03269907    2.38681071    2.11651181    2.23851466    1.82321757    1.71826966    0.00000000    1.64514006    1.94135243    2.02934819    1.68780418    1.78625212    2.12977417    2.47833581    2.80180343    2.70293530    2.52412267    2.53913597    2.65354181    2.67368596    2.43957955    2.43626782    2.22353274    2.18365931    2.14112294    2.16003448    2.13040173    2.40676224    2.15263934    2.46497866    2.66402697    2.22248098    2.18585444    2.12751493    2.56289333    2.35252008    2.44776888
Q81CX3_BACCR/4-278     1.99597300    2.52537140    2.04008926    2.69632902    2.77438450    2.10973279    2.37891368    2.30027117    2.45201809    1.89978071    2.98265613    2.21720647    2.26689847    2.35818614    2.01523258    2.25502248    2.37865095    2.10005546    2.45179146    2.27640964    2.52324208    2.33871333    2.06288209    2.37753576    1.92346013    2.09034527    2.18476867    2.05330174    2.10031582    1.56075939    1.53534660    1.64514006    0.00000000    1.96484132    2.24937602    1.93102046    1.91790094    2.29076798    2.27168639    2.37997085    2.19462511    2.62854295    2.69739834    2.57314031    2.87173879    2.50628736    2.98688276    2.53078063    2.32063356    2.13450576    2.04809809    2.30781436    2.56227146    2.55693395    2.44585659    2.38905568    1.96321339    2.16623045    1.97947851    2.52840285    2.31701927    2.25214000
Q8E0K5_STRA5/7-265     1.95623691    2.43907500    2.16338566    2.43940892    2.66467983    2.05857896    2.54832123    2.23282934    2.52920868    2.31147127    2.83708679    2.34841937    1.99281762    2.64639112    2.17785950    2.23526330    2.29315559    2.19696739    2.84027699    2.56243744    2.67367279    2.19765018    2.43159484    2.31360795    1.96496091    2.09446970    2.94572775    2.37061501    2.28034615    1.80463506    2.14958524    1.94135243    1.96484132    0.00000000    1.73872464    1.94702755    2.00903718    2.03447284    2.31069719    2.65079194    2.54406500    2.47062221    2.78974024    2.91825247    2.59974389    2.24742738    2.24902189    2.76919515    2.86036633    2.96570680    2.41354120    2.33127827    2.34574644    2.40052975    2.51305040    2.82737982    2.27479707    2.32315007    2.72971609    2.11359055    2.27225799    2.29957991
Q8DQ66_STRR6/5-264     2.07769580    1.96755298    2.28466609    2.45554644    2.30349358    2.31665486    2.72272597    2.32446551    2.78757162    2.41297527    2.76341417    2.58720019    2.13537734    2.69185768    2.18600855    1.85946797    2.28456142    2.28961765    2.56986024    2.47497858    3.09748448    2.18665637    2.13273826    2.44320183    1.85622591    2.20264093    2.69862977    2.34902710    2.08274431    2.15374301    1.98423054    2.02934819    2.24937602    1.73872464    0.00000000    1.65060626    2.37540746    2.05167285    2.25692272    2.57236459    2.74897398    2.60135699    2.71566126    2.82745352    2.35494462    2.18867219    2.17655093    2.01155510    2.38335536    2.84159439    2.15084596    2.37431880    2.42363864    2.65814908    2.62940617    2.62926892    2.00010932    2.13469177    2.04312565    2.87249864    2.56928794    2.32664642
Q897B3_CLOTE/5-256     2.09953519    2.47133447    1.98511056    2.27630609    2.52185292    2.00431984    2.51528964    2.15941568    2.43110248    1.80999079    3.06902829    2.38436021    2.44396457    2.49165285    2.30711852    2.28849200    2.02876937    2.37606925    2.51560498    2.74701484    2.13892651    2.15770090    2.38908722    2.49947281    1.73758989    1.94007133    2.61230158    2.18107470    2.14013063    1.74749973    1.70562524    1.68780418    1.93102046    1.94702755    1.65060626    0.00000000    1.91496641    2.46506376    2.09955500    2.27794394    2.63084843    2.04523594    2.26585839    3.08284112    2.62848683    2.48662118    2.47264071    2.02582297    1.91364807    1.93855199    1.81597287    2.17790270    2.21804533    2.60031315    2.22998213    2.48019115    1.98793165    2.21436713    2.26915632    2.49113964    2.21701176    2.15167182
Q9WZB9_THEMA/5-258     2.16521180    2.61427291    2.01950933    2.59839021    3.11691353    2.37194851    2.86846133    2.23602311    2.41598539    2.31328376    3.40846514    2.36637641    2.47894232    2.80480513    2.42615636    2.19240159    2.83512108    2.50355715    2.72176038    2.83505705    2.70561908    2.41460720    2.67470836    2.07228721    1.86487823    1.77657967    3.32851384    2.27623134    2.37307355    2.16781231    1.72110237    1.78625212    1.91790094    2.00903718    2.37540746    1.91496641    0.00000000    1.95377810    2.36630466    2.75354323    2.44792148    3.02625760    3.36174073    2.76406712    2.41417334    2.47856987    2.79427587    2.16878977    2.35259022    2.29172628    1.95617678    2.11034091    2.80878371    2.30838370    2.52728845    2.60392490    2.43144218    2.55334583    2.52554246    2.26931070    2.33889147    2.25137025
Q86KT5_DICDI/6-281     2.44714098    3.15738554    2.35365049    2.37378507    2.73592135    2.59611591    2.58916896    2.25241439    2.56332303    2.33682287    3.69125634    2.65380953    2.90915424    2.62160287    2.15738503    2.08973095    2.45643315    2.34708332    2.99157944    2.68172864    2.74238092    2.74231683    2.32353799    2.23404654    2.20798089    2.18001221    2.90223156    2.21265327    2.22244153    2.47293371    2.26269605    2.12977417    2.29076798    2.03447284    2.05167285    2.46506376    1.95377810    0.00000000    2.11762254    2.86256485    3.28864302    2.85238097    3.02163708    2.41975680    2.16911981    2.60429010    2.72668817    2.19644226    2.88385516    2.61276252    2.55673675    2.25098603    3.07578966    2.31095963    2.85217352    2.97063931    2.26816026    2.83998901    2.79182162    2.65992114    2.57262727    2.46405267
Q9KDR0_BACHD/6-268     2.08184191    2.48940373    2.51512044    2.86775780    3.13349194    2.72512126    2.56789738    2.50825833    2.71174775    2.51749065    2.84992478    3.01920868    2.65677613    2.58893656    2.31682293    2.17149589    2.13334476    2.43172990    2.72976360    3.16766528    2.69095174    2.53197256    2.72942400    2.47125885    2.20677242    2.32290067    2.82921002    2.91861181    2.19681964    2.31734838    1.83084465    2.47833581    2.27168639    2.31069719    2.25692272    2.09955500    2.36630466    2.11762254    0.00000000    2.49385910    3.09044911    2.62221288    3.16946653    3.13598143    2.85054709    2.25688626    2.47941356    2.29060139    2.63117847    2.70118261    2.29252033    2.68266987    2.85211673    3.38514063    2.83412950    2.99740481    2.11994564    2.36076006    2.56100456    3.00133919    2.57858448    2.68888732
Q87K32_VIBPA/9-260     2.11652494    2.54512586    2.30360964    3.22555799    3.31714151    2.74949703    2.94083571    2.96742516    2.50761113    2.25561238    3.44534913    2.75978547    2.74133476    2.49599665    2.69389782    2.45009123    2.91989817    2.31158086    3.33609768    3.50936148    2.70320038    2.54732318    2.40195129    2.55381900    2.47207121    2.21758733    2.68647794    2.72033681    2.43429464    2.33360553    2.42369682    2.80180343    2.37997085    2.65079194    2.57236459    2.27794394    2.75354323    2.86256485    2.49385910    0.00000000    1.75682401    1.63222169    1.60609435    3.45584701    2.61871005    2.21889782    2.62584380    2.18592232    2.44639983    2.40189328    2.36020043    2.38927506    2.89195525    2.43177081    3.27531890    2.37792330    2.82609105    2.46370337    2.91643587    3.12925900    2.93304647    2.29434304
Q9CJC6_LACLA/8-263     2.67867056    2.62968722    2.40534654    3.11201188    3.05730952    2.25262751    2.69602947    2.71331194    2.65988150    2.56256212    3.58733106    2.79789746    3.02613880    2.75495848    2.46083411    2.71256048    3.14861283    2.75346657    2.79526653    3.22404871    2.71647968    2.59315751    2.43125728    2.93618472    2.75876598    2.58749110    3.44438149    3.26201910    2.95375606    2.48888325    2.59483944    2.70293530    2.19462511    2.54406500    2.74897398    2.63084843    2.44792148    3.28864302    3.09044911    1.75682401    0.00000000    1.62905801    1.79351567    2.80709203    2.47443705    2.59982547    2.68172626    2.60311831    2.90662974    2.83699415    2.58379323    2.47457199    2.87573466    2.62196976    2.78767484    2.67996278    2.61045834    2.72453579    2.81837949    2.87978331    2.67084655    3.05325802
Q8DU45_STRMU/6-262     2.26021334    3.37133551    2.30136104    3.36641888    3.24341921    2.54721158    2.65420762    2.83330925    2.84827699    2.60684297    3.54915236    3.11186200    2.34340379    2.78489421    2.77468274    2.47791245    2.62392668    2.77526766    3.30443693    3.12821398    3.36753355    2.63468275    2.30844130    2.45733553    2.63927421    2.62922156    2.84223111    2.79109070    2.21513171    2.28025720    2.38318820    2.52412267    2.62854295    2.47062221    2.60135699    2.04523594    3.02625760    2.85238097    2.62221288    1.63222169    1.62905801    0.00000000    1.25357899    2.92009566    2.58360134    2.34075989    2.79795661    2.61276223    2.74686341    2.68091562    2.70999512    2.69174471    2.97448744    2.71969826    3.61745399    3.47600697    2.75347949    2.59873306    3.47850418    3.03905944    2.98566656    2.55895668
Q8Y9V0_LISMO/5-260     2.88734959    3.31701519    2.40986497    3.57970099    3.96204964    2.83414359    2.68055826    2.75530448    3.57509047    2.78928501    2.80907795    2.80336385    2.69623615    2.91143506    2.83278025    2.60484238    3.02724474    2.85052646    3.70282203    3.51872650    3.06140114    3.19651871    2.46280335    2.92517016    2.56655934    2.69173643    2.73648045    2.83069638    2.77134906    2.04944596    2.72229726    2.53913597    2.69739834    2.78974024    2.71566126    2.26585839    3.36174073    3.02163708    3.16946653    1.60609435    1.79351567    1.25357899    0.00000000    3.02635786    2.44896806    2.45003659    2.66116948    2.60397789    2.90419463    2.61993941    2.33370038    2.91819518    2.94908158    2.63180010    3.62060785    2.95505858    2.84061637    2.93999657    2.78337404    2.81157670    2.77859118    2.67475889
Q9CP34_PASMU/3-246     2.83815597    3.58240853    2.98133664    3.25277327    3.26895275    2.56672722    3.02187457    2.83316814    3.16025962    3.00793202    3.02046936    3.26285044    2.99187587    2.69322350    2.41073030    2.58223408    3.09928133    2.69263018    2.86399409    3.15951573    3.13630779    2.74037824    2.88143502    2.75820376    2.63823878    2.47092675    3.35288140    2.43296725    2.80843973    2.93725791    2.71489019    2.65354181    2.57314031    2.91825247    2.82745352    3.08284112    2.76406712    2.41975680    3.13598143    3.45584701    2.80709203    2.92009566    3.02635786    0.00000000    2.42765692    2.78270737    3.12738082    2.76495460    2.46968357    2.97278586    2.82642038    2.79082945    2.91611075    2.80253930    3.31047796    2.65663249    2.78037948    3.23440561    2.87072041    3.30627882    2.93873024    2.72933936
Q83FJ6_TROWT/6-260     2.40354595    2.97627146    2.60250172    2.68170005    2.72598392    2.56515106    2.46001074    2.47895951    2.69076988    3.28530558    3.90715130    2.74177506    2.81445014    3.18677423    2.31295621    2.30275079    2.74900883    2.97732254    2.66878358    2.85815300    3.16612468    2.33358313    2.58270981    2.87127819    2.32675841    2.37686181    3.58225848    2.94467909    2.63631310    2.56359729    2.66723234    2.67368596    2.87173879    2.59974389    2.35494462    2.62848683    2.41417334    2.16911981    2.85054709    2.61871005    2.47443705    2.58360134    2.44896806    2.42765692    0.00000000    1.90765638    1.82786149    2.49271471    2.58727284    2.50858541    2.19029057    2.93681897    2.76475911    2.41233698    3.36385029    2.61658062    2.49849795    2.44356652    3.10196793    2.76216580    3.01551582    2.82741332
