65
H0VBM5_CAVPO/30-172     0.00000000    0.34547723    0.37763105    0.33546356    0.50227834    0.36617907    0.57675426    0.34187217    0.34861676    0.34330362    0.49062194    0.64624960    0.69183731    0.72994378    0.73828947    0.76815678    3.68320270    3.61963034    3.41962038    3.48046194    3.40443798    3.53280942    3.24755044    3.47181076    3.62230142    3.61761070    3.06715698    3.53314671    3.25363498    3.35868468    3.25642486    3.31718592    3.37367951    3.27887284    2.36323130    2.39072052    2.63091869    2.49777374    2.54924639    2.87990712    2.49287530    2.66147497    2.60126630    2.54444513    2.65022998    2.41936381    2.49860732    2.43242194    2.25920246    2.41987678    2.46870515    2.29970047    2.27601321    2.45143327    2.44241269    2.31571132    1.21304538    1.19412210    1.36648690    1.58480464    1.55534802    1.62630867    1.44487463    1.56921131    0.39806986
G1TKX3_RABIT/30-172     0.34547723    0.00000000    0.33810059    0.35279301    0.51077108    0.36327269    0.54862387    0.35534700    0.37669236    0.35377039    0.50766157    0.69950318    0.77476197    0.71013097    0.76363972    0.74070600    3.57691077    3.45972447    3.21984273    3.47433322    3.25825648    3.34931995    3.03310167    3.28448141    3.48966503    3.21606589    3.18141081    3.32943681    3.37200095    3.46222231    3.19806482    3.14743724    3.12318952    3.00177074    2.36383029    2.25283403    2.32627290    2.51166999    2.51123818    2.70590865    2.49915523    2.47994687    2.33872631    2.35176388    2.51321819    2.39475533    2.33184318    2.14064219    2.02933017    2.36638695    2.35186127    2.12133591    2.24786341    2.47715729    2.36326603    2.36339149    1.19669563    0.98957067    1.20760602    1.32648455    1.25250279    1.29652731    1.26198646    1.33649462    0.39370898
L8Y0J9_TUPCH/27-169     0.37763105    0.33810059    0.00000000    0.25489247    0.47757868    0.33036306    0.47110407    0.33857911    0.31842830    0.29955306    0.48549500    0.62998220    0.76717744    0.80318200    0.71588580    0.76058332    2.97099349    2.93368571    2.89066275    3.10802927    2.97163929    3.09677084    2.89980304    2.92329173    3.32705321    3.22151542    2.97707866    3.07606416    3.15152415    3.17649734    3.09622112    3.11896630    2.85902184    2.93744832    2.37251663    2.69478771    2.68206218    2.64922359    2.67765689    3.08408148    2.63957933    2.64941285    2.53416811    2.57932083    2.60904601    2.52696648    2.49632879    2.42628426    2.36045917    2.44576356    2.56667852    2.46038710    2.43651857    2.63961089    2.54149264    2.57059952    1.31424197    1.11025839    1.26324703    1.39373295    1.38780948    1.42614506    1.38755855    1.39945670    0.34712189
FIBG_RAT/30-172     0.33546356    0.35279301    0.25489247    0.00000000    0.30957853    0.33070758    0.48346012    0.38262440    0.33090784    0.29222587    0.45558251    0.57723870    0.70755262    0.72623270    0.70204284    0.70946952    3.36729519    3.26884826    3.08464059    3.32969506    3.22052425    3.14003702    3.05533933    3.04965285    3.17268528    3.33381622    3.05590005    3.23693853    3.22603580    3.40729459    3.15411238    3.20053135    3.09432319    2.96017494    2.35137086    2.59967652    2.65454011    2.74252639    2.68477813    2.96443327    2.61700278    2.67880663    2.60247661    2.54989133    2.78875976    2.61916012    2.54847313    2.50590518    2.26953565    2.42292513    2.53076324    2.44100134    2.44627319    2.62956040    2.53286448    2.48414877    1.28575066    1.14722673    1.21961008    1.40502239    1.44705443    1.46325273    1.32217527    1.43491191    0.30356632
G3H5I7_CRIGR/29-171     0.50227834    0.51077108    0.47757868    0.30957853    0.00000000    0.40696228    0.67169383    0.47573337    0.47713319    0.42248170    0.71844491    0.82305002    0.92835441    0.99398141    0.97721284    0.97921688    3.47645506    3.41242042    3.32450490    3.42824938    3.31876229    3.36059345    3.20626982    3.20588819    3.35160141    3.47874718    3.16047136    3.14597944    3.20137837    3.51644566    3.20193157    3.16258835    3.35258897    3.14334458    2.74683927    2.79812013    2.76418109    2.45867253    2.64140199    3.09627096    2.72435616    2.66819866    2.58374423    2.72840200    2.82085406    2.65584159    2.74694233    2.64285305    2.41163609    2.60957987    2.67173000    2.72786674    2.64885192    2.86393628    2.80151929    2.76686025    1.42743447    1.45059542    1.57874966    1.80317786    1.79259054    1.79455248    1.71990231    1.80907946    0.49433663
M3Y2R3_MUSPF/30-172     0.36617907    0.36327269    0.33036306    0.33070758    0.40696228    0.00000000    0.41734187    0.31794737    0.31599321    0.27425530    0.46561730    0.65287590    0.71799792    0.81394557    0.83373794    0.77034130    3.35540519    3.27196230    3.20191883    3.34962330    3.20419779    3.39297595    3.05819641    3.09623133    3.46608394    3.43779347    3.10959326    3.56760009    3.48963859    3.65519344    3.44077278    3.31874779    3.08874417    3.15622116    2.24998196    2.46656322    2.68115167    2.46378893    2.61067672    2.80803762    2.46840939    2.48639759    2.42239005    2.47024377    2.59884824    2.43109243    2.44626780    2.35240718    2.28900453    2.21081971    2.32889277    2.16246398    2.27662576    2.44431871    2.33562900    2.40868887    1.27401765    1.15530839    1.28780706    1.47035078    1.38662681    1.51467682    1.38094909    1.37317091    0.27879267
G1Q856_MYOLU/30-172     0.57675426    0.54862387    0.47110407    0.48346012    0.67169383    0.41734187    0.00000000    0.43734419    0.47114966    0.43914793    0.58130048    0.72464171    0.81442869    0.90285747    0.92406091    0.92660280    3.25178543    3.23458113    3.05402100    3.23461008    3.07415946    3.19799194    3.28561949    2.95038090    3.42242669    3.24672856    3.21320056    3.74396131    3.43828073    3.57282764    3.34281885    3.42510715    3.27048646    3.02966499    2.35219855    2.42914980    2.50075347    2.46597564    2.64249014    2.63677796    2.42734791    2.73142726    2.53515682    2.62507069    2.62353033    2.55487910    2.55977890    2.57488885    2.34678156    2.33316000    2.45156060    2.36725139    2.25622730    2.52215191    2.37840864    2.40070295    1.17452925    1.12614205    1.23296448    1.31659469    1.43041744    1.35719272    1.26763731    1.29566213    0.43996671
A0A5G2QUU1_PIG/31-173     0.34187217    0.35534700    0.33857911    0.38262440    0.47573337    0.31794737    0.43734419    0.00000000    0.24950255    0.30942510    0.49237697    0.63226589    0.74253011    0.77592096    0.75779544    0.79835667    3.50164079    3.27069186    3.21813152    3.46953861    3.28101792    3.34020933    3.02732847    3.15290762    3.43568386    3.18258972    3.01691504    3.28718822    3.23446623    3.33917912    3.04156825    3.01264918    3.17395203    3.15888228    2.38919027    2.49369017    2.54843161    2.59469708    2.56999352    2.74600145    2.34351965    2.56116087    2.38774802    2.45435246    2.60039074    2.44053069    2.45045633    2.35057054    2.32389921    2.47619216    2.64494115    2.39884115    2.38462032    2.57864295    2.50975638    2.44638913    1.23440963    1.08140801    1.28060548    1.43055954    1.48736001    1.50568831    1.35282426    1.43402343    0.32742634
FIBG_BOVIN/28-170     0.34861676    0.37669236    0.31842830    0.33090784    0.47713319    0.31599321    0.47114966    0.24950255    0.00000000    0.30579913    0.50537368    0.60010357    0.81132882    0.83408537    0.76767976    0.73593803    3.33588343    3.17356284    3.10239268    3.34883704    3.18441461    3.23606186    2.94109139    3.02173319    3.35952123    3.26480558    3.07625076    3.21311858    3.22287504    3.30918833    3.08153868    2.97682159    3.00455439    3.10083914    2.23496072    2.52949479    2.66297380    2.44733210    2.49140671    2.70538955    2.35943509    2.61345801    2.48975940    2.43239811    2.62579640    2.48486322    2.44386739    2.36870780    2.25158483    2.32737859    2.47301744    2.33375031    2.29203473    2.53926566    2.43605449    2.33958810    1.18866734    1.00735616    1.23583393    1.41145802    1.43483202    1.42196152    1.38055471    1.39872204    0.32096604
L5K9T0_PTEAL/30-172     0.34330362    0.35377039    0.29955306    0.29222587    0.42248170    0.27425530    0.43914793    0.30942510    0.30579913    0.00000000    0.43533802    0.66113845    0.71087388    0.78881327    0.77412933    0.73635205    3.31976699    3.23765569    3.02865016    3.37481283    3.10914615    3.20077230    3.08079673    3.06817038    3.39637559    3.25894460    3.02878223    3.25217094    3.29035510    3.19676272    3.02395069    3.13513290    3.02426341    3.03606067    2.27414779    2.45376723    2.57335341    2.53918105    2.64509789    2.87777695    2.64604700    2.50937010    2.45805185    2.54732408    2.58603198    2.41837323    2.43107494    2.36854113    2.31617282    2.24861356    2.38790503    2.24134434    2.29275702    2.55465760    2.29398137    2.37663228    1.27007249    1.07327093    1.22307463    1.41597387    1.45179013    1.48306945    1.41393875    1.37461800    0.27326503
F7CIN4_MONDO/31-172     0.49062194    0.50766157    0.48549500    0.45558251    0.71844491    0.46561730    0.58130048    0.49237697    0.50537368    0.43533802    0.00000000    0.46296860    0.57277714    0.73624787    0.76079700    0.70544088    3.33752459    3.38440762    3.17438520    3.34574720    3.13260750    3.29884809    3.21490924    3.18967063    3.25245546    3.43050075    3.49291496    3.62849470    3.54569046    3.49426615    3.54628464    3.36491604    3.15035910    3.15028354    2.34083078    2.59914351    2.59743858    2.79825662    2.86902797    2.85098442    2.51293875    2.52711056    2.34307983    2.48843369    2.70147432    2.45457591    2.51798723    2.42213768    2.41015137    2.54209516    2.60254941    2.41384140    2.53149913    2.57200971    2.57634891    2.65229513    1.18996832    1.05340783    1.16809794    1.37183786    1.32064776    1.30249942    1.21721470    1.38826976    0.41938824
F7CSA4_ORNAN/27-168     0.64624960    0.69950318    0.62998220    0.57723870    0.82305002    0.65287590    0.72464171    0.63226589    0.60010357    0.66113845    0.46296860    0.00000000    0.75793776    0.83641034    0.82138733    0.81477062    3.58805454    3.51249427    3.35607349    3.35593114    3.42788191    3.41445930    3.22418908    3.46516162    3.32552489    3.53606852    3.67290329    3.77079998    3.55053304    3.70131665    3.61159865    3.40531172    3.69634957    3.30260291    2.87275822    2.68884431    2.74054097    2.92870129    2.98977551    2.99363887    2.66814199    2.82941707    2.61852126    2.66665950    3.02998189    2.77764353    2.77929609    2.87753148    2.67539923    2.74585587    2.87547257    2.64657401    2.64818353    2.84524690    2.78512916    2.73476351    1.26514395    1.17787377    1.29724003    1.49251980    1.35611247    1.49277770    1.36062569    1.50673728    0.60805373
G1KRE0_ANOCA/25-167     0.69183731    0.77476197    0.76717744    0.70755262    0.92835441    0.71799792    0.81442869    0.74253011    0.81132882    0.71087388    0.57277714    0.75793776    0.00000000    0.57629026    0.59237047    0.75302054    3.26613970    3.38263502    3.24332149    3.26323673    3.25148729    3.28714196    3.20168990    3.02454284    3.16358027    3.34527154    3.08410133    3.52238775    3.31417486    3.28420161    3.23029706    3.34635979    3.13700031    3.08533028    2.52386467    2.43853524    3.06895738    2.83854707    2.82838871    2.83864646    2.60814266    2.66106297    2.50340638    2.67059926    2.98068265    2.60857278    2.84410498    2.87597409    2.52643210    2.53791445    2.55134763    2.46809245    2.35238051    2.56974049    2.43660971    2.32771218    1.08233435    1.04744907    1.27800108    1.47505172    1.40834688    1.45940128    1.30695631    1.27453741    0.66840290
H0Z4E6_TAEGU/29-171     0.72994378    0.71013097    0.80318200    0.72623270    0.99398141    0.81394557    0.90285747    0.77592096    0.83408537    0.78881327    0.73624787    0.83641034    0.57629026    0.00000000    0.35044599    0.80708012    3.61973766    3.50234100    3.35743365    3.54760979    3.37303614    3.36782141    3.52594689    3.31474767    3.47927605    3.58778502    2.90484545    3.34101952    3.21581584    3.37879715    2.99841066    3.36211495    3.21183852    3.28336809    2.41814767    2.37419154    2.81456412    2.76230745    2.71862306    2.81978173    2.80995162    2.94658507    2.62726317    2.55825884    2.92560559    2.69523682    2.50665339    2.65362388    2.41947334    2.37071599    2.46062165    2.24803165    2.42764899    2.56065131    2.38774026    2.47391770    1.09045438    1.16668488    1.12815218    1.32800231    1.32469787    1.33014656    1.32870419    1.32656798    0.79424327
E1BV78_CHICK/33-175     0.73828947    0.76363972    0.71588580    0.70204284    0.97721284    0.83373794    0.92406091    0.75779544    0.76767976    0.77412933    0.76079700    0.82138733    0.59237047    0.35044599    0.00000000    0.80720844    3.78366883    3.58380043    3.54106916    3.67186830    3.43450816    3.66175854    3.54035801    3.37019056    3.49536570    3.46953189    3.13428144    3.50047911    3.27893554    3.22060476    3.21027101    3.31938484    3.24414406    3.23442376    2.50272935    2.63115672    2.92991678    2.88064845    2.86421703    2.78270008    2.77741335    2.71648175    2.50281132    2.58392433    3.05165617    2.83355142    2.55118147    2.68835875    2.48340967    2.45898375    2.55427117    2.45767253    2.47288014    2.68457425    2.57659724    2.47860945    1.15060488    1.21029661    1.19884522    1.33497286    1.47877999    1.38995054    1.39130820    1.37393860    0.69636563
F6SPR7_XENTR/28-169     0.76815678    0.74070600    0.76058332    0.70946952    0.97921688    0.77034130    0.92660280    0.79835667    0.73593803    0.73635205    0.70544088    0.81477062    0.75302054    0.80708012    0.80720844    0.00000000    3.13937123    2.87230583    2.85468110    3.00388790    2.80993896    2.88877433    2.67706936    2.71189385    3.34518713    3.17436382    3.15477704    3.45522267    3.58882986    3.43512458    3.21480262    3.17345288    3.14825527    3.03575488    2.32626371    2.45436998    2.78062610    2.62759652    2.73144480    2.87457350    2.37463912    2.54936027    2.23327237    2.48070289    2.67464476    2.51898983    2.37649136    2.53580668    2.31766124    2.53015409    2.57069817    2.45578877    2.41343381    2.58028249    2.49454783    2.49146185    1.09639720    0.88375135    1.15362777    1.33309207    1.29108056    1.34149155    1.08251903    1.22966664    0.71977689
G3WMC2_SARHA/48-190     3.68320270    3.57691077    2.97099349    3.36729519    3.47645506    3.35540519    3.25178543    3.50164079    3.33588343    3.31976699    3.33752459    3.58805454    3.26613970    3.61973766    3.78366883    3.13937123    0.00000000    0.21672077    0.36700785    0.37804091    0.42163177    0.35827617    0.49054857    0.35929170    0.83153695    1.10037363    1.13790607    1.15217883    1.05863672    1.09948480    1.09776044    1.16104365    0.77936377    0.76096648    2.38307149    2.89642434    3.14479102    3.22393334    2.98678473    3.03318155    2.61893705    2.83878996    2.96580919    2.83272949    2.91009457    2.77521574    2.83505715    3.11960550    2.89476556    2.43261586    2.53403162    2.36861735    2.45142839    2.39560746    2.34838616    2.57377612    3.15169707    3.40118804    3.30169058    3.42260483    3.53570990    3.36313843    3.31098795    3.09844221    3.40768607
F7CJ60_MONDO/48-190     3.61963034    3.45972447    2.93368571    3.26884826    3.41242042    3.27196230    3.23458113    3.27069186    3.17356284    3.23765569    3.38440762    3.51249427    3.38263502    3.50234100    3.58380043    2.87230583    0.21672077    0.00000000    0.31717032    0.40264715    0.42163758    0.37952804    0.49314362    0.33596432    0.75293066    1.01113339    1.11973030    1.09438452    1.02768929    1.05395527    1.08498453    1.04708200    0.84251310    0.81529194    2.25196745    2.73790355    2.92384910    3.07265543    2.81765136    2.78803983    2.49607352    2.74282749    2.80465509    2.60172220    2.86888199    2.59387545    2.61883705    2.77930376    2.78769207    2.31625942    2.37378229    2.33834429    2.39120493    2.26034024    2.21299055    2.45629097    3.10572366    3.25516841    3.30914133    3.49238404    3.52590265    3.31885867    3.35892369    3.05123243    3.31754237
H0X4K1_OTOGA/50-192     3.41962038    3.21984273    2.89066275    3.08464059    3.32450490    3.20191883    3.05402100    3.21813152    3.10239268    3.02865016    3.17438520    3.35607349    3.24332149    3.35743365    3.54106916    2.85468110    0.36700785    0.31717032    0.00000000    0.27559996    0.23185382    0.22909066    0.38945685    0.20475061    0.77767243    1.05875827    1.16260291    1.13897355    1.17254734    1.17154320    1.20691654    1.21853650    0.78587453    0.77832093    2.45009959    2.70361000    2.87349375    3.04525148    2.78194331    2.87201784    2.50626532    2.79578487    2.75394781    2.57143627    2.80859391    2.65650029    2.69579998    2.86477020    2.76997069    2.37801186    2.42230204    2.39755499    2.40703252    2.30753773    2.23968379    2.51128635    3.18942628    3.31667191    3.15946926    3.24721568    3.41849551    3.32856174    3.09092353    2.99385404    3.05830757
H0V0Z9_CAVPO/59-200     3.48046194    3.47433322    3.10802927    3.32969506    3.42824938    3.34962330    3.23461008    3.46953861    3.34883704    3.37481283    3.34574720    3.35593114    3.26323673    3.54760979    3.67186830    3.00388790    0.37804091    0.40264715    0.27559996    0.00000000    0.25817988    0.26114889    0.38086979    0.24101449    0.91221751    1.10811223    1.23576438    1.18931934    1.18150817    1.20239734    1.18856284    1.21647413    0.90038754    0.87237462    2.33544113    2.46222440    2.74797207    2.75532835    2.57379361    2.91585450    2.46190600    2.60806127    2.74069265    2.43712280    2.74080603    2.50279176    2.62587334    2.72170337    2.59853336    2.25128878    2.36744099    2.26943668    2.28132966    2.22911670    2.17213790    2.34602960    3.19597802    3.39021747    3.21018167    3.32608341    3.47697710    3.20074587    3.24083969    3.16497751    3.27337228
W5Q5H8_SHEEP/52-194     3.40443798    3.25825648    2.97163929    3.22052425    3.31876229    3.20419779    3.07415946    3.28101792    3.18441461    3.10914615    3.13260750    3.42788191    3.25148729    3.37303614    3.43450816    2.80993896    0.42163177    0.42163758    0.23185382    0.25817988    0.00000000    0.31172799    0.40842238    0.25426384    0.80180865    1.11036735    1.12954849    1.17154105    1.25294403    1.22658734    1.17812428    1.22835607    0.83534944    0.84282146    2.40893023    2.54766287    2.71561904    2.88352900    2.68250498    2.69120896    2.34716142    2.50885317    2.70233468    2.44072615    2.72462384    2.51498088    2.59727189    2.74140723    2.60611316    2.25798990    2.32707581    2.29945341    2.35631717    2.20661702    2.27538408    2.27561637    3.14500928    3.27678765    3.16263014    3.25517936    3.33416991    3.16665619    3.03989279    2.98786109    3.19404652
G3H5I7_CRIGR/476-618     3.53280942    3.34931995    3.09677084    3.14003702    3.36059345    3.39297595    3.19799194    3.34020933    3.23606186    3.20077230    3.29884809    3.41445930    3.28714196    3.36782141    3.66175854    2.88877433    0.35827617    0.37952804    0.22909066    0.26114889    0.31172799    0.00000000    0.38083818    0.22490091    0.80730488    1.08604127    1.18549712    1.12606927    1.16246792    1.25626468    1.15491514    1.22314330    0.81265929    0.73937402    2.55418896    2.76418530    2.92258945    3.08004570    2.82656180    2.84778452    2.53432035    2.82796403    2.89568651    2.52863447    2.79242787    2.60329326    2.74999081    2.89243066    2.75144666    2.43382255    2.51937956    2.32722260    2.50131328    2.39677749    2.31059999    2.62207212    3.13506821    3.28833191    3.23245581    3.23634181    3.44042672    3.34845352    3.13636272    3.09915866    3.22812230
G1P500_MYOLU/49-191     3.24755044    3.03310167    2.89980304    3.05533933    3.20626982    3.05819641    3.28561949    3.02732847    2.94109139    3.08079673    3.21490924    3.22418908    3.20168990    3.52594689    3.54035801    2.67706936    0.49054857    0.49314362    0.38945685    0.38086979    0.40842238    0.38083818    0.00000000    0.28486539    0.93624529    1.11045581    1.28240346    1.22804582    1.26566031    1.28814991    1.24885920    1.23953321    0.91350160    0.90536849    2.28213691    2.53873547    2.91786776    3.07721486    2.79374004    2.89396409    2.58105160    2.67817153    2.77193511    2.52565773    2.88711710    2.69920192    2.77554510    2.87999278    2.69245641    2.34402853    2.41395146    2.26608150    2.36821308    2.32489693    2.27250961    2.40194155    3.05807202    3.36597043    3.10485403    3.14647788    3.33184067    3.25782241    3.22653341    2.95758478    3.17729485
L5K9T0_PTEAL/464-606     3.47181076    3.28448141    2.92329173    3.04965285    3.20588819    3.09623133    2.95038090    3.15290762    3.02173319    3.06817038    3.18967063    3.46516162    3.02454284    3.31474767    3.37019056    2.71189385    0.35929170    0.33596432    0.20475061    0.24101449    0.25426384    0.22490091    0.28486539    0.00000000    0.79631126    1.00753345    1.18711889    1.15682934    1.12742748    1.14025834    1.14799086    1.15940063    0.82183135    0.82964576    2.51326237    2.68263138    2.96595843    3.09997684    2.84583415    2.86376951    2.54475330    2.71889905    2.77669084    2.60084825    2.93984280    2.70308754    2.82818641    2.94067058    2.82438715    2.42811291    2.38694773    2.39905168    2.40599556    2.33682905    2.34155508    2.50132831    3.12912420    3.28578698    3.28578570    3.23988612    3.42560129    3.22341696    3.09538446    3.01709458    3.13363350
F6SP35_XENTR/50-192     3.62230142    3.48966503    3.32705321    3.17268528    3.35160141    3.46608394    3.42242669    3.43568386    3.35952123    3.39637559    3.25245546    3.32552489    3.16358027    3.47927605    3.49536570    3.34518713    0.83153695    0.75293066    0.77767243    0.91221751    0.80180865    0.80730488    0.93624529    0.79631126    0.00000000    0.87721051    0.89039086    0.90427654    0.87101927    0.93089537    0.84404889    0.87475240    0.61425875    0.66436654    2.36304583    2.75254485    2.57398910    2.67018583    2.54176845    2.74532473    2.50348835    2.60926503    2.71660597    2.34070329    2.67195127    2.53334017    2.58694839    2.75132012    2.61070151    2.38211587    2.34599999    2.23379269    2.03533468    2.26237880    2.17759552    2.35099748    3.54941665    3.55835804    3.07916189    3.37612397    3.41651854    3.44404647    3.17692222    3.25175637    3.33085994
H3AEC1_LATCH/56-198     3.61761070    3.21606589    3.22151542    3.33381622    3.47874718    3.43779347    3.24672856    3.18258972    3.26480558    3.25894460    3.43050075    3.53606852    3.34527154    3.58778502    3.46953189    3.17436382    1.10037363    1.01113339    1.05875827    1.10811223    1.11036735    1.08604127    1.11045581    1.00753345    0.87721051    0.00000000    0.78755281    0.96963696    0.95729237    1.03219845    0.98887023    0.94975617    0.81952547    0.85855543    2.59529048    3.09831258    3.00194277    2.65273026    2.69602980    2.62763759    2.59724843    2.80236542    2.86116579    2.59827777    2.85302689    2.61087366    2.68187319    2.89843438    2.75419823    2.57757330    2.60232991    2.55423316    2.25151417    2.54130774    2.31511986    2.60928382    3.03487999    3.20606047    3.29723884    3.25097259    3.52172053    3.45588725    3.21847146    3.15071919    3.30706741
W5MP76_LEPOC/55-197     3.06715698    3.18141081    2.97707866    3.05590005    3.16047136    3.10959326    3.21320056    3.01691504    3.07625076    3.02878223    3.49291496    3.67290329    3.08410133    2.90484545    3.13428144    3.15477704    1.13790607    1.11973030    1.16260291    1.23576438    1.12954849    1.18549712    1.28240346    1.18711889    0.89039086    0.78755281    0.00000000    0.52942204    0.62688029    0.61497604    0.57245889    0.65235464    1.00125786    0.99841310    2.31674658    2.87566818    3.13504749    2.94278277    2.72438037    2.70967823    2.66217922    2.72097871    2.81468879    2.49322362    2.62527422    2.72375667    2.74882442    2.85762935    2.76761188    2.43874654    2.42249492    2.41997113    2.30247352    2.43335779    2.29169571    2.57258202    2.82242461    3.11509003    3.02240350    3.32791582    3.31697557    3.42717651    3.47795692    3.07340739    2.95732159
E9QCD1_DANRE/45-187     3.53314671    3.32943681    3.07606416    3.23693853    3.14597944    3.56760009    3.74396131    3.28718822    3.21311858    3.25217094    3.62849470    3.77079998    3.52238775    3.34101952    3.50047911    3.45522267    1.15217883    1.09438452    1.13897355    1.18931934    1.17154105    1.12606927    1.22804582    1.15682934    0.90427654    0.96963696    0.52942204    0.00000000    0.49256929    0.49179323    0.41026269    0.45944137    1.04300612    1.16811304    2.64611207    3.05218067    3.09610646    3.07768837    2.85508138    2.99676737    2.83192215    2.90919965    2.94781281    2.46532068    2.98753786    2.78438645    2.83303792    2.92853271    2.78807094    2.78529825    2.86497461    2.77573575    2.43671498    2.82146603    2.69640335    2.94294642    3.12188202    3.28408567    3.31272368    3.67765089    3.73937406    3.72284133    3.38891053    3.26868459    3.21125976
H3C7P2_TETNG/45-187     3.25363498    3.37200095    3.15152415    3.22603580    3.20137837    3.48963859    3.43828073    3.23446623    3.22287504    3.29035510    3.54569046    3.55053304    3.31417486    3.21581584    3.27893554    3.58882986    1.05863672    1.02768929    1.17254734    1.18150817    1.25294403    1.16246792    1.26566031    1.12742748    0.87101927    0.95729237    0.62688029    0.49256929    0.00000000    0.39641859    0.31585997    0.40619317    1.09111010    1.15876649    2.37066138    2.88701524    2.99240124    2.94285106    2.90088452    2.83877797    2.74180031    2.82987388    3.02386415    2.77180581    2.87140589    2.77444038    3.07813355    2.92876508    2.72631824    2.55504963    2.64865264    2.54295446    2.17048100    2.47881431    2.29830229    2.65879796    3.46701576    3.35831437    3.49928842    3.64526746    3.55295755    3.57396985    3.27930258    3.31306565    3.21020930
M4A1C2_XIPMA/41-183     3.35868468    3.46222231    3.17649734    3.40729459    3.51644566    3.65519344    3.57282764    3.33917912    3.30918833    3.19676272    3.49426615    3.70131665    3.28420161    3.37879715    3.22060476    3.43512458    1.09948480    1.05395527    1.17154320    1.20239734    1.22658734    1.25626468    1.28814991    1.14025834    0.93089537    1.03219845    0.61497604    0.49179323    0.39641859    0.00000000    0.32723438    0.38634202    1.12786668    1.26270673    2.60434022    3.05651768    3.07377193    3.03444222    2.83881963    3.09796969    2.78205351    2.73625733    2.94139359    2.63586369    2.95175783    2.82535660    2.96635561    2.94838877    2.70174960    2.68324982    2.71797721    2.82745539    2.40873913    2.70717717    2.55182058    2.74460019    3.59471690    3.55982158    3.56996766    3.64400043    3.73422082    3.94611592    3.63399260    3.49970757    3.24056887
I3K9D2_ORENI/40-182     3.25642486    3.19806482    3.09622112    3.15411238    3.20193157    3.44077278    3.34281885    3.04156825    3.08153868    3.02395069    3.54628464    3.61159865    3.23029706    2.99841066    3.21027101    3.21480262    1.09776044    1.08498453    1.20691654    1.18856284    1.17812428    1.15491514    1.24885920    1.14799086    0.84404889    0.98887023    0.57245889    0.41026269    0.31585997    0.32723438    0.00000000    0.29056394    0.97854779    1.11612474    2.53006547    2.84953276    2.93840071    3.04718510    2.83886513    2.75248309    2.59109962    2.95328968    3.01508145    2.48793745    2.97741733    2.80062068    2.91305240    3.01400204    2.71719296    2.55077506    2.59066511    2.58950344    2.24932706    2.62932319    2.40536460    2.71522372    3.19827370    3.27495976    3.41914385    3.66144831    3.53350999    3.48509905    3.32921116    3.20211599    3.03424827
G3Q4A5_GASAC/42-184     3.31718592    3.14743724    3.11896630    3.20053135    3.16258835    3.31874779    3.42510715    3.01264918    2.97682159    3.13513290    3.36491604    3.40531172    3.34635979    3.36211495    3.31938484    3.17345288    1.16104365    1.04708200    1.21853650    1.21647413    1.22835607    1.22314330    1.23953321    1.15940063    0.87475240    0.94975617    0.65235464    0.45944137    0.40619317    0.38634202    0.29056394    0.00000000    1.09242223    1.20737848    2.51780025    2.87394123    2.93579344    2.90173164    2.79882495    2.64627903    2.64410478    2.78583923    2.84642211    2.40283809    2.87371515    2.68562091    2.81058023    2.83184781    2.62441044    2.49519444    2.54789625    2.60970266    2.20825382    2.56437148    2.26336115    2.65744049    3.39979864    3.43620632    3.75547053    3.86464036    3.67584566    3.61578636    3.41162170    3.46810423    3.05929658
F1P4V1_CHICK/49-191     3.37367951    3.12318952    2.85902184    3.09432319    3.35258897    3.08874417    3.27048646    3.17395203    3.00455439    3.02426341    3.15035910    3.69634957    3.13700031    3.21183852    3.24414406    3.14825527    0.77936377    0.84251310    0.78587453    0.90038754    0.83534944    0.81265929    0.91350160    0.82183135    0.61425875    0.81952547    1.00125786    1.04300612    1.09111010    1.12786668    0.97854779    1.09242223    0.00000000    0.52876102    2.26776800    3.05574466    3.05764547    2.71398854    2.59527170    2.75166252    2.56480009    2.53505873    2.76122975    2.52895215    2.79186498    2.54897601    2.69730826    2.90594273    2.80046684    2.22802456    2.38444853    2.21300660    2.13190160    2.41306974    2.27587154    2.52134594    3.06353467    2.90439212    2.74956902    3.04572587    2.97067261    2.95680354    2.77148421    2.72984720    2.91158544
G1KRE2_ANOCA/49-191     3.27887284    3.00177074    2.93744832    2.96017494    3.14334458    3.15622116    3.02966499    3.15888228    3.10083914    3.03606067    3.15028354    3.30260291    3.08533028    3.28336809    3.23442376    3.03575488    0.76096648    0.81529194    0.77832093    0.87237462    0.84282146    0.73937402    0.90536849    0.82964576    0.66436654    0.85855543    0.99841310    1.16811304    1.15876649    1.26270673    1.11612474    1.20737848    0.52876102    0.00000000    2.19470812    2.64143872    2.63906493    2.65245387    2.38071295    2.62974078    2.21594471    2.48835330    2.53188182    2.48802190    2.57999702    2.51142951    2.74918189    2.72224891    2.65533781    2.23060606    2.13277757    2.08579442    2.21264487    2.16989379    2.06902219    2.38677712    3.52544125    3.27135695    3.26584124    3.48132909    3.67313105    3.56154973    3.51176423    3.27525992    2.99901011
F7FX25_MONDO/84-227     2.36323130    2.36383029    2.37251663    2.35137086    2.74683927    2.24998196    2.35219855    2.38919027    2.23496072    2.27414779    2.34083078    2.87275822    2.52386467    2.41814767    2.50272935    2.32626371    2.38307149    2.25196745    2.45009959    2.33544113    2.40893023    2.55418896    2.28213691    2.51326237    2.36304583    2.59529048    2.31674658    2.64611207    2.37066138    2.60434022    2.53006547    2.51780025    2.26776800    2.19470812    0.00000000    0.56544954    0.83380184    0.83327654    0.75116266    0.88573226    0.83924081    0.96926448    0.97723886    1.02647448    0.82538085    0.91843802    0.96618069    1.06178577    1.06116308    0.39488911    0.48685254    0.34823672    0.40660103    0.43113101    0.39661028    0.45639074    2.45635027    2.40985099    2.21841908    2.54696118    2.81784478    2.48149349    2.71844130    2.75032107    2.34704757
F7CSS4_ORNAN/86-229     2.39072052    2.25283403    2.69478771    2.59967652    2.79812013    2.46656322    2.42914980    2.49369017    2.52949479    2.45376723    2.59914351    2.68884431    2.43853524    2.37419154    2.63115672    2.45436998    2.89642434    2.73790355    2.70361000    2.46222440    2.54766287    2.76418530    2.53873547    2.68263138    2.75254485    3.09831258    2.87566818    3.05218067    2.88701524    3.05651768    2.84953276    2.87394123    3.05574466    2.64143872    0.56544954    0.00000000    0.83814753    0.82274808    0.74629910    1.02402478    0.87804902    1.06056313    1.12773061    1.05609852    0.90793386    1.00179845    1.02081511    1.07362782    1.04711263    0.54915715    0.63739874    0.47251610    0.54867744    0.56124058    0.56763213    0.60120450    2.48204428    2.65550101    2.39628634    2.65503092    2.91401353    2.45670792    2.72641822    2.80217123    2.46833532
G1KRF4_ANOCA/102-245     2.63091869    2.32627290    2.68206218    2.65454011    2.76418109    2.68115167    2.50075347    2.54843161    2.66297380    2.57335341    2.59743858    2.74054097    3.06895738    2.81456412    2.92991678    2.78062610    3.14479102    2.92384910    2.87349375    2.74797207    2.71561904    2.92258945    2.91786776    2.96595843    2.57398910    3.00194277    3.13504749    3.09610646    2.99240124    3.07377193    2.93840071    2.93579344    3.05764547    2.63906493    0.83380184    0.83814753    0.00000000    0.53125711    0.47270881    0.77569589    0.81906259    0.98638427    0.97341360    0.96849946    0.77170078    0.84025751    0.87784495    0.88167623    0.91463284    0.81541842    0.89516363    0.81748382    0.88542247    0.79910171    0.80912127    0.84999559    2.93765811    2.90317292    2.94975690    3.17378567    3.30041515    2.99868681    3.05065335    3.27299609    2.58160665
FIBB_CHICK/65-208     2.49777374    2.51166999    2.64922359    2.74252639    2.45867253    2.46378893    2.46597564    2.59469708    2.44733210    2.53918105    2.79825662    2.92870129    2.83854707    2.76230745    2.88064845    2.62759652    3.22393334    3.07265543    3.04525148    2.75532835    2.88352900    3.08004570    3.07721486    3.09997684    2.67018583    2.65273026    2.94278277    3.07768837    2.94285106    3.03444222    3.04718510    2.90173164    2.71398854    2.65245387    0.83327654    0.82274808    0.53125711    0.00000000    0.26541443    0.83797510    0.88705346    1.01816751    1.10023302    0.98508926    0.88788628    0.87694564    0.88022860    0.99962493    1.04782207    0.76138854    0.88903726    0.83086480    0.82106275    0.83596455    0.79801425    0.81732435    2.57071664    2.44344329    2.58571226    2.82599513    2.95251401    2.72820439    2.68557577    2.88317635    2.42699675
U3KF81_FICAL/82-225     2.54924639    2.51123818    2.67765689    2.68477813    2.64140199    2.61067672    2.64249014    2.56999352    2.49140671    2.64509789    2.86902797    2.98977551    2.82838871    2.71862306    2.86421703    2.73144480    2.98678473    2.81765136    2.78194331    2.57379361    2.68250498    2.82656180    2.79374004    2.84583415    2.54176845    2.69602980    2.72438037    2.85508138    2.90088452    2.83881963    2.83886513    2.79882495    2.59527170    2.38071295    0.75116266    0.74629910    0.47270881    0.26541443    0.00000000    0.71203021    0.77032988    0.92683904    0.98593714    0.81187994    0.73802345    0.77861389    0.81976884    0.90523343    0.90540013    0.72478177    0.81452473    0.73839454    0.79104621    0.82383842    0.70614611    0.75334607    2.57694187    2.58212953    2.59373801    2.74276238    2.93894573    2.75576271    2.68832045    2.80894545    2.68042237
H3AFV0_LATCH/56-199     2.87990712    2.70590865    3.08408148    2.96443327    3.09627096    2.80803762    2.63677796    2.74600145    2.70538955    2.87777695    2.85098442    2.99363887    2.83864646    2.81978173    2.78270008    2.87457350    3.03318155    2.78803983    2.87201784    2.91585450    2.69120896    2.84778452    2.89396409    2.86376951    2.74532473    2.62763759    2.70967823    2.99676737    2.83877797    3.09796969    2.75248309    2.64627903    2.75166252    2.62974078    0.88573226    1.02402478    0.77569589    0.83797510    0.71203021    0.00000000    0.68190627    1.00523042    0.97880069    0.90048433    0.92373007    0.89458307    0.90677622    0.99327780    0.96410994    0.86370605    0.81613145    0.87484463    0.87854197    0.90546678    0.95960841    0.88446070    2.27167468    2.65897874    2.53392286    2.91383732    3.13431555    2.59661354    2.86032929    2.76716245    2.82189889
W5MP92_LEPOC/91-234     2.49287530    2.49915523    2.63957933    2.61700278    2.72435616    2.46840939    2.42734791    2.34351965    2.35943509    2.64604700    2.51293875    2.66814199    2.60814266    2.80995162    2.77741335    2.37463912    2.61893705    2.49607352    2.50626532    2.46190600    2.34716142    2.53432035    2.58105160    2.54475330    2.50348835    2.59724843    2.66217922    2.83192215    2.74180031    2.78205351    2.59109962    2.64410478    2.56480009    2.21594471    0.83924081    0.87804902    0.81906259    0.88705346    0.77032988    0.68190627    0.00000000    0.58884651    0.63372016    0.52227998    0.53546306    0.54367909    0.53689801    0.55146691    0.56539179    0.78510569    0.90537911    0.76463451    0.84357948    0.90710066    0.90272799    0.86284127    2.38952847    2.44906900    2.59658206    2.53857984    2.86814777    2.48528591    2.57896895    2.73684605    2.54058915
W5LFK6_ASTMX/86-229     2.66147497    2.47994687    2.64941285    2.67880663    2.66819866    2.48639759    2.73142726    2.56116087    2.61345801    2.50937010    2.52711056    2.82941707    2.66106297    2.94658507    2.71648175    2.54936027    2.83878996    2.74282749    2.79578487    2.60806127    2.50885317    2.82796403    2.67817153    2.71889905    2.60926503    2.80236542    2.72097871    2.90919965    2.82987388    2.73625733    2.95328968    2.78583923    2.53505873    2.48835330    0.96926448    1.06056313    0.98638427    1.01816751    0.92683904    1.00523042    0.58884651    0.00000000    0.28691397    0.54948843    0.60310850    0.52097960    0.54717494    0.59454164    0.60221640    1.04899576    1.13676265    1.01798997    1.07057642    1.10543995    1.10977501    1.09979086    2.55832557    2.34930790    2.34293452    2.44391833    2.67275711    2.40991500    2.43438846    2.42886878    2.53214922
