7
CXOL2_NPVOP/22-52     0.00000000    0.15405851    0.77482364    0.66592338    0.72064820    0.03481929    0.27665498
Q80LL0_NPVAH/21-51     0.15405851    0.00000000    0.69896778    0.71733069    0.77193948    0.19738803    0.50418342
CXOL_NPVAC/23-53     0.77482364    0.69896778    0.00000000    0.06790492    0.10258333    0.77400231    1.08628092
CXOL1_NPVOP/23-53     0.66592338    0.71733069    0.06790492    0.00000000    0.03349311    0.66501748    0.95164524
Q9YMH9_NPVLD/23-53     0.72064820    0.77193948    0.10258333    0.03349311    0.00000000    0.71973394    0.88650953
Q8JM47_9ABAC/20-50     0.03481929    0.19738803    0.77400231    0.66501748    0.71973394    0.00000000    0.23348566
Q9YMR0_NPVLD/20-52     0.27665498    0.50418342    1.08628092    0.95164524    0.88650953    0.23348566    0.00000000

