24
PHYD_ARATH/105-222     0.00000000    0.29941201    0.59173551    0.69999200    0.53332226    2.33407388    1.92782091    2.35814344    2.03779430    2.42118157    2.23905123    2.40490294    2.07410266    2.27696077    2.06087693    2.70742787    2.75427232    0.70265561    0.63034594    0.67415537    0.69049133    0.78288925    0.87825374    0.41977619
PHYB_SOLTU/78-194     0.29941201    0.00000000    0.41009529    0.62248859    0.49171944    2.19019349    1.81063392    2.36348120    2.04201468    2.28549660    2.07055601    2.60505161    2.23223922    2.29056915    2.01071627    2.46754328    2.39554839    0.53315826    0.44372160    0.56631337    0.56208930    0.65032980    0.75071309    0.33351737
PHYB_ORYSJ/105-226     0.59173551    0.41009529    0.00000000    0.73564860    0.58569720    2.21574631    2.14528482    2.60413322    2.29049257    2.35063770    2.18780241    2.71227807    2.18802410    2.22989959    2.07395578    2.33835862    2.64321277    0.80230215    0.77742060    0.72946705    0.87478025    1.02877495    1.02779655    0.49774989
PHYE_ARATH/65-184     0.69999200    0.62248859    0.73564860    0.00000000    0.40748113    2.52114353    2.01574285    2.54402289    2.10511765    2.22164595    2.32376269    2.45962592    2.20498603    2.05703817    1.85415291    2.44614713    2.74789637    0.82421419    0.84450545    0.76844009    0.82626311    0.94626354    0.91217502    0.61246887
A0A3Q7F2U3_SOLLC/93-202     0.53332226    0.49171944    0.58569720    0.40748113    0.00000000    2.58938421    2.12821153    2.74661346    2.18409168    2.40963129    2.56276142    2.69186651    2.29902622    1.94540888    1.86723507    2.83203488    3.06809386    0.69783572    0.68901910    0.77713773    0.74270019    0.89173989    0.95152122    0.53005996
B6IWB2_RHOCS/160-260     2.33407388    2.19019349    2.21574631    2.52114353    2.58938421    0.00000000    1.66422101    1.72106493    1.87461979    2.00921894    2.11863759    1.95850191    1.90347465    2.02521659    2.44740866    1.75778869    1.88112996    2.27730613    2.28405923    2.22522170    2.54246050    2.18490578    2.17610280    2.29010287
Q8VUB6_BRASO/18-122     1.92782091    1.81063392    2.14528482    2.01574285    2.12821153    1.66422101    0.00000000    1.37350416    1.78357591    2.10650469    1.69295184    1.77026872    1.67684608    1.84779540    1.68800210    1.60856405    1.94130224    2.21445714    2.23058568    2.17997683    2.13321408    2.09857832    1.89294977    2.11972718
Q88HJ2_PSEPK/12-118     2.35814344    2.36348120    2.60413322    2.54402289    2.74661346    1.72106493    1.37350416    0.00000000    0.82013358    1.54017440    1.80512439    1.65546883    1.74758442    2.53005238    1.99271354    1.37313909    1.82256217    2.45840161    2.49470063    2.73974865    2.71983969    2.20058030    2.06596981    2.38565465
A9CI81_AGRFC/13-119     2.03779430    2.04201468    2.29049257    2.10511765    2.18409168    1.87461979    1.78357591    0.82013358    0.00000000    1.84537187    1.88322949    1.78560600    1.82559405    2.15766585    2.09917451    1.55255525    2.08998267    2.51238778    2.20476243    2.24021596    2.33778376    2.09285803    2.18020842    2.19949462
Q88KD4_PSEPK/21-131     2.42118157    2.28549660    2.35063770    2.22164595    2.40963129    2.00921894    2.10650469    1.54017440    1.84537187    0.00000000    1.70877491    1.65521410    1.78629362    2.12925340    1.82768741    1.61111096    1.93598344    2.48733974    2.39690580    2.37895888    2.25579662    2.44904033    2.16492766    2.34650056
Q882H5_PSESM/21-125     2.23905123    2.07055601    2.18780241    2.32376269    2.56276142    2.11863759    1.69295184    1.80512439    1.88322949    1.70877491    0.00000000    1.33255199    1.34329864    2.02073942    1.95469718    1.45350813    1.69116668    2.57775985    2.47664994    2.50682373    2.49368729    2.65153596    2.47142049    2.23025727
Q885D3_PSESM/16-120     2.40490294    2.60505161    2.71227807    2.45962592    2.69186651    1.95850191    1.77026872    1.65546883    1.78560600    1.65521410    1.33255199    0.00000000    1.13599201    1.56141442    1.53407434    1.75733941    2.18052377    2.83229980    2.55251974    2.72661647    2.38264969    2.67302459    2.48194627    2.47586377
PHYB_NOSS1/17-125     2.07410266    2.23223922    2.18802410    2.20498603    2.29902622    1.90347465    1.67684608    1.74758442    1.82559405    1.78629362    1.34329864    1.13599201    0.00000000    1.30129132    1.02877807    1.46251081    2.41884027    2.35784125    2.37529589    2.41792093    2.05657153    2.25865544    2.16495655    2.23557102
PHY1_SYNY3/15-125     2.27696077    2.29056915    2.22989959    2.05703817    1.94540888    2.02521659    1.84779540    2.53005238    2.15766585    2.12925340    2.02073942    1.56141442    1.30129132    0.00000000    0.78506725    2.08672115    2.38583708    2.81020016    2.24805765    2.19305133    2.02825278    2.28261067    2.24491744    2.00891766
PHYA_NOSS1/15-125     2.06087693    2.01071627    2.07395578    1.85415291    1.86723507    2.44740866    1.68800210    1.99271354    2.09917451    1.82768741    1.95469718    1.53407434    1.02877807    0.78506725    0.00000000    1.92638045    2.11736032    2.46146652    2.16453525    2.23583713    1.88761195    1.95599240    2.14343137    1.86476744
BPHY_DEIRA/24-129     2.70742787    2.46754328    2.33835862    2.44614713    2.83203488    1.75778869    1.60856405    1.37313909    1.55255525    1.61111096    1.45350813    1.75733941    1.46251081    2.08672115    1.92638045    0.00000000    1.70419391    2.55963171    2.66355610    2.40450516    2.44593724    2.42747141    2.23010067    2.72178669
Q3IV48_RHOS4/13-118     2.75427232    2.39554839    2.64321277    2.74789637    3.06809386    1.88112996    1.94130224    1.82256217    2.08998267    1.93598344    1.69116668    2.18052377    2.41884027    2.38583708    2.11736032    1.70419391    0.00000000    2.38491759    2.73650524    2.58834193    2.63571220    2.62750465    2.61544219    2.54075579
PHY1_PHYPA/67-183     0.70265561    0.53315826    0.80230215    0.82421419    0.69783572    2.27730613    2.21445714    2.45840161    2.51238778    2.48733974    2.57775985    2.83229980    2.35784125    2.81020016    2.46146652    2.55963171    2.38491759    0.00000000    0.54996234    0.63254291    0.69656224    0.72987804    0.76519235    0.66253905
Q41335_SOLLC/69-185     0.63034594    0.44372160    0.77742060    0.84450545    0.68901910    2.28405923    2.23058568    2.49470063    2.20476243    2.39690580    2.47664994    2.55251974    2.37529589    2.24805765    2.16453525    2.66355610    2.73650524    0.54996234    0.00000000    0.38482481    0.35222774    0.58993496    0.58362536    0.60304284
PHYC_ORYSJ/68-184     0.67415537    0.56631337    0.72946705    0.76844009    0.77713773    2.22522170    2.17997683    2.73974865    2.24021596    2.37895888    2.50682373    2.72661647    2.41792093    2.19305133    2.23583713    2.40450516    2.58834193    0.63254291    0.38482481    0.00000000    0.57207927    0.61142135    0.63904689    0.65299404
PHYC_ARATH/64-180     0.69049133    0.56208930    0.87478025    0.82626311    0.74270019    2.54246050    2.13321408    2.71983969    2.33778376    2.25579662    2.49368729    2.38264969    2.05657153    2.02825278    1.88761195    2.44593724    2.63571220    0.69656224    0.35222774    0.57207927    0.00000000    0.62800473    0.64423173    0.71659782
PHYA_SOYBN/68-184     0.78288925    0.65032980    1.02877495    0.94626354    0.89173989    2.18490578    2.09857832    2.20058030    2.09285803    2.44904033    2.65153596    2.67302459    2.25865544    2.28261067    1.95599240    2.42747141    2.62750465    0.72987804    0.58993496    0.61142135    0.62800473    0.00000000    0.28031918    0.83473736
I1GNX8_BRADI/70-186     0.87825374    0.75071309    1.02779655    0.91217502    0.95152122    2.17610280    1.89294977    2.06596981    2.18020842    2.16492766    2.47142049    2.48194627    2.16495655    2.24491744    2.14343137    2.23010067    2.61544219    0.76519235    0.58362536    0.63904689    0.64423173    0.28031918    0.00000000    0.85176415
PHYB_SOYBN/84-220     0.41977619    0.33351737    0.49774989    0.61246887    0.53005996    2.29010287    2.11972718    2.38565465    2.19949462    2.34650056    2.23025727    2.47586377    2.23557102    2.00891766    1.86476744    2.72178669    2.54075579    0.66253905    0.60304284    0.65299404    0.71659782    0.83473736    0.85176415    0.00000000

