28
Q0CKG4_ASPTN/2-226     0.00000000    0.11455894    0.12168219    0.27235653    0.22273997    0.39774402    0.38971562    0.91082375    1.00015538    0.95072037    0.96674511    1.04444598    0.98142048    1.06981333    1.10836562    1.09345465    1.08122576    1.16958185    1.17637961    1.00993844    0.98769611    0.93696364    0.95632325    0.94413462    0.91875049    0.89671767    0.47260695    0.43362632
A2QVK4_ASPNC/2-226     0.11455894    0.00000000    0.11287050    0.27536359    0.23572675    0.40267683    0.40080498    0.87967468    1.02433699    0.94707488    0.99781733    1.05626982    0.98839842    1.05228293    1.07886230    1.06750213    1.08623439    1.18771559    1.18091195    1.02419822    1.02287086    0.90388530    0.96260602    0.95810692    0.92459103    0.95065225    0.47043315    0.44762928
Q4WMY0_ASPFU/2-226     0.12168219    0.11287050    0.00000000    0.28943839    0.23910254    0.38793920    0.36318275    0.86443106    0.99262971    0.91309860    0.94852540    1.03229482    0.98922451    1.05023254    1.05710974    1.04223288    1.03779061    1.18544595    1.14494750    0.98156050    0.97981550    0.91651250    0.93880736    0.92689274    0.89731552    0.90532518    0.44583234    0.39686783
S7ZMY5_PENO1/2-225     0.27235653    0.27536359    0.28943839    0.00000000    0.33327921    0.37484796    0.39727885    0.87027541    1.16391918    1.07007787    1.10525990    1.15403749    1.08977573    1.04926678    1.02487574    1.01295032    1.00983822    1.18774680    1.17520261    1.04566608    1.05939687    0.99417380    0.96627687    0.90743451    0.96939230    0.91971728    0.53169712    0.51407864
V5FVA4_BYSSN/2-226     0.22273997    0.23572675    0.23910254    0.33327921    0.00000000    0.36509843    0.36608452    0.83622251    1.02596846    0.97706369    0.99043644    1.01988136    0.98887946    1.01944159    1.07142870    1.08098705    1.07578000    1.21694628    1.14291197    1.03502095    1.00774016    0.94059070    0.92864833    0.91807167    0.94001096    0.95391211    0.41952007    0.36373695
B8M1J7_TALSN/2-223     0.39774402    0.40267683    0.38793920    0.37484796    0.36509843    0.00000000    0.07131111    0.84330257    0.97447793    0.99101537    0.94778513    1.02930668    1.03330204    1.04337884    0.99107473    0.98504161    0.94885654    1.12746704    1.11171138    1.10513771    1.07036876    0.94289979    0.89114558    0.88098256    0.84897246    0.83804583    0.55703732    0.46482551
B6QA45_TALMQ/2-225     0.38971562    0.40080498    0.36318275    0.39727885    0.36608452    0.07131111    0.00000000    0.88549425    0.96876042    0.99333597    0.94461505    1.02571978    1.04396516    1.05941229    1.02236784    0.99461977    0.96885336    1.11481487    1.14580318    1.07618981    1.05831801    0.97245403    0.90729857    0.87078290    0.85936085    0.82971957    0.53935137    0.46533214
K2SFJ9_MACPH/2-228     0.91082375    0.87967468    0.86443106    0.87027541    0.83622251    0.84330257    0.88549425    0.00000000    1.13663821    1.11349256    1.10680801    1.11782289    1.14642462    1.20537023    1.13368360    1.16172026    1.16074457    1.21355233    1.23835044    1.16285527    1.19100110    0.99773109    0.98797602    0.94473972    0.97385351    1.05914583    0.86608628    0.84153836
C7YKL5_FUSV7/5-217     1.00015538    1.02433699    0.99262971    1.16391918    1.02596846    0.97447793    0.96876042    1.13663821    0.00000000    0.13439199    0.10952804    0.21744051    0.24862346    0.68557052    0.65185819    0.66490541    0.62613431    0.77230654    0.87147377    0.79795765    0.77813770    0.89785932    0.99031476    1.00974038    0.96467813    0.93902624    1.05340996    1.00391538
I1RC12_GIBZE/5-217     0.95072037    0.94707488    0.91309860    1.07007787    0.97706369    0.99101537    0.99333597    1.11349256    0.13439199    0.00000000    0.04078087    0.20242841    0.22685032    0.65942030    0.61204725    0.62641350    0.61206527    0.75516445    0.81108221    0.74113881    0.75056824    0.83296628    0.95435466    0.99681630    0.94652651    0.90854119    0.97650462    0.91598702
N1RA31_FUSC4/5-217     0.96674511    0.99781733    0.94852540    1.10525990    0.99043644    0.94778513    0.94461505    1.10680801    0.10952804    0.04078087    0.00000000    0.18395384    0.20605185    0.69469046    0.64408122    0.63758377    0.60222923    0.75649087    0.82244973    0.74666847    0.73619573    0.87358155    0.95761889    0.99468866    0.95282865    0.90616975    0.98439961    0.94435142
G9MVN2_HYPVG/5-217     1.04444598    1.05626982    1.03229482    1.15403749    1.01988136    1.02930668    1.02571978    1.11782289    0.21744051    0.20242841    0.18395384    0.00000000    0.15925764    0.74736826    0.68468373    0.67051850    0.66014686    0.76213230    0.84722666    0.81562079    0.81657965    0.90290839    0.95056506    0.97397093    0.96429908    0.93339871    1.01995878    0.98633514
E9E5X4_METAQ/5-217     0.98142048    0.98839842    0.98922451    1.08977573    0.98887946    1.03330204    1.04396516    1.14642462    0.24862346    0.22685032    0.20605185    0.15925764    0.00000000    0.74822236    0.67509264    0.67103787    0.66797520    0.80927585    0.89162046    0.79847308    0.78054954    0.92571243    1.00197798    1.03494631    1.02734474    0.94719452    1.00396273    0.99044682
C9SIJ2_VERA1/8-225     1.06981333    1.05228293    1.05023254    1.04926678    1.01944159    1.04337884    1.05941229    1.20537023    0.68557052    0.65942030    0.69469046    0.74736826    0.74822236    0.00000000    0.41213426    0.42785014    0.46487702    0.89339126    0.97754683    0.87734002    0.88758209    0.92481980    0.97279068    0.95655689    0.94245680    1.00706995    1.04758125    1.08434374
E3Q6J3_COLGM/3-220     1.10836562    1.07886230    1.05710974    1.02487574    1.07142870    0.99107473    1.02236784    1.13368360    0.65185819    0.61204725    0.64408122    0.68468373    0.67509264    0.41213426    0.00000000    0.03790460    0.06346541    0.74348025    0.90588370    0.82155396    0.83981385    0.88950396    0.96303389    0.95249593    0.89746886    0.89854123    1.06661394    0.99436695
T0K1F7_COLGC/3-220     1.09345465    1.06750213    1.04223288    1.01295032    1.08098705    0.98504161    0.99461977    1.16172026    0.66490541    0.62641350    0.63758377    0.67051850    0.67103787    0.42785014    0.03790460    0.00000000    0.06324755    0.75560902    0.92701784    0.82961309    0.85009236    0.89754834    0.99560426    0.97362803    0.89799535    0.87226226    1.06365092    0.99831434
N4W4X5_COLOR/3-220     1.08122576    1.08623439    1.03779061    1.00983822    1.07578000    0.94885654    0.96885336    1.16074457    0.62613431    0.61206527    0.60222923    0.66014686    0.66797520    0.46487702    0.06346541    0.06324755    0.00000000    0.76198589    0.92752161    0.81599132    0.82405959    0.92506273    1.04221933    1.03310254    0.91013836    0.89676475    1.07231378    0.97501723
Q7SFZ3_NEUCR/3-219     1.16958185    1.18771559    1.18544595    1.18774680    1.21694628    1.12746704    1.11481487    1.21355233    0.77230654    0.75516445    0.75649087    0.76213230    0.80927585    0.89339126    0.74348025    0.75560902    0.76198589    0.00000000    0.92107872    0.73921639    0.73187742    1.02444482    1.00501205    1.01964447    0.96657489    0.91058144    1.16443036    1.19003156
G4NE39_MAGO7/5-219     1.17637961    1.18091195    1.14494750    1.17520261    1.14291197    1.11171138    1.14580318    1.23835044    0.87147377    0.81108221    0.82244973    0.84722666    0.89162046    0.97754683    0.90588370    0.92701784    0.92752161    0.92107872    0.00000000    0.50233525    0.51753281    0.98245938    1.15277734    1.19171625    1.07944140    1.06289821    1.14469955    1.14323330
A0A0C4DT95_MAGP6/5-223     1.00993844    1.02419822    0.98156050    1.04566608    1.03502095    1.10513771    1.07618981    1.16285527    0.79795765    0.74113881    0.74666847    0.81562079    0.79847308    0.87734002    0.82155396    0.82961309    0.81599132    0.73921639    0.50233525    0.00000000    0.04357340    0.91395380    0.95570666    0.94265040    0.82072561    0.90319165    0.98385808    0.98448966
J3P9K2_GAET3/5-223     0.98769611    1.02287086    0.97981550    1.05939687    1.00774016    1.07036876    1.05831801    1.19100110    0.77813770    0.75056824    0.73619573    0.81657965    0.78054954    0.88758209    0.83981385    0.85009236    0.82405959    0.73187742    0.51753281    0.04357340    0.00000000    0.94299003    1.00877578    0.99566925    0.86288821    0.88176460    0.98102763    0.99857385
L8FZI7_PSED2/2-219     0.93696364    0.90388530    0.91651250    0.99417380    0.94059070    0.94289979    0.97245403    0.99773109    0.89785932    0.83296628    0.87358155    0.90290839    0.92571243    0.92481980    0.88950396    0.89754834    0.92506273    1.02444482    0.98245938    0.91395380    0.94299003    0.00000000    0.86370409    0.81060453    0.72332648    0.75352531    0.97434900    0.96608585
G2Y0Y9_BOTF4/5-221     0.95632325    0.96260602    0.93880736    0.96627687    0.92864833    0.89114558    0.90729857    0.98797602    0.99031476    0.95435466    0.95761889    0.95056506    1.00197798    0.97279068    0.96303389    0.99560426    1.04221933    1.00501205    1.15277734    0.95570666    1.00877578    0.86370409    0.00000000    0.08523030    0.57469668    0.54304981    0.91353399    1.00996250
A7EX15_SCLS1/5-221     0.94413462    0.95810692    0.92689274    0.90743451    0.91807167    0.88098256    0.87078290    0.94473972    1.00974038    0.99681630    0.99468866    0.97397093    1.03494631    0.95655689    0.95249593    0.97362803    1.03310254    1.01964447    1.19171625    0.94265040    0.99566925    0.81060453    0.08523030    0.00000000    0.56210573    0.52652582    0.86665783    0.97679476
S3DHZ8_GLAL2/2-218     0.91875049    0.92459103    0.89731552    0.96939230    0.94001096    0.84897246    0.85936085    0.97385351    0.96467813    0.94652651    0.95282865    0.96429908    1.02734474    0.94245680    0.89746886    0.89799535    0.91013836    0.96657489    1.07944140    0.82072561    0.86288821    0.72332648    0.57469668    0.56210573    0.00000000    0.44884966    1.03309383    0.99019679
N1J9F0_BLUG1/2-220     0.89671767    0.95065225    0.90532518    0.91971728    0.95391211    0.83804583    0.82971957    1.05914583    0.93902624    0.90854119    0.90616975    0.93339871    0.94719452    1.00706995    0.89854123    0.87226226    0.89676475    0.91058144    1.06289821    0.90319165    0.88176460    0.75352531    0.54304981    0.52652582    0.44884966    0.00000000    0.95545197    1.00850953
F2SKX2_TRIRC/2-224     0.47260695    0.47043315    0.44583234    0.53169712    0.41952007    0.55703732    0.53935137    0.86608628    1.05340996    0.97650462    0.98439961    1.01995878    1.00396273    1.04758125    1.06661394    1.06365092    1.07231378    1.16443036    1.14469955    0.98385808    0.98102763    0.97434900    0.91353399    0.86665783    1.03309383    0.95545197    0.00000000    0.32474949
J3KIG9_COCIM/11-234     0.43362632    0.44762928    0.39686783    0.51407864    0.36373695    0.46482551    0.46533214    0.84153836    1.00391538    0.91598702    0.94435142    0.98633514    0.99044682    1.08434374    0.99436695    0.99831434    0.97501723    1.19003156    1.14323330    0.98448966    0.99857385    0.96608585    1.00996250    0.97679476    0.99019679    1.00850953    0.32474949    0.00000000

