34
Q17ZS2_ECOLX/166-263     0.00000000    1.57448795    1.28205731    1.41202082    2.08277967    2.01322589    2.78642328    3.43200296    1.61333638    2.48982386    2.18902066    1.98548558    2.21061224    1.91994711    1.77722309    1.76455637    1.55061988    1.97211863    2.15475156    2.23965869    1.72236861    1.68388883    1.71975984    1.65585554    1.85303572    1.67667973    2.14721125    1.56212232    1.35070387    1.93516301    1.91051360    1.64533029    1.82552262    1.93987374
Q6V2L6_SALER/189-269     1.57448795    0.00000000    1.31696855    1.20592635    2.39214524    2.40838923    3.83921788    2.10982884    1.66273589    2.32665447    2.14633853    2.16497279    2.34273913    1.97636755    2.49917135    2.36535085    1.96736512    2.02568665    2.15313319    2.14552923    2.65767619    2.32044019    2.04309996    2.18589492    2.65245628    2.48619544    2.42871142    2.04415484    1.83623071    3.02697089    2.00964927    2.25588736    2.75474501    2.56967858
E7CI67_SALER/191-270     1.28205731    1.31696855    0.00000000    0.36873060    2.36933224    2.61301838    2.99725142    2.94388665    1.76831374    2.41311390    2.77771315    2.58842533    2.39633973    2.65860052    2.48007703    2.54799658    2.99723892    2.27848894    2.74638700    2.31569523    2.84940278    2.95996107    2.36907578    2.78011463    2.86356965    2.58060939    3.31114344    2.28168899    1.92776783    2.41859663    2.18917919    1.84831706    2.43784090    2.22525292
Q6V2J5_SALER/191-271     1.41202082    1.20592635    0.36873060    0.00000000    2.18197301    2.04043598    3.13888171    2.91779308    1.77095109    1.96000061    2.58897632    2.22624913    2.28034889    2.62178349    2.48787562    2.18149265    2.76834950    1.98982806    2.29722051    2.23397682    2.49485141    2.32197097    2.32300354    2.57891338    2.67411078    2.35539109    2.35536342    1.97948169    1.78426292    1.98547204    2.35708400    1.61139125    2.00650575    1.92878463
Q6JKG4_SALET/32-122     2.08277967    2.39214524    2.36933224    2.18197301    0.00000000    0.65003773    1.52218700    1.58094045    1.59373708    1.94074368    2.09861550    2.07713145    1.96949666    1.54803971    1.41970456    1.78536049    1.67325392    1.59644938    2.21050435    1.60074312    1.64193461    1.91567755    1.57454126    1.64593924    1.71399100    1.89740013    1.55604659    1.94097617    1.61582914    1.73773264    1.81623466    1.60513121    1.64449937    2.01940254
Q93AM3_SALET/173-255     2.01322589    2.40838923    2.61301838    2.04043598    0.65003773    0.00000000    1.46059612    1.38211520    1.64354579    1.79477568    2.16258572    2.01351367    1.67361559    1.31998595    1.28792554    2.01054348    1.91209957    1.37454880    1.86013496    1.70321055    1.69381600    2.01781497    1.75366149    1.53164435    2.09760023    1.95490581    1.87650879    1.50338899    1.33780263    1.10612429    1.26760191    1.42224546    1.53098560    1.62417948
Q9L9M0_ECOLX/188-278     2.78642328    3.83921788    2.99725142    3.13888171    1.52218700    1.46059612    0.00000000    1.91124392    2.04228926    2.21544341    2.66448712    2.23416153    1.63723741    1.72358301    1.59002678    2.12017696    1.72733568    1.91079614    2.12317267    1.85294578    1.75736910    1.93119977    1.73834370    1.90217984    1.94906407    2.04025985    2.22703978    1.73244466    1.50009942    1.83782441    1.74786746    1.81846740    1.97104362    2.13139967
Q75SX0_ECOLX/196-289     3.43200296    2.10982884    2.94388665    2.91779308    1.58094045    1.38211520    1.91124392    0.00000000    1.65119695    1.94800104    2.17520309    2.22845842    2.26233361    1.60139374    2.16897308    2.04441457    2.05494967    1.80864645    2.52120156    1.93819514    2.27472940    2.22075890    2.20666298    2.06606619    2.19748838    2.40533001    2.67950093    1.88455112    1.63614748    1.82867658    1.87981460    1.60376139    2.20874226    2.16056881
Q842C6_ECOLX/184-257     1.61333638    1.66273589    1.76831374    1.77095109    1.59373708    1.64354579    2.04228926    1.65119695    0.00000000    1.44357619    2.27391058    2.35589863    1.92729485    1.75372550    2.07073980    1.93905516    1.79004470    1.92383218    1.82961270    1.74886198    1.89740532    1.67071441    1.53059134    1.66102453    1.88044725    2.06917757    2.20049222    1.51987461    1.36620964    2.03657845    1.40764623    1.40446053    2.01693080    1.79537572
FLIC_ECOLI/196-279     2.48982386    2.32665447    2.41311390    1.96000061    1.94074368    1.79477568    2.21544341    1.94800104    1.44357619    0.00000000    2.09418578    2.35126077    2.52130232    1.57679761    1.84404801    2.12666467    1.88122284    1.85451645    1.82933665    1.58492999    1.91629026    1.81565892    1.67131059    1.89289076    2.56365152    2.32710027    1.81920869    2.42230938    2.27548133    2.43582342    2.66520276    2.01975450    2.97041934    3.00814891
Q6VMU2_ECOLX/196-291     2.18902066    2.14633853    2.77771315    2.58897632    2.09861550    2.16258572    2.66448712    2.17520309    2.27391058    2.09418578    0.00000000    0.63084387    2.54639442    1.81823497    1.95742618    1.95817382    1.61780080    1.92829257    2.46633822    1.98533871    1.75885925    2.07456040    2.18264396    1.98281482    1.74070636    1.91173647    2.07739929    2.26855173    2.02018017    1.67205697    2.31904166    2.21823223    2.90687611    2.93869132
Q8GN06_ECOLX/193-286     1.98548558    2.16497279    2.58842533    2.22624913    2.07713145    2.01351367    2.23416153    2.22845842    2.35589863    2.35126077    0.63084387    0.00000000    1.80565532    1.81914384    1.57354611    1.51842087    1.45668942    1.50518219    1.91147332    1.45103866    1.39121261    1.70665666    1.91856609    1.67319216    1.75089521    1.69817896    1.80605010    1.65961410    1.74134705    1.58806384    2.16493258    1.75105025    2.26885633    2.28093241
Q6V2N8_SALER/195-286     2.21061224    2.34273913    2.39633973    2.28034889    1.96949666    1.67361559    1.63723741    2.26233361    1.92729485    2.52130232    2.54639442    1.80565532    0.00000000    0.90533878    0.87847073    1.26239514    0.94841019    1.31932095    1.07915884    1.05028807    1.02248800    1.12171890    1.31071949    1.04493091    1.56008532    1.57208332    1.42967368    1.31079108    1.47425922    1.54876433    1.49797258    1.12762222    1.42190849    1.32069195
Q6V2H5_SALER/196-285     1.91994711    1.97636755    2.65860052    2.62178349    1.54803971    1.31998595    1.72358301    1.60139374    1.75372550    1.57679761    1.81823497    1.81914384    0.90533878    0.00000000    0.76009514    1.04104366    0.88186576    1.13948407    1.22584560    1.04638315    1.02469504    1.03313826    1.11469959    1.07398690    1.40155067    1.52288951    1.36590224    1.20289810    1.05806103    1.36923502    1.63491847    1.55313826    1.76373628    1.74343383
Q6JK49_SALET/32-123     1.77722309    2.49917135    2.48007703    2.48787562    1.41970456    1.28792554    1.59002678    2.16897308    2.07073980    1.84404801    1.95742618    1.57354611    0.87847073    0.76009514    0.00000000    1.01178497    0.85251223    0.86154841    0.93193267    0.64704099    0.74247639    0.86260687    0.95430643    0.75384653    1.18776553    1.12459767    1.23073219    1.60136015    1.55788392    1.45993102    1.64101229    1.41711743    1.36565432    1.65297352
Q6V2I7_SALER/193-284     1.76455637    2.36535085    2.54799658    2.18149265    1.78536049    2.01054348    2.12017696    2.04441457    1.93905516    2.12666467    1.95817382    1.51842087    1.26239514    1.04104366    1.01178497    0.00000000    0.74880819    0.77436772    1.21148466    0.83569710    1.09891776    1.10479780    1.25127236    1.00578449    1.07329984    1.38976652    1.38804793    1.26399979    1.21511645    1.64726218    1.68216520    1.36164385    1.81458511    1.72702722
Q6V306_SALER/193-282     1.55061988    1.96736512    2.99723892    2.76834950    1.67325392    1.91209957    1.72733568    2.05494967    1.79004470    1.88122284    1.61780080    1.45668942    0.94841019    0.88186576    0.85251223    0.74880819    0.00000000    0.87159513    0.96949618    0.82010966    0.87000949    0.85581340    0.96810286    0.87029570    0.81706178    0.91823301    1.07613581    1.19167855    0.99621597    1.30497330    1.66164739    1.50025918    1.83382011    1.87621409
E7CIB1_SALDZ/190-280     1.97211863    2.02568665    2.27848894    1.98982806    1.59644938    1.37454880    1.91079614    1.80864645    1.92383218    1.85451645    1.92829257    1.50518219    1.31932095    1.13948407    0.86154841    0.77436772    0.87159513    0.00000000    0.74516710    0.38588575    0.61653829    0.85565373    0.94115280    0.81618026    0.94785533    0.93105171    0.82677122    1.53093972    1.43255404    1.57560692    1.67554222    1.35738779    1.69052372    1.78287495
Q66PN7_SALBN/190-278     2.15475156    2.15313319    2.74638700    2.29722051    2.21050435    1.86013496    2.12317267    2.52120156    1.82961270    1.82933665    2.46633822    1.91147332    1.07915884    1.22584560    0.93193267    1.21148466    0.96949618    0.74516710    0.00000000    0.56881800    0.87051835    0.93712341    0.92403801    0.84158530    1.46334459    1.15437486    1.18309852    1.79796437    1.73217362    1.87532170    1.61648856    1.75146195    2.00955759    1.87297460
Q6V2I5_SALER/190-281     2.23965869    2.14552923    2.31569523    2.23397682    1.60074312    1.70321055    1.85294578    1.93819514    1.74886198    1.58492999    1.98533871    1.45103866    1.05028807    1.04638315    0.64704099    0.83569710    0.82010966    0.38588575    0.56881800    0.00000000    0.57152984    0.66236225    0.75255102    0.60610387    0.98051973    0.98028868    0.86540810    1.74335201    1.54032116    1.64816795    1.77541031    1.34800610    1.88274867    1.94078167
A6XLQ5_SALET/160-251     1.72236861    2.65767619    2.84940278    2.49485141    1.64193461    1.69381600    1.75736910    2.27472940    1.89740532    1.91629026    1.75885925    1.39121261    1.02248800    1.02469504    0.74247639    1.09891776    0.87000949    0.61653829    0.87051835    0.57152984    0.00000000    0.41095614    0.56546957    0.46752576    0.70415073    0.73168081    0.68730207    1.42374620    1.51716837    1.68226467    1.48239893    1.31250952    1.90564161    1.90650479
Q6V2M4_SALER/190-281     1.68388883    2.32044019    2.95996107    2.32197097    1.91567755    2.01781497    1.93119977    2.22075890    1.67071441    1.81565892    2.07456040    1.70665666    1.12171890    1.03313826    0.86260687    1.10479780    0.85581340    0.85565373    0.93712341    0.66236225    0.41095614    0.00000000    0.39366271    0.33670949    0.81247416    0.87242456    0.82650298    1.27859303    1.41310553    1.98679461    1.87165424    1.36849326    1.76860725    1.83485314
Q6V388_SALBN/190-280     1.71975984    2.04309996    2.36907578    2.32300354    1.57454126    1.75366149    1.73834370    2.20666298    1.53059134    1.67131059    2.18264396    1.91856609    1.31071949    1.11469959    0.95430643    1.25127236    0.96810286    0.94115280    0.92403801    0.75255102    0.56546957    0.39366271    0.00000000    0.32228054    0.89136510    0.90806901    0.96716839    1.42003424    1.23049782    1.48940431    2.02160607    1.24062947    1.94132354    1.91676598
E7CI23_SALET/190-281     1.65585554    2.18589492    2.78011463    2.57891338    1.64593924    1.53164435    1.90217984    2.06606619    1.66102453    1.89289076    1.98281482    1.67319216    1.04493091    1.07398690    0.75384653    1.00578449    0.87029570    0.81618026    0.84158530    0.60610387    0.46752576    0.33670949    0.32228054    0.00000000    0.72802006    0.98409252    0.80551312    1.34369687    1.16970481    1.69403469    1.75893909    1.30925604    1.83333160    1.91492342
Q66PQ3_SALTH/189-279     1.85303572    2.65245628    2.86356965    2.67411078    1.71399100    2.09760023    1.94906407    2.19748838    1.88044725    2.56365152    1.74070636    1.75089521    1.56008532    1.40155067    1.18776553    1.07329984    0.81706178    0.94785533    1.46334459    0.98051973    0.70415073    0.81247416    0.89136510    0.72802006    0.00000000    0.36772948    1.04898704    1.62351240    1.47658360    1.68473644    1.87662977    1.61581011    2.37619980    2.25070957
E7CI73_SALDZ/188-278     1.67667973    2.48619544    2.58060939    2.35539109    1.89740013    1.95490581    2.04025985    2.40533001    2.06917757    2.32710027    1.91173647    1.69817896    1.57208332    1.52288951    1.12459767    1.38976652    0.91823301    0.93105171    1.15437486    0.98028868    0.73168081    0.87242456    0.90806901    0.98409252    0.36772948    0.00000000    0.90239846    1.98543221    1.82150325    1.69505906    1.76760831    1.84896168    2.23238027    2.26140919
Q6V2N3_SALER/190-281     2.14721125    2.42871142    3.31114344    2.35536342    1.55604659    1.87650879    2.22703978    2.67950093    2.20049222    1.81920869    2.07739929    1.80605010    1.42967368    1.36590224    1.23073219    1.38804793    1.07613581    0.82677122    1.18309852    0.86540810    0.68730207    0.82650298    0.96716839    0.80551312    1.04898704    0.90239846    0.00000000    2.00112068    2.16835427    2.23322864    2.42302530    1.72472203    2.29077245    2.29599835
Q6V341_SALER/194-282     1.56212232    2.04415484    2.28168899    1.97948169    1.94097617    1.50338899    1.73244466    1.88455112    1.51987461    2.42230938    2.26855173    1.65961410    1.31079108    1.20289810    1.60136015    1.26399979    1.19167855    1.53093972    1.79796437    1.74335201    1.42374620    1.27859303    1.42003424    1.34369687    1.62351240    1.98543221    2.00112068    0.00000000    0.23428515    0.90760895    1.08674898    0.73967805    1.33689860    1.28602357
Q66PS3_SALAN/195-283     1.35070387    1.83623071    1.92776783    1.78426292    1.61582914    1.33780263    1.50009942    1.63614748    1.36620964    2.27548133    2.02018017    1.74134705    1.47425922    1.05806103    1.55788392    1.21511645    0.99621597    1.43255404    1.73217362    1.54032116    1.51716837    1.41310553    1.23049782    1.16970481    1.47658360    1.82150325    2.16835427    0.23428515    0.00000000    0.77310234    1.02190952    0.81022542    1.60292803    1.46427840
E7CI29_SALET/193-282     1.93516301    3.02697089    2.41859663    1.98547204    1.73773264    1.10612429    1.83782441    1.82867658    2.03657845    2.43582342    1.67205697    1.58806384    1.54876433    1.36923502    1.45993102    1.64726218    1.30497330    1.57560692    1.87532170    1.64816795    1.68226467    1.98679461    1.48940431    1.69403469    1.68473644    1.69505906    2.23322864    0.90760895    0.77310234    0.00000000    1.12416698    1.14470364    1.71338607    1.76408017
Q6V389_SALBN/192-281     1.91051360    2.00964927    2.18917919    2.35708400    1.81623466    1.26760191    1.74786746    1.87981460    1.40764623    2.66520276    2.31904166    2.16493258    1.49797258    1.63491847    1.64101229    1.68216520    1.66164739    1.67554222    1.61648856    1.77541031    1.48239893    1.87165424    2.02160607    1.75893909    1.87662977    1.76760831    2.42302530    1.08674898    1.02190952    1.12416698    0.00000000    1.67614382    2.00107760    1.91029560
Q6JK63_SALET/36-113     1.64533029    2.25588736    1.84831706    1.61139125    1.60513121    1.42224546    1.81846740    1.60376139    1.40446053    2.01975450    2.21823223    1.75105025    1.12762222    1.55313826    1.41711743    1.36164385    1.50025918    1.35738779    1.75146195    1.34800610    1.31250952    1.36849326    1.24062947    1.30925604    1.61581011    1.84896168    1.72472203    0.73967805    0.81022542    1.14470364    1.67614382    0.00000000    1.21478686    1.18970914
Q103M1_SALET/166-253     1.82552262    2.75474501    2.43784090    2.00650575    1.64449937    1.53098560    1.97104362    2.20874226    2.01693080    2.97041934    2.90687611    2.26885633    1.42190849    1.76373628    1.36565432    1.81458511    1.83382011    1.69052372    2.00955759    1.88274867    1.90564161    1.76860725    1.94132354    1.83333160    2.37619980    2.23238027    2.29077245    1.33689860    1.60292803    1.71338607    2.00107760    1.21478686    0.00000000    0.25738149
Q9AGH4_SALET/194-281     1.93987374    2.56967858    2.22525292    1.92878463    2.01940254    1.62417948    2.13139967    2.16056881    1.79537572    3.00814891    2.93869132    2.28093241    1.32069195    1.74343383    1.65297352    1.72702722    1.87621409    1.78287495    1.87297460    1.94078167    1.90650479    1.83485314    1.91676598    1.91492342    2.25070957    2.26140919    2.29599835    1.28602357    1.46427840    1.76408017    1.91029560    1.18970914    0.25738149    0.00000000

