31
C5E295_LACTC/58-189     0.00000000    2.23301753    2.59627710    2.56480445    2.90852945    2.69671811    2.62058786    3.20930956    3.53848325    3.25464291    2.66969341    3.03778923    2.87523387    3.90240513    3.26106840    3.36788287    2.61782355    1.72434339    1.70154500    1.83091021    1.58845776    1.56125262    1.79851532    1.16265127    1.53029264    1.01712128    1.21696144    1.48665105    1.38628375    1.25987734    2.03555203
M3AUP5_PSEFD/85-213     2.23301753    0.00000000    1.88632239    1.99495989    1.95769467    2.10766373    1.90958479    3.37541397    2.85978297    3.24048018    3.21915730    2.92796065    3.10185143    3.59947401    3.20790179    3.54650858    2.59929119    2.81211431    2.38177508    2.56000133    2.29010621    2.33120502    2.24781977    2.37773071    3.15844921    2.56638624    2.61266504    2.37423787    2.53942039    2.70553542    3.47967291
Q5B384_EMENI/66-211     2.59627710    1.88632239    0.00000000    0.66954284    2.03776418    2.17245993    2.18966451    3.22614275    2.89223649    3.72023191    3.58916795    3.76627895    3.66007650    3.37851229    3.58099856    3.59971476    2.53696181    2.86858768    3.35789109    3.25645871    2.75806800    2.88955054    3.02880457    2.77409571    3.69149161    2.88372797    2.86231099    2.49571418    2.37743984    2.87834545    3.01591793
Q4WXL4_ASPFU/62-215     2.56480445    1.99495989    0.66954284    0.00000000    1.89439182    2.06264624    2.13429582    3.27186930    3.71615267    4.30015427    3.40905528    3.60063420    3.45043375    3.46867736    3.55386402    4.04271234    2.57866345    3.16551446    2.94183746    2.68488931    2.47243585    2.71420311    3.21171257    2.68631238    2.90731025    2.79736565    2.61450554    2.64306426    2.41845707    2.51320470    2.94080998
C7Z135_FUSV7/70-199     2.90852945    1.95769467    2.03776418    1.89439182    0.00000000    1.07591835    1.08646779    3.52496263    3.65386902    4.25651236    3.95562206    3.51294907    3.95916227    4.17312267    4.13569969    3.99440193    2.82749613    3.72451873    3.00603422    2.62324171    2.59260183    2.65575311    3.25361962    3.11672979    4.07514384    2.62568378    3.03015441    2.91102197    2.63913394    3.56230010    3.36229389
H1UX04_COLHI/65-198     2.69671811    2.10766373    2.17245993    2.06264624    1.07591835    0.00000000    0.37720786    3.68352703    3.39328803    3.68683546    3.54108906    3.56996629    3.23958150    4.12189083    3.58179934    4.01152113    2.48884852    3.30878875    2.96802078    3.05923497    3.13691488    2.97023690    3.39558474    3.05676871    3.92831702    3.03492964    2.89054948    2.34512727    2.60690194    3.08413789    2.78824403
N4UZD1_COLOR/65-198     2.62058786    1.90958479    2.18966451    2.13429582    1.08646779    0.37720786    0.00000000    3.56938106    3.59793132    4.27210875    3.98664858    4.00258547    3.83442811    4.09077051    3.54960113    3.58278392    2.46117356    3.30449165    2.69300057    3.18355397    2.93944426    3.10303337    3.17185610    3.11023505    3.83160459    3.09643916    2.90262799    2.46006961    2.82023260    3.22474232    3.16319268
Q5RGS8_DANRE/60-174     3.20930956    3.37541397    3.22614275    3.27186930    3.52496263    3.68352703    3.56938106    0.00000000    1.13407469    1.30493093    1.24477967    1.31779934    1.35849977    1.01954665    0.97220635    0.98638763    3.22200802    3.92960706    3.13166357    2.94054110    3.02438949    3.34623052    3.52009396    3.88043133    3.83104390    3.70143346    3.68978861    3.69699186    3.23678038    3.99888960    3.41688371
Q1T766_CHICK/90-206     3.53848325    2.85978297    2.89223649    3.71615267    3.65386902    3.39328803    3.59793132    1.13407469    0.00000000    0.65025037    0.68384630    0.74675008    0.81201578    1.37626913    1.09054341    1.28003641    3.56536718    4.20754573    3.66047879    3.53877970    3.19849751    3.65455378    3.99180914    4.04330657    4.36591934    3.75690134    4.18306397    4.25514824    3.04577555    4.07839516    4.08990370
F6PLV1_MONDO/89-205     3.25464291    3.24048018    3.72023191    4.30015427    4.25651236    3.68683546    4.27210875    1.30493093    0.65025037    0.00000000    0.41471805    0.45459478    0.51568117    1.61214984    1.44603752    1.52786331    3.29523078    3.44027041    3.67419762    3.52858773    3.78480947    3.58049906    3.46391669    3.95446570    3.52683853    3.74898082    3.48162505    4.13089974    3.12183207    3.96775145    3.93059405
NSL1_HUMAN/82-197     2.66969341    3.21915730    3.58916795    3.40905528    3.95562206    3.54108906    3.98664858    1.24477967    0.68384630    0.41471805    0.00000000    0.21026377    0.28493528    1.35292170    1.30389437    1.28349465    3.24135096    3.30204615    3.20053306    3.03645345    3.08352783    2.96470636    3.09997256    3.83931174    3.33975424    3.01218620    3.00558122    3.79707344    2.70439476    3.67541932    3.57476303
H0UYL4_CAVPO/123-238     3.03778923    2.92796065    3.76627895    3.60063420    3.51294907    3.56996629    4.00258547    1.31779934    0.74675008    0.45459478    0.21026377    0.00000000    0.27063106    1.44796893    1.28292198    1.45660308    3.32534418    3.48776246    3.24328581    3.01816065    3.15989633    3.05166114    3.52236539    4.01547538    3.44392186    2.93064699    3.39193073    3.68819252    2.70367455    3.78972043    3.78571675
E9QME3_MOUSE/82-197     2.87523387    3.10185143    3.66007650    3.45043375    3.95916227    3.23958150    3.83442811    1.35849977    0.81201578    0.51568117    0.28493528    0.27063106    0.00000000    1.41836052    1.28304512    1.29931850    3.25967833    3.28654075    3.22867716    3.17790470    3.20301051    2.95317860    3.11704216    4.04897024    3.45724612    3.04251646    2.89690892    3.49134209    2.87731606    3.62925060    3.80178751
A0A3B3HPF0_ORYLA/64-177     3.90240513    3.59947401    3.37851229    3.46867736    4.17312267    4.12189083    4.09077051    1.01954665    1.37626913    1.61214984    1.35292170    1.44796893    1.41836052    0.00000000    0.62152239    0.72207214    3.59619693    4.10133591    3.53656624    3.41854593    3.84444132    3.70947728    4.05299874    5.83828408    5.12358896    4.44076288    4.48566219    4.76029723    3.88781484    6.09521510    4.09927318
H2UV94_TAKRU/67-179     3.26106840    3.20790179    3.58099856    3.55386402    4.13569969    3.58179934    3.54960113    0.97220635    1.09054341    1.44603752    1.30389437    1.28292198    1.28304512    0.62152239    0.00000000    0.40417863    3.08093304    3.57701653    3.17689483    3.40892852    3.48511887    3.51345453    3.99179259    3.99995257    4.22192812    3.54264336    3.58201057    4.27744321    3.44891494    4.68245348    4.05970152
Q4TC43_TETNG/66-176     3.36788287    3.54650858    3.59971476    4.04271234    3.99440193    4.01152113    3.58278392    0.98638763    1.28003641    1.52786331    1.28349465    1.45660308    1.29931850    0.72207214    0.40417863    0.00000000    3.78026662    3.95162495    3.50454705    3.28638913    3.56939027    3.66563649    4.37158098    4.53387846    4.84027079    4.22018026    3.86300178    4.42579156    3.71284889    4.76996399    4.41709054
MIS14_SCHPO/73-198     2.61782355    2.59929119    2.53696181    2.57866345    2.82749613    2.48884852    2.46117356    3.22200802    3.56536718    3.29523078    3.24135096    3.32534418    3.25967833    3.59619693    3.08093304    3.78026662    0.00000000    2.62125557    2.35473360    2.47504002    2.18429306    2.29068966    2.49821806    2.66028893    3.06846584    2.41114559    2.28831973    2.45098806    2.45243817    1.99909491    3.03540795
Q5AH01_CANAL/61-199     1.72434339    2.81211431    2.86858768    3.16551446    3.72451873    3.30878875    3.30449165    3.92960706    4.20754573    3.44027041    3.30204615    3.48776246    3.28654075    4.10133591    3.57701653    3.95162495    2.62125557    0.00000000    1.34424261    1.37160429    1.37903015    1.41005967    2.37227593    2.23214937    2.83897634    1.84610422    1.94812413    2.21872922    1.93524311    2.38005128    2.61296275
G3AY26_CANTC/61-195     1.70154500    2.38177508    3.35789109    2.94183746    3.00603422    2.96802078    2.69300057    3.13166357    3.66047879    3.67419762    3.20053306    3.24328581    3.22867716    3.53656624    3.17689483    3.50454705    2.35473360    1.34424261    0.00000000    0.91140808    1.12365809    1.00753082    1.87713915    1.89956802    2.41666105    1.57921429    1.96096175    1.93852405    1.65057842    1.75849036    2.77743875
A3LPC3_PICST/60-192     1.83091021    2.56000133    3.25645871    2.68488931    2.62324171    3.05923497    3.18355397    2.94054110    3.53877970    3.52858773    3.03645345    3.01816065    3.17790470    3.41854593    3.40892852    3.28638913    2.47504002    1.37160429    0.91140808    0.00000000    1.01453707    0.83717980    2.20629422    1.88721568    2.48472572    2.14266235    2.31030258    2.21015764    1.84648812    1.79701441    2.93585193
G8Y9T6_PICSO/61-197     1.58845776    2.29010621    2.75806800    2.47243585    2.59260183    3.13691488    2.93944426    3.02438949    3.19849751    3.78480947    3.08352783    3.15989633    3.20301051    3.84444132    3.48511887    3.56939027    2.18429306    1.37903015    1.12365809    1.01453707    0.00000000    0.81597996    2.19279486    1.88841071    2.50861068    1.83243964    2.18251990    2.26731267    1.68745391    1.74752696    2.22345720
Q6BSC0_DEBHA/61-200     1.56125262    2.33120502    2.88955054    2.71420311    2.65575311    2.97023690    3.10303337    3.34623052    3.65455378    3.58049906    2.96470636    3.05166114    2.95317860    3.70947728    3.51345453    3.66563649    2.29068966    1.41005967    1.00753082    0.83717980    0.81597996    0.00000000    1.98310550    1.99398931    2.47277736    1.81957848    1.98994361    2.30571337    1.70316307    1.97789537    2.54574675
K0KUI2_WICCF/61-203     1.79851532    2.24781977    3.02880457    3.21171257    3.25361962    3.39558474    3.17185610    3.52009396    3.99180914    3.46391669    3.09997256    3.52236539    3.11704216    4.05299874    3.99179259    4.37158098    2.49821806    2.37227593    1.87713915    2.20629422    2.19279486    1.98310550    0.00000000    2.09106746    2.11747331    1.77728674    1.85857979    2.16534890    1.87750436    1.85979032    2.57607817
G0WCE5_NAUDC/63-202     1.16265127    2.37773071    2.77409571    2.68631238    3.11672979    3.05676871    3.11023505    3.88043133    4.04330657    3.95446570    3.83931174    4.01547538    4.04897024    5.83828408    3.99995257    4.53387846    2.66028893    2.23214937    1.89956802    1.88721568    1.88841071    1.99398931    2.09106746    0.00000000    1.38616083    0.75116243    1.08043052    1.49974820    1.51541838    1.07583680    2.04852201
H2AWG4_KAZAF/56-186     1.53029264    3.15844921    3.69149161    2.90731025    4.07514384    3.92831702    3.83160459    3.83104390    4.36591934    3.52683853    3.33975424    3.44392186    3.45724612    5.12358896    4.22192812    4.84027079    3.06846584    2.83897634    2.41666105    2.48472572    2.50861068    2.47277736    2.11747331    1.38616083    0.00000000    1.08628634    1.32394811    1.71626415    1.64463530    1.40693821    2.28790121
G0VHX7_NAUCC/63-191     1.01712128    2.56638624    2.88372797    2.79736565    2.62568378    3.03492964    3.09643916    3.70143346    3.75690134    3.74898082    3.01218620    2.93064699    3.04251646    4.44076288    3.54264336    4.22018026    2.41114559    1.84610422    1.57921429    2.14266235    1.83243964    1.81957848    1.77728674    0.75116243    1.08628634    0.00000000    0.73229389    1.31348857    1.25236563    1.11538320    1.83177843
NSL1_YEAST/62-195     1.21696144    2.61266504    2.86231099    2.61450554    3.03015441    2.89054948    2.90262799    3.68978861    4.18306397    3.48162505    3.00558122    3.39193073    2.89690892    4.48566219    3.58201057    3.86300178    2.28831973    1.94812413    1.96096175    2.31030258    2.18251990    1.98994361    1.85857979    1.08043052    1.32394811    0.73229389    0.00000000    1.22612205    1.18941081    1.09974660    2.07048150
Q755G3_ASHGO/68-195     1.48665105    2.37423787    2.49571418    2.64306426    2.91102197    2.34512727    2.46006961    3.69699186    4.25514824    4.13089974    3.79707344    3.68819252    3.49134209    4.76029723    4.27744321    4.42579156    2.45098806    2.21872922    1.93852405    2.21015764    2.26731267    2.30571337    2.16534890    1.49974820    1.71626415    1.31348857    1.22612205    0.00000000    1.05826173    1.10332586    1.96597854
Q6CT27_KLULA/60-192     1.38628375    2.53942039    2.37743984    2.41845707    2.63913394    2.60690194    2.82023260    3.23678038    3.04577555    3.12183207    2.70439476    2.70367455    2.87731606    3.88781484    3.44891494    3.71284889    2.45243817    1.93524311    1.65057842    1.84648812    1.68745391    1.70316307    1.87750436    1.51541838    1.64463530    1.25236563    1.18941081    1.05826173    0.00000000    1.14446773    1.70117983
G8ZN10_TORDC/55-185     1.25987734    2.70553542    2.87834545    2.51320470    3.56230010    3.08413789    3.22474232    3.99888960    4.07839516    3.96775145    3.67541932    3.78972043    3.62925060    6.09521510    4.68245348    4.76996399    1.99909491    2.38005128    1.75849036    1.79701441    1.74752696    1.97789537    1.85979032    1.07583680    1.40693821    1.11538320    1.09974660    1.10332586    1.14446773    0.00000000    1.34204166
I2GV69_TETBL/59-191     2.03555203    3.47967291    3.01591793    2.94080998    3.36229389    2.78824403    3.16319268    3.41688371    4.08990370    3.93059405    3.57476303    3.78571675    3.80178751    4.09927318    4.05970152    4.41709054    3.03540795    2.61296275    2.77743875    2.93585193    2.22345720    2.54574675    2.57607817    2.04852201    2.28790121    1.83177843    2.07048150    1.96597854    1.70117983    1.34204166    0.00000000

