16
E0W0A1_PEDHC/26-335     0.00000000    0.89104492    0.95985317    1.13059500    0.96735876    1.17008487    0.93417041    1.42271646    1.35991468    1.25157900    1.13280974    1.22488138    1.21419453    1.85109848    1.21722030    1.30033355
E2C5S8_HARSA/25-332     0.89104492    0.00000000    0.34763028    1.01279502    0.92681937    0.98465485    0.82790201    1.43760817    1.37817118    1.08641714    1.07374206    1.13847079    1.08655528    1.68236461    1.05270030    1.16577282
A0A7M7LMF8_NASVI/31-345     0.95985317    0.34763028    0.00000000    1.01337890    1.04329816    1.05959491    0.91469501    1.31322034    1.29660511    1.14395897    1.15753375    1.21037126    1.16588933    1.73198101    1.14702605    1.19111308
B3LZR9_DROAN/32-350     1.13059500    1.01279502    1.01337890    0.00000000    0.72651096    1.30080965    1.13426187    1.45789375    1.51430190    1.37363827    1.22126221    1.24551289    1.22954244    1.89946366    1.28103853    1.25388615
Q7PTQ8_ANOGA/37-361     0.96735876    0.92681937    1.04329816    0.72651096    0.00000000    1.12473338    0.97722873    1.43462331    1.50778432    1.34536159    1.25500442    1.25860994    1.19201732    1.87090678    1.22205830    1.23527245
T1FW49_HELRO/22-339     1.17008487    0.98465485    1.05959491    1.30080965    1.12473338    0.00000000    0.79832243    1.17422069    1.20985494    1.01743532    0.99849959    1.12323998    1.12999246    1.68120999    1.20829747    1.23236411
K1QPC4_CRAGI/29-344     0.93417041    0.82790201    0.91469501    1.13426187    0.97722873    0.79832243    0.00000000    1.06113378    1.04326850    0.83506776    0.72467632    0.75581484    0.76042780    1.73481409    1.13766047    1.17430350
A7S0L0_NEMVE/21-369     1.42271646    1.43760817    1.31322034    1.45789375    1.43462331    1.17422069    1.06113378    0.00000000    1.14826774    1.22267948    1.05735523    1.11099973    1.07014403    2.22388723    1.46419778    1.41228616
B3SAY2_TRIAD/72-401     1.35991468    1.37817118    1.29660511    1.51430190    1.50778432    1.20985494    1.04326850    1.14826774    0.00000000    1.28494075    1.11132278    1.18288942    1.20326127    2.01109573    1.45228860    1.45070782
H2XNP3_CIOIN/22-325     1.25157900    1.08641714    1.14395897    1.37363827    1.34536159    1.01743532    0.83506776    1.22267948    1.28494075    0.00000000    0.89711460    0.94739520    0.86886490    1.85792864    1.50086005    1.39356938
G3W7F8_SARHA/6-321     1.13280974    1.07374206    1.15753375    1.22126221    1.25500442    0.99849959    0.72467632    1.05735523    1.11132278    0.89711460    0.00000000    0.27236070    0.26590978    1.82466628    1.28321639    1.32641260
W5K4N0_ASTMX/28-340     1.22488138    1.13847079    1.21037126    1.24551289    1.25860994    1.12323998    0.75581484    1.11099973    1.18288942    0.94739520    0.27236070    0.00000000    0.26183321    1.98473346    1.38893486    1.37056281
M3ZU56_XIPMA/22-335     1.21419453    1.08655528    1.16588933    1.22954244    1.19201732    1.12999246    0.76042780    1.07014403    1.20326127    0.86886490    0.26590978    0.26183321    0.00000000    1.89728667    1.29832638    1.31622138
CC149_CAEEL/20-336     1.85109848    1.68236461    1.73198101    1.89946366    1.87090678    1.68120999    1.73481409    2.22388723    2.01109573    1.85792864    1.82466628    1.98473346    1.89728667    0.00000000    1.69813861    1.85894684
J9JLL9_ACYPI/7-298     1.21722030    1.05270030    1.14702605    1.28103853    1.22205830    1.20829747    1.13766047    1.46419778    1.45228860    1.50086005    1.28321639    1.38893486    1.29832638    1.69813861    0.00000000    1.16373221
H9JPM0_BOMMO/27-348     1.30033355    1.16577282    1.19111308    1.25388615    1.23527245    1.23236411    1.17430350    1.41228616    1.45070782    1.39356938    1.32641260    1.37056281    1.31622138    1.85894684    1.16373221    0.00000000

