43
Q5P615_AROAE/115-146     0.00000000    1.28222176    1.61324032    1.03068344    1.13172297    1.51946717    1.65017961    1.64599447    2.39125471    1.85419966    1.94785220    1.50722642    1.86703667    1.42879123    1.52229437    1.48212633    1.48241834    1.34967239    1.39820314    1.40042686    1.48574161    1.84153843    3.24021669    2.09794319    2.24198214    1.31092655    1.35948347    1.23749567    1.00267049    1.40425096    1.23302579    1.32569845    1.51725901    1.44198631    1.31305676    1.65824042    1.46511855    0.97306214    1.06623524    1.40584922    1.20648129    1.23839058    1.11756182
NUDC_CHRVO/101-132     1.28222176    0.00000000    1.37036800    0.99159001    1.83609887    1.69991304    1.46428858    1.55503883    1.94859719    1.74569531    1.58941675    1.76320950    1.80420064    1.49832769    1.94137738    2.29019756    1.49810323    1.33683643    1.25173463    1.58597876    1.11883327    2.47870617    2.94088798    2.76542393    2.27625716    1.27209359    1.31800011    0.97497327    1.30881753    1.53867959    1.68614232    1.31616694    1.72355437    1.56659891    1.83256816    1.11345717    1.52083109    1.40455319    1.23642315    1.46186018    1.30738419    1.33647563    1.38555629
Q8A7I0_BACTN/102-132     1.61324032    1.37036800    0.00000000    0.76181555    1.83021755    1.38264043    1.06508432    1.45092200    1.21753431    1.64350673    1.64727266    1.74551558    1.71610164    1.62529070    1.68867566    2.18974486    1.43024815    1.98485903    1.37908300    1.97757816    1.27185505    1.98748997    2.06837741    2.22816292    2.05626559    1.57559171    1.15229249    1.22533243    1.50639488    1.55629959    2.12276849    1.70579495    2.02705950    2.04353756    1.85157908    1.66325512    1.66128864    1.48142173    1.08119007    1.82270733    1.51962917    1.23925496    1.21818127
NUDC_DEIRA/108-139     1.03068344    0.99159001    0.76181555    0.00000000    1.46123948    1.52103168    1.41560675    1.76686489    2.06839838    2.08646670    1.67502870    1.43109394    2.19877991    1.64670566    1.49536095    2.11766377    1.37060605    1.32001065    1.33558686    1.49063162    0.91326917    2.34010745    2.25534047    2.23561879    1.36754171    1.20017137    0.93401937    0.93995777    1.06904592    1.47479037    1.13254630    1.43363467    1.56069346    1.47092790    1.14437275    1.22917483    1.28404386    1.40463678    1.06915293    1.90548272    1.31512514    1.62248576    1.31371056
Q3IIM4_PSET1/128-161     1.13172297    1.83609887    1.83021755    1.46123948    0.00000000    1.14818095    2.08920684    2.02337625    1.61182093    1.86020313    1.73652442    1.55081443    2.01343815    1.38770253    1.48832797    1.54784222    1.42627389    1.29072252    1.39645608    1.07370176    1.53292056    1.64575404    2.29194547    2.08423430    1.80287677    1.17952251    1.94165034    1.95828537    1.04631257    1.56798855    1.45639665    1.91489840    2.01598099    1.71949331    1.87832493    1.70440477    1.61692189    1.54961963    1.68702208    1.39745690    1.57210902    1.64766939    1.29885747
A9CKP9_AGRFC/147-178     1.51946717    1.69991304    1.38264043    1.52103168    1.14818095    0.00000000    1.44355898    1.59019297    1.68540604    1.54007205    1.62097811    1.44834326    1.62004345    1.73342307    1.76640212    1.91204553    1.39663898    1.60309343    1.76885269    1.47362555    1.54094125    1.91359909    2.61440594    2.20905566    1.82569484    1.56111566    1.79785326    2.13825443    1.48861456    1.63899001    1.95789414    1.52084514    1.63875710    1.46338199    1.84100102    1.92141190    2.31753316    1.33693449    1.56978326    1.90996842    1.97126566    1.46925088    1.44385814
Q39XR8_GEOMG/127-158     1.65017961    1.46428858    1.06508432    1.41560675    2.08920684    1.44355898    0.00000000    0.87393273    0.69709413    0.82157479    1.40733419    1.54570061    1.88873894    1.46986555    1.92960537    2.54875419    1.29886423    1.35527539    1.23720296    1.43859314    0.93959811    2.10688422    3.39142104    1.83989179    2.00745323    1.76788146    1.48093752    1.65241593    1.57667869    1.58777464    2.20130068    1.69657402    2.22902472    1.98752875    1.89896420    2.01744581    1.90018414    1.69760057    1.19844837    2.19007389    2.08014708    2.02875630    1.78709163
Q3A7G9_PELCD/131-162     1.64599447    1.55503883    1.45092200    1.76686489    2.02337625    1.59019297    0.87393273    0.00000000    1.00938605    1.08898928    1.57178870    2.17045755    2.21650816    1.88498871    2.21587278    2.40430113    1.74015215    1.66327608    1.95007871    1.63317373    1.38270940    2.51918834    4.02198277    3.00838691    2.65081647    1.89832920    1.84007435    2.09023474    1.75879818    1.62816271    2.16589196    1.92070181    2.00954363    2.06179169    2.63681619    1.82054110    1.63782691    1.58018884    1.23949833    1.98389062    1.79395938    1.48592250    1.74195594
A5G6P6_GEOUR/127-158     2.39125471    1.94859719    1.21753431    2.06839838    1.61182093    1.68540604    0.69709413    1.00938605    0.00000000    0.80006961    2.12158759    2.02135124    1.99608043    1.83513071    2.20518445    2.53489796    1.63479715    1.84138923    1.64125823    1.89332897    1.52040368    2.84180572    3.49561281    2.85206885    2.48903329    1.57358926    2.04594349    2.23999024    1.52266952    1.32241978    2.12054315    1.61485009    2.67092749    2.63740879    2.41184370    1.88892904    1.70642435    2.17662839    1.46663846    1.79375789    2.22388883    2.59389295    2.03871948
Q74EB9_GEOSL/127-158     1.85419966    1.74569531    1.64350673    2.08646670    1.86020313    1.54007205    0.82157479    1.08898928    0.80006961    0.00000000    1.98039416    1.55406725    1.52988887    1.33291130    1.28767611    1.86499513    1.23409544    0.89463998    1.50619064    1.59956760    1.38333719    2.43846207    3.14227323    2.71103173    2.16133132    2.01790536    2.43176318    2.43917624    1.79008860    1.93296127    2.14248169    1.97503246    2.35694127    2.02958103    2.23747901    2.45764041    2.64144906    2.06372007    1.61201252    2.13251889    2.26474028    2.46676114    2.51422268
Q2W3S7_MAGSA/177-210     1.94785220    1.58941675    1.64727266    1.67502870    1.73652442    1.62097811    1.40733419    1.57178870    2.12158759    1.98039416    0.00000000    1.13817291    1.32854131    1.41885994    1.98673558    1.60509796    1.38642533    1.41588172    1.21900149    1.28094374    1.05024701    1.85208026    2.61187947    2.29738144    1.70149930    2.00607069    1.37798144    1.98754673    1.92869591    1.72572846    1.84400465    2.12661105    1.90203911    2.11894500    2.41536818    2.02384112    1.80887418    2.00493168    1.64808959    1.75429555    2.01696315    1.75217819    1.93750325
A5G019_ACICJ/134-165     1.50722642    1.76320950    1.74551558    1.43109394    1.55081443    1.44834326    1.54570061    2.17045755    2.02135124    1.55406725    1.13817291    0.00000000    0.66469381    1.34127805    1.39092401    1.48081324    1.37169673    1.37861688    1.15777360    1.22297771    0.93349129    2.25437415    2.27831712    2.06859909    1.29257268    1.57549362    1.41449055    1.57989157    1.82515323    1.77359822    1.61696800    2.13842671    2.35670094    2.26710918    1.54272206    1.80917782    2.09108422    1.58311588    1.94756185    1.25695898    1.47535264    1.88019085    1.79717903
Q8PD56_XANCP/127-158     1.86703667    1.80420064    1.71610164    2.19877991    2.01343815    1.62004345    1.88873894    2.21650816    1.99608043    1.52988887    1.32854131    0.66469381    0.00000000    1.56564275    1.97773773    1.72110638    1.59740886    1.85861111    1.32549026    1.46561042    1.41256118    2.21219174    2.95162050    2.60612619    1.67957734    1.41067682    1.65819769    1.76008230    1.88355738    1.85796058    1.93167150    2.21749482    3.05573821    2.66849135    2.02844281    1.64259790    2.38652279    1.91187690    2.43490413    1.37828698    1.72961855    1.83165346    2.02439817
Q89BM5_BRADU/141-172     1.42879123    1.49832769    1.62529070    1.64670566    1.38770253    1.73342307    1.46986555    1.88498871    1.83513071    1.33291130    1.41885994    1.34127805    1.56564275    0.00000000    1.28629998    1.07462319    0.75616727    1.11366443    1.01345912    0.76153489    0.82707591    1.88625729    2.55334316    2.53694897    2.19641104    1.86221271    1.50525389    2.09263249    1.75153048    1.64507501    1.97176365    1.78588190    1.75785441    1.77742140    2.30354914    2.03994684    2.03237458    1.70399554    1.30324158    1.95687296    1.61999649    1.72470613    1.87858322
Q6AFN1_LEIXX/161-192     1.52229437    1.94137738    1.68867566    1.49536095    1.48832797    1.76640212    1.92960537    2.21587278    2.20518445    1.28767611    1.98673558    1.39092401    1.97773773    1.28629998    0.00000000    1.48828497    1.53302833    1.13611440    1.29871296    1.33167318    1.23200229    2.05166456    2.35463164    2.55113033    1.44017635    2.04933881    2.34703262    2.32273182    1.78184235    2.17929682    2.06020478    2.21763952    1.95373532    1.97334920    2.01575392    2.40835451    2.61553569    2.12761275    1.81960871    2.18209108    1.65077853    2.51057555    2.12039884
H3DH57_TETNG/275-308     1.48212633    2.29019756    2.18974486    2.11766377    1.54784222    1.91204553    2.54875419    2.40430113    2.53489796    1.86499513    1.60509796    1.48081324    1.72110638    1.07462319    1.48828497    0.00000000    1.45557901    1.71884069    1.79270448    1.44891028    1.32474717    2.22526105    2.23523297    3.34567873    2.03617101    2.24846152    2.24419805    2.95832513    2.17769870    1.96987013    2.39126549    2.31019942    2.37626139    2.04458250    2.76642807    2.71187508    2.44796318    2.09953904    2.10730731    1.79399284    1.95072490    2.20694226    1.93810003
Q9ABG1_CAUVC/144-175     1.48241834    1.49810323    1.43024815    1.37060605    1.42627389    1.39663898    1.29886423    1.74015215    1.63479715    1.23409544    1.38642533    1.37169673    1.59740886    0.75616727    1.53302833    1.45557901    0.00000000    1.11288724    0.81301318    0.94286894    0.75119179    1.47101661    2.21444443    2.03411021    2.02858276    1.90704520    1.54154642    1.77752061    1.49827923    1.12371000    1.59183993    1.41566660    1.56368560    1.25966034    1.90548516    1.65568590    2.04593237    1.68904460    1.49011746    1.66248663    1.69710447    1.88737445    1.57341665
Q2RXQ1_RHORT/206-239     1.34967239    1.33683643    1.98485903    1.32001065    1.29072252    1.60309343    1.35527539    1.66327608    1.84138923    0.89463998    1.41588172    1.37861688    1.85861111    1.11366443    1.13611440    1.71884069    1.11288724    0.00000000    0.73397590    0.93923322    0.80004095    1.85191434    2.75824770    2.09295250    1.46058051    1.83333296    1.86347881    1.93697932    1.72893979    1.78723609    1.72767641    1.82250466    1.73744051    1.62825673    2.12516869    2.48078090    2.04421412    1.87788810    1.41818091    2.09922987    1.60661023    2.51902997    2.09959555
Q9FCK2_STRCO/143-174     1.39820314    1.25173463    1.37908300    1.33558686    1.39645608    1.76885269    1.23720296    1.95007871    1.64125823    1.50619064    1.21900149    1.15777360    1.32549026    1.01345912    1.29871296    1.79270448    0.81301318    0.73397590    0.00000000    0.98055814    0.77413990    1.83526310    2.66264008    2.16234105    1.66946283    1.66221837    1.32122308    1.66338903    1.44073755    1.18453720    1.61105006    1.57720988    1.58859551    1.31500887    1.65816493    1.60689624    1.35107646    1.62093409    1.07683009    1.65241117    1.29208317    1.85238518    1.59171599
Q28KH7_JANSC/156-187     1.40042686    1.58597876    1.97757816    1.49063162    1.07370176    1.47362555    1.43859314    1.63317373    1.89332897    1.59956760    1.28094374    1.22297771    1.46561042    0.76153489    1.33167318    1.44891028    0.94286894    0.93923322    0.98055814    0.00000000    0.67945735    1.68374598    2.31164077    1.90453445    1.47637026    1.50890203    1.94191075    1.94839376    1.24677655    1.52833452    1.46095441    1.64027771    1.53035481    1.39277764    2.13703369    1.71761027    1.81901601    1.64554180    1.20934650    1.64626083    1.21066720    1.84728679    1.71027395
Q3J000_RHOS4/146-177     1.48574161    1.11883327    1.27185505    0.91326917    1.53292056    1.54094125    0.93959811    1.38270940    1.52040368    1.38333719    1.05024701    0.93349129    1.41256118    0.82707591    1.23200229    1.32474717    0.75119179    0.80004095    0.77413990    0.67945735    0.00000000    2.10364131    2.38041276    1.64070142    1.21661025    1.59804179    1.51272726    1.36919412    1.43986544    1.53506939    1.35961482    1.62700747    1.44232793    1.59864715    1.79537450    1.50270611    1.49428591    2.12672817    1.26122806    1.54864892    1.60897781    1.88086494    1.47573133
Q2H967_CHAGB/580-611     1.84153843    2.47870617    1.98748997    2.34010745    1.64575404    1.91359909    2.10688422    2.51918834    2.84180572    2.43846207    1.85208026    2.25437415    2.21219174    1.88625729    2.05166456    2.22526105    1.47101661    1.85191434    1.83526310    1.68374598    2.10364131    0.00000000    1.69689019    1.74462849    2.05743061    2.67588165    2.66931738    2.93789230    2.10399238    2.28238549    2.15683122    2.56721100    1.75039460    1.35272340    2.52682131    2.80927041    3.19402681    2.04545855    2.26318318    2.41828680    2.36295227    1.94114402    2.44507516
Q6CS84_KLULA/174-205     3.24021669    2.94088798    2.06837741    2.25534047    2.29194547    2.61440594    3.39142104    4.02198277    3.49561281    3.14227323    2.61187947    2.27831712    2.95162050    2.55334316    2.35463164    2.23523297    2.21444443    2.75824770    2.66264008    2.31164077    2.38041276    1.69689019    0.00000000    5.85946327    1.97191305    2.47649948    2.58157276    2.72106511    2.58081016    3.34231977    2.78101007    3.27471424    3.35300267    3.05854125    2.15886991    2.83386217    3.08773530    2.77332402    2.34809378    2.99129502    2.72151401    2.84025032    2.45018038
NUDC_MYCTU/136-167     2.09794319    2.76542393    2.22816292    2.23561879    2.08423430    2.20905566    1.83989179    3.00838691    2.85206885    2.71103173    2.29738144    2.06859909    2.60612619    2.53694897    2.55113033    3.34567873    2.03411021    2.09295250    2.16234105    1.90453445    1.64070142    1.74462849    5.85946327    0.00000000    1.70983357    3.18375018    3.04585560    2.87190555    2.22757069    2.40554871    3.05211921    3.69876955    2.23831102    1.86419067    4.22697375    3.65471718    4.54835015    3.37258399    3.10789959    2.75300434    3.02852541    2.83862648    2.76749585
Q8G4Z6_BIFLO/257-290     2.24198214    2.27625716    2.05626559    1.36754171    1.80287677    1.82569484    2.00745323    2.65081647    2.48903329    2.16133132    1.70149930    1.29257268    1.67957734    2.19641104    1.44017635    2.03617101    2.02858276    1.46058051    1.66946283    1.47637026    1.21661025    2.05743061    1.97191305    1.70983357    0.00000000    1.83169211    2.25806908    2.33616634    1.68342443    2.16772201    2.34838831    2.63601725    2.22372360    2.21860058    1.62524758    2.48197578    2.36635437    2.39427045    2.28349813    1.77926316    2.93089723    2.25904215    1.84475097
Q5QVW9_IDILO/107-138     1.31092655    1.27209359    1.57559171    1.20017137    1.17952251    1.56111566    1.76788146    1.89832920    1.57358926    2.01790536    2.00607069    1.57549362    1.41067682    1.86221271    2.04933881    2.24846152    1.90704520    1.83333296    1.66221837    1.50890203    1.59804179    2.67588165    2.47649948    3.18375018    1.83169211    0.00000000    0.93469325    0.99836380    0.89071941    1.19970578    1.49700706    1.62343071    2.40901646    2.36028957    1.14106676    1.02352280    1.34515352    1.25545991    1.58672673    1.33410316    1.54332697    1.62422246    0.94142963
NUDC_PSEAE/109-140     1.35948347    1.31800011    1.15229249    0.93401937    1.94165034    1.79785326    1.48093752    1.84007435    2.04594349    2.43176318    1.37798144    1.41449055    1.65819769    1.50525389    2.34703262    2.24419805    1.54154642    1.86347881    1.32122308    1.94191075    1.51272726    2.66931738    2.58157276    3.04585560    2.25806908    0.93469325    0.00000000    0.66024346    1.18463404    1.12223839    1.47507151    1.50115777    2.36760105    2.57287613    1.30776251    1.38841881    1.48187137    1.00209783    1.17781962    1.53316603    1.40441865    1.53213427    1.36117663
Q2KV38_BORA1/91-122     1.23749567    0.97497327    1.22533243    0.93995777    1.95828537    2.13825443    1.65241593    2.09023474    2.23999024    2.43917624    1.98754673    1.57989157    1.76008230    2.09263249    2.32273182    2.95832513    1.77752061    1.93697932    1.66338903    1.94839376    1.36919412    2.93789230    2.72106511    2.87190555    2.33616634    0.99836380    0.66024346    0.00000000    1.05280794    1.57490502    1.38546767    1.29204366    1.97753816    2.30894905    1.45391757    1.13134205    1.49346664    1.45993409    1.41618590    1.61333315    1.27586201    1.97611790    1.61389797
NUDC_PASMU/94-127     1.00267049    1.30881753    1.50639488    1.06904592    1.04631257    1.48861456    1.57667869    1.75879818    1.52266952    1.79008860    1.92869591    1.82515323    1.88355738    1.75153048    1.78184235    2.17769870    1.49827923    1.72893979    1.44073755    1.24677655    1.43986544    2.10399238    2.58081016    2.22757069    1.68342443    0.89071941    1.18463404    1.05280794    0.00000000    0.91935136    1.41745926    1.25395827    2.11299770    1.84752533    1.22611545    1.16507364    1.42801340    1.40296629    1.39612826    1.36825495    1.37752058    1.58843401    1.29680786
Q6FD42_ACIAD/87-118     1.40425096    1.53867959    1.55629959    1.47479037    1.56798855    1.63899001    1.58777464    1.62816271    1.32241978    1.93296127    1.72572846    1.77359822    1.85796058    1.64507501    2.17929682    1.96987013    1.12371000    1.78723609    1.18453720    1.52833452    1.53506939    2.28238549    3.34231977    2.40554871    2.16772201    1.19970578    1.12223839    1.57490502    0.91935136    0.00000000    1.78614684    1.34546745    1.75858427    1.59272201    1.38113437    0.96388123    1.48379594    1.28294975    1.24940204    1.17243371    1.53750400    1.83351067    1.40157372
Q21J51_SACD2/108-139     1.23302579    1.68614232    2.12276849    1.13254630    1.45639665    1.95789414    2.20130068    2.16589196    2.12054315    2.14248169    1.84400465    1.61696800    1.93167150    1.97176365    2.06020478    2.39126549    1.59183993    1.72767641    1.61105006    1.46095441    1.35961482    2.15683122    2.78101007    3.05211921    2.34838831    1.49700706    1.47507151    1.38546767    1.41745926    1.78614684    0.00000000    1.25364862    1.79404627    1.92938113    1.40082856    1.48760415    2.03721350    1.59439416    1.39108809    1.40033333    1.49861594    2.24410787    1.50043158
Q83CZ6_COXBU/97-128     1.32569845    1.31616694    1.70579495    1.43363467    1.91489840    1.52084514    1.69657402    1.92070181    1.61485009    1.97503246    2.12661105    2.13842671    2.21749482    1.78588190    2.21763952    2.31019942    1.41566660    1.82250466    1.57720988    1.64027771    1.62700747    2.56721100    3.27471424    3.69876955    2.63601725    1.62343071    1.50115777    1.29204366    1.25395827    1.34546745    1.25364862    0.00000000    1.27205554    1.09398806    1.60207947    1.37232159    1.95609210    1.44733344    1.42218159    2.17376264    1.58686352    2.01138750    1.36409372
F7E3P1_XENTR/155-186     1.51725901    1.72355437    2.02705950    1.56069346    2.01598099    1.63875710    2.22902472    2.00954363    2.67092749    2.35694127    1.90203911    2.35670094    3.05573821    1.75785441    1.95373532    2.37626139    1.56368560    1.73744051    1.58859551    1.53035481    1.44232793    1.75039460    3.35300267    2.23831102    2.22372360    2.40901646    2.36760105    1.97753816    2.11299770    1.75858427    1.79404627    1.27205554    0.00000000    0.46051920    2.12211028    1.97446759    1.87502225    1.80261190    1.54088155    2.64674949    1.67212880    2.60118833    1.79814674
H2NAK7_PONAB/164-195     1.44198631    1.56659891    2.04353756    1.47092790    1.71949331    1.46338199    1.98752875    2.06179169    2.63740879    2.02958103    2.11894500    2.26710918    2.66849135    1.77742140    1.97334920    2.04458250    1.25966034    1.62825673    1.31500887    1.39277764    1.59864715    1.35272340    3.05854125    1.86419067    2.21860058    2.36028957    2.57287613    2.30894905    1.84752533    1.59272201    1.92938113    1.09398806    0.46051920    0.00000000    1.85805424    2.05616848    2.14475422    1.46257941    1.46793946    2.63130033    1.74069759    2.60837807    1.82630850
NUDC_PSESM/109-140     1.31305676    1.83256816    1.85157908    1.14437275    1.87832493    1.84100102    1.89896420    2.63681619    2.41184370    2.23747901    2.41536818    1.54272206    2.02844281    2.30354914    2.01575392    2.76642807    1.90548516    2.12516869    1.65816493    2.13703369    1.79537450    2.52682131    2.15886991    4.22697375    1.62524758    1.14106676    1.30776251    1.45391757    1.22611545    1.38113437    1.40082856    1.60207947    2.12211028    1.85805424    0.00000000    1.20218474    2.33208986    1.35182576    1.35284223    1.48369525    2.06866337    2.31551195    1.55251976
NUDC_PECAS/93-124     1.65824042    1.11345717    1.66325512    1.22917483    1.70440477    1.92141190    2.01744581    1.82054110    1.88892904    2.45764041    2.02384112    1.80917782    1.64259790    2.03994684    2.40835451    2.71187508    1.65568590    2.48078090    1.60689624    1.71761027    1.50270611    2.80927041    2.83386217    3.65471718    2.48197578    1.02352280    1.38841881    1.13134205    1.16507364    0.96388123    1.48760415    1.37232159    1.97446759    2.05616848    1.20218474    0.00000000    1.74303866    1.63010708    1.48723578    1.47329271    1.24048751    1.83233205    1.41786665
Q2SC61_HAHCH/107-138     1.46511855    1.52083109    1.66128864    1.28404386    1.61692189    2.31753316    1.90018414    1.63782691    1.70642435    2.64144906    1.80887418    2.09108422    2.38652279    2.03237458    2.61553569    2.44796318    2.04593237    2.04421412    1.35107646    1.81901601    1.49428591    3.19402681    3.08773530    4.54835015    2.36635437    1.34515352    1.48187137    1.49346664    1.42801340    1.48379594    2.03721350    1.95609210    1.87502225    2.14475422    2.33208986    1.74303866    0.00000000    1.51179822    1.22794538    1.58578295    1.43378830    1.97025887    1.42178570
Q2LVA3_SYNAS/116-147     0.97306214    1.40455319    1.48142173    1.40463678    1.54961963    1.33693449    1.69760057    1.58018884    2.17662839    2.06372007    2.00493168    1.58311588    1.91187690    1.70399554    2.12761275    2.09953904    1.68904460    1.87788810    1.62093409    1.64554180    2.12672817    2.04545855    2.77332402    3.37258399    2.39427045    1.25545991    1.00209783    1.45993409    1.40296629    1.28294975    1.59439416    1.44733344    1.80261190    1.46257941    1.35182576    1.63010708    1.51179822    0.00000000    0.75617059    1.78052536    1.16110855    1.19632347    0.94698473
Q8TQV0_METAC/122-153     1.06623524    1.23642315    1.08119007    1.06915293    1.68702208    1.56978326    1.19844837    1.23949833    1.46663846    1.61201252    1.64808959    1.94756185    2.43490413    1.30324158    1.81960871    2.10730731    1.49011746    1.41818091    1.07683009    1.20934650    1.26122806    2.26318318    2.34809378    3.10789959    2.28349813    1.58672673    1.17781962    1.41618590    1.39612826    1.24940204    1.39108809    1.42218159    1.54088155    1.46793946    1.35284223    1.48723578    1.22794538    0.75617059    0.00000000    1.73940334    1.09007940    1.47040860    1.06013520
NUDC_PHOPR/98-129     1.40584922    1.46186018    1.82270733    1.90548272    1.39745690    1.90996842    2.19007389    1.98389062    1.79375789    2.13251889    1.75429555    1.25695898    1.37828698    1.95687296    2.18209108    1.79399284    1.66248663    2.09922987    1.65241117    1.64626083    1.54864892    2.41828680    2.99129502    2.75300434    1.77926316    1.33410316    1.53316603    1.61333315    1.36825495    1.17243371    1.40033333    2.17376264    2.64674949    2.63130033    1.48369525    1.47329271    1.58578295    1.78052536    1.73940334    0.00000000    1.69351584    1.49450782    1.38774660
Q2NFY7_METST/102-133     1.20648129    1.30738419    1.51962917    1.31512514    1.57210902    1.97126566    2.08014708    1.79395938    2.22388883    2.26474028    2.01696315    1.47535264    1.72961855    1.61999649    1.65077853    1.95072490    1.69710447    1.60661023    1.29208317    1.21066720    1.60897781    2.36295227    2.72151401    3.02852541    2.93089723    1.54332697    1.40441865    1.27586201    1.37752058    1.53750400    1.49861594    1.58686352    1.67212880    1.74069759    2.06866337    1.24048751    1.43378830    1.16110855    1.09007940    1.69351584    0.00000000    1.86339219    1.38272420
Q2FL28_METHJ/101-132     1.23839058    1.33647563    1.23925496    1.62248576    1.64766939    1.46925088    2.02875630    1.48592250    2.59389295    2.46676114    1.75217819    1.88019085    1.83165346    1.72470613    2.51057555    2.20694226    1.88737445    2.51902997    1.85238518    1.84728679    1.88086494    1.94114402    2.84025032    2.83862648    2.25904215    1.62422246    1.53213427    1.97611790    1.58843401    1.83351067    2.24410787    2.01138750    2.60118833    2.60837807    2.31551195    1.83233205    1.97025887    1.19632347    1.47040860    1.49450782    1.86339219    0.00000000    0.86150173
Q97DS6_CLOAB/111-142     1.11756182    1.38555629    1.21818127    1.31371056    1.29885747    1.44385814    1.78709163    1.74195594    2.03871948    2.51422268    1.93750325    1.79717903    2.02439817    1.87858322    2.12039884    1.93810003    1.57341665    2.09959555    1.59171599    1.71027395    1.47573133    2.44507516    2.45018038    2.76749585    1.84475097    0.94142963    1.36117663    1.61389797    1.29680786    1.40157372    1.50043158    1.36409372    1.79814674    1.82630850    1.55251976    1.41786665    1.42178570    0.94698473    1.06013520    1.38774660    1.38272420    0.86150173    0.00000000

