7
C5ALL0_BURGB/9-240     0.00000000    0.98029881    1.28158956    1.40395615    2.40214415    2.16060473    1.97870513
H7C771_BURPS/7-249     0.98029881    0.00000000    1.32565302    1.72935543    2.43805294    2.29817183    2.38932967
E5AVI1_MYCRK/6-229     1.28158956    1.32565302    0.00000000    1.55550766    2.95124573    2.33243114    2.12645188
Q63JT9_BURPS/7-219     1.40395615    1.72935543    1.55550766    0.00000000    2.10699827    2.30596836    2.07098765
Q8PB89_XANCP/3-203     2.40214415    2.43805294    2.95124573    2.10699827    0.00000000    2.35532757    1.95792236
F5XVY5_RAMTT/15-216     2.16060473    2.29817183    2.33243114    2.30596836    2.35532757    0.00000000    1.81185055
A1TJD4_ACIAC/4-207     1.97870513    2.38932967    2.12645188    2.07098765    1.95792236    1.81185055    0.00000000

