26
C3XQZ7_BRAFL/403-534     0.00000000    0.66236502    0.59227636    0.64275494    0.67113092    0.62119188    0.78057233    0.76458864    1.29195095    2.35948467    2.26053199    2.16288029    1.73476583    1.82059936    2.05613579    1.84981979    1.71870992    1.81239946    2.14494368    2.06428791    1.96286273    0.54746140    0.67953369    0.63074577    0.75713120    0.50529822
G3GTR5_CRIGR/7-141     0.66236502    0.00000000    0.28707691    0.28114664    0.36388592    0.29208156    0.81557826    0.81036076    1.46800792    2.51856238    2.11933138    2.19296130    1.87275609    1.95157800    2.09966247    1.88211401    1.87079781    1.87435368    2.14040037    1.78447250    1.97794507    0.73211247    0.62632237    0.63489819    0.81269332    0.69754034
H3CC44_TETNG/513-647     0.59227636    0.28707691    0.00000000    0.28332239    0.28332121    0.22918487    0.88502655    0.74335178    1.35064367    2.54095751    2.20020061    2.07609492    1.88784087    1.92856704    1.96837910    1.96974185    1.85359837    1.71181322    2.39468726    1.99621860    2.14926060    0.74630160    0.64398423    0.73963761    0.83566746    0.65334327
SZ12A_DANRE/511-645     0.64275494    0.28114664    0.28332239    0.00000000    0.24422593    0.23068621    0.94749358    0.79595521    1.41481069    2.27349063    1.92380222    1.86610571    1.69398221    1.78936306    1.87583894    1.87086711    1.73104064    1.61387931    1.94761595    1.68838078    1.95482791    0.69232008    0.64343202    0.74543079    0.83821630    0.67868001
G3PQ82_GASAC/509-640     0.67113092    0.36388592    0.28332121    0.24422593    0.00000000    0.17747641    0.84983804    0.78303833    1.31124172    2.59738490    2.19843345    1.98504081    1.80322441    1.89227326    1.96308098    1.89269301    1.69146562    1.72015469    2.12405745    1.82356126    2.08852097    0.77580205    0.71807057    0.80838500    0.88289433    0.75675636
H3D135_TETNG/505-639     0.62119188    0.29208156    0.22918487    0.23068621    0.17747641    0.00000000    0.85307290    0.74313945    1.28700515    2.25238627    2.01579878    1.93129668    1.72532957    1.79913793    1.99851662    1.82876997    1.62213320    1.66298399    2.12438696    1.84847607    2.03056736    0.74542074    0.68756857    0.75172628    0.90321551    0.73854475
A7S0W2_NEMVE/469-604     0.78057233    0.81557826    0.88502655    0.94749358    0.84983804    0.85307290    0.00000000    0.82710947    1.40667956    2.24995512    2.10794970    2.58269760    2.14741964    2.15502140    2.22994043    2.25756848    2.16786837    2.00214321    2.49378016    2.11549720    2.03250302    0.88630356    0.89307376    0.82362318    0.91902128    0.91823713
H2YZ92_CIOSA/458-584     0.76458864    0.81036076    0.74335178    0.79595521    0.78303833    0.74313945    0.82710947    0.00000000    1.35093349    2.22080126    1.97605536    1.98553670    1.67550570    1.76065224    2.05004704    1.75097777    1.82238077    1.74937171    2.08108257    1.96302025    1.88819635    0.77135058    0.78701241    0.77898371    0.91369084    0.85909583
D0N2Z9_PHYIT/443-573     1.29195095    1.46800792    1.35064367    1.41481069    1.31124172    1.28700515    1.40667956    1.35093349    0.00000000    2.06051964    1.81387198    2.01768390    1.63090851    1.50810529    1.70289866    1.51094765    1.41054818    1.72489079    2.02638042    2.01967012    1.67862956    1.35306868    1.41334711    1.70079799    1.64524694    1.46542716
D7MCB1_ARALL/11-148     2.35948467    2.51856238    2.54095751    2.27349063    2.59738490    2.25238627    2.24995512    2.22080126    2.06051964    0.00000000    0.27724478    1.33862748    1.11028464    0.96003108    1.31764938    1.07500881    0.98182194    0.73338419    1.20374694    1.42603511    1.08980831    2.28697438    2.11942298    2.17058974    1.93573468    2.15130869
B3H7I2_ARATH/11-152     2.26053199    2.11933138    2.20020061    1.92380222    2.19843345    2.01579878    2.10794970    1.97605536    1.81387198    0.27724478    0.00000000    1.13679566    0.78033496    0.67130530    0.90683944    0.77188722    0.76461262    0.53081886    0.90571868    1.07934584    0.76826624    2.06769272    1.96950009    2.02900692    1.87530723    2.05141924
K7LKC9_SOYBN/606-742     2.16288029    2.19296130    2.07609492    1.86610571    1.98504081    1.93129668    2.58269760    1.98553670    2.01768390    1.33862748    1.13679566    0.00000000    0.69787702    0.75051055    1.00889036    0.90123757    0.86955280    0.82304518    0.99370122    1.12869942    1.01115072    2.25504039    2.24287040    2.46810594    2.09934885    2.06685916
K7LIV2_SOYBN/432-569     1.73476583    1.87275609    1.88784087    1.69398221    1.80322441    1.72532957    2.14741964    1.67550570    1.63090851    1.11028464    0.78033496    0.69787702    0.00000000    0.27328702    0.58160524    0.32795986    0.39937923    0.40028754    0.80148219    0.96511754    0.59865520    1.84759733    1.89994429    1.99273875    1.82325520    1.81946050
F6I2N5_VITVI/510-647     1.82059936    1.95157800    1.92856704    1.78936306    1.89227326    1.79913793    2.15502140    1.76065224    1.50810529    0.96003108    0.67130530    0.75051055    0.27328702    0.00000000    0.47735566    0.24079771    0.27259900    0.30546940    0.81867677    0.96034079    0.61365334    1.87396801    1.94825168    1.91528576    1.71155949    1.76354991
M0YN29_HORVV/510-646     2.05613579    2.09966247    1.96837910    1.87583894    1.96308098    1.99851662    2.22994043    2.05004704    1.70289866    1.31764938    0.90683944    1.00889036    0.58160524    0.47735566    0.00000000    0.52910487    0.52177384    0.68124624    1.09022518    1.17152812    0.95042366    2.05124878    2.09031735    2.11076936    1.93968353    1.90242051
I1HWX9_BRADI/493-630     1.84981979    1.88211401    1.96974185    1.87086711    1.89269301    1.82876997    2.25756848    1.75097777    1.51094765    1.07500881    0.77188722    0.90123757    0.32795986    0.24079771    0.52910487    0.00000000    0.25638180    0.38565963    0.92745031    1.01109086    0.64531789    1.85321841    1.98921362    2.03834069    1.76638371    1.88004577
J3LVK1_ORYBR/474-611     1.71870992    1.87079781    1.85359837    1.73104064    1.69146562    1.62213320    2.16786837    1.82238077    1.41054818    0.98182194    0.76461262    0.86955280    0.39937923    0.27259900    0.52177384    0.25638180    0.00000000    0.39225303    0.83810019    0.89245646    0.68357726    1.75075120    1.91617011    1.94815173    1.66600051    1.70761209
M4DX32_BRARP/248-385     1.81239946    1.87435368    1.71181322    1.61387931    1.72015469    1.66298399    2.00214321    1.74937171    1.72489079    0.73338419    0.53081886    0.82304518    0.40028754    0.30546940    0.68124624    0.38565963    0.39225303    0.00000000    0.65237742    0.88421156    0.43826971    1.81242974    1.66780396    1.76185894    1.67128873    1.62447999
FIS2C_ARATH/589-726     2.14494368    2.14040037    2.39468726    1.94761595    2.12405745    2.12438696    2.49378016    2.08108257    2.02638042    1.20374694    0.90571868    0.99370122    0.80148219    0.81867677    1.09022518    0.92745031    0.83810019    0.65237742    0.00000000    0.79574198    0.82094161    1.94823559    2.07464349    2.15303738    1.94377534    2.09852718
M4CM25_BRARP/175-308     2.06428791    1.78447250    1.99621860    1.68838078    1.82356126    1.84847607    2.11549720    1.96302025    2.01967012    1.42603511    1.07934584    1.12869942    0.96511754    0.96034079    1.17152812    1.01109086    0.89245646    0.88421156    0.79574198    0.00000000    0.81057179    1.97797050    1.81365234    1.99772199    1.92380995    1.91418651
M4FG70_BRARP/218-355     1.96286273    1.97794507    2.14926060    1.95482791    2.08852097    2.03056736    2.03250302    1.88819635    1.67862956    1.08980831    0.76826624    1.01115072    0.59865520    0.61365334    0.95042366    0.64531789    0.68357726    0.43826971    0.82094161    0.81057179    0.00000000    1.88132401    1.91507499    1.88227188    1.89759504    1.99830970
K1QT27_CRAGI/463-596     0.54746140    0.73211247    0.74630160    0.69232008    0.77580205    0.74542074    0.88630356    0.77135058    1.35306868    2.28697438    2.06769272    2.25504039    1.84759733    1.87396801    2.05124878    1.85321841    1.75075120    1.81242974    1.94823559    1.97797050    1.88132401    0.00000000    0.60290780    0.58586071    0.78208884    0.59004221
E9FW32_DAPPU/499-625     0.67953369    0.62632237    0.64398423    0.64343202    0.71807057    0.68756857    0.89307376    0.78701241    1.41334711    2.11942298    1.96950009    2.24287040    1.89994429    1.94825168    2.09031735    1.98921362    1.91617011    1.66780396    2.07464349    1.81365234    1.91507499    0.60290780    0.00000000    0.42831234    0.59022911    0.52822589
SUZ12_DROME/510-644     0.63074577    0.63489819    0.73963761    0.74543079    0.80838500    0.75172628    0.82362318    0.77898371    1.70079799    2.17058974    2.02900692    2.46810594    1.99273875    1.91528576    2.11076936    2.03834069    1.94815173    1.76185894    2.15303738    1.99772199    1.88227188    0.58586071    0.42831234    0.00000000    0.69649480    0.51938637
T1L2C3_TETUR/463-589     0.75713120    0.81269332    0.83566746    0.83821630    0.88289433    0.90321551    0.91902128    0.91369084    1.64524694    1.93573468    1.87530723    2.09934885    1.82325520    1.71155949    1.93968353    1.76638371    1.66600051    1.67128873    1.94377534    1.92380995    1.89759504    0.78208884    0.59022911    0.69649480    0.00000000    0.55472351
B7QLX9_IXOSC/479-613     0.50529822    0.69754034    0.65334327    0.67868001    0.75675636    0.73854475    0.91823713    0.85909583    1.46542716    2.15130869    2.05141924    2.06685916    1.81946050    1.76354991    1.90242051    1.88004577    1.70761209    1.62447999    2.09852718    1.91418651    1.99830970    0.59004221    0.52822589    0.51938637    0.55472351    0.00000000

