13
A0A1U7EVC0_NATPD/2-142     0.00000000    0.62031858    0.66607815    0.44646831    1.55806962    1.50412893    1.42380098    1.63990456    2.23401514    2.03211625    1.65480773    1.76982260    1.75942255
Q9HPE8_HALSA/2-143     0.62031858    0.00000000    0.81539669    0.72273444    1.70661290    1.38660796    1.43887667    1.87662767    2.44759160    2.25736939    1.79961799    1.69370402    1.89849011
Q18F54_HALWD/2-146     0.66607815    0.81539669    0.00000000    0.83357376    1.56725749    1.59126036    1.45083270    1.51687057    2.41738213    2.39157542    1.96225048    1.83000562    1.75463573
Q5V219_HALMA/3-143     0.44646831    0.72273444    0.83357376    0.00000000    1.47094092    1.47734205    1.43673094    1.63136930    2.23237421    1.86487875    1.44029207    1.71362962    1.76077574
Q0W039_METAR/3-144     1.55806962    1.70661290    1.56725749    1.47094092    0.00000000    1.67250912    1.39331368    1.78618306    3.13878736    2.75086912    2.11788776    2.11689387    2.16064104
A0B5F8_METTP/7-143     1.50412893    1.38660796    1.59126036    1.47734205    1.67250912    0.00000000    1.31798764    1.60708378    2.47463120    2.26543559    1.98290741    2.19250350    2.20669976
Q12TI8_METBU/3-146     1.42380098    1.43887667    1.45083270    1.43673094    1.39331368    1.31798764    0.00000000    1.23386758    2.24846665    2.28814069    1.82215572    1.93363863    1.99045530
Q8TT46_METAC/3-163     1.63990456    1.87662767    1.51687057    1.63136930    1.78618306    1.60708378    1.23386758    0.00000000    2.93961414    2.76901450    2.38307955    2.30211191    2.18464841
Q6L2J6_PICTO/4-150     2.23401514    2.44759160    2.41738213    2.23237421    3.13878736    2.47463120    2.24846665    2.93961414    0.00000000    0.68866972    3.04312996    3.47349200    2.72028723
Q9HKY4_THEAC/4-152     2.03211625    2.25736939    2.39157542    1.86487875    2.75086912    2.26543559    2.28814069    2.76901450    0.68866972    0.00000000    2.71656958    3.06656521    2.63233762
A2STM6_METLZ/3-152     1.65480773    1.79961799    1.96225048    1.44029207    2.11788776    1.98290741    1.82215572    2.38307955    3.04312996    2.71656958    0.00000000    1.25305534    1.44763805
A7IAQ8_METB6/2-146     1.76982260    1.69370402    1.83000562    1.71362962    2.11689387    2.19250350    1.93363863    2.30211191    3.47349200    3.06656521    1.25305534    0.00000000    0.98584800
Q2FU51_METHJ/2-146     1.75942255    1.89849011    1.75463573    1.76077574    2.16064104    2.20669976    1.99045530    2.18464841    2.72028723    2.63233762    1.44763805    0.98584800    0.00000000

