80
G8ZN77_TORDC/427-525     0.00000000    0.36912148    0.31974194    0.34652273    0.35523003    0.38654107    0.32852221    0.58898533    0.62865609    0.68051660    0.69041137    0.67064740    0.82728787    0.74122712    0.54195058    0.68405683    1.31462319    1.08897568    1.09429452    1.08287458    1.10941745    1.06838917    0.98699127    1.13463837    1.18722731    1.20822502    1.59440170    1.21798770    1.55491134    1.55477366    1.13377826    3.13981697    2.81579204    2.55345514    1.87473387    1.64529760    1.90879424    2.27144667    2.39819007    1.55235500    1.51771110    1.58244949    1.51229564    1.45156364    1.48401825    1.26519043    1.42585941    1.32346796    1.24745920    1.30614891    1.39853943    1.41310277    1.30444842    1.32238696    1.43073299    1.51203462    1.50843865    1.95818011    1.95364543    1.92335509    1.83392170    1.64521317    1.36170678    1.50031529    1.36827727    1.16035939    1.30747677    1.61575492    1.69949984    1.31286900    1.42257173    0.63142198    0.57535589    0.58549283    0.72873084    0.43263153    0.49248175    0.35873917    0.45808617    0.36144950
H2B118_KAZAF/431-529     0.36912148    0.00000000    0.33899063    0.40866193    0.39254860    0.39786081    0.31846397    0.57075084    0.64124234    0.66400009    0.75718674    0.79445700    0.90316415    0.78486705    0.52961805    0.70038905    1.28896776    1.04923731    1.11523717    1.07677770    1.05478319    1.06286495    0.98217875    1.04132888    1.27996834    1.13969341    1.58714787    1.14844530    1.43498884    1.59801806    1.16806778    3.14301524    2.62395989    2.52400319    1.68993882    1.51191234    1.75242927    2.25788619    2.18177101    1.35177098    1.48532475    1.51178690    1.48467328    1.36072282    1.43596858    1.32562136    1.32182872    1.28561300    1.14863607    1.25857901    1.30460588    1.31328187    1.19105681    1.32973568    1.43432303    1.36460456    1.37862462    1.57452406    1.81316426    1.75162298    1.57535766    1.60051538    1.24166361    1.46763746    1.31655335    1.11399563    1.23978197    1.58470559    1.27568651    1.22623461    1.23606276    0.63071660    0.53465373    0.61875930    0.76456734    0.38798895    0.56038124    0.49331721    0.45223295    0.38379865
J7RAZ5_KAZNA/438-536     0.31974194    0.33899063    0.00000000    0.35632382    0.37141324    0.40663394    0.34696743    0.50855743    0.58763891    0.60568558    0.71145588    0.74735902    0.79093770    0.74681317    0.50193342    0.68415070    1.18312801    1.01765121    1.21006377    1.12572014    1.10607533    1.04355218    1.05877864    0.97545273    1.17353047    1.08952966    1.40479112    1.23267562    1.53943289    1.62349871    1.15693074    2.97795793    2.84109070    2.28613364    1.64333320    1.49501733    1.79401484    2.16630091    2.13166923    1.40033183    1.48575928    1.53965547    1.33576972    1.26825408    1.46979751    1.16598005    1.32318817    1.18157123    1.14860310    1.18824268    1.28155460    1.29316406    1.27006195    1.30674297    1.34846604    1.37670343    1.35102591    1.70609958    1.73369692    1.72802677    1.66090631    1.52080972    1.32130529    1.34182796    1.27892426    1.04351415    1.21158326    1.48380270    1.49954891    1.25611933    1.30259549    0.59130923    0.57471865    0.58341957    0.64950166    0.45120461    0.50724229    0.45664693    0.46824631    0.38460769
G0VEN7_NAUCC/430-528     0.34652273    0.40866193    0.35632382    0.00000000    0.38549736    0.37160427    0.31273895    0.60521329    0.71518619    0.71532448    0.75311712    0.79258217    0.97753431    0.81466377    0.56442563    0.68816327    1.34232283    1.07908472    1.37192132    1.18082154    1.25176289    1.16180096    1.17320011    1.10012520    1.25295990    1.30961946    1.67302037    1.32263643    1.70956302    1.67220079    1.22644565    3.00086333    2.74845209    2.46091142    1.77803450    1.58669042    1.81301883    2.26554235    2.21476444    1.50427522    1.49386972    1.46411914    1.44492733    1.32620269    1.32110519    1.23959770    1.39606790    1.28422767    1.20795913    1.25393730    1.37169040    1.42174719    1.24985488    1.34692728    1.39330584    1.38561258    1.48441349    1.59307927    1.75208674    1.70137933    1.71196389    1.64001244    1.36952387    1.51746619    1.36622455    1.17867293    1.30497259    1.68541789    1.51757476    1.41749798    1.43622728    0.67208170    0.56005497    0.57454620    0.83065371    0.38285678    0.56184620    0.46618417    0.51822618    0.33110250
I2H6D7_TETBL/436-534     0.35523003    0.39254860    0.37141324    0.38549736    0.00000000    0.43814052    0.30983815    0.64905345    0.64389742    0.63507696    0.71715382    0.63782579    0.79916243    0.68428185    0.56039522    0.67793435    1.32818094    0.98700053    1.21066843    1.18605790    1.15016175    1.19972486    1.13878821    1.06876577    1.18029438    1.08304373    1.60011512    1.25408556    1.54711517    1.42093128    1.12027906    2.76877381    2.47547339    2.51247541    1.85171057    1.63612349    1.86856300    2.25394046    2.49068624    1.50680691    1.54409967    1.52016122    1.48800239    1.44146911    1.50338987    1.26989792    1.31677897    1.26769607    1.11417389    1.18851780    1.35435602    1.24877909    1.23747738    1.25995860    1.32375927    1.35483532    1.39107330    1.77268576    1.73023968    1.65557389    1.66697070    1.65922417    1.31979136    1.32855719    1.28622730    1.10464665    1.28459694    1.65714854    1.54191053    1.13488225    1.30069324    0.63616103    0.56745280    0.61151799    0.78709447    0.34064269    0.45393578    0.37189679    0.47392089    0.34578344
G8JPJ8_ERECY/417-515     0.38654107    0.39786081    0.40663394    0.37160427    0.43814052    0.00000000    0.22847293    0.50000224    0.54400559    0.64850638    0.72728980    0.69781136    0.80589311    0.79516043    0.53168163    0.68195953    1.22467031    0.90557339    1.15341035    1.05331564    1.08319169    1.08845802    1.03001391    0.93781807    1.18954462    1.17815704    1.51741941    1.09998678    1.35812105    1.53325262    1.12261958    3.13432294    2.77570412    2.64039942    1.88472366    1.40341485    1.71180593    2.20677708    2.23220053    1.48018852    1.44780959    1.39353670    1.29822305    1.23663702    1.41673175    1.17761576    1.18980029    1.13535871    0.98568027    1.10360735    1.22650447    1.17014609    1.11189239    1.24336350    1.25285939    1.17772785    1.32630051    1.58735120    1.63212333    1.46942187    1.61465620    1.59152879    1.15217910    1.20552996    1.12820163    1.05961514    1.20140350    1.59521616    1.53196044    1.30736374    1.32167165    0.58329341    0.60538795    0.56382465    0.85280498    0.38150530    0.57278076    0.39973446    0.40656374    0.40217164
CTR86_ASHGO/420-518     0.32852221    0.31846397    0.34696743    0.31273895    0.30983815    0.22847293    0.00000000    0.50036157    0.48786956    0.63640221    0.61786256    0.63590352    0.71672082    0.67319063    0.47243084    0.67759208    1.25120300    0.98376893    1.04433360    1.10055965    1.07189082    1.01904407    1.00270655    1.02553999    1.09781591    1.15809273    1.45704080    1.02731786    1.41504042    1.45434696    1.13433921    2.82063077    2.66232458    2.50924705    1.76362040    1.57227520    1.73443341    2.29313764    2.34765892    1.47075914    1.43983652    1.48754228    1.32167925    1.26056734    1.39593788    1.20941304    1.18564329    1.07587559    1.02880150    1.06197540    1.16721177    1.12968003    1.10149886    1.16056309    1.21753096    1.22619314    1.28586859    1.64086821    1.56056332    1.44397006    1.54191809    1.59951456    1.06304576    1.23992892    1.18893511    0.94660279    1.07216085    1.33336567    1.41154611    1.17495713    1.33378411    0.53275648    0.50429193    0.54481291    0.76200549    0.31072586    0.41148665    0.40581530    0.33813023    0.36188066
CTR86_KLULA/421-519     0.58898533    0.57075084    0.50855743    0.60521329    0.64905345    0.50000224    0.50036157    0.00000000    0.68172833    0.68664513    0.78909410    0.78673619    0.78949870    0.71362182    0.62617313    0.86087469    1.20395419    1.21135238    1.34026589    1.31403664    1.29388779    1.26480839    1.28569110    0.83049160    1.23139960    1.13812955    1.43568723    1.03824957    1.36009679    1.34476799    1.18866005    2.80411348    2.63118321    2.52673871    1.81681968    1.59717800    1.55603346    2.33396316    2.20410918    1.52137612    1.39496623    1.43235837    1.28372263    1.22701433    1.45466030    1.12094241    1.22402966    1.11851344    1.12149311    1.15634697    1.15803393    1.16046634    1.13512410    1.22098020    1.23643903    1.26500712    1.34324229    1.49802005    1.78229322    1.61582658    1.45215778    1.56224103    1.23090290    1.36776232    1.48841518    1.15580477    1.34040467    1.61416879    1.32141390    1.26346311    1.29575638    0.72637180    0.69524691    0.74008935    0.91792149    0.57383072    0.78869705    0.63173606    0.65011064    0.69230382
G8YIM8_PICSO/374-471     0.62865609    0.64124234    0.58763891    0.71518619    0.64389742    0.54400559    0.48786956    0.68172833    0.00000000    0.64814108    0.59877607    0.55246356    0.65469873    0.58488094    0.46895791    0.75142700    1.19671428    1.10400915    1.15363422    1.09996332    1.12703487    1.10369821    1.02967205    1.06639380    1.37741714    1.24622539    1.56593674    1.09984121    1.32141544    1.56123151    1.19616126    2.89330756    2.53840881    2.63858439    1.79043203    1.58819021    1.63607930    2.53848287    2.69352410    1.64234055    1.59395397    1.73356188    1.51973233    1.52876526    1.57590784    1.33704690    1.16861041    1.15878875    1.09651432    1.08853118    1.11388958    0.97094033    1.06907244    1.08539894    1.14242323    1.20501776    1.47527345    1.90026575    1.67301706    1.79620822    1.82161497    1.85393670    1.43458180    1.55263477    1.27342818    1.21090907    1.23299370    1.41673008    1.67951300    1.43888135    1.59732178    0.53677774    0.59096990    0.61727020    0.69821579    0.59766522    0.64698813    0.67370042    0.51653698    0.60227426
G3B685_CANTC/304-402     0.68051660    0.66400009    0.60568558    0.71532448    0.63507696    0.64850638    0.63640221    0.68664513    0.64814108    0.00000000    0.59490129    0.60093221    0.67336573    0.68484555    0.63063424    0.65994509    1.35882665    1.15461921    1.19927349    1.09055844    1.05433148    1.05674562    0.98009621    1.12811017    1.17058027    1.21396841    1.48219142    1.22208067    1.54731196    1.54039707    1.19122425    2.77528414    2.27600589    2.19057715    1.71133468    1.87829550    1.78164757    2.13858838    2.48468905    1.56087730    1.62266103    1.65297612    1.48257177    1.46592449    1.50595828    1.32987764    1.31852214    1.20136151    1.27205310    1.23880582    1.17047450    1.31834392    1.26382850    1.49936253    1.42741360    1.36586101    1.62030343    1.64376113    1.64678842    1.50716215    1.47986820    1.44254468    1.35197260    1.43152148    1.45786651    1.33942289    1.46140462    1.51136857    1.62758699    1.52687951    1.23772344    0.61837420    0.70632769    0.61487662    0.72533240    0.61947521    0.70688427    0.73840544    0.64662542    0.64427031
G3APE9_SPAPN/301-398     0.69041137    0.75718674    0.71145588    0.75311712    0.71715382    0.72728980    0.61786256    0.78909410    0.59877607    0.59490129    0.00000000    0.28743561    0.42959313    0.42501383    0.50209849    0.57223206    1.18119458    1.04310065    1.08498063    0.99081644    0.98848757    0.93464927    0.97847138    0.96937352    1.21706133    1.25557373    1.48927589    0.96865759    1.35526961    1.27138437    1.08768466    2.81278249    2.52075123    2.30463802    1.87280684    1.48156820    1.58672574    1.97943968    2.17937281    1.41945700    1.51023187    1.53843638    1.39401510    1.34257405    1.44782361    1.19368838    1.23537061    1.20249781    1.12388441    1.10023393    1.12122716    1.10112459    1.03829615    1.02936061    1.12727147    1.15963965    1.42208689    1.54478304    1.50333999    1.56740558    1.60850570    1.64060644    1.23229765    1.31312894    1.12083296    1.23697773    1.38953258    1.49436351    1.57615173    1.08381944    1.34962193    0.66288572    0.69847880    0.64513157    0.81744767    0.63477953    0.55100928    0.77738320    0.66470091    0.70710712
CTR86_CANAL/364-461     0.67064740    0.79445700    0.74735902    0.79258217    0.63782579    0.69781136    0.63590352    0.78673619    0.55246356    0.60093221    0.28743561    0.00000000    0.35654656    0.33198798    0.50538141    0.66685331    1.27973790    1.28559180    1.23084137    1.14876848    1.12487042    1.10325476    1.09462894    1.08297379    1.30070322    1.19404183    1.67465990    1.03729533    1.21395265    1.37844329    1.03261938    2.92315177    2.72007426    2.60493643    1.79575363    1.51068697    1.71016369    2.08209128    2.23647320    1.59315491    1.51406912    1.62711015    1.48846070    1.43740137    1.48885319    1.28625749    1.24070963    1.29371889    1.13217766    1.09986636    1.10483814    1.10641107    1.04930020    1.08193358    1.17731576    1.16298719    1.38725439    1.74213376    1.56290217    1.54599679    1.56799430    1.57062834    1.25336196    1.27220562    1.21460049    1.21251603    1.41387650    1.43115495    1.59085162    1.14077923    1.38197102    0.60339450    0.65395141    0.66734724    0.86047560    0.67219080    0.70360783    0.69386521    0.68742683    0.63769597
G8B9Z3_CANPC/335-432     0.82728787    0.90316415    0.79093770    0.97753431    0.79916243    0.80589311    0.71672082    0.78949870    0.65469873    0.67336573    0.42959313    0.35654656    0.00000000    0.31590106    0.54441296    0.76847515    1.25210685    1.24025348    1.17636759    1.10992858    1.12659608    1.14641515    1.11545039    1.01271013    1.29840946    1.28273929    1.52801344    1.12810924    1.38482075    1.47618991    1.17562421    3.11251934    2.78012853    2.54709895    1.96600121    1.64864102    1.73067261    2.39469152    2.39271107    1.55293539    1.62245970    1.71223956    1.45307791    1.34690949    1.47719665    1.37678416    1.16672674    1.20189224    1.06822340    1.03898609    1.10364587    1.06336142    1.10200476    1.06951254    1.06210361    1.27929217    1.40327532    1.56199502    1.49850910    1.48965286    1.57899164    1.55352485    1.29804248    1.39254764    1.24377430    1.28373137    1.33055536    1.32743512    1.48079986    1.26016328    1.49861437    0.63864929    0.73927406    0.63107153    0.78830128    0.78308478    0.78621182    0.89180475    0.74077188    0.79240260
A5E245_LODEL/374-471     0.74122712    0.78486705    0.74681317    0.81466377    0.68428185    0.79516043    0.67319063    0.71362182    0.58488094    0.68484555    0.42501383    0.33198798    0.31590106    0.00000000    0.58869897    0.77449146    1.17369183    1.30880994    1.20768107    1.13317560    1.11292406    1.01471495    1.09073640    0.97554763    1.35563184    1.37673615    1.51944256    1.05439837    1.26020957    1.32010117    1.18764714    3.11354416    3.09964984    2.81226755    1.93062025    1.59992652    1.80310293    2.17186454    2.33588485    1.49875180    1.58696543    1.63982173    1.45702911    1.43304012    1.47444389    1.27385791    1.28264826    1.32932360    1.20317773    1.22227807    1.23609094    1.17895910    1.12634764    1.04665699    1.14656474    1.20007865    1.40017640    1.53326508    1.59930895    1.48289159    1.37867286    1.56239282    1.25102730    1.26297971    1.31507002    1.24935235    1.44644022    1.50855894    1.65055200    1.35568459    1.54263459    0.67848614    0.76409560    0.68696603    0.94550503    0.75111211    0.73518972    0.81270089    0.73706113    0.77636464
CTR86_DEBHA/382-479     0.54195058    0.52961805    0.50193342    0.56442563    0.56039522    0.53168163    0.47243084    0.62617313    0.46895791    0.63063424    0.50209849    0.50538141    0.54441296    0.58869897    0.00000000    0.50503029    1.29190963    1.08709304    1.18916612    1.10494309    1.09562299    1.09996881    1.10334718    1.08529756    1.19762844    1.20676753    1.41635171    1.10235897    1.35029794    1.45650956    1.16448388    3.10156447    2.84986379    2.61264738    1.87741111    1.45466774    1.61463421    2.34013924    2.37730294    1.37968529    1.48389412    1.69869573    1.49659263    1.48408211    1.58220471    1.28935649    1.23857661    1.30090262    1.09069937    1.17790554    1.15645615    1.10708360    1.05747565    1.14149712    1.09725050    1.38686253    1.36404419    1.72580877    1.63240443    1.78103088    1.67080401    1.94300847    1.40852375    1.50203067    1.27984081    1.24639990    1.28331938    1.71323710    1.60470401    1.51537704    1.51623514    0.43945885    0.46873150    0.54942957    0.61629508    0.54135517    0.56063651    0.51463033    0.52662478    0.45680223
A5DAD4_PICGU/363-460     0.68405683    0.70038905    0.68415070    0.68816327    0.67793435    0.68195953    0.67759208    0.86087469    0.75142700    0.65994509    0.57223206    0.66685331    0.76847515    0.77449146    0.50503029    0.00000000    1.16064187    1.13383866    1.25333330    1.10494974    1.05848398    1.05556058    1.03555542    1.09653468    1.14290482    1.07129796    1.54554601    1.06707226    1.43345193    1.42874715    1.12787556    2.55153441    2.21892060    2.05500076    1.64153622    1.41825329    1.75559750    1.95592588    2.02714459    1.31110087    1.56303633    1.60916542    1.56967823    1.47489323    1.58858321    1.43946154    1.35430249    1.29630424    1.21318363    1.27927184    1.20265222    1.32962262    1.29556869    1.14140771    1.28894388    1.35363003    1.53263864    1.63509373    1.50333207    1.48930758    1.63658655    1.61909626    1.21969325    1.53354365    1.19635400    1.21222464    1.21655742    1.53276255    1.40814804    1.23175420    1.30249999    0.63884741    0.83562193    0.67587341    0.86621923    0.78793423    0.66013621    0.65232144    0.61078288    0.61976607
G1XSC2_ARTOA/722-820     1.31462319    1.28896776    1.18312801    1.34232283    1.32818094    1.22467031    1.25120300    1.20395419    1.19671428    1.35882665    1.18119458    1.27973790    1.25210685    1.17369183    1.29190963    1.16064187    0.00000000    1.05744004    1.08844811    0.84991310    0.91987273    0.86637309    0.97494487    0.82188821    1.42228810    1.18550653    1.39625971    1.19810400    1.16524859    1.10577659    1.20463081    1.85003044    2.28644587    2.24104858    1.57589906    1.19284797    1.65637243    2.03935062    2.00137356    1.29866361    1.56106053    1.38035258    1.30191931    1.45078607    1.48970860    1.38959956    1.48424475    1.47577969    1.33204301    1.42309703    1.36871441    1.50113610    1.61995726    1.51229058    1.53159674    1.24108802    1.36176801    1.62282620    1.45661893    1.36826755    1.80738691    1.46791022    1.21493331    1.17980302    1.39208288    1.24730770    1.27824826    1.33805118    1.56090628    1.22080693    1.39387111    1.15319781    1.39189719    1.22519020    1.27326364    1.23913093    1.18831459    1.14940919    1.46463859    1.27603430
K2QPE4_MACPH/865-963     1.08897568    1.04923731    1.01765121    1.07908472    0.98700053    0.90557339    0.98376893    1.21135238    1.10400915    1.15461921    1.04310065    1.28559180    1.24025348    1.30880994    1.08709304    1.13383866    1.05744004    0.00000000    0.65978404    0.55684477    0.59918827    0.65081892    0.60512761    0.83748296    1.31881661    1.44584146    1.35730625    1.29778347    1.40818688    1.40725328    1.33381205    2.39557480    2.22900938    2.35286144    1.97571839    1.56416355    1.66403407    2.35204608    2.46741523    1.66211583    1.82848847    1.52987691    1.49449664    1.46941489    1.59338492    1.54451645    1.51707223    1.61781598    1.38770891    1.66945001    1.71515258    1.58680934    1.66141162    1.66013873    1.66545922    1.33356021    1.65076783    1.57976688    1.64681261    1.55388538    1.93106603    1.75368980    1.35904594    1.35636076    1.33206390    1.26694064    1.20212515    1.55376186    1.80126743    1.32006477    1.37250101    0.93393713    1.17258405    1.00266261    1.19146127    0.88217739    1.07326770    1.01807381    1.15403780    1.09801391
H6C9K8_EXODN/817-919     1.09429452    1.11523717    1.21006377    1.37192132    1.21066843    1.15341035    1.04433360    1.34026589    1.15363422    1.19927349    1.08498063    1.23084137    1.17636759    1.20768107    1.18916612    1.25333330    1.08844811    0.65978404    0.00000000    0.51420034    0.57881283    0.60527029    0.49676296    1.18415548    1.49290969    1.46609554    1.51632008    1.12180553    1.24656330    1.21308498    1.23425693    2.56905402    2.52701354    2.71008093    1.61977065    1.51462660    1.87469755    2.18820346    2.12566628    1.38596290    1.71841586    1.77347245    1.65499051    1.58168776    1.55810815    1.54345436    1.55537108    1.66326088    1.55583843    1.65519790    1.54246607    1.64739631    1.67172206    1.57169125    1.74582501    1.48427810    1.42780279    1.85114159    1.75218527    1.77462098    1.96678272    1.57712961    1.49078641    1.46933646    1.19853498    1.18209291    1.48576927    1.45920689    1.69202882    1.28292099    1.50681929    0.99601523    1.02829717    1.09870767    1.23393300    1.06679291    1.04429795    1.17721158    1.16642203    1.34077801
Q5BC22_EMENI/804-903     1.08287458    1.07677770    1.12572014    1.18082154    1.18605790    1.05331564    1.10055965    1.31403664    1.09996332    1.09055844    0.99081644    1.14876848    1.10992858    1.13317560    1.10494309    1.10494974    0.84991310    0.55684477    0.51420034    0.00000000    0.23695093    0.27395124    0.24352906    1.05088965    1.42359865    1.52358568    1.34549672    1.24729604    1.20328558    1.39626120    1.16464584    2.60863602    2.38200079    2.59451560    1.86254548    1.52710494    1.65498394    1.88674788    2.03969476    1.56514018    1.78681611    1.59053805    1.61659052    1.62978013    1.66809336    1.49438895    1.40778858    1.61386970    1.40097899    1.48406984    1.50227098    1.50093462    1.59435086    1.54371332    1.71961203    1.32720788    1.60882966    1.52897462    1.50779528    1.55271593    1.80547645    1.65587846    1.23806390    1.38988403    1.33914961    1.18038610    1.43736806    1.65455862    1.85311736    1.38562226    1.65466681    1.00844268    1.20612894    1.10258004    1.17561665    1.02423908    1.03438876    1.28034950    1.27508522    1.17511121
B6GZ75_PENRW/1255-1355     1.10941745    1.05478319    1.10607533    1.25176289    1.15016175    1.08319169    1.07189082    1.29388779    1.12703487    1.05433148    0.98848757    1.12487042    1.12659608    1.11292406    1.09562299    1.05848398    0.91987273    0.59918827    0.57881283    0.23695093    0.00000000    0.31892955    0.26044084    0.97015813    1.44176025    1.47691972    1.45997945    1.42115778    1.25988980    1.54481733    1.34939926    2.66147751    2.34650187    2.70560397    1.88847504    1.64042788    1.78715776    2.04394905    2.28668377    1.78462339    1.90842864    1.69306055    1.65778841    1.71131201    1.80092464    1.75710213    1.66678526    1.69267037    1.50989182    1.74819109    1.66489338    1.71069271    1.82278142    1.61012639    1.91645428    1.58727889    1.93536246    1.90544086    1.82794730    1.85764881    1.93448916    1.82304625    1.44320008    1.52752544    1.46480439    1.35952377    1.48845454    1.75888794    2.02434935    1.46307526    1.81653233    1.01672058    1.20628969    1.09075863    1.21457147    1.07167846    1.08278703    1.31019475    1.30408907    1.20363939
B6Q592_TALMQ/808-908     1.06838917    1.06286495    1.04355218    1.16180096    1.19972486    1.08845802    1.01904407    1.26480839    1.10369821    1.05674562    0.93464927    1.10325476    1.14641515    1.01471495    1.09996881    1.05556058    0.86637309    0.65081892    0.60527029    0.27395124    0.31892955    0.00000000    0.28887026    0.98262302    1.32737606    1.37192829    1.40408491    1.37279692    1.33238010    1.47856278    1.11266910    2.38045453    2.07386073    2.41099369    1.86911691    1.72118806    1.78730760    1.90736667    2.01159611    1.62134633    1.75652156    1.69975081    1.50062464    1.55167552    1.63947234    1.53722571    1.47280766    1.60563910    1.54520456    1.72793515    1.52890547    1.61388767    1.61172955    1.55023501    1.83713604    1.51739773    1.67017536    1.58140380    1.73852382    1.61458220    1.83185718    1.75582012    1.28106438    1.44071426    1.38700323    1.35932824    1.32600156    1.66758593    2.00129838    1.34148180    1.62828711    0.98983866    1.23020386    1.08791527    1.28352837    1.06076597    1.03578148    1.19178312    1.21149152    1.25409898
C5FCU1_ARTOC/749-849     0.98699127    0.98217875    1.05877864    1.17320011    1.13878821    1.03001391    1.00270655    1.28569110    1.02967205    0.98009621    0.97847138    1.09462894    1.11545039    1.09073640    1.10334718    1.03555542    0.97494487    0.60512761    0.49676296    0.24352906    0.26044084    0.28887026    0.00000000    1.05666920    1.30794297    1.41507350    1.48361006    1.25785265    1.26358862    1.48723355    1.09557137    2.77284919    2.21396809    2.27043258    1.82819076    1.68432551    1.74452401    2.04743418    2.13139932    1.69508526    1.74536071    1.75482993    1.58238543    1.71655021    1.78761641    1.69220458    1.40780521    1.55935141    1.38626819    1.60327564    1.54309825    1.52451348    1.56051141    1.44502946    1.82270531    1.52123306    1.77365371    1.83598770    1.70998028    1.68098059    1.80834476    1.69113133    1.29523643    1.40814850    1.27900942    1.24688161    1.35481510    1.85671423    1.90727137    1.38420943    1.58539938    0.90535411    1.14771917    1.04848725    1.21721328    1.07137007    0.94603862    1.19595165    1.15712462    1.16033952
D5G822_TUBMM/582-680     1.13463837    1.04132888    0.97545273    1.10012520    1.06876577    0.93781807    1.02553999    0.83049160    1.06639380    1.12811017    0.96937352    1.08297379    1.01271013    0.97554763    1.08529756    1.09653468    0.82188821    0.83748296    1.18415548    1.05088965    0.97015813    0.98262302    1.05666920    0.00000000    1.14957660    0.93815299    1.25144040    0.99339680    1.13968871    1.12733798    1.19689909    2.07778796    2.24322389    2.17617655    1.54028744    1.42706014    1.58767627    2.21724602    2.37001674    1.43400433    1.50678995    1.32341508    1.24731935    1.22145447    1.27172751    1.22788245    1.54674393    1.43925239    1.38948588    1.47323369    1.46523756    1.39854714    1.44898948    1.34776347    1.41058848    1.20996618    1.50693639    1.67069585    1.70936898    1.68438410    1.68131698    1.68673194    1.28466450    1.29256511    1.42529961    1.32027947    1.27351850    1.34033624    1.56365799    1.06108970    1.15615269    1.07052723    0.99710383    1.13070538    1.27515860    0.91457551    1.14666278    0.99063519    1.05663960    1.14914048
B6K4X7_SCHJY/389-487     1.18722731    1.27996834    1.17353047    1.25295990    1.18029438    1.18954462    1.09781591    1.23139960    1.37741714    1.17058027    1.21706133    1.30070322    1.29840946    1.35563184    1.19762844    1.14290482    1.42228810    1.31881661    1.49290969    1.42359865    1.44176025    1.32737606    1.30794297    1.14957660    0.00000000    0.91836584    0.95403562    0.93816578    1.13700285    1.01923837    1.30326069    2.61239848    2.33552778    2.02084301    1.89184976    1.66669152    1.84707047    2.11832123    2.17681160    1.31648155    1.25941717    1.62530181    1.44266566    1.63318451    1.36569159    1.46902880    1.38032563    1.32749124    1.38003923    1.36509402    1.40082405    1.25803676    1.17325977    1.20145372    1.52323661    1.08994367    1.23880632    1.63981894    1.76732518    1.65210809    1.71932607    1.45516215    1.09304062    1.15988022    1.39845265    1.37018905    1.74660296    1.39805120    1.52195945    1.14260829    1.49380280    1.13767533    1.31183752    1.10950134    1.34792287    1.17689957    1.10434337    1.06630477    1.18148067    1.20135542
S9VU60_SCHCR/325-423     1.20822502    1.13969341    1.08952966    1.30961946    1.08304373    1.17815704    1.15809273    1.13812955    1.24622539    1.21396841    1.25557373    1.19404183    1.28273929    1.37673615    1.20676753    1.07129796    1.18550653    1.44584146    1.46609554    1.52358568    1.47691972    1.37192829    1.41507350    0.93815299    0.91836584    0.00000000    0.80333185    1.10443152    1.25333651    1.31815807    1.19355875    2.24776011    2.01655232    2.04270405    1.73562019    1.62846525    1.79034175    2.19396221    2.10990485    1.36921421    1.56953047    1.55675667    1.55437603    1.51456839    1.49762075    1.36571268    1.48489771    1.54032989    1.49826562    1.65284912    1.40192617    1.47196359    1.52657065    1.39648024    1.67257136    1.32351554    1.28029234    1.78819905    1.47196723    1.63052149    2.05212817    1.79442105    1.25225338    1.55252654    1.45109817    1.39787195    1.22521886    1.39355228    1.30368394    0.96151328    1.22598190    1.04513463    1.24761528    1.04441330    1.02501815    1.14916875    1.05746657    1.13520522    1.33078894    1.28456556
MU160_SCHPO/328-426     1.59440170    1.58714787    1.40479112    1.67302037    1.60011512    1.51741941    1.45704080    1.43568723    1.56593674    1.48219142    1.48927589    1.67465990    1.52801344    1.51944256    1.41635171    1.54554601    1.39625971    1.35730625    1.51632008    1.34549672    1.45997945    1.40408491    1.48361006    1.25144040    0.95403562    0.80333185    0.00000000    1.11949850    1.30353316    1.29694204    1.47296078    2.29690199    2.17595959    2.55620926    2.04699440    1.89316307    2.20715189    2.24395779    2.48610306    1.68503526    2.04683695    1.91585301    1.78084411    2.00827115    1.80393536    1.83808789    1.84261496    1.83935982    1.88878399    1.87775287    1.73241579    1.60190452    1.73503023    1.55308216    1.78070641    1.55772551    1.48540701    1.90758740    1.73068212    1.90573234    1.75372006    1.50570101    1.63955028    1.60872270    1.65329019    1.55721106    1.67135670    1.63988275    1.77149251    1.38320996    1.49457257    1.40955320    1.53156911    1.45797636    1.47560335    1.54636017    1.48210006    1.53562645    1.58570667    1.74459852
A0A015JRP4_RHIIW/392-490     1.21798770    1.14844530    1.23267562    1.32263643    1.25408556    1.09998678    1.02731786    1.03824957    1.09984121    1.22208067    0.96865759    1.03729533    1.12810924    1.05439837    1.10235897    1.06707226    1.19810400    1.29778347    1.12180553    1.24729604    1.42115778    1.37279692    1.25785265    0.99339680    0.93816578    1.10443152    1.11949850    0.00000000    0.72049564    0.73322055    0.97914305    1.99451920    2.17065018    2.08755497    1.40068678    1.26987083    1.35727235    1.91133724    1.87603967    1.00823887    1.05350928    1.12426883    1.07448326    1.14235355    1.03465906    1.02661340    1.10903380    1.20340818    1.06319704    1.02844251    1.06861164    0.88121369    0.97161010    1.00511136    1.14518939    0.91567114    0.94210785    1.40493620    1.09870841    1.10280123    1.34403108    1.29865485    0.86503970    0.94759265    0.96651482    0.90823174    1.35985132    1.16745869    1.24095791    0.78003215    1.08557901    1.11772036    1.13944722    1.20277756    1.20441130    1.07560068    1.07977823    0.95083179    1.01231887    1.32880056
S2JUA9_MUCC1/381-479     1.55491134    1.43498884    1.53943289    1.70956302    1.54711517    1.35812105    1.41504042    1.36009679    1.32141544    1.54731196    1.35526961    1.21395265    1.38482075    1.26020957    1.35029794    1.43345193    1.16524859    1.40818688    1.24656330    1.20328558    1.25988980    1.33238010    1.26358862    1.13968871    1.13700285    1.25333651    1.30353316    0.72049564    0.00000000    0.39557880    1.06197389    2.04228649    2.19324705    1.91855348    1.55389240    1.11545795    1.37807626    1.66913186    1.74887920    1.31331674    1.36698900    1.33795433    1.36351070    1.40360621    1.31232375    1.36580747    1.01444849    1.06370186    1.10316328    1.15766246    1.02187452    1.10467871    1.11480697    1.07717821    1.35215865    1.02141512    1.03886559    1.59457912    1.48643776    1.29586110    1.36054914    1.45132920    1.10312076    1.03430880    1.12888336    0.98051377    1.37408753    1.19196119    1.37448358    0.99875366    1.18442008    1.24566441    1.38590455    1.58434424    1.73590636    1.53014236    1.40846543    1.33239653    1.48008380    1.47106347
I1CBA4_RHIO9/216-314     1.55477366    1.59801806    1.62349871    1.67220079    1.42093128    1.53325262    1.45434696    1.34476799    1.56123151    1.54039707    1.27138437    1.37844329    1.47618991    1.32010117    1.45650956    1.42874715    1.10577659    1.40725328    1.21308498    1.39626120    1.54481733    1.47856278    1.48723355    1.12733798    1.01923837    1.31815807    1.29694204    0.73322055    0.39557880    0.00000000    1.18713746    1.79940801    2.31441058    1.67941655    1.62544004    1.15678197    1.42752100    1.87688039    1.92301174    1.20838613    1.27171291    1.34012660    1.28419399    1.32475580    1.19398675    1.32023763    1.06970180    1.00555777    1.13599935    1.11818223    1.06455768    1.21744461    1.20920811    1.16735671    1.19744500    1.05989825    1.09478422    1.64827405    1.48767134    1.35189784    1.38401004    1.42038391    1.07913536    0.94755221    1.09916780    1.08304157    1.45422578    1.19596732    1.46852022    0.97202491    1.02086157    1.32293009    1.39735907    1.50369648    1.61483685    1.42081121    1.25033910    1.34306012    1.41264880    1.51890524
F4NRU9_BATDJ/392-491     1.13377826    1.16806778    1.15693074    1.22644565    1.12027906    1.12261958    1.13433921    1.18866005    1.19616126    1.19122425    1.08768466    1.03261938    1.17562421    1.18764714    1.16448388    1.12787556    1.20463081    1.33381205    1.23425693    1.16464584    1.34939926    1.11266910    1.09557137    1.19689909    1.30326069    1.19355875    1.47296078    0.97914305    1.06197389    1.18713746    0.00000000    2.17068567    1.94623465    2.06846036    1.50460792    1.20244467    1.26061805    1.56439142    1.73892042    1.07265021    1.26885319    1.28689440    1.22361260    1.20778223    1.19160226    1.10075555    1.07747307    1.15258059    1.07734766    1.11721772    1.01108275    1.17841742    1.18529229    1.28261256    1.41402757    1.08902079    1.17542813    1.41381931    1.37464615    1.35992431    1.67085786    1.57367818    1.01282364    1.24419322    1.21118887    1.11217746    1.20111087    1.07572071    1.56715734    1.16041618    1.43550628    1.25187951    1.27334512    1.31177866    1.49803481    1.10313205    1.03391030    1.16368278    1.19410379    1.21301407
Q57UY3_TRYB2/197-297     3.13981697    3.14301524    2.97795793    3.00086333    2.76877381    3.13432294    2.82063077    2.80411348    2.89330756    2.77528414    2.81278249    2.92315177    3.11251934    3.11354416    3.10156447    2.55153441    1.85003044    2.39557480    2.56905402    2.60863602    2.66147751    2.38045453    2.77284919    2.07778796    2.61239848    2.24776011    2.29690199    1.99451920    2.04228649    1.79940801    2.17068567    0.00000000    0.82946282    1.21749895    1.88547940    2.09101198    2.09341755    1.95147303    2.03807344    2.34476871    2.53286992    2.23925752    2.26393206    2.33601467    2.38815218    2.25199963    2.18381140    2.11549648    2.22568948    2.13517615    1.86415154    2.27727145    2.51018573    2.26578269    2.15100674    1.96448314    2.05844920    2.06030652    2.19161324    2.14541380    2.37744922    2.18074575    1.69858790    2.18225644    1.92660146    1.88841360    1.98824402    2.20174647    2.39638022    1.76602901    1.98382333    3.08340946    3.11323312    2.96364794    2.95321417    2.56994674    2.41299302    2.56710880    3.12882844    3.23091543
Q4CUL6_TRYCC/198-299     2.81579204    2.62395989    2.84109070    2.74845209    2.47547339    2.77570412    2.66232458    2.63118321    2.53840881    2.27600589    2.52075123    2.72007426    2.78012853    3.09964984    2.84986379    2.21892060    2.28644587    2.22900938    2.52701354    2.38200079    2.34650187    2.07386073    2.21396809    2.24322389    2.33552778    2.01655232    2.17595959    2.17065018    2.19324705    2.31441058    1.94623465    0.82946282    0.00000000    0.78378100    1.90798293    2.34288328    1.83831056    1.72851651    1.77491470    2.60449264    2.62103392    2.56040032    2.67950402    2.66653024    2.54090724    2.56087710    2.01853316    2.00318572    2.12287961    2.04010706    1.89396080    2.27153692    2.50430661    2.21597591    2.28831068    2.08605541    2.48116976    2.11691610    2.09703540    2.17575639    2.44894989    2.35143095    2.01145707    2.37847396    1.88475116    1.99828581    1.81955618    1.90010473    1.93385618    1.70467037    2.17210926    2.35337744    2.71326505    2.54595671    2.50931293    2.35085803    2.27232965    2.47787961    2.70778397    2.57723015
Q4QH91_LEIMA/199-299     2.55345514    2.52400319    2.28613364    2.46091142    2.51247541    2.64039942    2.50924705    2.52673871    2.63858439    2.19057715    2.30463802    2.60493643    2.54709895    2.81226755    2.61264738    2.05500076    2.24104858    2.35286144    2.71008093    2.59451560    2.70560397    2.41099369    2.27043258    2.17617655    2.02084301    2.04270405    2.55620926    2.08755497    1.91855348    1.67941655    2.06846036    1.21749895    0.78378100    0.00000000    1.98615165    2.22592106    1.89187253    1.70477281    1.92494648    2.20982057    2.14648333    2.28067727    2.18369743    2.25528453    2.09330560    2.14958680    1.93353216    1.71830733    2.01384771    1.83048632    1.78191386    2.05064665    2.05958436    1.86664335    1.91410619    2.14800730    1.82646695    1.82338653    1.95561974    2.00119209    2.09997642    1.93412652    1.73626847    2.16689531    1.79768267    1.85998210    1.83892938    1.84437176    1.81199183    1.72412420    1.93196367    2.15332507    2.60406182    2.18047915    2.68491251    2.62774119    2.34452905    2.39486304    2.30256243    2.16489834
T1EUD9_HELRO/435-533     1.87473387    1.68993882    1.64333320    1.77803450    1.85171057    1.88472366    1.76362040    1.81681968    1.79043203    1.71133468    1.87280684    1.79575363    1.96600121    1.93062025    1.87741111    1.64153622    1.57589906    1.97571839    1.61977065    1.86254548    1.88847504    1.86911691    1.82819076    1.54028744    1.89184976    1.73562019    2.04699440    1.40068678    1.55389240    1.62544004    1.50460792    1.88547940    1.90798293    1.98615165    0.00000000    1.63604339    1.54870006    2.00989887    2.20298209    1.61547609    1.83440730    1.88171049    1.92439534    1.87068572    1.74911205    1.69124332    1.80837336    1.70356195    1.71267259    1.51581449    1.62106405    1.84733701    1.93715734    1.76560609    1.97022503    1.55588647    1.66331627    1.91932114    1.50634284    1.61760383    1.83335826    1.73879671    1.62730128    1.32250226    1.40146042    1.29673437    1.68779848    1.58925845    1.69633749    1.58328492    2.05097954    1.93274779    1.75500407    1.75608526    1.67117350    1.65404164    1.68514978    1.67891057    1.80262275    1.93388560
