13
Q6FJM8_CANGA/97-524     0.00000000    0.56447364    0.61695812    1.05204002    0.76976175    1.17152353    1.18603246    1.37320182    1.87574942    1.75646190    1.61732087    1.72942580    1.54315300
BCH1_YEAST/85-511     0.56447364    0.00000000    0.58033435    1.03869381    0.68723449    1.01265531    1.08641248    1.36262559    1.71923979    1.66576529    1.61573491    1.69688619    1.59981464
BUD7_YEAST/123-533     0.61695812    0.58033435    0.00000000    0.93902485    0.65775796    1.01879970    0.97240493    1.31266606    1.62778271    1.61060246    1.53216748    1.66445659    1.52710098
Q6CIP6_KLULA/51-461     1.05204002    1.03869381    0.93902485    0.00000000    0.99755221    1.37525061    1.38150575    1.61153889    1.95354248    1.93996741    1.93563566    2.02535735    1.67417868
Q752P5_ASHGO/73-476     0.76976175    0.68723449    0.65775796    0.99755221    0.00000000    1.01380127    0.97764913    1.34256590    1.58976510    1.55476667    1.41000400    1.55812529    1.44637384
Q59N76_CANAL/52-453     1.17152353    1.01265531    1.01879970    1.37525061    1.01380127    0.00000000    0.32486689    1.12422475    1.29928292    1.25659796    1.18253357    1.26465244    1.26384827
Q6BIT3_DEBHA/52-453     1.18603246    1.08641248    0.97240493    1.38150575    0.97764913    0.32486689    0.00000000    1.11418784    1.33732748    1.24289805    1.18932294    1.25623932    1.21218242
Q6CDA2_YARLI/40-455     1.37320182    1.36262559    1.31266606    1.61153889    1.34256590    1.12422475    1.11418784    0.00000000    1.14941893    1.10241294    1.07113767    1.08940810    1.03541691
Q7RY52_NEUCR/48-435     1.87574942    1.71923979    1.62778271    1.95354248    1.58976510    1.29928292    1.33732748    1.14941893    0.00000000    0.46991965    0.85612414    0.81230720    0.93177436
Q2UBV9_ASPOR/44-420     1.75646190    1.66576529    1.61060246    1.93996741    1.55476667    1.25659796    1.24289805    1.10241294    0.46991965    0.00000000    0.86468679    0.82012680    0.88387382
Q5KDW8_CRYNJ/51-428     1.61732087    1.61573491    1.53216748    1.93563566    1.41000400    1.18253357    1.18932294    1.07113767    0.85612414    0.86468679    0.00000000    0.35093624    0.81089379
A0A0D1DX52_USTMA/51-428     1.72942580    1.69688619    1.66445659    2.02535735    1.55812529    1.26465244    1.25623932    1.08940810    0.81230720    0.82012680    0.35093624    0.00000000    0.76822665
YB2G_SCHPO/51-434     1.54315300    1.59981464    1.52710098    1.67417868    1.44637384    1.26384827    1.21218242    1.03541691    0.93177436    0.88387382    0.81089379    0.76822665    0.00000000

