34
D8JAL5_HALJB/7-191     0.00000000    0.35854421    0.41310249    0.46788008    0.59018240    0.40923196    0.37141244    0.47548467    0.41779556    0.42671084    0.58093407    0.53629077    1.60568274    1.42902798    1.23447481    1.19221042    1.44853543    1.31281272    1.17206253    1.54661524    1.41233902    1.54921521    1.16087220    1.84738149    1.93169453    1.98298337    1.90540794    1.70879273    1.65043170    1.87112302    1.87520923    1.56846020    1.83136179    1.80828319
W0JM46_9EURY/7-191     0.35854421    0.00000000    0.33829597    0.31151372    0.50407871    0.28906307    0.28510933    0.43783565    0.38769784    0.42388373    0.56864581    0.53842886    1.67881001    1.56785491    1.27007413    1.28122860    1.48400908    1.24232057    1.16162034    1.60754994    1.42701562    1.53206473    1.20528734    1.87854843    1.83561737    2.00186762    2.06622373    1.79272596    1.69700274    1.84926924    1.88665590    1.71273182    1.96660500    1.81817211
Q5V1G4_HALMA/7-191     0.41310249    0.33829597    0.00000000    0.29464949    0.49895871    0.26838516    0.38398922    0.50598937    0.37750726    0.37857599    0.57998356    0.51772301    1.78561933    1.69880136    1.16551881    1.24060898    1.51300039    1.34260144    1.24476244    1.70170691    1.56003908    1.60095349    1.16539685    1.95058855    1.93317143    2.01538418    1.95639991    1.82545410    1.81003715    1.98368600    2.13708266    1.71583815    2.03238023    1.91116771
F7PG69_9EURY/7-191     0.46788008    0.31151372    0.29464949    0.00000000    0.52560107    0.38542358    0.43824407    0.55686367    0.41606181    0.42028703    0.67264508    0.57188070    1.70970295    1.66181382    1.24986866    1.29521948    1.50616141    1.30202511    1.27964619    1.71536416    1.46743213    1.53917563    1.30599010    1.88773503    1.88056365    1.92999307    2.05446205    1.82125409    1.67093774    1.81567837    2.01357616    1.63161580    1.83930994    1.86022374
A0A1U7EZ12_NATPD/7-193     0.59018240    0.50407871    0.49895871    0.52560107    0.00000000    0.42921206    0.57132849    0.67311018    0.60441383    0.59983474    0.73131059    0.70005023    1.69245321    1.58669544    1.44191858    1.37532903    1.61151859    1.36127074    1.33193594    1.76454264    1.58603367    1.75360425    1.35737761    1.94387720    1.97010286    2.23168303    2.12616141    1.93177455    1.93045149    1.98554509    1.92989041    1.78059140    2.07684680    1.91874198
C7P429_HALMD/7-191     0.40923196    0.28906307    0.26838516    0.38542358    0.42921206    0.00000000    0.33180780    0.49070097    0.41595190    0.41958109    0.60316899    0.56236119    1.73312322    1.77481705    1.26796064    1.30692722    1.46177603    1.29455262    1.21706965    1.73398091    1.45306520    1.52832696    1.19126701    2.02474681    1.98811024    2.06652720    2.10650954    1.95435624    1.89855859    1.96889137    2.08286695    1.86735506    2.11792268    1.85617253
R4WAG0_9EURY/7-191     0.37141244    0.28510933    0.38398922    0.43824407    0.57132849    0.33180780    0.00000000    0.39896945    0.40981870    0.47920154    0.54988457    0.55326380    1.72514378    1.73492087    1.26145452    1.18513678    1.53093000    1.29900067    1.22449855    1.60530952    1.44296658    1.52805735    1.20151421    1.94369778    1.91423661    1.78238667    1.86852768    1.69457632    1.78741484    1.91824573    1.82659092    1.71656988    2.07940078    1.71731780
Q9HPJ2_HALSA/7-191     0.47548467    0.43783565    0.50598937    0.55686367    0.67311018    0.49070097    0.39896945    0.00000000    0.46190668    0.45591031    0.61603825    0.63665002    1.50497217    1.55662220    1.32317348    1.19070148    1.50030660    1.37618114    1.32059316    1.56878200    1.35898714    1.57651213    1.29019500    1.96566055    1.94717569    1.93120049    1.98867720    1.70498242    1.74135487    1.88815396    1.74975848    1.68275683    2.03365529    1.77289364
E4NP15_HALBP/7-194     0.41779556    0.38769784    0.37750726    0.41606181    0.60441383    0.41595190    0.40981870    0.46190668    0.00000000    0.24237656    0.50417552    0.49851071    1.70789798    1.54348312    1.30797265    1.18472762    1.52111613    1.31412207    1.24195710    1.56534103    1.30184114    1.45807005    1.19043731    2.03016381    2.00378373    1.96392623    1.91504930    1.77151748    1.75468370    1.91000620    1.86058822    1.69780009    2.02988299    1.75432812
Q18GC5_HALWD/7-195     0.42671084    0.42388373    0.37857599    0.42028703    0.59983474    0.41958109    0.47920154    0.45591031    0.24237656    0.00000000    0.51400773    0.57085330    1.64227064    1.57361044    1.30745567    1.15692829    1.50722245    1.43508730    1.26549023    1.53549651    1.39655452    1.57909977    1.21490466    1.98244021    1.86917217    2.15443896    2.12002880    1.88115152    1.86592842    1.92628975    1.86513175    1.72686481    1.97350755    1.74637938
D4GWR4_HALVD/7-194     0.58093407    0.56864581    0.57998356    0.67264508    0.73131059    0.60316899    0.54988457    0.61603825    0.50417552    0.51400773    0.00000000    0.65270717    1.78752534    1.68312349    1.40508941    1.27714026    1.61714604    1.35015529    1.31090163    1.56174335    1.39538395    1.57118744    1.26835131    2.05009260    2.19095650    2.04364283    1.82001719    1.84224193    1.79952691    2.20734862    1.97869343    1.79315366    2.24513250    2.01158093
G2MND4_9EURY/10-193     0.53629077    0.53842886    0.51772301    0.57188070    0.70005023    0.56236119    0.55326380    0.63665002    0.49851071    0.57085330    0.65270717    0.00000000    1.56699740    1.44941962    1.22173872    1.23617575    1.52097028    1.29912165    1.28012910    1.58769935    1.45874262    1.52545662    1.31144771    1.74936465    1.83314015    1.93405253    1.98113639    1.73489591    1.61798209    1.97857266    2.03198080    1.61836387    1.96499515    1.92846288
Q0W305_METAR/3-194     1.60568274    1.67881001    1.78561933    1.70970295    1.69245321    1.73312322    1.72514378    1.50497217    1.70789798    1.64227064    1.78752534    1.56699740    0.00000000    0.38691578    1.17996774    1.24357519    1.12347054    1.02870739    1.11144059    1.32495856    1.19805620    1.36638069    1.14198535    2.22331762    2.31892620    1.85916375    1.93923776    2.11839589    1.88547547    1.66494220    1.76808123    1.56538766    2.04436757    1.82058322
D1YWB9_METPS/5-196     1.42902798    1.56785491    1.69880136    1.66181382    1.58669544    1.77481705    1.73492087    1.55662220    1.54348312    1.57361044    1.68312349    1.44941962    0.38691578    0.00000000    1.14927545    1.14245213    1.05898902    1.08120590    1.06078055    1.19718613    1.18151027    1.26053131    1.05239419    2.33850392    2.44325521    1.94963400    2.20533413    2.17779873    1.95315413    1.84963861    1.82289673    1.65415633    1.98338387    1.87667014
D5E6W9_METMS/12-201     1.23447481    1.27007413    1.16551881    1.24986866    1.44191858    1.26796064    1.26145452    1.32317348    1.30797265    1.30745567    1.40508941    1.22173872    1.17996774    1.14927545    0.00000000    0.67242117    0.69192312    0.68606399    0.63440398    0.86940909    0.76513426    0.88762806    0.53803088    1.85281092    1.82048025    1.61336888    1.83457062    1.77448801    1.82241611    1.62797792    1.68283171    1.53873699    2.18634604    1.83633936
F7XPS2_METZD/9-199     1.19221042    1.28122860    1.24060898    1.29521948    1.37532903    1.30692722    1.18513678    1.19070148    1.18472762    1.15692829    1.27714026    1.23617575    1.24357519    1.14245213    0.67242117    0.00000000    0.64472438    0.69972557    0.62739765    0.85198886    0.81499892    1.03707248    0.54931116    1.91294588    1.89832439    1.93357573    1.87746846    1.77231988    1.89137568    1.52723830    1.61183926    1.41100893    1.83354916    1.66397593
L0KVW9_METHD/12-200     1.44853543    1.48400908    1.51300039    1.50616141    1.61151859    1.46177603    1.53093000    1.50030660    1.52111613    1.50722245    1.61714604    1.52097028    1.12347054    1.05898902    0.69192312    0.64472438    0.00000000    0.67016075    0.61818968    0.91222500    0.90188979    1.02389267    0.56978129    2.06108956    2.05396647    1.93711651    2.03871747    1.88647584    1.88009412    1.85031558    1.70441751    1.68938993    2.23965454    1.88008088
Q12X57_METBU/11-199     1.31281272    1.24232057    1.34260144    1.30202511    1.36127074    1.29455262    1.29900067    1.37618114    1.31412207    1.43508730    1.35015529    1.29912165    1.02870739    1.08120590    0.68606399    0.69972557    0.67016075    0.00000000    0.60539406    0.89199655    0.83655498    0.98757022    0.59345076    1.96042053    2.05874840    1.97112186    1.94605445    1.94950140    1.95989152    1.82064380    1.81261953    1.75165838    2.20260776    1.77242302
Q8TJU3_METAC/13-201     1.17206253    1.16162034    1.24476244    1.27964619    1.33193594    1.21706965    1.22449855    1.32059316    1.24195710    1.26549023    1.31090163    1.28012910    1.11144059    1.06078055    0.63440398    0.62739765    0.61818968    0.60539406    0.00000000    0.78872273    0.73451906    0.87500641    0.46999771    1.99514906    1.99861646    1.92146833    2.01423330    1.95617605    2.04165912    1.64305302    1.67824395    1.61416689    2.15069564    1.81414290
A0B6X1_METTP/4-189     1.54661524    1.60754994    1.70170691    1.71536416    1.76454264    1.73398091    1.60530952    1.56878200    1.56534103    1.53549651    1.56174335    1.58769935    1.32495856    1.19718613    0.86940909    0.85198886    0.91222500    0.89199655    0.78872273    0.00000000    0.54270420    0.60151648    0.70821690    2.02200609    2.35129166    2.06502320    1.98197165    1.92461934    2.01274252    1.66772110    1.60894344    1.64638858    1.86381284    1.59121906
F4BW62_METSG/4-189     1.41233902    1.42701562    1.56003908    1.46743213    1.58603367    1.45306520    1.44296658    1.35898714    1.30184114    1.39655452    1.39538395    1.45874262    1.19805620    1.18151027    0.76513426    0.81499892    0.90188979    0.83655498    0.73451906    0.54270420    0.00000000    0.52651877    0.62058731    2.19522293    2.14693349    1.85248972    1.78860865    1.90276685    1.97685221    1.76253071    1.67328565    1.61291349    2.00642720    1.57662746
G7WL33_METH6/4-191     1.54921521    1.53206473    1.60095349    1.53917563    1.75360425    1.52832696    1.52805735    1.57651213    1.45807005    1.57909977    1.57118744    1.52545662    1.36638069    1.26053131    0.88762806    1.03707248    1.02389267    0.98757022    0.87500641    0.60151648    0.52651877    0.00000000    0.73996692    2.07093716    2.26796475    2.05891966    2.06308432    1.80128996    2.05977360    1.99486559    1.66613436    1.72462315    2.13353971    1.80719414
D7E8C9_METEZ/14-203     1.16087220    1.20528734    1.16539685    1.30599010    1.35737761    1.19126701    1.20151421    1.29019500    1.19043731    1.21490466    1.26835131    1.31144771    1.14198535    1.05239419    0.53803088    0.54931116    0.56978129    0.59345076    0.46999771    0.70821690    0.62058731    0.73996692    0.00000000    1.89797126    1.91524987    1.69233636    1.84755323    1.64288636    1.82848659    1.62952032    1.60286578    1.54549938    1.98232601    1.66644711
H1Z288_9EURY/20-207     1.84738149    1.87854843    1.95058855    1.88773503    1.94387720    2.02474681    1.94369778    1.96566055    2.03016381    1.98244021    2.05009260    1.74936465    2.22331762    2.33850392    1.85281092    1.91294588    2.06108956    1.96042053    1.99514906    2.02200609    2.19522293    2.07093716    1.89797126    0.00000000    0.32468383    0.77800273    0.77183030    0.84135741    0.79200397    1.98733611    2.09179430    1.81537688    2.53284379    2.21770266
E1RK70_METP4/18-205     1.93169453    1.83561737    1.93317143    1.88056365    1.97010286    1.98811024    1.91423661    1.94717569    2.00378373    1.86917217    2.19095650    1.83314015    2.31892620    2.44325521    1.82048025    1.89832439    2.05396647    2.05874840    1.99861646    2.35129166    2.14693349    2.26796475    1.91524987    0.32468383    0.00000000    0.75945668    0.85736782    0.88476313    0.82410863    2.06670083    2.28205688    1.84881288    2.73158539    2.17727347
A7I760_METB6/19-204     1.98298337    2.00186762    2.01538418    1.92999307    2.23168303    2.06652720    1.78238667    1.93120049    1.96392623    2.15443896    2.04364283    1.93405253    1.85916375    1.94963400    1.61336888    1.93357573    1.93711651    1.97112186    1.92146833    2.06502320    1.85248972    2.05891966    1.69233636    0.77800273    0.75945668    0.00000000    0.51657301    0.67993903    0.59790419    1.90433216    2.30991807    1.98219950    2.69940849    2.01200399
B8GDT1_METPE/21-207     1.90540794    2.06622373    1.95639991    2.05446205    2.12616141    2.10650954    1.86852768    1.98867720    1.91504930    2.12002880    1.82001719    1.98113639    1.93923776    2.20533413    1.83457062    1.87746846    2.03871747    1.94605445    2.01423330    1.98197165    1.78860865    2.06308432    1.84755323    0.77183030    0.85736782    0.51657301    0.00000000    0.73127605    0.72974911    2.07372667    2.23907377    1.94020570    2.72329856    2.11957282
Q2FMW1_METHJ/23-207     1.70879273    1.79272596    1.82545410    1.82125409    1.93177455    1.95435624    1.69457632    1.70498242    1.77151748    1.88115152    1.84224193    1.73489591    2.11839589    2.17779873    1.77448801    1.77231988    1.88647584    1.94950140    1.95617605    1.92461934    1.90276685    1.80128996    1.64288636    0.84135741    0.88476313    0.67993903    0.73127605    0.00000000    0.73082033    2.29826162    2.33892948    2.07364622    2.70340409    2.10924337
A2SSX5_METLZ/21-208     1.65043170    1.69700274    1.81003715    1.67093774    1.93045149    1.89855859    1.78741484    1.74135487    1.75468370    1.86592842    1.79952691    1.61798209    1.88547547    1.95315413    1.82241611    1.89137568    1.88009412    1.95989152    2.04165912    2.01274252    1.97685221    2.05977360    1.82848659    0.79200397    0.82410863    0.59790419    0.72974911    0.73082033    0.00000000    2.16438933    2.39784046    2.14178848    2.44805350    2.27305008
D2REF2_ARCPA/2-178     1.87112302    1.84926924    1.98368600    1.81567837    1.98554509    1.96889137    1.91824573    1.88815396    1.91000620    1.92628975    2.20734862    1.97857266    1.66494220    1.84963861    1.62797792    1.52723830    1.85031558    1.82064380    1.64305302    1.66772110    1.76253071    1.99486559    1.62952032    1.98733611    2.06670083    1.90433216    2.07372667    2.29826162    2.16438933    0.00000000    0.84581697    0.82779110    1.11099222    0.84376286
O29155_ARCFU/2-178     1.87520923    1.88665590    2.13708266    2.01357616    1.92989041    2.08286695    1.82659092    1.74975848    1.86058822    1.86513175    1.97869343    2.03198080    1.76808123    1.82289673    1.68283171    1.61183926    1.70441751    1.81261953    1.67824395    1.60894344    1.67328565    1.66613436    1.60286578    2.09179430    2.28205688    2.30991807    2.23907377    2.33892948    2.39784046    0.84581697    0.00000000    0.73175730    0.89346021    0.82777117
F2KRY5_ARCVS/2-177     1.56846020    1.71273182    1.71583815    1.63161580    1.78059140    1.86735506    1.71656988    1.68275683    1.69780009    1.72686481    1.79315366    1.61836387    1.56538766    1.65415633    1.53873699    1.41100893    1.68938993    1.75165838    1.61416689    1.64638858    1.61291349    1.72462315    1.54549938    1.81537688    1.84881288    1.98219950    1.94020570    2.07364622    2.14178848    0.82779110    0.73175730    0.00000000    0.75387672    0.66729121
D3RY81_FERPA/2-176     1.83136179    1.96660500    2.03238023    1.83930994    2.07684680    2.11792268    2.07940078    2.03365529    2.02988299    1.97350755    2.24513250    1.96499515    2.04436757    1.98338387    2.18634604    1.83354916    2.23965454    2.20260776    2.15069564    1.86381284    2.00642720    2.13353971    1.98232601    2.53284379    2.73158539    2.69940849    2.72329856    2.70340409    2.44805350    1.11099222    0.89346021    0.75387672    0.00000000    0.84285104
N0BBR0_9EURY/2-179     1.80828319    1.81817211    1.91116771    1.86022374    1.91874198    1.85617253    1.71731780    1.77289364    1.75432812    1.74637938    2.01158093    1.92846288    1.82058322    1.87667014    1.83633936    1.66397593    1.88008088    1.77242302    1.81414290    1.59121906    1.57662746    1.80719414    1.66644711    2.21770266    2.17727347    2.01200399    2.11957282    2.10924337    2.27305008    0.84376286    0.82777117    0.66729121    0.84285104    0.00000000

