65
K1VJV3_TRIAC/688-1180     0.00000000    1.27990704    1.90204573    1.71665798    2.00393828    1.70853813    1.86512986    1.85788520    2.03792404    2.11251556    2.13676386    1.96883790    2.02575461    2.15027080    3.36915899    2.96022700    2.23673270    2.14368690    2.27196396    2.11519590    2.23652627    2.15349495    2.15390529    2.04826452    1.99563399    2.05720498    2.00833491    2.26269380    1.92662289    2.07877965    2.16494852    1.91676176    1.95819549    2.40862339    2.20740831    2.20472203    2.23016540    2.31888953    2.48945130    2.13313873    2.21440977    2.18891295    2.17263513    2.17979499    2.11767971    2.13348358    2.13146132    2.51876512    2.88149394    2.69711752    2.80610596    2.72200854    3.07264029    2.81331568    2.81739086    2.47850333    2.94632809    2.58582770    2.73270413    2.96837346    2.62430027    2.56932358    2.83349764    2.74910352    2.07478571
Q5KCW5_CRYNJ/88-528     1.27990704    0.00000000    1.60362758    1.53881476    1.79901671    1.88480774    1.55328987    1.74152456    2.07172319    2.09946434    1.96739885    2.11314550    2.04856379    1.79632347    3.22220868    3.16720187    1.93971452    1.95384869    2.09283896    2.11892260    2.26518120    2.33589501    2.09813720    2.01145433    2.01415120    1.95801029    1.85812376    2.21917828    2.03078407    2.14844681    2.23340652    2.03573789    1.79327606    2.24431800    2.08216465    2.10499772    2.23450494    2.42631276    2.25269585    1.97530514    1.90797998    2.03573118    1.97371476    1.95882249    2.17810971    2.16794530    2.15978447    2.60019284    2.80887664    2.65404256    2.93891979    2.89272962    2.46623796    2.74512637    2.76068289    2.44179635    2.68098472    2.46178326    2.76346805    3.39001147    2.54838295    2.63598396    2.65792157    2.48970984    2.00500470
B8P9Z8_POSPM/21-496     1.90204573    1.60362758    0.00000000    0.80050428    1.17776767    1.22988250    1.14249009    1.14780954    1.71026363    1.90254643    1.75125988    1.78887220    1.72947797    1.70951196    2.81582575    2.65158258    1.92344996    1.91360511    2.27910835    2.06299680    2.12617940    1.94508190    2.05996597    1.85385840    1.78133096    2.04583912    1.87504680    2.08187674    2.07866517    2.11347421    2.00030156    1.85300026    1.88686526    2.29702853    2.26401253    2.44883654    2.32320733    2.54333429    2.10595397    2.07811288    2.20867689    2.41963074    2.31328261    2.35486877    2.21812284    2.24808922    2.08148984    2.35464630    2.66946010    2.33118098    2.72265593    2.77541450    2.50078509    2.85472166    2.52945258    2.43503970    2.28966801    2.42696048    2.65858154    2.81203960    2.39465103    2.55896177    2.35007288    2.29179452    1.72364515
M2QSF6_CERS8/32-457     1.71665798    1.53881476    0.80050428    0.00000000    1.04111921    1.22535825    1.08911298    1.00302086    1.68907167    1.68737511    1.74422667    1.63976684    1.70787406    1.69880423    2.47776785    2.33070413    1.92781019    1.85929818    2.07611577    1.92656867    1.95043424    1.92140326    1.96928472    1.98661600    1.82696669    1.87930158    1.86606032    2.04471921    1.95344170    2.00643328    1.78264395    1.81276514    1.64481881    2.12572970    2.10869239    2.06685503    2.34077123    2.32836793    2.02091998    1.84417572    2.15398919    2.22587651    2.21838809    2.21489565    2.20499237    2.14542926    1.95123688    2.58063699    2.59880851    2.61627203    2.74363571    2.71378905    2.60584609    2.57493035    2.48862472    2.30280724    2.14598701    2.34461151    2.60231263    2.81090088    2.45409453    2.36945796    2.41809731    2.22462079    1.75755487
B0CV71_LACBS/18-437     2.00393828    1.79901671    1.17776767    1.04111921    0.00000000    1.15803966    1.07718434    1.26788170    1.81813199    1.92719685    1.78469396    1.71906257    1.93650090    1.89753298    2.79462919    2.75262739    2.08198977    1.98162817    2.04367701    1.82984661    1.96766011    1.96242753    2.00648160    1.97618676    2.00365619    1.93083841    1.90718431    2.11964186    2.00784042    2.16346961    2.02311730    1.74530475    1.80656950    2.26552380    2.17909745    2.08474755    2.25698095    2.37107220    1.93214522    1.95308619    1.93894835    2.05603195    1.94562987    1.96376182    1.90385991    1.96067959    1.90199502    2.54833682    2.87209594    2.50088836    2.73765922    2.80066300    2.51684119    2.96937236    2.45357814    2.44697640    2.27053346    2.08350857    2.68249243    2.60172729    2.31955146    2.28042141    2.29913331    2.45058569    2.09378274
A8NS68_COPC7/29-464     1.70853813    1.88480774    1.22988250    1.22535825    1.15803966    0.00000000    1.15214717    1.29651914    1.91873050    1.90878788    1.83444836    1.82101849    1.86188252    1.78535075    2.52001557    2.63132111    1.76553626    1.68630019    1.79637974    1.67608695    1.78457362    1.71297019    1.73578326    1.77387297    1.72458432    1.75066180    1.80373795    1.92952266    1.82311696    1.91647247    1.75762875    1.63796648    1.56334999    1.98178423    1.97883131    1.93275247    1.96347744    2.20348877    1.82777427    1.79185474    1.89812983    1.84747634    1.92071628    1.89443308    1.88822411    1.90967984    1.54828057    2.11156990    2.64255698    2.40109471    2.34845350    2.32228373    2.22432168    2.61388357    2.03197489    2.03661243    2.09809283    1.88631243    2.42168473    2.61529823    1.96854510    2.07196026    2.27006896    2.14026717    1.71735644
F8PZR5_SERL3/3-430     1.86512986    1.55328987    1.14249009    1.08911298    1.07718434    1.15214717    0.00000000    1.10870469    1.71640339    1.83802539    1.93658630    1.86800087    1.90526225    1.67805756    2.74096636    2.53710010    1.98151977    1.85332514    2.02218908    1.74866768    1.99045968    1.81537111    1.85300113    1.96919056    1.75941423    1.93233963    1.84089624    2.03851757    2.01778669    1.98796254    1.90978966    1.92667324    1.69479646    2.22547180    2.05804465    2.17790744    2.10672692    2.27908307    2.04710412    1.82774256    2.07663966    2.11762509    2.13115786    2.10666096    2.06734945    2.17972462    1.98915659    2.68204695    2.94120604    2.63437851    2.74890554    2.68193936    2.61642520    2.76688751    2.52596958    2.20183248    2.64921189    2.44928523    2.65907166    3.05336615    2.09803846    2.26515251    2.48935894    2.32881773    1.67496344
K5UP39_PHACS/19-437     1.85788520    1.74152456    1.14780954    1.00302086    1.26788170    1.29651914    1.10870469    0.00000000    1.85087391    1.86902239    1.77222134    1.83891073    1.70590457    1.73037921    2.49923521    2.42808312    2.07843280    1.78509146    2.03324262    1.89729861    1.80623730    1.82821838    1.89472195    1.84891820    1.86293426    1.91311238    1.89937372    1.91790398    1.93216489    2.04360989    2.09197245    1.80657361    1.78635507    2.11733005    2.01625682    2.06957060    2.29218938    2.16177065    2.08059021    1.90908441    2.06880973    1.86195488    2.26755818    2.24040228    2.09266498    2.29367280    1.82513168    2.58756834    2.83136928    2.71567737    2.67184977    2.73869155    2.48293707    2.72471849    2.41210031    2.34903018    2.31277668    2.32780294    2.56915973    2.67511419    2.28307183    2.21601488    2.43375043    2.37854645    1.85178713
M9M6Y4_PSEA3/80-586     2.03792404    2.07172319    1.71026363    1.68907167    1.81813199    1.91873050    1.71640339    1.85087391    0.00000000    0.49378497    0.47349951    0.43377497    0.50994951    1.75613743    2.50576238    2.58747045    2.01069360    2.02267767    2.13954269    2.01162084    1.93094324    1.84837303    1.96957500    2.00017890    1.93198688    2.10106232    1.90006677    1.90525358    2.10215506    2.04575356    1.90626928    1.95988063    2.01277049    2.42429795    2.24679530    2.27793214    2.08664237    2.10836753    2.09446148    2.12335023    2.30030340    2.26257631    2.32672210    2.33518688    2.29926822    2.40193727    2.01189561    2.33609592    2.45391780    2.58782736    2.57606048    2.61921567    2.43325177    2.46092611    2.74676876    2.46838002    2.51108388    2.11524470    2.70029257    2.60996606    2.10870586    2.21735120    2.38600388    2.16579045    1.69023941
I2G2M2_USTH4/89-614     2.11251556    2.09946434    1.90254643    1.68737511    1.92719685    1.90878788    1.83802539    1.86902239    0.49378497    0.00000000    0.51197920    0.43838670    0.52134416    1.69454128    2.62241818    2.82548030    2.07255835    2.02407028    2.37046312    1.92078464    2.10300108    2.00572696    1.95325443    2.17106172    1.91287841    2.03276981    1.88741240    1.89659284    2.13986057    2.10379138    1.85022021    2.02313084    1.89341015    2.43668835    2.19785447    2.28018213    2.28283580    2.13309870    2.13396291    2.00028983    2.09255032    2.14516503    2.32204036    2.38242330    2.30625739    2.37058657    2.07872948    2.51564788    2.48944291    2.48775441    2.71266462    2.61906812    2.43736454    2.60150398    2.79353930    2.38233140    2.25992338    2.04618783    2.58805157    2.73731546    2.23300210    2.29334302    2.42814367    2.29980648    1.95799577
A0A0D1E4D3_USTMA/93-598     2.13676386    1.96739885    1.75125988    1.74422667    1.78469396    1.83444836    1.93658630    1.77222134    0.47349951    0.51197920    0.00000000    0.36981013    0.48963050    1.67334330    2.34646025    2.43921996    2.02219950    1.88113485    2.20559074    1.85953140    1.95026817    1.86441971    1.87460513    1.90896331    1.79602551    1.99763329    1.85621683    1.96231924    1.96046122    1.92676152    1.84986736    1.91358444    1.91164071    2.44978110    2.28862762    2.38897647    2.07021472    2.14268957    1.93639326    1.95438029    2.10746629    2.22598595    2.37820831    2.41521543    2.26573894    2.41695965    2.05452591    2.32400595    2.57710599    2.35196205    2.48320759    2.41794592    2.34448319    2.34799948    2.66434185    2.32888947    2.16899775    1.99946702    2.53336163    2.61508213    2.13429382    2.15393889    2.36905936    2.34773940    1.87149800
R9P4M2_PSEHS/56-576     1.96883790    2.11314550    1.78887220    1.63976684    1.71906257    1.82101849    1.86800087    1.83891073    0.43377497    0.43838670    0.36981013    0.00000000    0.47341140    1.61472541    2.74503391    2.52468572    2.06516800    1.96392144    2.25620603    2.01579085    2.02376541    2.04660836    2.01706372    2.02788330    1.83593843    1.99660227    1.88421465    2.08093054    2.07260005    2.02874101    1.91102958    1.91675699    1.86227248    2.30847740    2.21147806    2.22968653    2.14455715    2.09807051    2.05311210    2.04953474    2.09524675    2.22629575    2.32721631    2.37805079    2.32689912    2.40639283    2.11589377    2.28702152    2.51628159    2.35451997    2.54616333    2.46482493    2.48526378    2.45827845    2.53391075    2.30928190    2.20540058    1.97754823    2.55471411    2.63065631    2.09720225    2.07894164    2.36471229    2.33933423    1.91133778
V5GNY7_KALBG/89-577     2.02575461    2.04856379    1.72947797    1.70787406    1.93650090    1.86188252    1.90526225    1.70590457    0.50994951    0.52134416    0.48963050    0.47341140    0.00000000    1.70267299    2.40817819    2.55720918    2.11396572    1.88326797    2.22300246    2.15543310    1.92097759    1.99381182    2.00604442    2.15912843    1.87745469    1.89707870    1.97450751    1.97956538    1.96887325    2.13312941    1.92038756    1.83652350    1.99143728    2.43094656    2.16740439    2.28442451    2.39835642    2.30599537    2.21923944    2.10353132    2.17448653    2.19055919    2.36223580    2.39774755    2.30490071    2.44881798    1.88367926    2.37977275    2.71348554    2.44040341    2.72016827    2.58917736    2.46218414    2.29342255    2.68060323    2.34342673    2.28624939    2.08605309    2.57411067    2.64081925    2.16898494    2.12362034    2.50690413    2.29147681    1.94164395
E3K6J3_PUCGT/31-450     2.15027080    1.79632347    1.70951196    1.69880423    1.89753298    1.78535075    1.67805756    1.73037921    1.75613743    1.69454128    1.67334330    1.61472541    1.70267299    0.00000000    2.65934959    2.43260718    1.80919637    1.85029347    2.11014040    1.89731966    2.01586616    2.04517248    1.89754655    1.83712178    1.86148474    1.90173777    1.71134821    1.87451613    1.93984741    2.12458037    2.00727082    2.05238911    1.95918206    2.22796854    2.29295267    2.22869420    2.10747381    2.16064354    2.11567253    2.12483505    2.01235778    2.06772465    1.97364189    1.95481076    1.92673116    1.90745660    1.90578580    2.32629571    2.51199430    2.20076407    2.09552918    2.20175792    2.20629721    2.46207835    2.55261726    2.12309807    2.47299601    1.96751973    2.35587679    2.55268934    2.12819118    2.16512247    2.28920321    2.34931175    2.01076667
G5EFM7_CAEEL/111-539     3.36915899    3.22220868    2.81582575    2.47776785    2.79462919    2.52001557    2.74096636    2.49923521    2.50576238    2.62241818    2.34646025    2.74503391    2.40817819    2.65934959    0.00000000    0.88391987    2.68001859    2.85068230    2.99526855    3.07440287    3.22899210    3.25490341    3.15713646    2.95427520    3.05408736    2.97679393    3.05009215    3.01119644    2.57665389    2.88647703    2.66598341    2.66627229    2.70951840    3.63680637    3.44136015    3.41192096    3.39285551    3.19852545    3.02287682    2.91002055    3.01810963    2.89738311    3.03742167    3.07842750    2.80887642    3.17172934    2.69597466    3.08574858    3.14255349    2.94130092    2.94645452    2.87717653    2.75973976    2.98856569    3.00122171    2.89017216    2.88078773    2.58334362    2.98565060    3.32461775    2.80777672    2.69864790    2.98400185    2.90668012    3.14856280
A8XE57_CAEBR/136-614     2.96022700    3.16720187    2.65158258    2.33070413    2.75262739    2.63132111    2.53710010    2.42808312    2.58747045    2.82548030    2.43921996    2.52468572    2.55720918    2.43260718    0.88391987    0.00000000    2.77606994    3.10371085    3.02812250    2.86413405    3.03979349    2.90801183    2.84793307    2.86228745    2.80063061    2.59742092    2.71239882    2.81760208    2.88018883    2.95471522    2.75340576    2.89877010    2.77483251    3.30581524    3.31602529    3.09709974    3.34880541    3.10340742    3.12530407    3.09115132    2.83767218    3.02102030    2.69798402    2.75697865    2.66558815    2.80542870    2.57754164    3.10860581    3.11421206    3.18758179    3.01647240    2.94769762    3.05570909    2.84940066    3.21707326    2.88844528    2.90687626    2.55106157    3.28991330    3.27180472    2.68698546    2.62074967    2.93760752    3.14222761    3.29276231
I4Y948_WALMC/39-474     2.23673270    1.93971452    1.92344996    1.92781019    2.08198977    1.76553626    1.98151977    2.07843280    2.01069360    2.07255835    2.02219950    2.06516800    2.11396572    1.80919637    2.68001859    2.77606994    0.00000000    0.55464985    2.08842753    1.53275665    2.02779829    1.89209071    1.89850850    1.76677651    1.82084997    1.82401163    1.88110930    2.01370078    1.83774718    1.86016648    1.76302065    1.87010757    1.92748391    2.05232925    2.12476326    2.05931046    2.22901653    1.96002033    2.22423917    1.84577410    2.01801122    1.98837293    1.87359168    1.89655637    1.74284552    1.75407315    2.13020761    2.36233578    2.61139942    2.23335797    2.35381964    2.42631064    2.55614191    2.52358790    2.41067088    2.19550726    2.17035352    2.06664719    2.37159209    2.72617886    2.77312839    2.64355490    2.63130612    2.27627844    2.15859863
R9AAV8_WALI9/117-556     2.14368690    1.95384869    1.91360511    1.85929818    1.98162817    1.68630019    1.85332514    1.78509146    2.02267767    2.02407028    1.88113485    1.96392144    1.88326797    1.85029347    2.85068230    3.10371085    0.55464985    0.00000000    2.17312790    1.66560655    2.17338088    1.92929538    1.84112810    1.93644093    1.88282866    2.05418830    1.98987873    2.16543171    2.12793155    2.10758376    2.14642082    1.92550217    2.10763733    2.14492519    2.06445504    1.95312377    2.43210459    2.24156326    2.53611668    2.15296859    1.98933375    2.11611410    1.87822875    1.87330567    1.97840764    2.05915921    2.17693903    2.51205655    2.58435852    2.27571427    2.62040513    2.63540167    2.49232567    2.37347504    2.33793809    2.18642416    2.25191327    2.12964363    2.47138150    2.85982300    2.70626782    2.69424858    2.38801750    2.22662969    2.30101975
H6CAC4_EXODN/34-433     2.27196396    2.09283896    2.27910835    2.07611577    2.04367701    1.79637974    2.02218908    2.03324262    2.13954269    2.37046312    2.20559074    2.25620603    2.22300246    2.11014040    2.99526855    3.02812250    2.08842753    2.17312790    0.00000000    1.19189507    1.29963117    1.16920791    1.07879044    1.12914186    1.02545955    1.17666788    1.13307653    1.21541935    1.17252202    1.30301841    1.21851166    1.38609062    1.35552603    1.58236080    1.46193995    1.46323015    1.56024558    1.69206921    1.49378825    1.79177773    1.55936282    1.54969888    1.49947067    1.45080499    1.54551060    1.57811845    1.50628222    2.25420459    2.40100826    2.18147130    2.46615321    2.51301220    2.26936966    2.42716639    2.18937902    1.99091539    2.14274573    2.07825113    2.54568336    2.83034908    2.52808485    2.52084047    2.52671772    2.48305539    2.12869995
V5FZJ4_BYSSN/37-457     2.11519590    2.11892260    2.06299680    1.92656867    1.82984661    1.67608695    1.74866768    1.89729861    2.01162084    1.92078464    1.85953140    2.01579085    2.15543310    1.89731966    3.07440287    2.86413405    1.53275665    1.66560655    1.19189507    0.00000000    0.84934470    0.69590610    0.71673248    0.76302865    0.73032362    0.77425646    0.73830689    0.85786252    0.95305052    0.98474108    0.92148255    1.35740511    1.33825390    1.61401412    1.66279098    1.58930172    1.48249282    1.52230820    1.36824944    1.42703486    1.52477373    1.49657071    1.61066920    1.58201874    1.53017832    1.47471788    1.59110380    2.04896326    2.11074078    1.93613471    2.12334445    2.20572515    2.21367050    2.19821523    2.08552346    1.98680800    1.98930274    1.87475516    2.18890365    2.27885906    2.13756044    2.14586603    2.09184138    2.08133030    2.22491633
S8B4X1_PENO1/18-463     2.23652627    2.26518120    2.12617940    1.95043424    1.96766011    1.78457362    1.99045968    1.80623730    1.93094324    2.10300108    1.95026817    2.02376541    1.92097759    2.01586616    3.22899210    3.03979349    2.02779829    2.17338088    1.29963117    0.84934470    0.00000000    0.81931539    0.81207667    0.84272891    0.80113041    0.82239299    0.87595861    0.89677235    0.91254957    0.94866055    1.12894708    1.48637086    1.38389918    1.66982655    1.71011048    1.84297861    1.54256089    1.80822890    1.54713334    1.53238500    1.77788810    1.64186645    1.67782313    1.68120283    1.57325385    1.64514734    1.50890341    2.23586575    2.43348822    2.15361606    2.28968270    2.41850851    2.32058938    2.12605991    2.21743927    2.06607114    2.01357300    2.03431282    2.32079047    2.39867961    2.21258612    2.26242840    2.27516432    2.08018913    2.10443814
A2QWS0_ASPNC/32-459     2.15349495    2.33589501    1.94508190    1.92140326    1.96242753    1.71297019    1.81537111    1.82821838    1.84837303    2.00572696    1.86441971    2.04660836    1.99381182    2.04517248    3.25490341    2.90801183    1.89209071    1.92929538    1.16920791    0.69590610    0.81931539    0.00000000    0.23493150    0.62879173    0.66289602    0.66244150    0.59058751    0.71896707    0.88515112    0.88882493    0.90925737    1.28917638    1.20848458    1.70194346    1.69800416    1.70372553    1.49972923    1.56980220    1.31371415    1.18717144    1.45612094    1.49869726    1.49804646    1.48541722    1.49593678    1.40896317    1.40875546    2.21427766    2.22713956    2.12990405    2.13243545    2.16133629    2.30402898    2.14051863    2.07465186    2.02435800    1.98572706    1.91683570    2.16605370    2.27975673    2.06784001    2.03401949    2.16979017    2.14200257    1.94397781
G7X9Y9_ASPKW/32-459     2.15390529    2.09813720    2.05996597    1.96928472    2.00648160    1.73578326    1.85300113    1.89472195    1.96957500    1.95325443    1.87460513    2.01706372    2.00604442    1.89754655    3.15713646    2.84793307    1.89850850    1.84112810    1.07879044    0.71673248    0.81207667    0.23493150    0.00000000    0.58227032    0.61106758    0.60834763    0.56713161    0.69057536    0.85676651    0.82457313    0.87025294    1.32135154    1.29918115    1.50913162    1.63948946    1.68012770    1.34213262    1.63252112    1.32159109    1.26104072    1.57466117    1.41110402    1.60402974    1.56609563    1.44155262    1.39714516    1.40322569    2.10637492    2.32998463    2.15394845    2.22754711    2.18420163    2.25169679    2.08584995    2.12541644    1.98245947    1.98065447    2.09231782    2.21384638    2.48144699    2.24120832    2.13765413    2.21069500    2.28543778    1.91254192
B8NP74_ASPFN/28-449     2.04826452    2.01145433    1.85385840    1.98661600    1.97618676    1.77387297    1.96919056    1.84891820    2.00017890    2.17106172    1.90896331    2.02788330    2.15912843    1.83712178    2.95427520    2.86228745    1.76677651    1.93644093    1.12914186    0.76302865    0.84272891    0.62879173    0.58227032    0.00000000    0.57173909    0.63471283    0.57657011    0.80978861    0.84911227    0.87148483    0.91078332    1.20752174    1.21106441    1.54710656    1.66002837    1.61930138    1.30017880    1.56268310    1.35725278    1.28542572    1.53527916    1.44110951    1.57906939    1.52195443    1.46118102    1.42926224    1.62246489    2.17725901    2.45551647    2.24968382    2.32354548    2.40019313    2.42492630    2.32459370    2.26480159    2.12367622    2.02186562    2.26353052    2.37557630    2.49870242    2.26518766    2.23977738    2.27231623    2.27221734    1.88328306
Q0CI54_ASPTN/289-688     1.99563399    2.01415120    1.78133096    1.82696669    2.00365619    1.72458432    1.75941423    1.86293426    1.93198688    1.91287841    1.79602551    1.83593843    1.87745469    1.86148474    3.05408736    2.80063061    1.82084997    1.88282866    1.02545955    0.73032362    0.80113041    0.66289602    0.61106758    0.57173909    0.00000000    0.65586522    0.61898341    0.81195014    0.82174051    0.85935093    0.91362383    1.24921256    1.20774160    1.47343085    1.62927194    1.60369840    1.26980419    1.44591736    1.34103556    1.26603732    1.52639028    1.48078953    1.50905090    1.47870549    1.41261871    1.46396014    1.57092050    2.10227846    2.26992252    1.90149137    2.26012946    2.31911604    2.23309562    2.22423611    2.13863052    1.97365760    1.97087477    2.21603126    2.09831029    2.54137786    2.27129304    2.20198897    2.35890368    2.19405917    1.95490863
A1CTM9_ASPCL/26-453     2.05720498    1.95801029    2.04583912    1.87930158    1.93083841    1.75066180    1.93233963    1.91311238    2.10106232    2.03276981    1.99763329    1.99660227    1.89707870    1.90173777    2.97679393    2.59742092    1.82401163    2.05418830    1.17666788    0.77425646    0.82239299    0.66244150    0.60834763    0.63471283    0.65586522    0.00000000    0.47715705    0.77332819    0.85345179    0.89434204    0.84311668    1.34114218    1.17166573    1.57738007    1.66867415    1.56372470    1.52970464    1.67071870    1.51083704    1.39172018    1.58273532    1.54858810    1.68731952    1.63109292    1.55179270    1.53947215    1.57230644    2.08595383    2.25731444    2.12769042    2.26233047    2.23959150    2.20929559    2.07797650    2.12915197    1.93531939    1.98338793    1.98740494    2.26753561    2.47749740    2.18453447    2.14790507    2.25288105    1.98972908    2.11808411
Q4WMT3_ASPFU/28-448     2.00833491    1.85812376    1.87504680    1.86606032    1.90718431    1.80373795    1.84089624    1.89937372    1.90006677    1.88741240    1.85621683    1.88421465    1.97450751    1.71134821    3.05009215    2.71239882    1.88110930    1.98987873    1.13307653    0.73830689    0.87595861    0.59058751    0.56713161    0.57657011    0.61898341    0.47715705    0.00000000    0.71065621    0.84478322    0.84048323    0.85954635    1.28335877    1.07783205    1.64872919    1.60855278    1.61350317    1.33208315    1.45620452    1.39173769    1.23210386    1.53645513    1.40074151    1.62464952    1.60700260    1.40966702    1.41483223    1.52324179    2.10290984    2.12846719    1.96881432    2.10123400    2.01983378    2.12039038    2.00274943    2.11372240    2.06160133    1.99093839    2.04814476    2.20390867    2.49773214    2.29923343    2.16190908    2.20303018    2.09763985    2.00828281
C8VP29_EMENI/42-494     2.26269380    2.21917828    2.08187674    2.04471921    2.11964186    1.92952266    2.03851757    1.91790398    1.90525358    1.89659284    1.96231924    2.08093054    1.97956538    1.87451613    3.01119644    2.81760208    2.01370078    2.16543171    1.21541935    0.85786252    0.89677235    0.71896707    0.69057536    0.80978861    0.81195014    0.77332819    0.71065621    0.00000000    0.88316755    0.93982245    0.91853115    1.27723294    1.24297278    1.56328386    1.58669101    1.49436497    1.43817822    1.46630060    1.45403379    1.40463048    1.51338039    1.57083872    1.67037752    1.62430949    1.63621079    1.62191213    1.73937765    2.41161288    2.43957778    2.26113318    2.46781052    2.55279059    2.55933090    2.31108160    2.25050942    2.04659313    1.98835752    2.23834529    2.33618128    2.74678591    2.33249365    2.29958204    2.44876386    2.27583520    2.03424189
B8M094_TALSN/31-476     1.92662289    2.03078407    2.07866517    1.95344170    2.00784042    1.82311696    2.01778669    1.93216489    2.10215506    2.13986057    1.96046122    2.07260005    1.96887325    1.93984741    2.57665389    2.88018883    1.83774718    2.12793155    1.17252202    0.95305052    0.91254957    0.88515112    0.85676651    0.84911227    0.82174051    0.85345179    0.84478322    0.88316755    0.00000000    0.41336115    0.96538526    1.38356756    1.26670908    1.40364240    1.52807972    1.49405629    1.48850851    1.53421819    1.45903424    1.44197728    1.61280714    1.57525450    1.52356366    1.52601374    1.57993971    1.53349532    1.40009802    2.13034717    2.12574212    2.05876649    2.12729807    2.09672028    2.27549752    2.33352786    2.01380417    1.95416007    1.99832477    2.05611263    2.40226016    2.51619250    2.21434477    2.26394418    2.15674046    2.10815779    1.94646645
B6QB03_TALMQ/30-479     2.07877965    2.14844681    2.11347421    2.00643328    2.16346961    1.91647247    1.98796254    2.04360989    2.04575356    2.10379138    1.92676152    2.02874101    2.13312941    2.12458037    2.88647703    2.95471522    1.86016648    2.10758376    1.30301841    0.98474108    0.94866055    0.88882493    0.82457313    0.87148483    0.85935093    0.89434204    0.84048323    0.93982245    0.41336115    0.00000000    1.01080266    1.32647140    1.30351478    1.44966519    1.61196089    1.60389808    1.52693711    1.62731483    1.43927079    1.38275092    1.64344720    1.58895794    1.57845249    1.57687691    1.65148978    1.63986530    1.46054959    2.12468036    2.01716685    2.06882131    2.24920025    2.27862189    2.13603835    2.15464261    2.07671762    2.03451577    2.10365736    2.20484630    2.49380488    2.60248139    2.37343390    2.23778610    2.30414621    2.26370076    1.89236660
E5R0P0_ARTGP/33-430     2.16494852    2.23340652    2.00030156    1.78264395    2.02311730    1.75762875    1.90978966    2.09197245    1.90626928    1.85022021    1.84986736    1.91102958    1.92038756    2.00727082    2.66598341    2.75340576    1.76302065    2.14642082    1.21851166    0.92148255    1.12894708    0.90925737    0.87025294    0.91078332    0.91362383    0.84311668    0.85954635    0.91853115    0.96538526    1.01080266    0.00000000    1.34109928    1.29333231    1.40172387    1.39680076    1.49327132    1.55129772    1.68606049    1.56718383    1.53970594    1.62070949    1.60285964    1.63670170    1.55841537    1.58322379    1.54681589    1.60676681    1.93934959    2.14485090    1.86866447    2.10652162    2.10693490    1.96295824    2.06581941    1.95515444    1.86359521    1.79733975    1.79357612    2.34050508    2.52594505    2.29165572    2.06104908    2.08892334    2.10654211    2.34653116
N1Q1Z2_DOTSN/33-443     1.91676176    2.03573789    1.85300026    1.81276514    1.74530475    1.63796648    1.92667324    1.80657361    1.95988063    2.02313084    1.91358444    1.91675699    1.83652350    2.05238911    2.66627229    2.89877010    1.87010757    1.92550217    1.38609062    1.35740511    1.48637086    1.28917638    1.32135154    1.20752174    1.24921256    1.34114218    1.28335877    1.27723294    1.38356756    1.32647140    1.34109928    0.00000000    1.20329368    1.33394727    1.36847928    1.29557893    1.55292903    1.62572943    1.35994951    1.61096713    1.39163982    1.38789059    1.34142615    1.28592174    1.28502725    1.31143831    1.52463360    2.14407367    2.41921448    2.23290874    2.40063256    2.52441809    2.27187219    2.28849858    1.98661373    2.21281117    2.07936374    2.07017925    2.29558784    2.55517506    2.36857961    2.24712717    2.36277249    2.14760913    2.11661911
K2RIU4_MACPH/35-454     1.95819549    1.79327606    1.88686526    1.64481881    1.80656950    1.56334999    1.69479646    1.78635507    2.01277049    1.89341015    1.91164071    1.86227248    1.99143728    1.95918206    2.70951840    2.77483251    1.92748391    2.10763733    1.35552603    1.33825390    1.38389918    1.20848458    1.29918115    1.21106441    1.20774160    1.17166573    1.07783205    1.24297278    1.26670908    1.30351478    1.29333231    1.20329368    0.00000000    1.18753505    1.35634886    1.17069783    1.36921540    1.73087484    1.38179881    1.56362478    1.47143879    1.45412099    1.49951255    1.45813662    1.46543524    1.55325552    1.76426632    2.04660706    2.39764529    2.18060918    2.35218337    2.38421585    2.22666652    2.23359153    2.14659021    1.97937626    1.95991121    1.97691572    2.31153198    2.38539089    2.22916109    2.09382969    2.12568578    1.96406301    2.16089390
E4ZY01_LEPMJ/33-475     2.40862339    2.24431800    2.29702853    2.12572970    2.26552380    1.98178423    2.22547180    2.11733005    2.42429795    2.43668835    2.44978110    2.30847740    2.43094656    2.22796854    3.63680637    3.30581524    2.05232925    2.14492519    1.58236080    1.61401412    1.66982655    1.70194346    1.50913162    1.54710656    1.47343085    1.57738007    1.64872919    1.56328386    1.40364240    1.44966519    1.40172387    1.33394727    1.18753505    0.00000000    0.67236362    0.56827090    1.58338368    1.86960990    1.61967931    1.58057844    1.74349350    1.82025468    1.89555472    1.85570116    1.76509760    1.75642742    1.92625767    2.55481776    2.66684973    2.47500821    2.60007243    2.59271650    2.64970504    2.66140253    2.44435333    2.24148809    2.28960705    2.07044291    2.47205163    2.68335909    2.29264295    2.29256868    2.49963541    2.07524218    2.34292635
M2UL72_COCH5/34-464     2.20740831    2.08216465    2.26401253    2.10869239    2.17909745    1.97883131    2.05804465    2.01625682    2.24679530    2.19785447    2.28862762    2.21147806    2.16740439    2.29295267    3.44136015    3.31602529    2.12476326    2.06445504    1.46193995    1.66279098    1.71011048    1.69800416    1.63948946    1.66002837    1.62927194    1.66867415    1.60855278    1.58669101    1.52807972    1.61196089    1.39680076    1.36847928    1.35634886    0.67236362    0.00000000    0.35079474    1.65511452    1.85942034    1.66138686    1.57163314    1.57399941    1.67063756    1.78250703    1.80650258    1.71895573    1.73689281    1.77601309    2.46792588    2.61006033    2.44376002    2.43046497    2.38095634    2.44943974    2.59826669    2.25104950    2.14035340    2.21726174    2.26328681    2.57749192    2.75679031    2.37894007    2.27563429    2.60377080    2.14881154    2.36165735
E3RVV0_PYRTT/34-465     2.20472203    2.10499772    2.44883654    2.06685503    2.08474755    1.93275247    2.17790744    2.06957060    2.27793214    2.28018213    2.38897647    2.22968653    2.28442451    2.22869420    3.41192096    3.09709974    2.05931046    1.95312377    1.46323015    1.58930172    1.84297861    1.70372553    1.68012770    1.61930138    1.60369840    1.56372470    1.61350317    1.49436497    1.49405629    1.60389808    1.49327132    1.29557893    1.17069783    0.56827090    0.35079474    0.00000000    1.58354227    1.88251651    1.66207261    1.56910748    1.56368880    1.66473918    1.69224109    1.66442684    1.61823361    1.60992364    1.94618701    2.26794827    2.42933043    2.41588490    2.48136996    2.41203244    2.49571356    2.45743567    2.26137528    2.13938664    2.30123446    2.20417478    2.57526910    2.58895900    2.25519536    2.29190814    2.52797194    2.19901597    2.44852831
S3CJX5_GLAL2/24-474     2.23016540    2.23450494    2.32320733    2.34077123    2.25698095    1.96347744    2.10672692    2.29218938    2.08664237    2.28283580    2.07021472    2.14455715    2.39835642    2.10747381    3.39285551    3.34880541    2.22901653    2.43210459    1.56024558    1.48249282    1.54256089    1.49972923    1.34213262    1.30017880    1.26980419    1.52970464    1.33208315    1.43817822    1.48850851    1.52693711    1.55129772    1.55292903    1.36921540    1.58338368    1.65511452    1.58354227    0.00000000    1.24452132    1.03027135    1.09715023    1.49100258    1.35554946    1.56635318    1.53569597    1.34617202    1.38734230    1.68496246    2.29593779    2.73930261    2.44552399    2.39207814    2.41457919    2.69557100    2.69223930    2.46349056    2.34231640    2.17925310    2.32847089    2.69804600    2.96704914    2.48988312    2.41388711    2.74494561    2.38945143    2.33605930
A7EAK5_SCLS1/33-507     2.31888953    2.42631276    2.54333429    2.32836793    2.37107220    2.20348877    2.27908307    2.16177065    2.10836753    2.13309870    2.14268957    2.09807051    2.30599537    2.16064354    3.19852545    3.10340742    1.96002033    2.24156326    1.69206921    1.52230820    1.80822890    1.56980220    1.63252112    1.56268310    1.44591736    1.67071870    1.45620452    1.46630060    1.53421819    1.62731483    1.68606049    1.62572943    1.73087484    1.86960990    1.85942034    1.88251651    1.24452132    0.00000000    1.29463689    1.52825904    1.63488408    1.62068539    1.59395185    1.58768635    1.50684557    1.59499608    2.01367129    2.13299078    2.40089172    2.22473571    2.66171617    2.74145621    2.51625601    2.59129741    2.29800082    2.35913736    2.03604515    2.11929515    2.43531219    2.84777240    2.39234288    2.38935862    2.57246582    2.20093070    2.20981535
K1X394_MARBU/32-465     2.48945130    2.25269585    2.10595397    2.02091998    1.93214522    1.82777427    2.04710412    2.08059021    2.09446148    2.13396291    1.93639326    2.05311210    2.21923944    2.11567253    3.02287682    3.12530407    2.22423917    2.53611668    1.49378825    1.36824944    1.54713334    1.31371415    1.32159109    1.35725278    1.34103556    1.51083704    1.39173769    1.45403379    1.45903424    1.43927079    1.56718383    1.35994951    1.38179881    1.61967931    1.66138686    1.66207261    1.03027135    1.29463689    0.00000000    1.08520574    1.32284773    1.24889914    1.43454807    1.44552160    1.27835223    1.34920223    1.66937465    2.33935169    2.60124066    2.34853897    2.66557170    2.63668727    2.46073387    2.44010296    2.40538772    2.19524384    2.14418777    2.24763942    2.34669570    2.68876378    2.50351948    2.28269982    2.59170883    2.33290032    2.36553400
L8G5L1_PSED2/32-471     2.13313873    1.97530514    2.07811288    1.84417572    1.95308619    1.79185474    1.82774256    1.90908441    2.12335023    2.00028983    1.95438029    2.04953474    2.10353132    2.12483505    2.91002055    3.09115132    1.84577410    2.15296859    1.79177773    1.42703486    1.53238500    1.18717144    1.26104072    1.28542572    1.26603732    1.39172018    1.23210386    1.40463048    1.44197728    1.38275092    1.53970594    1.61096713    1.56362478    1.58057844    1.57163314    1.56910748    1.09715023    1.52825904    1.08520574    0.00000000    1.49951048    1.34627803    1.30250929    1.31911992    1.36878951    1.35186560    1.58153415    2.31217455    2.46739570    2.12856118    2.47876002    2.45772870    2.35357795    2.44150917    2.18147901    2.10445018    2.12396282    2.18592709    2.48404130    2.59984444    2.26378825    2.15197959    2.32073284    2.39581486    2.08113324
G2QSS8_THETT/19-514     2.21440977    1.90797998    2.20867689    2.15398919    1.93894835    1.89812983    2.07663966    2.06880973    2.30030340    2.09255032    2.10746629    2.09524675    2.17448653    2.01235778    3.01810963    2.83767218    2.01801122    1.98933375    1.55936282    1.52477373    1.77788810    1.45612094    1.57466117    1.53527916    1.52639028    1.58273532    1.53645513    1.51338039    1.61280714    1.64344720    1.62070949    1.39163982    1.47143879    1.74349350    1.57399941    1.56368880    1.49100258    1.63488408    1.32284773    1.49951048    0.00000000    1.11223462    0.92974305    0.91646896    1.08955831    1.03947604    1.62721911    2.51879597    2.29709617    2.10658208    2.38847244    2.39124309    2.34272710    2.48316023    2.28416255    2.08726760    2.29786410    2.14882976    2.43439101    2.74364911    2.41494673    2.31874980    2.36113419    2.06675195    2.31254505
E3QX54_COLGM/16-490     2.18891295    2.03573118    2.41963074    2.22587651    2.05603195    1.84747634    2.11762509    1.86195488    2.26257631    2.14516503    2.22598595    2.22629575    2.19055919    2.06772465    2.89738311    3.02102030    1.98837293    2.11611410    1.54969888    1.49657071    1.64186645    1.49869726    1.41110402    1.44110951    1.48078953    1.54858810    1.40074151    1.57083872    1.57525450    1.58895794    1.60285964    1.38789059    1.45412099    1.82025468    1.67063756    1.66473918    1.35554946    1.62068539    1.24889914    1.34627803    1.11223462    0.00000000    0.93386980    0.89797783    1.00813321    1.05078276    1.55089880    2.29094138    2.50942494    2.26251007    2.32411959    2.29679609    2.38190624    2.26717943    2.27793905    2.20221918    2.07172881    2.21224773    2.53718176    2.90605658    2.51951576    2.27740530    2.68350043    2.38726541    2.27964115
