49
Q2GBR1_NOVAD/633-665     0.00000000    0.60162277    2.32687828    2.28499619    2.31973740    2.25904229    2.03802064    2.34583842    2.26609953    2.12775077    2.41089364    2.97412667    2.39967759    2.83495652    2.28670616    2.91482443    2.52526106    1.76506144    2.26884350    2.01715577    2.81833888    2.29750105    1.97634305    3.02980160    2.16547667    2.06973979    2.45628669    2.61729536    2.07990451    2.18914284    3.55705415    3.49654016    2.73781839    2.17266463    2.41826033    3.02470923    2.45540632    2.53343369    2.16606758    5.06832225    5.80887348    3.44437345    2.05066720    1.98283473    2.08293325    2.26928135    2.43836736    2.23510585    1.59484937
B0RTJ5_XANCB/635-667     0.60162277    0.00000000    3.05401240    3.01281725    3.09468263    2.20828470    2.57275400    2.00791520    1.94617876    2.68533217    3.12990173    3.37530558    2.25374184    2.91729247    2.89246815    4.23780309    2.95885662    2.67676006    2.17818510    2.48973370    1.80089701    3.01868656    2.96611426    3.16784806    2.10767106    2.41006218    2.33336467    2.72643763    2.49189939    3.19270052    2.76632373    4.56675575    4.45568559    2.74431555    2.38220564    2.88717452    3.22878777    2.33227828    2.26810295    3.64598016    4.47459820    3.99125373    2.46139644    2.52572849    2.36717726    2.39708045    2.19141234    2.32635715    1.93175694
Q2NH69_METST/40-72     2.32687828    3.05401240    0.00000000    0.65145907    2.33446805    2.74180949    2.42146782    2.88811373    2.38064041    2.43878780    2.25504484    3.24389419    2.37326550    3.65227004    2.86975564    3.23407698    3.87219102    1.70715702    2.10864861    3.00294681    3.78729552    2.72441719    2.25666813    3.61537242    3.30065016    3.18680086    2.54594789    2.20825509    1.77709887    2.47394701    2.05732943    2.35955508    2.62837066    2.20274084    2.52769199    2.78866462    2.01689683    1.69267183    1.87726817    3.03224158    3.45246440    2.76831277    2.29247550    2.09758083    2.70220350    2.08369404    1.91848661    3.00612399    2.01563022
O26247_METTH/36-68     2.28499619    3.01281725    0.65145907    0.00000000    2.01883879    1.82603345    1.77433193    1.47357147    1.47577803    2.12173385    1.85676979    3.10518750    3.22648887    4.42395999    2.76889208    3.68109760    3.95778916    2.02206440    2.35995451    2.77115592    4.23810098    2.11426722    1.99305786    2.92872896    2.61351020    2.52421416    3.08692911    2.17103668    1.58955883    2.04801710    2.26988588    2.55272179    3.09153995    2.34424415    3.52137281    3.32658784    2.54569217    2.27709458    2.59183859    4.45193418    4.92518337    3.36985773    2.73150828    2.63588152    2.89002975    2.72438990    1.80668702    3.62926935    2.22518733
Q7LYX0_9CAUD/69-101     2.31973740    3.09468263    2.33446805    2.01883879    0.00000000    0.89766443    1.17060304    1.12601351    1.31612295    0.63440680    0.57367623    2.52519033    2.84416320    3.39328492    3.00566947    3.94273047    4.82937909    2.75252312    2.54722148    2.61384829    3.57600896    2.36419766    3.86007090    4.49563695    2.50370468    3.48547919    3.53581914    2.53088317    2.40926673    3.15701111    2.76041922    3.49061161    2.59197250    2.91875984    3.96102803    3.29938691    2.72619494    2.54983006    3.97343258    5.36618374    5.55838703    3.80579448    2.24376368    3.08543430    3.50947972    2.70912864    3.37938594    3.75851573    1.63338757
Q77WJ4_9CAUD/2-34     2.25904229    2.20828470    2.74180949    1.82603345    0.89766443    0.00000000    0.74534085    0.91564470    0.73129484    0.70474308    0.89600193    3.21073044    2.91833990    4.50237756    3.76404350    4.96249662    3.83164964    2.87567734    2.31236730    1.95005345    3.51882842    2.77960010    3.05290858    3.30274018    2.46556644    2.39985744    2.58813500    2.54736224    2.86815315    3.43858559    3.51955037    4.53288614    3.61340459    3.66707086    3.58509269    3.73240716    3.31330847    3.23673417    2.93251597    4.92650937    5.23429193    3.53280139    2.38098674    3.49100600    2.91781766    3.28352653    2.20095133    2.03633954    2.04329905
Q77WJ4_9CAUD/84-116     2.03802064    2.57275400    2.42146782    1.77433193    1.17060304    0.74534085    0.00000000    0.91242610    0.80992334    0.89965309    1.24275898    2.82568901    2.21057242    4.08561234    3.65717924    4.85707718    5.39160555    2.71388824    2.80466293    2.96555818    4.30812276    2.29769550    3.13375535    3.44279586    1.67262138    3.05307033    3.39484390    2.22962402    2.04882676    2.18836087    3.48101072    4.70394974    2.73523501    3.54921236    3.39833114    3.69710518    2.98939409    3.42786447    3.35548391    5.20596705    5.40883282    4.80887719    2.03631848    2.58979718    2.38500368    2.44322909    2.43867624    1.95113847    2.03424872
Q77WJ4_9CAUD/38-70     2.34583842    2.00791520    2.88811373    1.47357147    1.12601351    0.91564470    0.91242610    0.00000000    0.50583064    1.16509150    1.32480776    2.97975280    2.75347688    3.80676454    2.98559924    3.96259504    3.48041225    3.22616501    2.87924651    2.92070050    4.54812389    2.47900761    2.96780899    3.89677025    1.50910809    2.74457851    2.49488033    2.23782371    2.15497734    2.64231336    2.37665323    3.47149401    3.06673124    3.17212417    4.10116150    3.57695641    3.50915472    2.98845902    2.52444633    4.04736315    3.88671718    2.72978860    2.69512886    2.31211611    2.44030790    2.41211691    2.01884808    2.44349749    1.89317832
Q77WJ4_9CAUD/120-152     2.26609953    1.94617876    2.38064041    1.47577803    1.31612295    0.73129484    0.80992334    0.50583064    0.00000000    1.04878501    1.23797197    2.47473881    2.55136388    4.22651147    3.42341493    4.07963976    3.16172023    2.68165352    2.36736890    2.91324206    3.30134026    2.79919519    2.54329077    3.28392276    2.62465002    2.81422800    2.40353435    2.67527222    2.07529259    2.18941276    2.59583258    3.64043880    2.96903584    3.26944086    3.49845515    2.86004966    2.48375558    3.09669733    2.79294869    4.28701931    3.95544817    2.46333991    1.94272866    2.44801133    2.65819884    3.07871609    1.20727318    2.55730738    2.05026962
Q7LYX0_9CAUD/105-137     2.12775077    2.68533217    2.43878780    2.12173385    0.63440680    0.70474308    0.89965309    1.16509150    1.04878501    0.00000000    0.31931842    2.28186835    1.92282966    2.58430652    2.29746635    3.15242734    4.23921268    2.05186595    2.33567453    2.16898090    2.64922959    2.79095408    3.10558765    3.92129726    2.11162704    3.06066498    3.14879850    2.23097870    1.92527792    2.32106756    2.21160784    2.99071499    2.61435636    3.02443806    2.47718513    3.04223497    1.93462631    1.94503709    3.04837324    5.50042572    4.71224297    3.08941709    1.48932781    2.48733253    2.16312378    2.56823005    2.58503427    2.68343044    1.44061809
Q7LYX0_9CAUD/33-65     2.41089364    3.12990173    2.25504484    1.85676979    0.57367623    0.89600193    1.24275898    1.32480776    1.23797197    0.31931842    0.00000000    2.55082840    2.18443276    2.67193098    2.84326307    3.56541714    4.43947618    2.31583072    2.97706214    2.52287010    2.66789923    2.72406229    3.87762665    4.51225409    2.38702616    3.45823109    3.47310454    2.53977816    2.08899445    2.66604300    2.61359275    3.67702558    3.44417435    3.58204571    3.24175602    3.41511988    2.58426022    2.33761427    3.83178830    5.32053740    5.58772058    3.68566710    1.82639937    2.85516310    3.61280588    3.02520017    2.99987686    3.04898836    1.72370991
O26812_METTH/1723-1755     2.97412667    3.37530558    3.24389419    3.10518750    2.52519033    3.21073044    2.82568901    2.97975280    2.47473881    2.28186835    2.55082840    0.00000000    1.05747797    1.72496417    0.87999700    1.95823546    3.31179152    0.82538405    0.72729959    1.32710747    1.86171005    1.48940827    1.98309976    1.73341569    1.85412136    2.76046914    2.77133411    3.99608234    2.81210335    2.67519237    2.55403727    3.72670634    3.05661105    2.75930773    2.21836459    2.72581163    1.55609759    1.95033761    2.83931168    4.76058697    3.95820559    2.46596046    1.68888214    2.70067285    2.72015692    1.81489668    3.11537932    1.93428018    2.47058121
O26457_METTH/550-582     2.39967759    2.25374184    2.37326550    3.22648887    2.84416320    2.91833990    2.21057242    2.75347688    2.55136388    1.92282966    2.18443276    1.05747797    0.00000000    1.30488478    1.21752040    1.23857868    3.47244215    0.84287730    0.81336139    1.74459878    1.52885233    1.42246503    2.33257486    2.33514955    1.99819973    2.39961595    2.23188381    3.71863287    1.94231056    2.60397456    1.65179736    3.33728417    3.67089413    2.13373204    1.95669766    1.87432169    1.42869992    2.13490654    1.83122767    2.97737783    2.65205661    2.43723669    1.12094008    1.96294137    1.81683943    1.84459157    2.57959122    1.65502917    1.62497959
Q2NG85_METST/416-449     2.83495652    2.91729247    3.65227004    4.42395999    3.39328492    4.50237756    4.08561234    3.80676454    4.22651147    2.58430652    2.67193098    1.72496417    1.30488478    0.00000000    1.44839034    2.04242555    3.10972027    1.65445382    1.41015392    2.46686541    2.33643548    2.14009886    3.30408450    4.13984564    2.37557580    3.33403652    3.58029540    4.08153620    2.28100821    2.52921909    2.41123699    3.08363076    4.16682541    1.76454619    2.32963843    2.62574432    1.79230076    2.42913058    2.88079978    3.70885570    4.00964382    2.88901675    1.50877688    3.23751503    2.02558304    2.13206108    3.56121125    2.25099351    2.05384589
O26179_METTH/139-171     2.28670616    2.89246815    2.86975564    2.76889208    3.00566947    3.76404350    3.65717924    2.98559924    3.42341493    2.29746635    2.84326307    0.87999700    1.21752040    1.44839034    0.00000000    1.16983262    2.76150868    0.77350983    0.74289885    1.45908702    2.10111147    2.04019099    2.22372909    2.61395473    2.15361028    2.78444619    2.93726436    3.31947768    2.38891130    2.62445391    1.96359353    2.77878948    3.46873661    1.77627674    2.01027345    2.63796112    1.36642774    1.54128966    2.04672663    5.20042383    4.48874528    2.26289612    1.48531415    2.20296916    2.20680323    1.77416983    2.67813335    1.87585790    2.07188311
O26401_METTH/139-171     2.91482443    4.23780309    3.23407698    3.68109760    3.94273047    4.96249662    4.85707718    3.96259504    4.07963976    3.15242734    3.56541714    1.95823546    1.23857868    2.04242555    1.16983262    0.00000000    1.25483661    1.40975206    1.35570091    2.60695271    2.99880322    3.34979196    1.95001013    2.44369001    3.90696256    3.43812605    3.24640893    4.76596627    2.40017796    3.49928822    2.65054364    4.52500031    5.16823910    1.84091192    1.95497339    3.86851203    2.16369066    2.89218050    2.06562228    4.97311404    3.84380340    3.01843091    2.08360850    2.41763910    2.19129445    2.08759134    3.42411947    3.30811519    2.52611703
O26623_METTH/153-185     2.52526106    2.95885662    3.87219102    3.95778916    4.82937909    3.83164964    5.39160555    3.48041225    3.16172023    4.23921268    4.43947618    3.31179152    3.47244215    3.10972027    2.76150868    1.25483661    0.00000000    3.86417834    3.20797203    4.38807976    4.45762678    4.36079037    2.50984502    3.89186427    3.70405086    3.22693952    4.72001109    7.18598401    4.42510775    6.39916863    4.28353764    4.98792947    6.52094129    2.73054443    2.83012035    6.90654216    4.23219014    4.10113467    4.73360648    6.12193513    4.80766515    3.72075506    4.03559197    2.76001961    2.83123648    3.04985466    3.23871240    7.17286843    3.28427084
O26512_METTH/224-256     1.76506144    2.67676006    1.70715702    2.02206440    2.75252312    2.87567734    2.71388824    3.22616501    2.68165352    2.05186595    2.31583072    0.82538405    0.84287730    1.65445382    0.77350983    1.40975206    3.86417834    0.00000000    0.74630958    1.30796765    2.04999227    1.42047367    1.63511259    2.56658205    2.08488707    2.48520687    2.37817970    2.75258780    2.03108951    2.32083491    2.14518366    3.03626590    2.55991779    2.28743427    1.90273763    2.33234446    1.46611752    1.67282735    1.81972864    4.33179944    3.58060856    2.30682676    1.30837123    1.95269899    2.07833764    1.87350403    2.32921744    1.55728243    1.55852372
O26459_METTH/332-364     2.26884350    2.17818510    2.10864861    2.35995451    2.54722148    2.31236730    2.80466293    2.87924651    2.36736890    2.33567453    2.97706214    0.72729959    0.81336139    1.41015392    0.74289885    1.35570091    3.20797203    0.74630958    0.00000000    1.16609743    1.29898647    1.71526684    2.05264635    1.65213590    2.30663693    2.02226819    2.10521684    2.86988407    2.50386024    2.48881223    2.49944267    4.21035702    3.59402819    1.77636787    1.99641365    2.27483374    1.33840644    1.54951083    2.16059663    3.13894106    3.77225390    2.20980477    1.27957177    2.00694875    1.75821235    1.39699568    1.47673039    1.58383202    2.13188446
O26459_METTH/167-199     2.01715577    2.48973370    3.00294681    2.77115592    2.61384829    1.95005345    2.96555818    2.92070050    2.91324206    2.16898090    2.52287010    1.32710747    1.74459878    2.46686541    1.45908702    2.60695271    4.38807976    1.30796765    1.16609743    0.00000000    1.59998104    2.02375719    1.85543713    1.70898675    2.79650294    2.89547859    2.66701043    3.48477720    2.94449369    2.96389836    4.25080934    5.18530455    3.58056535    3.19760470    2.79193624    4.07263680    2.36373232    2.49757169    2.14164555    4.54025343    4.06823919    2.86870180    1.97061180    3.78568340    3.06514180    3.17428600    3.04027886    2.32152088    2.96884369
Q2NF92_METST/521-553     2.81833888    1.80089701    3.78729552    4.23810098    3.57600896    3.51882842    4.30812276    4.54812389    3.30134026    2.64922959    2.66789923    1.86171005    1.52885233    2.33643548    2.10111147    2.99880322    4.45762678    2.04999227    1.29898647    1.59998104    0.00000000    2.14730217    3.38652033    2.91087909    2.46867673    2.24150784    2.38462650    4.77638566    2.87641937    3.05789063    3.19140237    4.61672496    3.80731462    2.54885552    2.51639470    2.74190849    2.20835427    3.51286787    2.70687534    3.22752249    3.93388098    2.27416991    1.98974276    3.72078441    4.36392008    3.82194566    2.19546829    2.40571905    2.78279397
O26886_METTH/137-169     2.29750105    3.01868656    2.72441719    2.11426722    2.36419766    2.77960010    2.29769550    2.47900761    2.79919519    2.79095408    2.72406229    1.48940827    1.42246503    2.14009886    2.04019099    3.34979196    4.36079037    1.42047367    1.71526684    2.02375719    2.14730217    0.00000000    2.09117537    1.75728645    2.61026185    3.30365986    2.29890133    4.04109931    3.28470508    2.95347573    3.09787984    3.44896050    2.99952499    2.78665090    3.32309849    3.28015780    2.62277498    2.45009498    3.19858495    4.59219060    3.87763875    3.42203792    2.83045042    3.18155317    2.85408966    2.71148340    3.08608785    2.50744156    2.47535024
O26939_METTH/524-558     1.97634305    2.96611426    2.25666813    1.99305786    3.86007090    3.05290858    3.13375535    2.96780899    2.54329077    3.10558765    3.87762665    1.98309976    2.33257486    3.30408450    2.22372909    1.95001013    2.50984502    1.63511259    2.05264635    1.85543713    3.38652033    2.09117537    0.00000000    1.22394633    2.02568336    1.79346930    2.25320156    2.16823470    2.72388670    2.37636707    3.24763542    2.41746727    2.21131387    1.71397460    2.90173453    3.47075057    2.47405759    2.60334766    2.76826197    5.73197644    4.42348271    2.78030028    3.60497013    2.62128111    3.04185577    2.53170663    2.70509759    3.74186860    2.16902635
O26220_METTH/304-338     3.02980160    3.16784806    3.61537242    2.92872896    4.49563695    3.30274018    3.44279586    3.89677025    3.28392276    3.92129726    4.51225409    1.73341569    2.33514955    4.13984564    2.61395473    2.44369001    3.89186427    2.56658205    1.65213590    1.70898675    2.91087909    1.75728645    1.22394633    0.00000000    4.44292143    2.60459208    2.61509663    4.15349982    3.57571979    3.14825975    4.15529796    4.79431147    3.33286720    2.63891701    2.27238032    3.62566870    2.79930820    3.22514559    2.63521848    3.23813613    2.80654334    3.55272546    3.30952425    3.32969713    2.97864281    3.14571933    2.54168948    2.56113694    3.08850468
O26247_METTH/3-35     2.16547667    2.10767106    3.30065016    2.61351020    2.50370468    2.46556644    1.67262138    1.50910809    2.62465002    2.11162704    2.38702616    1.85412136    1.99819973    2.37557580    2.15361028    3.90696256    3.70405086    2.08488707    2.30663693    2.79650294    2.46867673    2.61026185    2.02568336    4.44292143    0.00000000    1.66537156    2.86685489    2.55311299    2.37806742    2.73463590    2.34389427    2.82300603    2.56691521    2.45026797    3.30825884    2.64730702    2.07036589    2.47111856    2.95547293    3.32994018    3.27792753    2.29382459    2.82559816    2.00642719    2.73795143    2.27642121    4.52482596    2.02530060    1.64447334
Q2NH69_METST/7-39     2.06973979    2.41006218    3.18680086    2.52421416    3.48547919    2.39985744    3.05307033    2.74457851    2.81422800    3.06066498    3.45823109    2.76046914    2.39961595    3.33403652    2.78444619    3.43812605    3.22693952    2.48520687    2.02226819    2.89547859    2.24150784    3.30365986    1.79346930    2.60459208    1.66537156    0.00000000    2.13693434    2.14497718    2.00549158    2.23576364    2.70345481    2.67767392    2.77297550    2.33535869    3.05313250    2.22365527    2.26397056    2.42976253    2.96780166    4.03958244    3.35491842    2.15660051    2.29933126    3.68474376    3.32546636    3.04904503    2.63938310    2.03757502    1.62549993
O26179_METTH/30-62     2.45628669    2.33336467    2.54594789    3.08692911    3.53581914    2.58813500    3.39484390    2.49488033    2.40353435    3.14879850    3.47310454    2.77133411    2.23188381    3.58029540    2.93726436    3.24640893    4.72001109    2.37817970    2.10521684    2.66701043    2.38462650    2.29890133    2.25320156    2.61509663    2.86685489    2.13693434    0.00000000    2.09458905    1.91647087    2.19631736    2.93341830    2.63665246    3.28019869    2.01807065    1.77364526    2.98907051    3.06977124    3.12012073    1.71639038    2.54998289    2.12516418    2.03757320    2.16553841    2.24358806    1.62015469    1.65653276    1.79549460    1.48022409    1.61819125
O26886_METTH/104-136     2.61729536    2.72643763    2.20825509    2.17103668    2.53088317    2.54736224    2.22962402    2.23782371    2.67527222    2.23097870    2.53977816    3.99608234    3.71863287    4.08153620    3.31947768    4.76596627    7.18598401    2.75258780    2.86988407    3.48477720    4.77638566    4.04109931    2.16823470    4.15349982    2.55311299    2.14497718    2.09458905    0.00000000    2.01693334    2.04703408    1.98666883    2.75720842    2.25439392    2.16811867    2.39549991    1.97110549    1.83016141    2.17014730    1.50069290    2.60045250    3.22199909    2.68050816    2.24026751    2.19285178    1.92316527    1.59505128    2.06123003    1.94755407    1.34622215
O26623_METTH/117-149     2.07990451    2.49189939    1.77709887    1.58955883    2.40926673    2.86815315    2.04882676    2.15497734    2.07529259    1.92527792    2.08899445    2.81210335    1.94231056    2.28100821    2.38891130    2.40017796    4.42510775    2.03108951    2.50386024    2.94449369    2.87641937    3.28470508    2.72388670    3.57571979    2.37806742    2.00549158    1.91647087    2.01693334    0.00000000    0.48783088    0.93670245    2.01137119    2.13839428    1.35869292    1.62760250    1.31138797    1.27808535    1.52665531    1.32910431    3.14664464    2.49392492    2.44711285    1.35977273    1.83307639    1.82952851    2.17574586    2.31775230    1.78837903    1.12013287
O26401_METTH/103-135     2.18914284    3.19270052    2.47394701    2.04801710    3.15701111    3.43858559    2.18836087    2.64231336    2.18941276    2.32106756    2.66604300    2.67519237    2.60397456    2.52921909    2.62445391    3.49928822    6.39916863    2.32083491    2.48881223    2.96389836    3.05789063    2.95347573    2.37636707    3.14825975    2.73463590    2.23576364    2.19631736    2.04703408    0.48783088    0.00000000    1.45801551    2.63234968    1.72953887    1.44472847    2.07027179    1.34042419    1.43549287    1.63403969    1.98261404    4.88781706    3.22801356    2.34080232    1.63821166    2.18560279    2.34068281    2.66728925    2.16521300    2.15530278    1.38982852
O26179_METTH/106-138     3.55705415    2.76632373    2.05732943    2.26988588    2.76041922    3.51955037    3.48101072    2.37665323    2.59583258    2.21160784    2.61359275    2.55403727    1.65179736    2.41123699    1.96359353    2.65054364    4.28353764    2.14518366    2.49944267    4.25080934    3.19140237    3.09787984    3.24763542    4.15529796    2.34389427    2.70345481    2.93341830    1.98666883    0.93670245    1.45801551    0.00000000    1.57538257    1.87996488    0.92501014    1.83600329    0.82755027    0.85985116    0.95375000    1.40266461    2.91012656    2.57316274    2.12262482    1.29816396    2.23282103    2.07757891    2.40528823    2.60914748    2.18652924    1.28469866
Q2NG85_METST/383-415     3.49654016    4.56675575    2.35955508    2.55272179    3.49061161    4.53288614    4.70394974    3.47149401    3.64043880    2.99071499    3.67702558    3.72670634    3.33728417    3.08363076    2.77878948    4.52500031    4.98792947    3.03626590    4.21035702    5.18530455    4.61672496    3.44896050    2.41746727    4.79431147    2.82300603    2.67767392    2.63665246    2.75720842    2.01137119    2.63234968    1.57538257    0.00000000    1.61276430    1.13816063    2.21502409    2.33891591    1.46762699    1.66993063    2.92866111    3.65245563    3.21470545    2.44780450    3.38908282    2.97097404    3.41040427    3.09260679    4.05299764    4.55893501    1.84241234
O26220_METTH/271-303     2.73781839    4.45568559    2.62837066    3.09153995    2.59197250    3.61340459    2.73523501    3.06673124    2.96903584    2.61435636    3.44417435    3.05661105    3.67089413    4.16682541    3.46873661    5.16823910    6.52094129    2.55991779    3.59402819    3.58056535    3.80731462    2.99952499    2.21131387    3.33286720    2.56691521    2.77297550    3.28019869    2.25439392    2.13839428    1.72953887    1.87996488    1.61276430    0.00000000    1.79136468    2.92229374    1.34333896    1.49976959    1.85720739    2.65417972    2.18208812    1.66847824    2.26691512    2.57739513    2.54307543    3.45336377    2.91771432    2.81835418    3.93438374    1.44371693
O26457_METTH/517-549     2.17266463    2.74431555    2.20274084    2.34424415    2.91875984    3.66707086    3.54921236    3.17212417    3.26944086    3.02443806    3.58204571    2.75930773    2.13373204    1.76454619    1.77627674    1.84091192    2.73054443    2.28743427    1.77636787    3.19760470    2.54885552    2.78665090    1.71397460    2.63891701    2.45026797    2.33535869    2.01807065    2.16811867    1.35869292    1.44472847    0.92501014    1.13816063    1.79136468    0.00000000    1.26573360    1.13413262    0.85060705    1.38933303    1.57520353    3.22041890    4.04975588    2.28381066    1.92311964    2.18556173    2.20490102    2.16552845    2.58832081    2.80727443    1.62909466
Q2NID0_METST/649-681     2.41826033    2.38220564    2.52769199    3.52137281    3.96102803    3.58509269    3.39833114    4.10116150    3.49845515    2.47718513    3.24175602    2.21836459    1.95669766    2.32963843    2.01027345    1.95497339    2.83012035    1.90273763    1.99641365    2.79193624    2.51639470    3.32309849    2.90173453    2.27238032    3.30825884    3.05313250    1.77364526    2.39549991    1.62760250    2.07027179    1.83600329    2.21502409    2.92229374    1.26573360    0.00000000    1.97071680    1.21748279    1.96234671    1.42458470    2.66759347    2.36594199    1.93974577    1.78893822    2.27116292    1.84465121    1.95045840    3.12322857    1.77767603    1.95090492
O26459_METTH/299-331     3.02470923    2.88717452    2.78866462    3.32658784    3.29938691    3.73240716    3.69710518    3.57695641    2.86004966    3.04223497    3.41511988    2.72581163    1.87432169    2.62574432    2.63796112    3.86851203    6.90654216    2.33234446    2.27483374    4.07263680    2.74190849    3.28015780    3.47075057    3.62566870    2.64730702    2.22365527    2.98907051    1.97110549    1.31138797    1.34042419    0.82755027    2.33891591    1.34333896    1.13413262    1.97071680    0.00000000    0.75761784    1.33497147    1.48059534    2.73661558    1.91481773    1.72619924    1.24428022    3.09395198    2.61211311    2.81875447    2.09067915    1.68017769    1.29179913
O26512_METTH/191-223     2.45540632    3.22878777    2.01689683    2.54569217    2.72619494    3.31330847    2.98939409    3.50915472    2.48375558    1.93462631    2.58426022    1.55609759    1.42869992    1.79230076    1.36642774    2.16369066    4.23219014    1.46611752    1.33840644    2.36373232    2.20835427    2.62277498    2.47405759    2.79930820    2.07036589    2.26397056    3.06977124    1.83016141    1.27808535    1.43549287    0.85985116    1.46762699    1.49976959    0.85060705    1.21748279    0.75761784    0.00000000    0.93405352    1.78587858    3.80888693    2.56851959    1.74074126    1.06762443    2.23333427    3.07577310    2.70464235    2.32266385    1.91433256    1.26508443
O26812_METTH/1690-1721     2.53343369    2.33227828    1.69267183    2.27709458    2.54983006    3.23673417    3.42786447    2.98845902    3.09669733    1.94503709    2.33761427    1.95033761    2.13490654    2.42913058    1.54128966    2.89218050    4.10113467    1.67282735    1.54951083    2.49757169    3.51286787    2.45009498    2.60334766    3.22514559    2.47111856    2.42976253    3.12012073    2.17014730    1.52665531    1.63403969    0.95375000    1.66993063    1.85720739    1.38933303    1.96234671    1.33497147    0.93405352    0.00000000    2.70717686    3.84610116    3.41845208    2.26601345    1.69029244    2.46391399    2.20465142    2.92196339    3.08070015    2.66476190    1.65281803
O26886_METTH/33-65     2.16606758    2.26810295    1.87726817    2.59183859    3.97343258    2.93251597    3.35548391    2.52444633    2.79294869    3.04837324    3.83178830    2.83931168    1.83122767    2.88079978    2.04672663    2.06562228    4.73360648    1.81972864    2.16059663    2.14164555    2.70687534    3.19858495    2.76826197    2.63521848    2.95547293    2.96780166    1.71639038    1.50069290    1.32910431    1.98261404    1.40266461    2.92866111    2.65417972    1.57520353    1.42458470    1.48059534    1.78587858    2.70717686    0.00000000    1.80642392    1.44400495    1.77236488    1.44547556    1.37657271    1.71812025    2.03060760    1.48359348    1.33226240    1.70986884
Q2NF92_METST/666-698     5.06832225    3.64598016    3.03224158    4.45193418    5.36618374    4.92650937    5.20596705    4.04736315    4.28701931    5.50042572    5.32053740    4.76058697    2.97737783    3.70885570    5.20042383    4.97311404    6.12193513    4.33179944    3.13894106    4.54025343    3.22752249    4.59219060    5.73197644    3.23813613    3.32994018    4.03958244    2.54998289    2.60045250    3.14664464    4.88781706    2.91012656    3.65245563    2.18208812    3.22041890    2.66759347    2.73661558    3.80888693    3.84610116    1.80642392    0.00000000    0.53766291    1.67515365    2.23010009    2.28954429    1.99766268    2.61022314    2.53504981    1.70640865    2.86316288
Q2NF92_METST/416-448     5.80887348    4.47459820    3.45246440    4.92518337    5.55838703    5.23429193    5.40883282    3.88671718    3.95544817    4.71224297    5.58772058    3.95820559    2.65205661    4.00964382    4.48874528    3.84380340    4.80766515    3.58060856    3.77225390    4.06823919    3.93388098    3.87763875    4.42348271    2.80654334    3.27792753    3.35491842    2.12516418    3.22199909    2.49392492    3.22801356    2.57316274    3.21470545    1.66847824    4.04975588    2.36594199    1.91481773    2.56851959    3.41845208    1.44400495    0.53766291    0.00000000    1.99905082    2.06400423    2.74276151    2.43120352    3.26620333    2.86334508    1.69211278    2.20653224
O26459_METTH/223-255     3.44437345    3.99125373    2.76831277    3.36985773    3.80579448    3.53280139    4.80887719    2.72978860    2.46333991    3.08941709    3.68566710    2.46596046    2.43723669    2.88901675    2.26289612    3.01843091    3.72075506    2.30682676    2.20980477    2.86870180    2.27416991    3.42203792    2.78030028    3.55272546    2.29382459    2.15660051    2.03757320    2.68050816    2.44711285    2.34080232    2.12262482    2.44780450    2.26691512    2.28381066    1.93974577    1.72619924    1.74074126    2.26601345    1.77236488    1.67515365    1.99905082    0.00000000    1.35768691    1.59448979    1.60087182    1.89732710    1.65928614    1.10390798    1.77358365
O26457_METTH/447-479     2.05066720    2.46139644    2.29247550    2.73150828    2.24376368    2.38098674    2.03631848    2.69512886    1.94272866    1.48932781    1.82639937    1.68888214    1.12094008    1.50877688    1.48531415    2.08360850    4.03559197    1.30837123    1.27957177    1.97061180    1.98974276    2.83045042    3.60497013    3.30952425    2.82559816    2.29933126    2.16553841    2.24026751    1.35977273    1.63821166    1.29816396    3.38908282    2.57739513    1.92311964    1.78893822    1.24428022    1.06762443    1.69029244    1.44547556    2.23010009    2.06400423    1.35768691    0.00000000    1.59781875    1.08504582    1.24437504    1.14216820    1.00817022    1.46428412
O26512_METTH/116-148     1.98283473    2.52572849    2.09758083    2.63588152    3.08543430    3.49100600    2.58979718    2.31211611    2.44801133    2.48733253    2.85516310    2.70067285    1.96294137    3.23751503    2.20296916    2.41763910    2.76001961    1.95269899    2.00694875    3.78568340    3.72078441    3.18155317    2.62128111    3.32969713    2.00642719    3.68474376    2.24358806    2.19285178    1.83307639    2.18560279    2.23282103    2.97097404    2.54307543    2.18556173    2.27116292    3.09395198    2.23333427    2.46391399    1.37657271    2.28954429    2.74276151    1.59448979    1.59781875    0.00000000    1.37114328    1.70107740    1.82851923    2.59562395    2.07726888
O26812_METTH/1613-1645     2.08293325    2.36717726    2.70220350    2.89002975    3.50947972    2.91781766    2.38500368    2.44030790    2.65819884    2.16312378    3.61280588    2.72015692    1.81683943    2.02558304    2.20680323    2.19129445    2.83123648    2.07833764    1.75821235    3.06514180    4.36392008    2.85408966    3.04185577    2.97864281    2.73795143    3.32546636    1.62015469    1.92316527    1.82952851    2.34068281    2.07757891    3.41040427    3.45336377    2.20490102    1.84465121    2.61211311    3.07577310    2.20465142    1.71812025    1.99766268    2.43120352    1.60087182    1.08504582    1.37114328    0.00000000    0.36433827    1.40530599    1.52837993    1.73752416
O26815_METTH/432-464     2.26928135    2.39708045    2.08369404    2.72438990    2.70912864    3.28352653    2.44322909    2.41211691    3.07871609    2.56823005    3.02520017    1.81489668    1.84459157    2.13206108    1.77416983    2.08759134    3.04985466    1.87350403    1.39699568    3.17428600    3.82194566    2.71148340    2.53170663    3.14571933    2.27642121    3.04904503    1.65653276    1.59505128    2.17574586    2.66728925    2.40528823    3.09260679    2.91771432    2.16552845    1.95045840    2.81875447    2.70464235    2.92196339    2.03060760    2.61022314    3.26620333    1.89732710    1.24437504    1.70107740    0.36433827    0.00000000    1.50048675    1.91195074    1.78799864
O26459_METTH/67-99     2.43836736    2.19141234    1.91848661    1.80668702    3.37938594    2.20095133    2.43867624    2.01884808    1.20727318    2.58503427    2.99987686    3.11537932    2.57959122    3.56121125    2.67813335    3.42411947    3.23871240    2.32921744    1.47673039    3.04027886    2.19546829    3.08608785    2.70509759    2.54168948    4.52482596    2.63938310    1.79549460    2.06123003    2.31775230    2.16521300    2.60914748    4.05299764    2.81835418    2.58832081    3.12322857    2.09067915    2.32266385    3.08070015    1.48359348    2.53504981    2.86334508    1.65928614    1.14216820    1.82851923    1.40530599    1.50048675    0.00000000    1.54967675    1.24307643
Q2NG85_METST/311-343     2.23510585    2.32635715    3.00612399    3.62926935    3.75851573    2.03633954    1.95113847    2.44349749    2.55730738    2.68343044    3.04898836    1.93428018    1.65502917    2.25099351    1.87585790    3.30811519    7.17286843    1.55728243    1.58383202    2.32152088    2.40571905    2.50744156    3.74186860    2.56113694    2.02530060    2.03757502    1.48022409    1.94755407    1.78837903    2.15530278    2.18652924    4.55893501    3.93438374    2.80727443    1.77767603    1.68017769    1.91433256    2.66476190    1.33226240    1.70640865    1.69211278    1.10390798    1.00817022    2.59562395    1.52837993    1.91195074    1.54967675    0.00000000    1.54500334
O26939_METTH/491-523     1.59484937    1.93175694    2.01563022    2.22518733    1.63338757    2.04329905    2.03424872    1.89317832    2.05026962    1.44061809    1.72370991    2.47058121    1.62497959    2.05384589    2.07188311    2.52611703    3.28427084    1.55852372    2.13188446    2.96884369    2.78279397    2.47535024    2.16902635    3.08850468    1.64447334    1.62549993    1.61819125    1.34622215    1.12013287    1.38982852    1.28469866    1.84241234    1.44371693    1.62909466    1.95090492    1.29179913    1.26508443    1.65281803    1.70986884    2.86316288    2.20653224    1.77358365    1.46428412    2.07726888    1.73752416    1.78799864    1.24307643    1.54500334    0.00000000

