19
Q8KF72_CHLTE/2-145     0.00000000    1.67517088    1.52339404    1.18412963    1.46188726    1.37538316    1.31717423    1.25335896    1.16300373    1.61535156    1.52478691    1.76518387    2.17423555    1.82217078    1.67416493    1.90850746    2.12869903    1.47697405    1.40654234
Q0VR67_ALCBS/4-147     1.67517088    0.00000000    1.62745614    1.91935778    1.88220636    1.70722366    1.73196745    1.79799159    1.61720931    2.01050095    2.04539884    1.96149698    1.93788051    2.08196943    2.01829135    2.07292541    2.23042027    2.30547629    1.76958699
A8EUS1_ARCB4/2-146     1.52339404    1.62745614    0.00000000    1.78262565    1.83735635    1.99670677    1.62585929    2.18953961    1.49820379    2.08921636    1.99951301    1.89230955    1.99851387    2.07467023    1.88200058    1.87814478    2.35960072    1.72750766    1.89639356
A4VGC5_PSEU5/20-165     1.18412963    1.91935778    1.78262565    0.00000000    1.41213285    1.29000017    1.52733898    1.37272164    1.09029465    1.64970455    1.93543630    1.94061154    1.91728533    2.04291145    1.91187034    1.78206904    1.92485008    1.61711249    1.66218924
M1FIZ7_9ALTE/5-153     1.46188726    1.88220636    1.83735635    1.41213285    0.00000000    1.16789315    1.55098263    1.52661859    1.23610468    2.02411202    2.08632116    2.06753258    2.11238589    1.89433497    2.15558584    1.97352851    2.31172324    1.66371285    2.05024274
Q2IJU8_ANADE/3-146     1.37538316    1.70722366    1.99670677    1.29000017    1.16789315    0.00000000    1.16317567    1.03576322    1.26606263    1.92989409    1.75991811    2.01417203    2.09208818    1.78707520    1.86566664    1.93839840    2.02331287    1.75038222    1.75005925
Q8YKV8_NOSS1/3-146     1.31717423    1.73196745    1.62585929    1.52733898    1.55098263    1.16317567    0.00000000    1.06403441    1.57104753    1.86474265    1.89815327    1.77001713    1.60754682    1.89357057    2.03468783    2.14119717    2.12372790    1.91830390    1.79863155
A4G1B4_HERAR/8-151     1.25335896    1.79799159    2.18953961    1.37272164    1.52661859    1.03576322    1.06403441    0.00000000    1.37924580    2.22054230    1.82966725    2.03567160    2.16338948    2.06977660    2.26101035    2.31723863    2.55962213    2.06593854    1.90970317
Q2SMS7_HAHCH/7-151     1.16300373    1.61720931    1.49820379    1.09029465    1.23610468    1.26606263    1.57104753    1.37924580    0.00000000    1.50589621    1.51436590    1.75802799    1.65199799    1.57872467    1.68960932    1.57415315    1.70759178    1.32865427    1.60365350
A0KEZ4_AERHH/156-294     1.61535156    2.01050095    2.08921636    1.64970455    2.02411202    1.92989409    1.86474265    2.22054230    1.50589621    0.00000000    1.22230375    1.23141458    1.29046629    1.18937260    1.13228820    1.11975291    1.09127647    1.04437492    1.06828647
A1SB47_SHEAM/8-146     1.52478691    2.04539884    1.99951301    1.93543630    2.08632116    1.75991811    1.89815327    1.82966725    1.51436590    1.22230375    0.00000000    0.59536941    0.73164220    1.36114004    1.25159941    1.30802065    1.23116496    1.22202892    1.17638395
Q088W9_SHEFN/19-157     1.76518387    1.96149698    1.89230955    1.94061154    2.06753258    2.01417203    1.77001713    2.03567160    1.75802799    1.23141458    0.59536941    0.00000000    0.63124921    1.25507787    1.26586152    1.39452220    1.27742652    1.24064360    1.27120106
Q12IK5_SHEDO/30-189     2.17423555    1.93788051    1.99851387    1.91728533    2.11238589    2.09208818    1.60754682    2.16338948    1.65199799    1.29046629    0.73164220    0.63124921    0.00000000    1.38015477    1.43890967    1.41863487    1.31721351    1.32009941    1.15918201
Q7N9S1_PHOLL/158-298     1.82217078    2.08196943    2.07467023    2.04291145    1.89433497    1.78707520    1.89357057    2.06977660    1.57872467    1.18937260    1.36114004    1.25507787    1.38015477    0.00000000    0.83453743    0.93380458    0.82260213    1.01568159    1.18488587
Q9KNJ8_VIBCH/159-298     1.67416493    2.01829135    1.88200058    1.91187034    2.15558584    1.86566664    2.03468783    2.26101035    1.68960932    1.13228820    1.25159941    1.26586152    1.43890967    0.83453743    0.00000000    0.58101689    0.62741270    0.95641514    1.01372119
Q5E8P9_ALIF1/157-298     1.90850746    2.07292541    1.87814478    1.78206904    1.97352851    1.93839840    2.14119717    2.31723863    1.57415315    1.11975291    1.30802065    1.39452220    1.41863487    0.93380458    0.58101689    0.00000000    0.55439967    0.84830623    1.01734697
Q6LLS0_PHOPR/157-297     2.12869903    2.23042027    2.35960072    1.92485008    2.31172324    2.02331287    2.12372790    2.55962213    1.70759178    1.09127647    1.23116496    1.27742652    1.31721351    0.82260213    0.62741270    0.55439967    0.00000000    1.04731067    1.13535515
Q5QV31_IDILO/157-297     1.47697405    2.30547629    1.72750766    1.61711249    1.66371285    1.75038222    1.91830390    2.06593854    1.32865427    1.04437492    1.22202892    1.24064360    1.32009941    1.01568159    0.95641514    0.84830623    1.04731067    0.00000000    0.92316030
Q3IJ40_PSET1/157-297     1.40654234    1.76958699    1.89639356    1.66218924    2.05024274    1.75005925    1.79863155    1.90970317    1.60365350    1.06828647    1.17638395    1.27120106    1.15918201    1.18488587    1.01372119    1.01734697    1.13535515    0.92316030    0.00000000

