141
Q3ASR9_CHLCH/12-61     0.00000000    0.24912378    0.72537166    0.93863181    1.35058005    1.44470544    1.60323243    2.35305468    1.54017737    2.36350362    4.06631309    2.99079680    2.66476106    2.68789773    3.22667133    3.23793802    3.73524617    3.40611105    2.65979402    2.91303645    2.87781776    2.56753886    2.90991689    3.04549362    2.73793385    2.62514884    3.56140793    2.76300514    3.55123317    2.67665453    2.35895200    3.23191590    3.14538595    3.61114144    2.22688075    3.06804296    2.09478004    2.62710708    3.11313890    2.78711522    2.89010905    2.69819011    2.62657956    2.68836625    2.81814893    2.48351929    2.40888106    2.27860339    2.62009763    1.87516050    2.48651636    3.32461322    2.32224739    2.32774867    2.20046226    2.30961526    2.09229510    2.64884352    2.61527819    3.05030633    2.65618463    2.75557701    3.05452314    2.10554064    2.62339699    2.85968229    2.40095414    2.72247630    2.33923142    2.37557844    2.40237545    2.73515942    3.23722099    2.68712660    2.79577627    3.06126583    3.29325126    2.65587374    1.99413579    2.32575816    1.83524181    1.75731928    2.14058912    1.77255355    1.80205589    2.45987866    2.54277787    2.06697002    1.57236903    1.84598891    1.87176736    1.47860838    1.63499339    2.09511255    2.36750016    2.07732147    1.52007202    1.94057655    1.79565479    1.56570128    1.87449999    1.85595803    2.01585282    1.70352048    1.53270517    1.80995297    1.82793173    2.09299621    2.73227655    2.40941371    2.15223836    2.03719077    2.44614986    1.98733430    1.77291943    1.45696522    1.88923346    2.37973543    1.83018400    1.82238462    1.59905088    1.89298844    1.72079216    1.71017831    2.13330102    1.78898499    2.43275728    1.68611156    1.94982389    2.50729098    2.40745383    2.23190476    2.33769234    1.90683403    2.19377544    2.56109048    2.18666630    1.37496651    1.54871628    1.68431850    1.96708520
B4SDI2_PELPB/11-62     0.24912378    0.00000000    0.76309312    1.16416126    1.59749636    1.43243950    1.66415674    2.43319550    1.69289707    2.56923087    3.73913542    2.84374665    2.99660308    2.96343889    3.30430317    3.14960033    3.92204052    3.28199979    2.86340189    2.86716970    2.85053321    2.71556349    2.85654079    2.89869407    2.80598464    2.65132453    3.48784070    3.02340304    3.87235426    3.03978521    2.48762434    3.42007616    3.77993575    3.61033143    1.96225163    2.69854386    1.96219875    2.51782396    3.51912127    2.71281841    2.72351053    2.68487436    3.02287589    2.73711187    2.57735226    3.20413947    2.40979093    2.47736622    2.01122642    2.06228296    2.72377927    2.87542673    2.41334064    2.97869586    2.70046871    2.51248613    2.71030898    2.75810763    2.78477621    2.79288560    3.14005470    3.34580498    3.58245064    2.20826779    2.66838289    3.22626924    2.14516590    2.53828240    2.42110879    2.72710462    2.82408076    2.60182527    3.78309887    2.40975166    2.99371952    3.02184571    2.77803160    2.56536648    2.21207380    2.36759519    1.83455500    2.04244191    2.04526922    1.68537198    1.91639186    2.75105890    2.71372851    2.17698171    1.62153336    2.05726092    2.06222186    1.49009085    1.86945479    2.20774334    2.33201396    2.65993947    1.98817398    1.97562223    1.91592208    1.67033447    1.93734652    2.01580153    2.33182342    1.86399746    1.61101311    1.99170429    1.95176691    2.38465203    2.67966835    2.37283856    2.21743498    2.17286468    2.40362060    1.99445955    1.92224905    1.53621778    2.14551548    2.20935963    1.70681166    2.01586581    1.72447975    1.90453585    1.90173909    1.79056738    1.98842431    1.85815848    2.28205729    1.72139774    1.93173801    2.58002249    2.44533523    2.60436411    2.20992392    1.88558289    2.14592639    2.31196724    2.21405857    1.31602848    1.65396309    1.81339237    2.09875582
Q8KCA2_CHLTE/15-67     0.72537166    0.76309312    0.00000000    1.55782985    2.00405843    1.65381298    1.52405792    2.19341788    1.39742988    2.19956280    2.92070388    2.31637007    2.76999521    2.95372556    3.25846937    3.37138625    3.48971949    3.28587034    2.62045039    2.44891511    2.46660964    2.55284190    2.72971809    2.55702127    2.19720437    2.70724114    2.62074514    2.51774347    3.15288306    2.35888830    2.27857855    2.97013673    3.31822007    2.67655734    1.83182366    2.45988584    2.06650882    2.70423540    3.62527197    2.68655276    2.95342188    2.53078568    2.86919327    2.88571429    2.74971940    2.45673097    2.44666304    2.24235111    2.41422507    2.03409665    2.91904265    2.63257854    2.45072354    2.65871026    2.41784614    3.10088204    2.82050284    3.35416698    2.81678398    2.78689542    2.53958981    2.81950373    2.88098690    2.70303604    2.69962523    3.15885488    2.76495147    2.44566454    2.14044485    2.46196544    2.96715213    2.85768422    2.60899731    2.21154729    2.54154596    2.89990548    2.76210150    2.43545757    1.79831703    2.26228627    2.18974050    1.98187001    2.36906945    1.95384185    1.84268318    2.32323975    2.04492730    1.78472553    1.76367953    1.89856527    1.80090970    1.69820201    1.87106067    2.31549795    2.15968449    1.79370901    2.04347065    1.75615102    1.86479045    1.98308196    2.15692204    1.65684251    1.93247370    2.30496218    2.00348368    1.67731274    1.76828082    1.67471497    2.49721160    2.13315799    2.35311628    1.60575877    2.07205232    1.90558010    1.72992174    1.67694484    1.81520598    1.84025100    1.76163371    2.14869426    1.82152053    1.52699164    1.90874510    1.83806083    1.99206550    1.91807702    2.11973468    1.87788482    1.83358005    2.30007227    2.99898419    2.36968377    2.91777975    1.93878252    1.93067843    2.33668192    1.84274181    1.59081086    1.71469017    2.09609252    2.20818050
D5C3X8_NITHN/14-67     0.93863181    1.16416126    1.55782985    0.00000000    0.66179902    1.56692790    1.54726910    2.38599565    1.39245304    2.34272289    3.43960218    3.41452763    2.87246641    2.76616126    3.01949313    3.63825730    3.79257209    4.32662382    3.24858196    2.68348706    2.81837654    2.40941029    2.96865314    3.13190838    1.99487062    2.53811779    3.67392446    2.38240323    4.24481144    3.08934925    2.43456305    2.89984973    3.03585517    4.35753053    2.45790865    2.68916173    2.65911392    2.38443530    2.46522440    3.03051217    2.52548996    2.19798749    2.50895227    2.55094717    3.06290182    2.96885750    2.85234065    2.37009010    2.80203195    2.29680349    2.45612902    2.83787832    3.32040890    2.21845723    2.61829680    2.92948247    2.91848224    2.47752933    2.83623649    2.97003084    2.89853270    3.84934183    3.46434678    2.61459590    2.88677139    2.86539718    2.23734645    2.74962364    2.56200528    2.70828913    2.63003285    2.71822455    2.52564814    1.81227201    3.61092649    2.94780811    3.63885101    2.60722331    1.84991295    2.39194264    2.29239782    2.36670032    2.08489520    2.35898399    1.55148387    2.35493010    2.01189875    2.03903346    1.90307763    1.55197887    1.79126812    0.99420019    1.16075814    1.76463311    2.11820488    1.90245836    1.66249680    1.26181528    1.17880160    1.20934228    1.36654608    1.35843764    1.54256759    1.46309835    1.26669482    1.55754278    1.55390461    1.59611276    1.98049591    1.83144925    1.66631603    1.63787806    1.86021900    1.45252250    1.61873801    1.78069528    2.41584631    1.83642363    2.04241211    1.42789230    1.89509629    1.46665113    1.72361013    1.79414621    1.92704426    1.68802116    2.27369181    1.92647151    1.92855720    1.82969131    1.88494511    1.87161063    1.95306793    2.88079197    1.99426521    2.60260913    2.13968290    1.39005134    1.65659984    1.42788090    1.53201537
W0DVA2_9GAMM/12-65     1.35058005    1.59749636    2.00405843    0.66179902    0.00000000    1.09911816    1.26327876    2.18772607    1.50331464    2.55108027    2.80449765    2.04292877    2.81895430    2.79205354    2.42638511    3.16971580    3.46131019    2.48339627    2.23448470    2.26182657    2.31636616    2.23515764    2.71888966    2.00752270    1.82094045    1.57964394    2.58134249    1.45820491    3.44625252    2.67336999    2.25922634    2.41006124    2.85486833    4.60964297    2.28827103    2.24153145    2.32109393    1.81636404    2.24253102    2.32558057    1.91514104    2.05591478    1.76101123    1.78217251    2.63905600    2.30976544    2.54216398    2.13001487    2.80185399    2.18580458    2.97855568    4.28044717    3.12995287    2.61139265    2.89998311    3.52315501    3.34486155    2.69819841    3.23784211    3.55626819    3.39991373    3.98447600    4.38488613    2.49209009    2.98312757    2.58439203    2.50261346    2.53849246    2.79139837    2.20009707    2.47616122    2.37062175    2.44795335    1.44761066    2.82321957    2.43555096    2.39867617    1.99930531    2.00616734    2.72121137    2.13213675    2.20902396    1.74645598    2.30848326    1.66837677    2.00483258    2.24315794    1.77058287    1.57998467    1.61703553    1.72334516    1.18919983    1.29483932    1.77525267    1.86438091    1.86463472    1.33604099    1.33995130    1.31026025    1.22849276    1.33149587    1.35981349    1.49798057    1.64649619    1.13467706    1.59943707    1.74489350    1.48741901    1.55538129    1.79926371    1.73136468    1.45926416    2.02989096    2.14744984    2.11225492    2.18690436    2.10973374    2.55024561    2.10822292    1.77557997    1.78405012    1.71538490    2.37788567    1.84052898    1.61335060    2.06039042    2.13346492    2.22888381    2.04698043    2.05959624    1.87033814    2.57089380    1.68343552    2.60080641    2.28729994    2.31560371    2.08053096    1.26255135    1.51859138    1.32995666    1.04584913
B1Y4I6_LEPCP/14-65     1.44470544    1.43243950    1.65381298    1.56692790    1.09911816    0.00000000    1.51542033    1.74054710    1.38477087    2.06641768    3.21099180    1.39392276    2.27248017    2.48802123    2.82401386    3.67101849    3.52854740    1.72497554    1.70636823    1.71491327    2.30407768    1.88568783    2.39482848    2.29247678    1.89609701    2.02802069    2.17630231    1.52216289    3.49733191    2.42633127    1.89972384    2.79508583    3.09851227    5.10949069    1.43418178    1.86988920    2.02428450    2.37303264    1.71003770    2.19738051    2.01305453    1.95528148    2.04267603    2.40833424    2.09663943    2.20688957    2.05663477    1.88551366    1.99432247    2.97390281    2.57879475    3.89515500    2.90526451    2.25928688    2.68557137    2.86951574    2.27571892    2.13708158    3.10487119    2.78199214    3.05936623    3.33317440    3.49042581    3.04717605    3.23478237    3.88293268    2.59487298    3.16273502    2.82125265    2.63840806    2.55343581    3.05698705    2.17609845    2.30075156    2.56949340    1.87723160    2.16718570    1.54019589    1.73280419    2.01840027    1.52912392    1.69845012    1.76419992    1.60513169    1.55104052    1.83068052    1.72616302    1.71484704    1.42225378    1.65317365    1.50435297    1.48559267    1.55359076    2.53533602    2.26065748    1.94820613    1.74518461    1.79550757    1.60637375    1.60499450    1.74502076    1.73900492    2.24010002    1.77611178    1.61238158    1.53782696    1.57662643    1.72508372    1.84303251    2.27405017    2.13609794    1.58257256    2.25654200    2.05657635    2.01276715    2.01571457    1.92081689    2.22540366    1.68126984    1.66647583    1.42458566    1.47533809    1.70841671    1.39586789    1.53396314    1.74502355    1.68443069    2.23501072    2.09400907    2.24744323    1.88657645    2.23310500    1.80672883    2.08851514    1.83675900    2.46946807    1.87556842    1.25998667    1.48445213    1.37753044    1.24957856
K0CEI1_ALCDB/15-67     1.60323243    1.66415674    1.52405792    1.54726910    1.26327876    1.51542033    0.00000000    2.05422064    1.43285444    1.70159773    3.16490061    1.97831466    2.23539465    2.03137170    2.88040885    3.56697154    3.56712215    3.11844262    2.93002930    2.05189525    2.72686714    2.27043405    2.46419810    2.46535704    1.94951113    2.00943774    3.04380481    2.29100422    3.54368267    3.38084077    3.50703933    3.84694996    3.78617674    4.03760455    1.81780825    1.82009001    3.01040608    2.87497308    3.28040292    2.36895211    2.36985216    1.87921942    2.48578664    2.54603583    2.73536555    3.18259437    2.50097150    1.53865341    2.73812833    2.53358767    2.34931602    3.63412937    2.47210513    2.33613096    3.29803377    3.36261403    3.04384023    2.21094319    3.25767913    2.99235488    3.79124125    3.98833046    4.21115082    2.80678863    3.40731095    3.50473478    2.70048648    3.36292607    3.46370268    2.51178441    2.42199490    3.18359126    2.29184223    2.21046814    3.35532545    2.54276694    3.01318181    1.66254030    2.34701397    2.20797844    1.94064835    2.16971771    2.20790289    1.68298262    1.73520848    2.04704874    2.43409551    2.26116918    1.55334816    1.72328997    1.95368659    1.31441422    1.65819615    2.31954990    2.32226833    2.16310408    1.87689091    1.70758784    1.79308679    1.65145240    2.40381313    2.00309306    2.10923224    1.71535023    1.50258839    1.78195827    1.84483044    1.99898477    2.34443617    2.61226117    2.28482943    1.76132596    1.90436489    2.11115234    1.74471674    2.23944326    2.06225843    2.14219181    2.12005199    2.23762974    2.01329233    1.89221935    2.18571167    1.83262254    2.30495982    2.11635815    2.42969978    2.36544967    2.12611851    1.88312231    1.81731190    1.62128688    2.19678178    1.84957217    1.44369154    2.05268554    1.83632531    1.35902836    1.95838870    1.61012867    1.67008000
I4B4F7_TURPD/16-68     2.35305468    2.43319550    2.19341788    2.38599565    2.18772607    1.74054710    2.05422064    0.00000000    1.96585609    2.70853251    2.77109476    2.39450628    1.94241961    2.16980027    1.84546863    1.84417294    2.10109197    1.86514736    1.77559361    2.03258451    2.70917668    2.26704404    3.07506147    2.82002237    2.48302269    2.18855848    2.32717584    2.13622830    3.37088584    2.62144182    2.29489082    2.77976601    2.80168422    3.09658875    2.41481282    2.45600464    2.88660862    2.56948187    2.95988314    2.23930590    2.41467999    2.26034983    2.57639393    2.59497970    2.30241206    2.52803062    3.21800171    2.95100503    4.21489799    2.33010171    3.00316873    3.59201157    2.71664678    2.50267883    2.72441313    3.23656923    3.56599693    1.98427980    2.29990846    3.10038166    2.54559355    3.11911918    3.23902370    2.87569444    2.51990623    2.58000571    3.22619343    3.62524756    4.21999996    3.18970123    3.54898129    3.20856770    3.18887979    2.71642830    2.94101524    2.02808500    2.14575465    2.31020135    2.21677464    2.20426656    2.28103011    2.32095643    1.86145718    2.34665924    2.05026726    2.09028881    2.00156638    2.19426693    1.88394169    2.71698790    2.26650710    1.87146504    2.04717663    2.04676367    2.09805539    1.99167125    2.19237109    2.02301991    2.07230410    1.93994519    2.41804656    1.95194039    2.25705894    2.29611567    1.87527604    2.10890677    1.65561608    1.76937247    2.23244287    2.39924255    2.35063872    1.56314549    2.27402385    2.51732304    2.40804160    1.53252835    1.96136229    2.58788869    2.33109751    2.06035701    1.81224630    1.81605282    2.23633303    1.90566892    2.21985286    2.32696383    2.38635264    2.24672832    2.44329585    2.36122929    2.50375807    2.12719096    1.97021085    2.53654328    1.76213312    2.33690574    2.11954908    1.76531607    1.84584166    2.06851287    1.59829381
U5NDJ2_9BURK/44-96     1.54017737    1.69289707    1.39742988    1.39245304    1.50331464    1.38477087    1.43285444    1.96585609    0.00000000    2.42330776    2.36322407    1.64963244    1.64117403    1.83855394    2.39434057    2.67265602    2.25446839    2.27408084    2.26221947    2.33326881    2.33247306    1.68685714    1.95484050    1.76360345    2.06735566    1.39094879    1.78542126    2.34773134    3.09759887    2.10133581    1.87865477    2.70490727    3.12474627    2.60991102    1.62252625    2.26717058    1.97794123    2.55451412    2.37051966    2.36780709    2.12187200    1.98144925    1.99456264    1.88097095    2.13624511    2.42475780    2.84659502    2.07184195    1.74011061    2.22435437    2.72201287    3.13743143    3.00866335    2.51458403    2.82918450    3.10294935    3.12389180    2.32647899    3.45626909    2.98283949    2.27650312    2.12863654    2.01618103    2.65563206    2.55153908    2.42568111    2.78001361    2.30465749    3.43665555    2.63560960    3.06926277    3.01821475    2.23311982    2.60135970    2.38402729    2.30903916    3.08173981    1.38653609    1.60940554    1.79791247    1.62093013    1.61427252    1.55547028    1.47361749    1.53368682    2.03585426    2.42775131    1.39060525    1.38632194    1.38865246    1.53985759    1.30194908    1.78953548    1.93898368    1.93911199    1.94583069    1.56331900    1.37457389    1.28307880    1.34371840    1.55754066    1.43490754    1.85271143    1.61203156    1.80963989    1.49671892    1.57452874    1.71206172    2.07163738    1.77275780    1.76011792    1.15376875    1.93839245    2.62477209    1.49188797    1.44882707    2.02259139    1.80381697    1.91511498    1.40617426    1.65042206    1.05292344    1.69718977    1.34751765    1.63581214    1.58611947    1.50610443    1.59041311    1.44441171    1.71045408    2.45767603    1.85836876    2.17705344    1.94395730    1.91417101    2.51852452    1.58364402    1.49785703    1.62974013    1.45366577    1.39914159
W0J0S3_9BACT/12-61     2.36350362    2.56923087    2.19956280    2.34272289    2.55108027    2.06641768    1.70159773    2.70853251    2.42330776    0.00000000    2.90594963    2.39532972    1.66677608    1.87903511    1.91675900    2.05755297    2.22067549    2.30058411    2.12564140    1.60698799    1.92955594    1.88864752    2.29785073    2.57378288    2.16681280    3.08523704    2.75129648    2.04096723    2.89705533    2.94057118    1.99366696    2.57644886    2.56445910    2.93362496    1.91259535    1.99166745    2.27572905    1.75686799    1.76984040    2.08676073    1.69265577    1.69573396    1.95158241    1.96384305    2.42802459    2.32989079    2.10824470    1.98399550    2.10937714    2.35522583    2.62191210    3.19959150    3.21780386    3.10407196    3.09053903    2.51791296    1.76675178    1.65994830    3.32716102    2.55224749    2.42876711    3.44494446    2.88655856    3.45730647    3.73404969    3.07519007    2.72149379    3.86998724    4.16394138    2.15446512    2.65270456    1.91534318    2.08990627    2.21389199    1.53704555    2.21776867    2.08615567    1.78747850    1.70554878    2.13088877    1.72050864    1.60763518    2.13792276    1.98300864    1.55824209    2.28533397    2.92730333    2.27722351    1.82772595    2.11600615    2.75979098    1.81554708    2.08986430    1.75481806    2.10970952    1.88718541    2.28219592    1.58412467    1.61051345    1.99374629    2.06863764    1.93204944    2.49501949    1.89251038    2.16858821    1.66988108    1.86473193    2.01489048    2.10371411    2.33323205    2.17561113    1.92062719    1.91210557    2.35511819    1.99507183    2.50336229    3.08026192    2.34870796    3.03163236    2.15343788    2.29501406    1.92797061    1.93154285    2.01970903    2.26189657    2.34410447    2.30597834    2.78642504    2.13966530    2.34620959    2.38174756    2.33854297    1.85039093    2.64404147    1.90291750    2.06432357    2.02648592    2.29135500    1.78996174    1.87286548    2.10403005
I4B0K6_TURPD/32-83     4.06631309    3.73913542    2.92070388    3.43960218    2.80449765    3.21099180    3.16490061    2.77109476    2.36322407    2.90594963    0.00000000    1.80415988    1.64835823    1.66960119    1.67368243    1.97377536    2.06464308    1.69969292    1.69703127    1.89907909    1.80259541    1.70784202    1.68805247    1.93116369    1.83622313    2.11330767    1.72736091    1.62563740    1.76955094    1.72549002    1.94631989    2.08370118    2.14427797    2.53124303    2.03738898    2.24049820    2.26789152    1.80072585    2.39051222    2.33141818    1.76483525    1.86750222    1.94833693    1.80789007    2.36493905    2.02487094    2.55057256    1.95780354    1.89519488    1.90749355    2.00148164    1.89458953    1.84526342    1.77443917    1.76999136    2.25103087    2.07802933    1.56547715    2.24001216    1.97777188    1.68067766    1.94372198    1.93344981    2.27999611    1.62217710    1.90667764    1.76009306    1.83470686    2.02946519    1.82590341    2.10054845    2.34725278    2.08624890    1.82681792    2.23592793    1.51324022    1.67952899    1.35423697    1.50979680    2.17405110    1.57995093    1.94977875    2.41918038    2.39964906    2.45616898    3.06329728    3.10171757    2.82402485    3.10455400    2.83338329    2.90039611    2.57248060    2.64291586    2.73047456    2.79998025    2.69454428    3.76837545    2.90751786    2.52486664    2.79847900    3.85962314    3.59676594    2.72006132    3.34666381    3.15535829    2.48069607    3.34375030    2.78958295    2.72619552    2.24140438    2.48086795    2.66467461    2.29326872    2.28321875    3.57833963    3.31893920    2.80870984    2.07944536    4.02397461    2.52477653    2.76880445    2.86884759    3.40017035    3.04072707    3.25284489    3.21840306    3.26011912    3.31355661    2.62691411    3.77992026    3.44391277    2.82090811    2.60668112    3.68717026    3.55995377    3.02104636    2.84165152    2.65754531    3.26692853    3.21066515    1.84607140
U5QGX9_9CYAN/13-65     2.99079680    2.84374665    2.31637007    3.41452763    2.04292877    1.39392276    1.97831466    2.39450628    1.64963244    2.39532972    1.80415988    0.00000000    0.73670650    0.79738538    0.74478022    0.92539130    0.73998958    0.82265715    0.88484236    1.02504590    1.22231275    0.99645277    1.30516941    1.13182648    1.07118128    1.14305262    1.27674337    1.31402445    1.17053358    0.89150100    0.98125257    1.17844612    1.17270942    1.44564060    0.79971044    0.92282047    1.14617931    1.31470897    0.96845059    0.93411604    0.78840217    0.82100906    0.88236441    0.96950471    1.12516522    0.74398204    1.11574769    1.15799905    1.71880423    1.79120685    2.10112573    2.46435782    1.71040023    1.81557766    2.10424040    2.34208278    2.21604945    1.80277674    2.28794040    1.72316196    1.76369122    1.74555815    2.51020007    1.93995289    2.09943909    2.24243470    1.98622654    1.73937238    1.85131325    1.83157436    1.91418137    1.36081840    1.96747923    1.89022023    1.28761626    1.15842246    1.31783210    0.74034486    1.01688710    1.31933035    1.15493905    1.45529769    2.02571099    1.87336128    2.43284707    2.44801052    2.81285414    2.33312794    2.52571109    2.93104897    3.37834309    2.45468876    2.98346187    4.08851901    3.70217224    3.28523292    2.96953560    2.53776494    2.78562945    2.80860341    2.94854370    2.86317622    2.89109575    3.16747730    2.42249443    2.44015856    2.62081512    2.92277446    2.46407873    2.82830689    2.65374964    2.24352443    2.62017215    3.43563871    2.24173031    1.92765970    2.31293484    1.86126156    2.39560075    3.03509369    2.23059466    1.91648334    2.44769997    1.70534655    1.86272958    2.30689352    1.91356198    1.94411041    2.20628339    2.11414268    2.47414224    2.26906576    3.62403829    3.13152002    3.00473812    2.89143971    2.82743003    2.12203386    2.20100203    1.83753828    1.64900507
B4SAP8_PELPB/11-64     2.66476106    2.99660308    2.76999521    2.87246641    2.81895430    2.27248017    2.23539465    1.94241961    1.64117403    1.66677608    1.64835823    0.73670650    0.00000000    0.22340452    0.48640135    0.63803272    0.75448460    1.05886136    1.05901133    1.35578551    1.47810615    1.19804399    1.58236006    1.64813456    1.41526064    1.68441556    1.42213708    1.45199988    1.81648574    1.30741974    1.39826550    1.44803825    1.36617996    1.58892673    1.09340829    1.26062010    1.53796210    1.29171640    1.67733073    1.33146875    0.98121264    1.01783258    1.07181481    1.23199226    1.57388425    1.34084968    1.30830441    1.13709261    1.84981253    1.74601562    1.71236158    2.08910388    1.82768074    1.32344962    1.50729216    1.59287397    1.38329847    1.07414218    2.13485371    1.68126182    1.78745966    1.64606668    1.90995742    1.70735245    1.72233715    1.73901455    1.84358217    1.81336799    1.79915169    1.90937241    2.15249758    1.85946150    2.17958691    2.16946966    1.36371477    1.48639958    1.48696230    1.20703835    1.17011048    1.42484109    1.11797942    1.36727702    2.20811746    2.21822687    2.51654936    1.99582697    2.54588593    2.81699325    3.31800183    2.76804696    2.94545806    2.52869552    2.69081255    3.31510266    3.64732241    3.29246582    3.33339462    2.41769670    2.71006312    2.94713990    2.99028538    3.03350228    3.03256773    3.47393184    3.02233852    2.51161684    2.95978121    3.01858098    3.17634634    3.50701489    3.23180420    2.38316122    2.33786165    3.62635576    1.82149058    1.98018194    2.36080047    2.00415975    2.92363635    2.75096982    2.95760794    2.21010936    2.63729054    2.39310737    2.75048685    3.08205059    2.98745722    2.52071934    2.59630615    2.67208558    2.87051709    2.90752534    2.33517217    2.61025051    2.83337914    3.11003703    2.69294424    2.30083015    2.41848994    2.04359068    2.14995357
C0QMP7_DESAH/10-64     2.68789773    2.96343889    2.95372556    2.76616126    2.79205354    2.48802123    2.03137170    2.16980027    1.83855394    1.87903511    1.66960119    0.79738538    0.22340452    0.00000000    0.55031447    0.68502993    0.71030389    1.28447527    1.07213896    1.42684987    1.62899348    1.23629064    1.65942162    1.74177730    1.48224933    1.64129777    1.58913374    1.38225969    1.68265978    1.35541823    1.50444922    1.53846909    1.55870545    1.74630538    1.15706634    1.28116464    1.70692806    1.38502265    1.79937594    1.34515535    1.11446271    0.98275945    1.12531797    1.26387073    1.57417931    1.36662827    1.30273963    1.18656448    2.15191158    1.53847808    1.51126251    2.12015972    1.59423814    1.25338499    1.60615529    1.63842228    1.52128086    1.00648455    2.09132661    1.57409850    2.09284640    1.96338071    1.89814062    1.79484458    1.80249281    1.81660121    1.80611751    1.87219055    1.97274396    1.82136709    2.03741141    1.97936907    2.27047012    2.36795435    1.22357240    1.41493686    1.51821331    1.19297562    1.10359746    1.36418674    1.13110333    1.36214452    2.50006946    2.38934883    2.36839043    2.44615390    2.38098601    2.43270864    3.05809085    2.40516661    2.92476915    2.46678649    2.72694087    2.96747116    3.49874472    3.24365400    3.86110994    2.60094727    2.63614330    2.82577173    3.03852322    3.18637286    2.89767170    3.03369543    2.65877812    2.45573016    2.62545627    3.03128643    3.36918076    3.28197482    2.89679043    2.46524245    2.32243825    3.18271515    2.32600287    1.84022007    2.16982886    2.27082165    2.61714568    2.62976108    2.90401669    2.43206194    2.73443681    2.23800274    2.72681447    2.72311907    2.77168641    2.21555665    2.33135843    2.72476942    2.71120020    2.73919591    2.78045134    2.73818539    3.15678570    3.47545551    2.94343031    2.65103971    2.24573677    1.94727685    2.43328450
K9SPK2_9CYAN/11-65     3.22667133    3.30430317    3.25846937    3.01949313    2.42638511    2.82401386    2.88040885    1.84546863    2.39434057    1.91675900    1.67368243    0.74478022    0.48640135    0.55031447    0.00000000    0.27857732    0.28579263    1.20974748    0.96914860    0.98838410    1.04508980    0.91228125    1.32087199    1.75082420    1.23524392    1.44902753    1.23060122    1.13967938    1.51929338    0.74163234    1.03048722    1.09231042    1.08205121    1.26525163    0.97113318    1.03325797    1.37819217    1.07972044    1.16228846    0.81485641    0.59622934    0.60516656    0.78121816    0.74796563    1.29145022    0.83254723    1.01532575    1.12421961    1.78303984    1.42668975    2.06362436    2.00890816    2.13079566    1.46399889    1.68310062    1.70290605    1.68606156    1.09737698    2.00374311    1.73619454    1.70020901    1.85708015    2.23601138    1.73666281    1.82882714    1.84554720    1.64703960    1.90495289    1.83579066    1.86245122    2.04886943    1.35532997    2.16327446    2.33352036    1.82689663    1.59166668    1.22637896    1.14965992    1.06527757    1.53651562    1.29242451    1.41045773    2.10843394    2.11723168    2.98102424    2.48843972    2.00579301    2.26246914    2.52166161    3.51189904    3.96854452    3.15402606    3.17270324    4.38330399    4.30226664    3.82844088    3.64546625    2.92384904    3.31170971    3.13022430    3.21258926    3.31625002    2.96806038    3.38132899    2.99385661    2.97553558    3.02452172    3.05561852    3.34386708    3.37756353    2.69935481    2.62499459    3.02073428    3.00479695    2.49582263    2.24666235    2.57152471    2.15230372    3.13247230    2.63144144    2.37366829    2.35630463    2.82043102    2.46809500    1.75581186    2.64986454    2.60361101    2.20323279    2.36113183    3.22145847    2.80679424    2.32822932    3.02759243    3.22651142    2.75936315    2.76567952    2.47899893    2.64074302    2.01305036    1.81693875    1.90796498
K9YH84_HALP7/10-64     3.23793802    3.14960033    3.37138625    3.63825730    3.16971580    3.67101849    3.56697154    1.84417294    2.67265602    2.05755297    1.97377536    0.92539130    0.63803272    0.68502993    0.27857732    0.00000000    0.44471041    1.28642777    0.96626045    1.21843886    1.25249801    1.10209694    1.57033122    2.23434324    1.58814478    1.87639295    1.46824918    1.30020057    1.71361171    0.99830369    1.30546957    1.06220242    1.16703687    1.65076208    1.14040647    1.12313359    1.49449459    1.23542978    1.33180604    0.95391621    0.84190790    0.75020456    0.96745837    0.83810814    1.38984710    0.89332754    1.06251458    1.08323948    2.28619176    1.25033678    1.83402417    1.94719172    1.85053275    1.73061438    1.58882121    1.66858750    1.66152804    1.15606710    1.71478144    1.93183528    1.73841784    1.77777716    2.13798142    1.74906042    1.75721479    1.67737380    2.04039161    1.94777723    2.39463831    1.98590596    2.38888421    1.75902256    2.86777366    2.60089988    1.83324153    1.77993647    1.40876754    1.50199027    1.30796008    1.62252685    1.47765180    1.71981420    2.49502001    2.60413783    3.42998646    2.90480934    2.34666030    2.16483702    2.81258582    4.23121540    4.15037001    3.89540285    4.33082993    3.79313894    3.82594898    3.66456909    5.53028376    2.78114386    3.25867878    3.13296713    3.23857054    3.24025291    2.67810787    4.19099392    3.27417831    3.24988417    3.02163412    3.62368537    4.14370990    3.73308525    3.21863571    3.20211175    3.37693704    3.76598676    2.95902461    1.92634710    2.99338808    2.32499918    3.30888981    2.91599406    2.67651309    2.82235369    3.24541382    2.80340916    2.55153569    3.11200344    3.02099247    2.64717691    2.46201796    3.99734302    3.43457765    3.08692961    3.56858601    3.89462203    3.29765297    3.01252388    2.86179843    2.72120102    1.84232297    2.25631276    2.37065240
K9TGV7_9CYAN/11-64     3.73524617    3.92204052    3.48971949    3.79257209    3.46131019    3.52854740    3.56712215    2.10109197    2.25446839    2.22067549    2.06464308    0.73998958    0.75448460    0.71030389    0.28579263    0.44471041    0.00000000    1.42662835    1.31877152    1.37176146    1.46127585    1.28844497    1.59015443    2.01223323    1.49702661    1.69884211    1.63955329    1.43766375    1.62875636    0.85474940    1.19596098    1.29765473    1.25286577    1.60073766    1.11533794    1.15765834    1.61701354    1.31777847    1.29110248    0.99507996    0.88289423    0.87225791    1.03594344    1.04561073    1.40983611    0.96703363    1.38735483    1.41910370    2.07556975    1.33588971    2.10394434    1.96708106    2.16373585    1.54359886    1.58858407    1.84742199    1.81412797    1.36209135    2.09181806    1.79703499    1.51164380    1.74651707    2.08688148    1.78669753    1.72189949    1.83176341    1.80554221    1.98493394    2.05423583    1.96537873    2.10488920    1.47499806    2.44316389    3.05667244    2.09790695    1.81062435    1.39693881    1.30079807    1.20060409    1.54774019    1.43215391    1.42027045    2.24221642    2.46951725    3.67374605    2.91362372    2.66119684    2.39581598    2.91733141    4.57188204    4.40685385    4.92382484    4.52431296    2.96424075    4.08628389    3.44201611    4.42611149    3.44819228    4.03476302    3.76755292    4.02335652    4.23220078    3.56397780    3.48880955    3.62693798    3.84833159    3.65240209    3.85243593    4.43858013    4.68598859    3.58453274    3.44378663    3.58773773    3.88414681    3.18584703    2.25319857    2.77216386    2.27198786    3.33392426    2.59791836    2.51854935    2.35329782    2.99447454    2.62592603    2.29118600    3.03439745    2.94841648    2.46768069    2.63484199    4.06109599    3.51187213    3.23855542    5.02271959    3.30474145    3.64385940    3.57832203    2.95324017    3.50473476    1.94242219    2.15207089    2.25803888
W0J8V4_9BACT/11-63     3.40611105    3.28199979    3.28587034    4.32662382    2.48339627    1.72497554    3.11844262    1.86514736    2.27408084    2.30058411    1.69969292    0.82265715    1.05886136    1.28447527    1.20974748    1.28642777    1.42662835    0.00000000    0.55837231    1.17693897    1.36226464    1.25126213    1.63258290    1.40810432    1.49520358    1.46560261    1.01687465    1.37872674    1.27479967    1.04728673    1.24081919    1.26296360    1.14455747    1.70189019    0.80780640    0.91116313    1.19925217    0.99014043    1.06590969    1.17234144    1.07583217    1.12786100    0.96327715    1.15250029    1.13488622    0.94864262    1.15002151    0.85727916    1.59072290    1.80894967    2.48809470    2.73609784    2.07644465    1.93656041    2.12684435    2.47506358    2.29630862    1.94929549    2.45129234    2.41834697    2.09379425    1.74920887    2.18839943    2.16043104    1.89196518    2.01546328    2.24929860    2.13965004    2.70918911    2.03096327    2.26948545    1.37998901    1.93672145    2.25790090    1.17865170    1.24257211    1.51089632    1.28630858    1.40792212    1.49846605    1.16679630    1.29871978    2.10328863    2.41202289    2.69316917    1.76191850    3.11744237    2.69297268    2.62396988    3.24669830    3.37508510    3.39028993    3.67079650    3.54040301    2.97578434    2.93520322    3.09101659    2.97446097    2.98847668    2.83985356    2.81925443    3.05046394    3.21287659    2.70826050    2.41300859    2.29475524    2.57221518    2.72921834    2.36427102    3.00887164    3.71429027    2.40363169    3.10763049    3.66939682    2.68700968    2.08802224    2.00327466    2.25207890    2.93994375    2.70141228    2.11229480    2.13275664    2.86653840    1.94120860    2.13071041    2.36939258    2.14462765    2.58482007    2.37637640    2.82344587    2.80708035    3.21271155    2.68771764    4.04972214    2.87687911    2.61241817    3.11343604    2.27868049    2.41998966    2.11055753    1.76886164
B1ZY23_OPITP/25-79     2.65979402    2.86340189    2.62045039    3.24858196    2.23448470    1.70636823    2.93002930    1.77559361    2.26221947    2.12564140    1.69703127    0.88484236    1.05901133    1.07213896    0.96914860    0.96626045    1.31877152    0.55837231    0.00000000    0.97097311    0.92573245    0.95499404    1.24974504    1.53338018    1.34802725    1.46024556    1.19435747    1.29615739    1.39773717    0.96862901    0.87667338    1.03114849    1.11866075    1.74589689    0.93601847    1.15916087    1.24141178    1.15053755    1.19473667    1.20096760    1.11614185    0.91449961    0.90324711    0.91408711    0.97649918    0.71397099    1.17469028    0.91092619    1.86282315    1.67576170    2.54095188    3.12112132    2.08373273    1.61785399    1.85766637    2.40377495    1.87276190    1.59573554    2.35612800    2.11109673    2.23791569    1.93556563    2.74555495    2.37816461    2.29252259    1.92956168    2.23688373    2.23069214    2.19276585    1.82863606    1.90526193    1.71666782    2.47277136    2.23112808    1.27325690    1.07841594    1.44243323    1.20740160    1.12296578    1.18398739    1.18747483    1.16507200    1.90494761    2.11379559    2.56931524    2.37768529    2.63684137    2.28805387    2.19016728    2.79830864    2.54502724    2.17564292    2.45178576    2.60073332    2.40163015    2.50978238    2.51185153    2.28220192    2.27601494    2.29940234    2.37565861    2.57847498    2.29516587    2.39940738    1.94127855    1.76790789    2.22813020    2.51556927    2.58607250    2.67792750    3.11052276    2.08044620    2.62172193    2.73206493    2.59714727    2.19680228    2.18219441    2.13585559    2.64703211    2.02548618    1.83041332    2.11315237    2.73037386    2.08947739    2.40079604    2.41266740    2.38116827    2.33863180    2.21305648    3.02594182    2.44609355    2.72925777    2.30967099    3.25580491    2.60539513    2.31551361    2.94726595    2.00084743    1.80614333    1.88252454    1.54859172
K7W4I0_9NOST/12-66     2.91303645    2.86716970    2.44891511    2.68348706    2.26182657    1.71491327    2.05189525    2.03258451    2.33326881    1.60698799    1.89907909    1.02504590    1.35578551    1.42684987    0.98838410    1.21843886    1.37176146    1.17693897    0.97097311    0.00000000    0.28302322    0.28792733    0.55840188    1.16251239    1.04145662    2.04260230    0.94084749    0.96586772    1.50836852    1.20172972    1.11187506    1.30633728    1.08676119    1.58160975    0.80921571    1.03614521    1.18527586    1.00924997    0.99062889    1.10182082    0.83697191    0.82144955    0.92744495    0.86751411    1.22557839    0.87548038    1.22089625    1.03380945    1.99483259    2.23769984    2.97697504    2.45337773    3.15727340    2.29831498    2.33675645    2.67898631    2.62442380    2.06502823    2.81880016    2.13549599    2.45642345    2.27672139    3.02384658    2.56750083    2.39960202    2.53297376    2.89937167    2.44634742    2.92448626    2.06754643    2.26149803    1.61883952    1.98232365    1.86549836    1.89606179    1.40198269    1.46785542    1.20970907    1.65245571    1.49941147    1.46524468    1.61220131    1.77184730    2.34841053    2.10760607    2.21499997    2.50413788    2.43822136    2.16148768    2.63964924    2.69604499    2.21528597    2.02662562    2.37544635    1.96059179    2.03464128    2.94003624    2.34483855    2.89028581    2.55747516    2.93619380    2.87861378    2.58262617    2.04608806    2.27259131    1.45753692    2.09796290    2.20704656    2.42709817    2.46071478    2.78134701    2.06891166    2.24406153    1.91908380    1.89748891    2.02543930    2.26345679    1.69222857    2.66077625    2.26292190    2.16278368    2.02277476    2.04617419    2.24081035    2.32027250    2.37524273    2.12181266    2.39720016    2.25069255    2.54096038    3.15657584    2.29656756    2.52039572    3.02011102    2.33413579    2.52206449    2.30058865    1.91779618    1.73371480    1.73092978    1.48718851
