21
Q8G6E3_BIFLO/195-377     0.00000000    0.95344873    2.10908705    1.77569160    2.32835433    2.55833513    2.60830466    2.69089065    2.00305159    2.30433573    1.86608189    1.90830932    2.41347053    2.09298720    2.18938999    2.45236588    1.91472441    2.16096899    3.72404686    3.96182313    4.08294768
A1A1N9_BIFAA/84-267     0.95344873    0.00000000    2.32499896    1.90024220    2.16427764    2.30835920    2.43362665    2.51887598    1.87864793    2.04473045    1.86202570    1.73380424    1.93215093    1.97073052    2.23337392    2.20171702    2.06741571    2.05128364    4.26123758    4.10183455    3.56253332
Q8NLY3_CORGL/224-394     2.10908705    2.32499896    0.00000000    1.22638379    1.96522481    2.17506121    2.53204820    2.77747738    1.89064806    1.83153309    1.82663258    1.79433348    2.06916755    2.00342101    2.22879292    1.89943908    1.90365751    2.13843219    3.22952577    3.46220325    2.78539490
Q8FPS8_COREF/187-362     1.77569160    1.90024220    1.22638379    0.00000000    1.50136967    2.12993960    2.24676542    2.12559980    1.36742271    1.45604143    1.52455291    1.54537412    1.88339054    1.86406477    1.73933644    1.55391254    1.48416120    1.73049961    3.26086880    3.67654620    2.76122237
Q13V18_PARXL/239-417     2.32835433    2.16427764    1.96522481    1.50136967    0.00000000    1.57935317    2.28163197    2.08672370    1.56128453    1.54935824    1.87161683    1.77742569    1.69716439    1.79955073    1.70020390    1.52590576    1.70595759    1.53206215    3.40422218    4.35441288    3.49849835
Q7NA36_PHOLL/211-393     2.55833513    2.30835920    2.17506121    2.12993960    1.57935317    0.00000000    1.66363031    1.47826051    1.82950785    1.86907247    1.89375792    1.91023035    1.81359482    1.91048589    1.74051630    1.94204025    1.61017585    1.81715743    3.97666617    3.89000648    3.52387700
A0A5P8YJS7_YERPE/197-375     2.60830466    2.43362665    2.53204820    2.24676542    2.28163197    1.66363031    0.00000000    0.83813218    2.04435411    2.25826421    2.06256765    2.22827562    1.94197209    1.92973052    1.95360612    2.18498691    2.31806270    2.00586086    3.67931941    3.60947730    3.45508890
Q88GM6_PSEPK/197-374     2.69089065    2.51887598    2.77747738    2.12559980    2.08672370    1.47826051    0.83813218    0.00000000    2.07087865    2.13712208    1.92049310    2.09634881    1.83583208    1.74214731    1.83263284    2.13461584    2.12801057    1.91903530    3.50995335    4.17697853    3.44995234
A0QRY4_MYCS2/204-379     2.00305159    1.87864793    1.89064806    1.36742271    1.56128453    1.82950785    2.04435411    2.07087865    0.00000000    0.32658238    1.75840573    1.28981977    1.28690373    1.37505536    1.10406201    1.07786795    1.06500493    1.06947642    3.53413651    3.10065421    2.83627342
A1T470_MYCVP/205-380     2.30433573    2.04473045    1.83153309    1.45604143    1.54935824    1.86907247    2.25826421    2.13712208    0.32658238    0.00000000    1.74086678    1.24531800    1.28366650    1.30124459    1.10128536    1.04578791    1.15418873    1.12363663    3.26131348    2.81521071    2.67976571
A6L6G1_BACV8/202-374     1.86608189    1.86202570    1.82663258    1.52455291    1.87161683    1.89375792    2.06256765    1.92049310    1.75840573    1.74086678    0.00000000    1.28896080    1.31081712    1.18597697    1.25926437    1.27729919    1.22180999    1.27953736    3.44878679    3.26468288    2.72385520
Q9P9Y5_XYLFA/211-389     1.90830932    1.73380424    1.79433348    1.54537412    1.77742569    1.91023035    2.22827562    2.09634881    1.28981977    1.24531800    1.28896080    0.00000000    0.78480036    0.85186997    0.87603302    0.97247651    0.93246741    0.91789463    3.86491555    3.72415329    2.72852358
Q3A3K8_PELCD/210-388     2.41347053    1.93215093    2.06916755    1.88339054    1.69716439    1.81359482    1.94197209    1.83583208    1.28690373    1.28366650    1.31081712    0.78480036    0.00000000    0.50044250    0.85046165    0.99489789    0.88696571    0.86982915    4.11782838    3.58718073    2.76518382
A1BGE4_CHLPD/210-388     2.09298720    1.97073052    2.00342101    1.86406477    1.79955073    1.91048589    1.92973052    1.74214731    1.37505536    1.30124459    1.18597697    0.85186997    0.50044250    0.00000000    0.81347021    0.84253929    0.84391262    0.83586983    3.77754024    3.19659513    2.94754663
Q02A81_SOLUE/203-378     2.18938999    2.23337392    2.22879292    1.73933644    1.70020390    1.74051630    1.95360612    1.83263284    1.10406201    1.10128536    1.25926437    0.87603302    0.85046165    0.81347021    0.00000000    0.68101167    0.84032813    0.79081282    3.28467569    2.69199992    2.55180128
A4VJF5_PSEU5/211-388     2.45236588    2.20171702    1.89943908    1.55391254    1.52590576    1.94204025    2.18498691    2.13461584    1.07786795    1.04578791    1.27729919    0.97247651    0.99489789    0.84253929    0.68101167    0.00000000    0.72102854    0.64820163    3.60191170    3.07089501    2.58910631
A1WV09_HALHL/215-392     1.91472441    2.06741571    1.90365751    1.48416120    1.70595759    1.61017585    2.31806270    2.12801057    1.06500493    1.15418873    1.22180999    0.93246741    0.88696571    0.84391262    0.84032813    0.72102854    0.00000000    0.61842958    3.80668407    3.27696553    2.52759921
Q0A6A2_ALKEH/215-392     2.16096899    2.05128364    2.13843219    1.73049961    1.53206215    1.81715743    2.00586086    1.91903530    1.06947642    1.12363663    1.27953736    0.91789463    0.86982915    0.83586983    0.79081282    0.64820163    0.61842958    0.00000000    3.86167787    3.10945101    2.71296435
Q89TV7_BRADU/209-396     3.72404686    4.26123758    3.22952577    3.26086880    3.40422218    3.97666617    3.67931941    3.50995335    3.53413651    3.26131348    3.44878679    3.86491555    4.11782838    3.77754024    3.28467569    3.60191170    3.80668407    3.86167787    0.00000000    2.23090223    2.09608978
Q3ABE7_CARHZ/152-343     3.96182313    4.10183455    3.46220325    3.67654620    4.35441288    3.89000648    3.60947730    4.17697853    3.10065421    2.81521071    3.26468288    3.72415329    3.58718073    3.19659513    2.69199992    3.07089501    3.27696553    3.10945101    2.23090223    0.00000000    1.50681842
A4J223_DESRM/220-411     4.08294768    3.56253332    2.78539490    2.76122237    3.49849835    3.52387700    3.45508890    3.44995234    2.83627342    2.67976571    2.72385520    2.72852358    2.76518382    2.94754663    2.55180128    2.58910631    2.52759921    2.71296435    2.09608978    1.50681842    0.00000000

