18
Q82RR9_STRAW/82-508     0.00000000    2.51179214    3.01707144    3.07981683    2.72511447    2.72200215    2.86244612    3.98210111    2.87271399    3.07080169    2.95604782    3.05512201    3.32746479    2.56909005    2.69459724    2.70503592    2.83743110    2.64608462
A5V1J1_ROSS1/34-511     2.51179214    0.00000000    3.48499737    3.41783683    2.64635225    3.00754084    3.12736535    4.21134289    2.97044099    3.27573044    3.44189195    3.42730317    3.71800112    2.94110411    2.93346850    3.34943392    3.15968557    2.99078058
Q7VDJ5_PROMA/39-469     3.01707144    3.48499737    0.00000000    0.82554186    1.59955029    1.60094132    1.72109282    3.81627660    2.89785261    3.16680404    3.11322784    3.24595627    3.50124480    3.06009223    3.08085413    3.26414412    3.48695566    2.84333112
Q7V4G8_PROMM/29-457     3.07981683    3.41783683    0.82554186    0.00000000    1.60242390    1.49607693    1.78791088    4.04743944    2.69162743    3.38691915    3.54918104    3.64027691    3.72177950    3.39150378    3.23701783    3.43337184    3.58129825    3.08323891
P73520_SYNY3/35-464     2.72511447    2.64635225    1.59955029    1.60242390    0.00000000    0.97886363    1.05485471    4.08860962    2.49442941    3.37942874    3.48827412    3.32416972    3.89174026    3.24072583    3.19356344    3.08236533    3.39983577    2.98765020
Q119E7_TRIEI/30-487     2.72200215    3.00754084    1.60094132    1.49607693    0.97886363    0.00000000    0.83941895    4.13378382    2.56683455    3.40565725    3.43756245    3.52463577    3.81699317    3.18861001    3.35473523    3.03354876    3.16748367    2.77215010
Q119E6_TRIEI/27-490     2.86244612    3.12736535    1.72109282    1.78791088    1.05485471    0.83941895    0.00000000    3.98705837    2.57094458    3.25397011    3.67213324    3.47789021    3.77877650    3.08026703    3.28990424    3.17419163    3.33744800    2.79528615
Q8F2H0_LEPIN/76-512     3.98210111    4.21134289    3.81627660    4.04743944    4.08860962    4.13378382    3.98705837    0.00000000    3.66926955    4.86277171    4.42732262    4.56432319    4.64291940    3.55136014    3.76802956    3.93242164    3.74308175    3.38122250
A5URL3_ROSS1/78-571     2.87271399    2.97044099    2.89785261    2.69162743    2.49442941    2.56683455    2.57094458    3.66926955    0.00000000    3.35320905    3.20756532    3.12799376    3.37515803    3.02096668    2.92860473    3.10307286    3.08516526    2.66065260
Q9HK92_THEAC/39-557     3.07080169    3.27573044    3.16680404    3.38691915    3.37942874    3.40565725    3.25397011    4.86277171    3.35320905    0.00000000    2.65314362    2.72338045    2.56056447    3.24749733    3.13233017    3.30207363    3.61442453    3.05801491
Q4J7K9_SULAC/43-493     2.95604782    3.44189195    3.11322784    3.54918104    3.48827412    3.43756245    3.67213324    4.42732262    3.20756532    2.65314362    0.00000000    1.20410219    1.10998507    3.37493677    3.10654353    3.21155952    3.48064835    3.14850376
Q4J6X7_SULAC/32-488     3.05512201    3.42730317    3.24595627    3.64027691    3.32416972    3.52463577    3.47789021    4.56432319    3.12799376    2.72338045    1.20410219    0.00000000    0.76947591    3.37883165    2.88174491    3.48680136    3.77825777    3.09538876
Q4J7K8_SULAC/16-462     3.32746479    3.71800112    3.50124480    3.72177950    3.89174026    3.81699317    3.77877650    4.64291940    3.37515803    2.56056447    1.10998507    0.76947591    0.00000000    3.54750072    2.96288909    3.61896165    3.90188090    3.17746872
A5GR01_SYNR3/37-521     2.56909005    2.94110411    3.06009223    3.39150378    3.24072583    3.18861001    3.08026703    3.55136014    3.02096668    3.24749733    3.37493677    3.37883165    3.54750072    0.00000000    1.09535816    1.09864284    1.30730748    1.33846777
Q7V4G7_PROMM/40-520     2.69459724    2.93346850    3.08085413    3.23701783    3.19356344    3.35473523    3.28990424    3.76802956    2.92860473    3.13233017    3.10654353    2.88174491    2.96288909    1.09535816    0.00000000    1.14462661    1.38337725    1.32873552
A5GS07_SYNR3/40-521     2.70503592    3.34943392    3.26414412    3.43337184    3.08236533    3.03354876    3.17419163    3.93242164    3.10307286    3.30207363    3.21155952    3.48680136    3.61896165    1.09864284    1.14462661    0.00000000    0.80357626    1.01103225
A5GNZ8_SYNPW/38-520     2.83743110    3.15968557    3.48695566    3.58129825    3.39983577    3.16748367    3.33744800    3.74308175    3.08516526    3.61442453    3.48064835    3.77825777    3.90188090    1.30730748    1.38337725    0.80357626    0.00000000    1.11124979
Q10XG3_TRIEI/32-516     2.64608462    2.99078058    2.84333112    3.08323891    2.98765020    2.77215010    2.79528615    3.38122250    2.66065260    3.05801491    3.14850376    3.09538876    3.17746872    1.33846777    1.32873552    1.01103225    1.11124979    0.00000000

