44
K8GKD6_9CYAN/47-219     0.00000000    1.11072023    1.28070671    1.21135050    1.26168180    1.12600910    1.03642543    1.67082463    1.73719071    1.84077162    1.74473161    1.59886487    2.17327141    2.49884901    1.69878825    1.65618200    1.52770877    1.70923004    1.41910284    1.57222987    1.64006126    1.60707138    1.53217922    1.18274733    1.84735527    1.67712294    1.47502056    1.47132146    1.50799696    1.62925346    1.44904709    1.60753252    2.18983019    1.96906816    1.89524585    2.09345405    1.61297512    1.75663290    2.14361780    2.33024754    2.12899910    2.39702770    2.36093396    2.17917913
K9RB86_9CYAN/46-214     1.11072023    0.00000000    1.12900047    1.30865400    1.31056370    1.09795637    1.13287428    1.52296118    1.61133847    2.25238644    1.84895799    1.72296004    1.94213958    2.16793515    1.74401363    1.55836520    1.61181002    1.84335693    1.49983762    1.51874679    1.71066233    1.76216550    1.68427489    1.59359830    1.76299044    1.39051690    1.54897870    1.52273226    1.54350753    1.48067528    1.61141243    1.51722206    2.41522710    2.14284622    2.46138670    1.99958478    1.86354532    1.65341949    2.07543867    2.20113091    2.03856738    2.33564708    2.07424298    2.34591784
K9UGZ3_CHAP6/39-202     1.28070671    1.12900047    0.00000000    1.41801196    1.51514074    1.22358187    1.28413852    1.54300338    1.67093603    1.84899461    1.89626309    1.88010769    1.98518481    2.37574961    1.75455285    1.60362304    1.83109725    1.63194707    1.56973268    1.69675406    1.87641907    1.94211970    1.69933031    1.57228175    1.69657244    1.61280961    1.54363263    1.53347048    1.55946693    1.78254524    1.61316414    1.58606410    2.03013528    2.34801172    2.76170577    2.19343183    2.03753687    1.66988992    2.31450733    2.14813756    2.07260060    2.52765141    2.34014763    2.52234574
K9RSR1_SYNP3/47-219     1.21135050    1.30865400    1.41801196    0.00000000    1.21342357    1.47986889    1.52313685    1.63223794    1.83746048    2.01580312    2.19438607    1.90122652    2.18575742    2.44061477    1.94479472    1.73442764    2.23831046    2.09108089    1.69371141    1.96061564    1.79005000    1.87937481    1.82349512    1.75587814    2.03711513    1.71225172    1.88133822    1.92540493    1.98187349    1.84747450    1.67750069    1.96612212    2.59843523    1.84144408    2.75192042    1.90761418    1.80309321    1.77795426    1.91244456    2.36614137    2.34549228    2.41876416    2.18630177    2.40961494
B8HW98_CYAP4/38-207     1.26168180    1.31056370    1.51514074    1.21342357    0.00000000    1.26034251    1.17864562    1.70154408    1.84689929    2.24720229    2.20284511    1.93224024    2.40532729    2.63723499    1.80480400    1.71373245    2.02067625    2.26133812    1.90258240    2.18673557    2.03634694    2.19236734    1.85719845    1.93957792    2.21724775    1.84908220    1.79253764    1.76565669    1.96414354    2.09326379    1.82124716    1.93673296    2.38657062    2.27373267    2.45127416    2.51150304    1.79925601    1.70330718    2.07730136    2.26530494    2.16374477    2.33034603    2.53762895    2.26578596
K9XIL6_9CHRO/42-211     1.12600910    1.09795637    1.22358187    1.47986889    1.26034251    0.00000000    1.06570708    1.74357005    1.87901256    2.19652736    2.25777122    1.91149979    2.37523736    2.92790072    2.08409643    2.02002641    1.86391340    1.99663638    1.72476746    1.72409735    1.99128397    1.87861657    1.85824708    1.73204497    2.32109735    1.87277282    1.67929520    1.74495493    1.82310257    1.96763086    1.85777367    1.94834391    2.87841617    2.07927825    2.54376949    2.36126555    1.88092096    1.77965604    2.25820120    2.40337078    2.42903388    2.61701423    2.72499571    2.74542524
K9T1W3_9CYAN/44-212     1.03642543    1.13287428    1.28413852    1.52313685    1.17864562    1.06570708    0.00000000    1.81043573    2.00735056    2.31532281    2.20724599    1.85415326    2.39905625    2.67633923    1.75126185    1.73611879    1.92725258    2.13615554    1.79131970    1.84216093    2.13081918    1.88288063    1.83930774    1.68869528    2.54386463    1.93068335    1.75115693    1.63603742    1.72063553    1.70035524    1.82397118    1.63124404    2.39145934    2.05014416    2.55646679    2.58310661    1.91827752    1.70707895    2.31084467    2.25360609    2.26176175    2.08089918    2.60963881    2.21974342
Q72E52_DESVH/37-206     1.67082463    1.52296118    1.54300338    1.63223794    1.70154408    1.74357005    1.81043573    0.00000000    1.34974152    1.52122551    1.61468513    1.50450940    1.76050419    2.18398571    1.41466602    1.40568587    2.00084655    1.76401122    1.44480785    1.56201264    1.47250659    1.57860218    1.39274530    1.59537087    1.81717757    1.62501475    1.52688222    1.57596537    1.49246010    1.36531995    1.25786729    1.48993079    2.23966314    2.34196870    2.34136150    2.19300223    1.81949833    1.76886087    2.29682427    2.25726630    1.93514976    2.35615137    2.09015872    1.97808947
Q7NWH9_CHRVO/36-206     1.73719071    1.61133847    1.67093603    1.83746048    1.84689929    1.87901256    2.00735056    1.34974152    0.00000000    1.47292655    1.75913666    1.88685981    1.86731321    1.99731199    1.19605702    1.52758121    1.83976606    1.89946342    1.35376417    1.52190463    1.39111403    1.58038517    1.28620162    1.50418492    1.72384527    1.76028940    1.32394521    1.49879497    1.45235353    1.46627055    1.29571380    1.30646804    2.40096127    2.09283512    2.63977509    2.53227303    1.90340560    1.89058064    2.17543402    2.59552535    2.19633453    1.99614215    1.96112604    2.02622507
Q2N9W2_ERYLH/62-231     1.84077162    2.25238644    1.84899461    2.01580312    2.24720229    2.19652736    2.31532281    1.52122551    1.47292655    0.00000000    2.03956004    2.21410712    1.95490157    2.22186330    1.67733017    1.72635263    2.05778829    2.04507963    1.57429541    1.70723757    1.63258744    1.71620809    1.45115324    1.62056396    1.61751816    1.80433328    1.38222873    1.71391441    1.70552340    1.65883801    1.47197884    1.48090528    2.69477615    2.42562872    2.37260012    2.33485898    2.03440393    2.26757097    2.23984977    2.56758072    2.14362415    2.78348694    2.30966271    2.29563160
Q8UCT3_AGRFC/42-210     1.74473161    1.84895799    1.89626309    2.19438607    2.20284511    2.25777122    2.20724599    1.61468513    1.75913666    2.03956004    0.00000000    0.72777083    1.23688847    1.35405152    1.39241552    1.54977018    2.05975889    1.75836961    1.58507037    1.70478175    1.68544372    1.85607037    1.54406946    1.54799260    1.90002225    1.81194196    1.69831942    1.68646568    1.46938973    1.46584546    1.56820675    1.65489895    2.26694298    2.55735916    2.19563993    2.19097285    2.38066742    2.29284612    2.75244646    2.63155961    1.78769542    2.43297624    2.58800442    2.33422293
B9J8M2_AGRRK/45-213     1.59886487    1.72296004    1.88010769    1.90122652    1.93224024    1.91149979    1.85415326    1.50450940    1.88685981    2.21410712    0.72777083    0.00000000    1.35606529    1.45041560    1.58830385    1.57491084    1.83654956    1.97507323    1.53828332    1.62626287    1.72804178    1.78563643    1.58732031    1.58077921    2.04839262    1.75313375    1.63353186    1.57805784    1.39477483    1.43942244    1.46713278    1.66535536    2.35061882    2.52304194    1.84056144    2.30687918    1.96085305    1.89739221    2.35158737    2.23310054    2.28639072    2.13093165    2.27030338    2.18164788
Q28RR4_JANSC/48-212     2.17327141    1.94213958    1.98518481    2.18575742    2.40532729    2.37523736    2.39905625    1.76050419    1.86731321    1.95490157    1.23688847    1.35606529    0.00000000    0.98552053    1.45064129    1.58490948    2.47528401    2.39171043    1.73620036    1.84413703    1.96865060    2.06874717    1.84274968    1.65990850    2.31260254    2.03582295    1.82321707    2.05872927    1.81314806    1.79361333    1.95860822    1.95487655    2.46600816    1.98222306    2.18493480    2.04106266    2.14192214    1.98032082    2.14122455    2.47002362    1.99456036    2.37775619    2.05078870    2.08839293
A8LJP1_DINSH/48-216     2.49884901    2.16793515    2.37574961    2.44061477    2.63723499    2.92790072    2.67633923    2.18398571    1.99731199    2.22186330    1.35405152    1.45041560    0.98552053    0.00000000    1.90736934    2.11538758    2.45895963    2.05983403    1.69614814    2.01617191    2.22085649    2.44621056    1.81985724    1.98569170    2.34277244    2.12734667    1.95621439    2.06822524    1.82981699    1.88646703    2.03751453    1.95084998    2.61749141    2.62856735    2.42305459    2.54163327    2.46618704    2.59908668    2.75485267    2.88666710    1.98980379    2.80960928    2.23971593    2.28594139
D2R4C7_PIRSD/52-217     1.69878825    1.74401363    1.75455285    1.94479472    1.80480400    2.08409643    1.75126185    1.41466602    1.19605702    1.67733017    1.39241552    1.58830385    1.45064129    1.90736934    0.00000000    0.52218648    1.59686940    1.37822013    1.29239687    1.50332246    1.35749431    1.23556076    1.13771808    1.28503834    1.63697866    1.70956783    1.23231803    1.31175801    1.21355550    1.18586586    1.10430999    1.19128483    2.41364515    2.15253169    2.32235019    2.54475905    1.72642263    1.60454643    2.07547766    2.05318927    1.90209218    2.27625944    2.03285743    1.97848870
D5SPE6_PLAL2/55-223     1.65618200    1.55836520    1.60362304    1.73442764    1.71373245    2.02002641    1.73611879    1.40568587    1.52758121    1.72635263    1.54977018    1.57491084    1.58490948    2.11538758    0.52218648    0.00000000    1.46804542    1.51287143    1.28744391    1.47343487    1.49026022    1.44849531    1.21152566    1.30087475    1.57211212    1.56743115    1.42308068    1.32805785    1.39764654    1.30212502    1.07024490    1.33661033    2.26049017    1.97188403    2.18210011    2.11459863    1.66417894    1.57009677    1.82056756    2.09568262    1.88993724    2.07424066    1.92588182    2.06271475
I4AGT8_BERLS/57-236     1.52770877    1.61181002    1.83109725    2.23831046    2.02067625    1.86391340    1.92725258    2.00084655    1.83976606    2.05778829    2.05975889    1.83654956    2.47528401    2.45895963    1.59686940    1.46804542    0.00000000    1.33997450    1.26507307    1.42221826    1.55043173    1.46599940    1.35603142    1.21061418    1.64026168    1.35378258    1.27311919    1.29407165    1.21266273    1.48758246    1.41324807    1.35572655    2.54316072    2.58104026    2.29289009    2.23495619    1.90007573    1.92077382    2.31013262    2.16823353    2.43001088    2.54775191    2.26624553    2.20652074
W8F6K2_9BACT/32-204     1.70923004    1.84335693    1.63194707    2.09108089    2.26133812    1.99663638    2.13615554    1.76401122    1.89946342    2.04507963    1.75836961    1.97507323    2.39171043    2.05983403    1.37822013    1.51287143    1.33997450    0.00000000    1.53648501    1.68453948    1.77384349    1.98711431    1.71936756    1.58556885    1.81952004    1.66787102    1.68489527    1.76285576    1.80984290    1.70155776    1.46065006    1.64591533    2.04850188    2.24977268    2.69277342    2.14416220    1.80779583    1.94172519    2.35922516    2.39306474    2.14990184    2.09314290    2.04289603    2.28349555
A0A6N4SQK8_CYTH3/52-221     1.41910284    1.49983762    1.56973268    1.69371141    1.90258240    1.72476746    1.79131970    1.44480785    1.35376417    1.57429541    1.58507037    1.53828332    1.73620036    1.69614814    1.29239687    1.28744391    1.26507307    1.53648501    0.00000000    0.88859930    0.85331257    0.97176519    0.74861310    0.97204678    1.25668928    1.08311820    0.77247677    0.89380482    0.81450065    0.89360226    0.88111636    0.75614637    1.97323460    1.89272015    2.12056133    2.18543079    1.77510045    1.83179954    1.82316984    1.99074566    1.70935872    2.52906644    2.22242549    2.05545527
I4A293_ORNRL/46-216     1.57222987    1.51874679    1.69675406    1.96061564    2.18673557    1.72409735    1.84216093    1.56201264    1.52190463    1.70723757    1.70478175    1.62626287    1.84413703    2.01617191    1.50332246    1.47343487    1.42221826    1.68453948    0.88859930    0.00000000    0.91681532    0.89120971    0.96208370    1.00883903    1.46554479    1.26372965    1.01377071    0.93030205    0.82389968    1.05719860    1.04117419    0.94529154    2.50647530    2.05581393    2.39918199    2.15784901    1.80688271    2.12194277    2.10400973    2.09690309    1.78753580    2.40140281    2.20630257    2.04440786
F0P105_WEEVC/47-216     1.64006126    1.71066233    1.87641907    1.79005000    2.03634694    1.99128397    2.13081918    1.47250659    1.39111403    1.63258744    1.68544372    1.72804178    1.96865060    2.22085649    1.35749431    1.49026022    1.55043173    1.77384349    0.85331257    0.91681532    0.00000000    0.50601349    0.83424187    1.16543403    1.38422812    1.29566742    0.74098996    0.93105466    0.83596460    0.85560550    1.03963902    0.87578181    2.41706941    2.36195606    2.25137826    2.46138141    1.78195154    2.26969214    1.99568527    2.33767242    2.18861702    2.67901852    2.45420866    2.37596392
A8EV92_ARCB4/49-218     1.60707138    1.76216550    1.94211970    1.87937481    2.19236734    1.87861657    1.88288063    1.57860218    1.58038517    1.71620809    1.85607037    1.78563643    2.06874717    2.44621056    1.23556076    1.44849531    1.46599940    1.98711431    0.97176519    0.89120971    0.50601349    0.00000000    0.91998950    1.17317003    1.45639320    1.30266039    0.85667838    0.89796704    0.77082795    0.96238174    1.16226571    0.93503808    2.68762650    2.39764677    2.32730940    2.60033948    1.78845271    2.15528250    2.22826858    2.20684708    2.04657301    2.69683561    2.52772929    2.15941721
G8TRM1_NIAKG/46-216     1.53217922    1.68427489    1.69933031    1.82349512    1.85719845    1.85824708    1.83930774    1.39274530    1.28620162    1.45115324    1.54406946    1.58732031    1.84274968    1.81985724    1.13771808    1.21152566    1.35603142    1.71936756    0.74861310    0.96208370    0.83424187    0.91998950    0.00000000    1.07504783    1.10006557    1.14341144    0.69128646    0.78316248    0.70542646    0.65690722    0.74919964    0.67191567    2.02775506    1.96878483    2.07612772    2.09853088    1.82104947    1.98876436    1.90411910    2.13841677    1.85086310    2.11818975    1.93098927    2.14768053
H1ZF99_MYROD/51-214     1.18274733    1.59359830    1.57228175    1.75587814    1.93957792    1.73204497    1.68869528    1.59537087    1.50418492    1.62056396    1.54799260    1.58077921    1.65990850    1.98569170    1.28503834    1.30087475    1.21061418    1.58556885    0.97204678    1.00883903    1.16543403    1.17317003    1.07504783    0.00000000    1.36120273    1.25300920    0.89932250    0.90162427    0.81406087    0.87925341    0.89341058    1.03039402    2.31774601    2.10532411    2.37540111    2.45191645    1.99420140    2.01969000    2.41058191    2.34515122    2.17506450    2.62319660    2.36833066    2.24630228
F2IC96_FLUTR/51-220     1.84735527    1.76299044    1.69657244    2.03711513    2.21724775    2.32109735    2.54386463    1.81717757    1.72384527    1.61751816    1.90002225    2.04839262    2.31260254    2.34277244    1.63697866    1.57211212    1.64026168    1.81952004    1.25668928    1.46554479    1.38422812    1.45639320    1.10006557    1.36120273    0.00000000    1.40785055    1.06036205    1.23487517    1.22620975    1.31358675    1.22954478    1.09746872    2.18463788    2.23668874    2.35449384    2.07229826    2.04783527    2.26232544    2.54389063    2.46436834    2.16634080    2.44211909    2.35602717    2.17954939
E4TV92_MARTH/46-207     1.67712294    1.39051690    1.61280961    1.71225172    1.84908220    1.87277282    1.93068335    1.62501475    1.76028940    1.80433328    1.81194196    1.75313375    2.03582295    2.12734667    1.70956783    1.56743115    1.35378258    1.66787102    1.08311820    1.26372965    1.29566742    1.30266039    1.14341144    1.25300920    1.40785055    0.00000000    1.04523391    0.99972657    1.16390386    1.09591315    1.22798776    1.18129607    2.20398928    2.11625989    2.40920431    1.88706881    1.99213979    2.03949448    2.03913563    2.16360917    2.21357100    2.47763785    2.08843383    2.40202778
J9QXF3_RIEAN/33-203     1.47502056    1.54897870    1.54363263    1.88133822    1.79253764    1.67929520    1.75115693    1.52688222    1.32394521    1.38222873    1.69831942    1.63353186    1.82321707    1.95621439    1.23231803    1.42308068    1.27311919    1.68489527    0.77247677    1.01377071    0.74098996    0.85667838    0.69128646    0.89932250    1.06036205    1.04523391    0.00000000    0.52947931    0.65766065    0.58330507    0.84491930    0.65578469    2.38412441    2.04991054    2.12624982    2.30703780    1.57399738    1.86024074    2.02328925    1.88102555    1.99717981    2.30041798    1.99786755    2.02159311
F9YQG4_CAPCC/48-218     1.47132146    1.52273226    1.53347048    1.92540493    1.76565669    1.74495493    1.63603742    1.57596537    1.49879497    1.71391441    1.68646568    1.57805784    2.05872927    2.06822524    1.31175801    1.32805785    1.29407165    1.76285576    0.89380482    0.93030205    0.93105466    0.89796704    0.78316248    0.90162427    1.23487517    0.99972657    0.52947931    0.00000000    0.63646540    0.69298585    0.85084786    0.71633463    2.51833782    1.81442928    2.17765124    2.01986339    1.57872715    1.84497341    1.74294541    1.73282007    1.91889023    2.49312612    2.02529230    2.02924520
H8XUI6_FLAIG/50-219     1.50799696    1.54350753    1.55946693    1.98187349    1.96414354    1.82310257    1.72063553    1.49246010    1.45235353    1.70552340    1.46938973    1.39477483    1.81314806    1.82981699    1.21355550    1.39764654    1.21266273    1.80984290    0.81450065    0.82389968    0.83596460    0.77082795    0.70542646    0.81406087    1.22620975    1.16390386    0.65766065    0.63646540    0.00000000    0.55398576    0.76403296    0.59662112    2.48047335    2.04369865    2.17466495    2.33625424    1.66645806    1.83733529    2.01148788    1.92702151    1.86374339    2.17553477    2.12000966    1.90117824
C7PPU7_CHIPD/58-227     1.62925346    1.48067528    1.78254524    1.84747450    2.09326379    1.96763086    1.70035524    1.36531995    1.46627055    1.65883801    1.46584546    1.43942244    1.79361333    1.88646703    1.18586586    1.30212502    1.48758246    1.70155776    0.89360226    1.05719860    0.85560550    0.96238174    0.65690722    0.87925341    1.31358675    1.09591315    0.58330507    0.69298585    0.55398576    0.00000000    0.61187787    0.52737268    2.53318500    1.87063063    2.17161060    2.29520727    1.71005548    1.95483972    2.18208088    2.31440135    1.97949423    2.08180087    1.90395888    1.86900296
W8EUD8_9BACT/54-222     1.44904709    1.61141243    1.61316414    1.67750069    1.82124716    1.85777367    1.82397118    1.25786729    1.29571380    1.47197884    1.56820675    1.46713278    1.95860822    2.03751453    1.10430999    1.07024490    1.41324807    1.46065006    0.88111636    1.04117419    1.03963902    1.16226571    0.74919964    0.89341058    1.22954478    1.22798776    0.84491930    0.85084786    0.76403296    0.61187787    0.00000000    0.73280705    2.34902597    1.86052636    2.17752133    2.17411335    1.65582608    1.68946458    2.03274326    2.15832215    2.00022229    1.98248273    1.98936866    1.86680657
H1Y762_9SPHI/52-222     1.60753252    1.51722206    1.58606410    1.96612212    1.93673296    1.94834391    1.63124404    1.48993079    1.30646804    1.48090528    1.65489895    1.66535536    1.95487655    1.95084998    1.19128483    1.33661033    1.35572655    1.64591533    0.75614637    0.94529154    0.87578181    0.93503808    0.67191567    1.03039402    1.09746872    1.18129607    0.65578469    0.71633463    0.59662112    0.52737268    0.73280705    0.00000000    2.02672836    1.72687085    2.09077717    2.28262955    1.67987292    1.69906399    1.85066261    2.07484281    1.84185736    1.83212808    1.94243722    1.93013320
Q1LDT2_CUPMC/49-210     2.18983019    2.41522710    2.03013528    2.59843523    2.38657062    2.87841617    2.39145934    2.23966314    2.40096127    2.69477615    2.26694298    2.35061882    2.46600816    2.61749141    2.41364515    2.26049017    2.54316072    2.04850188    1.97323460    2.50647530    2.41706941    2.68762650    2.02775506    2.31774601    2.18463788    2.20398928    2.38412441    2.51833782    2.48047335    2.53318500    2.34902597    2.02672836    0.00000000    2.13062257    2.48366782    2.23666346    2.21094135    2.19063721    2.40110160    2.78113561    2.28276476    2.31416146    2.29194628    2.01463734
B3PI91_CELJU/41-202     1.96906816    2.14284622    2.34801172    1.84144408    2.27373267    2.07927825    2.05014416    2.34196870    2.09283512    2.42562872    2.55735916    2.52304194    1.98222306    2.62856735    2.15253169    1.97188403    2.58104026    2.24977268    1.89272015    2.05581393    2.36195606    2.39764677    1.96878483    2.10532411    2.23668874    2.11625989    2.04991054    1.81442928    2.04369865    1.87063063    1.86052636    1.72687085    2.13062257    0.00000000    1.97444006    2.00433530    1.88210709    1.88820319    1.85863805    2.24990277    1.98657448    1.89947571    2.25833512    1.90791105
D9QJ09_BRESC/40-203     1.89524585    2.46138670    2.76170577    2.75192042    2.45127416    2.54376949    2.55646679    2.34136150    2.63977509    2.37260012    2.19563993    1.84056144    2.18493480    2.42305459    2.32235019    2.18210011    2.29289009    2.69277342    2.12056133    2.39918199    2.25137826    2.32730940    2.07612772    2.37540111    2.35449384    2.40920431    2.12624982    2.17765124    2.17466495    2.17161060    2.17752133    2.09077717    2.48366782    1.97444006    0.00000000    2.04811666    1.85675833    2.63359624    2.47060614    2.44358713    1.95724104    2.23803947    2.15152512    1.87205398
B5EHD9_GEOBB/58-219     2.09345405    1.99958478    2.19343183    1.90761418    2.51150304    2.36126555    2.58310661    2.19300223    2.53227303    2.33485898    2.19097285    2.30687918    2.04106266    2.54163327    2.54475905    2.11459863    2.23495619    2.14416220    2.18543079    2.15784901    2.46138141    2.60033948    2.09853088    2.45191645    2.07229826    1.88706881    2.30703780    2.01986339    2.33625424    2.29520727    2.17411335    2.28262955    2.23666346    2.00433530    2.04811666    0.00000000    1.37785732    1.70728013    2.07528827    1.74319958    1.81391550    1.91947517    2.16293972    1.69371627
Q8ZKN7_SALTY/36-199     1.61297512    1.86354532    2.03753687    1.80309321    1.79925601    1.88092096    1.91827752    1.81949833    1.90340560    2.03440393    2.38066742    1.96085305    2.14192214    2.46618704    1.72642263    1.66417894    1.90007573    1.80779583    1.77510045    1.80688271    1.78195154    1.78845271    1.82104947    1.99420140    2.04783527    1.99213979    1.57399738    1.57872715    1.66645806    1.71005548    1.65582608    1.67987292    2.21094135    1.88210709    1.85675833    1.37785732    0.00000000    1.17018463    1.55693061    1.51762182    1.50209951    1.79496206    1.68601723    1.27215919
G4STD9_META2/35-194     1.75663290    1.65341949    1.66988992    1.77795426    1.70330718    1.77965604    1.70707895    1.76886087    1.89058064    2.26757097    2.29284612    1.89739221    1.98032082    2.59908668    1.60454643    1.57009677    1.92077382    1.94172519    1.83179954    2.12194277    2.26969214    2.15528250    1.98876436    2.01969000    2.26232544    2.03949448    1.86024074    1.84497341    1.83733529    1.95483972    1.68946458    1.69906399    2.19063721    1.88820319    2.63359624    1.70728013    1.17018463    0.00000000    1.56964547    1.50299137    1.79461379    1.68844781    1.76192136    1.51204490
I0AMX7_IGNAJ/34-194     2.14361780    2.07543867    2.31450733    1.91244456    2.07730136    2.25820120    2.31084467    2.29682427    2.17543402    2.23984977    2.75244646    2.35158737    2.14122455    2.75485267    2.07547766    1.82056756    2.31013262    2.35922516    1.82316984    2.10400973    1.99568527    2.22826858    1.90411910    2.41058191    2.54389063    2.03913563    2.02328925    1.74294541    2.01148788    2.18208088    2.03274326    1.85066261    2.40110160    1.85863805    2.47060614    2.07528827    1.55693061    1.56964547    0.00000000    1.71571459    1.93861410    2.16397468    2.08951128    1.83500968
H1XW54_9BACT/43-203     2.33024754    2.20113091    2.14813756    2.36614137    2.26530494    2.40337078    2.25360609    2.25726630    2.59552535    2.56758072    2.63155961    2.23310054    2.47002362    2.88666710    2.05318927    2.09568262    2.16823353    2.39306474    1.99074566    2.09690309    2.33767242    2.20684708    2.13841677    2.34515122    2.46436834    2.16360917    1.88102555    1.73282007    1.92702151    2.31440135    2.15832215    2.07484281    2.78113561    2.24990277    2.44358713    1.74319958    1.51762182    1.50299137    1.71571459    0.00000000    2.05246683    1.89383921    1.92845520    1.71752609
B0UHI7_METS4/51-222     2.12899910    2.03856738    2.07260060    2.34549228    2.16374477    2.42903388    2.26176175    1.93514976    2.19633453    2.14362415    1.78769542    2.28639072    1.99456036    1.98980379    1.90209218    1.88993724    2.43001088    2.14990184    1.70935872    1.78753580    2.18861702    2.04657301    1.85086310    2.17506450    2.16634080    2.21357100    1.99717981    1.91889023    1.86374339    1.97949423    2.00022229    1.84185736    2.28276476    1.98657448    1.95724104    1.81391550    1.50209951    1.79461379    1.93861410    2.05246683    0.00000000    1.80742821    1.64651327    1.45715676
Q2S0D6_SALRD/42-204     2.39702770    2.33564708    2.52765141    2.41876416    2.33034603    2.61701423    2.08089918    2.35615137    1.99614215    2.78348694    2.43297624    2.13093165    2.37775619    2.80960928    2.27625944    2.07424066    2.54775191    2.09314290    2.52906644    2.40140281    2.67901852    2.69683561    2.11818975    2.62319660    2.44211909    2.47763785    2.30041798    2.49312612    2.17553477    2.08180087    1.98248273    1.83212808    2.31416146    1.89947571    2.23803947    1.91947517    1.79496206    1.68844781    2.16397468    1.89383921    1.80742821    0.00000000    1.43850345    1.44231523
Q607K1_METCA/120-282     2.36093396    2.07424298    2.34014763    2.18630177    2.53762895    2.72499571    2.60963881    2.09015872    1.96112604    2.30966271    2.58800442    2.27030338    2.05078870    2.23971593    2.03285743    1.92588182    2.26624553    2.04289603    2.22242549    2.20630257    2.45420866    2.52772929    1.93098927    2.36833066    2.35602717    2.08843383    1.99786755    2.02529230    2.12000966    1.90395888    1.98936866    1.94243722    2.29194628    2.25833512    2.15152512    2.16293972    1.68601723    1.76192136    2.08951128    1.92845520    1.64651327    1.43850345    0.00000000    1.71278386
H2G074_OCESG/32-194     2.17917913    2.34591784    2.52234574    2.40961494    2.26578596    2.74542524    2.21974342    1.97808947    2.02622507    2.29563160    2.33422293    2.18164788    2.08839293    2.28594139    1.97848870    2.06271475    2.20652074    2.28349555    2.05545527    2.04440786    2.37596392    2.15941721    2.14768053    2.24630228    2.17954939    2.40202778    2.02159311    2.02924520    1.90117824    1.86900296    1.86680657    1.93013320    2.01463734    1.90791105    1.87205398    1.69371627    1.27215919    1.51204490    1.83500968    1.71752609    1.45715676    1.44231523    1.71278386    0.00000000

