28
U6EB57_9EURY/19-100     0.00000000    0.46547160    0.61499527    0.45754892    0.84853174    0.93599406    0.97345163    0.69371449    0.76354347    0.70043006    0.65411965    1.62934292    0.81062255    0.83497091    0.61926596    1.05514752    0.64389659    0.84218341    0.80722360    0.71398177    0.68942506    0.56802808    0.78021503    0.78856309    0.78970122    0.98479642    0.99214856    0.95590622
Q8TXU0_METKA/19-100     0.46547160    0.00000000    0.47725139    0.54194518    0.63316735    0.85959277    0.69278899    0.63504866    0.64172429    0.74651149    0.62255236    1.43555016    0.75967775    0.75982509    0.50468005    0.87548118    0.63510368    0.70435984    0.78872984    0.71356662    0.69440411    0.78213699    0.78264339    0.75366266    0.72869690    0.81472595    0.74601085    0.82362353
O27895_METTH/19-100     0.61499527    0.47725139    0.00000000    0.33020061    0.58718707    0.80282855    0.88765341    0.76119139    0.84848298    0.91695829    0.58978460    1.52950667    0.89795650    0.90601840    0.64190088    1.00090895    0.68810647    0.92097777    0.84365586    0.86481981    0.86990242    0.82014910    0.74476036    0.94439099    0.83675418    0.90705293    0.95477442    0.93953209
E3GWC2_METFV/19-100     0.45754892    0.54194518    0.33020061    0.00000000    0.69451476    0.69253230    0.75966049    0.68809402    0.65612555    0.69014133    0.49779662    1.63234238    0.80772398    0.82661402    0.57120204    0.92003693    0.64132779    0.84341772    0.76133605    0.80116200    0.89210878    0.60081638    0.70310020    0.75011024    0.78079331    0.72340467    0.87072237    0.73443981
Q6M0G0_METMP/19-100     0.84853174    0.63316735    0.58718707    0.69451476    0.00000000    0.52298861    0.54475861    0.99244653    1.09626298    0.87615333    0.84882150    1.74507829    1.12861392    1.18422300    0.92811716    1.09645312    0.94224300    1.06434847    0.99319751    1.10984202    1.07380393    1.05871260    1.15839427    1.16165145    1.01253260    1.14400866    1.17549082    1.16767156
A6UWM5_META3/21-102     0.93599406    0.85959277    0.80282855    0.69253230    0.52298861    0.00000000    0.42080613    1.09260494    1.04019541    0.86886313    0.88981777    1.57455101    1.16850313    1.17529607    1.00229381    1.03971107    0.89038684    0.99154825    1.04856356    1.20255102    1.27334623    1.12335045    1.26686408    1.37698578    1.05880333    1.14061739    1.19133605    1.14553535
Y405_METJA/23-104     0.97345163    0.69278899    0.88765341    0.75966049    0.54475861    0.42080613    0.00000000    1.04427487    1.03598334    0.84447348    0.88043460    1.43472389    1.01170300    0.89026660    0.93523480    0.99516560    0.81473801    0.92033643    1.04567294    1.11940881    1.02743842    0.87917180    1.08466399    1.02054380    0.91780567    1.06037507    1.08624411    1.00092507
R9T5Y7_METII/226-307     0.69371449    0.63504866    0.76119139    0.68809402    0.99244653    1.09260494    1.04427487    0.00000000    0.81481038    0.76022565    0.89620891    1.70495689    0.89693077    0.81282733    0.77625613    1.06128381    0.93260301    0.94691106    0.88506285    0.83149702    0.87542448    0.89319098    0.84214975    0.81710926    0.98576043    0.87741818    1.08253373    0.96114581
M4YK26_THEXX/223-303     0.76354347    0.64172429    0.84848298    0.65612555    1.09626298    1.04019541    1.03598334    0.81481038    0.00000000    0.74544703    0.74075399    1.56698016    0.86927637    0.82668990    0.71389137    1.11388708    0.92249508    0.79419919    0.88789810    0.90110542    0.91569662    0.79722393    0.98384645    0.85921164    0.82143056    0.99478732    0.94819480    0.90799236
H1YXW9_9EURY/22-103     0.70043006    0.74651149    0.91695829    0.69014133    0.87615333    0.86886313    0.84447348    0.76022565    0.74544703    0.00000000    0.53148640    1.57656603    0.80077313    0.68609876    0.67753822    0.69390493    0.68164448    0.75378454    0.78395565    0.94037736    0.91433539    0.70682567    0.84828387    0.97619545    0.92023704    0.84694934    0.98390730    0.95601065
Q2FUL8_METHJ/22-104     0.65411965    0.62255236    0.58978460    0.49779662    0.84882150    0.88981777    0.88043460    0.89620891    0.74075399    0.53148640    0.00000000    1.46838326    0.66161250    0.80230750    0.63105738    0.74478958    0.60247580    0.76618409    0.80247280    0.80255407    0.85322836    0.82284737    0.86901299    0.99789806    0.89603452    0.98476865    1.07043782    0.96773681
Q0W3M0_METAR/23-105     1.62934292    1.43555016    1.52950667    1.63234238    1.74507829    1.57455101    1.43472389    1.70495689    1.56698016    1.57656603    1.46838326    0.00000000    1.25953833    1.44048108    1.57063916    1.74842718    1.46750178    1.67318385    1.78565093    1.67612771    1.48383996    1.56957371    1.64706209    1.83761103    1.80891457    1.68326239    1.91999325    1.64438427
Q0W3M1_METAR/22-103     0.81062255    0.75967775    0.89795650    0.80772398    1.12861392    1.16850313    1.01170300    0.89693077    0.86927637    0.80077313    0.66161250    1.25953833    0.00000000    0.43385258    0.83295322    0.95353921    0.62875919    0.80390599    0.94000921    0.76381178    0.84312476    0.91445994    0.86198721    0.87649814    0.81047380    1.02552507    0.90237506    0.86512313
D1Z1V7_METPS/22-102     0.83497091    0.75982509    0.90601840    0.82661402    1.18422300    1.17529607    0.89026660    0.81282733    0.82668990    0.68609876    0.80230750    1.44048108    0.43385258    0.00000000    0.63642674    0.84074937    0.60595609    0.72226367    0.95834922    0.83215170    0.80775515    0.99744874    0.91733228    1.03612503    0.85881174    0.86561178    0.98949329    0.86790859
B8GGV9_METPE/22-104     0.61926596    0.50468005    0.64190088    0.57120204    0.92811716    1.00229381    0.93523480    0.77625613    0.71389137    0.67753822    0.63105738    1.57063916    0.83295322    0.63642674    0.00000000    0.74941767    0.58339141    0.50449363    0.89889060    0.94601942    0.89583090    0.86033138    0.85941180    0.99469257    0.80844446    0.92737655    0.95475495    0.93888734
E1RHR8_METP4/23-103     1.05514752    0.87548118    1.00090895    0.92003693    1.09645312    1.03971107    0.99516560    1.06128381    1.11388708    0.69390493    0.74478958    1.74842718    0.95353921    0.84074937    0.74941767    0.00000000    0.74017789    0.66286347    0.84073107    0.94645702    1.00075930    0.87341355    0.88254518    1.09170953    0.77169952    0.84289640    1.01580357    0.92039762
A7I995_METB6/22-104     0.64389659    0.63510368    0.68810647    0.64132779    0.94224300    0.89038684    0.81473801    0.93260301    0.92249508    0.68164448    0.60247580    1.46750178    0.62875919    0.60595609    0.58339141    0.74017789    0.00000000    0.37021421    0.69387605    0.58466946    0.68327499    0.74038193    0.81623499    0.98444709    0.60892103    0.82249378    0.92168250    0.80853712
L0HH13_METFS/22-104     0.84218341    0.70435984    0.92097777    0.84341772    1.06434847    0.99154825    0.92033643    0.94691106    0.79419919    0.75378454    0.76618409    1.67318385    0.80390599    0.72226367    0.50449363    0.66286347    0.37021421    0.00000000    0.84999088    0.82323559    0.90108533    0.99254814    0.98884242    1.07927161    0.81368641    1.14177128    1.02673594    0.89561689
A0B8U3_METTP/22-102     0.80722360    0.78872984    0.84365586    0.76133605    0.99319751    1.04856356    1.04567294    0.88506285    0.88789810    0.78395565    0.80247280    1.78565093    0.94000921    0.95834922    0.89889060    0.84073107    0.69387605    0.84999088    0.00000000    0.43906512    0.46498930    0.83350718    0.95413736    1.06855066    0.73390727    0.81788861    0.92870605    0.98894103
F4BV37_METSG/33-111     0.71398177    0.71356662    0.86481981    0.80116200    1.10984202    1.20255102    1.11940881    0.83149702    0.90110542    0.94037736    0.80255407    1.67612771    0.76381178    0.83215170    0.94601942    0.94645702    0.58466946    0.82323559    0.43906512    0.00000000    0.38984846    0.85659859    0.92211180    0.87176359    0.73607039    0.90772212    0.93422561    0.87270291
G7WPM3_METH6/22-103     0.68942506    0.69440411    0.86990242    0.89210878    1.07380393    1.27334623    1.02743842    0.87542448    0.91569662    0.91433539    0.85322836    1.48383996    0.84312476    0.80775515    0.89583090    1.00075930    0.68327499    0.90108533    0.46498930    0.38984846    0.00000000    0.77393107    0.88085848    0.89610274    0.82473575    0.77177929    0.90772643    0.88626431
F7XL22_METZD/30-111     0.56802808    0.78213699    0.82014910    0.60081638    1.05871260    1.12335045    0.87917180    0.89319098    0.79722393    0.70682567    0.82284737    1.56957371    0.91445994    0.99744874    0.86033138    0.87341355    0.74038193    0.99254814    0.83350718    0.85659859    0.77393107    0.00000000    0.40916583    0.52987956    0.47958865    0.56579969    0.66405932    0.67101709
Q8THT1_METAC/41-122     0.78021503    0.78264339    0.74476036    0.70310020    1.15839427    1.26686408    1.08466399    0.84214975    0.98384645    0.84828387    0.86901299    1.64706209    0.86198721    0.91733228    0.85941180    0.88254518    0.81623499    0.98884242    0.95413736    0.92211180    0.88085848    0.40916583    0.00000000    0.33022827    0.57860985    0.65914467    0.63186534    0.60848124
Q8THZ6_METAC/18-99     0.78856309    0.75366266    0.94439099    0.75011024    1.16165145    1.37698578    1.02054380    0.81710926    0.85921164    0.97619545    0.99789806    1.83761103    0.87649814    1.03612503    0.99469257    1.09170953    0.98444709    1.07927161    1.06855066    0.87176359    0.89610274    0.52987956    0.33022827    0.00000000    0.69314155    0.80100752    0.63473529    0.54423586
L0KYM0_METHD/31-112     0.78970122    0.72869690    0.83675418    0.78079331    1.01253260    1.05880333    0.91780567    0.98576043    0.82143056    0.92023704    0.89603452    1.80891457    0.81047380    0.85881174    0.80844446    0.77169952    0.60892103    0.81368641    0.73390727    0.73607039    0.82473575    0.47958865    0.57860985    0.69314155    0.00000000    0.34718791    0.46631060    0.48733794
Q12ZK8_METBU/23-103     0.98479642    0.81472595    0.90705293    0.72340467    1.14400866    1.14061739    1.06037507    0.87741818    0.99478732    0.84694934    0.98476865    1.68326239    1.02552507    0.86561178    0.92737655    0.84289640    0.82249378    1.14177128    0.81788861    0.90772212    0.77177929    0.56579969    0.65914467    0.80100752    0.34718791    0.00000000    0.50659315    0.51517487
D5EC03_METMS/22-103     0.99214856    0.74601085    0.95477442    0.87072237    1.17549082    1.19133605    1.08624411    1.08253373    0.94819480    0.98390730    1.07043782    1.91999325    0.90237506    0.98949329    0.95475495    1.01580357    0.92168250    1.02673594    0.92870605    0.93422561    0.90772643    0.66405932    0.63186534    0.63473529    0.46631060    0.50659315    0.00000000    0.45098835
D7E6Y7_METEZ/23-103     0.95590622    0.82362353    0.93953209    0.73443981    1.16767156    1.14553535    1.00092507    0.96114581    0.90799236    0.95601065    0.96773681    1.64438427    0.86512313    0.86790859    0.93888734    0.92039762    0.80853712    0.89561689    0.98894103    0.87270291    0.88626431    0.67101709    0.60848124    0.54423586    0.48733794    0.51517487    0.45098835    0.00000000

