14
K9XIC6_9CHRO/4-207     0.00000000    1.06581933    1.53439441    1.58772962    1.74338448    1.59132298    1.50188095    1.59007990    1.63393340    1.77034298    1.79706121    1.79008852    1.77822079    1.90380355
Q5ZW50_LEGPH/18-229     1.06581933    0.00000000    1.32934420    1.48586907    1.54790310    1.51678993    1.65731961    1.77133030    1.52968837    1.59243345    1.59161218    1.66095082    1.54152972    1.61315454
K0AXG2_GOTA9/4-207     1.53439441    1.32934420    0.00000000    0.79295698    0.88140739    0.73624798    1.15117969    1.23333087    1.21223914    1.24500385    1.28055793    1.22871025    1.24130810    1.31669291
E4TRM8_MARTH/6-207     1.58772962    1.48586907    0.79295698    0.00000000    0.29963983    0.23561919    1.34047555    1.38306880    1.24457156    1.34771841    1.21682365    1.33507854    1.35623272    1.30272311
G2Z687_FLABF/6-208     1.74338448    1.54790310    0.88140739    0.29963983    0.00000000    0.28591345    1.51136111    1.47452146    1.36125560    1.44378702    1.32847193    1.47012398    1.40767821    1.40459252
F0RE65_CELLC/6-208     1.59132298    1.51678993    0.73624798    0.23561919    0.28591345    0.00000000    1.31808885    1.39457360    1.25787457    1.50136258    1.33340707    1.33790315    1.31744842    1.41445763
I4AJT2_BERLS/6-206     1.50188095    1.65731961    1.15117969    1.34047555    1.51136111    1.31808885    0.00000000    0.62474019    0.49040395    0.72089302    0.67106928    0.72146789    0.76949457    0.81066117
D6YSJ0_WADCW/5-204     1.59007990    1.77133030    1.23333087    1.38306880    1.47452146    1.39457360    0.62474019    0.00000000    0.51236679    0.76260132    0.77892178    0.76656604    0.75860546    0.80588432
K9V5E2_9CYAN/12-211     1.63393340    1.52968837    1.21223914    1.24457156    1.36125560    1.25787457    0.49040395    0.51236679    0.00000000    0.69798996    0.68802922    0.75719367    0.69929302    0.69016497
D1J7H6_MYCHP/343-547     1.77034298    1.59243345    1.24500385    1.34771841    1.44378702    1.50136258    0.72089302    0.76260132    0.69798996    0.00000000    0.64781148    0.61115642    0.69480214    0.59159121
R5V6B0_9FIRM/5-218     1.79706121    1.59161218    1.28055793    1.21682365    1.32847193    1.33340707    0.67106928    0.77892178    0.68802922    0.64781148    0.00000000    0.35176747    0.40913886    0.67153036
R7ICG8_9FIRM/4-217     1.79008852    1.66095082    1.22871025    1.33507854    1.47012398    1.33790315    0.72146789    0.76656604    0.75719367    0.61115642    0.35176747    0.00000000    0.40870291    0.66141979
R5JTZ0_9CLOT/4-221     1.77822079    1.54152972    1.24130810    1.35623272    1.40767821    1.31744842    0.76949457    0.75860546    0.69929302    0.69480214    0.40913886    0.40870291    0.00000000    0.64422469
Q6MU28_MYCMS/7-214     1.90380355    1.61315454    1.31669291    1.30272311    1.40459252    1.41445763    0.81066117    0.80588432    0.69016497    0.59159121    0.67153036    0.66141979    0.64422469    0.00000000

