83
A9GXA8_SORC5/78-218     0.00000000    2.52762334    2.82673937    2.73186581    2.50808340    2.04491461    2.07086090    2.34851172    1.94507025    2.55772821    2.21028213    1.87030203    1.98651992    1.56082833    1.99211991    1.91027460    2.33773395    2.19895380    4.21379864    3.98016284    3.70696863    4.45170669    3.69701545    3.50743628    4.51500452    3.41039629    3.62072709    3.40479111    4.22259277    3.91829179    3.77732548    3.62119533    3.56212727    3.77013576    3.73697785    3.97847913    1.90972785    2.22724765    2.98860480    2.14231293    1.90820493    2.35995574    2.27485963    2.30366719    2.36321489    2.29624786    2.38163872    2.22456865    1.98076294    2.85049716    2.67843102    2.28022126    2.10898516    1.89976310    1.85845264    2.17580549    1.88628176    2.10658327    2.18401319    2.06483953    2.33111787    2.25883182    2.27913063    2.35200700    2.58926476    2.37957528    2.39867166    2.34005683    2.36774320    2.49729422    2.53854821    2.41257200    2.30960898    2.27469363    2.41903954    2.21786011    2.17755610    2.10691074    2.31919530    2.48154155    2.02177188    2.38537619    2.17739389
A5GN80_SYNPW/12-143     2.52762334    0.00000000    1.33973246    2.15000455    1.99719292    2.48364278    2.51714090    2.45366733    2.14000597    2.53555328    2.17249394    2.91394716    2.55025735    2.56524849    2.29055597    2.89066289    2.44060287    2.70406462    5.09918441    4.23002468    4.27052385    4.31557680    4.62119063    3.99133087    4.52404014    4.34780233    4.35682319    3.53766747    3.93469658    4.00212809    3.46837529    4.90903056    4.28553807    5.02993769    4.73801486    4.53733847    2.78495460    3.03943667    3.37649357    3.13245751    2.84740835    2.42120617    3.02676885    2.88073216    3.49662596    3.31809141    2.92197320    2.97395921    2.98271362    2.47405700    2.67527017    2.62786956    2.70363360    3.03521945    3.11560984    2.93409392    2.86192641    2.96767048    3.15219757    3.32769292    2.90407727    2.68976929    2.50422013    2.37875671    2.45406077    2.27330995    2.34150488    2.16435968    2.39052324    1.99776971    2.86578512    2.98090968    2.38863077    2.59547886    2.65475062    2.54608476    2.54631753    2.56524322    3.08595760    2.93705466    2.87673434    2.70609952    3.18393517
A5GV23_SYNR3/3-134     2.82673937    1.33973246    0.00000000    2.39490342    2.04940330    2.15311698    2.37150603    2.14274104    2.25494874    2.23121342    2.05721130    2.64240930    2.56714474    2.38316837    2.34686513    2.39367648    2.75635559    2.89099115    3.93412457    3.60538456    3.53608342    3.75597565    3.78943788    3.49837433    3.98771762    3.78055308    3.77246040    3.37875664    4.34268078    4.48918881    3.74452869    4.79211587    4.58666226    5.49327880    3.90228429    3.93095331    2.81674167    2.61231036    3.11433445    2.93897502    2.73961005    2.93293798    3.23361787    3.23893305    3.23203085    3.18345681    3.08579399    3.16747748    2.85960985    3.74454628    3.55394178    2.86046790    3.24025610    2.63964120    2.94410591    3.20965933    2.81650884    3.17797400    2.83235624    2.73876490    2.13284510    2.18076829    2.23174804    2.24375318    2.17346658    2.15028882    2.34932061    2.42069005    2.31748566    2.14607565    2.27781822    2.32451270    2.31994185    2.34972674    2.09989417    1.99705428    2.02808184    2.72551894    2.93223953    2.73560726    2.35945536    2.62349691    2.87112502
K9RQT2_SYNP3/11-145     2.73186581    2.15000455    2.39490342    0.00000000    1.27401251    2.36484756    2.04992695    2.39963130    2.57543675    2.07741753    1.99630878    2.99122076    3.39068384    3.11359709    2.72611787    2.87830132    2.72299000    2.92536919    4.33180444    4.24109756    4.37959299    4.83850346    4.64165995    4.69187802    4.32035382    4.64797934    4.33095839    4.24729211    5.68825118    3.80530509    4.06358040    3.92054361    3.69454848    4.75008098    4.65707277    3.87997717    3.07538748    3.77769222    3.66885910    2.59376895    2.60708186    2.97865097    3.11844087    3.06246343    2.73432195    2.51593387    3.03865262    2.77421405    2.93775300    3.14786175    2.57759723    3.07149890    3.05787187    2.46245836    2.53491686    2.98382668    2.96873837    3.29570005    2.89715873    2.95601241    3.20388181    3.10885200    3.16312518    2.97218144    3.13438660    2.91485344    3.33147355    3.59227524    3.31021136    3.39155086    3.22396608    3.05842377    2.74114312    2.75445955    3.16960051    3.13720543    3.20175186    2.69726735    3.60905010    3.78523863    3.12894020    2.75053298    3.29311799
B8HY46_CYAP4/11-145     2.50808340    1.99719292    2.04940330    1.27401251    0.00000000    1.48859165    1.46492072    1.60712743    1.82965920    1.53603100    1.28109506    2.34741613    2.08648783    2.30324579    2.02932093    2.07748840    2.44788121    2.20328644    4.07241008    4.33275366    3.45746801    3.56298107    3.45571766    3.85248437    3.68914448    3.87707270    3.91858728    3.64090204    4.29450823    3.19962100    3.01506261    4.07032609    4.24294511    4.05586722    3.85867713    3.89909734    2.51394685    2.79170047    3.10306780    2.45180789    2.78236159    2.75213855    2.57913578    2.80536819    2.84829567    2.87492372    2.43264275    2.23398822    2.29738792    3.02187454    3.22013552    2.10691113    2.73828203    2.49860945    2.84578125    2.80278915    2.31169997    2.71228765    2.44999877    3.18020136    2.10896147    2.16037278    2.24326047    2.19153007    2.29913459    2.37711762    2.39469546    2.44129232    2.63985597    2.44984129    2.54344164    2.38110663    1.96989094    2.20543970    2.18580217    2.06353747    1.99595253    2.24651600    2.86409138    2.74317058    2.86877896    2.72442999    2.49404206
K9U8M3_CHRTP/8-143     2.04491461    2.48364278    2.15311698    2.36484756    1.48859165    0.00000000    0.59700041    0.53679620    0.69222104    0.55282530    0.66817964    2.04279818    2.13114222    1.76695043    1.73425255    1.89606795    2.33969257    1.92126807    3.52909749    3.56852724    3.41480804    3.53971511    3.34817605    3.47143175    3.78949143    4.07192249    4.01669139    3.43880162    3.87923628    3.03401254    3.19008306    3.59586942    3.86502503    4.15879991    3.89632230    3.20079562    2.64191054    2.66142420    2.82874640    2.13631141    2.28219831    2.35897669    2.25057048    2.03945470    2.64805080    2.78696861    2.13438699    2.29559997    2.36898993    2.52999724    2.43811231    2.04024266    2.16396416    2.32708820    2.27342403    2.45283907    2.10096754    2.40133960    2.19291470    2.68370830    2.08519395    2.12543757    2.02235794    1.85163427    2.17322976    2.40523034    2.05895245    2.15324735    2.30223907    1.76583463    2.21237590    2.15939023    1.94724063    2.40309788    2.18843186    1.99099288    2.13066267    1.96722076    1.87597747    1.95958399    2.01055981    2.07994618    2.07032938
B2IVX6_NOSP7/7-142     2.07086090    2.51714090    2.37150603    2.04992695    1.46492072    0.59700041    0.00000000    0.41141446    0.76505749    0.66049992    0.72929249    2.04531538    2.10989499    2.02814026    2.03504656    2.14202176    2.64218206    1.70643964    4.23142480    3.40638888    3.29841505    3.45999706    3.13318326    3.39040371    3.35256009    3.99765782    3.92687206    3.83552094    4.07068628    2.94907731    2.97511180    3.59289610    3.58984935    3.54111114    3.24936077    3.29725606    2.39371599    2.60968509    2.73818222    2.12335372    2.17269575    2.51666524    2.31458023    2.68462281    2.68848950    2.76116452    2.21936805    2.37735893    2.29785008    2.70965160    2.81951043    2.22170883    2.11824712    2.39885265    2.37192526    2.39802377    1.99640340    2.50156438    2.15739020    2.59580330    2.40512469    2.30373373    2.38057750    2.09337978    2.22989025    2.40312143    2.21655325    2.13336200    2.31140291    2.03720204    2.31085804    2.06811594    2.08651192    2.37351995    2.15886673    2.23728631    2.37495284    1.86460928    2.26964127    2.02615423    2.15368660    2.05107650    2.22377235
K9PIG7_9CYAN/8-141     2.34851172    2.45366733    2.14274104    2.39963130    1.60712743    0.53679620    0.41141446    0.00000000    0.67235128    0.70581220    0.74914656    1.98829321    2.00620364    1.93477523    2.03167504    1.97948495    2.50065472    1.99545914    3.66504925    4.23780821    3.69539843    3.75315879    3.61079092    3.90677885    3.93506622    4.35982999    3.93852189    3.67809893    4.31302633    2.92824298    3.36040562    3.68900324    3.68620044    3.72821285    3.32485411    3.32157128    2.62209847    2.43621119    2.75470311    2.30744601    2.33143280    2.78412068    2.43496746    2.93188929    2.81180717    2.98464570    2.39079805    2.53157204    2.35267055    2.90019909    2.81869116    2.31039288    2.36070225    2.68152444    2.75260088    2.53987867    2.13971718    2.68715993    2.22832037    2.50959388    2.43585510    2.29528608    2.46751836    2.19914551    2.33150813    2.42950450    2.33612991    2.25153120    2.54378724    2.29779213    2.44434791    2.38368316    2.32818798    2.38215561    2.24152801    2.31180047    2.41072550    2.09285329    2.70061428    2.09040173    2.61055599    2.27520083    2.33803410
K9SZ61_9SYNE/11-145     1.94507025    2.14000597    2.25494874    2.57543675    1.82965920    0.69222104    0.76505749    0.67235128    0.00000000    0.75145395    0.87197856    2.19664359    2.05864438    1.68596260    1.84608859    2.09744485    2.48313752    2.06430028    3.82941494    3.51456706    3.64018905    3.41657292    3.52547781    3.92700687    3.67784572    4.21983560    4.29061728    3.88853477    3.84381322    3.12243246    3.16432683    3.84520007    3.71671992    4.06533489    3.34674351    3.47557479    2.67905751    2.69666652    3.19577129    2.25007519    2.34981811    2.45672096    2.11137355    2.31497225    2.92877502    2.79624065    2.08435929    2.34547264    2.27359314    2.65146973    2.56383792    2.22143725    2.58907200    2.58654594    2.46130638    2.42772500    2.27446344    2.32731385    2.48140500    2.77018238    2.11134480    2.13727903    2.12268653    2.19490570    2.23734016    2.45393782    2.45597626    2.08300128    2.25813346    1.95955693    2.38057386    1.97848357    2.12801455    2.30716354    2.02442070    2.16938127    2.25371773    1.96577927    2.09072902    1.95297857    2.17699998    2.30366659    2.39122206
B2JBG9_NOSP7/13-143     2.55772821    2.53555328    2.23121342    2.07741753    1.53603100    0.55282530    0.66049992    0.70581220    0.75145395    0.00000000    0.74572902    2.16800394    2.43987852    2.20654056    2.21914809    2.43080387    2.74908964    2.22105723    4.06288272    3.82945742    3.51122706    3.83994730    3.43019144    3.93124372    3.68661069    4.45192570    4.24843456    3.81867524    4.84541211    3.83912468    3.42844355    3.82469204    4.18081174    4.15409447    3.69922894    3.43834765    2.76196056    2.93010154    3.38851568    2.62230930    2.47159201    2.93930020    2.64341101    2.86121704    3.04682395    3.03822913    2.42087568    2.48245497    2.40465810    3.09217421    3.16232054    2.47570339    2.67275769    2.90924097    3.02908437    2.84846513    2.32316967    2.73842172    2.47436027    3.19049872    2.22237546    2.29101215    2.32026026    2.20098465    2.18877519    2.39890774    2.20611752    2.54651560    2.21254781    2.07347761    2.38888006    2.12505259    1.99414337    2.59677764    2.02750201    2.24010307    2.21005169    1.97441572    2.44630232    2.21683378    2.35394003    2.48929702    2.66810643
K9UDU6_CHAP6/8-144     2.21028213    2.17249394    2.05721130    1.99630878    1.28109506    0.66817964    0.72929249    0.74914656    0.87197856    0.74572902    0.00000000    2.30055940    1.94180825    1.96461886    1.84009543    2.05053430    2.29354780    2.16948006    4.16723911    3.96072080    3.48184012    3.79790645    3.53982920    3.74996808    3.76792688    3.75595521    3.79233700    3.57738042    3.91720613    3.00773277    3.08211509    3.66770050    3.92474135    4.27574512    3.33182753    3.61715848    2.30322157    2.57813507    2.95692453    2.22491373    2.02443445    2.60796433    2.42180295    2.63398040    2.68092380    2.92915387    2.36725064    2.35777354    2.45594195    2.76957338    2.74468068    2.09241139    2.29665394    2.36295934    2.49254944    2.62638969    2.21050708    2.64819766    2.29519521    2.66933480    2.17481998    2.19920737    2.31792293    2.04200777    2.29489267    2.35164113    2.18095481    2.29232004    2.64358623    2.28543983    2.41008713    2.28212420    2.15258820    2.34681409    2.32173102    2.37802675    2.35329738    2.17589347    2.13079518    2.09931386    2.29523817    2.27152089    2.23471946
L0DKT9_SINAD/5-134     1.87030203    2.91394716    2.64240930    2.99122076    2.34741613    2.04279818    2.04531538    1.98829321    2.19664359    2.16800394    2.30055940    0.00000000    1.55035767    1.57158285    1.31631915    1.33152484    2.34873634    1.45989017    4.11482169    3.88796304    3.56026482    3.41363426    3.58734119    3.42971202    3.64222297    3.94837543    3.72832519    4.47974209    3.98557068    3.47381113    3.64376555    4.42936195    4.21447904    4.43748245    3.48995242    3.06329113    1.99942097    2.19317637    2.81553693    1.86337666    1.81962876    1.87814756    1.78927567    2.15004144    2.33401422    2.38898186    2.04521204    2.12111022    2.10000728    2.82259576    2.44106469    2.03558753    2.07026792    2.27234690    1.96598924    2.01508012    2.39775335    2.22300481    2.17677887    2.06855806    1.69054942    1.60909680    1.47793570    1.54347444    1.76279641    1.65731288    1.54535585    1.65963321    1.53850384    1.56398904    1.80776583    1.77287489    1.71178896    1.85491936    1.92028849    1.66631539    1.63542574    1.12517184    1.77624455    1.77016664    1.52587811    1.81154685    1.67061846
H8L619_FRAAD/17-151     1.98651992    2.55025735    2.56714474    3.39068384    2.08648783    2.13114222    2.10989499    2.00620364    2.05864438    2.43987852    1.94180825    1.55035767    0.00000000    1.37568893    1.30770080    1.25774241    2.05143116    1.72121556    3.54327753    3.86379861    3.80310329    3.83912491    3.70618272    3.56603038    3.83258943    3.90359414    4.12868087    3.87911814    4.24406150    3.48508130    3.84625289    5.13016382    4.66189618    4.51643677    4.12237943    3.59481345    2.05561846    2.35675762    2.33586606    1.75121169    1.82227992    1.87790800    1.79742376    2.04029652    2.21559983    2.43373898    1.61852784    1.74688847    1.71744979    2.07392451    1.97948451    2.22501892    1.81584782    2.58551286    2.70457970    1.99580072    1.90260860    2.09918848    2.08426937    1.86075747    1.73579574    1.76093638    1.80057646    1.84720761    2.03178515    2.11489383    1.81955805    1.87002389    2.02569327    1.93208731    1.87759834    1.78739902    2.05364704    2.07908285    1.96771997    1.92883968    1.98091477    1.34203076    2.03189319    1.57367372    1.90086035    2.04240088    1.75704451
W0RWB7_9BACT/30-171     1.56082833    2.56524849    2.38316837    3.11359709    2.30324579    1.76695043    2.02814026    1.93477523    1.68596260    2.20654056    1.96461886    1.57158285    1.37568893    0.00000000    1.20081761    1.07192992    1.87505800    1.64247831    3.29848701    4.56234212    4.28276221    4.36532805    4.96523114    4.76061791    5.12839312    4.58894673    3.92427011    4.24233566    4.64127979    4.28567525    4.06423179    4.14976452    4.40537860    4.63214701    3.92654391    3.83087743    1.79484053    1.85129837    2.85605746    1.75165913    1.80817247    1.94676929    1.86589255    2.05056201    1.89399252    1.92912904    1.60894439    1.86334370    1.50774218    2.10817318    2.07565161    1.78961147    2.11795887    2.09484166    2.06911608    1.93056134    1.94069340    2.07042762    2.13439561    2.02675997    1.57405660    1.55757830    1.43944945    1.71637758    1.72229567    1.81410641    1.73999861    1.53279956    1.60147577    1.50632007    1.79352405    1.81347708    1.83278309    2.20142648    1.69766283    1.65361944    1.61048578    1.42388314    1.63020549    1.62331357    1.31433243    1.52901792    1.51745298
I3ZGC3_TERRK/9-147     1.99211991    2.29055597    2.34686513    2.72611787    2.02932093    1.73425255    2.03504656    2.03167504    1.84608859    2.21914809    1.84009543    1.31631915    1.30770080    1.20081761    0.00000000    0.80553189    1.96814321    1.66599228    4.72013831    4.28200860    4.16989635    4.18584849    4.05150865    3.68142781    4.06825309    3.77008764    4.18657254    3.96224883    4.05974123    3.93611210    3.49667429    4.29976098    4.37002069    3.82215702    3.87147659    3.91725581    1.94568890    2.32919222    2.82185567    1.86400045    1.71413839    1.83956785    1.72675978    1.80224654    1.93065345    1.95493789    1.85667805    1.89497300    1.77624057    1.97548287    1.54085073    1.95197567    2.20828938    2.42793551    2.22842607    1.99365638    2.08126624    2.00620693    2.32992247    2.30375976    1.59153852    1.46907631    1.53853101    1.49254409    1.57391277    1.48252977    1.77266588    1.74139152    1.64158549    1.64215228    1.67412368    1.98093774    1.85945980    1.81555320    1.77478537    1.80516199    1.68607210    1.28970917    1.42078128    1.38188117    1.32475088    1.45112524    1.48234682
Q01UB2_SOLUE/11-149     1.91027460    2.89066289    2.39367648    2.87830132    2.07748840    1.89606795    2.14202176    1.97948495    2.09744485    2.43080387    2.05053430    1.33152484    1.25774241    1.07192992    0.80553189    0.00000000    1.81300494    1.61716925    3.75855577    5.04002945    4.31205786    4.39288757    4.11816137    4.39744349    4.80069606    3.64323120    4.38160331    4.24443811    4.69000853    4.22204115    4.35730587    4.83738155    4.66717801    4.51393773    4.75065746    3.45570357    1.70924942    1.77882051    2.80296510    1.85477414    1.90038778    2.25627805    1.60335582    1.86551412    2.08150944    2.17863322    1.70482131    1.93364024    1.78809140    2.39248630    2.07277495    2.11873345    2.06814096    2.43478508    2.30451354    2.38536503    1.97481881    2.42907472    1.99598581    2.12582172    1.58611509    1.48287170    1.91680614    2.04194721    2.08201557    1.76358550    2.08879319    2.04739939    2.00905305    1.72515637    1.90146641    1.86021843    1.91529974    2.29614396    1.88571755    1.84843208    1.90271296    1.12119116    1.38535721    1.41573240    1.17517195    1.32639365    1.12402822
U5QKY5_9CYAN/13-148     2.33773395    2.44060287    2.75635559    2.72299000    2.44788121    2.33969257    2.64218206    2.50065472    2.48313752    2.74908964    2.29354780    2.34873634    2.05143116    1.87505800    1.96814321    1.81300494    0.00000000    2.26232774    4.45651248    4.02305046    3.83539950    3.45152698    3.60180454    3.81950242    3.72596328    3.49317449    3.35349896    3.67569189    3.46151459    4.32835093    4.24810260    4.31019520    4.61121604    4.70029801    4.43931612    3.23888727    2.58803493    2.42804333    2.85545034    2.02623012    2.21096434    2.61126750    2.09751438    2.14800195    2.21752278    2.29548898    2.20083912    2.11564575    2.10299530    2.40679286    2.42293346    2.40628088    2.68769548    2.10566564    2.28317892    1.94851530    1.89320496    2.36976728    1.99486484    2.05232422    2.17870557    1.91747557    1.83610261    1.87411261    2.00824713    1.81506776    1.86820464    1.99868976    1.89952010    1.68203552    2.15424085    2.39792028    2.21691671    2.61554774    2.09213666    2.06406464    2.18542002    2.15842185    1.98387432    1.77308601    2.04333937    2.09146543    1.81697002
D8P7I4_9BACT/9-147     2.19895380    2.70406462    2.89099115    2.92536919    2.20328644    1.92126807    1.70643964    1.99545914    2.06430028    2.22105723    2.16948006    1.45989017    1.72121556    1.64247831    1.66599228    1.61716925    2.26232774    0.00000000    3.74913010    2.99099173    3.42851748    3.38850219    3.45355081    3.15727687    3.41405301    3.67270199    3.66675017    3.45817662    3.69405684    3.87761263    3.62366987    4.13420060    3.73850926    3.84911359    3.72868504    2.94813266    2.12609559    2.15539162    2.31556472    1.91151623    1.68167240    1.62455389    1.54963302    1.60149288    1.95368771    1.96677919    1.79603007    1.72877044    1.75042957    2.14716300    2.12387687    1.87385227    1.82438738    1.89956374    1.96536582    1.60739267    1.64285135    1.87926532    2.00244557    1.87943880    1.80807719    1.64392646    1.86529220    1.76593075    2.01989082    1.91669566    2.03974050    1.98614259    1.86481591    1.92229484    2.00118976    2.10934207    2.04018370    2.21721586    2.07600230    1.88471057    1.92493281    1.41912249    1.70320004    1.54302986    1.77504541    1.82207679    1.53289285
S5Y941_PARAH/12-151     4.21379864    5.09918441    3.93412457    4.33180444    4.07241008    3.52909749    4.23142480    3.66504925    3.82941494    4.06288272    4.16723911    4.11482169    3.54327753    3.29848701    4.72013831    3.75855577    4.45651248    3.74913010    0.00000000    2.19856304    1.85266753    1.93358374    1.89327768    2.08766347    2.12308822    1.81854887    1.91628132    1.82692269    2.03057286    1.89074020    1.77630862    1.99557996    1.80247824    2.06559158    1.76722843    1.67160468    3.90318517    3.41907948    4.45182643    3.81753579    3.23809959    3.97912037    4.34433453    3.75418754    3.64807099    3.81855855    3.29818592    3.04701879    3.30539263    3.04359646    3.07690862    3.56756783    3.51168425    3.32772753    4.17396540    3.23834955    3.88572007    3.42995631    3.54707640    3.34150440    4.97569422    5.01808079    5.53432029    4.46214041    5.28135198    4.47328774    4.50457346    5.36264714    4.89159473    5.72485159    5.60005093    5.54057617    6.50824616    6.17410097    5.31495980    5.53317889    4.97371335    3.61638836    3.83119938    3.70553624    4.41978514    4.23862399    3.47079272
E6U7R6_ETHHY/21-158     3.98016284    4.23002468    3.60538456    4.24109756    4.33275366    3.56852724    3.40638888    4.23780821    3.51456706    3.82945742    3.96072080    3.88796304    3.86379861    4.56234212    4.28200860    5.04002945    4.02305046    2.99099173    2.19856304    0.00000000    1.01162217    1.09651872    1.10728793    1.02679897    1.02137024    1.28271321    1.41874308    1.41019044    1.57470085    1.65135708    1.57992941    1.93370625    1.82404141    1.90343890    1.83632186    1.38784962    3.49293888    3.38439321    4.36135062    3.40349427    3.42663530    3.05136160    3.32858878    2.98123274    3.44951289    3.47992250    2.82952636    3.23877674    3.32344158    3.03763104    3.16987985    3.53460240    3.41790808    2.53286160    2.53428154    3.15063209    3.25938674    3.29361374    3.58783340    3.12571482    3.48577951    3.26759760    3.31815193    3.21976702    3.46147094    3.84176108    3.51605603    3.87237568    3.65840181    3.46661855    3.80608039    4.17149783    4.65921170    4.32925511    3.91706815    3.37529928    3.71835630    3.94005481    3.56330056    4.00882129    4.18189246    3.76936473    3.72315081
K4L4S6_9FIRM/16-154     3.70696863    4.27052385    3.53608342    4.37959299    3.45746801    3.41480804    3.29841505    3.69539843    3.64018905    3.51122706    3.48184012    3.56026482    3.80310329    4.28276221    4.16989635    4.31205786    3.83539950    3.42851748    1.85266753    1.01162217    0.00000000    0.52865077    0.45239399    0.53238234    0.67174655    0.99426510    1.22425704    1.53481292    1.39216581    1.18856855    1.06761798    1.42305618    1.62677288    1.63874251    1.89776258    1.22072180    3.43884645    2.90724939    3.58269055    3.41623127    3.45891782    3.40561954    3.46592180    3.50444156    3.62170169    3.41290414    3.16010664    2.67298618    2.83051674    3.21592920    3.16729134    3.64767947    3.35370935    2.65731796    2.94589783    3.05480733    2.73432390    2.78147013    3.33248027    3.19618381    4.48278725    4.49369994    3.38148878    3.13732004    3.48674929    3.13233995    3.07300042    3.72672058    3.56128081    3.34924608    4.00857109    3.87764088    4.17884354    4.21755269    3.53629062    3.43345956    3.24003970    3.63304435    3.73844368    4.17580222    4.35661651    3.72630868    3.34871318
R4K3X1_CLOPA/23-162     4.45170669    4.31557680    3.75597565    4.83850346    3.56298107    3.53971511    3.45999706    3.75315879    3.41657292    3.83994730    3.79790645    3.41363426    3.83912491    4.36532805    4.18584849    4.39288757    3.45152698    3.38850219    1.93358374    1.09651872    0.52865077    0.00000000    0.28079010    0.42260979    0.54558204    1.01541143    1.27487653    1.42275159    1.16861437    1.35793774    1.10063412    1.56946144    1.52326334    1.58957670    1.73804469    1.29290819    3.27783811    3.17922828    4.05061883    3.76505547    3.38781764    3.38443542    3.55004445    3.25791024    3.75563783    3.86732506    3.18513502    3.16355323    3.28567970    2.94995299    3.14702457    3.69610284    3.68368447    2.78193660    3.12973681    3.06592217    3.00081949    3.19156150    3.08865540    3.28687218    3.66550657    3.89233677    2.95309500    3.17656985    3.31984064    3.11609384    2.92144652    3.46355941    3.17886927    3.16495094    3.36585297    3.68250787    4.26293307    3.87963559    3.12281862    3.20152134    3.07292436    3.86095927    3.36187015    3.69399119    4.02587227    4.14177850    3.21894457
R4K798_CLOPA/22-161     3.69701545    4.62119063    3.78943788    4.64165995    3.45571766    3.34817605    3.13318326    3.61079092    3.52547781    3.43019144    3.53982920    3.58734119    3.70618272    4.96523114    4.05150865    4.11816137    3.60180454    3.45355081    1.89327768    1.10728793    0.45239399    0.28079010    0.00000000    0.31765021    0.47946275    1.03671098    1.17598195    1.39441155    1.16048525    1.29178120    1.17099454    1.51954772    1.58909775    1.59625973    1.86113637    1.22274397    3.53622542    3.21082968    4.33128821    3.81993629    3.82827445    3.74366712    3.41921835    3.19621433    3.84299329    3.53202751    3.04313579    2.87451765    3.07620073    3.20521136    3.23422000    4.12861685    3.77743985    2.64844225    2.93225523    3.07406642    2.96195490    3.20714836    3.41712395    3.16944939    4.25965510    4.13299947    3.55443129    3.36868639    3.57727183    3.33003553    3.19841474    3.91067884    3.76720087    3.76534496    3.71137442    4.12938577    4.07342040    4.09138623    3.73291913    3.67513609    3.59146364    3.83730474    3.52542044    3.88910980    4.20482967    4.40647409    3.61269177
U5RTZ4_9CLOT/20-159     3.50743628    3.99133087    3.49837433    4.69187802    3.85248437    3.47143175    3.39040371    3.90677885    3.92700687    3.93124372    3.74996808    3.42971202    3.56603038    4.76061791    3.68142781    4.39744349    3.81950242    3.15727687    2.08766347    1.02679897    0.53238234    0.42260979    0.31765021    0.00000000    0.51597405    0.98785868    1.29341735    1.41663957    1.33839996    1.34904345    1.26842760    1.63994280    1.68197464    1.78771043    1.89150296    1.25931461    3.25304346    3.16420672    3.84570547    3.82503362    3.51000350    3.43979718    3.54936973    3.22863602    3.52101300    3.35888966    3.28702261    3.06582954    3.19045680    3.34648085    3.28656685    3.75953698    3.47872953    2.64058554    2.82303560    3.16771038    2.89431059    3.08804927    3.42987664    2.71011675    4.22040130    4.08788242    3.69351674    3.11465760    3.75895765    3.52446354    3.18809096    3.92428533    3.61677352    3.71180080    3.50809436    3.96229385    4.31906900    4.10379886    3.42040007    3.46765527    3.38149305    3.51690800    3.28599615    3.60291424    3.69374331    3.89749862    3.11204130
Q97TT1_CLOAB/22-161     4.51500452    4.52404014    3.98771762    4.32035382    3.68914448    3.78949143    3.35256009    3.93506622    3.67784572    3.68661069    3.76792688    3.64222297    3.83258943    5.12839312    4.06825309    4.80069606    3.72596328    3.41405301    2.12308822    1.02137024    0.67174655    0.54558204    0.47946275    0.51597405    0.00000000    1.13305615    1.27764084    1.68033987    1.54704705    1.39130433    1.29820924    1.49363017    1.48272623    1.54980677    1.65655897    1.28418417    3.40752723    3.08094859    3.97314737    3.69006752    3.45358628    3.62163300    3.38420414    3.59375261    3.70264665    3.47600440    3.46793499    3.11443480    3.28020065    3.27789201    3.19698248    3.47054088    3.44966540    2.91009738    3.04359444    3.34488246    2.92085226    3.22236352    3.10854985    2.81888408    4.01386822    4.14875215    3.67169330    3.05276039    3.51018388    3.13679147    3.17171358    3.56715919    3.27611350    3.69075155    3.26260720    3.95033091    3.94813351    3.99899758    3.40438596    3.24415844    3.25007009    3.47262824    3.49902092    4.00622939    4.23423112    4.12273622    3.74473305
F9VGG3_LACGL/15-154     3.41039629    4.34780233    3.78055308    4.64797934    3.87707270    4.07192249    3.99765782    4.35982999    4.21983560    4.45192570    3.75595521    3.94837543    3.90359414    4.58894673    3.77008764    3.64323120    3.49317449    3.67270199    1.81854887    1.28271321    0.99426510    1.01541143    1.03671098    0.98785868    1.13305615    0.00000000    0.90005213    1.03937653    0.87603951    1.20569968    1.20517877    1.68780982    1.69414196    1.77768564    2.24457476    1.49356261    3.33817670    3.50660067    3.74090056    3.64299717    3.27199789    3.28254983    3.76412643    3.21607427    3.46703245    3.47796671    3.50830074    2.83646564    3.11239778    3.25947736    3.56719289    3.93810861    3.41197952    2.92661771    3.05838844    2.81349345    3.10645374    2.99825041    3.07562577    3.04513639    4.16132862    4.54461692    4.19571117    3.61103876    4.46387493    3.74770356    3.46653119    4.27711474    3.70012193    4.26207099    4.80662396    4.56855757    5.04391322    4.67303966    3.77055530    3.88863471    3.45547067    3.44083878    3.42974713    3.90411438    4.01526573    4.11305505    3.37124671
B9DTH4_STRU0/16-155     3.62072709    4.35682319    3.77246040    4.33095839    3.91858728    4.01669139    3.92687206    3.93852189    4.29061728    4.24843456    3.79233700    3.72832519    4.12868087    3.92427011    4.18657254    4.38160331    3.35349896    3.66675017    1.91628132    1.41874308    1.22425704    1.27487653    1.17598195    1.29341735    1.27764084    0.90005213    0.00000000    1.02895531    0.96618009    1.43592218    1.57352362    1.85421886    1.85524862    1.93456314    2.21727783    1.62441085    3.72731003    3.70602817    4.44684385    3.87884997    3.66258703    3.47716805    3.94202558    4.06529715    4.08303466    4.14866409    3.34555801    2.90284092    3.27135739    3.20655635    3.73804326    3.43772298    2.93632088    3.17824555    3.41420439    3.05567724    3.27971416    2.98553263    3.77257765    2.95332821    4.74038642    5.22431053    4.15727515    3.94018945    4.93983411    3.98698546    4.19595639    4.28179630    4.13486810    4.16122568    4.91777864    5.23048319    4.50567559    5.37575539    4.28201438    3.89908045    4.12484456    3.18381774    3.24422991    3.54090886    3.60451746    3.29417969    3.29059081
Q9CGT9_LACLA/14-149     3.40479111    3.53766747    3.37875664    4.24729211    3.64090204    3.43880162    3.83552094    3.67809893    3.88853477    3.81867524    3.57738042    4.47974209    3.87911814    4.24233566    3.96224883    4.24443811    3.67569189    3.45817662    1.82692269    1.41019044    1.53481292    1.42275159    1.39441155    1.41663957    1.68033987    1.03937653    1.02895531    0.00000000    1.06369151    1.63341920    1.63941868    1.68947816    1.65880921    1.58011366    2.04249810    1.62787189    3.36448605    3.19734062    3.88849188    3.98224209    3.21219247    3.34479358    3.14448525    3.13309396    3.74048949    3.51164752    3.44119640    3.05717586    3.27040742    2.70564736    2.97786886    3.84477795    3.46141159    2.91168734    3.31193989    2.91547953    3.12021592    2.71168600    4.19044421    3.52816115    4.47692546    4.51917593    3.72210131    3.35398035    3.60689522    3.91528601    3.70014234    4.37687973    3.98688938    3.72397413    4.43701048    4.71074038    4.56407689    4.92225259    4.14303599    4.14284047    3.99777578    4.36773406    3.57900499    4.08566226    3.76124032    3.83392720    3.51857137
Q8DYX7_STRA5/15-154     4.22259277    3.93469658    4.34268078    5.68825118    4.29450823    3.87923628    4.07068628    4.31302633    3.84381322    4.84541211    3.91720613    3.98557068    4.24406150    4.64127979    4.05974123    4.69000853    3.46151459    3.69405684    2.03057286    1.57470085    1.39216581    1.16861437    1.16048525    1.33839996    1.54704705    0.87603951    0.96618009    1.06369151    0.00000000    1.55373676    1.39035398    1.94875071    1.92862174    1.87543791    2.37809455    1.74015990    3.65880341    3.67836602    4.14758424    4.54384536    4.10712981    4.21073970    3.86330932    3.79335010    4.37786617    4.41141151    3.75329508    2.98404544    3.45705101    3.06304653    4.05400113    3.94675404    3.75694122    3.50677020    3.85721430    3.07068892    3.23788897    3.12601864    4.39720300    3.65183081    4.13422380    4.00832920    3.85818367    3.06427498    3.86290962    3.52203030    3.43642513    4.25884422    4.18085195    3.48061671    4.54197379    4.91081726    4.40063338    4.40197028    3.85102240    3.42432490    3.53765689    4.16714434    3.70306275    4.08963915    4.11887513    4.16799481    3.41341846
B2JWF2_PARP8/16-155     3.91829179    4.00212809    4.48918881    3.80530509    3.19962100    3.03401254    2.94907731    2.92824298    3.12243246    3.83912468    3.00773277    3.47381113    3.48508130    4.28567525    3.93611210    4.22204115    4.32835093    3.87761263    1.89074020    1.65135708    1.18856855    1.35793774    1.29178120    1.34904345    1.39130433    1.20569968    1.43592218    1.63341920    1.55373676    0.00000000    0.76740327    1.73191052    1.66575272    1.59537039    1.69239185    1.37261791    3.25711210    3.14967812    5.47756271    3.61960362    3.58430951    3.52193420    3.57665986    4.03818089    4.52503297    4.10551481    3.29445775    3.26677396    3.46943090    2.87068926    3.24154560    4.00415955    3.38296381    2.93466101    2.92675525    2.92478230    3.45176190    3.09114034    3.64569832    3.94170714    4.24832324    4.16395039    3.87791413    3.68293688    3.89804641    3.34159838    3.64057961    4.03385427    3.55035550    3.79618048    3.98233498    4.34763517    4.69693180    4.62122237    4.06899646    4.40948201    3.80411303    3.34596913    3.55445297    3.78876267    3.78281013    3.65982159    3.43084615
A0A380PFA5_YERPE/22-161     3.77732548    3.46837529    3.74452869    4.06358040    3.01506261    3.19008306    2.97511180    3.36040562    3.16432683    3.42844355    3.08211509    3.64376555    3.84625289    4.06423179    3.49667429    4.35730587    4.24810260    3.62366987    1.77630862    1.57992941    1.06761798    1.10063412    1.17099454    1.26842760    1.29820924    1.20517877    1.57352362    1.63941868    1.39035398    0.76740327    0.00000000    1.67870202    1.56925160    1.56862781    1.84073922    1.57052109    3.41649477    3.05457956    4.16068779    3.78932516    3.46318032    3.79510555    3.54800100    4.07859794    4.09227354    4.23286035    3.50883468    3.10318872    3.29042733    3.69898851    3.55853310    3.93480678    3.63013440    2.99533105    2.88608663    2.91175290    3.33056537    3.27246007    3.64840014    3.89713050    4.02073720    4.25978870    4.00100492    3.58245937    3.90362962    3.22671733    3.82409191    4.32298216    3.70582924    3.86627032    4.70031115    4.58292215    4.56750165    4.84317026    4.11009951    3.61369250    3.59980275    3.43875688    3.70165183    4.31914309    4.33172015    3.88221314    3.64478265
G0G0P2_AMYMS/12-152     3.62119533    4.90903056    4.79211587    3.92054361    4.07032609    3.59586942    3.59289610    3.68900324    3.84520007    3.82469204    3.66770050    4.42936195    5.13016382    4.14976452    4.29976098    4.83738155    4.31019520    4.13420060    1.99557996    1.93370625    1.42305618    1.56946144    1.51954772    1.63994280    1.49363017    1.68780982    1.85421886    1.68947816    1.94875071    1.73191052    1.67870202    0.00000000    0.30889376    0.54643015    1.05736549    1.51435088    3.21113860    2.92191043    5.05906094    3.82400799    3.75447000    3.23170856    4.07712901    4.03202294    3.49688702    3.25724669    3.08492727    3.02215151    3.22078261    3.26533748    3.62130746    3.48809814    3.60045200    2.53624463    2.89421793    3.40809839    3.24732682    3.44290277    3.51300139    3.25817863    5.36637097    5.45992377    4.38415135    3.68755362    4.18496398    3.81477774    4.15082117    4.30753302    3.58835875    4.79710352    4.82471468    4.88908725    6.48418639    5.12345537    3.92738062    3.96220711    3.82804510    4.59579344    3.90583409    5.04526300    5.32053884    4.42722046    3.34054323
R4T1I4_9PSEU/6-144     3.56212727    4.28553807    4.58666226    3.69454848    4.24294511    3.86502503    3.58984935    3.68620044    3.71671992    4.18081174    3.92474135    4.21447904    4.66189618    4.40537860    4.37002069    4.66717801    4.61121604    3.73850926    1.80247824    1.82404141    1.62677288    1.52326334    1.58909775    1.68197464    1.48272623    1.69414196    1.85524862    1.65880921    1.92862174    1.66575272    1.56925160    0.30889376    0.00000000    0.47847271    0.97848425    1.51768241    2.77275183    2.60339067    4.89216874    3.98483681    3.56318392    2.89351058    4.15357251    3.79286663    3.54488429    3.30771867    2.88373307    3.11415411    3.22928734    3.03006968    3.21738708    3.53085666    3.20243251    2.80576818    3.09571750    3.11446851    3.17264115    3.37377914    3.65553305    3.40162789    4.74333617    4.69682132    4.63838037    3.76169239    4.31006037    4.04948516    3.96695236    4.41174441    3.88780984    4.84877615    4.41227873    5.13683228    7.02798178    4.69244760    4.04591957    4.16156887    4.22461845    4.41314638    4.04853702    4.85443636    5.24821322    4.43758584    3.36629743
