16
L0AAL2_CALLD/9-75     0.00000000    1.60428884    1.60056155    1.32209214    2.31564008    2.15997133    2.16114403    2.16830136    1.92462924    2.62746020    3.10954942    1.42860641    1.95919240    1.72722915    1.77430279    2.01805829
N0BN81_9EURY/6-66     1.60428884    0.00000000    1.77937756    2.10906504    2.11547008    2.44173907    2.70640544    2.07502946    2.44969724    2.50354424    2.62038175    1.85464064    2.08039691    2.06736486    2.43030408    1.97897075
E3GWT6_METFV/5-70     1.60056155    1.77937756    0.00000000    1.89325005    1.57768372    1.62126574    2.28682383    2.15802473    2.32775000    2.68194688    2.68721659    2.02059051    2.24400433    2.39475791    1.91996461    2.32957199
I0A1J1_FERFK/3-67     1.32209214    2.10906504    1.89325005    0.00000000    1.23191030    1.77102448    2.40092860    2.28194267    2.58016823    2.44495577    2.49931256    1.54809729    1.62126719    1.68670383    1.32973377    2.14004428
A3DN31_STAMF/4-70     2.31564008    2.11547008    1.57768372    1.23191030    0.00000000    1.92198474    2.77250181    2.59977611    3.29144818    2.84658707    2.32454179    1.73681352    1.52235930    1.65236643    1.60362252    1.60398117
T0LBS9_9ARCH/2-62     2.15997133    2.44173907    1.62126574    1.77102448    1.92198474    0.00000000    1.43819371    1.78529426    1.86191110    1.85629334    2.06035860    1.73770711    2.48857117    2.48812290    2.44645080    2.40641760
Q6L1X4_PICTO/2-63     2.16114403    2.70640544    2.28682383    2.40092860    2.77250181    1.43819371    0.00000000    0.98545711    1.29139696    1.32051525    1.71841849    1.76846457    2.18465029    2.18840384    2.20310636    1.96125205
Q9HIB8_THEAC/3-66     2.16830136    2.07502946    2.15802473    2.28194267    2.59977611    1.78529426    0.98545711    0.00000000    1.41842890    1.65541087    1.61137485    2.01735803    1.78543140    2.08015966    1.89588187    2.15383323
T0LW98_9ARCH/5-66     1.92462924    2.44969724    2.32775000    2.58016823    3.29144818    1.86191110    1.29139696    1.41842890    0.00000000    1.64708513    1.96264088    1.75380602    1.74600310    1.65072273    1.79525495    2.35135035
T0LPK1_9ARCH/2-68     2.62746020    2.50354424    2.68194688    2.44495577    2.84658707    1.85629334    1.32051525    1.65541087    1.64708513    0.00000000    0.97033477    2.02937167    2.47206187    2.20631939    2.21215405    2.22162998
T0N6E8_9ARCH/3-68     3.10954942    2.62038175    2.68721659    2.49931256    2.32454179    2.06035860    1.71841849    1.61137485    1.96264088    0.97033477    0.00000000    1.86213230    2.08764431    1.99230012    2.09835740    1.66210396
A4YD68_METS5/2-65     1.42860641    1.85464064    2.02059051    1.54809729    1.73681352    1.73770711    1.76846457    2.01735803    1.75380602    2.02937167    1.86213230    0.00000000    0.73090958    0.76812347    0.73317996    0.83127878
Q96Y30_SULTO/2-64     1.95919240    2.08039691    2.24400433    1.62126719    1.52235930    2.48857117    2.18465029    1.78543140    1.74600310    2.47206187    2.08764431    0.73090958    0.00000000    0.44880873    0.46027971    0.69515613
Q4JA10_SULAC/2-64     1.72722915    2.06736486    2.39475791    1.68670383    1.65236643    2.48812290    2.18840384    2.08015966    1.65072273    2.20631939    1.99230012    0.76812347    0.44880873    0.00000000    0.59899278    0.76314958
F4B9N2_ACIHW/2-65     1.77430279    2.43030408    1.91996461    1.32973377    1.60362252    2.44645080    2.20310636    1.89588187    1.79525495    2.21215405    2.09835740    0.73317996    0.46027971    0.59899278    0.00000000    0.66263537
Q97TZ1_SACS2/2-64     2.01805829    1.97897075    2.32957199    2.14004428    1.60398117    2.40641760    1.96125205    2.15383323    2.35135035    2.22162998    1.66210396    0.83127878    0.69515613    0.76314958    0.66263537    0.00000000

