22
Q2IEK8_ANADE/16-300     0.00000000    3.26377234    2.48054625    2.74992637    2.22517448    2.19909036    2.04723494    2.44123338    2.42175157    2.39634643    2.31397091    2.63372112    2.52771822    2.47975712    2.61579880    2.42263304    2.13202830    2.14554191    2.85161670    2.64862132    2.39640997    2.91820461
D0LPQ5_HALO1/15-309     3.26377234    0.00000000    2.92374224    3.38100259    3.15528105    2.95010419    3.07821456    3.30711902    3.35206463    3.11601600    3.28354037    3.69336838    3.39601986    3.68848393    3.70661346    3.55890684    3.41475676    3.13749318    3.86643098    3.59985367    2.90612717    3.60191579
H8MPJ0_CORCM/16-298     2.48054625    2.92374224    0.00000000    0.93311672    0.88316530    2.35851009    2.21074713    2.33021375    2.86898358    2.40491961    2.75441558    2.91933978    2.73792558    2.92706510    3.01706371    2.85060646    2.58721615    2.57847290    2.86845060    3.14302728    2.60640451    3.14742550
H8MVH0_CORCM/14-299     2.74992637    3.38100259    0.93311672    0.00000000    1.02278172    2.71206655    2.80798580    2.34343054    2.95299096    2.94395436    3.08203048    3.23000189    3.10817002    2.96624344    3.27834859    3.14747665    2.66883403    2.64875982    3.55016425    3.59911655    2.63080385    3.66918987
H8MT72_CORCM/14-296     2.22517448    3.15528105    0.88316530    1.02278172    0.00000000    2.36510405    2.59361267    2.45006165    3.09669400    2.81564828    2.96882546    3.35520942    2.91372201    3.04328001    3.12499972    2.93567431    2.63571496    2.59603887    3.17284764    2.74024720    2.80813488    3.35365319
H8MJ60_CORCM/18-302     2.19909036    2.95010419    2.35851009    2.71206655    2.36510405    0.00000000    1.58970499    1.84759617    2.07610948    2.16381141    1.92985142    2.35744797    2.19684740    2.15116293    2.23816490    2.17572708    1.95199015    2.18115993    2.32057649    2.51330902    2.44342240    2.66929428
H8N109_CORCM/14-298     2.04723494    3.07821456    2.21074713    2.80798580    2.59361267    1.58970499    0.00000000    1.81106554    2.02353200    1.67837101    1.82318151    1.97287569    2.02597522    1.93563741    1.96635594    1.85113382    1.65831653    1.70349667    1.82527285    2.04401122    2.09082091    2.48743585
E3FJ25_STIAD/14-298     2.44123338    3.30711902    2.33021375    2.34343054    2.45006165    1.84759617    1.81106554    0.00000000    0.49667425    1.71202791    1.88428219    2.09945020    2.02620910    2.09207657    2.01290742    1.99345312    1.75334645    1.72621002    2.41903644    2.53135351    2.11161027    2.80756415
E3G0I6_STIAD/3-287     2.42175157    3.35206463    2.86898358    2.95299096    3.09669400    2.07610948    2.02353200    0.49667425    0.00000000    1.96135094    2.07570078    2.42584862    2.35893359    2.37125622    2.26447528    2.33937533    1.81544301    1.89312112    2.42280731    2.55088517    2.04884254    2.87675678
E3FWQ6_STIAD/13-278     2.39634643    3.11601600    2.40491961    2.94395436    2.81564828    2.16381141    1.67837101    1.71202791    1.96135094    0.00000000    1.08410848    0.97277916    1.03495019    1.08908121    1.14048436    1.03436576    1.64114351    1.78092062    2.43962328    2.51521100    1.92141529    2.64000927
H8MGZ3_CORCM/15-279     2.31397091    3.28354037    2.75441558    3.08203048    2.96882546    1.92985142    1.82318151    1.88428219    2.07570078    1.08410848    0.00000000    0.90534522    0.74624758    0.77084542    0.74239624    0.73554936    1.89720446    1.98806302    2.54620741    2.48078992    2.09106182    2.93342346
E3FHY1_STIAD/2-266     2.63372112    3.69336838    2.91933978    3.23000189    3.35520942    2.35744797    1.97287569    2.09945020    2.42584862    0.97277916    0.90534522    0.00000000    0.80010466    0.69573097    0.76910382    0.75208368    1.82361787    1.94978052    2.48438381    2.63948090    2.20080705    3.03594798
Q08ZA8_STIAD/13-279     2.52771822    3.39601986    2.73792558    3.10817002    2.91372201    2.19684740    2.02597522    2.02620910    2.35893359    1.03495019    0.74624758    0.80010466    0.00000000    0.29937151    0.44866879    0.38259234    2.06633335    2.26754954    2.68929174    2.60387165    2.49633246    3.19616766
Q094A6_STIAD/2-267     2.47975712    3.68848393    2.92706510    2.96624344    3.04328001    2.15116293    1.93563741    2.09207657    2.37125622    1.08908121    0.77084542    0.69573097    0.29937151    0.00000000    0.40568770    0.41708352    1.87558233    1.95085317    2.58485415    2.44223225    2.48601330    3.01912650
E3FGD2_STIAD/4-269     2.61579880    3.70661346    3.01706371    3.27834859    3.12499972    2.23816490    1.96635594    2.01290742    2.26447528    1.14048436    0.74239624    0.76910382    0.44866879    0.40568770    0.00000000    0.36688846    2.01946435    2.15874143    2.66751828    2.58517503    2.60863757    3.00022643
Q096L7_STIAD/2-267     2.42263304    3.55890684    2.85060646    3.14747665    2.93567431    2.17572708    1.85113382    1.99345312    2.33937533    1.03436576    0.73554936    0.75208368    0.38259234    0.41708352    0.36688846    0.00000000    2.05246990    2.19361873    2.60436683    2.51335948    2.60163717    3.11077288
E3FEV0_STIAD/14-290     2.13202830    3.41475676    2.58721615    2.66883403    2.63571496    1.95199015    1.65831653    1.75334645    1.81544301    1.64114351    1.89720446    1.82361787    2.06633335    1.87558233    2.01946435    2.05246990    0.00000000    0.52400000    1.85984868    2.12830035    1.90818817    2.30942304
Q09D12_STIAD/55-332     2.14554191    3.13749318    2.57847290    2.64875982    2.59603887    2.18115993    1.70349667    1.72621002    1.89312112    1.78092062    1.98806302    1.94978052    2.26754954    1.95085317    2.15874143    2.19361873    0.52400000    0.00000000    1.97203377    2.21815910    1.89156132    2.39103599
H8MJY7_CORCM/14-306     2.85161670    3.86643098    2.86845060    3.55016425    3.17284764    2.32057649    1.82527285    2.41903644    2.42280731    2.43962328    2.54620741    2.48438381    2.68929174    2.58485415    2.66751828    2.60436683    1.85984868    1.97203377    0.00000000    1.05894489    2.33114612    2.57113506
H8MQB7_CORCM/16-304     2.64862132    3.59985367    3.14302728    3.59911655    2.74024720    2.51330902    2.04401122    2.53135351    2.55088517    2.51521100    2.48078992    2.63948090    2.60387165    2.44223225    2.58517503    2.51335948    2.12830035    2.21815910    1.05894489    0.00000000    2.58871220    2.77233008
Q095C1_STIAD/14-304     2.39640997    2.90612717    2.60640451    2.63080385    2.80813488    2.44342240    2.09082091    2.11161027    2.04884254    1.92141529    2.09106182    2.20080705    2.49633246    2.48601330    2.60863757    2.60163717    1.90818817    1.89156132    2.33114612    2.58871220    0.00000000    2.12794818
Q08PJ5_STIAD/14-297     2.91820461    3.60191579    3.14742550    3.66918987    3.35365319    2.66929428    2.48743585    2.80756415    2.87675678    2.64000927    2.93342346    3.03594798    3.19616766    3.01912650    3.00022643    3.11077288    2.30942304    2.39103599    2.57113506    2.77233008    2.12794818    0.00000000

