118
ATP23_CRYNJ/56-224     0.00000000    0.53712357    0.61744467    0.59698282    0.60061645    0.87566736    0.59336808    0.60040769    0.48701886    0.71832304    0.51643850    0.49744580    0.45931599    0.44874490    0.64801995    0.48968175    0.65309786    0.65955625    0.72425130    0.86677820    0.82497039    0.87222709    0.84699262    0.80616196    0.86878824    0.83900673    0.77336809    0.71827183    0.84788010    0.83809304    0.88128302    0.81340664    0.88201887    0.84812085    0.89258564    0.84188167    0.79960269    0.80869753    0.83680796    0.92876727    0.85493835    0.75757734    0.69038568    0.74500747    0.75641703    0.70555577    0.73641783    0.82740630    0.70673579    0.81123487    0.78296807    0.80339527    0.83183642    0.81355696    0.83631491    0.87834514    0.94009407    0.86362179    0.82846215    0.83626356    0.82268057    0.72961662    0.79685544    0.60879448    0.78633464    0.81971748    0.80652662    0.76927888    0.83522739    1.23581047    1.13602715    1.02788113    1.10029138    0.85888268    1.04950705    1.11042647    1.21420611    1.43630055    1.17137437    1.25114624    1.22709564    1.21168864    1.22499304    1.16732457    1.12576756    1.20120602    1.10241187    1.24816536    1.32263950    1.39454614    1.29722166    1.73543234    1.48508415    2.24467435    1.50672673    1.46545806    1.32900742    1.08049139    1.08048437    1.05128406    1.00702648    0.94344417    0.94668191    1.00982551    1.07477163    1.57717305    1.22786506    1.48399240    1.44885241    1.38768405    1.34993072    1.30537652    1.49468870    1.43167123    1.36597713    1.37644971    1.36912823    1.26088608
ATP23_MALGO/53-239     0.53712357    0.00000000    0.50657055    0.42400990    0.74533993    0.92592690    0.72731518    0.81319649    0.68723192    0.77934316    0.68358433    0.66941243    0.68390566    0.70768365    0.82096958    0.68083655    0.72178413    0.82445037    0.74833718    0.86980683    0.84256610    0.99441491    0.96234941    0.89823415    0.88623343    0.87527758    0.76046173    0.80474119    0.83478301    0.85262292    0.87644499    0.81970299    0.91092340    0.82353451    0.82514466    0.84780464    0.85663393    0.83448282    0.86493110    0.95835006    0.94404772    0.85380047    0.73038873    0.87289135    0.84986858    0.86262602    0.87350063    0.80763905    0.77275374    0.86882012    0.83771889    0.80581468    0.81949593    0.95281015    0.98949047    0.97516293    1.04314242    1.05842228    0.95210076    1.00616588    1.00058384    0.87176215    0.79633436    0.72014156    0.98677041    0.89554324    0.89219154    0.76966320    0.95843068    1.39850844    1.33950079    1.20983289    1.12589122    1.01993744    1.11461684    1.14481211    1.23060564    1.45383194    1.18420270    1.31875260    1.23139751    1.25964776    1.28374438    1.23640452    1.16590034    1.30981582    1.21426871    1.28882969    1.44433782    1.47735213    1.46710420    1.86246070    1.52926768    2.28271611    1.61778943    1.56422940    1.46087083    1.15851980    1.23219918    1.11178840    1.16622201    1.10723563    1.09962728    1.11727726    1.32569863    1.65753997    1.46286303    1.74948753    1.58213180    1.60360921    1.51670997    1.56666489    1.60041520    1.60565923    1.50930121    1.56414088    1.67129055    1.62508178
I2FQG6_USTH4/22-224     0.61744467    0.50657055    0.00000000    0.25622451    0.84135057    0.98221697    0.87791475    0.87983725    0.86560863    0.86300234    0.81608119    0.80936266    0.81099800    0.76888666    0.86776761    0.72697175    0.85529351    0.91879700    0.91027500    0.96708768    0.99744223    1.10796943    1.00878556    0.98645631    0.99739383    1.07919593    0.92514919    0.97044417    0.95862357    0.98041938    0.98592348    0.97767443    1.09713540    0.94953751    1.00344845    0.99772036    1.02279965    0.97829905    0.96407744    1.02828896    1.05150282    0.93615121    0.82392038    0.91392062    0.89437694    0.97488307    0.91374491    0.97948406    0.92336000    0.98619193    0.98566490    0.90116713    0.99204805    0.94258416    1.10335631    1.16002777    1.20183150    1.11694312    0.98249871    1.01463850    1.16887718    1.00282707    0.97476810    0.76502018    1.04107269    1.08674693    1.00917653    0.83879458    0.99490665    1.46303572    1.36099995    1.21932225    1.34264832    1.05073323    1.17109952    1.09188807    1.29032766    1.42080615    1.22520026    1.30514626    1.30176892    1.34650743    1.37718732    1.30820816    1.28789816    1.38859105    1.28620108    1.41165476    1.40083407    1.49158472    1.46536890    1.90429285    1.52901457    2.24025289    1.40807754    1.47069616    1.40720210    0.99985492    1.16331108    1.20023697    1.21825943    1.07192983    1.09762895    1.12208809    1.24994367    1.61925672    1.35812802    1.63721792    1.47261624    1.45035080    1.40512360    1.40929821    1.40594967    1.46194399    1.37473228    1.43225014    1.48882590    1.54537466
ATP23_USTMA/19-214     0.59698282    0.42400990    0.25622451    0.00000000    0.76082368    0.90465798    0.77243488    0.82559432    0.80759284    0.80635197    0.81038763    0.78506512    0.80118151    0.73507329    0.87373290    0.70447635    0.80446730    0.87303515    0.84871296    1.00550807    0.97003942    1.05913763    0.91781642    0.95067645    0.97780304    1.00535046    0.86064967    0.85209819    0.90706971    0.89943536    0.92887267    0.86888898    1.06072136    0.91746620    0.93060842    0.90429754    0.94461154    0.92381215    0.90348642    1.01197193    0.98147579    0.87615827    0.76415378    0.81443293    0.88322435    0.92955454    0.85446488    0.90872768    0.84411934    0.92273109    0.92565564    0.80289785    0.87933857    0.86846820    1.03637622    1.08475637    1.08153836    1.07014565    0.88648863    0.95895345    1.05670633    0.95243797    0.90361009    0.74054921    0.99411267    0.97199974    0.93526847    0.81889299    1.02813761    1.37793714    1.25321686    1.16129904    1.22994696    1.02072006    1.08313739    1.05137849    1.28714459    1.42796710    1.19193080    1.27887465    1.26585357    1.36521866    1.38167916    1.30356807    1.22820384    1.32805833    1.23640516    1.40339659    1.43008415    1.48132189    1.45595983    1.97421049    1.52267816    2.15777299    1.35992976    1.46711531    1.37112472    1.05113876    1.17137446    1.18222430    1.23680282    1.03899698    1.06722676    1.18464123    1.19994435    1.52377697    1.34376855    1.73720821    1.54853905    1.46848847    1.43540870    1.44472966    1.42626406    1.47534601    1.37476153    1.40308016    1.52103184    1.49842665
L8X4Z9_THACA/75-251     0.60061645    0.74533993    0.84135057    0.76082368    0.00000000    0.94804254    0.76004520    0.72556973    0.72838585    0.84665821    0.69165052    0.73608727    0.68935741    0.62287579    0.85930201    0.70611766    0.77377748    0.84601233    0.91293026    1.08485215    0.88094448    1.06174158    0.99177760    0.92847512    0.98407689    0.98733121    0.98946943    0.94888444    1.07338233    0.93608032    1.06704711    0.97861552    1.08546357    0.99896401    0.98565156    1.03322926    1.03940111    0.95613497    1.01186022    0.99635532    1.16294255    0.95998376    0.95437018    0.92616149    0.96521974    0.93121692    0.97887559    1.10415357    1.00138502    0.92248128    1.00731283    0.95139554    1.07261249    1.00964019    1.01897814    1.00666500    1.08610401    1.11226866    0.90029397    0.94857706    1.07817062    0.98415762    0.87103718    0.80725003    1.00667969    1.03660467    0.99257736    0.83951387    1.12725885    1.57953306    1.36865763    1.33849184    1.45682487    1.06154142    1.18653315    1.41189740    1.49728042    1.71707614    1.51235281    1.57256560    1.47390955    1.54150829    1.50798943    1.44774458    1.42617380    1.43551410    1.33791943    1.52232285    1.58357418    1.51016165    1.37786032    1.96995955    1.70413558    2.42214912    1.56694552    1.57724988    1.63387804    1.35704822    1.44738654    1.57465658    1.45516147    1.31065200    1.30388088    1.33805021    1.33896308    1.90025033    1.66440685    2.00103508    1.63059279    1.73449415    1.66569967    1.64030769    1.75778434    1.77420652    1.71621180    1.63929924    1.63853277    1.75382943
F4S4E7_MELLP/48-236     0.87566736    0.92592690    0.98221697    0.90465798    0.94804254    0.00000000    0.77353680    1.08837616    0.86765381    0.92335313    0.87028893    0.96858077    0.91614404    0.78722997    0.84599049    0.84934298    0.90845942    0.93364355    0.89875565    0.99882345    0.90440256    1.02040864    1.04181834    0.87178631    0.91321423    0.98113040    0.89601735    0.95530797    0.98605369    0.90477137    0.90411291    0.95453886    1.07968071    1.00544966    0.95796667    0.97052815    0.98026439    0.99122232    0.96126543    1.00622385    1.07784913    1.04381523    0.99020874    1.01000781    1.00458656    1.09570784    0.97817542    1.01029174    1.05158280    1.06395025    1.04674633    0.93530822    0.98048999    0.91175014    0.94264773    1.03684088    1.06752610    1.12152242    0.93595712    0.98188452    1.07065848    1.02060940    1.07154656    0.88628128    1.06857827    1.02570924    0.97775329    1.05967792    1.04715489    1.28213254    1.18568901    1.27626263    1.31226317    1.09175968    1.29622557    1.17885293    1.29378405    1.34277683    1.28539750    1.27564056    1.22524591    1.29510264    1.30497272    1.21613605    1.13636998    1.34328740    1.23093568    1.36514798    1.64618133    1.59207454    1.50939472    1.86890676    1.67053795    2.35838648    1.54219610    1.63697890    1.39251355    1.31519834    1.39625933    1.25380768    1.05335279    1.23464222    1.19657990    1.25209616    1.24589077    1.67625727    1.55779276    1.74646735    1.63956205    1.53888500    1.66476324    1.59309096    1.73207710    1.64679230    1.65807643    1.64768448    1.74723713    1.54016636
U5H528_USTV1/103-290     0.59336808    0.72731518    0.87791475    0.77243488    0.76004520    0.77353680    0.00000000    0.80689808    0.71196921    0.86334911    0.71656519    0.82756790    0.72201266    0.63717691    0.73316948    0.78062363    0.79017378    0.72096603    0.70711643    0.83894780    0.86298132    0.89990387    0.74573884    0.82935819    0.84768686    0.81717490    0.75999990    0.82269214    0.85695123    0.88433640    0.78983701    0.76127655    0.83055530    0.88407046    0.77820394    0.80766136    0.82100744    0.79631440    0.77686086    0.92543406    1.02430822    0.78882520    0.72054631    0.77123105    0.79265437    0.79839816    0.81438304    0.82895175    0.83056732    0.83847811    0.82808987    0.86618556    0.84005432    0.88078544    0.90569201    0.94973726    1.03892286    0.96726270    0.85188393    0.96711424    0.96898902    0.85423547    0.89464660    0.72513367    1.00086890    0.95221924    0.92234083    0.88256355    1.05658338    1.34630205    1.23802330    1.21224346    1.28072872    0.95635503    1.22553864    1.13909053    1.30673122    1.55511345    1.27648344    1.27320131    1.23691017    1.30379170    1.30943351    1.25505869    1.22427634    1.33025599    1.28590056    1.36311632    1.35961483    1.36543505    1.35153369    1.85745938    1.55078663    2.09269321    1.52280302    1.58071748    1.48750765    1.29069299    1.30661155    1.29784482    1.19604517    1.30485806    1.26689973    1.22056214    1.26164135    1.71488367    1.35658815    1.58587981    1.56708530    1.53314505    1.48461012    1.42429970    1.56603431    1.51615836    1.44304245    1.41744937    1.35226440    1.57871086
G4T9D8_SERID/55-223     0.60040769    0.81319649    0.87983725    0.82559432    0.72556973    1.08837616    0.80689808    0.00000000    0.61332036    0.81733283    0.68676104    0.63269635    0.62705161    0.57345811    0.75052046    0.73816409    0.64338977    0.82493250    0.82050656    1.06836963    0.96539171    0.94084708    0.93499225    1.04003940    0.86885477    0.91294504    0.92710487    0.84203042    0.89385501    0.90801778    0.94866005    0.92011305    1.01310057    0.98848324    0.99226879    0.92254810    0.98419190    0.93393009    0.97460863    0.94167101    1.10530565    0.89390504    0.83953840    0.84545946    0.86170745    0.83965929    0.85054713    0.96630577    0.93670563    0.76723144    0.87877465    0.88579783    0.95245978    0.96786452    1.03495393    1.01791596    1.07985780    1.02220300    0.91518128    0.97984818    1.05049843    0.84419959    0.86400098    0.79941546    0.94731684    0.95407085    0.99053639    0.86939738    1.01046328    1.57202099    1.27701359    1.12881542    1.16289433    1.02378995    1.11351615    1.18087333    1.31860161    1.51631233    1.30916983    1.38550672    1.32786304    1.33659005    1.31626216    1.29504183    1.24450603    1.28990599    1.21905860    1.39492824    1.34626417    1.37042637    1.29978075    1.64766099    1.48562569    2.17731833    1.49828982    1.51322331    1.42001725    1.07728126    1.14441444    1.22257215    1.15266313    1.10185837    1.04173622    1.11687300    1.13621417    1.42408123    1.43430379    1.36000904    1.47383759    1.42338864    1.27396756    1.27539355    1.28144025    1.46677645    1.34941378    1.33151384    1.28508530    1.42922171
V2XQ57_MONRO/51-229     0.48701886    0.68723192    0.86560863    0.80759284    0.72838585    0.86765381    0.71196921    0.61332036    0.00000000    0.57536567    0.38760854    0.40002596    0.35174852    0.38615364    0.54383106    0.55364900    0.73511395    0.72605769    0.72559536    0.86489678    0.84790514    0.87179057    0.87242946    0.85931638    0.88915151    0.85404217    0.92436664    0.87117065    0.99232683    0.96161012    1.00049567    0.93944100    0.98263968    0.96174119    0.98460019    0.88691681    0.92766853    0.85957688    0.82157802    1.02803349    0.91041027    0.90485295    0.83199825    0.85108107    0.88609521    0.86500264    0.87632709    0.94806974    0.85603315    0.80861872    0.85415938    0.84177435    0.92190928    0.88887192    0.90206971    0.87048121    0.89578853    0.90031577    0.86028062    0.88075276    0.90193171    0.83330113    0.78123260    0.74492318    0.79398159    0.78027860    0.80385470    0.87182374    0.93000508    1.49164961    1.27249161    1.02116501    1.15209785    1.00644361    1.09829886    1.11921454    1.14256445    1.32236371    1.15018006    1.20008833    1.12394350    1.16802624    1.15733302    1.14640425    1.05476603    1.21890818    1.14790706    1.16509190    1.39837463    1.41488712    1.28998575    1.70350696    1.45685974    2.24861865    1.67204590    1.57217159    1.47795403    1.27299342    1.33648125    1.14831358    1.10734277    1.04179110    0.99906226    1.10411068    1.26150285    1.70993241    1.38767920    1.48606745    1.62334114    1.43908356    1.37857385    1.34405373    1.55023777    1.55345381    1.45663191    1.51477955    1.43528167    1.56297607
D8Q7D1_SCHCM/59-229     0.71832304    0.77934316    0.86300234    0.80635197    0.84665821    0.92335313    0.86334911    0.81733283    0.57536567    0.00000000    0.51965338    0.54035274    0.57313166    0.56830119    0.67288828    0.68948046    0.71951051    0.87948607    0.79897367    0.99844707    0.94981578    1.02369586    1.01739891    1.03057222    0.97142446    0.99637482    0.91762076    1.01649550    0.99873127    0.95216272    0.96087639    0.95681579    1.01740213    0.95926678    0.96347814    0.87625817    0.99770228    0.95835976    0.95371536    0.96771183    1.02266299    0.96124398    0.91095687    0.92749268    0.98048604    0.91351929    0.89153158    0.94087123    0.96878459    0.88857729    0.97380034    0.93699721    0.99496403    0.94681828    0.96961961    0.98472427    1.00679856    1.03274538    0.93783089    0.97711518    0.99015871    0.89888432    0.87489316    0.86379672    0.95657211    0.87725928    0.88418079    0.85164574    0.82545994    1.37955612    1.35955020    1.05758533    1.20835715    0.98451540    1.17159923    1.16555994    1.20145985    1.28099934    1.19328894    1.16914459    1.18223989    1.19688316    1.16554543    1.13795571    1.13691851    1.17344248    1.18823047    1.27585352    1.43534148    1.53397157    1.41921173    1.51251614    1.44516392    2.25836622    1.48283622    1.47760272    1.31057360    1.05809916    1.05153386    1.08521178    1.07513436    1.05924486    1.03546518    1.05977425    1.17116139    1.46228992    1.22833194    1.53196741    1.44838339    1.36150099    1.29582519    1.30281392    1.38813947    1.33849096    1.36990230    1.45391710    1.31581902    1.43591783
K5XL92_AGABU/23-192     0.51643850    0.68358433    0.81608119    0.81038763    0.69165052    0.87028893    0.71656519    0.68676104    0.38760854    0.51965338    0.00000000    0.33547804    0.29579077    0.38277300    0.61515263    0.60683049    0.70872314    0.71921676    0.74005957    0.86568973    0.85596587    0.92133251    0.92175667    0.85636071    0.86618065    0.88346256    0.78799837    0.79355438    0.90214403    0.82342722    0.90725119    0.89185686    0.93560855    0.93466295    0.95077281    0.87919059    0.90131117    0.82606596    0.82499886    1.02653281    0.93441514    0.88595420    0.87753144    0.83299773    0.90878491    0.89449111    0.86629492    0.96756228    0.89408940    0.82775779    0.85903974    0.89555933    0.95385635    0.92284433    0.84909872    0.89739367    0.89591676    0.90906531    0.80372642    0.88222561    0.83140913    0.84477540    0.77437743    0.72317094    0.84692514    0.81654111    0.79475375    0.80978186    0.82616340    1.31331434    1.22311777    1.00937111    1.11150897    0.91269996    1.08752642    1.10371980    1.22489349    1.43237575    1.22643724    1.22757394    1.18391796    1.15320823    1.17105670    1.10926905    1.09278430    1.15275830    1.10537389    1.16610252    1.40123896    1.38917103    1.26728868    1.41209881    1.50775118    2.30615692    1.50750419    1.47892439    1.30328639    1.09158582    1.14178020    1.16869603    1.05351664    1.12336006    1.01114745    1.08425800    1.04926457    1.57259298    1.28358963    1.57427538    1.57996314    1.47834954    1.45981128    1.31850495    1.56524675    1.56343589    1.52801869    1.55778047    1.50479547    1.46568679
D6RKC6_COPC7/63-230     0.49744580    0.66941243    0.80936266    0.78506512    0.73608727    0.96858077    0.82756790    0.63269635    0.40002596    0.54035274    0.33547804    0.00000000    0.26336271    0.36070453    0.63588829    0.55947076    0.68455200    0.77304424    0.72783956    0.82231518    0.83114090    0.88175242    0.88249555    0.87574746    0.81523334    0.83653268    0.83065377    0.80145114    0.87923185    0.80301562    0.88497052    0.86114500    0.93259799    0.89050819    0.89158244    0.86997177    0.90131728    0.82130947    0.84588590    1.00477524    0.87514026    0.84617977    0.76159495    0.82246350    0.88315670    0.85310982    0.83994577    0.92832829    0.80832798    0.82528313    0.79841589    0.80020256    0.90048968    0.87477813    0.86990335    0.92847004    0.89591058    0.87133922    0.77966812    0.87260938    0.82718472    0.81126295    0.73192022    0.74013547    0.79326716    0.80628322    0.77412798    0.81341868    0.84725971    1.41978823    1.22740970    1.01541862    1.15666816    0.97669985    1.07007902    1.14706422    1.09606956    1.30902024    1.14210312    1.15394138    1.10682636    1.09785067    1.05861949    0.97213178    0.98878164    1.04898682    1.05054730    1.03588493    1.17179153    1.27860843    1.18003737    1.63501870    1.44968025    2.44144148    1.41566042    1.45598004    1.33293733    1.06868184    1.15084503    1.08344143    1.05084101    0.96645039    0.91088144    0.99053481    1.00767880    1.48688879    1.20425660    1.36069890    1.45029569    1.29379918    1.25833604    1.19695875    1.38343464    1.39171490    1.34158995    1.35280183    1.40510520    1.44540772
B0DW45_LACBS/43-212     0.45931599    0.68390566    0.81099800    0.80118151    0.68935741    0.91614404    0.72201266    0.62705161    0.35174852    0.57313166    0.29579077    0.26336271    0.00000000    0.26914015    0.60803704    0.58895676    0.73402881    0.69557846    0.76224313    0.87005096    0.83980732    0.92432340    0.88431175    0.86507916    0.86379865    0.88908191    0.89050945    0.81721255    0.93124227    0.85652471    0.84952278    0.89921530    0.97065113    0.88995063    0.94852541    0.90308869    0.96699427    0.82138892    0.82843414    1.04425305    0.92995638    0.80670582    0.76837301    0.76749677    0.84158384    0.78035445    0.76158881    0.90689025    0.82282653    0.73020674    0.76013222    0.75968392    0.91058442    0.87055072    0.86284911    0.89076609    0.89052222    0.87076767    0.73895471    0.86779015    0.84319712    0.74825996    0.76126369    0.72280570    0.77190779    0.85289903    0.80403498    0.85528361    0.86085273    1.43467085    1.30791458    0.95268982    1.11748042    0.92965277    1.02854285    1.00860323    1.12621374    1.36788480    1.14536549    1.15239363    1.07428336    1.11096105    1.17243410    1.10189441    1.08599830    1.17642928    1.05192878    1.13077157    1.33203186    1.30357156    1.19671829    1.64755817    1.54696560    2.47312703    1.61074665    1.56285155    1.39379840    1.07692865    1.12172187    1.07872559    1.06345174    1.03012313    0.92000377    0.97564641    1.01813669    1.60084354    1.16605587    1.43324950    1.50587426    1.36547802    1.31622847    1.25885380    1.43067249    1.48838774    1.40773271    1.42739391    1.36291305    1.45750154
F8QD65_SERL3/48-216     0.44874490    0.70768365    0.76888666    0.73507329    0.62287579    0.78722997    0.63717691    0.57345811    0.38615364    0.56830119    0.38277300    0.36070453    0.26914015    0.00000000    0.50709549    0.54041691    0.64519871    0.66332659    0.72925122    0.91438355    0.85503133    0.90675800    0.88603349    0.82882658    0.84095186    0.90326564    0.83258586    0.82161012    0.85680017    0.76666765    0.82388655    0.86074268    0.97479037    0.94622699    0.89761019    0.87876061    0.96666791    0.82170748    0.77351353    0.98822040    0.86153413    0.69621261    0.65595578    0.70059082    0.70710823    0.71407422    0.66933214    0.79950979    0.70868132    0.66183892    0.69469981    0.68787166    0.77025919    0.68740588    0.77867132    0.77639941    0.80575211    0.82239543    0.65059924    0.70641373    0.71057998    0.68298378    0.67038036    0.66313985    0.79668942    0.80439644    0.74890430    0.72321222    0.85805172    1.37966377    1.08324660    1.10690189    1.10614470    0.85481689    1.05325107    0.98342133    1.17040580    1.42196949    1.21021379    1.19225025    1.09301386    1.09885019    1.10633818    1.01932559    1.07629429    1.13052878    1.01432037    1.11163382    1.37966479    1.41426574    1.27471438    1.74887481    1.47337182    2.40519754    1.51767625    1.51948999    1.47515929    1.00256110    1.12427166    1.11035874    0.99502720    0.91902508    0.89186748    1.00099153    0.96053969    1.55491246    1.18568359    1.34588695    1.57431342    1.34710471    1.22307704    1.27171650    1.44286648    1.34532267    1.27436434    1.32493852    1.29620024    1.23445491
M2RCZ4_CERS8/57-224     0.64801995    0.82096958    0.86776761    0.87373290    0.85930201    0.84599049    0.73316948    0.75052046    0.54383106    0.67288828    0.61515263    0.63588829    0.60803704    0.50709549    0.00000000    0.74982438    0.82032035    0.80122537    0.74467094    0.90256041    0.84291974    0.91059764    0.93705842    0.83265245    0.86796189    0.96020763    0.83534929    0.80539457    0.88720385    0.88734559    0.89326418    0.89845288    1.01934164    0.98924000    0.92871605    0.84486009    0.98831655    0.88782560    0.93432823    1.02827109    0.96416254    0.95987628    0.87066406    0.88000001    0.93125308    0.87817482    0.88733500    1.01367769    0.91890533    0.92966203    0.92723540    0.93363728    0.96675950    0.93516973    1.02530828    0.94865505    0.95560508    1.00206795    0.95379686    0.93717425    0.96110873    0.87892647    0.89241065    0.88052874    0.95523706    1.00811295    0.91158836    0.85283972    0.89847115    1.42274573    1.13646632    1.19968904    1.31777094    0.99962218    1.20980766    1.37410512    1.36498761    1.48234308    1.39158090    1.47789098    1.36173155    1.35140128    1.30587400    1.21782582    1.24749472    1.35735207    1.22437000    1.28727121    1.40169755    1.38181146    1.36178318    1.90780385    1.52473613    2.07098385    1.70152320    1.45677478    1.42340968    1.18983264    1.28243552    1.12635446    1.14885110    1.10032333    1.18606692    1.12800006    1.16217614    1.65978423    1.37709558    1.44332959    1.67844297    1.51955681    1.44620118    1.38251108    1.73300053    1.58530901    1.50731850    1.59103590    1.49873663    1.45739409
A0A015ID35_RHIIW/53-221     0.48968175    0.68083655    0.72697175    0.70447635    0.70611766    0.84934298    0.78062363    0.73816409    0.55364900    0.68948046    0.60683049    0.55947076    0.58895676    0.54041691    0.74982438    0.00000000    0.49460164    0.69041783    0.79987049    0.97246390    0.92439325    0.94100264    0.92687083    0.88314340    0.87208686    0.89155414    0.82921579    0.83794884    0.94252433    0.87474486    0.86104854    0.88481636    1.04849290    0.91551702    0.95261115    0.94781379    1.00689799    0.91090406    0.96701407    0.96082721    0.94272544    0.77915329    0.79092298    0.84834677    0.83433592    0.81430582    0.81253136    0.91120438    0.81199210    0.83634527    0.79917175    0.81472153    0.87440622    0.86349145    0.98296591    0.97534000    1.06208845    1.06878642    0.86406844    0.96194192    0.99301267    0.86620386    0.84369227    0.78311378    0.80532350    0.78776775    0.78742441    0.75540577    0.92980646    1.20554858    1.16520318    1.06652784    0.95572920    0.93871117    1.03453390    1.05650011    1.13896649    1.32119570    1.17084481    1.25500822    1.13315185    1.21770421    1.12771633    1.12857301    1.06258744    1.19307599    1.06960985    1.22120872    1.38619640    1.23052512    1.28200893    1.68273007    1.62128450    2.21540757    1.49094235    1.26598038    1.22254435    1.11989902    1.14337884    1.07773273    1.01494770    1.03195132    1.02199965    0.98004360    1.06818352    1.47677253    1.21535837    1.38260915    1.46909736    1.18469082    1.23844689    1.19769565    1.27400639    1.27030010    1.21095527    1.27572154    1.30310711    1.35708465
S2JT61_MUCC1/58-226     0.65309786    0.72178413    0.85529351    0.80446730    0.77377748    0.90845942    0.79017378    0.64338977    0.73511395    0.71951051    0.70872314    0.68455200    0.73402881    0.64519871    0.82032035    0.49460164    0.00000000    0.64427299    0.74048503    0.80218535    0.84151635    0.94886338    0.95731399    1.00310560    0.81963062    0.84735560    0.78413716    0.81072172    0.90616581    0.90468416    0.91751919    0.84132146    0.94035145    0.84730284    0.83560876    0.85932408    0.88797060    0.86732754    0.88181223    0.81715039    0.93156264    0.67795875    0.67793731    0.73401876    0.73392424    0.73830257    0.73401592    0.76399643    0.81646756    0.73543327    0.72911642    0.79204193    0.72379678    0.84417625    0.83158910    0.72921557    0.88883874    0.91128201    0.71333506    0.78246676    0.79511886    0.77939386    0.78660502    0.73820695    0.69873910    0.71522114    0.75667744    0.66805453    0.87823409    1.49243463    1.26903934    1.05100227    1.06027860    0.99352101    1.08395553    1.11153568    1.30190087    1.41375660    1.34301575    1.36167614    1.24361821    1.35272654    1.36842679    1.20467651    1.21879904    1.30582313    1.10327872    1.33561102    1.35329000    1.32242745    1.27309785    1.60735498    1.45724673    2.20047510    1.57702000    1.27718394    1.23194825    1.12080241    1.17217410    1.24768331    1.13234920    1.09674933    1.12328271    1.03631551    1.15701982    1.54081246    1.26601012    1.49515997    1.60269610    1.45456090    1.40310330    1.38675109    1.47295088    1.35766162    1.37918645    1.43656205    1.44807793    1.32765349
D5GBG7_TUBMM/48-217     0.65955625    0.82445037    0.91879700    0.87303515    0.84601233    0.93364355    0.72096603    0.82493250    0.72605769    0.87948607    0.71921676    0.77304424    0.69557846    0.66332659    0.80122537    0.69041783    0.64427299    0.00000000    0.55042813    0.66081864    0.65385412    0.60445247    0.70308002    0.64938555    0.61773300    0.67794698    0.53440384    0.59416513    0.65575073    0.67003082    0.67157915    0.55107340    0.62648075    0.60055866    0.60986228    0.62971843    0.65105602    0.57893737    0.58212305    0.60138257    0.88246636    0.58813891    0.53053175    0.61898278    0.65608968    0.65269633    0.64505290    0.60368648    0.66797858    0.58712096    0.64307272    0.69620112    0.61002396    0.78863680    0.76633400    0.87527588    0.95109388    0.93829536    0.80850975    0.80155567    0.78698967    0.68843145    0.66389190    0.80730925    0.83241131    0.87944319    0.76766767    0.82919982    0.83349447    1.36640369    1.31215608    1.17575888    1.06762548    0.96445729    1.11031175    1.16695051    1.40783713    1.59202473    1.47969775    1.41722645    1.39985698    1.41283130    1.43070512    1.28000884    1.32125598    1.42685276    1.34888418    1.44517998    1.42314579    1.26580682    1.24664287    1.64602021    1.47515463    2.03032264    1.34686319    1.48446633    1.29228407    1.13923874    1.23094301    1.26894002    1.15731652    1.20116897    1.21877291    1.25934914    1.15918525    1.62688134    1.31536249    1.42061309    1.67838289    1.56770555    1.48654429    1.37946833    1.63684753    1.48953297    1.47196840    1.49933418    1.51125450    1.46493328
ATP23_ASPCL/63-233     0.72425130    0.74833718    0.91027500    0.84871296    0.91293026    0.89875565    0.70711643    0.82050656    0.72559536    0.79897367    0.74005957    0.72783956    0.76224313    0.72925122    0.74467094    0.79987049    0.74048503    0.55042813    0.00000000    0.36402354    0.31390428    0.44680792    0.52872471    0.49473579    0.35501641    0.43164675    0.41117802    0.44484863    0.45236217    0.45742853    0.52499349    0.43684934    0.42740655    0.49148148    0.51558399    0.41485210    0.46356516    0.41158394    0.42992568    0.58592947    0.81422766    0.74417862    0.67581711    0.70581811    0.75590901    0.72189213    0.71049749    0.75296137    0.70618557    0.77280267    0.70498011    0.71329772    0.70933632    0.69404526    0.80721296    0.84285868    0.90717809    0.88274764    0.75836339    0.74717004    0.78741698    0.76958802    0.60538535    0.74217307    0.87872020    0.93106022    0.92452292    0.79313659    0.89629284    1.40699533    1.27891063    1.00664291    1.03577157    1.03669903    1.17574038    1.32641273    1.27568024    1.59203980    1.34506349    1.34395709    1.23084265    1.21962855    1.23452514    1.22059277    1.16274037    1.33603078    1.17716228    1.28456664    1.35841528    1.28997253    1.31812719    1.73451855    1.36673679    1.96048333    1.27250279    1.60695204    1.47443425    1.20066802    1.20445698    1.24605663    1.16089493    1.07964704    1.17952196    1.13732883    1.11045043    1.47771871    1.42616816    1.51490050    1.44017035    1.53115607    1.49428968    1.44657680    1.52653558    1.59192428    1.62889107    1.57455744    1.49867178    1.41014070
H6BU08_EXODN/80-252     0.86677820    0.86980683    0.96708768    1.00550807    1.08485215    0.99882345    0.83894780    1.06836963    0.86489678    0.99844707    0.86568973    0.82231518    0.87005096    0.91438355    0.90256041    0.97246390    0.80218535    0.66081864    0.36402354    0.00000000    0.42883153    0.61175385    0.65712212    0.60126053    0.57854905    0.62600479    0.55029023    0.57666150    0.61065208    0.64993780    0.64917091    0.61487038    0.69817813    0.66316948    0.70074058    0.60350461    0.66655346    0.57538979    0.59021030    0.79916911    0.95263677    0.78829132    0.76358994    0.79432026    0.85995105    0.78886253    0.87950072    0.90874921    0.90139284    0.88645999    0.92561478    0.87863338    0.81632927    0.79894235    0.79931024    0.85613505    0.93411177    0.88885879    0.77774321    0.81341047    0.81631733    0.88264691    0.64467589    0.78464998    0.90098704    0.93305650    0.85432982    0.86686824    0.94940959    1.55388887    1.44767304    1.11331295    1.23811118    1.07707227    1.10712925    1.34850526    1.27141452    1.41124031    1.32357008    1.39261166    1.21713016    1.30218960    1.27382645    1.23926600    1.19073911    1.32651425    1.19863249    1.28256274    1.29366447    1.33906707    1.23952263    1.86890023    1.43745906    2.33439874    1.39212711    1.64790944    1.56967183    1.24734711    1.23651127    1.36310043    1.23012467    1.22505316    1.23697137    1.10106968    1.13595391    1.50467962    1.43909039    1.48308990    1.52932755    1.33878878    1.45860745    1.46447814    1.57688688    1.43398386    1.54601687    1.43434809    1.51843824    1.36931921
A0A080WK44_TRIRC/64-234     0.82497039    0.84256610    0.99744223    0.97003942    0.88094448    0.90440256    0.86298132    0.96539171    0.84790514    0.94981578    0.85596587    0.83114090    0.83980732    0.85503133    0.84291974    0.92439325    0.84151635    0.65385412    0.31390428    0.42883153    0.00000000    0.57705715    0.60252311    0.59247273    0.51099486    0.65244367    0.52642056    0.53187801    0.55000685    0.53976042    0.61410092    0.60760360    0.59485958    0.60207391    0.61135164    0.55416522    0.55986312    0.55212006    0.54446797    0.71054331    0.85753235    0.78884826    0.78699856    0.82302271    0.86001551    0.79810963    0.78306988    0.80350154    0.79121430    0.80594382    0.78073499    0.77895547    0.84988438    0.69773270    0.83258112    0.89444137    0.88123954    0.87113013    0.74173868    0.75452277    0.83691557    0.79846563    0.66805133    0.77302112    0.78810125    0.85262488    0.91514398    0.87204712    0.85460839    1.35243186    1.39174463    1.13807629    1.15877084    0.96313153    1.04597059    1.21920885    1.28143215    1.55329922    1.32175133    1.35827047    1.18188205    1.20031295    1.19849820    1.15638579    1.20590877    1.33432136    1.22662244    1.27737613    1.31940532    1.42073747    1.27242809    1.78915811    1.42583643    2.04074397    1.32769061    1.57943484    1.50029141    1.20280927    1.26000795    1.33616011    1.13336534    1.13662362    1.13968013    1.14997789    1.07645589    1.52885214    1.33171545    1.43806943    1.44190953    1.46265553    1.40705403    1.39372072    1.50479946    1.55268251    1.50240671    1.47462995    1.49463330    1.26656652
M2LH67_BAUPA/74-249     0.87222709    0.99441491    1.10796943    1.05913763    1.06174158    1.02040864    0.89990387    0.94084708    0.87179057    1.02369586    0.92133251    0.88175242    0.92432340    0.90675800    0.91059764    0.94100264    0.94886338    0.60445247    0.44680792    0.61175385    0.57705715    0.00000000    0.31090655    0.33687573    0.34394387    0.53385502    0.50218299    0.54991375    0.55753157    0.55232570    0.60225545    0.53940508    0.59253508    0.61342838    0.65146035    0.61916885    0.50046709    0.55333407    0.56851508    0.74638122    1.06208070    0.86954391    0.88010391    0.95533498    0.96187846    0.91417129    0.90733289    0.93678813    0.98018245    0.92292283    0.88362788    0.88634175    0.99867028    0.97665780    0.86683046    0.98580360    1.00936964    0.96684238    0.91801371    0.91705743    0.92681390    0.95182083    0.73306146    1.01070351    1.08765413    1.05518507    1.01492427    0.95469236    1.12681470    1.43294768    1.43854285    1.18032220    1.29902238    1.12618707    1.26512741    1.28985714    1.44067780    1.54630247    1.47769219    1.46119250    1.41144883    1.46603068    1.37027325    1.29188194    1.31754904    1.31125437    1.31272891    1.39521536    1.47825844    1.47612975    1.47592331    1.93699814    1.58387043    2.12473537    1.50263280    1.61514927    1.49764172    1.35308844    1.41704112    1.30160893    1.27855244    1.24690361    1.29568795    1.28828694    1.30474514    1.59520398    1.49071538    1.68206522    1.62495792    1.65104947    1.52874036    1.43457314    1.70122607    1.64019375    1.60559919    1.65611001    1.61471585    1.56075902
F9XC03_ZYMTI/58-232     0.84699262    0.96234941    1.00878556    0.91781642    0.99177760    1.04181834    0.74573884    0.93499225    0.87242946    1.01739891    0.92175667    0.88249555    0.88431175    0.88603349    0.93705842    0.92687083    0.95731399    0.70308002    0.52872471    0.65712212    0.60252311    0.31090655    0.00000000    0.24304572    0.44226133    0.49517132    0.52224642    0.55956067    0.52325312    0.56723571    0.54150778    0.48160142    0.58906849    0.55590889    0.55990816    0.55801587    0.53976022    0.59640903    0.63048132    0.77107689    1.06104913    0.88449416    0.83271383    0.86633082    0.90772353    0.84441759    0.91090999    0.92728780    0.99999002    0.88948002    0.84361184    0.80761526    0.95692952    0.87849923    0.78699235    0.93105526    0.94048805    0.89629025    0.80903626    0.87585622    0.87466791    0.93492581    0.67532724    0.94760622    1.02904614    1.01748774    1.05557540    0.93053057    1.07221710    1.47751442    1.45006997    1.16127267    1.37186843    1.06563904    1.16668359    1.25559577    1.42483621    1.63186057    1.46897833    1.47261686    1.31255621    1.45467701    1.42684453    1.43746162    1.36539984    1.45144301    1.39323406    1.41819115    1.39749133    1.35887237    1.32010418    1.88681701    1.52256918    2.30399645    1.44405789    1.75048168    1.60122541    1.35573073    1.34588353    1.37109874    1.22420884    1.29691610    1.36560351    1.31138727    1.32421426    1.71335497    1.54126726    1.60607796    1.64074687    1.57497764    1.50134990    1.39658951    1.61299540    1.52764752    1.58063549    1.58885403    1.57411723    1.70875903
