6
Q73Y39_MYCPA/7-259     0.00000000    0.24875803    0.30568910    1.92641254    1.87554838    2.00885665
STF0_MYCS2/7-259     0.24875803    0.00000000    0.35076471    2.00429423    1.88779892    2.01850172
STF0_MYCTU/8-259     0.30568910    0.35076471    0.00000000    2.00434222    1.77892621    1.93759160
Q28NK8_JANSC/6-249     1.92641254    2.00429423    2.00434222    0.00000000    1.17246281    1.21758165
Q5LMZ2_RUEPO/7-250     1.87554838    1.88779892    1.77892621    1.17246281    0.00000000    0.92231258
Q2RTX0_RHORT/4-248     2.00885665    2.01850172    1.93759160    1.21758165    0.92231258    0.00000000

