28
Q5B038_EMENI/270-338     0.00000000    0.55014872    0.33907271    0.40116795    0.67775269    0.57123608    0.60072478    0.54530170    0.55427220    0.63662534    0.52648212    0.44426920    0.55552696    0.83762023    0.77900251    1.13084080    0.91470034    0.80478295    0.85435394    0.99025197    0.97909168    1.12387093    1.18146309    1.30552275    1.33589062    0.90920080    0.79235228    0.77500668
R7YS33_CONA1/182-250     0.55014872    0.00000000    0.56246065    0.65297894    0.77774514    0.66562785    0.88676886    0.75037108    0.84446924    0.76712409    0.68380303    0.73876851    0.82178137    0.99587659    1.15455674    1.15155675    1.21023211    1.17427431    1.18207752    1.13412904    1.26002267    1.14419294    1.12984848    1.36458404    1.36106089    0.91444422    0.94112726    0.85440787
Q2U101_ASPOR/259-327     0.33907271    0.56246065    0.00000000    0.27903906    0.61745167    0.53538868    0.58695234    0.68530235    0.70383028    0.70764118    0.58740504    0.54774924    0.74372659    0.96372821    1.09084684    1.35439710    1.18139135    1.02877884    1.02064359    1.08939615    1.11671534    1.23133341    1.30262918    1.35193183    1.46828717    0.86322546    0.90005778    0.80107657
G7XHV3_ASPKW/193-258     0.40116795    0.65297894    0.27903906    0.00000000    0.58245259    0.52616171    0.48844128    0.63837988    0.60238977    0.72741498    0.59090300    0.50402308    0.48415041    1.02844135    0.93939559    1.29140045    1.01274864    0.86100662    0.89304536    1.01419816    0.88918037    1.12351701    1.28306535    1.15870861    1.47473954    0.78935996    0.82402354    0.68963718
L2FSU1_COLFN/263-331     0.67775269    0.77774514    0.61745167    0.58245259    0.00000000    0.34822754    0.62912259    0.61015993    0.81614855    0.72979624    0.64443667    0.61938402    0.84262048    1.48779288    1.46495132    1.37947713    1.22868966    1.18976002    1.18617860    1.07044192    0.98274195    1.25997412    1.08354750    1.34589181    1.37324212    0.95481166    1.01833937    0.99277844
Q0UVX5_PHANO/255-323     0.57123608    0.66562785    0.53538868    0.52616171    0.34822754    0.00000000    0.59675114    0.71065205    0.76423626    0.80847248    0.71759845    0.69976758    0.78742519    1.21269435    1.31064024    1.57639806    1.37052741    1.00610104    1.08007475    1.25254906    1.21083551    1.35455873    1.25387524    1.44310745    1.47016627    0.96546631    0.92847489    0.90401290
A0A0C4DZZ4_MAGP6/268-336     0.60072478    0.88676886    0.58695234    0.48844128    0.62912259    0.59675114    0.00000000    0.65045824    0.75298040    0.81651074    0.69238619    0.52831899    0.48709702    1.08118662    1.07266470    1.26103174    1.02137422    1.00003218    1.00712972    1.05406562    0.99145335    1.29510697    1.40684436    1.67369693    1.69242842    1.03772373    0.96102146    0.78886823
G4UWG4_NEUT9/270-338     0.54530170    0.75037108    0.68530235    0.63837988    0.61015993    0.71065205    0.65045824    0.00000000    0.48606658    0.66922382    0.52990917    0.54319349    0.76682832    1.35203314    1.14661475    1.41130489    0.86543781    0.96970311    1.03355399    0.96452674    0.94780280    1.42584162    0.96385598    1.53263413    1.12845987    0.85564046    0.85554210    0.81266075
B2AMT0_PODAN/268-336     0.55427220    0.84446924    0.70383028    0.60238977    0.81614855    0.76423626    0.75298040    0.48606658    0.00000000    0.78881898    0.64254940    0.58007064    0.67121683    1.10538770    1.16564284    1.38467922    1.05491069    0.98521859    1.00181594    1.26532259    1.22791532    1.42814297    1.09314652    1.53926050    1.15548632    0.92860774    0.96995051    0.96737841
K2RHS0_MACPH/259-327     0.63662534    0.76712409    0.70764118    0.72741498    0.72979624    0.80847248    0.81651074    0.66922382    0.78881898    0.00000000    0.44656702    0.62504887    0.91567650    1.08132665    0.96539052    0.99822056    0.97950410    1.06950190    1.13434023    1.04559490    0.95455950    0.92982912    0.99976524    1.14795641    0.95876310    1.03891352    0.95750192    1.03978140
R1GHV8_BOTPV/238-306     0.52648212    0.68380303    0.58740504    0.59090300    0.64443667    0.71759845    0.69238619    0.52990917    0.64254940    0.44656702    0.00000000    0.46722917    0.70601430    1.30339396    0.97836311    1.49759096    0.84188503    0.98996343    0.96413607    1.13482342    1.02208555    1.12024068    1.09101773    1.37687930    1.23444079    0.94216537    0.93207422    0.95058192
M7TMW6_EUTLA/268-336     0.44426920    0.73876851    0.54774924    0.50402308    0.61938402    0.69976758    0.52831899    0.54319349    0.58007064    0.62504887    0.46722917    0.00000000    0.65980204    1.14008831    0.96623047    1.40142903    1.02025683    0.89058838    0.92573181    1.01353854    0.96196187    1.19487587    1.21204547    1.38563861    1.18415495    0.94919739    0.95093449    0.83145108
K2QJH1_MACPH/254-322     0.55552696    0.82178137    0.74372659    0.48415041    0.84262048    0.78742519    0.48709702    0.76682832    0.67121683    0.91567650    0.70601430    0.65980204    0.00000000    0.98732291    0.84335161    1.05357339    0.88621424    0.97077052    0.84817373    1.09330851    0.96771379    1.17905946    1.04059883    1.11014317    1.16224637    0.81987153    0.94337786    0.78986337
J4KM93_BEAB2/880-946     0.83762023    0.99587659    0.96372821    1.02844135    1.48779288    1.21269435    1.08118662    1.35203314    1.10538770    1.08132665    1.30339396    1.14008831    0.98732291    0.00000000    1.09823548    1.24076060    1.25336291    1.27380295    1.23616397    1.40193714    1.43885639    1.14800341    1.47785077    1.40048144    1.39286662    1.14813413    1.09828329    1.07977793
D5GIL7_TUBMM/237-305     0.77900251    1.15455674    1.09084684    0.93939559    1.46495132    1.31064024    1.07266470    1.14661475    1.16564284    0.96539052    0.97836311    0.96623047    0.84335161    1.09823548    0.00000000    0.97694382    0.70706150    1.20813760    1.11084110    1.30104766    1.27889813    1.46681418    1.31063424    1.36430423    1.55099690    1.23524828    1.26723989    1.28816650
A8NZT0_COPC7/270-338     1.13084080    1.15155675    1.35439710    1.29140045    1.37947713    1.57639806    1.26103174    1.41130489    1.38467922    0.99822056    1.49759096    1.40142903    1.05357339    1.24076060    0.97694382    0.00000000    1.05308198    1.64603720    1.49535453    1.53826049    1.32524860    1.44092227    1.65279071    1.55856473    1.62420369    1.52399918    1.52171703    1.52280778
Q5KEB2_CRYNJ/253-321     0.91470034    1.21023211    1.18139135    1.01274864    1.22868966    1.37052741    1.02137422    0.86543781    1.05491069    0.97950410    0.84188503    1.02025683    0.88621424    1.25336291    0.70706150    1.05308198    0.00000000    1.24552468    1.13766638    1.35748738    1.34070378    1.55947437    1.25976084    1.36386223    1.43184573    1.27787782    1.46084893    1.33283366
R0IJB2_SETT2/233-301     0.80478295    1.17427431    1.02877884    0.86100662    1.18976002    1.00610104    1.00003218    0.96970311    0.98521859    1.06950190    0.98996343    0.89058838    0.97077052    1.27380295    1.20813760    1.64603720    1.24552468    0.00000000    0.28293156    1.17761255    1.08941164    1.42995795    1.39986776    1.39713593    1.32092513    1.04894336    1.00301155    0.87976214
F9G6L3_FUSOF/232-300     0.85435394    1.18207752    1.02064359    0.89304536    1.18617860    1.08007475    1.00712972    1.03355399    1.00181594    1.13434023    0.96413607    0.92573181    0.84817373    1.23616397    1.11084110    1.49535453    1.13766638    0.28293156    0.00000000    1.24158421    1.18857401    1.29839096    1.44026813    1.39323565    1.36212221    0.96975813    1.00623634    0.83394486
N4V1E7_FUSC1/244-311     0.99025197    1.13412904    1.08939615    1.01419816    1.07044192    1.25254906    1.05406562    0.96452674    1.26532259    1.04559490    1.13482342    1.01353854    1.09330851    1.40193714    1.30104766    1.53826049    1.35748738    1.17761255    1.24158421    0.00000000    0.23395587    1.14575630    1.00196962    1.15270495    1.10154471    0.89641227    0.99685584    1.01917495
C7ZPS7_FUSV7/240-307     0.97909168    1.26002267    1.11671534    0.88918037    0.98274195    1.21083551    0.99145335    0.94780280    1.22791532    0.95455950    1.02208555    0.96196187    0.96771379    1.43885639    1.27889813    1.32524860    1.34070378    1.08941164    1.18857401    0.23395587    0.00000000    0.96643704    1.14700665    1.22507211    1.10642576    0.77664932    0.96418194    1.11035328
Q0U2Y2_PHANO/234-300     1.12387093    1.14419294    1.23133341    1.12351701    1.25997412    1.35455873    1.29510697    1.42584162    1.42814297    0.92982912    1.12024068    1.19487587    1.17905946    1.14800341    1.46681418    1.44092227    1.55947437    1.42995795    1.29839096    1.14575630    0.96643704    0.00000000    0.80619073    0.96115577    0.73330019    1.39203648    1.28254633    1.31371963
M2TXC2_COCH5/220-286     1.18146309    1.12984848    1.30262918    1.28306535    1.08354750    1.25387524    1.40684436    0.96385598    1.09314652    0.99976524    1.09101773    1.21204547    1.04059883    1.47785077    1.31063424    1.65279071    1.25976084    1.39986776    1.44026813    1.00196962    1.14700665    0.80619073    0.00000000    0.73891434    0.43647985    1.15094918    1.12114867    1.18836338
E3RJ87_PYRTT/219-287     1.30552275    1.36458404    1.35193183    1.15870861    1.34589181    1.44310745    1.67369693    1.53263413    1.53926050    1.14795641    1.37687930    1.38563861    1.11014317    1.40048144    1.36430423    1.55856473    1.36386223    1.39713593    1.39323565    1.15270495    1.22507211    0.96115577    0.73891434    0.00000000    0.55867095    1.44718334    1.55242660    1.76362719
R0JI53_SETT2/219-285     1.33589062    1.36106089    1.46828717    1.47473954    1.37324212    1.47016627    1.69242842    1.12845987    1.15548632    0.95876310    1.23444079    1.18415495    1.16224637    1.39286662    1.55099690    1.62420369    1.43184573    1.32092513    1.36212221    1.10154471    1.10642576    0.73330019    0.43647985    0.55867095    0.00000000    1.34513021    1.43540645    1.62709358
E9E944_METAQ/264-332     0.90920080    0.91444422    0.86322546    0.78935996    0.95481166    0.96546631    1.03772373    0.85564046    0.92860774    1.03891352    0.94216537    0.94919739    0.81987153    1.14813413    1.23524828    1.52399918    1.27787782    1.04894336    0.96975813    0.89641227    0.77664932    1.39203648    1.15094918    1.44718334    1.34513021    0.00000000    0.79553958    0.68850932
J3KJQ0_COCIM/249-317     0.79235228    0.94112726    0.90005778    0.82402354    1.01833937    0.92847489    0.96102146    0.85554210    0.96995051    0.95750192    0.93207422    0.95093449    0.94337786    1.09828329    1.26723989    1.52171703    1.46084893    1.00301155    1.00623634    0.99685584    0.96418194    1.28254633    1.12114867    1.55242660    1.43540645    0.79553958    0.00000000    0.34461917
C4JSG1_UNCRE/202-270     0.77500668    0.85440787    0.80107657    0.68963718    0.99277844    0.90401290    0.78886823    0.81266075    0.96737841    1.03978140    0.95058192    0.83145108    0.78986337    1.07977793    1.28816650    1.52280778    1.33283366    0.87976214    0.83394486    1.01917495    1.11035328    1.31371963    1.18836338    1.76362719    1.62709358    0.68850932    0.34461917    0.00000000

