22
A1S0S6_THEPD/32-252     0.00000000    1.59706206    1.78370698    1.80680770    1.79976819    2.09574265    1.93039556    1.91221590    1.82574227    1.86928668    1.79795244    1.90396502    2.16434258    2.07433662    2.35593865    1.92012418    2.09271033    2.27246776    2.11748131    1.73433478    1.76892447    1.88113924
A1RXM3_THEPD/2-223     1.59706206    0.00000000    1.26925534    1.35688192    1.39006767    1.48088795    1.21140552    1.31427952    1.36287543    1.16555323    1.39074715    1.39802841    1.52867147    1.61134184    1.73394047    1.71326832    1.50344984    1.55004848    1.57330557    1.10549910    1.36671317    1.15391589
E1QRP8_VULDI/8-245     1.78370698    1.26925534    0.00000000    1.03455536    1.24307206    1.06289349    1.55051681    1.74128210    1.71137893    1.74516537    1.84522823    1.83162662    2.09543935    1.61350754    1.96884319    1.82813356    1.69805991    1.83834720    1.84642532    1.55360333    1.56581549    1.69896971
A8M8R0_CALMQ/5-239     1.80680770    1.35688192    1.03455536    0.00000000    1.19827937    1.10924484    1.66180942    1.76493874    1.73832572    1.73049266    1.71090990    1.92990790    2.15628496    1.64088666    1.78197719    1.96458595    1.77570864    1.83638417    1.80731026    1.67186009    1.77720097    1.81637213
G4RNN2_THETK/4-236     1.79976819    1.39006767    1.24307206    1.19827937    0.00000000    0.71217108    1.93526178    1.85101278    1.76251924    1.84486917    1.79884131    1.86192271    2.36544941    1.91684772    2.24010245    1.90878727    1.97133271    1.94431707    1.79388693    1.71676641    1.85161618    1.69412960
Q8ZSV3_PYRAE/5-237     2.09574265    1.48088795    1.06289349    1.10924484    0.71217108    0.00000000    1.68975134    1.78280818    1.67040941    1.65318081    1.86770519    1.83492323    2.31312894    1.77946019    2.18074412    1.98511741    1.72018044    1.85086761    1.89612417    1.76978206    1.79563890    1.81490461
I0A311_FERFK/9-239     1.93039556    1.21140552    1.55051681    1.66180942    1.93526178    1.68975134    0.00000000    1.08266582    1.16165828    1.16396751    1.31182265    1.14010677    1.27485660    1.45363024    1.50517633    1.44868632    1.47366839    1.63932898    1.52179633    1.01110976    1.11770559    1.16275917
A3DP76_STAMF/4-235     1.91221590    1.31427952    1.74128210    1.76493874    1.85101278    1.78280818    1.08266582    0.00000000    0.66616844    0.73160518    0.77340899    1.09885670    1.31075135    1.23217306    1.18891152    1.30255623    1.36624474    1.30705410    1.31103528    1.05836217    1.06548780    1.17547791
D5U1G0_THEAM/4-235     1.82574227    1.36287543    1.71137893    1.73832572    1.76251924    1.67040941    1.16165828    0.66616844    0.00000000    0.57611184    0.78960032    1.12238493    1.53301507    1.46651717    1.55326851    1.48830715    1.48924773    1.71129815    1.40266540    1.08097826    1.13854926    1.12193901
B8D3M6_DESA1/2-233     1.86928668    1.16555323    1.74516537    1.73049266    1.84486917    1.65318081    1.16396751    0.73160518    0.57611184    0.00000000    0.72380403    1.40906377    1.35796956    1.43628810    1.49704621    1.47490273    1.53529956    1.60819194    1.51473062    1.03496000    1.11377392    1.17024974
I3TFN7_THEC1/3-234     1.79795244    1.39074715    1.84522823    1.71090990    1.79884131    1.86770519    1.31182265    0.77340899    0.78960032    0.72380403    0.00000000    1.33735704    1.48580755    1.48477926    1.52255374    1.53035991    1.60377192    1.50032550    1.54697792    1.19697053    1.10754483    1.23175447
Q9YDD8_AERPE/9-241     1.90396502    1.39802841    1.83162662    1.92990790    1.86192271    1.83492323    1.14010677    1.09885670    1.12238493    1.40906377    1.33735704    0.00000000    1.12861525    1.29705014    1.41799011    1.27787186    1.36229679    1.48595521    1.43008304    1.31227997    1.12908396    1.25818999
L0AAB9_CALLD/8-239     2.16434258    1.52867147    2.09543935    2.15628496    2.36544941    2.31312894    1.27485660    1.31075135    1.53301507    1.35796956    1.48580755    1.12861525    0.00000000    1.54710894    1.59251132    1.51967241    1.73876624    1.78756458    1.49730149    1.48594637    1.50338786    1.56429843
F9VP51_SULTO/3-226     2.07433662    1.61134184    1.61350754    1.64088666    1.91684772    1.77946019    1.45363024    1.23217306    1.46651717    1.43628810    1.48477926    1.29705014    1.54710894    0.00000000    0.50531220    0.71573037    0.63418835    0.77230564    1.56205303    1.43376608    1.45012258    1.38814137
Q4J8Q6_SULAC/3-227     2.35593865    1.73394047    1.96884319    1.78197719    2.24010245    2.18074412    1.50517633    1.18891152    1.55326851    1.49704621    1.52255374    1.41799011    1.59251132    0.50531220    0.00000000    0.73214681    0.74087820    0.73960355    1.59246620    1.34066858    1.58240989    1.53303324
Q7LXY5_SACS2/3-227     1.92012418    1.71326832    1.82813356    1.96458595    1.90878727    1.98511741    1.44868632    1.30255623    1.48830715    1.47490273    1.53035991    1.27787186    1.51967241    0.71573037    0.73214681    0.00000000    0.58598886    0.59439439    1.62106325    1.45845889    1.47503532    1.37993677
F4B6Q6_ACIHW/24-247     2.09271033    1.50344984    1.69805991    1.77570864    1.97133271    1.72018044    1.47366839    1.36624474    1.48924773    1.53529956    1.60377192    1.36229679    1.73876624    0.63418835    0.74087820    0.58598886    0.00000000    0.37411538    1.52160384    1.33194382    1.55482166    1.47308900
A4YIK3_METS5/12-236     2.27246776    1.55004848    1.83834720    1.83638417    1.94431707    1.85086761    1.63932898    1.30705410    1.71129815    1.60819194    1.50032550    1.48595521    1.78756458    0.77230564    0.73960355    0.59439439    0.37411538    0.00000000    1.73474763    1.37301436    1.62711171    1.46657032
E0SRP3_IGNAA/6-233     2.11748131    1.57330557    1.84642532    1.80731026    1.79388693    1.89612417    1.52179633    1.31103528    1.40266540    1.51473062    1.54697792    1.43008304    1.49730149    1.56205303    1.59246620    1.62106325    1.52160384    1.73474763    0.00000000    1.43073645    1.55840472    1.47583650
A8AB01_IGNH4/2-222     1.73433478    1.10549910    1.55360333    1.67186009    1.71676641    1.76978206    1.01110976    1.05836217    1.08097826    1.03496000    1.19697053    1.31227997    1.48594637    1.43376608    1.34066858    1.45845889    1.33194382    1.37301436    1.43073645    0.00000000    0.92744461    0.86578435
G0EF44_PYRF1/2-229     1.76892447    1.36671317    1.56581549    1.77720097    1.85161618    1.79563890    1.11770559    1.06548780    1.13854926    1.11377392    1.10754483    1.12908396    1.50338786    1.45012258    1.58240989    1.47503532    1.55482166    1.62711171    1.55840472    0.92744461    0.00000000    0.67806302
A2BL62_HYPBU/10-239     1.88113924    1.15391589    1.69896971    1.81637213    1.69412960    1.81490461    1.16275917    1.17547791    1.12193901    1.17024974    1.23175447    1.25818999    1.56429843    1.38814137    1.53303324    1.37993677    1.47308900    1.46657032    1.47583650    0.86578435    0.67806302    0.00000000

