37
JIP3_DROPS/42-197     0.00000000    0.28313808    0.68583152    0.97619079    1.67955461    1.29609333    0.54996464    0.79152151    0.75055893    2.11452331    2.14592718    1.87826396    2.02999454    2.32427552    2.31124589    2.85020738    2.44577912    2.65644416    2.23618951    2.18785912    2.06879797    1.83486792    1.99358846    1.99239560    2.37780800    2.34785141    2.17987165    1.17084997    1.29740822    0.56289760    0.78772996    0.53085019    0.51352619    0.41845954    0.36591001    0.40979997    0.45763610
E2C020_HARSA/21-176     0.28313808    0.00000000    0.58843124    0.95885524    1.52647593    1.31443590    0.54103314    0.75925394    0.64365360    2.06709208    2.09301930    1.89266079    2.01908983    2.28254776    2.29129917    3.05721857    2.41872703    2.73202323    2.45067076    2.42739231    2.20881799    1.86984428    1.99646587    1.94929563    2.45408325    2.36338901    2.23740714    1.09924251    1.30283883    0.56012504    0.84024736    0.59565502    0.54630306    0.40183790    0.26107797    0.31636709    0.34352256
T1K0G0_TETUR/59-216     0.68583152    0.58843124    0.00000000    0.99290894    1.69616558    1.35582193    0.74831767    1.07706626    1.02497507    2.39874788    2.39278942    2.13320886    2.49251869    2.44709785    2.55652332    3.08120528    2.70718712    3.05174837    2.36094692    2.41781681    2.40196429    1.85207009    2.15037262    2.43130316    2.58143357    2.52130507    2.36911375    1.37677400    1.52946209    0.93621526    1.16370218    0.85360403    0.89348787    0.71165736    0.61943242    0.64303808    0.77725299
T1G502_HELRO/23-178     0.97619079    0.95885524    0.99290894    0.00000000    1.61539508    1.49584323    1.19031978    1.31599414    1.25208439    2.58475796    2.64430820    2.48780479    2.62302056    2.73282261    2.79906260    3.81547193    3.00568412    3.57734043    3.09952055    2.52956308    2.32812684    2.05913253    2.15993628    2.18283239    2.96402404    2.51171650    2.64263733    1.67107276    1.85997725    1.11058562    1.45918169    1.18623711    1.03607677    0.95061989    0.92819333    1.00971752    1.05501077
A0A068XYT9_ECHMU/16-171     1.67955461    1.52647593    1.69616558    1.61539508    0.00000000    1.66063017    1.66128768    1.66046264    1.75193357    3.09621408    2.86734787    2.78795365    3.05065484    3.12155934    3.19898616    3.45032358    2.82978957    3.17924386    2.69420696    3.13643005    3.07401285    2.47400037    2.71421199    2.70920082    3.21721676    3.31389925    3.01929927    2.15587632    2.31217117    1.83379539    2.13086930    1.83586429    1.79506041    1.65471509    1.53778025    1.67402843    1.47702831
A0A068YK51_ECHMU/46-207     1.29609333    1.31443590    1.35582193    1.49584323    1.66063017    0.00000000    1.39911521    1.63560745    1.40182533    2.25677117    2.26791911    2.21716169    2.27392437    2.34899095    2.70709844    3.21065876    2.41367784    2.83676243    2.30496138    2.65484972    2.38366758    2.18139744    2.37746430    2.25686776    2.99367514    2.64135504    2.64644001    1.55195494    1.60208319    1.33446800    1.62964411    1.37682317    1.29993583    1.28672736    1.22445728    1.36502046    1.37957981
JIP_CAEEL/41-196     0.54996464    0.54103314    0.74831767    1.19031978    1.66128768    1.39911521    0.00000000    0.89347614    0.81336035    2.26342322    2.19670453    2.14038416    2.39275730    2.60563152    2.59374809    2.76171605    2.46177530    2.72234286    2.35472927    2.33635245    2.27369738    1.95920740    2.18690446    2.05619521    2.46329545    1.92303608    2.21435717    1.29300598    1.46634086    0.76764391    1.11252367    0.72564923    0.66849876    0.58805293    0.56609626    0.55506821    0.60297660
A7RNC5_NEMVE/27-182     0.79152151    0.75925394    1.07706626    1.31599414    1.66046264    1.63560745    0.89347614    0.00000000    0.78164283    2.34235353    2.38897483    2.20076372    2.36115646    2.49331945    2.66187001    2.76725824    2.15571866    2.37610230    2.17795729    2.15685247    2.21123053    1.91635893    1.82342474    1.76733938    2.18035521    2.14496047    2.21574509    1.08665402    1.14813762    0.58885217    0.87638676    0.65210302    0.62956544    0.70420919    0.68719330    0.71511697    0.80478145
H2ZKU0_CIOSA/24-179     0.75055893    0.64365360    1.02497507    1.25208439    1.75193357    1.40182533    0.81336035    0.78164283    0.00000000    2.12566950    2.17598644    2.07961470    2.10133615    2.15194533    2.34571062    2.89032336    2.30108273    2.47961711    2.25133100    2.29156067    2.25184739    1.85997739    1.85825957    1.93159188    2.32165657    2.27871365    2.22252881    1.19461796    1.22885550    0.62561906    0.91556058    0.60046247    0.61765897    0.67134570    0.61976542    0.70479375    0.73110842
M3ZIU1_XIPMA/21-168     2.11452331    2.06709208    2.39874788    2.58475796    3.09621408    2.25677117    2.26342322    2.34235353    2.12566950    0.00000000    0.26622071    0.22775760    0.43947640    0.64576367    0.51279814    1.35307286    1.21739559    1.36952256    1.24401418    1.31605332    1.17168501    1.27925561    1.16996898    1.08755310    1.30429365    1.47418858    1.08005739    2.32096557    2.65091375    2.17388150    2.76745910    1.94757906    2.02838554    2.24322970    2.07658844    2.14314878    2.20923596
F7B5U9_HORSE/27-175     2.14592718    2.09301930    2.39278942    2.64430820    2.86734787    2.26791911    2.19670453    2.38897483    2.17598644    0.26622071    0.00000000    0.13289530    0.43908964    0.59312711    0.51001602    1.28868252    1.33229749    1.39255909    1.25242743    1.32480692    1.20166120    1.23059692    1.11201669    1.06628780    1.37439874    1.51409924    1.02003846    2.21758011    2.62050155    2.05713112    2.54130118    1.94363357    2.05026783    2.20688598    2.11759032    2.19879779    2.16687136
RIPL1_XENTR/19-167     1.87826396    1.89266079    2.13320886    2.48780479    2.78795365    2.21716169    2.14038416    2.20076372    2.07961470    0.22775760    0.13289530    0.00000000    0.45681708    0.67575181    0.51848472    1.31520916    1.31623302    1.38002115    1.25616469    1.25944019    1.12141913    1.17288274    1.07273069    1.10338841    1.30581239    1.52054296    1.02027058    2.19377213    2.59162002    1.85410719    2.29190854    1.81876306    1.85838971    1.97662832    1.88425789    1.99272322    2.03115004
I3K6H7_ORENI/21-170     2.02999454    2.01908983    2.49251869    2.62302056    3.05065484    2.27392437    2.39275730    2.36115646    2.10133615    0.43947640    0.43908964    0.45681708    0.00000000    0.36764549    0.26871584    1.21473181    1.29629442    1.47207987    1.31839082    1.31572733    1.15799357    1.25451274    1.23708208    1.12102115    1.47059082    1.61634586    1.12586731    2.10874332    2.34755688    2.11062284    2.54759788    2.06968313    2.15849758    2.14791432    1.99991149    2.13431492    2.01402004
H3DEH0_TETNG/21-169     2.32427552    2.28254776    2.44709785    2.73282261    3.12155934    2.34899095    2.60563152    2.49331945    2.15194533    0.64576367    0.59312711    0.67575181    0.36764549    0.00000000    0.40264230    1.41056935    1.38565969    1.45895846    1.35278997    1.41641106    1.34838734    1.33478517    1.26561061    1.18760258    1.45107996    1.57985898    1.26163159    2.16847829    2.25742985    2.30602542    2.96245129    2.14543400    2.23460258    2.47542492    2.28856899    2.44728230    2.40241674
G3NZW9_GASAC/21-169     2.31124589    2.29129917    2.55652332    2.79906260    3.19898616    2.70709844    2.59374809    2.66187001    2.34571062    0.51279814    0.51001602    0.51848472    0.26871584    0.40264230    0.00000000    1.35496114    1.41598586    1.53204317    1.42276762    1.41981976    1.31528666    1.31594743    1.29751086    1.17866857    1.40300049    1.73863924    1.11656661    2.20643039    2.51331596    2.21011214    2.61474813    2.07214417    2.30763825    2.45114928    2.23843445    2.43809757    2.35861715
M3XIS7_LATCH/19-168     2.85020738    3.05721857    3.08120528    3.81547193    3.45032358    3.21065876    2.76171605    2.76725824    2.89032336    1.35307286    1.28868252    1.31520916    1.21473181    1.41056935    1.35496114    0.00000000    0.90154973    1.02459217    0.94760370    1.35279305    1.30045423    1.75200658    1.59249535    1.39533846    1.90111571    1.80148650    1.28718497    2.64314914    2.73606184    2.64434583    2.99320849    2.48957340    2.68290594    3.51278540    2.92871923    2.92511582    3.14430401
E7F6M9_DANRE/35-183     2.44577912    2.41872703    2.70718712    3.00568412    2.82978957    2.41367784    2.46177530    2.15571866    2.30108273    1.21739559    1.33229749    1.31623302    1.29629442    1.38565969    1.41598586    0.90154973    0.00000000    0.55074899    0.53287844    1.45478282    1.31147858    1.72777418    1.48310333    1.36052142    1.48582734    1.64029349    1.40355425    2.33694175    2.58123861    2.07258884    2.45629107    2.15451235    1.97385556    2.55892631    2.20642939    2.19884234    2.28166972
H3CCS3_TETNG/24-178     2.65644416    2.73202323    3.05174837    3.57734043    3.17924386    2.83676243    2.72234286    2.37610230    2.47961711    1.36952256    1.39255909    1.38002115    1.47207987    1.45895846    1.53204317    1.02459217    0.55074899    0.00000000    0.36646203    1.56005442    1.44330910    1.67284385    1.60061543    1.35125088    1.59533502    1.74588071    1.54611567    2.60572501    2.88525007    2.31734825    2.78630864    2.34002469    2.14208058    3.08674288    2.67982158    2.64903585    2.69780932
G3P146_GASAC/24-171     2.23618951    2.45067076    2.36094692    3.09952055    2.69420696    2.30496138    2.35472927    2.17795729    2.25133100    1.24401418    1.25242743    1.25616469    1.31839082    1.35278997    1.42276762    0.94760370    0.53287844    0.36646203    0.00000000    1.33617749    1.31854205    1.51977870    1.31801828    1.34685370    1.63910270    1.67818436    1.46245279    2.28251315    2.49882236    2.11050475    2.55902219    2.10907228    1.94709832    2.63158570    2.39138280    2.27326307    2.25726311
E2AI77_CAMFO/15-165     2.18785912    2.42739231    2.41781681    2.52956308    3.13643005    2.65484972    2.33635245    2.15685247    2.29156067    1.31605332    1.32480692    1.25944019    1.31572733    1.41641106    1.41981976    1.35279305    1.45478282    1.56005442    1.33617749    0.00000000    0.17022021    0.67720680    0.61481492    0.94786561    1.14884326    1.17511424    0.99523894    2.45306913    2.43596879    2.13494763    2.67350914    2.14039321    2.10568343    2.76618957    2.17725069    2.28819731    2.35552663
A0A7M7G9Q2_NASVI/31-180     2.06879797    2.20881799    2.40196429    2.32812684    3.07401285    2.38366758    2.27369738    2.21123053    2.25184739    1.17168501    1.20166120    1.12141913    1.15799357    1.34838734    1.31528666    1.30045423    1.31147858    1.44330910    1.31854205    0.17022021    0.00000000    0.70698269    0.62472480    0.82918732    1.06464730    1.23280406    0.98268293    2.25562894    2.33409269    2.02265114    2.56345362    2.01428327    1.95763332    2.41171913    2.03476818    2.19240859    2.16123217
B4GTL9_DROPE/25-166     1.83486792    1.86984428    1.85207009    2.05913253    2.47400037    2.18139744    1.95920740    1.91635893    1.85997739    1.27925561    1.23059692    1.17288274    1.25451274    1.33478517    1.31594743    1.75200658    1.72777418    1.67284385    1.51977870    0.67720680    0.70698269    0.00000000    0.29198402    0.95771888    1.25350700    1.34502369    1.23624689    2.44992109    2.40220263    1.99239012    2.22863825    1.88481436    1.89571703    2.04940784    1.89224711    1.95511561    1.88922400
B4L476_DROMO/25-187     1.99358846    1.99646587    2.15037262    2.15993628    2.71421199    2.37746430    2.18690446    1.82342474    1.85825957    1.16996898    1.11201669    1.07273069    1.23708208    1.26561061    1.29751086    1.59249535    1.48310333    1.60061543    1.31801828    0.61481492    0.62472480    0.29198402    0.00000000    0.88028743    1.04361304    1.37713413    1.03396670    2.05297808    2.18294738    2.00094433    2.32217655    1.91926175    1.91410944    2.23602625    2.05297117    2.04484074    1.99884186
K1PGJ6_CRAGI/13-162     1.99239560    1.94929563    2.43130316    2.18283239    2.70920082    2.25686776    2.05619521    1.76733938    1.93159188    1.08755310    1.06628780    1.10338841    1.12102115    1.18760258    1.17866857    1.39533846    1.36052142    1.35125088    1.34685370    0.94786561    0.82918732    0.95771888    0.88028743    0.00000000    1.08103152    1.12545380    0.92474474    1.90268090    2.04210870    1.72654138    2.26720140    1.56651504    1.75682056    2.04780723    1.83796099    1.85489909    1.87891823
G0N5R0_CAEBE/64-210     2.37780800    2.45408325    2.58143357    2.96402404    3.21721676    2.99367514    2.46329545    2.18035521    2.32165657    1.30429365    1.37439874    1.30581239    1.47059082    1.45107996    1.40300049    1.90111571    1.48582734    1.59533502    1.63910270    1.14884326    1.06464730    1.25350700    1.04361304    1.08103152    0.00000000    1.19962636    1.19767509    2.18795652    2.21012308    2.02367678    2.45453889    1.96213740    2.12137756    2.52508497    2.30212846    2.23062720    2.42019694
A0A068YCA3_ECHMU/74-224     2.34785141    2.36338901    2.52130507    2.51171650    3.31389925    2.64135504    1.92303608    2.14496047    2.27871365    1.47418858    1.51409924    1.52054296    1.61634586    1.57985898    1.73863924    1.80148650    1.64029349    1.74588071    1.67818436    1.17511424    1.23280406    1.34502369    1.37713413    1.12545380    1.19962636    0.00000000    1.25723462    2.28530416    2.84126194    2.35043437    3.05724013    2.09001662    2.30351408    2.31461939    2.18851833    2.24437503    2.51010815
C3XVK1_BRAFL/18-163     2.17987165    2.23740714    2.36911375    2.64263733    3.01929927    2.64644001    2.21435717    2.21574509    2.22252881    1.08005739    1.02003846    1.02027058    1.12586731    1.26163159    1.11656661    1.28718497    1.40355425    1.54611567    1.46245279    0.99523894    0.98268293    1.23624689    1.03396670    0.92474474    1.19767509    1.25723462    0.00000000    2.04648465    2.18369109    1.96239280    2.47116049    1.90646770    1.91929718    2.34287312    2.13229623    2.16366108    2.20593501
H3A393_LATCH/25-180     1.17084997    1.09924251    1.37677400    1.67107276    2.15587632    1.55195494    1.29300598    1.08665402    1.19461796    2.32096557    2.21758011    2.19377213    2.10874332    2.16847829    2.20643039    2.64314914    2.33694175    2.60572501    2.28251315    2.45306913    2.25562894    2.44992109    2.05297808    1.90268090    2.18795652    2.28530416    2.04648465    0.00000000    0.58603654    0.95178571    1.33113314    0.81605167    0.82463941    1.10474484    1.12072029    1.29040495    1.33977287
R4GB90_ANOCA/23-178     1.29740822    1.30283883    1.52946209    1.85997725    2.31217117    1.60208319    1.46634086    1.14813762    1.22885550    2.65091375    2.62050155    2.59162002    2.34755688    2.25742985    2.51331596    2.73606184    2.58123861    2.88525007    2.49882236    2.43596879    2.33409269    2.40220263    2.18294738    2.04210870    2.21012308    2.84126194    2.18369109    0.58603654    0.00000000    1.01672016    1.39831198    0.91436959    0.92451843    1.29358045    1.37492594    1.39817486    1.46398496
I3J1A2_ORENI/38-193     0.56289760    0.56012504    0.93621526    1.11058562    1.83379539    1.33446800    0.76764391    0.58885217    0.62561906    2.17388150    2.05713112    1.85410719    2.11062284    2.30602542    2.21011214    2.64434583    2.07258884    2.31734825    2.11050475    2.13494763    2.02265114    1.99239012    2.00094433    1.72654138    2.02367678    2.35043437    1.96239280    0.95178571    1.01672016    0.00000000    0.31874506    0.22192968    0.24720864    0.54300350    0.52308046    0.58656579    0.64441442
G3PGA3_GASAC/23-180     0.78772996    0.84024736    1.16370218    1.45918169    2.13086930    1.62964411    1.11252367    0.87638676    0.91556058    2.76745910    2.54130118    2.29190854    2.54759788    2.96245129    2.61474813    2.99320849    2.45629107    2.78630864    2.55902219    2.67350914    2.56345362    2.22863825    2.32217655    2.26720140    2.45453889    3.05724013    2.47116049    1.33113314    1.39831198    0.31874506    0.00000000    0.50371401    0.51660188    0.87731944    0.84417669    0.79068685    0.97185729
H0ZGB6_TAEGU/25-180     0.53085019    0.59565502    0.85360403    1.18623711    1.83586429    1.37682317    0.72564923    0.65210302    0.60046247    1.94757906    1.94363357    1.81876306    2.06968313    2.14543400    2.07214417    2.48957340    2.15451235    2.34002469    2.10907228    2.14039321    2.01428327    1.88481436    1.91926175    1.56651504    1.96213740    2.09001662    1.90646770    0.81605167    0.91436959    0.22192968    0.50371401    0.00000000    0.20330770    0.51048817    0.55183803    0.60141691    0.67473911
G1LP40_AILME/29-184     0.51352619    0.54630306    0.89348787    1.03607677    1.79506041    1.29993583    0.66849876    0.62956544    0.61765897    2.02838554    2.05026783    1.85838971    2.15849758    2.23460258    2.30763825    2.68290594    1.97385556    2.14208058    1.94709832    2.10568343    1.95763332    1.89571703    1.91410944    1.75682056    2.12137756    2.30351408    1.91929718    0.82463941    0.92451843    0.24720864    0.51660188    0.20330770    0.00000000    0.55773977    0.49427738    0.54933072    0.61691630
K1P9J9_CRAGI/22-177     0.41845954    0.40183790    0.71165736    0.95061989    1.65471509    1.28672736    0.58805293    0.70420919    0.67134570    2.24322970    2.20688598    1.97662832    2.14791432    2.47542492    2.45114928    3.51278540    2.55892631    3.08674288    2.63158570    2.76618957    2.41171913    2.04940784    2.23602625    2.04780723    2.52508497    2.31461939    2.34287312    1.10474484    1.29358045    0.54300350    0.87731944    0.51048817    0.55773977    0.00000000    0.35999666    0.41976747    0.45929711
X1WIL9_ACYPI/21-176     0.36591001    0.26107797    0.61943242    0.92819333    1.53778025    1.22445728    0.56609626    0.68719330    0.61976542    2.07658844    2.11759032    1.88425789    1.99991149    2.28856899    2.23843445    2.92871923    2.20642939    2.67982158    2.39138280    2.17725069    2.03476818    1.89224711    2.05297117    1.83796099    2.30212846    2.18851833    2.13229623    1.12072029    1.37492594    0.52308046    0.84417669    0.55183803    0.49427738    0.35999666    0.00000000    0.27793049    0.33254563
B7QNU7_IXOSC/27-182     0.40979997    0.31636709    0.64303808    1.00971752    1.67402843    1.36502046    0.55506821    0.71511697    0.70479375    2.14314878    2.19879779    1.99272322    2.13431492    2.44728230    2.43809757    2.92511582    2.19884234    2.64903585    2.27326307    2.28819731    2.19240859    1.95511561    2.04484074    1.85489909    2.23062720    2.24437503    2.16366108    1.29040495    1.39817486    0.58656579    0.79068685    0.60141691    0.54933072    0.41976747    0.27793049    0.00000000    0.33982356
E9GNX9_DAPPU/20-175     0.45763610    0.34352256    0.77725299    1.05501077    1.47702831    1.37957981    0.60297660    0.80478145    0.73110842    2.20923596    2.16687136    2.03115004    2.01402004    2.40241674    2.35861715    3.14430401    2.28166972    2.69780932    2.25726311    2.35552663    2.16123217    1.88922400    1.99884186    1.87891823    2.42019694    2.51010815    2.20593501    1.33977287    1.46398496    0.64441442    0.97185729    0.67473911    0.61691630    0.45929711    0.33254563    0.33982356    0.00000000

