46
G0SC95_CHATD/20-46     0.00000000    0.46823809    0.54279980    0.69165891    0.81955893    0.54879843    0.50114351    0.64474968    0.75864740    0.30588069    0.46278039    0.55243725    0.55439556    0.30148455    0.45680837    0.53936839    0.45513906    0.50663004    0.43158200    0.80629734    0.75822409    0.54892585    0.52133565    0.47356462    0.34308836    0.41327775    0.64156892    0.44679124    0.69620919    0.56064826    0.46765161    0.84126242    0.71573704    0.69244164    0.72772683    0.80062176    0.79897636    0.74271448    0.73441865    0.49622812    0.52121340    0.55329894    0.53307126    0.66246888    0.47844771    0.51801906
M7PMZ9_PNEMU/22-48     0.46823809    0.00000000    0.47562562    0.56741651    0.66226348    0.59075765    0.51107277    0.69008534    0.84854484    0.63348973    0.75032091    0.73162581    0.95391454    0.49789524    0.75325624    0.71843524    0.51051505    0.47886882    0.47572223    0.91706918    0.83833166    0.68567762    0.58427915    0.54090075    0.67319657    0.63863624    0.99451985    0.72784040    1.05140391    0.83372278    0.91662515    1.07403440    0.95834545    1.07195852    0.70788609    0.90403163    1.16600692    0.47791287    0.72687161    0.65687442    0.80696147    0.90119945    0.74785002    0.86928092    0.53219641    0.52919161
S8C3Y5_DACHA/22-48     0.54279980    0.47562562    0.00000000    0.62268295    0.65633752    0.62882645    0.42982307    0.71655556    0.99888214    0.63719288    0.72199480    0.74822780    0.76187324    0.57243898    0.78774732    0.64682696    0.54438272    0.62048019    0.61818555    0.86528853    1.17756383    0.68892952    0.56297312    0.60866501    0.89604943    0.75925910    1.06391856    0.99746682    0.96567110    0.73848889    1.11075791    0.93978862    0.92121511    0.90231742    0.86814065    0.90065617    0.79480687    0.57851384    0.80581092    0.96499062    0.71866727    0.77900050    0.66851211    0.77707570    0.72847621    0.80311670
B6K063_SCHJY/26-52     0.69165891    0.56741651    0.62268295    0.00000000    0.59564094    0.58552903    0.43663552    0.91715430    0.82763261    0.55819108    0.82062062    0.95416113    0.84805478    0.56667846    0.71921861    0.60219322    0.65738806    0.65533380    0.64301681    0.60997753    0.58192552    0.55655074    0.53384281    0.50844050    0.60327065    0.55994666    0.76559943    0.77648303    0.75001962    0.66069788    0.77228544    0.95562285    1.04525270    0.87804385    0.71044962    0.84128061    0.79503748    0.81528720    0.75789336    0.83383463    0.60886959    0.79695431    0.64941253    0.54637788    0.51307001    0.70629920
YHY1_SCHPO/15-41     0.81955893    0.66226348    0.65633752    0.59564094    0.00000000    0.87959950    0.40437417    1.00774690    1.11589707    1.04696243    0.88591697    1.04862345    0.96454894    0.98674400    0.92199850    1.17727993    0.75157180    0.61221280    0.70251649    1.16820819    1.29430781    0.76546852    0.81303578    0.68522501    0.82269236    0.89861242    1.03825337    0.94692317    1.08217156    0.78527651    1.07218085    1.42076641    1.09093693    1.20765164    1.07454660    1.20481505    1.15455457    0.88422896    1.00841524    0.98952767    0.86304856    0.72061844    0.67933632    0.83144969    0.55074860    0.68642758
S2JAF0_MUCC1/15-40     0.54879843    0.59075765    0.62882645    0.58552903    0.87959950    0.00000000    0.26985149    0.69003899    0.94377124    0.66420245    0.66315046    0.75192419    0.39523871    0.41872167    0.53420529    0.61007004    0.70092268    0.82553599    0.66015161    0.77802894    0.70066866    0.75920591    0.74267354    0.58323201    0.59072224    0.50828898    0.97840499    0.77243293    1.10025487    0.85265097    0.78124347    0.61181875    1.06053448    0.72873201    0.63426219    0.78893655    0.80639807    0.59912429    0.65926047    0.64954962    0.53666980    0.55308592    0.63456269    0.57478979    0.57403167    0.75469151
M9M1B6_PSEA3/27-51     0.50114351    0.51107277    0.42982307    0.43663552    0.40437417    0.26985149    0.00000000    0.47724189    0.85910303    0.69035061    0.62086866    0.60380520    0.38893025    0.45897848    0.57417324    0.59160570    0.53560445    0.53133832    0.53119416    0.59492258    0.86569162    0.62349886    0.60906068    0.49196202    0.50745772    0.66373926    0.92422731    0.70037411    0.81759178    0.60673047    0.67560814    0.79866728    1.08131832    0.97334776    0.80945959    0.99234247    0.80858185    0.68191219    0.85967099    0.65934911    0.30404418    0.24188919    0.29222980    0.31016817    0.23967578    0.37040481
K0KIK3_WICCF/18-44     0.64474968    0.69008534    0.71655556    0.91715430    1.00774690    0.69003899    0.47724189    0.00000000    0.58862367    0.92112254    0.93596965    0.73458380    0.73852290    0.67854479    0.89422342    0.82631535    0.96864042    0.85955123    0.56867769    0.81533598    1.01752746    1.11999612    0.74148517    0.86664510    0.95374345    0.92098132    1.14882319    0.85878911    0.89074168    0.89914477    1.00543422    0.76984089    1.11501105    1.09686861    1.06303059    1.34992304    0.97311151    1.01774986    1.17607617    0.87937749    0.59082941    0.60377083    0.74776141    0.82376887    0.68938642    0.92003207
Q6CG22_YARLI/59-85     0.75864740    0.84854484    0.99888214    0.82763261    1.11589707    0.94377124    0.85910303    0.58862367    0.00000000    1.04174295    0.92784996    0.95719463    1.09457137    0.86142630    1.04195211    1.19787559    0.96304391    1.09907430    0.89981044    1.21331067    1.14626302    1.09026876    0.96619003    0.94895380    0.87493012    1.11561666    0.95725755    0.98481107    1.11792209    1.02414309    1.06862319    1.23942622    1.32530711    1.23918918    1.20606590    1.47972892    1.43307701    1.51757803    1.49795465    1.09532820    0.87810298    0.92515181    0.99439777    1.14401297    0.90689462    0.76226179
E5ACQ0_LEPMJ/20-46     0.30588069    0.63348973    0.63719288    0.55819108    1.04696243    0.66420245    0.69035061    0.92112254    1.04174295    0.00000000    0.37802453    0.53159811    0.55867550    0.27774173    0.36603426    0.37700259    0.36733221    0.48666263    0.53304482    0.54728730    0.54869858    0.56159632    0.52582046    0.50452252    0.39509476    0.41443325    0.65828854    0.51701971    0.55204556    0.42558257    0.63151290    1.07326414    0.85241715    0.86489121    0.59014990    0.81071665    0.87034457    0.99178918    0.66256912    0.86445178    0.59844509    0.79511935    0.55483418    0.51488067    0.49407426    0.59641459
C4JFX0_UNCRE/19-45     0.46278039    0.75032091    0.72199480    0.82062062    0.88591697    0.66315046    0.62086866    0.93596965    0.92784996    0.37802453    0.00000000    0.39538683    0.44786917    0.32201318    0.28450606    0.37938997    0.27983317    0.53552533    0.45160606    0.69393216    0.76190005    0.98966619    0.67829086    0.74691171    0.64807074    0.71787506    0.90835278    0.63823544    0.78268626    0.47033096    0.54234288    1.24868696    1.21807383    1.10923742    1.05161285    1.11816153    1.10316073    1.10170950    1.09185025    0.69715440    0.51534439    0.49036404    0.41745349    0.73723023    0.45284037    0.70127743
I1RC94_GIBZE/17-43     0.55243725    0.73162581    0.74822780    0.95416113    1.04862345    0.75192419    0.60380520    0.73458380    0.95719463    0.53159811    0.39538683    0.00000000    0.29446430    0.32891860    0.34207446    0.39192977    0.41812682    0.76182276    0.44892285    0.69968324    0.86808440    1.20347442    0.90909949    0.88742232    0.80850750    0.94562703    0.96997585    0.85885658    0.95875387    0.82656095    0.77035122    1.23493109    1.10960838    1.23920895    1.21035341    1.32032166    1.24546716    1.28227519    1.05120683    0.81265453    0.61416891    0.59986680    0.64250896    0.66523200    0.37951886    0.52104292
G2WYQ3_VERDV/21-47     0.55439556    0.95391454    0.76187324    0.84805478    0.96454894    0.39523871    0.38893025    0.73852290    1.09457137    0.55867550    0.44786917    0.29446430    0.00000000    0.34282269    0.39505875    0.45835995    0.50431746    0.75084103    0.38639266    0.66396737    0.70708678    1.04527786    0.91931713    0.81607299    0.68897154    0.77120043    0.79971386    0.70421742    0.79674579    0.69434796    0.65534941    0.83998658    0.95603039    0.80093181    0.81246127    0.88253065    1.00307960    0.89159692    0.78495127    0.67460603    0.45203793    0.32938729    0.42770257    0.38425679    0.42761106    0.46480513
Q5B6A9_EMENI/22-48     0.30148455    0.49789524    0.57243898    0.56667846    0.98674400    0.41872167    0.45897848    0.67854479    0.86142630    0.27774173    0.32201318    0.32891860    0.34282269    0.00000000    0.30500424    0.25302822    0.33492841    0.47481767    0.29028293    0.71331435    0.60449024    0.85979154    0.73252526    0.72544382    0.51644880    0.60285536    0.95688172    0.66439341    0.86402796    0.70040758    0.69474528    0.97843095    1.13331285    0.99158833    0.92444871    1.12766918    0.96323362    1.00627159    0.97372452    0.74751829    0.52595483    0.58824587    0.63707925    0.64202235    0.41985322    0.55332504
A6RAD4_AJECN/22-48     0.45680837    0.75325624    0.78774732    0.71921861    0.92199850    0.53420529    0.57417324    0.89422342    1.04195211    0.36603426    0.28450606    0.34207446    0.39505875    0.30500424    0.00000000    0.25396447    0.47230147    0.60799723    0.45994781    0.64411725    0.64423598    0.90589732    0.81504427    0.84830784    0.56727897    0.71982446    0.85777145    0.63948901    0.81861676    0.59001368    0.60120296    1.06710632    1.22629735    1.03547177    0.97383391    1.03017964    1.00954591    1.20069067    1.00697456    0.67439591    0.43758575    0.56457533    0.60100040    0.61494723    0.41884869    0.59944853
A7F6R0_SCLS1/18-44     0.53936839    0.71843524    0.64682696    0.60219322    1.17727993    0.61007004    0.59160570    0.82631535    1.19787559    0.37700259    0.37938997    0.39192977    0.45835995    0.25302822    0.25396447    0.00000000    0.55515266    0.50874107    0.45106261    0.48150706    0.57786617    0.91179864    0.74082582    0.76735768    0.72210200    0.65951859    0.87813473    0.73900570    0.77038243    0.55848269    0.77656574    0.93678647    1.01669427    1.05215747    0.90834145    1.01707205    0.94596002    1.11934394    0.88592253    0.68762594    0.52238178    0.64546710    0.61848301    0.56213709    0.41710919    0.73790954
D5GFA3_TUBMM/28-54     0.45513906    0.51051505    0.54438272    0.65738806    0.75157180    0.70092268    0.53560445    0.96864042    0.96304391    0.36733221    0.27983317    0.41812682    0.50431746    0.33492841    0.47230147    0.55515266    0.00000000    0.33827512    0.48766337    0.81834057    0.82326655    0.69270663    0.72883565    0.63049206    0.40292974    0.53229461    0.84105015    0.59412430    0.76858713    0.58453419    0.71778965    1.05398613    0.86986304    1.19189570    0.82141130    1.04063336    1.18974036    0.76242357    0.93506678    0.83162261    0.61944267    0.76324407    0.44295060    0.62326309    0.36258935    0.36392159
N1PL12_DOTSN/17-42     0.50663004    0.47886882    0.62048019    0.65533380    0.61221280    0.82553599    0.53133832    0.85955123    1.09907430    0.48666263    0.53552533    0.76182276    0.75084103    0.47481767    0.60799723    0.50874107    0.33827512    0.00000000    0.25500189    0.87924691    0.84714991    0.56857147    0.68343451    0.64122323    0.49769740    0.58656122    0.97295636    0.69194809    0.87098640    0.50761547    0.74909343    0.81989170    0.75446149    1.00693672    0.75600636    0.97751349    1.09040129    0.60794410    0.75900259    0.78079570    0.67227487    0.73558094    0.41579915    0.69108293    0.35918703    0.55999530
M3CGT3_SPHMS/16-42     0.43158200    0.47572223    0.61818555    0.64301681    0.70251649    0.66015161    0.53119416    0.56867769    0.89981044    0.53304482    0.45160606    0.44892285    0.38639266    0.29028293    0.45994781    0.45106261    0.48766337    0.25500189    0.00000000    0.89787728    0.82809604    0.74802246    0.74980155    0.69627358    0.69441871    0.64037394    0.87424240    0.74615157    0.83759429    0.74918064    0.67515688    0.75441385    0.75628006    0.73341479    0.89481170    1.05174337    0.99299923    0.65159671    0.71733326    0.66531917    0.67053393    0.50621823    0.68092459    0.71136184    0.49075436    0.52662002
E3KUB3_PUCGT/25-51     0.80629734    0.91706918    0.86528853    0.60997753    1.16820819    0.77802894    0.59492258    0.81533598    1.21331067    0.54728730    0.69393216    0.69968324    0.66396737    0.71331435    0.64411725    0.48150706    0.81834057    0.87924691    0.89787728    0.00000000    0.45355173    0.79465790    0.76896744    0.59538929    0.62258464    0.73380938    0.87243176    0.49114831    0.47866200    0.31139471    0.77649119    0.94290723    0.96486036    1.27382943    1.05150602    1.13604520    1.00553420    1.08501120    1.00030122    0.76392472    0.36352484    0.52885108    0.31771991    0.40174498    0.42819066    0.76666102
Q4UB65_THEAN/36-62     0.75822409    0.83833166    1.17756383    0.58192552    1.29430781    0.70066866    0.86569162    1.01752746    1.14626302    0.54869858    0.76190005    0.86808440    0.70708678    0.60449024    0.64423598    0.57786617    0.82326655    0.84714991    0.82809604    0.45355173    0.00000000    0.73713289    0.73617139    0.56106100    0.59210374    0.47166037    0.68124889    0.39405409    0.49221533    0.53325965    0.78250520    0.74171649    0.80784791    0.72975848    0.68760973    0.64644867    0.79733640    1.10213018    0.83148282    0.77277420    0.62533294    0.83205602    0.65690879    0.47577780    0.52086924    0.78679142
A0A0D2UAG0_CAPO3/11-37     0.54892585    0.68567762    0.68892952    0.55655074    0.76546852    0.75920591    0.62349886    1.11999612    1.09026876    0.56159632    0.98966619    1.20347442    1.04527786    0.85979154    0.90589732    0.91179864    0.69270663    0.56857147    0.74802246    0.79465790    0.73713289    0.00000000    0.52261326    0.31966254    0.23028169    0.39776333    0.55559960    0.48585796    0.75626570    0.60328906    0.62039749    0.68790511    0.65710985    0.38810665    0.43630343    0.61640028    0.59126875    0.55156019    0.38668019    0.62281946    0.82359212    1.02818155    0.79595331    0.68469978    0.66743644    0.75690378
D8TGT3_VOLCA/14-40     0.52133565    0.58427915    0.56297312    0.53384281    0.81303578    0.74267354    0.60906068    0.74148517    0.96619003    0.52582046    0.67829086    0.90909949    0.91931713    0.73252526    0.81504427    0.74082582    0.72883565    0.68343451    0.74980155    0.76896744    0.73617139    0.52261326    0.00000000    0.34354556    0.63114314    0.31807484    0.50757312    0.57361590    0.55176899    0.49453179    0.79575024    1.12776131    0.95384578    0.88969111    0.75429555    0.69253639    0.86642083    0.80029378    0.71169560    0.71112804    0.82285963    0.71160276    0.53755738    0.65280241    0.52825615    0.91653924
E1ZML8_CHLVA/16-42     0.47356462    0.54090075    0.60866501    0.50844050    0.68522501    0.58323201    0.49196202    0.86664510    0.94895380    0.50452252    0.74691171    0.88742232    0.81607299    0.72544382    0.84830784    0.76735768    0.63049206    0.64122323    0.69627358    0.59538929    0.56106100    0.31966254    0.34354556    0.00000000    0.29140430    0.30279864    0.53008498    0.33242578    0.61940537    0.38843698    0.76670900    0.94823016    0.73590943    0.67203407    0.62186110    0.70135067    0.74260155    0.62253134    0.54930530    0.75544905    0.89089579    0.73398274    0.51853153    0.63907975    0.45579114    0.70365995
C1MSP9_MICPC/26-50     0.34308836    0.67319657    0.89604943    0.60327065    0.82269236    0.59072224    0.50745772    0.95374345    0.87493012    0.39509476    0.64807074    0.80850750    0.68897154    0.51644880    0.56727897    0.72210200    0.40292974    0.49769740    0.69441871    0.62258464    0.59210374    0.23028169    0.63114314    0.29140430    0.00000000    0.28005986    0.36359762    0.21565124    0.58086322    0.44830855    0.40478839    0.77765275    0.83481237    0.80626691    0.73672103    0.84367636    0.88262782    0.73550810    0.66999731    0.65119984    0.49945392    0.63417814    0.46461253    0.49846460    0.35501344    0.47186407
B9PK30_TOXGV/51-77     0.41327775    0.63863624    0.75925910    0.55994666    0.89861242    0.50828898    0.66373926    0.92098132    1.11561666    0.41443325    0.71787506    0.94562703    0.77120043    0.60285536    0.71982446    0.65951859    0.53229461    0.58656122    0.64037394    0.73380938    0.47166037    0.39776333    0.31807484    0.30279864    0.28005986    0.00000000    0.44383540    0.34014670    0.56452927    0.55949922    0.54219559    0.66110413    0.63037777    0.76050783    0.62478477    0.65083276    0.86647898    0.62941019    0.55208760    0.61721797    0.71835058    0.70445519    0.60466159    0.49278249    0.48906168    0.61714822
D8QN86_SELML/10-35     0.64156892    0.99451985    1.06391856    0.76559943    1.03825337    0.97840499    0.92422731    1.14882319    0.95725755    0.65828854    0.90835278    0.96997585    0.79971386    0.95688172    0.85777145    0.87813473    0.84105015    0.97295636    0.87424240    0.87243176    0.68124889    0.55559960    0.50757312    0.53008498    0.36359762    0.44383540    0.00000000    0.37452948    0.40097318    0.65228136    0.59059576    1.01388213    0.61062980    0.77199289    0.69190454    0.66565412    1.02893033    0.93950376    0.69897774    0.77265120    0.64018417    0.71514102    0.74380070    0.62879645    0.66681912    0.75717735
I1H781_BRADI/23-49     0.44679124    0.72784040    0.99746682    0.77648303    0.94692317    0.77243293    0.70037411    0.85878911    0.98481107    0.51701971    0.63823544    0.85885658    0.70421742    0.66439341    0.63948901    0.73900570    0.59412430    0.69194809    0.74615157    0.49114831    0.39405409    0.48585796    0.57361590    0.33242578    0.21565124    0.34014670    0.37452948    0.00000000    0.28663245    0.48747518    0.46002862    0.85000313    0.65534418    0.83443391    0.80071880    0.74279335    0.92183212    0.78908424    0.85370937    0.64251229    0.45024063    0.62327651    0.52646731    0.55401442    0.40793401    0.63437270
PYM1_ARATH/22-48     0.69620919    1.05140391    0.96567110    0.75001962    1.08217156    1.10025487    0.81759178    0.89074168    1.11792209    0.55204556    0.78268626    0.95875387    0.79674579    0.86402796    0.81861676    0.77038243    0.76858713    0.87098640    0.83759429    0.47866200    0.49221533    0.75626570    0.55176899    0.61940537    0.58086322    0.56452927    0.40097318    0.28663245    0.00000000    0.47486575    0.56004432    0.99641725    0.72750176    0.95802380    0.69557155    0.75946898    0.83988450    0.99234146    0.99713081    1.00885612    0.49604816    0.52503114    0.58040584    0.46488920    0.49856686    0.71076514
F4RYU8_MELLP/27-53     0.56064826    0.83372278    0.73848889    0.66069788    0.78527651    0.85265097    0.60673047    0.89914477    1.02414309    0.42558257    0.47033096    0.82656095    0.69434796    0.70040758    0.59001368    0.55848269    0.58453419    0.50761547    0.74918064    0.31139471    0.53325965    0.60328906    0.49453179    0.38843698    0.44830855    0.55949922    0.65228136    0.48747518    0.47486575    0.00000000    0.62388802    1.04600925    0.88839944    0.96090377    0.72506001    0.80249765    0.80185393    1.03527145    0.82701679    0.67077728    0.46697521    0.53889644    0.23948417    0.51410775    0.34551402    0.68052745
M4BJA8_HYAAE/20-46     0.46765161    0.91662515    1.11075791    0.77228544    1.07218085    0.78124347    0.67560814    1.00543422    1.06862319    0.63151290    0.54234288    0.77035122    0.65534941    0.69474528    0.60120296    0.77656574    0.71778965    0.74909343    0.67515688    0.77649119    0.78250520    0.62039749    0.79575024    0.76670900    0.40478839    0.54219559    0.59059576    0.46002862    0.56004432    0.62388802    0.00000000    0.79229084    0.89073315    0.81228387    0.74759590    0.76627344    0.92816508    0.70437034    0.72693598    0.51571122    0.36379901    0.44944552    0.51772622    0.60339121    0.51839324    0.67113543
F0ZH64_DICPU/5-29     0.84126242    1.07403440    0.93978862    0.95562285    1.42076641    0.61181875    0.79866728    0.76984089    1.23942622    1.07326414    1.24868696    1.23493109    0.83998658    0.97843095    1.06710632    0.93678647    1.05398613    0.81989170    0.75441385    0.94290723    0.74171649    0.68790511    1.12776131    0.94823016    0.77765275    0.66110413    1.01388213    0.85000313    0.99641725    1.04600925    0.79229084    0.00000000    0.57518970    0.52306333    0.67735197    0.67222732    0.60254172    0.48763864    0.52751985    0.72909568    0.67848359    0.89998463    0.97351453    0.77455773    0.91798857    1.08808679
G4V9D4_SCHMA/15-41     0.71573704    0.95834545    0.92121511    1.04525270    1.09093693    1.06053448    1.08131832    1.11501105    1.32530711    0.85241715    1.21807383    1.10960838    0.95603039    1.13331285    1.22629735    1.01669427    0.86986304    0.75446149    0.75628006    0.96486036    0.80784791    0.65710985    0.95384578    0.73590943    0.83481237    0.63037777    0.61062980    0.65534418    0.72750176    0.88839944    0.89073315    0.57518970    0.00000000    0.48144185    0.42627829    0.52737978    0.60660634    0.46065355    0.36119652    0.69109792    0.99303440    1.15727514    0.95568581    0.93321913    0.88451721    0.84848783
Q22615_CAEEL/27-53     0.69244164    1.07195852    0.90231742    0.87804385    1.20765164    0.72873201    0.97334776    1.09686861    1.23918918    0.86489121    1.10923742    1.23920895    0.80093181    0.99158833    1.03547177    1.05215747    1.19189570    1.00693672    0.73341479    1.27382943    0.72975848    0.38810665    0.88969111    0.67203407    0.80626691    0.76050783    0.77199289    0.83443391    0.95802380    0.96090377    0.81228387    0.52306333    0.48144185    0.00000000    0.25471432    0.39278287    0.34955432    0.57925508    0.27543620    0.71754016    1.04145873    1.22721935    1.34137666    1.14543366    1.28188598    1.16210910
F2UPE5_SALR5/7-31     0.72772683    0.70788609    0.86814065    0.71044962    1.07454660    0.63426219    0.80945959    1.06303059    1.20606590    0.59014990    1.05161285    1.21035341    0.81246127    0.92444871    0.97383391    0.90834145    0.82141130    0.75600636    0.89481170    1.05150602    0.68760973    0.43630343    0.75429555    0.62186110    0.73672103    0.62478477    0.69190454    0.80071880    0.69557155    0.72506001    0.74759590    0.67735197    0.42627829    0.25471432    0.00000000    0.25159823    0.37605637    0.41253598    0.24430482    0.64249571    0.88224425    0.98151341    0.93208223    0.82055949    0.86922885    0.90211782
A0A212EV69_DANPL/12-38     0.80062176    0.90403163    0.90065617    0.84128061    1.20481505    0.78893655    0.99234247    1.34992304    1.47972892    0.81071665    1.11816153    1.32032166    0.88253065    1.12766918    1.03017964    1.01707205    1.04063336    0.97751349    1.05174337    1.13604520    0.64644867    0.61640028    0.69253639    0.70135067    0.84367636    0.65083276    0.66565412    0.74279335    0.75946898    0.80249765    0.76627344    0.67222732    0.52737978    0.39278287    0.25159823    0.00000000    0.27567695    0.42832140    0.28822707    0.87297664    0.92833834    1.10909939    0.98161014    0.91228392    0.91882216    1.14249029
G3P996_GASAC/12-38     0.79897636    1.16600692    0.79480687    0.79503748    1.15455457    0.80639807    0.80858185    0.97311151    1.43307701    0.87034457    1.10316073    1.24546716    1.00307960    0.96323362    1.00954591    0.94596002    1.18974036    1.09040129    0.99299923    1.00553420    0.79733640    0.59126875    0.86642083    0.74260155    0.88262782    0.86647898    1.02893033    0.92183212    0.83988450    0.80185393    0.92816508    0.60254172    0.60660634    0.34955432    0.37605637    0.27567695    0.00000000    0.57487389    0.44365919    0.93469141    0.87738595    1.09348291    1.12916969    1.08903458    1.06974146    1.30886012
T1KI79_TETUR/11-37     0.74271448    0.47791287    0.57851384    0.81528720    0.88422896    0.59912429    0.68191219    1.01774986    1.51757803    0.99178918    1.10170950    1.28227519    0.89159692    1.00627159    1.20069067    1.11934394    0.76242357    0.60794410    0.65159671    1.08501120    1.10213018    0.55156019    0.80029378    0.62253134    0.73550810    0.62941019    0.93950376    0.78908424    0.99234146    1.03527145    0.70437034    0.48763864    0.46065355    0.57925508    0.41253598    0.42832140    0.57487389    0.00000000    0.27478052    0.65690312    0.96388848    0.89402513    0.79510031    0.91394913    0.86572959    0.97577997
D6WV11_TRICA/11-37     0.73441865    0.72687161    0.80581092    0.75789336    1.00841524    0.65926047    0.85967099    1.17607617    1.49795465    0.66256912    1.09185025    1.05120683    0.78495127    0.97372452    1.00697456    0.88592253    0.93506678    0.75900259    0.71733326    1.00030122    0.83148282    0.38668019    0.71169560    0.54930530    0.66999731    0.55208760    0.69897774    0.85370937    0.99713081    0.82701679    0.72693598    0.52751985    0.36119652    0.27543620    0.24430482    0.28822707    0.44365919    0.27478052    0.00000000    0.67928509    1.09880712    1.19395897    0.98492384    0.90691785    0.92215726    0.94412174
Q54R88_DICDI/10-36     0.49622812    0.65687442    0.96499062    0.83383463    0.98952767    0.64954962    0.65934911    0.87937749    1.09532820    0.86445178    0.69715440    0.81265453    0.67460603    0.74751829    0.67439591    0.68762594    0.83162261    0.78079570    0.66531917    0.76392472    0.77277420    0.62281946    0.71112804    0.75544905    0.65119984    0.61721797    0.77265120    0.64251229    1.00885612    0.67077728    0.51571122    0.72909568    0.69109792    0.71754016    0.64249571    0.87297664    0.93469141    0.65690312    0.67928509    0.00000000    0.47983905    0.64195864    0.65206955    0.75714930    0.58524734    0.82200633
G4TMK0_SERID/24-48     0.52121340    0.80696147    0.71866727    0.60886959    0.86304856    0.53666980    0.30404418    0.59082941    0.87810298    0.59844509    0.51534439    0.61416891    0.45203793    0.52595483    0.43758575    0.52238178    0.61944267    0.67227487    0.67053393    0.36352484    0.62533294    0.82359212    0.82285963    0.89089579    0.49945392    0.71835058    0.64018417    0.45024063    0.49604816    0.46697521    0.36379901    0.67848359    0.99303440    1.04145873    0.88224425    0.92833834    0.87738595    0.96388848    1.09880712    0.47983905    0.00000000    0.24046521    0.29094248    0.33717480    0.29173281    0.53241661
Q5KNR1_CRYNJ/21-47     0.55329894    0.90119945    0.77900050    0.79695431    0.72061844    0.55308592    0.24188919    0.60377083    0.92515181    0.79511935    0.49036404    0.59986680    0.32938729    0.58824587    0.56457533    0.64546710    0.76324407    0.73558094    0.50621823    0.52885108    0.83205602    1.02818155    0.71160276    0.73398274    0.63417814    0.70445519    0.71514102    0.62327651    0.52503114    0.53889644    0.44944552    0.89998463    1.15727514    1.22721935    0.98151341    1.10909939    1.09348291    0.89402513    1.19395897    0.64195864    0.24046521    0.00000000    0.23116005    0.28175328    0.27868361    0.51905959
E2LMC0_MONPE/24-48     0.53307126    0.74785002    0.66851211    0.64941253    0.67933632    0.63456269    0.29222980    0.74776141    0.99439777    0.55483418    0.41745349    0.64250896    0.42770257    0.63707925    0.60100040    0.61848301    0.44295060    0.41579915    0.68092459    0.31771991    0.65690879    0.79595331    0.53755738    0.51853153    0.46461253    0.60466159    0.74380070    0.52646731    0.58040584    0.23948417    0.51772622    0.97351453    0.95568581    1.34137666    0.93208223    0.98161014    1.12916969    0.79510031    0.98492384    0.65206955    0.29094248    0.23116005    0.00000000    0.28785225    0.22318852    0.45050164
B0CY51_LACBS/23-48     0.66246888    0.86928092    0.77707570    0.54637788    0.83144969    0.57478979    0.31016817    0.82376887    1.14401297    0.51488067    0.73723023    0.66523200    0.38425679    0.64202235    0.61494723    0.56213709    0.62326309    0.69108293    0.71136184    0.40174498    0.47577780    0.68469978    0.65280241    0.63907975    0.49846460    0.49278249    0.62879645    0.55401442    0.46488920    0.51410775    0.60339121    0.77455773    0.93321913    1.14543366    0.82055949    0.91228392    1.08903458    0.91394913    0.90691785    0.75714930    0.33717480    0.28175328    0.28785225    0.00000000    0.23591248    0.39948861
D8PRJ6_SCHCM/24-48     0.47844771    0.53219641    0.72847621    0.51307001    0.55074860    0.57403167    0.23967578    0.68938642    0.90689462    0.49407426    0.45284037    0.37951886    0.42761106    0.41985322    0.41884869    0.41710919    0.36258935    0.35918703    0.49075436    0.42819066    0.52086924    0.66743644    0.52825615    0.45579114    0.35501344    0.48906168    0.66681912    0.40793401    0.49856686    0.34551402    0.51839324    0.91798857    0.88451721    1.28188598    0.86922885    0.91882216    1.06974146    0.86572959    0.92215726    0.58524734    0.29173281    0.27868361    0.22318852    0.23591248    0.00000000    0.28774847
S3C5H3_OPHP1/15-41     0.51801906    0.52919161    0.80311670    0.70629920    0.68642758    0.75469151    0.37040481    0.92003207    0.76226179    0.59641459    0.70127743    0.52104292    0.46480513    0.55332504    0.59944853    0.73790954    0.36392159    0.55999530    0.52662002    0.76666102    0.78679142    0.75690378    0.91653924    0.70365995    0.47186407    0.61714822    0.75717735    0.63437270    0.71076514    0.68052745    0.67113543    1.08808679    0.84848783    1.16210910    0.90211782    1.14249029    1.30886012    0.97577997    0.94412174    0.82200633    0.53241661    0.51905959    0.45050164    0.39948861    0.28774847    0.00000000

