39
MCMBP_DICDI/45-713     0.00000000    1.12032785    1.98139559    1.95846296    1.91519387    1.92571281    1.93969090    1.93543051    1.91287726    1.88290149    2.12198921    1.95356971    2.03930449    1.68763439    1.75681467    1.62948435    1.69331535    1.83327765    1.63512213    1.65210936    1.66667836    1.61194353    1.73563548    1.74764923    1.82201463    2.04041869    2.33729007    1.55467926    1.73191683    1.78987674    1.75600579    1.81724042    1.73872870    1.80528278    1.74307852    1.63508563    1.69309513    1.77240804    1.77991194
F4Q9W7_CAVFA/66-653     1.12032785    0.00000000    1.77441720    1.85081096    1.68996689    1.68681415    1.65495504    1.63386644    1.72040594    1.72737396    1.79896512    1.77605406    1.80520064    1.65075192    1.56090363    1.59742637    1.59812100    1.67816877    1.66677009    1.56603278    1.55626444    1.56981928    1.66572608    1.79656735    1.87139643    1.72208273    2.32435706    1.59811309    1.81547706    1.79407846    1.88723388    1.90219282    1.88663927    1.94545290    1.85826863    1.71797901    1.73732831    1.78979556    1.64075101
C1E1U7_MICCC/43-585     1.98139559    1.77441720    0.00000000    0.90224870    1.49775723    1.41767977    1.47752039    1.52825926    1.55094743    1.45256382    1.68242793    1.63370135    1.66595803    1.57826930    1.54826608    1.62303935    1.53260939    1.56999150    1.65872105    1.56544211    1.48051834    1.52697886    1.57056218    1.83709411    1.88533794    1.81825787    2.32040311    1.64862965    1.80658716    1.88899670    1.85144379    1.89803970    1.88892931    1.87542054    1.83295470    1.79141349    1.82479608    1.81250330    1.97779171
C1MK09_MICPC/41-656     1.95846296    1.85081096    0.90224870    0.00000000    1.52555163    1.45978404    1.56448517    1.48506138    1.40807395    1.42751132    1.56710467    1.59344001    1.64040612    1.64226424    1.50469262    1.65600001    1.59254296    1.54272504    1.66349000    1.56841995    1.52818239    1.53517634    1.75115265    1.82084843    1.85478266    1.86222131    2.15252021    1.68879193    1.70442317    1.85735586    1.82125359    1.87207971    1.91008004    1.88385462    1.87923106    1.71518579    1.74613132    1.67084179    1.87786482
W1PBS4_AMBTC/43-589     1.91519387    1.68996689    1.49775723    1.52555163    0.00000000    0.75439827    0.69530364    0.59089570    0.65759250    0.69735016    0.69294901    0.73219350    0.74239897    1.53377189    1.42896454    1.47247691    1.42865595    1.45903525    1.51019751    1.41536129    1.39379435    1.43039535    1.47530805    1.57526742    1.66877383    1.59218712    2.10929232    1.50412321    1.55096876    1.63899012    1.57491256    1.63192427    1.55462022    1.61009926    1.58543759    1.51715307    1.52792394    1.70101845    1.59018749
MCMBP_ARATH/44-588     1.92571281    1.68681415    1.41767977    1.45978404    0.75439827    0.00000000    0.60269301    0.53117675    0.48856464    0.56783112    0.66977712    0.78604350    0.77989598    1.48011384    1.38627563    1.47758106    1.42539773    1.42736297    1.52589511    1.43260506    1.37767775    1.41196919    1.51483458    1.45752056    1.59044635    1.51075594    2.04913899    1.51020146    1.40410489    1.60262383    1.45416047    1.54279473    1.54362938    1.52860149    1.47091586    1.43598854    1.47408637    1.57434277    1.55690210
M1C939_SOLTU/44-596     1.93969090    1.65495504    1.47752039    1.56448517    0.69530364    0.60269301    0.00000000    0.41405358    0.48821440    0.53913998    0.68317073    0.79477224    0.80966468    1.43437205    1.45989604    1.47921138    1.40564139    1.39977139    1.45996671    1.39327306    1.47371058    1.47637205    1.53872314    1.54848639    1.68543210    1.52449022    2.20197598    1.59621633    1.38450752    1.58294017    1.55154117    1.58642763    1.57552046    1.61242412    1.56157536    1.49232169    1.54882264    1.61366754    1.78128339
F6HC50_VITVI/48-595     1.93543051    1.63386644    1.52825926    1.48506138    0.59089570    0.53117675    0.41405358    0.00000000    0.36594156    0.43810422    0.58473327    0.66717307    0.67581911    1.38284823    1.37684556    1.40034102    1.32932583    1.34525581    1.45767489    1.33529524    1.40367820    1.36984690    1.42859082    1.50187382    1.55861176    1.46714120    2.08385905    1.52056088    1.39985031    1.59855206    1.56111514    1.59514040    1.53025514    1.56330242    1.53560308    1.42850876    1.50034958    1.63574293    1.65604199
B9S4C9_RICCO/44-578     1.91287726    1.72040594    1.55094743    1.40807395    0.65759250    0.48856464    0.48821440    0.36594156    0.00000000    0.41827091    0.58864157    0.71329445    0.72265770    1.43358193    1.33557099    1.39031860    1.37941432    1.43295175    1.43645399    1.37354742    1.36768224    1.39884757    1.43881386    1.53327364    1.51390719    1.53319702    2.07793456    1.56166715    1.37804295    1.55063741    1.53057252    1.59268184    1.55368666    1.57820592    1.55165332    1.46553283    1.46343465    1.57012160    1.63683214
I1JYB4_SOYBN/44-589     1.88290149    1.72737396    1.45256382    1.42751132    0.69735016    0.56783112    0.53913998    0.43810422    0.41827091    0.00000000    0.69227593    0.78517558    0.78472626    1.41089396    1.33637671    1.47026991    1.42049538    1.37777799    1.47891166    1.38747772    1.40266074    1.37138493    1.49768621    1.59775381    1.59207331    1.44658866    2.07760915    1.50095326    1.39899957    1.54325663    1.52982505    1.56226181    1.60892274    1.58726067    1.53548600    1.45125827    1.48545688    1.59950713    1.65421670
M0TC50_MUSAM/48-592     2.12198921    1.79896512    1.68242793    1.56710467    0.69294901    0.66977712    0.68317073    0.58473327    0.58864157    0.69227593    0.00000000    0.47423175    0.46336852    1.56896100    1.46668824    1.55907981    1.47943211    1.49557578    1.56623617    1.46826923    1.49050625    1.50838405    1.57501812    1.65226950    1.71962519    1.61505896    2.13580792    1.72180816    1.57305223    1.68054877    1.59124022    1.66848905    1.63702700    1.65364003    1.62277493    1.62369342    1.61134064    1.63987336    1.77624792
J3KWP8_ORYBR/45-592     1.95356971    1.77605406    1.63370135    1.59344001    0.73219350    0.78604350    0.79477224    0.66717307    0.71329445    0.78517558    0.47423175    0.00000000    0.18075531    1.55349922    1.51187642    1.59624831    1.52402379    1.58859892    1.55199569    1.46669648    1.54586337    1.51740188    1.60104863    1.73399359    1.74647406    1.63836830    2.19521230    1.70044693    1.66466961    1.79550181    1.62586519    1.76118653    1.68137370    1.71369985    1.63209845    1.63677303    1.69543337    1.74860376    1.86748940
K3XFU4_SETIT/51-595     2.03930449    1.80520064    1.66595803    1.64040612    0.74239897    0.77989598    0.80966468    0.67581911    0.72265770    0.78472626    0.46336852    0.18075531    0.00000000    1.54165620    1.45939136    1.51948476    1.47666905    1.49441379    1.54180893    1.42044368    1.49260858    1.45789840    1.61304253    1.74028188    1.73403741    1.62318315    2.13467898    1.64779868    1.62299880    1.73866859    1.60615338    1.70537519    1.62035215    1.66479387    1.60705693    1.60416458    1.67966852    1.71025324    1.74556512
H3AJW8_LATCH/21-619     1.68763439    1.65075192    1.57826930    1.64226424    1.53377189    1.48011384    1.43437205    1.38284823    1.43358193    1.41089396    1.56896100    1.55349922    1.54165620    0.00000000    0.36123214    0.29105796    0.24483074    0.30646397    0.47016929    0.40993477    0.42516747    0.43299174    1.00652896    1.24337060    1.18454838    1.36163946    1.92541211    1.27560264    1.33875618    1.40009693    1.32191566    1.34616050    1.33487857    1.35247074    1.28787169    1.14329591    1.11191875    1.22783346    1.29666770
MCMBP_XENTR/37-616     1.75681467    1.56090363    1.54826608    1.50469262    1.42896454    1.38627563    1.45989604    1.37684556    1.33557099    1.33637671    1.46668824    1.51187642    1.45939136    0.36123214    0.00000000    0.33308533    0.34239134    0.42017622    0.51966711    0.44655740    0.45651038    0.46965560    1.02224416    1.21378643    1.11852008    1.27784623    2.03310365    1.26788556    1.34021486    1.31792619    1.19682777    1.21747605    1.19848414    1.28036770    1.17612426    1.15125077    1.10182568    1.25940784    1.24288996
H0VDP5_CAVPO/36-632     1.62948435    1.59742637    1.62303935    1.65600001    1.47247691    1.47758106    1.47921138    1.40034102    1.39031860    1.47026991    1.55907981    1.59624831    1.51948476    0.29105796    0.33308533    0.00000000    0.20214271    0.34272588    0.51197234    0.45036272    0.45182454    0.46251491    1.03428930    1.24894773    1.21471837    1.32179622    1.98746467    1.30742564    1.37884829    1.34627906    1.28053801    1.33804623    1.31479621    1.34836006    1.27456518    1.18768167    1.15712953    1.25105390    1.25589165
U3JHJ3_FICAL/102-689     1.69331535    1.59812100    1.53260939    1.59254296    1.42865595    1.42539773    1.40564139    1.32932583    1.37941432    1.42049538    1.47943211    1.52402379    1.47666905    0.24483074    0.34239134    0.20214271    0.00000000    0.32161999    0.47902648    0.40947360    0.38512528    0.41401966    1.01931085    1.24300457    1.24365983    1.35853994    1.92062732    1.25211725    1.30538477    1.33737989    1.26015417    1.30964186    1.23290415    1.32441949    1.24599572    1.12288366    1.10210733    1.25292757    1.26633454
W5N0A7_LEPOC/35-627     1.83327765    1.67816877    1.56999150    1.54272504    1.45903525    1.42736297    1.39977139    1.34525581    1.43295175    1.37777799    1.49557578    1.58859892    1.49441379    0.30646397    0.42017622    0.34272588    0.32161999    0.00000000    0.42457204    0.36097171    0.37803414    0.36378707    1.00325074    1.29155311    1.25230334    1.33104572    1.98559209    1.25870516    1.33682057    1.37130691    1.30514134    1.33590959    1.30285995    1.34067622    1.28191300    1.14175999    1.07791258    1.24435599    1.27413388
H3D6C9_TETNG/38-635     1.63512213    1.66677009    1.65872105    1.66349000    1.51019751    1.52589511    1.45996671    1.45767489    1.43645399    1.47891166    1.56623617    1.55199569    1.54180893    0.47016929    0.51966711    0.51197234    0.47902648    0.42457204    0.00000000    0.18386364    0.34718991    0.33864198    1.00930683    1.17399290    1.16705313    1.42049589    1.94426729    1.26298572    1.32043489    1.34212500    1.28603481    1.30306261    1.23134205    1.30527179    1.21550839    1.16438115    1.10430791    1.30445815    1.39794290
A0A669B9B4_ORENI/38-624     1.65210936    1.56603278    1.56544211    1.56841995    1.41536129    1.43260506    1.39327306    1.33529524    1.37354742    1.38747772    1.46826923    1.46669648    1.42044368    0.40993477    0.44655740    0.45036272    0.40947360    0.36097171    0.18386364    0.00000000    0.30386871    0.28966712    1.00452513    1.20615855    1.20361422    1.38942360    1.90306817    1.15473513    1.31433928    1.29358228    1.21966430    1.25166777    1.18209916    1.24041439    1.14411261    1.07935415    1.04617341    1.21176483    1.27746256
W5KB68_ASTMX/36-605     1.66667836    1.55626444    1.48051834    1.52818239    1.39379435    1.37767775    1.47371058    1.40367820    1.36768224    1.40266074    1.49050625    1.54586337    1.49260858    0.42516747    0.45651038    0.45182454    0.38512528    0.37803414    0.34718991    0.30386871    0.00000000    0.21639839    0.95175923    1.23069635    1.14494071    1.34529439    1.95492213    1.26184956    1.33703238    1.31943870    1.23754398    1.25654246    1.21080817    1.27995247    1.19292743    1.13450987    1.11477536    1.30951014    1.28448459
MCMBP_DANRE/36-620     1.61194353    1.56981928    1.52697886    1.53517634    1.43039535    1.41196919    1.47637205    1.36984690    1.39884757    1.37138493    1.50838405    1.51740188    1.45789840    0.43299174    0.46965560    0.46251491    0.41401966    0.36378707    0.33864198    0.28966712    0.21639839    0.00000000    0.97538682    1.22244462    1.16793814    1.36473285    1.92561505    1.16466985    1.32813853    1.31222375    1.20477637    1.21798661    1.18022667    1.24436576    1.16609801    1.10729174    1.05508611    1.26691912    1.31518418
A7RN02_NEMVE/35-622     1.73563548    1.66572608    1.57056218    1.75115265    1.47530805    1.51483458    1.53872314    1.42859082    1.43881386    1.49768621    1.57501812    1.60104863    1.61304253    1.00652896    1.02224416    1.03428930    1.01931085    1.00325074    1.00930683    1.00452513    0.95175923    0.97538682    0.00000000    1.27485094    1.23706549    1.43819898    1.86941890    1.20103356    1.36698772    1.44713495    1.31822304    1.33240906    1.33735541    1.33194569    1.34686737    1.25697691    1.26128535    1.34370692    1.29432526
H2YM20_CIOSA/36-610     1.74764923    1.79656735    1.83709411    1.82084843    1.57526742    1.45752056    1.54848639    1.50187382    1.53327364    1.59775381    1.65226950    1.73399359    1.74028188    1.24337060    1.21378643    1.24894773    1.24300457    1.29155311    1.17399290    1.20615855    1.23069635    1.22244462    1.27485094    0.00000000    0.57995274    1.57553856    1.97725807    1.43511603    1.48915905    1.61885863    1.55825541    1.52324730    1.52168707    1.59652175    1.52668616    1.44159990    1.42338283    1.38588909    1.44588068
F6PJU1_CIOIN/36-620     1.82201463    1.87139643    1.88533794    1.85478266    1.66877383    1.59044635    1.68543210    1.55861176    1.51390719    1.59207331    1.71962519    1.74647406    1.73403741    1.18454838    1.11852008    1.21471837    1.24365983    1.25230334    1.16705313    1.20361422    1.14494071    1.16793814    1.23706549    0.57995274    0.00000000    1.49622043    2.05576365    1.43284782    1.50464222    1.57557683    1.56604415    1.55683365    1.49768548    1.56484226    1.44950187    1.39196195    1.33513897    1.38670967    1.54127171
A0A0D2UHH3_CAPO3/104-681     2.04041869    1.72208273    1.81825787    1.86222131    1.59218712    1.51075594    1.52449022    1.46714120    1.53319702    1.44658866    1.61505896    1.63836830    1.62318315    1.36163946    1.27784623    1.32179622    1.35853994    1.33104572    1.42049589    1.38942360    1.34529439    1.36473285    1.43819898    1.57553856    1.49622043    0.00000000    1.86476083    1.52797033    1.55581807    1.60163521    1.57198762    1.64731751    1.54042470    1.62664686    1.64104010    1.50415619    1.48135955    1.41100296    1.53911429
F4NUU5_BATDJ/20-571     2.33729007    2.32435706    2.32040311    2.15252021    2.10929232    2.04913899    2.20197598    2.08385905    2.07793456    2.07760915    2.13580792    2.19521230    2.13467898    1.92541211    2.03310365    1.98746467    1.92062732    1.98559209    1.94426729    1.90306817    1.95492213    1.92561505    1.86941890    1.97725807    2.05576365    1.86476083    0.00000000    1.92756800    2.07292712    2.12424248    2.14641194    2.14592953    2.06491818    2.14676740    2.11932797    2.05328104    1.94651682    2.04150247    2.05882981
E9GTV7_DAPPU/36-588     1.55467926    1.59811309    1.64862965    1.68879193    1.50412321    1.51020146    1.59621633    1.52056088    1.56166715    1.50095326    1.72180816    1.70044693    1.64779868    1.27560264    1.26788556    1.30742564    1.25211725    1.25870516    1.26298572    1.15473513    1.26184956    1.16466985    1.20103356    1.43511603    1.43284782    1.52797033    1.92756800    0.00000000    1.28647844    1.35452995    1.40974330    1.42002653    1.37702281    1.48484273    1.42785308    1.32620679    1.33573121    1.26789501    1.29537565
E0VY82_PEDHC/22-580     1.73191683    1.81547706    1.80658716    1.70442317    1.55096876    1.40410489    1.38450752    1.39985031    1.37804295    1.39899957    1.57305223    1.66466961    1.62299880    1.33875618    1.34021486    1.37884829    1.30538477    1.33682057    1.32043489    1.31433928    1.33703238    1.32813853    1.36698772    1.48915905    1.50464222    1.55581807    2.07292712    1.28647844    0.00000000    1.34191243    1.20013456    1.23763698    1.21388807    1.20662243    1.20374200    1.10805908    1.14838493    1.19586060    1.34148082
W5JVF0_ANODA/21-609     1.78987674    1.79407846    1.88899670    1.85735586    1.63899012    1.60262383    1.58294017    1.59855206    1.55063741    1.54325663    1.68054877    1.79550181    1.73866859    1.40009693    1.31792619    1.34627906    1.33737989    1.37130691    1.34212500    1.29358228    1.31943870    1.31222375    1.44713495    1.61885863    1.57557683    1.60163521    2.12424248    1.35452995    1.34191243    0.00000000    0.90031046    0.94906463    0.88441973    0.91242202    0.88168506    1.17879035    1.15522446    1.17122372    1.33578445
B4KJV3_DROMO/22-594     1.75600579    1.88723388    1.85144379    1.82125359    1.57491256    1.45416047    1.55154117    1.56111514    1.53057252    1.52982505    1.59124022    1.62586519    1.60615338    1.32191566    1.19682777    1.28053801    1.26015417    1.30514134    1.28603481    1.21966430    1.23754398    1.20477637    1.31822304    1.55825541    1.56604415    1.57198762    2.14641194    1.40974330    1.20013456    0.90031046    0.00000000    0.24180753    0.28017901    0.34337638    0.29368715    1.10083746    1.07006019    1.05769508    1.22632604
B4JEE6_DROGR/22-603     1.81724042    1.90219282    1.89803970    1.87207971    1.63192427    1.54279473    1.58642763    1.59514040    1.59268184    1.56226181    1.66848905    1.76118653    1.70537519    1.34616050    1.21747605    1.33804623    1.30964186    1.33590959    1.30306261    1.25166777    1.25654246    1.21798661    1.33240906    1.52324730    1.55683365    1.64731751    2.14592953    1.42002653    1.23763698    0.94906463    0.24180753    0.00000000    0.33526965    0.35939986    0.32221044    1.17148129    1.13067156    1.15135162    1.26616817
B4N062_DROWI/22-593     1.73872870    1.88663927    1.88892931    1.91008004    1.55462022    1.54362938    1.57552046    1.53025514    1.55368666    1.60892274    1.63702700    1.68137370    1.62035215    1.33487857    1.19848414    1.31479621    1.23290415    1.30285995    1.23134205    1.18209916    1.21080817    1.18022667    1.33735541    1.52168707    1.49768548    1.54042470    2.06491818    1.37702281    1.21388807    0.88441973    0.28017901    0.33526965    0.00000000    0.29110439    0.26893172    1.13440062    1.09378944    1.12324001    1.20411761
B4HY07_DROSE/24-593     1.80528278    1.94545290    1.87542054    1.88385462    1.61009926    1.52860149    1.61242412    1.56330242    1.57820592    1.58726067    1.65364003    1.71369985    1.66479387    1.35247074    1.28036770    1.34836006    1.32441949    1.34067622    1.30527179    1.24041439    1.27995247    1.24436576    1.33194569    1.59652175    1.56484226    1.62664686    2.14676740    1.48484273    1.20662243    0.91242202    0.34337638    0.35939986    0.29110439    0.00000000    0.23644209    1.16429155    1.11160478    1.13476670    1.22921299
B4GL02_DROPE/25-595     1.74307852    1.85826863    1.83295470    1.87923106    1.58543759    1.47091586    1.56157536    1.53560308    1.55165332    1.53548600    1.62277493    1.63209845    1.60705693    1.28787169    1.17612426    1.27456518    1.24599572    1.28191300    1.21550839    1.14411261    1.19292743    1.16609801    1.34686737    1.52668616    1.44950187    1.64104010    2.11932797    1.42785308    1.20374200    0.88168506    0.29368715    0.32221044    0.26893172    0.23644209    0.00000000    1.17471036    1.11764628    1.12219544    1.21666764
A0A212F7Z6_DANPL/23-589     1.63508563    1.71797901    1.79141349    1.71518579    1.51715307    1.43598854    1.49232169    1.42850876    1.46553283    1.45125827    1.62369342    1.63677303    1.60416458    1.14329591    1.15125077    1.18768167    1.12288366    1.14175999    1.16438115    1.07935415    1.13450987    1.10729174    1.25697691    1.44159990    1.39196195    1.50415619    2.05328104    1.32620679    1.10805908    1.17879035    1.10083746    1.17148129    1.13440062    1.16429155    1.17471036    0.00000000    0.27147107    0.94527990    1.04365380
H9JR76_BOMMO/4-573     1.69309513    1.73732831    1.82479608    1.74613132    1.52792394    1.47408637    1.54882264    1.50034958    1.46343465    1.48545688    1.61134064    1.69543337    1.67966852    1.11191875    1.10182568    1.15712953    1.10210733    1.07791258    1.10430791    1.04617341    1.11477536    1.05508611    1.26128535    1.42338283    1.33513897    1.48135955    1.94651682    1.33573121    1.14838493    1.15522446    1.07006019    1.13067156    1.09378944    1.11160478    1.11764628    0.27147107    0.00000000    0.89990421    1.05558531
D6WEZ4_TRICA/18-565     1.77240804    1.78979556    1.81250330    1.67084179    1.70101845    1.57434277    1.61366754    1.63574293    1.57012160    1.59950713    1.63987336    1.74860376    1.71025324    1.22783346    1.25940784    1.25105390    1.25292757    1.24435599    1.30445815    1.21176483    1.30951014    1.26691912    1.34370692    1.38588909    1.38670967    1.41100296    2.04150247    1.26789501    1.19586060    1.17122372    1.05769508    1.15135162    1.12324001    1.13476670    1.12219544    0.94527990    0.89990421    0.00000000    1.02960344
E2C2X0_HARSA/22-585     1.77991194    1.64075101    1.97779171    1.87786482    1.59018749    1.55690210    1.78128339    1.65604199    1.63683214    1.65421670    1.77624792    1.86748940    1.74556512    1.29666770    1.24288996    1.25589165    1.26633454    1.27413388    1.39794290    1.27746256    1.28448459    1.31518418    1.29432526    1.44588068    1.54127171    1.53911429    2.05882981    1.29537565    1.34148082    1.33578445    1.22632604    1.26616817    1.20411761    1.22921299    1.21666764    1.04365380    1.05558531    1.02960344    0.00000000

