47
Q2JQ74_SYNJB/3-146     0.00000000    0.83272842    0.88156851    0.89323765    0.84951763    0.95828200    0.83999354    0.99494009    1.11327496    1.01185374    1.37077589    1.10418060    1.19749298    0.86989043    1.55115157    2.07114389    1.27386628    1.60652343    1.94372869    1.60708588    1.69960321    0.89325181    1.26005263    0.83373278    0.92582170    0.96276072    1.01535667    0.95969543    0.89010819    0.98630353    0.98429318    0.95420005    0.82997223    0.85122154    0.89247434    0.78889051    0.80779164    0.90331869    0.85213607    0.93275528    0.97428805    0.91832112    0.88014417    0.90835503    0.89311133    0.85872423    0.87947519
K9ZAA0_CYAAP/4-147     0.83272842    0.00000000    0.55184844    0.61611879    0.72919532    0.91219395    0.61264893    0.68256700    0.88092846    0.74796353    1.37120550    1.30352581    1.38970627    0.94152590    1.61460111    2.09251744    1.08540272    1.76838468    1.79571692    1.73369194    1.43743036    0.81805229    0.84648772    0.79615732    0.80924295    0.80127922    0.76662511    0.71388047    0.79547519    0.85905003    0.83942626    0.66072551    0.68175520    0.58555189    0.71742041    0.76835598    0.69503135    0.80997402    0.63525187    0.53370513    0.80702533    0.65883502    0.62485865    0.73331380    0.68592461    0.69907410    0.68863712
K9YJW0_CYASC/4-147     0.88156851    0.55184844    0.00000000    0.73490490    0.85749382    0.84234891    0.52301337    0.74339983    0.96784422    0.72855760    1.34280555    1.20840591    1.40236210    0.93578631    1.45685483    1.97965921    1.28094785    1.61687170    1.66282480    1.56320012    1.53741098    0.82619370    1.10301880    0.80254523    0.80391137    0.70373519    0.76450850    0.77742389    0.88225475    0.74093667    0.72847477    0.65790251    0.66474469    0.69843536    0.77776688    0.59042462    0.56269031    0.66258066    0.55849173    0.56333545    0.55224475    0.55560430    0.51566969    0.56120697    0.62155872    0.52298353    0.68585663
Q10VX4_TRIEI/5-148     0.89323765    0.61611879    0.73490490    0.00000000    0.61616648    0.74542461    0.65729156    0.66839384    0.79238194    0.81799428    1.50674152    1.36157480    1.38638130    0.94781647    1.45282005    2.31164327    1.14788431    1.83308810    1.76742427    1.68430261    1.48886091    0.66283972    0.91212057    0.74034857    0.73458951    0.66434026    0.63410810    0.60670933    0.82914570    0.69126010    0.68832699    0.62761374    0.66203180    0.64321960    0.68453401    0.62175781    0.53710850    0.71152900    0.65343709    0.64613262    0.68374335    0.59773140    0.57974975    0.61172032    0.53585730    0.60201787    0.60275230
D4ZPZ4_ARTPN/4-147     0.84951763    0.72919532    0.85749382    0.61616648    0.00000000    0.70373005    0.63153815    0.71563863    0.81097084    0.72349505    1.46244339    1.25206821    1.30207174    0.87354299    1.46313646    1.88857307    1.13125995    1.67204722    1.76842959    1.55405961    1.40028560    0.74402314    0.95778305    0.76151000    0.71973027    0.74529708    0.73770853    0.65664206    0.74959134    0.74722119    0.80037968    0.73431569    0.65771412    0.66508393    0.73142935    0.65520615    0.64035633    0.69548621    0.61117801    0.56060190    0.66646859    0.67388472    0.57597541    0.61756506    0.64664368    0.64251880    0.70682651
B0CEW6_ACAM1/14-157     0.95828200    0.91219395    0.84234891    0.74542461    0.70373005    0.00000000    0.61517571    0.83993917    1.03773951    0.83186377    1.42456123    1.40588741    1.39589982    0.98886274    1.73138077    1.97888735    1.12197530    1.55727629    1.82996442    1.68237586    1.47457572    0.85909586    0.94592699    0.79287782    0.83633319    0.72887482    0.84379857    0.73704739    0.85996266    0.79068020    0.76385910    0.77478532    0.65615966    0.76507120    0.82402693    0.69073196    0.60141463    0.75375724    0.72107064    0.67164642    0.73019815    0.78051419    0.70024131    0.63554162    0.63043585    0.66951917    0.67380152
K9YDL3_HALP7/19-162     0.83999354    0.61264893    0.52301337    0.65729156    0.63153815    0.61517571    0.00000000    0.65117391    0.78954910    0.68298949    1.29546495    1.30874523    1.28467150    0.67951169    1.48583440    1.80842123    1.17195154    1.70078013    1.56237673    1.67491948    1.51813270    0.68123542    1.00664899    0.70714731    0.81325931    0.59824713    0.64744674    0.62933334    0.75846451    0.61050928    0.60300505    0.55840190    0.51261126    0.63625014    0.67654629    0.62497166    0.48327485    0.57573559    0.46273928    0.53267346    0.50524649    0.43808616    0.39581745    0.48365728    0.52964016    0.51021655    0.58444645
K9RS40_SYNP3/2-147     0.99494009    0.68256700    0.74339983    0.66839384    0.71563863    0.83993917    0.65117391    0.00000000    0.63143889    0.62978683    1.24043424    1.18278555    1.36079637    0.83070357    1.34506874    1.84868231    1.17213143    1.54960340    1.77553637    1.76629744    1.53397389    0.73946909    0.88531611    0.83632270    0.86452055    0.79065026    0.83602458    0.77226656    0.86838923    0.81765586    0.87911997    0.80686336    0.66896258    0.78075335    0.93124984    0.70915814    0.66881768    0.79021539    0.71023999    0.65644701    0.72537895    0.66482894    0.66484683    0.66427872    0.63548667    0.66454398    0.59055014
Q8DJ72_THEEB/4-148     1.11327496    0.88092846    0.96784422    0.79238194    0.81097084    1.03773951    0.78954910    0.63143889    0.00000000    0.77096306    1.27701403    1.35528119    1.33410111    0.78105514    1.45040501    1.82215257    1.22645559    1.71292286    1.72472972    1.64908715    1.49813706    0.92748691    1.09803870    0.89224005    0.96358422    0.83050920    0.97511667    0.89088348    0.95242638    0.96375275    0.89377295    0.87978726    0.83680186    0.99093959    0.87092050    0.79277854    0.82971248    0.83222031    0.74807684    0.82769064    0.81022403    0.72420875    0.71325002    0.75531755    0.77480642    0.75936351    0.81632098
P73447_SYNY3/2-150     1.01185374    0.74796353    0.72855760    0.81799428    0.72349505    0.83186377    0.68298949    0.62978683    0.77096306    0.00000000    1.36004402    1.30623669    1.27954348    0.89033817    1.55597351    1.94523646    1.23206877    1.81447412    1.84549661    1.80486328    1.59712293    0.79929340    0.99512324    0.75523428    0.80726665    0.83132457    0.69699742    0.70242491    0.71363119    0.68887826    0.75955608    0.65814124    0.65541961    0.84364827    0.80557172    0.70279752    0.66222675    0.78061550    0.63749443    0.72196410    0.72985602    0.69763436    0.68877755    0.64617436    0.68082651    0.59510717    0.78334681
K9P9N0_CYAGP/7-149     1.37077589    1.37120550    1.34280555    1.50674152    1.46244339    1.42456123    1.29546495    1.24043424    1.27701403    1.36004402    0.00000000    0.90134776    0.98212647    1.09969748    1.64463392    2.14316588    1.58648931    1.68613411    1.78097405    1.97305047    1.82095489    1.36623102    1.36122712    1.33253920    1.43115274    1.30094748    1.26787589    1.29253096    1.38024112    1.31424833    1.37606515    1.18569657    1.31861351    1.39677074    1.31402680    1.41506987    1.17289267    1.18240506    1.30202440    1.47112118    1.40205253    1.26835274    1.26768653    1.31318245    1.36101614    1.35955624    1.50534345
A5GWY2_SYNR3/7-149     1.10418060    1.30352581    1.20840591    1.36157480    1.25206821    1.40588741    1.30874523    1.18278555    1.35528119    1.30623669    0.90134776    0.00000000    0.45959648    1.00945328    1.82641439    1.83921332    1.71811166    1.79036797    1.94926658    1.93293010    1.90932820    1.08396440    1.33844964    1.23560770    1.35289521    1.29541664    1.42731675    1.31981579    1.47856326    1.31923444    1.35489664    1.21710898    1.27717703    1.35740424    1.31741104    1.34736624    1.21176541    1.23707584    1.27378171    1.38080147    1.47448782    1.26573391    1.31751929    1.38416732    1.38285594    1.29458522    1.38268345
A5GPP3_SYNPW/11-153     1.19749298    1.38970627    1.40236210    1.38638130    1.30207174    1.39589982    1.28467150    1.36079637    1.33410111    1.27954348    0.98212647    0.45959648    0.00000000    1.09087192    1.87940170    1.94151669    1.79367783    2.47034183    1.98243975    2.17980082    2.17850244    1.23774200    1.51979219    1.27381356    1.40949937    1.34512719    1.36971094    1.28911680    1.40400742    1.30963163    1.28396450    1.20698770    1.39910484    1.48308289    1.26601616    1.35858679    1.19662573    1.39509115    1.30678663    1.31113125    1.36807441    1.19840430    1.17921690    1.38567142    1.29256636    1.25745341    1.37020331
Q31PQ6_SYNE7/18-160     0.86989043    0.94152590    0.93578631    0.94781647    0.87354299    0.98886274    0.67951169    0.83070357    0.78105514    0.89033817    1.09969748    1.00945328    1.09087192    0.00000000    1.65407059    1.93202887    1.26902006    1.69306783    1.79469184    1.79800871    1.72096584    0.78198137    1.24669776    0.92788146    0.93446082    0.93414985    0.98808060    0.87925365    0.92187850    0.82067918    0.99119242    0.90222056    0.84764713    0.94003506    0.87817604    0.86363341    0.79982744    0.73416043    0.83516690    0.94164356    0.79370912    0.75014791    0.76013561    0.79893129    0.71711403    0.81059283    0.74056233
D5X5D5_THIK1/31-175     1.55115157    1.61460111    1.45685483    1.45282005    1.46313646    1.73138077    1.48583440    1.34506874    1.45040501    1.55597351    1.64463392    1.82641439    1.87940170    1.65407059    0.00000000    2.38206289    1.49639761    1.99283930    2.27343985    1.86260587    1.87173698    1.43702522    1.60172790    1.51519123    1.54341881    1.38994948    1.46646189    1.41249100    1.64271281    1.44155776    1.43560432    1.37490720    1.52319694    1.62201595    1.38778183    1.40856896    1.43311995    1.55361845    1.68462444    1.60480119    1.51149789    1.53075783    1.51645559    1.54139015    1.50836162    1.52394934    1.42984739
A9F5C0_SORC5/5-145     2.07114389    2.09251744    1.97965921    2.31164327    1.88857307    1.97888735    1.80842123    1.84868231    1.82215257    1.94523646    2.14316588    1.83921332    1.94151669    1.93202887    2.38206289    0.00000000    1.88801496    2.31933747    2.12699816    2.17771518    2.44447176    1.99484518    1.77007984    1.95974951    1.96644426    1.74485787    1.78759818    1.68324758    1.88784233    1.68457161    1.63715791    1.63225369    1.78226208    2.03777848    2.05822228    1.71623015    1.71195989    1.87765609    1.76455244    1.99714143    1.90783857    1.94522650    1.97303941    1.58135586    1.99371203    1.78461735    1.86789976
A4G606_HERAR/4-151     1.27386628    1.08540272    1.28094785    1.14788431    1.13125995    1.12197530    1.17195154    1.17213143    1.22645559    1.23206877    1.58648931    1.71811166    1.79367783    1.26902006    1.49639761    1.88801496    0.00000000    1.28867579    1.57415626    1.46976726    1.34582410    1.11195674    1.44375248    1.07926418    1.08075791    1.14762835    1.13961432    1.10632420    1.27474920    1.12224420    1.10846351    1.00271596    1.19692726    1.21796933    1.11740336    0.96282412    1.13591497    1.22380470    1.08014240    1.18470103    1.12683254    1.03068055    1.07196740    1.05666516    1.16277784    0.97352178    1.09344807
C5AD15_BURGB/9-163     1.60652343    1.76838468    1.61687170    1.83308810    1.67204722    1.55727629    1.70078013    1.54960340    1.71292286    1.81447412    1.68613411    1.79036797    2.47034183    1.69306783    1.99283930    2.31933747    1.28867579    0.00000000    0.75793362    0.53996535    0.58026983    1.71627786    1.88760448    1.69720139    1.66177519    1.56335721    1.77954491    1.81749252    1.99878418    1.68174510    1.88117647    1.70649238    1.50847110    1.67651943    1.61239504    1.55401832    1.62219225    1.46184063    1.59768663    1.90154306    1.75540546    1.61920233    1.81336886    1.55190175    1.69621146    1.49050677    1.77270487
E5ALP7_MYCRK/41-185     1.94372869    1.79571692    1.66282480    1.76742427    1.76842959    1.82996442    1.56237673    1.77553637    1.72472972    1.84549661    1.78097405    1.94926658    1.98243975    1.79469184    2.27343985    2.12699816    1.57415626    0.75793362    0.00000000    0.51577451    0.55726386    1.62184959    2.18137767    1.68892606    1.72851155    1.65269807    1.77387343    1.70215219    1.94604449    1.77368415    1.89042671    1.76720197    1.61916838    1.77129007    1.56816414    1.49218949    1.56104343    1.54357635    1.79894450    1.90377944    1.83081034    1.69273285    1.70660422    1.64147342    1.74115619    1.56613611    1.86493177
Q145M3_PARXL/9-154     1.60708588    1.73369194    1.56320012    1.68430261    1.55405961    1.68237586    1.67491948    1.76629744    1.64908715    1.80486328    1.97305047    1.93293010    2.17980082    1.79800871    1.86260587    2.17771518    1.46976726    0.53996535    0.51577451    0.00000000    0.29904631    1.51622789    1.92944453    1.55075838    1.73589637    1.58899487    1.62311804    1.61953502    1.89868954    1.67529514    1.86103775    1.67826667    1.55277997    1.56180249    1.48725837    1.52677076    1.54798493    1.60216444    1.70349304    1.69046833    1.78448616    1.63933926    1.73269052    1.62443862    1.68265487    1.49537027    1.64012133
B2JCW4_PARP8/9-154     1.69960321    1.43743036    1.53741098    1.48886091    1.40028560    1.47457572    1.51813270    1.53397389    1.49813706    1.59712293    1.82095489    1.90932820    2.17850244    1.72096584    1.87173698    2.44447176    1.34582410    0.58026983    0.55726386    0.29904631    0.00000000    1.35049297    1.62686890    1.47553953    1.56310527    1.50969454    1.63816718    1.59823686    1.80435915    1.58729712    1.76846505    1.50678457    1.40478883    1.42349129    1.37958042    1.41025081    1.49881685    1.45644323    1.54265612    1.53825441    1.67890736    1.49892359    1.49607234    1.44888833    1.56919252    1.46841127    1.52076619
K9SK69_9CYAN/32-174     0.89325181    0.81805229    0.82619370    0.66283972    0.74402314    0.85909586    0.68123542    0.73946909    0.92748691    0.79929340    1.36623102    1.08396440    1.23774200    0.78198137    1.43702522    1.99484518    1.11195674    1.71627786    1.62184959    1.51622789    1.35049297    0.00000000    0.96344022    0.73539823    0.85835081    0.84602420    0.82788373    0.74047584    0.89703543    0.86800439    0.85508397    0.76770302    0.78402003    0.83362144    0.76382416    0.72159464    0.78505637    0.78592723    0.82912589    0.82900758    0.83968893    0.77372610    0.74940344    0.81223940    0.81119958    0.78719161    0.75446566
C6VXE4_DYAFD/11-153     1.26005263    0.84648772    1.10301880    0.91212057    0.95778305    0.94592699    1.00664899    0.88531611    1.09803870    0.99512324    1.36122712    1.33844964    1.51979219    1.24669776    1.60172790    1.77007984    1.44375248    1.88760448    2.18137767    1.92944453    1.62686890    0.96344022    0.00000000    1.01388497    0.90533603    0.93057735    0.83982234    0.76952896    0.96886641    0.87150818    0.85721378    0.81490116    0.85304985    0.96750757    1.06091781    0.92677735    0.84120186    0.97889863    0.93803639    0.97290664    1.03592089    0.93851304    0.92376053    1.03783927    0.96294075    0.87978455    0.84645348
K9SVV4_9SYNE/3-145     0.83373278    0.79615732    0.80254523    0.74034857    0.76151000    0.79287782    0.70714731    0.83632270    0.89224005    0.75523428    1.33253920    1.23560770    1.27381356    0.92788146    1.51519123    1.95974951    1.07926418    1.69720139    1.68892606    1.55075838    1.47553953    0.73539823    1.01388497    0.00000000    0.70414605    0.77019931    0.65986457    0.72828216    0.73318617    0.75330948    0.72528909    0.68294891    0.66561892    0.72774067    0.67814401    0.67985825    0.68944427    0.73179300    0.67708902    0.80129343    0.69091452    0.74751957    0.68248839    0.71744688    0.72768925    0.65029095    0.71274708
K9UFI2_CHAP6/3-146     0.92582170    0.80924295    0.80391137    0.73458951    0.71973027    0.83633319    0.81325931    0.86452055    0.96358422    0.80726665    1.43115274    1.35289521    1.40949937    0.93446082    1.54341881    1.96644426    1.08075791    1.66177519    1.72851155    1.73589637    1.56310527    0.85835081    0.90533603    0.70414605    0.00000000    0.68152844    0.67120767    0.62182163    0.65998661    0.66415044    0.76305006    0.70936472    0.65426713    0.73187483    0.81460349    0.60294166    0.63211945    0.75563663    0.69838330    0.76261778    0.71790611    0.76352596    0.67719249    0.68859084    0.64009163    0.61501043    0.61838630
K7VVN7_9NOST/4-147     0.96276072    0.80127922    0.70373519    0.66434026    0.74529708    0.72887482    0.59824713    0.79065026    0.83050920    0.83132457    1.30094748    1.29541664    1.34512719    0.93414985    1.38994948    1.74485787    1.14762835    1.56335721    1.65269807    1.58899487    1.50969454    0.84602420    0.93057735    0.77019931    0.68152844    0.00000000    0.47474379    0.49181641    0.65370014    0.47768285    0.50982447    0.46409145    0.49689203    0.68072956    0.63357819    0.57942385    0.48396381    0.59433773    0.55867452    0.75733931    0.67656555    0.66612777    0.62721379    0.58540255    0.63082507    0.50175356    0.59255958
K9PJ44_9CYAN/4-147     1.01535667    0.76662511    0.76450850    0.63410810    0.73770853    0.84379857    0.64744674    0.83602458    0.97511667    0.69699742    1.26787589    1.42731675    1.36971094    0.98808060    1.46646189    1.78759818    1.13961432    1.77954491    1.77387343    1.62311804    1.63816718    0.82788373    0.83982234    0.65986457    0.67120767    0.47474379    0.00000000    0.34762493    0.59533544    0.29973857    0.32993248    0.31525662    0.56968695    0.67561023    0.66077074    0.63168415    0.54833358    0.69569514    0.56453759    0.75866776    0.65892426    0.59438080    0.57473784    0.67470852    0.65294103    0.49249457    0.63183063
Q8YZ73_NOSS1/4-147     0.95969543    0.71388047    0.77742389    0.60670933    0.65664206    0.73704739    0.62933334    0.77226656    0.89088348    0.70242491    1.29253096    1.31981579    1.28911680    0.87925365    1.41249100    1.68324758    1.10632420    1.81749252    1.70215219    1.61953502    1.59823686    0.74047584    0.76952896    0.72828216    0.62182163    0.49181641    0.34762493    0.00000000    0.50950355    0.30269392    0.35993981    0.33816686    0.53967300    0.67397901    0.62161463    0.53529405    0.50428880    0.62975789    0.53792853    0.71115672    0.69890791    0.54954720    0.55072580    0.59704186    0.55877440    0.46799350    0.49408329
K9UYT1_9CYAN/4-147     0.89010819    0.79547519    0.88225475    0.82914570    0.74959134    0.85996266    0.75846451    0.86838923    0.95242638    0.71363119    1.38024112    1.47856326    1.40400742    0.92187850    1.64271281    1.88784233    1.27474920    1.99878418    1.94604449    1.89868954    1.80435915    0.89703543    0.96886641    0.73318617    0.65998661    0.65370014    0.59533544    0.50950355    0.00000000    0.58746814    0.62227187    0.64704142    0.59335568    0.82263037    0.82675259    0.64607225    0.72259520    0.81193665    0.65588828    0.79267163    0.78479977    0.69567078    0.66057339    0.66800309    0.66026900    0.70627888    0.71200848
B2IZT3_NOSP7/4-147     0.98630353    0.85905003    0.74093667    0.69126010    0.74722119    0.79068020    0.61050928    0.81765586    0.96375275    0.68887826    1.31424833    1.31923444    1.30963163    0.82067918    1.44155776    1.68457161    1.12224420    1.68174510    1.77368415    1.67529514    1.58729712    0.86800439    0.87150818    0.75330948    0.66415044    0.47768285    0.29973857    0.30269392    0.58746814    0.00000000    0.31092757    0.28861183    0.55102405    0.74217550    0.60672005    0.57982682    0.46173770    0.53501339    0.46239116    0.68877753    0.54824994    0.57732505    0.55363499    0.50564078    0.49381445    0.42257652    0.46385962
K9QB38_9NOSO/4-147     0.98429318    0.83942626    0.72847477    0.68832699    0.80037968    0.76385910    0.60300505    0.87911997    0.89377295    0.75955608    1.37606515    1.35489664    1.28396450    0.99119242    1.43560432    1.63715791    1.10846351    1.88117647    1.89042671    1.86103775    1.76846505    0.85508397    0.85721378    0.72528909    0.76305006    0.50982447    0.32993248    0.35993981    0.62227187    0.31092757    0.00000000    0.26960177    0.63704739    0.73500442    0.66262692    0.57743535    0.56119181    0.67577199    0.61320470    0.76829202    0.61679319    0.57407048    0.54728907    0.53720329    0.54848422    0.46943371    0.60222369
A0ZEY6_NODSP/4-147     0.95420005    0.66072551    0.65790251    0.62761374    0.73431569    0.77478532    0.55840190    0.80686336    0.87978726    0.65814124    1.18569657    1.21710898    1.20698770    0.90222056    1.37490720    1.63225369    1.00271596    1.70649238    1.76720197    1.67826667    1.50678457    0.76770302    0.81490116    0.68294891    0.70936472    0.46409145    0.31525662    0.33816686    0.64704142    0.28861183    0.26960177    0.00000000    0.50603812    0.67977018    0.59682576    0.55439710    0.50192291    0.60513952    0.45561999    0.64515269    0.58278176    0.53591888    0.51451312    0.54911284    0.51262772    0.43379979    0.63363560
K9U432_CHRTP/18-161     0.82997223    0.68175520    0.66474469    0.66203180    0.65771412    0.65615966    0.51261126    0.66896258    0.83680186    0.65541961    1.31861351    1.27717703    1.39910484    0.84764713    1.52319694    1.78226208    1.19692726    1.50847110    1.61916838    1.55277997    1.40478883    0.78402003    0.85304985    0.66561892    0.65426713    0.49689203    0.56968695    0.53967300    0.59335568    0.55102405    0.63704739    0.50603812    0.00000000    0.45389647    0.61000513    0.47256765    0.52873233    0.53506284    0.44728208    0.68379137    0.58676853    0.50268222    0.54384635    0.57561213    0.59425167    0.46050561    0.50160446
K9TP76_9CYAN/4-147     0.85122154    0.58555189    0.69843536    0.64321960    0.66508393    0.76507120    0.63625014    0.78075335    0.99093959    0.84364827    1.39677074    1.35740424    1.48308289    0.94003506    1.62201595    2.03777848    1.21796933    1.67651943    1.77129007    1.56180249    1.42349129    0.83362144    0.96750757    0.72774067    0.73187483    0.68072956    0.67561023    0.67397901    0.82263037    0.74217550    0.73500442    0.67977018    0.45389647    0.00000000    0.64925557    0.61205981    0.62877603    0.74845437    0.63154566    0.59649501    0.67485256    0.58225360    0.61104682    0.65839181    0.61330003    0.58998053    0.59304766
B8HRN5_CYAP4/12-155     0.89247434    0.71742041    0.77776688    0.68453401    0.73142935    0.82402693    0.67654629    0.93124984    0.87092050    0.80557172    1.31402680    1.31741104    1.26601616    0.87817604    1.38778183    2.05822228    1.11740336    1.61239504    1.56816414    1.48725837    1.37958042    0.76382416    1.06091781    0.67814401    0.81460349    0.63357819    0.66077074    0.62161463    0.82675259    0.60672005    0.66262692    0.59682576    0.61000513    0.64925557    0.00000000    0.58806430    0.56344345    0.59583520    0.66225848    0.79719438    0.75897703    0.67858814    0.68884070    0.69562617    0.69790522    0.59945370    0.60309132
K8GJI3_9CYAN/4-147     0.78889051    0.76835598    0.59042462    0.62175781    0.65520615    0.69073196    0.62497166    0.70915814    0.79277854    0.70279752    1.41506987    1.34736624    1.35858679    0.86363341    1.40856896    1.71623015    0.96282412    1.55401832    1.49218949    1.52677076    1.41025081    0.72159464    0.92677735    0.67985825    0.60294166    0.57942385    0.63168415    0.53529405    0.64607225    0.57982682    0.57743535    0.55439710    0.47256765    0.61205981    0.58806430    0.00000000    0.57655707    0.58657021    0.55544993    0.65039976    0.64500158    0.55947429    0.60664021    0.57329515    0.65977640    0.45917570    0.55176248
K9XFQ4_9CHRO/4-146     0.80779164    0.69503135    0.56269031    0.53710850    0.64035633    0.60141463    0.48327485    0.66881768    0.82971248    0.66222675    1.17289267    1.21176541    1.19662573    0.79982744    1.43311995    1.71195989    1.13591497    1.62219225    1.56104343    1.54798493    1.49881685    0.78505637    0.84120186    0.68944427    0.63211945    0.48396381    0.54833358    0.50428880    0.72259520    0.46173770    0.56119181    0.50192291    0.52873233    0.62877603    0.56344345    0.57655707    0.00000000    0.48765692    0.42818125    0.57427016    0.49910444    0.51705793    0.40809749    0.40936827    0.43566595    0.45909761    0.47123255
K9S5N9_9CYAN/4-147     0.90331869    0.80997402    0.66258066    0.71152900    0.69548621    0.75375724    0.57573559    0.79021539    0.83222031    0.78061550    1.18240506    1.23707584    1.39509115    0.73416043    1.55361845    1.87765609    1.22380470    1.46184063    1.54357635    1.60216444    1.45644323    0.78592723    0.97889863    0.73179300    0.75563663    0.59433773    0.69569514    0.62975789    0.81193665    0.53501339    0.67577199    0.60513952    0.53506284    0.74845437    0.59583520    0.58657021    0.48765692    0.00000000    0.56797227    0.77354035    0.65699323    0.62984801    0.59970623    0.53698854    0.62643394    0.54687348    0.64011028
K9T9A4_9CYAN/4-147     0.85213607    0.63525187    0.55849173    0.65343709    0.61117801    0.72107064    0.46273928    0.71023999    0.74807684    0.63749443    1.30202440    1.27378171    1.30678663    0.83516690    1.68462444    1.76455244    1.08014240    1.59768663    1.79894450    1.70349304    1.54265612    0.82912589    0.93803639    0.67708902    0.69838330    0.55867452    0.56453759    0.53792853    0.65588828    0.46239116    0.61320470    0.45561999    0.44728208    0.63154566    0.66225848    0.55544993    0.42818125    0.56797227    0.00000000    0.50227452    0.37450243    0.40875081    0.33291521    0.38585846    0.43214437    0.35815320    0.49448710
B1WTI0_CROS5/4-147     0.93275528    0.53370513    0.56333545    0.64613262    0.56060190    0.67164642    0.53267346    0.65644701    0.82769064    0.72196410    1.47112118    1.38080147    1.31113125    0.94164356    1.60480119    1.99714143    1.18470103    1.90154306    1.90377944    1.69046833    1.53825441    0.82900758    0.97290664    0.80129343    0.76261778    0.75733931    0.75866776    0.71115672    0.79267163    0.68877753    0.76829202    0.64515269    0.68379137    0.59649501    0.79719438    0.65039976    0.57427016    0.77354035    0.50227452    0.00000000    0.38238838    0.48250498    0.46751756    0.52757150    0.47198891    0.49736676    0.62256460
B7K5U0_RIPO1/4-147     0.97428805    0.80702533    0.55224475    0.68374335    0.66646859    0.73019815    0.50524649    0.72537895    0.81022403    0.72985602    1.40205253    1.47448782    1.36807441    0.79370912    1.51149789    1.90783857    1.12683254    1.75540546    1.83081034    1.78448616    1.67890736    0.83968893    1.03592089    0.69091452    0.71790611    0.67656555    0.65892426    0.69890791    0.78479977    0.54824994    0.61679319    0.58278176    0.58676853    0.67485256    0.75897703    0.64500158    0.49910444    0.65699323    0.37450243    0.38238838    0.00000000    0.35195071    0.32542281    0.42280323    0.42973612    0.46002672    0.56649382
B7KFE1_GLOC7/4-147     0.91832112    0.65883502    0.55560430    0.59773140    0.67388472    0.78051419    0.43808616    0.66482894    0.72420875    0.69763436    1.26835274    1.26573391    1.19840430    0.75014791    1.53075783    1.94522650    1.03068055    1.61920233    1.69273285    1.63933926    1.49892359    0.77372610    0.93851304    0.74751957    0.76352596    0.66612777    0.59438080    0.54954720    0.69567078    0.57732505    0.57407048    0.53591888    0.50268222    0.58225360    0.67858814    0.55947429    0.51705793    0.62984801    0.40875081    0.48250498    0.35195071    0.00000000    0.24205343    0.41999954    0.41049545    0.45675852    0.50043833
E0UHP3_GLOV7/4-147     0.88014417    0.62485865    0.51566969    0.57974975    0.57597541    0.70024131    0.39581745    0.66484683    0.71325002    0.68877755    1.26768653    1.31751929    1.17921690    0.76013561    1.51645559    1.97303941    1.07196740    1.81336886    1.70660422    1.73269052    1.49607234    0.74940344    0.92376053    0.68248839    0.67719249    0.62721379    0.57473784    0.55072580    0.66057339    0.55363499    0.54728907    0.51451312    0.54384635    0.61104682    0.68884070    0.60664021    0.40809749    0.59970623    0.33291521    0.46751756    0.32542281    0.24205343    0.00000000    0.40168092    0.40678463    0.48345486    0.51667550
K9XSL1_STAC7/6-149     0.90835503    0.73331380    0.56120697    0.61172032    0.61756506    0.63554162    0.48365728    0.66427872    0.75531755    0.64617436    1.31318245    1.38416732    1.38567142    0.79893129    1.54139015    1.58135586    1.05666516    1.55190175    1.64147342    1.62443862    1.44888833    0.81223940    1.03783927    0.71744688    0.68859084    0.58540255    0.67470852    0.59704186    0.66800309    0.50564078    0.53720329    0.54911284    0.57561213    0.65839181    0.69562617    0.57329515    0.40936827    0.53698854    0.38585846    0.52757150    0.42280323    0.41999954    0.40168092    0.00000000    0.36996973    0.43220231    0.52073903
K9R5E8_9CYAN/4-147     0.89311133    0.68592461    0.62155872    0.53585730    0.64664368    0.63043585    0.52964016    0.63548667    0.77480642    0.68082651    1.36101614    1.38285594    1.29256636    0.71711403    1.50836162    1.99371203    1.16277784    1.69621146    1.74115619    1.68265487    1.56919252    0.81119958    0.96294075    0.72768925    0.64009163    0.63082507    0.65294103    0.55877440    0.66026900    0.49381445    0.54848422    0.51262772    0.59425167    0.61330003    0.69790522    0.65977640    0.43566595    0.62643394    0.43214437    0.47198891    0.42973612    0.41049545    0.40678463    0.36996973    0.00000000    0.44961579    0.47468389
K9W9B8_9CYAN/4-147     0.85872423    0.69907410    0.52298353    0.60201787    0.64251880    0.66951917    0.51021655    0.66454398    0.75936351    0.59510717    1.35955624    1.29458522    1.25745341    0.81059283    1.52394934    1.78461735    0.97352178    1.49050677    1.56613611    1.49537027    1.46841127    0.78719161    0.87978455    0.65029095    0.61501043    0.50175356    0.49249457    0.46799350    0.70627888    0.42257652    0.46943371    0.43379979    0.46050561    0.58998053    0.59945370    0.45917570    0.45909761    0.54687348    0.35815320    0.49736676    0.46002672    0.45675852    0.48345486    0.43220231    0.44961579    0.00000000    0.42355062
K9W4V8_9CYAN/4-147     0.87947519    0.68863712    0.68585663    0.60275230    0.70682651    0.67380152    0.58444645    0.59055014    0.81632098    0.78334681    1.50534345    1.38268345    1.37020331    0.74056233    1.42984739    1.86789976    1.09344807    1.77270487    1.86493177    1.64012133    1.52076619    0.75446566    0.84645348    0.71274708    0.61838630    0.59255958    0.63183063    0.49408329    0.71200848    0.46385962    0.60222369    0.63363560    0.50160446    0.59304766    0.60309132    0.55176248    0.47123255    0.64011028    0.49448710    0.62256460    0.56649382    0.50043833    0.51667550    0.52073903    0.47468389    0.42355062    0.00000000

