6
F4KPK0_HALH1/1-281     0.00000000    1.17139687    1.35400149    1.39586478    2.61087704    2.50587878
G4Q8V6_ACIIR/3-281     1.17139687    0.00000000    0.44370898    1.28152318    2.65942742    2.62283696
R6RQR0_9FIRM/3-280     1.35400149    0.44370898    0.00000000    1.26055756    2.42129753    2.67466664
K9XJ12_9CHRO/4-287     1.39586478    1.28152318    1.26055756    0.00000000    2.16998289    2.22585898
I6XXB4_PSEPQ/1-275     2.61087704    2.65942742    2.42129753    2.16998289    0.00000000    2.07738673
Q3A7G6_PELCD/1-288     2.50587878    2.62283696    2.67466664    2.22585898    2.07738673    0.00000000

