11
A5KBH2_PLAVS/51-190     0.00000000    1.66695591    1.69921897    1.63433467    2.43506201    2.38178673    1.90707539    1.72030113    1.86984874    1.65505316    1.74310855
A5JZ10_PLAVS/19-156     1.66695591    0.00000000    0.23038289    1.61265443    2.72483148    2.66918436    1.81752325    1.84495045    1.70712663    2.32888313    2.05826852
A0A384KVG4_PLAKH/46-183     1.69921897    0.23038289    0.00000000    1.56823655    2.52035645    2.66161982    1.69930396    1.88661715    1.62590535    1.97785277    1.72522078
Q8I2F8_PLAF7/47-185     1.63433467    1.61265443    1.56823655    0.00000000    2.00178355    2.02348840    1.49705826    1.54072945    1.87272153    1.98274669    1.70319585
A0A384KJB6_PLAKH/91-236     2.43506201    2.72483148    2.52035645    2.00178355    0.00000000    0.40389120    2.12372661    2.54296189    2.25693590    2.34130675    2.25324801
A5K450_PLAVS/91-236     2.38178673    2.66918436    2.66161982    2.02348840    0.40389120    0.00000000    2.00089077    2.53485045    2.07837821    2.54209160    2.39504228
Q8IIX2_PLAF7/70-210     1.90707539    1.81752325    1.69930396    1.49705826    2.12372661    2.00089077    0.00000000    1.64625136    1.44017693    1.61488417    1.50311949
O96126_PLAF7/92-234     1.72030113    1.84495045    1.88661715    1.54072945    2.54296189    2.53485045    1.64625136    0.00000000    1.50440240    1.73933859    1.65322924
Q9U0N3_PLAF7/46-190     1.86984874    1.70712663    1.62590535    1.87272153    2.25693590    2.07837821    1.44017693    1.50440240    0.00000000    1.16639458    1.10869679
A5K2V4_PLAVS/83-223     1.65505316    2.32888313    1.97785277    1.98274669    2.34130675    2.54209160    1.61488417    1.73933859    1.16639458    0.00000000    0.34247120
A0A384L1J1_PLAKH/83-223     1.74310855    2.05826852    1.72522078    1.70319585    2.25324801    2.39504228    1.50311949    1.65322924    1.10869679    0.34247120    0.00000000

