10
Q11ZD2_POLSJ/1-71     0.00000000    1.54409434    2.41216802    1.57315123    1.43117121    1.41274995    1.23651355    1.66293967    1.83351126    1.64238089
Q120V3_POLSJ/3-73     1.54409434    0.00000000    1.50348581    1.39245928    1.97100588    1.52921248    1.36891969    1.93593663    2.05963194    1.97217732
A1VVA1_POLNA/3-75     2.41216802    1.50348581    0.00000000    1.63248783    1.89434998    2.10276029    2.11418904    2.10540414    2.04428033    1.87654101
A0R7L0_PELPD/5-76     1.57315123    1.39245928    1.63248783    0.00000000    1.18980577    1.20374872    1.11050658    1.33579810    2.01917456    1.65751573
Q8XYU8_RALSO/53-126     1.43117121    1.97100588    1.89434998    1.18980577    0.00000000    1.51393969    1.45533620    1.64017264    1.82077019    1.39860152
Q1L9T1_CUPMC/4-76     1.41274995    1.52921248    2.10276029    1.20374872    1.51393969    0.00000000    0.25440537    1.31371181    1.67043996    1.77323602
Q7WX35_CUPNH/4-76     1.23651355    1.36891969    2.11418904    1.11050658    1.45533620    0.25440537    0.00000000    1.41953933    1.44444838    1.54818608
Q5NXB5_AROAE/4-75     1.66293967    1.93593663    2.10540414    1.33579810    1.64017264    1.31371181    1.41953933    0.00000000    1.54877509    1.56909054
A1W6B4_ACISJ/8-79     1.83351126    2.05963194    2.04428033    2.01917456    1.82077019    1.67043996    1.44444838    1.54877509    0.00000000    1.72330087
Q21Q53_RHOFT/9-78     1.64238089    1.97217732    1.87654101    1.65751573    1.39860152    1.77323602    1.54818608    1.56909054    1.72330087    0.00000000

