6
W5Y0V1_9CORY/15-299     0.00000000    1.07416505    1.27844289    1.81840007    1.30810070    1.18883478
F6EEX5_HOYSD/54-337     1.07416505    0.00000000    0.93720175    1.77163040    1.19256183    1.03092802
E4N3S8_KITSK/26-325     1.27844289    0.93720175    0.00000000    1.49754384    1.31237191    1.19370993
Q82KN7_STRAW/1363-1655     1.81840007    1.77163040    1.49754384    0.00000000    1.85355252    1.80258237
D9T0S6_MICAI/24-311     1.30810070    1.19256183    1.31237191    1.85355252    0.00000000    1.19575154
R4LQ55_9ACTN/17-302     1.18883478    1.03092802    1.19370993    1.80258237    1.19575154    0.00000000

