19
Q1AV90_RUBXD/328-634     0.00000000    1.14822854    1.46623086    1.35750769    1.35269976    1.28103539    1.64812451    1.21591943    1.17953320    1.28891642    1.16541144    1.25986093    1.29395915    1.26923427    1.28928963    1.30218231    1.33289624    1.28089738    1.39134466
Q9A8Q5_CAUVC/327-635     1.14822854    0.00000000    0.93107005    0.95776052    1.03788002    1.05869147    1.45566001    1.19115566    1.01536394    1.12512490    1.04575620    1.16141379    1.15486401    1.18633799    1.15894678    1.01843025    1.08567347    1.06788230    1.11960516
Q92SL7_RHIME/337-643     1.46623086    0.93107005    0.00000000    0.93938253    1.01585196    1.09282987    1.54099623    1.25447891    1.20300938    1.23511278    1.13487060    1.18166046    1.13921829    1.13507096    1.23276791    1.16995752    1.11801560    1.24780033    1.19592687
Q2YKW8_BRUA2/324-632     1.35750769    0.95776052    0.93938253    0.00000000    0.54366388    0.50847247    1.62746555    1.19219519    1.08548896    1.13671110    1.11136164    1.13776913    1.14410982    1.15389444    1.25736018    1.24081125    1.26537867    1.22273985    1.27717443
A5G0X7_ACICJ/323-628     1.35269976    1.03788002    1.01585196    0.54366388    0.00000000    0.47607516    1.60977430    1.35538646    1.27594675    1.36399631    1.26055302    1.29327783    1.21960263    1.24106260    1.26740724    1.26374709    1.30438011    1.37867152    1.35104878
A1B2M9_PARDP/323-628     1.28103539    1.05869147    1.09282987    0.50847247    0.47607516    0.00000000    1.47509343    1.41207131    1.23137172    1.39236799    1.29817870    1.36911390    1.20999777    1.25375621    1.36913904    1.27479229    1.30653710    1.43490220    1.39429866
Q11C04_CHESB/313-621     1.64812451    1.45566001    1.54099623    1.62746555    1.60977430    1.47509343    0.00000000    1.58935005    1.35074092    1.43110901    1.38603601    1.50628862    1.44941044    1.50013227    1.46865208    1.49634286    1.47972735    1.53068654    1.51260739
Q2SMT7_HAHCH/326-636     1.21591943    1.19115566    1.25447891    1.19219519    1.35538646    1.41207131    1.58935005    0.00000000    0.67096442    0.69102030    0.65573979    0.73307986    0.71864798    0.73398794    0.87434335    0.88961638    0.91413438    0.81631672    1.00231094
Q6LK32_PHOPR/327-634     1.17953320    1.01536394    1.20300938    1.08548896    1.27594675    1.23137172    1.35074092    0.67096442    0.00000000    0.37325220    0.44327293    0.46089299    0.60292130    0.57680954    0.82614339    0.91018606    0.89668312    0.81029251    0.95376983
Q7N5X8_PHOLL/326-634     1.28891642    1.12512490    1.23511278    1.13671110    1.36399631    1.39236799    1.43110901    0.69102030    0.37325220    0.00000000    0.41226289    0.37991839    0.65197136    0.65150998    0.83804109    0.85098119    0.87083757    0.85230814    0.99397901
Q6D762_PECAS/326-634     1.16541144    1.04575620    1.13487060    1.11136164    1.26055302    1.29817870    1.38603601    0.65573979    0.44327293    0.41226289    0.00000000    0.34284511    0.58006630    0.65151986    0.89945724    0.86521131    0.90584079    0.80185550    0.87965423
A0A5P8YIB8_YERPE/346-653     1.25986093    1.16141379    1.18166046    1.13776913    1.29327783    1.36911390    1.50628862    0.73307986    0.46089299    0.37991839    0.34284511    0.00000000    0.65719913    0.65245758    0.83071786    0.92527054    0.86744801    0.86199058    1.00214805
A6THJ0_KLEP7/327-636     1.29395915    1.15486401    1.13921829    1.14410982    1.21960263    1.20999777    1.44941044    0.71864798    0.60292130    0.65197136    0.58006630    0.65719913    0.00000000    0.58446933    0.90876827    0.91017824    0.96120096    1.01932006    0.96140632
B0UVN6_HISS2/326-634     1.26923427    1.18633799    1.13507096    1.15389444    1.24106260    1.25375621    1.50013227    0.73398794    0.57680954    0.65150998    0.65151986    0.65245758    0.58446933    0.00000000    1.03839549    1.11414569    1.06431179    1.03589874    1.20702047
Q87ZC9_PSESM/331-644     1.28928963    1.15894678    1.23276791    1.25736018    1.26740724    1.36913904    1.46865208    0.87434335    0.82614339    0.83804109    0.89945724    0.83071786    0.90876827    1.03839549    0.00000000    0.68437492    0.63116162    0.88855284    0.91943829
Q63TH4_BURPS/333-648     1.30218231    1.01843025    1.16995752    1.24081125    1.26374709    1.27479229    1.49634286    0.88961638    0.91018606    0.85098119    0.86521131    0.92527054    0.91017824    1.11414569    0.68437492    0.00000000    0.26421532    0.83422888    0.86552300
B2JK59_PARP8/340-653     1.33289624    1.08567347    1.11801560    1.26537867    1.30438011    1.30653710    1.47972735    0.91413438    0.89668312    0.87083757    0.90584079    0.86744801    0.96120096    1.06431179    0.63116162    0.26421532    0.00000000    0.86185422    0.97806231
A1WE01_VEREI/341-660     1.28089738    1.06788230    1.24780033    1.22273985    1.37867152    1.43490220    1.53068654    0.81631672    0.81029251    0.85230814    0.80185550    0.86199058    1.01932006    1.03589874    0.88855284    0.83422888    0.86185422    0.00000000    0.66118661
A9BRR4_DELAS/334-646     1.39134466    1.11960516    1.19592687    1.27717443    1.35104878    1.39429866    1.51260739    1.00231094    0.95376983    0.99397901    0.87965423    1.00214805    0.96140632    1.20702047    0.91943829    0.86552300    0.97806231    0.66118661    0.00000000

