34
R5PZN9_9BACT/81-234     0.00000000    0.76014189    1.10962224    0.63977247    0.58802052    0.60810354    0.71157573    0.78484740    0.64418872    1.05368377    0.89458075    0.93673199    0.86979334    0.92450343    0.81847451    0.92974453    0.86330859    0.85994505    1.13425736    1.12405098    1.11294194    1.29275666    1.79171440    1.22690049    1.19469618    1.00202892    1.01953567    0.99892213    0.92476392    1.20821968    1.90464882    2.04952184    2.02146918    2.38068042
R6EZ08_9BACT/120-276     0.76014189    0.00000000    1.22618063    0.79573041    0.78059888    0.72790538    0.76646612    0.85952809    0.95307635    1.13643374    0.76825186    0.82431286    0.87544734    0.89951330    0.81258477    0.91395497    0.93565675    0.79511147    1.09928843    1.15044292    1.18218492    1.25106079    1.42260424    1.38383451    1.15537961    1.14483374    1.20866162    1.00346482    1.03585693    1.25013663    1.92523037    1.94290556    1.86573552    2.02032576
R6VY71_9BACT/103-258     1.10962224    1.22618063    0.00000000    1.07862507    1.10795643    1.18676689    1.10357164    1.26351606    1.25630391    1.46439749    1.14567917    1.11533321    1.30002570    1.23228904    1.23876397    1.19493764    1.04593570    1.20085646    1.33844503    1.36461495    1.27181542    1.48323436    1.42061762    1.56906356    1.47343289    1.13901771    1.20683895    1.27585174    1.22705122    1.55998455    1.72586186    2.20507118    2.06703265    2.28087169
R5D3P3_9BACT/93-248     0.63977247    0.79573041    1.07862507    0.00000000    0.38255197    0.31370939    0.50950025    0.59889461    0.60427759    0.99264501    0.73136390    0.79108996    0.67874293    0.80527171    0.64586976    0.62339721    0.64787340    0.61348611    0.92630693    0.89854570    0.95350099    1.18302228    1.41630763    1.27958384    1.07359853    0.89716554    0.90533697    0.73669611    0.84364897    1.22836566    2.03473586    2.13371493    1.83864086    2.14882180
R5KCZ7_9BACT/91-246     0.58802052    0.78059888    1.10795643    0.38255197    0.00000000    0.35602301    0.59288624    0.66411742    0.56917551    1.02943082    0.66579658    0.78007399    0.75260956    0.82610542    0.75847733    0.75767643    0.76979931    0.67300498    0.89884103    0.94372939    0.95882032    1.23498850    1.45559397    1.32096830    1.16514533    0.99277935    1.01472882    0.79916280    0.77556571    1.09271850    2.16284927    2.09699749    1.82357782    2.01193565
R5CST9_9BACT/91-246     0.60810354    0.72790538    1.18676689    0.31370939    0.35602301    0.00000000    0.55146168    0.67368753    0.64573523    1.06275663    0.70770669    0.78023994    0.79591680    0.91715800    0.74333328    0.74520091    0.76639497    0.67314806    0.96178704    0.88292147    0.85242194    1.18815795    1.50887243    1.33813302    1.15332452    0.96587588    1.00239964    0.79075939    0.77948572    1.13546243    2.01652571    2.04980377    1.81139432    2.11686717
R6BRD3_9BACT/122-278     0.71157573    0.76646612    1.10357164    0.50950025    0.59288624    0.55146168    0.00000000    0.61565803    0.65324464    1.14836363    0.74205055    0.76897177    0.86218899    0.87131526    0.86100971    0.80033433    0.90082882    0.84607414    1.08521164    1.02061679    1.03028862    1.14692127    1.63682459    1.29526904    1.10891659    1.03855235    1.00607122    0.83184637    0.85660070    1.17979003    2.09319093    2.12893444    1.93846523    2.21738063
F9D6M6_PREDD/123-277     0.78484740    0.85952809    1.26351606    0.59889461    0.66411742    0.67368753    0.61565803    0.00000000    0.66718146    1.12194143    0.93611302    0.93280643    1.00526086    1.01304906    0.92595183    0.88213056    0.94569815    0.89418868    0.97570239    1.07442877    1.24066550    1.33070997    1.58117795    1.50559717    1.19357339    1.27255403    1.24329741    0.93398385    0.99628658    1.28189952    2.18852734    2.29803307    1.98154645    2.24079303
R5PS58_9BACT/124-277     0.64418872    0.95307635    1.25630391    0.60427759    0.56917551    0.64573523    0.65324464    0.66718146    0.00000000    1.10646424    0.88140012    0.93500348    0.98241175    0.96904197    0.90753913    0.84832770    0.82318601    0.89060893    1.13722738    1.13299037    1.15883758    1.15938639    1.58248226    1.17239768    1.15065774    1.07738048    1.09333008    1.09006236    1.04998067    1.11489317    2.17001465    2.11062755    1.89404821    1.98160458
R5YJT1_9BACE/99-253     1.05368377    1.13643374    1.46439749    0.99264501    1.02943082    1.06275663    1.14836363    1.12194143    1.10646424    0.00000000    1.04124767    1.11793414    1.02152516    0.99798360    0.93303910    1.02942345    1.04093004    1.06869962    1.18201618    1.15454484    1.25300837    1.32433388    1.37588792    1.19069467    1.13681315    1.02294310    1.14736094    1.13748526    1.10744072    1.37425090    2.21829353    2.01406021    1.81547835    1.95386385
R5BZB7_9BACE/109-266     0.89458075    0.76825186    1.14567917    0.73136390    0.66579658    0.70770669    0.74205055    0.93611302    0.88140012    1.04124767    0.00000000    0.21552593    0.51969046    0.54570173    0.42578540    0.46503685    0.40839076    0.57264722    0.84953995    0.78821830    0.86496775    0.97213138    1.35368489    1.16307850    1.02249399    0.88290671    0.92758773    0.70899589    0.67316992    0.95713820    1.94605530    2.04704406    1.98117458    2.05090617
E6SR64_BACT6/118-274     0.93673199    0.82431286    1.11533321    0.79108996    0.78007399    0.78023994    0.76897177    0.93280643    0.93500348    1.11793414    0.21552593    0.00000000    0.48563525    0.63923107    0.47417225    0.51218832    0.44326993    0.63195393    0.95520285    0.89748364    0.96484981    1.05107687    1.37049156    1.21098589    1.02891958    0.92329713    0.99681336    0.78225673    0.79146919    1.01007700    1.83070807    2.02105191    1.84169631    1.98693698
R6SH58_9BACE/91-243     0.86979334    0.87544734    1.30002570    0.67874293    0.75260956    0.79591680    0.86218899    1.00526086    0.98241175    1.02152516    0.51969046    0.48563525    0.00000000    0.41946439    0.24252217    0.54262705    0.50769807    0.53333097    0.94170839    0.88540514    1.08482485    1.08175345    1.37502837    1.18102576    1.10514413    0.88864839    1.03316423    0.84506607    0.86410623    1.16212716    2.02145791    2.32435871    2.14612927    2.41814734
R6YWV1_9BACE/92-244     0.92450343    0.89951330    1.23228904    0.80527171    0.82610542    0.91715800    0.87131526    1.01304906    0.96904197    0.99798360    0.54570173    0.63923107    0.41946439    0.00000000    0.29795196    0.58887415    0.61613976    0.70721582    1.00779163    1.00233675    1.04807119    1.12340919    1.33746650    1.29920989    1.04215888    0.96838470    1.09759080    0.99566386    0.98063117    0.98827194    1.86822772    2.18114426    2.01901042    2.33072576
R5V9Y5_9BACE/91-243     0.81847451    0.81258477    1.23876397    0.64586976    0.75847733    0.74333328    0.86100971    0.92595183    0.90753913    0.93303910    0.42578540    0.47417225    0.24252217    0.29795196    0.00000000    0.47313578    0.40411310    0.52116433    0.82183174    0.82655967    0.97565206    1.01258561    1.35732068    1.26717048    1.03625333    0.92870283    1.01205284    0.81463541    0.84774269    1.04136002    1.91337025    2.18318973    1.97877867    2.31909689
R7CZG8_9BACE/87-242     0.92974453    0.91395497    1.19493764    0.62339721    0.75767643    0.74520091    0.80033433    0.88213056    0.84832770    1.02942345    0.46503685    0.51218832    0.54262705    0.58887415    0.47313578    0.00000000    0.33177930    0.52869884    0.95904523    0.76356514    0.96061097    0.98440884    1.28473706    1.25787894    0.93615318    0.81158434    0.93757169    0.74300956    0.75354674    1.12755224    1.95532643    2.20178944    2.04835896    2.28869119
A6KX87_BACV8/103-255     0.86330859    0.93565675    1.04593570    0.64787340    0.76979931    0.76639497    0.90082882    0.94569815    0.82318601    1.04093004    0.40839076    0.44326993    0.50769807    0.61613976    0.40411310    0.33177930    0.00000000    0.55573650    0.87154792    0.83342994    0.99172616    0.87303005    1.33602002    1.40144083    0.95203729    0.80243094    0.89936281    0.74204455    0.82162876    1.12680498    1.91425794    2.23820817    1.94585461    2.23396525
R5NBZ7_9BACT/102-257     0.85994505    0.79511147    1.20085646    0.61348611    0.67300498    0.67314806    0.84607414    0.89418868    0.89060893    1.06869962    0.57264722    0.63195393    0.53333097    0.70721582    0.52116433    0.52869884    0.55573650    0.00000000    0.75647914    0.76972553    0.83930739    1.09123179    1.38580987    1.28893836    1.05692875    0.84247684    0.97613914    0.71448860    0.71422074    1.19347245    1.94661612    2.40075778    2.14425930    2.31199145
R7PAV0_9BACT/98-253     1.13425736    1.09928843    1.33844503    0.92630693    0.89884103    0.96178704    1.08521164    0.97570239    1.13722738    1.18201618    0.84953995    0.95520285    0.94170839    1.00779163    0.82183174    0.95904523    0.87154792    0.75647914    0.00000000    0.87361396    1.18285282    1.21718845    1.38298378    1.47260349    1.30561922    1.18896750    1.22422618    0.99721733    0.93795968    1.43043040    2.23707237    2.26260170    1.86530119    2.34154711
R5GW01_9BACT/1-152     1.12405098    1.15044292    1.36461495    0.89854570    0.94372939    0.88292147    1.02061679    1.07442877    1.13299037    1.15454484    0.78821830    0.89748364    0.88540514    1.00233675    0.82655967    0.76356514    0.83342994    0.76972553    0.87361396    0.00000000    1.17756471    1.23555676    1.44807355    1.50571751    1.13815028    1.17286552    1.29676452    1.10270090    0.97470729    1.34986805    2.28295042    2.15416251    2.27629044    2.55656778
Q7MV27_PORGI/126-281     1.11294194    1.18218492    1.27181542    0.95350099    0.95882032    0.85242194    1.03028862    1.24066550    1.15883758    1.25300837    0.86496775    0.96484981    1.08482485    1.04807119    0.97565206    0.96061097    0.99172616    0.83930739    1.18285282    1.17756471    0.00000000    1.20468922    1.43139458    1.40695353    1.27622779    1.08453106    1.07043948    0.88909394    0.93981345    1.33650081    1.99323297    2.18534897    2.03307567    2.32969218
R5B011_9BACE/95-252     1.29275666    1.25106079    1.48323436    1.18302228    1.23498850    1.18815795    1.14692127    1.33070997    1.15938639    1.32433388    0.97213138    1.05107687    1.08175345    1.12340919    1.01258561    0.98440884    0.87303005    1.09123179    1.21718845    1.23555676    1.20468922    0.00000000    1.07893977    1.07658440    0.50333241    0.92537047    0.79107075    1.00359574    0.94191296    1.26040568    2.26116806    2.46631731    2.18040756    2.29967929
R7IYM5_9BACT/96-256     1.79171440    1.42260424    1.42061762    1.41630763    1.45559397    1.50887243    1.63682459    1.58117795    1.58248226    1.37588792    1.35368489    1.37049156    1.37502837    1.33746650    1.35732068    1.28473706    1.33602002    1.38580987    1.38298378    1.44807355    1.43139458    1.07893977    0.00000000    1.33572837    1.08107419    1.30570977    1.29681779    1.40114549    1.25474521    1.29287036    2.35685958    2.18670070    1.99069246    2.06505279
R5ALF2_9BACT/104-261     1.22690049    1.38383451    1.56906356    1.27958384    1.32096830    1.33813302    1.29526904    1.50559717    1.17239768    1.19069467    1.16307850    1.21098589    1.18102576    1.29920989    1.26717048    1.25787894    1.40144083    1.28893836    1.47260349    1.50571751    1.40695353    1.07658440    1.33572837    0.00000000    1.25909066    1.44152069    1.39777505    1.49334480    1.14617661    1.41022832    2.56254790    2.01541980    2.08924700    2.16603481
R7HPC5_9BACT/96-252     1.19469618    1.15537961    1.47343289    1.07359853    1.16514533    1.15332452    1.10891659    1.19357339    1.15065774    1.13681315    1.02249399    1.02891958    1.10514413    1.04215888    1.03625333    0.93615318    0.95203729    1.05692875    1.30561922    1.13815028    1.27622779    0.50333241    1.08107419    1.25909066    0.00000000    0.90505321    0.77395510    0.97279475    0.91307448    1.32902359    2.21135251    2.49731824    2.17843613    2.29411118
R7DG63_9BACT/94-249     1.00202892    1.14483374    1.13901771    0.89716554    0.99277935    0.96587588    1.03855235    1.27255403    1.07738048    1.02294310    0.88290671    0.92329713    0.88864839    0.96838470    0.92870283    0.81158434    0.80243094    0.84247684    1.18896750    1.17286552    1.08453106    0.92537047    1.30570977    1.44152069    0.90505321    0.00000000    0.52895343    0.74107674    0.81125349    1.28634220    1.86928948    2.20327440    1.87633067    2.04028722
R5IFI0_9BACT/96-251     1.01953567    1.20866162    1.20683895    0.90533697    1.01472882    1.00239964    1.00607122    1.24329741    1.09333008    1.14736094    0.92758773    0.99681336    1.03316423    1.09759080    1.01205284    0.93757169    0.89936281    0.97613914    1.22422618    1.29676452    1.07043948    0.79107075    1.29681779    1.39777505    0.77395510    0.52895343    0.00000000    0.65801985    0.65319875    1.17515631    1.69746039    2.32463246    1.81571931    2.01269676
A6LID3_PARD8/92-247     0.99892213    1.00346482    1.27585174    0.73669611    0.79916280    0.79075939    0.83184637    0.93398385    1.09006236    1.13748526    0.70899589    0.78225673    0.84506607    0.99566386    0.81463541    0.74300956    0.74204455    0.71448860    0.99721733    1.10270090    0.88909394    1.00359574    1.40114549    1.49334480    0.97279475    0.74107674    0.65801985    0.00000000    0.35776785    0.99690084    1.92856045    2.41802944    1.95860299    2.26509953
G8UKP5_TANFA/94-249     0.92476392    1.03585693    1.22705122    0.84364897    0.77556571    0.77948572    0.85660070    0.99628658    1.04998067    1.10744072    0.67316992    0.79146919    0.86410623    0.98063117    0.84774269    0.75354674    0.82162876    0.71422074    0.93795968    0.97470729    0.93981345    0.94191296    1.25474521    1.14617661    0.91307448    0.81125349    0.65319875    0.35776785    0.00000000    0.95676172    1.76453276    2.16545013    1.88692376    2.08240423
E4T4P7_PALPW/97-255     1.20821968    1.25013663    1.55998455    1.22836566    1.09271850    1.13546243    1.17979003    1.28189952    1.11489317    1.37425090    0.95713820    1.01007700    1.16212716    0.98827194    1.04136002    1.12755224    1.12680498    1.19347245    1.43043040    1.34986805    1.33650081    1.26040568    1.29287036    1.41022832    1.32902359    1.28634220    1.17515631    0.99690084    0.95676172    0.00000000    1.90799461    1.87872625    1.94153940    2.16405642
X5E4F4_9BACT/91-243     1.90464882    1.92523037    1.72586186    2.03473586    2.16284927    2.01652571    2.09319093    2.18852734    2.17001465    2.21829353    1.94605530    1.83070807    2.02145791    1.86822772    1.91337025    1.95532643    1.91425794    1.94661612    2.23707237    2.28295042    1.99323297    2.26116806    2.35685958    2.56254790    2.21135251    1.86928948    1.69746039    1.92856045    1.76453276    1.90799461    0.00000000    2.27950641    2.31777020    2.25420949
R5P418_9BACT/78-228     2.04952184    1.94290556    2.20507118    2.13371493    2.09699749    2.04980377    2.12893444    2.29803307    2.11062755    2.01406021    2.04704406    2.02105191    2.32435871    2.18114426    2.18318973    2.20178944    2.23820817    2.40075778    2.26260170    2.15416251    2.18534897    2.46631731    2.18670070    2.01541980    2.49731824    2.20327440    2.32463246    2.41802944    2.16545013    1.87872625    2.27950641    0.00000000    0.58929914    0.78591958
R5UUP5_9BACT/76-226     2.02146918    1.86573552    2.06703265    1.83864086    1.82357782    1.81139432    1.93846523    1.98154645    1.89404821    1.81547835    1.98117458    1.84169631    2.14612927    2.01901042    1.97877867    2.04835896    1.94585461    2.14425930    1.86530119    2.27629044    2.03307567    2.18040756    1.99069246    2.08924700    2.17843613    1.87633067    1.81571931    1.95860299    1.88692376    1.94153940    2.31777020    0.58929914    0.00000000    0.73914201
F9Z4X7_ODOSD/79-231     2.38068042    2.02032576    2.28087169    2.14882180    2.01193565    2.11686717    2.21738063    2.24079303    1.98160458    1.95386385    2.05090617    1.98693698    2.41814734    2.33072576    2.31909689    2.28869119    2.23396525    2.31199145    2.34154711    2.55656778    2.32969218    2.29967929    2.06505279    2.16603481    2.29411118    2.04028722    2.01269676    2.26509953    2.08240423    2.16405642    2.25420949    0.78591958    0.73914201    0.00000000

