20
A0JXH4_ARTS2/75-181     0.00000000    3.07082735    3.55973025    3.51247374    3.64568337    3.74612244    4.24411909    4.47652313    1.91700082    2.50130825    2.03582944    2.26805257    2.30147369    2.44889225    2.77022184    2.54765494    2.22909147    1.94230466    2.45010980    2.37090312
Q9HK62_THEAC/14-121     3.07082735    0.00000000    0.99298190    0.99992135    1.50177376    1.35216369    4.59495538    4.25816837    4.43067851    4.08366436    3.72247492    4.42606737    3.80724585    4.12064450    4.99658944    5.47615144    4.25870249    3.51876701    4.04120965    4.22065291
T0M8T3_9ARCH/18-123     3.55973025    0.99298190    0.00000000    0.84007903    1.17569885    0.89228858    6.42632952    5.65015656    4.54081870    7.63563039    6.09954966    6.63529704    4.45373890    5.72391837    4.55837436    8.89488933    7.32485528    5.32614469    6.11731164    6.60441699
Q6L1D2_PICTO/13-123     3.51247374    0.99992135    0.84007903    0.00000000    1.18550367    0.77580181    5.01370991    4.89215421    4.09147838    4.84149509    4.46194042    5.58402356    3.71337008    4.29978497    5.00043392    6.29184185    5.48038069    4.12786533    4.13152279    4.59607406
T0LJ72_9ARCH/14-122     3.64568337    1.50177376    1.17569885    1.18550367    0.00000000    1.14159206    6.13203068    6.30728806    4.61520378    6.66426023    6.73375969    5.26845439    4.99152152    5.86839615    5.16853783    6.48447519    5.23114337    4.55181442    4.68386189    4.50202731
T0LL23_9ARCH/24-132     3.74612244    1.35216369    0.89228858    0.77580181    1.14159206    0.00000000    4.71021117    4.80725414    3.90911814    6.07740377    5.04587198    5.67205821    5.17275383    5.72712410    4.18240415    7.11311185    6.21024414    4.40722590    4.64504995    4.84242287
Q97IJ4_CLOAB/61-152     4.24411909    4.59495538    6.42632952    5.01370991    6.13203068    4.71021117    0.00000000    0.55871928    3.49637518    3.99801973    3.96548022    3.83022285    4.18588502    4.55074629    4.65107972    3.54186976    4.58737983    3.75320274    2.79406814    2.95954227
Q813C9_BACCR/54-152     4.47652313    4.25816837    5.65015656    4.89215421    6.30728806    4.80725414    0.55871928    0.00000000    3.45622345    3.66430687    3.52841800    3.32562003    3.87364256    4.01833136    4.49166255    4.33024296    4.14480653    3.89244230    3.00881730    3.14588312
R7CUE9_9BACE/60-163     1.91700082    4.43067851    4.54081870    4.09147838    4.61520378    3.90911814    3.49637518    3.45622345    0.00000000    1.79569162    1.48849880    2.46006379    2.60615572    3.02781350    2.69635231    2.59502526    2.03514718    2.14815771    2.66467486    2.67580155
G8TI51_NIAKG/60-166     2.50130825    4.08366436    7.63563039    4.84149509    6.66426023    6.07740377    3.99801973    3.66430687    1.79569162    0.00000000    1.01854399    2.21544953    2.42648886    2.25844124    2.93273431    2.40770335    2.95950752    2.49682278    3.07357317    2.89141087
G2Z3I9_FLABF/60-166     2.03582944    3.72247492    6.09954966    4.46194042    6.73375969    5.04587198    3.96548022    3.52841800    1.48849880    1.01854399    0.00000000    2.05622050    2.02970772    2.40369256    2.21355540    2.17923946    2.71470038    2.20994540    2.35162831    2.52608325
Q8Y9T3_LISMO/63-167     2.26805257    4.42606737    6.63529704    5.58402356    5.26845439    5.67205821    3.83022285    3.32562003    2.46006379    2.21544953    2.05622050    0.00000000    1.80979669    2.28420939    3.04863056    2.26945210    2.07423290    2.36605423    2.10780090    2.13563696
D4K2K1_9FIRM/56-167     2.30147369    3.80724585    4.45373890    3.71337008    4.99152152    5.17275383    4.18588502    3.87364256    2.60615572    2.42648886    2.02970772    1.80979669    0.00000000    0.62995108    2.63509326    2.51085836    2.39785103    2.19951597    1.83400376    1.90540858
D6GTS9_FILAD/57-168     2.44889225    4.12064450    5.72391837    4.29978497    5.86839615    5.72712410    4.55074629    4.01833136    3.02781350    2.25844124    2.40369256    2.28420939    0.62995108    0.00000000    3.44182472    2.85745989    2.70152898    2.44704396    2.13067962    2.35155899
B0C8G3_ACAM1/10-113     2.77022184    4.99658944    4.55837436    5.00043392    5.16853783    4.18240415    4.65107972    4.49166255    2.69635231    2.93273431    2.21355540    3.04863056    2.63509326    3.44182472    0.00000000    2.53669781    2.18660665    2.27233886    2.24186089    1.97319532
Q6AE92_LEIXX/61-166     2.54765494    5.47615144    8.89488933    6.29184185    6.48447519    7.11311185    3.54186976    4.33024296    2.59502526    2.40770335    2.17923946    2.26945210    2.51085836    2.85745989    2.53669781    0.00000000    2.28785772    1.73315923    2.12920777    2.13245848
E4N1G7_KITSK/64-168     2.22909147    4.25870249    7.32485528    5.48038069    5.23114337    6.21024414    4.58737983    4.14480653    2.03514718    2.95950752    2.71470038    2.07423290    2.39785103    2.70152898    2.18660665    2.28785772    0.00000000    1.39054512    1.62342195    1.64699614
Q5F8Y8_NEIG1/13-100     1.94230466    3.51876701    5.32614469    4.12786533    4.55181442    4.40722590    3.75320274    3.89244230    2.14815771    2.49682278    2.20994540    2.36605423    2.19951597    2.44704396    2.27233886    1.73315923    1.39054512    0.00000000    1.12351014    1.12059374
Q73QB9_TREDE/60-151     2.45010980    4.04120965    6.11731164    4.13152279    4.68386189    4.64504995    2.79406814    3.00881730    2.66467486    3.07357317    2.35162831    2.10780090    1.83400376    2.13067962    2.24186089    2.12920777    1.62342195    1.12351014    0.00000000    0.27610437
S6A3Q0_9SPIO/60-151     2.37090312    4.22065291    6.60441699    4.59607406    4.50202731    4.84242287    2.95954227    3.14588312    2.67580155    2.89141087    2.52608325    2.13563696    1.90540858    2.35155899    1.97319532    2.13245848    1.64699614    1.12059374    0.27610437    0.00000000

