155
R4K0W5_CLOPA/8-49     0.00000000    1.26222545    1.25187831    0.85989118    1.31509374    1.09499895    1.07655996    1.30397757    1.29018445    1.00598343    1.31014289    1.11389933    0.97207612    1.17742528    1.37190354    1.05519763    1.03947824    1.37391759    1.07673746    1.55249387    1.35919045    1.38896756    1.23409120    1.50357846    1.86734840    1.89206754    1.40544976    2.21243903    1.62605639    2.31270705    2.81320244    2.71239370    2.52453929    1.36609919    1.55969006    2.18206572    2.38514877    2.00917778    1.74305511    1.48041760    1.28023974    1.73461083    1.59801855    1.99824478    2.04784977    1.69316997    1.47335541    1.76791240    1.46764229    1.15421457    1.18194612    1.19021956    1.46592649    1.34561167    2.09688912    2.06060290    2.05013081    1.82389136    1.21084030    1.05270280    1.23489422    1.66369322    1.81075464    1.62029445    2.31757226    2.53439886    1.57076525    1.79166262    1.53912393    1.42490245    1.96429461    1.99120140    1.56861359    1.50558244    1.75394489    1.58410899    2.06206288    1.47194748    2.04346427    1.58930367    1.43977841    1.07178578    1.28173754    1.25465893    1.31760364    1.46479465    1.00840785    1.46068090    1.32047423    1.16012344    0.96388659    1.46737593    1.14309778    1.88207159    1.52128749    1.99911321    1.99364871    1.10000828    0.94367308    1.09950294    1.23353757    1.03414071    1.23836904    1.20180516    1.31318500    1.13545526    1.17032105    1.14003194    1.38443012    1.29492694    1.34175197    1.29388302    1.52144896    1.74011231    1.60751854    1.14301050    1.83642499    1.45347404    1.48188063    1.70351223    1.75031271    1.71355771    1.45575812    1.68886919    2.83576540    2.10956465    1.73443617    1.76808305    1.47658459    1.50005707    1.60696702    1.55072949    1.86919551    1.81665161    1.78585427    1.89286871    1.54313039    1.60426542    1.20618489    1.38256450    1.36984738    1.90613745    2.03313633    1.91134969    1.83779072    1.96083242    1.93859307    1.81366206    2.01008127    1.30455587    1.33680004    1.77594280    1.34055149    1.77834683    1.68125410
F4LT05_TEPAE/4-46     1.26222545    0.00000000    1.98639415    1.40790302    1.79871471    1.83587913    1.57355065    2.02195210    2.25402946    1.68394678    1.89655035    2.29882539    2.25965025    2.09823268    2.96568734    1.62322408    1.68457729    2.09432065    1.92919299    2.40367903    1.88972586    1.77244320    1.84614297    1.44464651    2.55812477    1.99690967    1.89078513    1.92951078    2.38507527    1.84635036    2.07013572    2.05013799    3.97295212    2.52563429    2.30506814    2.37751422    2.32365873    2.10255836    2.03733652    1.88564982    2.03144496    2.04191978    2.93164409    2.44121418    3.03915331    3.32569178    2.10927956    3.08151069    2.09021987    1.81495695    1.59904404    1.63573979    2.47049765    2.39845196    2.27475085    2.74670256    2.60132923    1.67508526    1.59242416    1.68543231    1.86143081    1.84779669    2.80275098    2.86517161    3.61561575    2.46079606    2.50537382    2.35376616    2.28703186    1.59167489    2.44502237    2.87776840    2.64071608    2.14479899    2.24219308    1.92506191    2.49896417    1.81985049    2.55190061    2.12352108    2.12714919    2.20840746    1.64097247    1.61899175    2.19616018    1.94116780    1.84325810    2.47186531    2.56502824    2.08329368    2.19260255    1.95075884    2.45894827    1.68530164    2.31163935    1.99117569    2.07268588    2.12467911    1.62408994    1.73380271    1.65725702    2.19322005    2.41656160    1.55227486    2.25824518    1.79220628    2.20153202    1.90692446    2.33807150    1.41509414    1.63367143    1.31458735    2.01836893    1.95052233    2.22493029    1.80822896    1.87644993    1.94150193    1.76150838    2.43525947    1.96815654    1.69092973    1.67965166    1.85393298    2.07432740    2.09082447    1.78726526    1.80547504    1.19925044    2.38682052    1.90102561    2.27943990    2.19239864    2.07085769    2.39605861    2.13298233    1.92839563    1.70376611    2.23020301    2.02686868    1.64376708    1.77844415    2.08193786    2.54828771    1.96235749    2.09915155    2.43016202    1.94128460    1.91655706    1.86791566    2.01361418    2.08302465    1.95643037    1.68366856    1.27860811
A5I549_CLOBH/9-50     1.25187831    1.98639415    0.00000000    1.13299714    1.20544893    1.30488144    1.69524691    1.80005219    2.26581272    1.43721315    1.46112602    1.92973896    2.03130323    1.89114406    1.46433574    1.49739444    1.48939389    1.62013511    1.27823132    1.64758403    2.10972882    1.92858354    2.12767593    1.52878908    2.01178085    1.46437410    1.69551011    2.41964403    2.48721641    2.63224015    3.09703391    3.60931972    1.88097263    1.80639761    1.94970910    2.70206725    1.53296773    1.73589264    1.82094118    1.71124999    1.74458749    1.55396218    2.12836479    2.02529402    1.75641526    1.64880526    1.67605358    1.42553690    1.80049817    1.89305229    1.94227807    1.86571033    2.05760708    1.77379826    2.13831389    2.16143689    2.13910335    1.46905547    1.90677646    1.87926494    1.70846068    1.44070818    2.76908014    2.38519318    2.18239483    1.93436562    1.55108387    1.96625453    2.22520042    2.19313086    2.11741412    1.72869088    1.26633234    1.97780961    2.04185582    2.14323173    2.33939584    2.49027119    2.91171787    1.85866238    2.38325925    1.73945961    1.81440489    1.44401697    1.99524571    1.80384042    1.77169090    2.18904040    1.70542726    1.99892472    1.78674012    1.44758300    1.73164802    1.76164157    1.98381088    2.58574565    2.55251165    1.13787373    1.48360493    1.56677627    2.22189795    1.62706558    1.94857074    1.64110420    1.11128463    1.16420106    1.69135408    1.49151681    2.16024284    1.95536284    1.62821601    1.83095858    1.59808265    1.59151598    1.98309893    2.03019721    2.22672379    1.48990423    1.44365789    1.24591921    2.17518320    1.86259584    1.61407432    2.37740135    1.92793548    1.78821058    1.44115494    1.57002584    1.52474929    1.75497648    1.51827963    1.91011895    1.99899274    2.16203747    2.33766493    1.39000018    1.68431134    1.38495797    1.60282114    1.77241100    1.69507288    1.96553129    1.83630562    1.58806586    1.84378216    1.46564926    1.22021945    1.30709735    1.66466154    1.84939470    1.71662117    1.80685388    1.59925836    1.77335161    1.53863686
U5RP63_9CLOT/8-49     0.85989118    1.40790302    1.13299714    0.00000000    1.31983416    1.51419451    1.09970581    1.51681718    1.84703535    1.42629086    1.66686679    1.70282459    1.77717778    2.04947500    1.67130855    1.25523795    1.22383129    1.64985806    1.34378656    1.60593242    1.92004808    1.72463061    1.60945739    1.63041291    2.25970075    1.66821484    1.81258890    2.20945815    2.03113113    2.50125991    2.97449935    3.14704471    1.68096801    1.34871406    1.85362754    2.04484892    2.07611931    1.53326753    1.72483389    1.70565473    1.41437839    2.28613153    1.82937560    1.64939414    1.98511461    1.86213709    1.68897984    2.09341517    1.44716670    1.28171400    1.16845867    1.27645904    1.53757782    1.99828596    1.91918058    2.07442869    2.08250064    1.39203105    1.02759537    1.36015029    1.62162282    1.46030787    1.96472943    1.20337405    2.02969756    1.95203620    1.69289596    1.67072713    1.94216049    1.85311991    2.37448483    1.65482898    1.78515953    1.53099458    2.42777697    1.97899092    2.40305125    1.99244410    2.39642972    2.15175972    2.20394010    1.80716137    1.62084206    1.22748164    1.74729580    1.90381477    1.74029081    2.45505553    2.18289443    1.94259452    1.72179604    1.50960507    1.71685739    2.17125021    2.46329942    2.83442535    2.27737747    1.38165320    1.69879570    1.64550602    2.03668625    1.27361407    1.62564092    1.93857891    1.68359331    1.60651860    1.62629588    1.42154809    1.44895288    1.97257412    1.28288445    1.69099773    1.57031029    1.43255038    1.31868264    1.30210669    1.60200823    1.64384891    1.64876063    1.76788442    1.68961222    1.68978853    1.64272981    2.06851542    2.39073999    2.07574121    1.35906887    2.02437341    1.36181072    1.59142073    1.59957555    2.06251747    2.23871335    2.19436404    2.45459497    1.65566516    1.71276421    2.19163217    1.50154557    2.05033322    1.91414640    1.77296569    2.10060043    1.95192920    2.02536082    1.66707904    2.00269954    2.01862983    2.68497364    2.06869299    1.64525969    2.02168690    1.17269947    1.80487879    1.76740779
H6NC31_9BACL/13-54     1.31509374    1.79871471    1.20544893    1.31983416    0.00000000    1.43905614    1.37767748    1.29251859    1.85227072    1.73495624    1.50262022    1.57673862    1.41835081    1.41209434    1.72048196    1.62999351    2.15503213    1.52825119    1.26413323    1.89256124    1.88536919    1.60477973    1.43888325    1.62139838    1.90574808    1.43617997    1.56764647    1.78831815    1.63479831    2.35229420    2.68383093    2.76493667    1.68280681    1.56007419    1.52398100    2.34292734    1.25809787    1.74032847    1.73456098    1.99968491    1.78607934    1.60405807    1.46110694    1.59438018    1.30238783    1.63773759    1.03498716    1.62413605    1.69399325    1.23462289    1.31379526    1.42753419    1.91265098    1.27279909    1.77914139    1.49430550    1.54704581    1.55377938    1.59159841    1.80262483    1.59523188    1.33136220    1.57177053    1.63213597    1.62155554    1.81870505    1.12818168    1.87376514    2.03891851    2.10924947    2.14615785    1.48357877    1.19383540    1.25835758    1.77630667    1.45132859    2.14478430    2.00861248    1.99332894    1.50035079    1.77209799    1.82202360    1.90458451    1.56013596    1.46169797    1.50082217    1.42080081    1.79851344    1.62072438    1.55757095    1.59619063    2.07747717    1.66938648    2.25224906    2.08526126    2.26754488    2.08910688    1.28978363    1.33315697    1.47988502    1.51682193    1.14406166    1.62179911    1.33672576    1.42317557    1.49901214    1.59150599    1.29118561    1.98938330    1.41992823    1.37820356    1.42494862    1.98452124    2.11883948    2.62137508    2.19559074    3.01032322    1.83680611    1.97771094    1.71433867    2.22737873    1.67717242    2.27026009    1.90338984    1.81727344    2.12416025    1.74592366    1.78471319    1.67308849    2.01058449    2.06369777    1.60866213    1.52066328    1.71498244    1.45201186    1.70700765    2.04821586    1.52955499    1.34843838    1.48462762    1.59222700    1.65182032    1.63339821    1.71146332    1.70348011    1.72493611    1.42788015    1.67708398    2.08281344    1.79093660    1.87855977    1.53512597    1.34927953    2.19096908    2.00334332
A6TQY0_ALKMQ/11-54     1.09499895    1.83587913    1.30488144    1.51419451    1.43905614    0.00000000    1.43224289    1.49978392    2.16373425    1.78405549    1.91572808    1.67532914    1.28087611    1.88438694    1.57822351    1.66991457    2.13709461    1.57828122    1.57434174    2.40047414    1.62302059    1.57745807    1.62053213    1.80552025    2.40383388    1.97233344    1.57777658    2.32173714    2.39269269    2.16724520    3.21052253    2.62743644    2.18795705    1.65264878    1.74921024    2.79824278    1.76858238    1.83829894    2.01568609    2.27533898    1.53512630    2.05366177    2.73348959    2.34706951    2.58080678    2.26885438    2.47225212    1.98349773    1.87041881    1.96736649    1.63281052    1.98225128    2.32924432    2.31774969    2.35971580    2.03322396    2.69010800    2.29154655    2.03489016    1.61713442    1.97468644    1.86271655    2.58091754    3.20610028    1.98856901    2.82503737    1.73358175    2.68078119    2.57242854    2.23980439    2.54234970    2.37495940    1.98465042    1.54928290    2.07363868    1.70641769    2.16674733    1.70423574    2.06581196    1.98737828    2.19256924    1.57895582    1.49223811    1.56923671    2.03556513    2.30307816    2.02172192    2.52812713    1.94629690    1.96924016    1.57638460    2.74266503    1.70419753    1.67112697    1.96701063    2.59009085    2.63521012    1.34938578    1.77035933    1.56997278    1.56503211    0.99283899    1.26275565    1.27441610    1.10971895    1.35778517    1.18268903    2.16798029    2.03102647    1.65325249    1.66590521    1.82847829    1.61313393    2.22632908    2.20307757    2.02729980    2.51852810    1.31286803    1.70026972    1.67731318    2.04552758    1.71276477    1.50644157    1.51050269    1.92356309    1.82652631    1.39452902    1.76103411    1.51944610    1.84123563    1.77586315    1.59719593    2.10258877    2.01897271    1.68848060    1.79642434    2.21216235    2.10700587    1.92583064    1.43752131    1.61814386    1.87564910    2.15909066    2.11543225    1.89171084    2.25274558    2.21104341    1.99030442    2.54555198    1.25569255    2.13213760    1.55041298    1.99218831    1.71425087    1.67309496
A0Q219_CLONN/39-82     1.07655996    1.57355065    1.69524691    1.09970581    1.37767748    1.43224289    0.00000000    1.10400421    1.61923556    0.93804999    1.46942634    1.03828989    1.26853966    0.92774566    1.39246305    1.00244596    1.66585462    1.10232419    0.99439877    1.93689085    1.59286549    1.35701232    1.80255192    1.78164427    1.98039750    2.22271082    2.05042977    2.48587913    2.15790617    1.91152748    2.30115288    2.06162754    3.46760458    2.06174767    2.29737856    2.50683822    2.17463383    1.68034800    1.80000566    2.31799377    1.40624350    2.17069974    1.66051291    1.66214143    2.02709134    1.88328577    2.20876810    2.04593703    1.73546506    1.27242296    1.46125567    1.41317010    1.95580830    1.60575952    1.80586755    1.81703697    2.12882960    1.92854042    1.42804892    1.65927719    1.71112775    1.82175029    2.52097331    2.13502019    1.98358836    1.76492372    1.57398868    2.36435502    2.13487300    2.03076396    1.86638313    2.06744710    1.74797199    1.67631917    2.22091888    1.86706136    2.02788758    1.65875089    2.26224815    2.30234627    2.36758734    1.28987584    1.02709534    1.05569120    1.04402232    1.40302734    1.26583743    1.62268416    1.56693529    1.34432068    1.26658149    1.97948951    1.28433651    1.83259250    2.14132481    1.84665555    1.85182061    1.21331226    1.06947236    1.11338645    1.02019832    1.31106629    1.35948294    1.18492104    1.36314571    1.22953883    1.12977895    1.27360468    1.80466257    1.68491717    1.18535695    1.51853220    1.55662119    1.91588720    1.68016325    1.41621217    1.79225285    1.67884632    1.51779360    1.84173548    1.84457481    2.12887872    1.48930470    1.93392408    1.68765621    1.91717914    1.68166738    1.90590273    1.50641610    1.54889793    1.68994951    1.58856482    1.51601900    1.59565341    1.70171965    1.20024766    1.70017708    1.54788287    1.51847135    1.97232746    1.78445358    2.19773996    2.28638737    2.42933531    1.71277269    1.94539252    2.23263553    2.26403963    1.76057801    1.52801150    1.45760468    1.52398344    1.69876982    1.65375242    2.22631412
I4D732_DESAJ/15-57     1.30397757    2.02195210    1.80005219    1.51681718    1.29251859    1.49978392    1.10400421    0.00000000    0.87726043    1.10494126    1.33286391    1.04458765    1.05513980    1.11728259    1.54615964    1.19217961    1.56152783    1.18538570    0.99105442    1.60737182    1.72375788    2.35838772    1.57056844    1.77725201    1.68402077    1.54605704    1.80456693    2.22262810    1.56744411    1.88835385    2.49493371    2.14995655    2.17791664    1.85804080    2.09586128    2.63878667    1.73769843    2.07501329    1.38179988    1.87947109    2.02934934    2.24888495    1.33431962    1.26359196    1.37879381    1.46163789    1.07992617    1.99883300    1.59410225    1.52107587    1.66031070    1.90050409    1.35021256    1.37764194    1.42122487    1.50817811    2.21482575    2.00492968    1.30516459    1.40912904    1.69935474    2.22388667    1.91549433    2.00230832    1.56209984    1.60812310    1.68929762    2.07550186    1.51910800    1.67298015    1.73780261    1.74329971    1.64299281    1.37115316    1.56846910    1.64164535    2.16391714    1.74370330    2.22992267    1.89628156    1.69655790    1.17338448    1.38237651    1.14356332    1.27803629    1.40430091    1.12972755    1.91602959    1.43934213    1.12330671    1.22781501    2.19082591    1.47824604    1.44549333    2.03463476    1.92866299    1.89098203    1.00979414    1.26875228    1.18840155    1.04967239    1.11881428    1.27508752    0.98143316    1.07361992    1.18509089    1.19783588    1.38302778    1.90065066    1.48612389    1.58986504    1.42023938    1.79981119    1.89347550    2.12489109    1.87715397    1.91364367    2.36415880    2.14695890    2.75904142    1.75753066    1.95286740    1.79164563    2.83421505    2.35800310    2.44865509    1.85483882    1.75188982    1.49452892    1.62660878    2.17204071    2.04933434    1.60201233    2.03302501    1.89625755    1.86341187    2.29751889    2.08804249    2.10695241    2.04652939    1.80635198    1.60719094    2.07310445    1.99794385    1.85008803    1.72170754    2.20571990    1.97779858    3.00558934    2.27754503    1.59116154    1.87014167    2.17008886    2.68908073    2.76071511
J7IWE1_DESMD/10-52     1.29018445    2.25402946    2.26581272    1.84703535    1.85227072    2.16373425    1.61923556    0.87726043    0.00000000    1.15036174    1.34743288    1.05720684    1.24991386    1.37637016    1.51041032    1.01605053    1.15201485    1.39648812    1.34777032    2.07398233    1.61176209    2.03824455    1.19392884    1.40140879    1.76793748    1.68089379    1.59005025    1.77609500    1.65119367    2.14932790    2.84422011    2.49908943    3.05910295    2.11094509    2.09546351    1.36448818    1.92460800    1.89499542    1.19963072    1.87376620    1.96413460    1.83833722    1.32246876    1.33811502    1.66708514    1.86284205    1.56363643    1.79814644    1.60564075    1.33809470    1.45056633    1.51236318    1.13138303    1.08446867    1.15785738    1.50828430    1.73586139    1.85964842    1.53027885    1.14100804    1.65876690    1.37709750    2.04618216    2.10346939    1.83040343    1.91312061    1.75393694    1.94157377    1.35987738    1.33629252    1.71684277    1.78045123    1.28667106    1.74241843    1.74192370    1.51799570    1.97109762    1.34642693    1.49400089    1.84245988    1.49610506    1.31814385    1.84495796    1.27432487    1.40667285    1.35348368    1.25408242    1.91008451    1.37468101    1.29803621    1.21979487    2.07855092    1.50862715    1.46270534    1.65732314    2.49214755    1.77178557    1.04894199    1.25855605    0.91577564    1.25953480    1.48297913    1.76335376    1.09710747    1.60238667    1.62378438    1.25087181    1.22361175    1.74291027    1.71198572    1.25384696    1.07305608    1.47832120    1.81627023    2.05033061    1.77569274    1.69994798    2.39821043    1.74779156    2.09395341    1.86466985    1.64643533    1.89463465    2.42238703    2.91284114    2.11990360    1.61329012    1.95978185    2.21246077    1.47759356    1.88370005    2.19592312    1.95379816    2.35501874    2.30454983    2.09843122    1.79905438    1.55566757    2.11684953    2.30039259    1.63692384    1.66033053    1.81403534    1.85099976    1.64974808    1.77329574    1.81711195    1.70961010    2.29544239    2.56284834    1.39160693    1.87914791    2.59426821    2.14313981    1.89409333
W0EE59_9FIRM/18-59     1.00598343    1.68394678    1.43721315    1.42629086    1.73495624    1.78405549    0.93804999    1.10494126    1.15036174    0.00000000    0.66435569    0.61328515    0.90298919    0.68080035    0.73275954    0.88250575    0.95604488    0.77281204    0.77844722    1.19372890    1.05350631    1.26693503    1.10700848    1.11328853    1.14170635    1.43728266    1.63468209    1.86142138    1.69173880    2.09052898    2.72980340    2.26344789    2.91920291    1.58277656    1.92357869    1.36091402    1.69371609    1.58748809    0.99143620    1.69148923    1.34914117    1.63577440    1.25357983    1.30769838    1.66064157    1.34815665    1.15789488    1.42074340    1.04477759    1.27676462    1.20829730    1.11402340    1.26111562    0.89687739    1.25712912    1.59107134    1.64197959    1.81564079    1.33279245    1.20836084    1.15798325    1.54929249    1.85898970    1.39038887    2.09790988    1.77065106    1.32735742    1.76261486    1.35121772    1.34550272    1.50768040    1.40344335    1.38579860    1.27551666    1.37203017    1.37592646    2.14851679    1.04227859    1.59281943    1.49458833    1.27664823    0.86447935    1.22711594    0.73920804    1.19137360    1.18652013    1.02949273    1.31946951    1.03905103    0.94420107    0.86505955    1.33158589    1.43329842    1.14200887    1.85512990    1.81202226    1.79146404    0.70661394    0.89510911    1.08483289    1.12215443    1.27941679    1.30390776    0.93836240    1.12284692    1.01252743    1.10539555    1.13273475    1.51687686    1.55464532    1.43820445    1.20642318    1.52737556    2.00885931    1.65408023    1.61792917    1.96941103    1.47012786    1.93018140    1.93733741    2.15004795    2.25347552    1.61609930    1.81280784    1.83147599    1.87122868    1.37878204    1.76285652    1.69434791    1.35000832    1.65185563    1.69710377    2.07746624    1.78903597    1.91875336    1.92570022    1.65120935    1.76803694    1.56962712    2.41981775    1.76534416    2.44221231    3.03146483    2.76211033    2.90783524    2.32502886    2.41308778    2.57935671    1.55128929    1.84648103    1.33869539    1.64714514    1.78651229    1.61727505    1.96052900
W0E7N7_9FIRM/9-49     1.31014289    1.89655035    1.46112602    1.66686679    1.50262022    1.91572808    1.46942634    1.33286391    1.34743288    0.66435569    0.00000000    0.95674585    1.13797505    1.03642773    0.82629638    1.15200973    0.93253487    0.97468594    1.02301833    1.18472502    1.24312428    1.34061694    1.26586371    1.26009708    1.48482806    1.27176767    1.62799318    1.44884822    1.48587095    2.70030852    3.54789848    2.90366463    3.15868770    1.73396144    1.79630027    1.60171280    1.90866712    1.62363070    1.58731429    1.46983087    1.74702283    2.37890074    1.32135949    1.23141697    1.30180918    1.59440220    1.33025415    1.56707523    1.19620103    1.32500347    1.31186618    1.47452879    0.98159271    0.94111885    1.17787048    1.31770246    1.83171168    1.52345953    1.44936043    1.19625674    1.09244521    1.65738540    1.56425887    1.24210415    1.88538452    1.76312540    1.01916900    1.53699638    1.42209211    1.18438785    1.29814961    1.12882889    1.17612652    1.14171911    1.67558377    1.11009926    2.20651660    1.41886424    1.66365812    1.13111970    1.30867144    1.05402613    1.14132375    0.91021477    1.14496948    0.96938155    1.00262784    1.13121574    1.23743227    0.95592500    1.05319440    1.32606890    1.13746308    1.44458259    1.67980097    1.94178005    1.85626643    0.90131661    0.89853258    1.21343199    1.05392768    1.41243782    1.71081265    1.22738778    1.29271880    1.17883649    1.61508435    1.12078287    1.50047268    1.46586899    1.63461356    1.53191933    1.58660816    2.49149455    2.17965089    1.80651574    2.19999860    1.93041896    2.07883822    2.44433605    2.23486056    2.28395915    1.80187499    2.48404634    1.84147552    2.21073152    1.34357454    2.28638795    2.25198232    1.43901279    1.82252175    1.71446518    1.96762653    2.01420563    1.85527907    1.91854629    1.64841751    1.58355074    1.52377991    2.07080080    2.24021514    2.26203610    2.60120824    2.32423036    2.43426387    2.72554560    2.34725637    2.39253490    2.11113459    2.19411259    1.75945754    1.54227257    1.72877347    1.66921001    1.95438336
I4D3C0_DESAJ/6-47     1.11389933    2.29882539    1.92973896    1.70282459    1.57673862    1.67532914    1.03828989    1.04458765    1.05720684    0.61328515    0.95674585    0.00000000    0.67642890    0.84360451    0.75499010    0.78787886    1.28737479    0.88140291    0.82593664    2.14373826    1.17170409    1.27313621    1.26895709    1.17722483    1.16151477    1.44241667    1.92479300    2.15156094    1.91855997    2.22601904    3.03965009    2.46810559    2.79045523    1.83060462    2.21071024    1.70284726    1.99634442    1.36834822    1.48132276    1.48482987    1.48870675    1.60367796    1.51277537    1.61343776    1.88370128    1.51212085    1.26559700    1.52227036    1.51460328    1.28641511    1.49385992    1.48612398    1.14402305    1.16277562    1.34775250    1.42247488    1.65553513    1.89576128    1.47477637    1.11640363    1.40767601    1.74327682    1.75865251    1.55140355    1.89498309    2.04183215    1.42640816    2.05000321    1.47307754    1.57844376    1.60416228    1.71471914    1.50403455    1.65231395    1.47252542    1.73161139    2.90515593    1.41932006    1.92755173    1.68638257    1.43908978    1.22705091    1.62329029    0.79617293    1.10700910    1.28583020    1.13881634    1.38851589    1.08642623    1.19015107    1.10032116    1.86906792    1.42017099    1.66348605    2.17873339    1.83166534    1.75044358    1.04255665    0.80409834    0.77447239    1.39649538    1.11791825    1.29668994    0.92966862    1.22131637    1.27176223    0.94637423    1.51625204    1.69029227    1.41943693    1.47034148    1.24924851    2.25053979    2.12836306    1.99212527    2.14406739    2.94059860    2.22174819    2.03713134    2.39042347    2.15625205    2.13474459    1.91497180    2.19504262    1.71097817    2.22281409    1.75801393    2.11563104    1.96496263    1.51799160    2.10938063    1.53316157    1.89943253    1.96611259    1.97367085    2.05394394    1.83630262    1.74467607    1.57967602    2.45736963    2.03152906    2.19716845    2.60111319    2.44726260    2.35769636    2.46755023    2.21845247    2.44319431    1.95677143    1.98555007    2.22750602    1.43770021    1.73209737    1.96154527    2.68842530
I4D5S6_DESAJ/6-47     0.97207612    2.25965025    2.03130323    1.77717778    1.41835081    1.28087611    1.26853966    1.05513980    1.24991386    0.90298919    1.13797505    0.67642890    0.00000000    0.73001264    0.83143393    1.14550172    1.52269738    1.06401861    1.13639818    1.93297585    1.44622746    1.48774816    1.25899499    1.52786467    1.96073019    1.79502333    2.10980677    2.36241507    1.80728405    2.04764609    2.90483656    2.45713213    2.46982559    1.35794875    1.63168013    1.66449328    2.69840435    2.16895260    1.95507365    1.46415346    1.31949183    1.44726537    1.51820101    1.58795347    1.72299497    1.31944653    1.37930673    1.77292362    1.29280623    1.64815672    1.66600452    1.99444256    1.37477850    1.28997391    1.68834729    1.59626494    2.05089468    2.15571445    1.42400056    0.95945079    1.26287416    1.88054727    2.06321195    1.85540885    2.40900238    2.33622202    1.61262817    2.28682182    1.83621281    1.69694932    1.82998894    1.92636436    1.82215944    1.87861076    2.02742526    1.75133951    2.54440442    1.91225636    2.13548277    1.88630954    1.76459500    1.10723477    1.51922107    1.12763047    1.06655563    1.38264056    1.05590686    1.19940483    1.46052346    1.24992783    1.11516983    1.94303179    1.81152056    2.02529708    2.84938972    2.30473005    2.60912635    0.82307255    0.96528579    1.13572146    1.00684990    1.27045665    1.07630324    0.96119897    1.17883811    1.13867043    0.90299682    1.37167452    1.33875015    1.46763464    1.83998777    1.43713814    2.04172246    2.63053158    2.94235678    2.21070875    2.48401066    2.30197720    2.50972757    2.92471119    2.13936860    2.07187730    2.66451438    2.93077314    2.89641758    2.36219308    1.64136893    2.18846992    2.30248001    2.41362712    2.28170181    1.65234017    1.86423801    2.31259140    2.22616488    2.18280072    2.46546708    2.04340228    2.05633702    2.52526142    2.41368071    2.89344817    3.66601533    3.63749479    3.19497489    3.53374965    3.25291936    3.58704935    2.97891861    1.80841364    1.75713424    1.94425818    1.58826973    2.38692306    2.37349582
I4D3B3_DESAJ/6-47     1.17742528    2.09823268    1.89114406    2.04947500    1.41209434    1.88438694    0.92774566    1.11728259    1.37637016    0.68080035    1.03642773    0.84360451    0.73001264    0.00000000    0.59678270    0.81499391    1.17865643    0.80962902    0.83234621    1.67998998    1.15963238    1.24049894    1.30535640    1.17224364    1.56747945    1.77025936    2.20772710    2.14055318    2.20389753    2.17893776    2.53157684    2.51269510    4.13627902    2.09850304    2.01923477    1.53332129    2.64437524    2.23855465    1.70054931    1.32210277    1.35686752    1.50961572    1.50416485    1.42324014    1.38473283    1.29715857    1.04250024    2.24446814    1.44809741    2.13847682    1.89275370    1.79161837    1.68450280    1.46768316    1.98083691    1.85075937    2.35753306    2.32934116    1.76452338    1.32453654    1.84423702    2.33494112    1.91560189    1.81458409    2.79064385    2.43480992    1.78615659    2.20863216    1.89509578    2.06182321    1.85335876    2.01174229    1.85384916    1.62318958    1.96948899    1.32732553    3.35168379    1.77132389    1.63142519    2.14831988    1.91520212    0.95480366    1.16974942    1.14198348    1.20901629    1.59905632    1.24776351    1.48716219    1.20639535    1.07113587    0.91277388    1.51150292    1.64668969    1.68308659    2.75000905    1.87744036    2.18781815    0.66796221    0.80170519    1.15286557    1.10368949    1.38556337    1.06810335    1.16263943    1.34379642    1.42781125    1.03770594    1.22271333    1.75831412    1.26049607    1.60560853    1.33534400    1.83476875    2.43204584    1.88682045    1.58956478    2.13804858    1.96094796    2.40486945    2.80726112    1.80684287    2.11238579    2.54806182    2.42761712    2.58491275    2.36656630    2.26888424    2.28893303    2.05376098    1.71418138    1.81751617    1.49230606    2.21535237    1.70374222    1.83033117    1.77989885    1.81811508    1.99986194    1.59240846    2.13932735    2.25024601    2.34776109    2.31116157    2.98478455    2.74070791    3.12898730    2.56058828    2.39292500    2.30860809    1.68217789    1.99712451    2.06995622    1.48550433    2.39833699    2.59050940
I4D798_DESAJ/6-47     1.37190354    2.96568734    1.46433574    1.67130855    1.72048196    1.57822351    1.39246305    1.54615964    1.51041032    0.73275954    0.82629638    0.75499010    0.83143393    0.59678270    0.00000000    1.10493405    1.48854878    0.97174801    0.93388403    1.83498269    1.18158859    1.37156386    1.12003057    1.22399906    1.47715459    1.57413440    2.27413503    1.70086264    2.18703612    2.65387082    3.69989745    2.75864083    2.29469470    2.06137022    2.32392092    1.67064559    1.89673216    1.31017218    1.74748986    1.72111182    1.63454463    1.56048436    1.38736064    1.34702306    1.86799468    1.51394669    1.21718832    1.85910394    1.41009782    1.64956755    1.75868930    2.00519369    1.42151003    1.50224445    1.85462075    1.34299583    1.68777763    1.80032022    1.96859882    1.29244693    1.48467442    1.94272178    2.16314367    1.81080288    2.98297147    2.57381714    1.45937080    2.81687879    1.79897015    2.10999968    1.86063271    2.10311400    1.69820707    1.63992104    1.53175653    1.62475770    3.27412069    1.76328669    1.81128105    1.55650251    1.61462267    0.97970728    1.45194835    1.22234680    1.39152259    1.60308403    1.25111852    1.78408238    1.29864660    1.16471494    1.15089093    1.44700028    1.51978917    1.54417938    2.22405972    2.16623987    1.79959694    0.84081123    1.08861639    1.12158494    1.23356480    1.22608962    1.37213414    1.18046347    1.39759243    1.76419984    1.21779962    1.67464204    2.01656418    1.88753016    1.71723801    1.45923447    2.31408529    2.36856787    2.21360385    1.71842956    2.94020249    1.71926756    2.40120911    2.27556088    2.14407726    2.15192577    2.06082106    1.82619074    2.11158730    2.37709274    1.78014858    2.58024764    2.27230929    1.24386968    2.08578189    1.54387490    2.15098038    1.92337456    1.72022012    1.63657414    2.18832223    1.77313156    1.38691992    2.07556701    2.51182154    2.52830912    3.29454581    2.65276549    2.74287133    2.62837291    1.81243771    2.37898791    1.50900320    1.82452356    1.71145895    1.74449921    1.63605454    2.35299442    2.15924547
Q251Z3_DESHY/5-46     1.05519763    1.62322408    1.49739444    1.25523795    1.62999351    1.66991457    1.00244596    1.19217961    1.01605053    0.88250575    1.15200973    0.78787886    1.14550172    0.81499391    1.10493405    0.00000000    0.38679097    0.42335157    0.43424224    1.48596898    1.05765369    1.28299620    1.11468425    1.25416330    1.38803566    1.49824785    1.61339884    1.53318568    1.60203457    2.01692754    2.60749067    2.52351093    2.72601044    1.87255741    1.94951251    1.70520601    1.52796434    1.46594966    1.14898396    1.44770370    1.38918540    1.63209276    1.48907793    1.32933281    1.32939263    1.63499607    1.32169368    1.53337007    1.34659838    1.10228996    0.96346107    1.18764107    1.15959672    1.29766243    1.25441838    1.59547533    1.67954482    1.36529257    1.16694003    0.94088979    1.29579051    1.77037317    1.52940164    1.31989259    2.18146115    1.44791351    1.25094724    1.74397475    1.51007602    1.29115786    1.19097893    1.15414693    1.14899307    1.34629239    1.43654020    1.16347378    1.88426945    1.29487872    1.85213096    1.42423630    1.46603218    1.11638759    1.20602699    0.85381130    1.25360362    1.18489151    1.24081376    1.36356549    1.22054824    1.11341772    0.93696155    1.31210947    1.07288493    1.31907691    1.41883666    1.65089208    1.61380849    0.78043274    0.76079590    0.91724478    1.21968315    1.25716498    1.09132224    1.15421789    1.44760252    1.36587012    1.13500860    1.30374385    1.57595885    1.36207465    1.57284370    1.36489573    1.22076460    1.49086655    1.64897200    1.47628353    1.69134229    1.66774475    1.37970018    1.75716768    2.05991491    1.53916886    1.86075795    1.92067284    2.48029750    1.61153155    1.63838798    2.02985458    1.67155428    1.56001506    1.24683868    1.91470707    1.49679188    1.74317543    1.82847035    1.49097511    1.90062942    1.55378279    1.49360441    1.91101628    1.86794237    1.69783461    2.09489827    2.41441296    1.98375155    2.07391282    1.94416035    1.81693475    1.46439986    2.12162788    1.68574651    1.75056356    1.80732727    1.20782707    1.61805660
L0F348_DESDL/5-46     1.03947824    1.68457729    1.48939389    1.22383129    2.15503213    2.13709461    1.66585462    1.56152783    1.15201485    0.95604488    0.93253487    1.28737479    1.52269738    1.17865643    1.48854878    0.38679097    0.00000000    0.67334306    0.71627533    1.06554273    1.06647240    1.66235765    1.22357297    1.31675724    1.43291141    1.34646005    1.50547922    1.55694128    1.33858475    1.86900241    2.40288715    2.26146834    2.85499882    1.75417685    1.58611632    1.55575143    1.60484721    1.70333337    1.07416946    1.53881989    1.27902334    1.95118652    1.39165604    1.15627108    1.22818109    1.99182222    1.62258033    1.66792377    1.21701028    1.31845041    1.12977805    1.14171310    1.12401587    1.37194217    1.24484570    1.62040558    1.91607396    1.37324230    1.36083553    1.15308637    1.52294930    1.85998278    1.56112877    1.21020367    1.84097263    1.32595816    1.25988582    1.37676015    1.40705308    1.27126868    1.26539576    1.29381805    1.05888203    1.44290467    1.30086365    1.20560979    1.31573998    1.22594403    1.44208556    1.14817491    1.34335320    1.08299084    1.24041652    0.96434384    1.30053715    1.16384710    1.35077504    1.53843997    1.21996768    1.06887478    0.93851793    1.12296384    1.21734770    1.31914583    1.39439787    2.04658288    1.82762377    0.97200518    0.92803554    1.22317955    1.16484719    1.49219426    1.52358312    1.22257494    1.50623917    1.32612671    1.29452565    1.16167240    1.54391225    1.74631867    1.63951195    1.50160339    1.30791641    1.64352083    1.84883090    1.69025288    1.95738016    2.01095144    1.69443903    2.19468960    1.70758929    1.51963580    1.54920189    1.84623201    2.63968771    1.82483411    1.54874843    2.22116936    1.63868469    1.59253243    1.45800307    2.23086375    1.70946440    2.32422476    2.55781220    1.80667297    1.83575595    1.75674495    1.67881867    2.07060193    2.00665710    1.86336599    2.17821384    2.54176742    2.61165585    2.56737001    2.37605299    1.98058093    1.78294852    2.10916102    1.20503473    2.23120423    2.05574277    1.20367713    1.72170696
I4D294_DESAJ/5-46     1.37391759    2.09432065    1.62013511    1.64985806    1.52825119    1.57828122    1.10232419    1.18538570    1.39648812    0.77281204    0.97468594    0.88140291    1.06401861    0.80962902    0.97174801    0.42335157    0.67334306    0.00000000    0.27971182    1.42272984    0.98120191    0.94919863    1.45640306    1.42444739    1.22507651    1.57769688    1.98705127    2.03561145    1.76284571    2.03469889    2.69026647    2.26811640    2.88905706    1.83949274    1.86861483    1.42689847    1.77571173    1.83460453    1.18085969    1.62877532    1.35423377    1.36626152    1.20424003    1.33122391    1.39365396    1.53641387    1.30249014    1.21511029    1.42917721    1.21219952    1.20546985    1.42581716    1.28538933    1.52132148    1.38591297    1.59158206    1.99767842    1.49160751    1.19583184    1.10574735    1.28518004    1.94077277    1.77121861    1.54339274    2.11279661    1.48130144    1.19233346    1.69149665    1.57518771    1.35680830    1.24754158    1.20459130    1.19574084    1.48587143    1.65821370    1.19152811    2.07349339    1.38173942    1.58175143    1.34829009    1.63674517    1.26215782    1.24481589    0.77029558    1.19828919    1.01253030    1.16331800    1.28083590    1.18863748    1.00482906    0.92371523    1.58532295    0.87472366    1.55083346    1.50560039    1.68400314    1.81301330    0.85563069    0.76097274    1.08189741    1.22301551    1.27624819    0.96510943    1.10945128    1.23066271    1.32445801    1.05142578    1.22712088    1.81705037    1.48450843    1.48545543    1.47092432    1.31174327    1.78926471    1.77599683    1.47454830    1.92583691    1.42694930    1.76900879    1.66304273    1.91304179    1.59804213    1.67007516    1.85119946    2.11252780    1.77995423    1.14347789    1.89899048    1.24803274    1.55427660    1.26540181    1.60294000    1.43595492    1.66145929    1.56230280    1.28908236    1.62380456    1.53306445    1.25149557    1.87625655    2.10427674    1.86876588    2.28913622    2.28272194    2.05679666    2.00126886    2.23849057    2.07170858    1.34724397    2.24917993    1.60073763    1.79238131    2.07508090    1.34559813    2.00179254
