38
U5NAD5_9BURK/7-188     0.00000000    0.82143148    1.25998712    0.91489289    1.04640651    1.28576240    0.87851554    0.97220365    0.89437445    0.90485525    0.84057104    1.03925562    1.70357890    1.47845757    1.37899143    1.02416859    1.26850393    1.09256401    0.97882526    0.97696095    1.00444071    1.04886855    1.16258113    2.19437870    2.49694513    2.46088181    1.70068309    1.46364338    2.05389924    1.67903836    2.10536858    2.15833089    1.90267488    1.65346251    2.10375301    1.95864530    2.25061761    2.29699086
D2UGL9_XANAP/4-188     0.82143148    0.00000000    0.93698913    0.80327867    0.98004490    1.11152172    0.73179122    0.86264102    0.90642097    0.87531351    0.89965903    0.96642741    1.42794670    1.39782348    1.32680448    0.96094240    1.00915398    1.00442161    0.91456987    0.90190756    1.04884971    0.91390214    0.97167901    1.89203631    2.32680633    2.49630443    1.57833386    1.46582631    1.69189267    1.53364681    1.90106464    1.86822974    1.70976426    1.48878984    1.92166109    1.76312833    1.79348772    1.85376103
Q5NPQ1_ZYMMO/9-193     1.25998712    0.93698913    0.00000000    1.08658712    1.17139459    1.26142614    1.21194994    1.47353513    1.38013246    1.26383871    1.23987285    1.28442113    1.74339977    1.67259613    1.42600266    1.19149299    1.28509958    1.22944557    1.33138360    1.22789258    1.25316264    1.16508766    1.11886384    2.07072173    2.67501119    2.44596813    1.52419962    1.34947752    1.43676005    1.45759234    1.70049178    1.69566249    1.60929795    1.45689563    1.52821982    1.69716486    1.86380543    1.98211712
T2GAQ9_DESGG/4-186     0.91489289    0.80327867    1.08658712    0.00000000    0.88898027    1.04969667    0.85228719    0.94721053    0.88865062    0.90311491    0.88660124    0.96143028    1.55189564    1.54369003    1.18801442    0.92109164    1.08128552    1.02656793    0.92484325    0.99769286    0.94709198    1.09813030    1.05471709    1.83538995    2.28121689    2.60605807    1.45098441    1.47660272    1.47872311    1.46446492    1.90881765    2.04021625    1.71423147    1.54423292    1.67005610    1.74677436    1.92646789    1.95234038
Q7NX77_CHRVO/4-195     1.04640651    0.98004490    1.17139459    0.88898027    0.00000000    1.03802180    0.92120353    1.07316465    1.00871805    0.93001963    0.95946789    1.07056918    1.48163410    1.50885492    1.15689744    1.15240432    1.10844426    1.06593973    1.05076714    1.14522170    1.04548003    1.01976954    1.02941682    1.79611928    2.16092011    2.25740356    1.58073997    1.43509696    1.67619880    1.62168290    1.97895736    1.66154612    1.53991465    1.51961867    1.84053110    1.75043722    2.13974819    2.14872906
E6W2S9_DESIS/4-182     1.28576240    1.11152172    1.26142614    1.04969667    1.03802180    0.00000000    1.12074339    1.18409158    1.08929166    1.08743639    1.02365222    1.36941531    1.50166304    1.47162300    1.20062632    0.87671774    1.22380010    1.15774000    1.03562380    1.07806419    0.87893910    1.02905320    0.87794883    1.79142824    2.26185880    2.15982602    1.60991479    1.50787182    1.43100723    1.57334182    1.90138837    1.79505118    1.48087949    1.45651465    1.80978371    1.90019144    1.86985599    1.75523642
A1WHV8_VEREI/5-190     0.87851554    0.73179122    1.21194994    0.85228719    0.92120353    1.12074339    0.00000000    0.83419196    0.74366020    0.80321746    0.79508953    1.10168995    1.35727346    1.21843691    1.15516147    0.90676507    0.90081978    1.06481038    0.80993854    0.80197569    0.86070021    0.85124213    0.85362242    1.99799532    2.23250316    2.49814729    1.58007977    1.46136526    1.58406477    1.35001508    1.76501265    1.70808110    1.64492066    1.52185583    1.68792419    1.81091328    2.05283667    2.16980823
W8WV38_CASDE/5-188     0.97220365    0.86264102    1.47353513    0.94721053    1.07316465    1.18409158    0.83419196    0.00000000    0.52846687    0.57286114    0.60219446    0.84917583    1.32990772    1.35941466    1.24576603    1.03034525    1.17655486    1.03828112    0.88259483    0.89352864    0.93113274    0.91037442    0.95101981    1.68847513    1.94656966    2.34150663    1.43056297    1.50259839    1.64682460    1.54292207    1.93925586    1.88384859    1.66948913    1.56628619    1.89583568    1.79212633    1.99962774    1.97052059
A1W3B0_ACISJ/5-191     0.89437445    0.90642097    1.38013246    0.88865062    1.00871805    1.08929166    0.74366020    0.52846687    0.00000000    0.49146863    0.54745111    0.77449652    1.51136457    1.29282277    1.15332646    0.84638386    0.93566367    1.02633335    0.70319978    0.71852679    0.86496084    0.91603427    0.85711448    1.69771621    2.05495820    2.30113196    1.37943601    1.45687764    1.63759695    1.52871873    1.74460484    1.88685692    1.74437073    1.65953041    1.77387121    1.94141703    2.02350143    2.02979872
A9BUF7_DELAS/7-190     0.90485525    0.87531351    1.26383871    0.90311491    0.93001963    1.08743639    0.80321746    0.57286114    0.49146863    0.00000000    0.66578088    0.95694145    1.70610554    1.47064874    1.47926017    1.04361723    1.23818116    1.12555161    0.96474370    0.92087376    1.05115882    1.06757145    1.07406514    1.78974456    2.36333869    2.26906275    1.42813805    1.42031109    1.60640462    1.46840215    1.80441975    1.90293735    1.71818466    1.46590830    1.76111775    1.89906318    2.04224184    2.09271896
K0CJW0_ALCDB/4-187     0.84057104    0.89965903    1.23987285    0.88660124    0.95946789    1.02365222    0.79508953    0.60219446    0.54745111    0.66578088    0.00000000    0.69861263    1.45354255    1.23631134    1.00371431    0.85542231    1.05638849    1.03634839    0.75906014    0.79471933    0.78983962    0.88018430    0.80323906    1.82705844    2.00987265    2.17364805    1.37603038    1.35354616    1.73462102    1.27236460    1.85013947    1.70214759    1.55501120    1.52332987    1.70883997    1.83358324    1.88096073    1.82245419
L0DWW1_THIND/4-186     1.03925562    0.96642741    1.28442113    0.96143028    1.07056918    1.36941531    1.10168995    0.84917583    0.77449652    0.95694145    0.69861263    0.00000000    1.56993040    1.40096630    1.29789320    1.17495168    1.21747983    1.21801866    0.98677818    1.04100910    1.07860930    1.12982967    1.07039967    1.92364837    2.04839383    2.38761406    1.42934093    1.58886258    1.68347009    1.67274696    1.83095427    1.97399681    1.75398559    1.82480326    2.03261925    1.90132599    1.85910152    1.90719751
Q6LFU4_PHOPR/5-184     1.70357890    1.42794670    1.74339977    1.55189564    1.48163410    1.50166304    1.35727346    1.32990772    1.51136457    1.70610554    1.45354255    1.56993040    0.00000000    1.02022769    0.89356870    1.28672745    1.44785556    1.55061444    1.50327456    1.44386025    1.69753447    1.40218063    1.42617876    2.19998609    2.24197945    2.40595354    1.87821844    1.76997799    2.16181695    1.96531024    2.44003278    1.85532389    1.97882617    1.94736082    2.05210003    2.16462660    2.56410337    2.69130117
Q83EZ5_COXBU/4-184     1.47845757    1.39782348    1.67259613    1.54369003    1.50885492    1.47162300    1.21843691    1.35941466    1.29282277    1.47064874    1.23631134    1.40096630    1.02022769    0.00000000    0.57107378    1.20070528    1.30894295    1.60527814    1.28680717    1.30697934    1.51082590    1.48928015    1.37732915    1.89437202    2.64405499    2.33969212    1.68309372    1.77841403    2.01568992    2.02467465    2.22283916    1.79893804    1.89676597    1.82324745    2.24031189    2.06536884    2.20767209    2.40561778
I1YH06_METFJ/4-183     1.37899143    1.32680448    1.42600266    1.18801442    1.15689744    1.20062632    1.15516147    1.24576603    1.15332646    1.47926017    1.00371431    1.29789320    0.89356870    0.57107378    0.00000000    1.06129652    1.18107665    1.38624455    1.18047671    1.17682613    1.19893972    1.20557518    1.11097071    2.09992550    2.39866101    2.28353934    1.66349303    1.60260793    1.77588914    1.81531938    2.07022434    1.83231730    1.85083691    1.68782482    1.83870834    1.84360883    2.11938935    2.15750309
D6Z3U4_DESAT/8-188     1.02416859    0.96094240    1.19149299    0.92109164    1.15240432    0.87671774    0.90676507    1.03034525    0.84638386    1.04361723    0.85542231    1.17495168    1.28672745    1.20070528    1.06129652    0.00000000    0.88618426    0.88961824    0.82211670    0.72710612    0.81202799    0.80249894    0.84202781    1.75271949    2.19600485    2.05727321    1.27424864    1.38265568    1.59915916    1.36784414    1.69615773    1.50372360    1.39546627    1.34057275    1.46289642    1.68186436    1.92718562    1.93430743
C4LEG1_TOLAT/4-184     1.26850393    1.00915398    1.28509958    1.08128552    1.10844426    1.22380010    0.90081978    1.17655486    0.93566367    1.23818116    1.05638849    1.21747983    1.44785556    1.30894295    1.18107665    0.88618426    0.00000000    0.97487500    0.78481259    0.72720572    0.82815231    0.84229888    0.74116219    1.86095948    2.08883909    2.52797617    1.61676553    1.71259222    1.90785431    1.62495885    2.01385464    1.59123763    1.57510272    1.76018190    1.85903232    1.93950392    1.94030589    1.97133447
H2IUT8_RAHAC/4-184     1.09256401    1.00442161    1.22944557    1.02656793    1.06593973    1.15774000    1.06481038    1.03828112    1.02633335    1.12555161    1.03634839    1.21801866    1.55061444    1.60527814    1.38624455    0.88961824    0.97487500    0.00000000    0.71370501    0.74036957    0.80070968    0.76891174    0.78710060    1.68549758    2.34441646    2.09981613    1.34721993    1.51085464    1.61674067    1.43874801    1.65455513    1.66834644    1.47404687    1.49410509    1.57678301    1.74228373    1.83905979    1.96490598
E0SF89_DICD3/4-184     0.97882526    0.91456987    1.33138360    0.92484325    1.05076714    1.03562380    0.80993854    0.88259483    0.70319978    0.96474370    0.75906014    0.98677818    1.50327456    1.28680717    1.18047671    0.82211670    0.78481259    0.71370501    0.00000000    0.43515526    0.50850159    0.55472826    0.57553938    1.83952165    2.07715834    2.13805475    1.55117444    1.56892322    1.86985315    1.61100649    2.22410106    1.89318056    1.79070559    1.55147724    1.65881087    2.01727981    1.91972624    1.86840039
CAS6_PECAS/4-184     0.97696095    0.90190756    1.22789258    0.99769286    1.14522170    1.07806419    0.80197569    0.89352864    0.71852679    0.92087376    0.79471933    1.04100910    1.44386025    1.30697934    1.17682613    0.72710612    0.72720572    0.74036957    0.43515526    0.00000000    0.52143801    0.62370824    0.63374907    1.80834165    1.87272731    2.36147862    1.47980671    1.48910466    1.73233327    1.56946621    2.08896835    1.89925780    1.69425977    1.58364139    1.78435143    1.86477218    1.88952891    1.89968803
W0LB04_9GAMM/4-184     1.00444071    1.04884971    1.25316264    0.94709198    1.04548003    0.87893910    0.86070021    0.93113274    0.86496084    1.05115882    0.78983962    1.07860930    1.69753447    1.51082590    1.19893972    0.81202799    0.82815231    0.80070968    0.50850159    0.52143801    0.00000000    0.51336661    0.45632883    1.72293204    2.16397921    2.34792450    1.54799997    1.44901225    1.72929022    1.33946575    1.93225829    1.88058700    1.62316421    1.52189266    1.73505586    1.92880756    2.16260934    2.11974760
Q7N5Y3_PHOLL/4-184     1.04886855    0.91390214    1.16508766    1.09813030    1.01976954    1.02905320    0.85124213    0.91037442    0.91603427    1.06757145    0.88018430    1.12982967    1.40218063    1.48928015    1.20557518    0.80249894    0.84229888    0.76891174    0.55472826    0.62370824    0.51336661    0.00000000    0.55840445    1.55662766    2.04985901    2.19496549    1.45161992    1.47912887    1.84036050    1.51930976    1.90521196    1.60426781    1.77844070    1.54529971    1.68814727    1.87578325    1.95305081    1.94603729
A0A380SAQ1_YERPE/4-184     1.16258113    0.97167901    1.11886384    1.05471709    1.02941682    0.87794883    0.85362242    0.95101981    0.85711448    1.07406514    0.80323906    1.07039967    1.42617876    1.37732915    1.11097071    0.84202781    0.74116219    0.78710060    0.57553938    0.63374907    0.45632883    0.55840445    0.00000000    1.79782541    2.11147641    2.17808394    1.66798934    1.50870165    1.92976053    1.61303677    1.91915477    1.73591903    1.62131740    1.71900634    1.81474628    2.01236935    1.91840975    1.95223830
Q9CNW5_PASMU/5-186     2.19437870    1.89203631    2.07072173    1.83538995    1.79611928    1.79142824    1.99799532    1.68847513    1.69771621    1.78974456    1.82705844    1.92364837    2.19998609    1.89437202    2.09992550    1.75271949    1.86095948    1.68549758    1.83952165    1.80834165    1.72293204    1.55662766    1.79782541    0.00000000    2.30181076    2.44738584    2.19302149    1.88856835    1.95530614    1.87366401    1.87700427    2.17680696    1.99459279    1.90449626    2.14152790    2.16506397    2.46930879    2.58402869
Q6F9L3_ACIAD/6-202     2.49694513    2.32680633    2.67501119    2.28121689    2.16092011    2.26185880    2.23250316    1.94656966    2.05495820    2.36333869    2.00987265    2.04839383    2.24197945    2.64405499    2.39866101    2.19600485    2.08883909    2.34441646    2.07715834    1.87272731    2.16397921    2.04985901    2.11147641    2.30181076    0.00000000    3.17226705    2.21651382    2.10119703    2.51381184    2.25333304    2.50960689    2.49701664    2.47714820    2.24723885    2.40253768    2.61582587    2.50687570    2.63706005
Q87GC7_VIBPA/5-197     2.46088181    2.49630443    2.44596813    2.60605807    2.25740356    2.15982602    2.49814729    2.34150663    2.30113196    2.26906275    2.17364805    2.38761406    2.40595354    2.33969212    2.28353934    2.05727321    2.52797617    2.09981613    2.13805475    2.36147862    2.34792450    2.19496549    2.17808394    2.44738584    3.17226705    0.00000000    2.53894389    2.21197625    2.33270364    2.26815071    2.12227373    2.55957681    2.45859263    2.40871554    2.41642421    2.28008686    2.79128688    2.90936579
A1SUQ3_PSYIN/4-193     1.70068309    1.57833386    1.52419962    1.45098441    1.58073997    1.60991479    1.58007977    1.43056297    1.37943601    1.42813805    1.37603038    1.42934093    1.87821844    1.68309372    1.66349303    1.27424864    1.61676553    1.34721993    1.55117444    1.47980671    1.54799997    1.45161992    1.66798934    2.19302149    2.21651382    2.53894389    0.00000000    1.10091305    1.42239685    1.09072706    1.30126101    1.39503940    1.25884157    1.15630355    1.19353375    1.38121185    2.21740391    2.19809093
H8GLE9_METAL/4-195     1.46364338    1.46582631    1.34947752    1.47660272    1.43509696    1.50787182    1.46136526    1.50259839    1.45687764    1.42031109    1.35354616    1.58886258    1.76997799    1.77841403    1.60260793    1.38265568    1.71259222    1.51085464    1.56892322    1.48910466    1.44901225    1.47912887    1.50870165    1.88856835    2.10119703    2.21197625    1.10091305    0.00000000    1.15876964    0.96372556    1.38721814    1.32739869    1.23826156    1.09944916    1.23566539    1.28038425    2.13606399    2.09419385
H9UG70_SPIAZ/4-193     2.05389924    1.69189267    1.43676005    1.47872311    1.67619880    1.43100723    1.58406477    1.64682460    1.63759695    1.60640462    1.73462102    1.68347009    2.16181695    2.01568992    1.77588914    1.59915916    1.90785431    1.61674067    1.86985315    1.73233327    1.72929022    1.84036050    1.92976053    1.95530614    2.51381184    2.33270364    1.42239685    1.15876964    0.00000000    1.09796439    1.47321981    1.39633606    1.30657619    1.27230782    1.22164041    1.30058732    2.12536018    2.20051041
F9ZYW8_METMM/4-213     1.67903836    1.53364681    1.45759234    1.46446492    1.62168290    1.57334182    1.35001508    1.54292207    1.52871873    1.46840215    1.27236460    1.67274696    1.96531024    2.02467465    1.81531938    1.36784414    1.62495885    1.43874801    1.61100649    1.56946621    1.33946575    1.51930976    1.61303677    1.87366401    2.25333304    2.26815071    1.09072706    0.96372556    1.09796439    0.00000000    1.42377938    1.23883079    1.18519953    1.03399948    0.92852771    1.30697002    2.32955264    2.37798297
F2K497_MARM1/4-201     2.10536858    1.90106464    1.70049178    1.90881765    1.97895736    1.90138837    1.76501265    1.93925586    1.74460484    1.80441975    1.85013947    1.83095427    2.44003278    2.22283916    2.07022434    1.69615773    2.01385464    1.65455513    2.22410106    2.08896835    1.93225829    1.90521196    1.91915477    1.87700427    2.50960689    2.12227373    1.30126101    1.38721814    1.47321981    1.42377938    0.00000000    1.29070026    1.47464057    1.22009568    1.17136390    1.36329022    2.23036780    2.25101187
A5EWJ8_DICNV/4-202     2.15833089    1.86822974    1.69566249    2.04021625    1.66154612    1.79505118    1.70808110    1.88384859    1.88685692    1.90293735    1.70214759    1.97399681    1.85532389    1.79893804    1.83231730    1.50372360    1.59123763    1.66834644    1.89318056    1.89925780    1.88058700    1.60426781    1.73591903    2.17680696    2.49701664    2.55957681    1.39503940    1.32739869    1.39633606    1.23883079    1.29070026    0.00000000    1.31133652    1.13765593    1.16091622    1.44521912    2.52726025    2.60341484
G0VRV1_MEGEL/4-188     1.90267488    1.70976426    1.60929795    1.71423147    1.53991465    1.48087949    1.64492066    1.66948913    1.74437073    1.71818466    1.55501120    1.75398559    1.97882617    1.89676597    1.85083691    1.39546627    1.57510272    1.47404687    1.79070559    1.69425977    1.62316421    1.77844070    1.62131740    1.99459279    2.47714820    2.45859263    1.25884157    1.23826156    1.30657619    1.18519953    1.47464057    1.31133652    0.00000000    0.90838279    0.93942660    1.32104090    2.18222263    2.13014673
R7CPY4_9FIRM/5-192     1.65346251    1.48878984    1.45689563    1.54423292    1.51961867    1.45651465    1.52185583    1.56628619    1.65953041    1.46590830    1.52332987    1.82480326    1.94736082    1.82324745    1.68782482    1.34057275    1.76018190    1.49410509    1.55147724    1.58364139    1.52189266    1.54529971    1.71900634    1.90449626    2.24723885    2.40871554    1.15630355    1.09944916    1.27230782    1.03399948    1.22009568    1.13765593    0.90838279    0.00000000    0.75378530    1.10803681    2.25914476    2.29202897
R5TDK9_9FIRM/4-190     2.10375301    1.92166109    1.52821982    1.67005610    1.84053110    1.80978371    1.68792419    1.89583568    1.77387121    1.76111775    1.70883997    2.03261925    2.05210003    2.24031189    1.83870834    1.46289642    1.85903232    1.57678301    1.65881087    1.78435143    1.73505586    1.68814727    1.81474628    2.14152790    2.40253768    2.41642421    1.19353375    1.23566539    1.22164041    0.92852771    1.17136390    1.16091622    0.93942660    0.75378530    0.00000000    1.13288914    2.44603705    2.38496104
D5V9F1_MORCB/4-196     1.95864530    1.76312833    1.69716486    1.74677436    1.75043722    1.90019144    1.81091328    1.79212633    1.94141703    1.89906318    1.83358324    1.90132599    2.16462660    2.06536884    1.84360883    1.68186436    1.93950392    1.74228373    2.01727981    1.86477218    1.92880756    1.87578325    2.01236935    2.16506397    2.61582587    2.28008686    1.38121185    1.28038425    1.30058732    1.30697002    1.36329022    1.44521912    1.32104090    1.10803681    1.13288914    0.00000000    1.80770292    1.81000308
Q3J7J2_NITOC/5-201     2.25061761    1.79348772    1.86380543    1.92646789    2.13974819    1.86985599    2.05283667    1.99962774    2.02350143    2.04224184    1.88096073    1.85910152    2.56410337    2.20767209    2.11938935    1.92718562    1.94030589    1.83905979    1.91972624    1.88952891    2.16260934    1.95305081    1.91840975    2.46930879    2.50687570    2.79128688    2.21740391    2.13606399    2.12536018    2.32955264    2.23036780    2.52726025    2.18222263    2.25914476    2.44603705    1.80770292    0.00000000    0.23764798
D5BZR6_NITHN/5-199     2.29699086    1.85376103    1.98211712    1.95234038    2.14872906    1.75523642    2.16980823    1.97052059    2.02979872    2.09271896    1.82245419    1.90719751    2.69130117    2.40561778    2.15750309    1.93430743    1.97133447    1.96490598    1.86840039    1.89968803    2.11974760    1.94603729    1.95223830    2.58402869    2.63706005    2.90936579    2.19809093    2.09419385    2.20051041    2.37798297    2.25101187    2.60341484    2.13014673    2.29202897    2.38496104    1.81000308    0.23764798    0.00000000

