92
Q31G26_HYDCU/35-175     0.00000000    0.51308439    0.56236630    0.52697953    0.64083076    0.53654670    0.50316263    0.75922439    0.66253844    0.74417005    0.95903712    0.67197673    0.84024509    1.44860130    1.73814037    1.49019808    1.48998471    1.57687937    1.36099710    1.29971367    1.40318907    1.66443493    1.54731162    1.53095412    1.56733610    1.68258705    1.75975003    1.75856321    2.72711269    1.93912683    1.66709803    1.72318492    1.85801427    1.80961095    1.86660937    1.79088228    1.57716420    1.77880997    1.50280697    1.51554425    1.27828148    1.52841505    1.46869247    1.34439878    1.49592997    1.65895679    1.46982574    1.62615301    1.54092211    1.33483593    1.51324285    1.13434414    0.80292035    0.90764728    0.83536291    0.81616695    0.70889795    0.76897961    0.79046070    0.76225421    1.12763211    1.00920567    0.97488469    0.98807378    0.94210816    0.99530392    0.96771526    0.84792389    0.73272505    0.81569177    0.84951642    0.82957322    0.86395821    0.89035134    0.92809866    0.94568749    0.92050726    0.82596039    0.91505275    0.86242905    0.88488017    1.37681609    0.92553861    0.90390796    1.06815419    1.01618444    1.03564581    0.68987383    0.59454487    0.56570457    0.54641624    0.63461918
D5V4W5_ARCNC/34-174     0.51308439    0.00000000    0.44886341    0.52911858    0.53900785    0.44187063    0.47305156    0.62869599    0.57327755    0.58908017    0.96569326    0.53208676    0.84349375    1.36647020    1.59104113    1.46217744    1.50163170    1.57411442    1.41876478    1.27161957    1.28332711    1.43600583    1.36490506    1.55192836    1.52795216    1.51425763    1.62334679    1.52358523    2.85889759    2.06377052    1.79702089    1.70555223    1.91217776    2.17151941    1.92875740    1.82865884    1.85947122    2.23023068    1.49601281    1.55584274    1.21745788    1.49669932    1.39136599    1.34294659    1.41611577    1.64542993    1.61511831    1.74059513    1.50715837    1.34518512    1.54200097    0.82230723    0.58454386    0.61427877    0.60755510    0.54572837    0.70419991    0.61455935    0.65017462    0.66736550    1.06581919    0.99055445    0.85690283    0.98125926    0.98706520    1.00671702    0.95810472    0.82813304    0.73184752    0.69730958    0.80882395    0.81298132    0.81256411    0.86569026    0.76297687    0.87258790    0.87478393    0.95508541    0.91579279    0.95735543    0.92141305    1.16632582    0.81514741    1.01728302    1.08248803    0.88705602    0.98223243    0.60288310    0.49313627    0.41681280    0.50997854    0.58387459
Q2SKQ0_HAHCH/43-183     0.56236630    0.44886341    0.00000000    0.45730663    0.48809685    0.46537707    0.42096347    0.66000141    0.60671594    0.67683070    0.96350757    0.60675746    0.83509508    1.46682258    1.58190449    1.46146978    1.53726926    1.32447861    1.28911162    1.23491825    1.19722668    1.34858053    1.27750121    1.55168767    1.39326839    1.45370617    1.61160839    1.79833781    2.64031212    2.07480038    1.91539141    1.79060332    1.92789771    2.16002325    1.79249056    1.82012165    1.81518965    2.02262870    1.41734709    1.46581361    1.13979441    1.35463786    1.30788936    1.27337771    1.42848237    1.74701593    1.65056571    1.55540759    1.42068704    1.29417208    1.59279187    0.99310959    0.70976172    0.76024491    0.67968068    0.70546892    0.71939945    0.68518368    0.64938618    0.65140219    1.03938819    1.02594381    0.95037654    0.98954806    1.07390981    1.05872094    0.83486082    0.79896153    0.76947486    0.71696616    0.76771575    0.75558280    0.68800783    0.75182243    0.69973474    0.73341615    0.72426547    0.79873832    0.77032929    0.96351411    0.82596909    1.05361167    0.81853984    0.82333385    1.27309804    1.14837245    1.08561135    0.57044827    0.48219390    0.37756504    0.50572811    0.47215502
C4LCG6_TOLAT/35-175     0.52697953    0.52911858    0.45730663    0.00000000    0.61489186    0.56588247    0.47292709    0.66829998    0.60484151    0.69106484    1.04302906    0.52064126    0.70906620    1.48645302    1.62920609    1.47321628    1.50868557    1.57314282    1.48477040    1.32095606    1.42241145    1.33700615    1.45084117    1.56493315    1.56615629    1.59310539    1.50880540    1.93373596    2.87062502    1.99350312    1.65406943    1.76260306    1.92920015    2.07491322    1.73629773    1.90639134    1.70951020    1.79202147    1.51742357    1.51235797    1.27991058    1.47994788    1.39737475    1.38760184    1.51209114    1.91785700    1.64396668    1.66493618    1.54248972    1.52567269    1.83462849    0.99405650    0.73687455    0.80552503    0.72858714    0.77899552    0.64974068    0.69510636    0.68402245    0.69807160    0.86192653    0.85706811    0.93698605    0.94963444    0.87510591    1.00647754    0.80272373    0.76689087    0.73235260    0.71030979    0.83685774    0.75711716    0.62534278    0.69426173    0.70613260    0.66879242    0.76115815    0.71457081    0.73163253    0.83383689    0.75247426    0.97837495    0.76926331    0.73339132    1.21606443    1.21989158    1.12904606    0.59349246    0.48112759    0.42606021    0.48138186    0.62736152
H8GHB0_METAL/50-190     0.64083076    0.53900785    0.48809685    0.61489186    0.00000000    0.52130771    0.45682546    0.72877920    0.65687294    0.72127760    1.08762715    0.63969474    0.82131075    1.46760018    1.58216588    1.56570002    1.52968472    1.58304343    1.50384146    1.21971613    1.32513090    1.41010049    1.34931824    1.39079640    1.24910829    1.41422362    1.51044592    1.66555470    2.57561133    1.97267841    1.70663761    1.69036299    1.95603711    1.95998992    1.67008509    1.71681780    1.79607333    1.81787624    1.35837260    1.43938104    1.29435386    1.48734794    1.36125858    1.39995809    1.48252928    1.60794297    1.61951348    1.74480863    1.47833639    1.34726856    1.60967999    0.94715438    0.68381985    0.71002414    0.70851715    0.69599112    0.72079996    0.67888152    0.70976850    0.68578105    0.89429364    0.86884682    0.80803255    0.82312618    1.01992100    0.98690119    0.71313520    0.78104506    0.68843199    0.63149831    0.92748207    0.92114751    0.80875071    0.90932889    0.84821468    0.82890968    0.84505138    0.91621285    0.97062616    0.98529953    0.80794769    1.08807200    0.81285005    0.81605272    1.19804472    0.95458845    0.87381105    0.59183174    0.47463927    0.44662062    0.54347159    0.64016347
Q3IKT8_PSET1/36-173     0.53654670    0.44187063    0.46537707    0.56588247    0.52130771    0.00000000    0.32622847    0.66296256    0.61638904    0.56378331    0.91414545    0.60470026    0.89154330    1.44800699    1.57066243    1.43447640    1.58049025    1.64233813    1.66728399    1.27913087    1.46366669    1.48393678    1.52821039    1.45793612    1.41737825    1.55687176    1.52203379    1.67022847    2.40544026    2.04313519    1.83309470    1.73303714    2.06363101    2.15442710    1.75773842    1.87083161    1.90292846    1.88702227    1.47476778    1.44856321    1.23245341    1.46702969    1.44174465    1.35286898    1.38091989    1.81339924    1.56792198    1.80123381    1.53117863    1.42668747    1.59011227    0.94333296    0.68786105    0.73490595    0.76610506    0.73131485    0.72650803    0.71948509    0.72957321    0.58640186    0.97709151    0.90998308    0.87188302    0.99980368    0.94076487    0.95765800    0.86090457    0.75918396    0.63793045    0.75517757    0.87931725    0.85695862    0.78398998    0.86172648    0.81409240    0.73605883    0.77333710    0.84083061    0.98323294    0.99275876    0.83635250    1.16919026    0.71871779    0.80024814    1.07981880    0.96770000    0.95787788    0.54795575    0.54869315    0.49965348    0.54733385    0.51747112
E1ST78_FERBD/37-177     0.50316263    0.47305156    0.42096347    0.47292709    0.45682546    0.32622847    0.00000000    0.69584178    0.67694709    0.64713581    0.97718440    0.62159068    0.79032405    1.43679815    1.70894674    1.62098523    1.66631661    1.56131680    1.54806288    1.20813806    1.29712215    1.31800052    1.40277747    1.44235232    1.31733986    1.50322509    1.60655550    1.81887444    2.78961866    1.93414876    1.80444476    1.65418789    1.93714239    2.06644101    1.99898141    1.76071672    1.64358217    1.70229088    1.30771546    1.40246841    1.25017563    1.39103263    1.47381202    1.30179555    1.47885252    1.70001563    1.52684243    1.57027848    1.40073615    1.32820587    1.48265370    1.06817153    0.73822799    0.73271913    0.65956750    0.70981337    0.61846542    0.67345793    0.71922095    0.57849133    0.88310520    0.77329045    0.89077221    0.87126937    0.79760890    0.89289425    0.74902975    0.68302173    0.65106128    0.57274985    0.77214464    0.80548095    0.66376397    0.74779567    0.62732733    0.72171951    0.69297126    0.65529907    0.79598574    0.89476050    0.76366564    1.16451380    0.71312001    0.63761329    1.17327843    0.97078033    0.93735490    0.61118797    0.41328091    0.42848916    0.54889378    0.45929814
Q2LV70_SYNAS/69-208     0.75922439    0.62869599    0.66000141    0.66829998    0.72877920    0.66296256    0.69584178    0.00000000    0.65322483    0.64760184    1.00452801    0.74299786    0.77061029    1.22446066    1.55170222    1.48352648    1.43939147    1.48581996    1.35476213    1.17341402    1.26962630    1.33222508    1.25178813    1.41522424    1.37549887    1.32966698    1.54667014    1.85588690    2.98567290    1.95263264    1.69202153    1.88765964    1.97083164    2.11887011    1.77028229    2.02194541    2.06823781    2.09165845    1.46415951    1.64689476    1.44356764    1.70455799    1.37781291    1.48745459    1.47964954    1.71634516    1.56006727    1.93903577    1.74008305    1.26959720    1.50275361    0.99666198    0.75046004    0.77871898    0.65038036    0.82269402    0.77530495    0.71216008    0.71384040    0.77861094    1.14087881    1.06941102    1.02673357    1.05533773    1.09582886    0.95235536    0.90019628    0.82687001    0.87975377    0.92714498    1.00691400    0.84486201    0.96465985    0.99250769    0.86262570    0.88047474    0.87601787    0.98116598    0.93292402    0.97036250    0.94768443    1.41960604    0.94333950    1.02642824    1.25292037    1.18809532    1.12819238    0.68544089    0.68604303    0.69841024    0.62048423    0.79722048
I3YUB5_AEQSU/36-176     0.66253844    0.57327755    0.60671594    0.60484151    0.65687294    0.61638904    0.67694709    0.65322483    0.00000000    0.38819861    0.86652396    0.47523716    0.80050123    1.44419069    1.61236241    1.47318890    1.55745072    1.48576141    1.37281260    1.25982544    1.57316151    1.49793416    1.36619172    1.31228983    1.37553503    1.41412264    1.57353190    1.49683144    2.78268502    2.11640452    1.87877831    1.67872913    1.98733287    2.19512900    1.76310683    1.73306004    1.99795995    1.83899971    1.42935046    1.72380446    1.35423099    1.45696368    1.29207991    1.35630170    1.34921779    1.78461927    1.52835836    1.89460181    1.57390212    1.48007333    1.72566073    0.92041351    0.63810987    0.53034349    0.59834957    0.53363131    0.63907410    0.65789133    0.64789897    0.73513264    1.02079198    0.96527987    0.93110340    1.05140120    1.01642827    0.94928665    0.98010479    0.84210916    0.79362165    0.75149694    0.86974804    0.80866791    0.85930324    0.89836106    0.86578989    0.71672203    0.84405969    0.78474234    0.83579390    0.82408499    0.80424143    1.14272202    0.86096861    0.88141358    1.13184709    0.96445362    0.93442202    0.52846160    0.59979436    0.59047365    0.68702892    0.76241416
H8XVD9_FLAIG/36-176     0.74417005    0.58908017    0.67683070    0.69106484    0.72127760    0.56378331    0.64713581    0.64760184    0.38819861    0.00000000    0.79813421    0.46163715    0.81016629    1.41407887    1.57114729    1.50229144    1.59265266    1.51294463    1.41920643    1.25444003    1.40775676    1.44776854    1.39796551    1.51270412    1.49174847    1.46385033    1.62189862    1.73905895    3.12695127    2.17397319    1.89965780    1.71997073    2.08679778    2.26598524    2.07102537    1.72755504    2.02259246    2.00433697    1.60216217    1.76334981    1.41860048    1.51938158    1.40310533    1.40936375    1.32190854    1.78366004    1.64969695    1.92654696    1.51772909    1.46110716    1.79860910    0.97146919    0.64069049    0.59877224    0.55000218    0.66926617    0.65194858    0.66520694    0.72254704    0.68674743    1.07005647    1.06873664    1.06085758    1.06352706    1.05243538    0.93865370    1.09100994    0.91243187    0.92011250    0.96068099    1.01309847    0.91060967    0.97210478    0.98765881    0.91039803    0.78077305    0.89157361    0.88381461    0.89358258    0.98666120    0.90620599    1.20919850    0.90749639    0.99515039    1.15753573    1.00536356    0.96244244    0.63681939    0.66351921    0.59801989    0.72302786    0.67928223
U5QAU4_9BACT/36-176     0.95903712    0.96569326    0.96350757    1.04302906    1.08762715    0.91414545    0.97718440    1.00452801    0.86652396    0.79813421    0.00000000    0.84073567    1.23280467    1.47528968    1.55678319    1.44212891    1.44657692    1.60723385    1.43274469    1.33651797    1.45428174    1.56213240    1.51984547    1.50961599    1.39307426    1.43896959    1.51719407    1.83673290    2.91354165    2.29023638    1.92882249    1.81362390    2.01387111    2.15241516    1.86293576    1.83810754    1.92411115    1.82956007    1.55346592    1.52050544    1.34566354    1.50152337    1.36614177    1.22755294    1.42126218    1.82562257    1.79719380    2.12477152    1.73019066    1.41090214    1.69029266    1.10534478    1.11873602    0.98808424    0.99769197    1.01584470    1.14502269    1.20498428    1.23841623    1.22142887    1.36668417    1.45815700    1.43698843    1.57501426    1.30436738    1.29496460    1.26809433    1.25414638    1.23025417    1.14441145    1.12701001    1.13903103    1.16720675    1.34193307    1.33582145    1.13652132    1.15979531    1.19238556    1.17336833    1.09123855    1.30635585    1.46759599    1.30698285    1.40091065    1.49250561    1.12918133    1.25226201    1.05694311    1.02841247    1.07563506    0.94347761    1.05322475
A0A6N4STQ5_CYTH3/36-176     0.67197673    0.53208676    0.60675746    0.52064126    0.63969474    0.60470026    0.62159068    0.74299786    0.47523716    0.46163715    0.84073567    0.00000000    0.80450085    1.44117499    1.55408331    1.38744123    1.49367589    1.44007999    1.41404171    1.22029744    1.31596979    1.39638845    1.39636763    1.48858612    1.47108281    1.39916220    1.45884197    1.63423277    3.17312283    1.98600230    1.86107755    1.72708487    2.03595714    2.14880663    1.82235631    1.88788575    1.86559023    1.83817626    1.44133678    1.47768378    1.23631269    1.41773018    1.27218996    1.20749418    1.49296525    1.57419421    1.62579836    1.99117199    1.41452088    1.40824577    1.81096388    0.97377067    0.77248671    0.64720883    0.54025914    0.63708386    0.65648616    0.69178804    0.59556432    0.76683340    0.95621052    0.99752443    1.04337535    0.93866265    0.90736756    0.93202905    0.93495322    0.80470761    0.84777632    0.81050723    0.84493921    0.89138332    0.80835645    0.84197371    0.89161884    0.78522863    0.92575642    0.96771006    0.82369299    1.00063783    0.76352642    1.24926116    0.83893563    0.98467987    1.07956928    1.08802816    1.02092593    0.57784472    0.56902863    0.55570656    0.68299150    0.73612775
A0LNV2_SYNFM/37-176     0.84024509    0.84349375    0.83509508    0.70906620    0.82131075    0.89154330    0.79032405    0.77061029    0.80050123    0.81016629    1.23280467    0.80450085    0.00000000    1.26927270    1.37600248    1.36085187    1.34252066    1.34949017    1.23143478    0.95531808    1.17952876    1.19111266    1.23281636    1.28735055    1.28941433    1.20689609    1.45744752    1.51077016    3.32941102    1.90959129    1.65398752    1.49825227    1.75063989    2.07509436    1.69684814    1.70020887    1.78098703    1.58122807    1.36387956    1.44463568    1.32903336    1.60200373    1.35002367    1.25632291    1.30945252    1.53393868    1.55721683    1.84668246    1.30251437    1.30894627    1.53807134    1.05398470    0.73823436    0.71257015    0.64441054    0.83587066    0.69197017    0.69329990    0.72805917    0.64649763    1.05295570    1.01913742    0.87789056    0.87836820    1.08512422    0.81147479    0.76488454    0.82090628    0.97200873    0.91426417    0.89086753    0.89369196    0.88466989    0.72574036    0.85039676    0.89618609    0.96174798    0.92804701    0.92271817    0.95648129    0.81698666    1.05219187    0.88734128    0.92106122    1.21037756    1.07303489    0.95728797    0.77577968    0.81305803    0.74962972    0.77467160    0.86298904
U4KIL0_9VIBR/43-181     1.44860130    1.36647020    1.46682258    1.48645302    1.46760018    1.44800699    1.43679815    1.22446066    1.44419069    1.41407887    1.47528968    1.44117499    1.26927270    0.00000000    0.36794589    0.42385993    0.39086166    0.63631271    0.68909516    0.50043078    0.58576917    0.67933554    0.58854507    0.75852174    0.76624504    0.69538859    0.92442404    1.08504419    2.55738660    1.75384424    1.46600706    1.51798759    1.63355940    1.88180700    1.56737978    1.79430329    1.57574526    1.82787281    1.22773069    1.51886223    1.16528406    1.31463797    1.07075808    1.07217913    1.07497314    1.62258367    1.54592694    1.54614168    1.26903810    1.34194576    1.54542762    1.26110493    1.47040254    1.31574844    1.27607836    1.36751645    1.29846286    1.23311937    1.37313281    1.33674899    1.37147609    1.48761879    1.61824506    1.55267155    1.66109117    1.36997059    1.37671435    1.43558497    1.55302137    1.55792238    1.53702131    1.39220338    1.62024401    1.61010570    1.56444007    1.62367930    1.54603202    1.45611194    1.49269865    1.51157190    1.42827331    1.72677156    1.42549595    1.51585381    1.57882314    1.42226548    1.43082596    1.46851343    1.41153517    1.45164088    1.34485192    1.37362253
Q5E3T7_ALIF1/45-183     1.73814037    1.59104113    1.58190449    1.62920609    1.58216588    1.57066243    1.70894674    1.55170222    1.61236241    1.57114729    1.55678319    1.55408331    1.37600248    0.36794589    0.00000000    0.35194202    0.25384908    0.58561069    0.67118008    0.63116840    0.77069841    0.83846773    0.76641241    0.93319265    0.89375900    0.74554003    0.83914972    1.26771688    2.29293667    1.62821615    1.36089404    1.35583255    1.52170413    1.71485664    1.39601628    1.81162776    1.67615468    1.82310806    1.26808371    1.47624724    1.19069441    1.40568099    1.11188440    1.08865127    1.14514830    1.71209650    1.69426128    1.57104083    1.32785813    1.46678208    1.59592713    1.58390962    1.85284063    1.49855898    1.53488772    1.70303824    1.59413216    1.60574453    1.55543798    1.52781647    1.42526706    1.70155323    1.71861970    1.61953452    1.83753383    1.53043826    1.63258159    1.69598711    1.58474965    1.67093039    1.77001445    1.56301423    1.72576076    1.85071985    1.80629510    1.81343510    1.94156795    1.69293793    1.73299969    1.73685127    1.54502147    1.70237984    1.56900927    1.67532528    1.90967077    1.68525743    1.55299184    1.67166949    1.60955286    1.61214988    1.47472349    1.46530785
Q9KLF5_VIBCH/39-177     1.49019808    1.46217744    1.46146978    1.47321628    1.56570002    1.43447640    1.62098523    1.48352648    1.47318890    1.50229144    1.44212891    1.38744123    1.36085187    0.42385993    0.35194202    0.00000000    0.32378503    0.59036816    0.66195802    0.59512142    0.75373008    0.87973344    0.76536605    0.87539612    0.97264386    0.79369196    0.81441755    1.22783134    2.26156612    1.55816198    1.27593762    1.26930292    1.44239539    1.58287140    1.42283627    1.74170706    1.48867180    1.55210953    1.20077616    1.36530479    1.02266016    1.20339146    1.01263694    1.00601898    1.07614708    1.54783414    1.48788894    1.39293903    1.16054640    1.25200221    1.57212708    1.47840141    1.71231600    1.44444717    1.50721527    1.62667805    1.58220637    1.58735818    1.44070780    1.50383900    1.52009017    1.72043390    1.63395742    1.43087518    1.68788443    1.39946384    1.52995812    1.51346443    1.59430686    1.60644080    1.64588091    1.54102405    1.52138295    1.65154611    1.54818544    1.68148072    1.75804426    1.68232676    1.47485551    1.60424785    1.43740891    1.63628411    1.49061057    1.60443920    1.82262621    1.55870425    1.39135946    1.59696874    1.56195020    1.48570347    1.45127488    1.33857699
B7VS17_VIBA3/46-183     1.48998471    1.50163170    1.53726926    1.50868557    1.52968472    1.58049025    1.66631661    1.43939147    1.55745072    1.59265266    1.44657692    1.49367589    1.34252066    0.39086166    0.25384908    0.32378503    0.00000000    0.63418556    0.59140688    0.55495311    0.67104352    0.74809520    0.71138977    0.85708966    0.85360790    0.68721890    0.79780538    1.27948290    2.46428487    1.65048658    1.42023352    1.38742463    1.56690260    1.58241636    1.39168814    1.79962158    1.51491014    1.67033975    1.27858969    1.54988488    1.03594042    1.27956927    0.97685573    1.17654575    1.12923417    1.65766603    1.75301704    1.48956589    1.28201472    1.30400969    1.43700042    1.49492448    1.77913227    1.47514668    1.47382033    1.63904742    1.52514230    1.55667192    1.48544419    1.61866048    1.48859506    1.74546207    1.63354105    1.62761119    1.83686030    1.61752975    1.67452276    1.68084605    1.69449188    1.82588527    1.72697189    1.48729695    1.60351474    1.82476149    1.65462010    1.72670842    1.82402207    1.72516711    1.63121466    1.72147447    1.74147639    1.89520016    1.63513727    1.75123216    1.83642580    1.67432216    1.50434218    1.53016584    1.59974620    1.61875975    1.40308169    1.48106934
S6CGB1_9GAMM/39-176     1.57687937    1.57411442    1.32447861    1.57314282    1.58304343    1.64233813    1.56131680    1.48581996    1.48576141    1.51294463    1.60723385    1.44007999    1.34949017    0.63631271    0.58561069    0.59036816    0.63418556    0.00000000    0.59479951    0.58379234    0.56229333    0.65717766    0.61510406    0.87380537    0.79264594    0.69037948    0.87099736    1.22941832    2.22633939    1.83425399    1.42300038    1.48014511    1.58318914    1.65570672    1.33331235    1.54074870    1.53479883    1.67397628    1.12125584    1.43747664    1.27135591    1.47968035    1.27089775    1.14728220    1.15775521    1.60644375    1.52607887    1.45903622    1.33998556    1.35841165    1.49772159    1.46386945    1.66385053    1.37575364    1.31024255    1.41635634    1.40641747    1.42098585    1.48333869    1.34439549    1.50138825    1.64985224    1.78680921    1.30325502    1.68227360    1.54387267    1.54411327    1.51346657    1.48020112    1.36922916    1.47624543    1.39368429    1.55774770    1.53500596    1.47950267    1.51341125    1.50976318    1.34389898    1.40307474    1.43178825    1.24060125    1.37450098    1.37951859    1.41800524    1.83274949    1.53518303    1.40112733    1.61147921    1.44555018    1.51530882    1.51060635    1.38676898
Q9CJW2_PASMU/42-183     1.36099710    1.41876478    1.28911162    1.48477040    1.50384146    1.66728399    1.54806288    1.35476213    1.37281260    1.41920643    1.43274469    1.41404171    1.23143478    0.68909516    0.67118008    0.66195802    0.59140688    0.59479951    0.00000000    0.58498391    0.59738040    0.79673450    0.74202765    0.81108527    0.70579995    0.77678410    0.97295419    1.41759440    2.67708045    1.78914113    1.53017597    1.49881794    1.68780832    1.82994865    1.50998608    1.76632845    1.73532194    1.69140401    1.15941243    1.63708200    1.25109872    1.51135058    1.28621767    1.29147963    1.34989853    1.64247446    1.57812222    1.58159739    1.34864197    1.30567459    1.46627996    1.47763566    1.44800819    1.47146505    1.31685751    1.49729416    1.40148474    1.40629789    1.38974017    1.25835990    1.46019129    1.76174469    1.57790891    1.42454730    1.56886751    1.46945878    1.51587819    1.30908492    1.66218797    1.44603040    1.39523940    1.37775282    1.51522964    1.70102168    1.48718033    1.62872107    1.53258858    1.47695022    1.38005082    1.49295615    1.28355457    1.59112659    1.33750920    1.45958610    1.68777745    1.49349230    1.46943041    1.50520436    1.41834040    1.41334457    1.42312165    1.33903136
F0JHH8_9DELT/44-182     1.29971367    1.27161957    1.23491825    1.32095606    1.21971613    1.27913087    1.20813806    1.17341402    1.25982544    1.25444003    1.33651797    1.22029744    0.95531808    0.50043078    0.63116840    0.59512142    0.55495311    0.58379234    0.58498391    0.00000000    0.48796850    0.47526537    0.48755590    0.59023478    0.55932331    0.74890466    0.87464315    1.35981618    2.72005588    1.78223548    1.48128009    1.38508209    1.65420256    1.76862965    1.60211562    1.71383313    1.71597048    1.50125361    1.20551972    1.50406408    1.28884796    1.27555895    1.27325025    1.13050102    1.14871646    1.46350043    1.57969876    1.44336913    1.18870927    1.24408245    1.45574386    1.26703475    1.44625379    1.27604521    1.17507012    1.21551527    1.20747841    1.27160550    1.20701421    1.12314271    1.53356485    1.40544432    1.42104997    1.45179235    1.54766464    1.25844737    1.27327070    1.32288266    1.51725754    1.23085827    1.31398075    1.27793172    1.28976459    1.37715087    1.31468702    1.36515424    1.30757205    1.16483552    1.24431725    1.30598059    1.19438000    1.40595905    1.17717856    1.30911892    1.63544140    1.28773437    1.08090769    1.22230595    1.23833456    1.26961033    1.26997885    1.31404583
Q311U4_DESAG/43-180     1.40318907    1.28332711    1.19722668    1.42241145    1.32513090    1.46366669    1.29712215    1.26962630    1.57316151    1.40775676    1.45428174    1.31596979    1.17952876    0.58576917    0.77069841    0.75373008    0.67104352    0.56229333    0.59738040    0.48796850    0.00000000    0.41303090    0.37259784    0.75318730    0.58101878    0.69781582    0.92248362    1.17644540    2.60579656    1.69988535    1.42245051    1.53393421    1.74994848    1.82564027    1.57440055    1.53040656    1.50406330    1.74827315    1.13164555    1.55386490    1.19887278    1.30699428    1.12618058    1.05036797    1.12498203    1.55836680    1.47001496    1.43228534    1.04637340    1.19059218    1.54058875    1.24407108    1.48149412    1.45139576    1.26483738    1.39578344    1.22656666    1.33485438    1.23416759    1.20181175    1.54488784    1.52359039    1.46328592    1.36479586    1.57865315    1.44325107    1.32728876    1.43180464    1.56308913    1.45488927    1.48777303    1.43500734    1.44230960    1.59127869    1.36585621    1.55975477    1.47333031    1.34443236    1.39816188    1.46720867    1.29975163    1.48940939    1.32979040    1.40051924    1.70190259    1.55417004    1.45131160    1.51097407    1.26153799    1.24588898    1.33422547    1.20718852
B8DSD3_DESVM/49-186     1.66443493    1.43600583    1.34858053    1.33700615    1.41010049    1.48393678    1.31800052    1.33222508    1.49793416    1.44776854    1.56213240    1.39638845    1.19111266    0.67933554    0.83846773    0.87973344    0.74809520    0.65717766    0.79673450    0.47526537    0.41303090    0.00000000    0.39854422    0.70399625    0.57407778    0.74760287    0.83292357    1.27247774    2.74463846    1.86533857    1.61303409    1.48994825    1.68242133    1.77117971    1.67935054    1.66203228    1.79363197    1.75265454    1.39339061    1.41822452    1.35464648    1.37995644    1.25713117    1.39401501    1.36574009    1.81648845    1.58928253    1.47751059    1.26396758    1.27212466    1.62834466    1.25210216    1.50977694    1.45425230    1.26448158    1.38004183    1.23809174    1.29199958    1.33624841    1.07660568    1.64107241    1.36357282    1.60370283    1.50213405    1.55221244    1.35510346    1.46152427    1.48157647    1.75443352    1.42719674    1.51871313    1.44344556    1.43018376    1.58452915    1.36649340    1.49454168    1.51099615    1.35799082    1.42465638    1.35034927    1.26148266    1.50705614    1.30113097    1.36651321    1.81267257    1.50264124    1.33388865    1.41470584    1.25617547    1.37612884    1.55956008    1.37558908
Q729A9_DESVH/42-179     1.54731162    1.36490506    1.27750121    1.45084117    1.34931824    1.52821039    1.40277747    1.25178813    1.36619172    1.39796551    1.51984547    1.39636763    1.23281636    0.58854507    0.76641241    0.76536605    0.71138977    0.61510406    0.74202765    0.48755590    0.37259784    0.39854422    0.00000000    0.62965967    0.54956571    0.80494913    0.86722912    1.30156473    2.52983720    1.86292974    1.47923277    1.53227841    1.76455308    1.82811628    1.70826500    1.63171772    1.57232620    1.72913106    1.39832221    1.73260922    1.42619463    1.45637700    1.35015265    1.28412300    1.35760492    1.72463102    1.54113544    1.53985943    1.26585494    1.27547925    1.57523769    1.29083030    1.44093997    1.36278088    1.26748221    1.40166516    1.30336214    1.34820858    1.39156231    1.13580288    1.59871398    1.60173988    1.58608225    1.45935457    1.62510352    1.28726481    1.36291236    1.41489325    1.76912970    1.46365351    1.53521485    1.43290119    1.37397430    1.56273180    1.46886062    1.48456040    1.51585755    1.41124861    1.45455160    1.44555288    1.31165890    1.51437984    1.33529909    1.58668961    1.69994315    1.66026893    1.53086958    1.49941431    1.33332273    1.40697341    1.34987805    1.36497098
Q6AKM5_DESPS/42-180     1.53095412    1.55192836    1.55168767    1.56493315    1.39079640    1.45793612    1.44235232    1.41522424    1.31228983    1.51270412    1.50961599    1.48858612    1.28735055    0.75852174    0.93319265    0.87539612    0.85708966    0.87380537    0.81108527    0.59023478    0.75318730    0.70399625    0.62965967    0.00000000    0.51062923    0.73649973    0.74070627    1.23381035    2.38976936    1.79681145    1.82555765    1.40829721    1.67667983    1.79698901    1.47136428    1.58957042    1.74701390    1.58206056    1.35569813    1.62157308    1.29559961    1.33136669    1.37404249    1.28864017    1.28547660    1.35814441    1.40877072    1.66786391    1.07106091    1.23201774    1.68446062    1.36367187    1.51113026    1.56623205    1.39736689    1.63108175    1.29038783    1.55315632    1.55192932    1.42937788    1.64550464    1.64429725    1.76023558    1.68280938    1.87487439    1.41113479    1.52631826    1.56516439    1.80999628    1.44140780    1.58882510    1.55649384    1.64554532    1.79116137    1.74185945    1.53481247    1.55128616    1.46330447    1.53454077    1.57971651    1.47860105    1.68305663    1.46230747    1.50491796    1.70460058    1.49046308    1.36610434    1.42536714    1.39888893    1.57877658    1.64692266    1.61703143
Q3A7F2_PELCD/35-173     1.56733610    1.52795216    1.39326839    1.56615629    1.24910829    1.41737825    1.31733986    1.37549887    1.37553503    1.49174847    1.39307426    1.47108281    1.28941433    0.76624504    0.89375900    0.97264386    0.85360790    0.79264594    0.70579995    0.55932331    0.58101878    0.57407778    0.54956571    0.51062923    0.00000000    0.63935798    0.66465050    1.31818285    2.68724225    1.80671374    1.47921518    1.40471819    1.58031943    1.69204466    1.52707483    1.50995255    1.47753394    1.56561829    1.37180975    1.41802027    1.31301209    1.50705469    1.43201410    1.29775050    1.22066222    1.48524376    1.36688312    1.47494226    1.27046879    1.30976833    1.44923471    1.28924444    1.45053990    1.35514987    1.34491638    1.37916467    1.23455444    1.43935701    1.37126884    1.17881519    1.51642116    1.48396147    1.51537031    1.50481241    1.67705104    1.32163493    1.29581080    1.45611251    1.55781656    1.30369918    1.44573316    1.46625743    1.57622486    1.59983443    1.49589285    1.55375661    1.47888223    1.36525721    1.51568335    1.47501598    1.27649293    1.56595588    1.25014059    1.36165114    1.58360757    1.43214078    1.34169397    1.35654093    1.32698783    1.50269016    1.57458342    1.48944656
W8FBH8_9BACT/47-185     1.68258705    1.51425763    1.45370617    1.59310539    1.41422362    1.55687176    1.50322509    1.32966698    1.41412264    1.46385033    1.43896959    1.39916220    1.20689609    0.69538859    0.74554003    0.79369196    0.68721890    0.69037948    0.77678410    0.74890466    0.69781582    0.74760287    0.80494913    0.73649973    0.63935798    0.00000000    0.58054069    1.30220405    2.87096704    1.83548575    1.49826007    1.41343355    1.53361704    1.58045184    1.36968715    1.40432734    1.61169642    1.55168597    1.09241721    1.26725606    1.14746091    1.26607469    1.20356053    1.06379304    1.18613446    1.28951481    1.43586363    1.83016014    1.20347705    1.36617192    1.56417934    1.41970103    1.43859308    1.20700166    1.18863930    1.21996306    1.19305274    1.31877660    1.32148668    1.35570472    1.46556587    1.46747692    1.68373988    1.52237810    1.73668138    1.45703233    1.41624102    1.47862388    1.60883212    1.44382430    1.58609052    1.52556438    1.54191990    1.67858322    1.45734239    1.51933221    1.52481980    1.47087653    1.37648731    1.46578526    1.35124981    1.62934133    1.29224132    1.43392846    1.63136737    1.36578092    1.40170895    1.54053039    1.36730530    1.57828084    1.43866612    1.57288154
Q2LVA0_SYNAS/68-207     1.75975003    1.62334679    1.61160839    1.50880540    1.51044592    1.52203379    1.60655550    1.54667014    1.57353190    1.62189862    1.51719407    1.45884197    1.45744752    0.92442404    0.83914972    0.81441755    0.79780538    0.87099736    0.97295419    0.87464315    0.92248362    0.83292357    0.86722912    0.74070627    0.66465050    0.58054069    0.00000000    1.45266112    2.75289485    2.11738240    1.65947509    1.62757946    1.76965660    2.01523286    1.65905143    1.58228874    1.70399027    1.82498977    1.38952944    1.44926078    1.33518873    1.39859786    1.32959707    1.24022624    1.52462434    1.61686709    1.58536893    1.81748410    1.20786986    1.43195010    1.64870013    1.37268541    1.49801042    1.30965334    1.44158399    1.42158332    1.38950118    1.40046227    1.35289644    1.46058469    1.54043143    1.60172754    1.66087961    1.53035268    1.71854146    1.30588700    1.48085340    1.46173730    1.67382843    1.47116330    1.59262844    1.62146570    1.71953594    1.78947681    1.56067343    1.67132890    1.57238728    1.64983319    1.72711374    1.63834038    1.44166792    1.77828002    1.32194776    1.41462870    1.89792303    1.49158236    1.39711374    1.51577209    1.51739464    1.65190755    1.71078336    1.78110538
G4QHH2_GLANF/50-190     1.75856321    1.52358523    1.79833781    1.93373596    1.66555470    1.67022847    1.81887444    1.85588690    1.49683144    1.73905895    1.83673290    1.63423277    1.51077016    1.08504419    1.26771688    1.22783134    1.27948290    1.22941832    1.41759440    1.35981618    1.17644540    1.27247774    1.30156473    1.23381035    1.31818285    1.30220405    1.45266112    0.00000000    2.43474224    1.85747329    1.90440489    1.55429664    1.59105537    1.76436056    1.66662985    1.64916986    1.55654280    1.68966534    1.20114636    1.39513810    1.22452297    1.25152543    1.20226416    1.20068045    1.09661613    1.16624750    1.18744894    1.31081219    1.10892667    1.25042596    1.59938257    1.34777888    1.63265530    1.57210050    1.40787175    1.64123149    1.62271518    1.67225372    1.54096106    1.56482520    1.75837312    1.97485991    1.65013668    1.83570414    2.09172064    1.65238034    1.92761955    1.75278530    1.99063194    1.80200450    1.66387364    1.66732451    1.71286465    1.84869148    1.72766997    1.82161136    1.78619910    1.65883906    1.67838262    1.65184866    1.69871493    1.69949308    1.59613821    1.58669293    1.72377362    1.50140751    1.57830184    1.77719194    1.67721323    1.83099793    1.78058425    1.72351992
A8ZRU5_DESOH/37-174     2.72711269    2.85889759    2.64031212    2.87062502    2.57561133    2.40544026    2.78961866    2.98567290    2.78268502    3.12695127    2.91354165    3.17312283    3.32941102    2.55738660    2.29293667    2.26156612    2.46428487    2.22633939    2.67708045    2.72005588    2.60579656    2.74463846    2.52983720    2.38976936    2.68724225    2.87096704    2.75289485    2.43474224    0.00000000    2.93955105    2.32916553    2.25935171    2.44511313    2.40096884    2.50906783    2.46357288    2.48561268    2.71335952    2.02645021    2.10926906    2.16446786    2.35529442    2.26837785    2.21739360    2.25825945    2.77787327    2.53428377    2.30611135    2.91384069    2.46404669    2.59345548    2.82466301    3.03970638    2.89866868    2.89578396    3.20680693    2.78080993    2.93440144    3.27757598    2.91450446    2.60259268    2.83467326    3.07682148    2.71774576    2.42046441    3.07927577    2.66076365    2.85816225    2.64072363    2.71794216    2.90554310    2.67697187    2.44504567    2.63595518    2.86997458    2.29438620    2.36258686    2.66964075    2.93065913    2.76733024    2.58218117    2.38633660    2.53953680    2.59427179    3.12317054    2.95673863    2.63681804    3.08297136    2.83682761    2.68165003    2.32510276    2.43828046
W0AB12_9SPHN/48-195     1.93912683    2.06377052    2.07480038    1.99350312    1.97267841    2.04313519    1.93414876    1.95263264    2.11640452    2.17397319    2.29023638    1.98600230    1.90959129    1.75384424    1.62821615    1.55816198    1.65048658    1.83425399    1.78914113    1.78223548    1.69988535    1.86533857    1.86292974    1.79681145    1.80671374    1.83548575    2.11738240    1.85747329    2.93955105    0.00000000    0.73103058    0.64489911    0.81705992    1.01231617    1.19257484    1.50330813    1.07477314    1.18130470    1.35265829    1.29922205    1.31199721    1.33215450    1.28641167    1.39720896    1.28425516    1.77585873    1.60105627    1.63689133    1.37560023    1.39420063    1.60977848    2.08588416    2.33017873    2.21522497    2.13388487    2.31264928    1.74278091    1.74188464    2.23165854    1.95565693    1.62956094    1.86936096    1.88185407    1.81810617    2.00059267    1.80386785    1.73621380    2.16795390    1.75562821    1.66119597    2.06729697    2.12589578    2.06560158    2.07943390    1.98250627    2.12396473    2.06896003    2.20401724    1.61047756    1.78200942    1.87390095    2.18511134    2.07855821    1.69866013    2.45810664    1.87807823    1.64435730    1.95636653    1.82285247    1.72142718    1.83340777    1.76940590
