16
M1BGQ4_SOLTU/63-206     0.00000000    2.73544214    2.62458529    2.60864842    2.73791792    3.01212955    2.74117745    1.97066301    1.97189933    2.47302845    2.23993301    2.17388011    1.92576604    2.30340512    3.13963430    2.55475626
F4IJA3_ARATH/66-208     2.73544214    0.00000000    2.95875124    3.30887395    3.05942606    2.77160327    3.00901162    2.35207684    2.63123931    2.80557399    1.98808660    2.46635657    2.24592005    2.42374365    2.54714312    2.58163635
M1DYU0_SOLTU/16-152     2.62458529    2.95875124    0.00000000    1.35181302    1.54644174    1.36785153    1.29850813    2.46693268    3.02253827    3.45974632    2.61007500    2.91981158    2.65631236    2.47170684    2.83122729    3.24927463
M1DN28_SOLTU/202-333     2.60864842    3.30887395    1.35181302    0.00000000    1.31573410    1.01265924    1.04532879    2.73072621    2.83993349    2.87649471    3.23062885    3.05521592    2.25974293    2.67184542    2.93140789    3.41162802
M1AKV4_SOLTU/144-278     2.73791792    3.05942606    1.54644174    1.31573410    0.00000000    1.00530067    1.04888413    2.42957507    2.80377412    2.33911698    2.46786614    2.54708067    2.48231866    2.15958519    2.54598772    2.82050413
A0A3Q7EKW7_SOLLC/197-332     3.01212955    2.77160327    1.36785153    1.01265924    1.00530067    0.00000000    0.57640844    2.53237855    3.03114050    2.78901261    2.39619448    2.24275599    2.05640675    2.05675690    2.68684201    3.00782699
M1B6C0_SOLTU/167-301     2.74117745    3.00901162    1.29850813    1.04532879    1.04888413    0.57640844    0.00000000    2.58141672    2.62456093    2.79932133    2.57883371    2.59885596    2.39004839    2.22458740    2.61014981    2.91701063
Q9SA08_ARATH/79-216     1.97066301    2.35207684    2.46693268    2.73072621    2.42957507    2.53237855    2.58141672    0.00000000    1.16162897    1.17844638    1.50146195    1.51828558    1.55918570    1.38327808    1.92037440    1.73007087
M4F084_BRARP/94-232     1.97189933    2.63123931    3.02253827    2.83993349    2.80377412    3.03114050    2.62456093    1.16162897    0.00000000    1.17205687    1.63978848    1.48598798    1.61667874    1.51192516    1.93005568    2.10450721
M4F010_BRARP/108-248     2.47302845    2.80557399    3.45974632    2.87649471    2.33911698    2.78901261    2.79932133    1.17844638    1.17205687    0.00000000    1.82619158    1.67097312    1.87108869    1.33587610    2.01374801    1.93195823
M4F016_BRARP/80-219     2.23993301    1.98808660    2.61007500    3.23062885    2.46786614    2.39619448    2.57883371    1.50146195    1.63978848    1.82619158    0.00000000    0.66324280    0.72552716    0.53860470    1.49391079    1.96787450
M4F2K9_BRARP/87-226     2.17388011    2.46635657    2.91981158    3.05521592    2.54708067    2.24275599    2.59885596    1.51828558    1.48598798    1.67097312    0.66324280    0.00000000    0.59914455    0.56121817    1.90342800    1.90112951
M4EHB3_BRARP/87-226     1.92576604    2.24592005    2.65631236    2.25974293    2.48231866    2.05640675    2.39004839    1.55918570    1.61667874    1.87108869    0.72552716    0.59914455    0.00000000    0.76988526    1.81623163    1.86238619
M4F8L1_BRARP/75-214     2.30340512    2.42374365    2.47170684    2.67184542    2.15958519    2.05675690    2.22458740    1.38327808    1.51192516    1.33587610    0.53860470    0.56121817    0.76988526    0.00000000    1.62653564    1.83752687
Q9FH44_ARATH/78-214     3.13963430    2.54714312    2.83122729    2.93140789    2.54598772    2.68684201    2.61014981    1.92037440    1.93005568    2.01374801    1.49391079    1.90342800    1.81623163    1.62653564    0.00000000    1.36667752
M4F2L8_BRARP/71-207     2.55475626    2.58163635    3.24927463    3.41162802    2.82050413    3.00782699    2.91701063    1.73007087    2.10450721    1.93195823    1.96787450    1.90112951    1.86238619    1.83752687    1.36667752    0.00000000

