6
Q31HX1_HYDCU/1-73     0.00000000    1.61659200    1.79616723    1.16211157    1.99157889    1.78248298
INTE_ECOLI/1-73     1.61659200    0.00000000    0.29794139    1.34802841    1.74834797    1.86790707
J7TA84_MORMO/1-72     1.79616723    0.29794139    0.00000000    1.46242237    1.92642722    2.02483290
Q88MN9_PSEPK/1-73     1.16211157    1.34802841    1.46242237    0.00000000    1.54491610    1.06333770
W0LJI0_9GAMM/1-71     1.99157889    1.74834797    1.92642722    1.54491610    0.00000000    1.40114121
VINT_LAMBD/1-69     1.78248298    1.86790707    2.02483290    1.06333770    1.40114121    0.00000000

