15
A0A1T3V6R0_BACAN/1-58     0.00000000    0.37586264    0.78174264    0.65888607    0.74894327    0.68654192    0.85067896    0.86653528    0.96494433    1.19821765    1.30911231    1.00400946    1.20143915    1.44888885    0.80950364
G2TMH2_BACCO/1-58     0.37586264    0.00000000    0.60243726    0.61927865    0.70232081    0.71214319    0.78019259    0.72308898    0.69076459    1.01576611    1.18257445    0.95292311    1.18650579    1.49960662    0.67072180
D5E1E8_BACMQ/1-58     0.78174264    0.60243726    0.00000000    0.60768033    0.46463070    0.61695033    0.71031132    0.63759953    0.69672579    1.55213472    1.15432526    1.08405622    1.15363110    1.35944648    0.80901485
Q65I99_BACLD/1-58     0.65888607    0.61927865    0.60768033    0.00000000    0.24786571    0.46366269    0.64522034    0.59615430    0.72254437    1.39259712    1.24953737    1.11897424    1.04026500    1.52347053    0.83084448
YPEQ_BACSU/1-58     0.74894327    0.70232081    0.46463070    0.24786571    0.00000000    0.41872289    0.79051695    0.64090509    0.94174955    1.43711964    1.14257070    1.07543563    1.06021361    1.56685661    0.82137691
A8FED5_BACP2/1-58     0.68654192    0.71214319    0.61695033    0.46366269    0.41872289    0.00000000    0.75435291    0.75783857    0.98288844    1.42917983    1.02356614    0.97255294    0.94202129    1.48575780    0.94613156
Q5L099_GEOKA/6-63     0.85067896    0.78019259    0.71031132    0.64522034    0.79051695    0.75435291    0.00000000    0.24003910    0.93900203    1.87080951    1.30720085    1.11782896    1.34279646    1.27004809    1.12608193
C5DA00_GEOSW/7-64     0.86653528    0.72308898    0.63759953    0.59615430    0.64090509    0.75783857    0.24003910    0.00000000    0.84461919    1.58977977    1.16350772    1.05027077    1.22526877    1.30691306    0.98122283
N0B1W8_9BACI/7-64     0.96494433    0.69076459    0.69672579    0.72254437    0.94174955    0.98288844    0.93900203    0.84461919    0.00000000    1.43302688    1.10270175    0.96553012    0.98652462    1.46578487    0.65709641
X4ZF94_9BACL/1-59     1.19821765    1.01576611    1.55213472    1.39259712    1.43711964    1.42917983    1.87080951    1.58977977    1.43302688    0.00000000    1.46344157    1.20079739    1.52246051    2.13581507    1.42102957
Q2FYK1_STAA8/16-73     1.30911231    1.18257445    1.15432526    1.24953737    1.14257070    1.02356614    1.30720085    1.16350772    1.10270175    1.46344157    0.00000000    0.45264407    1.16384243    1.76930126    1.38630579
Q5HPA5_STAEQ/7-64     1.00400946    0.95292311    1.08405622    1.11897424    1.07543563    0.97255294    1.11782896    1.05027077    0.96553012    1.20079739    0.45264407    0.00000000    1.12222164    1.63498033    1.28168069
F2F5U8_SOLSS/1-58     1.20143915    1.18650579    1.15363110    1.04026500    1.06021361    0.94202129    1.34279646    1.22526877    0.98652462    1.52246051    1.16384243    1.12222164    0.00000000    1.59097946    1.08755232
D6XZN1_BACIE/6-53     1.44888885    1.49960662    1.35944648    1.52347053    1.56685661    1.48575780    1.27004809    1.30691306    1.46578487    2.13581507    1.76930126    1.63498033    1.59097946    0.00000000    1.59439327
U5LEW1_9BACI/1-58     0.80950364    0.67072180    0.80901485    0.83084448    0.82137691    0.94613156    1.12608193    0.98122283    0.65709641    1.42102957    1.38630579    1.28168069    1.08755232    1.59439327    0.00000000

