138
K5X6A8_AGABU/65-96     0.00000000    0.28329553    0.59600887    0.66617909    0.71847707    0.98058058    0.55925844    0.68752068    0.68015766    0.73923889    1.15471158    0.99899862    1.15880297    0.81201643    0.97998150    1.14152602    0.71789357    0.63051962    0.52520485    0.72460669    0.84170658    0.86220166    0.99363482    0.99804057    1.27784831    1.27577270    0.99575136    1.11413458    0.91267468    0.75210586    0.92933982    0.95846447    1.00015511    0.95348705    0.58799487    0.63611558    0.75389974    0.61766305    0.77804887    0.75338477    1.04753454    0.94810392    0.78943344    1.12286958    0.83836068    0.94857873    0.67033076    0.89017918    0.78487338    0.64629716    0.83059096    0.56655532    0.72328459    0.96991267    0.86223662    0.77343062    0.76507008    0.90919533    0.77712198    0.90360245    1.01374176    1.11703254    0.69333055    1.07475480    0.81956639    0.96531201    0.96698141    1.00235059    1.07458749    0.81814148    0.94319042    0.95616479    1.13966404    1.04702810    0.65069848    0.66420908    0.60019495    1.19782681    0.98475251    0.97049108    1.25889989    1.03296539    0.96272230    1.26398625    1.25389732    1.15755003    1.16202215    1.50445459    1.09069020    1.02525804    1.06519681    1.01831330    0.83898639    0.82386281    1.03431677    0.96459015    0.92284175    1.00164860    0.87694613    1.02056241    1.21576358    1.28246220    1.11312242    1.06350158    0.89870622    0.94708916    0.90997313    0.95880324    0.80080467    0.89247645    0.85923232    0.89486032    0.90470368    0.79110477    1.06996633    0.80348786    1.00025630    1.23519341    1.19933090    1.24228178    1.15169590    0.96763732    1.49263107    0.81775145    1.09064666    0.98514539    1.15512270    0.55181474    0.73382509    0.58396061    0.81314258    0.64331702    0.72553611    0.64760315    0.94969615    0.83424778    0.59018754    0.56225772
A8P024_COPC7/54-85     0.28329553    0.00000000    0.73190311    0.76783775    0.81373361    1.12762154    0.60392727    0.63896789    0.65816843    0.79364595    1.17095942    1.02329661    1.45498781    0.81630726    0.93245433    0.87696042    0.68078473    0.57583305    0.47455999    0.68676056    0.86241953    0.82149144    0.86171643    0.90671140    1.08740413    0.96766840    1.07822192    1.18186841    0.79551393    0.74879385    0.91118817    0.67107511    0.77314545    0.82812452    0.74025627    0.86940300    0.62997765    0.49143528    0.70772918    0.63611241    0.74946868    0.80739727    0.70549459    0.97771606    0.78787446    0.97509800    0.75061588    0.85187299    0.71875564    0.73717885    0.69207009    0.61874130    0.90048324    1.01314985    0.76336052    0.60887934    0.63596251    0.75872521    0.84834803    0.77556602    0.83915674    1.11108184    0.74382270    0.89053048    0.65348651    0.80275327    0.86152405    0.77579764    1.10993073    0.72073304    0.79334065    0.86405475    1.03809678    0.85556821    0.60834994    0.62644466    0.74949579    1.15499521    0.86152677    0.94731978    0.96107724    0.87089121    1.04808069    1.37948863    1.28511947    1.13639848    1.27286927    1.46406439    1.07126729    0.95063418    1.06433812    0.86794879    0.92474061    1.05483407    0.96692274    0.99153814    0.91192992    0.91995648    0.91797661    0.75999577    1.03262539    1.07733640    0.94066339    0.92575346    0.76407903    0.86991634    0.97126536    0.85203517    0.84146024    0.80835209    0.90168139    1.16033462    0.88800228    1.04568158    0.85775158    0.81833651    0.83737413    1.16715363    1.07870558    1.24467513    1.32198183    1.43704775    1.57920964    1.21635707    1.14450281    1.01784983    1.33793217    0.62279017    0.72134836    0.60935360    0.71674448    0.60044151    0.67500370    0.46172068    0.80635912    0.71271448    0.60205877    0.51414254
YAAB_SCHPO/102-135     0.59600887    0.73190311    0.00000000    0.57349948    0.54494764    0.75277006    0.43821038    0.42401377    0.71071128    0.97252406    0.99089770    0.93693003    1.32967283    1.06669786    1.03213142    1.04829438    0.97501237    0.68681282    0.73078668    0.65264840    0.67578920    0.91070682    1.06554049    1.22663462    1.46610132    1.21497114    1.03455933    0.96108280    0.96089778    0.82612235    0.87562031    0.92721240    0.97977190    1.03825626    0.73883449    0.55517002    1.15118930    0.62002379    0.69036814    0.93064294    0.94029880    1.01850774    0.97608775    1.08297362    1.12835434    0.87776532    0.94521006    0.97108672    1.01436090    1.05273377    0.88364666    0.95550518    0.87544610    1.08809697    0.80533665    0.75246777    0.92970627    0.72579632    0.82006207    0.73168534    0.86486434    1.11461946    1.02894021    0.95691647    0.76671371    0.96830310    0.74795890    0.79996977    1.05807687    1.01251874    1.03001236    0.93889400    0.94742545    1.00167555    0.67331851    0.74704326    0.88274037    1.45255010    0.93390898    0.83080921    1.32474667    0.85803844    1.01236038    1.46473918    1.22530434    1.33534382    1.00340871    1.12616793    0.78742995    1.01113949    1.12556471    1.01461963    0.66162411    0.74016301    0.80854312    0.97875973    0.69798868    0.67855925    1.02061244    0.95775745    0.95547861    0.95175890    1.10361899    1.05258265    0.94213086    0.92695828    0.97562942    1.20408311    1.47762908    1.05928570    0.89905760    0.95833550    1.27433620    1.10274154    0.95579598    1.01108376    0.98306502    1.06634598    1.03171759    1.05545640    1.20228401    1.12997878    1.49332721    1.29388071    1.17312623    0.79679152    1.03187464    0.86334701    0.71390299    0.75541246    0.81105733    0.80086047    0.79865449    0.78300342    0.86336737    0.87161199    0.73947079    0.48212347
B6JX33_SCHJY/97-130     0.66617909    0.76783775    0.57349948    0.00000000    0.47557135    0.76958712    0.50816184    0.66397854    0.51466001    0.80288724    0.97992834    0.90108109    1.12131843    0.84499676    1.09520753    1.04718717    0.55385536    0.69426645    0.43354057    0.67340974    0.81958528    0.95883515    0.97729407    1.19375312    1.01920644    0.93759414    1.08063429    1.00469086    0.93602292    0.80928588    0.95293615    0.99814869    1.17068037    0.89898324    0.84062346    0.67626974    1.19400450    0.98000347    0.88977918    1.07800731    1.56509922    1.18001602    0.94105614    1.22853505    1.09072021    0.89785731    0.88331088    1.04153415    1.12951484    1.11384266    0.93398548    0.82869758    0.90687430    0.89336480    0.87362517    0.73341736    0.90588646    0.89767382    0.72278397    0.85224496    1.05601282    0.83148405    1.18015523    1.09408874    0.87953529    0.86486118    0.86745279    1.27671434    1.23443521    0.62973003    0.78163742    0.91474533    0.97800340    1.14978712    0.43077324    0.55010675    0.69089103    1.22499374    0.85310720    0.89610311    1.65887598    1.22990957    0.96888167    1.13338843    1.09389356    1.46276174    0.99122419    1.08860718    1.05711605    0.75428539    1.11422762    0.82640875    0.87780177    1.03791188    1.09979038    1.14365578    0.89354898    1.06757908    1.02331896    0.95727016    1.06896942    1.01136207    1.04720735    1.01294296    0.93633362    0.87756636    0.84886711    0.86136538    0.96348701    0.99178324    1.25960087    0.97956555    0.98786100    0.89202897    0.86225816    0.91063211    0.82708609    1.15383184    1.24055488    1.28764785    1.31709196    1.20925127    1.33517950    1.23693206    1.17990690    1.03467662    0.95522708    0.75284777    0.67146339    0.74811510    0.69399143    0.60140500    0.59253537    0.57874928    0.65866772    0.76370795    0.63281826    0.67474033
YI09_SCHPO/79-112     0.71847707    0.81373361    0.54494764    0.47557135    0.00000000    0.62485713    0.55418231    0.54012177    0.67994351    1.15875365    1.33733201    1.24742377    1.48578979    1.26305894    1.45836552    1.40273445    0.87207482    0.76925818    0.79921002    0.76906572    0.87515240    0.79986625    1.09652300    1.22492385    1.05171955    1.03951105    1.01944902    0.81764819    1.17691058    1.14246012    1.19356078    1.06187867    1.23959240    1.07109256    1.16322731    0.85713521    1.13349131    0.86713247    0.75700832    0.96035618    1.35999449    0.99653239    0.97588288    1.11956811    1.11531213    1.03823595    1.02456548    0.85230571    0.97015513    0.78245206    0.74266634    1.08238869    1.01697301    1.09895564    0.95616712    0.73254341    1.05674744    0.95292182    0.85024087    1.00235880    1.17228450    0.97729649    1.20497459    1.05810383    1.15177425    1.12555970    0.97361628    1.20583365    1.40608841    0.80545387    1.06631383    1.03855878    1.03268209    1.22607395    0.53558455    0.66682011    0.98310143    1.77967302    1.09020881    0.93258100    1.45989202    1.07538712    1.17668123    1.17374632    1.11417624    1.03870516    0.98989111    1.19199859    0.82640485    0.95036456    1.22843358    1.03474621    0.82274147    1.06694664    1.33016286    1.30446012    1.04768936    1.04364366    1.08618445    1.03211274    1.19512496    1.14363961    0.90882220    0.81568483    0.82287131    0.96405589    1.08269875    0.99249511    1.25234379    1.10921961    1.30680285    1.37406331    1.19226223    0.92004758    1.17791424    1.18149897    0.87686311    0.97833486    0.98640913    0.95609567    0.94402797    0.98811579    1.43254171    0.95327667    0.99539538    0.91274377    1.15167112    0.96851454    0.82710336    0.86912411    0.83701094    0.96185330    0.70991169    0.84259495    0.91868523    0.87419429    0.70693253    0.69226184
S9VXV6_SCHCR/79-112     0.98058058    1.12762154    0.75277006    0.76958712    0.62485713    0.00000000    0.83149411    0.96304006    1.12035854    1.56903174    1.37540189    1.39637624    1.64384016    1.51283059    1.85541630    1.82044702    1.33032770    1.33105902    1.03676328    1.13141681    1.40651889    1.25484567    1.84092961    1.47248209    1.91256009    1.64082180    1.60709898    1.31819283    1.53803001    1.65648486    1.66841560    1.57614461    1.62110228    1.56759756    1.16452050    1.45809341    1.57572330    1.27940107    1.37227540    1.39498154    1.62212160    1.30087763    1.28840292    1.51574395    1.51507454    1.47218539    1.13055051    1.38621510    1.43606466    1.47702851    1.36596702    1.44569214    1.58493444    1.50507266    1.68530802    1.10969570    1.57853350    1.22135544    1.49742662    1.43203893    2.05955487    1.97069979    1.33858091    1.66490780    1.55008371    1.61924593    1.28759369    1.39062184    1.56916840    1.48825285    1.55477316    1.48133446    1.37638290    1.61449458    1.07067443    1.27454404    0.98760804    1.63376165    1.35667777    1.50942423    1.65338966    1.29897954    1.59229787    1.04036218    1.40127136    1.32392820    1.32955745    1.40540106    1.07675389    1.31912727    1.12819010    1.57695203    1.66451659    1.56300799    1.99323968    1.74292254    1.53185597    1.72156184    1.55242255    1.47386878    1.59103920    1.60178806    1.54792847    1.29342070    1.36481529    1.05141645    1.60708125    1.33552318    1.30210231    1.34502748    1.32010756    1.55418273    1.34524430    1.10220845    1.42561740    1.41429290    1.20433804    1.39076867    1.34292630    0.84397400    0.82063318    1.13195251    1.40651984    1.27241277    1.26366174    1.12360135    1.32776305    1.31282236    1.18008011    1.62204042    1.28770884    1.26395917    0.93995291    1.18194804    1.15429433    1.04548680    0.95368096    1.11473496
S9W209_SCHCR/99-132     0.55925844    0.60392727    0.43821038    0.50816184    0.55418231    0.83149411    0.00000000    0.44753537    0.45578648    0.84058562    0.98738360    1.00738475    1.41555578    0.95209112    0.92205276    1.06520430    0.61274532    0.59476193    0.52699543    0.56424172    0.78708994    0.98976853    0.84184558    1.08288889    1.31464910    1.30659044    0.98735277    0.90558472    0.78960673    0.71434990    0.77321967    0.76502102    0.77661453    0.88352138    0.80717895    0.55733089    1.09331766    0.66125909    0.66172183    0.81213574    0.95702211    0.72349784    0.86393054    0.97020558    0.84356324    0.73648140    0.68139795    0.85664961    1.10324304    0.94823923    0.98523975    0.89527904    0.89996273    0.96819882    0.71956735    0.65074244    0.89052904    0.91417485    0.81350123    1.02663324    1.04996319    1.05247414    1.11802470    0.90068492    0.76179174    0.77568959    1.03152377    0.93875838    1.15896423    0.86546981    0.77021514    0.74920863    0.69844641    1.06505456    0.48566040    0.73068490    0.80153325    1.33261760    1.02740321    0.83406120    1.49551513    0.95085151    0.77376928    1.34171764    1.19410002    1.45989536    1.22497842    1.28267043    0.84382536    0.95618563    1.11388002    0.87065493    0.81357954    0.82730835    1.07729780    0.97110796    0.80067002    0.97127060    0.84827776    0.97220030    1.15376900    0.94284484    1.10396447    1.13378044    1.05424904    0.88695887    0.96579479    1.15982648    1.32257972    1.11847698    0.85377853    0.94902648    0.99250338    0.98308542    0.87318306    0.84049280    0.79157406    1.11152234    1.12543891    1.18345754    1.07767376    1.07012712    1.49203958    1.09820958    1.04153494    0.93354113    0.92695546    0.61430921    0.76063280    0.82077902    0.59553858    0.69301692    0.74209402    0.66425167    0.74581774    0.71663490    0.49127635    0.49265457
YAO1_SCHPO/46-79     0.68752068    0.63896789    0.42401377    0.66397854    0.54012177    0.96304006    0.44753537    0.00000000    0.57661457    0.88565501    1.11427365    1.13635049    1.36929710    0.92809032    1.06123042    1.08301770    0.70318506    0.60526976    0.68519962    0.51226279    0.71399234    0.68173621    0.75082076    1.04790413    0.94817035    0.85623101    0.96378726    0.95275133    0.85905811    0.83871102    0.76894729    0.73588894    0.91156075    0.85594279    0.81537487    0.56415030    0.95770882    0.62468374    0.58555585    0.78467416    0.91308392    0.81452785    0.93201473    1.14945277    1.02862838    0.90682239    0.98266389    0.86790689    1.02839624    0.99085146    0.86114483    0.88184292    0.96621222    1.05675843    0.90490229    0.69284495    0.86108971    0.74488849    0.91635915    0.67973716    0.87545509    0.73951983    0.97016149    0.76817713    0.80601652    0.83866717    0.84673687    0.96157860    1.34065959    0.70482151    0.65644331    0.83615339    0.74954624    0.75997205    0.43155277    0.45028873    0.74164034    1.22974098    0.84582405    0.50088096    1.33444839    0.83931080    0.98024152    1.06452833    1.13286674    1.12922830    0.75411645    0.84948996    0.79642161    0.91229982    1.10492647    0.67453892    0.67267606    0.80563391    1.03306709    1.19063375    0.75943955    0.84735111    0.80003618    0.55887380    0.78833016    0.68784165    0.73629109    0.80458590    0.65272735    0.65299482    0.75228516    0.96443781    1.04856402    0.83208153    0.97188005    1.06379092    0.97122582    0.92893826    0.69841394    0.99911181    0.57609090    0.89996374    0.87030436    1.03074974    0.97880035    0.99808784    1.14277353    1.05410989    1.05124934    0.89527111    1.01628896    0.75002740    0.69209392    0.76664995    0.55937629    0.60871662    0.51720583    0.61136695    0.69407290    0.52037626    0.56556032    0.36924486
D5GHV3_TUBMM/9-42     0.68015766    0.65816843    0.71071128    0.51466001    0.67994351    1.12035854    0.45578648    0.57661457    0.00000000    0.36720969    0.60291979    0.50541341    0.72592109    0.46176370    0.68904600    0.65416553    0.27054062    0.40773815    0.46417289    0.45049851    0.99404188    1.12318732    0.72121052    1.08337871    0.98296383    0.98832471    1.05619716    1.03798062    0.89948254    0.79085812    0.69231787    0.92996732    1.08247644    0.86848600    1.02858613    0.79015221    0.84973760    0.72901511    0.74548565    0.91651990    0.93788604    0.63121481    0.61776261    0.76305195    0.63125631    0.71087860    0.69865134    0.87508631    0.96584652    0.77368737    0.73872759    0.80117407    0.84582446    0.82133501    0.66263463    0.74516821    0.88014176    0.88756600    0.84794596    1.00332899    1.02422972    0.72906734    0.79770705    0.77638091    0.60098159    0.64082333    0.87858657    0.79974968    0.74580912    0.67156276    0.60075911    0.76646776    0.65593421    0.88953971    0.40404843    0.45746263    0.79018213    0.91741412    0.90165400    0.71060431    1.07223209    0.84052392    0.91392552    1.28175107    1.45916618    1.52068663    1.14367405    1.17972876    1.15900216    1.07189477    1.12080707    0.73687947    0.70993338    0.89078615    1.00035808    1.03387937    0.78504930    0.90383567    0.79773795    0.84029656    1.24281033    0.91213275    0.94082034    1.03941427    1.04824128    0.81722375    0.80812650    0.89645624    0.86980437    0.78273390    0.93952939    1.11537574    0.88737480    1.20197229    0.96271886    0.96152410    0.97795718    1.08377725    1.07549843    0.92619111    0.89500848    0.99313770    1.24871289    1.06523103    1.05714964    1.21022334    1.09060710    0.81473554    0.73539464    0.83017178    0.76534904    0.70696135    0.70537582    0.66618624    0.71321105    0.80790930    0.66074342    0.51938147
Q1K8A4_NEUCR/30-63     0.73923889    0.79364595    0.97252406    0.80288724    1.15875365    1.56903174    0.84058562    0.88565501    0.36720969    0.00000000    0.53669025    0.29338619    0.46481450    0.34211447    0.54436415    0.50819680    0.52526740    0.53912153    0.57313428    0.59215910    0.91072773    1.08424322    0.73421282    1.45010502    1.09785013    1.26353163    1.15824600    1.11359326    0.86290479    0.73100392    0.64396772    0.96515056    1.09381721    0.83730284    0.97864374    0.89663079    0.87971480    0.91481358    0.85853574    0.79304915    1.10675530    0.94616960    0.87728625    1.02285728    0.89358783    0.85137551    0.81742520    1.12971119    1.04809380    0.97299818    0.88102257    0.96828555    0.82404722    1.15415847    0.91424502    1.02738553    0.97891236    1.07553034    0.95800289    1.16828966    1.08215792    0.83757918    0.84635988    1.09411152    0.68530804    0.65481848    0.74355447    0.80991770    0.76235348    0.68779415    0.53335024    0.63964770    0.78361011    1.01626403    0.63768897    0.71890765    1.01500346    1.16366598    1.18649063    0.87808214    1.45131299    1.04255976    1.02041390    1.59480438    1.57916985    1.59640945    1.16436513    1.49183005    1.54371495    1.22898958    1.29333101    1.12735920    0.94610760    1.08507407    1.26440370    1.28474739    1.16133129    1.37996566    0.94700050    1.12311582    1.09185898    1.30544832    0.92963776    1.21650243    1.16384841    0.91588313    0.88852832    1.13098507    1.04190041    0.87500048    0.89005386    0.88388577    1.04908963    1.09754944    0.86003763    0.83070728    1.04578576    1.08734696    1.25189642    1.04931808    0.98708025    1.28204567    1.27521448    1.12949908    1.20546569    1.11490647    1.21312166    1.03923846    1.07709414    1.05663256    1.06306816    0.86802862    1.04329800    0.96446707    0.94862264    1.19717713    0.89837949    0.82260164
R7Z1M9_CONA1/17-50     1.15471158    1.17095942    0.99089770    0.97992834    1.33733201    1.37540189    0.98738360    1.11427365    0.60291979    0.53669025    0.00000000    0.26319421    0.34781748    0.34280138    0.34805877    0.25755955    0.82115850    0.72623485    0.81054925    0.77901672    0.76974986    1.05727592    0.73677380    0.92974689    1.06203720    1.09923041    1.29300593    0.94684913    0.91945392    0.64731963    0.77964754    1.11590330    1.02304363    1.03983638    1.41668527    1.04318690    0.97856026    1.27964654    1.43893147    0.89416418    1.44604355    1.04374904    1.20972248    0.98501589    1.11415173    1.23749744    0.92146917    1.46516872    1.15201014    1.26115395    1.43263362    1.11508839    1.00262213    1.16677224    1.13411921    1.16969607    0.98877760    1.04327047    1.07417940    1.05596482    1.31255426    1.02457920    0.88443180    0.93292593    0.49949236    0.75673780    0.88247979    0.89411709    0.62968833    0.83353669    0.68896563    0.66015626    0.77448825    0.90822394    0.74516946    1.08240931    1.18754501    1.09237858    1.25870683    1.09333737    1.89627007    0.92962699    1.10764189    1.48406204    1.29857849    1.91139541    1.26662623    1.24767847    1.65016845    1.14945561    1.30385000    1.09750344    1.11517124    1.08590097    1.30842833    1.06855235    1.09562670    1.33469420    0.99516501    0.98731957    1.17378709    1.15407789    1.05227141    1.17527901    1.25362445    0.94209876    0.90336582    0.88054027    1.11219364    0.82093776    0.84941569    0.86726998    0.94693440    1.02264504    0.75801458    0.68072480    0.93351634    1.23124177    1.06224944    1.12289371    0.88776298    1.11583790    1.19459344    1.16272413    1.08637441    1.31836980    1.01126979    1.12144837    0.70539622    1.22096671    1.02264888    1.09227512    1.02181448    0.92051151    0.79866451    1.21905390    0.93479831    0.84260955
G2XDJ3_VERDV/23-56     0.99899862    1.02329661    0.93693003    0.90108109    1.24742377    1.39637624    1.00738475    1.13635049    0.50541341    0.29338619    0.26319421    0.00000000    0.21503733    0.28989750    0.43847767    0.35054543    0.61821910    0.60767244    0.70192017    0.77929926    0.93757231    1.24068503    0.76470668    1.30568832    1.19939687    1.30053172    1.36256321    1.16909236    0.88533004    0.65943154    0.63616009    1.16601454    1.14880969    0.95217337    1.40533342    1.13831147    0.95176259    1.10478898    1.21788429    0.80246145    1.37690766    1.05314024    1.21264384    1.08502868    1.07025113    1.09504938    1.00214451    1.35300057    1.25708194    1.13049871    1.10620810    1.33506545    1.10497412    1.16274682    1.05227347    1.03613556    1.05966875    1.07141863    1.05602826    1.11099507    1.10444055    0.94132542    0.68168884    0.88798117    0.72907642    0.95056091    0.80097518    0.86800413    0.71745958    0.93867520    0.71411181    0.85453369    0.82616979    0.84135658    0.71382725    0.82108181    1.07487934    1.07308595    1.19928887    1.13163881    1.64625597    0.94876069    1.23432458    1.72370662    1.51316222    1.57214684    1.41876529    1.46616939    1.74512994    1.24609933    1.36418860    1.22461556    1.14419494    1.08666770    1.33377487    1.16716220    1.22705621    1.43018016    0.86074149    1.11377015    1.29649419    1.33319885    1.18068089    1.36687132    1.46697575    1.01392006    1.03349553    1.17564614    1.10181812    0.81062958    0.84685440    0.94472832    1.06640723    1.11560913    0.83330268    0.73778504    1.10490701    1.43571093    1.47742444    1.27424574    1.21908146    1.22557082    1.21931220    1.23757212    1.14800153    1.48313540    1.20985612    1.19239291    0.97883047    1.27549259    1.05978533    1.09089960    0.98413952    0.98821021    0.85120326    1.35368950    0.88969091    0.87256889
N1RHJ9_FUSC4/24-69     1.15880297    1.45498781    1.32967283    1.12131843    1.48578979    1.64384016    1.41555578    1.36929710    0.72592109    0.46481450    0.34781748    0.21503733    0.00000000    0.54589346    0.62047202    0.52457302    0.87504617    0.86572799    1.01251468    1.08646188    1.25712710    1.39244117    0.98861124    1.36349757    1.47220925    1.53381061    1.76446828    1.44465937    1.08516385    1.00945580    0.91333880    1.41835124    1.32193338    1.17055684    1.35655249    1.18441465    1.14118332    1.44621349    1.58540267    1.01459080    1.62693794    1.18763471    1.14174405    1.03093208    1.17886214    1.22534658    0.87047427    1.64408758    1.26385392    1.35032977    1.29463212    1.40251811    1.18295145    1.37895827    1.41774990    1.19148644    1.49468816    1.30568891    1.16177740    1.30037286    1.15716337    1.18823790    0.88554572    0.91439159    1.04859940    1.25781159    0.90289540    1.07943669    0.76815841    1.09610466    0.94295499    1.14832908    1.09154633    1.18507037    1.09175141    1.24272241    1.39623868    1.22777292    1.74048319    1.34955289    1.92214550    1.21141113    1.44878704    1.63283739    1.56981906    2.00983342    1.51879004    1.61307116    1.76786771    1.26122724    1.46812584    1.57840699    1.45771457    1.11340276    1.82659775    1.36558437    1.57955202    1.67784034    1.22305712    1.38795482    1.43523573    1.57946853    1.28051220    1.39476712    1.68226692    1.40895959    1.47034634    1.46733046    1.15487996    1.07492373    1.06791582    1.21281039    1.20988848    1.11600091    1.06212888    0.93197263    1.46051288    1.42337076    1.70016452    1.52688176    1.23227109    1.23711548    1.21725389    1.16060758    1.26472237    1.41716554    1.57912082    1.52619101    1.30844304    1.74604122    1.47009892    1.55673003    1.43358610    1.40465913    1.01214709    1.67686738    1.07391572    1.17614503
Q2GX23_CHAGB/23-56     0.81201643    0.81630726    1.06669786    0.84499676    1.26305894    1.51283059    0.95209112    0.92809032    0.46176370    0.34211447    0.34280138    0.28989750    0.54589346    0.00000000    0.32405024    0.28173887    0.53413245    0.74876445    0.67452382    0.76385211    0.81760945    1.08936528    0.70947333    1.29950385    0.99824610    1.02671861    1.19511321    1.08909189    0.78828242    0.48461082    0.67663130    1.00709186    1.06338160    0.93358896    1.12138438    0.91541731    0.95035139    1.04421919    1.18348851    0.92634214    1.42193987    1.10630515    1.19407406    1.18731333    1.12718544    1.16465214    1.08640581    1.39032467    1.43566507    1.25991011    1.10528311    1.11995430    1.17496015    1.18444872    1.05933230    1.07062099    1.27458930    1.28812071    1.27119189    1.28020378    1.38893256    0.88347982    0.71474643    0.88697850    0.54829475    0.81168197    0.82456856    0.84823940    0.77928100    0.95456164    0.74971557    0.83863226    0.95667731    0.84993842    0.73349498    0.69728975    1.06075681    0.92066813    1.17869843    1.04704241    1.42987111    1.07670944    1.03316994    1.60033905    1.28626407    1.54402993    1.51914373    1.48294223    1.67077812    1.22366395    1.41861778    1.01397367    1.16901682    1.21706498    1.28699631    1.14739350    1.15860298    1.38020745    0.71912023    1.14065877    1.41704570    1.42886145    1.17025476    1.20578929    1.15371680    0.84983306    0.69356414    0.97611830    0.83787912    0.74893203    0.77146915    0.97986210    0.79625033    0.94408760    0.86040967    0.69383572    0.90030232    1.32024180    1.29213346    1.21369410    1.03181575    1.13568502    1.08900853    1.10402533    1.04402318    1.34050256    1.07692817    1.17775137    0.96312771    1.26800682    1.14755282    0.95095972    0.96705212    0.76888385    0.87749370    1.13274649    0.97666671    0.86498773
Q0UYX3_PHANO/30-63     0.97998150    0.93245433    1.03213142    1.09520753    1.45836552    1.85541630    0.92205276    1.06123042    0.68904600    0.54436415    0.34805877    0.43847767    0.62047202    0.32405024    0.00000000    0.25842828    0.83688816    0.92131669    0.94714606    0.78742218    0.78763016    1.21956095    0.88666894    1.14374216    1.42282024    1.39776382    1.08279037    1.19542824    1.03798736    0.68976193    0.90365843    1.20756120    1.17560615    1.21905523    1.58341056    1.17431907    1.33788793    1.28445210    1.06553245    1.17352587    1.19508043    1.11102932    1.19150472    0.94781671    0.94003864    1.39751695    1.13676324    1.27224441    1.30522425    1.37014761    1.24713039    1.18828804    1.25414729    1.16642254    1.11183003    1.17003315    1.09204372    1.11649386    1.00605826    0.96049770    1.09707989    0.99776829    0.69365482    0.81261470    0.59864637    0.99260456    1.05197025    1.11471269    1.05128031    0.93907290    0.84548555    0.83513193    0.96776383    0.87480883    0.84883970    1.04134348    1.45115856    1.02605706    1.59781317    1.03922031    1.70354563    0.84611009    1.07747623    1.51758378    1.04438916    1.61441858    1.20266408    1.07196232    1.29693379    0.98657479    1.19201309    1.01780167    0.98859117    0.91222066    0.98568595    0.96684558    1.08770066    1.10039647    0.96490810    0.95708151    1.12926841    0.94721946    1.29882267    1.34753065    1.35359854    0.95801736    0.86266771    1.22175446    1.34547205    1.14745390    0.69533399    1.11634193    1.12687929    1.26885837    0.88306053    0.81229346    1.05581081    1.47302415    1.36247156    1.47515857    1.36267782    1.04349503    1.00971469    0.98052128    0.83565678    1.43210590    1.52418016    1.13149891    1.13966205    1.25007666    1.04173819    0.95804518    1.14624048    1.01385267    0.92939757    1.30595366    1.08658021    0.85418660
E3RWK6_PYRTT/29-62     1.14152602    0.87696042    1.04829438    1.04718717    1.40273445    1.82044702    1.06520430    1.08301770    0.65416553    0.50819680    0.25755955    0.35054543    0.52457302    0.28173887    0.25842828    0.00000000    0.79014457    0.88341471    0.94448957    0.90844359    0.78414372    1.07351221    0.73191975    1.50532839    1.05584540    1.06122988    1.12268017    1.13175783    0.90867579    0.59432226    0.78237102    1.10148644    1.13358455    0.95324909    1.56633921    1.12267946    1.08245069    1.21866519    1.48749137    1.05477081    1.47614630    1.20947996    1.23763004    1.09874540    0.99201158    1.27391515    1.03435986    1.50832797    1.48350966    1.51437216    1.57223396    1.23232055    1.35081758    1.28753226    1.18291644    1.26716961    1.15238355    1.21589355    1.08636506    1.18670519    1.29786722    1.04241142    0.90606641    0.84754700    0.56039761    0.85203200    0.91207579    0.83216209    0.84031826    0.93364082    0.65698395    0.79305585    1.11102271    0.89957485    0.81548076    1.04212705    1.50166926    1.17559008    1.50157315    1.06765696    1.76608666    1.02362455    1.16952796    1.56816772    1.18468409    1.79840627    1.22973936    1.28074518    1.45145295    1.05810890    1.41396280    1.10244213    0.97738310    1.13762139    1.10332864    1.18951902    1.19702721    1.29297146    1.14090873    1.01063048    1.06408716    1.25896630    1.13981061    1.11526870    1.06175786    0.79555154    0.84342763    0.99398251    0.95904406    0.93957249    0.73706936    0.85580465    0.84293444    0.90450531    0.62495373    0.75022947    0.81667988    1.04858242    1.12048530    1.39780180    1.32516189    1.20284840    1.16543568    1.27523551    0.98050066    1.53807826    1.31837767    1.21307711    1.12183874    1.23572430    0.93849602    0.94006465    1.12700104    0.93857990    0.85947268    1.20122449    1.04287209    0.80631240
R1ELD7_BOTPV/3-35     0.71789357    0.68078473    0.97501237    0.55385536    0.87207482    1.33032770    0.61274532    0.70318506    0.27054062    0.52526740    0.82115850    0.61821910    0.87504617    0.53413245    0.83688816    0.79014457    0.00000000    0.41657345    0.28695408    0.60918678    1.00625952    1.14010480    0.52560349    0.99967499    0.83455361    0.80129510    1.37078552    1.16660457    0.82931519    0.87795587    0.69176949    0.73192062    0.77815307    0.89717633    0.85922919    0.71312518    0.91445431    0.80350308    0.88252886    0.86439019    0.96102496    0.82971491    0.69159881    0.97335644    0.85996084    0.68938835    0.68680119    0.98700166    0.95832610    0.92872464    0.79714988    0.91010400    0.90142865    0.99343558    0.83304014    0.70061994    0.95173757    0.97285308    0.86795438    1.15369073    1.05943655    0.79913116    0.79588004    0.85643955    0.70449384    0.54060945    0.86198725    0.72714203    0.59453785    0.75151375    0.60887086    0.80068845    0.72642251    0.82736654    0.48531608    0.48701581    0.76290258    0.86852127    0.81032712    0.95630145    1.27237189    1.01556615    1.15306767    1.31620331    1.34854204    1.53055525    1.05937541    1.16046671    1.23307584    1.11992731    1.11524526    0.76266343    0.76206966    1.03163781    1.04494822    1.05775030    0.98668820    1.11167320    0.99964693    0.87474296    1.20031549    1.04966795    1.06297637    1.16804738    1.14769962    0.82335863    0.84076611    0.95444494    1.10021784    0.99709629    0.96139277    0.98410769    0.89673471    0.95527960    0.90752286    0.99444777    0.81529773    1.29716131    1.25700855    1.16633568    1.25321583    1.01625264    1.18650260    1.03314674    1.13850483    1.45410372    1.11466552    0.50703987    0.72766955    0.61060386    0.54885676    0.51180021    0.62628590    0.56343773    0.60510700    0.61955927    0.51476294    0.56776074
CON6_NEUCR/8-41     0.63051962    0.57583305    0.68681282    0.69426645    0.76925818    1.33105902    0.59476193    0.60526976    0.40773815    0.53912153    0.72623485    0.60767244    0.86572799    0.74876445    0.92131669    0.88341471    0.41657345    0.00000000    0.30553680    0.41790850    0.84280310    1.08263731    0.64451055    0.97615238    0.86448779    0.89012901    1.13976105    0.85204588    0.90151149    0.81171973    0.76561322    0.75902887    0.67371094    0.76182811    0.91137318    0.63979289    0.74199827    0.69825952    0.71709649    0.57863002    0.75517717    0.49113574    0.60839341    0.68275906    0.69822167    0.77759204    0.59242988    0.85841549    0.79581777    0.85406179    0.74288523    0.72868788    0.52407304    0.89011815    0.57322528    0.53039804    0.67344253    0.68173505    0.69057675    0.82071899    0.61974216    0.59170058    0.69372184    0.80196181    0.44242489    0.46758515    0.51603988    0.62904648    0.74965728    0.63193393    0.48940612    0.59518141    0.55021560    0.84716635    0.34010940    0.50032269    0.74839877    0.90001881    0.73419576    0.69026704    1.21526090    0.84510925    0.78156551    1.25200496    1.18712361    1.09005132    0.94275800    1.11697124    1.06585426    1.03656817    1.36855477    0.74160175    0.55942419    0.62760958    0.86658157    0.88506018    0.81541390    0.82547733    0.86301983    0.62061909    0.97944108    0.74803529    0.65255629    0.86390562    0.97491142    0.84460848    0.77870933    0.77099964    1.00618514    0.74321757    0.82614246    0.77670466    0.98128864    0.86403551    0.78085504    0.69741871    0.74649324    1.06293746    0.93907665    1.03132544    0.97928658    0.84102947    1.13436459    1.07506891    0.99292881    1.08343486    0.85588233    0.52734126    0.62389996    0.58420827    0.55901236    0.51827077    0.62159747    0.51135450    0.46331784    0.66855430    0.41852456    0.36452026
F8PSE9_SERL3/55-88     0.52520485    0.47455999    0.73078668    0.43354057    0.79921002    1.03676328    0.52699543    0.68519962    0.46417289    0.57313428    0.81054925    0.70192017    1.01251468    0.67452382    0.94714606    0.94448957    0.28695408    0.30553680    0.00000000    0.45567461    0.74568833    0.89631686    0.66444334    0.96271038    0.89837260    0.86056004    1.22287359    0.95424233    0.90530499    0.75058555    0.92279605    0.79287704    0.84341019    0.85500931    0.74100399    0.66802833    0.93253165    0.82978474    0.79669688    0.69081090    1.14262850    0.97903168    0.89181297    1.14352624    0.97611292    0.84539736    0.74717811    1.02406757    1.10808636    0.96923939    0.83161653    0.75685343    0.87946859    0.96368978    0.74164901    0.65312053    0.71931540    0.80597552    0.82078538    0.86709122    1.00738210    0.80763650    0.71027027    0.89468516    0.51674090    0.43300646    0.58844685    0.72024580    0.68288648    0.53005571    0.48360367    0.52515350    0.54423184    0.75277072    0.41770886    0.50585723    0.71328274    0.94013199    0.68869859    0.89369844    1.37203623    1.04507751    0.89726506    1.25875598    1.27194985    1.13492352    1.06810500    1.04561818    1.09644671    1.07298919    1.10201128    0.65910849    0.67618902    0.75470814    0.86012994    1.00858160    0.78463080    0.83781581    0.92806879    0.78375121    1.10339486    0.80645186    0.86791138    1.04002575    0.92462422    0.74674839    0.67479070    0.74048989    0.97832368    0.79823195    0.78065611    0.79868514    0.92504246    0.73253794    0.82607661    0.72784600    0.65086084    1.25397909    1.04310723    1.04359511    1.09939143    0.93751494    1.01374033    1.13848137    1.04825936    1.17175459    0.98649414    0.54514613    0.65435846    0.68824390    0.62394541    0.49737301    0.50946682    0.33422952    0.51728894    0.53634972    0.39695301    0.49697975
F8PSE9_SERL3/6-39     0.72460669    0.68676056    0.65264840    0.67340974    0.76906572    1.13141681    0.56424172    0.51226279    0.45049851    0.59215910    0.77901672    0.77929926    1.08646188    0.76385211    0.78742218    0.90844359    0.60918678    0.41790850    0.45567461    0.00000000    0.77344047    1.01513533    0.86525482    0.91813041    1.01366810    0.98290235    0.88411977    0.85317306    0.95752679    0.86374657    0.90091223    0.78830174    0.86545358    1.02039118    1.10422895    0.84939496    0.95331957    0.82538154    0.72624354    0.82181961    1.13505573    0.79257222    0.86571659    1.05241120    0.94261575    1.01647545    0.95669164    1.00816989    0.95459993    1.00664937    0.82420398    0.86650813    0.87943993    0.81355821    0.80509405    0.74671766    0.80749788    0.79034643    0.86947944    0.93685153    1.01009512    0.81386936    0.80406808    0.93249971    0.58604646    0.60752346    0.61705436    0.92866887    0.97886785    0.57941130    0.55579892    0.45354504    0.68150740    1.01829175    0.37199401    0.64777341    0.59828666    1.10980879    0.87126063    0.63012705    1.20700711    0.74427175    0.84847004    1.20417512    1.17107195    1.56367409    0.97925558    0.98821889    0.90858514    1.02303742    1.08002865    0.68000979    0.66987000    0.68192002    0.92070369    0.94628207    0.83274384    0.79256232    0.71917396    0.58306208    0.85726618    0.65719192    0.65935254    0.69702839    0.80458125    0.61176543    0.58177617    0.66192727    1.00590637    0.77359701    0.71858227    0.75448373    1.02702493    0.87218833    0.76626437    0.85178753    0.65513310    0.86679922    0.84045125    0.91546229    1.07006363    0.88740935    1.10069929    0.97155603    0.86234775    0.68718584    0.95411411    0.59728209    0.60182138    0.62641130    0.58271019    0.69019791    0.42621223    0.59032697    0.71871829    0.64977667    0.57489585    0.41520395
