6
G1TKF7_RABIT/561-849     0.00000000    1.47933556    0.45889025    0.27712332    0.41513667    0.40519402
Q1L914_DANRE/148-430     1.47933556    0.00000000    1.32284990    1.33878544    1.41920102    1.32126536
F7BX77_MONDO/613-898     0.45889025    1.32284990    0.00000000    0.34458754    0.49731934    0.43303896
PR15B_HUMAN/413-699     0.27712332    1.33878544    0.34458754    0.00000000    0.28254142    0.23059008
PR15B_MOUSE/397-682     0.41513667    1.41920102    0.49731934    0.28254142    0.00000000    0.37145798
H0V6Q0_CAVPO/405-688     0.40519402    1.32126536    0.43303896    0.23059008    0.37145798    0.00000000

