73
C7M132_ACIFD/187-336     0.00000000    1.86970358    2.28060934    2.92614326    2.77044168    2.21798885    2.29520077    2.04275301    2.41506185    2.54166491    2.69762572    2.47029062    2.97142468    2.16287993    1.90922545    1.50296575    2.33686471    1.81536896    1.85213178    1.79558054    1.78110174    1.95768515    1.73827105    1.95415064    2.65280316    2.34456973    1.51050450    1.64651930    1.64273137    1.54973937    1.73086383    2.88951426    3.62136763    3.55712790    1.75592342    1.58753509    1.23982100    1.37263274    1.25984119    1.29323803    1.83724230    1.76627099    1.82187480    1.40798569    1.41415920    1.85818169    1.50343228    1.47506786    1.68482518    1.58530214    1.61641618    1.78182024    1.93344736    1.79592795    1.68271583    1.79234764    2.10588755    1.96866337    2.12721734    2.33349699    1.92027018    1.98709112    2.13893982    1.63979221    2.08210217    2.45417817    2.19081116    1.77905888    2.14852039    2.04481992    2.60209772    1.94905494    1.90603335
B5YA06_COPPD/171-317     1.86970358    0.00000000    1.90825524    2.73625178    2.28384009    2.96763400    1.86052155    2.05471013    2.01590160    2.46116195    2.35858816    2.40070598    2.86028904    2.30933217    2.51408734    1.60793079    2.33035817    2.28070960    2.46374035    2.52169246    2.37988454    2.23749898    1.89865868    2.31935261    2.68325081    2.58345411    1.80586201    2.25885419    2.19293489    2.04992198    2.54427113    3.73441289    3.67992080    4.21664239    2.31235191    2.10662842    1.85527191    1.80791025    1.68220284    1.62980882    1.99487721    1.79223374    1.81023527    2.19445569    1.87146669    2.23920725    2.42275654    2.23187748    1.96755475    2.37019398    2.34112235    1.80805875    2.01395129    2.05358021    2.13124663    1.89881955    2.06535152    1.94784841    2.08017740    2.31134238    2.55510991    2.17099684    2.30925427    1.86607916    1.87419648    2.14754704    2.18193144    2.10634882    2.40371958    2.87182032    2.60589488    2.15980589    2.67039914
A2BMR0_HYPBU/178-325     2.28060934    1.90825524    0.00000000    2.30761507    2.00002223    1.90099696    1.85777774    2.21744792    1.94363731    2.30194510    2.21862762    2.17528965    2.25104120    2.13085216    2.23106161    2.26062354    2.91373587    3.15613601    3.04728455    2.69980596    2.61086598    2.35070857    2.04351287    2.82736428    3.29924023    2.74849819    2.39887697    2.86149289    1.94780866    2.58641798    3.01341575    3.44031092    3.59391891    4.36515804    2.24341992    2.48219651    2.39271963    2.71760390    2.69482821    2.25640899    2.43756396    3.00069565    2.75701406    2.50337680    2.00067737    2.43873387    2.86099349    2.62473596    2.99871414    2.90588373    2.89827940    2.52697239    2.48800202    2.26173222    2.32801527    2.43738000    2.38737622    2.52151396    2.63272156    2.30418966    2.66381562    2.44199731    2.28082994    2.64426385    2.24578695    2.63731162    3.04125839    2.43994315    2.45934760    2.11759360    2.52298600    2.68342492    2.58088090
I0A0H2_FERFK/176-322     2.92614326    2.73625178    2.30761507    0.00000000    2.05457807    2.24772125    2.09994096    2.10630045    1.86219511    2.14251619    2.13716204    2.32440113    2.37729597    2.11161950    1.70317761    2.84479913    3.68965257    3.57782323    3.79944259    3.76728697    3.90670822    3.59602404    3.54228468    2.86253716    3.14040788    2.95002689    2.49648848    3.15259632    2.81318036    2.46393817    2.43446733    3.01708642    2.94167855    3.24735446    2.68185146    2.41744174    2.17605553    2.32279901    2.38174089    2.48293736    2.51720505    2.44729136    2.17380699    2.59093903    2.72957482    2.06877233    2.43284334    2.55345716    2.35170722    2.51742992    2.55720370    2.46030005    2.67647732    2.61633395    2.68814783    2.14469422    2.24170254    2.08597645    2.65762665    2.02867901    2.42576226    2.13697059    2.49263141    2.54225924    2.21797816    2.45163250    2.47198051    2.43691574    2.70232430    2.62237496    2.12319339    2.57168154    2.47205777
G0EE21_PYRF1/185-331     2.77044168    2.28384009    2.00002223    2.05457807    0.00000000    2.28977227    2.72369769    2.44416060    2.10282678    2.78602124    2.32126589    2.27859081    2.40275660    2.51146784    2.60041305    3.22288674    4.28135922    2.98248782    2.91050257    2.64444214    2.76856224    3.20612718    2.81485997    3.07680028    2.60619869    2.77463003    2.68474106    2.88979530    3.22131442    3.16595102    3.15007380    4.14928587    3.93573209    3.87483965    2.58399125    3.04935068    3.12174684    3.19149334    3.57538389    3.81870417    2.73096520    3.18072141    2.70190841    3.17323816    2.62443812    3.19321524    2.87670481    3.18612423    3.65189491    3.74639299    3.57198474    2.93530641    3.54909159    3.24657585    2.88433755    2.48652677    2.58365308    2.80356986    3.23981577    3.11549580    3.40762347    2.81828604    2.76426132    2.44576038    2.98079192    3.42610667    2.49289188    2.89983466    4.11728493    2.42628078    2.89708149    2.90747540    3.30514283
PGMI_AERPE/173-325     2.21798885    2.96763400    1.90099696    2.24772125    2.28977227    0.00000000    1.44339160    1.77463411    1.57371423    1.80211071    1.82158939    1.80405977    1.95877135    2.32320174    1.82128315    2.66989691    3.36822343    2.88404325    2.84666538    2.79486748    2.90370013    2.99433499    2.57171873    2.97476798    3.27976598    2.73673583    2.41542467    2.52047735    1.94190560    2.33525203    2.32835127    3.60915984    3.68932057    3.82170597    2.25914310    2.10221851    2.13881134    2.28666574    2.24155989    2.10790678    2.22425501    2.53387713    2.30686943    2.41954526    2.21329370    2.29072169    2.81099884    2.46844842    2.60485262    2.99127145    2.87162797    2.61254108    2.21415079    2.58239308    2.54447995    2.16412756    2.77231055    2.61047419    2.25604504    2.74240794    3.04659559    2.47315947    2.44603482    2.41157936    2.29259480    2.52077784    2.36812860    2.36704971    2.84628874    2.24241676    2.50224177    2.39669702    2.38071382
L0ACJ9_CALLD/188-331     2.29520077    1.86052155    1.85777774    2.09994096    2.72369769    1.44339160    0.00000000    0.66740565    1.80931366    1.57342469    1.65545868    1.78387132    1.72121979    2.41572218    2.00605682    2.28130082    2.80511477    2.74122021    2.77122373    2.49116548    2.67322743    2.90403881    2.55133202    2.54204496    3.06427665    2.60923021    2.04975275    2.46585360    2.10584532    1.96734701    2.00026325    2.82354755    2.88772821    3.01778072    2.27205605    1.73163089    1.85208923    1.89637969    1.73487194    1.66542954    1.94407063    2.21404433    2.07471551    1.82379425    1.85437285    2.35996313    2.34665126    2.14742909    2.06183632    2.26229765    2.27946553    1.79379267    2.02080639    2.51835268    2.36106602    2.02806426    2.23224678    2.08219745    1.85498100    1.84870584    1.94934003    1.64517256    2.26838098    1.84612899    1.77409005    2.10941311    2.31949296    2.15925471    2.33553977    2.28072121    2.26901708    2.27451458    2.45030793
D9Q2S4_ACIS3/139-283     2.04275301    2.05471013    2.21744792    2.10630045    2.44416060    1.77463411    0.66740565    0.00000000    2.02898581    1.92512069    1.81969136    2.21741238    2.05696890    2.56535546    2.18243817    2.26615172    2.92203400    2.46553806    3.01173071    2.47741013    2.66109026    2.72740124    2.35930075    2.41622039    2.78371011    2.90463978    2.16028745    2.47600230    1.85838490    1.99042250    2.49487091    2.63550298    2.87666021    2.82139057    2.01015896    1.84764731    1.97660685    2.01131530    1.87541594    2.07381300    1.83508176    2.25183441    2.05434262    1.94301332    1.85492262    2.31736425    2.21073021    2.04902664    2.13835536    2.25532234    2.13227893    1.89695671    2.19988641    2.54605034    2.23412088    2.13601615    2.64266309    2.23365334    2.43494548    2.20891835    2.10347586    2.06092502    2.35349855    1.96611871    2.10456334    2.33666406    2.38055830    1.86517934    2.69454549    2.55916136    2.60316428    2.52870198    2.52454743
E0SR12_IGNAA/176-321     2.41506185    2.01590160    1.94363731    1.86219511    2.10282678    1.57371423    1.80931366    2.02898581    0.00000000    1.11146221    1.15067174    1.49844904    1.45942717    1.79452752    1.41062032    2.85460683    3.51352883    3.26598462    3.57071880    3.14756731    3.16042637    3.48850368    3.02920083    3.23161874    3.41314813    3.86421881    2.57296041    2.42873956    2.07358441    2.47703174    2.19951270    3.89621721    3.79826513    4.23072505    2.55594034    2.32353385    1.93548350    2.52101660    2.47581337    2.10819424    2.25623290    2.32529262    2.43846878    2.38086890    1.94118805    2.45179768    2.73705494    2.51326063    2.41906879    2.56567240    2.72072676    2.26972796    2.15775209    2.01147061    1.88537627    1.84013305    2.17040707    1.85370476    2.32433746    2.54211495    2.57029015    2.31125983    2.11010656    1.78958379    1.78022938    2.14763658    1.92938053    1.91610336    2.68890089    2.48558088    2.02396101    2.47145419    2.31939485
A3DNP1_STAMF/173-321     2.54166491    2.46116195    2.30194510    2.14251619    2.78602124    1.80211071    1.57342469    1.92512069    1.11146221    0.00000000    0.68789232    0.93265865    0.78780850    2.07509783    1.46391103    2.84829024    3.53362036    2.96439235    3.02921578    3.14406614    3.32595911    3.51512989    3.06239775    3.23653284    3.00096589    3.14567745    2.78546539    2.65546376    2.75848721    2.38300713    2.32974319    3.70793729    3.95445578    4.36787625    2.86577828    2.18389304    2.25047344    2.55926903    2.42446493    1.90108916    2.50702136    2.15489446    2.25817091    2.21145372    2.17587256    2.60863489    2.62161835    2.58741800    2.29357077    2.71696710    2.44926396    2.45992938    2.19392084    2.39218412    2.25190454    2.20871141    2.28310090    1.78329130    2.57490245    2.35505529    2.59788951    2.28154092    2.06948555    1.98431766    2.29830456    1.86310818    2.26322759    2.07554759    2.18127673    2.34371075    2.05158495    2.55263078    2.67445992
B8D5F5_DESA1/233-382     2.69762572    2.35858816    2.21862762    2.13716204    2.32126589    1.82158939    1.65545868    1.81969136    1.15067174    0.68789232    0.00000000    0.82687578    0.60218799    1.96675774    1.51339132    2.82605047    4.34333893    2.98300698    3.10572959    2.98900574    3.01668905    3.09878966    2.82608145    3.14225936    2.93734806    3.21022289    2.48099849    2.74582819    2.41335757    2.52820652    2.80645380    3.76602230    4.18604238    4.61071218    2.73325039    2.37555451    2.30225112    2.43405282    2.63259416    2.20469309    2.35974799    2.00496150    2.15873385    2.11051690    2.13206994    2.83075342    2.68427118    2.71321988    2.78014150    2.95965369    2.67117607    2.45830542    2.39233078    2.30980047    1.97139246    2.26809262    2.37939399    1.84943126    2.64288888    2.66581086    2.54345100    2.41433015    2.81682301    2.21905993    2.02154733    2.12381635    2.41926625    2.47666763    3.23099264    2.47272248    2.23134891    2.50975745    2.49670312
I3TDQ6_THEC1/175-319     2.47029062    2.40070598    2.17528965    2.32440113    2.27859081    1.80405977    1.78387132    2.21741238    1.49844904    0.93265865    0.82687578    0.00000000    0.80659635    2.02191803    1.96522064    2.79058002    3.67640813    2.94232151    3.19893681    3.26193153    3.22967766    3.20883221    2.85025409    3.21357000    3.07850480    2.74409563    2.67139653    2.71266066    2.38234725    2.25955233    2.64922147    3.35738014    3.74410850    3.97622418    2.50931444    2.26650193    2.63908573    2.54295229    2.76276582    2.32756201    2.58466502    2.23825359    2.37136814    2.50531451    2.26939455    2.83449094    2.37657480    2.43950927    2.50805343    2.35199220    2.30633432    2.67833246    2.44143055    2.75654655    2.70394379    2.37091893    1.80599973    2.00138072    2.37154153    2.69257233    2.47647708    2.13545318    2.56278502    2.02540387    2.04701677    2.14588245    2.24155500    2.42735660    2.47647767    2.47065797    2.65057007    2.57022400    2.90584002
D5TZP7_THEAM/173-321     2.97142468    2.86028904    2.25104120    2.37729597    2.40275660    1.95877135    1.72121979    2.05696890    1.45942717    0.78780850    0.60218799    0.80659635    0.00000000    2.02286745    1.97760171    3.42018820    4.64287637    3.21121762    3.81582273    3.51680490    3.73771431    3.77024420    3.20733232    3.47647959    3.10756488    3.70463426    3.11265926    3.02226950    2.91729334    2.53101039    2.67812164    4.11786971    4.97224195    5.06409848    3.05058659    2.56713059    2.56277124    2.66804555    2.99623100    2.37157289    2.73574603    2.45505218    2.40012167    2.60438808    2.49845966    3.53776913    2.91225762    2.91534011    3.02066234    2.96534268    2.76763524    2.86782875    2.70684759    2.77817058    2.56894316    2.76740022    2.34352578    2.20566540    2.91226263    2.64276441    2.38776206    2.27220908    2.98274799    2.42553511    2.11339215    2.30272099    2.74787814    2.59143263    2.88917040    2.97545144    2.79408195    3.27531461    3.23223462
E1QR66_VULDI/185-330     2.16287993    2.30933217    2.13085216    2.11161950    2.51146784    2.32320174    2.41572218    2.56535546    1.79452752    2.07509783    1.96675774    2.02191803    2.02286745    0.00000000    1.33463975    2.33627310    3.25484422    2.71955253    2.62842449    2.35606015    2.43175972    2.59644067    2.36972992    2.44044680    2.86325010    3.18574480    2.02606894    2.42256888    2.51619977    2.26992425    2.33846517    3.59307823    3.09710841    3.31558502    2.74955178    2.54707427    2.45284296    2.33512289    2.77122687    2.28242337    2.24722597    2.42768316    2.31913531    2.32011341    2.13671010    2.60315400    2.53723899    2.29812906    2.49653380    2.75475170    2.67581525    2.17914550    2.00077687    2.07110358    2.05139894    1.75361742    1.95558301    1.95360070    2.27001945    2.35276807    2.34465447    2.35663182    2.37349554    2.37903498    1.94470161    2.12880241    2.11577201    2.10871606    2.05949003    2.16382820    2.19810322    2.09825837    2.18457527
A8MBZ9_CALMQ/176-319     1.90922545    2.51408734    2.23106161    1.70317761    2.60041305    1.82128315    2.00605682    2.18243817    1.41062032    1.46391103    1.51339132    1.96522064    1.97760171    1.33463975    0.00000000    2.19253258    3.05841953    2.82145740    2.76268514    2.79056602    2.78993111    2.90947190    2.30673024    2.70858955    2.77945974    2.89246076    2.07231884    2.09351736    2.08449420    2.04792590    2.11706440    3.04079769    3.44947860    3.74945627    2.31312730    2.11425577    1.78566113    2.09608390    2.23750568    1.84957641    2.44051500    1.92011512    1.87182545    2.04746976    1.98300927    2.13523640    2.01433965    2.24501403    2.22670885    2.38744179    2.18023894    1.69019061    1.89326793    2.24659628    1.79029492    1.66945377    1.82457500    1.49427118    2.45044691    2.21451652    2.45070687    2.01705370    2.13941674    1.82271362    1.82825580    1.94123535    1.97301552    1.95989705    2.30738744    2.10123403    1.88114694    2.16621672    2.17887845
D2BEM1_STRRD/207-366     1.50296575    1.60793079    2.26062354    2.84479913    3.22288674    2.66989691    2.28130082    2.26615172    2.85460683    2.84829024    2.82605047    2.79058002    3.42018820    2.33627310    2.19253258    0.00000000    0.66929017    0.84087080    0.88343259    0.91285441    0.89123924    0.95753146    0.94444677    0.90183610    1.28048041    1.23062445    0.53923439    1.47774230    1.33545688    1.58435846    1.57273582    2.67406449    3.16617103    3.29092571    1.87974793    1.50709581    1.22248719    1.25154889    1.15593643    1.20130459    1.52540322    1.43300258    1.38324526    1.22705635    1.44751012    1.52586856    1.40614072    1.28541392    1.34327021    1.45513148    1.45649788    1.31439410    1.57082760    1.47710930    1.38116603    1.42764368    1.75332878    1.58954901    2.24340108    1.71475094    1.79035569    1.62522128    2.02701314    1.74272072    1.98237667    2.18162715    2.38196028    1.82118204    2.04346423    1.97373292    2.14420040    1.53180090    1.82532854
D6Y6B1_THEBD/214-372     2.33686471    2.33035817    2.91373587    3.68965257    4.28135922    3.36822343    2.80511477    2.92203400    3.51352883    3.53362036    4.34333893    3.67640813    4.64287637    3.25484422    3.05841953    0.66929017    0.00000000    0.97515579    1.02816679    1.02290207    0.96255490    1.03971529    0.98637959    0.99058052    1.43182782    1.53934841    0.95238344    2.34901672    1.75807482    2.38583258    1.97695081    2.62039379    2.90720193    3.62007673    2.62053047    2.12658197    1.85862059    1.87077653    1.93589827    1.84251265    2.39543860    2.11201877    2.03804328    1.92217680    2.13292030    2.32234371    2.15115042    2.16225552    2.14567761    2.22193246    2.55225687    2.19478949    2.40467708    2.15188261    2.18493451    2.34760865    2.88689002    2.43476074    3.29886970    2.93410549    2.91787343    2.57656459    2.93321114    2.36936635    3.04787039    3.38169199    3.32798125    2.65560719    2.82238392    2.36714145    2.82409547    2.31641072    2.67384779
F8AYT7_9ACTN/219-384     1.81536896    2.28070960    3.15613601    3.57782323    2.98248782    2.88404325    2.74122021    2.46553806    3.26598462    2.96439235    2.98300698    2.94232151    3.21121762    2.71955253    2.82145740    0.84087080    0.97515579    0.00000000    0.59241467    0.52901961    0.54010108    0.91775060    0.89260984    0.97656885    1.12613440    1.39159889    0.76857100    2.50674285    1.75074209    1.88806703    2.15597829    2.33235635    2.88034442    3.05202017    2.28750806    1.76425580    1.42437860    1.48867262    1.54306507    1.65985030    2.00528125    1.74300949    1.77786949    1.73268302    1.73184239    2.37880295    2.06079386    1.38836818    1.64453413    1.69533014    1.67337920    2.05293130    2.02441503    1.86715819    2.11866845    1.90559035    2.19395113    2.16354801    3.02130854    2.87835772    2.85262142    2.56740069    2.13718411    1.94703169    2.19461015    2.91425359    3.13264220    2.30255157    2.77406016    2.58021612    2.79850107    2.03268415    2.33455711
E3J0X9_FRAIE/207-379     1.85213178    2.46374035    3.04728455    3.79944259    2.91050257    2.84666538    2.77122373    3.01173071    3.57071880    3.02921578    3.10572959    3.19893681    3.81582273    2.62842449    2.76268514    0.88343259    1.02816679    0.59241467    0.00000000    0.49812278    0.57265359    1.00028518    1.02457531    1.09022561    1.25675907    1.50339075    0.83580788    2.02832379    1.94453476    1.84026151    2.11609735    2.36582824    2.75847867    2.64168844    2.30526428    1.58478693    1.50015397    1.40043272    1.56290790    1.52912095    2.03131933    1.75638413    1.62307131    1.72915868    1.89260228    2.31000635    1.87619793    1.55572289    1.78999621    1.81921150    1.79692800    1.95078169    2.21246131    1.94842217    2.04706564    1.96930683    2.18601947    2.11674151    2.80528728    2.67395835    2.74194594    2.34790508    2.20012582    2.05755257    2.49172275    2.82671219    2.87445491    2.17933528    2.60124443    2.05783896    2.45163702    1.98957782    1.99358353
Q2JF05_FRACC/207-382     1.79558054    2.52169246    2.69980596    3.76728697    2.64444214    2.79486748    2.49116548    2.47741013    3.14756731    3.14406614    2.98900574    3.26193153    3.51680490    2.35606015    2.79056602    0.91285441    1.02290207    0.52901961    0.49812278    0.00000000    0.27418849    0.98040859    1.00314257    0.99113525    1.17921837    1.30815100    0.72115193    2.22696736    1.87785338    1.87789919    1.83271232    2.27497653    3.02174535    2.96345748    2.38537532    1.67349706    1.51127466    1.50354489    1.68833649    1.73189410    2.14020393    1.81579367    1.60452449    1.69945611    1.84308913    2.15826410    1.99801130    1.53751981    1.63985633    1.88207396    1.89119297    2.04077979    2.21583674    1.96196657    2.02631271    1.92903268    2.21305000    2.12019686    2.92114012    2.52495997    2.58595039    2.31212332    2.19611422    2.18345788    2.40053480    3.09851123    2.81664554    2.25416394    2.79148896    2.12640030    2.67243900    1.95360341    2.14365647
Q0RR87_FRAAA/207-385     1.78110174    2.37988454    2.61086598    3.90670822    2.76856224    2.90370013    2.67322743    2.66109026    3.16042637    3.32595911    3.01668905    3.22967766    3.73771431    2.43175972    2.78993111    0.89123924    0.96255490    0.54010108    0.57265359    0.27418849    0.00000000    0.99988362    0.94446275    1.03242819    1.13598696    1.35877378    0.76916696    2.21773554    1.76826675    1.96298552    2.01023545    2.41835414    3.10844761    3.10500351    2.25863873    1.74373353    1.58392293    1.49735622    1.60996724    1.73390558    2.12471776    1.86872322    1.64649841    1.69758255    1.76278541    2.32114256    2.09132435    1.54470787    1.69007817    1.75177135    1.88885251    2.17137543    2.20021250    1.95608918    2.21520115    1.91459441    2.36116751    2.27227013    2.93784082    2.66789015    2.76837749    2.53331640    2.28415764    2.21460139    2.47617904    3.11337202    3.02195708    2.38099693    2.63083341    2.29869433    2.69304890    1.84353115    2.23194873
D3Q0A5_STANL/214-389     1.95768515    2.23749898    2.35070857    3.59602404    3.20612718    2.99433499    2.90403881    2.72740124    3.48850368    3.51512989    3.09878966    3.20883221    3.77024420    2.59644067    2.90947190    0.95753146    1.03971529    0.91775060    1.00028518    0.98040859    0.99988362    0.00000000    0.36524135    0.84571581    1.05413441    1.37361511    0.99713650    2.39299041    1.91575917    2.36984633    2.15751279    2.87571251    3.30429319    3.13900764    2.25007463    1.97957423    2.03095720    1.65769925    1.81870139    1.87228929    2.19116601    2.17568293    1.97058442    1.63770541    2.05934830    2.13378948    2.05652968    1.73155142    2.04897486    1.99729328    2.23422423    1.98941814    2.32554981    2.04659423    2.13866314    2.05161699    2.49414983    2.12773113    3.26771443    2.50136763    2.91715994    2.46630353    2.46560417    2.21221961    2.54107401    3.15846494    2.95703673    2.42431956    2.87847066    2.03390628    2.27828117    2.24693682    2.32221134
U5VRE8_9ACTN/221-398     1.73827105    1.89865868    2.04351287    3.54228468    2.81485997    2.57171873    2.55133202    2.35930075    3.02920083    3.06239775    2.82608145    2.85025409    3.20733232    2.36972992    2.30673024    0.94444677    0.98637959    0.89260984    1.02457531    1.00314257    0.94446275    0.36524135    0.00000000    0.89045855    1.13198079    1.24301536    1.03736563    2.16251863    1.93937984    2.19135691    2.02237951    2.89185657    3.31754406    3.49239354    2.19608139    2.05119590    1.81155750    1.74938310    1.65259770    1.79645780    2.03300731    2.00827892    1.89937401    1.80562334    2.01002928    2.21317213    2.11306643    1.57783376    1.88370238    2.06060165    2.13969381    1.91663528    2.18321795    2.07967751    1.97073977    1.97912443    2.23101290    1.96963809    3.03092427    2.39053177    2.83630290    2.32181794    2.48249496    2.11912918    2.22458345    3.13590748    2.87904598    2.43337126    2.89616993    1.93419609    2.09961767    2.24846659    2.45241346
A0LS31_ACIC1/209-378     1.95415064    2.31935261    2.82736428    2.86253716    3.07680028    2.97476798    2.54204496    2.41622039    3.23161874    3.23653284    3.14225936    3.21357000    3.47647959    2.44044680    2.70858955    0.90183610    0.99058052    0.97656885    1.09022561    0.99113525    1.03242819    0.84571581    0.89045855    0.00000000    0.96378625    1.28836283    0.93929255    2.18290504    1.87612383    2.23509624    2.31169541    3.00721833    3.61085758    3.51180055    2.38776504    2.08052689    1.88240529    1.64363703    1.86286266    2.10263227    2.02244836    1.97257039    1.91548664    1.94825610    2.22442023    2.31675061    2.08393265    1.96125136    2.15685365    2.12091426    2.27550860    2.10208161    2.58510726    2.44688706    2.06957539    1.95362821    2.27704565    2.16546484    2.73923841    2.65123910    2.82137615    2.48499527    2.35198561    2.42242275    2.25542377    2.90462865    3.06367708    2.29140915    2.40559985    2.10618854    2.26282218    2.45597806    2.50872637
A6WER3_KINRD/216-384     2.65280316    2.68325081    3.29924023    3.14040788    2.60619869    3.27976598    3.06427665    2.78371011    3.41314813    3.00096589    2.93734806    3.07850480    3.10756488    2.86325010    2.77945974    1.28048041    1.43182782    1.12613440    1.25675907    1.17921837    1.13598696    1.05413441    1.13198079    0.96378625    0.00000000    0.81543693    1.37682812    2.87847926    2.60254023    2.59501476    2.69080500    2.84069440    2.90850727    2.63095819    2.36822175    2.37261316    2.18681987    2.09798307    2.30989236    2.40591467    2.70891738    2.18929240    2.14156474    2.36201739    2.58891379    2.67322646    2.37528593    2.19898065    2.22581817    2.43519488    2.41469067    2.41757936    2.74601830    2.96035160    2.55480559    2.30176565    2.12083890    2.30835441    3.22175314    3.07174027    3.28389291    2.84914568    2.83552109    2.96336092    3.32909976    3.37326583    3.16476468    2.75447211    3.31798209    2.67469059    2.73013098    2.41769363    2.53504771
E6S784_INTC7/206-374     2.34456973    2.58345411    2.74849819    2.95002689    2.77463003    2.73673583    2.60923021    2.90463978    3.86421881    3.14567745    3.21022289    2.74409563    3.70463426    3.18574480    2.89246076    1.23062445    1.53934841    1.39159889    1.50339075    1.30815100    1.35877378    1.37361511    1.24301536    1.28836283    0.81543693    0.00000000    1.49118838    2.38969614    2.40461092    2.59469463    2.78338098    3.01833867    3.51722575    3.16612654    2.58440568    2.29356692    2.31190467    2.41238651    2.51807810    2.46469792    2.95966680    2.34013908    2.43774025    2.45773328    2.81142265    2.70014624    2.42004279    2.56222521    2.37277901    2.54377284    2.67382783    2.39503823    2.60656656    2.80196510    2.85659777    2.06907741    2.52826926    2.56880705    4.20991192    3.03724840    3.35683764    3.25896623    3.30999780    3.31614464    3.02023895    3.92534689    3.10253014    2.93073099    3.17161665    3.25154823    2.83906360    2.38294088    2.82521264
D1AF46_THECD/209-378     1.51050450    1.80586201    2.39887697    2.49648848    2.68474106    2.41542467    2.04975275    2.16028745    2.57296041    2.78546539    2.48099849    2.67139653    3.11265926    2.02606894    2.07231884    0.53923439    0.95238344    0.76857100    0.83580788    0.72115193    0.76916696    0.99713650    1.03736563    0.93929255    1.37682812    1.49118838    0.00000000    1.49188713    1.31072409    1.37282169    1.57502303    2.46573896    3.03955685    2.97805647    1.57339304    1.27356501    1.13162631    1.14548985    1.13685665    1.17115382    1.59396982    1.29588998    1.20079575    1.11581904    1.25267607    1.47852532    1.30687965    1.32351960    1.15432664    1.21372171    1.35974922    1.54783822    1.56388376    1.47945698    1.53073769    1.41724362    1.67594936    1.44983990    1.98679921    1.70540570    1.77813735    1.47295149    1.91513760    1.47111919    1.63143297    1.90857800    2.15190576    1.62802499    1.80318139    1.85605309    1.94580830    1.33098581    1.54173432
B8E0A4_DICTD/201-351     1.64651930    2.25885419    2.86149289    3.15259632    2.88979530    2.52047735    2.46585360    2.47600230    2.42873956    2.65546376    2.74582819    2.71266066    3.02226950    2.42256888    2.09351736    1.47774230    2.34901672    2.50674285    2.02832379    2.22696736    2.21773554    2.39299041    2.16251863    2.18290504    2.87847926    2.38969614    1.49188713    0.00000000    1.31443280    1.65272207    1.56259717    2.91357055    3.39120736    3.56363701    1.91587635    1.40073559    1.24241547    1.44567230    1.40683904    1.20146930    1.49026464    1.42826644    1.36856743    1.17453251    1.67557722    1.80234508    1.44140396    1.48068259    1.51754505    1.45694759    1.46606507    1.49480787    1.55612482    1.90057964    1.68852338    1.63291116    1.78793218    1.70573415    1.99798007    1.53260850    1.66267766    1.53962158    1.70492489    1.81589969    1.59922925    2.04505996    1.80686866    1.96741978    1.86732506    2.27395167    2.07095907    1.41343242    1.40560900
E6SGL9_THEM7/231-383     1.64273137    2.19293489    1.94780866    2.81318036    3.22131442    1.94190560    2.10584532    1.85838490    2.07358441    2.75848721    2.41335757    2.38234725    2.91729334    2.51619977    2.08449420    1.33545688    1.75807482    1.75074209    1.94453476    1.87785338    1.76826675    1.91575917    1.93937984    1.87612383    2.60254023    2.40461092    1.31072409    1.31443280    0.00000000    1.29669075    1.59890645    2.10215723    3.07531546    2.90576004    1.65451597    1.36080259    1.29754089    1.17052822    1.24606576    1.33160238    1.14925567    1.42633908    1.37730866    1.30941638    1.31012788    1.45027313    1.36373487    1.24597989    1.48239789    1.46781152    1.46066541    1.65597018    1.54426182    1.52507101    1.36026830    1.49056629    1.82782656    1.79614820    1.76143922    1.52709820    1.77772253    1.51528078    1.36084101    1.55339673    1.63256382    1.69392276    1.61826196    1.50190565    1.77497903    1.80748116    1.88140783    1.47631921    1.34398537
B3QXK7_CHLT3/198-349     1.54973937    2.04992198    2.58641798    2.46393817    3.16595102    2.33525203    1.96734701    1.99042250    2.47703174    2.38300713    2.52820652    2.25955233    2.53101039    2.26992425    2.04792590    1.58435846    2.38583258    1.88806703    1.84026151    1.87789919    1.96298552    2.36984633    2.19135691    2.23509624    2.59501476    2.59469463    1.37282169    1.65272207    1.29669075    0.00000000    1.05829217    2.23963694    2.98300796    3.02394984    1.56180048    0.80837193    0.79223910    0.86718988    1.10289070    0.94933562    1.34575604    1.13672118    1.01929054    1.12997288    1.14409204    1.33598790    1.23064023    1.13618129    1.13442095    1.24740452    1.08848855    1.61268256    1.24119854    1.23446153    1.22121354    1.59793414    1.64015400    1.64902589    1.78217581    1.67105363    1.74921775    1.35908173    1.28347030    0.95953263    1.30660021    1.20265411    1.58638479    1.05828346    2.03764475    1.78029790    1.68260516    1.25385619    1.23800559
H1XXY8_9BACT/195-342     1.73086383    2.54427113    3.01341575    2.43446733    3.15007380    2.32835127    2.00026325    2.49487091    2.19951270    2.32974319    2.80645380    2.64922147    2.67812164    2.33846517    2.11706440    1.57273582    1.97695081    2.15597829    2.11609735    1.83271232    2.01023545    2.15751279    2.02237951    2.31169541    2.69080500    2.78338098    1.57502303    1.56259717    1.59890645    1.05829217    0.00000000    1.82480201    2.49186410    2.53134781    1.33257110    1.16197753    1.06073543    1.38697110    1.37237014    1.12889114    1.59438921    1.32477087    1.23080879    1.17214869    1.40007361    1.52655384    1.29702766    1.27286441    1.29028533    1.43733266    1.37439463    1.55485253    1.39137595    1.32774167    1.24082066    1.36624775    1.51148661    1.55738008    1.78002953    1.54695360    1.71676377    1.50801960    1.46993067    1.50769298    1.51769841    1.46783225    1.58671181    1.26964823    2.16522301    1.72977196    1.53063042    1.41187800    1.46598160
Q5SIM3_THET8/149-288     2.88951426    3.73441289    3.44031092    3.01708642    4.14928587    3.60915984    2.82354755    2.63550298    3.89621721    3.70793729    3.76602230    3.35738014    4.11786971    3.59307823    3.04079769    2.67406449    2.62039379    2.33235635    2.36582824    2.27497653    2.41835414    2.87571251    2.89185657    3.00721833    2.84069440    3.01833867    2.46573896    2.91357055    2.10215723    2.23963694    1.82480201    0.00000000    0.76894582    0.71307786    2.46849237    2.45617835    2.17891550    2.30326354    2.09363767    2.07689869    2.31866013    2.50973385    2.44166770    2.28413283    2.58382591    2.50657971    2.33567374    2.02196601    2.22100483    2.25170730    2.51228439    2.73034322    2.64224307    2.56297399    2.58137972    2.72896287    3.42880877    3.11995346    3.04462422    2.69340289    2.81386970    2.68959706    2.78954067    2.36185113    2.60615821    2.76618298    2.80740064    2.58362350    2.87347381    2.44944117    3.01374439    2.82228979    2.67911315
E4U726_OCEP5/152-294     3.62136763    3.67992080    3.59391891    2.94167855    3.93573209    3.68932057    2.88772821    2.87666021    3.79826513    3.95445578    4.18604238    3.74410850    4.97224195    3.09710841    3.44947860    3.16617103    2.90720193    2.88034442    2.75847867    3.02174535    3.10844761    3.30429319    3.31754406    3.61085758    2.90850727    3.51722575    3.03955685    3.39120736    3.07531546    2.98300796    2.49186410    0.76894582    0.00000000    0.35187101    3.03010721    3.14449198    2.93406665    2.82792983    2.70604156    2.42114209    2.85460856    3.07528729    2.72271942    2.74732573    3.42487878    3.23943228    2.89682045    2.83867790    2.67771488    2.86933790    3.05036788    2.78921013    3.26560703    3.31483373    3.22880361    3.40586536    3.23222226    3.09563817    3.39638808    3.25275665    3.42163404    3.37547619    3.53853825    3.29513315    3.10618754    2.84948997    3.13576619    2.95353324    3.59178087    3.01445389    3.44565989    3.00238875    2.88522162
F2NKY7_MARHT/152-293     3.55712790    4.21664239    4.36515804    3.24735446    3.87483965    3.82170597    3.01778072    2.82139057    4.23072505    4.36787625    4.61071218    3.97622418    5.06409848    3.31558502    3.74945627    3.29092571    3.62007673    3.05202017    2.64168844    2.96345748    3.10500351    3.13900764    3.49239354    3.51180055    2.63095819    3.16612654    2.97805647    3.56363701    2.90576004    3.02394984    2.53134781    0.71307786    0.35187101    0.00000000    2.96355444    3.19154316    2.77120365    2.76701154    2.69121513    2.57566004    2.82863989    3.06076908    2.84375524    2.84452292    3.56009441    3.06929747    2.62138312    2.78351946    2.63524194    2.91278213    3.07640600    3.11138655    3.28827920    3.49006492    3.49406593    3.46834808    3.72677387    3.42550683    3.26486966    3.17748857    3.57913600    3.48202560    3.41884185    3.28306237    2.95517931    2.94536181    3.09396381    2.93351304    3.23112956    3.50339897    3.77533181    3.22311703    2.87881495
E8N4S9_ANATU/198-348     1.75592342    2.31235191    2.24341992    2.68185146    2.58399125    2.25914310    2.27205605    2.01015896    2.55594034    2.86577828    2.73325039    2.50931444    3.05058659    2.74955178    2.31312730    1.87974793    2.62053047    2.28750806    2.30526428    2.38537532    2.25863873    2.25007463    2.19608139    2.38776504    2.36822175    2.58440568    1.57339304    1.91587635    1.65451597    1.56180048    1.33257110    2.46849237    3.03010721    2.96355444    0.00000000    1.42732361    1.36066610    1.43905378    1.51681212    1.31014142    1.94467093    1.57050723    1.47853248    1.49820396    1.54832836    1.55764230    1.43843493    1.55498773    1.83978772    1.69009717    1.76167678    1.93926585    1.81834437    1.80656233    1.58944903    1.61453586    1.96612563    2.04112374    2.16492625    1.94137597    2.13705392    1.85133900    2.03127070    1.75902389    1.97521960    1.84659017    1.99056170    1.60712638    2.30844141    2.05983041    2.43313902    1.78187487    1.99436211
F4A194_MAHA5/202-353     1.58753509    2.10662842    2.48219651    2.41744174    3.04935068    2.10221851    1.73163089    1.84764731    2.32353385    2.18389304    2.37555451    2.26650193    2.56713059    2.54707427    2.11425577    1.50709581    2.12658197    1.76425580    1.58478693    1.67349706    1.74373353    1.97957423    2.05119590    2.08052689    2.37261316    2.29356692    1.27356501    1.40073559    1.36080259    0.80837193    1.16197753    2.45617835    3.14449198    3.19154316    1.42732361    0.00000000    0.51815589    0.69953066    0.80323943    0.66411296    1.35733326    1.05589591    0.87145192    1.00589896    1.25390239    1.38833830    1.08844599    1.12329766    1.05295633    1.13184738    1.01561898    1.28193109    1.25525125    1.29243249    1.31965872    1.54236513    1.79043965    1.55874249    2.05840911    1.48763083    1.65335190    1.39517791    1.32591546    1.25068964    1.43079381    1.54642810    1.84148502    1.12208611    2.04287964    1.74809860    1.71289860    1.39762602    1.41440524
D5XCA5_THEPJ/203-354     1.23982100    1.85527191    2.39271963    2.17605553    3.12174684    2.13881134    1.85208923    1.97660685    1.93548350    2.25047344    2.30225112    2.63908573    2.56277124    2.45284296    1.78566113    1.22248719    1.85862059    1.42437860    1.50015397    1.51127466    1.58392293    2.03095720    1.81155750    1.88240529    2.18681987    2.31190467    1.13162631    1.24241547    1.29754089    0.79223910    1.06073543    2.17891550    2.93406665    2.77120365    1.36066610    0.51815589    0.00000000    0.53624255    0.62893942    0.50487874    1.30913941    0.81375140    0.87251919    0.91880091    1.06460799    1.22754757    1.03050272    1.09921608    0.97200178    1.19849621    1.03591084    1.21234687    1.10884558    1.13437049    1.07571205    1.33085177    1.71871950    1.52720487    1.94517228    1.43542631    1.55835225    1.38170946    1.40977065    1.19624286    1.32229024    1.41768750    1.75227996    1.03897732    2.13705345    1.78771240    1.69175409    1.33037177    1.39198997
B1I0X3_DESAP/201-351     1.37263274    1.80791025    2.71760390    2.32279901    3.19149334    2.28666574    1.89637969    2.01131530    2.52101660    2.55926903    2.43405282    2.54295229    2.66804555    2.33512289    2.09608390    1.25154889    1.87077653    1.48867262    1.40043272    1.50354489    1.49735622    1.65769925    1.74938310    1.64363703    2.09798307    2.41238651    1.14548985    1.44567230    1.17052822    0.86718988    1.38697110    2.30326354    2.82792983    2.76701154    1.43905378    0.69953066    0.53624255    0.00000000    0.69351553    0.69020369    1.21659903    1.02209818    1.02470542    0.98115937    0.95594489    1.24744766    1.07664156    1.09948215    1.00308877    1.03748013    1.01112642    1.33410323    1.27965801    1.29592371    1.26760003    1.59629881    1.68881810    1.52716078    1.85008982    1.47050572    1.61333320    1.41928127    1.39230915    1.13931865    1.27489031    1.52227585    1.76547992    1.40649971    1.99092850    1.68119717    1.65849346    1.23244550    1.34952472
