153
G7UW74_PSEUP/55-108     0.00000000    0.71645694    0.83810736    1.25161525    1.20292405    1.18080432    1.24092700    1.39444496    0.99376334    1.40699655    1.43695084    1.78929486    0.89563345    1.11945331    0.95209572    1.08581419    1.13423852    1.56398767    1.55373644    1.39168130    1.33603958    1.69220665    1.93552476    1.80122368    2.01194017    1.74369990    1.70170272    2.03995787    2.00523650    2.08296185    1.45732952    1.51065454    2.09094452    1.70651637    1.91937385    1.94302387    2.04222138    2.30155212    2.12545486    1.65882544    1.73352502    1.89749475    2.09964649    2.18859453    1.58639886    1.52769077    1.68399039    1.57921081    1.14406295    1.21504357    1.50151230    1.44378243    1.54349151    1.58460352    1.72183791    1.73198528    1.69317438    1.87926796    2.11736896    1.74111203    1.61892193    1.66402102    1.57132170    1.47460202    1.26077933    1.37482964    1.75691462    1.61504103    1.47002465    1.65618473    1.50313501    1.81606944    1.69484590    1.84412695    1.92466660    1.74460658    1.83950115    1.94432640    1.52668901    1.65268791    1.85101561    1.64393728    2.67058932    1.76601336    1.76005612    1.46901203    1.96306142    2.16339505    2.10795453    1.79943937    1.78085404    1.75366547    2.16672324    2.23247184    1.88111112    2.07290710    2.28661483    1.68565433    1.25459446    1.47871417    1.67414201    1.54807357    1.39225974    1.47665818    1.66089555    1.59664796    1.58252585    1.24511376    1.56557558    1.81376759    1.59962889    1.57271865    1.74976918    1.28935355    1.88503879    1.94905640    1.62320340    1.61637550    1.60334141    1.92812147    1.43990757    1.32179299    1.64307909    1.33351102    1.30972319    1.75815171    2.08975960    2.06657263    2.07866564    2.05294244    1.56488230    1.41391684    1.33322423    1.60359481    1.89250554    1.91880800    1.98353382    2.11965203    1.58285280    1.45162568    1.49390191    1.56540331    1.39374449    1.81927047    2.11473205    2.39748594    1.98800120    1.64517412    2.51577421    1.99112374    2.06586755    1.98468877    1.50389167
Q8PCQ8_XANCP/48-100     0.71645694    0.00000000    0.51516153    1.33073485    1.25740021    1.26122815    1.42763522    1.50102196    1.20196676    1.41391390    1.32192028    2.08464201    1.00050079    1.27238873    1.34712103    1.06969480    1.21424583    1.80544209    1.94427088    1.57910819    1.62719409    1.81641487    1.92676028    1.91672157    1.97859734    2.00639968    1.99995344    2.01629228    2.25062130    2.07315451    1.68334668    2.13028213    1.97327182    1.57187109    1.77602956    1.87155658    2.38115884    2.14824660    2.25673219    2.04966142    2.25381718    2.04804166    2.80508011    2.89190543    1.68610082    1.50131891    1.79907661    1.64588441    1.66515206    1.78712693    1.99609232    2.17340159    1.77788657    2.15536020    1.86909052    2.73143851    1.91971996    2.63169964    2.35192055    2.28749312    2.07093617    1.67934206    1.46094193    1.86099368    1.72834781    1.81077198    2.36747155    2.23649693    1.99691947    1.97457902    1.88305077    1.90873191    1.75172328    2.10540769    2.11965375    1.72207007    1.76360988    1.86100458    1.73224569    1.68680630    1.83756217    2.09634497    2.40796742    2.13614621    2.04038291    1.78954267    2.06130500    2.05565186    2.30568269    1.76190175    2.04261876    1.96037332    2.45353629    2.33263685    2.03641054    2.06244926    2.96076123    1.91718041    1.71266957    1.94236570    2.10721357    2.14279900    1.77332233    1.99638020    1.65882375    1.82459760    2.26061419    1.78398380    1.52947306    1.90586186    1.95129416    1.71854761    1.45236772    1.53908339    1.73337038    1.65383842    1.57096242    1.59707575    1.79784368    2.03633860    1.53663056    1.40039819    1.66174210    1.13539233    1.41489459    1.77983751    2.18113216    2.51709857    2.23247002    2.20195624    1.84171648    1.86188307    1.50398365    1.44133126    1.77896664    2.55985336    2.57002502    2.59797215    1.58035983    1.34531201    1.47999639    1.32717942    1.35113924    2.04093027    1.98370256    2.79611441    2.02464891    1.82893241    2.31922494    1.83740406    1.97332356    1.85775384    1.89256585
E6WVQ5_PSEUU/47-100     0.83810736    0.51516153    0.00000000    1.74389833    1.30362693    1.25209551    1.37666305    1.32562452    1.12690823    1.09400161    1.19581236    1.90852502    0.83626403    1.39561561    1.26161281    1.27304649    1.55287365    1.55114868    1.95079611    1.38957759    1.55222756    2.18833372    2.32424433    2.48488663    1.98101849    2.56574406    2.30330676    2.22030148    2.07592367    2.31094701    2.08746994    1.98759419    2.00834539    1.92285250    1.98051835    1.89888590    2.14298622    2.53686166    2.03092133    1.80768352    1.87625391    1.76054941    2.16742452    2.30995387    1.55987473    1.74352299    1.90919497    1.48219958    1.58293339    1.30764640    1.55853853    1.91840043    1.55948982    2.02567834    1.51388471    2.68843823    1.79191837    2.18999390    2.22941200    2.44164743    1.73748804    1.47566293    1.29159683    1.71924306    1.51990766    1.74906043    2.06884766    2.00916445    1.71908392    1.74936468    1.81227741    1.99505837    1.95126438    2.37087315    2.11588895    2.45117263    2.21270359    1.65527297    2.14253876    1.86756432    2.11467741    2.19027700    2.45826116    2.43433439    2.45541213    2.14983226    2.65547328    2.69075952    2.70055038    2.29919976    2.29465033    2.30337577    2.58108459    2.77339146    2.46160407    2.93637355    3.46784970    1.75561322    1.52100545    1.25469618    2.05356458    1.68667901    1.68289862    2.03247678    1.78776307    1.85393761    1.92752008    1.58531457    1.83191139    1.94232033    1.61653343    1.60551626    1.92746308    1.54426922    1.84553410    1.90072773    1.91575890    1.86979517    2.11096700    2.53548066    1.69449491    1.57575024    1.72305477    1.56268018    1.61284989    2.42111091    2.44171916    2.92837495    2.70070335    2.49809391    2.10582574    2.20290715    1.65868109    1.72002299    1.80552331    2.14831395    2.14281855    2.24128308    1.57606239    1.72613049    1.67119556    1.62458374    1.64110592    1.98218737    1.90694198    2.81671277    2.35062198    2.02957643    2.19887677    2.35426749    2.45088729    2.40316835    1.93993249
Q028V6_SOLUE/42-98     1.25161525    1.33073485    1.74389833    0.00000000    1.86493970    1.69738426    1.54900997    1.62529652    1.40285338    1.48982870    1.82692288    1.95465282    1.41873461    1.30606928    1.24474807    1.41064224    1.89592251    1.49841945    1.71408871    1.74510799    1.39149834    1.96098814    3.04473111    2.73607225    2.26046029    2.08259142    1.97416134    2.25615628    2.89224961    2.63919705    2.08587241    2.77225694    2.74586748    2.39826973    2.48693024    2.89407124    3.00299165    2.25863577    2.91681231    2.95473192    2.46715486    2.40142109    2.76381533    2.78137459    2.75312587    2.56284812    1.93149533    2.03151462    1.72515426    1.77098447    2.01994053    2.12229412    1.83747772    1.85984794    1.66802939    2.56006960    2.09258557    2.45517430    2.27614242    2.39145069    2.06308309    2.15715595    2.48198637    2.05349605    1.86446239    1.75819145    2.43482395    2.15168502    1.84508199    1.80291750    1.98742015    2.40641782    2.42171251    1.93499084    2.26623980    2.03593961    2.14991034    1.86488865    1.96192269    1.76362154    2.11147676    2.20492266    2.43789478    2.68433809    2.40478342    2.27759193    2.44098296    2.47614624    2.80226819    2.29318281    2.92021390    1.87722709    2.02569906    2.24029486    2.02109411    2.52420124    2.87144533    1.91845187    1.83416731    2.14767398    2.59555205    2.20421093    2.02223462    2.18709155    2.26964239    2.29368886    2.59805644    1.98553661    1.99129335    2.03497402    2.51605218    1.88698384    1.72654015    2.01468707    1.40177159    1.55402836    1.44410920    1.40668517    1.54588824    2.01778168    1.50382538    1.29444375    1.44528983    1.65589439    1.27818865    1.50593163    1.62340180    2.11376756    1.99697956    1.92411590    1.58750495    1.69005403    1.93932124    1.63104357    1.45910718    1.49816089    1.49836212    1.57997629    1.82521721    1.71388685    1.87774295    1.55887826    1.56864247    1.64783453    1.99481315    1.75685793    1.90884953    2.01801086    2.03518322    2.31816136    1.87898048    2.25947627    2.27554457
L0GWA5_9GAMM/35-88     1.20292405    1.25740021    1.30362693    1.86493970    0.00000000    0.48225218    0.64030591    0.51810407    0.73719281    1.33912997    0.81596785    1.75168198    1.06139907    1.30257628    0.97783978    1.18967232    1.15029531    1.15119421    1.55260365    0.99498248    1.05644500    1.18254763    1.94447940    1.98611080    1.56330957    2.10534276    1.81591773    1.95303420    1.41722101    2.31624727    1.64260797    1.69823683    1.83789773    1.39469140    1.36134113    1.56331084    1.51858013    1.37314242    1.59300281    1.47584173    1.40427464    1.57982394    2.09710235    2.31863509    1.37241829    1.39459846    1.35092163    1.37244997    1.27936968    1.09250557    1.33378644    1.69405072    1.25315494    1.32369560    1.17331662    1.84058244    1.52190093    1.95952994    1.72743220    1.55025551    1.40264419    1.25156257    1.27444485    1.48155632    1.30883444    1.36508852    1.80328988    1.49001628    1.09724864    1.29125971    1.39989256    1.51637017    1.71029847    1.65469653    1.61588177    1.52306440    1.78182342    1.45818252    1.52798550    1.33066194    1.40054783    1.47618017    2.05946340    1.74318952    1.69168554    1.44710422    2.07108540    1.89201189    1.93560508    1.72264218    1.72879825    2.20176166    2.29786946    2.22070034    2.24152520    1.80067202    2.15056580    1.38332433    1.21944441    1.28386299    1.77497659    1.74459912    1.46733709    1.34588576    1.50644487    1.17726463    1.74526719    1.59437256    1.55650688    2.22456166    1.58816874    1.86877614    1.81684947    2.02888452    2.22478281    2.25996800    1.72509107    1.94816079    1.88605556    2.09480671    1.77544955    1.58619071    1.84234862    1.96018212    2.06162650    1.49707178    2.18887166    1.58233791    2.01821898    1.90797640    1.30573607    1.52457580    1.43660621    1.49061456    1.29940307    1.48373935    1.47002852    1.54854631    1.39922500    1.49692911    1.37349657    1.25820287    1.28614554    1.50710574    1.69652097    2.29557331    1.69703697    1.42539902    2.39506642    1.78378100    1.57739784    1.25355176    1.52685454
W0E6Z2_MARPU/29-82     1.18080432    1.26122815    1.25209551    1.69738426    0.48225218    0.00000000    0.44568159    0.52328539    0.99484023    1.42700433    0.78471444    1.56428935    0.93201200    1.51171263    1.05868481    1.29730903    1.07155548    1.23966145    1.39271897    0.99230412    1.43904322    1.14939856    1.75476294    1.68584814    1.91199162    1.96141389    1.76734876    1.84508890    1.59767701    1.98940637    1.56779261    1.58640908    1.42563797    1.37703748    1.42341601    1.68156769    1.55778874    1.54742844    1.84263910    1.38115703    1.62648765    1.60230778    2.33229523    2.36353029    1.54433936    1.42348992    1.44158869    1.46033110    1.55336151    1.32519387    1.48996548    1.64205163    1.30001492    1.29087420    1.12219646    2.10861692    1.17122955    1.87489815    1.63839001    1.53945892    1.27686167    1.20354972    1.39328287    1.44862669    1.14091824    1.27878500    1.53556385    1.36774092    1.19742528    1.14758065    1.26714523    1.47068113    1.46002101    1.66002224    1.48930652    1.53172914    1.38674846    1.53479050    1.55332328    1.34875422    1.56248224    1.72924107    2.61994677    2.36310713    2.27678901    1.38834900    2.18852571    2.02340275    2.24828389    1.87683396    1.84916508    1.96243594    2.02907360    2.16835718    2.09954222    1.97932751    2.25592419    1.36223596    1.44012273    1.47418434    1.86037088    1.77986272    1.58063232    1.45707225    1.65533036    1.60401221    1.69712956    1.57034996    1.47736657    1.96546650    1.60673928    1.18821645    1.77139159    2.01966084    2.14964258    2.22959403    1.75574518    1.87943589    2.05643071    2.00352892    1.71893009    1.45176062    1.72133312    1.63707946    1.86984213    1.79179458    1.89302443    1.77075816    2.09860848    1.89586592    1.38706690    1.60030543    1.36873499    1.64266580    1.36145686    1.80614802    1.84302692    1.89702891    1.48680562    1.56690999    1.47387787    1.45543563    1.60119484    1.46541408    2.08015038    1.96021121    1.78442017    1.60144508    2.06692520    1.42533647    1.63384437    1.13464147    1.65906637
D3RN46_ALLVD/30-83     1.24092700    1.42763522    1.37666305    1.54900997    0.64030591    0.44568159    0.00000000    0.39588339    0.94117243    1.18551622    0.88253663    1.54599559    1.07254655    1.18713076    0.87826514    1.09044319    1.15150927    1.10361744    1.16550302    1.04789537    1.19253661    1.24270139    1.81571037    1.71979435    1.68108011    1.68021080    1.65444329    1.67826925    1.63130739    1.82681706    1.73033443    1.61390434    1.55517881    1.41514325    1.38534006    1.65146958    1.60424553    1.71507963    1.93107834    1.76517559    1.86885042    1.95774517    2.10552759    2.18537180    1.80723249    1.49024115    1.53201113    1.46792416    1.35677654    1.23020818    1.42324705    1.52138250    1.21247170    1.21681624    1.06146074    2.02375697    1.34486876    1.75968301    1.59578623    1.65277877    1.18951639    1.16705252    1.42625964    1.44577039    1.32794437    1.45191195    1.67690109    1.54944950    1.23646572    1.21812176    1.49819939    1.49486059    1.52967572    1.43304943    1.60176478    1.40326572    1.55727381    1.52594012    1.52764242    1.23529982    1.45136686    1.72781673    2.37067893    2.06909503    2.04418848    1.46002546    1.83992288    1.86576718    1.97908511    1.54256702    1.71620588    1.70809383    1.79107849    1.95168290    1.79063945    1.77933378    1.90111354    1.41153029    1.11583844    1.34297812    1.64630899    1.56503869    1.35312428    1.28965991    1.53467691    1.43641000    1.66196170    1.72704771    1.49309184    2.12596534    1.59610487    1.66860935    1.44728630    2.02321328    1.83617877    2.02380251    1.96026446    1.61445539    1.78520542    1.78395813    1.44485189    1.29221857    1.36818837    1.53948253    1.58081704    1.61820311    1.63446205    1.64557983    1.60246705    1.65581871    1.27750373    1.50889197    1.47026864    1.30214076    1.11991079    1.31516644    1.57853513    1.46930988    1.37339440    1.48524156    1.50271054    1.43097470    1.54828518    1.21361908    1.92869131    1.76001143    1.57268945    1.78525171    1.93167244    1.61402160    1.41503002    1.25287594    1.67235641
I3YF04_THIV6/30-83     1.39444496    1.50102196    1.32562452    1.62529652    0.51810407    0.52328539    0.39588339    0.00000000    0.91575920    1.22167338    0.88431485    1.46585447    0.92119101    1.33949527    0.77026362    1.12572614    1.34598517    1.11367477    1.39417314    1.07178119    1.17094061    1.21805625    1.69043646    1.88649352    1.74722000    1.89196250    1.77239094    1.75599900    1.61065491    2.00838987    1.72383734    1.69496397    1.53101425    1.32260982    1.44224198    1.55534329    1.57165452    1.65135984    1.77690226    1.70648858    1.82930599    1.83816601    2.25490510    2.38390899    1.70296322    1.57586361    1.54568856    1.22833142    1.30550649    1.15946740    1.37196339    1.66728662    1.17958273    1.14879335    1.17285116    1.79690269    1.27929435    1.91770874    1.65702242    1.56443257    1.25488738    1.19982064    1.19818711    1.34940134    1.25564398    1.39246179    1.71669155    1.67411951    1.27250075    1.40551329    1.59204149    1.44084616    1.60532836    1.51467626    1.45111560    1.58788376    1.48710052    1.45676778    1.55756003    1.22100776    1.40070395    1.83143240    2.45367912    2.33732114    2.24564331    1.32566679    2.40017993    2.25178142    1.86929836    1.63602051    1.70631278    1.98597987    2.02028236    2.23621908    1.97120639    1.82508989    2.17521534    1.44697444    1.28622884    1.23616994    1.97973426    1.67707281    1.31210878    1.45905315    1.52119934    1.70469080    1.82213082    1.56252907    1.41168289    2.26278590    1.49172948    1.59186605    1.72533183    1.83735380    1.94924506    2.05408519    2.00637158    1.74797915    1.85125276    1.93036732    1.73461059    1.72838083    1.60489481    1.67722651    1.85300319    2.09751665    2.02150887    1.79137947    2.22612543    2.06890685    1.51939694    1.72864136    1.40343089    1.41742751    1.34077489    1.61398838    1.59381007    1.44715356    1.58393801    1.74150547    1.55451430    1.53311671    1.69125681    1.29484697    1.59640660    1.86159877    1.72965318    1.65141057    2.09236718    1.89475047    1.44570020    1.40584219    1.50345118
S6BS35_9GAMM/33-86     0.99376334    1.20196676    1.12690823    1.40285338    0.73719281    0.99484023    0.94117243    0.91575920    0.00000000    1.00225008    0.86382773    1.43545411    0.84220227    1.02702318    0.82747462    0.89797963    1.10537429    0.97927944    1.44452398    1.09053600    1.02766398    1.34455356    1.52628555    1.64189260    1.48608243    1.69220051    1.70410191    1.73257520    1.68054733    1.98072974    1.48364422    1.36530993    1.76092015    1.56792844    1.58651124    1.61143245    1.47469637    1.39893435    1.50721743    1.61953731    1.45438768    1.40261999    1.99373400    2.08438538    1.41105966    1.31947508    1.59812341    1.20843785    1.13061290    1.00110414    1.35576838    1.73275408    1.19596630    1.37396296    0.95139215    2.01574043    1.62048471    1.73063930    1.65203452    1.89953108    1.43174029    1.17486874    1.41017250    1.34070740    1.23805601    1.31984822    1.45098873    1.17709033    1.03397444    1.25713463    1.19581312    1.51463686    1.75546537    1.55106965    1.68371248    1.68493721    1.42022813    1.28506558    1.45104380    1.24008528    1.38953438    1.30927551    2.13268660    1.91768045    1.85599753    1.16261344    1.96395366    1.79824271    1.68198232    1.48125967    1.78365138    2.05908175    2.22937688    2.03804130    2.07482791    1.77910458    1.94395581    1.27846560    1.03854487    1.20448988    1.49808377    1.31909740    1.60192582    1.33369850    1.54942674    1.10235763    1.59352757    1.36455396    1.62961587    1.96025427    1.71577612    1.81664197    1.39458501    1.74816276    2.19118802    2.11219784    1.77161648    1.68229387    2.00683338    1.79739060    1.48414143    1.60848554    1.47703668    1.47970074    1.64744249    1.59064693    1.92994378    1.81282252    1.98657639    1.89321564    1.50175746    1.49021445    1.33224862    1.34904866    1.32870051    1.69486807    1.83897586    1.88109685    1.36909185    1.33649694    1.34292878    1.16574688    1.28899624    1.26017859    1.52019954    1.73385480    1.50244352    1.15364818    1.70011734    1.53626367    1.61081619    1.14686387    1.17023122
L0DXW9_THIND/27-80     1.40699655    1.41391390    1.09400161    1.48982870    1.33912997    1.42700433    1.18551622    1.22167338    1.00225008    0.00000000    0.93628184    1.67854766    0.95533764    1.05388465    0.74744075    0.86565399    1.18793900    1.12341484    1.16179740    1.01434512    0.96323908    1.73117707    2.32650882    2.13154560    1.99107092    1.97703438    1.92004855    1.97650552    2.13411048    2.05122212    1.53867102    2.12069287    1.93496071    1.76288930    2.02986800    2.14821923    2.09433949    1.83798945    1.91772650    1.94405379    1.85003688    1.86780263    2.29424209    2.13979673    2.11209680    1.85793942    1.88777901    1.23788521    1.21890646    1.22721661    1.30222070    1.43352474    1.09086794    1.05879289    1.12733467    2.05612279    1.63361380    1.51111174    1.66636256    1.63951770    1.26210267    1.24074897    1.52679739    1.57871460    1.81261732    1.72565047    1.87684980    2.02844672    1.84271685    1.83289852    1.88982014    1.75307512    1.88092322    1.57417033    1.76485342    1.72455740    1.83473035    1.60366041    1.69930772    1.42668645    1.73594391    1.90470372    1.96950157    1.95427366    1.60138266    1.73873425    2.31662046    2.07035238    1.97310841    2.04521213    2.00424638    2.26678515    2.33607814    2.41284978    2.27628818    2.03888043    1.96334772    1.70621338    1.48385020    1.66835287    2.01105100    1.81541208    1.65473193    1.65974346    1.87272453    1.74370899    1.84865618    1.70572730    1.89044502    1.86031574    1.81825965    2.13074493    1.72685375    1.57507592    1.87872670    1.84466387    1.82390771    1.46366566    2.04933091    2.20264988    1.83687695    1.69321749    1.74665948    1.36427128    1.75121937    1.62017970    2.03042487    1.89872503    1.55370467    1.58285632    1.54081307    1.57694953    1.78088116    1.78255585    1.75755852    1.69486568    1.77687093    1.92059019    1.56842250    1.58253865    1.93830230    1.74079958    1.81996136    1.46383711    1.94714490    1.92098226    1.81075279    1.89535612    1.99762635    2.26006057    2.09154352    1.71945648    1.31627830
V4JXM0_9GAMM/31-84     1.43695084    1.32192028    1.19581236    1.82692288    0.81596785    0.78471444    0.88253663    0.88431485    0.86382773    0.93628184    0.00000000    1.58868618    0.95958400    1.39687489    0.98777535    1.13471609    1.31041088    1.32126202    1.32723653    1.11982751    1.45752094    1.47545590    2.15478693    2.01138558    1.84013034    1.71542651    1.63202422    2.03214065    1.54333716    1.95951646    1.82504320    1.33330883    1.45343304    1.70161253    1.62981447    1.89239378    1.73426512    2.14346677    1.87837075    1.99854061    1.84053230    1.90959773    2.10045452    1.97481040    1.76316893    1.41518717    1.41500579    1.52825292    1.66800055    1.51892918    1.64229755    2.01900918    1.49326814    1.57863794    1.21418154    2.24998208    1.70351906    1.70323677    1.89109550    1.89073295    1.50493356    1.35165621    1.32035474    1.39233793    1.33631813    1.42854369    1.66905633    1.52887697    1.34425751    1.40538061    1.64437328    1.63957003    1.54403627    1.61976406    1.62285929    1.93777957    1.73713814    1.45970505    1.57273215    1.65867389    1.67062854    1.95652538    2.28694063    2.60437828    2.31306617    1.26454160    1.98523201    2.25293516    1.94834523    1.75424089    1.74606195    2.05193110    2.32205237    2.17588696    2.21118921    1.85683640    2.06480967    1.30035546    1.26959018    1.35326801    2.02484262    1.43201766    1.61175358    1.61267271    1.50365473    1.41064737    1.54376307    1.36992573    1.65266017    1.87355000    1.49001272    1.72008065    1.87575862    1.98973192    2.13984589    2.01707638    1.99472105    1.72915925    1.86290025    2.02874395    1.75039520    1.62188172    1.53570230    1.38711618    1.83732246    1.90704770    1.84735852    2.02070615    1.89262575    1.99063360    1.46192036    1.82950190    1.79812214    1.56100234    1.34644074    1.53795401    1.63096886    1.69720525    1.65563837    1.91539860    1.91821214    1.66818074    1.73661128    1.47178167    1.81626795    1.61149935    1.66958215    1.84761283    2.25615478    1.62587376    1.50052342    1.39841131    1.74039931
I1YGA6_METFJ/28-81     1.78929486    2.08464201    1.90852502    1.95465282    1.75168198    1.56428935    1.54599559    1.46585447    1.43545411    1.67854766    1.58868618    0.00000000    1.10684010    1.47973174    1.31165750    1.57563315    1.67256438    1.58543709    1.76390332    1.63845800    1.43373684    1.91916006    2.24046068    2.21097423    1.63214496    1.86580048    2.09248497    1.74039227    2.33708658    1.39904878    2.42201479    1.79924005    2.38483241    1.74507791    1.66769764    1.41292508    2.50566139    2.49703318    2.40220247    2.34702626    2.01004616    2.25873971    2.37495870    2.75014853    2.08881132    2.11250658    1.62449166    1.97358372    1.90375559    1.64023292    1.69178504    1.77286142    1.56388672    2.05235420    1.97523718    2.07661286    2.19323120    2.28091165    1.98291472    2.25553915    1.90020390    1.86871964    1.73974782    2.06654209    2.30258257    2.30096579    2.24808458    2.18056686    1.80354725    1.83055613    2.14818727    2.60320752    2.37277560    2.52057828    2.56587400    1.97160919    1.83071273    1.69597677    2.00281547    1.84132874    2.17516477    2.04956218    2.74432457    2.48668285    2.45581750    1.86616752    2.23073120    2.24425717    2.21073077    1.87112095    2.00893234    2.10679626    2.32138515    2.33282633    2.26947349    1.72246423    2.12851864    1.54802038    1.55919031    1.58965776    1.59949224    1.58920122    1.81257877    1.87631697    1.90302569    2.00149845    1.89292061    1.61866887    2.19800064    2.54563313    2.45294109    2.43580975    1.81250848    1.93022203    2.45858970    2.30675294    1.84954630    2.11004152    2.71952211    1.97023545    2.00046629    2.16549115    2.06282975    1.96255403    2.03727553    2.33489675    1.96553844    2.38879810    2.59937642    2.01610739    1.48592313    1.86483655    1.58238764    1.46915369    1.46765500    1.80411660    1.75111580    1.93956210    2.00522813    2.22081627    2.14902630    1.81913542    1.92389870    1.83551078    1.76638192    1.88770015    2.05664544    2.04536046    2.01150623    2.38573594    1.73891409    1.96103298    1.31552623
Q3J8Y5_NITOC/31-84     0.89563345    1.00050079    0.83626403    1.41873461    1.06139907    0.93201200    1.07254655    0.92119101    0.84220227    0.95533764    0.95958400    1.10684010    0.00000000    0.98973902    0.89590698    0.97637064    1.16615649    1.05261998    1.24870254    0.92725579    1.00191324    1.36813325    1.55203123    1.76003134    1.61842295    1.62590324    1.38106213    1.44582783    1.76033989    1.95025214    1.27667591    1.49602916    1.61731296    1.40803833    1.58421159    1.51078821    1.94642540    2.21714646    1.99741587    1.84092954    1.54772228    1.65086929    1.89314551    2.14432612    1.64800140    1.60802000    1.44535281    1.49874541    1.69786282    1.49577853    1.60256723    1.57840910    1.53362947    1.41075277    1.54724627    1.96079822    1.49139856    1.94384588    1.59411558    1.91964228    1.82021275    1.47684271    1.51632491    1.05527700    0.97767679    1.15657944    1.57452662    1.35943409    1.23141044    1.45656033    1.31134616    1.42415936    1.50977292    1.84308594    1.56300528    1.71972918    1.20893642    1.76529015    1.63904595    1.49328965    1.71722567    1.78453481    2.58405390    2.22833861    2.27577986    1.23357999    1.94845279    1.84585314    1.92192803    1.66496374    1.82054763    1.98591948    2.07656465    2.30765033    2.17210621    2.02278008    2.14026757    1.13734689    1.31295780    1.28195257    1.69746805    1.73975006    1.34555706    1.50007345    1.45150823    1.57235698    1.34203300    1.16819759    1.47012440    2.14624264    1.50569807    1.45618536    1.41694690    1.43091658    1.85087357    1.69109047    1.45449852    1.28001023    1.58535473    1.65761529    1.38751746    1.36284185    1.45423414    1.17134162    1.40692497    1.97060837    2.01053359    2.30059969    1.75953275    1.95726429    1.54708024    1.71313778    1.34929278    1.49354927    1.55419913    1.46632101    1.87098689    1.88490225    1.31955281    1.43017567    1.42651098    1.31785240    1.23439572    1.43429016    1.65400183    1.82379822    1.97055147    1.65441331    1.95833575    2.02061301    1.81136465    1.59051264    1.19132621
G0A1K0_METMM/28-81     1.11945331    1.27238873    1.39561561    1.30606928    1.30257628    1.51171263    1.18713076    1.33949527    1.02702318    1.05388465    1.39687489    1.47973174    0.98973902    0.00000000    0.61106676    0.74818324    1.23621475    1.34119133    1.37622099    1.28615182    0.97655398    1.32675187    1.48297790    1.72731466    1.60825679    1.78539389    2.22988748    1.31099454    2.17578982    2.38742678    1.15055518    1.80209351    1.74071059    1.21562004    1.54288710    1.59161488    1.64507810    1.64024162    1.78001513    1.61500324    1.59604685    1.60104369    1.51115105    1.65736762    1.58116666    1.43625242    1.50109395    1.24595048    1.18090970    1.17832622    1.14162829    1.42686367    1.13051845    1.32308729    1.21018621    1.99436103    1.59634646    1.74344912    1.60047974    1.44496039    1.41910856    1.12385451    1.87361089    1.24624043    1.36621369    1.70120172    1.92210136    1.56960569    1.53747264    1.61435549    1.67623021    1.32454469    1.40997003    1.80790806    1.55403130    1.42435758    1.45458878    1.37731873    1.51414435    1.34924221    1.64766077    1.82265763    1.99077829    1.68919635    1.63633056    1.68324088    1.73181520    1.83398778    1.86877136    1.41547998    1.96438426    1.75920583    2.08751130    2.08089918    1.76199148    1.59708213    1.58473062    1.41491976    1.18298028    1.38393955    2.21464244    1.82578876    1.48167003    1.42916463    1.13527047    1.31123007    1.68127812    1.70092637    1.71352073    1.67311331    1.79345376    1.59496446    1.56837991    1.53103131    2.08533396    1.75335214    1.56932884    1.30087856    1.67874234    1.75703481    1.36206073    1.17151599    1.49769898    1.15045650    1.44844936    1.57880287    1.71247543    1.63500679    1.81529150    1.56943328    1.25968893    1.45502366    1.25316168    1.35215456    1.57995846    1.55210574    1.69566361    1.93239859    1.62318987    1.65334253    1.38366204    1.28916027    1.26141882    1.46343568    1.52969173    2.56958398    1.88077976    1.43586255    2.10879083    1.86264654    1.79007926    1.69323491    1.43246762
H8GHH3_METAL/28-81     0.95209572    1.34712103    1.26161281    1.24474807    0.97783978    1.05868481    0.87826514    0.77026362    0.82747462    0.74744075    0.98777535    1.31165750    0.89590698    0.61106676    0.00000000    0.49238026    1.20712861    1.20366645    1.33944367    1.20271666    1.06742856    1.18205271    1.74058229    1.52617053    1.49065914    1.60530908    1.67478546    1.32425709    1.77263916    2.15291642    1.24829989    1.51165083    1.47780791    1.04812371    1.36005642    1.54806749    1.40855988    1.44205342    1.62783908    1.59486098    1.62270221    1.71619603    1.81363766    2.00019197    1.44787934    1.31261792    1.20706840    1.27869134    1.11090857    1.03854228    1.01084814    1.26530408    0.99947319    0.99416748    1.10885043    1.65328358    1.22656885    1.41706624    1.39319585    1.15691192    1.00253009    1.05092634    1.50954870    1.43769421    1.38952610    1.29848727    1.59495687    1.48585761    1.34113278    1.46642333    1.42304369    1.35641258    1.47393378    1.59362885    1.65144595    1.57697595    1.51787131    1.42305671    1.44013186    1.29620190    1.47369843    1.43071506    1.87507703    1.71783392    1.62694363    1.24636136    1.87933848    1.91495191    1.60327243    1.26057304    1.62078403    2.14057254    2.30970396    2.18018995    1.93129353    1.50135917    1.44505460    1.32671709    1.13343375    1.07275244    1.91953744    1.33454692    1.50589896    1.30723826    1.39135258    1.27434670    1.56131622    1.58582957    1.72196223    2.05445382    1.75066282    1.41243478    1.57029629    1.54611995    2.34895306    2.06093092    1.56333518    1.29505625    1.67504234    1.87104822    1.45173071    1.29500788    1.35059409    1.14677793    1.44239826    1.63876091    1.77104601    1.44136865    1.92699985    1.51140063    1.35349932    1.38804080    1.11200264    1.38182021    1.48430994    1.37715774    1.60946232    1.67696572    1.58280052    1.57962611    1.54921005    1.44568418    1.43560519    1.49601634    1.51179138    1.81215711    1.56091445    1.42058708    2.04576402    1.77514007    1.35164625    1.42827381    1.40041629
G4T1U6_META2/28-81     1.08581419    1.06969480    1.27304649    1.41064224    1.18967232    1.29730903    1.09044319    1.12572614    0.89797963    0.86565399    1.13471609    1.57563315    0.97637064    0.74818324    0.49238026    0.00000000    1.23835293    1.18708036    1.27976428    1.33754755    1.07828962    1.64918746    2.21847075    1.91889789    1.65675514    1.46707870    1.61747611    1.42826346    2.02685094    2.35224881    1.34299831    1.88430890    1.50461714    1.47891403    1.68603765    2.03303431    2.14860346    1.93528344    2.06640678    2.04383473    2.12945428    2.09489180    2.27763870    2.37048353    1.77193050    1.69983619    1.42690511    1.69628389    1.65660890    1.41925886    1.44522090    1.72273619    1.24307071    1.49056633    1.43897632    2.01256848    1.70345122    2.01898459    1.83255975    1.53709994    1.55086214    1.61682336    1.84385064    1.82539425    1.70703395    1.60750602    1.85945491    1.71469374    1.48699100    1.70656569    1.54665948    1.54446016    1.38983848    1.60444790    1.41170581    1.58297168    1.62313621    1.63135064    1.22286115    1.22123127    1.36178470    1.25772886    1.86465683    1.59200669    1.50963426    1.33277860    1.70400347    2.14187291    1.58655809    1.19378008    1.45833833    1.73239579    2.11207903    1.86582591    1.75647878    1.73551081    1.53029087    1.29309765    1.20335948    1.78739290    1.88015039    1.51323915    1.34210819    1.41392229    1.53684854    1.48041128    1.56464084    1.53767003    1.91073151    2.33441132    1.83699369    1.77850133    1.72270853    1.69742203    2.28538668    2.02530708    1.48507598    1.14499106    1.74549977    1.65387174    1.56466781    1.55465913    1.25709847    0.96484497    1.58728573    1.55011995    1.84290543    1.88340158    2.17110617    1.84538120    1.58667177    1.61145806    1.35315645    1.41872325    1.71670847    1.95433523    1.60286352    1.72311956    1.66551120    1.86006459    1.81441235    1.72189784    1.76303106    1.76015941    1.85051395    2.10942260    1.72132779    1.81338041    2.24430379    1.93502319    1.56590412    1.57745914    1.48046808
Q0A8K1_ALKEH/28-81     1.13423852    1.21424583    1.55287365    1.89592251    1.15029531    1.07155548    1.15150927    1.34598517    1.10537429    1.18793900    1.31041088    1.67256438    1.16615649    1.23621475    1.20712861    1.23835293    0.00000000    1.32194108    1.13247538    1.10122925    0.96272542    1.64179459    1.85097552    1.70199328    1.79087125    1.88864167    2.07186445    1.76297945    1.77982118    1.65016464    1.44590376    1.76437441    1.73099048    1.55857976    1.69513830    1.48935492    1.69295028    1.76665548    1.53256855    1.58570250    1.74004327    1.54141055    2.35575046    2.31307764    1.49986309    1.52902236    1.75838658    1.81488038    1.37895047    1.53645441    1.35201441    1.65433987    1.34053607    1.79094933    1.80422590    2.09081481    1.43804973    1.58754033    1.85539600    1.61225060    1.57902099    1.42915364    1.73838376    1.36367988    1.40851498    1.76300565    1.61606425    1.63235225    1.52649552    1.51728638    1.50855548    1.55906037    1.59251562    1.79470582    2.26993683    1.72685253    1.68979032    1.75318671    2.01026581    1.65775499    2.06613317    2.13388998    2.34659989    2.03264400    1.91744783    1.25441325    1.41417508    1.57096312    1.86477528    1.47493961    1.44989932    2.13071086    2.36264470    2.36499742    2.03615176    1.88365675    1.90698361    1.40168678    1.37460402    1.59521638    1.93840097    2.09478237    1.13001995    1.56779213    1.32104454    1.33654607    1.39344353    1.63538872    2.00368080    1.78502865    1.44954709    1.70646255    1.71703785    1.83936858    1.99470403    2.20341959    1.65151117    1.89874656    1.91087077    1.62198644    1.36092971    1.56355753    1.60669893    1.44795012    1.71428829    1.61731636    2.18169066    2.08541437    1.95784126    1.72022944    1.44124497    1.38729635    1.79316867    1.18172556    1.41935042    1.66793628    1.63665825    1.63135492    1.54486370    1.51658712    1.60143995    1.33816253    1.36081181    2.16572006    1.75332264    2.32381348    2.03841935    1.81501896    2.28230875    1.29527003    1.62176315    1.84805808    1.33644667
Q31HX5_HYDCU/31-84     1.56398767    1.80544209    1.55114868    1.49841945    1.15119421    1.23966145    1.10361744    1.11367477    0.97927944    1.12341484    1.32126202    1.58543709    1.05261998    1.34119133    1.20366645    1.18708036    1.32194108    0.00000000    0.77829160    0.78044659    0.94577340    1.57921961    1.92533146    2.22794349    1.66605030    1.63223583    1.71703646    1.84413316    1.70971571    1.88799101    2.12210171    1.77892339    1.59062535    1.61659124    1.71491857    2.07433553    1.72314753    2.03317688    1.83438003    1.77836351    1.48247796    1.38002532    2.51905314    2.32388442    1.98861712    1.73390477    1.96368463    1.35474281    1.52759927    1.33882394    1.72660143    1.63258445    1.51988653    1.69647283    1.37701717    2.01928582    1.80810777    1.92632438    1.89196989    2.00698931    1.70832432    1.49581626    1.72267695    1.35191656    1.39453548    1.43413243    1.59093653    1.43252330    1.38968903    1.27693919    1.33751460    1.96517955    2.09919637    2.01458986    1.76686323    1.54706510    1.76631107    1.56680474    1.72849475    1.54571886    1.85245579    2.12927246    2.64372529    2.58888953    2.42966358    1.44616709    2.01736027    2.07029029    1.55363120    1.78246410    1.83721161    1.82465363    1.72279416    1.85556249    2.03257196    2.12065614    2.22865790    1.74285366    1.67908306    1.37752707    1.66020086    1.50073923    1.69022361    1.48962549    1.91046859    1.76498281    1.91578014    1.65997743    1.85908191    2.20435177    1.83146708    1.97369486    1.72012217    1.73783414    1.65165379    1.85722989    2.00247864    1.62540381    1.79642418    2.16044578    1.83405940    1.69045020    1.80583968    1.78387136    2.12699775    1.90766737    1.96256541    2.05628898    1.98669633    1.90029870    1.18438758    1.64048341    2.04137108    1.56677035    1.71572784    1.54585067    1.87449931    1.84007088    1.48738046    1.51166862    1.40234968    1.31006973    1.42473133    1.53066148    1.64759118    1.49310797    1.07874461    1.80533765    1.71305044    2.01686261    1.99061566    1.12153041    1.66484018
