9
S3BP74_OPHP1/1452-1610     0.00000000    0.27421055    0.50266239    0.98451341    1.06010789    0.48634331    0.63011647    0.98423353    0.28323402
G0W883_NAUDC/1515-1673     0.27421055    0.00000000    0.48865286    1.05088363    0.92912771    0.39578153    0.66354777    0.89826265    0.24843493
Q5KPW2_CRYNJ/1640-1796     0.50266239    0.48865286    0.00000000    1.16774427    1.16562734    0.59356905    0.71689642    1.04712987    0.38199314
A8BTS5_GIAIC/1337-1490     0.98451341    1.05088363    1.16774427    0.00000000    1.21750692    1.03141221    1.09485562    1.24223868    0.99820758
E9AFM0_LEIMA/1514-1674     1.06010789    0.92912771    1.16562734    1.21750692    0.00000000    0.94723743    1.18318357    1.42447810    0.87151481
A2EY65_TRIVA/1432-1590     0.48634331    0.39578153    0.59356905    1.03141221    0.94723743    0.00000000    0.69182716    0.97298499    0.34622707
Q8SVU6_ENCCU/1239-1384     0.63011647    0.66354777    0.71689642    1.09485562    1.18318357    0.69182716    0.00000000    0.85873865    0.54881076
R0KWQ9_NOSB1/1205-1354     0.98423353    0.89826265    1.04712987    1.24223868    1.42447810    0.97298499    0.85873865    0.00000000    0.84596218
I3L3Z8_HUMAN/86-244     0.28323402    0.24843493    0.38199314    0.99820758    0.87151481    0.34622707    0.54881076    0.84596218    0.00000000

