105
U9W3D4_NEUCR/926-1085     0.00000000    0.56222247    0.63453775    0.69253878    0.57183280    0.68140480    0.78615255    0.70298311    0.80286060    0.77633728    2.01764328    2.05317323    2.20321942    2.06402454    1.87269998    1.95617497    2.08545254    2.12409336    1.91675714    2.39293721    1.91149106    2.17123454    1.87523194    1.78746961    1.86377128    1.66132574    1.71767463    1.91404820    1.83324169    1.82007716    1.85330931    1.88405638    1.82881532    1.80708947    1.87651618    1.83564912    1.90343359    1.61638790    1.69556982    2.05586709    1.70556364    1.95818587    2.02704955    1.78167705    1.66847001    1.75449976    1.84249417    1.99339288    1.89404812    1.88100254    1.96221468    1.91232257    1.97390616    1.85649590    1.87784038    2.18186295    2.03598239    2.02370299    1.76195789    1.71196447    2.10333319    1.88048061    2.29714353    2.17840917    2.35023171    1.78172146    1.83604826    1.88731046    1.71965879    1.74699058    1.73275323    1.96673814    1.89277924    1.72302526    1.94771535    1.45587709    1.53591487    1.33596245    0.80290047    0.87481881    0.69444926    0.92975459    0.61220486    0.77798338    0.76263077    0.78297992    0.79047696    0.72601366    0.70696351    0.65844426    0.71080848    0.50832868    0.51293973    0.49007529    0.73293258    0.32904721    0.44672426    0.43862339    0.40263178    0.42763303    0.42092560    0.45979722    0.49646196    0.46668614    0.33191402
L8GC53_PSED2/916-1075     0.56222247    0.00000000    0.56450994    0.62650704    0.64937865    0.69503204    0.81718588    0.69615791    0.77755334    0.76578584    1.81785040    1.95883561    1.99902473    2.03917529    1.85402827    2.19902976    2.09750199    2.05838257    1.89559883    2.35947325    1.75512017    2.01204112    1.60588795    1.70733484    1.73933942    1.50492382    1.64091300    1.52959655    1.63413465    1.60003958    1.54147386    1.58905597    1.75429455    1.77303052    1.75057126    1.74480279    1.66570292    1.44661971    1.56347296    1.88570350    1.60283425    1.78912818    1.87810941    1.73675360    1.58260026    1.53476065    1.69655999    1.87654159    1.70163553    1.69318354    1.67317492    1.72352187    1.86024526    1.85054161    1.79826258    2.15111974    2.11343940    2.06585768    1.85387422    1.72715262    2.09564866    1.65159835    1.91733734    1.87967900    2.08700209    1.68427298    1.82356125    1.77239249    1.74029850    1.72931390    1.48542261    1.83228937    1.86030898    1.77555310    1.89021426    1.34705057    1.54315791    1.48061597    0.74092340    0.80462714    0.70606758    0.83903838    0.56281256    0.68780055    0.70962729    0.73016349    0.73244999    0.67592167    0.63660526    0.65299957    0.72161538    0.39272429    0.45560947    0.39003714    0.72834513    0.49817954    0.59626043    0.55253714    0.50597455    0.63984575    0.55636274    0.47462202    0.57520632    0.51665485    0.51779315
R1EPG4_BOTPV/736-894     0.63453775    0.56450994    0.00000000    0.45763471    0.52930901    0.62325598    0.65505623    0.58358979    0.66386078    0.65081376    1.71533799    2.15878184    1.84393350    1.86092563    1.74500842    1.88667660    1.80673885    1.89211321    1.63574024    2.18720528    1.51352024    1.86917171    1.74933500    1.61216387    1.66120206    1.54453187    1.63845470    1.63075308    1.83342452    1.76089958    1.68737643    1.89599193    1.59735356    1.53568210    1.62461580    1.61451573    1.59051221    1.48882354    1.59390633    2.01581982    1.67147275    1.76310743    1.77973293    1.70960728    1.54156780    1.59899357    1.58557015    1.68127388    1.76618019    1.75701113    1.65749352    1.65785565    1.85536491    1.83247843    1.74554556    1.89084598    1.88933334    1.73487941    1.72666864    1.66593240    2.11562476    1.84456953    1.90319123    1.97747980    2.26227049    1.76610684    1.76209133    1.85498186    1.79939077    1.91476375    1.86314920    2.07507626    1.79411398    1.63181965    1.77271387    1.12600881    1.54413219    1.30240939    0.75082988    0.81426260    0.72284190    0.85499707    0.60475228    0.62645156    0.61286793    0.65639633    0.65960784    0.58057001    0.57653764    0.61254983    0.72719977    0.52279543    0.50103211    0.50671303    0.72579405    0.66124954    0.75073080    0.73381807    0.64880527    0.70963818    0.56010865    0.63369526    0.65850622    0.61577877    0.64503650
R7YQ36_CONA1/898-1056     0.69253878    0.62650704    0.45763471    0.00000000    0.43146444    0.58021194    0.61117214    0.58080206    0.70814297    0.64863489    1.74678461    2.13447090    1.96906048    2.09593796    1.73061461    1.91023294    1.87887532    1.97403179    1.87855316    2.30069797    1.82761707    1.88411130    1.76953922    1.73111830    1.84233356    1.56786305    1.84822426    1.65459646    1.89816691    1.72418930    1.64775902    1.74738356    1.64042657    1.57627335    1.76519934    1.60301239    1.58642151    1.49092946    1.51826677    2.03755401    1.62590247    1.71801721    1.72285467    1.64180947    1.62799145    1.52377657    1.71664744    1.83973571    1.73083043    1.78691778    1.74118758    1.71999775    1.93554842    1.77845041    1.76351068    2.09666678    2.02303565    1.88697487    1.68360791    1.84692927    2.26119953    1.85162784    2.20897532    1.91851259    2.21577065    1.66424986    1.80338887    1.85828469    1.93921863    1.84753798    1.59506291    1.92562229    1.76222520    1.79313464    2.03341946    1.23274527    1.38080486    1.24221991    0.73536028    0.84210843    0.68343988    0.89972805    0.67636919    0.72672424    0.70253092    0.81443433    0.74366395    0.67783971    0.68751519    0.74876955    0.71928171    0.63553109    0.56730948    0.55457798    0.81361086    0.61261117    0.70477084    0.73962294    0.67468872    0.67486677    0.65562542    0.64486618    0.74435149    0.69072281    0.63209232
B2WII5_PYRTR/912-1070     0.57183280    0.64937865    0.52930901    0.43146444    0.00000000    0.67601458    0.66225326    0.57800599    0.71020745    0.71004316    1.84790274    2.11874194    1.98072502    1.93286501    1.78894094    2.04375056    1.93365091    1.97436722    1.76402030    2.25588582    1.76911876    1.93661695    1.76998373    1.66104520    1.69569073    1.41771040    1.71195419    1.69925338    1.78177891    1.62510921    1.59378768    1.85029711    1.64894746    1.47147364    1.57589639    1.56141353    1.40130857    1.37881753    1.45584368    1.66918540    1.49246459    1.56659888    1.51276766    1.52097902    1.42382542    1.47265602    1.47576501    1.62670165    1.61694279    1.67777360    1.46570718    1.54533507    1.63385427    1.66968263    1.66546872    1.83960793    1.84753455    1.72594841    1.67327628    1.51193097    1.92707198    1.67159025    2.00139258    1.90163610    2.40358242    1.78608522    1.76145000    1.80460564    1.64978659    1.71847057    1.59633547    1.75762474    1.90423962    1.57580502    1.84305713    1.15998016    1.44325590    1.23071124    0.73308563    0.82085591    0.66902080    0.85900234    0.53932010    0.63425841    0.64191705    0.62915524    0.66100673    0.65450384    0.64725255    0.61650045    0.68988977    0.58316912    0.60143398    0.61621503    0.80121359    0.61180033    0.74384281    0.69582965    0.72062827    0.69234465    0.65258848    0.62123152    0.74407098    0.61702745    0.57226013
M2NHE3_BAUPA/905-1061     0.68140480    0.69503204    0.62325598    0.58021194    0.67601458    0.00000000    0.40173432    0.31188580    0.36980165    0.34047770    2.05858925    2.07870220    1.93944391    1.88434297    2.03233701    1.99388689    1.92939796    1.82757330    1.88951220    2.32328269    1.74655513    2.03243165    1.75487621    1.72414174    1.84642712    1.55489281    1.80126064    1.61564039    1.75289867    1.65726703    1.71730399    1.70874829    1.64930464    1.60672671    1.74569152    1.75788543    1.59803447    1.69561258    1.90426044    1.96678728    1.65282468    1.77426127    1.70374579    1.78107685    1.74649485    1.63802827    1.78842403    1.91713302    1.74652933    1.71758148    1.82106871    1.81697820    1.96087728    1.90262119    1.77653129    2.07713295    2.03670901    1.95740900    1.87606779    1.79283594    2.16697698    2.13600224    1.98024620    1.97725378    2.12565952    1.54977835    1.73408854    1.73555591    1.76842614    1.65801160    1.62006890    1.79118943    1.90822826    1.66123673    1.83500098    1.35199378    1.52235048    1.47021400    0.92970282    0.98282310    0.79236925    1.02815702    0.79780158    0.77710156    0.80218428    0.89151137    0.88893167    0.80430911    0.78504533    0.75391706    0.76671706    0.74908838    0.64667233    0.59266101    0.82838347    0.71088431    0.80206706    0.86991509    0.79404735    0.74216743    0.67230642    0.65982143    0.68446520    0.68412555    0.79840736
F9X4A3_ZYMTI/900-1058     0.78615255    0.81718588    0.65505623    0.61117214    0.66225326    0.40173432    0.00000000    0.30546461    0.43964691    0.33033563    1.98238331    2.16248817    2.20701978    2.04177101    2.21120683    2.20717753    2.05073925    2.14271651    2.01940007    2.52781026    1.91529577    2.26638184    1.79599749    1.74141065    1.84265942    1.57520687    1.85866465    1.78619296    2.03838076    1.73322477    1.78496423    1.83489903    1.71533513    1.70018971    1.67116036    1.78242218    1.73374258    1.76827276    1.91889383    2.11987070    1.81751416    1.85802368    1.69461540    1.87650415    1.82319673    1.86782090    1.80547594    1.87540989    1.84021751    1.74496356    1.79376041    1.81707048    1.95161859    1.89162326    1.88386766    2.10279320    1.96536081    1.89753391    1.87842412    1.78611673    2.24832879    1.95927502    2.07409461    1.99881062    2.25897865    1.66867563    1.67926631    1.74165615    1.64032331    1.59797373    1.42847614    1.69203192    1.93867939    1.66749987    1.81248955    1.14412361    1.52538646    1.40841428    1.06175264    1.06580932    0.89506592    0.99533157    0.86409894    0.87846718    0.89345193    0.86960155    0.84159314    0.81423566    0.82034103    0.75858459    0.86897486    0.86228615    0.78322202    0.72208297    0.94792058    0.84684328    0.94102321    0.87201029    0.89997008    0.92580484    0.90977615    0.75752301    0.86682002    0.75771786    0.88980408
N1PWZ3_DOTSN/891-1047     0.70298311    0.69615791    0.58358979    0.58080206    0.57800599    0.31188580    0.30546461    0.00000000    0.28347512    0.27207683    1.85569802    1.96942033    2.13240593    2.05198999    2.08112043    2.13923119    1.93867593    2.09537806    1.99719063    2.38666678    1.84929887    2.09483402    1.57871892    1.49061420    1.58618069    1.39646620    1.52650326    1.62136815    1.81437053    1.57841516    1.62149208    1.60841017    1.51862062    1.53892743    1.69952229    1.66666321    1.59955229    1.57745188    1.77654105    1.99237630    1.65597667    1.73441550    1.70810448    1.72857499    1.74872681    1.71224276    1.73657969    1.88566985    1.71147987    1.65540867    1.69403631    1.70835688    1.93535000    1.94573762    1.79867293    1.99410500    1.91952051    1.79073378    1.75558057    1.68115671    2.15301978    1.94732941    1.89274419    1.95065987    1.99582588    1.51309615    1.61656490    1.59653725    1.64510778    1.64208334    1.48322848    1.66930317    1.94080110    1.66578762    1.74245023    1.18285670    1.43620043    1.30748396    0.95909264    0.93680966    0.77485491    1.09091840    0.81846309    0.85489084    0.86734915    0.88923634    0.86161910    0.84921161    0.84811338    0.72476171    0.79153288    0.76451308    0.62934219    0.61687409    0.83799493    0.72007232    0.81048665    0.83872464    0.79368707    0.82938399    0.71117231    0.69193591    0.76183248    0.67885513    0.77441337
M3CMZ1_SPHMS/892-1050     0.80286060    0.77755334    0.66386078    0.70814297    0.71020745    0.36980165    0.43964691    0.28347512    0.00000000    0.32887324    2.05685824    2.14704741    2.02961728    2.15536891    2.24672885    2.03592445    1.95307339    2.23419086    1.94725943    2.42361672    1.81827674    2.04563134    1.80578297    1.65668261    1.72906656    1.54785791    1.61061409    1.66922859    1.81047691    1.62389963    1.68529210    1.88112873    1.67750600    1.60641927    1.79857671    1.76286270    1.63610481    1.67255094    1.75281477    1.93667788    1.73243948    1.77764430    1.78443409    1.89098252    1.76232302    1.77299306    1.77499631    1.93480542    1.80044854    1.69065964    1.70023403    1.77113653    2.03180964    1.90413220    1.75817696    1.89773158    1.88814547    1.76589876    1.84349126    1.74850063    2.14434460    2.05014846    2.10150881    1.99208099    2.17565043    1.60819499    1.67677275    1.66711301    1.69307368    1.65814079    1.57924885    1.82896327    1.99525688    1.79338891    1.93998131    1.21739525    1.52789650    1.47118517    1.05425015    0.87544269    0.82988794    1.13066066    0.86498631    0.93020905    0.89620840    0.93051053    0.95503866    0.87587845    0.84640095    0.80320072    0.89125807    0.82562189    0.73623515    0.76642968    1.00691684    0.86895663    0.92003326    0.89793491    0.86279121    0.93143495    0.83356710    0.75544085    0.84196097    0.75785331    0.82883819
M3BBR4_PSEFD/893-1050     0.77633728    0.76578584    0.65081376    0.64863489    0.71004316    0.34047770    0.33033563    0.27207683    0.32887324    0.00000000    1.93312478    1.94626433    2.09082802    2.09035276    2.06789740    2.07995246    1.88147564    2.07689370    1.94751993    2.19420523    1.77077035    2.11928135    1.72348052    1.58494333    1.66582528    1.40574626    1.68380001    1.53171200    1.77928080    1.55273536    1.72761084    1.83008731    1.60262846    1.63576504    1.79026859    1.75915956    1.74917593    1.72892716    1.79259781    1.86005461    1.70428773    1.88678206    1.73632336    1.82847599    1.75653951    1.74514621    1.72778704    1.91262140    1.83653031    1.83169993    1.85608108    1.75369121    1.98060690    1.93256268    1.75459698    1.96514360    1.93372568    1.80146478    1.82980270    1.77832814    2.00453811    1.77049574    1.86772777    1.87557426    2.18864241    1.57643148    1.66649807    1.65509754    1.74971819    1.58230364    1.56345177    1.64108916    2.03586852    1.70245629    1.75089916    1.18222930    1.32049721    1.22649738    0.97417689    0.94474508    0.89042995    1.05359837    0.81311027    0.91412267    0.89070883    0.99779920    0.88642532    0.84381695    0.83461072    0.76303974    0.88770264    0.79959520    0.71921706    0.72002444    0.96740556    0.82159133    0.86229169    0.90229345    0.85515843    0.80382907    0.75775308    0.71553717    0.78891700    0.75873541    0.80099172
Q6C404_YARLI/941-1111     2.01764328    1.81785040    1.71533799    1.74678461    1.84790274    2.05858925    1.98238331    1.85569802    2.05685824    1.93312478    0.00000000    1.94490927    2.62386264    2.31708157    2.30783464    2.37410876    2.24182032    2.55518282    2.54495412    2.42542369    2.03727991    2.00846996    1.88209122    1.78548334    1.82162024    1.71649764    1.66200360    1.70643332    1.66279182    1.73483093    1.63251949    1.70430361    2.10716998    1.65289231    1.77922279    1.63137457    1.57416778    1.59895270    1.62062788    2.12385366    1.76032897    1.68906315    1.88607079    1.77328144    1.44016812    1.48322922    1.65075760    1.60977237    1.52049093    1.55891549    1.46168687    1.50071882    1.70512390    1.58803767    1.84133543    1.73875599    1.80678058    1.62393928    1.78652317    1.56092070    2.15941569    1.95201459    2.36068355    2.32093644    2.80375633    2.12511671    1.92721499    2.18336170    2.28261395    1.88272614    2.16166539    2.27409164    2.44158696    1.87269949    1.93896933    1.50379473    1.68125054    1.83424861    1.54309329    1.61883533    1.85431661    1.93972204    1.90956700    1.97520638    1.91016068    2.08355749    1.97641578    1.85167674    1.92922124    1.94838287    1.98304210    1.78041009    1.77619170    1.85170951    1.95423586    1.93477406    1.97233559    1.98034717    1.89047722    1.90156096    1.91585023    1.92370132    1.92501031    1.79520746    1.91070722
W1Q7B1_OGAPD/690-851     2.05317323    1.95883561    2.15878184    2.13447090    2.11874194    2.07870220    2.16248817    1.96942033    2.14704741    1.94626433    1.94490927    0.00000000    2.43701073    2.38600031    2.33859407    2.44164679    2.51692933    2.43664072    2.29545029    2.71766071    2.29220835    2.47748448    1.95218433    1.89873667    1.83745527    1.83780744    1.74917967    1.66393255    1.87123966    2.06005252    1.81561022    1.83055816    1.91901687    2.03206344    1.93229287    1.85163102    2.11789927    1.97487100    1.97921062    2.10657607    1.88593956    1.92693145    2.15237021    2.07222382    1.63767629    2.09147435    1.99660026    1.76051619    1.65424044    1.68739485    1.74614989    1.80091724    1.80120076    2.02985441    1.65988912    1.75194588    1.86179894    1.79075703    1.92741857    2.00448809    2.33610883    2.20476312    2.09525275    2.33350726    3.37831366    2.68019604    2.77285811    2.61988999    2.92851615    2.18554032    2.54028348    2.35498361    2.49231898    2.19193185    2.30884891    2.00158261    2.58553492    2.23681974    1.80184847    2.26309658    1.93093186    2.12747889    2.06487792    2.45801072    2.15100807    2.41372441    2.29795799    2.25713662    2.10905653    2.25610202    2.22815912    1.93753463    2.11991696    1.96622314    1.99639716    2.07015579    2.07282292    2.13154755    2.08392316    2.02982411    2.10532354    2.19008677    2.04881786    2.07565937    1.99373070
I2H113_TETBL/910-1058     2.20321942    1.99902473    1.84393350    1.96906048    1.98072502    1.93944391    2.20701978    2.13240593    2.02961728    2.09082802    2.62386264    2.43701073    0.00000000    0.73001657    0.96511926    0.87356471    0.89856439    0.67907491    0.74799697    0.84894592    0.78166302    0.85740847    1.71784823    1.58521533    1.51376379    1.69520094    1.95903455    1.63952876    2.12115420    2.03798927    1.85919310    2.00566644    1.86740568    2.07899581    2.00794544    2.26989615    1.88635347    2.05532585    2.03592829    2.64954744    2.10684937    2.24495186    2.22087409    1.93627987    2.49057444    1.94267860    1.86644556    2.26669856    2.14064293    2.20019287    2.26183340    2.14530721    2.22166140    2.08203798    1.78626602    2.31345875    2.48442272    2.15831024    2.50204145    2.40460370    2.26226796    2.57860447    2.53071704    2.25432164    2.56421471    2.48464822    2.69591065    2.74949066    2.56985235    2.56486190    2.72706785    2.72718977    2.33234933    1.99237258    2.20892390    2.08304393    2.19472356    2.09561588    1.88505149    1.95470962    1.93002467    1.91190156    1.97391935    1.88537542    1.80751186    1.91377865    1.74704778    1.76817545    1.88182425    1.84734190    1.77988780    1.94069972    1.89935088    2.03608351    2.02618759    2.13899465    1.94303594    1.88324689    2.16846662    2.19587696    2.14940764    1.98865233    2.11272239    1.80463170    1.99677110
G8ZWZ3_TORDC/801-951     2.06402454    2.03917529    1.86092563    2.09593796    1.93286501    1.88434297    2.04177101    2.05198999    2.15536891    2.09035276    2.31708157    2.38600031    0.73001657    0.00000000    0.90193078    0.70467750    0.84477485    0.62213087    0.66313550    0.59093409    0.78264405    0.77633590    1.47127501    1.43498813    1.38623847    1.50575381    1.65642711    1.54200449    1.90197376    1.81822690    1.63348947    1.66086192    1.68832123    2.01733439    2.19976227    2.30979025    1.97671997    2.12675032    2.03050139    2.52491732    2.13352132    2.29828034    2.13846767    1.83537264    2.47381628    2.04606295    2.07370887    1.93556659    1.94415845    1.92594278    1.78775176    1.63375054    1.92875503    1.81485751    1.83559763    1.93845375    2.05101477    2.03205398    2.06505372    1.90271544    2.38778277    2.34366643    2.64912561    2.29681715    2.46061861    2.31239228    2.36579497    2.30179265    2.30555271    2.39838047    2.35719111    2.37553527    2.39729311    2.29866927    2.40532469    2.29424891    2.18998796    2.11579831    1.67018866    1.91614200    2.11047330    1.99944277    1.98766728    2.12516108    1.93448736    2.10107209    1.96624358    1.97821488    1.82849284    2.14078737    1.90736898    1.89000274    1.89533458    2.02740033    2.01896755    2.17799980    2.28486534    2.34434589    2.01091062    2.26857581    2.15824981    2.15244210    2.16873158    2.04566981    2.12632164
Q6FVY3_CANGA/799-951     1.87269998    1.85402827    1.74500842    1.73061461    1.78894094    2.03233701    2.21120683    2.08112043    2.24672885    2.06789740    2.30783464    2.33859407    0.96511926    0.90193078    0.00000000    0.97238431    0.92207087    0.85613768    0.87816162    0.94752750    1.05587209    1.13593180    1.86213682    1.89972770    1.70999173    1.81579099    1.97002571    1.78687149    2.01787330    1.90766253    1.98349933    2.04912008    1.73535733    2.29786150    2.13205880    2.21744760    2.14949534    2.60506843    2.57692337    2.63224562    2.20721104    2.62989432    2.44808311    2.06775845    2.14786137    1.98136235    2.05142689    1.75200581    1.99818515    1.92609791    2.06482219    2.00671644    1.85378707    1.86186071    1.88218240    2.05635194    1.91366287    1.80436939    2.06283310    1.91894116    2.29640625    2.28812245    2.42266030    2.55373891    2.71154596    2.57633653    2.64046458    2.78210270    2.74279877    2.27862306    2.37815008    2.55491093    2.80959619    2.30082484    2.49306914    1.95391142    2.35400133    1.93798920    1.47151061    1.92017035    1.91361312    1.95687144    1.91030424    1.74596128    1.74165740    1.83794288    1.85831267    1.85241468    1.74553966    1.84747955    1.93338265    1.76934881    1.83950191    1.91447445    1.91366176    1.97977580    1.84129879    1.90208176    1.92308498    2.03872517    2.07087708    1.99892334    2.14562987    2.01269662    1.91244799
H2ANM9_KAZAF/787-939     1.95617497    2.19902976    1.88667660    1.91023294    2.04375056    1.99388689    2.20717753    2.13923119    2.03592445    2.07995246    2.37410876    2.44164679    0.87356471    0.70467750    0.97238431    0.00000000    0.64487684    0.75813778    0.80265428    0.92569408    0.98767984    0.79402188    1.72919077    1.67517201    1.53090721    1.68452096    1.84124850    1.41423987    2.10440165    1.94842552    2.11851961    2.06662055    1.84825246    2.05584992    2.15083976    2.25649225    2.22398544    1.88852369    1.88760062    2.31825255    2.09428079    2.24576227    2.03561264    1.96665893    2.30512335    2.28765811    2.30797280    2.12476413    2.28241645    2.00556338    2.00741343    2.19485356    2.21727282    2.00675730    2.06193212    2.22496534    2.38801146    2.21525558    2.35441802    2.20148350    2.44372900    2.24755574    2.80546616    2.82127306    3.15325089    2.45355249    2.62004523    2.76523108    2.80423084    2.64813828    2.22256755    2.57843416    2.65894216    2.08367417    2.28287073    2.55126717    2.38267375    2.19375674    1.65674368    2.12605149    1.87703478    2.09851233    2.18794104    2.05624227    1.85072266    1.92641490    1.84455825    1.92014350    1.79384844    1.93763667    1.90404795    2.04575617    1.99422446    2.13835936    2.12224902    2.05568885    1.81698998    2.26010783    1.95581743    1.92174707    1.99110706    1.99122468    2.06478192    1.95135644    1.99672051
J7S2Z3_KAZNA/805-956     2.08545254    2.09750199    1.80673885    1.87887532    1.93365091    1.92939796    2.05073925    1.93867593    1.95307339    1.88147564    2.24182032    2.51692933    0.89856439    0.84477485    0.92207087    0.64487684    0.00000000    0.70479023    0.70826782    0.78779255    0.98129883    0.96832638    1.45284723    1.55637274    1.48648540    1.53201212    1.59795857    1.53661305    2.11548867    1.82431721    1.84313717    1.79082128    1.65994268    2.01967958    2.09017863    2.29429836    2.22555205    2.01625740    2.03479287    2.19593440    2.12699284    2.32325870    2.04977269    1.86640441    2.46950570    1.92840804    1.87893798    1.80167944    1.85992179    1.85351102    1.71128670    1.76751479    1.85840189    1.75481472    1.83353712    1.96572517    1.93754890    1.80394085    2.19919481    1.97673937    2.33896190    1.97182463    2.59473481    2.51173061    2.86955351    2.42668776    2.39649297    2.60412939    2.63920739    2.38661467    2.09685895    2.29320234    2.47580683    2.01411080    2.25081818    2.24762266    2.42098736    2.31353219    1.77076814    1.93451645    1.95803005    2.01531190    2.11557744    1.95539947    1.77660120    1.88455254    1.64829799    1.84172755    1.73802149    1.85597553    1.94802958    2.05593545    2.07686080    2.06079490    2.05703466    2.14953574    1.81295418    2.11760238    1.99194179    2.01989388    2.04250513    2.05474437    2.06156220    1.98188500    1.95612148
YP117_YEAST/792-944     2.12409336    2.05838257    1.89211321    1.97403179    1.97436722    1.82757330    2.14271651    2.09537806    2.23419086    2.07689370    2.55518282    2.43664072    0.67907491    0.62213087    0.85613768    0.75813778    0.70479023    0.00000000    0.61951226    0.69867322    0.82908981    0.90428836    1.53716267    1.57063368    1.39429179    1.52288426    1.74979172    1.56478828    1.88742501    1.71514659    1.81465050    1.67197591    1.71445937    2.07967502    2.31937446    2.39566494    2.17636036    2.28079765    2.18123869    2.49950610    2.36546770    2.46157483    2.09951621    1.94424232    2.40512937    2.09090083    2.00331063    1.91598545    1.90899276    1.98573301    1.88099217    1.94806371    2.00629682    1.82536153    1.86660278    1.98449789    2.14042893    1.98225607    2.21822743    2.20702617    2.12697480    2.44331011    2.84534493    2.57042270    2.74266564    2.64425560    2.79108527    2.87595225    2.77664033    2.54013008    2.24472105    2.59626426    2.69693909    2.22092561    2.52253507    2.05328543    2.42120626    2.22586800    1.83182379    2.09724932    2.01961585    2.05669086    2.02668376    1.90869518    1.92396207    1.97049800    1.90619827    1.87160837    1.86162779    1.87064718    1.91606396    2.00021771    2.12966489    2.11533915    2.08308291    2.18338834    2.02639744    1.99491492    2.20430800    2.14606845    1.98939857    1.97825463    2.06262679    1.79368812    1.95257454
G0W487_NAUDC/798-948     1.91675714    1.89559883    1.63574024    1.87855316    1.76402030    1.88951220    2.01940007    1.99719063    1.94725943    1.94751993    2.54495412    2.29545029    0.74799697    0.66313550    0.87816162    0.80265428    0.70826782    0.61951226    0.00000000    0.52744435    0.89573776    0.84104900    1.53095337    1.52227201    1.42604173    1.55442045    1.74672905    1.61019622    1.97069907    1.78419863    1.77778332    1.87493552    1.58158368    2.03039659    2.09159897    2.03912608    2.14561249    2.07025991    2.17349235    2.25152091    2.24778897    2.20025603    2.02342179    1.98084433    2.17892012    1.75510421    1.73827974    2.02494693    1.91303398    1.74068379    1.92153792    1.77785617    1.94256567    1.85124899    1.68156692    2.02801739    2.11912400    2.07906854    2.16337039    1.99376803    2.50386547    2.29873662    2.48431471    2.61159575    2.75597235    2.47535422    2.52802631    2.48225837    2.58060959    2.37310566    2.42335745    2.63902983    2.52729498    2.23050138    2.51962898    2.05054257    2.11290671    2.12326013    1.68263788    1.87633096    1.82232155    1.78197600    1.73798742    1.82127078    1.69119215    1.83762886    1.76459334    1.68844383    1.64462398    1.76979205    1.76937094    1.77289739    1.83650485    1.87255628    1.90651225    1.91075526    2.02304151    1.96309561    1.90939583    2.11358627    1.96687428    2.07785008    2.11364143    1.87460010    1.83346839
G0V8B9_NAUCC/788-940     2.39293721    2.35947325    2.18720528    2.30069797    2.25588582    2.32328269    2.52781026    2.38666678    2.42361672    2.19420523    2.42542369    2.71766071    0.84894592    0.59093409    0.94752750    0.92569408    0.78779255    0.69867322    0.52744435    0.00000000    0.91237443    0.93301395    1.63163943    1.48953905    1.53884050    1.63409768    1.57743205    1.64348953    1.92973044    1.73187029    1.82243486    1.73857328    1.76837982    2.19062738    2.56484606    2.59721284    2.40871055    2.12900576    2.27678772    2.38698456    2.33351311    2.45386700    2.31542293    1.99300103    2.48004941    2.04738481    1.84862156    2.05542479    2.05286484    1.89636948    1.79985767    1.87470962    2.00875970    1.87724026    1.70602565    1.95204389    2.11182932    2.16180569    2.16569407    2.07705799    2.62574029    2.58232419    2.73931566    2.47760301    2.76381154    2.66523584    2.64514188    2.72627351    3.00087753    2.50331203    2.38199963    2.89219702    2.43863231    2.28987736    2.50767999    2.22272136    2.27941314    2.39913017    2.12763252    2.35389154    2.40844170    2.31026678    2.31060372    2.21673953    2.20327831    2.28606232    2.08629520    2.17706451    2.16805559    2.29938931    2.34314986    2.24282523    2.28211878    2.38299101    2.34528769    2.28504188    2.35048518    2.36047605    2.21281000    2.42330478    2.32590782    2.36532446    2.66398737    2.27240383    2.08052066
G8BT65_TETPH/890-1037     1.91149106    1.75512017    1.51352024    1.82761707    1.76911876    1.74655513    1.91529577    1.84929887    1.81827674    1.77077035    2.03727991    2.29220835    0.78166302    0.78264405    1.05587209    0.98767984    0.98129883    0.82908981    0.89573776    0.91237443    0.00000000    0.69106378    1.78156465    1.56933062    1.40093560    1.60326135    1.65064548    1.53641995    1.72600749    1.52183488    1.67006652    1.80509334    1.86781784    1.95558811    2.06608534    2.26691027    1.89616784    1.82663283    1.82782847    2.39227223    2.10156197    2.18285052    2.02448678    1.86374538    2.12857425    1.76185592    1.78475776    1.83078948    1.73569833    2.04360279    1.78939152    1.94984740    1.94483725    1.68288701    1.76626777    1.88152814    1.98117616    1.83520690    1.95084633    1.91687233    2.21121745    2.09898941    2.30702956    1.83214677    2.12708222    2.20991545    2.25777787    2.54856853    2.54611386    2.09078727    2.01589709    2.06222043    2.19195149    1.86704650    2.10104308    1.70606492    1.85113852    1.81897209    1.63344491    1.59799158    1.85118746    1.84448077    1.69582433    1.76471953    1.61016503    1.74081408    1.70397868    1.65029059    1.61256276    1.83472418    1.82154971    1.76619127    1.57876383    1.86717319    1.87756352    1.82115173    1.96074274    1.67383118    1.76140062    1.76520732    1.82729083    1.85464063    1.77832500    1.65825067    1.60006541
A7TDX1_VANPO/806-958     2.17123454    2.01204112    1.86917171    1.88411130    1.93661695    2.03243165    2.26638184    2.09483402    2.04563134    2.11928135    2.00846996    2.47748448    0.85740847    0.77633590    1.13593180    0.79402188    0.96832638    0.90428836    0.84104900    0.93301395    0.69106378    0.00000000    1.54230170    1.49079201    1.44320334    1.57985919    1.71070089    1.45688917    1.72894064    1.61271349    1.63421651    1.94340945    1.65596411    1.97133828    2.10867177    2.01178267    1.80033243    1.93902449    2.07827677    2.48576752    2.06629653    2.07420791    2.07378265    1.82833479    2.06408495    1.74045560    2.00800548    1.96021029    1.74606813    1.86100186    1.96130855    1.74231947    1.97288800    1.88003108    1.88195632    2.03627372    1.98315884    2.08111347    2.06228976    2.02429554    2.01419858    2.23398985    2.54134019    2.54893383    2.67255395    2.37315742    2.58554793    2.63814786    2.65989877    2.59719951    2.45449613    2.36261797    2.19760167    2.14424050    2.22281956    2.14919139    1.85642547    1.93368103    1.88344360    2.19162341    2.17317074    1.93886428    1.91183707    2.14648786    1.92465840    2.10955159    2.03620029    1.97646132    1.90837897    1.96072905    1.82293311    2.01762624    1.89291516    1.90043100    1.70238857    2.03356978    2.21933599    1.92937389    2.04435977    2.08456690    2.18200203    2.09930511    2.15204297    1.93429106    1.91072968
G3AED3_SPAPN/819-970     1.87523194    1.60588795    1.74933500    1.76953922    1.76998373    1.75487621    1.79599749    1.57871892    1.80578297    1.72348052    1.88209122    1.95218433    1.71784823    1.47127501    1.86213682    1.72919077    1.45284723    1.53716267    1.53095337    1.63163943    1.78156465    1.54230170    0.00000000    0.63606955    0.70943428    0.76168140    0.69886172    0.61390033    1.15475859    0.88513396    0.89930789    0.91898698    0.88964539    1.70614646    1.81562518    2.10046611    1.84622865    1.76812793    1.69667650    1.77187735    1.79563543    1.80370054    1.78661437    1.69884754    1.74920826    1.55656016    1.59356037    1.73471661    1.44977853    1.64260576    1.60497982    1.75151805    1.79249262    1.71919590    1.54559954    1.67527627    1.93463639    1.93792870    1.87601356    2.01927811    2.11984801    2.00769729    2.25488363    2.23627949    2.99807480    2.34080892    2.41500044    2.35883214    2.49503984    2.29550035    2.29145491    2.27333250    2.41694927    1.93156651    2.20839595    2.00608904    1.75524807    1.89445186    1.71643044    1.64914631    1.74826827    1.98270917    1.64995658    1.89107550    1.69792435    1.80127398    1.67149512    1.69976534    1.64683992    1.81606449    1.63607160    1.63931743    1.73497576    1.64303895    1.80619264    1.94037008    1.90340144    1.78005858    1.76499353    1.77908506    1.82312223    1.96493543    2.00289052    1.79819978    1.79956682
C5MDV5_CANTT/81-236     1.78746961    1.70733484    1.61216387    1.73111830    1.66104520    1.72414174    1.74141065    1.49061420    1.65668261    1.58494333    1.78548334    1.89873667    1.58521533    1.43498813    1.89972770    1.67517201    1.55637274    1.57063368    1.52227201    1.48953905    1.56933062    1.49079201    0.63606955    0.00000000    0.23973173    0.52301172    0.59717029    0.66054191    1.02900949    1.00370778    0.98580388    1.08254671    1.03180838    1.97294205    1.87631139    2.27483158    2.01951193    1.86774646    1.89423726    1.96913402    1.78343860    1.82431834    1.80758905    1.87708487    1.84916129    1.76291254    1.85453112    1.70651907    1.81497575    1.71711240    1.73100050    1.75020893    1.92195538    1.80222054    1.59823641    1.99292508    1.92283833    2.06661344    2.05458563    2.02319745    1.94038296    2.08860152    2.16017403    2.38506632    2.93477035    2.28696173    2.32711203    2.28928696    2.46931463    2.43866185    2.22120582    2.23263825    2.19573380    1.82303361    2.01722336    2.07957760    1.93263381    2.00032129    1.63331886    1.54083946    1.73884627    1.91608480    1.68840896    1.96987728    1.85739615    1.86561740    1.84742140    1.76736618    1.64312298    1.92655783    1.54483185    1.65276595    1.55848111    1.74658732    1.81491134    1.85191443    1.85027164    1.71811840    1.72509115    1.69220489    1.65385945    1.87397753    1.88111487    1.73445364    1.68771852
M3JU04_CANMX/893-1048     1.86377128    1.73933942    1.66120206    1.84233356    1.69569073    1.84642712    1.84265942    1.58618069    1.72906656    1.66582528    1.82162024    1.83745527    1.51376379    1.38623847    1.70999173    1.53090721    1.48648540    1.39429179    1.42604173    1.53884050    1.40093560    1.44320334    0.70943428    0.23973173    0.00000000    0.61092435    0.63533741    0.69538681    1.07377672    1.07641818    1.03456136    1.13273150    1.11038222    1.85020449    1.76239440    2.21835266    1.89134756    1.81167540    1.82708620    1.88512344    1.65044254    1.63494655    1.77793051    1.72939742    1.86573928    1.81331400    1.98674405    1.75087513    1.63964835    1.73514284    1.72046290    1.73534796    1.86328577    1.72126586    1.64917399    1.86814804    1.94594058    2.00177455    1.99311909    1.93853013    1.99532044    2.06870126    2.13909160    2.12579770    2.73507673    2.42733917    2.47274336    2.55815879    2.74065934    2.36694124    2.17786312    2.23223730    2.05403533    1.71306931    1.96343109    1.97561118    1.81676209    1.78505522    1.65532708    1.64843249    1.77038342    1.92213217    1.76818166    2.00886140    1.96219963    1.93459176    1.93516305    1.84529156    1.74333780    2.01107856    1.61913338    1.67573700    1.64424228    1.85636876    1.82229471    1.97769793    1.91720619    1.71443291    1.76907118    1.77610462    1.71101755    1.94323014    1.95818155    1.77292711    1.75687420
A5E4Q5_LODEL/1017-1172     1.66132574    1.50492382    1.54453187    1.56786305    1.41771040    1.55489281    1.57520687    1.39646620    1.54785791    1.40574626    1.71649764    1.83780744    1.69520094    1.50575381    1.81579099    1.68452096    1.53201212    1.52288426    1.55442045    1.63409768    1.60326135    1.57985919    0.76168140    0.52301172    0.61092435    0.00000000    0.48310057    0.63387309    0.94034506    0.98825534    0.99339565    0.97928882    0.93445179    1.71626754    1.72297683    1.97158702    1.77247953    1.67279878    1.72679145    1.85714976    1.60389678    1.72317012    1.59709255    1.68064086    1.56459283    1.56909208    1.65890858    1.65727182    1.48450561    1.74120909    1.51261260    1.65895817    1.73527815    1.53902621    1.61192677    1.69013240    1.72316805    1.79472488    1.63021067    1.78982166    1.86063543    1.78284512    2.16846134    2.07165683    2.47104996    1.99623808    1.96300701    2.04685375    2.05786762    2.05813168    2.09990795    2.17280345    2.10317427    1.81401006    2.06662250    1.67979365    1.75781480    1.59254175    1.32283677    1.38281633    1.63255665    1.85501520    1.57131734    1.71225215    1.55442868    1.67772089    1.58860288    1.50975552    1.53473592    1.66250444    1.69135867    1.49775807    1.60530791    1.59951121    1.87057878    1.75404695    1.61029000    1.64298956    1.51298148    1.63066258    1.61501628    1.79399954    1.79569792    1.47706382    1.68836470
