16
Q2HI55_CHAGB/25-157     0.00000000    0.57341098    0.49204822    1.63439325    1.57323380    1.81098194    1.66976465    1.40599828    2.03518363    1.63458451    2.87009179    1.89159230    2.76365443    2.31696478    2.01558880    2.16901087
Q5B379_EMENI/829-961     0.57341098    0.00000000    0.48576640    1.70662728    1.78823535    2.05131424    2.00659801    1.62145298    1.97378895    1.56166796    2.78480296    2.26512472    3.34058814    2.68008074    2.68162612    2.85347851
Q0U7T7_PHANO/13-145     0.49204822    0.48576640    0.00000000    1.70013510    1.59302561    1.82794095    1.78157864    1.43131627    1.91833728    1.58779758    2.82181828    2.16885543    2.66963255    2.51213487    2.65084731    3.17851388
Q6BT79_DEBHA/15-147     1.63439325    1.70662728    1.70013510    0.00000000    0.57441664    1.33875942    1.30722147    1.31301596    1.57718707    1.52912223    2.46761166    2.26537925    2.25256721    2.26163248    2.47811062    3.09237846
A0A1D8PEI0_CANAL/17-149     1.57323380    1.78823535    1.59302561    0.57441664    0.00000000    1.26519882    1.30344260    1.27852834    1.58329781    1.44734783    2.33393330    2.21801427    2.21247010    2.39257147    2.55374601    3.16875668
Q6CLE2_KLULA/11-144     1.81098194    2.05131424    1.82794095    1.33875942    1.26519882    0.00000000    0.90133650    0.93145375    1.14415918    1.57252287    2.66118542    2.52414364    2.02703184    2.62401620    2.40006643    3.01944838
Q75B18_ASHGO/11-144     1.66976465    2.00659801    1.78157864    1.30722147    1.30344260    0.90133650    0.00000000    0.94066105    1.29571854    1.70545174    2.99492277    2.27924463    2.52574605    2.61481658    2.64217579    3.19886142
COG5_YEAST/14-146     1.40599828    1.62145298    1.43131627    1.31301596    1.27852834    0.93145375    0.94066105    0.00000000    0.94421985    1.69847053    2.51107962    2.07954012    2.01971508    2.39387937    2.37745910    3.33887140
Q6FTM6_CANGA/9-140     2.03518363    1.97378895    1.91833728    1.57718707    1.58329781    1.14415918    1.29571854    0.94421985    0.00000000    1.70037064    2.65209008    2.25946445    2.41969024    2.54720716    2.82838810    3.07060765
Q6C2T6_YARLI/5-136     1.63458451    1.56166796    1.58779758    1.52912223    1.44734783    1.57252287    1.70545174    1.69847053    1.70037064    0.00000000    2.41856734    2.21393213    2.05495847    1.98163094    2.11735760    2.76836997
COG5_SCHPO/8-139     2.87009179    2.78480296    2.82181828    2.46761166    2.33393330    2.66118542    2.99492277    2.51107962    2.65209008    2.41856734    0.00000000    2.47427985    3.61759275    2.71400091    2.70827566    3.18999771
Q5KKM0_CRYNJ/10-154     1.89159230    2.26512472    2.16885543    2.26537925    2.21801427    2.52414364    2.27924463    2.07954012    2.25946445    2.21393213    2.47427985    0.00000000    2.18292750    1.70152111    1.66007679    1.72002791
COG5_DICDI/63-186     2.76365443    3.34058814    2.66963255    2.25256721    2.21247010    2.02703184    2.52574605    2.01971508    2.41969024    2.05495847    3.61759275    2.18292750    0.00000000    1.31335541    1.56386188    2.77486134
COG5_HUMAN/66-189     2.31696478    2.68008074    2.51213487    2.26163248    2.39257147    2.62401620    2.61481658    2.39387937    2.54720716    1.98163094    2.71400091    1.70152111    1.31335541    0.00000000    1.31810128    1.93382051
COG5_ARATH/57-180     2.01558880    2.68162612    2.65084731    2.47811062    2.55374601    2.40006643    2.64217579    2.37745910    2.82838810    2.11735760    2.70827566    1.66007679    1.56386188    1.31810128    0.00000000    0.81550875
Q65XH1_ORYSJ/52-175     2.16901087    2.85347851    3.17851388    3.09237846    3.16875668    3.01944838    3.19886142    3.33887140    3.07060765    2.76836997    3.18999771    1.72002791    2.77486134    1.93382051    0.81550875    0.00000000

