23
A0A436ZN28_9PEZI/371-419     0.00000000    0.69910477    0.76231237    0.89277542    0.69557344    0.94796179    0.75119238    0.59488708    0.58825261    0.79583578    0.60881969    0.96820742    1.02467261    0.94373161    1.06796697    0.68014094    0.60754176    0.69123736    0.77473047    0.67845348    0.74103972    0.74553028    0.62091131
A0A0M8MN88_9BASI/323-371     0.69910477    0.00000000    0.28011238    0.60268401    0.45298607    0.67094814    0.73795931    0.64691190    0.54610041    0.72488737    0.64479297    0.96394828    0.94670316    0.89299384    0.97029062    0.80877052    0.79684689    0.84072348    0.95138645    0.62787961    0.63668809    0.82165462    0.72630834
A0A3G2S8R2_9BASI/315-363     0.76231237    0.28011238    0.00000000    0.52069140    0.38934125    0.57356466    0.78296254    0.65399157    0.59244237    0.90701227    0.71178543    0.89858289    0.92926668    0.80661586    0.74241697    0.85550519    0.94623549    0.90816607    1.07617378    0.66039662    0.64105174    0.82232193    0.83822596
V5GG64_KALBG/317-365     0.89277542    0.60268401    0.52069140    0.00000000    0.48467341    0.63370955    0.91086038    0.80221005    0.68721728    0.87209980    0.69031431    1.07573989    1.14855159    1.00941913    1.03736699    1.28163725    1.11876347    1.05587297    0.95501996    0.92654450    0.67324265    0.84584822    0.89582950
A0A409WTS5_PSICY/333-381     0.69557344    0.45298607    0.38934125    0.48467341    0.00000000    0.51297136    0.67940469    0.59602475    0.60647793    0.81175927    0.58834058    1.03317157    0.83072526    1.02507728    0.88221084    0.86037033    0.91278175    0.92694812    0.82485075    0.65339115    0.63173812    0.74816818    0.73498642
R9ALA1_WALI9/358-406     0.94796179    0.67094814    0.57356466    0.63370955    0.51297136    0.00000000    0.90200622    0.95968902    0.74370163    0.96025820    0.82643378    0.76543215    0.77426454    1.05184853    0.95967789    0.84954147    0.96528809    1.04552314    0.93340440    0.66590895    0.75873814    0.92896712    0.92252088
A0A177WNK7_BATDL/1361-1409     0.75119238    0.73795931    0.78296254    0.91086038    0.67940469    0.90200622    0.00000000    0.51573764    0.69810076    0.78764078    0.70684682    0.87463921    0.99461150    0.96883302    1.13381877    0.74972393    0.70700511    0.94429112    1.12542399    0.91764390    0.88579599    1.07479079    1.01088237
A0A1Y1VD75_9FUNG/981-1029     0.59488708    0.64691190    0.65399157    0.80221005    0.59602475    0.95968902    0.51573764    0.00000000    0.74084858    0.69916997    0.56635651    1.11603934    0.96743011    0.92003039    1.11825113    0.79512859    0.74777053    0.74902483    1.02285949    0.80386374    0.85657560    0.98956020    0.91400867
B6K724_SCHJY/352-400     0.58825261    0.54610041    0.59244237    0.68721728    0.60647793    0.74370163    0.69810076    0.74084858    0.00000000    0.63697661    0.51992200    0.85083491    0.94277942    0.81312581    0.86166407    0.70004088    0.64393854    0.63442127    1.06537093    0.67928440    0.59593972    0.68989045    0.69585028
A0A168PZ26_ABSGL/658-706     0.79583578    0.72488737    0.90701227    0.87209980    0.81175927    0.96025820    0.78764078    0.69916997    0.63697661    0.00000000    0.48578476    1.19381790    1.09459062    1.01775316    1.19016826    1.05252739    0.89390070    0.88918740    1.07507185    0.99103282    0.91650852    1.03632533    0.97950279
A0A2I1FTM0_9GLOM/408-456     0.60881969    0.64479297    0.71178543    0.69031431    0.58834058    0.82643378    0.70684682    0.56635651    0.51992200    0.48578476    0.00000000    0.95940574    0.86740920    0.82001281    0.85002395    0.85063258    0.68640010    0.61849609    0.93773364    0.70129513    0.73357026    0.80608619    0.73411539
A0A1D2VDP7_9ASCO/413-461     0.96820742    0.96394828    0.89858289    1.07573989    1.03317157    0.76543215    0.87463921    1.11603934    0.85083491    1.19381790    0.95940574    0.00000000    0.57887631    0.59554632    0.73410231    0.66031047    0.48976983    0.61574827    0.82253819    0.82270108    0.74044981    1.02880283    1.06477445
A0A1L0G6A1_9ASCO/483-531     1.02467261    0.94670316    0.92926668    1.14855159    0.83072526    0.77426454    0.99461150    0.96743011    0.94277942    1.09459062    0.86740920    0.57887631    0.00000000    0.41084248    0.39734583    0.55653873    0.57261883    0.60682340    0.91926874    0.66649417    0.73480717    1.01771626    0.94534653
G8Y607_PICSO/391-439     0.94373161    0.89299384    0.80661586    1.00941913    1.02507728    1.05184853    0.96883302    0.92003039    0.81312581    1.01775316    0.82001281    0.59554632    0.41084248    0.00000000    0.38810353    0.75302507    0.59465647    0.61746420    0.85887679    0.72519366    0.73513316    0.95354801    0.99195981
G3BBY6_CANTC/135-183     1.06796697    0.97029062    0.74241697    1.03736699    0.88221084    0.95967789    1.13381877    1.11825113    0.86166407    1.19016826    0.85002395    0.73410231    0.39734583    0.38810353    0.00000000    0.75321522    0.60368035    0.73588376    0.97750297    0.73125394    0.77172253    1.05885050    1.15695342
A0A1E4STL0_9ASCO/323-371     0.68014094    0.80877052    0.85550519    1.28163725    0.86037033    0.84954147    0.74972393    0.79512859    0.70004088    1.05252739    0.85063258    0.66031047    0.55653873    0.75302507    0.75321522    0.00000000    0.38464565    0.54917584    0.98309610    0.69464682    0.96694842    1.04629459    1.03447128
A0A1V2L8T4_CYBFA/442-490     0.60754176    0.79684689    0.94623549    1.11876347    0.91278175    0.96528809    0.70700511    0.74777053    0.64393854    0.89390070    0.68640010    0.48976983    0.57261883    0.59465647    0.60368035    0.38464565    0.00000000    0.32452567    0.91395637    0.69563429    0.80857690    0.82697708    1.00640027
A0A1E3PDV8_9ASCO/413-461     0.69123736    0.84072348    0.90816607    1.05587297    0.92694812    1.04552314    0.94429112    0.74902483    0.63442127    0.88918740    0.61849609    0.61574827    0.60682340    0.61746420    0.73588376    0.54917584    0.32452567    0.00000000    0.76474231    0.60347219    0.76466340    0.82957572    0.82176426
A0A0E9NGU6_SAICN/1144-1192     0.77473047    0.95138645    1.07617378    0.95501996    0.82485075    0.93340440    1.12542399    1.02285949    1.06537093    1.07507185    0.93773364    0.82253819    0.91926874    0.85887679    0.97750297    0.98309610    0.91395637    0.76474231    0.00000000    0.71608116    1.03517943    0.80409501    0.94973917
A0A1U7LW11_NEOID/625-673     0.67845348    0.62787961    0.66039662    0.92654450    0.65339115    0.66590895    0.91764390    0.80386374    0.67928440    0.99103282    0.70129513    0.82270108    0.66649417    0.72519366    0.73125394    0.69464682    0.69563429    0.60347219    0.71608116    0.00000000    0.57211322    0.73967602    0.70780939
A0A3N4KC62_9PEZI/459-507     0.74103972    0.63668809    0.64105174    0.67324265    0.63173812    0.75873814    0.88579599    0.85657560    0.59593972    0.91650852    0.73357026    0.74044981    0.73480717    0.73513316    0.77172253    0.96694842    0.80857690    0.76466340    1.03517943    0.57211322    0.00000000    0.54599435    0.63498536
G2RFQ7_THETT/469-517     0.74553028    0.82165462    0.82232193    0.84584822    0.74816818    0.92896712    1.07479079    0.98956020    0.68989045    1.03632533    0.80608619    1.02880283    1.01771626    0.95354801    1.05885050    1.04629459    0.82697708    0.82957572    0.80409501    0.73967602    0.54599435    0.00000000    0.43653811
A0A2I1CA32_ASPN1/412-460     0.62091131    0.72630834    0.83822596    0.89582950    0.73498642    0.92252088    1.01088237    0.91400867    0.69585028    0.97950279    0.73411539    1.06477445    0.94534653    0.99195981    1.15695342    1.03447128    1.00640027    0.82176426    0.94973917    0.70780939    0.63498536    0.43653811    0.00000000

