129
T1EM76_HELRO/51-214     0.00000000    1.35400921    0.99235353    1.13444086    1.16014045    1.45779253    1.29287527    1.22850563    1.34799315    1.16311297    1.20917474    1.38456339    1.39229255    1.71093460    1.49251969    1.53825102    1.35984850    1.58396625    1.52947367    1.63958733    1.59580543    1.61942530    1.53023284    1.93046808    2.40075921    2.39005654    2.59944254    2.09818080    2.58989163    2.54743523    2.41594954    2.79098111    2.88312477    2.73999155    2.91481645    2.99328994    3.17627640    2.96750448    2.48867470    2.58304688    2.42303831    2.59254058    2.32792177    1.87371276    1.03041021    0.94908557    0.97262007    0.97179795    0.98511188    1.00592710    0.94064952    0.70766161    0.61889642    0.70892933    0.64355626    1.00109457    1.32540351    1.01812706    1.05608089    1.08502853    1.18498477    1.22786988    1.22215436    1.28042437    1.34926083    1.29156411    1.16407732    1.26581062    1.36938712    1.14597989    1.23975301    1.22662195    1.25090431    1.24131209    1.18822453    1.18149502    1.20542744    1.29170620    1.13844560    1.20972133    1.16357267    1.08569999    1.04299906    1.00808526    1.11012712    1.07926120    1.17067786    1.11245596    1.08829948    0.98107345    1.06411669    1.12011590    1.06483330    1.11110409    1.08538822    1.08762625    1.15973487    1.06988081    1.07365074    1.02000638    0.99689673    1.07479026    1.02464596    0.95437822    0.90524733    0.94279005    0.76523968    0.69122213    0.88999292    0.74051153    0.91579425    0.77817771    0.72709593    0.82005485    0.84968881    1.20539030    1.09786280    1.10575588    1.25807464    1.31724378    1.33428396    1.11571206    1.19258067    1.04549537    1.14099238    0.81207947    0.77907701    0.86215351    0.76948894
C4M510_ENTHI/53-222     1.35400921    0.00000000    1.20393705    1.17875094    1.12694099    1.63699804    1.58601234    1.59607603    1.57171758    1.58065142    1.58162053    1.89847475    1.62785847    2.06015686    1.76632534    1.84001067    1.64788771    1.67604939    2.01142063    1.82125328    1.96434954    1.92353154    1.90495245    2.67416543    2.46215641    2.94903034    2.91938750    2.72807388    3.06182380    2.76770555    2.66665616    3.03763992    2.93579798    2.98767192    2.96633481    2.90586162    2.58294098    2.65090221    2.63486553    2.63270731    2.88287437    2.69903781    2.20756837    1.80108325    1.44050244    1.33163498    1.34418589    1.39397000    1.48392760    1.40753074    1.19783152    1.33059215    1.36354712    1.50080835    1.43791965    1.42083106    1.94974026    1.61937230    1.36462796    1.58876768    1.64439995    1.54120585    1.67411832    1.69123514    1.64487567    1.68680638    1.53286669    1.60649438    1.55760381    1.65059862    1.50225072    1.58006154    1.44022765    1.36982324    1.52151385    1.40846528    1.56186377    1.57200425    1.61157238    1.57261047    1.72418802    1.57124418    1.50063944    1.47693963    1.51029875    1.50125257    1.71421825    1.57509325    1.72552350    1.70777152    1.52208100    1.49318392    1.60988436    1.60842424    1.45607583    1.64438498    1.52602919    1.64987969    1.60476174    1.59906235    1.69545422    1.62167418    1.53708934    1.53030238    1.38688391    1.47838799    1.47851711    1.31894292    1.32302272    1.48514095    1.44787947    1.45284784    1.24977794    1.30765521    1.29938816    1.34669539    1.33669185    1.47098893    1.40320099    1.29996766    1.49963218    1.43988082    1.44098601    1.17632086    1.23165951    1.23263198    1.33978666    1.42810861    1.39143937
F0Z8N0_DICPU/37-200     0.99235353    1.20393705    0.00000000    0.58167084    0.64562535    1.50652876    1.42456149    1.37698563    1.55649186    1.70382491    1.56441339    1.40212839    1.62736858    1.97280481    1.41423356    1.69581059    1.59937004    1.54252720    1.70249282    1.67645082    1.70167560    1.84767946    1.74431108    2.27813960    2.27909809    2.34014567    2.43794528    2.61199380    2.68410990    2.43670662    2.29555016    2.46925133    2.96644124    2.78998484    2.86089383    2.61206616    2.40603357    2.71961107    2.57694632    2.45990487    2.49483044    2.84719697    2.33758047    2.06808507    1.22987385    1.16144923    1.19732842    1.14606011    1.14582881    1.16493486    1.13227920    1.02559771    0.90825892    1.00082710    0.96968970    1.24674693    1.42275541    1.34698480    1.41689855    1.39183056    1.47923020    1.39533886    1.56369443    1.55409360    1.55073815    1.60360235    1.48296100    1.59999426    1.38104187    1.44854892    1.27080209    1.36866073    1.50644987    1.40667354    1.40961580    1.29934571    1.28979784    1.34249911    1.34639486    1.36022894    1.31928984    1.29992030    1.30861388    1.31306430    1.36277145    1.32715530    1.38336311    1.32651498    1.35169732    1.25801515    1.30733303    1.34956703    1.36961857    1.22895280    1.16217796    1.29822843    1.33852502    1.23938507    1.11051130    1.19767265    1.22788066    1.28577771    1.25936004    1.21388538    1.06953183    1.11209984    1.28558440    1.09910336    1.18913587    1.09839610    1.15056365    1.12213299    1.10859943    1.15931149    1.20889010    1.44681249    1.43175126    1.38890125    1.55844545    1.46761910    1.41211673    1.35978052    1.39558961    1.17202685    1.30035353    0.96512166    1.25800361    1.28361160    0.98441357
D3B8S6_POLPP/41-206     1.13444086    1.17875094    0.58167084    0.00000000    0.43874031    1.53860335    1.47979431    1.48150896    1.73872433    1.69721820    1.68165784    1.46988010    1.52117229    1.87284863    1.63328139    1.69042465    1.72633330    1.71382956    1.77375208    1.79089117    1.83901156    1.97162776    1.79444826    2.54989563    2.47443428    2.75565724    2.87633270    2.92150654    2.96006467    2.82838696    2.71736469    3.23972891    2.93372342    2.92765733    2.91613424    2.98331119    2.20579889    3.04587433    2.77422764    2.89455606    2.55258077    2.61274740    2.30624508    2.22353344    1.35953729    1.24906822    1.21980241    1.29664595    1.28459635    1.24397616    1.15094086    1.12388845    1.12504207    1.25550335    1.18670715    1.31119905    1.47585111    1.32878043    1.47693043    1.66323160    1.55301294    1.55241905    1.69397356    1.59250618    1.72757615    1.57682190    1.50776113    1.60269802    1.48478101    1.42268658    1.40234217    1.43486733    1.43230652    1.46930564    1.48516229    1.46987113    1.41335281    1.58776617    1.46510015    1.41282709    1.47871570    1.28527871    1.30439896    1.31747280    1.37258467    1.39692551    1.53357950    1.51857789    1.39957799    1.27296984    1.46641777    1.35334793    1.32609642    1.29491224    1.25198325    1.42957525    1.29417966    1.35851934    1.42563461    1.43365948    1.33647273    1.44477127    1.41517410    1.41347611    1.17524552    1.23036091    1.29962340    1.10086729    1.26082240    1.26682411    1.43677203    1.34924783    1.28652732    1.35018624    1.25961502    1.43966056    1.42079342    1.36811541    1.48452953    1.46005404    1.53697126    1.42674140    1.37795557    1.26875349    1.41752363    1.11802132    1.25733326    1.32210888    1.17010069
F4QDN7_CAVFA/38-204     1.16014045    1.12694099    0.64562535    0.43874031    0.00000000    1.55082537    1.55825903    1.61601714    1.87127712    1.73539308    1.84909439    1.49815581    1.76953315    1.97374026    1.75976551    1.93876740    1.91369952    2.04717953    1.98742512    1.91212834    1.98685175    2.01650382    1.85812165    2.21623594    2.33761130    2.66596144    2.61391322    2.68649109    2.86933076    2.86731925    2.68977857    2.86000014    3.07332517    2.83609269    2.73033846    2.69477020    2.38065746    2.77253935    2.57725068    2.71113701    2.53484494    2.78500794    2.50228451    2.08098019    1.25634486    1.25738441    1.16394632    1.27257805    1.19838199    1.23991598    1.11242743    1.12715329    1.11042551    1.17307750    1.18432703    1.23352600    1.50290390    1.49246149    1.46367126    1.61975096    1.58691332    1.60044343    1.69799160    1.62132644    1.80121363    1.70878848    1.44682531    1.61318012    1.61324309    1.37504779    1.28686067    1.33339262    1.47374268    1.42044377    1.38970358    1.49571865    1.46921421    1.60729748    1.47666621    1.47645207    1.59959043    1.53703624    1.33475305    1.48565613    1.58615304    1.44715551    1.72302419    1.67664007    1.49762126    1.31074392    1.55293282    1.42545505    1.59009134    1.38152860    1.44471120    1.61055352    1.49233342    1.52180966    1.54960570    1.60425891    1.44756170    1.59016198    1.39376026    1.34427449    1.20034602    1.24576603    1.38246993    1.09318604    1.26807557    1.25006935    1.40054342    1.24378750    1.10501280    1.27661540    1.32336162    1.20414002    1.18898152    1.13532903    1.22639689    1.17715282    1.23620328    1.44581850    1.43066549    1.25963303    1.35965614    1.12982704    1.32407592    1.31068437    1.13775644
H3GGL5_PHYRM/34-219     1.45779253    1.63699804    1.50652876    1.53860335    1.55082537    0.00000000    0.43550274    1.84555639    2.16374693    2.09731466    2.13025619    1.58040360    2.12013383    2.14402102    1.92861957    1.76000273    1.82740527    1.83799333    1.83902367    1.86169368    1.85125383    2.23004783    1.94979167    2.74637727    2.79394507    3.38665061    3.68894571    3.66198503    3.67917614    3.30859073    3.18732062    3.33832113    3.92436005    3.76505262    3.64128901    3.73867855    2.98229986    3.66723200    4.05610279    3.71269256    3.63005544    3.64689953    2.98958445    2.68566222    1.34648108    1.37961381    1.34567658    1.42412432    1.44344934    1.39036353    1.24001060    1.37807639    1.22209784    1.26471225    1.26452818    1.47586009    1.85976838    1.76057112    1.53127984    1.69706016    1.78941653    1.86053898    1.75550245    1.84530172    1.82957639    2.04562135    1.84929039    1.90572528    1.69186740    1.78877086    1.68578206    1.63987375    1.63042286    1.55419352    1.70039068    1.65974136    1.71201762    1.83293361    1.65163091    1.53245516    1.70997466    1.66702950    1.66154011    1.61852054    1.66015359    1.58118735    1.98359370    1.81163473    1.90850354    1.57163044    1.76732812    1.49416377    1.72524056    1.53721913    1.71023670    1.91955943    1.74492970    1.72116484    1.74441423    1.79497611    1.77573399    1.71135660    1.75635145    1.66777925    1.35307661    1.36574567    1.57229601    1.32089456    1.57782226    1.43613786    1.56332577    1.44311085    1.47654397    1.61103184    1.60851200    1.44102677    1.38892566    1.48287228    1.67021407    1.43376068    1.43615198    1.60129117    1.62358995    1.52743214    1.52782753    1.46488808    1.58635984    1.65455099    1.31120038
D0N8M2_PHYIT/34-214     1.29287527    1.58601234    1.42456149    1.47979431    1.55825903    0.43550274    0.00000000    1.62246828    1.88751634    1.82888668    2.00628431    1.52988463    2.06579731    2.17125641    1.79324242    1.71575850    1.73747533    1.82846396    1.74789286    1.70990253    1.86706724    2.06878936    1.84303101    2.53355504    2.52660363    3.08219295    3.45252089    3.38694261    3.39959843    3.24990937    3.29173049    3.30889793    3.73321559    3.77770311    3.70789274    3.96866961    3.10359235    3.69244571    3.55901753    2.94404393    3.39451305    3.31792030    2.78782947    2.69065136    1.31590330    1.32061371    1.42428883    1.31274005    1.41577165    1.35792946    1.22533658    1.33891834    1.21074619    1.22492119    1.24891037    1.41307594    1.58900849    1.62902277    1.43641183    1.50903355    1.57870449    1.78665985    1.66118619    1.76115570    1.72243393    1.94788325    1.65114137    1.80665176    1.62335893    1.75553635    1.63729107    1.61597165    1.61807325    1.50574070    1.53186723    1.57947988    1.66014240    1.61218094    1.54556200    1.55996035    1.52455977    1.65858704    1.52652542    1.47057600    1.52342738    1.47231733    1.65829195    1.52776536    1.62599957    1.38380107    1.44946667    1.37616209    1.58205370    1.39222605    1.48041936    1.69808389    1.62376121    1.54376116    1.67458160    1.67904980    1.52903214    1.61187050    1.53156459    1.41782093    1.29556456    1.30766155    1.34638823    1.22164752    1.41118925    1.48137260    1.44622134    1.31906766    1.38357962    1.48614128    1.49631934    1.43455509    1.37385416    1.44302844    1.62734893    1.49180302    1.45505345    1.62180905    1.57882196    1.51321196    1.56748824    1.31693723    1.45614936    1.52568315    1.35830845
A8N0P9_COPC7/88-259     1.22850563    1.59607603    1.37698563    1.48150896    1.61601714    1.84555639    1.62246828    0.00000000    0.75945163    0.83187650    0.66421339    1.52716358    1.78400843    2.09011813    1.69830154    1.74089053    1.86469796    1.88240558    1.82115861    1.68869669    1.71424986    1.98205958    1.81933421    2.25925516    2.79066298    2.90279323    2.73238793    2.43042870    3.03402821    2.37256793    2.27858088    2.93725006    3.26914136    3.01678874    3.34579503    3.14719645    2.66795499    2.93528573    3.03133779    2.65215706    2.77600763    2.91774670    2.38837678    2.46044443    1.65308660    1.50469112    1.58975087    1.65972840    1.49389979    1.57530488    1.63058342    1.26325723    1.33907145    1.30704886    1.27845934    1.44209494    1.80637199    1.69523755    1.51607303    1.69091077    1.52889309    1.62118859    1.57779175    1.59597725    1.66342091    1.66242688    1.69302009    1.67750113    1.63682522    1.43317248    1.49995402    1.45755015    1.55538694    1.49854503    1.51378885    1.55234144    1.49265001    1.52878617    1.44387241    1.41959303    1.36449607    1.40912559    1.36375702    1.37733078    1.33499550    1.38127403    1.49386799    1.52167198    1.49485160    1.50869902    1.40468683    1.45367653    1.46008860    1.41419547    1.35217293    1.35649946    1.48546695    1.43053587    1.41366536    1.35456661    1.41209025    1.36437628    1.27250071    1.35678517    1.44613604    1.63022475    1.30609203    1.40146536    1.55247495    1.35838879    1.49655222    1.33987003    1.29982146    1.34080657    1.36854358    1.40425097    1.41610851    1.53607133    1.58486758    1.65459021    1.52876531    1.44951043    1.64772727    1.40871198    1.43343655    1.22379377    1.46467927    1.47521801    1.36217265
U5H2R0_USTV1/102-272     1.34799315    1.57171758    1.55649186    1.73872433    1.87127712    2.16374693    1.88751634    0.75945163    0.00000000    0.89940303    0.62812470    1.81398072    1.74358404    1.89279781    2.30705533    2.15077155    1.90939943    1.94194410    1.86121217    1.98490298    2.11749563    2.11434975    2.07367139    2.41373298    2.50878086    2.50817468    2.65176079    2.43371542    2.81977665    2.34963136    2.04474642    2.93280202    2.98565095    2.90650638    3.08594849    2.91557042    2.73800398    3.13883051    2.79995582    2.94433935    2.24446613    2.80626118    2.66952062    2.76746211    1.90079277    1.43778425    1.43598566    1.54287212    1.39850085    1.53267512    1.54459486    1.53936642    1.55793079    1.62052043    1.44790081    1.82201623    1.81968379    1.53766758    1.57306043    1.83489323    1.83563298    1.77663549    1.86309392    1.83851195    1.89029425    1.88860683    1.83031992    1.93921353    1.92664295    1.75339920    2.00222419    1.76155445    1.68718601    1.66167972    1.77217872    1.66443116    1.73571133    1.87782737    1.66785044    1.66893383    1.61934849    1.65469716    1.56635258    1.69593982    1.75884216    1.76441272    1.77885241    1.61332074    1.51709947    1.53154872    1.57372147    1.57404448    1.65519747    1.43884458    1.41973727    1.62462402    1.62265850    1.67901792    1.53257371    1.64288476    1.53643093    1.62372834    1.55462996    1.54351001    1.54680699    1.70876033    1.44660436    1.41397352    1.65411955    1.36551169    1.51788166    1.59669323    1.57506469    1.49060604    1.56997698    1.71228418    1.65599156    1.55945014    1.71092999    1.69646413    1.68059068    1.78464057    1.70094040    1.59061215    1.72591817    1.55491916    1.68423473    1.75940413    1.58770718
K5W918_AGABU/84-253     1.16311297    1.58065142    1.70382491    1.69721820    1.73539308    2.09731466    1.82888668    0.83187650    0.89940303    0.00000000    0.63255262    1.65541573    1.71089900    2.19766796    2.15790026    2.08283287    1.97622304    1.89783262    1.86482603    2.07656878    1.79974931    2.00768359    1.99532011    2.59773420    3.31805737    2.74170538    2.98239144    2.57233134    3.03061160    2.53581552    2.17399291    2.92292048    3.47614506    3.36639805    3.44154105    3.00472361    2.86019838    2.99642174    2.89261016    2.78042086    2.52904383    2.90543915    2.89744808    2.50942099    1.80426034    1.66912287    1.71904851    1.64677066    1.65625310    1.64255997    1.66472219    1.51512362    1.54538946    1.51876735    1.43939700    1.59885017    1.84716653    1.39326416    1.41144107    1.83051379    1.65470767    1.73580353    1.76579654    1.79718935    1.82466437    1.64117410    1.77052012    1.78436986    1.83941317    1.70017746    1.66142454    1.73478037    1.67477494    1.67433340    1.60973228    1.52737643    1.78314218    1.79659635    1.71066484    1.73946928    1.65757573    1.49636217    1.55833121    1.59858460    1.52288658    1.54788619    1.57066576    1.52484810    1.58601786    1.55865710    1.56527880    1.48138839    1.33536425    1.50940279    1.49367030    1.52397904    1.61473904    1.57858434    1.51746648    1.39215716    1.41382789    1.49547752    1.41817754    1.44760983    1.37859945    1.60667747    1.50896828    1.40091570    1.57334283    1.50697981    1.53913357    1.42287446    1.30410649    1.25801445    1.24556418    1.63494641    1.61283018    1.76438734    1.76750843    1.76995648    1.57393567    1.66931443    1.66591788    1.49481180    1.64944551    1.39940340    1.80258296    1.58341603    1.43356098
V2W665_MONRO/86-247     1.20917474    1.58162053    1.56441339    1.68165784    1.84909439    2.13025619    2.00628431    0.66421339    0.62812470    0.63255262    0.00000000    1.64599750    1.64113980    1.85431773    2.02022895    1.95400584    1.82904278    1.66854010    1.80229386    2.07198992    1.93406759    1.96635133    2.02206932    2.17042959    2.87084749    2.58193814    2.91776450    2.21232516    2.97600247    2.48204911    2.23633154    2.67246587    3.34555758    3.23481152    3.66151217    3.11838946    2.60012705    2.94330737    2.65362212    2.66500393    2.49184091    2.68032250    2.54530044    2.64109226    1.95342616    1.66240751    1.58686332    1.75828894    1.61400819    1.67822350    1.80411434    1.40198231    1.47140794    1.50903501    1.44066956    1.67206609    1.75873592    1.31342488    1.34362933    1.83445496    1.63769375    1.65355113    1.67491816    1.60368121    1.61983917    1.64949858    1.71970436    1.62798231    1.65834675    1.45906267    1.53454472    1.48183235    1.50858347    1.56122145    1.51119571    1.34142207    1.42151079    1.51319154    1.31467254    1.44785621    1.49512381    1.50146196    1.46534741    1.55700469    1.52875143    1.58171260    1.51474842    1.43444961    1.47834323    1.48314664    1.51307393    1.45447630    1.46394996    1.52737943    1.46347691    1.49821318    1.55221215    1.35511184    1.41664827    1.40091706    1.43822246    1.42727222    1.25963047    1.45128415    1.53855830    1.79224956    1.49448255    1.56588638    1.62195065    1.47117693    1.52439454    1.43280345    1.42442597    1.41151299    1.45919329    1.69383531    1.57042265    1.59761806    1.70587122    1.70913770    1.66217655    1.68063902    1.65751695    1.53528067    1.56698676    1.41627079    1.55957322    1.60435217    1.40519173
D0N1S9_PHYIT/20-186     1.38456339    1.89847475    1.40212839    1.46988010    1.49815581    1.58040360    1.52988463    1.52716358    1.81398072    1.65541573    1.64599750    0.00000000    1.05319426    0.97979700    0.85192344    0.87534269    1.05594039    0.83001060    0.85207902    0.99852943    1.02926579    0.84384331    0.63635519    2.62991737    3.07807154    2.80510661    2.55716970    2.60607489    2.97495265    2.48288037    2.40252881    2.92846449    2.87357012    2.58565112    2.83658988    2.62465276    2.41829167    2.90315388    2.54646995    2.61359697    2.81016869    2.45777413    2.59908967    2.02734655    1.66759501    1.56465161    1.58558966    1.71370092    1.50592545    1.53303419    1.62264864    1.23059986    1.26906724    1.26883083    1.29326455    1.50739623    1.56893343    1.57697957    1.48289429    1.88105608    1.72450715    1.83722099    1.78170009    1.63691523    1.85629685    1.93097731    1.85271521    1.97936940    1.77680545    1.81417565    1.76739021    1.75503038    1.75539879    1.60187401    1.77600060    1.81142477    1.68318725    1.88253796    1.67737232    1.74897959    1.65802456    1.50575456    1.56563583    1.57682837    1.58625792    1.54618684    1.84211202    1.64593218    1.71448252    1.61381455    1.66843690    1.45924285    1.57447278    1.68674624    1.78000252    1.76897423    1.70854869    1.71834883    1.67689717    1.63314058    1.56583710    1.45220887    1.64872062    1.67137632    1.49256778    1.47555804    1.60775879    1.41246188    1.50663892    1.44867035    1.50184638    1.51932022    1.53433884    1.55751589    1.49392357    1.70393946    1.66543435    1.76784371    1.86832477    1.74603151    1.77780977    1.64976213    1.74193642    1.59265634    1.60093780    1.40105726    1.57240612    1.52422283    1.48999481
B8BYV5_THAPS/290-435     1.39229255    1.62785847    1.62736858    1.52117229    1.76953315    2.12013383    2.06579731    1.78400843    1.74358404    1.71089900    1.64113980    1.05319426    0.00000000    1.19921245    1.15003666    1.06529896    1.14801199    1.02240501    1.10051700    1.20466416    1.18261269    1.08222239    1.03115017    2.74300859    3.08083968    2.47268042    2.63127658    2.46325881    3.22385636    2.70860087    2.53900794    3.07895874    2.63377072    2.53066348    2.87968799    2.82286898    2.51694110    2.63423603    2.82655993    2.85220434    2.96381306    2.92831276    2.01205315    1.77492119    1.93837905    1.65941174    1.69034484    1.66898246    1.68888368    1.72421494    1.58051618    1.64943526    1.70271228    1.78942343    1.73891456    1.75920787    2.00781254    1.67545201    1.80763738    1.81936239    1.80221897    1.72756414    1.83408085    1.97806101    1.84224625    1.69202154    1.79217188    1.78976694    1.82847434    1.64340713    1.91509760    1.74383468    1.54882051    1.68336389    1.64708202    1.74950940    1.74208050    1.93513732    1.74789978    1.56077782    1.86233720    1.77660551    1.97464562    1.65056573    1.75593807    1.85085872    2.04522375    1.67972547    1.88962163    1.71245691    1.97938046    1.73851992    1.69553312    1.74933572    1.89725493    1.85028244    1.80758573    1.77588144    1.84216873    1.70513676    1.66419362    1.77233655    1.69531361    1.71920136    1.60184527    1.64226413    1.61348324    1.59681226    1.57021286    1.69382503    1.62020050    1.54840160    1.51767544    1.47194924    1.40224422    1.76355202    1.71126450    1.60322234    1.81694555    1.72401675    1.73305167    1.79835802    1.57185581    1.82980350    1.72395453    1.59485520    1.68298522    1.66626586    1.70424243
D2V2X0_NAEGR/15-176     1.71093460    2.06015686    1.97280481    1.87284863    1.97374026    2.14402102    2.17125641    2.09011813    1.89279781    2.19766796    1.85431773    0.97979700    1.19921245    0.00000000    1.06020738    0.93970423    0.96802918    0.95334333    0.90821922    1.09656350    1.18798753    0.91213279    0.85932626    2.73416940    3.21525967    2.32593621    2.47082883    2.62510173    3.02921062    2.49404341    2.51240882    3.28138771    3.04340417    2.93016303    3.24155266    3.35614184    2.91567769    3.42718329    2.52330273    2.82037573    3.02116104    2.50633362    2.47310267    2.35202079    2.04816119    1.77044269    1.74400801    1.72098879    1.80117501    1.86368421    1.69325959    1.76651772    1.93816952    1.99683508    1.81734553    2.23498413    2.11164358    1.96947675    1.90817331    1.85683199    1.83493544    1.93975083    2.04027619    1.96777523    1.91687324    1.95653818    2.06473088    2.08042270    2.08465013    1.87034815    1.90105702    1.92580754    1.98321494    1.86819955    1.80567949    1.81880696    1.90294743    1.90457466    1.90919689    1.89440632    1.83509778    1.97355332    2.04834875    1.99966290    1.97038555    2.01221743    2.04894742    1.79449468    1.98674078    2.02569238    2.09613564    1.89516952    1.92119065    1.86405327    1.99018380    1.97285133    2.01903747    1.92587604    2.04843910    1.97747819    1.95008978    1.92935029    1.80859100    1.84809083    1.90922214    2.12251372    1.72205273    1.81451637    1.91620975    1.90337270    2.01363401    1.69985876    1.62539410    1.64780491    1.61996788    1.91171534    1.79307252    1.70511836    1.79182496    1.92955292    1.95054579    1.82191883    1.62831633    1.64141512    1.81162262    2.05596308    1.77627286    2.02898569    1.81831884
G0QY66_ICHMG/14-178     1.49251969    1.76632534    1.41423356    1.63328139    1.75976551    1.92861957    1.79324242    1.69830154    2.30705533    2.15790026    2.02022895    0.85192344    1.15003666    1.06020738    0.00000000    0.32863869    0.92966592    1.09084844    1.17270277    1.04789487    1.14267867    1.09104366    1.02249716    2.73878471    3.06428748    2.59408254    2.68636895    2.89068118    3.40834084    2.73860378    2.99317108    2.95266808    3.17608717    2.78420161    3.21752984    3.08881314    2.35505038    3.28714531    2.83204752    2.51374007    3.32033081    3.29589482    2.24367136    1.83935730    1.80341307    1.86757931    1.87227383    1.87556143    1.76398822    1.85051273    1.76022794    1.67374822    1.68043206    1.66892764    1.59681486    1.82378724    1.96684506    1.82981850    1.98738602    2.02751007    1.86158446    1.73534421    1.92281395    1.93626130    1.97336416    1.99560062    1.83816093    1.97269242    1.94321773    1.84658589    1.73687450    1.81007645    1.81451417    1.77736754    1.81397013    1.78416401    1.82159637    1.79616860    1.76369117    1.87427998    1.78612363    1.82848743    1.99105817    1.73703959    1.88041447    1.91188729    1.96070777    1.87737174    1.90117270    2.04102875    1.90624583    1.64149793    1.71971045    1.88366648    1.87917926    1.98115567    1.87764367    1.79771050    1.95577182    1.89520733    1.79208589    1.73285620    1.89837010    2.05247239    1.66313888    1.76803734    1.80636494    1.65362864    1.63175915    1.76596534    1.70950630    1.62320635    1.69763688    1.47573610    1.56276526    1.53189493    1.70844889    1.60811525    1.64702425    1.60328616    1.69751586    1.75333455    1.88497989    1.83178165    1.68125377    1.55287456    1.54123062    1.59522145    1.71581906
I7LZH4_TETTS/16-180     1.53825102    1.84001067    1.69581059    1.69042465    1.93876740    1.76000273    1.71575850    1.74089053    2.15077155    2.08283287    1.95400584    0.87534269    1.06529896    0.93970423    0.32863869    0.00000000    0.95888326    0.92435325    1.03191859    1.01735127    1.06912511    1.07030921    0.96910893    2.87574973    3.45367465    2.60908486    2.74201022    2.74585122    3.63207747    2.73677783    2.85462082    3.24567704    3.27302621    2.94918078    3.17917904    3.26369040    2.31447191    3.30678790    2.84844749    2.54968730    3.15006553    3.30805599    2.38478966    2.08401083    1.72940320    1.66188141    1.83439666    1.76031866    1.67401269    1.73474065    1.66382353    1.71866694    1.75925976    1.64749937    1.66251952    1.81775205    2.04841526    1.84966966    1.97796630    2.05714474    1.89251431    1.84642199    1.99927522    1.97255885    2.13662606    2.09933647    1.88069079    1.89347600    2.02539212    1.89769741    1.95644286    2.06626560    1.87128724    1.99587846    1.89536835    1.94043947    1.95801448    2.04602270    1.84975571    2.06562920    1.95897317    1.86457507    2.00666655    1.78141593    1.80544964    1.89809001    2.00542207    1.91074372    1.88293711    1.89472567    1.83815796    1.75727761    1.76679213    1.88941590    2.03628690    2.13354380    1.98078650    1.89825487    2.05184296    1.95873593    1.91980003    1.79356473    1.90136740    2.04097612    1.86502746    1.78042185    1.71853955    1.53379021    1.67641960    1.78364692    1.69117650    1.61601810    1.64260206    1.55907154    1.61725457    1.57404270    1.76999497    1.64731871    1.80593916    1.73656730    1.71307272    1.85341481    1.96537089    1.83656961    1.87788027    1.59771454    1.73406443    1.65623216    1.70287757
A0DGD5_PARTE/13-173     1.35984850    1.64788771    1.59937004    1.72633330    1.91369952    1.82740527    1.73747533    1.86469796    1.90939943    1.97622304    1.82904278    1.05594039    1.14801199    0.96802918    0.92966592    0.95888326    0.00000000    1.08301551    0.93404891    1.21814541    1.38289518    1.21203076    1.07727960    2.57486735    3.07885724    2.33589095    2.66812956    2.66728762    2.68554640    2.48499817    2.54532181    2.74559098    2.93648613    2.74868644    2.63347219    2.59477786    2.33208256    3.04741628    2.58679927    2.41998008    2.50033423    2.79196513    2.38839818    2.01327840    1.73332890    1.64172482    1.60028324    1.60724561    1.75733046    1.66096742    1.68196563    1.38547675    1.42193554    1.52827614    1.48994054    1.68880873    2.19884586    1.84297931    1.65111716    2.14394351    1.96760098    1.96821985    2.24710199    1.95859789    2.15306325    2.13916406    1.97954563    2.08011885    2.14228229    1.92498965    1.67942629    1.80781949    1.79107445    1.80871677    1.65779520    1.65086334    1.91034484    1.89858116    1.66438020    1.72672464    1.91789781    1.67670522    1.67335838    1.63981128    1.67564145    1.70718193    1.96240579    1.53817281    1.76431774    1.64354687    1.82112564    1.58972519    1.70130664    1.76564668    1.67571742    1.72323184    1.67076329    1.69354073    1.62192624    1.70891500    1.53791765    1.55464973    1.69122100    1.72323246    1.43002535    1.59089198    1.42280095    1.52762119    1.54062590    1.68772840    1.71978451    1.42082092    1.45500002    1.50687386    1.51044783    1.50901702    1.50814627    1.63640812    1.88775407    1.74607351    1.75446578    1.66524953    1.54895301    1.56843838    1.66660812    1.46008373    1.56921692    1.71572179    1.60054164
D8LAV0_ECTSI/17-176     1.58396625    1.67604939    1.54252720    1.71382956    2.04717953    1.83799333    1.82846396    1.88240558    1.94194410    1.89783262    1.66854010    0.83001060    1.02240501    0.95334333    1.09084844    0.92435325    1.08301551    0.00000000    0.62485398    1.06400039    1.12120360    0.92081879    0.77550818    2.92279178    2.98686683    2.61082905    2.62519537    2.74519032    3.12756462    2.60015612    2.54345725    3.27875983    3.33566059    3.08939857    3.28804288    3.11045136    2.43712993    3.38456628    2.76670967    2.91884945    3.07081208    3.03318133    2.57818183    2.02671742    1.66481930    1.50567657    1.63749464    1.70495207    1.59256106    1.60265338    1.58289144    1.45847525    1.57062434    1.37756121    1.48326890    1.61545170    1.90114600    1.81744265    1.84928344    2.13558386    1.98073733    2.00743345    2.01864326    2.00771432    2.03279800    2.09489744    2.11741871    1.98579308    1.95852223    1.96721258    1.97700808    2.09881589    1.88595594    1.89571296    2.02696349    1.90710567    1.88352805    1.85809378    1.82270739    1.98009055    1.82288923    1.75969739    1.83028169    1.74608200    1.74667367    1.85934463    1.94166341    1.75590505    1.85427221    1.72062871    2.01722408    1.62912412    1.79327649    1.79578183    1.80470192    1.85400773    1.82268461    1.91780367    1.73689114    1.79455315    1.68221568    1.71149710    1.69399223    1.75593688    1.90023312    1.87696341    1.56473132    1.57656684    1.43087767    1.52975974    1.79517802    1.66288476    1.44618966    1.43601629    1.56950217    1.81927051    1.77762745    1.81163450    1.96720174    1.95886863    1.99927912    1.78603768    1.83558221    1.62571017    1.79315242    1.53810824    1.49609608    1.83467315    1.63981289
C1MQ67_MICPC/29-191     1.52947367    2.01142063    1.70249282    1.77375208    1.98742512    1.83902367    1.74789286    1.82115861    1.86121217    1.86482603    1.80229386    0.85207902    1.10051700    0.90821922    1.17270277    1.03191859    0.93404891    0.62485398    0.00000000    1.19567783    1.11472187    0.90675623    0.79303977    2.97273064    2.85734962    2.61124042    2.72308928    2.97969673    2.94704464    2.80590350    2.79769654    3.08231891    2.96369697    2.74404549    3.14526091    2.88129846    2.53322542    3.31891850    2.70759899    2.90929085    2.85384467    2.86068364    2.64729792    2.28169258    1.87210346    1.65599602    1.84168512    1.95289377    1.77177228    1.67225090    1.71645400    1.61452029    1.68141853    1.58032005    1.65760463    1.92285894    1.93424921    1.67997330    1.87327899    2.13004759    1.97178067    2.02076474    2.11453808    2.10818097    2.03003621    2.14058696    2.02550628    2.20022362    2.03536103    1.87954295    1.65512679    1.78664535    1.92784627    1.77328365    1.79855612    1.80953666    1.78674241    1.96844913    1.72894032    1.85660907    1.80955129    1.62691201    1.88409596    1.72574486    1.76999198    1.85743698    1.78522607    1.67553660    1.83306083    1.65059495    1.97183732    1.71917221    1.80353731    1.63740452    1.94936294    1.92887456    1.92746564    1.84676918    1.82035425    1.80991420    1.68171098    1.69084937    1.73227198    1.75523027    1.78232991    1.80205722    1.55999685    1.76845904    1.56721217    1.59198568    1.84634840    1.86061587    1.61677227    1.65021383    1.68728306    1.97340856    1.93017977    2.08430922    2.18884129    2.20266000    2.25468596    1.98755042    1.86628898    1.54276086    1.70360622    1.77521122    1.61515172    1.93523582    1.71811193
Q57Y67_TRYB2/68-248     1.63958733    1.82125328    1.67645082    1.79089117    1.91212834    1.86169368    1.70990253    1.68869669    1.98490298    2.07656878    2.07198992    0.99852943    1.20466416    1.09656350    1.04789487    1.01735127    1.21814541    1.06400039    1.19567783    0.00000000    0.50890843    0.87539554    0.75256647    2.68862160    3.55797044    2.47969125    2.79986889    3.17277309    3.07590659    2.70705268    2.87481385    3.78696597    3.28418494    3.02279422    3.03950405    3.21951508    2.84583870    3.30594885    2.88751944    2.62174092    3.23589756    3.00763115    2.84774101    2.53008182    1.76143107    1.58993872    1.71346022    1.60721406    1.68262292    1.76173554    1.49052537    1.72874800    1.75170834    1.64114308    1.66242766    1.75039261    2.16371523    1.96817361    1.69095560    2.00679883    2.02586080    2.05890176    2.17392744    2.21535242    2.25473656    2.18294343    2.06933104    2.04798491    2.02230398    1.95621833    1.86947771    1.88267794    1.67808617    1.78729974    1.82932408    1.89084388    1.81366940    1.82801385    1.76228089    1.82920082    1.78139658    1.86735670    1.73854501    1.64108329    1.74050924    1.82279371    1.82206110    1.85933546    1.90270307    1.80404795    1.88122143    1.74309034    1.90224187    2.01413630    1.89538679    1.95042796    1.94442117    1.83184825    1.90435246    1.79174228    1.83290962    1.73751773    1.75794583    1.83793078    1.86260505    1.84935511    1.42544620    1.50864276    1.57697143    1.78013738    1.70903932    1.55508837    1.45136301    1.62875426    1.55882052    1.61546368    1.74505610    1.64413636    1.90792552    1.75240689    1.64889599    1.88002652    1.85747027    1.86310851    1.76709000    1.46636330    1.51693398    1.64550558    1.55217992
Q4QEF2_LEIMA/34-206     1.59580543    1.96434954    1.70167560    1.83901156    1.98685175    1.85125383    1.86706724    1.71424986    2.11749563    1.79974931    1.93406759    1.02926579    1.18261269    1.18798753    1.14267867    1.06912511    1.38289518    1.12120360    1.11472187    0.50890843    0.00000000    0.88923027    0.81815534    2.87381666    3.23704903    2.69544538    3.31798653    3.22794657    3.09034000    3.03973924    3.02779190    4.12850067    3.64564319    3.25532101    3.76129201    3.51079869    3.22336111    3.01575534    3.32327142    3.01628000    3.19237646    3.55998525    2.67255610    2.08800133    1.84456414    1.69092084    1.83697875    1.83061188    1.77472159    1.79375235    1.73774649    1.78735127    1.80636669    1.57550980    1.68428374    1.75303811    1.98936879    1.88145525    1.70544302    1.94581075    2.14629200    2.17169295    2.09032379    2.21832085    2.22845225    2.24179105    1.98911264    1.98205030    2.13055553    2.02462214    1.90167557    2.06367824    2.04242865    2.00089368    2.06039382    2.12146338    2.06576125    1.99440464    1.93209325    1.97465607    2.01857562    1.77755901    1.89684576    1.83590523    1.73408502    1.86686793    1.85812393    1.88388434    2.07549715    1.93319540    2.07121034    1.74989363    1.68688278    1.95128623    1.90485497    1.97539275    2.01047086    1.83340567    1.89651692    1.75952072    1.89595584    1.77897711    1.64976144    1.82835398    1.78608474    1.89403650    1.64723627    1.70263603    1.63266489    1.77506103    1.68017749    1.79809720    1.64505619    1.57734661    1.67140511    1.73703745    1.82027081    1.76772407    1.90719944    1.86729435    1.89381694    1.75837950    1.98535201    1.82213120    1.69778580    1.49999307    1.71947053    1.78479972    1.61589759
