33
D6WDB2_TRICA/23-1093     0.00000000    0.85687918    0.88914720    0.92328935    0.96180766    0.97290234    0.95871229    0.78054383    0.89247145    0.78024897    0.94175745    1.51605246    1.25216803    1.20898562    1.28031240    1.66401917    1.27563241    1.74514855    1.37087999    1.51911322    1.42222070    1.40339097    1.39701886    0.69022802    0.76370804    0.68425600    0.80408576    0.72733151    0.81144876    0.95722570    0.80157320    0.70390675    0.85937440
Q7QIQ3_ANOGA/24-1128     0.85687918    0.00000000    0.27591351    0.95424707    0.93856905    0.93747936    0.93679018    0.90599935    0.99652247    0.85246676    1.11822090    1.56807459    1.36812685    1.36413957    1.33528689    1.75099669    1.42149106    1.89412308    1.50234578    1.56975582    1.54971235    1.41053685    1.42498559    0.83875242    0.88642944    0.79618178    0.96120660    0.85226744    0.90352543    1.05970155    0.90006919    0.85135124    0.97702434
W5JH38_ANODA/24-1126     0.88914720    0.27591351    0.00000000    0.94682816    0.96056920    0.94580494    0.94100576    0.92384432    1.02930874    0.87176923    1.13536127    1.56446496    1.31171389    1.35305895    1.39225261    1.74411268    1.39136573    1.90712593    1.53017699    1.53500753    1.56799372    1.40817017    1.45109025    0.84711309    0.89693412    0.82647183    1.00336041    0.88599561    0.91924886    1.08559433    0.95597230    0.85454118    0.99056812
B4MM45_DROWI/23-1134     0.92328935    0.95424707    0.94682816    0.00000000    0.30663921    0.28271299    0.31580713    0.97550062    1.05659933    0.95238643    1.16137452    1.59669242    1.38243749    1.39176498    1.34984163    1.71283267    1.37507404    1.87199574    1.46588473    1.53708023    1.54196548    1.40773552    1.39373946    0.92556090    0.98750599    0.94400832    1.00963890    0.89237434    0.98066742    1.15211190    0.96383066    0.91228128    1.04518904
B4L9P3_DROMO/23-1126     0.96180766    0.93856905    0.96056920    0.30663921    0.00000000    0.25753031    0.30831920    0.99313744    1.06762939    0.96593671    1.12362444    1.60040097    1.35740418    1.36164210    1.38188969    1.74346648    1.35201293    1.94326935    1.45023542    1.66621612    1.51180354    1.44445250    1.41640440    0.90626758    0.99609971    0.91508067    1.04084201    0.89932223    0.99349706    1.17193590    0.96574798    0.90999793    1.05770751
B4H297_DROPE/23-1135     0.97290234    0.93747936    0.94580494    0.28271299    0.25753031    0.00000000    0.24379609    0.99878631    1.07617494    0.95570913    1.14879578    1.51104588    1.33752271    1.34930218    1.38395377    1.72854830    1.33137073    1.92807708    1.42763891    1.61208936    1.49932760    1.42080521    1.41183122    0.93362733    0.99312720    0.93951724    1.03489604    0.90936497    0.98773688    1.13735604    0.98558199    0.90693731    1.04853239
B3M959_DROAN/23-1136     0.95871229    0.93679018    0.94100576    0.31580713    0.30831920    0.24379609    0.00000000    0.99797491    1.03865486    0.93855073    1.13321135    1.51863892    1.32963269    1.35233310    1.37914699    1.69671220    1.34615156    1.86561527    1.40137260    1.65495643    1.50655030    1.42905128    1.43246163    0.94752403    0.96697345    0.92130600    1.00793389    0.90044346    0.99563097    1.15745736    0.98718669    0.91996155    1.06021204
T1L5J8_TETUR/23-1106     0.78054383    0.90599935    0.92384432    0.97550062    0.99313744    0.99878631    0.99797491    0.00000000    0.84140120    0.73917859    0.91703044    1.49711946    1.23007274    1.26008570    1.24448894    1.62788785    1.26434409    1.67776079    1.38048205    1.53562663    1.43833379    1.29333698    1.40066215    0.63662756    0.71451722    0.64190234    0.74269807    0.65178446    0.77752125    1.01844077    0.84433754    0.71101408    0.93019541
A9VDA5_MONBE/23-1099     0.89247145    0.99652247    1.02930874    1.05659933    1.06762939    1.07617494    1.03865486    0.84140120    0.00000000    0.64893391    0.85950410    1.38741026    1.12733953    1.16755976    1.10425723    1.61025267    1.20201669    1.70409201    1.32010247    1.46127943    1.36584512    1.25402657    1.29154802    0.70142670    0.71375766    0.65395074    0.85008678    0.68590535    0.87731590    1.06997553    0.95919708    0.77558079    0.99295378
A0A0D2UH13_CAPO3/22-1101     0.78024897    0.85246676    0.87176923    0.95238643    0.96593671    0.95570913    0.93855073    0.73917859    0.64893391    0.00000000    0.67123921    1.32790847    1.06271063    1.10443283    1.09037362    1.47554953    1.06812512    1.67274879    1.22835119    1.44286935    1.23847971    1.16121292    1.22902203    0.50640098    0.53989517    0.49196091    0.72483055    0.56913981    0.77873635    1.00557294    0.83970131    0.67209580    0.86866995
WASC5_DICDI/24-1104     0.94175745    1.11822090    1.13536127    1.16137452    1.12362444    1.14879578    1.13321135    0.91703044    0.85950410    0.67123921    0.00000000    1.39272572    1.11238137    1.12202928    1.07011077    1.48612130    1.13215959    1.76167308    1.20985433    1.34800538    1.23322251    1.17047215    1.18503743    0.73939571    0.75015149    0.73416192    0.89906108    0.76522515    0.94927107    1.14998853    0.97606668    0.89358981    1.07077742
E9ADE5_LEIMA/38-1227     1.51605246    1.56807459    1.56446496    1.59669242    1.60040097    1.51104588    1.51863892    1.49711946    1.38741026    1.32790847    1.39272572    0.00000000    0.87837829    0.95752884    1.54618929    1.86554995    1.53216635    2.14255811    1.62191265    1.80761754    1.75205919    1.66098264    1.61577111    1.42794857    1.42741423    1.39215596    1.46100746    1.41642544    1.46477042    1.61054008    1.52458584    1.45125495    1.57549187
Q4DP91_TRYCC/30-1118     1.25216803    1.36812685    1.31171389    1.38243749    1.35740418    1.33752271    1.32963269    1.23007274    1.12733953    1.06271063    1.11238137    0.87837829    0.00000000    0.33799245    1.27468805    1.62976889    1.29245583    1.92577732    1.37991700    1.60899965    1.50745102    1.42232676    1.52360945    1.04503207    1.08051388    1.04779098    1.24200286    1.08330945    1.24795638    1.38861402    1.26428021    1.11510046    1.35608027
Q386S7_TRYB2/30-1135     1.20898562    1.36413957    1.35305895    1.39176498    1.36164210    1.34930218    1.35233310    1.26008570    1.16755976    1.10443283    1.12202928    0.95752884    0.33799245    0.00000000    1.29621311    1.69108567    1.30856616    1.98035144    1.40786262    1.57888128    1.50937156    1.42156761    1.49084392    1.07977020    1.13284838    1.08979336    1.22788896    1.11436097    1.30561107    1.41100712    1.25200487    1.16602171    1.34938489
A4RYH9_OSTLU/55-1134     1.28031240    1.33528689    1.39225261    1.34984163    1.38188969    1.38395377    1.37914699    1.24448894    1.10425723    1.09037362    1.07011077    1.54618929    1.27468805    1.29621311    0.00000000    1.51743933    1.13347866    1.92970339    1.40334049    1.56442951    1.45805266    1.38343777    1.41885083    1.07086186    1.12049628    1.08176928    1.19510656    1.12626676    1.22428465    1.44004095    1.24616796    1.19672602    1.33964698
W1P882_AMBTC/30-1105     1.66401917    1.75099669    1.74411268    1.71283267    1.74346648    1.72854830    1.69671220    1.62788785    1.61025267    1.47554953    1.48612130    1.86554995    1.62976889    1.69108567    1.51743933    0.00000000    1.02822500    2.23943015    1.78631569    1.93011607    1.78029154    1.84971990    1.84465575    1.49377813    1.51719869    1.50131964    1.55233388    1.56172081    1.61163748    1.68733154    1.66880554    1.60047476    1.63058839
D8R0S0_SELML/165-1205     1.27563241    1.42149106    1.39136573    1.37507404    1.35201293    1.33137073    1.34615156    1.26434409    1.20201669    1.06812512    1.13215959    1.53216635    1.29245583    1.30856616    1.13347866    1.02822500    0.00000000    1.89493355    1.45644974    1.60151058    1.50164080    1.56679298    1.39572648    1.11243913    1.11673679    1.14655261    1.20498728    1.16156057    1.20482465    1.35108852    1.30533497    1.24449993    1.32902583
A0A1I7VCF9_LOALO/22-1030     1.74514855    1.89412308    1.90712593    1.87199574    1.94326935    1.92807708    1.86561527    1.67776079    1.70409201    1.67274879    1.76167308    2.14255811    1.92577732    1.98035144    1.92970339    2.23943015    1.89493355    0.00000000    1.96335816    2.16535332    2.17132720    2.17158551    2.12966034    1.68374680    1.70958067    1.75270993    1.77176784    1.66205890    1.71498928    1.87941745    1.69101554    1.66645344    1.76834362
A2EZE3_TRIVA/22-1078     1.37087999    1.50234578    1.53017699    1.46588473    1.45023542    1.42763891    1.40137260    1.38048205    1.32010247    1.22835119    1.20985433    1.62191265    1.37991700    1.40786262    1.40334049    1.78631569    1.45644974    1.96335816    0.00000000    1.67361405    1.68549534    1.55151965    1.52841958    1.29003631    1.25863819    1.27397383    1.33517533    1.27993438    1.37291470    1.58503242    1.32580719    1.29481214    1.49447169
C4LTG1_ENTHI/22-1062     1.51911322    1.56975582    1.53500753    1.53708023    1.66621612    1.61208936    1.65495643    1.53562663    1.46127943    1.44286935    1.34800538    1.80761754    1.60899965    1.57888128    1.56442951    1.93011607    1.60151058    2.16535332    1.67361405    0.00000000    1.76240924    1.63410967    1.64374264    1.41026350    1.42945170    1.45625544    1.48677183    1.45536484    1.48717563    1.55072305    1.49107688    1.39621401    1.51251427
B8C2S8_THAPS/21-1099     1.42222070    1.54971235    1.56799372    1.54196548    1.51180354    1.49932760    1.50655030    1.43833379    1.36584512    1.23847971    1.23322251    1.75205919    1.50745102    1.50937156    1.45805266    1.78029154    1.50164080    2.17132720    1.68549534    1.76240924    0.00000000    1.48926291    1.54589184    1.25088450    1.27806741    1.27066234    1.47174488    1.29432864    1.43565228    1.52600078    1.42650981    1.38454671    1.52527169
I7M0U2_TETTS/23-1097     1.40339097    1.41053685    1.40817017    1.40773552    1.44445250    1.42080521    1.42905128    1.29333698    1.25402657    1.16121292    1.17047215    1.66098264    1.42232676    1.42156761    1.38343777    1.84971990    1.56679298    2.17158551    1.55151965    1.63410967    1.48926291    0.00000000    0.79914161    1.23955235    1.22004321    1.18992156    1.26496423    1.23035424    1.30350578    1.49652747    1.33316282    1.26887525    1.37192814
A0DY11_PARTE/22-1088     1.39701886    1.42498559    1.45109025    1.39373946    1.41640440    1.41183122    1.43246163    1.40066215    1.29154802    1.22902203    1.18503743    1.61577111    1.52360945    1.49084392    1.41885083    1.84465575    1.39572648    2.12966034    1.52841958    1.64374264    1.54589184    0.79914161    0.00000000    1.25697116    1.29428306    1.26006755    1.30660839    1.28766459    1.33457237    1.46298524    1.36790620    1.32286663    1.42865106
H2R9P1_PANTR/23-1103     0.69022802    0.83875242    0.84711309    0.92556090    0.90626758    0.93362733    0.94752403    0.63662756    0.70142670    0.50640098    0.73939571    1.42794857    1.04503207    1.07977020    1.07086186    1.49377813    1.11243913    1.68374680    1.29003631    1.41026350    1.25088450    1.23955235    1.25697116    0.00000000    0.48258217    0.35949298    0.64243645    0.47276652    0.68426140    0.92357192    0.70608012    0.58743318    0.81010181
B3S1C5_TRIAD/23-1105     0.76370804    0.88642944    0.89693412    0.98750599    0.99609971    0.99312720    0.96697345    0.71451722    0.71375766    0.53989517    0.75015149    1.42741423    1.08051388    1.13284838    1.12049628    1.51719869    1.11673679    1.70958067    1.25863819    1.42945170    1.27806741    1.22004321    1.29428306    0.48258217    0.00000000    0.43491475    0.67365157    0.54907126    0.76018924    1.01085937    0.80043313    0.64699565    0.86045992
C3Y1H4_BRAFL/22-1097     0.68425600    0.79618178    0.82647183    0.94400832    0.91508067    0.93951724    0.92130600    0.64190234    0.65395074    0.49196091    0.73416192    1.39215596    1.04779098    1.08979336    1.08176928    1.50131964    1.14655261    1.75270993    1.27397383    1.45625544    1.27066234    1.18992156    1.26006755    0.35949298    0.43491475    0.00000000    0.62996392    0.44355266    0.67770401    0.93841136    0.74024518    0.58055481    0.79025493
T1G485_HELRO/23-1100     0.80408576    0.96120660    1.00336041    1.00963890    1.04084201    1.03489604    1.00793389    0.74269807    0.85008678    0.72483055    0.89906108    1.46100746    1.24200286    1.22788896    1.19510656    1.55233388    1.20498728    1.77176784    1.33517533    1.48677183    1.47174488    1.26496423    1.30660839    0.64243645    0.67365157    0.62996392    0.00000000    0.65082716    0.81705855    1.07072176    0.90637247    0.75235888    0.92658510
H2Y1Y9_CIOIN/24-1105     0.72733151    0.85226744    0.88599561    0.89237434    0.89932223    0.90936497    0.90044346    0.65178446    0.68590535    0.56913981    0.76522515    1.41642544    1.08330945    1.11436097    1.12626676    1.56172081    1.16156057    1.66205890    1.27993438    1.45536484    1.29432864    1.23035424    1.28766459    0.47276652    0.54907126    0.44355266    0.65082716    0.00000000    0.73663753    0.93839604    0.77991343    0.60808732    0.81471866
E9FVC5_DAPPU/27-1098     0.81144876    0.90352543    0.91924886    0.98066742    0.99349706    0.98773688    0.99563097    0.77752125    0.87731590    0.77873635    0.94927107    1.46477042    1.24795638    1.30561107    1.22428465    1.61163748    1.20482465    1.71498928    1.37291470    1.48717563    1.43565228    1.30350578    1.33457237    0.68426140    0.76018924    0.67770401    0.81705855    0.73663753    0.00000000    0.91847812    0.88111576    0.68943603    0.86930138
T1I5T3_RHOPR/28-1098     0.95722570    1.05970155    1.08559433    1.15211190    1.17193590    1.13735604    1.15745736    1.01844077    1.06997553    1.00557294    1.14998853    1.61054008    1.38861402    1.41100712    1.44004095    1.68733154    1.35108852    1.87941745    1.58503242    1.55072305    1.52600078    1.49652747    1.46298524    0.92357192    1.01085937    0.93841136    1.07072176    0.93839604    0.91847812    0.00000000    0.94416714    0.89172610    1.05880877
J9K290_ACYPI/18-1098     0.80157320    0.90006919    0.95597230    0.96383066    0.96574798    0.98558199    0.98718669    0.84433754    0.95919708    0.83970131    0.97606668    1.52458584    1.26428021    1.25200487    1.24616796    1.66880554    1.30533497    1.69101554    1.32580719    1.49107688    1.42650981    1.33316282    1.36790620    0.70608012    0.80043313    0.74024518    0.90637247    0.77991343    0.88111576    0.94416714    0.00000000    0.68858699    0.87621400
E0VYU5_PEDHC/23-1107     0.70390675    0.85135124    0.85454118    0.91228128    0.90999793    0.90693731    0.91996155    0.71101408    0.77558079    0.67209580    0.89358981    1.45125495    1.11510046    1.16602171    1.19672602    1.60047476    1.24449993    1.66645344    1.29481214    1.39621401    1.38454671    1.26887525    1.32286663    0.58743318    0.64699565    0.58055481    0.75235888    0.60808732    0.68943603    0.89172610    0.68858699    0.00000000    0.76192836
E2BBX7_HARSA/23-1087     0.85937440    0.97702434    0.99056812    1.04518904    1.05770751    1.04853239    1.06021204    0.93019541    0.99295378    0.86866995    1.07077742    1.57549187    1.35608027    1.34938489    1.33964698    1.63058839    1.32902583    1.76834362    1.49447169    1.51251427    1.52527169    1.37192814    1.42865106    0.81010181    0.86045992    0.79025493    0.92658510    0.81471866    0.86930138    1.05880877    0.87621400    0.76192836    0.00000000

