32
B3RK72_TRIAD/1-126     0.00000000    0.99753485    1.33480497    1.43292744    1.76641059    1.81720375    2.10514046    1.70576201    1.82129969    1.33694765    1.42681005    1.16875318    1.57788776    1.26673335    1.30112239    1.36775840    1.36556711    1.18827548    1.35186847    1.31267327    1.36873564    1.23746056    1.23755926    1.33438988    1.19738064    1.34267739    1.16498106    1.33111357    1.23484455    1.35957289    1.28653693    1.21273378
T1FYI6_HELRO/2-118     0.99753485    0.00000000    1.24433580    1.45780323    1.95537964    1.96067242    1.95212079    1.70325271    1.55194262    1.20966355    1.40420710    0.94953420    1.13807216    0.84955199    0.88998721    0.95055516    1.31128019    1.18490471    1.07675695    1.08700438    1.07366430    1.03712915    1.05437832    1.07646862    1.04435712    1.14155817    1.05003555    0.97801694    0.99987792    1.19310975    1.07948570    1.09398656
B7Q4I0_IXOSC/8-132     1.33480497    1.24433580    0.00000000    1.03423888    1.44404809    1.81971948    1.95453937    1.67402492    1.23246833    1.08128053    1.05977864    1.15489813    1.37975523    1.22517273    1.19054648    1.17676853    1.17212988    1.24071999    1.22830005    1.41708321    1.15388363    1.39929822    1.33629617    1.39381053    1.38389091    1.33767145    1.30872014    1.34428119    1.13519307    1.20481849    1.28707491    1.37608886
E9H9T6_DAPPU/44-169     1.43292744    1.45780323    1.03423888    0.00000000    1.57102414    1.72680814    1.59278806    1.39790765    1.27083735    1.04110208    1.32449849    0.94099304    1.21032601    1.08677064    1.08302364    0.95082457    1.12794592    1.04597956    1.21872619    1.28372065    1.27469190    1.27237396    1.33552114    1.16868074    1.20621628    1.28184281    1.16342974    1.26504247    1.18053056    1.34113240    1.21957025    1.37186180
F2ULM0_SALR5/4-123     1.76641059    1.95537964    1.44404809    1.57102414    0.00000000    1.82889983    2.40403666    1.71665429    1.94123322    1.78089572    1.91018585    1.53411000    1.86997590    1.74111185    1.66807438    1.59488626    1.78632915    1.77862475    1.87637630    1.96405570    1.86744614    1.99266634    2.13060472    1.60919861    1.65350575    1.78294307    1.87278146    1.97734730    2.03815363    2.21713168    1.73999713    2.13773869
K5VVP4_PHACS/26-159     1.81720375    1.96067242    1.81971948    1.72680814    1.82889983    0.00000000    0.59600701    1.86965177    1.48402778    1.72867138    1.73677705    1.39834237    1.84481746    1.63257302    1.75595308    1.70891392    1.47572612    1.59306198    1.62434267    1.62396756    1.63980699    1.61360477    1.48477109    1.52404393    1.50075442    1.58252506    1.47912398    1.81706459    1.71500760    1.88720931    1.65447770    1.65031580
S8E1A1_FOMPI/20-154     2.10514046    1.95212079    1.95453937    1.59278806    2.40403666    0.59600701    0.00000000    1.82151454    1.48494896    2.01479482    1.90525504    1.61427110    1.80364663    1.84596431    1.88161625    1.83620352    1.60683151    1.76344417    1.71469018    1.88580314    1.85108942    1.49445966    1.41538377    1.46001027    1.40990002    1.39874308    1.35787038    1.82112912    1.65147347    1.87507766    1.74680593    1.57858113
A0A0D2VTI8_CAPO3/45-164     1.70576201    1.70325271    1.67402492    1.39790765    1.71665429    1.86965177    1.82151454    0.00000000    1.33311649    1.52822161    1.63210778    1.30512491    1.61505896    1.21461833    1.18774831    1.12193823    1.39660352    1.38924976    1.55186074    1.65274215    1.87722427    1.48946998    1.53710989    1.45552539    1.54621739    1.57209260    1.55183937    1.56542158    1.63671597    1.69413809    1.56941460    1.72417615
S2J1D3_MUCC1/42-159     1.82129969    1.55194262    1.23246833    1.27083735    1.94123322    1.48402778    1.48494896    1.33311649    0.00000000    1.47345422    1.44931093    1.47912894    1.41043525    1.28123945    1.26211687    1.32435331    1.37733274    1.33081315    1.40009537    1.56804551    1.45981317    1.43306083    1.48602185    1.47961530    1.60602693    1.60914497    1.45598473    1.45198676    1.35609758    1.46533308    1.26834498    1.49836662
A0A7M7RCM8_STRPU/60-195     1.33694765    1.20966355    1.08128053    1.04110208    1.78089572    1.72867138    2.01479482    1.52822161    1.47345422    0.00000000    1.07914881    1.10763839    1.55715925    1.17224837    1.11510333    1.21302363    1.39029106    1.15572401    1.29826534    1.45477756    1.27141996    1.05556216    1.03191383    1.24506873    1.20226444    1.20440672    1.11903813    1.17359017    1.09065509    1.18968380    1.21902448    1.17494440
COA8_CAEBR/17-137     1.42681005    1.40420710    1.05977864    1.32449849    1.91018585    1.73677705    1.90525504    1.63210778    1.44931093    1.07914881    0.00000000    1.12001846    1.57945708    1.16643283    1.27379034    1.37623761    1.29016715    1.26706927    1.24885712    1.33489369    1.30297400    1.29613801    1.35099223    1.33705912    1.35079568    1.34852705    1.33014206    1.29907408    1.19696154    1.46600602    1.21878469    1.26793178
A0A212ENR2_DANPL/1-117     1.16875318    0.94953420    1.15489813    0.94099304    1.53411000    1.39834237    1.61427110    1.30512491    1.47912894    1.10763839    1.12001846    0.00000000    0.97224482    0.67246239    0.65359389    0.74510585    0.87828025    0.95990616    0.90386828    0.86248317    1.07119015    0.87856732    0.86372609    0.89028678    0.78288202    0.84428358    0.95610955    0.91027372    0.89669838    1.05439046    0.91739280    0.90079996
E0W2D8_PEDHC/13-134     1.57788776    1.13807216    1.37975523    1.21032601    1.86997590    1.84481746    1.80364663    1.61505896    1.41043525    1.55715925    1.57945708    0.97224482    0.00000000    0.85369345    0.94578605    0.88182877    1.12807515    1.14765675    1.22996927    1.25266659    1.18161612    1.02593514    1.12473264    1.11320816    1.08837968    1.09994421    1.18045711    1.20965102    1.05970363    1.15593864    1.05115915    1.14505679
A0A7M7II92_APIME/34-152     1.26673335    0.84955199    1.22517273    1.08677064    1.74111185    1.63257302    1.84596431    1.21461833    1.28123945    1.17224837    1.16643283    0.67246239    0.85369345    0.00000000    0.36387018    0.39156748    1.04071232    1.10561421    1.01801241    1.12024000    1.05599530    0.97795657    1.01939561    0.93449873    0.97837301    0.95262634    1.03537198    0.88659774    0.86478836    1.01238813    0.91222539    0.91899925
E2AJ69_CAMFO/1-117     1.30112239    0.88998721    1.19054648    1.08302364    1.66807438    1.75595308    1.88161625    1.18774831    1.26211687    1.11510333    1.27379034    0.65359389    0.94578605    0.36387018    0.00000000    0.30961410    1.05840877    1.15025604    1.06253793    1.10488855    1.10662926    0.94670776    0.99277639    0.92103815    0.98812538    0.96520413    1.03974622    0.91066135    0.91363533    0.97497080    1.00714337    0.96848478
E2BXI2_HARSA/1-117     1.36775840    0.95055516    1.17676853    0.95082457    1.59488626    1.70891392    1.83620352    1.12193823    1.32435331    1.21302363    1.37623761    0.74510585    0.88182877    0.39156748    0.30961410    0.00000000    1.05384319    0.98066978    1.00263683    1.05493766    1.15600205    0.98218834    1.01506047    0.84707431    1.01993022    0.96035933    0.98952532    0.98287267    0.89394088    1.03329638    0.95534498    0.97819556
C4WUF6_ACYPI/4-122     1.36556711    1.31128019    1.17212988    1.12794592    1.78632915    1.47572612    1.60683151    1.39660352    1.37733274    1.39029106    1.29016715    0.87828025    1.12807515    1.04071232    1.05840877    1.05384319    0.00000000    0.99813964    1.00637906    0.94610888    1.09842669    0.91322874    0.86686509    0.97940274    0.97902426    1.02781774    1.02778150    1.07134801    0.99945425    1.05317579    1.00778115    1.04350052
T1GQV5_MEGSC/58-176     1.18827548    1.18490471    1.24071999    1.04597956    1.77862475    1.59306198    1.76344417    1.38924976    1.33081315    1.15572401    1.26706927    0.95990616    1.14765675    1.10561421    1.15025604    0.98066978    0.99813964    0.00000000    0.49371348    0.52714113    1.26032477    0.90663197    1.02509007    0.99887425    1.12931461    1.04498218    1.10230777    1.20978778    1.09090253    1.20640091    0.91112649    1.14703150
B4H4L0_DROPE/45-163     1.35186847    1.07675695    1.22830005    1.21872619    1.87637630    1.62434267    1.71469018    1.55186074    1.40009537    1.29826534    1.24885712    0.90386828    1.22996927    1.01801241    1.06253793    1.00263683    1.00637906    0.49371348    0.00000000    0.25453626    1.31136564    1.07902960    1.12252281    1.04211913    1.14676879    1.05148602    1.06268608    1.10832709    1.10418827    1.16179991    1.09002284    1.18525657
B4R317_DROSI/51-169     1.31267327    1.08700438    1.41708321    1.28372065    1.96405570    1.62396756    1.88580314    1.65274215    1.56804551    1.45477756    1.33489369    0.86248317    1.25266659    1.12024000    1.10488855    1.05493766    0.94610888    0.52714113    0.25453626    0.00000000    1.40556093    1.00906002    1.06839838    1.08576983    1.17442041    1.11570350    1.06431740    1.07843102    1.15031012    1.23175088    1.00479456    1.11859466
C3Z4T1_BRAFL/7-135     1.36873564    1.07366430    1.15388363    1.27469190    1.86744614    1.63980699    1.85108942    1.87722427    1.45981317    1.27141996    1.30297400    1.07119015    1.18161612    1.05599530    1.10662926    1.15600205    1.09842669    1.26032477    1.31136564    1.40556093    0.00000000    1.11069030    1.07477243    0.98687603    1.06350098    1.08411413    1.00255215    0.91962865    0.94471300    1.17671183    1.01211417    0.97176557
A0A3B1IKN8_ASTMX/49-177     1.23746056    1.03712915    1.39929822    1.27237396    1.99266634    1.61360477    1.49445966    1.48946998    1.43306083    1.05556216    1.29613801    0.87856732    1.02593514    0.97795657    0.94670776    0.98218834    0.91322874    0.90663197    1.07902960    1.00906002    1.11069030    0.00000000    0.24291361    0.36645400    0.36546134    0.39450961    0.34397552    0.64946564    0.56375589    0.72506012    0.64953467    0.49121474
B8A5M9_DANRE/59-187     1.23755926    1.05437832    1.33629617    1.33552114    2.13060472    1.48477109    1.41538377    1.53710989    1.48602185    1.03191383    1.35099223    0.86372609    1.12473264    1.01939561    0.99277639    1.01506047    0.86686509    1.02509007    1.12252281    1.06839838    1.07477243    0.24291361    0.00000000    0.31723325    0.40687566    0.36731218    0.33313246    0.61845022    0.56547881    0.74630705    0.69568722    0.48070650
H3D4B9_TETNG/7-135     1.33438988    1.07646862    1.39381053    1.16868074    1.60919861    1.52404393    1.46001027    1.45552539    1.47961530    1.24506873    1.33705912    0.89028678    1.11320816    0.93449873    0.92103815    0.84707431    0.97940274    0.99887425    1.04211913    1.08576983    0.98687603    0.36645400    0.31723325    0.00000000    0.29791832    0.30237026    0.25988060    0.57972366    0.55463713    0.78280787    0.64226727    0.52299259
H2MUE5_ORYLA/55-183     1.19738064    1.04435712    1.38389091    1.20621628    1.65350575    1.50075442    1.40990002    1.54621739    1.60602693    1.20226444    1.35079568    0.78288202    1.08837968    0.97837301    0.98812538    1.01993022    0.97902426    1.12931461    1.14676879    1.17442041    1.06350098    0.36546134    0.40687566    0.29791832    0.00000000    0.28580934    0.30073768    0.69466184    0.63782038    0.91997077    0.68406646    0.58369101
M4AVJ6_XIPMA/50-178     1.34267739    1.14155817    1.33767145    1.28184281    1.78294307    1.58252506    1.39874308    1.57209260    1.60914497    1.20440672    1.34852705    0.84428358    1.09994421    0.95262634    0.96520413    0.96035933    1.02781774    1.04498218    1.05148602    1.11570350    1.08411413    0.39450961    0.36731218    0.30237026    0.28580934    0.00000000    0.22044228    0.64533349    0.65369610    0.81446521    0.74293428    0.59214293
G3NLV4_GASAC/59-179     1.16498106    1.05003555    1.30872014    1.16342974    1.87278146    1.47912398    1.35787038    1.55183937    1.45598473    1.11903813    1.33014206    0.95610955    1.18045711    1.03537198    1.03974622    0.98952532    1.02778150    1.10230777    1.06268608    1.06431740    1.00255215    0.34397552    0.33313246    0.25988060    0.30073768    0.22044228    0.00000000    0.64204150    0.60418242    0.82535436    0.64332131    0.60110944
H0VMY6_CAVPO/53-181     1.33111357    0.97801694    1.34428119    1.26504247    1.97734730    1.81706459    1.82112912    1.56542158    1.45198676    1.17359017    1.29907408    0.91027372    1.20965102    0.88659774    0.91066135    0.98287267    1.07134801    1.20978778    1.10832709    1.07843102    0.91962865    0.64946564    0.61845022    0.57972366    0.69466184    0.64533349    0.64204150    0.00000000    0.25968329    0.52125714    0.51052461    0.42820975
COA8_BOVIN/52-180     1.23484455    0.99987792    1.13519307    1.18053056    2.03815363    1.71500760    1.65147347    1.63671597    1.35609758    1.09065509    1.19696154    0.89669838    1.05970363    0.86478836    0.91363533    0.89394088    0.99945425    1.09090253    1.10418827    1.15031012    0.94471300    0.56375589    0.56547881    0.55463713    0.63782038    0.65369610    0.60418242    0.25968329    0.00000000    0.43971385    0.39617615    0.36311542
F6RDP3_ORNAN/41-167     1.35957289    1.19310975    1.20481849    1.34113240    2.21713168    1.88720931    1.87507766    1.69413809    1.46533308    1.18968380    1.46600602    1.05439046    1.15593864    1.01238813    0.97497080    1.03329638    1.05317579    1.20640091    1.16179991    1.23175088    1.17671183    0.72506012    0.74630705    0.78280787    0.91997077    0.81446521    0.82535436    0.52125714    0.43971385    0.00000000    0.57625269    0.55145988
H0ZRK8_TAEGU/49-177     1.28653693    1.07948570    1.28707491    1.21957025    1.73999713    1.65447770    1.74680593    1.56941460    1.26834498    1.21902448    1.21878469    0.91739280    1.05115915    0.91222539    1.00714337    0.95534498    1.00778115    0.91112649    1.09002284    1.00479456    1.01211417    0.64953467    0.69568722    0.64226727    0.68406646    0.74293428    0.64332131    0.51052461    0.39617615    0.57625269    0.00000000    0.46345710
H3ANQ9_LATCH/66-194     1.21273378    1.09398656    1.37608886    1.37186180    2.13773869    1.65031580    1.57858113    1.72417615    1.49836662    1.17494440    1.26793178    0.90079996    1.14505679    0.91899925    0.96848478    0.97819556    1.04350052    1.14703150    1.18525657    1.11859466    0.97176557    0.49121474    0.48070650    0.52299259    0.58369101    0.59214293    0.60110944    0.42820975    0.36311542    0.55145988    0.46345710    0.00000000

