23
A5V6N1_SPHWW/7-348     0.00000000    2.20400426    2.28746667    2.23953708    2.20262499    2.36235540    1.61907462    1.80239933    1.70294800    1.54123587    1.37783108    1.69807061    1.46754231    1.42730026    1.51837198    1.43936693    1.60131897    1.26517589    1.39450638    1.45632388    1.58431205    1.50137402    1.57371521
A9KLP9_LACP7/53-407     2.20400426    0.00000000    2.19839775    2.20915928    2.38396845    2.55208598    2.24518572    2.58302829    2.44288009    2.71712273    2.11801165    2.40383452    2.38381046    2.36004015    2.08076163    2.14171788    2.08398686    2.15287207    2.13746492    2.23937097    2.37355084    2.17174757    2.25661806
Q118U2_TRIEI/12-348     2.28746667    2.19839775    0.00000000    1.68779953    1.74840696    1.92684713    1.89392008    2.06129646    2.17513094    2.16782346    1.85539890    2.19651536    1.73006953    1.83440530    1.89554074    1.91245831    1.77669902    1.88312863    2.02641339    2.00339687    1.75819895    1.82087250    1.85051656
A4HIN1_LEIBR/48-391     2.23953708    2.20915928    1.68779953    0.00000000    0.98102563    0.99110439    2.11968470    2.24904288    2.40031244    2.35587678    1.87181435    2.41294512    1.98918544    1.83811386    1.88345240    1.97023924    1.90492042    2.00221366    1.84199373    2.10195590    1.99888258    2.02213038    1.90763853
Q4DHE8_TRYCC/47-382     2.20262499    2.38396845    1.74840696    0.98102563    0.00000000    0.74128730    2.05368148    2.36606894    2.42829840    2.32533981    1.97445673    2.51014320    2.04302842    1.88221311    1.92424304    1.82405618    1.98217067    1.89141542    1.97771449    2.06364474    1.98165182    2.09608016    2.04201462
Q586Z8_TRYB2/47-385     2.36235540    2.55208598    1.92684713    0.99110439    0.74128730    0.00000000    2.18149627    2.48708423    2.32760905    2.27918066    2.09058036    2.50059314    2.12829442    1.94392668    2.06306513    2.03028568    1.95600994    1.93596503    1.93009860    2.19562546    1.98381544    2.09376329    2.18396922
Q7VV37_BORPE/7-348     1.61907462    2.24518572    1.89392008    2.11968470    2.05368148    2.18149627    0.00000000    1.34400954    1.36211518    1.19385314    1.45068768    1.71670509    1.67197104    1.51647932    1.35941162    1.43533934    1.33148203    1.26113535    1.37629969    1.39295273    1.47924949    1.39048525    1.51075043
A7HS30_PARL1/18-367     1.80239933    2.58302829    2.06129646    2.24904288    2.36606894    2.48708423    1.34400954    0.00000000    1.39995021    1.19914829    1.32464172    1.82506343    1.96608998    1.79234226    1.83141341    1.78250246    1.69759627    1.57875918    1.66939742    1.73215266    1.75559485    1.72365310    1.71231968
Q213B6_RHOPB/13-353     1.70294800    2.44288009    2.17513094    2.40031244    2.42829840    2.32760905    1.36211518    1.39995021    0.00000000    0.65411045    1.46001993    1.77650945    1.75453421    1.64428263    1.63720330    1.53108175    1.59224645    1.42615231    1.53491687    1.59870326    1.53244370    1.73709555    1.68794092
Q7VZV3_BORPE/14-354     1.54123587    2.71712273    2.16782346    2.35587678    2.32533981    2.27918066    1.19385314    1.19914829    0.65411045    0.00000000    1.54467960    1.78520911    1.64996837    1.61466648    1.63290777    1.57315275    1.63943318    1.46177313    1.59766057    1.60444113    1.63966031    1.82999005    1.64202818
A7HTE6_PARL1/10-349     1.37783108    2.11801165    1.85539890    1.87181435    1.97445673    2.09058036    1.45068768    1.32464172    1.46001993    1.54467960    0.00000000    1.38979918    1.37290683    1.22862094    1.17664097    1.13838406    1.22827694    1.10997268    1.16493219    1.17400054    1.17409007    1.14729493    1.25560695
A0L457_MAGMM/24-365     1.69807061    2.40383452    2.19651536    2.41294512    2.51014320    2.50059314    1.71670509    1.82506343    1.77650945    1.78520911    1.38979918    0.00000000    1.61866947    1.55946166    1.36581754    1.43667142    1.59201636    1.36092618    1.49360319    1.41794137    1.32318146    1.46357025    1.44427452
Q2KVE6_BORA1/8-348     1.46754231    2.38381046    1.73006953    1.98918544    2.04302842    2.12829442    1.67197104    1.96608998    1.75453421    1.64996837    1.37290683    1.61866947    0.00000000    1.13377614    1.11683899    1.06631148    1.24157413    1.06734382    1.11108756    1.15625168    1.11319561    1.20298655    1.29228568
Q8XVM7_RALSO/9-348     1.42730026    2.36004015    1.83440530    1.83811386    1.88221311    1.94392668    1.51647932    1.79234226    1.64428263    1.61466648    1.22862094    1.55946166    1.13377614    0.00000000    1.02657691    1.08434456    1.03556881    0.91309484    1.06607091    0.99960501    1.11478337    1.18647691    1.29518713
Q0K9X8_CUPNH/4-344     1.51837198    2.08076163    1.89554074    1.88345240    1.92424304    2.06306513    1.35941162    1.83141341    1.63720330    1.63290777    1.17664097    1.36581754    1.11683899    1.02657691    0.00000000    0.32560991    0.93437828    0.86224805    0.87231037    0.82394620    1.07200574    1.01308671    1.18343676
Q1LNH9_CUPMC/10-350     1.43936693    2.14171788    1.91245831    1.97023924    1.82405618    2.03028568    1.43533934    1.78250246    1.53108175    1.57315275    1.13838406    1.43667142    1.06631148    1.08434456    0.32560991    0.00000000    0.94627457    0.85489721    0.91246357    0.81166286    1.01536177    1.01426787    1.25505096
A1VW91_POLNA/13-355     1.60131897    2.08398686    1.77669902    1.90492042    1.98217067    1.95600994    1.33148203    1.69759627    1.59224645    1.63943318    1.22827694    1.59201636    1.24157413    1.03556881    0.93437828    0.94627457    0.00000000    0.78583520    0.74724942    0.71712719    0.90362499    0.93483274    1.22817632
A1W380_ACISJ/8-351     1.26517589    2.15287207    1.88312863    2.00221366    1.89141542    1.93596503    1.26113535    1.57875918    1.42615231    1.46177313    1.10997268    1.36092618    1.06734382    0.91309484    0.86224805    0.85489721    0.78583520    0.00000000    0.50668461    0.49538818    0.76779943    0.85237772    1.14661757
Q12BQ5_POLSJ/8-351     1.39450638    2.13746492    2.02641339    1.84199373    1.97771449    1.93009860    1.37629969    1.66939742    1.53491687    1.59766057    1.16493219    1.49360319    1.11108756    1.06607091    0.87231037    0.91246357    0.74724942    0.50668461    0.00000000    0.43571053    0.85600418    0.89082301    1.26968986
A1TK81_ACIAC/8-351     1.45632388    2.23937097    2.00339687    2.10195590    2.06364474    2.19562546    1.39295273    1.73215266    1.59870326    1.60444113    1.17400054    1.41794137    1.15625168    0.99960501    0.82394620    0.81166286    0.71712719    0.49538818    0.43571053    0.00000000    0.77542454    0.87426487    1.28000103
A4XNS7_PSEMY/6-345     1.58431205    2.37355084    1.75819895    1.99888258    1.98165182    1.98381544    1.47924949    1.75559485    1.53244370    1.63966031    1.17409007    1.32318146    1.11319561    1.11478337    1.07200574    1.01536177    0.90362499    0.76779943    0.85600418    0.77542454    0.00000000    0.93141349    1.23973483
Q1LB58_CUPMC/20-354     1.50137402    2.17174757    1.82087250    2.02213038    2.09608016    2.09376329    1.39048525    1.72365310    1.73709555    1.82999005    1.14729493    1.46357025    1.20298655    1.18647691    1.01308671    1.01426787    0.93483274    0.85237772    0.89082301    0.87426487    0.93141349    0.00000000    1.25305254
Q0RN36_FRAAA/3-356     1.57371521    2.25661806    1.85051656    1.90763853    2.04201462    2.18396922    1.51075043    1.71231968    1.68794092    1.64202818    1.25560695    1.44427452    1.29228568    1.29518713    1.18343676    1.25505096    1.22817632    1.14661757    1.26968986    1.28000103    1.23973483    1.25305254    0.00000000

