30
J9JSC6_ACYPI/1-294     0.00000000    2.08147724    1.92272183    1.82621804    2.73647346    2.06146751    1.44478637    1.31546548    1.41199258    1.29312633    1.40283193    1.44756537    1.33761032    1.54019408    1.32576569    1.31196161    1.40000007    1.47469102    1.44846047    1.41172069    1.64526449    2.33645730    2.24064142    2.46119366    2.32627392    2.48841805    2.41880068    2.41759142    2.38954256    1.75843946
A8IID5_CHLRE/1-302     2.08147724    0.00000000    1.26922607    1.33022503    2.45024305    2.04367205    1.58646860    1.69080260    1.95232098    1.62054681    1.58765399    1.69680036    1.50561674    1.75116232    1.56445735    1.58449501    1.59871222    1.83147685    1.70346450    1.66518770    2.01304223    2.59091015    3.26712359    3.22085668    3.82192412    3.40856950    3.38515480    2.99720498    3.32627869    2.46756268
C1MM94_MICPC/1-303     1.92272183    1.26922607    0.00000000    0.46557369    2.67528766    2.42836773    1.59882764    1.85733134    1.91889198    1.69575936    1.54603869    1.64137932    1.61685477    1.93705631    1.65292337    1.52975262    1.51824219    1.64876068    1.62495392    1.63871737    1.98061042    2.59604923    3.05595848    3.30363582    3.27134165    3.57246414    3.44010583    3.32753634    3.27408213    2.49470623
C1E6H4_MICCC/1-304     1.82621804    1.33022503    0.46557369    0.00000000    2.88203321    2.04634598    1.48708909    1.74173020    1.96090970    1.67453385    1.57056224    1.54822953    1.59989684    1.79776856    1.53977552    1.47824029    1.42503086    1.63516063    1.67227737    1.62722599    2.05847956    2.74322470    2.94464709    3.19252345    3.49273795    3.25644245    3.15368078    2.91825732    3.16129771    2.33523978
I7M9H3_TETTS/1-309     2.73647346    2.45024305    2.67528766    2.88203321    0.00000000    2.32184400    2.25152149    2.31077939    2.27238327    2.06669281    2.11601431    2.55611517    2.55110897    2.52586196    2.44056384    2.35563820    2.40238707    2.42776371    2.36551051    2.64820567    2.25896162    2.88526979    3.50614312    3.15745071    3.36291786    3.68150528    3.63283271    3.44820690    3.39357887    2.61432645
A0A1X7VFG5_AMPQE/1-305     2.06146751    2.04367205    2.42836773    2.04634598    2.32184400    0.00000000    1.58870172    1.41124804    1.67085725    1.43631535    1.51965186    1.39073137    1.44743215    1.59870296    1.43163542    1.38981207    1.43243136    1.54861154    1.49095023    1.56520810    1.75341144    2.51411622    3.01618911    2.87068267    3.08876482    2.72423309    2.61084349    2.43222122    2.60435662    2.12425757
B3RVL7_TRIAD/1-300     1.44478637    1.58646860    1.59882764    1.48708909    2.25152149    1.58870172    0.00000000    0.78326026    1.07246998    0.72733578    0.88801151    1.03410312    0.99510215    1.17049425    0.97743902    0.96832249    0.93576750    1.03568002    1.00987127    0.95197270    1.51557135    2.14886797    2.62876182    2.73433391    2.71410733    2.63053962    2.64196338    2.45502360    2.50017617    1.81553404
A7RRA3_NEMVE/1-300     1.31546548    1.69080260    1.85733134    1.74173020    2.31077939    1.41124804    0.78326026    0.00000000    0.86700996    0.75664428    0.89416962    0.87961764    0.83256621    0.98867966    0.92764728    0.78245414    0.82349467    0.92633457    0.92449199    0.88279561    1.46726938    2.11861371    2.19562201    2.63310202    2.36438770    2.28589013    2.25716938    2.29094663    2.27880188    1.61273513
K1QNN7_CRAGI/1-300     1.41199258    1.95232098    1.91889198    1.96090970    2.27238327    1.67085725    1.07246998    0.86700996    0.00000000    0.66070435    0.85123610    1.00100465    0.98683739    1.15259342    0.96693317    0.83975456    0.85894552    0.86509360    0.81695929    0.81538070    1.52712636    2.32955268    2.42108091    2.78054801    2.63571947    2.85144688    2.62878595    2.65464490    2.67038251    1.64698552
C3Y8L1_BRAFL/1-311     1.29312633    1.62054681    1.69575936    1.67453385    2.06669281    1.43631535    0.72733578    0.75664428    0.66070435    0.00000000    0.68832423    0.80963032    0.82028778    0.94097126    0.77478081    0.65211965    0.76765657    0.78828417    0.82786770    0.68615883    1.42000123    2.26061916    2.28271644    2.62744618    2.64791517    2.68244029    2.56278974    2.54412208    2.50271802    1.57218223
F6R939_CIOIN/1-299     1.40283193    1.58765399    1.54603869    1.57056224    2.11601431    1.51965186    0.88801151    0.89416962    0.85123610    0.68832423    0.00000000    0.83032575    0.79848100    0.96913900    0.84296808    0.69543680    0.77599406    0.85981074    0.83890782    0.75274248    1.35663791    2.23240292    2.57874767    2.67894778    2.40090531    2.50424816    2.46508408    2.38425199    2.37049902    1.56000489
TM231_DANRE/1-300     1.44756537    1.69680036    1.64137932    1.54822953    2.55611517    1.39073137    1.03410312    0.87961764    1.00100465    0.80963032    0.83032575    0.00000000    0.36681160    0.49343601    0.43284290    0.42048232    0.46156224    0.59344909    0.59906970    0.56654632    1.40788587    2.31943972    2.52621108    2.61514516    2.70145659    2.37966940    2.38257531    2.29344429    2.28579447    1.72961427
H2MK03_ORYLA/1-300     1.33761032    1.50561674    1.61685477    1.59989684    2.55110897    1.44743215    0.99510215    0.83256621    0.98683739    0.82028778    0.79848100    0.36681160    0.00000000    0.31164972    0.22568959    0.34281150    0.44853199    0.60456869    0.54195741    0.43510609    1.31573253    2.23483898    2.49838120    2.59606744    2.34543102    2.24203307    2.33840079    2.22881936    2.18477881    1.67825782
G3NBU4_GASAC/3-301     1.54019408    1.75116232    1.93705631    1.79776856    2.52586196    1.59870296    1.17049425    0.98867966    1.15259342    0.94097126    0.96913900    0.49343601    0.31164972    0.00000000    0.35440143    0.45872973    0.60883685    0.78739582    0.70650490    0.59838002    1.49767341    2.50782304    2.86206092    2.99743075    2.67889110    2.39093872    2.36880019    2.29838462    2.34356517    1.90536859
H3CM39_TETNG/3-303     1.32576569    1.56445735    1.65292337    1.53977552    2.44056384    1.43163542    0.97743902    0.92764728    0.96693317    0.77478081    0.84296808    0.43284290    0.22568959    0.35440143    0.00000000    0.35839962    0.50890699    0.61289996    0.54466608    0.46310493    1.34430739    2.41126051    2.53417838    2.60722059    2.31696706    2.17452024    2.23249571    2.14014003    2.20973438    1.83797072
W5M5C6_LEPOC/4-303     1.31196161    1.58449501    1.52975262    1.47824029    2.35563820    1.38981207    0.96832249    0.78245414    0.83975456    0.65211965    0.69543680    0.42048232    0.34281150    0.45872973    0.35839962    0.00000000    0.31160736    0.49995821    0.45359484    0.29756249    1.21445679    2.25460883    2.40743123    2.49744493    2.51826067    2.35157570    2.40755513    2.25399927    2.35921573    1.65731446
TM231_XENTR/1-300     1.40000007    1.59871222    1.51824219    1.42503086    2.40238707    1.43243136    0.93576750    0.82349467    0.85894552    0.76765657    0.77599406    0.46156224    0.44853199    0.60883685    0.50890699    0.31160736    0.00000000    0.48232420    0.38442562    0.40755888    1.19978006    2.12173400    2.44666753    2.53723346    2.57854163    2.27706234    2.31290002    2.19904028    2.24136592    1.71098827
U3JIL0_FICAL/2-302     1.47469102    1.83147685    1.64876068    1.63516063    2.42776371    1.54861154    1.03568002    0.92633457    0.86509360    0.78828417    0.85981074    0.59344909    0.60456869    0.78739582    0.61289996    0.49995821    0.48232420    0.00000000    0.34628573    0.48716512    1.38168917    2.54898764    2.44085918    2.67525397    2.38232584    2.36888752    2.25537897    2.20265465    2.25650254    1.61975206
TM231_MOUSE/1-301     1.44846047    1.70346450    1.62495392    1.67227737    2.36551051    1.49095023    1.00987127    0.92449199    0.81695929    0.82786770    0.83890782    0.59906970    0.54195741    0.70650490    0.54466608    0.45359484    0.38442562    0.34628573    0.00000000    0.43649646    1.29615342    2.32131830    2.51772577    2.73035030    2.45142301    2.29607247    2.33328691    2.22480711    2.26127197    1.71406848
H2ZUF6_LATCH/3-302     1.41172069    1.66518770    1.63871737    1.62722599    2.64820567    1.56520810    0.95197270    0.88279561    0.81538070    0.68615883    0.75274248    0.56654632    0.43510609    0.59838002    0.46310493    0.29756249    0.40755888    0.48716512    0.43649646    0.00000000    1.40843877    2.40690383    2.46247039    2.70134451    2.50853066    2.34827850    2.35476682    2.26928149    2.38992118    1.72860456
E9GAU6_DAPPU/13-300     1.64526449    2.01304223    1.98061042    2.05847956    2.25896162    1.75341144    1.51557135    1.46726938    1.52712636    1.42000123    1.35663791    1.40788587    1.31573253    1.49767341    1.34430739    1.21445679    1.19978006    1.38168917    1.29615342    1.40843877    0.00000000    2.42455256    2.45616209    2.71801815    2.66917718    2.64910140    2.50311359    2.32242236    2.54252073    1.70482859
E3NAF6_CAERE/1-300     2.33645730    2.59091015    2.59604923    2.74322470    2.88526979    2.51411622    2.14886797    2.11861371    2.32955268    2.26061916    2.23240292    2.31943972    2.23483898    2.50782304    2.41126051    2.25460883    2.12173400    2.54898764    2.32131830    2.40690383    2.42455256    0.00000000    2.72897414    2.67014507    3.10268676    2.79482546    2.67358979    2.65186305    2.49065633    2.65700440
B0WNB2_CULQU/2-320     2.24064142    3.26712359    3.05595848    2.94464709    3.50614312    3.01618911    2.62876182    2.19562201    2.42108091    2.28271644    2.57874767    2.52621108    2.49838120    2.86206092    2.53417838    2.40743123    2.44666753    2.44085918    2.51772577    2.46247039    2.45616209    2.72897414    0.00000000    0.81460105    2.18087974    1.80328308    1.76275197    1.71001562    1.72573177    2.28413250
Q7Q8K4_ANOGA/1-323     2.46119366    3.22085668    3.30363582    3.19252345    3.15745071    2.87068267    2.73433391    2.63310202    2.78054801    2.62744618    2.67894778    2.61514516    2.59606744    2.99743075    2.60722059    2.49744493    2.53723346    2.67525397    2.73035030    2.70134451    2.71801815    2.67014507    0.81460105    0.00000000    2.06184482    1.79579896    1.83943702    1.77547795    1.82088180    2.71081479
T1H2M7_MEGSC/1-307     2.32627392    3.82192412    3.27134165    3.49273795    3.36291786    3.08876482    2.71410733    2.36438770    2.63571947    2.64791517    2.40090531    2.70145659    2.34543102    2.67889110    2.31696706    2.51826067    2.57854163    2.38232584    2.45142301    2.50853066    2.66917718    3.10268676    2.18087974    2.06184482    0.00000000    1.23274514    1.21739769    1.28871935    1.24728767    2.07142193
B3MLK5_DROAN/1-318     2.48841805    3.40856950    3.57246414    3.25644245    3.68150528    2.72423309    2.63053962    2.28589013    2.85144688    2.68244029    2.50424816    2.37966940    2.24203307    2.39093872    2.17452024    2.35157570    2.27706234    2.36888752    2.29607247    2.34827850    2.64910140    2.79482546    1.80328308    1.79579896    1.23274514    0.00000000    0.24017380    0.33702708    0.31345177    2.22595446
Q9VMR1_DROME/1-318     2.41880068    3.38515480    3.44010583    3.15368078    3.63283271    2.61084349    2.64196338    2.25716938    2.62878595    2.56278974    2.46508408    2.38257531    2.33840079    2.36880019    2.23249571    2.40755513    2.31290002    2.25537897    2.33328691    2.35476682    2.50311359    2.67358979    1.76275197    1.83943702    1.21739769    0.24017380    0.00000000    0.29308804    0.34259936    2.23840457
B4MVJ0_DROWI/1-308     2.41759142    2.99720498    3.32753634    2.91825732    3.44820690    2.43222122    2.45502360    2.29094663    2.65464490    2.54412208    2.38425199    2.29344429    2.22881936    2.29838462    2.14014003    2.25399927    2.19904028    2.20265465    2.22480711    2.26928149    2.32242236    2.65186305    1.71001562    1.77547795    1.28871935    0.33702708    0.29308804    0.00000000    0.31430785    2.23136096
B4LU21_DROVI/1-320     2.38954256    3.32627869    3.27408213    3.16129771    3.39357887    2.60435662    2.50017617    2.27880188    2.67038251    2.50271802    2.37049902    2.28579447    2.18477881    2.34356517    2.20973438    2.35921573    2.24136592    2.25650254    2.26127197    2.38992118    2.54252073    2.49065633    1.72573177    1.82088180    1.24728767    0.31345177    0.34259936    0.31430785    0.00000000    2.25593286
F4WIK3_ACREC/1-289     1.75843946    2.46756268    2.49470623    2.33523978    2.61432645    2.12425757    1.81553404    1.61273513    1.64698552    1.57218223    1.56000489    1.72961427    1.67825782    1.90536859    1.83797072    1.65731446    1.71098827    1.61975206    1.71406848    1.72860456    1.70482859    2.65700440    2.28413250    2.71081479    2.07142193    2.22595446    2.23840457    2.23136096    2.25593286    0.00000000

