81
Q2W6T4_MAGSA/5-80     0.00000000    1.08456550    1.63150170    1.09572737    1.23699501    1.29092821    1.73802052    1.39503742    1.67744985    1.25031845    1.08423301    1.81521452    2.41523018    3.27591113    2.45850384    2.28003458    2.40845315    2.47996562    1.90761696    2.74136771    2.95325110    3.19226558    3.01782432    3.77616620    3.54766871    3.29897521    3.79168474    4.28810627    4.38284953    3.05067265    3.29603245    3.34611669    3.40450580    2.81187931    3.28767046    3.67391032    3.43426799    3.42382222    3.65926326    3.00335889    3.54527082    3.76356692    3.38174965    3.31006508    3.76856022    4.17780516    3.75445853    4.61648613    3.90234769    5.19615104    4.56262951    4.40866236    2.87132978    3.31405212    3.67043600    4.20109314    3.98768862    2.70057847    3.44435248    3.44434895    3.29904759    3.68579495    3.16636762    1.54789083    1.77098403    1.71457593    1.57051324    1.67457375    1.46773681    1.54998786    1.52189606    1.80853242    1.52573330    1.39157047    1.34155182    1.75837648    1.67094614    1.73011861    1.89933296    2.74880073    1.36903378
Q3ASU0_CHLCH/35-111     1.08456550    0.00000000    2.14335333    1.47538659    1.71343709    1.69572466    1.64725082    1.48719954    1.88792722    1.66938900    1.91084214    2.29756793    2.88746429    3.29139078    3.03045511    2.41498514    2.72102183    2.77696757    2.61933530    2.84224271    3.72667405    3.48762489    3.12293276    3.85571491    3.87777372    4.03155402    4.51374952    4.34220296    5.54273014    3.57777866    3.48822861    3.62557577    3.06288769    3.39110252    3.58024641    4.18695981    3.89645056    3.49762507    3.77841969    3.28462796    3.70266580    3.97321808    3.33651691    3.35219641    4.07325287    4.40578123    4.37020218    4.33456000    4.75935926    5.21493347    4.38684063    4.58361081    3.44759985    3.21806490    3.79858322    3.86308956    4.23329010    3.76279545    3.62732087    3.75369680    3.32659812    2.71156783    2.95313346    1.73134894    2.24919518    2.02151894    1.76567112    2.14631122    1.96208622    1.96321942    1.82796804    2.24454528    1.52049200    1.67709828    1.68650410    1.87083751    1.92551373    2.10304313    2.27032491    3.36128230    1.54684289
A0Q259_CLONN/7-88     1.63150170    2.14335333    0.00000000    1.55630217    2.10051116    2.16807092    3.00140018    2.13062625    2.40774320    2.62278473    2.04800064    1.57540475    2.84232275    3.39791163    3.62675353    3.08964015    2.51546653    2.93776423    2.37253338    2.19589669    3.94921652    3.69292843    3.51856604    4.09288614    4.29062876    4.54729681    3.48793225    3.53922408    4.09924978    4.42543193    4.65561120    4.01478419    4.32837782    3.79088123    4.89262815    4.66231872    3.76588492    3.71970143    4.40397049    4.24738520    4.04890302    3.74613724    3.23260372    2.94246282    4.60761907    4.26896706    2.86020831    4.44036263    4.40806624    5.78169540    6.05926459    4.20825188    5.76747595    4.55525139    5.25090340    5.65861034    3.88113523    3.96445263    3.16529061    3.82880823    3.62829881    4.94549311    4.86094547    1.61044701    1.88926594    1.72669048    1.87578289    2.30413898    1.65382383    1.64423417    2.05809158    1.87135336    2.18936313    1.84523642    2.51587691    2.25327284    2.47058604    2.71141953    2.54369637    3.18588171    2.13219303
A5UUS7_ROSS1/4-77     1.09572737    1.47538659    1.55630217    0.00000000    1.59077663    1.42928956    1.97323988    2.48454576    2.70329918    1.90113054    1.90215578    2.07708479    2.72637845    3.43055759    2.61165008    2.46719109    2.48794629    2.24910898    2.24483769    2.41861248    2.96037630    3.37318875    2.96166988    4.27548793    3.50876155    3.05254804    3.46014212    3.72590116    3.67040067    2.78061150    3.26057010    2.54365248    2.79973893    2.48928315    2.62085015    2.61702002    2.66580270    3.15991140    3.24853411    2.92517685    2.35759705    2.44552152    2.85484541    2.83693076    3.10627199    3.19548884    3.33957235    4.34400415    3.26913071    4.99193954    3.81108066    4.11149071    2.87794461    3.26709081    3.68447941    5.35181507    3.32412424    3.62093795    2.99424200    3.26361633    2.85631217    3.94825842    3.33459279    1.56057383    1.68390649    1.85764114    1.78717600    2.44581440    2.09868164    2.23298755    1.78997965    1.97142627    1.51775981    1.70516625    1.77499024    1.98177401    1.84509369    2.05179878    2.65832441    2.45696713    2.25417920
A5G969_GEOUR/13-88     1.23699501    1.71343709    2.10051116    1.59077663    0.00000000    0.65462308    1.80388344    2.08226996    2.24106187    1.48508337    1.65441474    2.17450212    2.57218363    2.27900785    2.19104690    1.99561693    3.52109435    3.45299961    2.47075501    2.40644281    3.56626016    3.50627264    3.61104273    3.67099324    3.39968833    3.63769403    4.35640559    4.62120782    6.93272069    4.12149597    3.44188560    3.92976737    3.26309220    3.36187498    3.68566066    4.03533639    4.17125937    3.58170637    3.62038778    3.32483729    4.42324928    4.82690670    4.14099204    3.23594406    4.24544277    4.30519579    4.75104138    4.42690091    3.66983198    4.29974668    4.24940552    4.59464830    3.59450181    3.89096340    3.58207553    4.75524491    3.41911999    3.60610010    3.48049507    3.92524405    3.33423191    3.50368678    3.02040086    1.71345239    1.86076435    1.82239354    2.17804695    1.86685856    1.61758293    1.73868849    1.93805581    2.08998146    1.72399869    1.80839323    1.88006822    2.74138430    2.46349078    2.26659113    2.64666325    3.11242210    1.98813730
Q2RVP4_RHORT/22-97     1.29092821    1.69572466    2.16807092    1.42928956    0.65462308    0.00000000    1.96312260    1.93286049    2.07186895    1.27482605    2.01934685    2.50244745    3.42084386    2.66834133    2.19632504    2.02169621    3.14133732    2.99027682    2.32149687    2.27971811    3.51068997    4.26952015    3.99676673    4.72074069    3.46572854    3.54962715    4.34149398    4.48814175    5.90987140    4.16663409    2.47174672    3.19250461    2.85198356    2.66879890    3.03538986    3.50893210    3.37378957    2.89465907    2.70603566    2.76931295    4.00640882    4.07120006    3.44156603    3.42141974    4.11875652    3.59481302    5.60406481    6.13282200    3.78291674    4.65367272    4.30118440    4.36706995    3.68416390    3.63104084    3.46080017    5.04786231    3.69975875    4.13953202    3.47395612    4.21451516    3.73365758    3.50405949    3.01161137    2.06721629    2.30686735    2.31622220    2.41240327    1.82674497    1.60123277    1.81335769    1.74576482    2.19807767    1.57091301    1.93461656    2.04495261    2.70714010    2.53172908    2.12953283    2.28783829    2.56802229    1.88412535
B4SF46_PELPB/12-86     1.73802052    1.64725082    3.00140018    1.97323988    1.80388344    1.96312260    0.00000000    1.45163675    2.00214225    2.20458101    2.18773402    2.44939705    2.95077046    2.64702652    2.64521344    2.46509770    2.78362877    2.79663194    2.46253055    2.53239032    3.08815549    3.54896338    3.26392758    4.51582418    3.30020998    2.85470564    3.80331644    3.92656450    3.89158250    2.99255282    2.82119507    2.69410666    2.53920394    2.98108655    3.63921739    3.24631149    3.47929133    3.62079713    3.26319791    3.14062886    3.25761856    3.67860775    3.66317773    3.02396994    3.49429341    4.01118236    3.06977308    4.60165375    3.36741049    4.92504177    4.15303741    4.51294503    3.06863709    3.50086320    2.90299526    3.69123729    3.93802009    3.21711297    3.25217727    3.46016302    3.04939806    3.40888049    2.88080678    1.84622128    2.53454860    2.03599256    2.24520007    2.13884634    1.94606060    2.17232206    2.32761721    2.45352747    2.17045389    2.57041668    2.53906856    3.11402041    3.06242849    2.25017905    2.29459175    3.18920084    2.16367487
B4S9X0_PELPB/8-82     1.39503742    1.48719954    2.13062625    2.48454576    2.08226996    1.93286049    1.45163675    0.00000000    0.83473550    1.26395071    1.56846445    2.00570345    2.51940414    2.59648413    1.94334188    2.56490452    2.21381212    1.87867432    1.74785499    2.30314137    3.77340146    3.28862076    3.36147248    4.45205729    3.78973126    3.97782409    4.27904893    4.43902437    4.40497670    2.81990854    3.64919441    3.93366116    3.71905911    3.40992694    4.22108289    4.37954305    3.91407703    4.05980750    3.66359339    3.55825360    3.80192578    4.33111066    3.39117670    3.48200293    3.81633452    4.44020826    4.21122282    4.99748553    5.06711702    7.27735240    4.99318501    4.63050522    3.61279404    5.25297611    3.69848032    4.29689190    5.53216004    4.94493696    4.15597322    4.89498470    3.61995032    3.75732943    3.69064656    1.60577389    1.80546522    1.70791109    1.89398615    1.88676493    2.08667104    2.06691336    1.99092673    1.90134068    1.99669980    1.74997536    1.99068717    2.11724835    2.28258140    2.32954559    1.49862979    2.61115759    1.26474939
A5UUI6_ROSS1/8-82     1.67744985    1.88792722    2.40774320    2.70329918    2.24106187    2.07186895    2.00214225    0.83473550    0.00000000    1.34648199    1.54367866    2.01818189    2.52157620    2.47185323    1.98010829    2.46200323    2.44715970    2.53154370    2.13328122    2.08812658    3.22844100    3.60432770    3.52029184    4.40696021    3.18167680    4.07827021    3.66835117    4.46088349    4.77284988    3.29829399    3.37352137    3.37316982    3.22494615    2.93874174    4.36277363    4.03210254    4.25144192    4.71491200    3.42300029    3.42424755    4.22997256    4.42946045    3.34845028    3.63484393    4.15114914    4.68974719    3.85180359    4.73140286    5.28699537    5.91208691    4.99476870    4.26763677    3.96057512    4.08803126    3.73291092    4.53157065    4.67817201    3.86668834    3.74344189    3.79847610    3.24737409    3.54983525    3.70070830    1.80439421    1.94358814    1.55138181    1.83517893    2.01475257    1.82290216    1.78627407    2.51799687    1.90612067    1.76955558    1.48917585    2.33615567    1.81414138    2.17471845    2.12087618    1.63563502    2.49785973    1.41122580
Q7N5Q7_PHOLL/4-77     1.25031845    1.66938900    2.62278473    1.90113054    1.48508337    1.27482605    2.20458101    1.26395071    1.34648199    0.00000000    1.15419170    1.62674068    2.30449388    1.97529591    2.54920179    2.12290969    2.65627381    2.38803385    1.97486129    2.01016350    3.14189521    3.96129707    3.16929151    4.77977143    3.86849244    3.50149813    3.68929205    4.20848072    4.12974374    3.48167712    2.56840644    2.68998413    2.48924852    2.30545768    3.21751202    2.82190921    2.82864148    2.49714624    2.39528249    2.56767481    3.54465608    3.92000012    2.59587357    2.36810973    3.49546935    3.70314953    3.81888105    4.19690608    4.15849366    4.25307645    3.33429410    4.01770889    3.24903970    3.51166352    3.00127379    3.23007409    3.97449715    3.43741388    3.22878115    4.10746055    3.37206942    2.99900841    2.94136769    1.71121343    1.93072402    1.97191917    2.06788235    2.04308522    1.66779335    1.84572412    1.88364802    2.21793294    1.73494132    1.34705812    1.84792733    1.96877938    2.22368578    2.06447457    1.76899893    2.86825121    1.41021620
B4SEU1_PELPB/7-80     1.08423301    1.91084214    2.04800064    1.90215578    1.65441474    2.01934685    2.18773402    1.56846445    1.54367866    1.15419170    0.00000000    0.80439004    2.28933059    2.03058868    2.92121079    2.51136948    2.25487049    2.62134316    2.46445019    2.51696081    3.01543968    3.49661607    3.42916751    4.63919439    4.42809029    3.76286336    2.97025971    4.01111594    4.00914414    2.72477732    3.51961352    3.41772726    3.17307008    3.10041910    3.62182080    3.55148649    3.49956909    3.78121171    2.81001828    2.96451815    3.61372798    4.23592242    3.28569814    3.54770650    3.66123025    3.95225316    3.31020357    4.33566335    4.03957826    5.37487108    4.70003167    4.76881633    3.48078706    3.69480246    3.35853424    3.67439935    4.35845509    4.09130996    3.88513233    3.95856035    3.53135274    3.90059158    4.03560885    1.54593337    1.96199048    1.87570659    1.87120376    1.70748100    1.45827392    1.46893748    1.76983848    1.98001250    1.29442629    1.11271094    1.77990624    1.85382807    2.16958731    2.13346847    1.79576033    2.59671944    1.34511445
A1BJF1_CHLPD/4-77     1.81521452    2.29756793    1.57540475    2.07708479    2.17450212    2.50244745    2.44939705    2.00570345    2.01818189    1.62674068    0.80439004    0.00000000    2.80122543    2.29861756    3.13929932    2.39591311    2.71367949    2.80465676    2.74523244    2.59637295    2.58777613    3.43904856    3.28645899    4.06988308    4.24567173    3.34060129    3.21703619    3.42710747    4.00444992    2.55063586    3.51387246    3.17165397    3.02804713    3.32817419    3.20734916    3.47460844    3.22744550    3.51995925    3.11671549    3.17488844    3.30178641    3.67504411    3.01585621    2.72821815    3.50302211    3.93758901    3.53890981    3.88844198    3.82513036    4.66207052    3.59396857    4.88988256    3.72891874    3.43720740    3.39725606    4.00223294    4.10375176    3.66028543    3.24824217    3.52589406    3.20470818    4.04273107    3.65783125    1.94022238    2.44463623    2.19961312    2.14798770    1.73489377    1.84178744    1.97121494    2.06006792    2.31002993    1.93049386    1.59341724    2.37374509    2.06269281    2.37832265    2.77671887    2.39347821    2.39562966    1.78487582
A1BD52_CHLPD/3-75     2.41523018    2.88746429    2.84232275    2.72637845    2.57218363    3.42084386    2.95077046    2.51940414    2.52157620    2.30449388    2.28933059    2.80122543    0.00000000    2.28056057    3.22723011    2.56928340    2.39928883    3.48747442    2.11959837    2.03505311    3.41995148    4.03139993    3.57943421    2.90760984    4.15279782    3.30466864    3.67173844    3.46409734    3.45804463    3.28725992    3.26750150    2.92261265    2.49256683    2.51411257    3.03997471    2.67775171    2.64919998    3.23402187    2.83444584    3.20717433    3.90156874    3.59740321    3.31552418    2.29829370    3.96817595    3.65132155    2.70385633    4.20080558    3.74820171    4.51852173    4.10850510    4.27726803    4.46028388    4.08328222    5.33046375    3.52639345    3.21639077    3.93080724    4.03692117    3.47331930    3.93551776    2.70649724    2.71985096    1.86161866    1.44627579    1.44687682    1.96912798    2.54654916    2.60577487    2.32873115    2.10252947    2.07821286    2.82459488    2.54008999    2.50286583    2.87246076    2.84151803    2.96940658    2.67539157    4.02952542    2.36006414
A5GB98_GEOUR/6-81     3.27591113    3.29139078    3.39791163    3.43055759    2.27900785    2.66834133    2.64702652    2.59648413    2.47185323    1.97529591    2.03058868    2.29861756    2.28056057    0.00000000    1.88875670    2.04162026    2.13586418    2.49936983    2.48532732    2.02539050    3.45081397    4.29211388    3.93797290    4.14610685    3.85838482    2.58841803    3.03485166    3.52326921    4.11297578    3.22803651    2.54401259    3.27754700    2.44502065    3.02106020    3.35897023    3.22231528    3.40860392    3.34395882    3.51116866    3.69043285    3.79299603    4.07072965    3.60954595    3.18037314    3.57669712    3.49822463    3.67096960    3.90950683    3.79697750    5.08054429    4.39766137    4.37597313    3.71887032    4.22479210    3.57636185    3.75827883    3.94591972    4.14837819    3.83789790    4.27380767    3.61102438    3.35658435    2.80235506    1.91421000    2.52947605    2.84599110    2.17070803    2.38834938    2.40352513    2.20357910    2.34066060    2.19477362    2.84098596    2.43554993    3.01870671    2.78680132    3.40272646    3.00472778    2.86518632    3.42092371    2.04517203
Q5NZM4_AROAE/9-83     2.45850384    3.03045511    3.62675353    2.61165008    2.19104690    2.19632504    2.64521344    1.94334188    1.98010829    2.54920179    2.92121079    3.13929932    3.22723011    1.88875670    0.00000000    1.64757908    3.21769729    2.89444279    2.58570838    2.52710560    3.85317070    4.85813571    4.34463440    5.11089782    3.83790935    3.69025467    3.05285985    3.13290352    3.89100091    3.19612446    3.23179692    3.73156907    2.98288295    2.86003854    3.04528329    3.62338005    3.70541009    3.78910910    3.33458730    3.57475429    3.67706261    3.74363205    3.45843161    3.28438282    4.04626944    4.00493121    3.78779797    5.36620999    4.74354456    4.91822614    4.26284669    3.56231943    3.50978041    4.27398036    4.49945375    4.47046611    4.66482740    4.06404189    3.60139136    4.15568680    4.01600175    3.47149917    3.49943650    2.39291517    2.38274878    2.27423822    2.53998555    2.61602046    2.33404538    2.76699135    3.05370089    2.16370934    3.56376892    3.16438678    2.07220555    2.63561497    2.55998812    2.98299847    2.81008057    2.97836252    2.59469225
A0L994_MAGMM/15-89     2.28003458    2.41498514    3.08964015    2.46719109    1.99561693    2.02169621    2.46509770    2.56490452    2.46200323    2.12290969    2.51136948    2.39591311    2.56928340    2.04162026    1.64757908    0.00000000    2.94645826    3.35057024    2.39024952    2.25725661    2.91925558    3.82641983    3.50110197    4.35171531    3.11125999    3.20716609    3.29229158    3.87790211    5.12146378    4.16636705    3.08170325    3.24779312    3.38337836    2.84024867    3.42493760    3.32117723    3.50531884    3.84472658    2.70090050    2.86874381    4.00558385    4.22486305    3.84831985    3.40343805    3.59511280    3.99046561    4.36029283    5.66991643    4.60021556    3.65505165    4.07730681    4.52268877    4.04831070    3.53517262    3.23866393    5.80364220    3.78693362    4.11091748    2.99599223    3.83033039    4.05924466    3.07831946    3.41007044    2.64922602    2.62010082    2.52590268    2.96112787    2.16573531    2.35873553    2.37618898    3.12127474    2.13785138    2.08649596    2.54030942    2.53748019    2.42567308    2.57243900    2.30581741    2.91170791    3.03463448    2.21643064
Q3ARD2_CHLCH/10-84     2.40845315    2.72102183    2.51546653    2.48794629    3.52109435    3.14133732    2.78362877    2.21381212    2.44715970    2.65627381    2.25487049    2.71367949    2.39928883    2.13586418    3.21769729    2.94645826    0.00000000    1.33307559    1.20162897    0.99647727    4.40427349    4.23921938    4.10597035    5.02756801    3.71743522    5.04586509    5.08872788    4.95138702    3.53737106    2.64914682    3.30738157    3.44591230    2.74521113    3.31388081    4.82444098    4.48244050    3.88616235    4.28724913    3.54810751    3.98337307    4.54509935    4.42458154    3.17372988    3.99463488    4.45390764    4.64759700    3.07085803    5.63504836    4.38488128    4.96871650    3.48631274    3.54132320    3.33179559    3.72091044    5.21309545    3.74979719    3.82583543    3.88166052    3.46811745    3.11003220    4.61841658    3.21854093    3.50024499    2.95602375    3.03645314    2.80336494    2.14510727    2.53866220    2.20848302    2.16536065    2.28720446    1.71196393    2.98362518    2.65989062    3.16189897    3.01878062    3.31609799    3.68285878    2.61801440    3.52936773    2.42780545
Q117M7_TRIEI/6-80     2.47996562    2.77696757    2.93776423    2.24910898    3.45299961    2.99027682    2.79663194    1.87867432    2.53154370    2.38803385    2.62134316    2.80465676    3.48747442    2.49936983    2.89444279    3.35057024    1.33307559    0.00000000    0.88128826    1.40515483    3.80370989    3.93135093    3.79350268    3.65655189    3.53018978    3.85231263    3.52950106    3.57113287    3.56223682    2.50310060    2.64938129    2.91335947    2.71083068    2.16517559    3.00823188    2.73263653    2.28754054    3.13069406    2.69643529    2.72985049    3.56134186    3.40140715    3.75988113    3.21284260    3.08966732    3.21402954    3.10894602    3.43274267    3.55897916    4.19475769    3.27544909    4.51127748    3.42713767    4.08798049    4.02680449    2.74314746    4.07286067    3.74844525    3.75397036    3.18112731    3.36215657    2.64806964    2.75127629    2.32713167    2.64232921    3.10584365    2.23446602    2.43549921    2.48461357    2.94445358    2.15176231    1.99167980    2.72491396    1.99800229    2.60049535    2.58813441    2.43158747    2.12092501    2.18312736    2.56924952    2.08339360
B4SG65_PELPB/7-81     1.90761696    2.61933530    2.37253338    2.24483769    2.47075501    2.32149687    2.46253055    1.74785499    2.13328122    1.97486129    2.46445019    2.74523244    2.11959837    2.48532732    2.58570838    2.39024952    1.20162897    0.88128826    0.00000000    0.98956013    3.29578847    3.58478235    3.53270432    3.81297546    3.37118921    4.67934032    4.03989544    4.11517921    3.91924184    2.79005009    3.25752580    2.84657569    2.72669838    2.10275744    3.31043869    2.71416301    2.87278900    3.59683025    3.69793820    3.14002558    3.33037840    3.60019896    3.41665842    3.55618885    4.53627383    4.34973433    2.30862117    4.87210843    4.35396849    6.07793404    2.87406216    3.90086930    4.01326165    3.73015161    5.85169873    3.96395337    3.24011247    3.25579187    3.67672342    2.66221496    3.94374700    2.78375548    2.84748118    1.99901671    2.09764847    2.00599284    1.60817448    1.53662743    1.76688375    1.79109863    1.88498642    1.39340706    2.90142415    2.39280507    2.35349412    2.47181219    2.30254452    2.23291494    2.20840333    2.87112191    1.65838386
Q2RKU2_MOOTA/6-80     2.74136771    2.84224271    2.19589669    2.41861248    2.40644281    2.27971811    2.53239032    2.30314137    2.08812658    2.01016350    2.51696081    2.59637295    2.03505311    2.02539050    2.52710560    2.25725661    0.99647727    1.40515483    0.98956013    0.00000000    3.66378911    4.26219310    4.13163860    4.10589079    4.09786544    4.78092383    4.01976938    3.82107545    3.96053612    3.58601478    2.69600906    2.75964257    2.63651622    2.69759156    3.91033047    3.42239436    3.01801861    3.48126002    3.23418505    3.49978876    4.31495031    3.97921164    2.73189616    2.90715331    4.54897194    4.28125416    3.20901776    4.38558893    4.31744745    5.20400043    3.76707200    3.98465035    3.56101520    3.51835450    4.62954965    3.38844259    3.64338337    4.10936062    3.54479280    3.14081181    4.42112827    2.20748154    2.33175040    2.02320592    1.92917899    2.03932123    1.58088638    1.92045387    1.82308630    1.95483740    2.16914135    1.37972415    2.83582058    3.04222048    2.70053127    2.31663796    2.48715189    2.41302482    2.23234276    2.78035104    1.69510543
B1Y474_LEPCP/8-77     2.95325110    3.72667405    3.94921652    2.96037630    3.56626016    3.51068997    3.08815549    3.77340146    3.22844100    3.14189521    3.01543968    2.58777613    3.41995148    3.45081397    3.85317070    2.91925558    4.40427349    3.80370989    3.29578847    3.66378911    0.00000000    1.11734452    1.03471996    1.39209802    1.73005141    2.14242147    2.63295578    2.97375468    3.21820330    2.34489343    1.78187552    2.41289849    2.19093718    2.10663025    2.73038691    2.19213537    2.45147256    2.20424444    2.58923069    3.36876747    2.18865876    2.12109447    2.05516944    1.89840171    2.08417109    2.15934665    2.56774256    3.23863362    3.58434124    4.02650783    3.14143892    2.57301876    2.40424922    3.28754704    2.78124399    3.04391646    3.13319957    3.07326903    2.44179647    2.49577807    2.21715801    2.90137402    2.26189847    3.20348518    3.80281316    3.72659734    3.42733131    2.85920036    3.34683181    3.68997885    3.23355835    2.82609671    3.05310222    3.35704728    2.95993378    3.39554541    3.28790569    3.58488287    3.44762789    2.81452394    3.33559976
B8GQJ0_THISH/12-81     3.19226558    3.48762489    3.69292843    3.37318875    3.50627264    4.26952015    3.54896338    3.28862076    3.60432770    3.96129707    3.49661607    3.43904856    4.03139993    4.29211388    4.85813571    3.82641983    4.23921938    3.93135093    3.58478235    4.26219310    1.11734452    0.00000000    0.44645213    1.27179782    1.46118486    3.36989918    4.02765232    3.73098691    5.15919710    3.12917461    3.21097085    3.79606739    3.32906455    3.26124957    4.65978994    4.45406239    4.26814126    3.77447034    4.27120229    4.96941643    3.81721223    4.19747350    3.46856818    3.39261761    3.57616429    4.12673454    4.03539071    5.07355617    5.92460200    6.67436933    4.96405553    4.11990198    4.29271956    5.63771961    4.74722501    5.30731754    5.62222717    5.05157381    3.43657845    3.53566688    3.81086108    4.11206883    3.60552311    3.70828282    4.48307641    4.16565446    3.43645595    3.00801448    3.55907602    3.87194546    3.65404082    4.03093825    3.25598219    3.92009109    4.09240216    3.44598752    3.95693831    3.57436862    3.62534979    3.99371508    3.24411583
A1BIH3_CHLPD/12-81     3.01782432    3.12293276    3.51856604    2.96166988    3.61104273    3.99676673    3.26392758    3.36147248    3.52029184    3.16929151    3.42916751    3.28645899    3.57943421    3.93797290    4.34463440    3.50110197    4.10597035    3.79350268    3.53270432    4.13163860    1.03471996    0.44645213    0.00000000    1.25252395    1.20922893    3.30112559    3.69670548    3.31599277    4.24656274    3.12164877    3.29210593    3.50670311    3.29195441    3.03335465    3.85654418    3.75378696    3.94593570    3.79334545    4.24980147    4.90329350    3.64913413    3.87644338    3.46474104    3.50530600    3.50453028    3.89521333    3.32343098    4.14919834    5.06795231    6.02183915    4.09242405    3.93386281    4.30091150    4.49836339    4.38097716    3.93561827    5.38513800    4.82394335    3.50994428    3.44102771    3.52294067    4.31738020    3.77247449    3.33658910    4.18106352    3.91843131    3.31195450    2.94696643    3.46998464    3.93478194    3.37010225    3.76131072    2.98421842    3.54563979    3.83353905    2.88889368    3.51977543    3.11585428    3.70350555    3.60564390    2.97117339
A6LGG2_PARD8/17-86     3.77616620    3.85571491    4.09288614    4.27548793    3.67099324    4.72074069    4.51582418    4.45205729    4.40696021    4.77977143    4.63919439    4.06988308    2.90760984    4.14610685    5.11089782    4.35171531    5.02756801    3.65655189    3.81297546    4.10589079    1.39209802    1.27179782    1.25252395    0.00000000    1.22305800    2.70211474    3.40949752    2.81172062    3.07229126    2.69306329    2.90049448    3.29076176    2.81257890    3.09322724    2.90029801    2.81694538    2.90618487    2.71312862    4.09046779    4.40570770    3.03420164    2.84115477    3.34757372    2.54401779    3.04216271    3.22730685    2.89209589    3.91615183    3.55197735    4.62152203    3.27126420    3.38045493    3.30452399    3.96342921    3.23126325    3.37522426    3.11095832    3.40673324    2.81558785    2.71792518    3.07960404    3.77268128    3.24938315    3.54694572    4.03975175    4.08637469    3.42535001    3.60725636    3.84511515    4.60100013    4.26759286    3.91326418    3.52562416    3.84825761    3.81778193    3.60514120    3.92005707    3.67660236    4.16525852    4.13626265    3.87963852
A6L9F2_PARD8/4-73     3.54766871    3.87777372    4.29062876    3.50876155    3.39968833    3.46572854    3.30020998    3.78973126    3.18167680    3.86849244    4.42809029    4.24567173    4.15279782    3.85838482    3.83790935    3.11125999    3.71743522    3.53018978    3.37118921    4.09786544    1.73005141    1.46118486    1.20922893    1.22305800    0.00000000    2.95062435    3.11628940    3.05433265    3.30418623    2.71014569    2.52919462    2.66874161    2.64537499    2.54020685    2.54284415    2.80797037    3.17386634    2.94365475    3.33628630    3.53063327    2.99343101    3.33234216    3.33193569    3.35075816    3.31208331    3.24489929    3.12801789    3.37502731    3.91813266    4.11007433    3.80973807    3.35468314    3.41074228    3.14631949    3.70055367    4.10119410    3.52798131    3.61949424    2.78568147    3.16718054    2.48329070    3.11358471    3.04943221    3.31004014    4.13317784    3.59008147    3.20530192    3.50687249    3.38864408    4.17358689    3.59832358    3.85872437    3.23416011    3.56319968    4.37453098    3.65091340    4.17148985    3.43820995    3.66321987    4.28777316    3.46437047
C1D5D0_LARHH/15-83     3.29897521    4.03155402    4.54729681    3.05254804    3.63769403    3.54962715    2.85470564    3.97782409    4.07827021    3.50149813    3.76286336    3.34060129    3.30466864    2.58841803    3.69025467    3.20716609    5.04586509    3.85231263    4.67934032    4.78092383    2.14242147    3.36989918    3.30112559    2.70211474    2.95062435    0.00000000    1.67978992    2.22465362    2.25817386    2.16577798    1.58843598    1.55642954    1.54499729    1.97877350    2.03850429    1.56901349    1.72442043    1.84996181    2.03371992    1.85721807    1.55492850    1.36540680    1.68330341    1.49518979    1.30590890    1.59684191    2.66707103    2.77522384    2.33102141    3.37771414    3.33655592    2.90948587    1.90528154    2.37550299    2.22527215    2.29294026    2.16777265    2.08319640    1.64643473    2.41593203    2.02600951    2.07308075    1.89071932    3.03683319    3.64289350    3.65992978    3.91377617    3.75015102    3.76612780    3.47719580    3.66560126    3.38577798    3.28560072    3.25450543    2.82537559    2.91821443    2.85210404    3.12016660    3.36845178    3.31615102    3.27355680
C6W2K6_DYAFD/3-73     3.79168474    4.51374952    3.48793225    3.46014212    4.35640559    4.34149398    3.80331644    4.27904893    3.66835117    3.68929205    2.97025971    3.21703619    3.67173844    3.03485166    3.05285985    3.29229158    5.08872788    3.52950106    4.03989544    4.01976938    2.63295578    4.02765232    3.69670548    3.40949752    3.11628940    1.67978992    0.00000000    1.10652341    1.61826778    1.69756543    1.38253094    1.61326985    1.64330817    1.36779096    1.86552404    1.70382105    1.87770968    2.05661869    1.65905528    1.96103777    1.40255859    1.54301472    1.55311990    1.76683054    1.18560022    1.57530260    1.89075373    2.90910728    2.69247372    3.39991074    3.42726481    3.25078608    2.75706083    2.25429044    2.63353037    2.46471539    2.17314912    2.37155587    2.62315620    2.07758261    1.76188396    1.78131218    1.75109761    3.14428731    3.45613267    3.94718548    3.70770265    3.42844679    2.86155692    2.90213509    3.70431015    3.33246677    3.74810735    3.75019559    2.92764748    3.01146216    3.53523906    3.17133173    4.03777112    3.98491544    3.63155031
A6L5W7_BACV8/4-74     4.28810627    4.34220296    3.53922408    3.72590116    4.62120782    4.48814175    3.92656450    4.43902437    4.46088349    4.20848072    4.01111594    3.42710747    3.46409734    3.52326921    3.13290352    3.87790211    4.95138702    3.57113287    4.11517921    3.82107545    2.97375468    3.73098691    3.31599277    2.81172062    3.05433265    2.22465362    1.10652341    0.00000000    2.66373480    1.98247184    2.24757314    2.00181181    2.01484493    2.16371917    2.48534855    2.09443379    2.22999618    2.61399075    2.62025854    2.52959977    2.22601911    2.06498530    2.20096728    2.04490796    1.64747858    1.96219861    2.32147085    2.82959591    2.61042321    3.64828705    3.03447781    3.09444866    2.96922025    2.74524119    3.31814429    3.14640980    2.77180231    2.77175864    2.42400462    2.64849559    2.02267266    2.02312042    1.48726662    2.89643298    3.41175690    3.66111557    3.08448596    3.64647653    3.07688380    3.53839526    3.35306477    3.45775180    3.83857912    3.61138476    3.32019147    2.97380759    3.03550202    3.72550420    4.33456588    3.72227768    3.08361416
Q30P49_SULDN/5-74     4.38284953    5.54273014    4.09924978    3.67040067    6.93272069    5.90987140    3.89158250    4.40497670    4.77284988    4.12974374    4.00914414    4.00444992    3.45804463    4.11297578    3.89100091    5.12146378    3.53737106    3.56223682    3.91924184    3.96053612    3.21820330    5.15919710    4.24656274    3.07229126    3.30418623    2.25817386    1.61826778    2.66373480    0.00000000    1.59912072    2.01929125    1.72863464    1.68100066    1.91515606    2.04020322    1.63894671    1.76442682    1.99412696    1.62675907    1.60888470    1.94858975    1.98607011    2.12382826    1.99697332    2.02727912    1.70868905    2.02030032    2.95360938    2.68008697    3.43388878    3.29073598    2.95288860    2.48721145    2.38814687    2.54145040    2.31286740    2.22297363    2.76092556    2.27753630    2.45633627    2.93771130    2.78811972    2.99321459    4.22323277    4.22017001    4.15645586    4.68753111    5.11084017    4.39256974    4.48511268    4.42418910    3.75527448    5.05833322    4.38347735    3.35197274    3.74358299    3.70804953    4.02011625    3.67129983    4.38994663    4.94062841
Q7MZ34_PHOLL/13-82     3.05067265    3.57777866    4.42543193    2.78061150    4.12149597    4.16663409    2.99255282    2.81990854    3.29829399    3.48167712    2.72477732    2.55063586    3.28725992    3.22803651    3.19612446    4.16636705    2.64914682    2.50310060    2.79005009    3.58601478    2.34489343    3.12917461    3.12164877    2.69306329    2.71014569    2.16577798    1.69756543    1.98247184    1.59912072    0.00000000    1.51283590    1.24343170    1.21734659    1.53199177    1.73389985    1.54653879    1.58896977    1.75574374    1.57266242    1.67763286    1.08485270    1.27898345    1.74252080    1.57649570    1.33890929    1.36629240    1.83638378    2.70694836    1.81737930    3.29321577    2.43569345    2.90230841    2.27681927    2.70214028    2.49517068    2.51081111    2.23269718    2.49233548    1.97417266    1.86442145    1.88202419    2.11833457    2.02691305    3.26414256    3.31581180    2.89485078    3.09659298    3.46184245    2.95518129    3.21284075    3.62199546    3.10621596    4.05965489    2.66618239    2.80585471    2.84382876    2.80366654    3.96298936    3.41194080    3.06076575    2.92283422
A5FUD3_ACICJ/14-84     3.29603245    3.48822861    4.65561120    3.26057010    3.44188560    2.47174672    2.82119507    3.64919441    3.37352137    2.56840644    3.51961352    3.51387246    3.26750150    2.54401259    3.23179692    3.08170325    3.30738157    2.64938129    3.25752580    2.69600906    1.78187552    3.21097085    3.29210593    2.90049448    2.52919462    1.58843598    1.38253094    2.24757314    2.01929125    1.51283590    0.00000000    0.57096755    0.62797093    0.68989894    0.78287004    0.75755567    0.84431260    0.75251174    0.88213377    0.95235280    1.17918427    0.99061441    1.12577547    1.27684853    0.91591682    0.87492925    1.96567512    2.44843561    2.22361607    2.99893384    2.78512261    2.61222353    1.77927561    2.02990043    2.20463999    2.03332120    1.62293743    2.29514604    1.89309042    1.99237143    1.69277285    1.38086889    1.45876897    2.98352634    4.05996724    4.51247412    3.84226702    3.50502404    3.37178592    4.10191154    3.26524342    3.27913186    3.12795268    3.48909834    3.42037558    3.78210969    3.58936935    3.69679646    3.28711976    3.06552565    3.11036388
A8ZSM4_DESOH/12-82     3.34611669    3.62557577    4.01478419    2.54365248    3.92976737    3.19250461    2.69410666    3.93366116    3.37316982    2.68998413    3.41772726    3.17165397    2.92261265    3.27754700    3.73156907    3.24779312    3.44591230    2.91335947    2.84657569    2.75964257    2.41289849    3.79606739    3.50670311    3.29076176    2.66874161    1.55642954    1.61326985    2.00181181    1.72863464    1.24343170    0.57096755    0.00000000    0.42947734    0.65646321    0.88399875    0.68057610    0.79471588    0.90626421    0.89696941    0.58666547    0.79977764    0.84113538    0.94217747    1.17672641    1.01657257    0.93799976    1.70012566    2.52252589    1.97765993    3.32524870    2.69161920    2.86649148    2.02996751    2.10153667    2.13997136    2.38655647    1.76408543    2.43017728    1.88810690    1.91895503    1.29532999    1.65492162    1.57753874    2.72835982    3.74395295    3.53040698    3.74602571    3.52195721    3.12272498    3.38832565    3.25072393    3.11414345    3.23632537    3.09382170    3.54453505    3.81904387    3.61475952    2.94892605    3.26486219    2.98835565    3.28740115
B8GPD0_THISH/12-82     3.40450580    3.06288769    4.32837782    2.79973893    3.26309220    2.85198356    2.53920394    3.71905911    3.22494615    2.48924852    3.17307008    3.02804713    2.49256683    2.44502065    2.98288295    3.38337836    2.74521113    2.71083068    2.72669838    2.63651622    2.19093718    3.32906455    3.29195441    2.81257890    2.64537499    1.54499729    1.64330817    2.01484493    1.68100066    1.21734659    0.62797093    0.42947734    0.00000000    0.73936916    0.98462800    0.67070059    0.84381549    0.66507833    0.81167906    0.78297532    1.14767958    1.15141200    1.10007154    1.40067643    1.11226428    1.05461301    1.90170243    2.44279755    2.05943342    2.87872410    2.53525229    3.00802567    1.99739904    1.94815221    1.95752124    2.25954710    1.70405415    2.04136145    1.92031678    2.05452901    1.54945764    1.41423873    1.32722573    2.67040879    3.45721900    3.46579589    2.80157806    3.09399580    2.91385078    3.04497140    2.82957186    3.04104138    3.23502246    3.08418871    3.34373837    3.71796775    3.51274198    2.74614545    3.29987630    2.82382958    3.18888530
A9WB94_CHLAA/1-71     2.81187931    3.39110252    3.79088123    2.48928315    3.36187498    2.66879890    2.98108655    3.40992694    2.93874174    2.30545768    3.10041910    3.32817419    2.51411257    3.02106020    2.86003854    2.84024867    3.31388081    2.16517559    2.10275744    2.69759156    2.10663025    3.26124957    3.03335465    3.09322724    2.54020685    1.97877350    1.36779096    2.16371917    1.91515606    1.53199177    0.68989894    0.65646321    0.73936916    0.00000000    0.80101178    0.55890293    0.80105230    0.74937048    0.96100723    0.74299951    1.02384828    0.90773043    1.03027078    1.25226304    1.02309134    1.05036758    1.75989027    3.03325316    2.10172694    2.94283761    2.55907956    2.81085192    1.88576795    1.91254582    2.21851445    2.12714755    1.73550733    2.49361512    2.22411003    1.94731430    1.36801138    1.41920977    1.48622315    2.70198284    3.28125130    3.26971001    3.05255413    3.17347707    2.69839882    2.83104372    2.74052253    3.00427241    2.92618168    2.73972275    3.01286013    3.65115620    3.19359869    3.44641238    3.58454455    3.22336699    3.48438701
