18
VPS39_HUMAN/772-880     0.00000000    1.51890236    1.13107003    1.13042736    1.69406515    1.43710777    1.24812374    1.29265874    1.71423019    1.75450171    2.03150811    1.90837479    2.22880039    1.83022123    1.98204763    1.79192735    1.82189292    2.00328763
VPS39_CAEEL/811-919     1.51890236    0.00000000    1.57287367    1.80056327    1.90553592    2.04328449    1.91625593    1.88332926    2.11311400    2.11956470    2.18585249    2.44944865    2.30386723    2.24507761    2.21639340    2.21123812    2.14019889    2.35170270
Q7QC83_ANOGA/793-902     1.13107003    1.57287367    0.00000000    0.36621249    1.31076353    2.04730804    1.75477319    1.66075688    2.08953071    2.14923227    2.14966596    1.79379680    2.34229919    1.92723048    1.91862151    1.70882512    1.66541006    1.62533841
Q17M79_AEDAE/783-892     1.13042736    1.80056327    0.36621249    0.00000000    1.30282562    2.14715025    1.84395626    1.77074785    2.16001450    2.13798873    2.42917682    1.91030990    2.59472178    1.80065963    1.91638339    1.88769207    1.86049068    1.84996732
Q9VEA2_DROME/759-868     1.69406515    1.90553592    1.31076353    1.30282562    0.00000000    2.08456926    1.81401998    1.86121949    1.79307941    2.16986664    1.97762806    2.02088409    2.26189126    1.68107628    1.84577321    1.96648380    1.86269733    2.11292133
A0BVH3_PARTE/796-906     1.43710777    2.04328449    2.04730804    2.14715025    2.08456926    0.00000000    1.73522919    1.47454062    1.60198368    2.22463875    1.89136625    2.28907892    2.29599457    2.06700211    2.12902409    1.73998176    1.74784598    2.26231056
J3LS74_ORYBR/855-963     1.24812374    1.91625593    1.75477319    1.84395626    1.81401998    1.73522919    0.00000000    0.40340892    1.65783175    1.90457613    1.82443969    2.50058487    2.43465974    1.92004429    1.91106458    1.69946125    1.91938159    2.01347915
VPS39_ARATH/875-983     1.29265874    1.88332926    1.66075688    1.77074785    1.86121949    1.47454062    0.40340892    0.00000000    1.42545825    1.71107193    1.80987464    2.15710502    2.36976884    1.73792298    1.71496661    1.61192322    1.60564927    1.61260744
Q6CEZ7_YARLI/886-994     1.71423019    2.11311400    2.08953071    2.16001450    1.79307941    1.60198368    1.65783175    1.42545825    0.00000000    1.45259979    1.44400461    1.70834331    1.81171377    1.63076329    1.95941594    1.73442665    1.98544071    1.94978956
VAM6_SCHPO/785-893     1.75450171    2.11956470    2.14923227    2.13798873    2.16986664    2.22463875    1.90457613    1.71107193    1.45259979    0.00000000    1.57673175    1.81517227    2.29863065    2.01109094    2.46318479    2.06223928    2.33175281    2.22171078
Q0TXX0_PHANO/926-1048     2.03150811    2.18585249    2.14966596    2.42917682    1.97762806    1.89136625    1.82443969    1.80987464    1.44400461    1.57673175    0.00000000    1.73287069    2.28511256    1.83301533    2.36249602    1.94003950    2.24378509    2.11979223
Q5KCD5_CRYNJ/451-560     1.90837479    2.44944865    1.79379680    1.91030990    2.02088409    2.28907892    2.50058487    2.15710502    1.70834331    1.81517227    1.73287069    0.00000000    2.13906254    2.21380412    2.14240388    2.47579294    2.04859273    2.39761490
Q4D6I2_TRYCC/846-954     2.22880039    2.30386723    2.34229919    2.59472178    2.26189126    2.29599457    2.43465974    2.36976884    1.81171377    2.29863065    2.28511256    2.13906254    0.00000000    1.80157490    2.19854376    1.85654447    2.56200251    2.32217835
Q4QGF6_LEIMA/841-949     1.83022123    2.24507761    1.92723048    1.80065963    1.68107628    2.06700211    1.92004429    1.73792298    1.63076329    2.01109094    1.83301533    2.21380412    1.80157490    0.00000000    1.78116204    1.94913377    1.82578412    1.93306208
Q75M25_ORYSJ/802-910     1.98204763    2.21639340    1.91862151    1.91638339    1.84577321    2.12902409    1.91106458    1.71496661    1.95941594    2.46318479    2.36249602    2.14240388    2.19854376    1.78116204    0.00000000    1.80371840    1.69445556    1.74963492
Q54ZD6_DICDI/938-1046     1.79192735    2.21123812    1.70882512    1.88769207    1.96648380    1.73998176    1.69946125    1.61192322    1.73442665    2.06223928    1.94003950    2.47579294    1.85654447    1.94913377    1.80371840    0.00000000    1.51353099    1.83063953
TGFA1_MOUSE/738-846     1.82189292    2.14019889    1.66541006    1.86049068    1.86269733    1.74784598    1.91938159    1.60564927    1.98544071    2.33175281    2.24378509    2.04859273    2.56200251    1.82578412    1.69445556    1.51353099    0.00000000    0.82265546
H3CVP4_TETNG/747-854     2.00328763    2.35170270    1.62533841    1.84996732    2.11292133    2.26231056    2.01347915    1.61260744    1.94978956    2.22171078    2.11979223    2.39761490    2.32217835    1.93306208    1.74963492    1.83063953    0.82265546    0.00000000

