42
A0A7M7PUC7_STRPU/2-239     0.00000000    0.73303783    0.84000735    0.78706597    0.79129226    1.02830878    0.95749113    1.01165136    0.92451940    1.13966390    0.97209438    1.36288642    0.98918017    1.09623233    1.06850295    1.13550258    1.23283565    1.16175237    1.17328559    1.30062803    1.16397690    1.18719833    1.25049775    1.26345084    1.84865041    1.32079759    1.44830026    1.78655624    2.01164902    1.64659452    1.81550714    1.84569750    2.53790616    2.28668899    1.23023811    1.05398044    2.08743504    2.00469992    1.97902019    1.90163786    1.29456151    1.42557939
C3Y0L7_BRAFL/2-249     0.73303783    0.00000000    0.62248134    0.60083277    0.50887819    1.04758371    0.85854135    0.89683917    0.83156188    1.07182815    0.84059692    1.32579993    0.87552384    0.99576587    0.97966540    0.97839821    1.23647521    1.22609294    1.20719272    1.15276069    1.17518989    1.04667039    1.19517032    1.06641319    1.83207577    1.26115755    1.33936469    1.59289374    1.70391225    1.44578047    1.64166480    1.83757720    2.23077778    2.43975448    1.07156177    0.95132658    2.14076637    2.12538749    1.87289900    1.80321946    1.22575401    1.26088005
A7RZT2_NEMVE/2-236     0.84000735    0.62248134    0.00000000    0.71365674    0.71707649    1.09115973    0.96165387    0.94282367    0.95631498    1.25518054    1.04254286    1.40144484    0.99554130    1.07935827    1.04456079    1.08630999    1.36571655    1.17308284    1.27652928    1.25960550    1.15221524    1.18251229    1.35000397    1.25400078    2.20359448    1.35152758    1.34053596    1.67181735    1.73792683    1.51701117    1.58225971    1.56983861    1.96800415    2.30433149    1.09744645    1.00561173    2.36704801    2.21784579    1.94275651    2.02033255    1.27018295    1.36587468
RTRAF_MOUSE/2-244     0.78706597    0.60083277    0.71365674    0.00000000    0.22810506    0.94521330    0.82803129    0.86818383    0.81965857    1.14952985    0.81808487    1.32937312    0.87891968    1.00929993    1.01174406    0.94832454    1.30420194    1.25455007    1.22686606    1.27000654    1.20029612    1.14106112    1.13610777    1.09487043    2.00552228    1.29784258    1.38464704    1.82980051    1.89770305    1.50043978    1.69322514    1.76960025    2.41579014    2.46597924    1.14104195    1.01399339    2.30037304    2.24199414    1.83577617    1.91862649    1.35172211    1.33728345
Q4SEE5_TETNG/2-241     0.79129226    0.50887819    0.71707649    0.22810506    0.00000000    0.94274819    0.77864045    0.82126551    0.81688745    1.04477650    0.81929731    1.28495623    0.83720138    0.96849605    0.95162794    0.93705550    1.29960259    1.25654540    1.23911137    1.29863681    1.23457378    1.07835554    1.16251407    1.07154283    1.96681760    1.25791207    1.33183290    1.82941306    1.93789315    1.58132252    1.74439027    1.70590398    2.37928347    2.44743092    1.06096182    1.08129546    2.25209784    2.06393253    1.79443337    1.98114602    1.34113586    1.44814244
A0A1X7VF94_AMPQE/10-263     1.02830878    1.04758371    1.09115973    0.94521330    0.94274819    0.00000000    1.10514409    1.22644757    1.17122854    1.35669039    1.03642967    1.58869364    1.11438665    1.11487394    1.17252963    1.14537387    1.42154847    1.36883048    1.30001239    1.38133370    1.27005551    1.30453645    1.31009590    1.29647447    1.98545768    1.49950767    1.47810815    1.91251735    1.97201217    1.89416395    1.95181941    1.84805717    2.66067565    2.58456406    1.29765091    1.11587653    2.04825354    1.95721369    1.89534370    2.13662861    1.51986084    1.52429218
F7BMD5_CIOIN/2-247     0.95749113    0.85854135    0.96165387    0.82803129    0.77864045    1.10514409    0.00000000    0.49011404    1.03490796    1.32289324    0.96058305    1.41831672    0.90919274    1.07297268    1.04151895    1.06997040    1.34899042    1.27512596    1.27380793    1.38730864    1.24408487    1.26385904    1.38684754    1.24994220    2.18336934    1.30409791    1.37668472    1.94281737    1.97657312    1.70309332    1.75627680    1.74634800    2.34681051    2.22500309    1.22968336    1.08004470    1.80528881    1.82942383    1.77952166    2.06504435    1.33567482    1.36052213
H2YWJ4_CIOSA/2-241     1.01165136    0.89683917    0.94282367    0.86818383    0.82126551    1.22644757    0.49011404    0.00000000    0.96701274    1.22012194    0.93711732    1.33294411    1.01726561    1.19334948    1.17039001    1.16870345    1.35654737    1.30666459    1.33069759    1.36022589    1.26685277    1.18122091    1.34631924    1.34560803    2.19960860    1.25992799    1.41253690    1.73852056    1.73701118    1.48127262    1.63534830    1.84436640    2.24719626    2.19086908    1.41368853    1.13870203    1.97016675    1.90244480    2.00192385    2.00461342    1.41736936    1.45098058
T1K580_TETUR/2-249     0.92451940    0.83156188    0.95631498    0.81965857    0.81688745    1.17122854    1.03490796    0.96701274    0.00000000    1.01725127    0.87985828    1.20613792    0.83182515    0.89120197    0.94610685    0.89117893    1.26683705    1.29823474    1.36209514    1.31450575    1.30864222    0.96239357    1.08291716    1.12024804    2.02759159    1.22996313    1.40748659    1.63685402    1.59304685    1.39704793    1.59332264    1.86367845    2.26256502    2.17868198    1.30065534    1.07326903    2.34401701    2.20370107    1.81274634    1.96855707    1.39884962    1.30919510
D6WMF1_TRICA/2-243     1.13966390    1.07182815    1.25518054    1.14952985    1.04477650    1.35669039    1.32289324    1.22012194    1.01725127    0.00000000    0.87012780    1.22625040    0.90011357    1.06804399    1.06334894    1.07743180    1.24089559    1.27863639    1.28445146    1.40092467    1.31009675    1.07758577    1.14024904    1.20007696    1.99152388    1.52161130    1.61773294    1.69262690    1.71591754    1.60226286    1.77272853    2.23093774    2.85786044    2.52199640    1.40250900    1.20233764    2.19134452    2.07544150    1.89751986    2.16122225    1.51452837    1.66484964
R4G5D5_RHOPR/2-245     0.97209438    0.84059692    1.04254286    0.81808487    0.81929731    1.03642967    0.96058305    0.93711732    0.87985828    0.87012780    0.00000000    1.02290164    0.69020884    0.82727910    0.78781042    0.77926970    1.17942328    1.16754590    1.18361093    1.22323510    1.08954693    0.96309570    1.01346725    1.03452929    2.09718685    1.34696900    1.32797993    1.74502286    1.87514262    1.70386949    1.72305584    1.86354610    2.54224195    2.54648260    1.35329566    1.12591927    2.31445932    2.16179581    2.02963048    1.98409890    1.42889192    1.36797544
J9K286_ACYPI/2-248     1.36288642    1.32579993    1.40144484    1.32937312    1.28495623    1.58869364    1.41831672    1.33294411    1.20613792    1.22625040    1.02290164    0.00000000    1.16547872    1.30842031    1.23134061    1.26414360    1.49856561    1.46318481    1.60897770    1.51322206    1.51556338    1.34729405    1.32043072    1.35903832    2.09717903    1.52770941    1.78772762    2.25692056    2.28976557    1.99609240    2.11332555    2.32710611    3.19438735    3.04844406    1.82588097    1.37725693    2.14888597    2.21770052    2.12862246    2.02459082    1.89286774    1.92851534
A0A7M7G5L8_NASVI/2-247     0.98918017    0.87552384    0.99554130    0.87891968    0.83720138    1.11438665    0.90919274    1.01726561    0.83182515    0.90011357    0.69020884    1.16547872    0.00000000    0.59166250    0.57988500    0.57378385    1.10912360    1.13338834    1.11675165    1.15892258    1.08455849    1.01580716    1.07899936    1.05745859    2.02614861    1.51960573    1.56083624    1.85543626    2.01066279    1.80934694    1.91106668    1.84883510    2.54986507    2.34201515    1.22762420    1.18141612    2.18341382    2.31426370    2.08136983    2.13646467    1.40345053    1.30832676
E2BQ22_HARSA/2-248     1.09623233    0.99576587    1.07935827    1.00929993    0.96849605    1.11487394    1.07297268    1.19334948    0.89120197    1.06804399    0.82727910    1.30842031    0.59166250    0.00000000    0.22835279    0.18914066    1.21651784    1.11672210    1.19665672    1.22693426    1.14828450    0.99459020    1.09555423    1.07295302    2.27503522    1.44302158    1.61240892    1.86341559    2.05616168    1.78856939    1.92696498    1.87997026    2.58645592    2.70052510    1.42955865    1.29784100    2.23740361    2.41199757    1.74276539    2.12695083    1.55289458    1.58862646
A0A158NCM7_ATTCE/2-250     1.06850295    0.97966540    1.04456079    1.01174406    0.95162794    1.17252963    1.04151895    1.17039001    0.94610685    1.06334894    0.78781042    1.23134061    0.57988500    0.22835279    0.00000000    0.18724571    1.25142911    1.24873733    1.24337153    1.27931555    1.17293329    1.02938180    1.19210872    1.09043239    2.28848342    1.47790955    1.65487267    1.82567658    2.01312015    1.65924165    1.90077777    1.90443026    2.47474468    2.44393531    1.37462483    1.31687923    2.12607822    2.25227917    1.80692311    2.19582204    1.45974635    1.53246746
E2AK62_CAMFO/2-248     1.13550258    0.97839821    1.08630999    0.94832454    0.93705550    1.14537387    1.06997040    1.16870345    0.89117893    1.07743180    0.77926970    1.26414360    0.57378385    0.18914066    0.18724571    0.00000000    1.21495371    1.15112216    1.18332440    1.21831173    1.12870877    1.04964331    1.15978976    1.08169661    2.33404322    1.45018298    1.63515916    1.79605564    1.97455741    1.73768292    2.03423529    1.91754392    2.48358995    2.62358367    1.41818347    1.33183351    2.25755744    2.28109289    1.80849102    2.19204541    1.55873697    1.53031405
B4NTD2_DROSI/4-249     1.23283565    1.23647521    1.36571655    1.30420194    1.29960259    1.42154847    1.34899042    1.35654737    1.26683705    1.24089559    1.17942328    1.49856561    1.10912360    1.21651784    1.25142911    1.21495371    0.00000000    0.32018624    0.32318440    0.44712406    0.38234066    1.16194839    1.18854155    1.23725232    2.52302877    1.73588732    1.76099043    1.92433180    2.01764993    1.73394868    1.94692854    2.03494638    2.35516027    2.29750501    1.50948849    1.44598236    2.42922549    2.15988891    2.02604323    2.06475040    1.66795666    1.66867603
B4GF21_DROPE/2-248     1.16175237    1.22609294    1.17308284    1.25455007    1.25654540    1.36883048    1.27512596    1.30666459    1.29823474    1.27863639    1.16754590    1.46318481    1.13338834    1.11672210    1.24873733    1.15112216    0.32018624    0.00000000    0.24575937    0.34642900    0.27843304    1.16723186    1.20400995    1.25117122    2.45659229    1.71957958    1.59110266    1.80633537    1.88827332    1.70664813    1.96916047    2.01621945    2.32674513    2.16879901    1.50300542    1.46802808    2.33348294    2.15999759    2.00413322    2.29357818    1.62953094    1.74629772
B4NIR3_DROWI/2-250     1.17328559    1.20719272    1.27652928    1.22686606    1.23911137    1.30001239    1.27380793    1.33069759    1.36209514    1.28445146    1.18361093    1.60897770    1.11675165    1.19665672    1.24337153    1.18332440    0.32318440    0.24575937    0.00000000    0.33071811    0.23841391    1.16063068    1.27684732    1.16676006    2.56983306    1.61198936    1.84813939    1.95407377    2.11218023    1.81931263    2.11560426    2.09665851    2.38775041    2.24187704    1.61734902    1.46424457    2.40221309    2.13755483    2.17200812    2.28846416    1.70053454    1.67558980
B4JH03_DROGR/2-248     1.30062803    1.15276069    1.25960550    1.27000654    1.29863681    1.38133370    1.38730864    1.36022589    1.31450575    1.40092467    1.22323510    1.51322206    1.15892258    1.22693426    1.27931555    1.21831173    0.44712406    0.34642900    0.33071811    0.00000000    0.23706488    1.20369506    1.27483143    1.26384730    2.56644917    1.64734804    1.83061711    1.98158190    2.16545603    1.67381513    1.93294311    2.06372093    2.34378867    2.40291141    1.63942458    1.46221543    2.43191190    2.19497326    2.24337706    2.38896445    1.74875624    1.73967270
B4K546_DROMO/2-248     1.16397690    1.17518989    1.15221524    1.20029612    1.23457378    1.27005551    1.24408487    1.26685277    1.30864222    1.31009675    1.08954693    1.51556338    1.08455849    1.14828450    1.17293329    1.12870877    0.38234066    0.27843304    0.23841391    0.23706488    0.00000000    1.09726812    1.20390539    1.12337065    2.56561773    1.63050467    1.81820512    1.78584035    2.02271745    1.65250665    1.97478532    2.08566194    2.24161626    2.20605260    1.54944186    1.43743600    2.33965281    2.12335280    2.02640430    2.28060287    1.65025098    1.59128750
Q16JW3_AEDAE/2-249     1.18719833    1.04667039    1.18251229    1.14106112    1.07835554    1.30453645    1.26385904    1.18122091    0.96239357    1.07758577    0.96309570    1.34729405    1.01580716    0.99459020    1.02938180    1.04964331    1.16194839    1.16723186    1.16063068    1.20369506    1.09726812    0.00000000    0.47327937    0.48875932    2.00934409    1.40585968    1.65803164    2.02738716    2.20988299    1.82011750    2.01429733    2.11196627    2.93097395    2.95719740    1.53359968    1.32452870    2.19144521    2.22732683    2.10367057    2.18212357    1.51255736    1.52629366
Q7PYA5_ANOGA/2-249     1.25049775    1.19517032    1.35000397    1.13610777    1.16251407    1.31009590    1.38684754    1.34631924    1.08291716    1.14024904    1.01346725    1.32043072    1.07899936    1.09555423    1.19210872    1.15978976    1.18854155    1.20400995    1.27684732    1.27483143    1.20390539    0.47327937    0.00000000    0.47828810    2.04101411    1.54254694    1.64435485    2.10786202    2.21264343    1.86954599    2.04705477    2.04886256    2.72536139    2.56199685    1.57682315    1.34444257    2.14693922    2.11099193    2.03076312    2.05682118    1.50206104    1.65044387
A0NGX4_ANOGA/4-262     1.26345084    1.06641319    1.25400078    1.09487043    1.07154283    1.29647447    1.24994220    1.34560803    1.12024804    1.20007696    1.03452929    1.35903832    1.05745859    1.07295302    1.09043239    1.08169661    1.23725232    1.25117122    1.16676006    1.26384730    1.12337065    0.48875932    0.47828810    0.00000000    1.77460656    1.50332554    1.77389206    2.11807392    2.27561388    1.96198766    2.17340537    2.21652607    2.83231272    2.79636593    1.39210603    1.38493704    2.09211826    2.19947562    2.11113796    2.10306963    1.49417394    1.58928854
A8WP86_CAEBR/2-249     1.84865041    1.83207577    2.20359448    2.00552228    1.96681760    1.98545768    2.18336934    2.19960860    2.02759159    1.99152388    2.09718685    2.09717903    2.02614861    2.27503522    2.28848342    2.33404322    2.52302877    2.45659229    2.56983306    2.56644917    2.56561773    2.00934409    2.04101411    1.77460656    0.00000000    1.80457476    2.19935095    2.87056991    2.94338958    2.56597266    2.43366466    2.94590293    3.25078610    3.14754988    1.93669164    2.16202661    3.24905281    3.34258504    3.07204547    2.85912530    2.22898416    2.34629877
G4M0B9_SCHMA/7-244     1.32079759    1.26115755    1.35152758    1.29784258    1.25791207    1.49950767    1.30409791    1.25992799    1.22996313    1.52161130    1.34696900    1.52770941    1.51960573    1.44302158    1.47790955    1.45018298    1.73588732    1.71957958    1.61198936    1.64734804    1.63050467    1.40585968    1.54254694    1.50332554    1.80457476    0.00000000    1.04767292    2.35983567    2.26339347    1.88396538    2.02208724    2.03659629    2.52222128    2.45401906    1.47414531    1.35614540    2.26490976    2.27953147    2.16809759    2.30688205    1.50240948    1.75953411
A0A068Y6M4_ECHMU/7-242     1.44830026    1.33936469    1.34053596    1.38464704    1.33183290    1.47810815    1.37668472    1.41253690    1.40748659    1.61773294    1.32797993    1.78772762    1.56083624    1.61240892    1.65487267    1.63515916    1.76099043    1.59110266    1.84813939    1.83061711    1.81820512    1.65803164    1.64435485    1.77389206    2.19935095    1.04767292    0.00000000    2.15852313    2.19821650    2.06468753    2.08190211    2.60636304    2.81592285    2.98768162    1.49732277    1.43411653    2.42059484    2.49187399    2.05783485    2.41862786    1.93191643    1.77500906
RTRAF_DICDI/3-271     1.78655624    1.59289374    1.67181735    1.82980051    1.82941306    1.91251735    1.94281737    1.73852056    1.63685402    1.69262690    1.74502286    2.25692056    1.85543626    1.86341559    1.82567658    1.79605564    1.92433180    1.80633537    1.95407377    1.98158190    1.78584035    2.02738716    2.10786202    2.11807392    2.87056991    2.35983567    2.15852313    0.00000000    0.39805164    0.78320605    0.94821414    2.16247274    2.52068616    2.25691361    2.16884141    1.93435850    3.19435806    2.78753404    2.58732705    2.68283784    1.76468168    2.21330769
F0Z847_DICPU/3-266     2.01164902    1.70391225    1.73792683    1.89770305    1.93789315    1.97201217    1.97657312    1.73701118    1.59304685    1.71591754    1.87514262    2.28976557    2.01066279    2.05616168    2.01312015    1.97455741    2.01764993    1.88827332    2.11218023    2.16545603    2.02271745    2.20988299    2.21264343    2.27561388    2.94338958    2.26339347    2.19821650    0.39805164    0.00000000    0.81210776    0.95750867    2.28395824    2.72081482    2.34280276    2.11430173    1.89110938    2.74428292    2.53641227    2.57253035    2.68090979    1.77352517    2.28663580
D3AX53_POLPP/10-291     1.64659452    1.44578047    1.51701117    1.50043978    1.58132252    1.89416395    1.70309332    1.48127262    1.39704793    1.60226286    1.70386949    1.99609240    1.80934694    1.78856939    1.65924165    1.73768292    1.73394868    1.70664813    1.81931263    1.67381513    1.65250665    1.82011750    1.86954599    1.96198766    2.56597266    1.88396538    2.06468753    0.78320605    0.81210776    0.00000000    0.80051454    2.06854059    2.52679663    2.36888643    1.89997603    1.58825244    2.55769462    2.53679740    2.22680568    2.40748632    1.49199772    1.66092210
F4PQK8_CAVFA/29-305     1.81550714    1.64166480    1.58225971    1.69322514    1.74439027    1.95181941    1.75627680    1.63534830    1.59332264    1.77272853    1.72305584    2.11332555    1.91106668    1.92696498    1.90077777    2.03423529    1.94692854    1.96916047    2.11560426    1.93294311    1.97478532    2.01429733    2.04705477    2.17340537    2.43366466    2.02208724    2.08190211    0.94821414    0.95750867    0.80051454    0.00000000    2.00641199    2.45358283    2.32040430    2.18717942    1.78472777    2.54708427    2.34510518    2.54609424    2.61637626    1.84466121    1.99518994
B9QQB9_TOXGV/25-286     1.84569750    1.83757720    1.56983861    1.76960025    1.70590398    1.84805717    1.74634800    1.84436640    1.86367845    2.23093774    1.86354610    2.32710611    1.84883510    1.87997026    1.90443026    1.91754392    2.03494638    2.01621945    2.09665851    2.06372093    2.08566194    2.11196627    2.04886256    2.21652607    2.94590293    2.03659629    2.60636304    2.16247274    2.28395824    2.06854059    2.00641199    0.00000000    2.13593044    2.13786989    1.87700173    1.59377149    2.81763767    2.40122808    2.06288998    2.13176625    2.18698987    1.91728901
A0A384LK15_PLAKH/4-291     2.53790616    2.23077778    1.96800415    2.41579014    2.37928347    2.66067565    2.34681051    2.24719626    2.26256502    2.85786044    2.54224195    3.19438735    2.54986507    2.58645592    2.47474468    2.48358995    2.35516027    2.32674513    2.38775041    2.34378867    2.24161626    2.93097395    2.72536139    2.83231272    3.25078610    2.52222128    2.81592285    2.52068616    2.72081482    2.52679663    2.45358283    2.13593044    0.00000000    0.64932017    2.54630814    2.47436150    3.53086318    3.29337183    3.28482617    3.37955099    3.06144408    2.46358270
Q8IIN8_PLAF7/4-278     2.28668899    2.43975448    2.30433149    2.46597924    2.44743092    2.58456406    2.22500309    2.19086908    2.17868198    2.52199640    2.54648260    3.04844406    2.34201515    2.70052510    2.44393531    2.62358367    2.29750501    2.16879901    2.24187704    2.40291141    2.20605260    2.95719740    2.56199685    2.79636593    3.14754988    2.45401906    2.98768162    2.25691361    2.34280276    2.36888643    2.32040430    2.13786989    0.64932017    0.00000000    2.54602958    2.50054100    3.30890235    3.20614768    3.06341481    3.25301356    3.13101737    2.41990449
A0A0D2WME0_CAPO3/4-261     1.23023811    1.07156177    1.09744645    1.14104195    1.06096182    1.29765091    1.22968336    1.41368853    1.30065534    1.40250900    1.35329566    1.82588097    1.22762420    1.42955865    1.37462483    1.41818347    1.50948849    1.50300542    1.61734902    1.63942458    1.54944186    1.53359968    1.57682315    1.39210603    1.93669164    1.47414531    1.49732277    2.16884141    2.11430173    1.89997603    2.18717942    1.87700173    2.54630814    2.54602958    0.00000000    0.90243667    1.79744930    2.00829628    1.74783653    1.91096352    1.30719609    1.40144286
F2UAK0_SALR5/7-248     1.05398044    0.95132658    1.00561173    1.01399339    1.08129546    1.11587653    1.08004470    1.13870203    1.07326903    1.20233764    1.12591927    1.37725693    1.18141612    1.29784100    1.31687923    1.33183351    1.44598236    1.46802808    1.46424457    1.46221543    1.43743600    1.32452870    1.34444257    1.38493704    2.16202661    1.35614540    1.43411653    1.93435850    1.89110938    1.58825244    1.78472777    1.59377149    2.47436150    2.50054100    0.90243667    0.00000000    1.58500586    1.63160573    1.61445703    1.66416790    1.23582849    1.27798186
Q00UI0_OSTTA/14-272     2.08743504    2.14076637    2.36704801    2.30037304    2.25209784    2.04825354    1.80528881    1.97016675    2.34401701    2.19134452    2.31445932    2.14888597    2.18341382    2.23740361    2.12607822    2.25755744    2.42922549    2.33348294    2.40221309    2.43191190    2.33965281    2.19144521    2.14693922    2.09211826    3.24905281    2.26490976    2.42059484    3.19435806    2.74428292    2.55769462    2.54708427    2.81763767    3.53086318    3.30890235    1.79744930    1.58500586    0.00000000    0.56999045    1.56189678    1.62760728    1.99470161    2.33527990
A4S858_OSTLU/17-274     2.00469992    2.12538749    2.21784579    2.24199414    2.06393253    1.95721369    1.82942383    1.90244480    2.20370107    2.07544150    2.16179581    2.21770052    2.31426370    2.41199757    2.25227917    2.28109289    2.15988891    2.15999759    2.13755483    2.19497326    2.12335280    2.22732683    2.11099193    2.19947562    3.34258504    2.27953147    2.49187399    2.78753404    2.53641227    2.53679740    2.34510518    2.40122808    3.29337183    3.20614768    2.00829628    1.63160573    0.56999045    0.00000000    1.40931217    1.59347158    1.84541466    2.34999584
C1MZA7_MICPC/9-297     1.97902019    1.87289900    1.94275651    1.83577617    1.79443337    1.89534370    1.77952166    2.00192385    1.81274634    1.89751986    2.02963048    2.12862246    2.08136983    1.74276539    1.80692311    1.80849102    2.02604323    2.00413322    2.17200812    2.24337706    2.02640430    2.10367057    2.03076312    2.11113796    3.07204547    2.16809759    2.05783485    2.58732705    2.57253035    2.22680568    2.54609424    2.06288998    3.28482617    3.06341481    1.74783653    1.61445703    1.56189678    1.40931217    0.00000000    0.78052233    1.67895461    1.90882235
C1E800_MICCC/14-297     1.90163786    1.80321946    2.02033255    1.91862649    1.98114602    2.13662861    2.06504435    2.00461342    1.96855707    2.16122225    1.98409890    2.02459082    2.13646467    2.12695083    2.19582204    2.19204541    2.06475040    2.29357818    2.28846416    2.38896445    2.28060287    2.18212357    2.05682118    2.10306963    2.85912530    2.30688205    2.41862786    2.68283784    2.68090979    2.40748632    2.61637626    2.13176625    3.37955099    3.25301356    1.91096352    1.66416790    1.62760728    1.59347158    0.78052233    0.00000000    1.48862862    1.94922756
E1Z216_CHLVA/7-244     1.29456151    1.22575401    1.27018295    1.35172211    1.34113586    1.51986084    1.33567482    1.41736936    1.39884962    1.51452837    1.42889192    1.89286774    1.40345053    1.55289458    1.45974635    1.55873697    1.66795666    1.62953094    1.70053454    1.74875624    1.65025098    1.51255736    1.50206104    1.49417394    2.22898416    1.50240948    1.93191643    1.76468168    1.77352517    1.49199772    1.84466121    2.18698987    3.06144408    3.13101737    1.30719609    1.23582849    1.99470161    1.84541466    1.67895461    1.48862862    0.00000000    1.24988131
A8JBC2_CHLRE/7-271     1.42557939    1.26088005    1.36587468    1.33728345    1.44814244    1.52429218    1.36052213    1.45098058    1.30919510    1.66484964    1.36797544    1.92851534    1.30832676    1.58862646    1.53246746    1.53031405    1.66867603    1.74629772    1.67558980    1.73967270    1.59128750    1.52629366    1.65044387    1.58928854    2.34629877    1.75953411    1.77500906    2.21330769    2.28663580    1.66092210    1.99518994    1.91728901    2.46358270    2.41990449    1.40144286    1.27798186    2.33527990    2.34999584    1.90882235    1.94922756    1.24988131    0.00000000

