77
L8FZG1_PSED2/24-104     0.00000000    0.42939186    0.59109621    0.43754732    0.47830393    0.47418021    0.58766816    0.59928333    0.55483271    0.39520791    0.49820334    0.34171707    0.46029387    0.43423049    0.62566593    0.63594479    0.58140276    0.63526676    0.69916541    0.54750909    0.64456879    0.59463890    0.63216914    0.74095390    1.28469199    1.02057678    1.07135262    1.77117458    2.29369033    2.15160842    2.19364409    1.81043176    2.08533963    2.07912972    1.82259960    1.86703685    1.87767289    1.69517002    1.95517267    1.79402578    2.17175563    2.21718191    2.10646185    1.65094179    1.49548923    1.43100926    1.84016508    1.61018835    1.85838161    1.81877574    1.66361894    1.61446906    1.82992392    1.80745020    1.66493946    1.81535489    1.86790045    1.70302836    1.57382639    2.12167484    1.92420993    2.39663621    2.56217682    1.20228019    1.40702986    1.50066847    1.24023883    0.62525460    0.74942796    0.76306348    0.62411095    0.51622234    0.57168571    0.56603611    0.66170300    0.66096933    0.76508994
J3PKK0_GAET3/14-95     0.42939186    0.00000000    0.39446386    0.36051319    0.41537216    0.46439534    0.60647053    0.48544108    0.39961048    0.30900389    0.48560789    0.43524587    0.50920128    0.43321958    0.70707912    0.73073287    0.66493839    0.70663233    0.80245103    0.70540490    0.71350134    0.77586037    0.72190507    0.81211859    1.57490012    1.22599545    1.31549104    1.62468384    1.99820064    1.94448665    1.92106375    1.63302103    1.86881725    1.99081995    1.74340439    1.79908094    1.87576178    1.64669431    1.78874892    2.01387376    2.17717533    2.24542993    2.20159186    1.86995766    1.78238491    1.64705482    1.96315815    1.79931714    1.84219689    1.83900691    1.71795481    1.60078872    1.83275644    1.84209249    1.71120286    1.93230314    2.27679408    1.70839566    1.90201331    2.12057756    1.76488433    2.46119751    2.43688205    1.45435625    1.75122598    1.77689305    1.79142612    0.69230720    0.81703809    0.69571242    0.76962200    0.69430749    0.64013907    0.71017094    0.70875929    0.77021978    0.78614884
G5EI54_MAGO7/19-100     0.59109621    0.39446386    0.00000000    0.55786810    0.57439478    0.64668929    0.69961648    0.67904703    0.57636031    0.45701413    0.63141572    0.61896618    0.69225094    0.64033268    0.86027692    0.83647820    0.73867602    0.81433418    0.86549195    0.77465276    0.90573398    0.88747144    0.88285925    0.94330533    1.37229466    1.31820511    1.34958130    1.91212880    2.11797146    2.25714128    2.00190439    1.73021137    2.11773265    2.05800685    1.98875810    2.01007833    2.10953300    1.98720681    1.98605581    2.17784696    2.22475751    2.61284815    2.33335632    1.90060973    1.73330195    1.36664435    1.73832371    1.86976437    1.83240916    1.78407470    1.69317442    1.50462223    1.65853998    1.77830298    1.69169877    1.98655800    2.03022103    1.64136113    1.82124716    1.92530828    1.74267237    2.43023491    2.17989041    1.44818161    1.71122722    1.75712199    1.71460464    0.79523273    0.81903798    0.79851532    0.83914752    0.80728541    0.74233236    0.86000242    0.92871274    0.98799402    1.04492134
G2X3F4_VERDV/32-113     0.43754732    0.36051319    0.55786810    0.00000000    0.42844407    0.47224333    0.60541659    0.64063131    0.47947279    0.39163463    0.55744939    0.47264419    0.61636339    0.55996714    0.69761402    0.89218359    0.70638403    0.78741947    0.80806045    0.72617915    0.74626716    0.82506790    0.82844200    0.80670718    1.53292935    1.46592383    1.38938098    1.77812412    2.11456344    2.09047897    2.00212245    1.75291288    2.02581345    2.07433904    1.78793243    1.80966995    1.86824189    1.67191407    1.83865146    1.62579270    2.06783485    2.35851179    2.31221755    2.00344271    1.66707032    1.59880340    1.97175966    1.83367739    1.63663302    1.62673091    1.69293324    1.72501461    1.74925511    1.74203711    1.47086461    1.87924621    2.02599333    1.76941519    2.00846354    2.06561036    2.02338695    2.54907528    2.62949612    1.43010408    1.72069221    1.74719622    1.81290367    0.66229698    0.78965384    0.72305235    0.78195466    0.76737437    0.70333385    0.72590834    0.76076135    0.80699313    0.77927362
M1W9J8_CLAP2/26-107     0.47830393    0.41537216    0.57439478    0.42844407    0.00000000    0.32787919    0.43201016    0.47585354    0.46425429    0.41478922    0.60081592    0.42353874    0.65080479    0.49747987    0.80128155    0.76475244    0.71313525    0.71704524    0.71032737    0.70574586    0.72346770    0.81922907    0.87741248    0.85545385    1.44186335    1.17253819    1.30473648    1.51640549    2.12495581    2.04991414    1.81889335    1.67858309    1.84294553    2.02736202    1.88151151    1.82581960    1.84110524    1.64487262    1.93770229    1.88957420    1.87139570    2.21231913    2.14171385    1.80657102    1.47542366    1.39094071    1.98455141    1.66301934    1.78192067    1.69974141    1.61742781    1.58953798    1.60863679    1.64399478    1.41608913    1.75138806    1.88366210    1.69428433    1.78180212    1.85282214    1.90685183    2.41910430    2.32102630    1.36317830    1.59652110    1.60119774    1.75378047    0.65836410    0.75124391    0.77174257    0.65877593    0.72580043    0.69698497    0.75278005    0.75274509    0.83284799    0.69738556
S0E7G4_GIBF5/11-92     0.47418021    0.46439534    0.64668929    0.47224333    0.32787919    0.00000000    0.33205593    0.48637779    0.49557324    0.42236492    0.64675344    0.50977344    0.60976280    0.63906209    0.66797880    0.75367166    0.66217581    0.67567033    0.66302520    0.54517555    0.64119094    0.74484893    0.75221424    0.85925222    1.38061246    1.18651140    1.17354040    1.72126537    2.32588642    2.27852453    2.18231504    1.91236336    2.25287202    2.16219636    1.85156329    1.90358597    1.86193798    1.73178473    1.87163078    2.05282843    2.08463768    2.22229217    2.20024202    1.76606898    1.79739656    1.33881755    2.05460862    1.95716183    1.88768875    1.98792808    1.89082539    1.85520374    1.68716089    1.67792671    1.61519140    1.82445218    1.99687603    1.74546046    1.93356780    1.98925538    1.57847551    2.04234873    2.27982487    1.35407060    1.56015529    1.55041007    1.44251635    0.59910932    0.77497514    0.76140537    0.66069803    0.63355933    0.63998606    0.67424412    0.79040799    0.75512986    0.72943744
J5JF21_BEAB2/26-106     0.58766816    0.60647053    0.69961648    0.60541659    0.43201016    0.33205593    0.00000000    0.40202411    0.50780951    0.52927566    0.60784803    0.54704518    0.74565011    0.72986419    0.81171717    0.82974363    0.78266382    0.73646817    0.82553879    0.69369447    0.78413499    0.94541905    0.97398150    0.85890647    1.44432004    1.20955481    1.22336914    1.57815293    2.08022022    2.13102010    2.10381496    1.87195836    1.88502980    2.25990055    1.89137553    2.01071861    2.20426567    2.02838737    2.32916434    2.28302910    2.55239661    2.38882886    2.31709419    2.16605142    1.80033141    1.29318381    2.04020038    1.68121506    1.78813038    1.74261800    1.65388798    1.85450759    1.68410217    1.83489132    1.64142216    1.90494176    2.03967379    1.69554617    1.77391462    2.01939571    1.56268106    2.09126707    2.39873067    1.19054226    1.68097145    1.60591395    1.62812168    0.79432992    0.91114844    0.87912268    0.80972834    0.78405083    0.75456558    0.72764933    0.82148614    0.86976138    0.91755982
G9MRK5_HYPVG/404-486     0.59928333    0.48544108    0.67904703    0.64063131    0.47585354    0.48637779    0.40202411    0.00000000    0.47196965    0.48279657    0.70048196    0.47493706    0.67809163    0.58116388    0.69184642    0.81237713    0.73285197    0.71911849    0.76467802    0.68497694    0.92972532    0.85637277    0.89628815    0.81270554    1.57566998    1.42984061    1.36908253    1.61702991    1.90404292    1.92491390    1.91996189    1.62731500    2.04607144    1.93605497    1.75058440    1.87036912    2.00701837    1.74559826    1.97045181    2.31852643    2.17977560    2.26541608    2.28933873    2.25734227    1.90341837    1.64148364    2.02238269    1.77635010    1.87333364    1.87355405    1.57790585    1.63134796    1.66891393    1.90756695    1.53101251    1.86719460    2.15312070    1.62540528    2.10206000    2.15038769    1.84774945    2.39509134    2.21004813    1.48531506    1.78859075    1.70680164    1.64248234    0.74583180    0.86168531    0.75620540    0.74769449    0.66550666    0.74957435    0.74612978    0.85066354    0.88048763    0.87995343
G2QMA7_MYCTT/26-107     0.55483271    0.39961048    0.57636031    0.47947279    0.46425429    0.49557324    0.50780951    0.47196965    0.00000000    0.34143842    0.64266374    0.45974531    0.65573296    0.60990243    0.66141452    0.68671931    0.71222398    0.69443313    0.70951484    0.75795466    0.73782109    0.81254898    0.87455157    0.62209498    1.50524297    1.16167289    1.08975234    1.61390950    1.89447793    2.06450082    1.82816706    1.64323695    1.93122482    1.95897786    1.75461281    1.79107023    1.87103822    1.81952218    2.03853080    2.12126796    2.21858027    2.38713188    2.18718951    2.22393283    1.79443451    1.52540047    1.93522480    1.70387105    1.80156502    1.87078982    1.67404011    1.72683339    1.73677788    1.83494967    1.59484614    1.97836620    2.08116231    1.85806253    2.04632314    2.07551289    1.78198355    2.56806287    2.39458226    1.57299829    1.75561396    1.67891236    1.55738039    0.55369854    0.68320147    0.66723522    0.62988824    0.67881740    0.74549350    0.84643225    0.83773766    0.84030459    0.71029242
B2ABK4_PODAN/54-135     0.39520791    0.30900389    0.45701413    0.39163463    0.41478922    0.42236492    0.52927566    0.48279657    0.34143842    0.00000000    0.54008701    0.33037789    0.50693431    0.45074041    0.67481837    0.69006790    0.66944877    0.69461292    0.70197717    0.59681501    0.70644250    0.76674804    0.79302341    0.69954693    1.48450440    1.25517960    1.09725664    1.62281486    2.04141044    2.11847180    2.05556115    1.73410471    2.05103619    1.85535080    1.81147927    1.95555690    1.84589972    1.69328242    1.84425545    1.92849076    1.96325459    2.40801779    2.27019871    1.85518990    1.72894910    1.50526911    1.88028694    1.69065372    1.74305264    1.87412342    1.70973261    1.73321767    1.86862692    1.93340962    1.59791899    1.94692450    2.24890357    1.62457545    1.78121571    2.26058361    1.66277360    2.29337269    2.42277170    1.45949642    1.72904157    1.67018960    1.59952106    0.57530665    0.70373389    0.61973693    0.69210856    0.60321659    0.62675716    0.67612930    0.77085326    0.76375145    0.76278234
S3DK68_GLAL2/16-97     0.49820334    0.48560789    0.63141572    0.55744939    0.60081592    0.64675344    0.60784803    0.70048196    0.64266374    0.54008701    0.00000000    0.43029165    0.38602063    0.54225412    0.60490963    0.66409716    0.59489603    0.54278082    0.64200412    0.56912175    0.55116955    0.58728145    0.72832253    0.77727528    1.30389123    1.05739981    1.21488817    1.74847691    2.15566698    2.09578987    2.08153509    1.78259053    1.72550313    1.98123142    1.84460826    1.75115603    1.81806229    1.81853237    1.84586981    2.19350097    2.38361170    2.82899655    2.73123464    1.86944355    1.57788970    1.40457258    1.78831026    1.57107661    1.53292652    1.48959361    1.45071978    1.52268075    1.65793190    1.65098347    1.57966382    2.06677438    1.76404316    1.51767838    1.42222123    2.24703670    1.74494614    2.07698627    2.39584255    1.23467013    1.55491850    1.47956279    1.27275321    0.76057779    0.79582865    0.76022832    0.83106717    0.64015113    0.54776304    0.65498735    0.69418145    0.69640649    0.76098494
K1Y1A4_MARBU/16-96     0.34171707    0.43524587    0.61896618    0.47264419    0.42353874    0.50977344    0.54704518    0.47493706    0.45974531    0.33037789    0.43029165    0.00000000    0.32503233    0.43391714    0.60685401    0.61158234    0.59923604    0.61095829    0.63915620    0.59894160    0.67115028    0.73247486    0.73516442    0.68946196    1.43550093    1.13767491    1.12185779    1.40151854    1.88083383    2.11055197    1.87999407    1.68499542    1.68766641    1.89324983    1.73132096    1.82012944    1.76265549    1.50437186    1.77184397    1.80895645    1.95941984    2.52653199    2.38466619    1.75233891    1.47264763    1.41317153    1.89800098    1.51614868    1.65673069    1.79838201    1.52461454    1.58006935    1.71984487    1.81693238    1.38408422    1.66665499    1.83589867    1.54317319    1.45579243    1.85253338    1.78038259    2.18133355    2.68810900    1.17822445    1.54286108    1.62555507    1.39739119    0.58840526    0.65567546    0.63030052    0.61136637    0.54642290    0.55940231    0.56973418    0.58525483    0.64081757    0.64805014
M7UA10_BOTF1/22-103     0.46029387    0.50920128    0.69225094    0.61636339    0.65080479    0.60976280    0.74565011    0.67809163    0.65573296    0.50693431    0.38602063    0.32503233    0.00000000    0.40873359    0.64334609    0.61389964    0.58412429    0.66895870    0.74158805    0.60387185    0.62057153    0.62163514    0.67256355    0.83540441    1.40902255    1.01992257    1.12157903    1.58707257    2.20656844    1.97793979    1.93180523    1.80663620    1.90761173    1.94805977    1.57034714    1.92299733    1.64286016    1.52410053    1.67801507    2.01920493    1.89413134    2.35931392    2.26809766    1.60712792    1.53903391    1.53290727    1.95294547    1.56692275    1.66530675    1.64117822    1.67761247    1.62371892    1.73495563    1.76145450    1.44372962    1.81141565    1.94990464    1.45336640    1.41295471    2.00144955    1.96449800    2.08268752    2.29742436    1.20505979    1.51942765    1.65327189    1.36606737    0.65149675    0.63945437    0.71737833    0.67671869    0.54938186    0.65027486    0.63057906    0.71446279    0.69728591    0.65371861
N1JHT0_BLUG1/21-101     0.43423049    0.43321958    0.64033268    0.55996714    0.49747987    0.63906209    0.72986419    0.58116388    0.60990243    0.45074041    0.54225412    0.43391714    0.40873359    0.00000000    0.69759366    0.67865273    0.63240180    0.71950123    0.76443673    0.66675726    0.71207742    0.70448533    0.66142266    0.74932189    1.52597468    1.04699405    1.13894160    1.58379405    2.18545124    1.98271007    2.15325342    1.79741591    1.96398977    1.98882659    1.74988473    1.96840982    1.88346714    1.73004094    1.72264536    2.15385012    2.03015059    2.20409844    2.17912182    1.67363149    1.68205474    1.38465735    1.78494070    1.73221366    1.76257469    1.75838028    1.56685450    1.50193302    1.60822274    1.69593594    1.51450047    1.80761287    1.97482866    1.60082978    1.52475320    1.93290704    2.05017778    2.10240476    1.96918876    1.43187241    1.51318860    1.58414692    1.51866773    0.68316906    0.66614237    0.70379941    0.69703482    0.60000649    0.66047202    0.63373700    0.58285042    0.74051393    0.70758210
V5FZ64_BYSSN/26-106     0.62566593    0.70707912    0.86027692    0.69761402    0.80128155    0.66797880    0.81171717    0.69184642    0.66141452    0.67481837    0.60490963    0.60685401    0.64334609    0.69759366    0.00000000    0.35191502    0.26555973    0.26143976    0.30522452    0.25859757    0.31061207    0.37452280    0.38243065    0.57839273    1.25514074    1.19928679    1.20956516    2.01240858    2.38621023    2.41983764    2.24273515    2.14702976    2.31838145    2.25622794    2.08715520    2.12301990    2.08845387    2.03908942    2.17353025    2.19156384    1.91193395    2.28643452    2.25702619    1.52424011    1.66519704    1.60884650    2.01114568    1.79532802    1.95727500    1.95990625    1.81392879    1.92875306    1.69768917    1.79296592    1.68616217    2.00989031    1.85370872    1.71019937    1.72958779    1.75507374    1.68508313    1.98681771    2.05809950    1.29423201    1.38813914    1.48036944    1.21555129    0.59962654    0.54015343    0.65932028    0.63659669    0.40879737    0.47499594    0.47745134    0.57050457    0.57478584    0.63529538
G3XXY9_ASPNA/140-220     0.63594479    0.73073287    0.83647820    0.89218359    0.76475244    0.75367166    0.82974363    0.81237713    0.68671931    0.69006790    0.66409716    0.61158234    0.61389964    0.67865273    0.35191502    0.00000000    0.24262997    0.32912937    0.43399398    0.36114214    0.49526285    0.48167362    0.42457032    0.74391637    1.35764327    1.26429835    1.16510112    2.29157212    2.27500087    2.52640561    2.12359179    1.98848663    2.38153383    2.22243398    1.90253526    2.34850509    2.03122124    2.02519267    2.21629595    2.38159701    1.95854368    2.33729147    2.12095465    1.66360346    1.88868705    1.66108928    2.16168317    1.89425657    2.05574109    1.91118910    1.72226084    1.70464282    1.95750895    1.82942963    1.66090705    1.99423978    1.83533705    1.75421442    1.62800245    1.75663933    2.10109087    2.09895101    2.12554020    1.45371318    1.55781597    1.59010139    1.29309566    0.64412948    0.53938925    0.65552240    0.58729080    0.38374090    0.51613613    0.62090354    0.66748556    0.54734215    0.63389670
Q0CD74_ASPTN/22-102     0.58140276    0.66493839    0.73867602    0.70638403    0.71313525    0.66217581    0.78266382    0.73285197    0.71222398    0.66944877    0.59489603    0.59923604    0.58412429    0.63240180    0.26555973    0.24262997    0.00000000    0.25864978    0.31805962    0.26742448    0.44393900    0.37969071    0.45841914    0.67228968    1.33823572    1.32042394    1.25895334    2.09428477    2.35035038    2.31549345    2.15876950    1.97816864    2.30020392    2.14443838    1.89702008    2.13807912    1.98566346    1.99949216    2.18807529    2.23414207    1.73291959    2.06559731    1.94456981    1.55446984    1.63724283    1.51396392    1.88432496    1.85048542    2.00231930    1.94835434    1.61534430    1.63698465    1.62242264    1.74983818    1.66326785    1.95234357    1.83292490    1.74926697    1.76007204    1.80151264    1.81970070    2.04954019    2.20068539    1.15108083    1.28607349    1.36477629    1.34353736    0.63580233    0.56498189    0.70574985    0.64528090    0.42958705    0.48981574    0.53270576    0.61372621    0.64913143    0.64211300
S8B701_PENO1/146-226     0.63526676    0.70663233    0.81433418    0.78741947    0.71704524    0.67567033    0.73646817    0.71911849    0.69443313    0.69461292    0.54278082    0.61095829    0.66895870    0.71950123    0.26143976    0.32912937    0.25864978    0.00000000    0.27540469    0.25791605    0.44246563    0.43729837    0.51088189    0.65652678    1.14642243    1.17677956    1.28115391    2.09804425    2.19171208    2.56690667    2.10370417    1.98692199    2.19001899    2.01824563    1.97787759    1.91254962    1.97921737    2.00512105    2.24502588    2.37178995    1.78656214    2.00693866    2.02345046    1.49317078    1.65717299    1.45377222    1.88556610    1.82935565    1.83680791    1.74580735    1.62264895    1.57749101    1.71531873    1.74068588    1.52998737    1.82906049    1.74137623    1.69128538    1.67963501    1.81135241    1.63490714    2.07716875    2.01191303    1.21982527    1.35733432    1.44154342    1.31902620    0.66056549    0.58498789    0.74207784    0.62867362    0.42134983    0.47056842    0.50603921    0.52792987    0.62511927    0.62056397
K9GID7_PEND2/22-102     0.69916541    0.80245103    0.86549195    0.80806045    0.71032737    0.66302520    0.82553879    0.76467802    0.70951484    0.70197717    0.64200412    0.63915620    0.74158805    0.76443673    0.30522452    0.43399398    0.31805962    0.27540469    0.00000000    0.28022032    0.49024746    0.54606826    0.58366691    0.67211814    1.33337141    1.19801058    1.24212577    1.97445412    2.16037447    2.33220253    1.97371694    1.86110428    2.07661444    1.89863957    1.82811945    1.61862361    1.81097492    1.76794991    2.03045473    2.07945792    1.71883404    2.13503918    2.02264815    1.66577328    1.64233209    1.47871138    1.64124384    1.56293998    1.71269855    1.67309046    1.63696097    1.60084957    1.50718782    1.64045246    1.30610198    1.68101363    1.63077927    1.66486392    1.81037656    1.71685822    1.59878243    1.91067132    1.84686564    1.29585238    1.37448892    1.55417040    1.35653664    0.66004236    0.60739307    0.71958519    0.67995111    0.48071825    0.58641739    0.51834997    0.56607452    0.61891736    0.65951579
B6Q2B9_TALMQ/25-105     0.54750909    0.70540490    0.77465276    0.72617915    0.70574586    0.54517555    0.69369447    0.68497694    0.75795466    0.59681501    0.56912175    0.59894160    0.60387185    0.66675726    0.25859757    0.36114214    0.26742448    0.25791605    0.28022032    0.00000000    0.47003277    0.48435090    0.49010363    0.70874037    1.03573302    1.24359966    1.23101630    1.93491069    2.36769789    2.53669452    2.12195996    1.86937234    2.29565232    2.09060600    1.86874731    1.91228539    1.95852794    1.80073995    2.00330855    2.19696163    1.62694288    2.03221759    2.00745423    1.61212317    1.52645517    1.36712224    1.87006429    1.66348268    1.69109188    1.63231922    1.67780712    1.71162276    1.66662453    1.73687521    1.50467094    1.91329200    1.88990842    1.57644826    1.70603142    1.96145394    1.49424639    2.05875427    2.19348068    1.17302234    1.29210573    1.42215786    1.15946880    0.61914014    0.64338889    0.70967681    0.66767032    0.43486279    0.49427435    0.41233115    0.54473654    0.57246303    0.64670596
C6HSR2_AJECH/16-96     0.64456879    0.71350134    0.90573398    0.74626716    0.72346770    0.64119094    0.78413499    0.92972532    0.73782109    0.70644250    0.55116955    0.67115028    0.62057153    0.71207742    0.31061207    0.49526285    0.44393900    0.44246563    0.49024746    0.47003277    0.00000000    0.36981353    0.48661929    0.74251907    1.34217065    1.03197111    1.31293681    1.94943234    2.13762260    2.51855504    2.30817201    2.22242245    2.22166195    2.18615714    2.02731854    2.25935475    2.02709593    1.98949154    2.20125145    2.21636910    2.10662618    2.48148373    2.37233065    1.56575705    1.62767362    1.63088691    2.00365458    1.89274753    1.96793367    1.91205170    1.94136682    2.00179186    1.83390345    1.88312418    1.73063116    2.27334587    1.69497883    1.61921416    1.72237201    1.88593364    1.85651392    2.06466493    2.33077654    1.36707946    1.60518763    1.60138263    1.29207507    0.58851615    0.62206498    0.73324167    0.63602681    0.54627985    0.47829524    0.64590185    0.66050663    0.58476269    0.71097529
F2SPE7_TRIRC/19-99     0.59463890    0.77586037    0.88747144    0.82506790    0.81922907    0.74484893    0.94541905    0.85637277    0.81254898    0.76674804    0.58728145    0.73247486    0.62163514    0.70448533    0.37452280    0.48167362    0.37969071    0.43729837    0.54606826    0.48435090    0.36981353    0.00000000    0.35382228    0.75822343    1.33048264    1.06977040    1.42997143    2.09073659    2.60992039    2.62047771    2.47741994    2.23144587    2.39303589    2.40318526    2.24870011    2.32103080    2.27966276    2.19690895    2.39458732    2.46671575    1.88837478    2.36365051    2.20086303    1.51504379    1.75897922    1.67495020    2.04891355    1.90221347    1.98790472    1.74279425    1.69067400    1.68778267    1.70933312    1.87997586    1.58999629    2.20977659    1.56274706    1.53295621    1.78216634    2.21112797    1.87355103    2.12622396    2.17268640    1.20873254    1.48568828    1.48064406    1.28592867    0.67379993    0.56612827    0.78626877    0.62489428    0.46573617    0.51653097    0.62515917    0.67088014    0.65701623    0.70730259
E9CU24_COCPS/13-93     0.63216914    0.72190507    0.88285925    0.82844200    0.87741248    0.75221424    0.97398150    0.89628815    0.87455157    0.79302341    0.72832253    0.73516442    0.67256355    0.66142266    0.38243065    0.42457032    0.45841914    0.51088189    0.58366691    0.49010363    0.48661929    0.35382228    0.00000000    0.75821774    1.37062216    1.24818453    1.47338547    2.02034930    2.64952242    2.46131200    2.49307829    2.22539119    2.49615430    2.39599230    2.20884992    2.25544503    2.23960354    2.06810746    2.12536026    2.11667444    1.89465284    2.29000365    2.20742676    1.55394912    1.67277447    1.81931247    2.14131481    1.76960622    1.79024638    2.07529651    1.89720295    1.98666070    1.95566841    1.89119878    1.68751623    1.96532014    2.15696610    1.69406856    1.77862613    1.97835152    1.82942994    2.29577392    2.15838259    1.28507340    1.47933937    1.50175697    1.32947474    0.69043633    0.67042253    0.70119499    0.61282774    0.51373663    0.65121075    0.64125000    0.62436189    0.72703935    0.75287162
H6BYC3_EXODN/26-106     0.74095390    0.81211859    0.94330533    0.80670718    0.85545385    0.85925222    0.85890647    0.81270554    0.62209498    0.69954693    0.77727528    0.68946196    0.83540441    0.74932189    0.57839273    0.74391637    0.67228968    0.65652678    0.67211814    0.70874037    0.74251907    0.75822343    0.75821774    0.00000000    1.17089078    1.13913189    1.26490990    1.56464216    2.18415938    2.08596226    2.05599159    2.04730863    1.85946445    2.04640078    1.88175726    1.83499176    2.01296026    1.99711435    2.13344937    2.05732081    2.08301400    2.62524728    2.50053092    1.73775902    1.77316920    1.51488505    1.81230008    1.70307557    1.60664921    1.79884006    1.50950084    1.73882313    1.72212888    1.91153120    1.60731607    1.96349271    1.81666334    1.74680612    2.17049650    1.92109650    2.13180806    1.91877248    2.05543938    1.34163927    1.61771694    1.53000127    1.23944852    0.60893016    0.63633501    0.68014872    0.58978635    0.61974851    0.61099894    0.65182748    0.70544740    0.69596467    0.78313448
R4XK57_TAPDE/13-90     1.28469199    1.57490012    1.37229466    1.53292935    1.44186335    1.38061246    1.44432004    1.57566998    1.50524297    1.48450440    1.30389123    1.43550093    1.40902255    1.52597468    1.25514074    1.35764327    1.33823572    1.14642243    1.33337141    1.03573302    1.34217065    1.33048264    1.37062216    1.17089078    0.00000000    1.24445150    1.39022547    1.52198088    2.02340605    2.51564494    2.05653439    1.97822869    2.18960409    1.96888807    2.14652219    1.75963992    1.91010053    1.83454862    2.06157107    1.95785107    1.75339867    2.55712042    2.42263222    1.79038645    1.38841542    1.46363264    1.67012936    1.70864192    1.59281186    1.68201173    1.44353546    1.46256039    1.42481438    1.55918316    1.79754169    1.92984369    1.70426001    1.61074251    1.75655949    1.86046769    1.89919636    2.11282733    2.20082161    1.22434256    1.41502135    1.16686771    1.22506277    1.42814432    1.33663427    1.36126809    1.22594855    1.37047401    1.09966729    1.28254004    1.37931123    1.24453291    1.31456321
D5G9I8_TUBMM/10-89     1.02057678    1.22599545    1.31820511    1.46592383    1.17253819    1.18651140    1.20955481    1.42984061    1.16167289    1.25517960    1.05739981    1.13767491    1.01992257    1.04699405    1.19928679    1.26429835    1.32042394    1.17677956    1.19801058    1.24359966    1.03197111    1.06977040    1.24818453    1.13913189    1.24445150    0.00000000    0.75690580    1.75830082    2.28888797    2.10227016    2.01493408    2.02308682    2.11488342    2.31877443    2.04090912    1.95848769    2.06953455    2.20314997    2.35748434    2.46934744    2.10598198    2.13042910    2.03529747    1.67819701    1.61187203    1.12596285    1.78234185    1.57157524    1.90461066    1.66231334    1.54275150    1.74046062    1.44427970    1.89174561    1.83761586    1.67945568    1.46650891    1.32225853    1.56596661    1.73581882    1.72972674    1.86793892    2.08355464    1.19616421    1.50818708    1.29566215    1.05640895    1.17775742    1.07018542    1.26472945    1.02244538    1.18697532    1.07971328    1.20714591    1.10588206    1.09925896    1.21592795
S8BXU7_DACHA/15-94     1.07135262    1.31549104    1.34958130    1.38938098    1.30473648    1.17354040    1.22336914    1.36908253    1.08975234    1.09725664    1.21488817    1.12185779    1.12157903    1.13894160    1.20956516    1.16510112    1.25895334    1.28115391    1.24212577    1.23101630    1.31293681    1.42997143    1.47338547    1.26490990    1.39022547    0.75690580    0.00000000    1.74664162    1.89737903    2.25733359    2.10535408    2.08018477    1.97067944    2.02117798    2.02994866    1.77799435    1.65940945    1.80718448    1.94021434    1.93097995    1.92361670    2.39941973    2.19593087    2.19636897    1.75718307    1.07809980    1.61131861    2.06421426    2.21557235    1.95198479    1.90143424    2.17450116    1.82157045    2.01206883    2.03875976    1.91830930    1.78557627    1.68369736    1.82619398    1.91017724    1.80866945    2.52953405    2.51064846    1.26852311    1.44581670    1.52568682    1.14977054    1.24295527    1.06365169    1.20889896    1.19798038    1.16725966    1.24477559    1.15603602    1.23991962    1.19661921    1.42575722
Q6FMY6_CANGA/5-94     1.77117458    1.62468384    1.91212880    1.77812412    1.51640549    1.72126537    1.57815293    1.61702991    1.61390950    1.62281486    1.74847691    1.40151854    1.58707257    1.58379405    2.01240858    2.29157212    2.09428477    2.09804425    1.97445412    1.93491069    1.94943234    2.09073659    2.02034930    1.56464216    1.52198088    1.75830082    1.74664162    0.00000000    0.72494029    0.80601632    0.63462794    0.70584712    0.87978514    0.73749331    0.75325625    0.69811945    0.77477519    0.71527389    0.86766445    0.76095476    1.96286269    2.37953475    2.51444576    1.68831895    1.61494219    1.43379230    1.78565925    1.86907589    1.69686269    1.85373338    2.14255720    1.98495775    1.69439793    2.01287419    2.10337092    1.97004472    1.96491845    1.43694005    2.12421630    1.84459464    1.84687959    2.14042917    2.16792308    1.45231770    1.81812163    1.92485491    1.66353413    1.61373507    1.71984496    1.89249304    1.80797055    1.93536174    1.72832373    1.81291767    1.62325896    1.57593912    1.47406378
Q6CY76_KLULA/5-93     2.29369033    1.99820064    2.11797146    2.11456344    2.12495581    2.32588642    2.08022022    1.90404292    1.89447793    2.04141044    2.15566698    1.88083383    2.20656844    2.18545124    2.38621023    2.27500087    2.35035038    2.19171208    2.16037447    2.36769789    2.13762260    2.60992039    2.64952242    2.18415938    2.02340605    2.28888797    1.89737903    0.72494029    0.00000000    0.76306083    0.63742083    0.70082270    0.86167440    0.63532464    0.60346427    0.76959624    0.67653978    0.71082671    0.82222306    0.95385340    1.94588216    2.53565686    2.48127993    1.80242776    2.01522528    1.68202274    1.64188533    2.18233495    1.93079186    1.62532246    2.13807504    1.99304638    1.82328545    2.01068408    2.17449634    1.81299991    2.02933732    1.35750727    2.62081178    2.01814481    2.24757739    2.51260377    2.82787779    2.08307216    2.39047957    2.56754129    2.27706551    2.32507969    2.26425843    2.23524283    2.16686232    2.43031775    2.16874149    2.24571920    2.27681792    2.07766962    2.09508490
C5DNI8_LACTC/11-100     2.15160842    1.94448665    2.25714128    2.09047897    2.04991414    2.27852453    2.13102010    1.92491390    2.06450082    2.11847180    2.09578987    2.11055197    1.97793979    1.98271007    2.41983764    2.52640561    2.31549345    2.56690667    2.33220253    2.53669452    2.51855504    2.62047771    2.46131200    2.08596226    2.51564494    2.10227016    2.25733359    0.80601632    0.76306083    0.00000000    0.61297788    0.58759384    0.75720704    0.80712931    0.59104353    0.70559496    0.58522400    0.75578177    0.76228873    0.97513960    2.09031477    2.32757911    2.28724820    1.64399789    1.76380397    1.94074643    1.57758812    2.03590715    1.67994548    1.62396194    1.67643817    1.87582499    1.64575638    2.06171931    2.22015090    1.85506018    2.03204370    1.57430693    2.86093422    2.51535877    2.40008156    2.22486371    2.56997899    1.82267391    2.14560938    2.24830012    2.19597671    2.25372183    2.27331275    2.48740182    2.31947808    2.18278778    2.39103431    2.49776163    2.27820428    2.32412743    1.96489498
G8JV54_ERECY/10-98     2.19364409    1.92106375    2.00190439    2.00212245    1.81889335    2.18231504    2.10381496    1.91996189    1.82816706    2.05556115    2.08153509    1.87999407    1.93180523    2.15325342    2.24273515    2.12359179    2.15876950    2.10370417    1.97371694    2.12195996    2.30817201    2.47741994    2.49307829    2.05599159    2.05653439    2.01493408    2.10535408    0.63462794    0.63742083    0.61297788    0.00000000    0.38264272    0.75047117    0.57643756    0.54284262    0.64938225    0.58725049    0.59601236    0.78327071    0.80517072    2.16186487    2.62694048    2.48338491    1.81604446    2.01069514    1.96095170    1.76935197    1.92441529    1.88459669    1.89334882    1.91674488    2.04041053    1.70909735    1.89847258    2.05394007    1.94538088    2.04539221    1.43825475    3.29917977    2.01293721    2.30497912    2.41909638    2.83097965    2.14419965    2.25746358    2.46336272    2.03696116    2.08238715    2.10689668    2.13152081    1.99379864    2.41458830    2.15261270    2.33190376    2.16276403    2.00222975    1.94704850
Q75CW0_ASHGO/10-99     1.81043176    1.63302103    1.73021137    1.75291288    1.67858309    1.91236336    1.87195836    1.62731500    1.64323695    1.73410471    1.78259053    1.68499542    1.80663620    1.79741591    2.14702976    1.98848663    1.97816864    1.98692199    1.86110428    1.86937234    2.22242245    2.23144587    2.22539119    2.04730863    1.97822869    2.02308682    2.08018477    0.70584712    0.70082270    0.58759384    0.38264272    0.00000000    0.82768215    0.76145298    0.66611754    0.58681967    0.65032205    0.66803395    0.77127214    0.90110800    2.02552861    2.44428626    2.32942134    1.99448623    1.90509238    1.72213084    1.61442587    1.94887617    1.77539406    1.70479360    1.71743623    1.91464616    1.71370253    1.91362600    2.03858287    1.73823116    2.05404697    1.70416130    2.94757341    2.25309915    1.93963798    2.34770055    2.77583318    1.97779914    1.91792443    2.28401255    2.07506928    2.00168934    1.84472624    1.97332883    1.90822031    2.09282682    2.02362981    1.99867331    1.83113573    1.86197206    1.73127865
I2H2W3_TETBL/6-94     2.08533963    1.86881725    2.11773265    2.02581345    1.84294553    2.25287202    1.88502980    2.04607144    1.93122482    2.05103619    1.72550313    1.68766641    1.90761173    1.96398977    2.31838145    2.38153383    2.30020392    2.19001899    2.07661444    2.29565232    2.22166195    2.39303589    2.49615430    1.85946445    2.18960409    2.11488342    1.97067944    0.87978514    0.86167440    0.75720704    0.75047117    0.82768215    0.00000000    0.53781714    0.54905497    0.82607896    0.85389198    0.70983166    0.84396347    1.18349899    2.13756669    2.63848649    2.76111538    2.00891376    2.01609924    1.80718933    1.47872631    1.76046865    1.66912644    1.56041332    1.63944243    1.67675970    1.45005718    1.77096475    2.16894759    1.99533776    1.69570774    1.34496098    2.79847522    2.66858244    2.10144307    2.05049023    2.86000120    2.02518977    1.72342302    2.08681420    2.07647449    2.19342854    1.81119249    2.27853714    1.94222323    2.24854587    2.00955526    1.93962149    1.93622438    1.81331019    1.93702304
G8BV10_TETPH/5-94     2.07912972    1.99081995    2.05800685    2.07433904    2.02736202    2.16219636    2.25990055    1.93605497    1.95897786    1.85535080    1.98123142    1.89324983    1.94805977    1.98882659    2.25622794    2.22243398    2.14443838    2.01824563    1.89863957    2.09060600    2.18615714    2.40318526    2.39599230    2.04640078    1.96888807    2.31877443    2.02117798    0.73749331    0.63532464    0.80712931    0.57643756    0.76145298    0.53781714    0.00000000    0.34926996    0.60889771    0.64161085    0.46504811    0.67928090    1.01938170    1.72237231    2.25987238    2.39572243    1.88450281    1.98090203    1.81098129    1.51652877    2.16497917    1.54983296    1.56964384    1.73261184    1.54310391    1.43589351    1.71207951    2.06775074    1.85306284    1.88268631    1.35455718    3.01445856    2.34522016    2.25586198    2.24247768    2.57967922    1.98801367    2.13455260    2.38506698    1.96529899    2.08562921    1.89109567    2.32555809    2.20109798    2.15375489    2.04174915    2.06722239    2.03781615    2.10689599    2.08373454
A7TQI6_VANPO/5-94     1.82259960    1.74340439    1.98875810    1.78793243    1.88151151    1.85156329    1.89137553    1.75058440    1.75461281    1.81147927    1.84460826    1.73132096    1.57034714    1.74988473    2.08715520    1.90253526    1.89702008    1.97787759    1.82811945    1.86874731    2.02731854    2.24870011    2.20884992    1.88175726    2.14652219    2.04090912    2.02994866    0.75325625    0.60346427    0.59104353    0.54284262    0.66611754    0.54905497    0.34926996    0.00000000    0.57888203    0.46482500    0.47851204    0.57841540    0.94503770    1.67996696    2.02314228    2.09902298    1.69721671    1.83428993    1.63590560    1.54825438    1.89634110    1.67855725    1.67231418    1.73162075    1.61577353    1.48997911    1.86471915    1.94359163    1.77768880    1.82760384    1.44524101    2.52776000    2.16898675    2.03317388    2.04709122    2.69835989    1.71838486    1.87107316    2.12312802    1.96584910    1.86203653    1.66865746    1.99636127    1.69490774    1.89252578    2.03492236    1.90502864    1.72884005    1.72656213    1.61657470
H2AX88_KAZAF/5-94     1.86703685    1.79908094    2.01007833    1.80966995    1.82581960    1.90358597    2.01071861    1.87036912    1.79107023    1.95555690    1.75115603    1.82012944    1.92299733    1.96840982    2.12301990    2.34850509    2.13807912    1.91254962    1.61862361    1.91228539    2.25935475    2.32103080    2.25544503    1.83499176    1.75963992    1.95848769    1.77799435    0.69811945    0.76959624    0.70559496    0.64938225    0.58681967    0.82607896    0.60889771    0.57888203    0.00000000    0.42793531    0.38817472    0.76906598    0.80138063    1.53355158    2.46406025    2.41718290    1.86179865    1.81182226    1.62307674    1.19672953    1.91168322    1.63185824    1.66333162    1.89228803    1.75073628    1.70173471    1.77651091    2.06960476    1.63497442    1.91519963    1.71167519    2.52697082    2.01031464    1.82134351    2.05954159    2.60019895    1.58062895    1.67375616    2.00398198    1.91226369    1.95421776    1.98068418    2.15104397    2.09753883    1.98799639    1.93915042    1.95099114    1.75519955    1.74049696    1.84550108
