30
M1B3B7_SOLTU/92-460     0.00000000    0.96157331    0.85024463    1.37881406    2.95785748    2.68215832    2.82008002    2.64584901    2.63867950    2.57911705    2.71261853    2.67663506    2.47633130    2.69429387    2.90191473    2.58695066    2.71274127    1.00369846    0.96616625    1.09516157    1.03236944    1.08678095    1.21006376    1.23986094    1.19802825    1.18108869    1.22018794    1.10718786    1.09893003    0.97531922
M1C0N3_SOLTU/23-391     0.96157331    0.00000000    0.85523909    1.36270315    2.63783279    2.85556438    2.90894026    2.87822531    2.90147988    2.92102499    2.91274429    2.86545981    2.70599614    2.76234463    3.15443398    2.60107367    2.61165037    1.07636286    1.10632575    1.05001592    1.05500351    0.96978498    1.07976596    1.08846002    0.99072454    1.15983844    1.10277387    1.11615731    1.01477365    0.96072043
D7T894_VITVI/99-460     0.85024463    0.85523909    0.00000000    1.29704455    2.51871594    2.38476551    2.47793854    2.42188065    2.48617148    2.40765728    2.49852309    2.47631560    2.34476334    2.44203644    2.80272667    2.28801994    2.51134230    0.84811846    0.85127612    1.00059547    0.98148697    0.92951215    1.05992850    0.97858882    0.92322171    1.02706561    0.99234939    1.01012963    0.93753537    0.88013271
M7ZMZ4_TRIUA/97-457     1.37881406    1.36270315    1.29704455    0.00000000    2.39541732    2.62436129    3.08673915    2.74956167    2.66916793    2.85689939    2.97117140    2.86359821    2.83419648    2.83190380    3.13312702    2.90815408    3.18811939    1.51323529    1.51581837    1.40925909    1.35338556    1.39018980    1.48189801    1.64757350    1.60140024    1.56493046    1.47920693    1.48315426    1.49739741    1.31398370
M0ZS53_SOLTU/117-467     2.95785748    2.63783279    2.51871594    2.39541732    0.00000000    3.60889670    3.26627579    3.06011894    3.35439439    3.41448356    3.32923361    3.27864703    3.22084257    3.02881223    4.15381217    3.13448725    2.91183900    2.53220121    2.70663878    2.90176340    2.74378207    2.72540928    2.65428177    2.88510140    2.76066493    2.94347045    2.59956631    2.62912660    2.77331525    2.73120697
M4EAX8_BRARP/50-394     2.68215832    2.85556438    2.38476551    2.62436129    3.60889670    0.00000000    0.62267740    1.05474535    0.76134046    0.79032098    0.79524915    0.76701120    1.71063469    1.75038185    1.95732006    1.49793131    1.38181541    2.72286115    2.68441273    2.75890431    2.71132675    2.71216974    2.68586254    2.93169701    2.92618132    2.78581117    2.67475632    2.52915591    2.60552174    2.54545728
M4ETB7_BRARP/59-406     2.82008002    2.90894026    2.47793854    3.08673915    3.26627579    0.62267740    0.00000000    0.85781586    0.78960521    0.76139430    0.72938139    0.75812421    1.41575006    1.64608808    1.93999567    1.42781888    1.30392270    2.91586738    2.83343493    2.88158954    2.72905837    2.61454180    2.43672697    2.64724890    2.58242311    2.65532413    2.58920387    2.51536786    2.46503874    2.52981531
F6HX20_VITVI/63-411     2.64584901    2.87822531    2.42188065    2.74956167    3.06011894    1.05474535    0.85781586    0.00000000    0.67391882    0.63177955    0.62108939    0.59049942    1.47235160    1.61080993    1.83451662    1.46314957    1.34230496    2.47732392    2.44911474    2.88059866    2.61074406    2.46688041    2.41534111    2.54199718    2.40175025    2.59924344    2.48617616    2.45964183    2.41797209    2.61529775
MAIL2_ARATH/61-411     2.63867950    2.90147988    2.48617148    2.66916793    3.35439439    0.76134046    0.78960521    0.67391882    0.00000000    0.39180164    0.31921305    0.33632885    1.57781196    1.69415115    1.93187333    1.47543199    1.33068772    2.69924289    2.78917727    2.82656564    2.62558392    2.54393465    2.57276812    2.65719165    2.56627040    2.67815208    2.60986677    2.54371676    2.63548528    2.45480815
B9S333_RICCO/80-430     2.57911705    2.92102499    2.40765728    2.85689939    3.41448356    0.79032098    0.76139430    0.63177955    0.39180164    0.00000000    0.29350409    0.28323926    1.51172469    1.62694216    1.84089926    1.46015046    1.33837347    2.49173054    2.68691262    2.74804485    2.62110609    2.58262348    2.50116405    2.65877851    2.55167602    2.54184425    2.50889321    2.41915259    2.52368645    2.51778224
K7LA15_SOYBN/67-417     2.71261853    2.91274429    2.49852309    2.97117140    3.32923361    0.79524915    0.72938139    0.62108939    0.31921305    0.29350409    0.00000000    0.21787667    1.44996586    1.74598476    1.96351738    1.45190387    1.26663554    2.60902704    2.78494239    2.87752999    2.65172445    2.52857625    2.47307259    2.67479813    2.59633202    2.59235084    2.55743123    2.41284729    2.55041652    2.62359908
D7UE68_VITVI/62-412     2.67663506    2.86545981    2.47631560    2.86359821    3.27864703    0.76701120    0.75812421    0.59049942    0.33632885    0.28323926    0.21787667    0.00000000    1.53967437    1.64604406    1.90535555    1.43372379    1.26734773    2.60660340    2.70156337    2.72982652    2.47431810    2.61904077    2.51605016    2.65676755    2.58074062    2.66214750    2.60641766    2.51064642    2.63166133    2.63573957
A0A3Q7J2P1_SOLLC/64-434     2.47633130    2.70599614    2.34476334    2.83419648    3.22084257    1.71063469    1.41575006    1.47235160    1.57781196    1.51172469    1.44996586    1.53967437    0.00000000    0.90207805    1.36885085    1.04881146    1.27402641    2.65954370    2.79307607    2.80537234    2.79549120    2.42910086    2.50385631    2.70666588    2.47635561    2.61103914    2.52936759    2.30976185    2.43092856    2.44694954
M0ZJ12_SOLTU/69-442     2.69429387    2.76234463    2.44203644    2.83190380    3.02881223    1.75038185    1.64608808    1.61080993    1.69415115    1.62694216    1.74598476    1.64604406    0.90207805    0.00000000    1.33802068    1.26808851    1.44733726    2.55950531    2.53518958    2.83092492    2.68880489    2.51175233    2.43178377    2.78000114    2.51024383    2.68261199    2.48747265    2.44753327    2.64416150    2.56323249
M1CT64_SOLTU/75-441     2.90191473    3.15443398    2.80272667    3.13312702    4.15381217    1.95732006    1.93999567    1.83451662    1.93187333    1.84089926    1.96351738    1.90535555    1.36885085    1.33802068    0.00000000    1.66755870    1.63009702    3.29250125    3.30515706    3.15430814    3.03529613    2.79287610    2.72203548    2.87069296    2.86380127    2.83409650    2.73318120    2.76237303    2.84091359    2.85407972
PPP7L_ARATH/68-435     2.58695066    2.60107367    2.28801994    2.90815408    3.13448725    1.49793131    1.42781888    1.46314957    1.47543199    1.46015046    1.45190387    1.43372379    1.04881146    1.26808851    1.66755870    0.00000000    1.08033719    2.61345562    2.67742464    2.73201406    2.68799772    2.56184790    2.50432296    2.84309170    2.60932583    2.63258939    2.55351251    2.28320687    2.54297628    2.44641715
A0A3B6LTN7_WHEAT/62-418     2.71274127    2.61165037    2.51134230    3.18811939    2.91183900    1.38181541    1.30392270    1.34230496    1.33068772    1.33837347    1.26663554    1.26734773    1.27402641    1.44733726    1.63009702    1.08033719    0.00000000    2.76734967    2.86678147    2.84754825    2.84502990    2.38888124    2.46379637    2.71914616    2.51895157    2.67656033    2.68159830    2.28618829    2.40464456    2.46542548
K7LI10_SOYBN/100-467     1.00369846    1.07636286    0.84811846    1.51323529    2.53220121    2.72286115    2.91586738    2.47732392    2.69924289    2.49173054    2.60902704    2.60660340    2.65954370    2.55950531    3.29250125    2.61345562    2.76734967    0.00000000    0.26764713    1.02925675    1.04622134    1.07537582    1.14460481    1.10852404    1.14227814    1.21713932    1.20277561    1.11565733    1.15497284    1.05100581
I1N0S2_SOYBN/107-465     0.96616625    1.10632575    0.85127612    1.51581837    2.70663878    2.68441273    2.83343493    2.44911474    2.78917727    2.68691262    2.78494239    2.70156337    2.79307607    2.53518958    3.30515706    2.67742464    2.86678147    0.26764713    0.00000000    0.98346440    1.01321286    1.12799618    1.14406299    1.20586922    1.16702109    1.18410238    1.13042894    1.07055254    1.10747306    0.97889075
M4E389_BRARP/104-464     1.09516157    1.05001592    1.00059547    1.40925909    2.90176340    2.75890431    2.88158954    2.88059866    2.82656564    2.74804485    2.87752999    2.72982652    2.80537234    2.83092492    3.15430814    2.73201406    2.84754825    1.02925675    0.98346440    0.00000000    0.37209630    1.11996482    1.19615435    1.17596414    1.11995816    1.16119420    1.16891061    1.03799643    1.02024469    1.14858184
M4CM92_BRARP/96-456     1.03236944    1.05500351    0.98148697    1.35338556    2.74378207    2.71132675    2.72905837    2.61074406    2.62558392    2.62110609    2.65172445    2.47431810    2.79549120    2.68880489    3.03529613    2.68799772    2.84502990    1.04622134    1.01321286    0.37209630    0.00000000    1.07799537    1.18360755    1.19949094    1.14898754    1.19614522    1.15332488    1.07411302    0.99345264    1.14771190
M4DQT6_BRARP/74-426     1.08678095    0.96978498    0.92951215    1.39018980    2.72540928    2.71216974    2.61454180    2.46688041    2.54393465    2.58262348    2.52857625    2.61904077    2.42910086    2.51175233    2.79287610    2.56184790    2.38888124    1.07537582    1.12799618    1.11996482    1.07799537    0.00000000    0.40958006    0.48082430    0.45869631    0.81150542    0.80405151    0.79055058    0.82838717    1.01752789
M4DQX1_BRARP/49-421     1.21006376    1.07976596    1.05992850    1.48189801    2.65428177    2.68586254    2.43672697    2.41534111    2.57276812    2.50116405    2.47307259    2.51605016    2.50385631    2.43178377    2.72203548    2.50432296    2.46379637    1.14460481    1.14406299    1.19615435    1.18360755    0.40958006    0.00000000    0.45026472    0.44950829    0.87353603    0.90651247    0.83766069    0.90060695    1.16965363
Q9C6J9_ARATH/83-438     1.23986094    1.08846002    0.97858882    1.64757350    2.88510140    2.93169701    2.64724890    2.54199718    2.65719165    2.65877851    2.67479813    2.65676755    2.70666588    2.78000114    2.87069296    2.84309170    2.71914616    1.10852404    1.20586922    1.17596414    1.19949094    0.48082430    0.45026472    0.00000000    0.30679680    0.94940994    0.94199372    0.90063571    0.94627588    1.13394774
Q9C6J7_ARATH/79-430     1.19802825    0.99072454    0.92322171    1.60140024    2.76066493    2.92618132    2.58242311    2.40175025    2.56627040    2.55167602    2.59633202    2.58074062    2.47635561    2.51024383    2.86380127    2.60932583    2.51895157    1.14227814    1.16702109    1.11995816    1.14898754    0.45869631    0.44950829    0.30679680    0.00000000    0.88740111    0.90706166    0.83918726    0.90808803    1.16759760
Q3E9E9_ARATH/79-427     1.18108869    1.15983844    1.02706561    1.56493046    2.94347045    2.78581117    2.65532413    2.59924344    2.67815208    2.54184425    2.59235084    2.66214750    2.61103914    2.68261199    2.83409650    2.63258939    2.67656033    1.21713932    1.18410238    1.16119420    1.19614522    0.81150542    0.87353603    0.94940994    0.88740111    0.00000000    0.36331343    0.46652991    0.49152085    1.12233080
Q9C6J6_ARATH/101-451     1.22018794    1.10277387    0.99234939    1.47920693    2.59956631    2.67475632    2.58920387    2.48617616    2.60986677    2.50889321    2.55743123    2.60641766    2.52936759    2.48747265    2.73318120    2.55351251    2.68159830    1.20277561    1.13042894    1.16891061    1.15332488    0.80405151    0.90651247    0.94199372    0.90706166    0.36331343    0.00000000    0.49829446    0.48021478    1.09745515
F4I9K2_ARATH/80-426     1.10718786    1.11615731    1.01012963    1.48315426    2.62912660    2.52915591    2.51536786    2.45964183    2.54371676    2.41915259    2.41284729    2.51064642    2.30976185    2.44753327    2.76237303    2.28320687    2.28618829    1.11565733    1.07055254    1.03799643    1.07411302    0.79055058    0.83766069    0.90063571    0.83918726    0.46652991    0.49829446    0.00000000    0.41996560    1.11399200
M4DQX0_BRARP/553-899     1.09893003    1.01477365    0.93753537    1.49739741    2.77331525    2.60552174    2.46503874    2.41797209    2.63548528    2.52368645    2.55041652    2.63166133    2.43092856    2.64416150    2.84091359    2.54297628    2.40464456    1.15497284    1.10747306    1.02024469    0.99345264    0.82838717    0.90060695    0.94627588    0.90808803    0.49152085    0.48021478    0.41996560    0.00000000    1.11649292
I1N0S4_SOYBN/98-449     0.97531922    0.96072043    0.88013271    1.31398370    2.73120697    2.54545728    2.52981531    2.61529775    2.45480815    2.51778224    2.62359908    2.63573957    2.44694954    2.56323249    2.85407972    2.44641715    2.46542548    1.05100581    0.97889075    1.14858184    1.14771190    1.01752789    1.16965363    1.13394774    1.16759760    1.12233080    1.09745515    1.11399200    1.11649292    0.00000000

