65
C8XHW7_NAKMY/346-633     0.00000000    1.83828614    1.65375545    1.75596020    1.75837432    1.61127140    1.74840417    1.77746047    1.76466887    1.88663231    1.67302081    1.83961380    1.92187484    1.97546704    1.82563591    1.83809666    1.63484017    2.06993720    1.99722215    1.78150883    1.92608837    1.81051696    1.77469544    1.84774387    1.62113494    1.98166139    1.94443716    1.81179638    1.74636700    1.61850848    1.71994068    1.71725631    1.60788140    1.82240354    1.75235160    1.74408330    1.91070539    1.76231114    1.84050842    1.76662594    1.65548649    1.79506579    1.89337202    1.62226792    2.08473772    1.91531487    1.95727372    1.78649494    1.87413295    1.75812426    1.67758511    1.67628196    1.92143344    1.98047631    2.06307124    1.91586222    1.90275709    1.93284022    1.81793033    2.02590531    1.76405785    1.75631632    2.01923594    2.13842816    1.94145320
Q7UH76_RHOBA/260-547     1.83828614    0.00000000    0.89946626    0.82233081    0.83492103    0.80255198    0.79151822    0.83930427    0.81720211    0.84842287    0.73410983    0.71678431    0.79094397    1.13457533    1.05489338    1.03036853    0.88757307    1.37095759    1.57982305    1.44705956    1.39484673    1.15751686    1.10984188    1.20650980    1.11077996    1.10393236    1.13249706    1.13964841    1.15726589    1.01529840    1.01773594    1.06671874    1.08479336    1.05743654    1.06145696    1.11751419    1.14051458    1.10707574    1.13991391    1.06620129    1.13919913    1.06847021    1.09731080    1.08440372    1.33069542    1.19709246    1.19378875    1.22680825    1.01546540    1.03995666    1.07833497    1.07938480    1.18289181    1.13119606    1.09152696    1.18699800    1.24103688    1.14565286    1.01687614    1.06013238    1.23507851    1.13897380    1.20121798    1.19583150    1.00050597
G4RF17_PELHB/258-545     1.65375545    0.89946626    0.00000000    0.78381861    0.73967267    0.74023987    0.79686714    0.71421715    0.77541659    0.73265869    0.67472958    0.77046855    0.67489589    0.94432422    0.88544888    0.86419241    0.91921408    1.47145423    1.63383988    1.62900184    1.54987674    1.22340502    1.37445015    1.40566942    1.26937368    1.37072821    1.20430152    1.19722332    1.30427863    1.26312405    1.35339323    1.38717989    1.38681806    1.38055504    1.31297899    1.42052694    1.50563246    1.15856034    1.23218302    1.18343550    1.26686130    1.29914193    1.33985491    1.18843583    1.53117134    1.46239239    1.53419486    1.36538355    1.24368817    1.17658641    1.18345299    1.26219887    1.41562068    1.37418350    1.36224025    1.31793103    1.24776872    1.38438061    1.22280906    1.22573688    1.28782118    1.23709832    1.35589035    1.16796133    1.15217655
W8KFQ1_9GAMM/255-542     1.75596020    0.82233081    0.78381861    0.00000000    0.27443414    0.31261648    0.33380914    0.49795951    0.58256155    0.61288348    0.67033969    0.64102205    0.59268986    0.93697537    0.86252928    0.82038685    0.71958362    1.45910753    1.65675354    1.49591525    1.42333714    1.25106487    1.19783431    1.25041259    1.27295587    1.29077473    1.13922575    1.21609382    1.24813948    1.01254490    1.11345398    1.24776615    1.21715556    1.11683012    1.12453614    1.12226475    1.18254343    1.08663943    1.20911397    1.16293369    1.19665138    1.24280311    1.28697014    1.05136207    1.37637431    1.32948681    1.43149407    1.31124332    1.19497852    1.10980748    1.10771730    1.17411352    1.24535893    1.18579190    1.17515087    1.26058077    1.23657144    1.25023165    1.06691086    1.19104194    1.26849676    1.24622148    1.20368257    1.26496722    1.12130654
G4SWR8_META2/255-542     1.75837432    0.83492103    0.73967267    0.27443414    0.00000000    0.31969901    0.35191026    0.54373743    0.59940843    0.56768155    0.59655795    0.58021494    0.53227810    0.91750624    0.86354038    0.85675083    0.71189772    1.46430251    1.64027327    1.50407296    1.47011965    1.21834949    1.28278362    1.28750864    1.33519977    1.30824437    1.14922046    1.24100998    1.33116157    1.12979266    1.09623876    1.22901351    1.24118022    1.13518608    1.16558579    1.12486818    1.20837535    1.18022431    1.24729514    1.22195789    1.22736508    1.20830120    1.38184966    1.14196804    1.43351872    1.34514328    1.49732937    1.38417579    1.23222930    1.09147613    1.12451803    1.17439530    1.30365841    1.28800661    1.25799238    1.32145563    1.29090473    1.22959972    1.05302240    1.23169259    1.30704231    1.24593034    1.31151666    1.23530048    1.13706126
Q0A9V7_ALKEH/251-538     1.61127140    0.80255198    0.74023987    0.31261648    0.31969901    0.00000000    0.29518454    0.52106348    0.63846128    0.60031039    0.63484029    0.64396452    0.55096796    0.88521687    0.88267252    0.85879207    0.68017464    1.48911255    1.64935383    1.57376406    1.43604530    1.25360300    1.14928693    1.24903143    1.24500187    1.22536950    1.10208671    1.17137631    1.34633381    1.04003429    1.12286129    1.23524405    1.16455288    1.06336740    1.08157802    1.09891099    1.14278636    1.06786369    1.19686696    1.17962796    1.24107502    1.22971555    1.30810070    1.12859696    1.36526599    1.29259846    1.48438350    1.29053186    1.14845460    1.09096583    1.09806175    1.20533131    1.23337266    1.18529844    1.15405954    1.28480702    1.29522661    1.18172230    1.06964422    1.22080716    1.26430869    1.22746599    1.25374727    1.19723496    1.11661863
A1WT67_HALHL/247-534     1.74840417    0.79151822    0.79686714    0.33380914    0.35191026    0.29518454    0.00000000    0.57676609    0.59422694    0.68497289    0.64082145    0.65359475    0.62983827    0.80934564    0.86512741    0.79737086    0.72594288    1.44769605    1.54770215    1.46551868    1.35648639    1.16576492    1.11688733    1.19546743    1.25861498    1.16115249    1.04756164    1.03090748    1.25820758    0.98891973    1.05742027    1.20351195    1.18878903    1.07855937    1.15504437    1.10128906    1.13478807    1.13320107    1.13694911    1.09677293    1.15384650    1.18126194    1.19094767    1.07954548    1.31560018    1.28513326    1.42407979    1.27162324    1.12501322    1.05725281    1.04619088    1.13618399    1.18326063    1.12878204    1.18546094    1.21716333    1.21261102    1.18587497    1.07462258    1.21980246    1.29529314    1.18894975    1.22954793    1.28609905    1.08485695
L0E070_THIND/248-536     1.77746047    0.83930427    0.71421715    0.49795951    0.54373743    0.52106348    0.57676609    0.00000000    0.56574191    0.60040537    0.62442755    0.60856080    0.48059617    0.88323852    0.94431233    0.82130814    0.68322309    1.48730831    1.62838723    1.57747971    1.48323186    1.17606368    1.32080988    1.34253809    1.28337050    1.18564486    1.14714083    1.14393436    1.17899570    1.09388795    1.16577086    1.29237534    1.25518597    1.11354609    1.15063742    1.18093464    1.26353332    1.08925289    1.10850205    1.08930108    1.14266946    1.15534891    1.27431876    1.14610574    1.38000498    1.37240135    1.46320614    1.31648029    1.10372601    1.15610414    1.12594464    1.19429513    1.22269851    1.20610531    1.15554000    1.24318970    1.26429711    1.28104217    1.02406564    1.15728048    1.23238474    1.18581706    1.17573305    1.23972170    1.07164732
A4VFJ0_PSEU5/253-541     1.76466887    0.81720211    0.77541659    0.58256155    0.59940843    0.63846128    0.59422694    0.56574191    0.00000000    0.56653901    0.41842811    0.50281199    0.59074144    0.92912069    0.92916540    0.89694106    0.75361944    1.41458234    1.47550418    1.51171941    1.42306770    1.14894599    1.27838510    1.37902029    1.32996828    1.31695060    1.31193595    1.21664752    1.23440938    1.14708441    1.18545584    1.27576056    1.20812358    1.09814182    1.11380781    1.11615314    1.28520099    1.12988617    1.25913537    1.09175416    1.13303196    1.18488019    1.30528424    1.19038833    1.42723431    1.41954794    1.44299808    1.41757357    1.18297677    1.21498663    1.18960593    1.25846989    1.19063377    1.14431027    1.19737178    1.21880771    1.11569511    1.17172716    1.04807783    1.14542004    1.26687296    1.29467471    1.24672434    1.17135358    1.03002975
A6X551_OCHA4/255-543     1.88663231    0.84842287    0.73265869    0.61288348    0.56768155    0.60031039    0.68497289    0.60040537    0.56653901    0.00000000    0.49109733    0.42109928    0.59177203    0.89214588    0.93274834    0.96701956    0.81454542    1.47633367    1.75208546    1.60185537    1.58784311    1.20051804    1.26563529    1.32126672    1.31156447    1.22510316    1.31248154    1.30185913    1.30021752    1.24682451    1.21388545    1.32867049    1.27248723    1.14752741    1.18803109    1.13722066    1.20721076    1.25141357    1.19259661    1.15370948    1.22488747    1.28307922    1.27354294    1.16733377    1.49398151    1.40426383    1.41871722    1.36434117    1.19293712    1.18227203    1.18824842    1.28363017    1.32123859    1.20096465    1.26460195    1.32500072    1.31098788    1.26334323    1.12367827    1.27493916    1.34249736    1.34178551    1.30555810    1.33068614    1.15912904
B0U973_METS4/259-547     1.67302081    0.73410983    0.67472958    0.67033969    0.59655795    0.63484029    0.64082145    0.62442755    0.41842811    0.49109733    0.00000000    0.31301697    0.61965059    0.91564924    0.86168450    0.99788672    0.73592841    1.47307427    1.51560640    1.53729234    1.52049852    1.23398934    1.32655122    1.42027966    1.43520453    1.33602930    1.27319224    1.24205830    1.32641611    1.17091245    1.20857605    1.32120871    1.27326604    1.16880673    1.16290239    1.19932028    1.33688582    1.19755442    1.27452296    1.26237544    1.27496112    1.27323773    1.37187849    1.20268377    1.54278677    1.46058510    1.46763231    1.48686997    1.27060162    1.19861249    1.17336452    1.27077236    1.24149162    1.23546870    1.24657637    1.28580448    1.16469628    1.25297971    1.09407802    1.20790937    1.37076474    1.31592835    1.37686130    1.20498919    1.15996647
Q89QL9_BRADU/235-523     1.83961380    0.71678431    0.77046855    0.64102205    0.58021494    0.64396452    0.65359475    0.60856080    0.50281199    0.42109928    0.31301697    0.00000000    0.59869322    0.90287935    0.87379163    0.96237088    0.80559086    1.57834665    1.70161576    1.66390021    1.62968656    1.37988416    1.38279064    1.41730639    1.40328440    1.26296955    1.33439180    1.32612316    1.41786844    1.19212692    1.22227587    1.36656110    1.31677822    1.21691278    1.19556319    1.24416403    1.30195979    1.30398857    1.35150696    1.27677210    1.30623973    1.30517204    1.39878275    1.35732999    1.52758866    1.47672407    1.45549258    1.49573917    1.32447739    1.26767705    1.29530590    1.34230017    1.32695550    1.28754175    1.30336714    1.31598399    1.30362383    1.27604370    1.18043405    1.31400111    1.44483262    1.38622239    1.35599176    1.34814615    1.22463402
A9CJP2_AGRFC/253-540     1.92187484    0.79094397    0.67489589    0.59268986    0.53227810    0.55096796    0.62983827    0.48059617    0.59074144    0.59177203    0.61965059    0.59869322    0.00000000    0.87723401    0.95856132    0.90392527    0.87596005    1.59161012    1.77847770    1.66937174    1.65158404    1.22626518    1.38311492    1.38839875    1.34327092    1.28216345    1.23834860    1.22884164    1.35468532    1.19164057    1.24296562    1.38098594    1.35180109    1.22738484    1.21225436    1.24437870    1.24010090    1.25344016    1.23637705    1.16782434    1.17829439    1.19231539    1.33986627    1.19989031    1.50715769    1.42512918    1.51125491    1.31129387    1.23640799    1.25086270    1.21719566    1.28335609    1.30114670    1.25715930    1.21166019    1.31302566    1.30287759    1.29914590    1.15284480    1.20791010    1.27138962    1.15124766    1.44288811    1.20065326    1.12091307
Q1GFK1_RUEST/253-541     1.97546704    1.13457533    0.94432422    0.93697537    0.91750624    0.88521687    0.80934564    0.88323852    0.92912069    0.89214588    0.91564924    0.90287935    0.87723401    0.00000000    0.67668775    0.61268934    0.99787678    1.51337122    1.63541743    1.59513759    1.45180205    1.38692273    1.47826801    1.46643662    1.30987153    1.37166281    1.28997675    1.41197424    1.40779008    1.25747539    1.39585029    1.40470034    1.46888491    1.39326396    1.40088196    1.47788258    1.52845161    1.26081844    1.37967537    1.31204830    1.33936482    1.33937869    1.41758268    1.37990399    1.58292223    1.50496402    1.48200271    1.43059665    1.37780836    1.26700588    1.32469242    1.39007482    1.40215408    1.34788546    1.35588383    1.38882876    1.44529836    1.32540264    1.27378587    1.37348530    1.46389941    1.53110370    1.32194384    1.43741951    1.28310343
S5Y667_PARAH/250-538     1.82563591    1.05489338    0.88544888    0.86252928    0.86354038    0.88267252    0.86512741    0.94431233    0.92916540    0.93274834    0.86168450    0.87379163    0.95856132    0.67668775    0.00000000    0.34480153    0.88012551    1.34277942    1.75649326    1.55763679    1.48875804    1.30060401    1.29678035    1.37016550    1.31739772    1.32437677    1.26195861    1.23871863    1.37482928    1.18657725    1.27252322    1.30627039    1.32813226    1.28512814    1.40127762    1.42092378    1.37807990    1.28947050    1.34951349    1.29522316    1.36110619    1.32277811    1.39256515    1.37648068    1.55693389    1.43131714    1.48619017    1.51081369    1.35418299    1.24825207    1.18417466    1.31832998    1.37009135    1.35047725    1.24391157    1.26961640    1.35147716    1.30368479    1.22458536    1.26891177    1.48878899    1.42472718    1.38888170    1.31226587    1.24005847
A1AZR2_PARDP/242-530     1.83809666    1.03036853    0.86419241    0.82038685    0.85675083    0.85879207    0.79737086    0.82130814    0.89694106    0.96701956    0.99788672    0.96237088    0.90392527    0.61268934    0.34480153    0.00000000    0.90187094    1.27801902    1.68293188    1.56267808    1.46335921    1.32107396    1.35969312    1.36648113    1.37225748    1.27364833    1.33444988    1.20685650    1.29385117    1.21700122    1.29360331    1.27200596    1.36697387    1.31734724    1.42411663    1.40004476    1.45605707    1.21281609    1.27480622    1.23302424    1.28542924    1.27351474    1.34773276    1.30896609    1.52522949    1.41157025    1.51262707    1.47786995    1.20925508    1.33934866    1.28851158    1.29995033    1.46022500    1.35845850    1.30636255    1.35101639    1.36781794    1.34300043    1.29676835    1.29807011    1.43226422    1.43573388    1.35994936    1.30874403    1.20024230
C1ABV6_GEMAT/262-550     1.63484017    0.88757307    0.91921408    0.71958362    0.71189772    0.68017464    0.72594288    0.68322309    0.75361944    0.81454542    0.73592841    0.80559086    0.87596005    0.99787678    0.88012551    0.90187094    0.00000000    1.45894962    1.51732937    1.47710880    1.34366875    1.20296826    1.17065328    1.26357326    1.30938590    1.18377375    1.21126450    1.16750826    1.27473747    1.11918992    1.15703099    1.25973823    1.20363974    1.07473837    1.08699802    1.14126116    1.24193019    1.08659025    1.23334603    1.22198100    1.22405969    1.29379517    1.22777416    1.20459089    1.50769563    1.41136550    1.41616334    1.34297028    1.18887717    1.12954883    1.10292252    1.13006829    1.18643029    1.20005315    1.21257280    1.18169929    1.13832308    1.14841167    0.97886991    1.09617557    1.31038509    1.19722116    1.27831706    1.22440467    1.08022585
K7RZD6_ACIA4/330-622     2.06993720    1.37095759    1.47145423    1.45910753    1.46430251    1.48911255    1.44769605    1.48730831    1.41458234    1.47633367    1.47307427    1.57834665    1.59161012    1.51337122    1.34277942    1.27801902    1.45894962    0.00000000    1.24123566    1.29670708    1.19747041    1.18530461    0.99200310    1.07291038    0.97207341    1.12775898    1.07244897    1.11923975    1.22630647    1.21757665    1.16687774    1.22819796    1.21410917    1.24264889    1.33518487    1.24492729    1.30259027    1.27425805    1.36458916    1.28463470    1.32917421    1.45761375    1.19698383    1.33040013    1.47883015    1.38378249    1.38115446    1.30296029    1.25733719    1.27743634    1.18167297    1.19501573    1.38771979    1.22381389    1.27564231    1.33926182    1.19718132    1.27111417    1.25423721    1.30586984    1.53924760    1.53093693    1.38227083    1.32395782    1.41547485
C3PK94_CORA7/305-598     1.99722215    1.57982305    1.63383988    1.65675354    1.64027327    1.64935383    1.54770215    1.62838723    1.47550418    1.75208546    1.51560640    1.70161576    1.77847770    1.63541743    1.75649326    1.68293188    1.51732937    1.24123566    0.00000000    0.92270080    0.92856288    1.42398025    1.27415304    1.28358775    1.36694376    1.51587933    1.40733682    1.38145021    1.52952096    1.28572389    1.28351993    1.31041635    1.27864711    1.32790307    1.30530167    1.32066530    1.38572859    1.49330060    1.33871347    1.33282850    1.32939423    1.39923631    1.47812429    1.32763253    1.57420177    1.51410028    1.61300735    1.56210687    1.35977761    1.42242241    1.23825376    1.33198918    1.39527679    1.32591451    1.38553527    1.45447571    1.46808889    1.49016696    1.25013766    1.40789546    1.50239189    1.54546133    1.28735175    1.50167141    1.52629191
Q8NLM9_CORGL/294-578     1.78150883    1.44705956    1.62900184    1.49591525    1.50407296    1.57376406    1.46551868    1.57747971    1.51171941    1.60185537    1.53729234    1.66390021    1.66937174    1.59513759    1.55763679    1.56267808    1.47710880    1.29670708    0.92270080    0.00000000    0.49627534    1.42310895    1.25766580    1.18801298    1.23202147    1.37505145    1.27919068    1.31029521    1.50326683    1.27276030    1.24363253    1.23649575    1.36056875    1.20928878    1.18020180    1.30621270    1.31023472    1.35120880    1.29473326    1.36411201    1.28039238    1.45434064    1.38741468    1.30887401    1.35356389    1.46898974    1.45661665    1.35110405    1.36042353    1.29871608    1.19962526    1.29900516    1.36395607    1.28643689    1.37526877    1.43129411    1.32446760    1.39854604    1.34029406    1.28302888    1.35210537    1.36979942    1.26302338    1.49513325    1.29744860
Q8FLV5_COREF/285-587     1.92608837    1.39484673    1.54987674    1.42333714    1.47011965    1.43604530    1.35648639    1.48323186    1.42306770    1.58784311    1.52049852    1.62968656    1.65158404    1.45180205    1.48875804    1.46335921    1.34366875    1.19747041    0.92856288    0.49627534    0.00000000    1.24725854    1.18355565    1.11547881    1.20915267    1.35912198    1.19962815    1.24088186    1.34915598    1.17068497    1.12845115    1.21138913    1.23433202    1.14745504    1.19809030    1.20113129    1.23234829    1.32834640    1.40417172    1.35320391    1.29464281    1.36353863    1.33935946    1.29620015    1.30011670    1.53970810    1.35351685    1.30674959    1.33714410    1.26013412    1.12364225    1.25352824    1.35358732    1.23864365    1.29870595    1.34940256    1.23901059    1.31095045    1.18944371    1.20789934    1.32356526    1.36367386    1.20091739    1.50119621    1.31675033
K0K3W4_SACES/281-568     1.81051696    1.15751686    1.22340502    1.25106487    1.21834949    1.25360300    1.16576492    1.17606368    1.14894599    1.20051804    1.23398934    1.37988416    1.22626518    1.38692273    1.30060401    1.32107396    1.20296826    1.18530461    1.42398025    1.42310895    1.24725854    0.00000000    0.66571266    0.71895388    0.56640257    0.69429628    0.75026635    0.74199570    0.88333837    0.77135027    0.69482306    0.95297329    0.91361765    0.84925251    0.90113996    0.76387034    0.94641020    0.82349893    0.97353591    0.98519023    0.96407732    1.02063914    1.01630610    0.93483958    1.21641254    1.00723731    1.02980882    1.15269968    0.97073655    0.79514304    0.78163033    0.83353314    0.86684027    0.95787008    0.91202458    0.98728660    0.92786721    0.89715320    0.70034771    0.92002429    1.06843489    1.05840037    1.10863109    1.01725550    0.73167903
D1BK71_SANKS/345-631     1.77469544    1.10984188    1.37445015    1.19783431    1.28278362    1.14928693    1.11688733    1.32080988    1.27838510    1.26563529    1.32655122    1.38279064    1.38311492    1.47826801    1.29678035    1.35969312    1.17065328    0.99200310    1.27415304    1.25766580    1.18355565    0.66571266    0.00000000    0.56966098    0.61555887    0.71275181    0.77035638    0.68557496    0.86013102    0.72120850    0.67731063    0.84609285    0.83873486    0.83492666    0.90237451    0.76734970    0.86055145    0.87772722    0.96411276    0.96695797    0.98618626    1.02748599    0.94176104    0.93787350    1.14893335    1.03581713    1.09653758    1.08258249    0.93790692    0.94380380    0.85344601    0.92306251    0.97167360    0.96965363    0.92928111    0.96796435    0.97099528    0.94231047    0.79561567    1.00370215    1.01187115    1.00671062    0.94381937    0.89369354    0.68813615
F6ELT2_HOYSD/176-469     1.84774387    1.20650980    1.40566942    1.25041259    1.28750864    1.24903143    1.19546743    1.34253809    1.37902029    1.32126672    1.42027966    1.41730639    1.38839875    1.46643662    1.37016550    1.36648113    1.26357326    1.07291038    1.28358775    1.18801298    1.11547881    0.71895388    0.56966098    0.00000000    0.45751519    0.72981471    0.79174989    0.73015626    0.92559319    0.67730801    0.66895661    0.88910683    0.87030841    0.83420965    0.82968742    0.71674964    0.77608341    0.96138035    1.04614907    1.04944347    0.98028378    1.03736324    0.95659955    0.96929533    1.22487025    1.07679842    1.09312319    1.16837924    0.95494056    0.84257301    0.75902963    0.86117736    0.81365218    0.89911129    0.95153625    0.89265376    0.92791180    0.87305645    0.78648658    1.04442027    1.15997588    1.05931983    0.92496567    1.11149200    0.82297889
E9SVL3_RHOHA/287-573     1.62113494    1.11077996    1.26937368    1.27295587    1.33519977    1.24500187    1.25861498    1.28337050    1.32996828    1.31156447    1.43520453    1.40328440    1.34327092    1.30987153    1.31739772    1.37225748    1.30938590    0.97207341    1.36694376    1.23202147    1.20915267    0.56640257    0.61555887    0.45751519    0.00000000    0.71288294    0.78173542    0.69662176    0.88911490    0.71498064    0.65385843    0.86181749    0.84507402    0.84526072    0.89467994    0.84366493    0.86742831    0.84821779    1.03108810    0.98714793    0.97366227    1.07132074    0.85089528    0.92306085    1.11755551    1.04746093    0.99471566    0.97450163    0.89709912    0.82135348    0.78238581    0.82340306    0.85068650    0.96017334    0.97827840    0.96581795    1.01789552    0.94144944    0.77144118    1.02808128    1.08331579    1.09118475    0.97552606    0.98570504    0.84938254
D1BKX8_SANKS/280-568     1.98166139    1.10393236    1.37072821    1.29077473    1.30824437    1.22536950    1.16115249    1.18564486    1.31695060    1.22510316    1.33602930    1.26296955    1.28216345    1.37166281    1.32437677    1.27364833    1.18377375    1.12775898    1.51587933    1.37505145    1.35912198    0.69429628    0.71275181    0.72981471    0.71288294    0.00000000    0.55786596    0.61744444    0.85344524    0.79978018    0.77709123    0.95680605    0.93213332    0.84531881    0.87807452    0.79598613    0.91625558    0.86131746    0.95813250    0.88677913    0.88496055    0.95374008    0.84750935    0.91593572    1.07055078    0.97244710    0.98787260    1.06032245    0.90011378    0.83733757    0.86662943    0.89434907    0.89104105    0.97339651    0.94184055    0.94139791    0.94988233    0.88878910    0.84943030    0.91729495    1.16551983    0.97302681    0.98713629    1.03241125    0.83656876
C7R1T4_JONDD/284-574     1.94443716    1.13249706    1.20430152    1.13922575    1.14922046    1.10208671    1.04756164    1.14714083    1.31193595    1.31248154    1.27319224    1.33439180    1.23834860    1.28997675    1.26195861    1.33444988    1.21126450    1.07244897    1.40733682    1.27919068    1.19962815    0.75026635    0.77035638    0.79174989    0.78173542    0.55786596    0.00000000    0.59971580    0.83658338    0.84634103    0.85984919    1.10559205    1.04767240    0.99109555    1.03504303    0.93187562    1.13579456    1.01486922    1.00242031    0.93600602    0.98132910    1.08975719    0.95612968    0.93998502    1.09660949    1.02223587    1.13056769    1.09908709    1.00220981    0.91738043    0.88969458    0.91457379    0.88875939    0.90417633    0.87324000    0.98949038    0.93618037    0.92187681    0.87997108    1.01267800    1.16718013    1.05909974    1.08927551    1.07118352    0.88879602
F8A1R3_CELGA/277-568     1.81179638    1.13964841    1.19722332    1.21609382    1.24100998    1.17137631    1.03090748    1.14393436    1.21664752    1.30185913    1.24205830    1.32612316    1.22884164    1.41197424    1.23871863    1.20685650    1.16750826    1.11923975    1.38145021    1.31029521    1.24088186    0.74199570    0.68557496    0.73015626    0.69662176    0.61744444    0.59971580    0.00000000    0.70136410    0.77572163    0.75479307    0.98154781    0.93921448    0.91410660    0.97099874    0.97108987    1.00603722    0.91127010    0.98915738    0.91461574    0.97025474    1.04528112    0.91353588    0.88256484    1.12627441    1.02149655    1.03919196    1.14355440    0.86771798    0.92575786    0.86937097    0.86708909    0.94419254    0.95073144    0.92266367    0.97068384    0.95712206    0.89740657    0.77780608    0.96281077    0.97509415    0.91751087    1.07674963    1.00331930    0.75638050
C5C5N9_BEUC1/259-559     1.74636700    1.15726589    1.30427863    1.24813948    1.33116157    1.34633381    1.25820758    1.17899570    1.23440938    1.30021752    1.32641611    1.41786844    1.35468532    1.40779008    1.37482928    1.29385117    1.27473747    1.22630647    1.52952096    1.50326683    1.34915598    0.88333837    0.86013102    0.92559319    0.88911490    0.85344524    0.83658338    0.70136410    0.00000000    1.01104877    0.98246763    1.19863660    1.17234593    1.02405942    1.09309041    1.02430243    1.11971624    1.04691463    1.09708770    1.00124913    0.98225033    1.11096526    0.94295422    1.02427409    1.06736007    1.15324143    1.19490036    1.09744601    1.07011612    1.13903887    1.04005100    1.15556986    1.10175607    1.08847313    1.03552552    1.12360325    1.12273370    1.05133668    0.97284866    0.98371659    1.09589639    1.11041581    1.06483571    1.21714904    0.95340311
H6RD96_NOCCG/271-558     1.61850848    1.01529840    1.26312405    1.01254490    1.12979266    1.04003429    0.98891973    1.09388795    1.14708441    1.24682451    1.17091245    1.19212692    1.19164057    1.25747539    1.18657725    1.21700122    1.11918992    1.21757665    1.28572389    1.27276030    1.17068497    0.77135027    0.72120850    0.67730801    0.71498064    0.79978018    0.84634103    0.77572163    1.01104877    0.00000000    0.27773144    0.54084883    0.49600090    0.45638400    0.57022702    0.50666056    0.57322837    0.81140824    0.92985809    0.86838816    0.91346820    0.96329844    0.89403291    0.88791341    0.99421632    1.01257380    1.01071219    0.96389044    0.89598835    0.73241427    0.71212890    0.75326408    0.77302375    0.81756079    0.81765830    0.79085324    0.86159279    0.75960032    0.68269429    0.85253255    1.01492490    0.98922583    0.96383225    0.80395888    0.68862807
W5T6S2_9NOCA/293-580     1.71994068    1.01773594    1.35339323    1.11345398    1.09623876    1.12286129    1.05742027    1.16577086    1.18545584    1.21388545    1.20857605    1.22227587    1.24296562    1.39585029    1.27252322    1.29360331    1.15703099    1.16687774    1.28351993    1.24363253    1.12845115    0.69482306    0.67731063    0.66895661    0.65385843    0.77709123    0.85984919    0.75479307    0.98246763    0.27773144    0.00000000    0.57095940    0.50603331    0.45884698    0.57657192    0.47904849    0.60795651    0.74997712    0.84242363    0.84561157    0.83556782    0.86960483    0.85351419    0.82991709    1.00825036    0.94144778    0.95996493    0.98657967    0.84678937    0.70500160    0.69985465    0.74510939    0.73448288    0.79664834    0.78742079    0.76606190    0.87141110    0.68258141    0.62702291    0.77174836    0.94486527    0.98974260    0.87759906    0.83048370    0.59156073
H6N159_GORPV/274-561     1.71725631    1.06671874    1.38717989    1.24776615    1.22901351    1.23524405    1.20351195    1.29237534    1.27576056    1.32867049    1.32120871    1.36656110    1.38098594    1.40470034    1.30627039    1.27200596    1.25973823    1.22819796    1.31041635    1.23649575    1.21138913    0.95297329    0.84609285    0.88910683    0.86181749    0.95680605    1.10559205    0.98154781    1.19863660    0.54084883    0.57095940    0.00000000    0.30442992    0.48586033    0.50507162    0.52273962    0.62610378    0.94872038    1.07470276    1.02304307    1.02513209    1.06236128    1.02251958    0.94490197    1.19967528    1.21779008    1.14874794    1.04451443    0.93452471    0.91314820    0.86211576    0.88604398    0.93520626    0.92508256    0.94443329    0.90577426    1.00283027    0.85182187    0.88202445    0.97677792    1.13831414    1.06449260    1.02595328    0.89779986    0.77823013
D0L8W1_GORB4/305-592     1.60788140    1.08479336    1.38681806    1.21715556    1.24118022    1.16455288    1.18878903    1.25518597    1.20812358    1.27248723    1.27326604    1.31677822    1.35180109    1.46888491    1.32813226    1.36697387    1.20363974    1.21410917    1.27864711    1.36056875    1.23433202    0.91361765    0.83873486    0.87030841    0.84507402    0.93213332    1.04767240    0.93921448    1.17234593    0.49600090    0.50603331    0.30442992    0.00000000    0.49705716    0.51987755    0.44599180    0.56010007    0.89963402    1.05811470    0.98315173    1.02480281    1.05718387    0.96187006    0.96301467    1.14394640    1.17851470    1.21319806    0.98183126    0.92577404    0.81696104    0.76039169    0.77584550    0.93259072    0.93694991    0.93605835    0.85931139    0.89071275    0.81806089    0.76639865    0.95830802    1.08152395    0.97838278    0.92882031    0.87784793    0.72318491
O53417_MYCTU/287-574     1.82240354    1.05743654    1.38055504    1.11683012    1.13518608    1.06336740    1.07855937    1.11354609    1.09814182    1.14752741    1.16880673    1.21691278    1.22738484    1.39326396    1.28512814    1.31734724    1.07473837    1.24264889    1.32790307    1.20928878    1.14745504    0.84925251    0.83492666    0.83420965    0.84526072    0.84531881    0.99109555    0.91410660    1.02405942    0.45638400    0.45884698    0.48586033    0.49705716    0.00000000    0.26531538    0.25346993    0.37905468    0.79686721    0.98416264    0.95159529    0.96995167    1.02372958    0.98038259    0.96483814    1.11842148    1.08417264    1.07958528    1.02329640    0.90488589    0.83803757    0.76917106    0.81685455    0.89600712    1.00738082    0.96961710    0.96352170    1.03222947    0.82543993    0.75439203    0.83370882    0.98422200    0.91897348    0.93380090    0.92205870    0.69137637
F5YTZ2_MYCSD/266-553     1.75235160    1.06145696    1.31297899    1.12453614    1.16558579    1.08157802    1.15504437    1.15063742    1.11380781    1.18803109    1.16290239    1.19556319    1.21225436    1.40088196    1.40127762    1.42411663    1.08699802    1.33518487    1.30530167    1.18020180    1.19809030    0.90113996    0.90237451    0.82968742    0.89467994    0.87807452    1.03504303    0.97099874    1.09309041    0.57022702    0.57657192    0.50507162    0.51987755    0.26531538    0.00000000    0.31377620    0.48319855    0.85761892    1.03441512    1.00153956    0.98616887    1.04510872    0.99027829    0.97966035    1.16587589    1.17087556    1.12194803    1.08200923    0.97623189    0.83428469    0.81065383    0.87379568    0.85373405    0.97273295    0.99629506    0.92325666    1.01414490    0.85263189    0.72790881    0.84373445    1.01094941    0.91476377    0.94142048    0.98206140    0.73966343
A0R2Y6_MYCS2/279-566     1.74408330    1.11751419    1.42052694    1.12226475    1.12486818    1.09891099    1.10128906    1.18093464    1.11615314    1.13722066    1.19932028    1.24416403    1.24437870    1.47788258    1.42092378    1.40004476    1.14126116    1.24492729    1.32066530    1.30621270    1.20113129    0.76387034    0.76734970    0.71674964    0.84366493    0.79598613    0.93187562    0.97108987    1.02430243    0.50666056    0.47904849    0.52273962    0.44599180    0.25346993    0.31377620    0.00000000    0.36461449    0.81184976    1.01344939    0.93713496    0.92964634    1.01038108    0.94721068    0.97188104    1.19361841    1.08939660    1.11863449    0.92804520    0.96227017    0.73131448    0.69480952    0.81004007    0.88316935    1.02822870    0.95532062    0.90450493    0.97720287    0.83546897    0.70649328    0.85605727    0.98489319    0.91931795    0.96684350    0.93789949    0.72343504
D5UUK0_TSUPD/320-612     1.91070539    1.14051458    1.50563246    1.18254343    1.20837535    1.14278636    1.13478807    1.26353332    1.28520099    1.20721076    1.33688582    1.30195979    1.24010090    1.52845161    1.37807990    1.45605707    1.24193019    1.30259027    1.38572859    1.31023472    1.23234829    0.94641020    0.86055145    0.77608341    0.86742831    0.91625558    1.13579456    1.00603722    1.11971624    0.57322837    0.60795651    0.62610378    0.56010007    0.37905468    0.48319855    0.36461449    0.00000000    0.97663032    1.08099751    1.03651691    1.04194177    1.12710692    1.00878683    1.02407306    1.20113987    1.19255595    1.17974077    1.06695370    0.99191008    0.90511995    0.83231433    0.87831409    0.93535552    1.09262018    1.04051050    1.06592357    1.01977819    0.91367811    0.80456795    0.92526167    1.02898798    1.01511187    1.06343087    0.97479798    0.84367047
F6EKH8_HOYSD/269-558     1.76231114    1.10707574    1.15856034    1.08663943    1.18022431    1.06786369    1.13320107    1.08925289    1.12988617    1.25141357    1.19755442    1.30398857    1.25344016    1.26081844    1.28947050    1.21281609    1.08659025    1.27425805    1.49330060    1.35120880    1.32834640    0.82349893    0.87772722    0.96138035    0.84821779    0.86131746    1.01486922    0.91127010    1.04691463    0.81140824    0.74997712    0.94872038    0.89963402    0.79686721    0.85761892    0.81184976    0.97663032    0.00000000    0.77015045    0.83422577    0.74469748    0.74639699    0.58831834    0.66866116    0.94999866    0.82740892    0.84549086    0.84367208    0.73986171    0.61174980    0.56686486    0.68628960    0.86412574    0.92558215    0.91220692    0.95630432    1.01892683    0.84951916    0.71116210    0.88345468    1.01354024    1.03312668    0.92222991    0.98272051    0.74811121
F5Z1B2_MYCSD/256-547     1.84050842    1.13991391    1.23218302    1.20911397    1.24729514    1.19686696    1.13694911    1.10850205    1.25913537    1.19259661    1.27452296    1.35150696    1.23637705    1.37967537    1.34951349    1.27480622    1.23334603    1.36458916    1.33871347    1.29473326    1.40417172    0.97353591    0.96411276    1.04614907    1.03108810    0.95813250    1.00242031    0.98915738    1.09708770    0.92985809    0.84242363    1.07470276    1.05811470    0.98416264    1.03441512    1.01344939    1.08099751    0.77015045    0.00000000    0.40955822    0.42121665    0.46928823    0.63588043    0.68351426    1.01314979    0.83492486    0.87951733    0.80048931    0.72637419    0.82958630    0.77948691    0.83679390    1.02772334    1.00452603    1.09087503    0.91128254    1.01496956    0.93432438    0.85393117    0.94032184    1.13878543    1.10821203    0.94344393    1.07177902    0.84851134
V5XIR3_MYCNE/268-559     1.76662594    1.06620129    1.18343550    1.16293369    1.22195789    1.17962796    1.09677293    1.08930108    1.09175416    1.15370948    1.26237544    1.27677210    1.16782434    1.31204830    1.29522316    1.23302424    1.22198100    1.28463470    1.33282850    1.36411201    1.35320391    0.98519023    0.96695797    1.04944347    0.98714793    0.88677913    0.93600602    0.91461574    1.00124913    0.86838816    0.84561157    1.02304307    0.98315173    0.95159529    1.00153956    0.93713496    1.03651691    0.83422577    0.40955822    0.00000000    0.28753490    0.37685321    0.57726610    0.56219287    0.97776335    0.79866214    0.84161403    0.69507410    0.75565119    0.71269619    0.71187916    0.68000659    0.93363647    1.02016705    1.06329730    0.89562710    1.08587620    0.90527596    0.82691318    0.91284670    1.01213247    0.89369179    0.98459282    0.97392575    0.78550172
A0R4G3_MYCS2/270-561     1.65548649    1.13919913    1.26686130    1.19665138    1.22736508    1.24107502    1.15384650    1.14266946    1.13303196    1.22488747    1.27496112    1.30623973    1.17829439    1.33936482    1.36110619    1.28542924    1.22405969    1.32917421    1.32939423    1.28039238    1.29464281    0.96407732    0.98618626    0.98028378    0.97366227    0.88496055    0.98132910    0.97025474    0.98225033    0.91346820    0.83556782    1.02513209    1.02480281    0.96995167    0.98616887    0.92964634    1.04194177    0.74469748    0.42121665    0.28753490    0.00000000    0.25522400    0.59734313    0.60055355    0.97750296    0.75530300    0.78595162    0.67785720    0.74112082    0.73631519    0.72559899    0.70012231    0.97247265    0.98106963    1.02133341    0.87400441    1.06827162    0.94787333    0.85459669    0.95509868    1.08487316    1.00683999    0.92307662    1.02802983    0.88127225
A1TFD9_MYCVP/268-559     1.79506579    1.06847021    1.29914193    1.24280311    1.20830120    1.22971555    1.18126194    1.15534891    1.18488019    1.28307922    1.27323773    1.30517204    1.19231539    1.33937869    1.32277811    1.27351474    1.29379517    1.45761375    1.39923631    1.45434064    1.36353863    1.02063914    1.02748599    1.03736324    1.07132074    0.95374008    1.08975719    1.04528112    1.11096526    0.96329844    0.86960483    1.06236128    1.05718387    1.02372958    1.04510872    1.01038108    1.12710692    0.74639699    0.46928823    0.37685321    0.25522400    0.00000000    0.64103061    0.64750022    1.04499754    0.85840478    0.85845951    0.74786814    0.70359199    0.75991526    0.73558309    0.76130964    0.95919780    1.03236293    1.01366547    0.90870175    1.09754631    0.96460676    0.85921942    0.98253439    1.16273920    1.09476917    1.02184972    1.03204612    0.87498828
