93
A0L3T4_MAGMM/247-290     0.00000000    0.74234644    0.74012810    0.82654571    0.93747135    1.22428873    0.84327703    1.08181350    1.00196317    1.33043774    0.91898361    0.79513077    1.12544055    1.12183690    1.09757027    1.35087279    1.12052421    1.24152255    1.11664157    1.39276278    1.18623402    0.96485041    1.00556882    1.08373823    0.98416959    1.06788194    0.95140179    1.02147648    1.08041648    1.37646812    1.45686612    1.49169037    0.95339605    1.04481994    1.14268834    1.27415908    1.15092790    1.08532961    1.05597895    1.07576054    1.41331222    1.16870203    0.99428835    1.55598675    1.59177279    1.03391365    2.19134547    1.89850191    1.82153054    1.82862485    1.52226044    1.54883413    1.50373094    1.54535185    1.71693100    1.64165470    1.55779825    1.58427677    2.03816486    1.67688636    1.58979687    1.54846156    1.73941135    1.37608956    1.37023126    1.38530026    1.40585628    1.38937243    1.40503734    1.16362839    1.30540069    1.34159218    1.67845382    1.63329126    1.40265562    1.55325494    1.90117073    1.21597149    1.33275770    1.23038178    1.21563935    0.96522221    1.06254951    1.29229986    1.02736127    0.99069720    1.16830709    1.02158746    1.20373475    1.10422751    1.13515475    1.24725554    1.09756744
A1AVQ8_RUTMC/241-282     0.74234644    0.00000000    0.27081041    0.88000073    1.00462264    1.07548815    1.01897430    1.08683011    0.84251542    0.83991177    0.99841109    1.06159970    1.11561921    1.06293019    1.08673174    1.25181632    1.10548975    1.31956003    1.22332873    1.19146445    1.26403204    1.03316439    0.92295599    1.27983111    0.99778429    1.08059038    1.06915922    1.09299096    1.00775196    1.12971425    1.53349734    1.22114220    0.99404964    1.24748667    1.18219841    1.10531239    1.03853046    1.08251619    1.01008994    1.06209426    1.38033468    1.54797399    1.13867381    1.49663570    1.32888580    0.91954044    1.34395400    1.64710223    1.78614367    1.74349087    1.81390795    1.48802605    1.48931982    1.59448761    1.52544955    1.47165375    1.68341132    1.29673965    1.68500071    1.62571669    1.33406352    1.35748006    1.61561492    1.22648078    1.64331549    1.52958213    1.03835195    1.15197542    1.33013556    1.30792866    1.40787598    1.23013385    1.52366974    1.50754971    1.37232478    1.42629552    1.84922412    1.30351379    1.12156117    1.16360832    0.95363169    1.09518653    1.32611747    1.49010273    1.42775317    1.22466829    1.30932054    1.14227027    1.32630883    1.21896334    1.29532182    1.25418394    1.23705292
Q3JE57_NITOC/249-290     0.74012810    0.27081041    0.00000000    0.78519292    0.93661643    1.10067804    1.07980110    1.06110940    0.87921458    1.09702331    0.84118343    1.01350451    1.05171749    1.03785616    1.00897625    1.15994239    1.01324402    1.28771142    1.04359003    1.00513288    1.32223060    0.99978675    0.79675401    1.22133244    0.91764402    1.17313969    0.99487929    1.16243734    1.00580896    1.08675805    1.57608697    1.43449221    1.06151797    1.19033273    1.01909967    1.12912458    1.01848777    1.12428779    1.05010664    0.87211043    1.39163333    1.38487687    1.14640684    1.44204541    1.44047394    0.94236131    1.45900511    1.78717057    1.75258887    1.75473307    1.78771616    1.44253764    1.38547369    1.51893349    1.39949875    1.36458487    1.38185782    1.25871673    1.58447647    1.66131073    1.39636421    1.29661502    1.46803667    1.23264403    1.48748215    1.72951864    1.32342636    1.27757279    1.33687268    1.47773492    1.28832458    1.14058396    1.57067901    1.50656093    1.37882091    1.48230160    1.84422851    1.44102231    1.17109690    1.11495715    1.07735892    0.90921362    1.25366436    1.12343544    1.17151419    1.17315932    1.16287194    1.12407237    1.21837514    1.26427980    1.27261629    1.19593041    1.21860948
Q2LSY6_SYNAS/230-272     0.82654571    0.88000073    0.78519292    0.00000000    0.82157956    1.28035997    0.84313656    1.05015267    0.95281742    1.02586784    0.80058810    1.04401492    0.93116391    0.88537077    1.07961327    1.03279713    0.91179437    0.95048326    1.13322792    1.12603970    0.88648370    0.95661030    0.93850875    1.04924261    0.92744460    0.82762245    0.83422529    0.93656527    0.93766441    1.07823925    1.17835366    1.19170807    0.87793570    0.93156758    0.98330797    1.04384286    1.15880842    0.96288275    1.04190215    0.75790946    1.05421809    1.00699338    0.78149562    1.36872281    1.42641484    0.73768115    1.73428522    1.98885844    1.87702633    2.12692153    1.99552642    1.94479201    1.71467309    1.90168690    1.88863809    1.97817083    2.22377572    1.71864885    1.99080428    1.89072924    1.93078598    1.64210921    2.00404383    1.69304218    1.63057615    1.50946109    1.08580739    1.27118637    1.75374178    1.42764061    1.40472423    1.30666802    1.48900587    2.11245029    1.56673942    1.55314248    1.65479053    1.24958030    1.42720729    1.10377223    1.22981966    0.75479276    0.85580116    0.94872442    0.98149057    0.83389257    1.00718922    0.89034022    1.20595349    0.99096809    1.01452199    1.12640945    1.10153330
Q2RGL9_MOOTA/215-257     0.93747135    1.00462264    0.93661643    0.82157956    0.00000000    1.47622054    0.94896619    1.02613608    0.91403548    1.36368988    0.85830847    1.07657808    1.20186553    1.09527011    1.19401037    1.22370453    1.22800846    1.25615667    1.33751843    1.34599650    1.37311345    1.29669879    1.17787951    1.03809421    0.90389699    1.00451756    1.01843827    0.95917604    0.82656961    1.06361154    1.42117983    1.27014471    1.13884566    1.15922186    1.04544935    1.08214843    1.20299229    0.98215057    0.93473506    0.90946558    1.33918056    1.39603372    1.10507193    1.76692139    1.39013477    1.13490107    2.29143655    2.28820865    2.29042780    2.11868747    2.02611147    1.91515268    1.97723010    2.04349545    2.01438659    2.12949937    2.15027979    1.81577725    1.81639000    1.99759262    1.93455650    1.76289894    2.10805143    1.71668401    1.98532863    1.77898487    1.62295223    1.44028767    1.84318228    1.73047131    1.61862230    1.47785813    1.95162741    2.29044557    1.82996596    1.77748894    1.95741939    1.34527373    1.19518601    1.08238434    1.17786943    1.15894108    1.30643614    1.19660334    1.08130126    1.11766461    1.46014962    1.22698828    1.49853925    1.10804562    1.02738433    1.11602129    0.99581039
A0LUF9_ACIC1/222-264     1.22428873    1.07548815    1.10067804    1.28035997    1.47622054    0.00000000    1.14615833    1.21697553    1.13973850    1.26400520    1.24874414    1.02934886    1.18070677    1.29109824    0.93786665    1.69807381    0.95987060    1.00788826    0.95962254    1.05296536    1.08935405    1.15200763    1.35522742    1.65391591    1.13344842    1.46077012    1.40071847    1.31161923    0.89642161    1.24559686    1.32818736    1.11823148    1.12447618    1.08561503    1.18254389    1.32868955    1.09230396    0.92250887    1.05224059    1.12532638    1.40719331    1.37556292    1.28939988    1.77458901    1.58748706    1.28793071    1.94000911    1.85641639    1.99396451    1.84425207    1.69987263    1.54398434    1.52709279    2.04930854    1.86035110    1.71963069    1.49193743    1.95106460    2.21838212    1.80154775    1.66207961    1.67714419    1.67500691    1.70353202    1.53855426    1.62401505    2.03510833    1.80653483    1.26305074    1.21319643    1.21642521    1.09276125    1.60639064    1.32725352    1.29850085    1.42277979    1.57478957    1.37765853    1.26849465    1.51645958    1.23830227    1.45199841    1.31588120    1.19934717    1.25410463    1.73351172    1.57764365    1.75282666    1.39867584    1.67879280    1.74800592    1.23451445    1.27440574
Q1AVZ0_RUBXD/203-240     0.84327703    1.01897430    1.07980110    0.84313656    0.94896619    1.14615833    0.00000000    0.94408440    0.99669978    0.99762482    0.90592120    0.76900822    1.07486728    1.00568607    0.99212093    0.98138086    1.10190837    1.38187081    1.39309326    1.13288199    1.04097798    0.91704302    0.97324330    0.75326321    0.90203202    0.98211993    0.84946438    0.81005354    0.82339055    1.19633772    1.09474718    1.13728599    0.85953828    0.87248284    1.11494082    1.11306560    1.02507814    0.97029865    0.79315881    0.87907822    1.16524720    1.10359763    0.88172795    1.68029400    1.52821444    1.12173035    1.79885364    1.74898617    1.84613674    1.93651477    1.84992862    2.16390356    1.89054944    1.47722125    1.92279515    1.64825935    1.96742296    1.75462247    2.08361164    2.11684195    1.82216591    2.00909106    1.86629758    1.77307345    1.91836454    1.48358903    1.57632626    1.42045110    1.36599685    1.28481206    1.62246434    1.51860970    1.93287331    1.83421786    1.65534568    1.82361406    1.64654036    0.97179229    1.20457889    1.15352262    1.16963586    1.34002694    1.18543297    1.20226098    0.88866198    1.14660801    1.41778870    1.22140167    1.00405749    1.05474315    0.95359309    1.22490801    1.19873408
PYRK_THEMA/178-215     1.08181350    1.08683011    1.06110940    1.05015267    1.02613608    1.21697553    0.94408440    0.00000000    0.36627317    1.03632762    1.05956080    1.11929128    0.85700288    0.94422576    1.05558006    1.05427950    0.88212308    0.95287892    1.05382618    1.07231148    0.95596465    0.87369895    0.78851870    0.89406566    0.83323489    0.89331963    0.94886097    0.71283290    0.90132494    1.02019283    1.08311913    0.90890454    1.05376068    1.20357018    1.11908771    1.14058736    1.19511737    0.89050694    0.81174645    0.81853102    0.83007385    0.84416469    1.00609996    1.37518406    1.50142778    1.13894296    1.94979356    1.97113312    2.00154834    1.82186560    1.94253457    1.73263870    1.60401484    1.76981711    1.81624379    1.43878380    1.43122649    1.68625523    1.73541195    1.62713932    1.45236525    1.49860887    1.72423773    1.63604742    1.65001714    1.36778414    1.25276118    1.17595552    1.30447558    1.32565945    1.24128741    1.28653813    1.56908950    1.51965291    1.37002051    1.29489833    1.74448156    1.00308889    1.16610318    0.92752268    0.96567295    1.11382285    0.88856670    1.20040806    1.14014030    0.99125963    1.16767687    1.24277032    1.29613877    1.17640726    1.07708906    0.98729049    1.04154172
A8F8J4_PSELT/178-215     1.00196317    0.84251542    0.87921458    0.95281742    0.91403548    1.13973850    0.99669978    0.36627317    0.00000000    1.14507751    0.91288977    0.96296724    1.00395542    1.01472688    1.07506061    1.13202386    0.93982253    1.09545778    1.07761496    1.18076327    1.05379988    0.88346044    0.83862298    1.19296084    1.10840049    1.26105632    1.24467637    0.93530714    1.10653706    1.19242451    1.40878453    1.09483259    1.20556223    1.29214209    1.13836973    1.31948898    1.32802652    0.93518021    1.09154061    1.07595710    1.04743883    1.04679928    1.39216422    1.15325464    1.36971862    1.12570788    1.68564823    1.75809244    1.92449032    1.57288875    1.75809470    1.29684047    1.31732023    1.50827513    1.15721521    1.14918530    1.32256122    1.22786285    1.34974902    1.91321525    1.28965197    1.08692047    1.22705350    1.35876016    1.86063007    1.59274591    1.49028195    1.38134709    1.40666258    1.15739673    1.24269800    1.25173260    1.26160276    1.23920971    1.12709535    1.15455864    2.02613395    1.19797003    1.27802283    1.10128006    0.90319124    1.07878877    0.93178346    1.20728797    1.31631932    0.79185682    1.13558478    1.19490669    1.18333709    1.17807630    1.17175613    1.13592339    0.96604974
PYRK_DESRM/219-260     1.33043774    0.83991177    1.09702331    1.02586784    1.36368988    1.26400520    0.99762482    1.03632762    1.14507751    0.00000000    0.78774419    0.87395597    0.84484235    0.91903276    0.97506278    1.05343449    0.87025364    0.94102377    0.90426240    0.79392593    0.93526968    0.87265858    0.89166127    1.03484849    0.81722527    0.86954266    0.94952082    0.91553742    0.76615130    1.13317380    1.33106316    1.39306242    0.97863643    0.98269256    1.04634430    1.14018657    0.99799623    1.17437782    0.88150592    0.89201592    1.14021305    0.96479708    0.80410491    1.52228167    1.40370142    1.14253322    1.73258181    1.79542309    1.83904210    1.99443811    1.75974236    1.79269586    1.86153483    1.88652885    2.17243453    1.89843703    1.58052827    2.00030782    2.40036389    1.80808397    1.67165333    1.83645511    1.94341868    1.81323655    1.79395912    1.72031889    1.22522121    1.20680280    1.43852039    1.49920121    1.63534639    1.49450048    1.94026221    1.80716617    1.73869119    1.54943952    1.66069301    1.20890689    1.14060073    1.13733044    1.04834670    0.96913493    1.23003578    1.27018329    0.98737822    1.13369655    1.30107120    1.10965672    1.06747922    1.26554682    1.28250752    1.26854915    1.41915939
PYRKH_AQUAE/212-250     0.91898361    0.99841109    0.84118343    0.80058810    0.85830847    1.24874414    0.90592120    1.05956080    0.91288977    0.78774419    0.00000000    0.52402925    0.78638316    0.76859088    0.86223004    0.83330728    0.83110443    0.93782112    0.86237057    0.70805982    0.85900845    0.77550676    0.68815529    0.89143974    0.89142589    0.84444884    0.86313800    0.77681846    0.71072721    0.93386027    0.93186859    1.26004377    0.95346175    0.86758473    0.93356622    1.05487307    0.89401662    0.97506414    0.87337610    0.92671071    1.09686830    0.97619760    0.61672604    1.42408548    1.51723814    0.75945167    2.34253843    1.68936304    2.22075647    2.50068561    2.38084125    2.21299143    2.26400773    1.90915964    2.26719933    1.87430404    1.98609700    1.91749016    2.10493284    2.28934267    2.15014541    1.97260927    2.30961704    2.03057110    1.63889237    1.78045720    1.39216675    1.37667586    1.58481487    1.54725620    1.65518868    1.49792327    1.93711959    1.85709588    1.70960722    1.92105165    1.95841387    1.11219385    1.12403023    1.02702057    0.98321973    0.81780895    1.02921303    1.24692257    0.97356178    0.83181150    1.00515030    1.14830226    1.19353871    1.10216748    1.06037855    1.06938461    1.07388077
B4U699_HYDS0/211-248     0.79513077    1.06159970    1.01350451    1.04401492    1.07657808    1.02934886    0.76900822    1.11929128    0.96296724    0.87395597    0.52402925    0.00000000    0.89722833    1.00282200    0.89564227    1.02188480    0.74961614    1.01500980    0.76790627    0.79616624    0.81613937    0.66578788    0.80266420    0.97800916    1.05515796    1.18575212    1.04999723    0.86504327    0.92137942    1.14039514    0.85776517    1.26528897    0.98036018    1.01219160    0.95328642    1.04790962    1.12005658    0.92700811    0.79684404    1.02021681    1.10598556    0.86117939    0.72139257    1.25014553    1.28834141    1.10784374    1.96908081    1.67049667    2.03651204    2.19888371    2.03129284    2.00924163    1.89670109    1.71031858    2.08264962    1.55747533    1.69876596    1.83965612    2.23324459    2.31742363    1.99213560    2.02568321    1.84104863    1.88493591    1.73055183    1.58030203    1.35914063    1.48537048    1.29184694    1.20042224    1.53799933    1.45148441    1.74531560    1.49238073    1.47034707    1.63734628    2.05208264    1.08498621    1.06938253    0.83662947    0.73730447    0.79506436    0.90045472    1.01002471    0.79605029    0.83238519    1.18511907    0.98325841    0.76121128    1.08471671    0.89809687    0.82648336    0.86800462
R7FYV3_9FIRM/215-259     1.12544055    1.11561921    1.05171749    0.93116391    1.20186553    1.18070677    1.07486728    0.85700288    1.00395542    0.84484235    0.78638316    0.89722833    0.00000000    0.28025141    0.40469415    0.65555576    0.41541005    0.44708938    0.60326665    0.50969335    0.57069746    0.46526543    0.46699064    0.59577066    0.71354974    0.81413555    0.74652990    0.72416492    0.66178633    0.83733832    0.91976317    0.80832668    0.85362658    0.82414638    0.72366836    0.74412196    0.99388864    0.71957756    0.57795150    0.67683007    0.59087531    0.66627830    0.63083457    1.73389000    1.55205829    0.99788141    2.38325264    1.66106949    1.74262540    2.05283160    1.85980985    1.97362859    1.67402860    1.99010218    2.13979900    1.82700053    1.54988756    1.75695692    2.07227338    1.75415341    1.77095763    1.63923252    1.76112264    1.58074206    1.64351640    1.52445786    1.26701798    1.01299534    1.35745387    1.63681130    1.59513486    1.54237840    1.65537834    2.10163171    1.51744288    1.67781964    1.65089595    1.12381662    0.90418944    0.93348014    0.99331674    1.01985656    0.84736600    1.31388762    1.22218653    1.05366847    0.98267460    0.98351284    1.11550358    1.06718180    1.03082222    0.86942320    1.16260735
R5TQW2_9FIRM/219-263     1.12183690    1.06293019    1.03785616    0.88537077    1.09527011    1.29109824    1.00568607    0.94422576    1.01472688    0.91903276    0.76859088    1.00282200    0.28025141    0.00000000    0.31971825    0.78238781    0.57663363    0.50917172    0.67872883    0.56511310    0.69672348    0.43740437    0.57517553    0.82935474    0.68247465    0.86260816    0.82868427    0.77328210    0.72310390    0.72749384    1.01495498    0.75096393    0.89360870    0.90843300    0.89214369    0.90913546    0.83250368    0.73366634    0.65115844    0.66689534    0.78078519    0.79470503    0.63548089    1.74018440    1.47519605    1.03057703    2.44210975    1.56478706    1.78800353    2.02900474    2.01140762    2.06750802    1.96097276    1.84541487    2.17469287    1.80041700    1.81393250    1.59185208    2.06113544    1.71214350    1.98858956    1.83434433    1.97336354    1.67325148    1.69405556    1.52204792    1.36328367    1.11952893    1.35182478    1.58763568    1.55037527    1.45687663    1.67793084    1.98260150    1.36745238    1.54263389    1.64511509    1.20283745    0.76892941    0.89946322    0.94802268    1.08290363    0.80624530    1.13227202    1.06007921    1.02349605    0.89457114    0.96405969    0.92975974    1.00359998    0.85337261    0.94503588    1.04054421
R5KG00_9CLOT/209-253     1.09757027    1.08673174    1.00897625    1.07961327    1.19401037    0.93786665    0.99212093    1.05558006    1.07506061    0.97506278    0.86223004    0.89564227    0.40469415    0.31971825    0.00000000    0.93897560    0.60207159    0.75166448    0.66943016    0.68924200    0.77708090    0.58808771    0.70658200    0.79525877    0.68897072    1.01030091    0.67031389    0.73431118    0.61775620    0.84865554    1.01088297    0.95287711    0.82592236    0.85064927    0.96267179    0.87410036    0.72633262    0.73476763    0.65615053    0.64782944    0.86056277    0.82423672    0.73009964    1.72177867    1.41064291    1.19719181    2.32626632    1.61426554    1.72440626    1.89458038    1.79772437    1.93461875    1.79819504    1.94088879    2.28094210    1.94202870    1.56197847    1.62523290    1.90442574    1.88977602    1.94791686    1.81492975    1.79295302    1.56768770    1.52076358    1.64559777    1.50910976    1.32987501    1.17249546    1.50836186    1.45270205    1.15709612    1.76304022    1.80896323    1.44142167    1.60094461    1.76119327    1.16334751    1.03038182    0.97838826    0.94259273    1.08086757    0.72854864    1.13623042    1.05665252    1.22079662    0.98937393    1.02481705    0.99817918    1.25177444    1.08555110    0.90104635    0.97572368
A4VV38_STRSY/254-295     1.35087279    1.25181632    1.15994239    1.03279713    1.22370453    1.69807381    0.98138086    1.05427950    1.13202386    1.05343449    0.83330728    1.02188480    0.65555576    0.78238781    0.93897560    0.00000000    0.70478285    0.88238425    0.90238971    0.73707010    0.85240368    0.74341941    0.69437120    0.85239535    0.94996629    0.98034819    0.83658405    0.90440868    0.98859019    1.34417589    0.89793789    0.87565277    0.62901163    0.48089600    0.54234516    0.92143735    1.01897999    0.96763216    1.01581595    1.12489876    1.09711325    1.14293399    0.81813005    1.58197721    1.31382270    0.81640036    2.30783524    1.73007410    1.76493183    1.99077739    1.96237397    2.19530046    1.77394029    2.08966282    2.21336167    1.93594541    2.01849447    1.73305495    1.96134657    1.94981241    1.90090838    1.54396477    1.84216709    1.73077029    1.76633435    1.43872389    1.45065130    1.13119705    1.51407050    1.41951664    1.54031065    1.45978223    1.68962927    1.89197810    1.54062654    1.52356612    1.72637533    1.14834864    1.21753861    1.14512751    1.23325832    1.17624263    1.23450261    1.32648426    1.42669704    0.80974283    0.94186613    1.00463188    1.03803033    1.18693554    1.00638695    0.77220688    1.35248258
A5I6W7_CLOBH/209-245     1.12052421    1.10548975    1.01324402    0.91179437    1.22800846    0.95987060    1.10190837    0.88212308    0.93982253    0.87025364    0.83110443    0.74961614    0.41541005    0.57663363    0.60207159    0.70478285    0.00000000    0.31825357    0.27400942    0.28008496    0.36613359    0.36155652    0.44173744    0.79377615    0.84627555    0.93475646    0.90021200    0.81901637    0.89324771    0.87495306    0.93246198    0.99920392    0.85493664    0.94902838    0.89425304    0.84361872    1.03699133    0.86259424    0.75797093    0.59302858    0.51601857    0.64867064    0.77924008    1.50643531    1.57529732    0.96044774    1.99157887    1.60352031    1.90908416    1.84937496    1.73536817    2.14326038    1.57817148    2.02307448    2.01831422    1.59025319    1.58025212    1.95241984    2.01402461    2.01648263    1.80597667    1.56768280    1.52123336    1.73052360    1.36572802    1.44157498    1.03522148    1.04372232    1.52065347    1.61416289    1.29425860    1.24209149    1.54691350    1.87871807    1.35862034    1.54112634    1.70909397    0.99884338    1.07842102    0.87713555    0.99984921    0.92688563    0.88916894    1.24085082    0.88581837    1.01225529    0.93715633    1.03666053    1.01065771    1.14795149    1.09543453    0.80637198    0.98470359
A5N2L4_CLOK5/220-257     1.24152255    1.31956003    1.28771142    0.95048326    1.25615667    1.00788826    1.38187081    0.95287892    1.09545778    0.94102377    0.93782112    1.01500980    0.44708938    0.50917172    0.75166448    0.88238425    0.31825357    0.00000000    0.32034089    0.33662677    0.44099879    0.58961899    0.51316168    0.95973747    0.76656924    0.85641009    0.85338794    0.77049756    0.83690234    0.92971917    0.82974133    0.90965446    0.85166779    0.88738723    0.89667616    1.11316129    1.08025842    0.87332160    0.79083290    0.76072095    0.60550670    0.67802206    0.72465423    1.67249032    1.57323122    0.95469508    2.23452019    1.82585829    1.99926636    1.99215510    1.75495119    2.13679585    1.65420097    2.22466459    2.23240526    1.80327423    1.78360193    2.00024935    2.22018808    2.09196016    1.95990117    1.58937139    1.78123163    1.72569990    1.54373949    1.53554998    1.10833217    1.15522388    1.41251530    1.55056474    1.38029614    1.31838474    1.40684095    1.86918678    1.41387106    1.47925471    1.76852706    1.10632302    1.08048903    0.83753510    0.98139369    0.85310392    1.23513550    1.11868367    0.96659184    1.17161004    1.09681924    1.15091532    1.20502134    1.12141258    1.14484010    1.04418807    1.19715340
Q18CS7_CLOD6/190-227     1.11664157    1.22332873    1.04359003    1.13322792    1.33751843    0.95962254    1.39309326    1.05382618    1.07761496    0.90426240    0.86237057    0.76790627    0.60326665    0.67872883    0.66943016    0.90238971    0.27400942    0.32034089    0.00000000    0.29315124    0.47181501    0.44605621    0.47968952    0.92110533    0.74423057    0.95528065    0.85058951    0.80494890    0.81487277    0.88085101    0.96040396    1.04705302    1.01154579    1.02728323    0.94607172    0.99506511    1.10454658    0.87867951    0.79196650    0.66155761    0.67241109    0.58030948    0.86123633    1.41335083    1.46950396    1.06998114    2.14541886    1.92687271    1.93584825    2.04683031    1.79764797    2.02002688    1.73306083    2.24631254    2.26102443    1.86555637    1.52548245    2.12965195    2.19319699    1.92873624    1.98431275    1.67898673    1.64360649    1.87705418    1.52757440    1.44182075    1.13219741    1.15386990    1.34896569    1.69504337    1.26793175    1.26443089    1.45677937    1.72310779    1.33748167    1.37527433    1.90301613    1.13986388    0.94434375    0.87901190    0.84207827    0.81131523    0.94972999    1.27935389    0.74947255    1.07234884    0.96199205    1.08508448    1.00836544    1.07101013    1.18012456    0.98783603    1.22088847
Q896R9_CLOTE/200-237     1.39276278    1.19146445    1.00513288    1.12603970    1.34599650    1.05296536    1.13288199    1.07231148    1.18076327    0.79392593    0.70805982    0.79616624    0.50969335    0.56511310    0.68924200    0.73707010    0.28008496    0.33662677    0.29315124    0.00000000    0.38805849    0.42540953    0.47482316    0.91367150    0.90358178    1.05144083    0.97121429    0.91359158    0.86527637    0.92645408    0.98004325    0.98393470    1.11097891    0.92511902    0.91191752    1.04173518    1.04720094    0.99236570    0.91150072    0.55937072    0.60293722    0.65998946    0.63525511    1.49377048    1.44722210    0.92995652    2.02706671    1.66605954    2.02039019    1.97892503    1.75214806    2.03612636    1.67723330    2.01485378    2.17384390    1.77344163    1.68554145    2.16447903    2.07730924    2.12562422    1.91730556    1.74099401    1.84119839    1.91727791    1.53448363    1.49450512    1.28226110    1.18935308    1.39229041    1.71643032    1.44611478    1.30412902    1.76110440    1.78318070    1.50619432    1.63594000    1.90142904    1.09309979    0.99334250    0.90807492    1.06613820    1.06605863    1.13453772    1.38596169    1.11802416    1.17187122    1.00903483    1.20689832    1.14292759    1.15826297    1.17714260    0.82856352    1.32516211
PYRK_CLOAB/206-243     1.18623402    1.26403204    1.32223060    0.88648370    1.37311345    1.08935405    1.04097798    0.95596465    1.05379988    0.93526968    0.85900845    0.81613937    0.57069746    0.69672348    0.77708090    0.85240368    0.36613359    0.44099879    0.47181501    0.38805849    0.00000000    0.40101356    0.54449051    0.99088727    0.90398575    1.02143993    0.91473676    0.91219398    0.97517753    0.86996788    0.93855892    0.87942457    0.94159079    0.91311708    1.02347945    1.02044207    1.18963000    0.92459879    0.91653437    0.72673136    0.67757411    0.64933465    0.78239849    1.14793124    1.47600965    1.22630074    2.09409054    1.80172551    2.10225931    2.02267068    1.87657631    2.16071510    1.72220569    1.98009935    2.32229411    1.81533593    1.80831223    2.35807565    2.39781878    2.06473318    2.04570443    1.94552280    2.11492170    2.13820046    1.70062081    1.61606206    1.10277212    1.36540969    1.28437381    1.38820842    1.33107091    1.25473956    1.23462311    1.66036914    1.46482147    1.41582189    1.85242916    1.08039610    1.13343010    0.93908733    1.05406658    1.08818426    1.01617117    1.37428362    0.99961634    0.93328309    0.94040989    0.97241158    0.92892452    0.94021793    0.94570652    0.92022527    1.07318000
Q891J2_CLOTE/204-241     0.96485041    1.03316439    0.99978675    0.95661030    1.29669879    1.15200763    0.91704302    0.87369895    0.88346044    0.87265858    0.77550676    0.66578788    0.46526543    0.43740437    0.58808771    0.74341941    0.36155652    0.58961899    0.44605621    0.42540953    0.40101356    0.00000000    0.49772061    0.81478740    0.86880670    1.05634376    0.91808289    0.87736815    0.85880289    0.87068285    1.07235399    0.96306641    1.05530798    0.91837853    1.01707848    1.01382328    1.17709516    0.91570236    0.96563546    0.79046806    0.87842159    0.84793336    0.75430299    1.40964432    1.26755122    1.16349663    2.22741025    1.66551799    1.92890622    2.04487965    1.92638054    2.25288694    1.79848391    1.84328531    2.00709597    1.67550742    1.74961278    1.92719632    1.98957376    2.03016628    1.90474162    1.80041953    1.69319999    1.88587084    1.93381291    1.35202833    1.40444100    1.14337729    1.26172975    1.42955442    1.40030817    1.39596295    1.61874171    1.57375409    1.27892610    1.47562461    1.93927931    1.24702054    0.91087112    0.75666919    0.80758139    0.91335734    0.64322526    1.13095663    0.95316474    0.80343174    0.77152027    0.78852227    0.58638476    0.79754604    0.85483057    0.82759451    0.94618426
A6TVS1_ALKMQ/211-254     1.00556882    0.92295599    0.79675401    0.93850875    1.17787951    1.35522742    0.97324330    0.78851870    0.83862298    0.89166127    0.68815529    0.80266420    0.46699064    0.57517553    0.70658200    0.69437120    0.44173744    0.51316168    0.47968952    0.47482316    0.54449051    0.49772061    0.00000000    0.79590666    0.76347493    0.89627053    0.81558030    0.80054519    0.77570565    0.96295864    0.97561386    0.98106207    0.65196686    0.77534308    0.81909506    0.88191504    0.86242479    0.69141631    0.75691119    0.71149852    0.63523818    0.48768410    0.55231853    1.41115823    1.51399181    0.85449903    2.32286283    1.83498581    1.95579569    1.88158521    1.77927156    2.02962343    1.84643247    2.01072075    2.11529809    1.60224989    1.69940553    1.51062058    1.82930755    1.89193922    1.96527515    1.69507780    1.83364722    1.66936539    1.39086713    1.20199560    1.00043949    1.13514108    1.32310820    1.60038552    1.40031586    1.40275404    1.57220752    1.84490763    1.40877584    1.57665671    1.78461326    1.05565973    0.87565551    0.84000408    0.94479724    0.97210016    0.88409272    1.32760718    1.04854117    0.98171258    0.95644079    1.08323233    1.09112776    1.30139840    1.17727332    1.02082733    1.16691608
Q8EUY1_MYCPE/221-264     1.08373823    1.27983111    1.22133244    1.04924261    1.03809421    1.65391591    0.75326321    0.89406566    1.19296084    1.03484849    0.89143974    0.97800916    0.59577066    0.82935474    0.79525877    0.85239535    0.79377615    0.95973747    0.92110533    0.91367150    0.99088727    0.81478740    0.79590666    0.00000000    0.57297220    0.70635018    0.71690439    0.66074508    0.54882193    1.03640516    0.96339438    0.89246427    0.83455230    0.80077118    0.77187431    0.59237814    0.98004493    0.70949297    0.56967766    0.81866299    0.88100438    0.75851354    0.74160195    1.59990090    1.45331207    0.81232608    2.33840971    1.68899803    1.96058125    2.03954204    1.89952738    1.90895153    1.82031887    1.84560243    2.07531000    1.78328315    1.72388566    1.70702708    2.02252615    1.77988604    1.79714140    1.73185604    1.76961597    1.65034210    1.64847143    1.36360356    1.32588375    1.16521455    1.46081260    1.49439522    1.61106459    1.37455034    1.85270962    2.08007134    1.54136252    1.83537099    1.88049139    1.00707372    1.25661080    1.13051679    1.38812117    1.12774685    0.88911146    1.36852926    1.12192515    1.20111647    1.32419014    0.99737257    1.32413191    1.27316432    1.02423515    1.20392634    1.19937320
PYRK_GEOKA/216-255     0.98416959    0.99778429    0.91764402    0.92744460    0.90389699    1.13344842    0.90203202    0.83323489    1.10840049    0.81722527    0.89142589    1.05515796    0.71354974    0.68247465    0.68897072    0.94996629    0.84627555    0.76656924    0.74423057    0.90358178    0.90398575    0.86880670    0.76347493    0.57297220    0.00000000    0.34542826    0.34463283    0.28785809    0.44752166    0.70899672    0.55686416    0.91368017    0.65447082    0.75379414    0.51440194    0.71636979    0.86478018    0.60578524    0.30062904    0.60268333    0.85181999    0.74982113    0.73290164    1.59524033    1.47962826    1.13524641    2.07719906    1.64512061    1.80186698    2.09382060    1.96312238    1.73308646    1.78440339    1.86466024    2.11503083    1.60073887    1.30962727    1.71639781    2.11559491    1.71597515    1.88221913    1.67493069    1.85111414    1.55626087    1.74922486    1.48896610    1.31014723    1.09194150    1.25774314    1.48117818    1.42529731    1.14311885    1.56105117    1.75924216    1.41165269    1.45516864    1.82186542    0.96887052    0.98480883    0.87016265    0.92519494    0.86306878    0.92760769    1.00802890    0.86442250    1.25114441    1.29242931    1.08744386    1.15114389    1.00161357    0.90470454    1.35795207    1.16416098
PYRK_BACAN/216-258     1.06788194    1.08059038    1.17313969    0.82762245    1.00451756    1.46077012    0.98211993    0.89331963    1.26105632    0.86954266    0.84444884    1.18575212    0.81413555    0.86260816    1.01030091    0.98034819    0.93475646    0.85641009    0.95528065    1.05144083    1.02143993    1.05634376    0.89627053    0.70635018    0.34542826    0.00000000    0.41449401    0.30781934    0.54024673    0.72900429    0.55072747    0.82431009    0.83518966    0.78427212    0.81958539    0.67395024    0.88256328    0.63432105    0.37460471    0.86238863    1.05263410    0.86945000    0.66516751    1.65711635    1.63481184    0.99964609    2.37628261    1.82725116    2.09425250    2.13190829    2.02318281    1.82771500    1.97062858    2.15760208    2.37054198    1.90441318    2.05554353    2.12147332    2.21802324    2.04512766    2.26301302    1.90223662    2.11554556    1.81014825    1.77423908    1.55360614    1.21883120    1.28350855    1.63110271    1.72109656    1.61027197    1.39712439    1.76809176    2.06398658    1.73634850    1.75593425    1.93981660    1.01115989    1.28857102    1.10265695    1.26043190    1.04770812    0.99935334    1.27445953    0.93156822    1.23107224    1.42147577    1.33530040    1.57046187    1.30227395    1.05299333    1.15794162    1.30348099
PYRK_BACSK/217-258     0.95140179    1.06915922    0.99487929    0.83422529    1.01843827    1.40071847    0.84946438    0.94886097    1.24467637    0.94952082    0.86313800    1.04999723    0.74652990    0.82868427    0.67031389    0.83658405    0.90021200    0.85338794    0.85058951    0.97121429    0.91473676    0.91808289    0.81558030    0.71690439    0.34463283    0.41449401    0.00000000    0.43691010    0.48353025    0.83028777    0.77158638    1.04365843    0.78763202    0.77785372    0.84882515    0.78540950    0.99129717    0.73973405    0.53117602    0.75144630    1.11105429    0.87790233    0.62274583    1.53515875    1.37709773    1.06699771    2.40586369    1.93380394    2.06399805    2.24299265    2.03776260    1.79887114    1.77432095    2.05200674    2.25230236    2.09399956    1.93535315    1.89133090    2.07469039    2.09700253    2.01291956    1.78215754    2.14015146    1.76460170    1.69608053    1.66201456    1.42327581    1.22679855    1.57011482    1.66950979    1.54656484    1.42386388    1.66899062    1.86610500    1.66669236    1.60154448    1.87521334    1.08168053    1.19381535    1.03943481    1.12131307    0.99639653    0.99360374    1.18029845    0.81712099    1.22651518    1.16058191    1.05509449    1.38646852    1.05396660    1.02409190    1.21343188    1.21375253
U5L8S5_9BACI/216-257     1.02147648    1.09299096    1.16243734    0.93656527    0.95917604    1.31161923    0.81005354    0.71283290    0.93530714    0.91553742    0.77681846    0.86504327    0.72416492    0.77328210    0.73431118    0.90440868    0.81901637    0.77049756    0.80494890    0.91359158    0.91219398    0.87736815    0.80054519    0.66074508    0.28785809    0.30781934    0.43691010    0.00000000    0.42775257    0.75063905    0.64927611    0.88631853    0.80790641    0.81200983    0.79274478    0.78596953    0.71777051    0.46164070    0.35446884    0.88352368    0.90851350    0.78717625    0.67533803    1.61356985    1.65644018    1.00345808    2.14463908    1.55285246    1.61036726    1.96103514    1.81129668    1.54804013    1.80021090    1.87884767    2.13964240    1.51988848    1.48301285    1.75718707    1.94939311    1.82602470    2.03070705    1.72263911    1.77266052    1.57110095    1.50896855    1.47900426    1.10933950    1.17573275    1.39536101    1.36676746    1.55330146    1.39999658    1.67619372    1.90133867    1.52071097    1.64228776    1.69826983    0.85202197    1.09011087    0.94967255    0.94841043    0.94096664    0.85643434    1.01211153    0.83810215    1.18371186    1.36705147    1.05222586    1.21099839    1.25712529    0.89205837    1.21702704    0.96650698
Q8CXH6_OCEIH/212-250     1.08041648    1.00775196    1.00580896    0.93766441    0.82656961    0.89642161    0.82339055    0.90132494    1.10653706    0.76615130    0.71072721    0.92137942    0.66178633    0.72310390    0.61775620    0.98859019    0.89324771    0.83690234    0.81487277    0.86527637    0.97517753    0.85880289    0.77570565    0.54882193    0.44752166    0.54024673    0.48353025    0.42775257    0.00000000    0.77045833    0.81978708    1.01145574    1.02289734    0.98804464    0.91941719    0.83411043    0.79014398    0.61556055    0.55542980    0.74198936    1.00825606    0.84913342    0.82615133    1.49117512    1.52095124    1.14599034    2.02182606    1.60414877    2.12286716    2.30291990    1.86609747    1.90392968    2.02593642    1.96161931    2.38040843    1.99429882    1.81505600    1.96716295    2.37235055    2.08066613    2.09852253    1.81005043    2.07221745    1.69453713    1.54028357    1.48883951    1.38768187    1.14700605    1.20821864    1.57207707    1.53351844    1.13713241    1.80596774    1.69928302    1.55981982    1.71106146    1.71586966    0.90255594    0.82238040    0.87988762    0.86074133    0.81329834    0.89397251    1.06127604    0.77865862    1.09717018    1.14325358    1.06015648    1.02999293    0.98642684    0.95285136    1.09669726    1.07402709
Q24TJ5_DESHY/227-270     1.37646812    1.12971425    1.08675805    1.07823925    1.06361154    1.24559686    1.19633772    1.02019283    1.19242451    1.13317380    0.93386027    1.14039514    0.83733832    0.72749384    0.84865554    1.34417589    0.87495306    0.92971917    0.88085101    0.92645408    0.86996788    0.87068285    0.96295864    1.03640516    0.70899672    0.72900429    0.83028777    0.75063905    0.77045833    0.00000000    1.01943561    0.90490763    1.03497350    1.01282248    1.12342423    0.77200224    1.01743661    0.68671954    0.70576024    0.81067986    0.96836214    0.96729944    0.84407571    1.37713446    1.34166301    1.26659604    2.29592483    1.79994066    2.07017809    1.97492606    2.10072750    2.03097300    1.88486662    1.92905473    2.09246534    1.69145369    1.84299572    2.00929618    1.81877182    2.15028897    2.19788320    1.92940167    1.94018270    1.98193961    1.86763942    1.77375136    1.67818365    1.55404696    1.41779511    1.81459314    1.45864242    1.38016775    1.62493474    1.76727649    1.49426549    1.47156533    2.17375583    1.15114343    1.06724324    1.11641078    1.14152783    0.96139752    0.87060969    1.50779117    0.95800718    1.33056473    1.36083164    1.33258677    1.54423493    1.42338874    1.28446909    1.31779510    1.11223677
