9
A8FC22_BACP2/1-145     0.00000000    1.48895471    1.38415565    1.31490894    1.35157653    1.33250400    1.73752446    1.71051039    1.80055571
A0A6H3ABY9_BACAN/1-149     1.48895471    0.00000000    1.09799420    1.31297599    1.47165317    1.52662999    2.04886639    1.82679287    1.66013188
U5LA23_9BACI/1-158     1.38415565    1.09799420    0.00000000    0.55928136    1.53311118    1.69246967    2.24100451    1.98696774    2.01832969
F2F879_SOLSS/14-167     1.31490894    1.31297599    0.55928136    0.00000000    1.58367437    1.86338916    2.07147704    1.79494369    1.86379013
K0J3Y8_AMPXN/1-146     1.35157653    1.47165317    1.53311118    1.58367437    0.00000000    0.48957029    1.04648799    1.05013953    1.11546038
Q8CXJ9_OCEIH/1-149     1.33250400    1.52662999    1.69246967    1.86338916    0.48957029    0.00000000    1.05128250    1.00052009    0.95411586
I0JJ42_HALH3/4-155     1.73752446    2.04886639    2.24100451    2.07147704    1.04648799    1.05128250    0.00000000    1.26034673    1.28417986
I0JSF4_HALH3/30-192     1.71051039    1.82679287    1.98696774    1.79494369    1.05013953    1.00052009    1.26034673    0.00000000    0.77088000
F2F8M1_SOLSS/27-182     1.80055571    1.66013188    2.01832969    1.86379013    1.11546038    0.95411586    1.28417986    0.77088000    0.00000000

