20
Q126B1_POLSJ/10-197     0.00000000    1.92371784    1.73432053    1.77611153    1.69105710    2.78753553    2.26614093    1.65040981    2.16864688    2.38385653    2.78009503    3.11281570    2.78263123    3.16436755    3.38505102    3.00401168    3.77308915    3.29687631    3.08071536    3.11712269
A7INV6_XANP2/10-196     1.92371784    0.00000000    2.38802765    2.30442594    2.13524039    2.81773239    2.59886896    2.28904094    3.37008540    3.55841367    2.96979349    2.74523126    2.63394731    4.19484834    3.62632907    4.87771896    5.43283387    4.59966567    3.63989786    3.58983649
Q5FNF9_GLUOX/13-198     1.73432053    2.38802765    0.00000000    0.97285488    0.95954662    1.75891892    1.83105765    1.83186098    2.52802234    2.52309621    2.74223366    2.81867311    2.53906150    3.82256994    3.37106560    3.52551794    3.94858746    3.55640684    2.80658450    3.46278833
Q141Q6_PARXL/13-198     1.77611153    2.30442594    0.97285488    0.00000000    0.71190206    2.05761699    2.06046287    1.97459106    2.35797429    2.20436914    2.98339280    3.08264264    2.74516589    3.48241786    3.07074766    3.55860494    3.95449585    3.75559231    3.39518027    3.57462971
B2JCZ2_PARP8/13-197     1.69105710    2.13524039    0.95954662    0.71190206    0.00000000    1.82160447    1.97358848    1.72391064    2.29227289    1.98371285    2.88372892    2.52737031    2.32484371    3.99778676    3.04710912    3.44823251    3.33353214    3.48203168    3.11255121    3.56918673
Q7P171_CHRVO/9-191     2.78753553    2.81773239    1.75891892    2.05761699    1.82160447    0.00000000    1.31232197    2.23595450    2.98545596    2.84599361    2.99421094    3.01196047    2.85246533    2.91235187    2.92509606    3.12500912    3.38027635    3.29716275    3.14153811    3.27697333
Q2LQT5_SYNAS/5-182     2.26614093    2.59886896    1.83105765    2.06046287    1.97358848    1.31232197    0.00000000    2.29629376    2.43855780    2.61510273    2.88564283    2.94423511    2.62240459    2.71505209    2.73592289    3.51281211    2.85646339    3.08353347    2.71251024    2.88824704
Q88G66_PSEPK/10-182     1.65040981    2.28904094    1.83186098    1.97459106    1.72391064    2.23595450    2.29629376    0.00000000    2.34018798    2.16248559    2.94104212    3.23729272    2.82953862    3.03446696    3.45657845    3.47695953    4.02289651    4.15986741    2.88339907    3.13385973
Q8EDP0_SHEON/10-193     2.16864688    3.37008540    2.52802234    2.35797429    2.29227289    2.98545596    2.43855780    2.34018798    0.00000000    0.95005845    3.08090174    3.34206229    2.99399683    3.53419089    3.19328428    4.07943250    3.77185115    3.54476664    3.77328638    3.95225974
I2BBZ2_SHIBC/10-193     2.38385653    3.55841367    2.52309621    2.20436914    1.98371285    2.84599361    2.61510273    2.16248559    0.95005845    0.00000000    2.84875029    2.88420858    2.73885407    3.40648683    3.42025912    3.92923289    4.02833276    3.77458168    3.51876354    3.70851168
A6TR92_ALKMQ/8-158     2.78009503    2.96979349    2.74223366    2.98339280    2.88372892    2.99421094    2.88564283    2.94104212    3.08090174    2.84875029    0.00000000    1.00253172    1.09636602    2.28042972    2.71320405    2.96534661    3.00650519    2.72902170    2.29661141    2.26105989
A5I4A2_CLOBH/8-152     3.11281570    2.74523126    2.81867311    3.08264264    2.52737031    3.01196047    2.94423511    3.23729272    3.34206229    2.88420858    1.00253172    0.00000000    0.65883381    2.43857929    2.49605207    2.56459167    2.71806582    2.54867922    1.83372657    1.76617455
A5MYK0_CLOK5/7-151     2.78263123    2.63394731    2.53906150    2.74516589    2.32484371    2.85246533    2.62240459    2.82953862    2.99399683    2.73885407    1.09636602    0.65883381    0.00000000    2.19836658    2.40604265    2.54028848    2.86394378    2.69579282    2.14204306    1.84353984
A8FGN9_BACP2/5-148     3.16436755    4.19484834    3.82256994    3.48241786    3.99778676    2.91235187    2.71505209    3.03446696    3.53419089    3.40648683    2.28042972    2.43857929    2.19836658    0.00000000    1.83826608    2.50801080    2.29465615    2.25809807    2.46594745    2.27838232
A3DIB6_HUNT2/10-153     3.38505102    3.62632907    3.37106560    3.07074766    3.04710912    2.92509606    2.73592289    3.45657845    3.19328428    3.42025912    2.71320405    2.49605207    2.40604265    1.83826608    0.00000000    1.81941714    1.95570640    2.03381083    2.19610013    2.88490230
Q183Y7_CLOD6/5-149     3.00401168    4.87771896    3.52551794    3.55860494    3.44823251    3.12500912    3.51281211    3.47695953    4.07943250    3.92923289    2.96534661    2.56459167    2.54028848    2.50801080    1.81941714    0.00000000    1.58146201    1.57916316    2.50216298    2.47191678
A9KPN2_LACP7/3-147     3.77308915    5.43283387    3.94858746    3.95449585    3.33353214    3.38027635    2.85646339    4.02289651    3.77185115    4.02833276    3.00650519    2.71806582    2.86394378    2.29465615    1.95570640    1.58146201    0.00000000    0.61013180    2.52084001    3.04786803
A9KKL0_LACP7/3-147     3.29687631    4.59966567    3.55640684    3.75559231    3.48203168    3.29716275    3.08353347    4.15986741    3.54476664    3.77458168    2.72902170    2.54867922    2.69579282    2.25809807    2.03381083    1.57916316    0.61013180    0.00000000    2.63581621    2.73565681
A5N2A4_CLOK5/28-172     3.08071536    3.63989786    2.80658450    3.39518027    3.11255121    3.14153811    2.71251024    2.88339907    3.77328638    3.51876354    2.29661141    1.83372657    2.14204306    2.46594745    2.19610013    2.50216298    2.52084001    2.63581621    0.00000000    1.35194012
A6TQW7_ALKMQ/3-144     3.11712269    3.58983649    3.46278833    3.57462971    3.56918673    3.27697333    2.88824704    3.13385973    3.95225974    3.70851168    2.26105989    1.76617455    1.84353984    2.27838232    2.88490230    2.47191678    3.04786803    2.73565681    1.35194012    0.00000000

