20
Q4PM56_IXOSC/2-103     0.00000000    0.67945314    0.71951233    1.08536092    1.48731242    1.78917244    0.83654198    0.87348265    1.66324780    1.86972432    0.84446413    0.74967309    0.65236508    0.70376094    0.60174173    0.82896419    0.64184086    0.52301240    0.63590848    0.67304464
Q201W3_ACYPI/2-103     0.67945314    0.00000000    0.35521941    1.29932914    1.37411662    1.87672281    0.93212046    0.91150398    1.62914673    1.84038679    0.77656505    0.75808663    0.63595964    0.58246721    0.52131650    0.66354686    0.51561052    0.50002712    0.54002058    0.60310259
J9KGU0_ACYPI/29-130     0.71951233    0.35521941    0.00000000    1.30015733    1.63724098    2.00981098    1.02583189    0.99280693    1.83097223    2.10584596    0.89797054    0.85933572    0.79982420    0.73195806    0.68876018    0.86683181    0.71987720    0.79435022    0.67146422    0.74679679
E0VCB5_PEDHC/11-111     1.08536092    1.29932914    1.30015733    0.00000000    1.26245880    1.65738602    1.15819486    1.11960022    1.66509831    1.82737470    1.08662820    1.03571113    1.02776676    1.18212294    0.94012502    1.26802674    1.04953704    0.99424464    1.10311270    1.12202219
G4LVE7_SCHMA/3-104     1.48731242    1.37411662    1.63724098    1.26245880    0.00000000    0.83482120    1.13774228    1.27604042    1.99610161    2.03928787    1.60815386    1.28738873    1.40982003    1.02603993    1.16165663    1.59227466    1.15511669    1.01288691    1.23666569    1.15633413
A0A068YIR5_ECHMU/3-104     1.78917244    1.87672281    2.00981098    1.65738602    0.83482120    0.00000000    1.52707208    1.56740348    2.29485900    2.20826892    1.86467563    1.85284007    1.95532918    1.57203928    1.56353865    2.02867072    1.66547340    1.43572897    1.77121491    1.33893756
T1EHB2_HELRO/1-94     0.83654198    0.93212046    1.02583189    1.15819486    1.13774228    1.52707208    0.00000000    1.09630823    2.16447489    1.87137316    1.16991254    1.24841709    1.15779967    0.98352175    0.86129568    0.86867289    0.83970242    0.77985033    0.79330159    0.73038422
A0A7M7TF03_APIME/18-117     0.87348265    0.91150398    0.99280693    1.11960022    1.27604042    1.56740348    1.09630823    0.00000000    1.70834898    1.81747789    0.74400552    0.69963874    0.91298750    0.75841274    0.70666163    0.95568009    0.73739226    0.73800041    0.81895123    0.77473659
T1KJ53_TETUR/16-116     1.66324780    1.62914673    1.83097223    1.66509831    1.99610161    2.29485900    2.16447489    1.70834898    0.00000000    1.96346729    1.58464962    1.35412814    1.33797733    1.63235241    1.55130846    1.70323094    1.62253630    1.41041854    1.43001628    1.48609228
E3MZT6_CAERE/45-148     1.86972432    1.84038679    2.10584596    1.82737470    2.03928787    2.20826892    1.87137316    1.81747789    1.96346729    0.00000000    1.76277947    1.74326881    1.95862949    1.80834677    1.76029781    1.98493651    1.84113156    1.77762920    1.76525202    1.93404231
E2BIA6_HARSA/5-106     0.84446413    0.77656505    0.89797054    1.08662820    1.60815386    1.86467563    1.16991254    0.74400552    1.58464962    1.76277947    0.00000000    0.44140210    0.46934531    0.76540719    0.57254171    0.71673586    0.53656155    0.61936219    0.60457996    0.90130651
E2A935_CAMFO/8-109     0.74967309    0.75808663    0.85933572    1.03571113    1.28738873    1.85284007    1.24841709    0.69963874    1.35412814    1.74326881    0.44140210    0.00000000    0.34293492    0.57520652    0.58281497    0.77885426    0.59747228    0.58367098    0.55445668    0.84137188
A0A158NAD7_ATTCE/7-107     0.65236508    0.63595964    0.79982420    1.02776676    1.40982003    1.95532918    1.15779967    0.91298750    1.33797733    1.95862949    0.46934531    0.34293492    0.00000000    0.67095426    0.53439021    0.71346019    0.54568415    0.53945571    0.49303572    0.79726254
B5U217_NASVI/2-103     0.70376094    0.58246721    0.73195806    1.18212294    1.02603993    1.57203928    0.98352175    0.75841274    1.63235241    1.80834677    0.76540719    0.57520652    0.67095426    0.00000000    0.40939163    0.74867962    0.49051642    0.43436421    0.54366413    0.56876555
A0A212FKP6_DANPL/2-100     0.60174173    0.52131650    0.68876018    0.94012502    1.16165663    1.56353865    0.86129568    0.70666163    1.55130846    1.76029781    0.57254171    0.58281497    0.53439021    0.40939163    0.00000000    0.60212269    0.36990561    0.30206297    0.44885918    0.44394652
E9FRC4_DAPPU/2-103     0.82896419    0.66354686    0.86683181    1.26802674    1.59227466    2.02867072    0.86867289    0.95568009    1.70323094    1.98493651    0.71673586    0.77885426    0.71346019    0.74867962    0.60212269    0.00000000    0.47088484    0.53008208    0.59131459    0.73699774
B0WDF3_CULQU/2-103     0.64184086    0.51561052    0.71987720    1.04953704    1.15511669    1.66547340    0.83970242    0.73739226    1.62253630    1.84113156    0.53656155    0.59747228    0.54568415    0.49051642    0.36990561    0.47088484    0.00000000    0.28595683    0.37690546    0.55258051
B4LJI2_DROVI/2-103     0.52301240    0.50002712    0.79435022    0.99424464    1.01288691    1.43572897    0.77985033    0.73800041    1.41041854    1.77762920    0.61936219    0.58367098    0.53945571    0.43436421    0.30206297    0.53008208    0.28595683    0.00000000    0.33213733    0.43468934
D6WX58_TRICA/2-103     0.63590848    0.54002058    0.67146422    1.10311270    1.23666569    1.77121491    0.79330159    0.81895123    1.43001628    1.76525202    0.60457996    0.55445668    0.49303572    0.54366413    0.44885918    0.59131459    0.37690546    0.33213733    0.00000000    0.46357421
T1HPL5_RHOPR/2-103     0.67304464    0.60310259    0.74679679    1.12202219    1.15633413    1.33893756    0.73038422    0.77473659    1.48609228    1.93404231    0.90130651    0.84137188    0.79726254    0.56876555    0.44394652    0.73699774    0.55258051    0.43468934    0.46357421    0.00000000

