26
G1QEY1_MYOLU/381-787     0.00000000    0.78080672    0.76373982    0.91829831    0.78944340    0.63936104    0.54105913    0.70070475    0.71535884    1.57360970    1.27937815    1.69333937    1.52656450    1.58180837    1.42336136    1.48508684    1.59612779    0.91974553    1.00288066    1.12420830    0.96542803    0.87978393    0.80702764    0.94490071    0.87380778    0.76741376
L7N1R2_MYOLU/431-835     0.78080672    0.00000000    0.23576269    0.25478647    0.67068270    0.63652356    0.44028463    0.65083220    0.62224462    1.56255321    1.26191466    1.67970388    1.43342843    1.57810039    1.44938683    1.54480310    1.62546112    0.92897209    1.00765544    1.04861257    0.82864019    0.83897823    0.76899744    0.76364042    0.78272725    0.67553655
L7N197_MYOLU/245-636     0.76373982    0.23576269    0.00000000    0.22130376    0.71834870    0.68699993    0.47823027    0.66687807    0.64709751    1.53466191    1.30813269    1.70200160    1.46701211    1.53393275    1.39186469    1.48220104    1.57998281    0.96604149    1.03656516    1.13696964    0.91006673    0.92399491    0.79799791    0.87182347    0.82355572    0.73247757
G1Q6R5_MYOLU/426-827     0.91829831    0.25478647    0.22130376    0.00000000    0.86987043    0.83595628    0.64814324    0.87605825    0.85016886    1.85818003    1.55754038    1.95492297    1.75386853    1.91707989    1.66728730    1.82573483    1.93632731    1.13914767    1.23915243    1.25819765    1.05075595    1.10301479    1.02111695    0.98244033    1.04102232    0.93350540
G1Q9T2_MYOLU/475-877     0.78944340    0.67068270    0.71834870    0.86987043    0.00000000    0.46387192    0.43290353    0.58144009    0.59413986    1.30152027    1.00648848    1.35789294    1.18649358    1.29571915    1.19100822    1.20348717    1.26864519    0.80700051    0.84256770    0.90145465    0.78066569    0.73083870    0.63441236    0.67145652    0.72295344    0.61698881
G1QE78_MYOLU/443-845     0.63936104    0.63652356    0.68699993    0.83595628    0.46387192    0.00000000    0.38724541    0.54844488    0.59901213    1.34037055    1.01936473    1.48831314    1.25940183    1.32339544    1.14436395    1.22068040    1.27477170    0.76077627    0.84864212    0.89010344    0.77626463    0.71292531    0.62068855    0.72956028    0.69272959    0.54355900
F7E808_MONDO/467-879     0.54105913    0.44028463    0.47823027    0.64814324    0.43290353    0.38724541    0.00000000    0.24544016    0.25945830    1.08763749    0.79415298    1.19029333    1.00111966    1.07171437    0.93249191    1.05133983    1.02646723    0.52681401    0.59181929    0.61988830    0.48438918    0.49489686    0.38220518    0.49761237    0.42128421    0.25687603
H3DPU8_TETNG/548-961     0.70070475    0.65083220    0.66687807    0.87605825    0.58144009    0.54844488    0.24544016    0.00000000    0.19900984    1.11495169    0.81270078    1.21972439    1.02749760    1.09120836    0.95045004    1.05157832    0.99922819    0.52040721    0.61737406    0.62130206    0.51145075    0.47537629    0.40540692    0.44110777    0.40437252    0.43091352
F1RCJ9_DANRE/464-874     0.71535884    0.62224462    0.64709751    0.85016886    0.59413986    0.59901213    0.25945830    0.19900984    0.00000000    1.16230499    0.83268039    1.22684965    1.05171550    1.12731776    0.99351273    1.12220927    1.05545358    0.55117561    0.63437099    0.68072325    0.52741415    0.51457299    0.45390696    0.47552115    0.45223550    0.44627425
T1FSQ7_HELRO/456-917     1.57360970    1.56255321    1.53466191    1.85818003    1.30152027    1.34037055    1.08763749    1.11495169    1.16230499    0.00000000    1.00131255    1.34505704    1.25781000    1.24917987    1.02947162    1.12449161    1.14250301    1.06353344    1.12588610    1.26906997    1.21675034    1.11936195    1.12644536    1.05575893    1.11200439    1.34807614
C3XRC9_BRAFL/523-944     1.27937815    1.26191466    1.30813269    1.55754038    1.00648848    1.01936473    0.79415298    0.81270078    0.83268039    1.00131255    0.00000000    1.06788707    0.83945792    0.94234469    0.85067093    0.92812820    1.09486474    0.84348005    0.94288530    1.06372825    0.93169301    0.87923633    0.84044291    0.79104403    0.84979812    1.03864986
Q95R71_DROME/343-834     1.69333937    1.67970388    1.70200160    1.95492297    1.35789294    1.48831314    1.19029333    1.21972439    1.22684965    1.34505704    1.06788707    0.00000000    0.97183856    1.11025778    1.04801990    0.98933415    1.06728122    1.20544395    1.28266987    1.31879378    1.26120229    1.27591079    1.32226995    1.16255066    1.21902376    1.46586533
E9GKQ3_DAPPU/520-942     1.52656450    1.43342843    1.46701211    1.75386853    1.18649358    1.25940183    1.00111966    1.02749760    1.05171550    1.25781000    0.83945792    0.97183856    0.00000000    0.94730066    0.86971383    0.89783133    1.04472803    1.06080490    1.09243932    1.20471597    1.11003071    1.10452575    1.09186924    0.96454442    1.04235965    1.28677879
J9K8E3_ACYPI/456-858     1.58180837    1.57810039    1.53393275    1.91707989    1.29571915    1.32339544    1.07171437    1.09120836    1.12731776    1.24917987    0.94234469    1.11025778    0.94730066    0.00000000    0.78771643    0.81651373    1.08654061    1.26597948    1.32947859    1.51047893    1.27027718    1.25068080    1.10741462    1.12123432    1.17032464    1.28407306
E0VJ20_PEDHC/466-857     1.42336136    1.44938683    1.39186469    1.66728730    1.19100822    1.14436395    0.93249191    0.95045004    0.99351273    1.02947162    0.85067093    1.04801990    0.86971383    0.78771643    0.00000000    0.71521504    0.92135685    1.05792655    1.06962771    1.22639100    1.13352506    1.04501703    1.04613324    0.97140724    1.05388656    1.12334217
F4WMI4_ACREC/491-886     1.48508684    1.54480310    1.48220104    1.82573483    1.20348717    1.22068040    1.05133983    1.05157832    1.12220927    1.12449161    0.92812820    0.98933415    0.89783133    0.81651373    0.71521504    0.00000000    1.05185662    1.08721424    1.18306561    1.27574474    1.23337465    1.11074035    1.06194421    1.03834260    1.08533837    1.24366464
B7P2A2_IXOSC/471-872     1.59612779    1.62546112    1.57998281    1.93632731    1.26864519    1.27477170    1.02646723    0.99922819    1.05545358    1.14250301    1.09486474    1.06728122    1.04472803    1.08654061    0.92135685    1.05185662    0.00000000    1.05113459    1.06820550    1.23338548    1.14129564    1.00867892    1.05402396    1.03653150    1.06918482    1.20007621
I3K5M7_ORENI/482-900     0.91974553    0.92897209    0.96604149    1.13914767    0.80700051    0.76077627    0.52681401    0.52040721    0.55117561    1.06353344    0.84348005    1.20544395    1.06080490    1.26597948    1.05792655    1.08721424    1.05113459    0.00000000    0.28740373    0.31185140    0.35509216    0.30183077    0.49268834    0.56646582    0.51951395    0.72448853
F1QIP5_DANRE/483-905     1.00288066    1.00765544    1.03656516    1.23915243    0.84256770    0.84864212    0.59181929    0.61737406    0.63437099    1.12588610    0.94288530    1.28266987    1.09243932    1.32947859    1.06962771    1.18306561    1.06820550    0.28740373    0.00000000    0.42349147    0.48717203    0.43324912    0.56867275    0.57977073    0.57298118    0.79890455
W5M041_LEPOC/453-865     1.12420830    1.04861257    1.13696964    1.25819765    0.90145465    0.89010344    0.61988830    0.62130206    0.68072325    1.26906997    1.06372825    1.31879378    1.20471597    1.51047893    1.22639100    1.27574474    1.23338548    0.31185140    0.42349147    0.00000000    0.47838120    0.38762603    0.58516866    0.61865988    0.62353831    0.84026894
H3AUJ5_LATCH/402-811     0.96542803    0.82864019    0.91006673    1.05075595    0.78066569    0.77626463    0.48438918    0.51145075    0.52741415    1.21675034    0.93169301    1.26120229    1.11003071    1.27027718    1.13352506    1.23337465    1.14129564    0.35509216    0.48717203    0.47838120    0.00000000    0.29470353    0.47590455    0.52531344    0.48995043    0.71096874
L8XZT3_TUPCH/372-784     0.87978393    0.83897823    0.92399491    1.10301479    0.73083870    0.71292531    0.49489686    0.47537629    0.51457299    1.11936195    0.87923633    1.27591079    1.10452575    1.25068080    1.04501703    1.11074035    1.00867892    0.30183077    0.43324912    0.38762603    0.29470353    0.00000000    0.48120047    0.49420342    0.46277315    0.67468482
G1KDU9_ANOCA/451-908     0.80702764    0.76899744    0.79799791    1.02111695    0.63441236    0.62068855    0.38220518    0.40540692    0.45390696    1.12644536    0.84044291    1.32226995    1.09186924    1.10741462    1.04613324    1.06194421    1.05402396    0.49268834    0.56867275    0.58516866    0.47590455    0.48120047    0.00000000    0.41343676    0.28199167    0.58723263
I3JID6_ORENI/384-676     0.94490071    0.76364042    0.87182347    0.98244033    0.67145652    0.72956028    0.49761237    0.44110777    0.47552115    1.05575893    0.79104403    1.16255066    0.96454442    1.12123432    0.97140724    1.03834260    1.03653150    0.56646582    0.57977073    0.61865988    0.52531344    0.49420342    0.41343676    0.00000000    0.36325185    0.76697325
H3C192_TETNG/71-481     0.87380778    0.78272725    0.82355572    1.04102232    0.72295344    0.69272959    0.42128421    0.40437252    0.45223550    1.11200439    0.84979812    1.21902376    1.04235965    1.17032464    1.05388656    1.08533837    1.06918482    0.51951395    0.57298118    0.62353831    0.48995043    0.46277315    0.28199167    0.36325185    0.00000000    0.65151362
G3TXF7_LOXAF/431-845     0.76741376    0.67553655    0.73247757    0.93350540    0.61698881    0.54355900    0.25687603    0.43091352    0.44627425    1.34807614    1.03864986    1.46586533    1.28677879    1.28407306    1.12334217    1.24366464    1.20007621    0.72448853    0.79890455    0.84026894    0.71096874    0.67468482    0.58723263    0.76697325    0.65151362    0.00000000

