44
L8FYQ7_PSED2/325-794     0.00000000    0.93036196    0.98165557    0.94326115    0.95834371    0.97097696    0.96068680    0.90202165    0.93201404    0.95607274    0.93907505    0.92494678    0.85697628    0.79951910    0.83258582    0.96254194    0.87666515    0.92720642    0.78596483    0.81691671    0.97532194    0.92894424    0.84320927    0.57084033    0.59440705    0.82091621    0.82342558    0.85867411    0.86624414    0.89142937    0.80830419    0.73296175    0.79829626    0.76774923    0.80404185    0.87063506    0.81025322    0.80367037    0.81098851    0.86432410    0.87943943    0.90382501    0.89249004    0.87654256
R7YNN8_CONA1/301-761     0.93036196    0.00000000    0.65065825    0.59779826    0.63313931    1.07751842    1.05278262    1.07979503    1.06695398    1.18849259    1.09237023    1.06134539    1.00270648    0.98836591    0.96728270    1.00175076    0.99653531    0.99243502    0.96789704    1.04638818    1.06122224    1.03513554    1.19942508    0.94473618    1.01473952    1.07947295    1.13816664    1.12089111    1.21889385    1.14685919    1.12939204    1.10563571    1.12006581    1.15062249    1.16215478    1.17088966    1.18787066    1.07235073    1.06196035    1.12022306    1.15391287    1.27571034    1.26100421    1.26200438
Q0V531_PHANO/312-776     0.98165557    0.65065825    0.00000000    0.29167402    0.26275580    1.09751532    1.11415166    1.04044925    1.09503294    1.17998901    1.14660765    1.02897834    1.01976909    0.97733118    0.95037709    1.03463228    1.02560934    1.05843643    0.98495504    1.00145166    1.10222795    1.08172128    1.24701770    0.95827954    1.03428232    1.10554252    1.11203941    1.07667301    1.21735246    1.13713647    1.08019981    0.97702006    1.04457807    1.13027223    1.12662767    1.23435376    1.15317751    1.06024340    1.06738359    1.10590585    1.21222330    1.25510095    1.24083879    1.27001996
M2T8Q1_COCSN/300-768     0.94326115    0.59779826    0.29167402    0.00000000    0.19962597    1.07680661    1.10966639    1.06582201    1.10391302    1.22119704    1.13547534    1.04628878    1.01158668    0.98598194    0.99199475    1.01002258    0.95026545    1.02488663    0.96172773    0.99740517    1.08446930    1.08137496    1.12555689    0.97370789    1.06483173    1.14454144    1.13280032    1.14658435    1.27721389    1.19742459    1.15455590    1.03184949    1.07340029    1.17039683    1.19231932    1.20013771    1.17508164    1.08976850    1.08557713    1.17910977    1.24488649    1.27936257    1.29387447    1.33557677
E4ZSW4_LEPMJ/316-789     0.95834371    0.63313931    0.26275580    0.19962597    0.00000000    1.07488978    1.10362892    1.05705108    1.11540862    1.22366480    1.17095255    1.04899964    1.06183157    1.03742823    1.03207558    1.00299381    0.99571751    1.04915168    0.98184025    1.01079030    1.08893628    1.08080669    1.23812962    1.00797867    1.10466856    1.14365992    1.14920965    1.18795465    1.30294640    1.21087688    1.12828129    1.02663447    1.05223004    1.16672083    1.22725399    1.20614365    1.18560539    1.14251258    1.12747627    1.17373152    1.30451967    1.25637503    1.30124333    1.35637860
B8MH23_TALSN/240-690     0.97097696    1.07751842    1.09751532    1.07680661    1.07488978    0.00000000    0.12442007    0.53760855    0.69804222    0.67665510    0.62237617    0.61164351    0.63906578    0.60679015    0.56366788    0.73388509    0.68810433    0.67200119    0.67323008    0.67979371    0.80359292    0.82529296    1.23290399    0.91997349    1.04660182    1.18773263    1.17488953    1.23493158    1.17693825    1.20233845    1.26568053    1.03166765    1.14798968    1.20111579    1.22012234    1.25635787    1.20498917    1.16267118    1.21610481    1.16991215    1.25579689    1.31414531    1.32454611    1.30755439
B6QKF5_TALMQ/276-722     0.96068680    1.05278262    1.11415166    1.10966639    1.10362892    0.12442007    0.00000000    0.50966624    0.66416679    0.66197985    0.61081916    0.62082025    0.62489874    0.57556784    0.55264671    0.73026589    0.71583906    0.65790518    0.66850911    0.69174210    0.80275983    0.84086499    1.22827619    0.95253883    1.02231730    1.19575509    1.18204854    1.21450280    1.20738112    1.18959603    1.21534439    1.04088629    1.14981341    1.16472833    1.20375057    1.26809290    1.16360331    1.17397826    1.18751766    1.15127332    1.26785637    1.33267204    1.32573605    1.29710079
V5FXD3_BYSSN/296-749     0.90202165    1.07979503    1.04044925    1.06582201    1.05705108    0.53760855    0.50966624    0.00000000    0.49253702    0.54663805    0.47854182    0.53281086    0.51892856    0.49122681    0.45874093    0.70137672    0.68794652    0.65895736    0.65574924    0.68167776    0.82407804    0.85808791    1.20201245    0.94957231    1.02021652    1.06004528    1.07893735    1.14001419    1.17314074    1.12961619    1.17513140    1.03851031    1.09311795    1.14110089    1.27477647    1.17627848    1.14164392    1.10249076    1.13488680    1.12634788    1.22531661    1.30603813    1.26985526    1.23792639
S8B0Z1_PENO1/282-738     0.93201404    1.06695398    1.09503294    1.10391302    1.11540862    0.69804222    0.66416679    0.49253702    0.00000000    0.42332905    0.44586975    0.48641335    0.43800446    0.43603001    0.43462806    0.72802130    0.70022176    0.67982511    0.64200624    0.68816965    0.80481044    0.85255172    1.17508877    1.04897970    1.01843181    1.13033205    1.11749854    1.21015564    1.19961183    1.18741351    1.18842013    1.03630784    1.09160158    1.09901831    1.23059309    1.20498705    1.11018224    1.11370750    1.15865729    1.14953091    1.28169999    1.30124359    1.32360312    1.32080125
K9FPZ7_PEND2/288-729     0.95607274    1.18849259    1.17998901    1.22119704    1.22366480    0.67665510    0.66197985    0.54663805    0.42332905    0.00000000    0.47901095    0.51433650    0.49957906    0.50506564    0.46350225    0.80685939    0.78662200    0.75060574    0.70897597    0.76763160    0.91251312    0.94241655    1.26081605    1.03369260    1.01885500    1.09397405    1.12444821    1.19878089    1.21805497    1.19898568    1.22172894    1.08844219    1.15893673    1.18126803    1.19901175    1.18296666    1.16642201    1.08623480    1.10878498    1.06524733    1.20651002    1.30612534    1.37048345    1.30023460
Q4WJS8_ASPFU/277-711     0.93907505    1.09237023    1.14660765    1.13547534    1.17095255    0.62237617    0.61081916    0.47854182    0.44586975    0.47901095    0.00000000    0.40299235    0.37273918    0.36569404    0.31720711    0.74086934    0.72283583    0.69972993    0.67731179    0.69083425    0.85720912    0.87193866    1.24460814    0.90873481    0.99705337    1.10405620    1.08052175    1.14620177    1.14423354    1.16373497    1.16686470    1.06374223    1.13950824    1.16962517    1.21154375    1.18601450    1.11094999    1.10065993    1.16541842    1.16809301    1.27110661    1.29853570    1.37934733    1.28111915
Q5BGB8_EMENI/304-731     0.92494678    1.06134539    1.02897834    1.04628878    1.04899964    0.61164351    0.62082025    0.53281086    0.48641335    0.51433650    0.40299235    0.00000000    0.35162287    0.34346852    0.31800219    0.75041861    0.69942596    0.65136053    0.65369920    0.68432134    0.78709198    0.82067511    1.18299004    0.93640372    0.96157470    1.01962059    0.99716309    1.11788675    1.12288231    1.13197070    1.17966127    0.96935618    1.02233307    1.16282213    1.21405566    1.19057661    1.13780703    1.07889451    1.11858139    1.09542646    1.19631022    1.29150514    1.33243781    1.30024626
B8N1B0_ASPFN/288-721     0.85697628    1.00270648    1.01976909    1.01158668    1.06183157    0.63906578    0.62489874    0.51892856    0.43800446    0.49957906    0.37273918    0.35162287    0.00000000    0.24183150    0.29613388    0.67808739    0.62257819    0.61076097    0.62194362    0.69808717    0.81389117    0.77735555    1.15228348    0.88731936    0.96711916    0.99818175    0.99368056    1.02837113    1.05631958    1.09103852    1.10456069    1.00047293    1.02132545    1.04836248    1.14535776    1.11410587    1.03231414    1.04973626    1.07666056    1.08135617    1.16690643    1.19674934    1.27278804    1.26304973
Q0CUN6_ASPTN/296-738     0.79951910    0.98836591    0.97733118    0.98598194    1.03742823    0.60679015    0.57556784    0.49122681    0.43603001    0.50506564    0.36569404    0.34346852    0.24183150    0.00000000    0.25297672    0.69495615    0.62299524    0.59555502    0.64749728    0.68501482    0.76896526    0.78339852    1.09079436    0.86820952    0.95796335    0.98526610    0.95323330    1.04658931    1.06225637    1.08346765    1.10000551    0.94316625    0.99057832    1.05157506    1.12917005    1.11426244    1.01568831    1.02364332    1.06059410    1.02363460    1.13376771    1.17234474    1.19190689    1.20637127
G3XRV8_ASPNA/292-722     0.83258582    0.96728270    0.95037709    0.99199475    1.03207558    0.56366788    0.55264671    0.45874093    0.43462806    0.46350225    0.31720711    0.31800219    0.29613388    0.25297672    0.00000000    0.67920314    0.62869640    0.58679552    0.62183509    0.63729156    0.74652983    0.77332952    1.09311836    0.85907588    0.88521755    1.00987408    0.99669839    1.09566305    1.10008908    1.11079674    1.10909283    0.92338795    0.99012503    1.06869471    1.12512405    1.10128063    1.04680655    1.00483501    1.03232994    1.05251250    1.12760578    1.21439632    1.28578697    1.19465749
C1GQI6_PARBA/285-754     0.96254194    1.00175076    1.03463228    1.01002258    1.00299381    0.73388509    0.73026589    0.70137672    0.72802130    0.80685939    0.74086934    0.75041861    0.67808739    0.69495615    0.67920314    0.00000000    0.42043552    0.47668985    0.60161771    0.62740349    0.76274817    0.76855150    1.20805071    1.00802887    1.07307470    1.13789720    1.16237616    1.15432250    1.17909228    1.24485952    1.24624829    1.08607026    1.11634721    1.18549067    1.19377191    1.21216879    1.20199113    1.14331543    1.09992255    1.18353629    1.26163752    1.25286980    1.26442542    1.28424886
C5GCT9_AJEDR/287-757     0.87666515    0.99653531    1.02560934    0.95026545    0.99571751    0.68810433    0.71583906    0.68794652    0.70022176    0.78662200    0.72283583    0.69942596    0.62257819    0.62299524    0.62869640    0.42043552    0.00000000    0.29830320    0.57742881    0.57384197    0.73085200    0.72002244    1.09225871    0.93086142    1.00167129    1.11498226    1.11686743    1.13619601    1.22602577    1.19924995    1.15002786    1.06371433    1.10982650    1.13454803    1.17394455    1.16854439    1.13765936    1.13073002    1.13602765    1.19105656    1.22574827    1.26081381    1.23851696    1.23095693
F0UHS0_AJEC8/281-744     0.92720642    0.99243502    1.05843643    1.02488663    1.04915168    0.67200119    0.65790518    0.65895736    0.67982511    0.75060574    0.69972993    0.65136053    0.61076097    0.59555502    0.58679552    0.47668985    0.29830320    0.00000000    0.57459302    0.58419783    0.76178094    0.74804037    1.11047281    0.93995242    0.96013254    1.10025208    1.11394838    1.11737974    1.20445556    1.20325097    1.16705000    1.04483678    1.06955891    1.15463634    1.14674656    1.12049095    1.09314743    1.15893302    1.10953516    1.16797036    1.22650516    1.23774518    1.27984683    1.26083031
A0A0E1RXF8_COCIM/294-750     0.78596483    0.96789704    0.98495504    0.96172773    0.98184025    0.67323008    0.66850911    0.65574924    0.64200624    0.70897597    0.67731179    0.65369920    0.62194362    0.64749728    0.62183509    0.60161771    0.57742881    0.57459302    0.00000000    0.24346070    0.72075852    0.74692345    1.06172941    0.87024452    0.86372164    1.06856739    1.06275420    1.06921050    1.07307577    1.07832773    1.06359730    0.85841281    0.92142671    1.00446169    1.06000549    1.11455887    1.03110592    1.02140620    1.04038689    1.04612222    1.15564578    1.09701915    1.15928791    1.14071657
C4JVQ5_UNCRE/291-754     0.81691671    1.04638818    1.00145166    0.99740517    1.01079030    0.67979371    0.69174210    0.68167776    0.68816965    0.76763160    0.69083425    0.68432134    0.69808717    0.68501482    0.63729156    0.62740349    0.57384197    0.58419783    0.24346070    0.00000000    0.72205548    0.73876500    1.09551457    0.86392963    0.88713257    1.04247494    1.06250249    1.07191285    1.09814092    1.11750405    1.12040280    0.94452650    0.97204862    1.08468633    1.08000876    1.09963410    1.02892005    1.07884543    1.09738408    1.13316252    1.20009768    1.13763141    1.18721484    1.18302138
C5FFP7_ARTOC/269-733     0.97532194    1.06122224    1.10222795    1.08446930    1.08893628    0.80359292    0.80275983    0.82407804    0.80481044    0.91251312    0.85720912    0.78709198    0.81389117    0.76896526    0.74652983    0.76274817    0.73085200    0.76178094    0.72075852    0.72205548    0.00000000    0.14759246    1.23596255    1.05124251    1.05748554    1.08007232    1.07446727    1.11373442    1.14883242    1.13609462    1.24082094    1.03867605    1.12261480    1.27247196    1.35604268    1.19912493    1.21599314    1.09634123    1.13456416    1.13943241    1.26695138    1.26368400    1.31382789    1.33308024
D4APG2_ARTBC/281-755     0.92894424    1.03513554    1.08172128    1.08137496    1.08080669    0.82529296    0.84086499    0.85808791    0.85255172    0.94241655    0.87193866    0.82067511    0.77735555    0.78339852    0.77332952    0.76855150    0.72002244    0.74804037    0.74692345    0.73876500    0.14759246    0.00000000    1.20031730    1.00769499    1.02532965    1.05664451    1.04651051    1.11716851    1.10913963    1.13181522    1.17678393    1.02760299    1.09165085    1.18685021    1.25374479    1.07554217    1.15440181    1.04941415    1.06197297    1.12079246    1.22832873    1.20723272    1.27645140    1.32017560
N1JDQ7_BLUG1/305-772     0.84320927    1.19942508    1.24701770    1.12555689    1.23812962    1.23290399    1.22827619    1.20201245    1.17508877    1.26081605    1.24460814    1.18299004    1.15228348    1.09079436    1.09311836    1.20805071    1.09225871    1.11047281    1.06172941    1.09551457    1.23596255    1.20031730    0.00000000    0.80495442    0.85783734    1.07794007    1.04869910    1.06216258    1.08634994    1.06603209    1.11933259    1.01833404    1.05884020    1.09274952    1.11200481    1.13074270    1.05856045    1.10472683    1.03150564    1.09910179    1.14938010    1.14290818    1.08285702    1.16745504
K1X719_MARBU/320-790     0.57084033    0.94473618    0.95827954    0.97370789    1.00797867    0.91997349    0.95253883    0.94957231    1.04897970    1.03369260    0.90873481    0.93640372    0.88731936    0.86820952    0.85907588    1.00802887    0.93086142    0.93995242    0.87024452    0.86392963    1.05124251    1.00769499    0.80495442    0.00000000    0.49927333    0.87120904    0.84490209    0.86470551    0.90573993    0.95331789    0.85741086    0.82090730    0.82641637    0.81669446    0.84599496    0.85038056    0.90148785    0.84191030    0.87076012    0.86962040    0.91398440    0.97903007    0.91577729    0.91824276
A7EP09_SCLS1/293-771     0.59440705    1.01473952    1.03428232    1.06483173    1.10466856    1.04660182    1.02231730    1.02021652    1.01843181    1.01885500    0.99705337    0.96157470    0.96711916    0.95796335    0.88521755    1.07307470    1.00167129    0.96013254    0.86372164    0.88713257    1.05748554    1.02532965    0.85783734    0.49927333    0.00000000    0.81714916    0.85906114    0.75825548    0.88909666    0.89548248    0.76653091    0.77091928    0.79933351    0.85742854    0.84039222    0.91879803    0.85395744    0.86070007    0.86956178    0.84574400    0.91901401    0.97049281    0.95115649    0.97214043
N4U2D4_FUSC1/270-713     0.82091621    1.07947295    1.10554252    1.14454144    1.14365992    1.18773263    1.19575509    1.06004528    1.13033205    1.09397405    1.10405620    1.01962059    0.99818175    0.98526610    1.00987408    1.13789720    1.11498226    1.10025208    1.06856739    1.04247494    1.08007232    1.05664451    1.07794007    0.87120904    0.81714916    0.00000000    0.22975357    0.47706267    0.56362468    0.54431172    0.59246513    0.55875388    0.55050096    0.73664619    0.74698156    0.81647770    0.77947917    0.75068232    0.72511109    0.78578910    0.85490465    0.80044722    0.80240065    0.75431812
C7YNX4_FUSV7/277-716     0.82342558    1.13816664    1.11203941    1.13280032    1.14920965    1.17488953    1.18204854    1.07893735    1.11749854    1.12444821    1.08052175    0.99716309    0.99368056    0.95323330    0.99669839    1.16237616    1.11686743    1.11394838    1.06275420    1.06250249    1.07446727    1.04651051    1.04869910    0.84490209    0.85906114    0.22975357    0.00000000    0.54106163    0.54841800    0.54269736    0.60569699    0.50960803    0.50275143    0.73236314    0.71288680    0.82115194    0.76727578    0.75203317    0.74260904    0.82548618    0.85967618    0.75935462    0.75167300    0.72876304
G0RJB6_HYPJQ/241-685     0.85867411    1.12089111    1.07667301    1.14658435    1.18795465    1.23493158    1.21450280    1.14001419    1.21015564    1.19878089    1.14620177    1.11788675    1.02837113    1.04658931    1.09566305    1.15432250    1.13619601    1.11737974    1.06921050    1.07191285    1.11373442    1.11716851    1.06216258    0.86470551    0.75825548    0.47706267    0.54106163    0.00000000    0.52396215    0.48212808    0.62639499    0.59279004    0.62005031    0.64607480    0.70093561    0.80317745    0.76729141    0.70379523    0.70749104    0.79798970    0.81210929    0.69583475    0.72567601    0.70143714
J5K0I5_BEAB2/273-711     0.86624414    1.21889385    1.21735246    1.27721389    1.30294640    1.17693825    1.20738112    1.17314074    1.19961183    1.21805497    1.14423354    1.12288231    1.05631958    1.06225637    1.10008908    1.17909228    1.22602577    1.20445556    1.07307577    1.09814092    1.14883242    1.10913963    1.08634994    0.90573993    0.88909666    0.56362468    0.54841800    0.52396215    0.00000000    0.55492027    0.71087831    0.62776263    0.61866991    0.77531877    0.77150465    0.81833467    0.83227340    0.79780371    0.78110854    0.87046858    0.90980475    0.80388308    0.73160330    0.76034993
M1WGE4_CLAP2/260-702     0.89142937    1.14685919    1.13713647    1.19742459    1.21087688    1.20233845    1.18959603    1.12961619    1.18741351    1.19898568    1.16373497    1.13197070    1.09103852    1.08346765    1.11079674    1.24485952    1.19924995    1.20325097    1.07832773    1.11750405    1.13609462    1.13181522    1.06603209    0.95331789    0.89548248    0.54431172    0.54269736    0.48212808    0.55492027    0.00000000    0.71707318    0.61082087    0.60123351    0.78715017    0.78528354    0.84236245    0.86560922    0.82862810    0.83407838    0.93166803    0.89395212    0.82849319    0.79948158    0.79009397
G2X1F3_VERDV/294-730     0.80830419    1.12939204    1.08019981    1.15455590    1.12828129    1.26568053    1.21534439    1.17513140    1.18842013    1.22172894    1.16686470    1.17966127    1.10456069    1.10000551    1.10909283    1.24624829    1.15002786    1.16705000    1.06359730    1.12040280    1.24082094    1.17678393    1.11933259    0.85741086    0.76653091    0.59246513    0.60569699    0.62639499    0.71087831    0.71707318    0.00000000    0.48644813    0.51530042    0.66273640    0.73021625    0.74648735    0.79944163    0.79314870    0.77182918    0.81185866    0.94599156    0.71224893    0.75747180    0.77647024
L2FTZ5_COLFN/285-733     0.73296175    1.10563571    0.97702006    1.03184949    1.02663447    1.03166765    1.04088629    1.03851031    1.03630784    1.08844219    1.06374223    0.96935618    1.00047293    0.94316625    0.92338795    1.08607026    1.06371433    1.04483678    0.85841281    0.94452650    1.03867605    1.02760299    1.01833404    0.82090730    0.77091928    0.55875388    0.50960803    0.59279004    0.62776263    0.61082087    0.48644813    0.00000000    0.19438939    0.64493062    0.69724154    0.67280115    0.69502918    0.62760106    0.64482732    0.67291350    0.79636447    0.66075667    0.69284279    0.69781582
E3Q7Z9_COLGM/276-720     0.79829626    1.12006581    1.04457807    1.07340029    1.05223004    1.14798968    1.14981341    1.09311795    1.09160158    1.15893673    1.13950824    1.02233307    1.02132545    0.99057832    0.99012503    1.11634721    1.10982650    1.06955891    0.92142671    0.97204862    1.12261480    1.09165085    1.05884020    0.82641637    0.79933351    0.55050096    0.50275143    0.62005031    0.61866991    0.60123351    0.51530042    0.19438939    0.00000000    0.65012981    0.66351920    0.65618351    0.72923969    0.66074911    0.66804959    0.67618548    0.77766564    0.61005729    0.68289665    0.66296744
G4MPK1_MAGO7/255-707     0.76774923    1.15062249    1.13027223    1.17039683    1.16672083    1.20111579    1.16472833    1.14110089    1.09901831    1.18126803    1.16962517    1.16282213    1.04836248    1.05157506    1.06869471    1.18549067    1.13454803    1.15463634    1.00446169    1.08468633    1.27247196    1.18685021    1.09274952    0.81669446    0.85742854    0.73664619    0.73236314    0.64607480    0.77531877    0.78715017    0.66273640    0.64493062    0.65012981    0.00000000    0.43731398    0.68283557    0.70890415    0.64120180    0.65654601    0.66863144    0.77907557    0.67952853    0.71971073    0.69290059
A0A0C4E635_MAGP6/278-724     0.80404185    1.16215478    1.12662767    1.19231932    1.22725399    1.22012234    1.20375057    1.27477647    1.23059309    1.19901175    1.21154375    1.21405566    1.14535776    1.12917005    1.12512405    1.19377191    1.17394455    1.14674656    1.06000549    1.08000876    1.35604268    1.25374479    1.11200481    0.84599496    0.84039222    0.74698156    0.71288680    0.70093561    0.77150465    0.78528354    0.73021625    0.69724154    0.66351920    0.43731398    0.00000000    0.72130266    0.76330448    0.64955718    0.66047360    0.71114773    0.77158617    0.71353150    0.70864639    0.66371722
Q7RYS7_NEUCR/279-747     0.87063506    1.17088966    1.23435376    1.20013771    1.20614365    1.25635787    1.26809290    1.17627848    1.20498705    1.18296666    1.18601450    1.19057661    1.11410587    1.11426244    1.10128063    1.21216879    1.16854439    1.12049095    1.11455887    1.09963410    1.19912493    1.07554217    1.13074270    0.85038056    0.91879803    0.81647770    0.82115194    0.80317745    0.81833467    0.84236245    0.74648735    0.67280115    0.65618351    0.68283557    0.72130266    0.00000000    0.62083486    0.56337788    0.56379911    0.58629574    0.77335784    0.72293723    0.71988473    0.78510907
B2AVQ3_PODAN/277-744     0.81025322    1.18787066    1.15317751    1.17508164    1.18560539    1.20498917    1.16360331    1.14164392    1.11018224    1.16642201    1.11094999    1.13780703    1.03231414    1.01568831    1.04680655    1.20199113    1.13765936    1.09314743    1.03110592    1.02892005    1.21599314    1.15440181    1.05856045    0.90148785    0.85395744    0.77947917    0.76727578    0.76729141    0.83227340    0.86560922    0.79944163    0.69502918    0.72923969    0.70890415    0.76330448    0.62083486    0.00000000    0.47509920    0.47286232    0.49801897    0.65466358    0.71542931    0.71647551    0.75829243
G2QEC8_MYCTT/276-740     0.80367037    1.07235073    1.06024340    1.08976850    1.14251258    1.16267118    1.17397826    1.10249076    1.11370750    1.08623480    1.10065993    1.07889451    1.04973626    1.02364332    1.00483501    1.14331543    1.13073002    1.15893302    1.02140620    1.07884543    1.09634123    1.04941415    1.10472683    0.84191030    0.86070007    0.75068232    0.75203317    0.70379523    0.79780371    0.82862810    0.79314870    0.62760106    0.66074911    0.64120180    0.64955718    0.56337788    0.47509920    0.00000000    0.23681842    0.29513418    0.54032730    0.68200836    0.72251134    0.69449748
Q2HA56_CHAGB/282-748     0.81098851    1.06196035    1.06738359    1.08557713    1.12747627    1.21610481    1.18751766    1.13488680    1.15865729    1.10878498    1.16541842    1.11858139    1.07666056    1.06059410    1.03232994    1.09992255    1.13602765    1.10953516    1.04038689    1.09738408    1.13456416    1.06197297    1.03150564    0.87076012    0.86956178    0.72511109    0.74260904    0.70749104    0.78110854    0.83407838    0.77182918    0.64482732    0.66804959    0.65654601    0.66047360    0.56379911    0.47286232    0.23681842    0.00000000    0.32025141    0.54780704    0.72106016    0.72593612    0.73337619
G2RBW3_THETT/284-746     0.86432410    1.12022306    1.10590585    1.17910977    1.17373152    1.16991215    1.15127332    1.12634788    1.14953091    1.06524733    1.16809301    1.09542646    1.08135617    1.02363460    1.05251250    1.18353629    1.19105656    1.16797036    1.04612222    1.13316252    1.13943241    1.12079246    1.09910179    0.86962040    0.84574400    0.78578910    0.82548618    0.79798970    0.87046858    0.93166803    0.81185866    0.67291350    0.67618548    0.66863144    0.71114773    0.58629574    0.49801897    0.29513418    0.32025141    0.00000000    0.53918418    0.71749461    0.72653137    0.77427355
G0S5B1_CHATD/304-815     0.87943943    1.15391287    1.21222330    1.24488649    1.30451967    1.25579689    1.26785637    1.22531661    1.28169999    1.20651002    1.27110661    1.19631022    1.16690643    1.13376771    1.12760578    1.26163752    1.22574827    1.22650516    1.15564578    1.20009768    1.26695138    1.22832873    1.14938010    0.91398440    0.91901401    0.85490465    0.85967618    0.81210929    0.90980475    0.89395212    0.94599156    0.79636447    0.77766564    0.77907557    0.77158617    0.77335784    0.65466358    0.54032730    0.54780704    0.53918418    0.00000000    0.84887555    0.86182488    0.78390862
F0XPS5_GROCL/335-831     0.90382501    1.27571034    1.25510095    1.27936257    1.25637503    1.31414531    1.33267204    1.30603813    1.30124359    1.30612534    1.29853570    1.29150514    1.19674934    1.17234474    1.21439632    1.25286980    1.26081381    1.23774518    1.09701915    1.13763141    1.26368400    1.20723272    1.14290818    0.97903007    0.97049281    0.80044722    0.75935462    0.69583475    0.80388308    0.82849319    0.71224893    0.66075667    0.61005729    0.67952853    0.71353150    0.72293723    0.71542931    0.68200836    0.72106016    0.71749461    0.84887555    0.00000000    0.48015065    0.46419290
S3C3C6_OPHP1/344-843     0.89249004    1.26100421    1.24083879    1.29387447    1.30124333    1.32454611    1.32573605    1.26985526    1.32360312    1.37048345    1.37934733    1.33243781    1.27278804    1.19190689    1.28578697    1.26442542    1.23851696    1.27984683    1.15928791    1.18721484    1.31382789    1.27645140    1.08285702    0.91577729    0.95115649    0.80240065    0.75167300    0.72567601    0.73160330    0.79948158    0.75747180    0.69284279    0.68289665    0.71971073    0.70864639    0.71988473    0.71647551    0.72251134    0.72593612    0.72653137    0.86182488    0.48015065    0.00000000    0.33540225
U7PQZ6_SPOS1/349-874     0.87654256    1.26200438    1.27001996    1.33557677    1.35637860    1.30755439    1.29710079    1.23792639    1.32080125    1.30023460    1.28111915    1.30024626    1.26304973    1.20637127    1.19465749    1.28424886    1.23095693    1.26083031    1.14071657    1.18302138    1.33308024    1.32017560    1.16745504    0.91824276    0.97214043    0.75431812    0.72876304    0.70143714    0.76034993    0.79009397    0.77647024    0.69781582    0.66296744    0.69290059    0.66371722    0.78510907    0.75829243    0.69449748    0.73337619    0.77427355    0.78390862    0.46419290    0.33540225    0.00000000

