6
Q6DA09_PECAS/10-98     0.00000000    1.80479178    1.80864925    2.60685581    1.98017958    1.93217565
YJEO_ECOLI/6-103     1.80479178    0.00000000    0.65869599    2.88602209    2.00565840    1.66015393
Q8ZKB3_SALTY/6-103     1.80864925    0.65869599    0.00000000    2.64682942    2.24773795    1.60780776
Q6DAS5_PECAS/12-110     2.60685581    2.88602209    2.64682942    0.00000000    2.42605195    2.45144009
Q0WIS5_YERPE/3-100     1.98017958    2.00565840    2.24773795    2.42605195    0.00000000    1.42292534
Q7N7X2_PHOLL/6-102     1.93217565    1.66015393    1.60780776    2.45144009    1.42292534    0.00000000

