71
L0A522_DEIPD/259-504     0.00000000    1.19399103    1.22041654    1.57789034    1.72531177    1.66945162    1.41329397    1.34226332    1.44377658    1.59400070    1.60175359    1.44840249    1.45378889    1.60130972    2.84058731    2.89060215    2.91606937    3.59151932    2.90582698    3.00721112    2.50614257    3.13749383    2.49804868    2.65864933    2.66287822    2.44261427    2.94935617    3.12129789    3.24829229    2.64089209    2.83453808    2.46673246    2.68964668    2.75770230    2.82463862    2.88833166    2.52670189    2.72833044    2.73617478    2.86738167    3.07873398    2.81254162    2.63017118    2.66379143    3.34996572    3.17224024    3.02947011    2.08838570    2.36239037    2.12481480    2.79083249    2.64089705    2.65314913    2.67439459    2.77233983    2.90589517    2.67116791    2.46120888    2.87400992    3.03217423    2.80793831    2.02713500    1.64148409    1.71345654    1.94976316    2.26204061    2.00759144    2.19001713    2.02694146    2.20321722    2.28025200
L0A502_DEIPD/323-574     1.19399103    0.00000000    0.80609991    1.64893220    1.72653448    1.72971359    1.52308350    1.43026992    1.62575290    1.85117054    1.57442820    1.57513357    1.61757721    1.89299080    3.67590955    3.46433144    3.57173737    3.99570147    3.55082929    3.39070673    2.77137430    2.73984084    3.10553711    3.36027937    3.45268100    3.00760428    3.61278578    4.06011089    3.84498971    3.19077192    3.08312326    2.99756786    2.90681753    3.32387097    3.35256768    3.43425172    3.16727163    3.41540398    3.40125882    3.37955741    3.03857756    3.57108595    3.19214031    2.91006253    3.43398843    3.76081562    3.27951060    2.25016265    2.49809977    2.40044020    2.64595745    2.88479382    2.67635825    2.44355921    2.80409739    2.69554664    2.46425945    2.72698006    3.23449421    3.40066676    2.88839599    2.41752258    1.88947233    2.20447408    2.33958055    3.09952980    2.43492690    2.33188714    2.11397691    2.23818498    2.38662411
Q1IXI2_DEIGD/311-556     1.22041654    0.80609991    0.00000000    1.72660007    1.69907638    1.93693211    1.60891607    1.43513184    1.69855505    1.90817427    1.68211914    1.60409837    1.62822539    1.77295427    3.25154442    3.16157184    3.38840519    3.80924533    3.72446470    2.76610261    2.43997110    3.04909025    2.33196537    3.03790859    3.34865813    2.96850225    3.14308345    3.36855305    3.07342345    2.95274335    3.09122234    2.82102438    2.98346808    3.10516361    3.06936311    3.13489830    3.04601916    3.31871130    3.34095021    3.04216360    3.25366948    3.22628591    2.86420048    3.04560603    3.47854434    3.46476557    3.11148537    2.29943989    2.56061154    2.59485434    2.61644984    2.86912685    2.83880364    2.55225138    2.77794835    2.74752089    2.55155601    2.36808888    2.89437366    2.85698993    3.24442399    2.17640859    1.73604913    1.89395715    2.00950620    2.53133249    2.17377522    2.13432181    2.17698691    2.31825973    2.39961617
A1WAM2_ACISJ/315-589     1.57789034    1.64893220    1.72660007    0.00000000    1.01106830    1.52506352    1.57585319    1.45384466    1.48871471    1.39493108    1.53711883    1.50902363    1.47245049    1.63660753    3.08257194    3.94230567    4.10858132    3.75837791    4.10934861    3.10131057    2.88449173    2.95226937    2.77874845    3.68052471    3.13828375    2.45369378    3.36633763    2.96272013    3.56146825    2.72557298    3.00431888    2.60707896    3.01208155    3.09944259    3.03460420    2.98629307    2.99730867    3.39693010    3.67107804    3.37637177    3.15166584    3.62257664    3.20709039    2.89292445    3.40666370    3.71145004    3.42442313    2.33158019    2.26746578    2.38856263    2.47495330    2.59045950    2.52794633    2.52677578    2.33408934    2.34135391    2.26373052    2.31779113    2.34152769    2.45811848    2.80673115    2.29802891    1.72102613    1.95723735    2.01255851    2.67913179    2.17620499    2.13273447    2.06402193    2.21081227    2.24472806
D0J002_COMT2/256-530     1.72531177    1.72653448    1.69907638    1.01106830    0.00000000    1.33835689    1.17667790    1.20410875    1.26835663    1.30657771    1.36606048    1.37238675    1.27892650    1.49257447    3.04133120    3.51752586    4.01270160    3.73750292    3.90960939    3.67864361    3.05100279    2.99032628    2.93201827    3.41868080    2.87810306    2.47793068    3.02512967    2.97882550    3.24763967    2.90944356    3.24874223    3.10102398    2.95561760    3.35496534    2.92131326    3.29201215    2.90485771    3.28149005    3.20975784    3.16939944    3.07276133    3.25719438    3.01251221    3.21158196    3.40234471    3.53702652    3.92647481    2.13863971    2.28607106    2.32698253    2.26975211    2.32484273    2.24939373    2.30263749    2.24409536    2.43620215    2.32694298    2.43831156    2.52367492    2.59564275    2.96640790    2.37156223    1.96502098    1.96846827    1.93130154    2.70769024    2.19290315    1.93994662    1.89046223    1.93155813    1.94946253
A0A068NT91_9BACT/235-497     1.66945162    1.72971359    1.93693211    1.52506352    1.33835689    0.00000000    1.13243927    1.07877277    0.96854813    1.38658846    1.09769152    1.04316172    1.10042757    1.64014390    3.26441089    3.48046957    3.96959716    3.49207291    3.29011327    2.84216805    2.67321804    3.03153323    2.52009369    2.64220633    2.69237443    2.42666865    3.08483685    3.26810386    3.19865413    2.77743619    3.22489424    3.07192935    3.11035796    3.29363237    2.92654902    3.07369561    2.72398724    3.25666926    3.16726897    3.05614833    2.87809162    3.61987411    3.28437050    2.91110166    3.30918624    3.01298022    3.12914767    1.81320115    2.02574896    2.01091329    2.00197648    2.23705716    2.11333724    2.44144426    1.89820793    2.15847753    2.00901613    2.28871241    2.29736886    2.46658816    2.65688063    2.00380308    1.58736211    1.56875896    1.81239219    2.37583032    1.82322384    1.69520924    1.60335951    1.81093632    1.67963622
E2Q861_STRCL/342-611     1.41329397    1.52308350    1.60891607    1.57585319    1.17667790    1.13243927    0.00000000    0.35090052    0.82512463    1.05233725    0.84718573    0.86224201    0.83051951    1.48782679    2.71630222    3.12480547    3.28045887    3.35020070    3.08618682    3.37149907    2.38883004    3.03186194    2.68196871    2.56757270    2.87670132    2.51391365    3.20804047    3.49656947    3.39867842    2.76039215    2.97097179    2.84720076    2.42728806    2.73164171    2.76488565    2.94846697    2.54858327    2.91262659    2.71982056    2.62803546    2.56834402    3.31282852    3.10354013    2.54071060    3.07993042    2.98229287    3.78401464    1.62462861    2.01836889    2.04939442    2.26592520    2.11468224    2.16445279    2.08616106    2.02200046    2.28668210    2.14707170    2.22643474    2.20905022    2.48112021    2.54278828    2.12106461    1.47010796    1.51541999    1.84447708    2.18023790    1.89589908    1.81655271    1.76396692    1.78420913    1.86139318
K4RBX1_STRDJ/345-613     1.34226332    1.43026992    1.43513184    1.45384466    1.20410875    1.07877277    0.35090052    0.00000000    0.68925843    0.95712208    0.69790626    0.70311187    0.63798122    1.29255816    2.58544463    3.27705947    3.40770099    3.42240378    3.02559419    3.42772076    2.58956854    2.86510585    2.69178702    2.75364904    2.49084231    2.38522175    3.03933752    3.26795560    3.25012622    2.86636928    3.38245830    2.83726431    2.75857543    3.14089568    2.97991488    2.96935585    2.51844849    3.10878230    2.83307861    2.76988463    2.76307687    3.25230035    2.97753315    2.60042665    3.24085697    3.06898351    3.47789525    1.64497372    2.05484347    1.89776714    1.99360008    1.95276880    1.99956456    2.13773853    2.03622592    2.23287499    2.17315357    2.15037142    2.17204419    2.48426482    2.57959931    2.04082036    1.51142360    1.50499685    1.85105478    2.07548763    1.69436382    1.71493513    1.63939507    1.69539662    1.76808714
W5WDT8_9PSEU/293-566     1.44377658    1.62575290    1.69855505    1.48871471    1.26835663    0.96854813    0.82512463    0.68925843    0.00000000    0.85062352    0.59532727    0.62985324    0.58614636    1.55840454    2.49291198    2.93422214    3.39269034    3.34646893    3.47099295    3.19245737    2.55037762    2.84388557    2.47553030    2.43101838    2.50143037    2.44881797    2.93594397    3.13124477    3.09641847    2.82120677    3.03373661    2.82648253    2.80612261    2.92731757    2.91402272    2.82345301    2.55350148    2.95778062    2.79754879    2.90171390    3.03879137    3.47233517    3.31659531    2.47196918    2.81872534    2.68334119    3.04457140    1.68048219    1.82819651    1.83901342    1.83739708    1.87847429    1.91074764    2.01008954    1.84040901    2.11218778    1.98815712    2.08224880    2.09652886    2.33080846    2.25877138    1.79225857    1.64171388    1.53126269    1.72553371    1.92376267    1.60587510    1.66533962    1.50935758    1.73000076    1.81997459
R4SQ82_9PSEU/281-555     1.59400070    1.85117054    1.90817427    1.39493108    1.30657771    1.38658846    1.05233725    0.95712208    0.85062352    0.00000000    1.00586872    0.82996660    0.85079140    1.56336610    3.21869017    3.78915639    3.80124238    3.75631230    3.63505098    2.88678771    2.58734906    2.69391229    2.61137637    3.01187287    2.86073712    2.36866313    2.68809021    3.35783733    3.07176128    3.09331937    3.13722007    2.63342629    2.75153360    2.89532878    3.08970756    3.14802866    2.58941046    3.24807426    2.96634539    2.97659800    3.38996909    3.34037681    3.58991373    3.01346051    3.27515956    2.85865999    3.26446947    2.20359923    2.32928346    2.07832229    2.23060085    2.01239152    2.31231344    2.32708767    2.11731421    2.34004010    2.28822732    2.15079645    2.25351772    2.46433726    2.40950809    2.00394822    1.76967926    1.79981641    1.84353847    2.23819348    2.02895072    1.85847171    1.93662433    1.98837839    2.04750079
A8LFA1_FRASN/262-530     1.60175359    1.57442820    1.68211914    1.53711883    1.36606048    1.09769152    0.84718573    0.69790626    0.59532727    1.00586872    0.00000000    0.50896137    0.49427305    1.56491888    2.85554547    3.27922770    3.29738489    3.16820153    3.13875159    3.26460316    2.88399716    3.07215016    2.70876297    2.67081988    2.29152422    2.45332417    2.96047576    3.49928342    3.37511243    3.07117226    3.11488321    2.82891849    2.91574644    3.10179872    3.04006310    3.09606185    2.72772077    3.08286252    2.93969173    2.93905962    3.03227240    3.56235096    3.32494821    2.61732259    3.46227294    3.05399497    3.28263449    1.87017634    1.93653018    1.80800785    1.95893414    2.10808360    2.23205572    2.36136235    2.28673399    2.51889089    2.38277842    2.13907800    2.23927669    2.51367287    2.47864797    2.18812288    1.58414208    1.78612505    1.78583617    2.25971902    1.82936309    1.71376996    1.56484467    1.85240859    1.76119976
G8SCF8_ACTS5/260-527     1.44840249    1.57513357    1.60409837    1.50902363    1.37238675    1.04316172    0.86224201    0.70311187    0.62985324    0.82996660    0.50896137    0.00000000    0.29993181    1.48540974    2.88396444    3.25008719    3.67383602    3.60333478    3.62609912    3.17917450    2.69655765    2.94104173    2.59105685    2.50171122    2.70848008    2.74033076    3.20017476    3.59819141    3.45099314    3.06603604    3.44311474    2.97014341    3.17681617    3.18691679    3.13760826    3.25420388    2.63210719    3.07556127    2.81065541    2.81772635    2.98330301    3.51964666    3.27135867    2.67337903    3.31263755    3.19644381    3.36888567    1.87494084    1.97586639    2.01379309    1.93889340    1.93132068    2.21461490    2.27446645    2.22286505    2.50987898    2.34297969    2.31878506    2.29804670    2.42517247    2.29938920    2.04587657    1.56762899    1.71368738    1.90868636    2.14565010    1.86315376    1.78138313    1.62483309    1.90899944    1.79803343
U5WBT8_9ACTN/261-529     1.45378889    1.61757721    1.62822539    1.47245049    1.27892650    1.10042757    0.83051951    0.63798122    0.58614636    0.85079140    0.49427305    0.29993181    0.00000000    1.52113724    2.98619810    3.48201784    3.72930321    3.66226659    3.67965191    3.50472622    2.90439498    2.92996087    2.81285402    2.80760769    2.67053280    2.70550964    3.09354322    3.57125261    3.34651949    2.97140097    3.36573443    2.91951681    3.09231731    3.24820499    3.26794449    3.12223177    2.79183884    3.19704342    2.97121349    3.05940565    3.24460946    3.87233040    3.50675378    2.71156035    3.38593830    3.16098440    3.59819910    1.77695638    1.88665430    2.08991114    1.87750102    1.86244462    2.12934783    2.23732264    2.07180777    2.34111308    2.15871054    2.30894253    2.20645552    2.34341572    2.34810801    2.17270088    1.58530380    1.86271247    1.92371415    2.30632403    1.88904989    1.71471824    1.64314734    1.91197683    1.86467904
Q1AST7_RUBXD/238-462     1.60130972    1.89299080    1.77295427    1.63660753    1.49257447    1.64014390    1.48782679    1.29255816    1.55840454    1.56336610    1.56491888    1.48540974    1.52113724    0.00000000    3.06918442    2.90568680    3.05297009    3.46019812    3.04527539    2.94525037    2.61322129    2.96181344    2.75804090    2.68218241    2.22317327    2.45563110    3.06399791    3.33493044    3.35631960    2.40574741    2.66158780    2.28806227    2.41377471    2.51418135    2.65522754    2.63219779    2.39198628    2.33997270    2.50595909    2.26977106    2.29874578    2.59897098    2.45697242    2.62142428    2.99558096    3.36231867    3.04040717    1.82998319    2.23431451    2.03153535    2.47466135    2.24016943    2.29953970    2.47114232    2.34909203    2.21199448    2.25855806    2.36298784    2.03909561    2.31741287    2.63324359    1.84960483    1.63737068    1.67631706    1.63062768    2.07649731    1.67978381    1.86609489    1.50349287    1.87518106    1.78056848
Q5JH22_THEKO/56-259     2.84058731    3.67590955    3.25154442    3.08257194    3.04133120    3.26441089    2.71630222    2.58544463    2.49291198    3.21869017    2.85554547    2.88396444    2.98619810    3.06918442    0.00000000    1.14434475    1.04567760    1.05051300    1.25910038    2.28220477    2.15282702    2.09737876    2.20458580    2.63077241    2.31457973    2.18940660    2.50866705    2.25571299    2.25917877    2.21441319    2.51198675    2.44711030    2.51978514    2.36057561    2.20054399    2.84619220    2.37644982    2.62106573    2.73870619    2.62627777    2.80356280    2.95485622    2.93038005    2.50151806    2.54312784    2.27267027    2.95665864    2.72535252    3.06060821    3.00009028    2.81591362    3.14957110    2.82740219    2.66803953    2.83350115    3.24475827    3.13666807    3.11926675    3.01595174    3.47064849    2.60373046    3.27329387    3.00077881    2.24177467    2.26278824    2.51934147    2.55163120    2.63141950    2.70107253    2.74587268    2.47749805
A6UV77_META3/44-251     2.89060215    3.46433144    3.16157184    3.94230567    3.51752586    3.48046957    3.12480547    3.27705947    2.93422214    3.78915639    3.27922770    3.25008719    3.48201784    2.90568680    1.14434475    0.00000000    0.96113217    1.31128614    1.04729740    2.74485806    2.31530466    2.26875960    2.46009411    2.55936807    2.13254110    2.50601674    2.61322890    2.51072318    2.62290620    2.40910885    2.65592016    2.52769688    2.55560419    2.75549332    2.55743005    2.77960002    2.45096306    2.52415595    2.63357021    2.74477899    2.68991172    2.96935200    2.81230844    2.33107410    2.72491041    3.17019229    3.23703441    2.92218741    3.20336939    2.99989262    3.48803514    3.68503625    3.23827508    2.88185462    3.17349569    3.78530322    3.34667053    3.13891939    3.51176438    3.90335161    2.80859428    3.47381012    3.32633831    2.82952812    2.50696904    2.94488074    2.77907807    2.76902366    3.05164388    3.17674175    2.96407074
Y505_METJA/37-247     2.91606937    3.57173737    3.38840519    4.10858132    4.01270160    3.96959716    3.28045887    3.40770099    3.39269034    3.80124238    3.29738489    3.67383602    3.72930321    3.05297009    1.04567760    0.96113217    0.00000000    0.87516907    0.62386894    2.98273600    2.44131932    2.21458115    2.97894700    3.03816960    2.62861058    3.10923173    3.01663757    2.66757775    2.87899032    2.42755323    2.85744091    2.55964421    2.49345871    2.84068047    2.61242528    3.25504734    2.79895246    2.71461997    2.86680479    3.01966230    3.00350174    3.34493431    3.05721231    2.77587847    3.15805029    3.29480035    3.56299339    2.89681775    3.08542726    3.12781877    3.39049706    3.56430687    3.32086843    3.03885334    3.32643523    3.70232684    3.42283209    3.00610308    3.38390624    3.66445685    3.09751803    3.75803237    3.31618090    2.84426013    2.49937344    3.00260637    3.20297325    3.00380669    3.00937951    3.58219927    3.10863909
Q6LXR4_METMP/34-239     3.59151932    3.99570147    3.80924533    3.75837791    3.73750292    3.49207291    3.35020070    3.42240378    3.34646893    3.75631230    3.16820153    3.60333478    3.66226659    3.46019812    1.05051300    1.31128614    0.87516907    0.00000000    0.88749190    2.76860348    2.34659334    2.33310310    2.73248689    3.48894547    3.07197150    2.92582749    3.09389216    2.81022614    2.93360082    2.71090039    2.79150315    2.63781947    2.49438188    2.66212077    2.45882817    3.11032397    2.65112058    2.63692062    2.97149232    3.02298603    2.88538847    3.30366354    2.91539334    2.64635087    2.61950688    3.20689703    3.36479782    2.79950308    3.37064860    3.15135417    2.97339899    3.36986816    3.27965725    2.97578490    2.89941080    3.30030707    3.27723100    3.01960158    3.27118303    3.69205313    3.08443142    3.61336222    3.19328565    2.91357364    2.86830389    3.37951119    3.23136285    2.65832972    2.67691049    3.13747367    2.56948870
D7DSJ1_METV3/60-270     2.90582698    3.55082929    3.72446470    4.10934861    3.90960939    3.29011327    3.08618682    3.02559419    3.47099295    3.63505098    3.13875159    3.62609912    3.67965191    3.04527539    1.25910038    1.04729740    0.62386894    0.88749190    0.00000000    2.70047903    2.71571759    2.66159404    3.02338576    2.82463831    2.62453572    2.82625116    3.18541772    2.74673285    2.96430523    2.49686012    2.95602259    2.63006077    2.55547503    2.68661466    2.66934138    3.04785496    2.71873236    2.62516464    2.86421857    2.87323563    3.10595685    3.23898086    2.79828869    2.71222281    3.06071955    3.01405610    3.17695317    2.66711620    2.91879906    2.98994466    3.06671048    2.92699816    3.04745121    2.64533541    2.97492253    3.14574805    2.93396057    3.21398163    3.06523138    3.57240578    2.89975676    3.46024428    2.87967879    2.74564076    2.53631194    3.13964104    3.12721239    3.23970889    3.07148205    3.52486325    3.09352592
B4U8C2_HYDS0/10-157     3.00721112    3.39070673    2.76610261    3.10131057    3.67864361    2.84216805    3.37149907    3.42772076    3.19245737    2.88678771    3.26460316    3.17917450    3.50472622    2.94525037    2.28220477    2.74485806    2.98273600    2.76860348    2.70047903    0.00000000    2.04314779    2.14795811    2.33535343    2.61309643    2.30885589    2.22286993    2.24228462    2.27044041    2.37405969    3.05567950    2.99161025    2.87466028    2.97047973    3.04050599    2.76331580    3.04597326    3.01958440    2.72267486    2.84777740    2.72735871    3.28436003    3.21756758    2.80548639    3.37223108    3.09866850    2.91303155    2.91689561    2.65943967    3.10217289    2.82475097    2.89019116    2.93838088    3.36494030    2.83341517    2.98115506    3.20569915    3.08900478    2.34249494    2.69417299    3.05790298    3.30250241    2.75793915    2.64370571    2.55898043    2.59163314    2.84067949    2.87128127    2.68900914    2.57442688    3.01086433    2.54339587
D3SMT5_THEAH/3-151     2.50614257    2.77137430    2.43997110    2.88449173    3.05100279    2.67321804    2.38883004    2.58956854    2.55037762    2.58734906    2.88399716    2.69655765    2.90439498    2.61322129    2.15282702    2.31530466    2.44131932    2.34659334    2.71571759    2.04314779    0.00000000    1.41542083    1.84620772    2.17892976    2.17251367    2.52915962    2.43322354    2.23941778    2.27068219    3.35639540    3.19849871    3.42337313    3.08625064    3.23867488    2.76813413    3.26423563    3.27183136    2.93547156    2.93474470    2.65698709    3.30408463    3.30828840    2.92100246    3.21585950    3.81585488    2.80795843    2.93288612    2.43047974    2.70244267    2.29859316    3.35274970    3.08535189    2.59700004    2.81591869    2.49709787    2.35262012    2.37836285    2.61598449    3.43361690    3.34003292    3.51671240    2.89125232    2.97161453    2.46367506    2.53841116    2.60580691    2.66177959    3.19130325    3.19780238    3.19121209    3.02154456
F8AAV2_THEID/3-151     3.13749383    2.73984084    3.04909025    2.95226937    2.99032628    3.03153323    3.03186194    2.86510585    2.84388557    2.69391229    3.07215016    2.94104173    2.92996087    2.96181344    2.09737876    2.26875960    2.21458115    2.33310310    2.66159404    2.14795811    1.41542083    0.00000000    2.18529781    2.51544942    2.54402661    2.89515750    2.43798575    2.16350714    2.41030297    2.65572687    2.56978198    2.86049211    2.87045026    2.48303683    2.69598834    3.00688999    2.65049318    2.70192651    3.10312931    2.52725817    3.49825550    3.37499084    2.95184140    2.46309110    2.51656485    2.91365459    2.96618974    3.54124189    3.01251818    2.90726998    3.38731349    3.39752503    2.79919680    2.99053169    2.65990589    3.12039837    2.74752861    2.51744189    3.30406408    3.24153880    3.35907970    3.43389266    3.32618765    2.63804100    2.54356861    3.06136888    3.12533472    3.12512187    3.15879682    2.68731811    2.55393041
C1A667_GEMAT/9-196     2.49804868    3.10553711    2.33196537    2.77874845    2.93201827    2.52009369    2.68196871    2.69178702    2.47553030    2.61137637    2.70876297    2.59105685    2.81285402    2.75804090    2.20458580    2.46009411    2.97894700    2.73248689    3.02338576    2.33535343    1.84620772    2.18529781    0.00000000    2.33664622    2.12173796    1.92110837    1.97753662    2.09248175    2.06276848    3.72967140    3.64582563    3.78680605    4.05391794    3.35257022    3.24280648    3.70988815    3.72464161    3.51959729    3.63506542    3.51926097    3.40734584    3.60346149    3.62004753    3.80848009    4.31882433    2.75761315    3.80257074    3.35032626    3.26433323    3.35317822    3.53899932    3.65735333    3.42384444    3.25649944    3.52996951    3.75778874    3.45277257    3.56067232    3.82223038    3.81554206    3.99795693    2.55120121    2.53472240    2.69494390    2.54499882    2.65896842    2.90705127    2.80520112    3.13970911    3.12724768    2.79331369
D6Z9I9_SEGRD/14-177     2.65864933    3.36027937    3.03790859    3.68052471    3.41868080    2.64220633    2.56757270    2.75364904    2.43101838    3.01187287    2.67081988    2.50171122    2.80760769    2.68218241    2.63077241    2.55936807    3.03816960    3.48894547    2.82463831    2.61309643    2.17892976    2.51544942    2.33664622    0.00000000    1.54556269    1.99415571    2.13802770    2.24897247    2.34668588    3.16475489    3.34710610    3.00321096    3.14996698    3.03878888    3.40463136    3.18820564    3.07317402    3.23187823    3.35172142    3.49453168    3.49239789    3.28661800    3.71912390    3.53215352    4.49666864    2.91901265    3.46084080    2.98800276    3.32680220    2.91008479    3.45219922    3.55529163    3.16987971    3.73200977    3.37376780    3.52970285    3.20641219    3.50397362    3.45817375    3.38591647    3.71456671    3.13902971    2.76429384    2.96107904    2.89521895    3.09593415    3.22179915    3.40537665    3.65685992    3.73907631    3.85768888
K0ERT4_9NOCA/61-217     2.66287822    3.45268100    3.34865813    3.13828375    2.87810306    2.69237443    2.87670132    2.49084231    2.50143037    2.86073712    2.29152422    2.70848008    2.67053280    2.22317327    2.31457973    2.13254110    2.62861058    3.07197150    2.62453572    2.30885589    2.17251367    2.54402661    2.12173796    1.54556269    0.00000000    0.86341641    1.64914764    1.72403255    1.82363438    2.95808596    3.07224726    3.13019971    3.12130697    3.52922652    2.99539855    2.92774588    3.11095694    3.00133516    2.90944550    2.83770202    3.17386626    2.79564071    3.12782814    3.22022896    4.37509015    2.80549539    3.07831125    2.86497632    2.61636838    2.60876301    3.93386869    3.73266653    3.29565938    3.75646675    3.57320661    3.48640913    3.33479147    3.40415021    4.30877432    3.96015144    4.52503739    2.95289032    2.67493175    2.99969715    2.87073175    2.87585301    2.79456039    3.22674798    2.93215101    3.59409273    3.37134801
C7Q7J8_CATAD/6-161     2.44261427    3.00760428    2.96850225    2.45369378    2.47793068    2.42666865    2.51391365    2.38522175    2.44881797    2.36866313    2.45332417    2.74033076    2.70550964    2.45563110    2.18940660    2.50601674    3.10923173    2.92582749    2.82625116    2.22286993    2.52915962    2.89515750    1.92110837    1.99415571    0.86341641    0.00000000    1.82755422    1.85842881    1.90560153    3.03108096    3.13588889    3.18935553    2.92695690    3.14111612    3.01643664    3.21901524    3.47794795    3.52232639    3.19847195    3.34420524    3.22878069    3.38396064    3.31023669    3.45096958    4.34726960    2.68203624    2.50559064    3.00443743    3.05558530    2.67362814    2.91061666    3.30846819    2.94631522    3.29434329    2.96515409    2.94993623    2.92602632    2.67921023    3.48526322    3.24657973    3.80347126    2.48914392    2.41158036    2.75803172    2.64439244    2.75311056    2.66973201    2.95990548    2.98104340    3.07590014    3.13625404
K0CAU1_ALCDB/12-196     2.94935617    3.61278578    3.14308345    3.36633763    3.02512967    3.08483685    3.20804047    3.03933752    2.93594397    2.68809021    2.96047576    3.20017476    3.09354322    3.06399791    2.50866705    2.61322890    3.01663757    3.09389216    3.18541772    2.24228462    2.43322354    2.43798575    1.97753662    2.13802770    1.64914764    1.82755422    0.00000000    1.10447868    0.94006611    3.00514930    2.79841346    2.82953576    2.75006842    2.93685157    2.95443626    3.28439202    3.05995085    3.45752465    3.10167253    3.11530161    3.01307951    3.25828897    3.68583068    3.09078962    3.96500701    2.79572134    3.76380014    3.07333503    2.90901237    3.40388778    3.33030392    3.43576631    3.05504291    3.50560586    3.15609460    3.33884379    3.26204405    3.49848424    3.64094947    3.61460509    4.35708057    3.07101240    3.34499438    3.01372492    2.89613199    3.14180195    3.39171557    3.42996213    3.46856192    3.42775449    3.13041302
Q88N47_PSEPK/1-183     3.12129789    4.06011089    3.36855305    2.96272013    2.97882550    3.26810386    3.49656947    3.26795560    3.13124477    3.35783733    3.49928342    3.59819141    3.57125261    3.33493044    2.25571299    2.51072318    2.66757775    2.81022614    2.74673285    2.27044041    2.23941778    2.16350714    2.09248175    2.24897247    1.72403255    1.85842881    1.10447868    0.00000000    0.49504771    3.49548683    3.37611746    3.45965434    3.01128977    3.33743342    3.19617016    3.03669419    3.52989884    3.38578029    3.28729204    3.32165850    3.15798261    3.37623447    3.69674135    3.34218177    3.98383242    3.34685807    3.39143882    3.12749256    2.84623467    3.46871577    3.67588183    3.35697957    3.15670125    3.32339877    3.06978041    3.15093418    2.95373448    3.65515022    3.59089432    3.60795403    4.15867996    3.14929326    3.55341906    3.15225094    2.84547566    3.11773251    3.53469462    3.63689132    3.55432126    3.88753591    3.55901658
Q9HW89_PSEAE/5-189     3.24829229    3.84498971    3.07342345    3.56146825    3.24763967    3.19865413    3.39867842    3.25012622    3.09641847    3.07176128    3.37511243    3.45099314    3.34651949    3.35631960    2.25917877    2.62290620    2.87899032    2.93360082    2.96430523    2.37405969    2.27068219    2.41030297    2.06276848    2.34668588    1.82363438    1.90560153    0.94006611    0.49504771    0.00000000    3.33868063    3.07045264    2.87512252    2.99131498    3.01087449    3.00459657    3.14485043    3.28772165    3.39109737    3.23484379    3.38412321    3.10592694    3.10308976    3.59228648    3.32708677    4.32975644    3.14449375    3.10905184    2.99066787    2.90243178    3.21398591    3.39796914    3.37178667    2.97903991    3.60585215    3.08369990    3.26554390    3.18207398    3.68621522    3.81201664    4.02413954    3.75384695    3.64853541    3.37226596    3.27747405    3.02109742    3.12003759    3.59004958    3.52217599    3.46605810    3.41150166    3.25615847
R7LEI3_9BACT/4-204     2.64089209    3.19077192    2.95274335    2.72557298    2.90944356    2.77743619    2.76039215    2.86636928    2.82120677    3.09331937    3.07117226    3.06603604    2.97140097    2.40574741    2.21441319    2.40910885    2.42755323    2.71090039    2.49686012    3.05567950    3.35639540    2.65572687    3.72967140    3.16475489    2.95808596    3.03108096    3.00514930    3.49548683    3.33868063    0.00000000    0.83584382    0.85391466    0.87609222    0.84837834    0.86132266    1.22471597    1.05377331    1.18101619    1.64467815    1.35020744    1.45142803    1.30403963    1.42871050    1.43529688    1.41747816    2.60902462    2.55389125    2.29881418    2.50846215    2.46573605    2.58697900    2.96843585    2.43907129    2.62725541    2.41160870    2.48178308    2.50841767    2.76379953    2.64050840    2.99452511    2.92536208    3.24402971    3.00169211    2.52554460    2.34809307    2.72198449    2.51470620    2.77319123    2.42813027    2.55592489    2.50944996
R5ZC39_9FIRM/3-201     2.83453808    3.08312326    3.09122234    3.00431888    3.24874223    3.22489424    2.97097179    3.38245830    3.03373661    3.13722007    3.11488321    3.44311474    3.36573443    2.66158780    2.51198675    2.65592016    2.85744091    2.79150315    2.95602259    2.99161025    3.19849871    2.56978198    3.64582563    3.34710610    3.07224726    3.13588889    2.79841346    3.37611746    3.07045264    0.83584382    0.00000000    0.45550425    0.52704990    0.52288852    0.99480835    1.04108808    0.97892148    1.07269794    1.33870163    1.20724956    1.46080585    1.26390156    1.48396399    1.29103550    1.35783603    2.92794216    2.76598807    2.60393836    2.73340534    2.72722147    2.66586423    2.93103400    2.50071804    2.49546296    2.26668461    2.46227244    2.39564118    2.74377919    3.12852255    3.40630856    2.83024624    3.74942509    3.16197037    2.61131175    2.42232347    3.14391008    2.83823442    2.62758848    2.68287935    2.56899931    2.70484804
D4K2A5_9FIRM/3-201     2.46673246    2.99756786    2.82102438    2.60707896    3.10102398    3.07192935    2.84720076    2.83726431    2.82648253    2.63342629    2.82891849    2.97014341    2.91951681    2.28806227    2.44711030    2.52769688    2.55964421    2.63781947    2.63006077    2.87466028    3.42337313    2.86049211    3.78680605    3.00321096    3.13019971    3.18935553    2.82953576    3.45965434    2.87512252    0.85391466    0.45550425    0.00000000    0.62641250    0.55145364    0.99277907    1.08186447    0.94367286    1.18321246    1.41092204    1.36741387    1.52010059    1.42980408    1.50583512    1.34370949    1.38622360    2.71983541    2.51900766    2.41996195    2.61655096    2.40381048    2.67446929    2.66271111    2.65030389    2.53735011    2.66370841    2.74115414    2.69923797    2.53213190    2.92799218    3.18075893    2.57878932    3.32340784    2.65254357    2.37511195    2.26735864    2.71702266    2.31004329    2.38549964    2.18768032    2.23747470    2.17839611
E3GN09_9FIRM/1-199     2.68964668    2.90681753    2.98346808    3.01208155    2.95561760    3.11035796    2.42728806    2.75857543    2.80612261    2.75153360    2.91574644    3.17681617    3.09231731    2.41377471    2.51978514    2.55560419    2.49345871    2.49438188    2.55547503    2.97047973    3.08625064    2.87045026    4.05391794    3.14996698    3.12130697    2.92695690    2.75006842    3.01128977    2.99131498    0.87609222    0.52704990    0.62641250    0.00000000    0.49298185    1.01570685    1.05647002    1.00835001    1.38305327    1.51545662    1.38827642    1.51698958    1.58458983    1.30808939    1.25571047    1.40326703    3.06569948    2.66909709    2.57828748    2.77692091    2.55820225    2.70759304    2.80280139    2.58906483    2.46349291    2.51522126    2.67233801    2.74077963    2.66246559    2.89315028    3.27548611    2.67460457    3.36146196    3.08542386    2.18657179    2.49823436    2.76350903    2.57985610    2.74867030    2.51679823    2.48804601    2.29161679
F4LX97_TEPAE/1-199     2.75770230    3.32387097    3.10516361    3.09944259    3.35496534    3.29363237    2.73164171    3.14089568    2.92731757    2.89532878    3.10179872    3.18691679    3.24820499    2.51418135    2.36057561    2.75549332    2.84068047    2.66212077    2.68661466    3.04050599    3.23867488    2.48303683    3.35257022    3.03878888    3.52922652    3.14111612    2.93685157    3.33743342    3.01087449    0.84837834    0.52288852    0.55145364    0.49298185    0.00000000    1.03889900    1.08599043    1.08431203    1.32258352    1.55934511    1.51862260    1.69198653    1.58781480    1.46085395    1.31920941    1.40151873    2.48262031    2.82485043    2.63682620    2.68528526    2.50829250    2.60708892    2.74565592    2.71463655    2.47378023    2.43373276    2.53998689    2.45573603    2.59448639    2.88697813    3.13939011    2.76875835    3.23496094    3.20892242    2.40043293    2.31122787    2.88856408    2.59170765    2.58639429    2.34765644    2.10569479    1.96042388
R7P8S3_9BACT/4-202     2.82463862    3.35256768    3.06936311    3.03460420    2.92131326    2.92654902    2.76488565    2.97991488    2.91402272    3.08970756    3.04006310    3.13760826    3.26794449    2.65522754    2.20054399    2.55743005    2.61242528    2.45882817    2.66934138    2.76331580    2.76813413    2.69598834    3.24280648    3.40463136    2.99539855    3.01643664    2.95443626    3.19617016    3.00459657    0.86132266    0.99480835    0.99277907    1.01570685    1.03889900    0.00000000    0.99477844    0.87920702    1.33309698    1.62246003    1.46611463    1.68012532    1.46608426    1.56649399    1.33664495    1.34025618    2.73289595    2.62230477    2.67135894    2.75441789    2.49082227    2.73728115    3.15379420    2.96649953    3.01404998    2.91795194    2.99910748    2.99503385    2.79838782    3.19802836    3.44810356    3.32434991    3.10940585    2.69385255    2.54565274    2.32575426    2.57974777    2.43263608    2.76505403    2.53635857    2.52017330    2.55451813
E1RA10_SEDSS/7-204     2.88833166    3.43425172    3.13489830    2.98629307    3.29201215    3.07369561    2.94846697    2.96935585    2.82345301    3.14802866    3.09606185    3.25420388    3.12223177    2.63219779    2.84619220    2.77960002    3.25504734    3.11032397    3.04785496    3.04597326    3.26423563    3.00688999    3.70988815    3.18820564    2.92774588    3.21901524    3.28439202    3.03669419    3.14485043    1.22471597    1.04108808    1.08186447    1.05647002    1.08599043    0.99477844    0.00000000    0.97785563    1.45819501    1.45501091    1.39032292    1.60733289    1.70996199    1.63340385    1.45011215    1.66313015    2.74777436    2.50974573    2.71975724    3.03473778    2.73469937    3.29586663    3.41108277    3.29035715    3.18654099    2.92414675    3.24664668    3.15485098    3.21663150    3.59658868    3.83393705    3.55930674    3.21182770    2.99928208    2.62319972    2.55999917    3.02977354    2.79368474    2.48488184    2.66612064    2.95334255    2.75998855
Q7MSW5_WOLSU/4-200     2.52670189    3.16727163    3.04601916    2.99730867    2.90485771    2.72398724    2.54858327    2.51844849    2.55350148    2.58941046    2.72772077    2.63210719    2.79183884    2.39198628    2.37644982    2.45096306    2.79895246    2.65112058    2.71873236    3.01958440    3.27183136    2.65049318    3.72464161    3.07317402    3.11095694    3.47794795    3.05995085    3.52989884    3.28772165    1.05377331    0.97892148    0.94367286    1.00835001    1.08431203    0.87920702    0.97785563    0.00000000    1.50090929    1.52748344    1.37048081    1.55671514    1.44245278    1.39164017    1.13841112    1.34711631    2.93151507    2.85691125    2.44511722    2.51803184    2.35172486    2.81567331    2.77654323    2.72860842    2.82731538    2.77026182    2.91563881    2.84696353    2.65060412    3.02508612    3.29690523    2.89324206    3.46749114    2.77712883    2.35230567    2.25341752    2.61543526    2.48789228    2.79375334    2.27483253    2.47265810    2.52947797
E0RX58_BUTPB/2-201     2.72833044    3.41540398    3.31871130    3.39693010    3.28149005    3.25666926    2.91262659    3.10878230    2.95778062    3.24807426    3.08286252    3.07556127    3.19704342    2.33997270    2.62106573    2.52415595    2.71461997    2.63692062    2.62516464    2.72267486    2.93547156    2.70192651    3.51959729    3.23187823    3.00133516    3.52232639    3.45752465    3.38578029    3.39109737    1.18101619    1.07269794    1.18321246    1.38305327    1.32258352    1.33309698    1.45819501    1.50090929    0.00000000    0.79390538    0.81349300    1.05286453    0.80847095    0.79173082    1.23604740    1.25178466    2.55777802    2.43066349    2.33409541    2.56487301    2.79971080    2.63990541    2.78429312    2.60390320    2.63451454    2.82216038    3.03311426    2.82257196    2.86296979    3.18510813    3.33884468    2.72274220    3.12166921    2.86507194    2.43275863    2.41079211    2.49431382    2.44143465    2.55809779    2.55358077    2.61651106    2.56617844
R6C994_9CLOT/6-204     2.73617478    3.40125882    3.34095021    3.67107804    3.20975784    3.16726897    2.71982056    2.83307861    2.79754879    2.96634539    2.93969173    2.81065541    2.97121349    2.50595909    2.73870619    2.63357021    2.86680479    2.97149232    2.86421857    2.84777740    2.93474470    3.10312931    3.63506542    3.35172142    2.90944550    3.19847195    3.10167253    3.28729204    3.23484379    1.64467815    1.33870163    1.41092204    1.51545662    1.55934511    1.62246003    1.45501091    1.52748344    0.79390538    0.00000000    0.63798063    0.82970007    0.83854290    0.75782968    1.38210626    1.39260707    2.66311711    2.61791883    2.26316067    2.67242122    2.67769100    2.76183769    2.88430183    2.80699212    2.62755240    2.91999601    3.19241986    3.05082058    2.78714066    3.27888919    3.60298227    2.98720570    2.87565816    3.03461782    2.36379312    2.44264885    2.60728343    2.48485803    2.87120595    2.51811666    2.50854891    2.56433026
