8
H3AYZ6_LATCH/254-774     0.00000000    0.41552122    0.31854366    0.31588480    0.78436332    0.98825969    0.33551126    0.44776575
F7E9N4_XENTR/239-753     0.41552122    0.00000000    0.33656873    0.36214060    0.82553152    1.08759461    0.46894011    0.53758683
E1BX04_CHICK/256-770     0.31854366    0.33656873    0.00000000    0.23496020    0.79610681    1.02906130    0.38891090    0.44502557
PPR21_MOUSE/255-771     0.31588480    0.36214060    0.23496020    0.00000000    0.82031388    1.03716618    0.36722804    0.46654017
C3Z2J6_BRAFL/255-773     0.78436332    0.82553152    0.79610681    0.82031388    0.00000000    0.86807609    0.79842161    0.83348639
A7S1B5_NEMVE/246-759     0.98825969    1.08759461    1.02906130    1.03716618    0.86807609    0.00000000    1.00200914    0.99837004
W5NHJ4_LEPOC/255-776     0.33551126    0.46894011    0.38891090    0.36722804    0.79842161    1.00200914    0.00000000    0.32970002
H3DGR0_TETNG/258-778     0.44776575    0.53758683    0.44502557    0.46654017    0.83348639    0.99837004    0.32970002    0.00000000

