109
E3MMB9_CAERE/11-311     0.00000000    0.59874034    0.62410628    0.59997229    0.58498387    0.64912153    0.73045992    0.77144012    0.84094616    0.87336376    0.80961569    0.89908806    1.23375694    1.24270986    1.24650791    1.23585799    1.28690825    1.34621457    1.40432900    1.25689809    1.17705612    1.24694757    1.32431501    1.28797152    1.29761192    1.29367279    1.32747515    1.24341482    1.28024606    1.42745897    1.16463239    1.24281410    1.15206426    1.27144191    1.24030355    1.29302245    1.29532785    1.30795914    1.36018281    1.43640386    1.41778942    1.61246054    1.57246191    1.53163461    1.59682346    1.52624502    1.68995652    1.68653145    1.57929727    1.49079754    1.59753585    1.67453136    1.52367535    1.49485530    1.49820992    2.50569728    2.22671206    2.47081707    2.71018771    2.42804186    2.48686656    2.61361559    2.45532146    2.28875957    2.38527134    2.24212048    2.24590379    2.34432298    2.21452514    2.45445757    2.28828378    2.29769845    2.51177608    2.13037465    2.36645667    2.05146216    2.15352144    2.71713393    2.82711600    2.32225537    2.55367659    2.59453458    2.53039463    2.52061470    2.57365599    2.66058759    2.44745504    2.22602282    1.66867154    1.72565666    1.99919604    1.92022914    1.22641823    1.32542363    1.38476831    1.08362630    1.09724640    1.22513460    1.14778952    1.17273456    1.28121751    1.28745595    1.16738624    1.19583823    1.07112830    1.13114646    1.22814362    1.06788184    1.27891805
O17077_CAEEL/14-314     0.59874034    0.00000000    0.39436993    0.37677940    0.59619585    0.69761996    0.67290017    0.76549404    0.76609962    0.92096915    0.85483349    0.80948888    1.32104401    1.30160412    1.30574356    1.24754804    1.21703244    1.21534043    1.32743763    1.16588354    1.27387450    1.17839549    1.36972869    1.34895233    1.33188217    1.27568217    1.33031709    1.20642812    1.28459290    1.35851538    1.11529677    1.25007605    1.21345443    1.23128276    1.30943663    1.32148533    1.33497289    1.30827577    1.36405226    1.45123067    1.43457373    1.54804733    1.60176520    1.51991513    1.65899194    1.62256913    1.71811805    1.64020127    1.54491340    1.45333789    1.55886244    1.62585549    1.51788298    1.59932954    1.63619690    2.43459187    2.24341817    2.46092579    2.65650921    2.55098919    2.39816692    2.38470013    2.37604556    2.33271051    2.50648336    2.34590813    2.23946745    2.32761742    2.27822512    2.39612559    2.33508754    2.42372512    2.33010798    2.21577401    2.46299095    2.12458423    2.07648671    2.68335606    2.55039022    2.41435323    2.54891707    2.54476120    2.34945146    2.47282204    2.62413838    2.32600543    2.39027133    2.13237635    1.74012940    1.73264740    2.17135436    1.92192489    1.12946509    1.22786426    1.34099727    1.11802990    1.14453975    1.20126829    1.19460884    1.18573677    1.21522683    1.19459057    1.22370640    1.17762796    1.11818385    1.07362656    1.10898495    1.04673535    1.41342853
A8WUU2_CAEBR/15-315     0.62410628    0.39436993    0.00000000    0.32810579    0.63780367    0.72767210    0.69568086    0.79504048    0.86404743    0.93595736    0.91061966    0.82895392    1.29604050    1.30560747    1.21935458    1.30146461    1.27304886    1.32440955    1.34810563    1.24730540    1.19528660    1.22613819    1.30068282    1.32424636    1.32197079    1.24548614    1.31865353    1.21739897    1.31283696    1.39071871    1.17112532    1.21413928    1.17519836    1.25830825    1.24441968    1.31130067    1.37502171    1.34755714    1.40564324    1.49179082    1.47045978    1.52338219    1.55496398    1.53468443    1.73108197    1.55942979    1.76481753    1.61309008    1.63310094    1.54059906    1.62288573    1.71976726    1.64261434    1.68066405    1.78436930    2.37687685    2.37958393    2.43588680    2.58395989    2.49958195    2.46100588    2.52128878    2.60389319    2.57472618    2.43822986    2.33072207    2.31795249    2.28083749    2.32447061    2.41544133    2.31534392    2.52412313    2.55902356    2.22994461    2.49205798    2.15008468    2.14306373    2.78700905    2.70730570    2.51206699    2.63466515    2.57264556    2.33547277    2.57016097    2.60077399    2.53832547    2.53014228    2.29051174    1.70120958    1.82268890    1.98281040    1.91640251    1.17231943    1.24888631    1.35762727    1.08133322    1.13386715    1.21811772    1.18431260    1.18915015    1.16573938    1.22588876    1.17074304    1.20531621    1.07372414    1.10810189    1.17985227    1.07302823    1.22770692
E3N657_CAERE/14-322     0.59997229    0.37677940    0.32810579    0.00000000    0.59565344    0.65370442    0.66868152    0.75422096    0.79533548    0.91329196    0.79988238    0.76393085    1.31152956    1.37654570    1.34205640    1.35283211    1.35475312    1.33210594    1.39183577    1.22784753    1.30247422    1.26361323    1.31677314    1.35239595    1.33663082    1.33948609    1.39195433    1.33400555    1.35559377    1.44679717    1.20846428    1.26973814    1.28148316    1.31833170    1.32656322    1.35787755    1.34289594    1.35419879    1.43750984    1.48660560    1.54135801    1.61393057    1.57681510    1.58584348    1.75737877    1.76076356    1.82034575    1.82676799    1.68082466    1.58857831    1.64637859    1.77673005    1.68065134    1.70096068    1.75411239    2.42015802    2.30559516    2.43375605    2.71165676    2.53307410    2.34980580    2.61504637    2.43942760    2.33079837    2.49487222    2.29567984    2.29657739    2.29097160    2.27128194    2.40635948    2.20684903    2.37498766    2.61512289    2.19893203    2.50478945    2.16309978    2.04454676    2.67538625    2.72894010    2.49967375    2.53493667    2.52826745    2.30155154    2.53183469    2.64677541    2.52350756    2.56373917    2.19654275    1.78317304    1.93153916    2.21127747    1.94219105    1.20811872    1.31550649    1.46421898    1.19463419    1.20727464    1.29228435    1.20327757    1.23601183    1.27775462    1.29458466    1.28645638    1.29052162    1.17114918    1.15597118    1.22752208    1.05925067    1.33140141
K8F7Y8_CAEEL/15-315     0.58498387    0.59619585    0.63780367    0.59565344    0.00000000    0.49408283    0.49258826    0.67130820    0.73405197    0.86647126    0.75566916    0.76042483    1.41804469    1.33688125    1.27342198    1.31348714    1.33183093    1.39771771    1.45418150    1.31890882    1.21871257    1.34581175    1.38799849    1.29476281    1.33848874    1.35254853    1.37576693    1.32829471    1.29040528    1.38306477    1.17693349    1.26659407    1.22022028    1.30630007    1.28981194    1.43193586    1.44174919    1.40199962    1.52942334    1.59523525    1.68553238    1.56084051    1.61240984    1.62272802    1.54590404    1.52006764    1.52625354    1.50718383    1.53243415    1.53397525    1.60822201    1.67125392    1.61356660    1.74670913    1.70271176    2.40523977    2.15581912    2.59883668    2.69744043    2.58349215    2.62962659    2.75536735    2.32169387    2.27224804    2.30824195    2.23965838    2.23697046    2.19637260    2.13026398    2.33690267    2.37449746    2.35654447    2.48078665    2.43018450    2.66308219    2.26474216    2.12979775    2.66543883    2.77095028    2.44998820    2.51069070    2.52165798    2.47159815    2.46507721    2.66710337    2.40741526    2.25901191    1.99161741    1.77683221    1.85983186    2.06139414    2.03582066    1.20174945    1.22736295    1.36774879    1.14640154    1.19248630    1.24991449    1.26097915    1.20314571    1.17729448    1.25320009    1.26410932    1.14943696    1.09552463    1.12793988    1.21466558    1.10162866    1.33950571
E3MMB7_CAERE/16-314     0.64912153    0.69761996    0.72767210    0.65370442    0.49408283    0.00000000    0.53747585    0.77696050    0.89474119    0.92438395    0.79441032    0.85228105    1.35766904    1.36925901    1.32105138    1.32901819    1.30314084    1.33088531    1.42981969    1.31111434    1.17007318    1.35437761    1.38102537    1.35708804    1.36306400    1.40456836    1.37584472    1.37087386    1.36364789    1.36877920    1.13723068    1.25403417    1.22130040    1.33878815    1.33197542    1.41412661    1.42944398    1.35994354    1.39886766    1.53485638    1.44050519    1.64158095    1.77270513    1.74956443    1.74968551    1.64946479    1.64922757    1.67373861    1.64960380    1.63520104    1.70476519    1.81319376    1.77560242    1.69065169    1.67936730    2.46622055    2.35097566    2.46004721    2.68578393    2.67351229    2.56233437    2.69580420    2.47210420    2.52626132    2.27032639    2.06037399    2.10546960    2.15293044    2.12398983    2.35154572    2.31577820    2.30278897    2.38235830    2.15258068    2.49541320    2.13266146    2.17715371    2.51926290    2.63653791    2.16227465    2.28304511    2.38289992    2.27188920    2.29465362    2.43154008    2.51677388    2.37990757    2.18836101    1.83607880    1.84630734    1.93607532    2.01361711    1.32690328    1.36220515    1.50288859    1.24462613    1.26630958    1.34984342    1.34224012    1.29900470    1.40244759    1.49062203    1.35319356    1.38070389    1.27385529    1.28342431    1.35337288    1.20165668    1.35552831
B6IFE6_CAEBR/8-322     0.73045992    0.67290017    0.69568086    0.66868152    0.49258826    0.53747585    0.00000000    0.81001437    0.88498498    0.94961766    0.86961635    0.84386307    1.35925794    1.35970696    1.18090450    1.38335330    1.40022816    1.42954641    1.50236648    1.34189388    1.37303707    1.42769826    1.56142456    1.47032450    1.42847871    1.41889316    1.42386870    1.46669483    1.36388173    1.44618547    1.26561375    1.40639006    1.27057732    1.38040210    1.39521688    1.43113454    1.47630953    1.46589723    1.43989579    1.53815416    1.52923567    1.64306152    1.65486386    1.59900244    1.66107213    1.65927034    1.66817471    1.68714736    1.66805343    1.59680868    1.62171730    1.71730501    1.57674312    1.86410598    1.79436120    2.67458368    2.55665422    2.68265732    2.98448014    2.76176235    2.58205467    2.82707909    2.52022990    2.55633638    2.44779602    2.30809799    2.20217147    2.25142652    2.21227493    2.38959449    2.39483581    2.49452785    2.66958807    2.33415085    2.76105850    2.29237847    2.21886444    2.76578710    2.80258666    2.48998065    2.51223028    2.53524459    2.40692904    2.38466552    2.60617171    2.62846168    2.32274859    2.03517336    2.00802556    1.88824054    2.18212088    2.05999074    1.27794201    1.34640522    1.40154742    1.23682030    1.24811805    1.37056850    1.33206699    1.27837392    1.41455352    1.36288133    1.37067834    1.28388663    1.19356494    1.26713787    1.31149060    1.21977791    1.36436842
E3MMB8_CAERE/16-316     0.77144012    0.76549404    0.79504048    0.75422096    0.67130820    0.77696050    0.81001437    0.00000000    0.60984288    0.74383657    0.61589138    0.63842097    1.30002345    1.40892509    1.26385539    1.34526551    1.33824988    1.37832060    1.46684509    1.28311622    1.25037361    1.34102837    1.32604907    1.41063907    1.34800275    1.35097455    1.41305861    1.28251255    1.34884036    1.48380811    1.12024013    1.15464392    1.17149388    1.13034179    1.36952313    1.43046440    1.52934829    1.37683917    1.49045857    1.58805140    1.43310013    1.48873284    1.56582607    1.52603449    1.72052872    1.57288025    1.67183602    1.60930729    1.61077269    1.65943076    1.68784802    1.84192792    1.71755398    1.66776741    1.76616930    2.40909500    2.28797508    2.29288814    2.41900243    2.52202226    2.37693434    2.41330011    2.33972234    2.24285852    2.49586638    2.34003488    2.15110807    2.23190389    2.27497849    2.23490867    2.06601937    2.31625772    2.33359288    2.31493462    2.53500230    2.15336397    2.29907146    2.47847036    2.53480848    2.45867674    2.30189948    2.34097048    2.29579820    2.39497087    2.44665382    2.46898725    2.19504515    2.10789410    1.74095834    1.83139326    2.14737104    2.00984149    1.33029663    1.33033854    1.43153010    1.21750145    1.24549827    1.34867790    1.32888900    1.35514913    1.39342723    1.42741351    1.24730842    1.35495449    1.26644610    1.23564922    1.30689049    1.20151321    1.57749848
O17134_CAEEL/12-312     0.84094616    0.76609962    0.86404743    0.79533548    0.73405197    0.89474119    0.88498498    0.60984288    0.00000000    0.61693900    0.54588301    0.49743153    1.42115838    1.43438252    1.35989296    1.46544810    1.50820292    1.43656834    1.56423728    1.35049003    1.33790504    1.42975923    1.43774746    1.45339192    1.34681038    1.34308844    1.42711647    1.37295209    1.39737176    1.55410408    1.24502625    1.31325810    1.38264967    1.33006560    1.39759628    1.40379800    1.41815408    1.31706439    1.53393216    1.66703871    1.50640939    1.55283030    1.64257362    1.59053461    1.89934849    1.78010623    1.86942191    1.85307267    1.72290523    1.73734870    1.72472617    1.79513460    1.76805704    1.74503132    1.76886028    2.68195750    2.39034108    2.56025504    2.81085611    2.67961063    2.47578283    2.72862177    2.56993948    2.60365003    2.45540666    2.41130922    2.16078998    2.32732612    2.26153912    2.57892721    2.38616848    2.40494735    2.58705650    2.37940209    2.66097773    2.29310345    2.36088969    2.72157692    2.50956054    2.81446952    2.57616237    2.63890754    2.57166610    2.53322859    2.61475325    2.68830071    2.47154489    2.44698466    1.87879283    1.96781392    2.28129034    1.97045762    1.38742880    1.49312754    1.58429755    1.35452182    1.39445036    1.39788343    1.36051795    1.36442054    1.44970738    1.46591224    1.39000374    1.29549353    1.31866498    1.33790656    1.34814248    1.19633292    1.41133904
O45474_CAEEL/14-312     0.87336376    0.92096915    0.93595736    0.91329196    0.86647126    0.92438395    0.94961766    0.74383657    0.61693900    0.00000000    0.34609095    0.56843509    1.38891005    1.43374007    1.37367189    1.45524874    1.39012852    1.47445915    1.51290280    1.38441611    1.37682595    1.38258735    1.46353100    1.48321191    1.42563365    1.41824782    1.36509292    1.43292535    1.47708718    1.50662164    1.21625104    1.30947142    1.33846898    1.35535148    1.41347319    1.35174192    1.43251605    1.30341974    1.49807854    1.63524091    1.54736412    1.54212931    1.58247608    1.54257833    1.81115073    1.76268372    1.82483321    1.83137085    1.67072340    1.70651280    1.75792655    1.86861788    1.76038475    1.84545872    1.82590515    2.82556214    2.42127433    2.72264524    2.77936485    2.70386881    2.54193203    2.54410291    2.61920347    2.68279017    2.50847201    2.36685626    2.26820786    2.31240733    2.34195317    2.34614248    2.38768341    2.63384532    2.68440994    2.30463832    2.70932444    2.20272917    2.20842064    2.58854809    2.60348459    2.50559834    2.49523704    2.48528277    2.44664071    2.56252310    2.75600065    2.52907880    2.46466997    2.30627385    1.94699012    1.99691446    2.22510064    2.03908804    1.38887805    1.44937376    1.51797506    1.31568397    1.28928961    1.44562807    1.38229145    1.42504534    1.51786669    1.48793920    1.35863695    1.38670017    1.32242323    1.33785470    1.42913490    1.23860698    1.54924466
O62050_CAEEL/10-308     0.80961569    0.85483349    0.91061966    0.79988238    0.75566916    0.79441032    0.86961635    0.61589138    0.54588301    0.34609095    0.00000000    0.49284365    1.35764751    1.43157348    1.35379736    1.31949633    1.40555641    1.38133355    1.46221381    1.26599943    1.25951602    1.29414138    1.36771876    1.43358589    1.34239660    1.25785384    1.29730365    1.35012149    1.33620634    1.44004515    1.12894641    1.24489204    1.21258411    1.24628079    1.29534353    1.38903868    1.44015631    1.34136729    1.46345577    1.61567715    1.44439437    1.61319747    1.67010684    1.53409423    1.79651353    1.68913797    1.78461090    1.79788787    1.67136095    1.68802999    1.75120211    1.86112042    1.76840687    1.74869078    1.70881677    2.71351445    2.39151492    2.61078902    2.76725482    2.71407429    2.50722607    2.52277166    2.49040928    2.51741109    2.45203537    2.34235245    2.21681870    2.24306889    2.30354598    2.32272289    2.31878415    2.58310589    2.72020416    2.17313069    2.61296804    2.16760174    2.18251571    2.55858079    2.68290783    2.39811829    2.41980462    2.39737928    2.35775242    2.33153516    2.52645866    2.49079105    2.23477497    2.18707945    1.86809937    1.85983146    2.13487377    2.00540726    1.35902481    1.41562691    1.40745414    1.26750196    1.29649723    1.35949741    1.31330056    1.35554854    1.38774722    1.43788670    1.21876153    1.31636608    1.24862428    1.25025872    1.30774550    1.23339676    1.46143921
O17132_CAEEL/11-310     0.89908806    0.80948888    0.82895392    0.76393085    0.76042483    0.85228105    0.84386307    0.63842097    0.49743153    0.56843509    0.49284365    0.00000000    1.32844558    1.44691139    1.35290700    1.33909284    1.40804686    1.39449153    1.49475012    1.33930793    1.23512460    1.26380467    1.32706481    1.30865641    1.25297882    1.28627145    1.34409127    1.33971532    1.33341386    1.42450351    1.21431395    1.22178819    1.25200031    1.27435703    1.32961408    1.42612741    1.53023777    1.40424631    1.57989339    1.59065123    1.47751302    1.61641794    1.67721502    1.55809055    1.83675412    1.68196960    1.65488642    1.74406905    1.68905924    1.67398291    1.64128984    1.76019327    1.70374781    1.80155640    1.80567407    2.77568002    2.56871864    2.50947384    2.77762503    2.54414193    2.52842165    2.85486189    2.49105622    2.60281385    2.55455025    2.45193910    2.29873221    2.31369080    2.28606802    2.37535526    2.29249139    2.40235554    2.67226177    2.24157114    2.51410780    2.14332121    2.18362519    2.57398441    2.62072817    2.35927032    2.42836814    2.46899830    2.41626575    2.35191165    2.47545050    2.23055136    2.29314674    2.23286614    1.81547296    1.86080675    2.15243410    1.98660610    1.22614671    1.31348779    1.51616872    1.26646909    1.23323364    1.32625501    1.28326574    1.28060051    1.39885606    1.35989363    1.30393313    1.35084616    1.22114286    1.27695602    1.34772608    1.12887486    1.36005873
O18019_CAEEL/10-315     1.23375694    1.32104401    1.29604050    1.31152956    1.41804469    1.35766904    1.35925794    1.30002345    1.42115838    1.38891005    1.35764751    1.32844558    0.00000000    0.44009747    0.44854183    0.76519882    0.78947254    0.82785716    0.91687125    0.83543504    1.16156443    1.15828431    1.16262688    1.24795851    1.20220312    1.19605364    1.16012713    1.20502250    1.21150978    1.18045395    1.10671174    1.15003214    1.21546600    1.17652873    1.31893710    1.55591504    1.54969801    1.54218625    1.52326168    1.68090945    1.55160012    1.74914140    1.75165823    1.74507997    2.00345384    1.83525466    2.08263112    2.07439134    1.86036365    1.87615311    1.96077311    2.08337497    1.93869138    1.87579481    1.94476367    2.50277676    2.34838882    2.36662050    2.62461968    2.40489978    2.27191548    2.45069175    2.42980354    2.60682041    2.21864660    2.18971235    2.25602363    2.26452694    2.16338939    2.38467487    2.30397458    2.36734770    2.31046645    2.30827328    2.54013409    2.28318486    2.25257680    2.54324234    2.50758612    2.49825220    2.44920094    2.52546653    2.43468233    2.53062386    2.88831131    2.73966472    2.32974467    2.35496364    1.56816612    1.99614497    2.45020720    2.15646377    1.24497630    1.27392857    1.41410764    1.27453201    1.26548245    1.38063937    1.41285289    1.41429431    1.47896476    1.47105621    1.38735101    1.30450199    1.25543274    1.31442759    1.27595735    1.34652162    1.46939596
A8WUU4_CAEBR/10-316     1.24270986    1.30160412    1.30560747    1.37654570    1.33688125    1.36925901    1.35970696    1.40892509    1.43438252    1.43374007    1.43157348    1.44691139    0.44009747    0.00000000    0.40105929    0.83180312    0.81169670    0.86794643    0.87574435    0.82834577    1.10059280    1.13532122    1.18569865    1.16425555    1.14451918    1.10382098    1.06538801    1.12532230    1.27227285    1.05159959    1.00774028    1.14646798    1.14811506    1.17203875    1.30306928    1.50778502    1.55329938    1.45283357    1.45864955    1.65285824    1.58126574    1.74148037    1.64947795    1.71350243    2.10862972    1.88797185    1.97251888    2.04120647    1.92423182    1.95546938    1.96637402    2.11489977    1.92592860    1.72193631    1.69399929    2.43700461    2.23383368    2.14884470    2.47725184    2.26457179    2.18043531    2.26222021    2.28352775    2.33043304    2.23415978    2.21935954    2.21710322    2.22877463    2.09536958    2.26699722    2.43032376    2.23283829    2.23404498    2.31919057    2.59964110    2.22191520    2.14867480    2.40929195    2.48261586    2.34164080    2.43585283    2.50510442    2.37506939    2.43621916    2.65448390    2.68230046    2.22748265    2.23301920    1.60259547    1.84398845    2.29825643    2.08104064    1.13110498    1.16754945    1.36608365    1.28745027    1.26444883    1.32393187    1.34728921    1.34821851    1.43409115    1.47517811    1.39183677    1.35415232    1.21926009    1.27692841    1.23764782    1.25101678    1.41032797
E3MMB6_CAERE/10-316     1.24650791    1.30574356    1.21935458    1.34205640    1.27342198    1.32105138    1.18090450    1.26385539    1.35989296    1.37367189    1.35379736    1.35290700    0.44854183    0.40105929    0.00000000    0.77338056    0.78775420    0.79788330    0.79707262    0.78195963    1.08452195    1.11224385    1.16132365    1.11256626    1.09518795    1.09856188    1.04045905    1.11335697    1.15814655    1.06941671    0.97522089    1.06912986    1.03764052    1.14968390    1.32636965    1.48256889    1.46890346    1.41786109    1.44827166    1.57803276    1.52314525    1.71605767    1.55013754    1.61644307    1.79002600    1.74215976    1.76059240    1.81426563    1.71712232    1.74730229    1.84652219    1.93114125    1.88018816    1.84739468    1.79782633    2.30435010    2.20523394    2.19577021    2.37219456    2.31011163    2.22407754    2.22700423    2.20694610    2.23874162    2.12253084    2.16133934    2.12624776    2.20981220    2.08111290    2.15097099    2.51723575    2.36888392    2.17738984    2.25464704    2.56972920    2.20738553    2.26999426    2.61637241    2.42765869    2.27638979    2.38382683    2.38948711    2.32830517    2.41159132    2.61804385    2.68714731    2.25143896    2.11107701    1.59508089    1.84260113    2.15774459    2.08688389    1.19549944    1.24782390    1.29864035    1.33294155    1.28984888    1.38836752    1.41591924    1.37449339    1.43020028    1.46422294    1.40052122    1.34808802    1.27149087    1.31305343    1.32034824    1.27431570    1.44080113
E3MMB4_CAERE/12-331     1.23585799    1.24754804    1.30146461    1.35283211    1.31348714    1.32901819    1.38335330    1.34526551    1.46544810    1.45524874    1.31949633    1.33909284    0.76519882    0.83180312    0.77338056    0.00000000    0.35712699    0.48741410    0.55550777    0.48285639    1.00002887    1.05056275    1.11912993    1.11856049    1.20067002    1.11334587    1.11353163    1.09000648    1.16523933    1.04139750    0.93656280    1.04364526    1.01618151    1.06784300    1.17043413    1.47957483    1.55397260    1.52628457    1.52802807    1.65212198    1.61476971    1.71274372    1.66620369    1.62972332    1.87013016    1.72694235    1.75970197    1.81129659    1.74779121    1.72129816    1.82539995    1.64187888    1.77824183    1.87459642    1.73377230    2.58733392    2.41626788    2.53405478    2.64244778    2.44601396    2.51442467    2.40958685    2.64472693    2.42199295    2.37356945    2.50441305    2.37463530    2.45332562    2.22561482    2.38469150    2.48358236    2.23796976    2.40102096    2.40155712    2.58160620    2.47762078    2.36988229    2.57479499    2.56101631    2.52504848    2.59904936    2.69501241    2.64167034    2.61296970    2.71103318    2.56496852    2.35706110    2.42677139    1.55031839    1.98088607    2.21172644    2.13316919    1.19928318    1.17300840    1.22902489    1.29399358    1.27928351    1.29630392    1.31150065    1.32914902    1.30048655    1.37090758    1.34016893    1.26814639    1.18333939    1.18342148    1.24932697    1.25335469    1.35192389
O62469_CAEEL/10-316     1.28690825    1.21703244    1.27304886    1.35475312    1.33183093    1.30314084    1.40022816    1.33824988    1.50820292    1.39012852    1.40555641    1.40804686    0.78947254    0.81169670    0.78775420    0.35712699    0.00000000    0.50842102    0.55878096    0.54363341    1.00588378    1.08093043    1.05639525    1.14591526    1.17765961    1.04612464    1.01284882    1.02808832    1.15746759    0.99794750    0.89642692    1.01436553    1.01385202    1.04642651    1.26161821    1.45026073    1.49449841    1.39981578    1.46089978    1.58974709    1.50634974    1.79562678    1.58697112    1.70122144    1.87790851    1.66980434    1.79397078    1.81158388    1.72432487    1.75930929    1.84039139    1.77994761    1.86714125    1.80934233    1.68409968    2.46179980    2.33496499    2.41951121    2.34107105    2.27130555    2.37423857    2.33443887    2.45520820    2.35927396    2.37860087    2.40743247    2.36987846    2.27861733    2.21319339    2.34404425    2.51676803    2.33504145    2.33894837    2.47892504    2.70769012    2.45009414    2.47316361    2.54633457    2.52702067    2.55718235    2.58756467    2.60092504    2.57451367    2.66223260    2.69231841    2.44016533    2.28088120    2.37382684    1.64376988    1.88670891    2.13473199    1.98818609    1.13883528    1.12659490    1.20321045    1.27836944    1.33697393    1.25308245    1.27484840    1.29578776    1.32403725    1.35340407    1.34580548    1.26423917    1.17105801    1.14229350    1.22436969    1.20468407    1.43424578
E3MMB5_CAERE/12-318     1.34621457    1.21534043    1.32440955    1.33210594    1.39771771    1.33088531    1.42954641    1.37832060    1.43656834    1.47445915    1.38133355    1.39449153    0.82785716    0.86794643    0.79788330    0.48741410    0.50842102    0.00000000    0.46750943    0.37876865    1.10182800    1.08346124    1.15107820    1.20583390    1.23139349    1.16788110    1.20234782    1.14133056    1.14979535    1.12365257    0.89765954    1.05098481    1.04519966    1.08360488    1.20358981    1.58211357    1.54233852    1.49587658    1.47540360    1.60304582    1.52963914    1.68750167    1.69684487    1.69865197    1.94218673    1.85418897    1.95184143    2.01940622    1.83163766    1.78548520    1.79852489    1.78010439    1.85522744    1.76261025    1.79753828    2.55403042    2.34276982    2.32423645    2.46765756    2.43809252    2.37541289    2.35399259    2.56958849    2.36499327    2.47375122    2.37500148    2.45897874    2.51462196    2.30851050    2.18648339    2.45740747    2.27151284    2.40341028    2.31365103    2.64323100    2.44784098    2.48464337    2.64392101    2.65909134    2.35780916    2.36547054    2.49070083    2.46088162    2.46432403    2.64713773    2.31267557    2.31647002    2.30435425    1.73229519    1.94350360    2.26737230    2.23173809    1.17675886    1.15910784    1.23822932    1.25970208    1.25589583    1.18469064    1.26599799    1.30798164    1.35758227    1.38881842    1.35415626    1.36191894    1.18953679    1.20111564    1.24261077    1.16023271    1.30630816
O18018_CAEEL/13-334     1.40432900    1.32743763    1.34810563    1.39183577    1.45418150    1.42981969    1.50236648    1.46684509    1.56423728    1.51290280    1.46221381    1.49475012    0.91687125    0.87574435    0.79707262    0.55550777    0.55878096    0.46750943    0.00000000    0.24496508    1.19389420    1.15566681    1.18086083    1.25841406    1.28847121    1.14970661    1.24364106    1.13923370    1.33276369    1.12427409    0.98075311    1.08990835    1.14547024    1.09420753    1.22848548    1.55371856    1.54439317    1.49539337    1.54086195    1.72189204    1.71287121    1.81391120    1.75157100    1.79939758    2.00628359    1.93506608    1.98806934    2.01225593    1.92259926    1.99817516    2.04686271    1.85666682    2.01257258    1.82383597    1.74420458    2.67917805    2.50697318    2.40479179    2.62815657    2.34310741    2.42844857    2.55177897    2.60084689    2.33970072    2.44839107    2.52874433    2.48298760    2.41051975    2.32621222    2.29531230    2.61068252    2.45699310    2.56444594    2.41695735    2.66168036    2.56132378    2.49769556    2.62469235    2.86343966    2.46441458    2.50399323    2.55375309    2.55902855    2.65458049    2.63919860    2.60216132    2.37665774    2.38643506    1.75648736    2.00635419    2.45094046    2.36740605    1.17547464    1.19218486    1.24812504    1.35050236    1.28166091    1.31995285    1.32251362    1.36122121    1.40424099    1.37729532    1.39869239    1.35186139    1.25582307    1.28151900    1.25295556    1.18716663    1.44792076
O18020_CAEEL/13-317     1.25689809    1.16588354    1.24730540    1.22784753    1.31890882    1.31111434    1.34189388    1.28311622    1.35049003    1.38441611    1.26599943    1.33930793    0.83543504    0.82834577    0.78195963    0.48285639    0.54363341    0.37876865    0.24496508    0.00000000    1.09377280    1.09276744    1.20069500    1.19408643    1.22740707    1.14025349    1.23136933    1.12179922    1.20241596    1.12505394    0.96531387    1.04849520    1.03842115    1.00836608    1.19673834    1.52407429    1.48769161    1.46068232    1.38793666    1.55582296    1.56996085    1.74712819    1.70394187    1.71945883    1.89268960    1.83357699    1.94380030    1.98997208    1.84561396    1.87178413    1.89712428    1.82841465    1.85629532    1.76226970    1.69038431    2.64076242    2.33578717    2.39922532    2.53760712    2.37007554    2.37938481    2.53969707    2.52744951    2.41074741    2.34451044    2.30900169    2.35195199    2.28866213    2.26433513    2.32823933    2.41128372    2.44066959    2.41686305    2.40299708    2.72212939    2.49991736    2.50314551    2.70819597    2.68924240    2.42043566    2.44407504    2.48549259    2.54152652    2.52746844    2.61400283    2.56559258    2.27645411    2.29010172    1.64754066    1.87317135    2.34054447    2.31898132    1.11071455    1.13316131    1.20814349    1.28288375    1.23066033    1.22041096    1.25331530    1.25657825    1.28595850    1.30674823    1.30844621    1.28466878    1.14743269    1.19702012    1.15261313    1.14685274    1.36246869
E3LIC6_CAERE/6-308     1.17705612    1.27387450    1.19528660    1.30247422    1.21871257    1.17007318    1.37303707    1.25037361    1.33790504    1.37682595    1.25951602    1.23512460    1.16156443    1.10059280    1.08452195    1.00002887    1.00588378    1.10182800    1.19389420    1.09377280    0.00000000    0.59796659    0.60313182    0.70463360    0.68056477    0.54163604    0.63347979    0.66619130    0.71350790    0.68570553    0.53167962    0.74260516    0.70083523    0.72845927    0.81772159    1.38991631    1.43843843    1.32122443    1.44637668    1.52206456    1.43120270    1.64525102    1.69991261    1.59484571    1.82570588    1.80224742    1.78740583    1.90766839    1.62378581    1.74401261    1.87334764    1.86858489    1.89694139    1.79460103    1.72480037    2.40190124    2.21229606    2.25204732    2.41490761    2.32765635    2.24971161    2.45926740    2.41094193    2.27328470    2.26899385    2.33389200    2.20212997    2.27371236    2.14218734    2.10089363    2.32785646    2.31954142    2.28886417    2.22419660    2.38474636    2.12924635    2.04497213    2.22950698    2.31313602    2.23804952    2.13103893    2.32941949    2.19647190    2.29139797    2.20739082    2.69484984    2.02153426    2.12706022    1.90314592    1.73338389    2.13119125    1.89031939    1.21838497    1.23637696    1.27705163    1.17534775    1.21712624    1.28467439    1.24214678    1.28205133    1.39476161    1.43854660    1.25288321    1.27345682    1.19962320    1.20399039    1.20108729    1.09546395    1.44981524
G0NF07_CAEBE/6-305     1.24694757    1.17839549    1.22613819    1.26361323    1.34581175    1.35437761    1.42769826    1.34102837    1.42975923    1.38258735    1.29414138    1.26380467    1.15828431    1.13532122    1.11224385    1.05056275    1.08093043    1.08346124    1.15566681    1.09276744    0.59796659    0.00000000    0.56163908    0.65678389    0.61330511    0.54743699    0.60327455    0.62471718    0.67100025    0.75074819    0.57499988    0.74222552    0.77508106    0.79348205    0.82992093    1.49616935    1.49338624    1.39476168    1.42563558    1.59033193    1.54041886    1.76860288    1.70272298    1.59931960    1.88573048    1.81285422    1.81982417    1.96177319    1.72930338    1.94886603    1.87424130    2.09666951    2.00256129    1.67613613    1.74411955    2.62668598    2.48615012    2.47510903    2.68687087    2.54613470    2.34812246    2.66091029    2.60378327    2.48957950    2.41384051    2.58398316    2.31893694    2.47060204    2.46480060    2.13785899    2.34226794    2.44288001    2.43217585    2.33964763    2.56952883    2.20625360    2.21888622    2.67674283    2.52024031    2.49585102    2.29898197    2.50559334    2.35302350    2.58953505    2.44975873    2.73659088    2.22092951    2.16160485    1.90946278    1.81776046    2.34740160    2.04022260    1.19339475    1.29145433    1.32210902    1.33534697    1.36873039    1.34135315    1.31046132    1.28235380    1.32196119    1.41134249    1.22262843    1.29045011    1.29432006    1.27929899    1.34285525    1.10879781    1.33074240
E3LIC5_CAERE/6-305     1.32431501    1.36972869    1.30068282    1.31677314    1.38799849    1.38102537    1.56142456    1.32604907    1.43774746    1.46353100    1.36771876    1.32706481    1.16262688    1.18569865    1.16132365    1.11912993    1.05639525    1.15107820    1.18086083    1.20069500    0.60313182    0.56163908    0.00000000    0.49864546    0.41227374    0.45434670    0.51131285    0.52167487    0.61986052    0.74429062    0.64144309    0.76983044    0.76920377    0.73443228    0.85541644    1.32497580    1.38516936    1.29812150    1.45391698    1.43373249    1.45478059    1.61335938    1.74083586    1.66036951    1.92266710    1.83906238    1.82360471    1.92597550    1.70606032    1.90370899    1.91018730    1.99684545    1.96127820    1.51995700    1.61813193    2.51787238    2.28409914    2.34064695    2.51542259    2.33518014    2.37947411    2.58192092    2.45544573    2.44916146    2.44485393    2.48258951    2.27791184    2.36183994    2.33764272    2.05872439    2.23207667    2.31303263    2.21397730    2.37324047    2.56559752    2.15288487    2.11767984    2.51794086    2.48322043    2.31974578    2.23426076    2.41958925    2.32980719    2.52303009    2.35907053    2.63237977    2.27311359    2.23754377    1.78290941    1.88993681    2.37408102    2.26637081    1.26982924    1.22898235    1.35431708    1.32730317    1.29968168    1.38780681    1.38363944    1.38649377    1.27124677    1.42298516    1.27171548    1.24743157    1.27244749    1.22272312    1.37561004    1.09658665    1.53130763
A8WYA6_CAEBR/6-305     1.28797152    1.34895233    1.32424636    1.35239595    1.29476281    1.35708804    1.47032450    1.41063907    1.45339192    1.48321191    1.43358589    1.30865641    1.24795851    1.16425555    1.11256626    1.11856049    1.14591526    1.20583390    1.25841406    1.19408643    0.70463360    0.65678389    0.49864546    0.00000000    0.31282001    0.52103312    0.53156882    0.59393224    0.62034250    0.87585167    0.73433972    0.83654428    0.83375423    0.82412456    0.85366786    1.32856340    1.39481910    1.35140055    1.51687544    1.55029599    1.58274196    1.64416312    1.73528556    1.57653285    1.83812358    1.92837591    1.87966647    1.94297333    1.62748829    1.78767904    1.82975427    1.97946769    1.86176329    1.64559936    1.61764894    2.49232109    2.39204530    2.28971978    2.53787617    2.34737341    2.38831572    2.59231258    2.41259958    2.31524634    2.41102697    2.37107879    2.33054076    2.38050337    2.39078318    2.17488827    2.40456192    2.25014896    2.16947913    2.30474129    2.74721556    2.11518883    2.23605812    2.57577153    2.52035264    2.39295921    2.32394991    2.49087394    2.39050148    2.57818935    2.49407223    2.66998205    2.31337338    2.36677266    1.90788305    2.04786879    2.16796137    2.37115952    1.19262577    1.28563674    1.41186577    1.38937612    1.42516059    1.37953223    1.37995448    1.38777521    1.35047019    1.46885366    1.34142479    1.33184425    1.31288131    1.26274924    1.42617602    1.18213303    1.43038662
E3LIC8_CAERE/6-305     1.29761192    1.33188217    1.32197079    1.33663082    1.33848874    1.36306400    1.42847871    1.34800275    1.34681038    1.42563365    1.34239660    1.25297882    1.20220312    1.14451918    1.09518795    1.20067002    1.17765961    1.23139349    1.28847121    1.22740707    0.68056477    0.61330511    0.41227374    0.31282001    0.00000000    0.45531811    0.48322668    0.50688441    0.61526835    0.83747778    0.69720930    0.83271318    0.83661089    0.85565897    0.85300204    1.28861829    1.40063090    1.30237332    1.35376956    1.45142048    1.49138447    1.77373125    1.81476425    1.64305361    1.93008947    1.95645386    1.84812092    1.97870682    1.69004401    1.93412587    1.85491728    2.02731831    1.96617865    1.66723101    1.66221674    2.61296983    2.46564645    2.34465158    2.57301893    2.44608700    2.38629935    2.61141736    2.31895697    2.52944933    2.58005038    2.61131823    2.45467544    2.51681466    2.46864513    2.11899247    2.41638792    2.39651827    2.39894856    2.41153237    2.83247238    2.35659639    2.37504761    2.58123007    2.42094629    2.34108305    2.43875739    2.52129836    2.39461499    2.67891975    2.49192586    2.68208165    2.31528625    2.29249875    1.81348018    1.96077151    2.42706495    2.32842849    1.31807594    1.30697503    1.43927553    1.43497243    1.42467540    1.41960801    1.38495824    1.43349269    1.32732430    1.46770474    1.35294348    1.33028897    1.38419872    1.33804059    1.37995758    1.18774378    1.51088892
