9
G1TEZ6_RABIT/1-69     0.00000000    0.49265977    0.89602540    0.82508328    0.54551512    0.65195949    0.75588470    0.55577210    0.64914126
H0Y260_OTOGA/1-69     0.49265977    0.00000000    0.84737823    0.75215303    0.51982570    0.58889033    0.57446046    0.53078158    0.50720476
G3IIK8_CRIGR/1-68     0.89602540    0.84737823    0.00000000    0.58651599    0.85460145    0.81544944    0.95727157    0.85679410    1.08701051
INVO_MOUSE/1-67     0.82508328    0.75215303    0.58651599    0.00000000    0.87083139    0.84788516    0.85577705    0.80135670    0.93563204
F1SFT4_PIG/2-70     0.54551512    0.51982570    0.85460145    0.87083139    0.00000000    0.29669635    0.30348259    0.30595517    0.48832199
M3XBH0_FELCA/1-69     0.65195949    0.58889033    0.81544944    0.84788516    0.29669635    0.00000000    0.26491821    0.42004842    0.58948849
INVO_CANLF/1-69     0.75588470    0.57446046    0.95727157    0.85577705    0.30348259    0.26491821    0.00000000    0.40678250    0.53291717
G3U2M2_LOXAF/1-69     0.55577210    0.53078158    0.85679410    0.80135670    0.30595517    0.42004842    0.40678250    0.00000000    0.46749201
L5JWK0_PTEAL/1-69     0.64914126    0.50720476    1.08701051    0.93563204    0.48832199    0.58948849    0.53291717    0.46749201    0.00000000

