151
S3D0Q8_OPHP1/14-400     0.00000000    0.30899172    0.53665533    0.58219417    0.53545261    0.67082872    0.70662296    0.53643763    0.60549340    0.58621280    0.78343832    0.76431695    0.79085041    0.75128251    0.79232913    0.80045234    0.78535745    0.75500623    0.76369375    0.83388159    0.78365958    0.70724574    0.70671383    0.71844127    1.03746081    1.18128989    1.12562601    1.02264179    1.21396402    1.30026469    1.24549559    1.27913217    1.30502727    1.51731558    1.46380350    1.24752163    1.19423120    1.20951950    1.32802295    1.16101982    1.24492798    1.41385836    1.28691536    1.34015006    1.40805408    1.23709999    1.21062494    1.35388013    2.36727432    2.55765016    2.33551148    2.33218595    2.22536822    2.33864854    2.26045620    2.30895045    2.38164414    2.21372218    2.40444558    2.09676917    2.15466506    2.15100478    2.33650115    2.34602333    2.31308834    2.37294091    2.22940763    2.42231001    2.28949892    2.32134550    2.32709251    2.31298153    2.53737191    2.53896809    2.44635827    2.56165493    2.65987936    2.68489715    2.61093263    2.51361878    2.66315894    2.68436575    2.61201719    2.57763880    2.56645341    2.51440857    2.66414186    2.78219322    2.44987925    2.22985930    2.27655925    2.52498649    2.53159817    2.18678387    2.12010977    2.32263172    2.10563920    2.02353111    1.85540085    1.95267229    2.02201261    1.98795609    1.79025649    1.88740519    1.85469624    1.97204078    2.12538542    2.02063860    2.02826227    1.92721172    1.85591598    2.01195887    1.83742982    2.12524144    2.12726078    2.39961452    2.33509274    2.24422911    2.42665242    2.40856711    2.51790831    2.08498099    2.07495620    2.17125958    2.09493662    1.78152750    1.54784785    1.30681583    1.36718342    1.26840271    1.29088491    1.35509659    1.40697810    1.16475388    1.26899662    0.94530604    0.92662128    0.90760070    0.91201102    0.86838429    0.84424591    1.06062550    1.05610671    1.02424640    0.91368069    0.89501211    0.92819115    0.92128440    0.97144265    1.02063678    0.87424191
U7PW17_SPOS1/14-409     0.30899172    0.00000000    0.56543482    0.62242360    0.57405353    0.63438637    0.70185338    0.53356378    0.61250680    0.59484674    0.80360859    0.74980805    0.80202267    0.75004086    0.81929703    0.78730810    0.73505095    0.75557498    0.77630174    0.80704515    0.77466517    0.74012279    0.70073861    0.74814466    1.12405201    1.17545422    1.10237266    1.07263752    1.19435624    1.33072725    1.29809157    1.30557837    1.30814985    1.54401302    1.55909038    1.26597214    1.25151357    1.21278121    1.23483231    1.18111888    1.29032099    1.32310910    1.24830497    1.22907789    1.31873138    1.17439933    1.18782060    1.32214762    2.49282720    2.57939455    2.48276016    2.50251593    2.22338408    2.33844909    2.15310877    2.31883829    2.32159420    2.14925552    2.56170252    2.08653539    2.31533093    2.40999346    2.39270147    2.37555384    2.26667692    2.29210394    2.30074861    2.40092872    2.31964535    2.27777766    2.43507699    2.37097021    2.51635594    2.42132868    2.46313685    2.49535868    2.60020538    2.67663496    2.59350266    2.46423458    2.49046443    2.66223316    2.56460537    2.59347047    2.48502527    2.40280597    2.58953051    2.61093880    2.44834615    2.22143515    2.22726212    2.46426310    2.48554402    2.19286288    2.15899271    2.12671308    2.14776301    2.04116253    1.88710604    1.87148538    2.02094490    1.99626427    1.79224198    1.95422486    1.92908449    2.01033410    2.13560859    2.12061047    2.00771764    1.93322167    1.93171818    2.04453575    1.85802236    2.11839548    2.09527138    2.47701564    2.42699672    2.52461051    2.56328908    2.63073345    2.62075598    2.22293754    2.19807681    2.19964266    2.21978193    1.87361522    1.50323227    1.32912586    1.33746013    1.37442800    1.24265763    1.28650978    1.41116360    1.14803749    1.33881110    1.02338300    0.95364328    0.91388438    0.91314348    0.92090728    0.86777691    1.00429525    1.05222372    1.02663011    0.89523830    0.93136630    0.96984680    0.92828330    0.92064442    0.98254039    0.88243366
Q5B638_EMENI/14-403     0.53665533    0.56543482    0.00000000    0.41559125    0.52917231    0.70728269    0.72927036    0.62502498    0.65967246    0.60037496    0.72314840    0.69573287    0.77799518    0.70566402    0.76539621    0.72495011    0.74591146    0.70083031    0.74867060    0.79733500    0.73613166    0.75640864    0.70844487    0.74851811    1.00756202    1.22819688    1.15663800    1.07023242    1.32566366    1.40721176    1.33587647    1.36192823    1.42463554    1.48263058    1.50623992    1.18322506    1.24695665    1.27857822    1.33555754    1.17385852    1.21192742    1.37938750    1.29146911    1.30975350    1.36189071    1.27142679    1.22341257    1.38491294    2.63343010    2.59806343    2.56468882    2.70595892    2.48624382    2.60885031    2.44319904    2.46982371    2.54086169    2.47040018    2.60863621    2.39599737    2.44110051    2.44183854    2.65393625    2.42234391    2.31667058    2.38635208    2.53024819    2.38656086    2.40800999    2.59371784    2.60024912    2.44191776    2.62329454    2.55345384    2.52349882    2.62147420    2.80054384    2.92573509    2.65739936    2.43795384    2.54935530    2.73910597    2.51680343    2.58475335    2.62682437    2.48391240    2.73989650    2.63495741    2.63368360    2.52780975    2.50013407    2.75722625    2.82271619    2.42094885    1.99280876    2.20872245    2.13332289    2.08738183    1.90494662    2.04866779    2.09032383    2.00540437    1.83373943    1.92699837    1.97263861    1.88348346    2.25950781    2.17557273    2.10849668    2.04478917    1.99664282    2.05365901    1.80163068    2.09178707    2.10762287    2.42788199    2.52428018    2.41351192    2.53114037    2.62851486    2.56379234    2.12489659    2.12245154    2.20495652    2.08564156    1.80953830    1.54309786    1.41104798    1.34291661    1.40213607    1.29747640    1.38560751    1.40428663    1.19289574    1.35827315    0.98018610    1.03685779    0.99597144    1.00446149    0.91924509    0.90390157    0.94431556    0.98330666    0.97166562    0.88555902    0.91861719    0.94008938    0.91934690    0.92911849    0.98146492    0.86455542
Q4WGH8_ASPFU/14-403     0.58219417    0.62242360    0.41559125    0.00000000    0.52381694    0.64454228    0.73093701    0.63581235    0.67492867    0.62084239    0.75191325    0.69113330    0.76451270    0.64101963    0.70575560    0.76408989    0.74909118    0.70875001    0.67749149    0.79764322    0.74595274    0.73076901    0.71215328    0.73952394    1.02172585    1.28177350    1.17957365    1.11566258    1.31600240    1.42114814    1.34845855    1.39549528    1.47487802    1.58025924    1.54789594    1.24244067    1.26756750    1.38875128    1.36971904    1.22449090    1.20981572    1.35330841    1.39437695    1.37114814    1.50131674    1.31495706    1.23028630    1.32857991    2.62280813    2.66377035    2.60286145    2.60634605    2.50290403    2.55009479    2.40828214    2.42551302    2.51487181    2.26239486    2.74248182    2.34226115    2.37647051    2.46406129    2.61287324    2.40463269    2.27416933    2.46483131    2.49638226    2.62743952    2.42548118    2.57764674    2.64387646    2.49954789    2.63493302    2.59195034    2.48303111    2.58735187    2.65710649    2.85172261    2.59965233    2.40168527    2.62218600    2.60072255    2.38096492    2.37585891    2.43422044    2.44409193    2.65093988    2.66786901    2.56589520    2.49639322    2.43829998    2.69486347    2.68226768    2.39800479    2.16028545    2.19998783    2.25795016    2.15652010    1.94517073    2.07932037    2.08289948    2.01658842    1.79695564    1.91558251    1.95563531    2.00043761    2.22669786    2.17257246    2.28593032    1.98900609    2.03137096    2.15135320    1.83600031    1.99301098    2.07327352    2.39638930    2.44817012    2.36948732    2.57127604    2.51576251    2.51632328    2.04056874    2.09263859    2.12300150    2.01417853    1.76878082    1.53285381    1.45698320    1.39544621    1.37583131    1.27476363    1.45272554    1.45302093    1.27323995    1.34145256    1.02050560    1.05419182    1.00692198    1.02777206    0.97806320    0.97507990    1.06126260    0.99897315    1.08078221    0.93598515    0.97876051    1.02002029    0.97006271    1.02890948    1.06995429    0.93594835
S8APU7_PENO1/14-409     0.53545261    0.57405353    0.52917231    0.52381694    0.00000000    0.67112058    0.66728543    0.47443097    0.55793593    0.58316697    0.72711500    0.74494595    0.77069729    0.75957241    0.77342704    0.78519940    0.76119182    0.72909240    0.72328692    0.86095639    0.78328733    0.74542691    0.74486714    0.72030465    0.98572158    1.23358190    1.15058471    1.08391899    1.22043966    1.38180925    1.31773220    1.28447942    1.36796037    1.50700641    1.46654862    1.22754194    1.28837752    1.27085738    1.29526173    1.13614432    1.23235983    1.42238269    1.25548387    1.29085892    1.35720858    1.20729907    1.25781995    1.32188355    2.40221814    2.55961449    2.50612069    2.40160417    2.34238495    2.21948222    2.27034139    2.23643385    2.25651465    2.18548548    2.46153419    2.18446627    2.28674997    2.18238490    2.31620972    2.20593461    2.24034349    2.34669567    2.16508987    2.33793873    2.22449810    2.40092606    2.36070092    2.23380782    2.39054100    2.38073001    2.35439075    2.54114803    2.68669286    2.56205733    2.51916685    2.32630259    2.48727485    2.50804291    2.37972641    2.35699015    2.32982309    2.42453129    2.40426904    2.41457987    2.52027347    2.29680371    2.26333211    2.57482496    2.53755877    2.14082345    2.07372006    2.30275040    2.15631855    2.18567945    2.01589153    2.11532753    2.17222126    2.14159600    1.78602372    1.86382357    2.03919161    1.96160596    2.19242898    2.12740068    2.08659187    2.02750324    1.99778622    2.01152044    1.94548543    2.10835238    2.09057713    2.48757874    2.53566661    2.46511067    2.64601839    2.49881640    2.61022523    2.12244098    2.07578663    2.20683676    2.17503776    1.69678138    1.52081531    1.41442274    1.30225042    1.30731059    1.26785433    1.40840087    1.41841750    1.15135779    1.24637901    0.97104052    0.94642713    0.97590435    0.96187325    0.87562765    0.93243993    0.97811927    1.05129784    1.05511272    0.85339338    0.97675583    0.99099836    0.93484847    0.99200717    1.06640347    0.87554725
C7Z3K4_FUSV7/14-395     0.67082872    0.63438637    0.70728269    0.64454228    0.67112058    0.00000000    0.46594354    0.60800524    0.59176364    0.63901356    0.79612869    0.78117509    0.88883184    0.78057338    0.74393856    0.85413905    0.76528754    0.76305663    0.80374028    0.86936180    0.79352056    0.76248255    0.78589237    0.78490765    1.09032926    1.37076979    1.23086229    1.19668309    1.38211892    1.46119158    1.44166554    1.40131045    1.45315400    1.59930384    1.60078142    1.35437439    1.36958539    1.32377928    1.39713048    1.22847604    1.38592188    1.43546371    1.48998877    1.46105257    1.43647108    1.26442405    1.34192807    1.32010674    2.44748103    2.50153134    2.37405045    2.54777030    2.49006550    2.47989734    2.21442689    2.27532018    2.49398004    2.25407388    2.63990623    2.35029572    2.35008040    2.41277973    2.56110104    2.58545239    2.42723475    2.33738548    2.53602031    2.72021229    2.79788652    2.45588239    2.47556660    2.37319025    2.54085663    2.50828086    2.57680656    2.44468012    2.70447219    2.72488135    2.59303863    2.41181219    2.53375099    2.52900252    2.52381804    2.52271748    2.53978090    2.48207476    2.56826912    2.68626520    2.47060106    2.30632163    2.36971701    2.51245339    2.73455003    2.41298814    2.03335051    2.15056279    2.16606317    2.10749944    1.95682690    2.12547285    2.14060926    2.02464280    1.88555434    1.91899786    1.96476739    1.97127879    2.30910132    2.09966119    2.09104602    1.96682964    1.98153353    2.03771284    1.88511945    2.24518083    2.11887812    2.54044399    2.48088186    2.59148726    2.57446148    2.58399936    2.61565734    2.11259704    2.14997407    2.15642622    2.14053155    1.79572541    1.52220363    1.41305914    1.40160875    1.40936316    1.41991116    1.59098632    1.52234514    1.25573045    1.41891182    0.96000634    1.00819167    0.94498436    0.96024728    0.92074084    0.91412161    1.03840873    1.10738245    1.10712116    0.93363872    1.04354751    0.99564210    0.96430268    1.05177184    1.15867884    0.90651270
L2FT49_COLFN/14-395     0.70662296    0.70185338    0.72927036    0.73093701    0.66728543    0.46594354    0.00000000    0.65509056    0.62047188    0.61451321    0.80363737    0.73149701    0.88711158    0.79681170    0.79320226    0.85540538    0.81005112    0.78217831    0.79060756    0.81949895    0.73576509    0.78489351    0.81249103    0.77742703    1.14716679    1.35565761    1.20173879    1.17785727    1.43740075    1.44504348    1.36366532    1.39751180    1.38906237    1.60028813    1.56610918    1.28801464    1.33010483    1.32437453    1.37843020    1.21228748    1.33073358    1.41538877    1.41041693    1.39102758    1.45316476    1.27961939    1.29014115    1.31241558    2.47663985    2.58066028    2.39413781    2.66564061    2.50620470    2.35763086    2.32999542    2.34869765    2.39805885    2.28252000    2.49582820    2.26748292    2.42380101    2.51699205    2.63217673    2.44965646    2.27548422    2.37881377    2.46215572    2.45344346    2.56458498    2.46615417    2.60509063    2.49430097    2.52125761    2.47967126    2.44669606    2.54319155    2.66266342    2.73778586    2.60263615    2.54966363    2.64994107    2.58465849    2.58797422    2.62013205    2.56866634    2.55858573    2.65572564    2.72545353    2.49762635    2.42507410    2.31654195    2.62237420    2.68947203    2.41354519    1.99261217    2.20503781    2.15190908    2.06638076    1.94242494    2.07552706    2.12960170    2.09047179    1.81247486    1.90317177    1.96343126    1.96626016    2.28617631    2.13672596    2.09745413    2.06581429    1.97023428    2.13676960    1.90283142    2.12660327    2.15559745    2.63830372    2.51953527    2.51379180    2.61358932    2.67067336    2.64161564    2.22678695    2.21174576    2.25404621    2.25434594    1.72385497    1.59978670    1.36467816    1.35441432    1.49094015    1.51655455    1.55681650    1.51027571    1.27508782    1.40406024    1.02149309    1.06255188    1.01570927    0.99045380    0.94071503    0.95869762    1.05073693    1.09735084    1.09961476    0.94387653    0.99341785    0.96973023    0.91696037    0.98646212    1.04824513    0.88984796
C9SVN8_VERA1/14-401     0.53643763    0.53356378    0.62502498    0.63581235    0.47443097    0.60800524    0.65509056    0.00000000    0.46464801    0.45019653    0.76041509    0.75706345    0.86115720    0.73752557    0.77339544    0.75418895    0.76781268    0.68208907    0.71531666    0.81110659    0.75272928    0.74112208    0.65951015    0.70381319    1.02723085    1.19842545    1.10936784    1.04881528    1.26703028    1.36542255    1.33675351    1.26327277    1.35948378    1.47467543    1.41871037    1.24822581    1.20678696    1.21212452    1.26255870    1.12327698    1.21837852    1.34863944    1.21820298    1.25694020    1.28292949    1.16980116    1.20900021    1.26748123    2.37874102    2.60618059    2.40885125    2.50040883    2.43208842    2.34630700    2.29631507    2.32372656    2.31145853    2.26613958    2.52031633    2.24504425    2.32118255    2.33840038    2.56897725    2.35659112    2.29665565    2.30458063    2.38558403    2.52603762    2.46040456    2.53100606    2.40161709    2.44166259    2.49466845    2.38504241    2.61345880    2.49928441    2.68841435    2.70238653    2.69189090    2.44527637    2.52395500    2.48312681    2.52444901    2.55735100    2.38733783    2.39445508    2.55694806    2.72052789    2.60683688    2.27171742    2.32160605    2.44327081    2.62065984    2.26415665    2.05924718    2.22353425    2.17429838    2.14654595    1.87976382    1.88432655    1.87118912    2.11012429    1.84984205    1.92159566    1.93588652    1.93305280    2.17285417    2.15762074    2.05841068    2.06953169    1.95878056    2.12364603    1.90122433    2.15329016    2.04857903    2.60203496    2.50863240    2.50084047    2.63751091    2.57614686    2.64876924    2.02258710    2.12382411    2.14467788    2.18333479    1.75816267    1.47781714    1.22119381    1.27015917    1.23625706    1.25044152    1.37958802    1.35226274    1.18890748    1.32639833    0.94977566    0.99112480    0.93359524    0.90495947    0.87126159    0.87402507    0.96717605    1.05709068    0.99093723    0.85510626    0.95719705    0.96020833    0.92813679    0.89526957    0.95247765    0.84490810
S0E4N2_GIBF5/14-403     0.60549340    0.61250680    0.65967246    0.67492867    0.55793593    0.59176364    0.62047188    0.46464801    0.00000000    0.34025953    0.77503482    0.69648985    0.85425291    0.79516037    0.81215516    0.86623591    0.82181298    0.75885558    0.78188503    0.87994960    0.77726184    0.76224489    0.75166264    0.77551943    0.99816101    1.21186406    1.17420254    1.08329831    1.21770936    1.39978769    1.34041761    1.26445886    1.32751485    1.34056765    1.44722052    1.29809312    1.23602456    1.21206617    1.34147555    1.18860323    1.26675668    1.32921901    1.27525644    1.24973944    1.34071924    1.22722900    1.15948560    1.22728125    2.31272440    2.36988190    2.27444773    2.42487902    2.27940302    2.09156192    2.12080657    2.13665003    2.17166595    2.18691526    2.41778492    2.11360034    2.24229995    2.29942351    2.43308417    2.22649244    2.31260504    2.11450031    2.38490984    2.33450439    2.22268599    2.37595905    2.33004246    2.31746608    2.36237859    2.30584781    2.29220453    2.37772172    2.43496386    2.45010155    2.36658635    2.21200555    2.43191626    2.51683794    2.24781030    2.30520562    2.31181199    2.33378864    2.39620228    2.43829982    2.42569353    2.13496742    2.13628022    2.33831069    2.54129881    2.20151745    2.13040932    2.31392712    2.18849019    2.07984830    1.93227523    2.03801118    2.05470034    2.17293066    1.86675392    1.99904016    1.96470438    1.92608345    2.28399874    2.18998497    2.11853340    2.01078834    1.93682337    2.04410943    1.94824949    2.09339971    2.04632778    2.48132726    2.41244129    2.38083989    2.51184029    2.37997737    2.45100627    2.15093047    2.21906869    2.22349327    2.15072367    1.76721472    1.52225156    1.28581682    1.27117497    1.22125092    1.30090527    1.44678154    1.27012243    1.13301884    1.24480749    0.90878440    0.99473597    0.90861927    0.91977652    0.85393242    0.85795365    0.96465719    0.97896880    0.93686982    0.89506056    0.89376442    0.93093398    0.85058429    0.96574744    1.02174085    0.87186801
C7ZHC6_FUSV7/14-389     0.58621280    0.59484674    0.60037496    0.62084239    0.58316697    0.63901356    0.61451321    0.45019653    0.34025953    0.00000000    0.77150084    0.70861053    0.89042433    0.78133877    0.79683651    0.81939845    0.84676116    0.76731105    0.76649134    0.90832612    0.78607290    0.71697747    0.61085557    0.68791633    0.91140683    1.18981436    1.12049040    1.07450732    1.23125050    1.36994905    1.27839917    1.25199605    1.28397622    1.36493427    1.47305802    1.25496525    1.24367818    1.23906013    1.36242997    1.18564535    1.21406195    1.38465340    1.26491211    1.23548425    1.30883744    1.12949618    1.10394564    1.15809860    2.44406837    2.40991442    2.39407328    2.57753031    2.40768812    2.37062162    2.24734327    2.23952296    2.29169339    2.35141742    2.49427837    2.23545596    2.40415327    2.49071332    2.56385023    2.36087059    2.26803180    2.32153296    2.53642972    2.53963570    2.46730304    2.48852596    2.43426301    2.49941085    2.46968452    2.50348146    2.33906204    2.36720564    2.43931013    2.53697338    2.40093822    2.30096486    2.39748445    2.51541317    2.33646325    2.36663862    2.39465299    2.35767119    2.58566016    2.60373911    2.46671967    2.19902472    2.29933551    2.42515708    2.67116095    2.24812135    2.01024223    2.24229419    2.18903497    2.11138552    2.01637260    2.04616211    2.10262530    2.18989756    1.84247611    1.98041098    2.02674560    1.86039872    2.18154802    2.07968956    2.05659650    2.03017498    1.98884814    1.92866200    1.96461980    2.10407774    2.17539131    2.51191629    2.45505347    2.40340318    2.51471965    2.45301648    2.44899502    2.10906904    2.05739013    2.08708562    2.19515263    1.74434194    1.49843750    1.24593435    1.27698998    1.24226241    1.37786108    1.37523562    1.35519868    1.11182303    1.25185496    0.95269109    0.91606138    0.82319526    0.86271010    0.84899343    0.84666052    0.93662978    0.98709946    0.95568589    0.86750268    0.85860046    0.93220404    0.85820042    0.89310224    0.98345293    0.85749464
J5JNN3_BEAB2/14-396     0.78343832    0.80360859    0.72314840    0.75191325    0.72711500    0.79612869    0.80363737    0.76041509    0.77503482    0.77150084    0.00000000    0.64103517    0.79159982    0.79936080    0.83419156    0.90150029    0.81383271    0.83920523    0.84814985    0.86856436    0.81217583    0.83513649    0.73541050    0.75462563    1.05032505    1.15391458    1.14464499    1.10473413    1.26128743    1.38111099    1.27440850    1.24770456    1.32956659    1.50634273    1.44153529    1.20938931    1.26666171    1.30519585    1.30538457    1.18374866    1.23861728    1.33619510    1.26607260    1.35752324    1.44011428    1.14255493    1.15223633    1.24789356    2.50835679    2.56562629    2.48626651    2.63364974    2.59237694    2.56363663    2.42365886    2.42580506    2.70291004    2.68149829    2.85030387    2.46396694    2.52797434    2.51026445    2.68846406    2.67201404    2.49103186    2.75866763    2.57574567    2.49893860    2.48583452    2.43372451    2.69194962    2.72065826    2.71622417    2.69214658    2.57694619    2.71259745    2.71754091    2.85357045    2.64713953    2.47302521    2.68170248    2.63562203    2.48985621    2.42887117    2.58503676    2.65259225    2.67289104    2.65164758    2.59921243    2.40494806    2.42587740    2.54326943    2.69275252    2.40427489    2.09912736    2.32447338    2.26089556    2.06534908    1.95232327    2.05659714    1.99538237    2.13238745    1.73741794    1.86166964    1.80173249    1.84912242    2.27412022    2.12294882    2.07263371    2.08060809    2.10498804    2.09860428    1.84434446    2.02843406    2.05127872    2.40074576    2.44122085    2.33297408    2.44948580    2.44479612    2.46539736    2.18915706    2.26614121    2.16110345    2.18425578    1.72228312    1.54072711    1.39741685    1.37216982    1.37490954    1.35800936    1.30929329    1.39023104    1.17196719    1.41923732    0.99483291    0.96022830    1.00563003    0.97969912    0.92503168    0.91050346    0.97948129    1.06996621    1.04165147    1.02028717    1.00954726    0.93115757    0.92377863    0.94374066    1.01779770    0.88174787
B8MWW8_ASPFN/14-386     0.76431695    0.74980805    0.69573287    0.69113330    0.74494595    0.78117509    0.73149701    0.75706345    0.69648985    0.70861053    0.64103517    0.00000000    0.70804539    0.76486842    0.76756919    0.86734448    0.79012038    0.75401664    0.80136466    0.79951314    0.83072495    0.74067075    0.78525700    0.80248412    1.17883811    1.20235825    1.17365201    1.05877974    1.29193259    1.39214287    1.28000534    1.25942097    1.32253686    1.38592172    1.43627917    1.16854645    1.18895851    1.23259324    1.26339780    1.09460910    1.17471000    1.31419089    1.27492103    1.18893226    1.28042328    1.25948455    1.15585429    1.18824281    2.75732201    2.80601635    2.65433174    2.92550171    2.66544468    2.63019220    2.64218242    2.56392848    2.68261241    2.56885472    2.85005391    2.65976138    2.64939571    2.64799322    2.73313883    2.64519975    2.50608078    2.65391631    2.62036261    2.66944335    2.57077601    2.82462124    2.74428739    2.56210979    2.71239345    2.75203045    2.72118861    2.62841410    2.79946038    2.83737388    2.64350757    2.66038213    2.86698536    2.84651985    2.57427833    2.66965948    2.73359653    2.73359931    2.74962414    2.87654169    2.64566530    2.46939943    2.44875962    2.77536120    2.91917439    2.56807471    2.13673921    2.15383170    2.16551666    1.96283108    2.01125688    2.05563747    2.01637982    2.08954893    1.76069821    1.88517601    1.85689917    1.90449806    2.15174717    2.01001938    1.95940430    2.01850998    1.98955795    2.01571144    1.91005589    2.02841873    2.10103525    2.46877796    2.37166979    2.43404029    2.49720095    2.49397653    2.63859732    2.04723662    2.09882850    2.10222129    2.17613563    1.67589817    1.55538285    1.36413860    1.35498749    1.36308720    1.31834235    1.49622780    1.33897054    1.16761294    1.29746310    1.05914870    0.96975085    1.01537875    1.00424898    0.96071516    0.98441074    1.06473044    1.13250982    1.08534778    1.01924197    0.99018253    0.99596521    0.98325804    1.02931485    1.11935175    0.95007676
G2WUZ5_VERDV/14-370     0.79085041    0.80202267    0.77799518    0.76451270    0.77069729    0.88883184    0.88711158    0.86115720    0.85425291    0.89042433    0.79159982    0.70804539    0.00000000    0.64169421    0.65985634    0.71724721    0.62350878    0.63012173    0.64936629    0.70534173    0.70875424    0.86989691    0.88265694    0.83378155    1.20320227    1.25159718    1.20919736    1.18729121    1.42139192    1.31763981    1.24688423    1.25779128    1.27702134    1.51526876    1.46871435    1.27479183    1.30643303    1.23520602    1.21651036    1.26257503    1.25990346    1.31029652    1.32529228    1.28381355    1.43637565    1.31536538    1.30797032    1.28583767    2.64633129    2.68020641    2.39803371    2.56822804    2.59489496    2.44172485    2.48356223    2.55192131    2.74191196    2.37580770    2.84933737    2.41283008    2.51334809    2.41817599    2.61050740    2.45780836    2.25206628    2.49502469    2.39496195    2.36495217    2.37918100    2.53951417    2.63242870    2.42027187    2.47595201    2.68821451    2.49093283    2.64101546    2.77494429    2.84941260    2.74025154    2.61935572    2.80061740    2.80187922    2.51150558    2.55948752    2.56528739    2.51436922    2.51936221    2.60816039    2.52192663    2.42107922    2.36351053    2.67066591    2.87546393    2.45808881    2.22445182    2.14619018    2.12668009    1.90640711    1.99842038    2.31039463    2.24174729    2.22554762    1.82308741    1.94257215    1.98477103    1.98536967    2.19871639    2.19189936    2.07401110    2.15325233    2.12462455    2.02264173    1.84003400    2.03445878    2.08105042    2.41350843    2.34087757    2.48042429    2.46815486    2.34605080    2.47468972    2.17725892    2.24092114    2.19674171    2.26963772    1.68413516    1.51649134    1.45836751    1.40498960    1.45008545    1.42967880    1.44403934    1.25964851    1.14414297    1.29377923    1.03879908    1.06752404    0.97895946    1.03634797    1.04588889    0.96795560    1.10597794    1.22509426    1.16874342    1.02928222    1.05462583    1.02142377    1.00096352    1.10301295    1.17826502    0.98344752
C7YVJ6_FUSV7/14-371     0.75128251    0.75004086    0.70566402    0.64101963    0.75957241    0.78057338    0.79681170    0.73752557    0.79516037    0.78133877    0.79936080    0.76486842    0.64169421    0.00000000    0.36705814    0.58485646    0.48011008    0.45893012    0.51121549    0.57952863    0.56612757    0.71414547    0.76892712    0.76974511    1.06855628    1.25709480    1.13548711    1.09577840    1.32375580    1.31134322    1.15404218    1.19956036    1.26281238    1.44859082    1.43013470    1.23211922    1.25979241    1.25501828    1.22327452    1.26024010    1.29958712    1.40080589    1.25137453    1.22356766    1.40033647    1.16258651    1.15837178    1.19260610    2.53707497    2.78297275    2.65066827    2.64170260    2.55431857    2.42233322    2.39574118    2.58876856    2.57952446    2.36976697    2.82969716    2.44430124    2.31574919    2.29029744    2.59907350    2.45768619    2.26336686    2.46759371    2.48487638    2.54083466    2.38889235    2.65726910    2.47061398    2.47699473    2.55752398    2.50221403    2.41101782    2.64928896    2.67910643    2.76668028    2.62691070    2.45928817    2.57909177    2.52594474    2.40332270    2.37738682    2.51174686    2.51473996    2.67682675    2.70200434    2.38950308    2.49047755    2.39380378    2.50949874    2.60392820    2.27548310    2.21890277    2.22811158    2.31347224    2.18568463    2.06730200    2.24742782    2.12481646    2.15267582    1.89857346    1.98916473    2.06507938    2.10646789    2.18636369    2.15254208    2.12669333    2.08734892    1.92760510    2.17412077    1.92012155    2.03637165    2.13259568    2.46078968    2.35722686    2.42147808    2.48087091    2.40755341    2.45986993    2.22020583    2.25985027    2.31939501    2.22180463    1.54550058    1.40188617    1.32083126    1.24279572    1.39496425    1.36056621    1.28309800    1.27155513    1.10903441    1.21076838    0.95506329    1.01363953    0.90386299    0.98036337    0.96507749    0.97149076    1.04707422    1.01734706    1.04664198    0.90922742    0.99861589    1.02187840    1.00740400    1.01166121    1.06538353    0.89602701
A0A0D2Y1R3_FUSO4/14-368     0.79232913    0.81929703    0.76539621    0.70575560    0.77342704    0.74393856    0.79320226    0.77339544    0.81215516    0.79683651    0.83419156    0.76756919    0.65985634    0.36705814    0.00000000    0.61411452    0.48960284    0.46736238    0.51174350    0.51171342    0.60305088    0.73585282    0.81101837    0.81069240    1.08586244    1.19816362    1.11484767    1.03617544    1.30377491    1.35311815    1.24707201    1.24366189    1.27865664    1.43509359    1.36125234    1.21169977    1.22242273    1.19965761    1.22790692    1.21208528    1.20144835    1.33322861    1.21572190    1.25201590    1.29700079    1.16643876    1.13713408    1.13651060    2.42462631    2.62053637    2.37020112    2.55271362    2.40423119    2.22457044    2.28435479    2.33876932    2.39047013    2.23374957    2.62350260    2.25234905    2.14662501    2.19554282    2.45855104    2.32724982    2.24325796    2.22453179    2.30787892    2.44106579    2.27620384    2.43033991    2.29273957    2.21242715    2.44211481    2.39020899    2.36533786    2.54915570    2.56093670    2.60453400    2.60663359    2.39863161    2.33786764    2.33002753    2.28702962    2.27861269    2.32893636    2.35946059    2.50091470    2.52232742    2.30070941    2.35429107    2.25325460    2.43107619    2.40725490    2.18045372    2.13168462    2.25597460    2.15489912    2.02162238    1.85684477    1.99145831    2.04801366    2.02490699    1.87433046    1.91246683    1.97550906    1.92736076    2.14700853    2.09308191    2.19914295    2.05202867    1.91061747    2.16687391    1.83708893    2.03038392    2.17550406    2.42895052    2.39289440    2.40403509    2.44393721    2.41604759    2.48651864    2.09991061    2.15772078    2.16183585    2.17212258    1.55747238    1.38138524    1.30767130    1.29853705    1.37909436    1.31454623    1.31225025    1.29275058    1.15941883    1.16781627    0.91855533    0.96240151    0.86146900    0.94002579    0.95375159    0.91681221    1.01754752    1.00157079    1.02276277    0.85053187    1.00133976    0.98939976    0.99545233    1.03632537    1.09476957    0.93023879
J3PAY5_GAET3/14-376     0.80045234    0.78730810    0.72495011    0.76408989    0.78519940    0.85413905    0.85540538    0.75418895    0.86623591    0.81939845    0.90150029    0.86734448    0.71724721    0.58485646    0.61411452    0.00000000    0.58243302    0.54808596    0.51984162    0.57141139    0.58240323    0.71416809    0.78536835    0.73511796    1.00550514    1.16751826    1.14237733    1.02869504    1.24896513    1.38122427    1.23898082    1.25939396    1.30687315    1.48520863    1.37947135    1.21093291    1.17419446    1.23822878    1.19542661    1.10492427    1.16918133    1.31050506    1.25757222    1.22480905    1.28642853    1.25736558    1.13136452    1.21357677    2.53147561    2.66089782    2.40800666    2.50294571    2.41737356    2.37550977    2.40059314    2.36376812    2.57013997    2.34329890    2.65324907    2.18676778    2.23295589    2.31606432    2.47625552    2.52739283    2.21884585    2.41683589    2.29205347    2.52691668    2.41220582    2.50031334    2.71700342    2.42936540    2.59013868    2.57543337    2.39302362    2.51213344    2.63233834    2.82800963    2.56611832    2.42427982    2.50696468    2.64783091    2.41455413    2.55087275    2.43720951    2.49715554    2.40836368    2.57617816    2.59761997    2.37374321    2.47446233    2.63812641    2.72735311    2.31043308    2.00372650    2.03975796    2.00236861    1.93211979    1.69690045    1.89025150    1.97254484    1.95320009    1.61224803    1.68349297    1.89197736    1.87714316    2.04793456    1.84868064    1.89923771    1.82428642    1.71898112    1.96842083    1.73893270    1.74527192    1.92650504    2.55098848    2.51648680    2.53318401    2.49310280    2.38140919    2.36184041    2.00951432    2.05445147    2.18793893    2.15952943    1.78985173    1.38529207    1.27656453    1.25182356    1.42326815    1.37631510    1.47163498    1.40848332    1.14109600    1.30534901    0.87130907    0.93031241    0.90797058    0.93327344    0.88145924    0.89293283    1.04405028    1.00540160    1.04570702    0.88045527    0.94525355    0.94611637    0.91595255    0.98784210    1.05627847    0.89872830
H1V4M8_COLHI/14-378     0.78535745    0.73505095    0.74591146    0.74909118    0.76119182    0.76528754    0.81005112    0.76781268    0.82181298    0.84676116    0.81383271    0.79012038    0.62350878    0.48011008    0.48960284    0.58243302    0.00000000    0.28568671    0.35972709    0.42854110    0.54691199    0.72180364    0.74852292    0.75878867    1.03493151    1.20063907    1.10938610    1.09363054    1.32886243    1.41455180    1.29566187    1.31981149    1.36694735    1.47569878    1.39312460    1.17210160    1.22516312    1.20420666    1.23356520    1.13975123    1.29104110    1.42467676    1.29769569    1.25001976    1.42195676    1.21776204    1.18490434    1.18161305    2.45552263    2.83209768    2.58227662    2.66161245    2.62525482    2.58014150    2.40384599    2.46585203    2.58534324    2.37916268    2.75222983    2.27531888    2.32493580    2.46066079    2.43939402    2.29378406    2.32304786    2.58881754    2.47308209    2.50270728    2.39416922    2.54225679    2.68567933    2.51011687    2.61607044    2.62935036    2.51332137    2.71661215    2.71827011    2.94090942    2.71815726    2.51524124    2.68761848    2.73531476    2.45088448    2.51645370    2.47008875    2.55999802    2.60270643    2.64443298    2.64262323    2.39511547    2.46956485    2.51760331    2.71946070    2.36942985    1.87112402    1.99814714    1.96486509    1.92712962    1.74771510    1.85128064    1.96428285    1.99892812    1.75113337    1.81535410    1.93832984    2.01105587    2.13815818    1.91525689    2.05920623    1.97617793    1.82294517    2.08488398    1.84278440    1.91997272    1.93637691    2.56745928    2.59765144    2.59093505    2.63614483    2.46471626    2.45526625    2.27808236    2.27938678    2.25528790    2.36607425    1.82378839    1.55265916    1.41795357    1.36326032    1.46761176    1.39600286    1.31060924    1.28360502    1.11283246    1.24886344    0.94318345    0.90793115    0.89233860    0.92769284    0.89621785    0.87142965    1.00055270    1.02945139    0.97316036    0.89158517    0.92843333    0.86759661    0.95702399    0.97428915    1.03640014    0.85760159
T0JKA9_COLGC/14-373     0.75500623    0.75557498    0.70083031    0.70875001    0.72909240    0.76305663    0.78217831    0.68208907    0.75885558    0.76731105    0.83920523    0.75401664    0.63012173    0.45893012    0.46736238    0.54808596    0.28568671    0.00000000    0.29391759    0.42586274    0.49770999    0.72821806    0.76257872    0.71619690    1.02082322    1.25176586    1.15478825    1.06400867    1.29498707    1.37381749    1.29311882    1.33119340    1.31990920    1.45870749    1.31772759    1.20964006    1.24406321    1.22786148    1.19937425    1.22064548    1.22102272    1.40834589    1.23556885    1.30557714    1.35129820    1.20539163    1.14293259    1.18823460    2.56097540    2.80218408    2.60874219    2.73081621    2.55543976    2.47989070    2.38003054    2.44928166    2.47609436    2.27923469    2.71636245    2.26142617    2.26318382    2.33995198    2.47329378    2.48615490    2.22637559    2.42290442    2.44211752    2.47656888    2.41068455    2.53763815    2.48148683    2.34955621    2.48965122    2.43533931    2.45414999    2.59766146    2.75757038    2.77486453    2.64823267    2.41848812    2.55513922    2.59086529    2.41329759    2.48762233    2.47055229    2.39103682    2.49770565    2.55026525    2.62356338    2.45152998    2.32208554    2.47513557    2.64121366    2.25759743    1.83196402    2.00953279    1.92959029    1.89565049    1.83572755    2.01229306    2.03615535    1.93496934    1.72752828    1.85275743    1.92536340    1.93113162    2.17640986    1.85671221    2.12969741    1.98817141    1.79420969    2.00250646    1.80938745    1.83783889    1.98546786    2.29105598    2.28319479    2.36158359    2.39605277    2.19592752    2.32130123    2.12897497    2.14651373    2.19112590    2.12967659    1.70086214    1.49362754    1.32262700    1.25328955    1.29999017    1.27348175    1.24885564    1.32196682    1.12642487    1.29224398    0.95427095    0.92423879    0.85719850    0.92960725    0.88500569    0.88400991    0.98418778    1.02463901    0.97556969    0.80763429    0.93386683    0.93421818    0.91647451    0.94798648    1.02943352    0.86876718
