8
M4AL14_XIPMA/2620-2665     0.00000000    0.30704716    0.32747392    0.38011608    0.50824286    1.16043680    0.78378534    0.93755285
G3PUT2_GASAC/2904-2949     0.30704716    0.00000000    0.32366351    0.42956002    0.68631001    1.22007621    0.75838459    0.94532817
F1Q7X5_DANRE/2561-2606     0.32747392    0.32366351    0.00000000    0.39469070    0.66201445    1.21086726    0.76515821    0.85726680
W5NJ35_LEPOC/2591-2636     0.38011608    0.42956002    0.39469070    0.00000000    0.46959881    1.13127268    0.66888259    0.77853059
F7A8M3_XENTR/2466-2512     0.50824286    0.68631001    0.66201445    0.46959881    0.00000000    1.11063451    0.66658412    0.84488204
G3PXT1_GASAC/144-190     1.16043680    1.22007621    1.21086726    1.13127268    1.11063451    0.00000000    1.19127489    1.25215615
U3KCU3_FICAL/2787-2833     0.78378534    0.75838459    0.76515821    0.66888259    0.66658412    1.19127489    0.00000000    0.43470648
G1NB96_MELGA/2763-2809     0.93755285    0.94532817    0.85726680    0.77853059    0.84488204    1.25215615    0.43470648    0.00000000

