34
A0A3Q7JEK4_SOLLC/210-256     0.00000000    0.43082354    0.77255717    1.24252225    1.07969581    0.75469643    0.77904549    0.84611338    0.81944643    0.96698187    0.81953053    0.88109389    1.03870118    1.05581673    0.58505474    0.74271281    0.95960465    1.15398461    0.79156121    0.93907293    1.01289809    0.97341003    1.01474849    0.83582928    0.90770371    0.86859428    1.10619313    1.04988335    0.88635055    0.89055959    0.93836114    1.08319020    1.07594432    0.94069865
M1AKF5_SOLTU/188-233     0.43082354    0.00000000    0.75158198    0.93467901    0.86685533    0.47414533    0.42900393    0.55563337    0.59230663    0.80766591    0.63055969    0.65920011    0.71353029    0.73965227    0.33757250    0.50332671    0.77662903    0.91487547    0.55989268    0.61999048    0.79421960    0.83997859    0.79016418    0.64800161    0.66720236    0.55594536    0.82964260    0.83099971    0.50906108    0.72800005    0.67031080    0.84622077    0.82842656    0.80334994
Q6K4Y7_ORYSJ/116-165     0.77255717    0.75158198    0.00000000    0.57791520    0.78816953    0.66871687    0.88688061    0.98537480    0.98708696    0.88312935    0.97481034    0.68094114    0.85314644    0.86924483    0.99161539    0.92412933    1.21941067    1.34513020    0.97888123    0.87348888    0.95199296    0.96032333    0.80763261    0.77130004    0.83125398    0.82110556    1.27563740    0.93505554    0.83672368    0.88204036    0.93643707    0.98144407    1.00321432    0.92830283
M0SQM3_MUSAM/170-211     1.24252225    0.93467901    0.57791520    0.00000000    0.77961462    0.79580650    0.68309292    0.71163266    0.74298692    0.80517126    0.77993844    0.83457827    0.90840830    0.92793510    0.83632884    1.16322205    0.94932494    0.90668152    0.79974791    0.99274628    1.07598099    1.23718148    1.15636709    1.05743410    0.93583146    0.99604673    0.98648844    1.31817615    0.99017296    1.04924870    0.87085332    1.06580420    1.11159365    1.03710542
M0SAL9_MUSAM/139-184     1.07969581    0.86685533    0.78816953    0.77961462    0.00000000    0.73967792    0.74482592    0.55668079    0.63473847    0.96277743    0.77229956    1.00447134    0.85040980    0.85310133    0.67128969    1.01313994    1.03339893    1.10090050    0.83992629    0.76034752    0.86895292    0.94100017    1.01040520    0.99356784    0.86100353    0.78967861    1.28736037    1.08360915    0.99224932    1.11324849    0.95339393    0.94866961    1.05009434    1.01343619
C6TKE5_SOYBN/195-239     0.75469643    0.47414533    0.66871687    0.79580650    0.73967792    0.00000000    0.39195896    0.48432956    0.45401674    0.72981764    0.46342973    0.53969118    0.45639484    0.69363946    0.36529730    0.54710166    0.66185585    0.62492700    0.38544353    0.43973043    0.64687927    0.71668628    0.68158405    0.72649382    0.62824478    0.60204610    0.72281054    0.75058744    0.50789043    0.73983589    0.64582602    0.70230018    0.68714318    0.71576379
B9IN40_POPTR/173-218     0.77904549    0.42900393    0.88688061    0.68309292    0.74482592    0.39195896    0.00000000    0.36737000    0.39749668    0.62241889    0.43966396    0.47012730    0.44195240    0.69961335    0.33059990    0.57242897    0.67811623    0.51500289    0.36894715    0.52260369    0.84642974    0.73940152    0.80542613    0.63406671    0.64076902    0.60390583    0.70120328    0.57526673    0.68183367    0.70426754    0.57944525    0.63738394    0.64663014    0.79043856
M0SVR6_MUSAM/170-218     0.84611338    0.55563337    0.98537480    0.71163266    0.55668079    0.48432956    0.36737000    0.00000000    0.22518528    0.43537124    0.22729061    0.46799592    0.33869846    0.67984105    0.32339627    0.56486108    0.70721503    0.57275237    0.43147516    0.58111787    0.79419114    0.78424187    0.69429962    0.71224918    0.61105283    0.64831319    0.81876407    0.67123852    0.73683050    0.77426221    0.73331671    0.78167250    0.82429216    0.87252567
M0SC35_MUSAM/150-198     0.81944643    0.59230663    0.98708696    0.74298692    0.63473847    0.45401674    0.39749668    0.22518528    0.00000000    0.41228752    0.25852177    0.44279427    0.53126434    0.69259882    0.34875140    0.53242044    0.66996160    0.58786133    0.48241934    0.54422942    0.73167011    0.72787022    0.68891252    0.76862895    0.63152551    0.59453069    0.90483748    0.73364765    0.91436049    0.76603750    0.68876211    0.81442111    0.86017880    0.85832134
M0T0L6_MUSAM/137-183     0.96698187    0.80766591    0.88312935    0.80517126    0.96277743    0.72981764    0.62241889    0.43537124    0.41228752    0.00000000    0.42014025    0.55355094    0.75283265    0.69902580    0.70404971    0.81273199    1.05340546    0.94836175    0.68561663    0.95517352    0.81339825    1.05482577    0.77666831    0.93246462    0.82466406    0.88827447    1.24547510    0.92392785    0.82328468    0.83587591    0.90347447    0.92222414    0.94152103    1.05689833
M0RKR7_MUSAM/142-192     0.81953053    0.63055969    0.97481034    0.77993844    0.77229956    0.46342973    0.43966396    0.22729061    0.25852177    0.42014025    0.00000000    0.51540985    0.40480657    0.58231788    0.30187511    0.53537662    0.68642391    0.62164610    0.47477351    0.60987398    0.71090132    0.77756383    0.62507293    0.67539733    0.66462789    0.66451407    0.85249295    0.73310455    0.77621223    0.86137236    0.81099071    0.87737324    0.91071212    0.98023539
M7ZEY3_TRIUA/19-61     0.88109389    0.65920011    0.68094114    0.83457827    1.00447134    0.53969118    0.47012730    0.46799592    0.44279427    0.55355094    0.51540985    0.00000000    0.54786023    0.71282866    0.45416059    0.59859553    0.54655847    0.54922534    0.41459400    0.60675480    0.73867657    0.75986008    0.82383032    0.76844193    0.73392541    0.67845306    0.92176252    0.71098248    0.86831390    0.77315141    0.74015027    0.79152168    0.79562510    0.88715669
WRK51_ORYSJ/195-244     1.03870118    0.71353029    0.85314644    0.90840830    0.85040980    0.45639484    0.44195240    0.33869846    0.53126434    0.75283265    0.40480657    0.54786023    0.00000000    0.49256259    0.37373869    0.61090743    0.75858326    0.66160326    0.39172554    0.56595789    0.72921325    0.72489181    0.67805828    0.63658409    0.54542556    0.63295551    0.81337860    0.71291424    0.61406166    0.82999091    0.74544992    0.71892246    0.72703723    0.77116238
M7Z962_TRIUA/185-224     1.05581673    0.73965227    0.86924483    0.92793510    0.85310133    0.69363946    0.69961335    0.67984105    0.69259882    0.69902580    0.58231788    0.71282866    0.49256259    0.00000000    0.57818179    0.78975838    0.78729612    0.98680405    0.71008280    0.66607934    0.86142795    0.89570054    0.87499520    0.87393468    0.81452613    0.75390557    0.85400668    0.90047999    0.91583828    0.91359096    0.85174157    0.96165532    0.97465110    0.97813450
B9RNN4_RICCO/196-241     0.58505474    0.33757250    0.99161539    0.83632884    0.67128969    0.36529730    0.33059990    0.32339627    0.34875140    0.70404971    0.30187511    0.45416059    0.37373869    0.57818179    0.00000000    0.26154988    0.32725524    0.48353912    0.24282304    0.41714452    0.60033516    0.55078681    0.54671480    0.57885926    0.47973980    0.44668839    0.62172604    0.59692698    0.64216822    0.78537646    0.68297313    0.78597429    0.82855651    0.79500000
I1M9T5_SOYBN/191-235     0.74271281    0.50332671    0.92412933    1.16322205    1.01313994    0.54710166    0.57242897    0.56486108    0.53242044    0.81273199    0.53537662    0.59859553    0.61090743    0.78975838    0.26154988    0.00000000    0.41868934    0.49247573    0.46343451    0.52245028    0.86588166    0.85950942    0.93938570    0.78382086    0.77939681    0.77941527    1.03240063    0.91559403    0.70730563    0.88335692    0.77109642    0.93636136    0.96072756    0.99465602
WRK17_ARATH/191-240     0.95960465    0.77662903    1.21941067    0.94932494    1.03339893    0.66185585    0.67811623    0.70721503    0.66996160    1.05340546    0.68642391    0.54655847    0.75858326    0.78729612    0.32725524    0.41868934    0.00000000    0.39992560    0.52977180    0.88202120    1.05588089    0.94062170    1.08732450    0.91002066    0.82861436    0.79066476    1.05813505    0.86711751    1.04661789    0.95987043    0.87271181    1.01032446    1.02034060    0.98972126
M4D182_BRARP/202-250     1.15398461    0.91487547    1.34513020    0.90668152    1.10090050    0.62492700    0.51500289    0.57275237    0.58786133    0.94836175    0.62164610    0.54922534    0.66160326    0.98680405    0.48353912    0.49247573    0.39992560    0.00000000    0.52377243    0.82990488    1.03553802    0.81718573    0.99106354    0.78410830    0.81502056    0.85818595    0.83722651    0.83693760    1.09338393    1.01142892    0.90189798    1.04977014    1.06984233    1.20064755
F6GXI8_VITVI/175-222     0.79156121    0.55989268    0.97888123    0.79974791    0.83992629    0.38544353    0.36894715    0.43147516    0.48241934    0.68561663    0.47477351    0.41459400    0.39172554    0.71008280    0.24282304    0.46343451    0.52977180    0.52377243    0.00000000    0.47993241    0.45431299    0.59702899    0.48144368    0.44318645    0.35308277    0.44499044    0.72165913    0.51155795    0.66678310    0.70046279    0.67005247    0.66113972    0.65149668    0.76792098
W1PIH4_AMBTC/193-240     0.93907293    0.61999048    0.87348888    0.99274628    0.76034752    0.43973043    0.52260369    0.58111787    0.54422942    0.95517352    0.60987398    0.60675480    0.56595789    0.66607934    0.41714452    0.52245028    0.88202120    0.82990488    0.47993241    0.00000000    0.50112522    0.62422849    0.49715953    0.58477019    0.43010683    0.37765985    0.84746579    0.60264156    0.79159529    0.75982538    0.68919041    0.61278182    0.64402641    0.68841117
M0SIU7_MUSAM/169-214     1.01289809    0.79421960    0.95199296    1.07598099    0.86895292    0.64687927    0.84642974    0.79419114    0.73167011    0.81339825    0.71090132    0.73867657    0.72921325    0.86142795    0.60033516    0.86588166    1.05588089    1.03553802    0.45431299    0.50112522    0.00000000    0.49939046    0.33787737    0.46469879    0.28201327    0.28711949    1.02366709    0.60899458    0.76772208    0.65856770    0.67953213    0.60328725    0.61220039    0.86025650
I1IGS8_BRADI/239-283     0.97341003    0.83997859    0.96032333    1.23718148    0.94100017    0.71668628    0.73940152    0.78424187    0.72787022    1.05482577    0.77756383    0.75986008    0.72489181    0.89570054    0.55078681    0.85950942    0.94062170    0.81718573    0.59702899    0.62422849    0.49939046    0.00000000    0.44571641    0.69981696    0.51647297    0.43402206    0.99984060    0.72844045    0.79340850    0.80581605    0.99369570    0.78138817    0.71630334    0.85667280
M0RGJ8_MUSAM/187-232     1.01474849    0.79016418    0.80763261    1.15636709    1.01040520    0.68158405    0.80542613    0.69429962    0.68891252    0.77666831    0.62507293    0.82383032    0.67805828    0.87499520    0.54671480    0.93938570    1.08732450    0.99106354    0.48144368    0.49715953    0.33787737    0.44571641    0.00000000    0.50415173    0.34755160    0.39238047    0.98215885    0.73498595    0.69063973    0.74461797    0.84020718    0.73704458    0.70871776    0.94819383
WRK21_ARATH/264-310     0.83582928    0.64800161    0.77130004    1.05743410    0.99356784    0.72649382    0.63406671    0.71224918    0.76862895    0.93246462    0.67539733    0.76844193    0.63658409    0.87393468    0.57885926    0.78382086    0.91002066    0.78410830    0.44318645    0.58477019    0.46469879    0.69981696    0.50415173    0.00000000    0.21630552    0.27259471    1.13976882    0.75975806    0.71290684    0.66535692    0.56202016    0.55372100    0.64718957    0.70433985
F6GXM5_VITVI/226-270     0.90770371    0.66720236    0.83125398    0.93583146    0.86100353    0.62824478    0.64076902    0.61105283    0.63152551    0.82466406    0.66462789    0.73392541    0.54542556    0.81452613    0.47973980    0.77939681    0.82861436    0.81502056    0.35308277    0.43010683    0.28201327    0.51647297    0.34755160    0.21630552    0.00000000    0.06584484    0.86922243    0.56096344    0.65763976    0.51307382    0.51165224    0.42297562    0.48218170    0.67283839
M1B7N3_SOLTU/231-276     0.86859428    0.55594536    0.82110556    0.99604673    0.78967861    0.60204610    0.60390583    0.64831319    0.59453069    0.88827447    0.66451407    0.67845306    0.63295551    0.75390557    0.44668839    0.77941527    0.79066476    0.85818595    0.44499044    0.37765985    0.28711949    0.43402206    0.39238047    0.27259471    0.06584484    0.00000000    0.96550858    0.52013997    0.72979294    0.59871991    0.54411210    0.51434395    0.55802114    0.72287087
B9SUX2_RICCO/195-243     1.10619313    0.82964260    1.27563740    0.98648844    1.28736037    0.72281054    0.70120328    0.81876407    0.90483748    1.24547510    0.85249295    0.92176252    0.81337860    0.85400668    0.62172604    1.03240063    1.05813505    0.83722651    0.72165913    0.84746579    1.02366709    0.99984060    0.98215885    1.13976882    0.86922243    0.96550858    0.00000000    0.78601308    0.72912286    0.69475939    0.95488112    0.80804649    0.76588983    0.93940014
A9RFR5_PHYPA/275-320     1.04988335    0.83099971    0.93505554    1.31817615    1.08360915    0.75058744    0.57526673    0.67123852    0.73364765    0.92392785    0.73310455    0.71098248    0.71291424    0.90047999    0.59692698    0.91559403    0.86711751    0.83693760    0.51155795    0.60264156    0.60899458    0.72844045    0.73498595    0.75975806    0.56096344    0.52013997    0.78601308    0.00000000    0.77408462    0.65924264    0.78291016    0.64269265    0.65356308    0.87819007
K7MNM6_SOYBN/198-243     0.88635055    0.50906108    0.83672368    0.99017296    0.99224932    0.50789043    0.68183367    0.73683050    0.91436049    0.82328468    0.77621223    0.86831390    0.61406166    0.91583828    0.64216822    0.70730563    1.04661789    1.09338393    0.66678310    0.79159529    0.76772208    0.79340850    0.69063973    0.71290684    0.65763976    0.72979294    0.72912286    0.77408462    0.00000000    0.57651738    0.58344425    0.52327408    0.59092305    0.50511267
U5GIR0_POPTR/211-256     0.89055959    0.72800005    0.88204036    1.04924870    1.11324849    0.73983589    0.70426754    0.77426221    0.76603750    0.83587591    0.86137236    0.77315141    0.82999091    0.91359096    0.78537646    0.88335692    0.95987043    1.01142892    0.70046279    0.75982538    0.65856770    0.80581605    0.74461797    0.66535692    0.51307382    0.59871991    0.69475939    0.65924264    0.57651738    0.00000000    0.32334454    0.35704558    0.36931759    0.45220218
A0A3Q7GA72_SOLLC/227-275     0.93836114    0.67031080    0.93643707    0.87085332    0.95339393    0.64582602    0.57944525    0.73331671    0.68876211    0.90347447    0.81099071    0.74015027    0.74544992    0.85174157    0.68297313    0.77109642    0.87271181    0.90189798    0.67005247    0.68919041    0.67953213    0.99369570    0.84020718    0.56202016    0.51165224    0.54411210    0.95488112    0.78291016    0.58344425    0.32334454    0.00000000    0.31091675    0.38914261    0.58075891
M1CC12_SOLTU/203-249     1.08319020    0.84622077    0.98144407    1.06580420    0.94866961    0.70230018    0.63738394    0.78167250    0.81442111    0.92222414    0.87737324    0.79152168    0.71892246    0.96165532    0.78597429    0.93636136    1.01032446    1.04977014    0.66113972    0.61278182    0.60328725    0.78138817    0.73704458    0.55372100    0.42297562    0.51434395    0.80804649    0.64269265    0.52327408    0.35704558    0.31091675    0.00000000    0.11381356    0.35926411
M1CE46_SOLTU/205-250     1.07594432    0.82842656    1.00321432    1.11159365    1.05009434    0.68714318    0.64663014    0.82429216    0.86017880    0.94152103    0.91071212    0.79562510    0.72703723    0.97465110    0.82855651    0.96072756    1.02034060    1.06984233    0.65149668    0.64402641    0.61220039    0.71630334    0.70871776    0.64718957    0.48218170    0.55802114    0.76588983    0.65356308    0.59092305    0.36931759    0.38914261    0.11381356    0.00000000    0.37975174
F4ILJ1_ARATH/190-237     0.94069865    0.80334994    0.92830283    1.03710542    1.01343619    0.71576379    0.79043856    0.87252567    0.85832134    1.05689833    0.98023539    0.88715669    0.77116238    0.97813450    0.79500000    0.99465602    0.98972126    1.20064755    0.76792098    0.68841117    0.86025650    0.85667280    0.94819383    0.70433985    0.67283839    0.72287087    0.93940014    0.87819007    0.50511267    0.45220218    0.58075891    0.35926411    0.37975174    0.00000000

