71
Q86IB2_DICDI/103-213     0.00000000    0.25989592    1.08835107    1.27502361    1.87839326    1.85746137    2.17987255    1.84788915    0.95892064    1.05330676    0.98826278    1.53131861    1.36323972    1.17791477    1.25144501    1.24327798    1.07323940    1.18614754    1.09276851    1.18217074    1.40023869    1.15354753    1.21968959    1.30159257    1.14050796    1.23159723    1.21301658    1.34745499    1.21700706    1.24829115    1.19047020    1.26588280    1.24506763    1.15812185    1.25472754    1.22817351    1.17522959    1.33574062    1.40112909    1.16764946    1.21271567    1.39512142    1.25630315    1.27195459    1.32844269    1.37232884    1.28517850    1.35320826    1.24567731    1.35155056    3.16954958    1.41453045    1.38080899    1.38358235    1.20670482    1.47413024    1.30426990    1.74558583    1.48455134    1.54264351    1.25031269    1.22138142    1.27685617    1.29059742    1.15829205    1.66446622    1.38792269    1.13326217    1.40212356    1.29743013    1.36663614
F0ZTP3_DICPU/84-194     0.25989592    0.00000000    1.18389561    1.24304544    1.83153792    1.88472780    1.97783357    1.97219816    0.87011578    0.95597437    1.01040091    1.40454898    1.27535537    1.15732657    1.17456257    1.16064195    1.02416407    1.18285987    0.99845517    1.10476181    1.25699159    1.10756486    1.13493554    1.20591445    1.11564748    1.29373271    1.14786639    1.31163575    1.22718360    1.20311497    1.22356557    1.28470589    1.27670306    1.19128389    1.18318186    1.17211573    1.12699814    1.34978917    1.51209193    1.29277822    1.20436155    1.35996925    1.37826759    1.33492455    1.45521761    1.36214602    1.39929299    1.30336171    1.21476170    1.35285551    2.89045851    1.30942267    1.35950220    1.32930640    1.03458113    1.47395602    1.22189591    1.59374914    1.45390492    1.52192598    1.19532243    1.18245574    1.31486980    1.33042435    1.12530435    1.53743131    1.30764119    1.09600105    1.35658108    1.15438023    1.28152544
A0A1X7VNM0_AMPQE/40-150     1.08835107    1.18389561    0.00000000    1.64646370    2.13459425    2.27546048    2.10758090    1.86408572    1.27637261    1.16448609    1.26349569    1.37950147    1.38207835    1.11447108    1.34144108    1.25121019    1.14694137    1.28150766    1.19700194    1.21539370    1.22782112    1.36327313    1.27162314    1.23344521    1.16293044    1.14046523    1.23741855    1.38394601    1.18708323    1.36117425    1.19370508    1.31025614    1.21652980    1.33199127    1.27299921    1.14407881    1.20176844    1.04570182    1.38251465    1.29182912    1.19055600    1.23106966    1.25351239    1.16005598    1.20553758    1.09702066    1.23074623    1.35148916    1.15868700    1.22363653    2.49804449    1.56304354    1.37749420    1.38527849    1.49393454    1.68644962    1.29269965    1.51828249    1.54359571    1.58486846    1.62330781    1.55609886    1.15402132    1.33078979    1.46077887    1.42105429    1.50423445    1.25723704    1.50939091    1.40178878    1.48769481
E1ZNQ8_CHLVA/123-232     1.27502361    1.24304544    1.64646370    0.00000000    1.87729492    2.18514094    1.84779216    1.76528750    1.34786177    1.28764401    1.45332061    1.57825468    1.43976839    1.41851332    1.69426697    1.40914265    1.49574179    1.50180826    1.43770461    1.49486461    1.57463446    1.58620136    1.30183912    1.35257670    1.30960438    1.24821974    1.59799202    1.58321493    1.68334694    1.71755250    1.59857206    1.67400221    1.63848760    1.53152607    1.61836943    1.59203022    1.61906137    1.60049427    2.01125084    1.75378329    1.69806795    1.78684865    1.83797060    1.58739604    1.52933878    1.62543857    1.49674542    1.66561567    1.59162698    1.80962272    3.17527066    1.87490100    1.84813092    1.90185613    1.56523740    2.08576449    1.61981327    1.92108502    1.67450113    1.59695947    1.58303304    1.41307203    1.45629777    1.40724587    1.56945759    1.69285197    1.68605145    1.32810219    1.47144034    1.33664175    1.39113622
B7GD62_PHATC/61-176     1.87839326    1.83153792    2.13459425    1.87729492    0.00000000    0.92193606    2.92500555    2.54010818    2.64186169    2.09920649    1.88746167    2.23595024    2.06295700    2.03616268    2.07171725    1.99736016    1.76005250    1.79894331    1.76500080    1.83901020    1.64861078    2.15429112    2.09362197    2.07566494    2.10349755    1.95272726    2.09934078    2.00590622    2.11824498    2.13935724    2.05114746    1.89675917    1.96631442    2.00859154    2.01683680    1.89596158    2.05038579    2.08554578    2.39042548    2.26546740    2.11135755    2.34049741    2.39137179    2.28254612    2.30671103    2.49851265    2.32584242    2.45312293    2.14826426    2.40405886    3.98597888    2.49477426    2.40758920    2.53531819    2.47847751    2.63855351    2.29208305    2.52045486    2.52116394    2.55231377    2.80351043    2.51994210    2.37913541    2.45489621    2.57715683    1.84673007    2.42482082    1.92887460    1.89326173    2.21259135    2.06139194
B8CAQ3_THAPS/89-219     1.85746137    1.88472780    2.27546048    2.18514094    0.92193606    0.00000000    2.90447995    2.24249241    2.49133980    2.11781426    1.89665057    2.18199637    2.23476042    1.95171150    2.02604053    2.02318130    1.83522279    1.89614859    1.90822608    1.95045639    1.76950742    2.13444239    2.01705816    2.00000697    1.97518109    1.78439244    2.10094979    2.17820211    2.18417877    2.20496159    2.16423670    2.15326954    2.09748289    2.13067338    1.98859745    2.11319040    1.93340863    2.33183673    2.36036490    2.53059399    2.18728960    2.43681531    2.35433340    2.37569633    2.17309629    2.56054887    2.31636692    2.38829677    2.30365874    2.18609875    3.77964322    2.24154504    2.04769966    2.10188331    2.59638823    2.61736070    2.30327406    2.31403583    2.28691804    2.38098715    2.59482280    2.39541894    2.55294477    2.39132009    2.20751167    2.18668060    2.39762722    2.16970790    2.27451035    2.10746650    1.95880497
C1FG46_MICCC/40-163     2.17987255    1.97783357    2.10758090    1.84779216    2.92500555    2.90447995    0.00000000    0.90321598    2.08185320    2.01734264    1.88960541    2.04191424    2.00934648    1.89331452    1.99635248    1.83168826    1.82096399    2.01385520    2.12785595    1.93087824    1.77759685    2.14750083    2.11883430    2.09241343    1.77498042    1.63079620    2.08078433    2.09419186    2.21443071    2.24193748    2.02929468    1.98014159    1.83070751    2.01800453    2.14866064    1.96741866    1.79162066    1.84425293    2.14870633    1.78310182    1.60772858    1.87000362    1.87924181    1.97714012    1.60811645    1.98300509    1.78303113    2.05421650    1.74799305    1.79061179    4.21953780    2.49725336    2.42927559    2.62636107    2.55773762    2.81260883    2.58973010    2.96193368    2.52954110    2.65219025    2.34216317    1.95317314    2.31482020    2.34973606    2.76495420    2.19515349    2.29663144    2.06728140    2.22998201    2.17719047    2.41592116
C1MTF5_MICPC/47-168     1.84788915    1.97219816    1.86408572    1.76528750    2.54010818    2.24249241    0.90321598    0.00000000    1.76722116    1.77504430    1.96710018    1.67339441    1.72784620    1.56870970    2.04804530    2.14081874    1.77917187    1.89135908    1.80096821    1.89129849    1.84595220    1.93236868    2.01099928    1.93049091    1.67396798    1.57818978    1.73319465    1.88048243    1.82568329    1.83686373    1.55378605    1.70861948    1.73892883    1.74487516    1.70144894    1.79638260    1.72849951    1.77025172    1.75105264    1.91317826    1.78599877    1.95894580    1.86094187    1.84722890    1.67328583    1.83185620    1.88236476    1.99190313    1.77524554    1.80326448    3.88245231    2.38671520    2.19483346    2.25364757    2.23949014    2.21553473    2.04585110    2.35582738    1.97816848    2.00965370    2.42418387    1.97474961    2.10177516    1.92617907    2.17126964    2.03937533    2.09684284    1.77475349    1.95943334    2.20364955    1.97785536
S2K7L8_MUCC1/135-245     0.95892064    0.87011578    1.27637261    1.34786177    2.64186169    2.49133980    2.08185320    1.76722116    0.00000000    0.46335948    0.82551823    0.96217235    1.02507011    1.02233631    0.96059222    1.05249024    0.99768299    1.15471791    1.05907206    1.03233566    1.05378946    0.92524967    1.15532941    1.11567792    0.78891676    0.90820169    0.93071541    0.96492816    1.02838929    0.89996202    1.01665001    0.98005323    0.98478306    0.97796443    0.94606941    0.98117736    1.08653772    1.18303876    1.29833049    1.33436057    1.19365342    1.20838428    1.22210320    1.22552514    1.24061001    1.18884313    1.12866741    1.32112961    1.18659296    1.27653537    2.47966749    1.23598366    1.34747332    1.40640181    1.29724882    1.41867707    1.29727456    1.23284108    1.24032735    1.39454641    1.07384500    1.14446260    1.25124517    0.99605926    1.01456912    1.34678120    1.08032232    1.19708931    1.38013237    1.07868133    1.16090927
S2KJB4_MUCC1/130-240     1.05330676    0.95597437    1.16448609    1.28764401    2.09920649    2.11781426    2.01734264    1.77504430    0.46335948    0.00000000    0.80134649    0.81012937    0.95564585    0.93905613    0.82048769    0.83887470    0.88651236    0.96423860    0.85409844    0.85171892    0.85512917    0.72913248    1.09583205    1.09748746    0.81691008    0.81945791    0.87662510    0.95782496    1.00086362    0.94463930    0.92677743    0.95704503    1.01670001    1.01370294    0.84037139    0.79320637    0.83568964    0.94045182    1.22013937    1.16823727    1.06336410    0.98320103    1.10006340    0.99374187    1.06439682    1.09334462    0.96170887    1.02908944    0.93019545    1.01336022    2.61656402    1.50370001    1.47029104    1.59727910    1.27945019    1.52402726    1.10150282    1.15384035    1.12909539    1.37205797    1.21639061    1.33817039    1.31938174    1.13984763    1.22875042    1.29762508    1.13858635    1.17939499    1.25126485    1.21632431    1.18630077
I2FR47_USTH4/159-269     0.98826278    1.01040091    1.26349569    1.45332061    1.88746167    1.89665057    1.88960541    1.96710018    0.82551823    0.80134649    0.00000000    0.78198553    0.77506496    0.85647790    0.76328820    0.80976822    0.80509452    0.85834521    0.81000435    0.81588959    0.83709866    0.72883204    0.94238450    1.06530283    0.92695529    1.00418795    0.93551954    1.06613964    1.00206417    0.96698710    1.00855885    0.99180974    0.93504461    0.98453531    0.96363248    0.88772319    0.94924824    1.15044618    1.25859783    1.29324379    1.13729847    1.15641225    1.07970618    1.23134872    1.19102911    1.40769309    1.24003008    1.27177072    1.20495997    1.29565433    2.62574707    1.25960304    1.13746946    1.23452004    1.40486063    1.48165433    1.28540130    1.46746199    1.24953205    1.36598674    1.21888483    1.25848351    1.32630935    1.23020653    1.16063467    1.25726809    1.28937118    1.33813649    1.14912728    1.21796867    1.18853231
F4RTQ6_MELLP/30-140     1.53131861    1.40454898    1.37950147    1.57825468    2.23595024    2.18199637    2.04191424    1.67339441    0.96217235    0.81012937    0.78198553    0.00000000    0.47105363    0.71656278    0.69898712    0.69441810    0.71179439    0.73321576    0.66629905    0.76784389    0.73321837    0.67704517    1.03807741    0.95738975    0.88823405    0.71673319    0.81816546    0.86077297    0.91854030    0.88791602    0.74486268    0.92978986    0.80938494    0.81940164    0.85826464    0.74432210    0.98266257    1.04023279    1.16893506    1.20057820    1.08124816    1.09810907    1.12196683    1.06070567    1.05068594    0.98432355    0.94200583    1.06450072    1.00602296    0.99824896    2.53859300    1.45086378    1.32114097    1.44680467    1.53566493    1.67488395    1.47891978    1.68637362    1.74890453    1.94716942    1.33878942    1.43781713    1.54604748    1.45360351    1.37757953    1.61703915    1.29797914    1.43206484    1.48761590    1.38349107    1.54678596
U5H0W4_USTV1/208-318     1.36323972    1.27535537    1.38207835    1.43976839    2.06295700    2.23476042    2.00934648    1.72784620    1.02507011    0.95564585    0.77506496    0.47105363    0.00000000    0.61345007    0.81970026    0.76547653    0.74643209    0.68449854    0.63258144    0.64384958    0.78297815    0.73269829    1.12939266    0.99185530    0.82056325    0.87267562    0.86770906    0.87774010    0.92418930    0.83732459    0.88098567    0.88578586    0.73088674    0.81804109    0.88436642    0.73459785    1.05723054    1.13841650    1.25880966    1.27047447    1.23802163    1.28702989    1.11835594    1.05775383    1.05156467    1.06696028    1.08191671    1.13361810    1.16393828    1.18686152    3.00312587    1.38435255    1.42360446    1.58952674    1.66853116    1.84072982    1.42071722    1.97908530    1.79711713    1.73717711    1.37710997    1.48689666    1.58511265    1.48809812    1.38587478    1.41262522    1.55699889    1.58539481    1.39972057    1.49566026    1.66494032
G7DUM0_MIXOS/176-286     1.17791477    1.15732657    1.11447108    1.41851332    2.03616268    1.95171150    1.89331452    1.56870970    1.02233631    0.93905613    0.85647790    0.71656278    0.61345007    0.00000000    0.72982262    0.87767907    0.85407234    0.84976849    0.74396559    0.79699800    0.85239953    0.79396906    1.11500056    1.02035637    0.92088782    0.89686723    0.73305785    0.89935578    0.88493419    0.86790916    0.83988527    0.88286744    0.78793822    0.84455765    0.88936051    0.76728881    0.94654120    0.90282114    1.10358891    0.95757241    1.01245081    0.90667512    0.87268288    1.04391726    1.04186421    1.04981833    0.97757757    1.08539523    1.02995487    1.04172097    2.63027387    1.42294004    1.25533708    1.38513110    1.33436849    1.72555678    1.26801318    1.56391174    1.41827479    1.58392145    1.35534895    1.41223018    1.36202610    1.36603726    1.28822033    1.12276182    1.33321005    1.24849721    1.14558798    1.23227417    1.24385628
I4YF73_WALMC/134-244     1.25144501    1.17456257    1.34144108    1.69426697    2.07171725    2.02604053    1.99635248    2.04804530    0.96059222    0.82048769    0.76328820    0.69898712    0.81970026    0.72982262    0.00000000    0.59178647    0.66239941    0.66846020    0.63376545    0.48055020    0.68244662    0.73283729    0.93930637    0.83825237    0.75665882    0.78322511    0.91947683    0.86400304    0.99447518    0.93416139    0.95551994    0.99816697    0.96299986    0.92399312    0.82709679    0.71610698    0.85333690    0.99371543    1.11076143    0.96740607    1.00912202    0.97043500    0.96444207    1.03421046    1.05892188    1.23884184    1.10810015    1.17262826    1.03463300    0.98010608    2.47171206    1.47113437    1.47164628    1.50253977    1.47951960    1.69395373    1.37863306    1.65954824    1.61934064    1.69579695    1.32558039    1.65277288    1.32732468    1.30426659    1.36183543    1.51894505    1.29343612    1.48216582    1.42234292    1.28114121    1.33666527
G4TKF4_SERID/120-230     1.24327798    1.16064195    1.25121019    1.40914265    1.99736016    2.02318130    1.83168826    2.14081874    1.05249024    0.83887470    0.80976822    0.69441810    0.76547653    0.87767907    0.59178647    0.00000000    0.43257778    0.50266683    0.51537690    0.39353378    0.39536344    0.76904177    0.87603146    0.86001218    0.81833266    0.78213674    0.87829500    0.86389024    1.03189348    0.86455598    0.91995699    0.93597355    0.88489706    0.89451359    0.79716704    0.80144373    0.91368003    0.77864481    1.11984991    0.89744511    0.95269987    1.03058566    0.95809829    1.07033343    1.02181803    1.12809117    1.02460240    1.08798009    1.02793331    1.01139005    2.62648790    1.49546406    1.39575412    1.43293664    1.41721750    1.56780869    1.33794688    1.60916133    1.54168324    1.54975304    1.23322052    1.37925073    1.21382539    1.26181474    1.24217049    1.25797785    1.44241189    1.38851163    1.47467909    1.29689344    1.56409881
K5WJ70_PHACS/143-253     1.07323940    1.02416407    1.14694137    1.49574179    1.76005250    1.83522279    1.82096399    1.77917187    0.99768299    0.88651236    0.80509452    0.71179439    0.74643209    0.85407234    0.66239941    0.43257778    0.00000000    0.32327139    0.32222019    0.30675104    0.34982617    0.66296165    0.94172328    0.92545261    0.80949826    0.73714171    0.84306603    0.89461524    1.03430231    0.91919322    0.89058956    0.90600916    0.85051657    0.92810788    0.74952873    0.76192851    0.77972259    0.75192840    1.05110195    1.03317265    0.97384007    0.98779892    0.98769536    1.03340090    1.05206299    1.08488129    0.99213761    1.04193120    0.99133316    1.02891863    2.41407009    1.24048860    1.19222452    1.26965339    1.28517090    1.43781888    1.10536424    1.64112232    1.56612917    1.59864558    1.29757434    1.37646382    1.15712840    1.10342875    1.29916286    1.40724368    1.31670405    1.32865808    1.50021259    1.18596594    1.23968837
M2RNQ5_CERS8/132-242     1.18614754    1.18285987    1.28150766    1.50180826    1.79894331    1.89614859    2.01385520    1.89135908    1.15471791    0.96423860    0.85834521    0.73321576    0.68449854    0.84976849    0.66846020    0.50266683    0.32327139    0.00000000    0.29818745    0.32766985    0.38087024    0.69531985    0.94483823    0.92328129    0.86049329    0.83210232    0.92862290    0.95157013    1.11253279    1.05744496    1.01639126    1.10219100    0.94974343    0.95386983    0.95293554    0.88109242    0.78307162    0.90444426    1.00625558    1.02692673    1.05589684    1.08709303    1.01417364    1.07560108    1.04770053    1.15177388    1.12834203    1.09255325    1.04806410    1.06938281    2.88205180    1.44240152    1.34212870    1.44722606    1.25752667    1.43540156    1.11347154    1.48745551    1.47728497    1.48302228    1.43439048    1.37793931    1.12948135    1.33326656    1.24688233    1.50197646    1.57831900    1.50098748    1.49601351    1.27991327    1.31032100
S8FX37_FOMPI/137-247     1.09276851    0.99845517    1.19700194    1.43770461    1.76500080    1.90822608    2.12785595    1.80096821    1.05907206    0.85409844    0.81000435    0.66629905    0.63258144    0.74396559    0.63376545    0.51537690    0.32222019    0.29818745    0.00000000    0.27853494    0.41257065    0.50647820    0.88548425    0.81384593    0.89379403    0.74110659    0.79952126    0.86663863    0.93091826    0.94136931    0.89194166    0.94741369    0.88958264    0.88386893    0.77652857    0.73316141    0.79712234    0.87920327    1.01522804    1.08663161    1.08639742    1.13259503    0.97020890    1.01408498    1.09169520    1.08307443    1.07276678    0.97419540    1.00873689    0.97290705    2.51955631    1.39606142    1.26240917    1.33308049    1.30346025    1.60640780    1.13262395    1.49378352    1.39997092    1.45035397    1.31004741    1.36846045    1.34400373    1.22549051    1.31535525    1.44059090    1.48251145    1.33523117    1.41314548    1.40186684    1.40621644
F8PQF7_SERL3/123-233     1.18217074    1.10476181    1.21539370    1.49486461    1.83901020    1.95045639    1.93087824    1.89129849    1.03233566    0.85171892    0.81588959    0.76784389    0.64384958    0.79699800    0.48055020    0.39353378    0.30675104    0.32766985    0.27853494    0.00000000    0.27083561    0.60553299    0.92364193    0.84966562    0.77407672    0.75261028    0.83173294    0.79182439    0.89725295    0.90799581    0.95219787    0.91778081    0.79548083    0.84733416    0.69479470    0.66770868    0.86220171    0.90615735    1.14441771    1.08035735    1.02014917    1.12959218    0.96428215    1.02166725    1.10161527    1.10925516    1.05134642    1.08257286    1.06062545    1.05691431    2.73722166    1.50907186    1.43247299    1.49416754    1.38467024    1.48638385    1.15121219    1.66141262    1.51106634    1.50775654    1.34378671    1.45280096    1.22616207    1.22231719    1.32821877    1.28804842    1.46306162    1.40173062    1.47588348    1.38693305    1.35757165
D8PLF6_SCHCM/133-243     1.40023869    1.25699159    1.22782112    1.57463446    1.64861078    1.76950742    1.77759685    1.84595220    1.05378946    0.85512917    0.83709866    0.73321837    0.78297815    0.85239953    0.68244662    0.39536344    0.34982617    0.38087024    0.41257065    0.27083561    0.00000000    0.68440275    1.09120998    0.99791649    0.80625771    0.79862791    0.95574643    0.93013315    0.99547118    0.98140435    0.96317886    1.02161347    0.95957769    1.00206877    0.88915676    0.88428168    0.88812250    0.93595412    1.20612606    1.23985416    0.99754985    1.10654033    1.17056146    1.24392287    1.21492994    1.31379765    1.23973362    1.31513488    1.24437119    1.20152866    2.69016121    1.47791368    1.34751961    1.42562502    1.23394521    1.64812352    1.30440041    1.69900570    1.56545125    1.76263183    1.42597241    1.49824804    1.34955874    1.39643248    1.40692665    1.33894557    1.52981130    1.45798234    1.62916267    1.40012082    1.38693903
Q5KLM2_CRYNJ/146-256     1.15354753    1.10756486    1.36327313    1.58620136    2.15429112    2.13444239    2.14750083    1.93236868    0.92524967    0.72913248    0.72883204    0.67704517    0.73269829    0.79396906    0.73283729    0.76904177    0.66296165    0.69531985    0.50647820    0.60553299    0.68440275    0.00000000    0.91694953    0.86269792    0.66946250    0.84352085    0.75645572    0.72686747    0.79684965    0.81832048    0.67463174    0.74018363    0.82919763    0.78072229    0.78944057    0.62211560    0.67019165    0.74879598    0.98799788    0.98433259    0.90237066    0.86198598    0.90258718    0.81306438    0.91251400    1.01133693    0.85287225    0.82859645    0.87216686    0.86198698    2.48463012    1.38380368    1.30584996    1.32730480    1.43921389    1.58394735    1.32984396    1.68641064    1.48483316    1.59522225    1.41649462    1.43584442    1.32285480    1.37242851    1.37639119    1.45612950    1.29937846    1.34860955    1.24288517    1.14849414    1.28285296
B6K3H0_SCHJY/112-222     1.21968959    1.13493554    1.27162314    1.30183912    2.09362197    2.01705816    2.11883430    2.01099928    1.15532941    1.09583205    0.94238450    1.03807741    1.12939266    1.11500056    0.93930637    0.87603146    0.94172328    0.94483823    0.88548425    0.92364193    1.09120998    0.91694953    0.00000000    0.39918077    0.69727324    0.85811086    0.81524974    0.96110800    0.90611703    0.92988783    0.84847170    0.96276016    0.93084446    0.89399580    0.85570837    0.89742039    0.78064604    0.88249596    1.09071955    1.02727624    1.01015809    1.08218985    1.04167946    1.03751407    1.10830361    1.05926843    1.10779454    1.11387874    1.00375005    1.07214280    2.55575848    1.36960396    1.32256001    1.32699738    1.36768816    1.54759592    1.38937564    1.50287928    1.50549452    1.61666251    1.16091928    1.27387122    1.19524153    1.34489317    1.20253458    1.37816461    1.42161245    1.35077753    1.55033720    1.10351426    1.14928361
GPC1_SCHPO/111-221     1.30159257    1.20591445    1.23344521    1.35257670    2.07566494    2.00000697    2.09241343    1.93049091    1.11567792    1.09748746    1.06530283    0.95738975    0.99185530    1.02035637    0.83825237    0.86001218    0.92545261    0.92328129    0.81384593    0.84966562    0.99791649    0.86269792    0.39918077    0.00000000    0.63844990    0.81576602    0.72136690    0.83864525    0.87722707    0.85606034    0.79354215    0.92336052    0.92372089    0.83103813    0.84008835    0.79092130    0.86189182    0.83995231    1.09491537    1.03078308    0.94177383    1.01347443    0.92734354    1.04103712    1.14565399    1.10142883    1.13085256    1.13764857    1.04092743    1.11467807    2.23895964    1.51576241    1.38561463    1.47764339    1.46184496    1.55629174    1.28610273    1.74037321    1.69964609    1.77094953    1.28435382    1.46861002    1.16576617    1.26708702    1.10645048    1.33623882    1.52690354    1.46588435    1.47684819    1.23542594    1.29565808
M7NMV5_PNEMU/108-217     1.14050796    1.11564748    1.16293044    1.30960438    2.10349755    1.97518109    1.77498042    1.67396798    0.78891676    0.81691008    0.92695529    0.88823405    0.82056325    0.92088782    0.75665882    0.81833266    0.80949826    0.86049329    0.89379403    0.77407672    0.80625771    0.66946250    0.69727324    0.63844990    0.00000000    0.47407837    0.61903743    0.55154643    0.61423792    0.62108691    0.60501350    0.59495349    0.68364412    0.59726585    0.60628933    0.49679582    0.73049371    0.79069575    0.88402131    0.98094863    0.84859689    0.87106069    0.86168325    0.91160928    0.96631819    0.97644508    0.82050968    0.93868142    0.83911395    1.00356665    2.42811849    1.45620763    1.36231156    1.42256657    1.44919978    1.57083469    1.48555929    1.65950818    1.61271622    1.59305636    1.40918573    1.55178944    1.07035799    1.21056923    1.28481243    1.33580015    1.53705827    1.44905529    1.55189147    1.14928246    1.13317667
R4X8S8_TAPDE/115-225     1.23159723    1.29373271    1.14046523    1.24821974    1.95272726    1.78439244    1.63079620    1.57818978    0.90820169    0.81945791    1.00418795    0.71673319    0.87267562    0.89686723    0.78322511    0.78213674    0.73714171    0.83210232    0.74110659    0.75261028    0.79862791    0.84352085    0.85811086    0.81576602    0.47407837    0.00000000    0.67173251    0.69304952    0.76732203    0.73684235    0.73079055    0.75746878    0.69995975    0.66430842    0.67432681    0.54023689    0.72694318    0.80917159    1.05698664    0.99179586    0.86444236    0.88769900    0.80483675    0.88827591    0.84101732    0.82770400    0.75791388    0.90224913    0.76664496    0.82694376    2.30851566    1.46571144    1.34049330    1.44515752    1.48623929    1.59712989    1.47333364    1.59218626    1.62675126    1.70322298    1.29363908    1.48966353    1.29149854    1.31732781    1.40226628    1.31327045    1.61972978    1.41143627    1.57599113    1.24189642    1.30892495
G1XGT6_ARTOA/149-259     1.21301658    1.14786639    1.23741855    1.59799202    2.09934078    2.10094979    2.08078433    1.73319465    0.93071541    0.87662510    0.93551954    0.81816546    0.86770906    0.73305785    0.91947683    0.87829500    0.84306603    0.92862290    0.79952126    0.83173294    0.95574643    0.75645572    0.81524974    0.72136690    0.61903743    0.67173251    0.00000000    0.37418973    0.33968552    0.42018114    0.38091740    0.33377523    0.33290268    0.31939869    0.36086171    0.30425815    0.67324543    0.74963301    1.00028074    0.87926786    0.81832489    0.80489859    0.80577513    0.88068253    0.92316449    0.88485149    0.80629483    0.79241078    0.80848918    0.86251296    2.05683397    1.47561986    1.49360824    1.47921804    1.43747731    1.57867181    1.23144140    1.66489460    1.63876437    1.44467181    1.21301420    1.36540615    1.24656152    1.33484476    1.19904148    1.31651584    1.46722051    1.35049122    1.30753168    1.09145706    1.24009800
M7TB14_EUTLA/179-289     1.34745499    1.31163575    1.38394601    1.58321493    2.00590622    2.17820211    2.09419186    1.88048243    0.96492816    0.95782496    1.06613964    0.86077297    0.87774010    0.89935578    0.86400304    0.86389024    0.89461524    0.95157013    0.86663863    0.79182439    0.93013315    0.72686747    0.96110800    0.83864525    0.55154643    0.69304952    0.37418973    0.00000000    0.25419376    0.31165277    0.32463022    0.33723744    0.32018063    0.26641022    0.31513101    0.24214915    0.71737442    0.79552936    1.00152323    0.88854850    0.92159999    0.84108684    0.74812281    0.85982202    0.80956881    0.96003017    0.78575422    0.75073013    0.77613023    0.83517685    2.30046569    1.57062361    1.60283531    1.55063382    1.73238685    1.71081656    1.37751250    1.70288216    1.80438718    1.46005096    1.38681142    1.52434807    1.26220894    1.28936966    1.31426857    1.29587385    1.58113334    1.50630395    1.39876247    1.15891887    1.24241130
N1QGV8_SPHMS/230-340     1.21700706    1.22718360    1.18708323    1.68334694    2.11824498    2.18417877    2.21443071    1.82568329    1.02838929    1.00086362    1.00206417    0.91854030    0.92418930    0.88493419    0.99447518    1.03189348    1.03430231    1.11253279    0.93091826    0.89725295    0.99547118    0.79684965    0.90611703    0.87722707    0.61423792    0.76732203    0.33968552    0.25419376    0.00000000    0.29371006    0.27523459    0.24344712    0.29457543    0.24502128    0.32245829    0.29982304    0.76726356    0.75581323    1.01458311    0.77038465    0.79003339    0.76162873    0.78811555    0.82309594    0.84523436    0.94679190    0.78503882    0.80449848    0.83224718    0.77577860    2.14933979    1.43671288    1.42763546    1.40467935    1.48753632    1.85765113    1.24751991    1.75090310    1.73552639    1.45611064    1.14143737    1.27545219    1.32997194    1.45751142    1.29732060    1.29734809    1.36365322    1.30089831    1.39748896    1.08163847    1.26872301
Q0V5I5_PHANO/203-313     1.24829115    1.20311497    1.36117425    1.71755250    2.13935724    2.20496159    2.24193748    1.83686373    0.89996202    0.94463930    0.96698710    0.88791602    0.83732459    0.86790916    0.93416139    0.86455598    0.91919322    1.05744496    0.94136931    0.90799581    0.98140435    0.81832048    0.92988783    0.85606034    0.62108691    0.73684235    0.42018114    0.31165277    0.29371006    0.00000000    0.34285408    0.32778602    0.35391342    0.28351382    0.33358763    0.30104834    0.84782765    0.78741673    1.07428646    0.90094537    0.89194180    0.85588006    0.77737997    0.96718901    0.98638592    1.00575129    0.89587674    0.86289789    0.92478484    0.95975275    2.22711393    1.42877441    1.34894397    1.40157442    1.45220726    1.63409026    1.36436246    1.65591226    1.75574189    1.57209392    1.22704755    1.40500314    1.34352102    1.49283144    1.27338209    1.46055833    1.51263092    1.40238811    1.39258284    1.22036276    1.29554171
H6C111_EXODN/166-276     1.19047020    1.22356557    1.19370508    1.59857206    2.05114746    2.16423670    2.02929468    1.55378605    1.01665001    0.92677743    1.00855885    0.74486268    0.88098567    0.83988527    0.95551994    0.91995699    0.89058956    1.01639126    0.89194166    0.95219787    0.96317886    0.67463174    0.84847170    0.79354215    0.60501350    0.73079055    0.38091740    0.32463022    0.27523459    0.34285408    0.00000000    0.25390685    0.30767274    0.28799501    0.36830081    0.35004046    0.68742719    0.76221076    0.97300643    0.98760609    0.89262223    0.83148290    0.79524023    0.86112151    0.87741819    0.94425089    0.80477072    0.79367736    0.79045038    0.84482309    2.22389892    1.49194810    1.39729539    1.40500143    1.46934803    1.60516636    1.20658127    1.64951464    1.69918696    1.64502173    1.25067096    1.28982594    1.35870207    1.45941255    1.35196146    1.26807075    1.29185895    1.20011384    1.23072830    1.25114403    1.32104521
A1CJU3_ASPCL/172-282     1.26588280    1.28470589    1.31025614    1.67400221    1.89675917    2.15326954    1.98014159    1.70861948    0.98005323    0.95704503    0.99180974    0.92978986    0.88578586    0.88286744    0.99816697    0.93597355    0.90600916    1.10219100    0.94741369    0.91778081    1.02161347    0.74018363    0.96276016    0.92336052    0.59495349    0.75746878    0.33377523    0.33723744    0.24344712    0.32778602    0.25390685    0.00000000    0.30534557    0.29930083    0.33723704    0.31108714    0.75367788    0.70051949    1.03441728    0.97424007    0.87937932    0.77913310    0.75926011    0.83983413    0.86631692    1.00005449    0.76916229    0.81992465    0.79054060    0.88875574    2.29606549    1.53169299    1.51748920    1.52980116    1.62619235    1.76330388    1.37672890    1.82259767    1.69420745    1.55283358    1.27215621    1.37901221    1.38518539    1.42834757    1.37509498    1.15559471    1.34342805    1.30634602    1.27012974    1.21136444    1.26431854
A6R3T1_AJECN/169-279     1.24506763    1.27670306    1.21652980    1.63848760    1.96631442    2.09748289    1.83070751    1.73892883    0.98478306    1.01670001    0.93504461    0.80938494    0.73088674    0.78793822    0.96299986    0.88489706    0.85051657    0.94974343    0.88958264    0.79548083    0.95957769    0.82919763    0.93084446    0.92372089    0.68364412    0.69995975    0.33290268    0.32018063    0.29457543    0.35391342    0.30767274    0.30534557    0.00000000    0.26028716    0.35077769    0.31148519    0.73430829    0.91523333    1.10395196    0.90139655    0.91081128    0.89179561    0.84287393    0.95221233    0.93600184    1.05336393    0.82207683    0.89431795    0.89537181    0.90744448    2.29903627    1.42653999    1.39382409    1.40333187    1.60034679    1.58234638    1.13717908    1.82148161    1.66575179    1.55683589    1.04761920    1.37177678    1.34308133    1.47324488    1.28583438    1.18243102    1.39157662    1.31685620    1.22280735    1.12321668    1.39525646
S3CL17_GLAL2/266-376     1.15812185    1.19128389    1.33199127    1.53152607    2.00859154    2.13067338    2.01800453    1.74487516    0.97796443    1.01370294    0.98453531    0.81940164    0.81804109    0.84455765    0.92399312    0.89451359    0.92810788    0.95386983    0.88386893    0.84733416    1.00206877    0.78072229    0.89399580    0.83103813    0.59726585    0.66430842    0.31939869    0.26641022    0.24502128    0.28351382    0.28799501    0.29930083    0.26028716    0.00000000    0.33590942    0.27403951    0.73361051    0.84551523    1.09306646    0.81137351    0.84217693    0.83198543    0.82288627    0.92566658    0.88139354    1.01781364    0.75753630    0.79338332    0.77547030    0.80747368    2.33592421    1.64467202    1.56844835    1.58691669    1.61297775    1.83551399    1.27355811    1.79337645    1.82281273    1.56370949    1.19690249    1.36072878    1.38759960    1.52227694    1.40464415    1.31112841    1.49533900    1.34293055    1.32475831    1.09698074    1.30247441
G0SGH2_CHATD/208-318     1.25472754    1.18318186    1.27299921    1.61836943    2.01683680    1.98859745    2.14866064    1.70144894    0.94606941    0.84037139    0.96363248    0.85826464    0.88436642    0.88936051    0.82709679    0.79716704    0.74952873    0.95293554    0.77652857    0.69479470    0.88915676    0.78944057    0.85570837    0.84008835    0.60628933    0.67432681    0.36086171    0.31513101    0.32245829    0.33358763    0.36830081    0.33723704    0.35077769    0.33590942    0.00000000    0.24398649    0.80626282    0.78624892    0.99170726    0.93691604    0.89761753    0.88624537    0.80974726    0.86710300    0.95910514    0.99064094    0.86800257    0.91033509    0.84962491    0.92226194    2.16324025    1.37202780    1.37272127    1.36553045    1.49855365    1.66592384    1.25256084    1.54387269    1.57979304    1.47299146    1.19978170    1.41155609    1.29928793    1.36251706    1.29708603    1.24787337    1.31019733    1.44172257    1.41618290    1.09914964    1.27808543
G2Q855_MYCTT/181-291     1.22817351    1.17211573    1.14407881    1.59203022    1.89596158    2.11319040    1.96741866    1.79638260    0.98117736    0.79320637    0.88772319    0.74432210    0.73459785    0.76728881    0.71610698    0.80144373    0.76192851    0.88109242    0.73316141    0.66770868    0.88428168    0.62211560    0.89742039    0.79092130    0.49679582    0.54023689    0.30425815    0.24214915    0.29982304    0.30104834    0.35004046    0.31108714    0.31148519    0.27403951    0.24398649    0.00000000    0.66385025    0.70225555    0.93735372    0.79714974    0.72912281    0.73564333    0.67141773    0.74026818    0.82919149    0.86843328    0.74185386    0.74397182    0.71051467    0.76911294    2.12827552    1.46220723    1.47417165    1.45351825    1.49558816    1.57492648    1.20632674    1.58108878    1.59794744    1.46060715    1.23971281    1.35698417    1.11753050    1.16403951    1.21923383    1.17962166    1.38981652    1.32754259    1.29682996    1.16569111    1.27008341
Q6C010_YARLI/101-211     1.17522959    1.12699814    1.20176844    1.61906137    2.05038579    1.93340863    1.79162066    1.72849951    1.08653772    0.83568964    0.94924824    0.98266257    1.05723054    0.94654120    0.85333690    0.91368003    0.77972259    0.78307162    0.79712234    0.86220171    0.88812250    0.67019165    0.78064604    0.86189182    0.73049371    0.72694318    0.67324543    0.71737442    0.76726356    0.84782765    0.68742719    0.75367788    0.73430829    0.73361051    0.80626282    0.66385025    0.00000000    0.51678968    0.66604850    0.66145469    0.59120138    0.56308466    0.60428044    0.58297364    0.61916005    0.76143115    0.62908286    0.62362262    0.53004122    0.61046099    2.27927486    1.39776259    1.39958238    1.41880482    1.22291439    1.40958299    1.46361256    1.54623568    1.59461047    1.61235637    1.19702484    1.44353359    1.17117542    1.35035109    1.16421364    1.34343100    1.48535096    1.38894308    1.41911190    1.25113406    1.37640010
K0KUJ2_WICCF/165-275     1.33574062    1.34978917    1.04570182    1.60049427    2.08554578    2.33183673    1.84425293    1.77025172    1.18303876    0.94045182    1.15044618    1.04023279    1.13841650    0.90282114    0.99371543    0.77864481    0.75192840    0.90444426    0.87920327    0.90615735    0.93595412    0.74879598    0.88249596    0.83995231    0.79069575    0.80917159    0.74963301    0.79552936    0.75581323    0.78741673    0.76221076    0.70051949    0.91523333    0.84551523    0.78624892    0.70225555    0.51678968    0.00000000    0.65189600    0.53828372    0.51862871    0.46232363    0.43497639    0.56819335    0.56138721    0.62353933    0.49959462    0.59365848    0.46256675    0.56700783    2.45634995    1.44784256    1.45608734    1.47296787    1.24936206    1.56690359    1.55599883    1.79182915    1.70817278    1.70747785    1.44508129    1.48675155    1.20719844    1.39795502    1.44100387    1.35166050    1.53188021    1.33096069    1.45552841    1.20798764    1.39798642
W1QKV2_OGAPD/169-279     1.40112909    1.51209193    1.38251465    2.01125084    2.39042548    2.36036490    2.14870633    1.75105264    1.29833049    1.22013937    1.25859783    1.16893506    1.25880966    1.10358891    1.11076143    1.11984991    1.05110195    1.00625558    1.01522804    1.14441771    1.20612606    0.98799788    1.09071955    1.09491537    0.88402131    1.05698664    1.00028074    1.00152323    1.01458311    1.07428646    0.97300643    1.03441728    1.10395196    1.09306646    0.99170726    0.93735372    0.66604850    0.65189600    0.00000000    0.50330855    0.58728928    0.57129004    0.61485187    0.60205567    0.57300469    0.69002657    0.65660989    0.74416934    0.64071017    0.71497074    2.93047603    1.43700705    1.53074096    1.60960932    1.46450827    1.59503222    1.69992555    1.88671664    1.91075550    1.84542815    1.47434412    1.62963377    1.38971892    1.45071653    1.46672611    1.74628115    1.49676309    1.67167374    1.67353575    1.43299718    1.52687181
