22
SIM3_SCHPO/199-236     0.00000000    1.83656844    1.86322420    1.56985171    2.06604373    1.24922094    2.15487569    2.80482333    2.51111335    1.40787986    1.09750628    1.53720189    1.01753304    1.06847255    1.15469898    0.85921497    0.86808045    0.65849656    1.18128523    0.83679908    0.71335178    0.85306014
E9QE69_DANRE/186-223     1.83656844    0.00000000    1.69000856    1.23169293    1.24034731    1.43478005    2.09324379    1.89186098    2.58938862    1.80336691    1.76822616    2.00070725    2.04398625    1.97416172    2.00081456    1.41282055    1.37003197    1.45068089    1.22806954    1.33900396    1.37143384    1.28335158
A0E096_PARTE/164-201     1.86322420    1.69000856    0.00000000    2.35368308    2.39038184    2.94689343    2.34692229    1.94419937    1.87805689    2.16789529    2.43219238    2.31500908    1.66993810    1.73334049    2.13834363    1.98807451    1.71225349    1.39433513    2.22930981    1.54795851    1.31368594    2.15823288
NASP1_CAEEL/191-228     1.56985171    1.23169293    2.35368308    0.00000000    0.72125982    1.46540371    2.54062606    2.48327397    2.10579021    1.81685048    1.91698894    2.31813273    2.10446466    2.23846203    2.42775718    2.07346863    2.22745256    1.99744973    1.47100973    1.56384178    1.85994987    1.89401309
O17687_CAEEL/379-416     2.06604373    1.24034731    2.39038184    0.72125982    0.00000000    1.46343596    2.45613335    2.04571698    2.54586004    1.25955570    1.88410384    2.41908081    2.35781837    2.02602564    2.98862257    2.00082339    2.01827567    2.43341246    1.88328568    1.79728544    2.12667016    2.25988983
Q5KLE0_CRYNJ/202-239     1.24922094    1.43478005    2.94689343    1.46540371    1.46343596    0.00000000    1.41229969    2.18728931    1.71967008    2.04327147    1.42524555    1.49946875    1.60781376    1.68019651    1.88819467    1.35560992    1.48024748    1.14382764    1.48589421    1.09146391    1.19257936    1.23213940
Q7PGM3_ANOGA/248-285     2.15487569    2.09324379    2.34692229    2.54062606    2.45613335    1.41229969    0.00000000    1.37193363    1.67485643    2.03338442    2.19441216    1.51384698    1.75386381    2.31218940    1.79000396    1.67643414    1.92353429    1.82707249    2.35521626    2.07766140    1.80123780    1.94771689
Q7RNQ1_PLAYO/156-193     2.80482333    1.89186098    1.94419937    2.48327397    2.04571698    2.18728931    1.37193363    0.00000000    1.12350853    1.92952453    2.32126090    2.05993849    2.75896780    2.68413114    2.72389994    1.78436484    2.05930365    2.48058252    2.70117928    2.25501045    1.82509951    1.95981190
A7AVH2_BABBO/153-190     2.51111335    2.58938862    1.87805689    2.10579021    2.54586004    1.71967008    1.67485643    1.12350853    0.00000000    2.18332204    1.95349114    1.99035267    2.24420821    2.31338834    2.07106111    1.99926711    2.27094686    1.74154904    2.67519597    1.78447587    1.43388983    1.84558705
A4S0X5_OSTLU/160-197     1.40787986    1.80336691    2.16789529    1.81685048    1.25955570    2.04327147    2.03338442    1.92952453    2.18332204    0.00000000    1.41445209    1.59982464    1.73112290    1.66852924    1.78396339    1.56929340    1.45368346    1.89531166    1.47996787    2.05992354    1.55814654    1.59918788
A7EIS3_SCLS1/227-264     1.09750628    1.76822616    2.43219238    1.91698894    1.88410384    1.42524555    2.19441216    2.32126090    1.95349114    1.41445209    0.00000000    0.79092586    0.48853778    0.64690453    0.60761977    1.10874776    0.89161478    0.86855456    1.29512026    0.85385316    0.78362145    1.00711832
Q0UFD4_PHANO/211-248     1.53720189    2.00070725    2.31500908    2.31813273    2.41908081    1.49946875    1.51384698    2.05993849    1.99035267    1.59982464    0.79092586    0.00000000    0.80083534    0.83954047    0.87388735    1.25104664    1.24463857    1.46445305    1.67553349    1.64032095    1.34672098    1.60164652
A2QFK2_ASPNC/215-252     1.01753304    2.04398625    1.66993810    2.10446466    2.35781837    1.60781376    1.75386381    2.75896780    2.24420821    1.73112290    0.48853778    0.80083534    0.00000000    0.25226882    0.76186698    0.95301595    0.81533880    0.81958417    1.39231793    0.81413090    0.80375518    1.07661032
A6R1W7_AJECN/225-262     1.06847255    1.97416172    1.73334049    2.23846203    2.02602564    1.68019651    2.31218940    2.68413114    2.31338834    1.66852924    0.64690453    0.83954047    0.25226882    0.00000000    0.76384797    0.97000945    1.10894858    1.00660195    1.49518712    1.06713252    0.93336231    1.20373711
G4UDK5_NEUT9/260-296     1.15469898    2.00081456    2.13834363    2.42775718    2.98862257    1.88819467    1.79000396    2.72389994    2.07106111    1.78396339    0.60761977    0.87388735    0.76186698    0.76384797    0.00000000    1.41154764    1.53141827    1.05263921    1.48879153    1.16446995    0.98497187    1.32017440
Q6C817_YARLI/177-213     0.85921497    1.41282055    1.98807451    2.07346863    2.00082339    1.35560992    1.67643414    1.78436484    1.99926711    1.56929340    1.10874776    1.25104664    0.95301595    0.97000945    1.41154764    0.00000000    0.74485880    0.81472192    1.29340587    0.84939205    0.58167882    0.99644950
Q754F8_ASHGO/108-145     0.86808045    1.37003197    1.71225349    2.22745256    2.01827567    1.48024748    1.92353429    2.05930365    2.27094686    1.45368346    0.89161478    1.24463857    0.81533880    1.10894858    1.53141827    0.74485880    0.00000000    0.58983951    1.21832647    0.74332971    0.63243188    0.84152020
A3LXB4_PICST/205-242     0.65849656    1.45068089    1.39433513    1.99744973    2.43341246    1.14382764    1.82707249    2.48058252    1.74154904    1.89531166    0.86855456    1.46445305    0.81958417    1.00660195    1.05263921    0.81472192    0.58983951    0.00000000    0.78548442    0.39479329    0.35796901    0.64215699
A0A0D1DYN6_USTMA/203-240     1.18128523    1.22806954    2.22930981    1.47100973    1.88328568    1.48589421    2.35521626    2.70117928    2.67519597    1.47996787    1.29512026    1.67553349    1.39231793    1.49518712    1.48879153    1.29340587    1.21832647    0.78548442    0.00000000    0.77738129    0.81285429    1.02358260
A5DWT8_LODEL/216-253     0.83679908    1.33900396    1.54795851    1.56384178    1.79728544    1.09146391    2.07766140    2.25501045    1.78447587    2.05992354    0.85385316    1.64032095    0.81413090    1.06713252    1.16446995    0.84939205    0.74332971    0.39479329    0.77738129    0.00000000    0.31534829    0.68007351
A5DFU3_PICGU/183-220     0.71335178    1.37143384    1.31368594    1.85994987    2.12667016    1.19257936    1.80123780    1.82509951    1.43388983    1.55814654    0.78362145    1.34672098    0.80375518    0.93336231    0.98497187    0.58167882    0.63243188    0.35796901    0.81285429    0.31534829    0.00000000    0.55573071
Q6CS41_KLULA/211-248     0.85306014    1.28335158    2.15823288    1.89401309    2.25988983    1.23213940    1.94771689    1.95981190    1.84558705    1.59918788    1.00711832    1.60164652    1.07661032    1.20373711    1.32017440    0.99644950    0.84152020    0.64215699    1.02358260    0.68007351    0.55573071    0.00000000

