55
A8WPL9_CAEBR/7-299     0.00000000    1.89703061    2.47852403    2.81338644    2.30816336    2.62077548    2.89076691    2.72687992    2.51820868    2.45565430    2.19865127    2.37461388    2.29186174    2.44798861    2.55814225    2.70989307    2.38529137    2.45417199    2.66041499    2.68518004    2.39099849    2.22061426    2.25009920    2.58016984    2.71027424    1.75492754    1.99224686    1.60487476    2.65283164    2.19017370    2.27885848    2.17533831    2.28112223    2.41295504    2.41808899    2.69623122    2.04722141    2.13798300    2.50970227    2.80693765    2.37444271    2.29767658    2.37598047    2.20009225    2.16800818    2.05676051    2.19575419    2.23489673    2.10712861    2.17917394    1.95464087    1.85461020    1.79999260    1.83641650    1.77726769
Q9XVD3_CAEEL/9-302     1.89703061    0.00000000    2.69964238    2.50311791    2.34474099    2.48191805    2.46306346    2.61106521    2.62764812    2.64629511    2.55193358    2.42469349    2.67360128    2.72832847    2.55104775    2.69519994    2.39144176    2.39009643    2.84077667    3.02541941    2.32122153    2.33928247    2.32449740    2.59416177    2.82195925    2.34194222    2.13179641    2.17685744    2.88662384    2.66243647    2.62057667    2.70520418    2.62903663    2.32683838    2.43935442    2.60110792    2.19575569    2.21345961    2.50012418    2.51934915    2.53064336    2.38478872    2.51462216    2.39281597    2.21230423    2.26532724    2.35074593    2.52849381    2.30717700    2.36140052    2.04850160    1.85945346    1.97614141    2.11382138    2.03870249
SRD32_CAEEL/10-301     2.47852403    2.69964238    0.00000000    1.15800118    2.08202285    1.95903065    2.15558794    2.16747447    2.50753062    2.21240031    2.04872215    1.88623708    2.34304321    2.24006676    2.44567746    2.24344255    2.17529766    2.25379998    2.60309969    2.72823907    2.25210039    2.41087249    2.38073862    2.12243780    2.18168223    2.75018631    2.88397091    2.81274691    3.15848436    2.80718353    2.76781618    2.78366493    2.80550219    3.05637465    3.01013652    3.22315883    2.59508180    2.44074124    2.54566390    2.67775773    2.83777260    3.01524212    2.98959029    3.12674341    3.16132978    2.77416653    2.94792714    3.28143242    3.21149367    3.15292768    2.50265914    2.48571884    2.61790050    2.74585581    2.67002143
SRD33_CAEEL/27-319     2.81338644    2.50311791    1.15800118    0.00000000    2.06239043    2.35398723    2.31096126    2.35122740    2.33539486    2.06619236    2.27193584    2.12626409    2.58559686    2.34175199    2.64554416    2.53550161    2.45478388    2.35240041    2.92080284    2.81158743    2.39867007    2.38182709    2.49506034    2.40298610    2.13583478    2.49019069    2.72056889    2.66125089    3.03977598    3.06011784    2.89244215    2.97562512    3.08616580    3.19244072    2.88410520    3.11154088    2.53980091    2.58348534    2.70276997    2.73768208    2.94751467    3.00080420    2.88243664    3.05755876    2.74464881    2.80054357    3.04523318    3.18251246    3.18551510    2.81009443    2.04120652    2.34661558    2.34224362    2.72364974    2.41007806
Q3V5K2_CAEEL/19-311     2.30816336    2.34474099    2.08202285    2.06239043    0.00000000    1.73146252    1.87355462    1.82527279    2.15773731    2.06021654    1.84520568    1.72077020    1.89445991    2.17909379    2.30138638    1.92241074    1.82590315    1.79356420    2.54480764    2.34641677    1.87608111    1.89832787    2.04036196    2.09544955    1.93933843    2.48255864    2.83706146    2.52150503    3.20864011    3.13666815    3.16976037    3.32491186    3.07981787    3.42117632    3.30774823    3.42626452    2.65874061    2.74776274    3.05517835    3.14346146    2.96731710    3.03787988    3.10743339    3.55385279    3.45033834    3.16667330    3.23222242    3.42086909    3.54199569    3.73095994    2.70212647    2.37194543    2.29601557    2.75027355    2.46003009
SRD3_CAEEL/19-316     2.62077548    2.48191805    1.95903065    2.35398723    1.73146252    0.00000000    1.00065975    0.88999655    1.98311908    1.88844816    1.59419233    1.60920868    1.72217337    1.81648231    1.90171473    1.70672653    1.64074270    1.60681849    2.17318685    2.20962426    1.51034031    1.62236865    1.48967844    1.65669729    1.66577561    2.55177672    2.28249076    2.60730504    3.08985561    3.40111397    3.20784406    3.22228384    3.17542281    3.61477606    3.43764285    3.39216882    3.14309390    3.20660032    3.33682523    3.33371301    3.33434391    3.30402978    3.31881848    3.18677814    3.18068633    2.94691298    2.78501798    2.99381917    3.09005840    3.11489501    2.64206570    2.45629328    2.52727055    2.59684354    2.64108677
SRD2_CAEEL/24-321     2.89076691    2.46306346    2.15558794    2.31096126    1.87355462    1.00065975    0.00000000    0.65646425    1.94194501    1.88841702    1.60847688    1.68073241    1.74448533    1.90872460    2.04691356    1.68825990    1.54367617    1.45433863    2.55626027    2.52247070    1.76329894    1.80361666    1.74205413    1.70844158    1.59145757    2.53498013    2.29856127    2.64954422    3.55696280    3.51093004    3.18045326    3.46610723    3.42331289    3.67492399    3.98072825    4.22697085    3.00142225    3.10022030    3.44290914    3.48520206    3.18897526    3.12033461    3.13863208    3.17186056    3.09064972    2.93164750    3.02393467    2.95700506    3.32175156    3.07457532    2.79986567    2.62581896    2.54240776    2.96979774    2.95225604
SRD1_CAEEL/28-324     2.72687992    2.61106521    2.16747447    2.35122740    1.82527279    0.88999655    0.65646425    0.00000000    1.82043226    1.72088079    1.80960684    1.61240729    1.63538590    1.81697086    1.92193554    1.65201500    1.46541851    1.43760262    2.38343013    2.48074234    1.74802949    1.82816816    1.66165301    1.66689255    1.61499137    2.35990160    2.79310819    2.67361058    3.22287205    3.15169912    3.03540906    3.23409005    3.04617607    3.14369071    3.28946265    3.16779766    2.77668663    2.62835287    3.08006061    3.40500977    3.19412856    3.10585630    3.04796727    2.89543615    2.86676388    2.77207300    2.79703856    2.97370096    3.18740212    2.97055580    2.59754293    2.62578054    2.56946725    2.50786472    3.05517694
A8Y402_CAEBR/6-294     2.51820868    2.62764812    2.50753062    2.33539486    2.15773731    1.98311908    1.94194501    1.82043226    0.00000000    0.30060651    1.77286666    1.75078725    1.55489637    1.84774470    1.77800486    1.58602666    1.31490568    1.35169563    2.29000608    2.34341732    1.58088431    1.71074166    1.70647360    1.84275177    1.71466936    2.50773013    2.33627885    2.67526328    3.04269300    3.24688419    2.96166231    2.99491485    2.82524483    3.35735116    3.11507290    3.53915855    2.75096824    2.88683832    2.94075297    3.04195708    2.91454977    2.83157302    2.80254322    3.22641843    3.19261297    3.10928902    3.25025059    3.41910604    3.59241797    3.34099801    2.64027939    2.42098055    2.50208077    2.67626409    2.69859592
Q23648_CAEEL/7-294     2.45565430    2.64629511    2.21240031    2.06619236    2.06021654    1.88844816    1.88841702    1.72088079    0.30060651    0.00000000    1.77050106    1.83226535    1.54678106    1.75519037    1.74416097    1.56313955    1.29837106    1.37767804    2.29792507    2.27971935    1.62621634    1.65327091    1.69929867    1.73643432    1.66425777    2.48321527    2.40483597    2.59679098    3.10862494    3.32864774    2.96701032    2.94224929    2.84940845    3.39390431    3.04928883    3.58757152    2.74597373    2.89124330    2.89853013    3.02812707    2.99031540    2.77191024    2.84645630    3.06038992    3.06662524    3.00932502    3.21939601    3.20043559    3.48521475    3.07594461    2.47665090    2.35743928    2.39965327    2.46746910    2.53982167
Q9GS01_CAEEL/7-297     2.19865127    2.55193358    2.04872215    2.27193584    1.84520568    1.59419233    1.60847688    1.80960684    1.77286666    1.77050106    0.00000000    0.33978331    1.38670657    1.41151830    1.74005744    1.37157927    1.28727623    1.26095777    2.35414437    2.30798052    1.22433073    1.44457502    1.28619702    1.34684426    1.44821635    2.44262406    2.56816961    2.47173600    3.04350154    3.13634470    2.94432513    2.92720408    2.98668077    3.50696160    3.31696473    3.34011380    2.76894911    2.77716679    2.97857133    3.02182978    3.04259125    2.82984246    2.81662292    3.33009766    3.28616390    3.28390481    3.31928287    2.93000675    3.06549598    3.24829041    2.57694187    2.55226187    2.64833123    2.64367206    2.68935691
A8X966_CAEBR/6-296     2.37461388    2.42469349    1.88623708    2.12626409    1.72077020    1.60920868    1.68073241    1.61240729    1.75078725    1.83226535    0.33978331    0.00000000    1.22059494    1.50321899    1.65346600    1.33176548    1.21598293    1.15752502    2.12203443    2.00376311    1.16848886    1.24692409    1.25298936    1.24700307    1.33029000    2.45815410    2.59263491    2.40488966    3.00760827    3.06657753    3.10424882    3.17569625    3.11657690    3.22515986    3.28503437    3.40882283    2.87032314    2.76847259    2.97863415    3.20173029    3.14725140    2.96768407    3.06381293    3.18467377    3.14543668    3.15330322    3.18594766    3.03723846    3.26472925    3.25702901    2.36459214    2.35091387    2.44445566    2.62699292    2.52324789
Q20721_CAEEL/9-298     2.29186174    2.67360128    2.34304321    2.58559686    1.89445991    1.72217337    1.74448533    1.63538590    1.55489637    1.54678106    1.38670657    1.22059494    0.00000000    1.28938451    1.44713073    1.20383598    0.79795602    0.77260457    2.00046202    2.00696521    1.11365873    1.30940712    1.23372457    1.16065331    1.37556414    2.56499304    2.66579956    2.55874389    3.31453479    3.02765840    2.91165189    3.00560837    2.93770128    3.41525172    3.39856427    3.73920962    2.72790875    3.03420011    3.23404024    3.61283999    3.37766764    3.12184103    3.01137064    3.36397449    3.44318351    3.12741153    3.15340856    3.53100093    3.54005332    3.46314688    2.44114284    2.55809249    2.43085787    2.61082619    2.49674013
Q22594_CAEEL/5-295     2.44798861    2.72832847    2.24006676    2.34175199    2.17909379    1.81648231    1.90872460    1.81697086    1.84774470    1.75519037    1.41151830    1.50321899    1.28938451    0.00000000    1.10140375    1.21919025    1.07477816    1.12742376    2.18999568    2.01885819    1.34354317    1.43895647    1.42702239    1.45549739    1.50084991    2.42834611    2.46022063    2.64601089    3.47501539    3.25740329    2.79623295    2.82260879    2.83794824    3.13405966    3.28020259    3.41969665    2.76189015    2.80606948    2.86948044    3.75566291    3.08432087    3.11894830    3.03212776    3.23378872    3.04397368    3.07577587    3.18365555    3.00459692    3.34223089    3.36796511    2.33484946    2.38252496    2.48740065    2.78617713    2.63045066
SRD7_CAEEL/8-296     2.55814225    2.55104775    2.44567746    2.64554416    2.30138638    1.90171473    2.04691356    1.92193554    1.77800486    1.74416097    1.74005744    1.65346600    1.44713073    1.10140375    0.00000000    1.47162339    1.22846701    1.27146492    1.95206994    2.05673706    1.59034080    1.53296793    1.58490473    1.63753895    1.77162389    2.77324753    2.87880441    2.80627038    3.56623439    3.49048264    3.28686341    3.31230744    3.27700506    3.55631480    3.60947331    3.80028045    3.25004836    3.46786998    3.47746432    3.61030276    3.26041073    3.10021802    2.99145036    3.05048972    3.25439666    3.06815894    3.13136739    3.32516727    3.52830802    3.29433419    2.74793384    2.65998321    2.74332545    2.92654117    2.67793791
Q9NAH9_CAEEL/7-297     2.70989307    2.69519994    2.24344255    2.53550161    1.92241074    1.70672653    1.68825990    1.65201500    1.58602666    1.56313955    1.37157927    1.33176548    1.20383598    1.21919025    1.47162339    0.00000000    0.84238491    0.92816248    1.94705483    1.90641745    1.30883685    1.44255660    1.32642860    1.34522029    1.50619108    2.48955409    2.47949471    2.43797737    3.51817881    3.12898207    2.99028997    3.16317214    2.80118689    3.11373021    3.58699902    3.38012518    2.68849027    2.73105946    2.95371702    3.47548394    2.94803535    2.89361323    2.84517850    2.88788068    2.89549376    2.80828889    2.77691454    2.84108325    2.75496176    3.01017322    2.44982359    2.35000550    2.41371259    2.41383771    2.47607593
Q18552_CAEEL/8-298     2.38529137    2.39144176    2.17529766    2.45478388    1.82590315    1.64074270    1.54367617    1.46541851    1.31490568    1.29837106    1.28727623    1.21598293    0.79795602    1.07477816    1.22846701    0.84238491    0.00000000    0.24903804    1.88563867    1.79212041    0.97831812    1.09808691    1.05618858    1.16023751    1.27652430    2.52249241    2.47343781    2.54398997    3.29320137    3.29523496    2.95986453    3.16852683    2.94874086    3.39659615    3.39497583    3.63022712    2.86914072    3.08820118    3.20881264    3.68514528    3.13405030    3.21986159    3.00524046    3.01921004    3.06909270    3.13723473    3.19072754    3.20775744    3.13732946    3.47678122    2.32743447    2.29472380    2.37759138    2.51398778    2.56845627
Q95ZX2_CAEEL/8-298     2.45417199    2.39009643    2.25379998    2.35240041    1.79356420    1.60681849    1.45433863    1.43760262    1.35169563    1.37767804    1.26095777    1.15752502    0.77260457    1.12742376    1.27146492    0.92816248    0.24903804    0.00000000    1.83706802    1.91737052    0.95974925    1.09361032    1.07516722    1.13142583    1.20996464    2.60027394    2.43603866    2.52879386    3.33627366    3.21609309    2.99777163    3.13722498    2.91862866    3.48462321    3.52036147    3.67618556    2.77350819    3.09838085    3.06331528    3.54540465    3.22116416    3.11014578    2.88555593    3.13923089    3.28046626    3.14909973    3.25396233    3.11442424    3.17917283    3.33239583    2.30118637    2.39364825    2.41890481    2.60231252    2.42145042
Q9XWA0_CAEEL/6-296     2.66041499    2.84077667    2.60309969    2.92080284    2.54480764    2.17318685    2.55626027    2.38343013    2.29000608    2.29792507    2.35414437    2.12203443    2.00046202    2.18999568    1.95206994    1.94705483    1.88563867    1.83706802    0.00000000    0.85317909    1.96324919    1.99817388    1.92294367    1.98777565    2.22044062    2.92833776    2.94808271    3.29238332    3.42860953    3.58440052    3.42586688    3.46542871    3.30366416    3.31409239    3.44331845    3.76755232    3.25474868    3.49241393    3.19607685    3.34802603    3.00845761    3.37426597    3.20737896    3.19347148    3.18911137    2.98795318    3.10785069    2.94872726    3.25328000    3.35269883    3.13706797    3.28534257    3.21480883    2.96879682    3.06958241
A8WYX9_CAEBR/3-288     2.68518004    3.02541941    2.72823907    2.81158743    2.34641677    2.20962426    2.52247070    2.48074234    2.34341732    2.27971935    2.30798052    2.00376311    2.00696521    2.01885819    2.05673706    1.90641745    1.79212041    1.91737052    0.85317909    0.00000000    1.94794494    1.89371780    1.98324089    1.86080702    2.13602008    3.00997018    3.04317664    3.46264081    3.21478548    3.27077962    3.25224154    3.22381290    3.07701493    3.01485943    3.25906902    3.28634479    2.90067272    3.11637937    3.39661043    3.35129677    3.14566070    3.11940177    3.05515354    3.37991544    3.29976968    3.29816665    3.36807365    3.46446736    3.68237121    3.54931198    2.95074211    2.94552417    3.03533210    2.95894042    2.89814264
A8X2X2_CAEBR/5-297     2.39099849    2.32122153    2.25210039    2.39867007    1.87608111    1.51034031    1.76329894    1.74802949    1.58088431    1.62621634    1.22433073    1.16848886    1.11365873    1.34354317    1.59034080    1.30883685    0.97831812    0.95974925    1.96324919    1.94794494    0.00000000    0.51096105    0.44591541    0.98587498    1.13910128    2.46799365    2.44417483    2.31535267    3.28195670    3.36595594    2.64738780    2.73921553    2.61629378    3.52388566    3.20167558    3.58011598    3.04722641    3.20960101    3.25377004    3.39801001    3.13189065    3.35470964    3.43710655    3.48555147    3.28419053    3.23967852    3.40290158    3.37907798    3.47778088    3.20350190    2.44652670    2.59306448    2.58608254    2.54738225    2.53278154
SRD18_CAEEL/5-299     2.22061426    2.33928247    2.41087249    2.38182709    1.89832787    1.62236865    1.80361666    1.82816816    1.71074166    1.65327091    1.44457502    1.24692409    1.30940712    1.43895647    1.53296793    1.44255660    1.09808691    1.09361032    1.99817388    1.89371780    0.51096105    0.00000000    0.44897531    0.94463416    1.14548594    2.44537717    2.64172778    2.25708173    3.13849163    3.20130436    2.92813563    3.00228694    2.95937562    3.34754094    2.99082317    3.55223034    2.83080169    3.03900968    2.86903164    3.23161270    3.32344492    3.34350045    3.19003931    3.13682905    3.13528889    3.05932461    3.15137297    3.31157010    3.21358052    3.06339400    2.26602977    2.61292874    2.53718726    2.50107819    2.43231766
Q9U2P4_CAEEL/5-299     2.25009920    2.32449740    2.38073862    2.49506034    2.04036196    1.48967844    1.74205413    1.66165301    1.70647360    1.69929867    1.28619702    1.25298936    1.23372457    1.42702239    1.58490473    1.32642860    1.05618858    1.07516722    1.92294367    1.98324089    0.44591541    0.44897531    0.00000000    0.95539866    1.13026432    2.40165294    2.57853864    2.26730446    3.30470113    3.35087963    2.86541868    2.88664324    2.87830394    3.45085754    3.08736536    3.62905172    3.04080551    3.17052578    3.19212554    3.50547486    3.17751203    3.57642718    3.42021648    3.27127177    3.23508970    3.21089109    3.26986722    3.42133122    3.32741828    3.23332024    2.39496597    2.54062879    2.42003439    2.51576630    2.51597737
O01468_CAEEL/11-305     2.58016984    2.59416177    2.12243780    2.40298610    2.09544955    1.65669729    1.70844158    1.66689255    1.84275177    1.73643432    1.34684426    1.24700307    1.16065331    1.45549739    1.63753895    1.34522029    1.16023751    1.13142583    1.98777565    1.86080702    0.98587498    0.94463416    0.95539866    0.00000000    0.71714576    2.42505692    2.42307185    2.59954715    3.70013151    3.26048215    3.11458338    3.15504497    3.07090650    3.27910873    3.47017858    3.94365768    3.00196819    3.04040089    3.08602586    3.33748785    3.27052265    3.36824038    3.34006545    3.19244176    3.15539870    3.10946801    3.15252255    2.75265005    2.98167509    3.44055387    2.30497918    2.31696929    2.29684786    2.54802381    2.22753160
O01466_CAEEL/11-305     2.71027424    2.82195925    2.18168223    2.13583478    1.93933843    1.66577561    1.59145757    1.61499137    1.71466936    1.66425777    1.44821635    1.33029000    1.37556414    1.50084991    1.77162389    1.50619108    1.27652430    1.20996464    2.22044062    2.13602008    1.13910128    1.14548594    1.13026432    0.71714576    0.00000000    2.40688797    2.34223980    2.60473551    3.48274075    3.34805767    3.19017665    3.29506993    3.15665853    3.56305311    3.74618364    3.49074294    3.12054802    3.04553996    2.77646345    3.37844192    3.23234120    3.30433919    3.28161509    3.18427740    3.11618772    2.73585884    2.79696904    2.71739839    2.94136347    3.10431945    2.33699358    2.30773760    2.43470684    2.61241401    2.27247954
SRD51_CAEEL/12-301     1.75492754    2.34194222    2.75018631    2.49019069    2.48255864    2.55177672    2.53498013    2.35990160    2.50773013    2.48321527    2.44262406    2.45815410    2.56499304    2.42834611    2.77324753    2.48955409    2.52249241    2.60027394    2.92833776    3.00997018    2.46799365    2.44537717    2.40165294    2.42505692    2.40688797    0.00000000    1.65220291    1.30105412    2.21136097    2.06582030    2.20964148    2.38912953    2.33165501    1.95789025    2.42702576    2.40036982    2.09268615    2.09849231    2.47252919    2.72474030    2.10850201    2.08540942    2.07677527    2.03137590    1.90171478    2.11642030    2.09141008    2.08869596    2.11066753    2.22020268    1.93550353    1.78410851    1.79961483    1.80086919    1.65996400
Q21705_CAEEL/10-300     1.99224686    2.13179641    2.88397091    2.72056889    2.83706146    2.28249076    2.29856127    2.79310819    2.33627885    2.40483597    2.56816961    2.59263491    2.66579956    2.46022063    2.87880441    2.47949471    2.47343781    2.43603866    2.94808271    3.04317664    2.44417483    2.64172778    2.57853864    2.42307185    2.34223980    1.65220291    0.00000000    1.39289241    2.70819801    2.42277775    2.47601280    2.52153841    2.40854995    2.32317233    2.38241691    2.56979292    2.23067589    2.23908193    2.42310482    2.85114361    2.29998646    2.07087750    2.07815758    2.09782390    2.09107818    2.12934018    2.10694348    2.20310992    2.18593977    2.09361979    1.95457102    1.98107037    1.99975079    2.05876937    1.89104446
SRD50_CAEEL/13-313     1.60487476    2.17685744    2.81274691    2.66125089    2.52150503    2.60730504    2.64954422    2.67361058    2.67526328    2.59679098    2.47173600    2.40488966    2.55874389    2.64601089    2.80627038    2.43797737    2.54398997    2.52879386    3.29238332    3.46264081    2.31535267    2.25708173    2.26730446    2.59954715    2.60473551    1.30105412    1.39289241    0.00000000    2.49095102    2.14911539    2.24140415    2.26727281    2.08109700    2.16824860    2.24944532    2.20013905    1.90486488    1.88238061    2.37651509    2.57659575    2.22851195    2.11946240    2.05948165    2.10170222    2.03483773    2.04526089    2.24755132    2.29767287    2.24773018    2.22017363    1.87210819    1.75690930    1.72059279    1.89650042    1.91342774
Q22011_CAEEL/20-313     2.65283164    2.88662384    3.15848436    3.03977598    3.20864011    3.08985561    3.55696280    3.22287205    3.04269300    3.10862494    3.04350154    3.00760827    3.31453479    3.47501539    3.56623439    3.51817881    3.29320137    3.33627366    3.42860953    3.21478548    3.28195670    3.13849163    3.30470113    3.70013151    3.48274075    2.21136097    2.70819801    2.49095102    0.00000000    1.82775717    1.87788203    2.01852421    1.78313814    2.21043295    2.15678011    2.21682798    1.47809205    1.54085758    1.70065339    1.90297896    2.02134367    1.78748203    1.76230000    2.66897043    2.63528888    2.81656532    2.72621666    2.56744391    2.70558250    2.77528218    2.55899964    2.50271752    2.58554679    2.31658917    2.30286073
SRD41_CAEEL/11-303     2.19017370    2.66243647    2.80718353    3.06011784    3.13666815    3.40111397    3.51093004    3.15169912    3.24688419    3.32864774    3.13634470    3.06657753    3.02765840    3.25740329    3.49048264    3.12898207    3.29523496    3.21609309    3.58440052    3.27077962    3.36595594    3.20130436    3.35087963    3.26048215    3.34805767    2.06582030    2.42277775    2.14911539    1.82775717    0.00000000    1.03300506    1.12169670    1.11217580    1.17735013    1.34453091    1.02875627    0.83570832    0.86107673    1.33243958    1.38846215    1.49231913    1.30803439    1.23587179    2.67713701    2.55335221    2.44250411    2.56834222    2.68693413    2.56452074    2.73553523    2.33436264    2.33076901    2.33918854    2.12468366    2.14359852
Q21717_CAEEL/6-297     2.27885848    2.62057667    2.76781618    2.89244215    3.16976037    3.20784406    3.18045326    3.03540906    2.96166231    2.96701032    2.94432513    3.10424882    2.91165189    2.79623295    3.28686341    2.99028997    2.95986453    2.99777163    3.42586688    3.25224154    2.64738780    2.92813563    2.86541868    3.11458338    3.19017665    2.20964148    2.47601280    2.24140415    1.87788203    1.03300506    0.00000000    0.34163299    0.28798647    1.32470201    1.29346243    1.27999965    1.15411695    1.23369300    1.50307929    1.70904634    1.52885891    1.44413693    1.38375225    2.82030881    2.67388580    2.54395775    2.46782590    2.71843069    2.53414958    2.64027408    2.42637969    2.34373416    2.38730128    2.36261527    2.28587489
Q21715_CAEEL/6-297     2.17533831    2.70520418    2.78366493    2.97562512    3.32491186    3.22228384    3.46610723    3.23409005    2.99491485    2.94224929    2.92720408    3.17569625    3.00560837    2.82260879    3.31230744    3.16317214    3.16852683    3.13722498    3.46542871    3.22381290    2.73921553    3.00228694    2.88664324    3.15504497    3.29506993    2.38912953    2.52153841    2.26727281    2.01852421    1.12169670    0.34163299    0.00000000    0.35098408    1.37696116    1.39078296    1.29599884    1.18651868    1.28589638    1.54190567    1.78553510    1.62589692    1.47936135    1.46957505    2.87567503    2.76412361    2.64112142    2.55204305    2.82388748    2.63117111    2.63168856    2.39483177    2.27017215    2.33847948    2.30364996    2.33946710
SRD44_CAEEL/6-294     2.28112223    2.62903663    2.80550219    3.08616580    3.07981787    3.17542281    3.42331289    3.04617607    2.82524483    2.84940845    2.98668077    3.11657690    2.93770128    2.83794824    3.27700506    2.80118689    2.94874086    2.91862866    3.30366416    3.07701493    2.61629378    2.95937562    2.87830394    3.07090650    3.15665853    2.33165501    2.40854995    2.08109700    1.78313814    1.11217580    0.28798647    0.35098408    0.00000000    1.36347419    1.30330824    1.33463220    1.15616805    1.21347666    1.59322506    1.73974536    1.58475483    1.45843981    1.43204817    2.87796622    2.68730359    2.61860993    2.59963158    2.68510926    2.59326748    2.74620595    2.51663582    2.31394627    2.28546907    2.29850074    2.40073314
SRD45_CAEEL/6-295     2.41295504    2.32683838    3.05637465    3.19244072    3.42117632    3.61477606    3.67492399    3.14369071    3.35735116    3.39390431    3.50696160    3.22515986    3.41525172    3.13405966    3.55631480    3.11373021    3.39659615    3.48462321    3.31409239    3.01485943    3.52388566    3.34754094    3.45085754    3.27910873    3.56305311    1.95789025    2.32317233    2.16824860    2.21043295    1.17735013    1.32470201    1.37696116    1.36347419    0.00000000    1.02682304    0.85636332    1.32425950    1.30745653    1.71529453    1.79720144    1.89107199    1.69683941    1.59926875    2.52143429    2.44183864    2.62219432    2.42865044    2.41786070    2.34013628    2.52491154    2.44651882    2.55615968    2.44023356    2.30589932    2.39156744
SRD46_CAEEL/6-298     2.41808899    2.43935442    3.01013652    2.88410520    3.30774823    3.43764285    3.98072825    3.28946265    3.11507290    3.04928883    3.31696473    3.28503437    3.39856427    3.28020259    3.60947331    3.58699902    3.39497583    3.52036147    3.44331845    3.25906902    3.20167558    2.99082317    3.08736536    3.47017858    3.74618364    2.42702576    2.38241691    2.24944532    2.15678011    1.34453091    1.29346243    1.39078296    1.30330824    1.02682304    0.00000000    0.88044806    1.31324929    1.20882454    1.53373182    1.82526217    1.94097517    1.91787440    1.81781252    2.73855011    2.76370792    2.92718244    2.52805924    2.69351670    2.53022937    2.69501030    2.87079383    2.80292573    2.52018410    2.46938098    2.52591268
SRD47_CAEEL/6-298     2.69623122    2.60110792    3.22315883    3.11154088    3.42626452    3.39216882    4.22697085    3.16779766    3.53915855    3.58757152    3.34011380    3.40882283    3.73920962    3.41969665    3.80028045    3.38012518    3.63022712    3.67618556    3.76755232    3.28634479    3.58011598    3.55223034    3.62905172    3.94365768    3.49074294    2.40036982    2.56979292    2.20013905    2.21682798    1.02875627    1.27999965    1.29599884    1.33463220    0.85636332    0.88044806    0.00000000    1.23064162    1.28196700    1.54253736    1.68279804    1.83500805    1.69019062    1.58355579    2.83907573    2.65151495    2.66411538    2.51301051    2.67387947    2.55410885    2.67280944    2.75278530    2.52948059    2.66831160    2.33239427    2.31612977
A8WZJ6_CAEBR/10-302     2.04722141    2.19575569    2.59508180    2.53980091    2.65874061    3.14309390    3.00142225    2.77668663    2.75096824    2.74597373    2.76894911    2.87032314    2.72790875    2.76189015    3.25004836    2.68849027    2.86914072    2.77350819    3.25474868    2.90067272    3.04722641    2.83080169    3.04080551    3.00196819    3.12054802    2.09268615    2.23067589    1.90486488    1.47809205    0.83570832    1.15411695    1.18651868    1.15616805    1.32425950    1.31324929    1.23064162    0.00000000    0.42491069    1.08513953    1.11199684    1.33396968    1.11277479    1.08834017    2.50299857    2.43199860    2.36366503    2.36786600    2.51621760    2.36753742    2.28497353    2.19370681    2.05472246    2.02564878    2.16572301    2.15412147
SRD40_CAEEL/10-302     2.13798300    2.21345961    2.44074124    2.58348534    2.74776274    3.20660032    3.10022030    2.62835287    2.88683832    2.89124330    2.77716679    2.76847259    3.03420011    2.80606948    3.46786998    2.73105946    3.08820118    3.09838085    3.49241393    3.11637937    3.20960101    3.03900968    3.17052578    3.04040089    3.04553996    2.09849231    2.23908193    1.88238061    1.54085758    0.86107673    1.23369300    1.28589638    1.21347666    1.30745653    1.20882454    1.28196700    0.42491069    0.00000000    1.14280995    1.19247909    1.29009491    1.10857212    1.15492603    2.36839045    2.45505621    2.41382029    2.45118660    2.58914384    2.45700969    2.51646269    2.16061502    1.96187388    1.97665720    2.16489080    2.30018833
Q21716_CAEEL/11-300     2.50970227    2.50012418    2.54566390    2.70276997    3.05517835    3.33682523    3.44290914    3.08006061    2.94075297    2.89853013    2.97857133    2.97863415    3.23404024    2.86948044    3.47746432    2.95371702    3.20881264    3.06331528    3.19607685    3.39661043    3.25377004    2.86903164    3.19212554    3.08602586    2.77646345    2.47252919    2.42310482    2.37651509    1.70065339    1.33243958    1.50307929    1.54190567    1.59322506    1.71529453    1.53373182    1.54253736    1.08513953    1.14280995    0.00000000    0.91173043    1.53651079    1.47595802    1.48216507    2.73314676    2.63527358    2.63471437    2.79329890    2.74020027    2.51844269    2.53973688    2.38487704    2.05853893    2.16759222    2.21030874    2.39233213
A8WZJ2_CAEBR/12-301     2.80693765    2.51934915    2.67775773    2.73768208    3.14346146    3.33371301    3.48520206    3.40500977    3.04195708    3.02812707    3.02182978    3.20173029    3.61283999    3.75566291    3.61030276    3.47548394    3.68514528    3.54540465    3.34802603    3.35129677    3.39801001    3.23161270    3.50547486    3.33748785    3.37844192    2.72474030    2.85114361    2.57659575    1.90297896    1.38846215    1.70904634    1.78553510    1.73974536    1.79720144    1.82526217    1.68279804    1.11199684    1.19247909    0.91173043    0.00000000    1.74467824    1.56936289    1.61540298    2.63166560    2.38036608    2.34150474    2.57669264    2.59304588    2.50662947    2.50431411    2.30573801    2.24768239    2.30875688    2.43799956    2.40422078
Q9U399_CAEEL/11-306     2.37444271    2.53064336    2.83777260    2.94751467    2.96731710    3.33434391    3.18897526    3.19412856    2.91454977    2.99031540    3.04259125    3.14725140    3.37766764    3.08432087    3.26041073    2.94803535    3.13405030    3.22116416    3.00845761    3.14566070    3.13189065    3.32344492    3.17751203    3.27052265    3.23234120    2.10850201    2.29998646    2.22851195    2.02134367    1.49231913    1.52885891    1.62589692    1.58475483    1.89107199    1.94097517    1.83500805    1.33396968    1.29009491    1.53651079    1.74467824    0.00000000    0.71810896    0.79455425    2.78180776    2.55465525    2.62326603    2.64691367    2.62890435    2.48561504    2.86198998    2.03783463    2.06653123    2.16500946    2.19140210    2.33987197
Q21714_CAEEL/10-305     2.29767658    2.38478872    3.01524212    3.00080420    3.03787988    3.30402978    3.12033461    3.10585630    2.83157302    2.77191024    2.82984246    2.96768407    3.12184103    3.11894830    3.10021802    2.89361323    3.21986159    3.11014578    3.37426597    3.11940177    3.35470964    3.34350045    3.57642718    3.36824038    3.30433919    2.08540942    2.07087750    2.11946240    1.78748203    1.30803439    1.44413693    1.47936135    1.45843981    1.69683941    1.91787440    1.69019062    1.11277479    1.10857212    1.47595802    1.56936289    0.71810896    0.00000000    0.32560715    2.55568240    2.49561818    2.58091034    2.37103100    2.48080261    2.42325590    2.63633596    2.16171624    2.23739832    2.33081194    2.17291417    2.25280670
A8WZJ1_CAEBR/10-305     2.37598047    2.51462216    2.98959029    2.88243664    3.10743339    3.31881848    3.13863208    3.04796727    2.80254322    2.84645630    2.81662292    3.06381293    3.01137064    3.03212776    2.99145036    2.84517850    3.00524046    2.88555593    3.20737896    3.05515354    3.43710655    3.19003931    3.42021648    3.34006545    3.28161509    2.07677527    2.07815758    2.05948165    1.76230000    1.23587179    1.38375225    1.46957505    1.43204817    1.59926875    1.81781252    1.58355579    1.08834017    1.15492603    1.48216507    1.61540298    0.79455425    0.32560715    0.00000000    2.58827397    2.46044771    2.49489216    2.37754351    2.51037264    2.43857326    2.50883156    2.19587002    2.21190228    2.19888241    2.27616286    2.22264817
Q9N519_CAEEL/8-301     2.20009225    2.39281597    3.12674341    3.05755876    3.55385279    3.18677814    3.17186056    2.89543615    3.22641843    3.06038992    3.33009766    3.18467377    3.36397449    3.23378872    3.05048972    2.88788068    3.01921004    3.13923089    3.19347148    3.37991544    3.48555147    3.13682905    3.27127177    3.19244176    3.18427740    2.03137590    2.09782390    2.10170222    2.66897043    2.67713701    2.82030881    2.87567503    2.87796622    2.52143429    2.73855011    2.83907573    2.50299857    2.36839045    2.73314676    2.63166560    2.78180776    2.55568240    2.58827397    0.00000000    0.35612805    0.59229061    0.68117956    0.75956003    0.77740138    0.85125276    2.00028943    2.01391829    1.92904972    2.15056116    2.03836753
Q9N5W4_CAEEL/8-301     2.16800818    2.21230423    3.16132978    2.74464881    3.45033834    3.18068633    3.09064972    2.86676388    3.19261297    3.06662524    3.28616390    3.14543668    3.44318351    3.04397368    3.25439666    2.89549376    3.06909270    3.28046626    3.18911137    3.29976968    3.28419053    3.13528889    3.23508970    3.15539870    3.11618772    1.90171478    2.09107818    2.03483773    2.63528888    2.55335221    2.67388580    2.76412361    2.68730359    2.44183864    2.76370792    2.65151495    2.43199860    2.45505621    2.63527358    2.38036608    2.55465525    2.49561818    2.46044771    0.35612805    0.00000000    0.55137456    0.74073609    0.77849423    0.78424615    0.78269328    1.87520264    1.92223935    1.81097617    2.00708324    2.01023810
Q9XV08_CAEEL/8-302     2.05676051    2.26532724    2.77416653    2.80054357    3.16667330    2.94691298    2.93164750    2.77207300    3.10928902    3.00932502    3.28390481    3.15330322    3.12741153    3.07577587    3.06815894    2.80828889    3.13723473    3.14909973    2.98795318    3.29816665    3.23967852    3.05932461    3.21089109    3.10946801    2.73585884    2.11642030    2.12934018    2.04526089    2.81656532    2.44250411    2.54395775    2.64112142    2.61860993    2.62219432    2.92718244    2.66411538    2.36366503    2.41382029    2.63471437    2.34150474    2.62326603    2.58091034    2.49489216    0.59229061    0.55137456    0.00000000    0.66863289    0.76511355    0.73495440    0.61821624    1.97142090    1.97712878    2.04012287    2.08498984    1.98120374
SRD63_CAEEL/8-299     2.19575419    2.35074593    2.94792714    3.04523318    3.23222242    2.78501798    3.02393467    2.79703856    3.25025059    3.21939601    3.31928287    3.18594766    3.15340856    3.18365555    3.13136739    2.77691454    3.19072754    3.25396233    3.10785069    3.36807365    3.40290158    3.15137297    3.26986722    3.15252255    2.79696904    2.09141008    2.10694348    2.24755132    2.72621666    2.56834222    2.46782590    2.55204305    2.59963158    2.42865044    2.52805924    2.51301051    2.36786600    2.45118660    2.79329890    2.57669264    2.64691367    2.37103100    2.37754351    0.68117956    0.74073609    0.66863289    0.00000000    0.65332454    0.59141293    0.67481259    1.86849955    1.86513710    1.89710898    2.15379142    1.92830020
Q86MI7_CAEEL/8-297     2.23489673    2.52849381    3.28143242    3.18251246    3.42086909    2.99381917    2.95700506    2.97370096    3.41910604    3.20043559    2.93000675    3.03723846    3.53100093    3.00459692    3.32516727    2.84108325    3.20775744    3.11442424    2.94872726    3.46446736    3.37907798    3.31157010    3.42133122    2.75265005    2.71739839    2.08869596    2.20310992    2.29767287    2.56744391    2.68693413    2.71843069    2.82388748    2.68510926    2.41786070    2.69351670    2.67387947    2.51621760    2.58914384    2.74020027    2.59304588    2.62890435    2.48080261    2.51037264    0.75956003    0.77849423    0.76511355    0.65332454    0.00000000    0.49801987    0.81330040    1.96237878    2.05426477    2.04119502    2.24012496    2.09481923
Q9N5X1_CAEEL/8-302     2.10712861    2.30717700    3.21149367    3.18551510    3.54199569    3.09005840    3.32175156    3.18740212    3.59241797    3.48521475    3.06549598    3.26472925    3.54005332    3.34223089    3.52830802    2.75496176    3.13732946    3.17917283    3.25328000    3.68237121    3.47778088    3.21358052    3.32741828    2.98167509    2.94136347    2.11066753    2.18593977    2.24773018    2.70558250    2.56452074    2.53414958    2.63117111    2.59326748    2.34013628    2.53022937    2.55410885    2.36753742    2.45700969    2.51844269    2.50662947    2.48561504    2.42325590    2.43857326    0.77740138    0.78424615    0.73495440    0.59141293    0.49801987    0.00000000    0.78771373    1.95419030    2.08770556    2.17257853    2.13236269    2.13225420
O45326_CAEEL/8-301     2.17917394    2.36140052    3.15292768    2.81009443    3.73095994    3.11489501    3.07457532    2.97055580    3.34099801    3.07594461    3.24829041    3.25702901    3.46314688    3.36796511    3.29433419    3.01017322    3.47678122    3.33239583    3.35269883    3.54931198    3.20350190    3.06339400    3.23332024    3.44055387    3.10431945    2.22020268    2.09361979    2.22017363    2.77528218    2.73553523    2.64027408    2.63168856    2.74620595    2.52491154    2.69501030    2.67280944    2.28497353    2.51646269    2.53973688    2.50431411    2.86198998    2.63633596    2.50883156    0.85125276    0.78269328    0.61821624    0.67481259    0.81330040    0.78771373    0.00000000    2.12159688    2.14165906    2.15220496    2.18478809    2.06652918
