44
C4KZX1_EXISA/2-69     0.00000000    1.14698010    1.16446036    1.22618875    1.43087687    1.41404255    1.38893134    1.06833351    1.29150026    1.81708275    1.75120492    1.51452715    1.85124426    1.62582514    2.10464342    1.99255886    1.43710698    1.47765107    1.63069488    1.96767071    1.67777128    2.37384174    2.01895813    1.49635576    1.59945255    1.80565376    2.49738141    2.26215053    2.56505694    1.95227184    2.00227114    1.48962284    2.33432626    2.44401226    2.93134431    2.03942121    2.53869657    2.30983540    2.43420705    3.08273439    2.73876105    2.82014902    2.74648056    2.89659074
Q65PJ8_BACLD/2-69     1.14698010    0.00000000    0.30604549    0.79603712    0.78258720    0.83988899    0.73300124    0.76431297    0.99290969    1.23666566    1.23068273    1.04113334    1.25399759    1.48689051    2.16492122    1.96784903    1.45070168    1.90902416    1.65420809    1.45149547    1.90662547    1.88327868    2.03394010    1.45440756    1.14631116    1.30068111    2.12877239    1.86558078    2.29370767    1.41309799    1.30412725    1.05678908    2.28604496    2.68319167    2.51143670    2.26921302    2.56172156    2.20847035    2.66162050    3.01223157    2.91834402    2.51898055    2.44125975    2.26451646
A8FAE7_BACP2/2-70     1.16446036    0.30604549    0.00000000    0.84929164    1.02969936    0.95340803    0.90557614    0.94507888    1.06382558    1.29115738    1.16180284    1.32013684    1.51011005    1.69431848    2.29307836    1.69597252    1.54286855    1.96248220    1.76623367    1.45598845    1.95855526    1.68960753    2.20131461    1.43832833    1.17160541    1.29978135    2.00693198    1.89852607    2.16994897    1.46856519    1.29919366    1.04289522    2.35220047    2.86183015    2.91527485    2.18218268    2.62144664    2.22517944    2.82829854    3.02935274    2.91063240    2.58317964    2.64596219    2.49333920
Q5L3X3_GEOKA/6-74     1.22618875    0.79603712    0.84929164    0.00000000    0.43524424    0.65916783    0.67525947    0.69931843    0.96014363    1.22567479    1.18169850    1.33177242    1.51908788    1.37615351    2.51774208    2.03446989    1.49057728    1.65805355    1.42736510    1.64338393    1.61047656    1.96642331    1.94064459    1.44385491    1.35363032    1.34263397    1.87884111    1.70653787    1.67872638    1.44266337    1.00519340    0.92819115    2.10087875    2.51508077    2.73833165    2.22833670    2.72595667    2.71386950    2.61836866    3.39702268    2.93755515    2.35665630    2.37366849    2.03631337
C5D348_GEOSW/2-70     1.43087687    0.78258720    1.02969936    0.43524424    0.00000000    0.65946943    0.75360329    0.78039486    1.04292550    1.26658811    1.30960694    1.46721241    1.75587185    1.69384326    2.70637258    1.88547699    1.94481019    2.06923207    1.89885721    1.88474831    1.92886598    2.32430777    2.39871313    1.66711052    1.41518927    1.45122828    2.30772683    1.78978305    2.01768660    1.71420477    1.47779346    1.21124007    2.71731720    3.09271225    2.82175555    2.27172826    3.19661157    3.38410763    2.78510083    3.41015723    2.84786652    2.44532665    2.61105543    2.54532333
B7GFF4_ANOFW/2-69     1.41404255    0.83988899    0.95340803    0.65916783    0.65946943    0.00000000    0.77834796    0.84564731    0.85441857    1.49180150    1.35283115    1.41853259    1.46510535    1.63909870    2.45403571    1.87759489    1.56711793    1.77249830    1.67633749    1.88236273    1.49088201    1.95466800    2.29410909    1.37873404    1.34943023    1.31686261    2.46012730    2.12391755    2.21693288    1.35090813    1.55600069    1.10169071    2.32086990    2.49727923    2.66628396    1.95210155    2.75707720    2.64089894    2.52934119    3.15882735    3.01631091    2.15255807    2.21029129    1.85091209
N0ATP1_9BACI/2-70     1.38893134    0.73300124    0.90557614    0.67525947    0.75360329    0.77834796    0.00000000    0.60880901    0.83527722    1.30486682    1.03222291    1.13471040    1.69078681    1.33914965    2.23720510    1.65660775    1.32184507    1.48572105    1.52792129    1.51403389    1.63581022    1.78552841    1.75088347    1.30653436    1.46317236    1.12945938    2.01187605    1.72927201    1.97792829    1.37681728    1.41649353    1.14495352    2.46633918    2.72311374    2.33467968    2.81232220    2.52686953    2.97085314    2.19076094    3.42201261    3.02837848    2.19707014    2.17442106    2.02885245
U5L5V9_9BACI/2-70     1.06833351    0.76431297    0.94507888    0.69931843    0.78039486    0.84564731    0.60880901    0.00000000    0.90665463    1.15996800    1.23387943    1.00717083    1.27020789    1.23617318    1.98404723    1.58349181    1.18308424    1.36491720    1.08137456    1.21607230    1.40007595    1.59908171    1.56396876    0.85847110    1.16994373    1.03736917    1.80249994    1.74056268    1.95470038    1.24889650    1.22622437    0.93108284    2.18485680    2.89416832    2.30719713    1.94210718    2.31051902    2.47399335    2.76172568    3.28092567    2.69982916    2.96601452    2.72059635    2.61599847
D5DUS8_BACMQ/2-70     1.29150026    0.99290969    1.06382558    0.96014363    1.04292550    0.85441857    0.83527722    0.90665463    0.00000000    1.08474939    1.06483103    1.32937833    2.06521641    1.47139484    2.59227046    1.94180525    1.22266470    1.54995554    1.62677370    1.41888736    1.49279115    1.65385535    2.06462415    1.41721852    1.52607532    1.28023731    2.04906660    1.95069727    1.95929245    1.45100113    1.33324139    0.96180651    2.14770328    2.81695762    2.19914512    1.89098634    2.61553001    2.52434302    2.74485977    3.64651799    2.89843707    2.31376272    2.34322735    2.20254851
I0JH07_HALH3/1-67     1.81708275    1.23666566    1.29115738    1.22567479    1.26658811    1.49180150    1.30486682    1.15996800    1.08474939    0.00000000    0.89557308    1.56564098    2.28320911    1.95659283    2.32400208    2.13789378    1.49253637    2.08955887    1.43577140    1.68493441    1.69944584    1.81630188    2.19603378    1.81072575    1.79535547    1.46504193    2.18844300    2.14586747    2.40607120    1.66931738    1.36826244    1.11889406    2.13490850    2.54229227    2.37196320    2.16642934    2.55066891    2.30247667    2.25243676    2.67326330    2.54636149    2.35378146    2.90098192    2.32867896
K0IUX6_AMPXN/1-66     1.75120492    1.23068273    1.16180284    1.18169850    1.30960694    1.35283115    1.03222291    1.23387943    1.06483103    0.89557308    0.00000000    1.65031450    2.09559311    1.92419037    2.20628443    2.04334690    1.82022747    2.05380024    1.86135182    1.98586502    1.87294089    2.00782752    2.30404213    1.51613314    1.83274463    1.58728195    1.70870483    1.92881322    1.78824267    1.90392011    1.74681762    1.57915533    2.86372234    2.54422808    2.15166839    2.71252359    2.88405843    2.58758452    2.63267288    2.98336904    2.63873260    2.37235542    2.32778253    2.21320853
G2THJ8_BACCO/1-69     1.51452715    1.04113334    1.32013684    1.33177242    1.46721241    1.41853259    1.13471040    1.00717083    1.32937833    1.56564098    1.65031450    0.00000000    1.22091466    1.62420239    1.61142619    1.41523281    0.96155589    1.35721434    1.43712491    1.43909117    1.60999624    1.47007701    1.39768827    1.17164777    1.38979404    1.68286141    1.52777022    1.74675301    2.03315759    1.39717426    1.14125423    1.36167350    2.13009120    2.33256213    2.63282213    2.78518692    2.43878566    2.66267271    2.76415868    3.87188462    3.67024091    2.96807314    2.84000130    2.61064978
Q8Y3X8_LISMO/8-80     1.85124426    1.25399759    1.51011005    1.51908788    1.75587185    1.46510535    1.69078681    1.27020789    2.06521641    2.28320911    2.09559311    1.22091466    0.00000000    1.47821999    2.05978576    1.93945762    1.57520992    1.92622068    1.71616682    1.64249581    2.04543242    2.21970655    1.74362272    1.27984469    1.62002434    1.87264932    1.76570272    2.23990612    2.11421167    1.70145070    1.70873185    1.69859354    2.01684695    2.79439745    3.14968748    2.97276569    2.44306251    3.23980081    3.31084580    3.31348514    3.23427181    3.28793474    3.70340178    3.03539983
F2F209_SOLSS/2-70     1.62582514    1.48689051    1.69431848    1.37615351    1.69384326    1.63909870    1.33914965    1.23617318    1.47139484    1.95659283    1.92419037    1.62420239    1.47821999    0.00000000    2.38899046    1.84987569    1.39598216    1.69457258    1.42924879    1.47965729    1.44374940    1.85323207    1.95875645    1.31180956    1.58010334    1.40222987    1.86742226    2.11016768    1.92083392    1.71301131    1.81886646    1.59090355    2.36825409    2.36524513    2.21671524    2.94106040    2.02496557    2.70785380    2.98886747    3.59761433    3.84444340    3.51081706    3.26203326    2.66754312
A5VIC5_LACRD/1-73     2.10464342    2.16492122    2.29307836    2.51774208    2.70637258    2.45403571    2.23720510    1.98404723    2.59227046    2.32400208    2.20628443    1.61142619    2.05978576    2.38899046    0.00000000    1.52673542    1.22539398    1.27313399    1.27159567    1.37706772    1.39753499    1.71316606    1.66589903    1.60606515    3.17954587    2.05461727    2.09787693    2.61488278    2.84943536    2.53797459    2.45507969    2.20549495    2.60247655    3.05215259    2.89011926    2.82266817    2.35328511    2.16282942    3.29602904    2.67898048    2.93969041    3.14026380    3.40507947    2.83307179
Q38YT7_LACSS/1-69     1.99255886    1.96784903    1.69597252    2.03446989    1.88547699    1.87759489    1.65660775    1.58349181    1.94180525    2.13789378    2.04334690    1.41523281    1.93945762    1.84987569    1.52673542    0.00000000    1.01515244    1.01716836    1.55302534    1.32448436    1.29856193    1.31165192    1.70158523    1.35078183    1.95762162    2.19294590    1.70048363    1.77478930    2.04318929    2.10384893    1.76068827    1.76509644    2.12590461    3.46885920    3.03940815    2.46628021    2.59761242    2.61759945    3.07329093    2.76004855    2.80017601    2.32970398    3.05852435    2.51651577
Q1WSU6_LACS1/1-70     1.43710698    1.45070168    1.54286855    1.49057728    1.94481019    1.56711793    1.32184507    1.18308424    1.22266470    1.49253637    1.82022747    0.96155589    1.57520992    1.39598216    1.22539398    1.01515244    0.00000000    0.45635464    0.68058281    0.91680103    0.74340666    0.80752119    0.98964248    0.95745332    1.48413063    1.58281425    1.61168638    1.71768979    1.81522473    1.61233199    1.27566509    1.23307859    1.57441519    2.07023733    2.36375450    2.76473993    2.00916736    2.14547238    3.15475892    3.39349642    3.67104799    2.43074067    2.66035244    2.24749948
G2SMB2_LACRR/1-70     1.47765107    1.90902416    1.96248220    1.65805355    2.06923207    1.77249830    1.48572105    1.36491720    1.54995554    2.08955887    2.05380024    1.35721434    1.92622068    1.69457258    1.27313399    1.01716836    0.45635464    0.00000000    0.74357183    0.90065624    0.63375751    1.04132938    1.07806231    1.12714720    1.78182410    1.79706398    2.15901613    2.11663603    2.02858328    2.25849734    1.67359299    1.64689399    1.98953795    2.80004512    2.92785668    2.50473124    2.48489275    2.83029927    3.03967397    3.00093054    3.33031504    2.54649370    3.15530858    2.57797755
F9ULT7_LACPL/1-73     1.63069488    1.65420809    1.76623367    1.42736510    1.89885721    1.67633749    1.52792129    1.08137456    1.62677370    1.43577140    1.86135182    1.43712491    1.71616682    1.42924879    1.27159567    1.55302534    0.68058281    0.74357183    0.00000000    0.96920036    0.83524031    1.17643092    1.17047518    1.22460933    1.95467112    1.95025432    1.99040158    2.31106988    2.16422851    1.86255521    1.54432034    1.68034001    2.06889103    2.41567892    2.79099887    2.33093512    2.22804178    2.19813230    2.94641606    3.14520919    3.15808285    2.56281988    3.14563687    2.73064964
J9W6E9_LACBU/9-79     1.96767071    1.45149547    1.45598845    1.64338393    1.88474831    1.88236273    1.51403389    1.21607230    1.41888736    1.68493441    1.98586502    1.43909117    1.64249581    1.47965729    1.37706772    1.32448436    0.91680103    0.90065624    0.96920036    0.00000000    0.75924688    0.96426390    1.24949684    1.11424267    2.16168513    1.74699871    1.93028001    2.40865794    2.19355088    1.74530908    1.51256129    1.48578247    2.89857628    3.02117095    2.79496269    3.06313493    2.97914257    3.43636021    3.56130968    4.29806048    4.22653397    3.56342595    4.44213647    3.37265035
Q03SS4_LACBA/1-73     1.67777128    1.90662547    1.95855526    1.61047656    1.92886598    1.49088201    1.63581022    1.40007595    1.49279115    1.69944584    1.87294089    1.60999624    2.04543242    1.44374940    1.39753499    1.29856193    0.74340666    0.63375751    0.83524031    0.75924688    0.00000000    0.87559287    0.91098001    1.24447620    1.98508091    1.37549751    1.77998035    1.98804667    1.95305871    1.83189313    1.67072436    1.52992679    2.26741755    2.68448453    3.16469692    3.08003824    3.10544423    2.73679833    3.37736637    3.19232233    3.85000442    3.05115917    3.45327099    2.71162242
G2KV35_LACSM/1-71     2.37384174    1.88327868    1.68960753    1.96642331    2.32430777    1.95466800    1.78552841    1.59908171    1.65385535    1.81630188    2.00782752    1.47007701    2.21970655    1.85323207    1.71316606    1.31165192    0.80752119    1.04132938    1.17643092    0.96426390    0.87559287    0.00000000    1.06887774    1.45434034    2.16830582    1.90976075    2.06438186    2.10106882    2.20008426    1.73693999    1.77153481    1.67285206    2.02056303    2.82969625    2.54852373    2.88957975    2.70674932    2.61395257    3.19830769    3.17872227    2.88047741    2.76998174    2.70944523    1.98618726
F8HYD6_WEIKK/1-74     2.01895813    2.03394010    2.20131461    1.94064459    2.39871313    2.29410909    1.75088347    1.56396876    2.06462415    2.19603378    2.30404213    1.39768827    1.74362272    1.95875645    1.66589903    1.70158523    0.98964248    1.07806231    1.17047518    1.24949684    0.91098001    1.06887774    0.00000000    1.28466700    2.25651495    1.82901512    2.40587401    2.86959475    2.96505814    2.00485512    1.55249983    2.22210400    2.40280356    2.94917842    2.28467353    3.27482659    2.38405045    3.19247668    4.02581009    4.02076804    4.23307937    3.10472975    3.51357214    3.22031998
K8ELA8_CARML/2-72     1.49635576    1.45440756    1.43832833    1.44385491    1.66711052    1.37873404    1.30653436    0.85847110    1.41721852    1.81072575    1.51613314    1.17164777    1.27984469    1.31180956    1.60606515    1.35078183    0.95745332    1.12714720    1.22460933    1.11424267    1.24447620    1.45434034    1.28466700    0.00000000    1.43733000    1.64418487    1.95316018    1.97109707    2.15689767    1.45007188    1.64886013    1.40941218    2.54136679    2.99379476    3.06102467    2.46273437    2.58562448    2.97798291    3.88401195    4.23974915    4.01839197    3.11055636    3.72566191    3.23345845
Q5WLZ2_BACSK/1-70     1.59945255    1.14631116    1.17160541    1.35363032    1.41518927    1.34943023    1.46317236    1.16994373    1.52607532    1.79535547    1.83274463    1.38979404    1.62002434    1.58010334    3.17954587    1.95762162    1.48413063    1.78182410    1.95467112    2.16168513    1.98508091    2.16830582    2.25651495    1.43733000    0.00000000    1.02562118    2.42357170    2.07654758    2.02471447    1.29237887    1.12162844    0.97824592    2.35717947    3.56705441    2.79318491    2.75501982    2.76539825    3.57580213    3.01025400    3.29769440    3.39852561    2.76758936    3.06283973    2.37398248
D3FQX6_ALKPO/2-69     1.80565376    1.30068111    1.29978135    1.34263397    1.45122828    1.31686261    1.12945938    1.03736917    1.28023731    1.46504193    1.58728195    1.68286141    1.87264932    1.40222987    2.05461727    2.19294590    1.58281425    1.79706398    1.95025432    1.74699871    1.37549751    1.90976075    1.82901512    1.64418487    1.02562118    0.00000000    1.79468286    1.74785814    1.92582303    1.23526301    1.43718115    0.78876946    2.07117993    2.48462261    2.33727127    2.01701144    2.01422402    2.35205368    2.46073324    2.64784766    2.63348300    2.24039528    2.30628885    1.90593672
Q74KZ8_LACJO/1-69     2.49738141    2.12877239    2.00693198    1.87884111    2.30772683    2.46012730    2.01187605    1.80249994    2.04906660    2.18844300    1.70870483    1.52777022    1.76570272    1.86742226    2.09787693    1.70048363    1.61168638    2.15901613    1.99040158    1.93028001    1.77998035    2.06438186    2.40587401    1.95316018    2.42357170    1.79468286    0.00000000    0.88498336    0.95922323    1.77160221    1.58289547    1.31999893    2.31772060    2.99274464    3.04796621    3.68156774    2.61570479    3.29436271    3.53349923    6.15420778    4.90842169    4.50745768    4.34225956    3.85720733
Q5FM03_LACAC/1-70     2.26215053    1.86558078    1.89852607    1.70653787    1.78978305    2.12391755    1.72927201    1.74056268    1.95069727    2.14586747    1.92881322    1.74675301    2.23990612    2.11016768    2.61488278    1.77478930    1.71768979    2.11663603    2.31106988    2.40865794    1.98804667    2.10106882    2.86959475    1.97109707    2.07654758    1.74785814    0.88498336    0.00000000    0.63620182    1.57424091    1.53609412    1.18524374    2.06017807    2.52263132    2.44283207    2.52883197    3.23026038    2.47907978    2.62551802    2.71089164    3.31756007    2.64516051    3.07694177    3.02020790
Q1G922_LACDA/2-69     2.56505694    2.29370767    2.16994897    1.67872638    2.01768660    2.21693288    1.97792829    1.95470038    1.95929245    2.40607120    1.78824267    2.03315759    2.11421167    1.92083392    2.84943536    2.04318929    1.81522473    2.02858328    2.16422851    2.19355088    1.95305871    2.20008426    2.96505814    2.15689767    2.02471447    1.92582303    0.95922323    0.63620182    0.00000000    1.75568105    1.76505806    1.40184632    2.34348748    2.77001423    2.33975935    2.63216614    2.87812568    3.18730852    2.80769754    3.62432572    3.52713104    2.89610629    3.13787947    2.97971642
E6TRM4_BACCJ/2-70     1.95227184    1.41309799    1.46856519    1.44266337    1.71420477    1.35090813    1.37681728    1.24889650    1.45100113    1.66931738    1.90392011    1.39717426    1.70145070    1.71301131    2.53797459    2.10384893    1.61233199    2.25849734    1.86255521    1.74530908    1.83189313    1.73693999    2.00485512    1.45007188    1.29237887    1.23526301    1.77160221    1.57424091    1.75568105    0.00000000    1.04819056    0.78895437    2.11825577    2.34027282    1.96772212    1.69416350    2.37485364    2.42496387    2.27751342    2.35627007    2.19146125    2.38138252    2.42204188    2.28209432
D6XV19_BACIE/1-69     2.00227114    1.30412725    1.29919366    1.00519340    1.47779346    1.55600069    1.41649353    1.22622437    1.33324139    1.36826244    1.74681762    1.14125423    1.70873185    1.81886646    2.45507969    1.76068827    1.27566509    1.67359299    1.54432034    1.51256129    1.67072436    1.77153481    1.55249983    1.64886013    1.12162844    1.43718115    1.58289547    1.53609412    1.76505806    1.04819056    0.00000000    1.10874153    2.38698385    2.87949626    2.82190180    2.72253666    2.61123231    2.48299709    3.57920944    3.73251855    3.91330914    3.46329683    3.08443612    2.45769949
Q9JWR4_BACHD/2-70     1.48962284    1.05678908    1.04289522    0.92819115    1.21124007    1.10169071    1.14495352    0.93108284    0.96180651    1.11889406    1.57915533    1.36167350    1.69859354    1.59090355    2.20549495    1.76509644    1.23307859    1.64689399    1.68034001    1.48578247    1.52992679    1.67285206    2.22210400    1.40941218    0.97824592    0.78876946    1.31999893    1.18524374    1.40184632    0.78895437    1.10874153    0.00000000    1.68634357    2.19024033    1.85952493    1.84308420    2.26073702    2.05931413    2.15262199    2.47864415    2.43387332    2.00023813    2.39682143    2.04062346
Q8XPB7_CLOPE/3-78     2.33432626    2.28604496    2.35220047    2.10087875    2.71731720    2.32086990    2.46633918    2.18485680    2.14770328    2.13490850    2.86372234    2.13009120    2.01684695    2.36825409    2.60247655    2.12590461    1.57441519    1.98953795    2.06889103    2.89857628    2.26741755    2.02056303    2.40280356    2.54136679    2.35717947    2.07117993    2.31772060    2.06017807    2.34348748    2.11825577    2.38698385    1.68634357    0.00000000    1.28329207    1.37890330    1.65062191    1.22342472    1.42233968    1.86010353    1.87956220    1.87568327    1.53094290    1.96010390    1.60269782
R4JY43_CLOPA/2-77     2.44401226    2.68319167    2.86183015    2.51508077    3.09271225    2.49727923    2.72311374    2.89416832    2.81695762    2.54229227    2.54422808    2.33256213    2.79439745    2.36524513    3.05215259    3.46885920    2.07023733    2.80004512    2.41567892    3.02117095    2.68448453    2.82969625    2.94917842    2.99379476    3.56705441    2.48462261    2.99274464    2.52263132    2.77001423    2.34027282    2.87949626    2.19024033    1.28329207    0.00000000    1.18094571    1.48124688    1.68821194    1.95129948    1.62260464    1.88716486    1.90731865    1.93957531    2.09051276    2.05175097
W6SC82_9CLOT/11-78     2.93134431    2.51143670    2.91527485    2.73833165    2.82175555    2.66628396    2.33467968    2.30719713    2.19914512    2.37196320    2.15166839    2.63282213    3.14968748    2.21671524    2.89011926    3.03940815    2.36375450    2.92785668    2.79099887    2.79496269    3.16469692    2.54852373    2.28467353    3.06102467    2.79318491    2.33727127    3.04796621    2.44283207    2.33975935    1.96772212    2.82190180    1.85952493    1.37890330    1.18094571    0.00000000    1.97831949    1.49848022    1.47540214    2.27651495    2.20938497    2.28325412    1.97047945    2.12540705    2.25022715
R5PXP2_9CLOT/2-68     2.03942121    2.26921302    2.18218268    2.22833670    2.27172826    1.95210155    2.81232220    1.94210718    1.89098634    2.16642934    2.71252359    2.78518692    2.97276569    2.94106040    2.82266817    2.46628021    2.76473993    2.50473124    2.33093512    3.06313493    3.08003824    2.88957975    3.27482659    2.46273437    2.75501982    2.01701144    3.68156774    2.52883197    2.63216614    1.69416350    2.72253666    1.84308420    1.65062191    1.48124688    1.97831949    0.00000000    0.98586242    0.73265757    1.55290330    1.57323658    1.48256245    1.57295531    1.96243402    1.87976632
R6Z0M2_9CLOT/13-77     2.53869657    2.56172156    2.62144664    2.72595667    3.19661157    2.75707720    2.52686953    2.31051902    2.61553001    2.55066891    2.88405843    2.43878566    2.44306251    2.02496557    2.35328511    2.59761242    2.00916736    2.48489275    2.22804178    2.97914257    3.10544423    2.70674932    2.38405045    2.58562448    2.76539825    2.01422402    2.61570479    3.23026038    2.87812568    2.37485364    2.61123231    2.26073702    1.22342472    1.68821194    1.49848022    0.98586242    0.00000000    0.52533369    1.73897860    1.47375686    1.61542198    1.59857435    1.83148046    1.77159878
R7GE72_9CLOT/5-75     2.30983540    2.20847035    2.22517944    2.71386950    3.38410763    2.64089894    2.97085314    2.47399335    2.52434302    2.30247667    2.58758452    2.66267271    3.23980081    2.70785380    2.16282942    2.61759945    2.14547238    2.83029927    2.19813230    3.43636021    2.73679833    2.61395257    3.19247668    2.97798291    3.57580213    2.35205368    3.29436271    2.47907978    3.18730852    2.42496387    2.48299709    2.05931413    1.42233968    1.95129948    1.47540214    0.73265757    0.52533369    0.00000000    1.89845656    1.40872784    1.69090470    1.67970896    1.97824574    2.04717840
R5LB26_9FIRM/4-69     2.43420705    2.66162050    2.82829854    2.61836866    2.78510083    2.52934119    2.19076094    2.76172568    2.74485977    2.25243676    2.63267288    2.76415868    3.31084580    2.98886747    3.29602904    3.07329093    3.15475892    3.03967397    2.94641606    3.56130968    3.37736637    3.19830769    4.02581009    3.88401195    3.01025400    2.46073324    3.53349923    2.62551802    2.80769754    2.27751342    3.57920944    2.15262199    1.86010353    1.62260464    2.27651495    1.55290330    1.73897860    1.89845656    0.00000000    0.53662894    0.66079949    0.93068705    1.39771721    1.27727116
R5DVM4_9FIRM/2-68     3.08273439    3.01223157    3.02935274    3.39702268    3.41015723    3.15882735    3.42201261    3.28092567    3.64651799    2.67326330    2.98336904    3.87188462    3.31348514    3.59761433    2.67898048    2.76004855    3.39349642    3.00093054    3.14520919    4.29806048    3.19232233    3.17872227    4.02076804    4.23974915    3.29769440    2.64784766    6.15420778    2.71089164    3.62432572    2.35627007    3.73251855    2.47864415    1.87956220    1.88716486    2.20938497    1.57323658    1.47375686    1.40872784    0.53662894    0.00000000    0.42554646    0.89790567    1.17947480    1.19790349
C4Z4T3_LACE2/1-70     2.73876105    2.91834402    2.91063240    2.93755515    2.84786652    3.01631091    3.02837848    2.69982916    2.89843707    2.54636149    2.63873260    3.67024091    3.23427181    3.84444340    2.93969041    2.80017601    3.67104799    3.33031504    3.15808285    4.22653397    3.85000442    2.88047741    4.23307937    4.01839197    3.39852561    2.63348300    4.90842169    3.31756007    3.52713104    2.19146125    3.91330914    2.43387332    1.87568327    1.90731865    2.28325412    1.48256245    1.61542198    1.69090470    0.66079949    0.42554646    0.00000000    0.84410000    1.20262544    1.16079947
R5K3R3_9CLOT/1-72     2.82014902    2.51898055    2.58317964    2.35665630    2.44532665    2.15255807    2.19707014    2.96601452    2.31376272    2.35378146    2.37235542    2.96807314    3.28793474    3.51081706    3.14026380    2.32970398    2.43074067    2.54649370    2.56281988    3.56342595    3.05115917    2.76998174    3.10472975    3.11055636    2.76758936    2.24039528    4.50745768    2.64516051    2.89610629    2.38138252    3.46329683    2.00023813    1.53094290    1.93957531    1.97047945    1.57295531    1.59857435    1.67970896    0.93068705    0.89790567    0.84410000    0.00000000    1.12347291    0.96115154
R6S3D5_9CLOT/2-74     2.74648056    2.44125975    2.64596219    2.37366849    2.61105543    2.21029129    2.17442106    2.72059635    2.34322735    2.90098192    2.32778253    2.84000130    3.70340178    3.26203326    3.40507947    3.05852435    2.66035244    3.15530858    3.14563687    4.44213647    3.45327099    2.70944523    3.51357214    3.72566191    3.06283973    2.30628885    4.34225956    3.07694177    3.13787947    2.42204188    3.08443612    2.39682143    1.96010390    2.09051276    2.12540705    1.96243402    1.83148046    1.97824574    1.39771721    1.17947480    1.20262544    1.12347291    0.00000000    0.35986331
D7GS01_9FIRM/4-76     2.89659074    2.26451646    2.49333920    2.03631337    2.54532333    1.85091209    2.02885245    2.61599847    2.20254851    2.32867896    2.21320853    2.61064978    3.03539983    2.66754312    2.83307179    2.51651577    2.24749948    2.57797755    2.73064964    3.37265035    2.71162242    1.98618726    3.22031998    3.23345845    2.37398248    1.90593672    3.85720733    3.02020790    2.97971642    2.28209432    2.45769949    2.04062346    1.60269782    2.05175097    2.25022715    1.87976632    1.77159878    2.04717840    1.27727116    1.19790349    1.16079947    0.96115154    0.35986331    0.00000000

