27
A0A6L8Q1Z1_BACAN/81-249     0.00000000    1.23532012    1.01773805    1.30076371    1.33377055    1.69960216    1.87972502    1.86218288    3.76847678    1.44192957    2.62763595    1.76866202    1.71185596    2.57002925    2.26774868    1.82829610    2.33699144    2.10351587    2.34174242    2.40408833    2.27449124    2.27122525    1.54375361    1.50523578    1.55972220    1.43421486    1.78112297
I0JKF7_HALH3/79-248     1.23532012    0.00000000    1.15919085    1.47627037    1.48658147    1.95640517    2.01757778    1.85414016    4.49056279    1.69250095    2.25693025    1.80744736    1.55426281    2.40557967    1.96583526    1.97740727    2.45313562    2.00659657    2.25923825    2.21983533    2.23563181    2.56729617    1.60452661    1.31472857    1.47052708    1.46552414    1.82819146
Q0W2E4_METAR/80-250     1.01773805    1.15919085    0.00000000    1.31730503    1.30337846    1.82478399    2.08814306    1.91187600    3.47024528    1.24864553    2.13815341    1.71976437    1.56805979    2.23696561    1.91487482    2.06022249    2.07416783    2.16034594    2.41952360    2.32369182    2.03320300    2.58518229    1.31441726    1.09615679    1.29653719    1.54924610    1.78729745
A0A6L7HDY2_BACAN/76-249     1.30076371    1.47627037    1.31730503    0.00000000    1.17168188    1.94785548    1.83954045    2.07162113    3.65718475    1.43282848    2.41174923    2.28984635    2.05320030    2.49429395    1.84106097    2.07951073    2.14744901    2.20921512    2.08839888    2.21534764    2.43941806    2.34258102    1.71557387    1.49328006    1.68717075    1.67843191    1.63068686
C4L4M3_EXISA/82-254     1.33377055    1.48658147    1.30337846    1.17168188    0.00000000    1.64411397    1.81156222    1.98869822    3.19031645    1.37595160    2.39851429    1.88462509    1.81436684    2.52649683    1.59513425    1.92765070    1.95836118    1.81477699    1.82156431    2.10730426    1.82144090    2.20223725    1.78007955    1.59828102    1.73116870    1.39891336    1.68615968
F2F9B9_SOLSS/78-252     1.69960216    1.95640517    1.82478399    1.94785548    1.64411397    0.00000000    1.78302469    1.85338833    3.66324549    1.74164286    2.38321400    2.30138227    2.25607118    2.51759018    2.17768185    2.17619618    2.21901304    2.09348868    2.68271794    2.72327129    2.36253576    2.30584434    1.91687377    1.77560943    1.93573011    1.85063408    2.06695321
F9US74_LACPL/74-247     1.87972502    2.01757778    2.08814306    1.83954045    1.81156222    1.78302469    0.00000000    1.54579959    4.43031784    1.69695063    2.18049378    2.11271352    2.07983444    2.54271184    2.01866902    1.94568769    2.14284804    1.97244691    2.53094500    2.59784306    2.10783468    1.98013182    2.09047151    2.17409815    2.39504886    1.80773228    2.06164727
E6K1N9_PARDN/56-228     1.86218288    1.85414016    1.91187600    2.07162113    1.98869822    1.85338833    1.54579959    0.00000000    3.63555412    1.56276459    2.22487452    2.28273098    2.10710247    2.91010878    2.61380670    2.75772593    2.69083656    2.51992319    2.59681553    2.70472231    2.47531193    2.63900202    2.17601402    1.86349077    2.07361883    1.90852874    2.31391884
Q6MK73_BDEBA/62-236     3.76847678    4.49056279    3.47024528    3.65718475    3.19031645    3.66324549    4.43031784    3.63555412    0.00000000    2.83279001    4.32453423    3.77636439    3.79932918    3.87861313    4.06113072    4.08551220    4.18014806    3.23118719    3.58244394    3.31882235    3.46786816    3.92401128    3.82858300    3.49826454    3.83524964    4.01332721    4.11572441
U5LE92_9BACI/85-260     1.44192957    1.69250095    1.24864553    1.43282848    1.37595160    1.74164286    1.69695063    1.56276459    2.83279001    0.00000000    2.16755529    1.87426539    1.64454964    2.37355740    1.74775104    1.98075224    2.10880406    2.03150147    2.29994751    2.26277338    2.17630573    2.21931016    1.62656247    1.36300978    1.44819762    1.66742572    1.74354464
Q82K59_STRAW/67-224     2.62763595    2.25693025    2.13815341    2.41174923    2.39851429    2.38321400    2.18049378    2.22487452    4.32453423    2.16755529    0.00000000    2.01509735    1.89183338    2.52993859    2.77664937    3.09193769    3.07052920    3.05298326    2.83111870    2.71859370    2.99992393    2.71713951    2.23740605    2.18666541    2.43719211    2.30459548    2.74193506
R7XZB4_9ACTN/73-247     1.76866202    1.80744736    1.71976437    2.28984635    1.88462509    2.30138227    2.11271352    2.28273098    3.77636439    1.87426539    2.01509735    0.00000000    0.54681436    2.69898958    2.23510165    2.42640967    2.83983641    2.42695303    2.65392553    2.67589324    2.50635016    2.81405344    2.16949938    2.21809972    2.19026106    1.86434440    2.24661050
A1SHD9_NOCSJ/74-247     1.71185596    1.55426281    1.56805979    2.05320030    1.81436684    2.25607118    2.07983444    2.10710247    3.79932918    1.64454964    1.89183338    0.54681436    0.00000000    2.29727863    2.06415119    2.37277179    2.86611225    2.55168459    2.57016207    2.52302519    2.30758862    2.94809108    1.92494356    1.96981425    1.99499408    1.76068094    2.43239912
A1S756_SHEAM/131-308     2.57002925    2.40557967    2.23696561    2.49429395    2.52649683    2.51759018    2.54271184    2.91010878    3.87861313    2.37355740    2.52993859    2.69898958    2.29727863    0.00000000    2.27154004    2.66046448    2.64880521    2.36249420    2.31452213    2.15864488    2.55807178    2.60458427    2.93007816    2.54020036    2.68057049    2.65389400    2.56458493
K8E4M0_CARML/87-261     2.26774868    1.96583526    1.91487482    1.84106097    1.59513425    2.17768185    2.01866902    2.61380670    4.06113072    1.74775104    2.77664937    2.23510165    2.06415119    2.27154004    0.00000000    1.70987520    1.80840402    1.88007194    1.90278012    1.88696595    1.87323587    1.99224906    2.35276288    2.60693538    2.49550384    1.95884846    2.05835457
Q38XE5_LACSS/131-305     1.82829610    1.97740727    2.06022249    2.07951073    1.92765070    2.17619618    1.94568769    2.75772593    4.08551220    1.98075224    3.09193769    2.42640967    2.37277179    2.66046448    1.70987520    0.00000000    1.29834681    1.21665515    1.39945499    1.33468235    1.34714366    1.19413054    2.75418491    2.52866718    2.54315927    2.28993868    2.21182473
Q03QZ8_LACBA/130-303     2.33699144    2.45313562    2.07416783    2.14744901    1.95836118    2.21901304    2.14284804    2.69083656    4.18014806    2.10880406    3.07052920    2.83983641    2.86611225    2.64880521    1.80840402    1.29834681    0.00000000    0.91660408    1.19127281    1.12025113    1.24127844    1.27199952    2.59960827    2.80922719    3.13857528    2.45279838    2.70045384
F9UQQ0_LACPL/130-304     2.10351587    2.00659657    2.16034594    2.20921512    1.81477699    2.09348868    1.97244691    2.51992319    3.23118719    2.03150147    3.05298326    2.42695303    2.55168459    2.36249420    1.88007194    1.21665515    0.91660408    0.00000000    0.99321933    0.82682378    0.96455939    0.92655961    2.41998345    2.52888883    2.74059763    1.97611956    2.16520679
Q03EM8_PEDPA/130-304     2.34174242    2.25923825    2.41952360    2.08839888    1.82156431    2.68271794    2.53094500    2.59681553    3.58244394    2.29994751    2.83111870    2.65392553    2.57016207    2.31452213    1.90278012    1.39945499    1.19127281    0.99321933    0.00000000    0.57584411    1.14733536    1.25299272    3.00905805    2.85979947    2.67517766    2.23550479    2.44356226
G8PCI9_PEDCP/129-303     2.40408833    2.21983533    2.32369182    2.21534764    2.10730426    2.72327129    2.59784306    2.70472231    3.31882235    2.26277338    2.71859370    2.67589324    2.52302519    2.15864488    1.88696595    1.33468235    1.12025113    0.82682378    0.57584411    0.00000000    1.16733709    1.12438934    2.97940654    2.92601487    2.86385131    2.49292034    2.75864050
F8HZ68_WEIKK/132-307     2.27449124    2.23563181    2.03320300    2.43941806    1.82144090    2.36253576    2.10783468    2.47531193    3.46786816    2.17630573    2.99992393    2.50635016    2.30758862    2.55807178    1.87323587    1.34714366    1.24127844    0.96455939    1.14733536    1.16733709    0.00000000    1.17704558    2.70506430    2.86401515    2.54011242    1.93113408    2.50212908
Q04G14_OENOB/131-304     2.27122525    2.56729617    2.58518229    2.34258102    2.20223725    2.30584434    1.98013182    2.63900202    3.92401128    2.21931016    2.71713951    2.81405344    2.94809108    2.60458427    1.99224906    1.19413054    1.27199952    0.92655961    1.25299272    1.12438934    1.17704558    0.00000000    2.66433135    2.76677320    2.95779585    2.36171066    2.61170668
A4X8Z2_SALTO/327-497     1.54375361    1.60452661    1.31441726    1.71557387    1.78007955    1.91687377    2.09047151    2.17601402    3.82858300    1.62656247    2.23740605    2.16949938    1.92494356    2.93007816    2.35276288    2.75418491    2.59960827    2.41998345    3.00905805    2.97940654    2.70506430    2.66433135    0.00000000    0.69261994    0.74880572    1.48348757    1.87226810
C0Z5L9_BREBN/83-253     1.50523578    1.31472857    1.09615679    1.49328006    1.59828102    1.77560943    2.17409815    1.86349077    3.49826454    1.36300978    2.18666541    2.21809972    1.96981425    2.54020036    2.60693538    2.52866718    2.80922719    2.52888883    2.85979947    2.92601487    2.86401515    2.76677320    0.69261994    0.00000000    0.38037891    1.49071957    1.83616973
C0ZA20_BREBN/83-253     1.55972220    1.47052708    1.29653719    1.68717075    1.73116870    1.93573011    2.39504886    2.07361883    3.83524964    1.44819762    2.43719211    2.19026106    1.99499408    2.68057049    2.49550384    2.54315927    3.13857528    2.74059763    2.67517766    2.86385131    2.54011242    2.95779585    0.74880572    0.38037891    0.00000000    1.55139864    1.91826696
X4ZRC9_9BACL/62-230     1.43421486    1.46552414    1.54924610    1.67843191    1.39891336    1.85063408    1.80773228    1.90852874    4.01332721    1.66742572    2.30459548    1.86434440    1.76068094    2.65389400    1.95884846    2.28993868    2.45279838    1.97611956    2.23550479    2.49292034    1.93113408    2.36171066    1.48348757    1.49071957    1.55139864    0.00000000    1.72920892
Q8Y7H3_LISMO/79-246     1.78112297    1.82819146    1.78729745    1.63068686    1.68615968    2.06695321    2.06164727    2.31391884    4.11572441    1.74354464    2.74193506    2.24661050    2.43239912    2.56458493    2.05835457    2.21182473    2.70045384    2.16520679    2.44356226    2.75864050    2.50212908    2.61170668    1.87226810    1.83616973    1.91826696    1.72920892    0.00000000

