74
K9SD93_9CYAN/5-125     0.00000000    0.24683367    0.32443131    0.27689925    0.69376403    0.45247134    1.23836040    1.35145477    1.42069715    1.31281204    1.35588869    1.27983394    1.26926435    1.30517884    1.37803539    1.33752152    1.06640205    1.20266772    1.06738003    1.37336067    1.14881493    1.19575008    1.07206566    1.15641949    1.25580565    1.19331447    1.20981704    1.85740798    2.62268958    3.12543750    3.05924986    3.39953524    2.98660041    2.90812716    3.12753472    2.80846563    2.91481449    3.44778886    2.66563257    2.87064637    2.85632499    2.75692647    2.62032923    2.69938289    3.31439278    3.15710850    2.83440956    2.35445421    1.69805231    2.31633617    2.30279103    1.99487829    1.98294979    3.05656517    0.57590238    0.61024077    0.62097036    0.52600564    0.42283987    0.46887337    0.39504078    0.36258485    0.33905125    0.34808699    0.35139158    0.29483162    0.36170287    0.32564327    0.34408630    0.43827104    0.33444448    0.34253002    0.35858984    0.48806632
K8GCP2_9CYAN/5-125     0.24683367    0.00000000    0.32575859    0.30421195    0.66821717    0.45960095    1.20379934    1.26953756    1.20156235    1.13313005    1.20492217    1.09737880    1.06581085    1.17171420    1.17685578    1.12960984    0.98390761    1.02402059    0.99638146    1.13110817    0.95500805    1.02744204    0.93327109    1.09328734    1.15971466    1.09484692    1.12699925    1.93198766    2.50824376    2.96347631    2.77397515    3.45484695    3.08649862    3.09997700    3.29789124    2.83132294    2.80123731    3.40786416    2.59143626    2.84007386    3.13739806    2.89754908    2.68230946    2.77851705    3.11416670    3.23972920    2.64352767    2.13184073    1.75456083    2.49325025    2.40364780    2.15750784    2.14398053    3.07330914    0.56570611    0.53516183    0.63374612    0.52269422    0.34316236    0.43641942    0.35155787    0.31076010    0.32296867    0.37825848    0.36593429    0.27180044    0.33762560    0.33331833    0.41343761    0.49528479    0.36931376    0.36787748    0.33451458    0.44457543
B8HRM7_CYAP4/6-124     0.32443131    0.32575859    0.00000000    0.24594485    0.69425855    0.53355201    1.38993148    1.29126980    1.21898994    1.16417570    1.20960030    1.16657096    1.13514167    1.15260045    1.32200224    1.14323759    0.93820473    1.05048033    0.95696605    1.09672828    1.03658909    1.04435714    0.92663716    1.05405000    1.10083541    1.10083301    1.11133037    1.82098972    2.44623198    2.89084194    2.94197943    3.15167841    3.15483016    3.06902695    3.26935075    2.81086335    3.06626493    3.46387316    2.65572797    2.84432219    3.09944009    2.90182464    2.69724904    2.91666226    3.24690937    3.40738787    2.61611933    2.22911541    1.83829101    2.52403536    2.61886931    2.32936693    2.33124666    3.13096184    0.42847973    0.52552020    0.49936759    0.46108422    0.34753619    0.39080750    0.33466146    0.34976631    0.31749388    0.34909880    0.29146217    0.28553226    0.36748744    0.32560332    0.36894941    0.44010070    0.31635990    0.32967581    0.34535092    0.45894958
K9RXW3_SYNP3/5-124     0.27689925    0.30421195    0.24594485    0.00000000    0.65861263    0.45756498    1.26894648    1.33200391    1.34527332    1.24142568    1.27994498    1.12382391    1.19286162    1.24441428    1.37540212    1.30860355    1.02513302    1.09196914    1.00118422    1.17807837    1.01140538    1.08348156    0.95983424    1.06953611    1.14976896    1.17969391    1.17879331    1.67736940    2.29597909    2.84103693    2.62022360    3.43155179    2.87186887    2.85435075    2.90249501    2.60941321    2.90771761    3.18784922    2.29080696    2.67012324    2.95862965    2.56882285    2.41009956    2.48864789    3.06132113    3.26884225    2.51301584    2.27281452    1.81988021    2.60630236    2.80433458    2.52929689    2.39246380    3.08191411    0.46772857    0.54307369    0.54667685    0.52112493    0.35311662    0.41562890    0.35221330    0.30069426    0.35814407    0.31036436    0.34531398    0.30898561    0.38011048    0.31745976    0.35027880    0.43602740    0.31551281    0.33141909    0.35492896    0.45639744
Q31KV7_SYNE7/7-127     0.69376403    0.66821717    0.69425855    0.65861263    0.00000000    0.63167690    1.38448654    1.45212890    1.41421150    1.38399372    1.32523874    1.30699843    1.38414609    1.43625310    1.31576279    1.39773459    1.23915183    1.30520315    1.16579151    1.40471415    1.32694212    1.41464657    1.16817833    1.30963394    1.30392929    1.38182144    1.46984214    1.76416991    2.51414660    3.10339969    3.61859754    3.54127369    2.87289073    2.83823895    3.62456401    3.05122239    3.17179449    3.29976403    2.63175165    3.11061831    3.31467207    2.83955910    2.95562864    3.55983138    3.53772203    3.35970318    2.82526114    2.16738201    2.12068376    2.55039504    3.34257107    2.99570934    2.55322623    3.50863595    0.82439033    0.79434268    0.86313455    0.76193525    0.65194896    0.72798002    0.68314877    0.64856747    0.64439320    0.64567663    0.66509358    0.65186821    0.70144427    0.64778277    0.67578125    0.71846115    0.62486589    0.63773282    0.62531798    0.73760492
K9UHF8_CHAP6/14-133     0.45247134    0.45960095    0.53355201    0.45756498    0.63167690    0.00000000    1.38353011    1.22002250    1.26010118    1.35187225    1.28099115    1.22920282    1.28448995    1.28459133    1.18649252    1.18095738    1.07894069    1.17253722    1.12335370    1.34698056    1.20973524    1.13540027    1.11929580    1.21614952    1.20538031    1.23125828    1.31321300    1.79752369    2.73795571    3.22930838    3.00821061    3.58813830    3.10757338    3.36092427    3.32554234    2.98062034    3.14068655    3.38038651    2.99089343    3.03095158    2.82387942    2.97224227    3.01763651    3.06136784    3.51109851    3.60955613    2.61136658    2.33084823    1.90768005    2.28856919    2.27605718    2.04463601    2.24853612    2.77847949    0.65192446    0.66444932    0.78225873    0.69524284    0.48667781    0.57349354    0.51647779    0.56614165    0.45393506    0.51001090    0.49926563    0.49289674    0.55362089    0.45298049    0.47946783    0.48166125    0.46309928    0.51726358    0.57806923    0.56240281
D3F5U3_CONWI/79-196     1.23836040    1.20379934    1.38993148    1.26894648    1.38448654    1.38353011    0.00000000    2.20782462    2.04819232    1.91461684    2.12240877    1.91596682    2.04403141    1.96276668    2.00472450    2.14852570    1.80120061    2.11259627    2.14272943    2.14777271    2.08403399    2.12286655    1.92617149    2.07734331    2.14482513    1.82938810    1.86813887    2.06349098    3.17658088    4.18736101    4.57990837    3.79089079    3.29709461    4.11027166    4.31208031    4.20785654    3.69480838    4.11763482    3.71222538    3.79955292    4.17215420    3.73223046    4.58007959    5.04931586    6.05762703    5.16789077    3.18874460    2.20980915    2.14008131    2.62810975    3.37239305    3.36107382    2.93577729    3.25380510    1.38524310    1.51110584    1.38693085    1.42006554    1.35328624    1.31844432    1.32181198    1.24936141    1.37853179    1.37069955    1.35350691    1.31538392    1.23816011    1.27326182    1.45540153    1.54541706    1.26500502    1.18020641    1.42515033    1.40296424
K9Z9A0_CYAAP/4-137     1.35145477    1.26953756    1.29126980    1.33200391    1.45212890    1.22002250    2.20782462    0.00000000    0.48146168    0.50311776    0.45582781    0.42089667    0.40937247    0.43794864    0.43966745    0.49387833    0.56467711    0.64848826    0.69657431    0.77517964    0.72120965    0.67848050    0.60674853    0.66215648    0.60585194    0.68809035    0.72862375    1.92614022    2.48753145    2.93875174    2.39239129    2.86881153    2.53490481    2.93936626    3.34237794    2.40357412    2.84255954    2.53594969    2.64579210    2.72059376    2.82868876    2.09268789    2.43620530    2.65922271    3.13218289    2.92673120    2.94809801    2.50833228    2.17749094    3.22540809    3.08974441    3.28269086    2.65416232    3.05346900    1.54239669    1.39534780    1.43861757    1.38926681    1.36994291    1.38890759    1.23942794    1.27941313    1.39746195    1.28378299    1.31686514    1.32300596    1.31724237    1.45218700    1.29075520    1.28836325    1.32651308    1.23827381    1.29981411    1.47837968
D4ZXH7_ARTPN/4-136     1.42069715    1.20156235    1.21898994    1.34527332    1.41421150    1.26010118    2.04819232    0.48146168    0.00000000    0.35199291    0.42529771    0.41949060    0.36136478    0.40891984    0.40264481    0.41144700    0.65042492    0.71818878    0.69686425    0.75549137    0.68301274    0.65446904    0.60059788    0.75393541    0.68435381    0.76062592    0.72271224    2.01469802    2.69604185    3.64482796    2.67988230    3.54465052    2.78816433    3.29787089    4.35824094    3.23044187    3.37059711    3.47365641    3.21075634    3.37690041    3.21380393    2.36621122    2.49345299    3.15272888    2.99499070    2.99851071    3.15830900    2.45245547    2.11269579    2.98452994    2.99079386    3.12284750    2.85506524    3.44979526    1.56181352    1.37607053    1.27445146    1.32766728    1.35351952    1.33296221    1.31705916    1.24869306    1.39780519    1.32994573    1.33804517    1.30456530    1.34362871    1.40133669    1.40751397    1.25927199    1.31199278    1.27867974    1.39404775    1.36808295
K9TBP7_9CYAN/4-137     1.31281204    1.13313005    1.16417570    1.24142568    1.38399372    1.35187225    1.91461684    0.50311776    0.35199291    0.00000000    0.27578046    0.32757698    0.34036562    0.31969353    0.38999953    0.39413091    0.61513454    0.71826451    0.70747241    0.70568660    0.60666354    0.58958942    0.53792361    0.69245106    0.63671847    0.68982200    0.66699934    1.89429886    2.67062917    3.47538039    2.46006421    3.29377794    2.43763713    3.40391472    3.75471678    3.09501505    3.42561013    3.40746436    3.07370163    3.11012787    3.24310157    2.27971603    2.61323227    2.88846424    2.91965055    3.05292364    2.85691526    2.17057800    1.93896225    3.21870863    3.14041033    3.14867868    2.72767913    3.30097915    1.41044017    1.28229000    1.20730103    1.14644107    1.33872191    1.28886617    1.16097553    1.22575380    1.35679483    1.24730678    1.33700782    1.23989152    1.27096943    1.23522489    1.29765051    1.19365888    1.26634380    1.21683055    1.22121241    1.29846124
B7KEJ3_GLOC7/4-137     1.35588869    1.20492217    1.20960030    1.27994498    1.32523874    1.28099115    2.12240877    0.45582781    0.42529771    0.27578046    0.00000000    0.32409229    0.29534803    0.27438912    0.38683162    0.34359130    0.61279627    0.73901927    0.72185334    0.81775923    0.68716286    0.67302281    0.55511701    0.68981728    0.62386062    0.74549971    0.70532317    2.00808446    2.51134972    3.33103699    2.39190486    3.12421988    2.50588875    3.17183379    3.47089712    2.66348041    2.99405582    2.87116701    2.62934087    2.51166225    3.27321130    2.23178017    2.69069059    2.99678123    2.94523216    3.01950662    2.87505098    2.32756422    2.00696213    3.11364392    3.02786272    3.02305916    2.81439788    3.30647502    1.47577015    1.41279949    1.20825851    1.18316302    1.27971562    1.34404496    1.17681519    1.20567621    1.40090649    1.40146194    1.35721578    1.32455918    1.38063827    1.33329045    1.26236695    1.30994711    1.35731877    1.20714831    1.29828120    1.25203727
B0JHT5_MICAN/4-136     1.27983394    1.09737880    1.16657096    1.12382391    1.30699843    1.22920282    1.91596682    0.42089667    0.41949060    0.32757698    0.32409229    0.00000000    0.26875496    0.32105482    0.34952722    0.32064808    0.58383749    0.66778165    0.66554284    0.70107743    0.59659486    0.58215325    0.51745815    0.63916549    0.60628655    0.71796185    0.69852295    1.97029387    2.51146879    3.25414602    2.19367653    3.12288253    2.45208302    2.82106586    3.37313580    2.64330380    3.08446689    2.83175504    2.63772569    2.87549977    2.92333362    1.78980571    2.31943397    2.64426340    2.70618079    2.63966693    3.14096007    2.20639794    1.96653543    3.16369153    3.23990199    3.20162796    2.67888789    3.11678844    1.41091276    1.24534351    1.20778912    1.13960342    1.13515061    1.24760069    1.10477599    1.09513518    1.31886325    1.24272338    1.30628338    1.18153449    1.29711079    1.24890798    1.20808525    1.23831314    1.23903708    1.24342063    1.24807567    1.21367622
B7JY25_RIPO1/4-137     1.26926435    1.06581085    1.13514167    1.19286162    1.38414609    1.28448995    2.04403141    0.40937247    0.36136478    0.34036562    0.29534803    0.26875496    0.00000000    0.22108449    0.36740120    0.32758543    0.58560756    0.70015508    0.73501033    0.79571562    0.64433214    0.67219240    0.56848157    0.66829562    0.67702109    0.71107790    0.66534019    1.99911677    2.55804214    3.36721543    2.39651241    3.05989603    2.51199641    3.13128238    3.55984917    2.72142582    3.21264527    3.01123351    2.92365069    2.84422604    3.18511424    2.01507166    2.37455108    2.72492620    2.71778692    2.90657684    2.75559747    2.39132866    2.12135215    3.35331733    3.16358551    3.24644868    2.73258178    3.51816450    1.42428188    1.28098172    1.24368353    1.19502831    1.17153162    1.23492366    1.09836304    1.05212732    1.25805349    1.14814308    1.19772251    1.15604940    1.21991675    1.20496233    1.19906988    1.22080018    1.24216879    1.13960342    1.21385659    1.21548810
B1WXR9_CROS5/4-138     1.30517884    1.17171420    1.15260045    1.24441428    1.43625310    1.28459133    1.96276668    0.43794864    0.40891984    0.31969353    0.27438912    0.32105482    0.22108449    0.00000000    0.39373805    0.38162575    0.53458376    0.75260293    0.71098155    0.73409315    0.70320833    0.65201221    0.58133935    0.66989141    0.63226519    0.70727258    0.68637538    1.90590521    2.80593856    3.26451209    2.56993611    3.11809665    2.65017946    3.41296766    3.91296654    2.85164399    2.96047070    2.96017656    2.91768977    3.04603816    3.29604168    2.18109448    2.50427290    3.08183812    2.96642075    3.18424269    3.10463325    2.22186518    1.95322448    3.17376689    3.07597959    3.15906492    2.65376139    3.34604743    1.42706898    1.34367063    1.25986961    1.29739164    1.35556970    1.37344933    1.11058161    1.23995108    1.37602903    1.28811699    1.25408932    1.23427834    1.28345382    1.25106458    1.23247576    1.24789036    1.37048334    1.20026679    1.25463222    1.30824526
Q10WT1_TRIEI/4-137     1.37803539    1.17685578    1.32200224    1.37540212    1.31576279    1.18649252    2.00472450    0.43966745    0.40264481    0.38999953    0.38683162    0.34952722    0.36740120    0.39373805    0.00000000    0.35495609    0.62022413    0.74930773    0.70346054    0.78560566    0.70898919    0.63987375    0.60893821    0.68004016    0.70921266    0.69169874    0.71187736    2.00174678    2.49116225    3.32610217    2.60429849    3.23690880    2.64172532    3.12641773    3.32498318    2.89111002    3.17654946    3.09252262    2.96277894    2.95760876    2.96537812    1.97533386    2.25583578    2.80905705    2.59461311    2.72186129    2.95534325    2.25132106    2.11293379    3.03887683    2.65863617    2.63263683    2.47706421    3.14816869    1.60662660    1.38767280    1.29334963    1.27377885    1.25423971    1.29972116    1.19213973    1.16162119    1.35926973    1.37557860    1.41452255    1.36069099    1.41136266    1.31224636    1.31639905    1.25078552    1.34744593    1.28772658    1.34063926    1.37555595
K9TEG3_9CYAN/4-137     1.33752152    1.12960984    1.14323759    1.30860355    1.39773459    1.18095738    2.14852570    0.49387833    0.41144700    0.39413091    0.34359130    0.32064808    0.32758543    0.38162575    0.35495609    0.00000000    0.63380109    0.70913114    0.70003599    0.78807272    0.68888730    0.72865645    0.64968951    0.76100431    0.72016727    0.75048232    0.77078055    2.07218820    2.69796043    3.39041657    2.69802314    3.08606339    2.71301648    3.16946383    3.62105185    2.60967787    3.29595386    3.00607455    3.12214653    2.89832681    3.16430085    1.95988271    2.22932376    2.65407474    3.00796949    2.93596298    3.04394862    2.21089037    1.99759035    3.35868781    3.11281042    2.98926511    2.77094521    3.51404429    1.38638037    1.24025788    1.18683435    1.15042256    1.25617068    1.29013613    1.12435276    1.16007529    1.33979418    1.36577490    1.35034717    1.24725759    1.32832268    1.25268428    1.15452815    1.15808399    1.19935672    1.25476742    1.29762967    1.30094738
K9U5W5_CHRTP/4-132     1.06640205    0.98390761    0.93820473    1.02513302    1.23915183    1.07894069    1.80120061    0.56467711    0.65042492    0.61513454    0.61279627    0.58383749    0.58560756    0.53458376    0.62022413    0.63380109    0.00000000    0.31689336    0.30570451    0.33444325    0.35436770    0.40719177    0.28893878    0.38269138    0.40659180    0.55503652    0.57450566    1.82981598    2.55667767    3.41315600    2.88089625    2.97318131    2.75062184    3.37642007    3.63364150    3.08283512    3.37452981    3.28840003    3.35839598    3.20921676    2.94307635    2.38675850    2.72932536    3.07085361    3.41889119    3.36267756    2.92087784    2.08437298    1.90294701    2.84100732    2.57759865    2.59953773    2.22673812    3.00006483    1.21892882    1.08691754    1.00956695    1.15214247    1.11168402    1.14401419    0.88378453    1.00148379    1.08524732    1.14427335    0.98257651    1.01024732    1.07291023    1.14055511    1.07774987    1.16508442    1.08637773    1.00068664    1.08158922    1.14556262
K9W8Q5_9CYAN/4-132     1.20266772    1.02402059    1.05048033    1.09196914    1.30520315    1.17253722    2.11259627    0.64848826    0.71818878    0.71826451    0.73901927    0.66778165    0.70015508    0.75260293    0.74930773    0.70913114    0.31689336    0.00000000    0.23965896    0.33268205    0.31775065    0.41939801    0.30266409    0.35298098    0.36785126    0.65110718    0.67545300    1.70834689    2.39611788    3.36867268    2.89703880    3.23038483    2.72606450    3.33762064    3.42322352    2.91313125    3.22967538    3.28466084    3.10659034    3.29958381    2.68707282    2.44821860    2.53993333    2.62324412    3.44975131    3.33816846    2.90596408    2.27405406    2.15128827    3.00262391    2.60725756    2.76787717    2.28051624    2.87629605    1.28993747    1.06469944    1.20262450    1.25637145    1.15054854    1.25673220    1.05122826    1.16552940    1.23066429    1.24758670    1.03102720    1.16157084    1.22510799    1.23778469    1.18808797    1.37072083    1.17275434    1.16863843    1.09311324    1.31681036
K9XU57_STAC7/4-132     1.06738003    0.99638146    0.95696605    1.00118422    1.16579151    1.12335370    2.14272943    0.69657431    0.69686425    0.70747241    0.72185334    0.66554284    0.73501033    0.71098155    0.70346054    0.70003599    0.30570451    0.23965896    0.00000000    0.30572332    0.35525102    0.41155205    0.32725516    0.40822454    0.40886239    0.73289589    0.71603833    1.83005796    2.38214581    3.44703494    2.85473625    2.82926700    2.66305262    3.28739643    3.34146521    2.80234352    3.19299831    3.30775307    2.98448299    3.20884979    2.94305670    2.48422950    2.45806227    2.69806873    2.99687228    3.12915978    3.00138319    2.33242199    1.94774373    2.79373495    2.57719614    2.55458623    2.26625140    2.91486949    1.24039317    1.03874866    1.09171461    1.03671756    1.05651193    1.13397901    0.94486964    0.97589987    1.09211374    1.12853838    1.01868891    1.07650122    1.17859780    1.17996331    1.07924849    1.17839575    1.11169372    1.02395668    1.07476111    1.24123704
K9YFL7_HALP7/4-133     1.37336067    1.13110817    1.09672828    1.17807837    1.40471415    1.34698056    2.14777271    0.77517964    0.75549137    0.70568660    0.81775923    0.70107743    0.79571562    0.73409315    0.78560566    0.78807272    0.33444325    0.33268205    0.30572332    0.00000000    0.34166305    0.38369144    0.38887198    0.45638544    0.44141677    0.72330940    0.69644556    1.78726337    2.49048046    3.37374887    2.93999340    3.28608956    2.81232090    3.49324470    3.67533458    3.21215286    3.13357275    3.21855027    3.16907258    3.54680711    3.15174002    2.36416676    2.68205795    2.71898664    2.79179986    3.04474369    3.19583466    2.11601148    2.12896580    3.05877820    2.64957150    2.89710037    2.40947142    3.05041958    1.34782866    1.18049874    1.19575696    1.26803161    1.30543431    1.36516454    1.16428077    1.27930317    1.40609317    1.38190540    1.24683724    1.21253212    1.30485560    1.30305110    1.32866229    1.37956377    1.29832479    1.25600349    1.28005900    1.41184215
K9VXJ4_9CYAN/4-132     1.14881493    0.95500805    1.03658909    1.01140538    1.32694212    1.20973524    2.08403399    0.72120965    0.68301274    0.60666354    0.68716286    0.59659486    0.64433214    0.70320833    0.70898919    0.68888730    0.35436770    0.31775065    0.35525102    0.34166305    0.00000000    0.39347785    0.30176141    0.37241079    0.42457413    0.60568677    0.52901754    1.96418441    2.37232370    3.33654082    2.71116341    3.23500050    2.77550224    3.27275861    3.08873938    2.99352121    3.31448780    3.28318432    3.15963117    3.25054479    2.79833635    2.41918328    2.47888074    2.80247610    3.16389333    3.02005433    2.78537189    2.66936600    1.92069468    2.89253800    2.64554126    2.63651288    2.26802352    3.15912041    1.15738657    1.07491734    1.15910917    1.14312268    1.08961205    1.22660267    0.96738060    1.12635183    1.20900470    1.08792111    1.09515522    1.09386111    1.16729981    1.17822089    1.14677256    1.28520831    1.19029881    1.16716818    1.11223019    1.32214239
K9R7Q3_9CYAN/4-132     1.19575008    1.02744204    1.04435714    1.08348156    1.41464657    1.13540027    2.12286655    0.67848050    0.65446904    0.58958942    0.67302281    0.58215325    0.67219240    0.65201221    0.63987375    0.72865645    0.40719177    0.41939801    0.41155205    0.38369144    0.39347785    0.00000000    0.25774358    0.38707961    0.35316402    0.66824624    0.64390819    2.01704008    2.83318070    3.61571596    2.79454483    3.59747835    2.93850671    3.50458388    3.58999298    3.22597577    3.30927572    3.32833528    3.34829660    3.24410288    3.16554486    2.49779038    3.07117770    2.93416823    3.13226755    3.34702569    2.98142868    2.34811249    1.88461191    2.95608146    2.71201638    2.75702623    2.28459123    3.03863316    1.35265281    1.01141159    1.20482845    1.18126481    1.23588190    1.26006594    1.10777786    1.23975205    1.27867104    1.24603713    1.17454705    1.14288628    1.22511451    1.15988282    1.26966227    1.24169292    1.25728873    1.23758451    1.23850201    1.29371352
Q8YP95_NOSS1/5-132     1.07206566    0.93327109    0.92663716    0.95983424    1.16817833    1.11929580    1.92617149    0.60674853    0.60059788    0.53792361    0.55511701    0.51745815    0.56848157    0.58133935    0.60893821    0.64968951    0.28893878    0.30266409    0.32725516    0.38887198    0.30176141    0.25774358    0.00000000    0.25329703    0.25186657    0.60268234    0.52799305    1.80820340    2.39990115    3.42697026    2.84798062    3.40203773    2.72232775    3.23972734    3.34744491    2.86761539    3.15881391    3.01905645    2.98080279    3.03705827    3.18349960    2.28772553    2.60285203    2.83865638    3.04851203    2.99603201    2.80620152    2.35312100    1.90306600    2.79233466    2.56698511    2.66774246    2.08597862    3.21305884    1.12279949    0.97381225    1.12023717    1.15553449    1.03017324    1.17590729    0.92437999    1.02825578    1.14069295    1.03814899    1.06622649    1.04998462    1.11181313    1.08182853    1.10859849    1.21433088    1.12755653    0.98454967    1.02115998    1.23756253
D7E117_NOSA0/4-132     1.15641949    1.09328734    1.05405000    1.06953611    1.30963394    1.21614952    2.07734331    0.66215648    0.75393541    0.69245106    0.68981728    0.63916549    0.66829562    0.66989141    0.68004016    0.76100431    0.38269138    0.35298098    0.40822454    0.45638544    0.37241079    0.38707961    0.25329703    0.00000000    0.23940695    0.71720019    0.63933074    1.87982942    2.47930235    3.20240175    3.01596330    3.28288443    3.04777958    3.09796653    3.26343230    3.05965017    3.26126384    2.88989405    3.28529276    3.17356366    3.09525835    2.34639049    2.65988167    2.86827982    3.00836839    2.98635009    2.97114129    2.42475654    1.97305415    2.94215589    2.73927376    2.71410183    2.41818062    3.11846608    1.19703054    1.13803545    1.23915820    1.16784919    1.20943524    1.24169959    1.01163843    1.16725490    1.21213870    1.13066856    1.15392348    1.18278341    1.19208706    1.17974843    1.16607537    1.30344919    1.23597913    1.13543820    1.22339964    1.32680430
K7WI94_9NOST/4-132     1.25580565    1.15971466    1.10083541    1.14976896    1.30392929    1.20538031    2.14482513    0.60585194    0.68435381    0.63671847    0.62386062    0.60628655    0.67702109    0.63226519    0.70921266    0.72016727    0.40659180    0.36785126    0.40886239    0.44141677    0.42457413    0.35316402    0.25186657    0.23940695    0.00000000    0.60657035    0.55902538    1.70988878    2.61515600    3.28719649    2.92722610    3.06108265    3.02299884    3.43817503    3.43949986    3.06619459    3.33328103    3.07917685    3.26091963    3.33512935    3.05673794    2.41382298    2.94639037    3.18794731    3.48169219    3.08513949    2.88915627    2.55650732    1.88917951    3.15454014    2.93995608    3.09475486    2.28727231    2.96023174    1.31566418    1.12652441    1.19026697    1.18118353    1.21974653    1.28467153    1.06869072    1.12901396    1.35746464    1.25054145    1.25168908    1.25843416    1.27627661    1.34432194    1.30417223    1.28836027    1.31825777    1.17153716    1.19090678    1.38247636
Q7NGH7_GLOVI/10-129     1.19331447    1.09484692    1.10083301    1.17969391    1.38182144    1.23125828    1.82938810    0.68809035    0.76062592    0.68982200    0.74549971    0.71796185    0.71107790    0.70727258    0.69169874    0.75048232    0.55503652    0.65110718    0.73289589    0.72330940    0.60568677    0.66824624    0.60268234    0.71720019    0.60657035    0.00000000    0.13744320    1.87241219    2.53156885    3.36757041    2.65040750    2.94249702    2.84651555    3.13548525    3.22532841    3.00405583    3.36856741    3.05692409    3.11877749    3.16476987    2.98677949    2.46415499    2.61295619    2.80391431    3.21243101    3.13723800    2.84373662    2.35583002    1.88668722    3.01047841    2.94086827    3.01610952    2.38130968    2.76909957    1.31239113    1.27138061    1.32460474    1.29166009    1.12509618    1.11752911    1.03590743    1.13308997    1.22649526    1.12873001    1.11774794    1.15308919    1.11038036    1.16608028    1.24378542    1.28370578    1.18948897    1.11814865    1.12339153    1.21693748
U5QFT7_9CYAN/6-128     1.20981704    1.12699925    1.11133037    1.17879331    1.46984214    1.31321300    1.86813887    0.72862375    0.72271224    0.66699934    0.70532317    0.69852295    0.66534019    0.68637538    0.71187736    0.77078055    0.57450566    0.67545300    0.71603833    0.69644556    0.52901754    0.64390819    0.52799305    0.63933074    0.55902538    0.13744320    0.00000000    1.84948881    2.41816548    3.31486652    2.51635122    2.91883274    2.81414443    2.99115161    3.02736316    2.86831796    3.25747240    2.95635762    3.04737703    2.95690852    2.84843490    2.46875048    2.69245747    2.79026900    3.14536888    2.88628212    2.70357283    2.23651870    1.85585112    3.01824450    2.74025203    2.76356200    2.42535076    2.64152459    1.34070255    1.24552468    1.28224108    1.27551918    1.13368684    1.24574932    0.98725573    1.11765045    1.25579508    1.13481425    1.13794905    1.14563561    1.12190952    1.22247422    1.28992834    1.31531721    1.27874532    1.14683876    1.17293130    1.27154218
A9WGN1_CHLAA/8-124     1.85740798    1.93198766    1.82098972    1.67736940    1.76416991    1.79752369    2.06349098    1.92614022    2.01469802    1.89429886    2.00808446    1.97029387    1.99911677    1.90590521    2.00174678    2.07218820    1.82981598    1.70834689    1.83005796    1.78726337    1.96418441    2.01704008    1.80820340    1.87982942    1.70988878    1.87241219    1.84948881    0.00000000    1.79327101    2.41811068    1.92990215    1.96088563    1.87322203    2.27392409    2.41881874    2.21953821    2.21837458    2.14653826    1.97737246    1.93952374    2.00532325    2.15529536    2.25731212    2.26567601    2.41658743    2.35859013    1.72804483    2.32602449    2.26699726    2.84627535    2.83978110    3.02405548    2.63466507    3.29656993    1.91293029    1.61028860    1.81381826    1.92601193    1.79293411    1.59634967    1.58843143    1.66452625    1.93012613    1.95425191    1.81738810    1.77705023    1.79505291    1.78805796    1.66467870    1.83797186    1.73333074    1.58709486    1.61434883    1.44594273
K8GNR3_9CYAN/8-143     2.62268958    2.50824376    2.44623198    2.29597909    2.51414660    2.73795571    3.17658088    2.48753145    2.69604185    2.67062917    2.51134972    2.51146879    2.55804214    2.80593856    2.49116225    2.69796043    2.55667767    2.39611788    2.38214581    2.49048046    2.37232370    2.83318070    2.39990115    2.47930235    2.61515600    2.53156885    2.41816548    1.79327101    0.00000000    1.49462145    1.29989521    1.36886373    1.23038671    1.62294609    1.85976479    1.53678582    1.52407481    1.45553685    1.41843306    1.37069171    1.56826961    1.41388292    1.51707092    1.60433017    1.66472077    1.51049015    1.07584206    3.67123806    3.02119113    2.54045811    3.32510799    3.56322176    3.68513534    4.40804593    2.60507583    2.45027282    2.58726531    2.35014228    2.40391559    2.47737047    2.66449186    2.38617608    2.27166286    2.32722131    2.46412948    2.72023132    2.39179877    2.76047914    2.23247432    2.50551598    2.39939722    2.53103004    2.54905586    2.41734535
K9TM88_9CYAN/10-204     3.12543750    2.96347631    2.89084194    2.84103693    3.10339969    3.22930838    4.18736101    2.93875174    3.64482796    3.47538039    3.33103699    3.25414602    3.36721543    3.26451209    3.32610217    3.39041657    3.41315600    3.36867268    3.44703494    3.37374887    3.33654082    3.61571596    3.42697026    3.20240175    3.28719649    3.36757041    3.31486652    2.41811068    1.49462145    0.00000000    1.50135878    1.35528098    1.28543721    1.70121416    1.85978355    1.72603518    1.51214574    1.50619429    1.89400424    1.37666514    1.46913788    1.43656443    1.51144759    1.53614546    1.75396875    1.59831544    1.49604753    3.95747315    3.89710069    4.00440901    3.40210178    3.52836619    4.36424446    4.22447342    3.08968022    3.05940687    2.64588956    2.68512354    2.84238712    2.78488221    2.99833700    3.00082552    2.89723678    3.12840299    3.02498142    3.18428480    2.74744711    2.61857411    2.81079664    3.28289777    2.77745996    3.07639208    3.07560096    2.85268871
K9VUD7_9CYAN/2-126     3.05924986    2.77397515    2.94197943    2.62022360    3.61859754    3.00821061    4.57990837    2.39239129    2.67988230    2.46006421    2.39190486    2.19367653    2.39651241    2.56993611    2.60429849    2.69802314    2.88089625    2.89703880    2.85473625    2.93999340    2.71116341    2.79454483    2.84798062    3.01596330    2.92722610    2.65040750    2.51635122    1.92990215    1.29989521    1.50135878    0.00000000    1.45935018    1.08716268    1.21836235    1.67288581    1.08354874    1.20074664    1.36215870    1.17346512    1.07152888    1.21076929    1.17312153    1.15073544    1.29337073    1.61893828    1.43034829    1.09030226    4.03764696    3.12472423    3.89261311    4.64852177    4.50024352    4.22106484    4.35895922    2.91266452    2.59534174    3.05124796    2.94035775    2.73049785    2.74788723    2.61370108    2.50265238    2.90584972    2.67473396    2.73847723    2.91663157    2.79312016    2.93806809    2.82358970    2.87536596    2.73373036    2.65574593    2.72853245    2.87982199
K9XGX1_9CHRO/3-122     3.39953524    3.45484695    3.15167841    3.43155179    3.54127369    3.58813830    3.79089079    2.86881153    3.54465052    3.29377794    3.12421988    3.12288253    3.05989603    3.11809665    3.23690880    3.08606339    2.97318131    3.23038483    2.82926700    3.28608956    3.23500050    3.59747835    3.40203773    3.28288443    3.06108265    2.94249702    2.91883274    1.96088563    1.36886373    1.35528098    1.45935018    0.00000000    0.76504877    1.09229661    1.35786816    0.97314135    1.02696236    1.04445330    0.92516618    0.99392073    1.36039621    1.48141226    1.40861381    1.35016674    1.59522206    1.58784129    1.20059558    4.63727146    3.49398759    3.90218448    4.05944235    4.55757061    5.46049737    5.67128579    3.69294815    2.76770507    2.83608819    2.81899542    2.93495301    2.97015137    2.89778403    2.85356884    3.23094472    3.61602694    3.30102081    3.26947602    3.04959028    3.73338396    3.10654432    3.51636013    3.34150913    3.28048849    3.46880604    3.39013358
K9TYY4_CHRTP/4-123     2.98660041    3.08649862    3.15483016    2.87186887    2.87289073    3.10757338    3.29709461    2.53490481    2.78816433    2.43763713    2.50588875    2.45208302    2.51199641    2.65017946    2.64172532    2.71301648    2.75062184    2.72606450    2.66305262    2.81232090    2.77550224    2.93850671    2.72232775    3.04777958    3.02299884    2.84651555    2.81414443    1.87322203    1.23038671    1.28543721    1.08716268    0.76504877    0.00000000    1.09734538    1.38236596    0.99458234    0.96591633    1.01128963    0.89133272    0.81469684    1.34915515    1.11298102    1.18370062    1.18130096    1.28063447    1.27767721    1.19159262    3.37484830    3.73046212    3.23604861    3.97967196    4.23946159    5.28169080    4.52810828    3.16099298    2.46039384    2.97982321    2.82781271    2.60385512    2.64946696    2.88564672    2.57427336    2.65594912    3.01944896    3.09553461    3.24453801    2.80116837    3.04089225    2.87790291    3.32985465    2.89954393    2.89024288    3.07965753    3.17529009
K9V3C0_9CYAN/8-136     2.90812716    3.09997700    3.06902695    2.85435075    2.83823895    3.36092427    4.11027166    2.93936626    3.29787089    3.40391472    3.17183379    2.82106586    3.13128238    3.41296766    3.12641773    3.16946383    3.37642007    3.33762064    3.28739643    3.49324470    3.27275861    3.50458388    3.23972734    3.09796653    3.43817503    3.13548525    2.99115161    2.27392409    1.62294609    1.70121416    1.21836235    1.09229661    1.09734538    0.00000000    1.15699571    0.84092340    0.89711004    1.14515073    0.78635786    0.80667226    1.09793285    1.42069679    1.45414080    1.54165078    1.71884611    1.39789251    1.53980746    4.58377732    3.88455097    2.95377700    4.05135587    4.26198369    5.16036627    4.54004757    3.13677470    2.78760400    3.12892202    2.91283098    2.68913058    2.82483357    2.99409965    2.52245011    2.86209325    2.94485384    2.89502453    3.13087599    2.79787203    2.95709617    2.62441878    3.10694485    2.73480052    2.92560140    3.02707664    2.74987499
K9RLK1_9CYAN/8-147     3.12753472    3.29789124    3.26935075    2.90249501    3.62456401    3.32554234    4.31208031    3.34237794    4.35824094    3.75471678    3.47089712    3.37313580    3.55984917    3.91296654    3.32498318    3.62105185    3.63364150    3.42322352    3.34146521    3.67533458    3.08873938    3.58999298    3.34744491    3.26343230    3.43949986    3.22532841    3.02736316    2.41881874    1.85976479    1.85978355    1.67288581    1.35786816    1.38236596    1.15699571    0.00000000    1.03175406    1.10261647    1.10920307    0.90459580    0.91262273    1.51256654    1.45975691    1.53472243    1.32896436    1.48016283    1.60895715    1.49215630    4.19240230    3.98886821    3.48647667    3.41277730    3.85731436    4.60757262    4.92427706    3.33820258    3.01091755    3.31411365    3.05092228    2.95233665    2.98226830    3.05644219    3.13383680    3.23016865    3.16765599    3.15006247    3.31360016    3.12245776    3.41016115    2.91157794    3.50539832    3.25796943    3.27315661    3.35260666    2.84934868
Q8YWE8_NOSS1/8-139     2.80846563    2.83132294    2.81086335    2.60941321    3.05122239    2.98062034    4.20785654    2.40357412    3.23044187    3.09501505    2.66348041    2.64330380    2.72142582    2.85164399    2.89111002    2.60967787    3.08283512    2.91313125    2.80234352    3.21215286    2.99352121    3.22597577    2.86761539    3.05965017    3.06619459    3.00405583    2.86831796    2.21953821    1.53678582    1.72603518    1.08354874    0.97314135    0.99458234    0.84092340    1.03175406    0.00000000    0.60494582    0.77001111    0.60266233    0.55713371    1.39188344    1.34532613    1.28520927    1.30226573    1.71711473    1.58423650    1.38027882    4.17004141    3.39033719    3.25945601    4.40105577    4.81514116    5.65978964    5.10804218    2.93231355    2.52519498    2.68994071    2.70847857    2.73280539    2.67877215    2.70968726    2.62467451    2.92649835    3.02180093    2.66658701    2.97997333    2.75873451    3.23370830    2.42672103    2.91898843    2.80221199    2.60595337    2.94426613    2.91061945
K9X0U1_9NOST/8-138     2.91481449    2.80123731    3.06626493    2.90771761    3.17179449    3.14068655    3.69480838    2.84255954    3.37059711    3.42561013    2.99405582    3.08446689    3.21264527    2.96047070    3.17654946    3.29595386    3.37452981    3.22967538    3.19299831    3.13357275    3.31448780    3.30927572    3.15881391    3.26126384    3.33328103    3.36856741    3.25747240    2.21837458    1.52407481    1.51214574    1.20074664    1.02696236    0.96591633    0.89711004    1.10261647    0.60494582    0.00000000    0.67067789    0.50949451    0.49716296    1.24076535    1.44054973    1.35058454    1.18409307    1.45888933    1.12427518    1.43998477    3.84012060    3.59370042    2.95391283    4.40954537    4.80020672    5.14058511    4.55235591    3.03185520    2.97213099    3.32952432    2.92818905    2.79119799    2.83997311    3.03426658    2.81964710    2.90161061    3.04644127    2.74541987    3.12931648    2.80118053    3.00874703    2.63876202    2.95640601    2.99116530    3.05304915    3.09725242    2.87428084
