36
G8JUB9_ERECY/80-151     0.00000000    0.33524462    0.45382050    0.37581152    0.57372441    0.53026221    0.83154028    1.10194089    0.91439132    1.02652043    1.22275127    1.08140407    1.14868355    1.31169038    1.17494449    1.13630168    1.12214825    1.39362285    1.57268310    2.02169255    3.15076756    1.42724824    1.16894046    0.39203810    0.44169955    0.59707272    0.56553758    0.53416868    0.43845749    0.36059999    0.42922876    0.40257511    0.45140050    0.50474337    0.56366861    0.49177005
Q6CTX2_KLULA/86-157     0.33524462    0.00000000    0.49740222    0.53530765    0.58447718    0.54973106    0.79993455    1.28123494    1.07409251    1.19455426    1.43958758    1.21511412    1.28255514    1.29540514    1.29840155    1.18318659    1.24376501    1.61972344    1.68632985    1.91607925    2.88634066    1.54665712    1.48371191    0.47864758    0.49198213    0.65658235    0.59124702    0.55457330    0.48117901    0.47102045    0.53645599    0.46050748    0.46654737    0.71824474    0.75037677    0.52832844
C5E334_LACTC/76-147     0.45382050    0.49740222    0.00000000    0.63522391    0.70324199    0.65366307    1.02467284    1.13673689    0.81679388    0.98899952    1.42080374    1.20389527    1.36136425    1.29607526    1.47451255    1.31947241    1.31906238    1.77749094    1.85381703    2.14064004    2.85995369    1.40276373    1.26495734    0.60756565    0.70880721    0.66906432    0.69480648    0.67753141    0.54055008    0.58150872    0.60555691    0.55070438    0.52299873    0.64395211    0.74316619    0.65098293
G0VAB4_NAUCC/79-150     0.37581152    0.53530765    0.63522391    0.00000000    0.61849779    0.45667791    0.78203654    1.16438602    0.92878860    0.99982914    1.22459411    1.24738366    1.31997140    1.28895801    1.30782733    1.36439656    1.18838447    1.49987158    1.82972160    2.01320598    2.91111689    1.60261468    1.23809486    0.35717430    0.46510914    0.62503252    0.60426588    0.60151632    0.32747439    0.42402631    0.42115714    0.40287556    0.38280340    0.51985838    0.63208665    0.50289859
J7SBT3_NAUDC/65-136     0.57372441    0.58447718    0.70324199    0.61849779    0.00000000    0.52639118    0.99978247    1.22639759    1.09060859    1.36366567    1.26255891    1.07191154    1.39050247    1.47970981    1.46327909    1.03269759    1.33322529    1.68153069    1.65098238    2.09093255    2.82725864    1.61473545    1.42183730    0.66889301    0.72544184    0.79593283    0.69421186    0.67979607    0.70652055    0.61289563    0.62791412    0.56325084    0.58141416    0.81463297    0.75535936    0.70378918
Q6FS79_CANGA/82-153     0.53026221    0.54973106    0.65366307    0.45667791    0.52639118    0.00000000    0.80389327    1.04899343    0.84310075    0.93509820    1.18961589    1.18819213    1.37213356    1.31693466    1.34652577    1.12369413    1.18957586    1.45002001    1.48918534    1.88813490    2.49515753    1.34010405    1.34396852    0.44375126    0.59714460    0.55710184    0.54633933    0.67372761    0.39493937    0.40063909    0.37284836    0.25924135    0.30439761    0.66890319    0.69373767    0.58227599
J7R2B8_KAZNA/79-150     0.83154028    0.79993455    1.02467284    0.78203654    0.99978247    0.80389327    0.00000000    1.32056224    1.18518743    1.43035165    1.60087903    1.28314348    1.67041950    1.55109575    1.26438409    1.51653075    1.41380680    1.31831295    1.68953248    2.02418326    2.39021809    1.69692185    1.49047442    0.86591890    0.98537440    0.93320124    0.85493470    0.95089549    0.80242838    0.75239532    0.86434293    0.72375883    0.74207780    0.99306398    0.98151699    0.88860452
C4R275_KOMPG/66-136     1.10194089    1.28123494    1.13673689    1.16438602    1.22639759    1.04899343    1.32056224    0.00000000    0.95924200    0.96383862    1.17738758    1.11628961    1.62247667    1.34459351    1.31343391    1.64223504    1.46770492    1.59488264    1.89171507    2.13321407    2.29982712    1.46100317    1.56074598    1.08905592    1.30341815    1.26589618    1.26924858    1.19528721    1.17697642    1.06795664    1.08914257    1.06448528    1.17937504    1.26546546    1.36124389    1.19717967
K0KM61_WICCF/79-149     0.91439132    1.07409251    0.81679388    0.92878860    1.09060859    0.84310075    1.18518743    0.95924200    0.00000000    0.91811457    1.06443590    1.21659982    1.17823276    1.35711290    1.32367801    1.20317406    1.10929795    1.50570361    1.80377131    2.32272629    1.77248312    1.43945749    1.15622036    0.94745305    0.97783271    1.05399367    1.04917166    1.18780949    0.89565008    0.88780615    0.91512838    0.81235174    0.98770458    0.93611358    1.05695746    1.07953182
W1Q8Q0_OGAPD/92-162     1.02652043    1.19455426    0.98899952    0.99982914    1.36366567    0.93509820    1.43035165    0.96383862    0.91811457    0.00000000    1.10454719    1.07672411    1.03793336    1.27769885    1.14385738    1.60037325    1.39565866    1.26183191    1.75924202    1.66836680    2.28289250    1.16105702    1.22348959    1.03798676    1.22501341    1.05393260    1.18662412    1.22811977    1.00582877    1.01964852    0.84575165    0.85818824    1.03449460    1.12415655    1.02967106    0.98168559
B5RV18_DEBHA/28-98     1.22275127    1.43958758    1.42080374    1.22459411    1.26255891    1.18961589    1.60087903    1.17738758    1.06443590    1.10454719    0.00000000    0.59011122    0.77144146    0.93444576    0.81560566    1.29543485    1.16091379    1.26725027    1.53936377    1.79574822    1.81409228    1.28168418    1.21617739    1.27365833    1.33151674    1.14257997    1.49730025    1.25145756    1.13538149    1.07887562    1.15271835    1.17325216    1.12870814    1.24647969    1.13260702    1.22998207
A5DBN4_PICGU/45-115     1.08140407    1.21511412    1.20389527    1.24738366    1.07191154    1.18819213    1.28314348    1.11628961    1.21659982    1.07672411    0.59011122    0.00000000    1.01290712    1.01459730    0.87307575    1.50493058    1.03686993    1.14011913    1.71293366    1.80531056    2.14710607    1.41801551    1.20882897    1.16363306    1.26504490    1.11879044    1.39521622    1.32300235    1.23863010    1.09944213    1.07388123    1.19107320    1.07972955    1.14830762    1.25893321    1.13135067
G8Y5X2_PICSO/28-98     1.14868355    1.28255514    1.36136425    1.31997140    1.39050247    1.37213356    1.67041950    1.62247667    1.17823276    1.03793336    0.77144146    1.01290712    0.00000000    0.98963312    0.97193170    1.34564596    1.45666656    1.25079112    1.58366667    1.68866780    2.26072447    1.28916826    1.19783651    1.31303436    1.37434737    1.25182922    1.42326975    1.33291756    1.31968036    1.24343396    1.18527912    1.32506727    1.23684277    1.19662147    1.14853438    1.30647535
A3LUE9_PICST/28-98     1.31169038    1.29540514    1.29607526    1.28895801    1.47970981    1.31693466    1.55109575    1.34459351    1.35711290    1.27769885    0.93444576    1.01459730    0.98963312    0.00000000    0.93954734    1.50839253    1.35846106    1.48312575    1.75155089    1.76101844    1.97731030    1.51031982    1.09332235    1.30802293    1.50789419    1.28423823    1.38881681    1.32986176    1.36841207    1.32240370    1.31270803    1.33220079    1.33645375    1.40674905    1.33550130    1.09014376
C4Y434_CLAL4/25-94     1.17494449    1.29840155    1.47451255    1.30782733    1.46327909    1.34652577    1.26438409    1.31343391    1.32367801    1.14385738    0.81560566    0.87307575    0.97193170    0.93954734    0.00000000    1.39822377    1.14743814    1.06340640    1.63402942    1.91818086    2.05964513    1.48511003    0.97206531    1.39473197    1.43937936    1.26105909    1.49321843    1.32249374    1.34270394    1.33987079    1.38563973    1.34277310    1.30156663    1.42534456    1.09071284    1.28463042
Q6CGN4_YARLI/40-109     1.13630168    1.18318659    1.31947241    1.36439656    1.03269759    1.12369413    1.51653075    1.64223504    1.20317406    1.60037325    1.29543485    1.50493058    1.34564596    1.50839253    1.39822377    0.00000000    2.20313818    1.98884226    1.40688589    2.00117173    2.46649503    1.83004744    1.72426490    1.23530650    1.50655472    1.42813169    1.32574062    1.13132419    1.35208849    1.29186099    1.18788428    1.23607452    1.31197041    1.52391081    1.22286865    1.31650181
M3ILH8_CANMX/29-100     1.12214825    1.24376501    1.31906238    1.18838447    1.33322529    1.18957586    1.41380680    1.46770492    1.10929795    1.39565866    1.16091379    1.03686993    1.45666656    1.35846106    1.14743814    2.20313818    0.00000000    0.72962883    1.59506681    2.14705637    2.05358230    1.33192754    1.05402844    1.23337665    1.35150573    1.22455452    1.43730847    1.57515086    1.22571986    1.19692069    1.22985252    1.16850722    1.08247623    1.18871857    1.11046955    1.16900176
C5M832_CANTT/28-99     1.39362285    1.61972344    1.77749094    1.49987158    1.68153069    1.45002001    1.31831295    1.59488264    1.50570361    1.26183191    1.26725027    1.14011913    1.25079112    1.48312575    1.06340640    1.98884226    0.72962883    0.00000000    1.58053202    1.67726219    2.48343119    1.50791612    1.09854895    1.51235579    1.55661801    1.67683254    1.90368817    1.93637572    1.34304023    1.42653504    1.48668193    1.44558917    1.43206978    1.71453016    1.51384809    1.35709575
Q6CGH4_YARLI/54-125     1.57268310    1.68632985    1.85381703    1.82972160    1.65098238    1.48918534    1.68953248    1.89171507    1.80377131    1.75924202    1.53936377    1.71293366    1.58366667    1.75155089    1.63402942    1.40688589    1.59506681    1.58053202    0.00000000    1.55734063    1.91649790    1.56001673    1.43502605    1.72722099    1.74988164    1.71151715    1.75170846    1.83436119    1.84642729    1.68567309    1.76526407    1.60852774    1.59955513    1.60848760    1.35774997    1.53197251
DNT1_SCHPO/16-83     2.02169255    1.91607925    2.14064004    2.01320598    2.09093255    1.88813490    2.02418326    2.13321407    2.32272629    1.66836680    1.79574822    1.80531056    1.68866780    1.76101844    1.91818086    2.00117173    2.14705637    1.67726219    1.55734063    0.00000000    1.89490182    1.58223069    1.47985929    1.93486062    1.73752187    1.86869366    1.97779619    1.70574189    1.93926350    1.95136396    2.09750594    1.99894301    1.79539447    2.14038789    1.58314704    1.89979592
A7SH49_NEMVE/15-84     3.15076756    2.88634066    2.85995369    2.91111689    2.82725864    2.49515753    2.39021809    2.29982712    1.77248312    2.28289250    1.81409228    2.14710607    2.26072447    1.97731030    2.05964513    2.46649503    2.05358230    2.48343119    1.91649790    1.89490182    0.00000000    1.67603446    1.78385254    3.19774693    2.96199387    2.17565443    2.51177628    2.75689592    3.11103694    3.12548517    2.86036411    2.70080137    2.81568614    2.38356739    2.47438978    2.53014900
A5DXQ1_LODEL/34-104     1.42724824    1.54665712    1.40276373    1.60261468    1.61473545    1.34010405    1.69692185    1.46100317    1.43945749    1.16105702    1.28168418    1.41801551    1.28916826    1.51031982    1.48511003    1.83004744    1.33192754    1.50791612    1.56001673    1.58223069    1.67603446    0.00000000    0.93564401    1.38637822    1.39813589    1.54267363    1.46250768    1.66848848    1.34107822    1.32646674    1.19638295    1.16546263    1.44785826    1.60463942    1.21306475    1.21666000
G8B6U9_CANPC/28-97     1.16894046    1.48371191    1.26495734    1.23809486    1.42183730    1.34396852    1.49047442    1.56074598    1.15622036    1.22348959    1.21617739    1.20882897    1.19783651    1.09332235    0.97206531    1.72426490    1.05402844    1.09854895    1.43502605    1.47985929    1.78385254    0.93564401    0.00000000    1.34638064    1.33997952    1.34444395    1.35101009    1.39413123    1.29520058    1.12680440    1.26693986    1.36657092    1.29597076    1.32642778    1.10800007    1.05753532
G0W6W7_NAUDC/75-146     0.39203810    0.47864758    0.60756565    0.35717430    0.66889301    0.44375126    0.86591890    1.08905592    0.94745305    1.03798676    1.27365833    1.16363306    1.31303436    1.30802293    1.39473197    1.23530650    1.23337665    1.51235579    1.72722099    1.93486062    3.19774693    1.38637822    1.34638064    0.00000000    0.37081071    0.51544144    0.45244460    0.61946120    0.35984322    0.31860272    0.27974457    0.37962144    0.35101238    0.64421360    0.69719512    0.45839417
A7TNU3_VANPO/144-215     0.44169955    0.49198213    0.70880721    0.46510914    0.72544184    0.59714460    0.98537440    1.30341815    0.97783271    1.22501341    1.33151674    1.26504490    1.37434737    1.50789419    1.43937936    1.50655472    1.35150573    1.55661801    1.74988164    1.73752187    2.96199387    1.39813589    1.33997952    0.37081071    0.00000000    0.46030022    0.57955748    0.57411336    0.39825664    0.33019644    0.43643650    0.42855565    0.41638159    0.60812529    0.83460364    0.56335744
G8BXZ7_TETPH/97-168     0.59707272    0.65658235    0.66906432    0.62503252    0.79593283    0.55710184    0.93320124    1.26589618    1.05399367    1.05393260    1.14257997    1.11879044    1.25182922    1.28423823    1.26105909    1.42813169    1.22455452    1.67683254    1.71151715    1.86869366    2.17565443    1.54267363    1.34444395    0.51544144    0.46030022    0.00000000    0.54019510    0.62742461    0.52545756    0.57617946    0.50246489    0.58265867    0.48374351    0.68813951    0.72434635    0.57188784
G8BXI6_TETPH/81-152     0.56553758    0.59124702    0.69480648    0.60426588    0.69421186    0.54633933    0.85493470    1.26924858    1.04917166    1.18662412    1.49730025    1.39521622    1.42326975    1.38881681    1.49321843    1.32574062    1.43730847    1.90368817    1.75170846    1.97779619    2.51177628    1.46250768    1.35101009    0.45244460    0.57955748    0.54019510    0.00000000    0.55002739    0.53528442    0.46373572    0.40816049    0.44789985    0.49945432    0.81108811    0.73685696    0.63768092
G0V7P4_NAUCC/64-135     0.53416868    0.55457330    0.67753141    0.60151632    0.67979607    0.67372761    0.95089549    1.19528721    1.18780949    1.22811977    1.25145756    1.32300235    1.33291756    1.32986176    1.32249374    1.13132419    1.57515086    1.93637572    1.83436119    1.70574189    2.75689592    1.66848848    1.39413123    0.61946120    0.57411336    0.62742461    0.55002739    0.00000000    0.61270047    0.59917731    0.58256581    0.58604650    0.52156814    0.90813153    0.80278662    0.72594795
H2AN45_KAZAF/68-139     0.43845749    0.48117901    0.54055008    0.32747439    0.70652055    0.39493937    0.80242838    1.17697642    0.89565008    1.00582877    1.13538149    1.23863010    1.31968036    1.36841207    1.34270394    1.35208849    1.22571986    1.34304023    1.84642729    1.93926350    3.11103694    1.34107822    1.29520058    0.35984322    0.39825664    0.52545756    0.53528442    0.61270047    0.00000000    0.22763460    0.39405369    0.28201848    0.34186082    0.60359974    0.68814121    0.55759974
A7TDK4_VANPO/77-148     0.36059999    0.47102045    0.58150872    0.42402631    0.61289563    0.40063909    0.75239532    1.06795664    0.88780615    1.01964852    1.07887562    1.09944213    1.24343396    1.32240370    1.33987079    1.29186099    1.19692069    1.42653504    1.68567309    1.95136396    3.12548517    1.32646674    1.12680440    0.31860272    0.33019644    0.57617946    0.46373572    0.59917731    0.22763460    0.00000000    0.36409139    0.24528134    0.38773293    0.58927418    0.68374666    0.54880592
G8ZT01_TORDC/74-145     0.42922876    0.53645599    0.60555691    0.42115714    0.62791412    0.37284836    0.86434293    1.08914257    0.91512838    0.84575165    1.15271835    1.07388123    1.18527912    1.31270803    1.38563973    1.18788428    1.22985252    1.48668193    1.76526407    2.09750594    2.86036411    1.19638295    1.26693986    0.27974457    0.43643650    0.50246489    0.40816049    0.58256581    0.39405369    0.36409139    0.00000000    0.28433560    0.30478534    0.61556606    0.75166777    0.54649071
J7RWA4_KAZNA/79-150     0.40257511    0.46050748    0.55070438    0.40287556    0.56325084    0.25924135    0.72375883    1.06448528    0.81235174    0.85818824    1.17325216    1.19107320    1.32506727    1.33220079    1.34277310    1.23607452    1.16850722    1.44558917    1.60852774    1.99894301    2.70080137    1.16546263    1.36657092    0.37962144    0.42855565    0.58265867    0.44789985    0.58604650    0.28201848    0.24528134    0.28433560    0.00000000    0.33000979    0.50880801    0.69700855    0.57813832
NET1_YEAST/71-142     0.45140050    0.46654737    0.52299873    0.38280340    0.58141416    0.30439761    0.74207780    1.17937504    0.98770458    1.03449460    1.12870814    1.07972955    1.23684277    1.33645375    1.30156663    1.31197041    1.08247623    1.43206978    1.59955513    1.79539447    2.81568614    1.44785826    1.29597076    0.35101238    0.41638159    0.48374351    0.49945432    0.52156814    0.34186082    0.38773293    0.30478534    0.33000979    0.00000000    0.53667483    0.64374508    0.50445653
Q6FXK6_CANGA/46-118     0.50474337    0.71824474    0.64395211    0.51985838    0.81463297    0.66890319    0.99306398    1.26546546    0.93611358    1.12415655    1.24647969    1.14830762    1.19662147    1.40674905    1.42534456    1.52391081    1.18871857    1.71453016    1.60848760    2.14038789    2.38356739    1.60463942    1.32642778    0.64421360    0.60812529    0.68813951    0.81108811    0.90813153    0.60359974    0.58927418    0.61556606    0.50880801    0.53667483    0.00000000    0.71219693    0.70500984
H2AMJ8_KAZAF/55-126     0.56366861    0.75037677    0.74316619    0.63208665    0.75535936    0.69373767    0.98151699    1.36124389    1.05695746    1.02967106    1.13260702    1.25893321    1.14853438    1.33550130    1.09071284    1.22286865    1.11046955    1.51384809    1.35774997    1.58314704    2.47438978    1.21306475    1.10800007    0.69719512    0.83460364    0.72434635    0.73685696    0.80278662    0.68814121    0.68374666    0.75166777    0.69700855    0.64374508    0.71219693    0.00000000    0.59995629
I2H3S4_TETBL/109-180     0.49177005    0.52832844    0.65098293    0.50289859    0.70378918    0.58227599    0.88860452    1.19717967    1.07953182    0.98168559    1.22998207    1.13135067    1.30647535    1.09014376    1.28463042    1.31650181    1.16900176    1.35709575    1.53197251    1.89979592    2.53014900    1.21666000    1.05753532    0.45839417    0.56335744    0.57188784    0.63768092    0.72594795    0.55759974    0.54880592    0.54649071    0.57813832    0.50445653    0.70500984    0.59995629    0.00000000

