7
B4KIG4_DROMO/72-108     0.00000000    0.30046055    0.25126444    0.96306981    0.63976423    0.38682649    0.43395094
B4MWD7_DROWI/27-67     0.30046055    0.00000000    0.31729494    1.07748314    0.88601691    0.43976579    0.70153663
VTU4_DROME/37-73     0.25126444    0.31729494    0.00000000    1.06282898    0.66850993    0.36078695    0.58496880
T1GY65_MEGSC/59-98     0.96306981    1.07748314    1.06282898    0.00000000    0.93439006    0.81825649    1.13881918
T1GIC6_MEGSC/108-146     0.63976423    0.88601691    0.66850993    0.93439006    0.00000000    0.55460057    0.67243764
T1H1S5_MEGSC/52-86     0.38682649    0.43976579    0.36078695    0.81825649    0.55460057    0.00000000    0.29409648
T1GW86_MEGSC/52-86     0.43395094    0.70153663    0.58496880    1.13881918    0.67243764    0.29409648    0.00000000

