147
D8LRY4_ECTSI/858-969     0.00000000    1.75533425    1.66277671    1.60297718    1.70479137    2.04097530    1.66193530    1.71454733    1.34237525    1.60090349    1.41345994    1.35072505    1.48151350    1.31216537    1.61086459    1.46453381    1.62802753    1.79742488    1.85714367    1.73726779    1.41127001    1.49937715    1.77642642    1.55177451    1.67794476    2.04351083    1.82927469    1.89807959    1.95124618    2.01096201    2.16435711    2.40188050    2.32941207    2.34107770    2.19644372    1.98452517    2.17336448    2.28526024    2.27643618    2.42007793    2.32408849    2.29438763    2.07681662    1.94603067    2.14242159    2.20738737    2.23126483    2.33867845    2.23298239    2.26228722    2.35549228    2.23080594    2.26690521    2.03076093    1.68752864    1.81707734    1.59856893    1.78007105    2.05593422    1.81965177    1.84304880    1.73259185    1.79721614    1.83814482    1.96697375    1.61537117    2.05131812    1.94153650    1.92788337    1.77685179    2.00388819    1.97251944    2.03704383    1.84317088    2.14304172    1.60024561    1.58614343    1.82525976    1.68956294    1.65462236    1.76492076    1.84600775    1.49165839    1.74820654    1.68340574    1.67925360    1.83846764    1.70211790    1.71327749    1.84638585    1.66235840    1.60798335    1.62597037    1.89137304    1.59846876    1.54678444    1.88709101    1.70750163    1.59686609    1.69440597    1.89936393    1.73719708    1.87359196    1.87259067    1.86588941    1.87196454    2.08238022    2.17221221    1.89613556    1.95582957    1.75481600    1.61557542    1.76706769    1.70313579    1.57427397    1.74737740    1.73751423    1.65675829    1.39722761    1.33243580    1.37494412    1.36013873    1.46888025    1.33844186    1.68231723    1.57473334    1.76615425    1.57480580    1.80391612    1.54604901    1.58201073    1.70256674    1.65291062    1.77549504    2.44315135    2.72990607    2.15058075    2.54592275    1.76261490    1.96661198    1.64183997    1.80773320    1.56977497    1.79407177    1.98753890    2.37675986    2.59155113
T1JZE4_TETUR/477-585     1.75533425    0.00000000    1.62908072    1.82513144    2.06170357    2.40010269    1.86871218    2.05533174    1.99226313    2.08026389    1.80332665    1.60047842    1.79332287    1.85600661    1.89973928    1.85998484    1.63769587    1.81324669    1.81034790    1.70631073    1.65418752    1.61895808    1.64988375    1.79285556    1.73650961    1.71950763    1.95446729    1.87377165    2.07618241    1.98028333    2.08187409    2.00866003    2.03106539    2.20565431    2.07595352    2.05180901    2.15404245    2.19117918    1.78503126    2.43952863    2.03545220    2.00960787    1.96779671    2.12902078    1.87673620    2.35631778    2.04293002    1.98552963    2.07611562    2.18006176    1.94088122    2.06635238    2.19769643    1.96501451    1.62384331    1.57646956    1.59505218    1.61916741    1.83816342    1.68021322    1.56524159    1.37024244    1.64662718    1.67610979    1.67343952    1.46153654    1.57152324    1.60865597    1.49481196    1.60993422    1.72259890    1.63304192    1.72985439    1.60853975    1.83273521    1.48466628    1.66286352    1.54026343    1.48503847    1.54239401    1.63542864    1.45362628    1.47628858    1.54818459    1.55019997    1.48400971    1.46203681    1.40005772    1.47668089    1.36445382    1.30207127    1.54892506    1.39849245    1.40762009    1.42153072    1.71839696    1.76118199    1.78537231    1.61465151    1.51803373    1.76100089    2.16517239    2.26099814    1.82584419    2.08019557    2.16346390    2.06292915    2.30103075    1.89166178    2.18726936    2.20438040    1.84883857    1.78139504    1.47949627    1.54828730    1.71204020    1.68116615    1.58776961    1.48481775    1.42310581    1.52373342    1.45831460    1.68717459    1.55213352    1.83178759    1.23510541    2.03882686    1.93393372    2.10139526    2.19166346    2.02167493    2.26496067    2.01918910    2.06282363    1.96424242    2.16891827    2.29615617    2.31149509    1.72235621    2.07566409    1.50096331    1.72061520    2.23737530    2.46973872    2.15172083    2.66322591    2.48828425
A8Q2G9_MALGO/631-741     1.66277671    1.62908072    0.00000000    1.12742321    1.16458436    1.11563563    1.08125130    1.05387116    1.33088915    1.22658348    1.16588845    1.12900201    1.20482807    1.18826904    1.26842801    1.11520845    1.41266654    1.06172220    1.07732333    1.21867504    0.94790259    1.08172092    1.58455704    1.32163725    1.51126514    1.61582089    1.54149298    1.55992999    1.58368249    1.61912840    1.50038870    1.72546484    1.69745670    1.90413641    1.78405380    1.62780379    1.61913497    1.69053239    2.10962137    1.97125132    1.87758449    1.73287227    1.70901744    1.75011472    1.84137250    2.02365519    1.87006140    1.82047292    1.60794041    1.79195602    2.07476572    1.72417971    1.85552054    1.98089846    1.42389339    1.29406427    1.20540236    1.10800731    1.22338576    1.34081345    1.48428811    1.31724953    1.42048922    1.44531670    1.67202251    1.39943587    1.61817401    1.56270583    1.51101614    1.49476999    1.61567958    1.53183279    1.61445972    1.57401542    1.74935157    1.21589106    1.32319480    1.42357293    1.29360430    1.39562997    1.33232276    1.18480486    1.26196173    1.42594983    1.35968621    1.33345560    1.27666137    1.18351103    1.21435330    1.24491760    1.28482158    1.35395359    1.17397047    1.25726792    1.25764394    1.56023290    1.84134522    1.78763830    1.75631400    1.73847201    1.55663693    1.68482280    1.69814943    2.19850274    2.19292442    2.57509858    2.17885226    2.19556801    2.04471844    2.13857601    1.82270815    1.58407123    1.78767160    1.72537709    1.58672548    1.69379211    1.61462326    1.87316516    1.64480583    1.59466399    1.55932714    1.57379228    1.69722844    1.45961462    2.16096083    1.50881233    1.91969170    1.57299774    1.83157042    1.72181750    2.04094050    1.96969875    1.89209882    1.82727767    2.08467807    2.83980078    2.14464151    2.29191978    1.94545565    1.78039143    1.88349587    1.92011770    1.95383594    2.22362299    2.39187182    2.46474377    2.70436075
M9MCL8_PSEA3/243-356     1.60297718    1.82513144    1.12742321    0.00000000    0.44235231    0.65290144    0.51423608    0.54996335    1.20373389    1.32584754    1.27981244    1.25009206    1.31422669    1.28383820    1.30230581    1.21769654    1.45936812    1.09478477    1.30604978    1.19274653    1.20948053    1.16648024    1.90324124    1.67227116    1.53262482    1.94271725    2.07967979    1.91580872    1.79133339    1.64857151    1.82682339    2.02037017    2.01400025    1.85370038    2.00572740    1.86514124    2.21948529    2.06208355    2.45266029    2.30471453    2.05010872    2.10276201    1.92503618    1.90111919    2.17642368    2.25200258    2.22797053    2.05075859    2.16577695    2.13328304    2.15306720    2.20942923    1.93079658    2.45842732    1.49416449    1.36454116    1.33521595    1.32981426    1.56817185    1.56605496    1.57001998    1.56342481    1.64370470    1.58055649    1.59480732    1.63455913    1.66561820    1.54953886    1.44581011    1.60529705    1.69930410    1.60484123    1.61099396    1.64262799    1.76839066    1.63285813    1.69867747    1.61744718    1.65053310    1.61660860    1.68378269    1.60473896    1.43739411    1.65506669    1.58504315    1.56100631    1.63179883    1.54993196    1.54552285    1.55398128    1.47240078    1.50491306    1.61844556    1.45178115    1.47246177    1.78017058    1.96659285    2.00007656    1.75199692    1.83494990    1.85130830    2.20963208    2.13022440    2.05176601    1.90951181    2.04035105    2.18070327    2.21217593    2.19851026    1.89603442    2.09744084    1.82532765    1.85117218    2.19720092    1.68470755    1.90947032    1.95005078    1.79097021    1.97460273    2.00798650    1.61287616    1.86449434    1.90753083    1.78047613    2.30712711    1.84434786    1.89020267    1.99538482    2.25566945    2.26228290    2.42148329    2.22772481    2.52990677    2.52205980    2.29954729    2.73714734    2.43854081    2.69495402    1.86240087    1.92867977    1.94390916    2.05108392    2.15994007    2.59967408    2.09553677    2.65282176    2.90865254
I2G0X3_USTH4/747-860     1.70479137    2.06170357    1.16458436    0.44235231    0.00000000    0.48072705    0.37853219    0.45364535    1.35472905    1.28953173    1.28516281    1.38857201    1.35501543    1.31260319    1.33761330    1.35965749    1.55175002    1.33503680    1.37324645    1.16298308    1.27613587    1.10578899    1.76799576    1.75275012    1.42335334    1.83186005    1.97662274    2.04396303    1.92730057    1.72773430    1.86039287    2.07642028    1.97827097    2.01476766    1.80144982    1.73152971    2.05299109    1.78375526    2.07349666    2.25530200    2.49416123    2.18506739    1.89104935    1.87915826    2.24413061    2.33742122    2.41312722    2.51932603    2.42772239    2.29176373    2.47793335    2.21740676    2.00621557    2.67160685    1.56783707    1.45510875    1.35439231    1.28641084    1.40240612    1.41461542    1.46956598    1.46069191    1.53430835    1.47799198    1.82011505    1.62349679    1.78598599    1.83373914    1.60331464    1.83031197    1.82578079    1.73969521    1.86154681    1.78457245    1.66493900    1.68551275    1.69462649    1.62788909    1.55577890    1.71149454    1.79012924    1.61392472    1.57980934    1.71314069    1.58748546    1.62759166    1.70962058    1.51769559    1.41577707    1.59877526    1.64941738    1.50603871    1.71548125    1.65667090    1.59028255    1.68285443    2.15034507    1.99770805    2.06170133    2.03186228    2.04369927    2.20944376    2.13840917    2.46168418    2.49762951    2.79819913    2.51036040    2.38755119    2.45113148    2.28600140    2.02065611    2.07129661    1.95834048    2.30557474    1.98970338    2.02685672    2.09274158    1.99730910    2.05367910    2.12039906    1.94675696    1.95214266    1.98829064    1.92096880    2.43938354    2.02499906    2.32170295    2.01210542    2.42238595    2.37872105    2.24867875    2.17830108    2.50913727    2.52677891    2.37186980    2.48978636    2.46893391    2.70697834    1.90607534    1.90650964    1.79475167    1.96213498    2.29253980    3.12157147    2.48648940    3.14543732    3.26373188
V5E5V5_KALBG/100-212     2.04097530    2.40010269    1.11563563    0.65290144    0.48072705    0.00000000    0.50284727    0.47501435    1.43996501    1.51219377    1.36068720    1.24381354    1.23773128    1.23646408    1.34250762    1.30668256    1.66971599    1.37628954    1.37208650    1.28978033    1.34775345    1.17059779    2.16174999    1.91541188    1.61253045    1.97964047    1.97590659    2.08247799    2.05177722    1.70883738    1.94389184    2.00434683    1.93189142    1.96121539    1.87821061    1.84934804    2.16146799    1.84843924    2.34055717    2.45384787    2.60312133    2.57270930    2.32300273    2.50734727    2.52675883    2.50020414    2.76738497    2.98435906    2.80889316    2.67429669    2.87224223    2.66459080    2.24786415    2.74878490    1.63435167    1.49123603    1.42594267    1.50038919    1.75066993    1.58020047    1.57210870    1.53367788    1.73179847    1.71110508    1.65294987    1.78621083    1.70037847    1.78863061    1.59317426    1.79104412    1.82427063    1.72735611    1.76302659    1.82677319    1.64966321    1.62930267    1.66110878    1.58235580    1.48686789    1.70955594    1.77122335    1.40386050    1.46677382    1.73756474    1.62363253    1.55630405    1.71471684    1.51674773    1.53130876    1.56549719    1.60869231    1.40911529    1.68391391    1.55092387    1.51356254    1.72275003    2.22013925    2.01786887    2.20842334    2.24708537    2.32920030    2.39098204    2.42625488    2.65647199    2.67865756    2.61831619    2.46155797    2.48619962    2.67602407    2.31361548    2.00802168    1.87307411    2.00277950    2.33949864    2.11660683    2.08651022    2.26519562    2.10935776    2.09614416    2.07341373    1.99009095    1.93747959    1.94258377    1.85418671    2.46097917    1.84503984    2.17928863    2.13039656    2.72656479    2.56314482    2.52633961    2.55386039    2.70612224    2.65509068    2.63437763    2.74994809    2.48437598    2.67043419    2.23983510    2.05650974    1.87468889    2.06733186    2.40886152    2.73722740    2.58329660    2.62317842    2.96498075
A0A0D1DYY3_USTMA/756-869     1.66193530    1.86871218    1.08125130    0.51423608    0.37853219    0.50284727    0.00000000    0.31977809    1.38022166    1.33336499    1.24591263    1.26281199    1.20873639    1.22750742    1.29841794    1.26405670    1.38324245    1.21316006    1.30881845    1.20809917    1.22335986    1.04457596    1.69418782    1.53685571    1.37298939    1.75962554    1.70887795    1.73060907    1.80796312    1.55190551    1.76759025    1.84596158    1.84995852    1.92859186    1.79524496    1.60168038    1.90343653    1.62592102    2.09212420    2.20711670    2.12466966    2.13303485    1.77519044    2.02689942    2.19809456    2.40666887    2.39634031    2.41975672    2.30846143    2.39054307    2.45201158    2.21656265    2.06095693    2.27415837    1.48706292    1.34077898    1.28903553    1.36401523    1.49052433    1.35618409    1.42223704    1.39325625    1.49373158    1.37527991    1.55917058    1.47078844    1.58180300    1.61550889    1.43931106    1.53948313    1.68156260    1.50250864    1.60580994    1.62175814    1.65732514    1.49670661    1.55792032    1.47678218    1.39195408    1.54338634    1.62825650    1.27833604    1.25115649    1.46991468    1.41223785    1.45851661    1.51677813    1.38827968    1.44935757    1.37251759    1.52337302    1.28069117    1.56176460    1.45868181    1.42438348    1.53262745    2.09719269    1.88355069    2.06890917    2.08396441    1.89581178    2.14347620    2.48740863    2.14473944    2.08466969    2.37553045    2.44496522    2.38408217    2.48169011    2.14782519    2.06431613    1.84857848    1.80989212    1.92823592    1.67877974    1.72216791    1.85541994    2.04034529    1.93712917    1.95887876    1.76048236    1.81859013    1.88683926    1.60690305    2.37536137    1.75070159    2.38731953    2.17699310    2.63590596    2.52632906    2.47865974    2.41451055    2.71405071    2.73010340    2.37155101    2.73719892    2.29951790    2.46476785    1.96355741    2.05743114    1.85798252    1.92226402    2.31066150    2.64313437    2.58629452    2.88632634    2.92611409
R9NZE5_PSEHS/642-755     1.71454733    2.05533174    1.05387116    0.54996335    0.45364535    0.47501435    0.31977809    0.00000000    1.16502332    1.17788961    1.20310518    1.16375992    1.16766469    1.23269025    1.24015502    1.17219594    1.25143698    1.21229933    1.20561318    1.17739357    1.21499427    1.11911099    1.90698318    1.62116578    1.64360093    2.03405015    1.94574322    1.77918178    1.93140821    1.55728915    1.79478416    1.89949808    1.75746924    1.94689461    1.88150858    1.55226217    2.14253542    1.94355558    2.26317045    2.27891494    2.20121430    2.14402231    1.91305803    2.03451859    2.15500599    2.31852511    2.45864068    2.56795355    2.38743034    2.46091014    2.43809208    2.11396032    1.92532448    2.53897566    1.53651081    1.39452815    1.30825724    1.35807273    1.52172011    1.43140950    1.58048331    1.44811269    1.64491309    1.48613451    1.57706528    1.42913382    1.66263783    1.60195688    1.43072543    1.44850260    1.59708502    1.46580214    1.51534817    1.57425429    1.53466445    1.45126015    1.52821099    1.46255880    1.45621663    1.54933373    1.58202212    1.41423321    1.37789959    1.50329314    1.41867063    1.58209952    1.53416265    1.39292479    1.45156972    1.57108655    1.55673589    1.40807461    1.58399539    1.51002038    1.44214027    1.66298705    2.15006276    1.93846176    1.95559111    2.02470575    1.85917375    2.24195082    2.55857665    2.46189918    2.38234271    2.71416001    2.46965027    2.40981726    2.70554614    2.32483740    2.21367570    2.09117247    1.76926804    2.08216649    1.87472243    1.88043642    2.06036073    2.15656167    2.13409297    2.00660005    1.85906372    2.02123958    2.14882902    1.89318271    2.45901802    1.87502538    2.31710244    1.96849996    2.47707073    2.43435087    2.38867896    2.45579829    2.47294619    2.73528198    2.35738412    2.90565620    2.19025416    2.45022178    2.00803359    2.06157209    2.05058171    2.17635600    2.12392378    2.80166319    2.28523835    2.86834005    2.95127752
Q5KBJ7_CRYNJ/676-787     1.34237525    1.99226313    1.33088915    1.20373389    1.35472905    1.43996501    1.38022166    1.16502332    0.00000000    0.71060954    0.87279206    0.83201831    0.86868455    0.96331114    0.91097008    0.86475776    1.36318950    0.89099997    1.10575151    0.94717716    1.03669978    1.09859793    1.55393607    1.38841087    1.63321728    1.69443166    1.74926423    1.52767883    2.10111927    1.55270617    1.89661180    2.15734724    1.87873960    1.91234516    1.81226935    1.87843860    1.95295842    1.87551489    1.92260077    1.54396073    1.83388629    1.72470925    1.73837975    1.91009489    1.84023842    1.93195069    1.94653205    1.97823871    1.89476042    1.90085307    1.79775154    1.82745824    1.77092980    1.90598243    1.05683597    1.19277595    1.28342910    1.44584384    1.79427564    1.67167206    1.45469301    1.53120599    1.48719497    1.58068991    1.39666263    1.17091143    1.54850805    1.48797530    1.25523467    1.44063779    1.35858157    1.31471569    1.47971197    1.53860215    1.59866497    1.33700336    1.42084849    1.46132021    1.40303792    1.45463123    1.40970796    1.51379635    1.32997503    1.45985884    1.47934433    1.53136843    1.48911421    1.28508694    1.36871383    1.45061591    1.41838903    1.30508371    1.37576460    1.42988370    1.28600697    1.55666228    1.64422118    1.99965741    1.66665337    1.97638755    2.14476911    2.05042280    2.12327866    1.96980252    2.21920346    2.38481111    1.84800061    2.07353960    2.07984863    1.98491660    1.85970126    1.64146015    1.85273156    1.99643708    1.76669853    1.76655497    2.08528480    1.96554787    1.91690692    1.71489948    1.79882104    2.08807401    1.79145661    1.74494460    1.89413939    1.60735226    1.92340702    1.87317767    2.15014370    1.94800499    1.98274350    2.04105457    2.11851998    2.14257056    2.58811385    2.78622865    2.36759574    2.88049273    1.89409654    2.03663816    2.00984594    2.14133533    2.50849835    2.75168549    1.85093537    2.53604500    2.79928186
K1VR91_TRIAC/226-337     1.60090349    2.08026389    1.22658348    1.32584754    1.28953173    1.51219377    1.33336499    1.17788961    0.71060954    0.00000000    0.97125176    0.99313276    0.96326462    1.07197102    0.83975954    1.02072538    1.33090980    0.97712146    1.19920427    0.98712424    1.04975942    1.21718277    1.46734284    1.40624094    1.62052984    1.79695172    1.55818878    1.69899134    1.70353337    1.47891358    1.72822568    2.03128413    1.87321351    1.85662500    1.83672311    1.74671188    1.98206712    1.95095740    2.11416130    2.08000535    2.22257874    2.02807892    2.28358217    2.06121838    2.13249937    2.15604680    2.23848774    2.34411349    2.07571511    2.16182476    2.13896472    2.15445150    2.11560212    1.89483340    1.24760848    1.17257685    1.32447983    1.39278584    1.41708076    1.33180310    1.34980471    1.30081960    1.44812607    1.41657714    1.58510508    1.48834633    1.77920945    1.61294638    1.42973528    1.42179163    1.58695199    1.45667185    1.57122586    1.68774641    1.64623727    1.40715892    1.54153148    1.40629753    1.50704244    1.47734315    1.55191076    1.50309214    1.31642653    1.46440728    1.41556909    1.35198487    1.43234865    1.23788508    1.41159734    1.48942941    1.36009433    1.26350937    1.29696159    1.39964706    1.42200170    1.74977082    1.71696330    1.75973000    1.92462711    1.89236501    1.89636764    2.08245146    2.12144443    2.04112845    2.38211455    2.47106878    2.11705674    2.04393534    2.16172330    2.20281752    1.76747527    1.92615343    1.99467944    1.84403826    1.68086504    1.62378317    1.70776245    1.93349898    1.86496691    1.57322351    1.76568332    1.86055657    1.87679266    1.62800384    1.89682214    1.59469139    2.07413427    1.76496649    2.09674327    2.09768763    2.18948759    2.26177199    2.27669161    2.42857095    2.22329114    2.84483438    2.66985730    2.85957872    1.94809874    1.94393427    1.91174524    1.98506806    2.03013822    3.07132468    2.03088821    2.68526154    3.02779286
D8PWN3_SCHCM/498-618     1.41345994    1.80332665    1.16588845    1.27981244    1.28516281    1.36068720    1.24591263    1.20310518    0.87279206    0.97125176    0.00000000    0.55890474    0.60724026    0.53136015    0.58145772    0.55137586    1.10423517    0.95358571    0.92723787    0.75453481    0.87401324    0.96755817    1.41475726    1.32325989    1.29125958    1.47846024    1.55360966    1.56862405    1.84652228    1.53553524    1.77905385    2.03013358    1.87031842    1.85251121    1.78865114    1.91822067    1.96575133    1.76649792    1.80330008    1.70398759    2.07712904    2.01177235    1.88101125    1.79746518    2.02353419    1.95307288    1.89881927    1.91845798    1.83223057    1.76833666    1.80844277    1.93169873    1.71399082    1.99723865    1.15350016    1.06883305    1.11705733    1.25030606    1.49914528    1.52417797    1.45213944    1.34681021    1.60330797    1.33971265    1.45354486    1.21494868    1.52480582    1.51893030    1.35279038    1.31456525    1.34870797    1.28929074    1.47551782    1.33669802    1.76542622    1.30111358    1.26634362    1.35927439    1.29899562    1.35632273    1.32419661    1.25994038    1.20608918    1.25494134    1.34912128    1.21205707    1.23279668    1.24307800    1.34006637    1.28973567    1.24703293    1.13648317    1.13275452    1.26438529    1.25831828    1.65249615    1.34412882    2.21853934    2.00194709    1.85112456    1.79941404    1.98799176    2.01303927    1.94652829    2.05657964    2.11265571    1.89026681    2.17706986    2.16640309    2.23254960    2.02321090    1.74006194    2.10684542    2.01981300    1.75362554    1.80491650    1.98536155    2.15381898    1.88789438    1.60842877    1.74677343    1.77834102    1.85321336    1.67478046    2.27393228    1.58751918    2.18806765    1.42478497    1.66791954    1.43938754    1.67266363    1.72974587    1.74721291    1.78050144    2.41761407    2.95752437    2.35376687    2.68416644    1.95044712    2.28913230    1.83730362    1.93301056    2.09456646    2.46173910    2.14346647    2.45648607    2.44368241
A8NGT9_COPC7/581-701     1.35072505    1.60047842    1.12900201    1.25009206    1.38857201    1.24381354    1.26281199    1.16375992    0.83201831    0.99313276    0.55890474    0.00000000    0.34157030    0.57288949    0.63110354    0.57772239    1.23847803    1.07309746    0.93864385    0.88843283    0.91919377    0.94992828    1.41261620    1.30011577    1.55719924    1.70175272    1.57030440    1.63422878    1.57028742    1.64499674    1.84677357    2.10735761    1.99873435    2.11714298    1.97525113    2.10131512    2.00960868    1.83603654    1.94935403    1.81538045    2.17341867    2.12840265    2.06291662    1.88353626    2.09338421    2.23718007    2.28806611    2.12887881    2.14694174    2.13748406    2.10247602    2.19025026    2.04023522    1.69170440    1.04552681    1.25814390    1.12598109    1.07099885    1.47731123    1.43913746    1.48777550    1.46746982    1.54110064    1.52225131    1.40818616    1.32072916    1.56158543    1.36318305    1.17810260    1.31405041    1.41944181    1.38484987    1.45657837    1.35237622    1.83728249    1.36986315    1.25718516    1.42583192    1.44207199    1.48571957    1.45254280    1.24531217    1.23673831    1.42094511    1.41036653    1.29080341    1.31125589    1.18592560    1.34810338    1.33452740    1.35440535    1.28564341    1.18817183    1.24927929    1.30703210    1.45395208    1.46534806    1.74320640    1.69642890    1.52991334    1.60059480    2.01476985    2.17150331    1.88455357    1.69982931    1.70006912    1.86715787    1.89145455    2.01311203    1.72855384    1.87858899    1.56817270    1.61177055    1.58389935    1.55789424    1.52769482    1.64861422    1.89958846    1.71763723    1.26512837    1.72560001    1.75019589    1.72938169    1.44078380    2.19521798    1.43331766    1.98214787    1.69574214    1.94835491    1.91010079    1.94560483    2.15577700    2.06410175    2.17167435    2.31838234    2.44511149    2.20376579    2.43843457    2.07139524    2.20739660    1.71013439    1.79351096    2.08679175    2.24250466    1.83522204    2.90845114    2.66349021
B0CSZ5_LACBS/578-698     1.48151350    1.79332287    1.20482807    1.31422669    1.35501543    1.23773128    1.20873639    1.16766469    0.86868455    0.96326462    0.60724026    0.34157030    0.00000000    0.59901213    0.61718916    0.51575974    1.16206827    1.18840876    1.00268955    0.84320773    0.89194028    0.94633890    1.46705482    1.28372013    1.57839173    1.73349565    1.60716656    1.94248012    1.83491714    1.79326851    1.83504035    2.29016231    2.03297671    2.06910295    1.99851568    2.10110689    2.25048160    1.89382739    2.20093205    1.75479348    2.15984335    2.12181835    2.23586067    1.95383618    2.00556813    2.03605615    2.15511677    2.25105579    2.25670555    2.05399612    2.17849778    2.16699496    2.17923919    1.87507290    1.13441108    1.29167680    1.19953052    1.36666511    1.62073531    1.55954392    1.49332613    1.41658556    1.70455654    1.42178443    1.58704153    1.35024044    1.60785551    1.55800513    1.40436087    1.41011973    1.57570500    1.43158081    1.53089907    1.50495303    1.68607855    1.41756143    1.33166130    1.48833594    1.41087042    1.49472176    1.41669952    1.29103697    1.39722780    1.52250363    1.46684470    1.42374272    1.37974291    1.33468440    1.46100560    1.33342895    1.39972497    1.33320299    1.34552209    1.32691037    1.39596802    1.52939762    1.53921549    1.88893914    1.70488694    1.74187874    1.60766808    1.96174219    2.24693142    1.89260399    1.89259753    1.82770197    1.80572202    1.88251578    2.14120694    1.78936802    1.80450387    1.84057478    1.84955489    1.85595072    1.78561736    1.69368634    1.76612804    2.02186204    1.75049780    1.51662321    1.96959360    2.01909190    1.87022579    1.65393610    2.16574119    1.62564033    2.14869217    1.56683805    1.83605338    1.74288074    1.80927917    1.92382414    1.86339279    1.95386505    2.29482483    2.54406657    2.22634436    2.46227287    1.95465389    1.98565171    1.62840616    1.68899267    1.94051534    2.17827995    2.16513386    3.04907527    2.75644002
M2R290_CERS8/586-706     1.31216537    1.85600661    1.18826904    1.28383820    1.31260319    1.23646408    1.22750742    1.23269025    0.96331114    1.07197102    0.53136015    0.57288949    0.59901213    0.00000000    0.49670539    0.36278707    1.24393561    0.94087988    0.80799801    0.92332859    0.89255035    1.04774852    1.52926672    1.37160292    1.33248509    1.67004480    1.45843337    1.78087897    2.06576734    1.69904509    1.91151990    1.98162453    2.15438810    1.97681007    1.87730543    2.06124087    1.91160799    1.83720874    2.02533971    1.99551273    2.02882147    2.12895622    2.05046842    1.86601558    2.14336984    2.07831104    2.09526011    2.18180935    2.01760031    2.22610787    2.51350762    2.29448681    2.26553332    1.92407744    1.15957192    1.06020235    1.20223328    1.23577647    1.47100022    1.57383914    1.39498799    1.36352921    1.41963054    1.39479572    1.48201784    1.32898133    1.53428713    1.57296693    1.42569537    1.45504323    1.44988399    1.40101779    1.48316605    1.40392386    1.79476750    1.30848380    1.34872106    1.35286934    1.42204367    1.46691799    1.47701560    1.24286536    1.36781852    1.41195900    1.47453804    1.30851528    1.32746771    1.32297305    1.39667867    1.38693388    1.42951570    1.35097539    1.35318222    1.31922238    1.33664618    1.58730142    1.49161643    1.93186788    1.71306502    1.79224642    1.84061714    1.92915799    2.05095171    1.98625748    1.89486317    2.02020277    1.81281549    1.79832425    1.99723126    1.94986799    1.79824159    1.75472818    1.75299334    1.82623562    1.69993935    1.64774561    1.93200297    2.02929717    1.75976866    1.52206212    1.69870998    1.65452665    1.74458056    1.57256077    2.28790443    1.47382197    2.13046338    1.52855817    1.87172152    1.64629878    1.62533965    1.79144908    1.87793532    1.80676536    2.21205223    2.80418734    2.41027361    2.84464244    2.00545992    2.04793271    1.88960872    1.98467273    2.07487600    2.66967071    2.01469134    2.33402154    2.41542063
K5W9T8_PHACS/589-707     1.61086459    1.89973928    1.26842801    1.30230581    1.33761330    1.34250762    1.29841794    1.24015502    0.91097008    0.83975954    0.58145772    0.63110354    0.61718916    0.49670539    0.00000000    0.44970934    1.30574333    0.99748172    0.95682346    0.85400424    0.82695706    0.91102925    1.53176429    1.36273490    1.32496113    1.53195921    1.57535423    1.61209413    1.84166665    1.85063691    1.84412284    2.02864230    1.91535342    1.77724660    1.69101933    1.79833141    1.79922177    1.78317086    1.85242712    1.54296567    1.91379706    1.94188577    1.74298049    1.70055305    1.90016924    1.90097477    1.97768277    2.01603164    1.89420734    2.05773651    2.06709621    1.95955491    1.80899656    2.00849343    1.17938333    1.16373379    1.29736172    1.33032119    1.52206384    1.58406291    1.32264219    1.38909142    1.62900388    1.41759029    1.55960143    1.40414791    1.66876580    1.65436563    1.52006119    1.36583025    1.51873652    1.42224752    1.54244413    1.47211915    1.88808883    1.42384647    1.39885033    1.53631273    1.50834532    1.63704721    1.56539701    1.41088503    1.46263466    1.58411238    1.64598492    1.43535611    1.47315506    1.42885236    1.52660259    1.49933577    1.44944761    1.41511488    1.34006126    1.44207835    1.49164635    1.69241700    1.56524591    2.10489810    1.91442442    1.83994206    1.80087663    1.89503933    2.08367239    1.75317239    1.99035643    1.78950890    1.94213428    2.00651983    1.99648336    1.83463916    1.67759468    1.95748574    1.94752099    2.17128810    1.75686511    1.69551045    1.79373653    2.15743729    1.95307801    1.64732238    1.90156800    2.04022925    2.05657069    1.81343528    2.15212282    1.78244851    2.20249941    1.60902241    1.82492134    1.71499936    1.72809777    1.83241784    1.97112377    2.02354793    2.68945112    3.00425165    2.54555355    2.83212900    2.04100996    2.12132705    1.86489235    2.06397734    1.79924336    2.51188962    2.07663542    2.34305075    2.47361950
S8G6R0_FOMPI/597-717     1.46453381    1.85998484    1.11520845    1.21769654    1.35965749    1.30668256    1.26405670    1.17219594    0.86475776    1.02072538    0.55137586    0.57772239    0.51575974    0.36278707    0.44970934    0.00000000    1.23181237    0.95782418    0.88577480    0.86714424    0.83280789    0.85714398    1.52192155    1.41809284    1.44155122    1.73313737    1.71764338    1.91186144    2.08545273    1.89505977    2.12169920    2.13140377    2.23248810    2.17161911    2.03997781    2.19766183    2.10926857    1.96536193    2.11296853    1.86720097    2.01481580    2.16633967    2.10333104    2.01647717    2.13049469    1.97321682    2.06307188    2.18655294    2.05808334    2.11551986    2.36664403    2.23463667    2.12327649    2.17291332    1.09702064    1.21912509    1.19180535    1.42034491    1.70956128    1.55921004    1.48216639    1.31132014    1.58836338    1.44362410    1.56456832    1.35553649    1.65740950    1.56668860    1.41487964    1.42434176    1.50109339    1.48768764    1.57223678    1.50959384    1.81713366    1.51617579    1.42649523    1.61260456    1.50897586    1.62807554    1.49787346    1.46510911    1.52548837    1.59777028    1.59978191    1.47380488    1.48905789    1.39564285    1.51034530    1.37417663    1.51485320    1.40245494    1.38870143    1.34358481    1.40295913    1.59418550    1.64457455    1.95847296    1.77669159    1.77268818    1.88800726    1.87353155    1.88667120    1.67363003    1.83859539    1.88435257    1.79066413    1.96678408    2.02962635    1.99773212    1.86095032    1.80069921    1.68494563    1.86839551    1.51080061    1.47817846    1.72748126    2.07397450    1.67823688    1.51907187    1.68924595    1.75637700    1.78401225    1.51290264    2.30134485    1.56419063    1.90507595    1.77597497    2.15740147    1.82574075    1.81467417    2.00805561    2.11483373    2.02852381    2.32900062    2.81401089    2.38683932    2.73722620    1.91706105    1.89686887    1.79581348    1.81238716    2.02186520    2.73364847    1.98374610    2.47617488    2.72478248
R9A9L6_WALI9/465-580     1.62802753    1.63769587    1.41266654    1.45936812    1.55175002    1.66971599    1.38324245    1.25143698    1.36318950    1.33090980    1.10423517    1.23847803    1.16206827    1.24393561    1.30574333    1.23181237    0.00000000    1.37520820    1.18678831    1.35432063    1.09073567    1.23350841    1.64175517    1.43943307    1.40054854    1.75282624    1.49344318    1.85313133    1.97359869    1.63958062    1.85013832    1.95791032    1.77251249    2.12577392    1.80169802    1.78002516    2.13015168    2.00872253    2.23328830    1.97418531    1.67543605    2.02598457    1.84450974    1.89657408    1.96821469    2.33041656    2.26618855    1.95446368    2.12743767    2.27027596    1.99256281    1.90939896    2.00803012    1.77345232    1.41785114    1.28508320    1.30837882    1.39124665    1.58901638    1.66023955    1.48821870    1.46828465    1.62258523    1.39379730    1.45480482    1.12241189    1.72330672    1.52451776    1.37865763    1.48282187    1.47536570    1.35705433    1.43778811    1.46404721    1.54817357    1.48404708    1.48486750    1.52567427    1.49002813    1.46641441    1.52907559    1.52088860    1.29033877    1.55163418    1.51754068    1.53648252    1.42818640    1.36865014    1.59033192    1.53970519    1.47656858    1.39517978    1.49484703    1.42300379    1.40009826    2.08899944    1.93763218    2.02084116    1.97788056    1.94535032    1.63886790    2.33303684    2.52281746    2.06567642    2.41387887    2.41224279    2.37896046    2.43200418    2.39980944    2.63394407    2.13439134    1.91051884    2.16792430    1.97499060    1.73359985    1.80607532    1.77798885    1.80621051    1.82704276    1.80182100    1.70204659    1.63201220    1.67490544    1.81401405    2.02668378    1.73420746    2.25546156    2.01205784    2.49588945    2.20021977    2.08349464    2.14077776    2.34520132    2.38955737    2.65690546    2.54066033    2.52343508    2.68073136    1.83945068    2.11917275    2.16689396    2.30775196    1.93379413    2.14823716    2.39695394    2.35905239    2.56626992
U5H6H1_USTV1/688-809     1.79742488    1.81324669    1.06172220    1.09478477    1.33503680    1.37628954    1.21316006    1.21229933    0.89099997    0.97712146    0.95358571    1.07309746    1.18840876    0.94087988    0.99748172    0.95782418    1.37520820    0.00000000    0.71571102    0.77869822    0.83662007    0.89060065    1.46862265    1.73667908    1.56307627    1.94452092    1.59214854    1.55843257    1.79463229    1.43582616    1.79392752    1.86774496    2.07568135    1.94938396    1.94756711    1.73902872    1.91969463    1.90372279    1.86700501    2.04438387    2.36181758    2.06893160    2.12863739    2.15204041    2.21166979    2.22279119    2.16642800    2.42376095    2.13382063    2.15234164    2.28325357    2.21250605    2.15379735    2.14743166    1.14595469    1.31799936    1.34163039    1.30897914    1.54925989    1.37662218    1.34017378    1.25518169    1.45314039    1.34436422    1.46422227    1.36591514    1.49510632    1.48282076    1.27834339    1.34580328    1.32961460    1.37259197    1.28560382    1.40690865    1.57117503    1.46560299    1.40600769    1.53544888    1.36870300    1.55016557    1.48024963    1.41732447    1.27239595    1.51173277    1.40470789    1.41242838    1.38062771    1.36828279    1.39324125    1.34918515    1.44162378    1.33008738    1.30300517    1.22426856    1.31339166    1.53726439    1.56758179    2.11385545    1.73095971    1.51148067    1.88815481    2.02041473    2.00085493    2.06012567    2.38836801    2.54841683    2.26778062    2.20316923    2.14728716    2.07617736    1.65754285    1.64331368    1.83394924    1.81503581    1.63540120    1.60528740    1.80569577    1.99317015    1.62312359    1.64690051    1.43444111    1.51734680    1.62090741    1.33356813    2.12678958    1.65729111    1.93203028    1.99142564    2.11770614    1.94019272    1.96565056    2.13094324    2.20224018    2.15778227    2.51118379    2.98763928    2.31006532    2.53369249    2.05478849    1.91906845    1.81632288    1.96957400    2.26558354    2.47444859    2.12470183    2.57855845    2.82742717
G4T7A8_SERID/295-410     1.85714367    1.81034790    1.07732333    1.30604978    1.37324645    1.37208650    1.30881845    1.20561318    1.10575151    1.19920427    0.92723787    0.93864385    1.00268955    0.80799801    0.95682346    0.88577480    1.18678831    0.71571102    0.00000000    0.81433741    0.86129408    0.98017413    1.36588437    1.42454339    1.10174620    1.35652019    1.63439463    1.53098898    1.90437377    1.57669949    1.73519080    1.73887517    1.91070464    1.80975759    1.86402061    1.59450510    1.82324813    1.70080515    1.57724312    1.67097356    1.77451522    1.95839715    1.85954253    1.96868785    1.97782617    2.20299791    2.24847771    2.08615486    2.10197958    2.09276344    2.07877677    2.13327619    1.92501793    1.94398106    1.10377951    1.23447477    1.14425459    1.12187706    1.34409871    1.46558955    1.29696939    1.37714303    1.43127093    1.45333751    1.35454863    1.19914090    1.47149649    1.46288092    1.15196817    1.23544351    1.46477101    1.39252365    1.47140423    1.48197737    1.58663878    1.34554611    1.31194815    1.37469694    1.35099007    1.46559572    1.40442296    1.24423086    1.27151253    1.30876140    1.36814530    1.32353049    1.26670058    1.17338888    1.21704183    1.21276147    1.39745934    1.32596777    1.31437476    1.24941454    1.32153382    1.64762954    1.60296099    2.16593005    1.66498413    1.75230875    2.02888978    1.82578513    1.92519738    1.78832373    1.95134369    2.05841526    1.84107472    2.01070402    2.13927541    1.81005239    1.88888024    1.92526948    2.18677193    1.93404699    1.87316499    1.98369160    1.95804646    2.10104383    1.90345665    1.76198487    1.79648734    1.80653139    1.99102702    1.69136993    2.30947249    1.62710315    2.15337849    2.03053776    2.20165345    2.03023489    1.85529565    2.15886636    2.15548789    2.12754743    2.47549005    3.02443905    2.27191209    2.41389417    1.64123889    1.55317612    1.55127023    1.73800768    2.11147684    2.39759138    2.26252079    2.32159255    2.70495724
