71
G2IXP6_PSEUL/10-382     0.00000000    0.76140037    0.86752449    0.96554762    1.05864039    0.97684327    1.00399875    0.81841760    0.80759389    0.78997432    0.71967903    0.84087772    0.76772499    0.79283968    0.77247285    1.09930782    0.88350543    1.12296861    1.21970319    1.47106051    1.47643265    1.62215606    2.13405384    1.01031861    1.18674718    0.92557971    1.08376919    0.98430032    0.95628429    1.20151365    1.24582685    1.06403200    1.06865588    1.09820648    1.25390730    0.98392560    1.17433427    1.09600924    1.11918337    1.02953391    1.00327475    1.22638565    1.15257722    0.99537557    1.13501938    1.13571282    1.06973470    0.93975437    1.00143294    0.99152465    0.87874703    0.91641625    0.94235729    1.01722513    0.96481411    0.87763262    0.93541965    0.88083930    0.91329997    0.86593316    0.88946006    0.88574560    0.81614074    0.85514979    0.91136372    0.91097686    0.97139663    0.86662873    0.90589849    0.83320125    0.70822492
A0KN66_AERHH/10-399     0.76140037    0.00000000    0.75571189    0.93291924    0.96280386    1.00482374    0.95788840    0.92476106    1.00336135    0.88832237    0.92822096    0.98655265    0.94691186    0.93966102    0.97109528    1.11697398    0.95113474    1.17020180    1.19092742    1.45965825    1.48570516    1.53305416    1.93712533    1.03237377    1.12796789    1.03607123    1.23599246    1.12950747    1.09233302    1.26567285    1.34331691    1.20278102    1.09001209    1.06110102    1.44459779    1.17285018    1.21760599    1.19897588    1.23860204    1.19746598    1.14564150    1.36266194    1.18126598    1.18542144    1.23827106    1.25136250    1.04066244    1.04763239    1.03499374    1.07115839    1.09850247    0.93334865    1.06397544    1.17705579    1.16728099    1.10033494    1.06506640    1.08025250    1.03192730    1.04113255    1.05736140    0.92819563    1.04008901    1.04079722    1.04879258    1.07604903    1.06949271    0.99961611    1.23967683    0.99514878    0.90242735
C4LDX5_TOLAT/9-381     0.86752449    0.75571189    0.00000000    0.79849502    0.80333054    0.81966219    0.85625891    0.93332655    0.99601539    1.00198759    0.94290791    1.10686072    0.99247278    0.95338668    0.99142789    1.14786758    0.83247286    1.12120820    1.18621028    1.24496884    1.39796236    1.54930081    1.95171118    1.03449207    1.18207793    1.00601072    1.29775463    1.07594533    1.03749225    1.27184476    1.37892341    1.17465388    1.12027865    1.11269639    1.40965837    1.19403134    1.26281775    1.26916613    1.19974168    1.27303453    1.22427666    1.42842954    1.25207354    1.23609182    1.21998906    1.14227253    1.13771317    1.05911304    1.03285634    1.09325249    1.16054379    1.06828653    1.07170601    1.20745598    1.16343264    1.08868424    1.14773174    1.16186500    1.07704021    1.15242615    1.12133884    1.10618725    1.02514868    1.16386582    1.04454461    1.09063665    1.21795164    1.04815267    1.05817198    1.06420423    1.00839681
A1S6A0_SHEAM/9-384     0.96554762    0.93291924    0.79849502    0.00000000    0.45173337    0.49186123    0.53183452    1.02804344    1.01375273    0.98495344    1.01161278    1.14353585    1.01898741    1.03063919    1.10947764    1.34823744    1.09622658    1.28777432    1.39925307    1.60326170    1.60072577    1.71755774    2.09253821    1.22164521    1.34893077    1.10294209    1.27086722    1.30970296    1.13743883    1.33794061    1.48058597    1.15585619    1.34829822    1.27065005    1.57191720    1.26537976    1.29196847    1.25388060    1.24472102    1.28148446    1.32329046    1.45976216    1.37687941    1.20424181    1.47725531    1.22899347    1.14519928    1.15416101    1.16903868    1.18375366    1.18597310    1.20940253    1.31347213    1.33298686    1.33713767    1.19704587    1.24535356    1.27920671    1.24879268    1.30910780    1.27278720    1.20510021    1.13310362    1.26945667    1.14144216    1.30305977    1.24692817    1.04783835    1.32069987    1.18761143    1.17672944
EARP_SHEON/10-393     1.05864039    0.96280386    0.80333054    0.45173337    0.00000000    0.40642084    0.46171182    1.10647137    1.20345923    1.02716163    1.15731462    1.22669874    1.06931653    1.11840002    1.15647053    1.30237326    1.10391241    1.28543240    1.35965427    1.55975696    1.59799698    1.77858764    2.12603853    1.22500088    1.35450189    1.14280034    1.36411459    1.29894409    1.23111018    1.39369533    1.49746713    1.26602399    1.33100977    1.29721034    1.52769371    1.32873853    1.37004978    1.41989016    1.37438644    1.32106870    1.38216794    1.53488713    1.44941425    1.26209203    1.53512147    1.35454711    1.21423683    1.23767933    1.31281048    1.28472406    1.25462881    1.20558513    1.31368959    1.43296050    1.34219450    1.22134632    1.25726029    1.38450501    1.30331853    1.28732459    1.25976203    1.31945734    1.26096798    1.31314866    1.28655981    1.29035654    1.34953621    1.05717866    1.44569632    1.20058178    1.19029431
Q082R0_SHEFN/13-393     0.97684327    1.00482374    0.81966219    0.49186123    0.40642084    0.00000000    0.44408880    1.11325959    1.17563850    1.02953046    1.06035234    1.16925505    1.09054507    1.04713992    1.13007276    1.33096344    1.08767800    1.27705690    1.39874971    1.53728668    1.50110501    1.77710847    2.10806040    1.20660945    1.31603108    1.12668118    1.24809131    1.30261502    1.18913294    1.38828768    1.43781835    1.20468277    1.30743282    1.23133230    1.52100627    1.29434460    1.39136695    1.38006671    1.34042501    1.29357523    1.39623365    1.50785099    1.39220650    1.19982576    1.40378450    1.32503366    1.23865732    1.22773512    1.24446286    1.21607026    1.19217377    1.15208390    1.23709368    1.42621100    1.34939303    1.18368889    1.24215412    1.31889554    1.27749589    1.25993984    1.24902417    1.20576206    1.26155074    1.28836615    1.18063779    1.34662687    1.24332564    1.07209899    1.35221668    1.14619147    1.17108826
Q12MQ2_SHEDO/9-392     1.00399875    0.95788840    0.85625891    0.53183452    0.46171182    0.44408880    0.00000000    1.15672095    1.15002711    1.10288337    1.11311702    1.19702602    1.17263914    1.16265078    1.23847315    1.37886715    1.10866843    1.26567590    1.46894533    1.62249059    1.55327270    1.73079805    2.03313117    1.23054400    1.36703223    1.21211035    1.25917456    1.27647428    1.19112341    1.40185470    1.50288789    1.22702382    1.24705077    1.24129894    1.45699702    1.27248093    1.34768709    1.30394613    1.29846668    1.25951461    1.30864098    1.43728839    1.43456060    1.29609025    1.43933477    1.34348714    1.22347112    1.23117120    1.19210070    1.23724985    1.21131285    1.14658181    1.21861483    1.42909105    1.37171840    1.28331481    1.17476187    1.33436775    1.38421157    1.27949597    1.25105590    1.23582588    1.26703785    1.32209598    1.18842140    1.32499768    1.33451635    1.16150608    1.40094494    1.15009682    1.17959762
C1DD67_LARHH/4-374     0.81841760    0.92476106    0.93332655    1.02804344    1.10647137    1.11325959    1.15672095    0.00000000    0.82802387    0.90055711    0.83028604    0.92770899    0.80445076    0.96142912    0.85879970    1.17171765    1.00476354    1.20179893    1.18831729    1.34389067    1.56285320    1.86492518    2.21208170    0.98063336    1.23566009    0.92695620    1.17001148    1.08881443    1.10715231    1.26897207    1.31638780    1.19178653    0.94170934    0.99831815    1.21331749    1.01202945    1.15759008    1.14312506    1.18640949    1.11549264    1.13043684    1.31914322    1.27024012    1.11595675    1.24688760    1.02540073    1.05014834    0.92507436    0.99499809    1.03806479    1.04334943    0.98273672    1.01969278    1.03751869    1.10553664    1.10987194    1.02237709    0.99780675    0.93632512    0.84651040    0.94736812    0.87736573    0.84207930    0.89147755    0.97495692    0.94906326    1.15611515    0.95664058    0.96356542    0.91131120    0.91596168
EARP_PSEAE/4-373     0.80759389    1.00336135    0.99601539    1.01375273    1.20345923    1.17563850    1.15002711    0.82802387    0.00000000    0.65983529    0.62062996    0.69372971    0.58872775    0.74022161    0.65670464    1.09878522    0.99180304    1.18767419    1.28253365    1.53160665    1.42061561    1.57630494    2.01703073    0.93871331    1.02824810    1.02092332    1.12052184    0.91577827    1.10910115    1.30836998    1.29357103    1.12260943    1.01826322    0.96631582    1.24413774    0.99182915    1.00907682    1.07185164    1.12394178    1.11147277    1.13663868    1.18856753    1.15944844    1.04850133    1.02461168    1.07743406    1.01884125    0.92117781    1.02310074    0.96898493    1.05319718    1.02995388    1.14010831    1.03963424    1.03572950    1.00006484    1.09413331    1.01897704    0.95725649    0.92784384    0.96734369    0.92050268    0.85345636    0.91183406    0.91773912    0.96897976    1.07438119    1.03277683    1.01015924    0.99551537    1.00072752
F6AGE8_PSEF1/3-371     0.78997432    0.88832237    1.00198759    0.98495344    1.02716163    1.02953046    1.10288337    0.90055711    0.65983529    0.00000000    0.58197725    0.67291442    0.54287637    0.62604475    0.57454116    1.04700638    0.86586877    1.14548703    1.16807273    1.49512675    1.44003124    1.58468834    2.20855322    0.92241952    1.00785818    0.98982277    1.06276931    0.93306095    0.96003739    1.26462384    1.14568289    0.97223552    0.94199927    0.92214052    1.23438665    0.84937911    0.94394861    1.00366705    1.01408390    0.99271330    1.00356896    1.09971187    1.04017822    0.92060234    0.92787954    0.85551470    0.89709253    0.80187984    0.90612242    0.90440020    1.04597535    0.93976593    1.06499415    0.99849869    0.97710889    0.89246736    0.92190113    0.98751401    0.92902453    0.86678180    0.94310266    0.91022926    0.78618066    0.79461344    0.84665499    0.90200740    0.93857055    0.78489835    0.98117906    0.86643263    0.81667741
S6BIR9_PSERE/3-372     0.71967903    0.92822096    0.94290791    1.01161278    1.15731462    1.06035234    1.11311702    0.83028604    0.62062996    0.58197725    0.00000000    0.61791793    0.42934145    0.64354927    0.50932236    1.09155436    0.87122039    0.98770564    1.10724578    1.40163606    1.43553366    1.59432500    2.05161418    0.90735818    0.97083704    0.90517716    1.08134715    0.94413218    0.98008768    1.22671136    1.18334994    0.99870488    0.97096024    0.99406166    1.22681555    0.98973066    1.00914086    1.08275851    1.12719486    1.05819667    1.09501861    1.24633630    1.18873390    1.04582968    0.97418390    0.91879043    1.00913679    0.90327595    0.95613054    0.94487048    0.98878807    0.97791032    1.07917653    0.99780166    1.05542390    0.96922936    1.11615441    0.97446035    0.93331777    0.86686389    0.91523968    0.94977520    0.82228437    0.86942848    0.91316199    0.83404501    0.98410853    0.89688628    0.93704503    0.86489932    0.90489367
A4VMG4_PSEU5/1-363     0.84087772    0.98655265    1.10686072    1.14353585    1.22669874    1.16925505    1.19702602    0.92770899    0.69372971    0.67291442    0.61791793    0.00000000    0.55952778    0.72989418    0.73644473    1.14566390    0.98151494    1.10610310    1.19631026    1.46140407    1.40949459    1.68937990    2.02104867    0.99827026    0.95858426    1.01242706    1.06820859    1.10004571    1.04547682    1.29242809    1.20794610    1.13515074    1.09364626    0.98115907    1.20860496    1.03265123    1.07620102    1.12160324    1.15517070    1.15347711    1.08642498    1.25851174    1.13332277    1.06135027    1.17949596    1.10914997    1.07178811    0.93333396    0.99736857    1.01635137    1.00020984    1.00393869    1.10861549    1.03077336    1.00329016    1.01653044    1.06987638    1.08355704    0.91127345    0.91645728    0.95825284    0.97477133    0.96846358    0.95402545    0.95103798    0.96162906    1.00401197    1.03425411    1.02410294    0.96036264    0.92582274
A4XU73_PSEMY/4-372     0.76772499    0.94691186    0.99247278    1.01898741    1.06931653    1.09054507    1.17263914    0.80445076    0.58872775    0.54287637    0.42934145    0.55952778    0.00000000    0.60792610    0.53946191    1.01830275    0.86305677    1.01920841    1.13553544    1.41122096    1.44006542    1.66496002    1.96487784    0.88168736    0.97586529    0.87107720    1.05539295    0.97544844    0.96879327    1.19161197    1.19863267    1.04588277    0.96153723    0.90740030    1.18196512    0.99420784    0.96148671    1.05652651    1.06382130    1.06933546    1.05236086    1.13675373    1.18662783    0.96749484    0.93327252    0.92218584    0.95689174    0.80370982    0.87925231    0.89811145    0.93578517    1.00219236    1.06668724    0.94542490    1.00436040    0.93046486    1.00330959    0.96553702    0.86302368    0.91697553    0.95296658    0.85906056    0.84460131    0.78878939    0.76940166    0.81249162    0.90951422    0.82743961    0.89456965    0.88872011    0.87404896
Q885R7_PSESM/5-375     0.79283968    0.93966102    0.95338668    1.03063919    1.11840002    1.04713992    1.16265078    0.96142912    0.74022161    0.62604475    0.64354927    0.72989418    0.60792610    0.00000000    0.57083597    1.07353952    0.91437346    1.17852221    1.16472856    1.34399741    1.38462317    1.59682698    2.07710152    0.98060469    1.02363242    0.94902352    1.14821155    1.02273152    0.95630044    1.19470145    1.29751402    0.97033729    1.06057708    1.00742740    1.28499589    1.02559174    1.11809795    1.16174442    1.19586394    1.19718753    1.13308363    1.26921039    1.13708292    1.00388499    1.03084537    1.05777780    1.03645513    0.95200253    1.01354695    1.03309983    0.97202105    0.96512230    1.05479299    1.02408985    1.05080822    1.04385170    0.96087965    1.05648953    0.98228350    0.98783048    0.95871656    0.95937566    0.88093957    0.87862460    0.98147877    0.98737975    0.98597012    0.98634328    1.03111882    0.94979456    0.87185273
EARP_PSEPK/5-374     0.77247285    0.97109528    0.99142789    1.10947764    1.15647053    1.13007276    1.23847315    0.85879970    0.65670464    0.57454116    0.50932236    0.73644473    0.53946191    0.57083597    0.00000000    1.10853455    0.89683165    1.10241130    1.09407842    1.43433411    1.42712752    1.62130827    2.15584162    0.91953162    1.00110595    0.93579446    1.12663431    1.01128265    0.99172200    1.20189696    1.31530005    1.02879233    0.99228325    0.93196636    1.22334290    1.00508364    1.01374414    1.10356376    1.16460537    1.03341842    0.95304133    1.14525390    1.09952215    0.96104074    1.06043888    0.94542176    0.94532129    0.81503735    0.89719000    0.89984165    0.93819482    0.99860082    1.07834829    1.01693475    1.02981264    1.04479594    1.06606104    1.02408512    0.97992205    0.95230571    0.93897915    0.95457385    0.83743303    0.84526249    0.87037326    0.89867597    0.97642157    0.93103149    0.94902505    0.87991811    0.85431585
D5SYJ9_PLAL2/5-401     1.09930782    1.11697398    1.14786758    1.34823744    1.30237326    1.33096344    1.37886715    1.17171765    1.09878522    1.04700638    1.09155436    1.14566390    1.01830275    1.07353952    1.10853455    0.00000000    1.05696254    1.24062038    1.31761904    1.74923568    1.73943917    1.59424947    2.06318180    1.38133696    1.30046372    1.06749523    1.30335634    1.12895586    1.18043394    1.27448907    1.27600707    1.34159923    1.12402115    1.16394505    1.36768805    1.19509553    1.25904045    1.31247418    1.37373504    1.23910465    1.22310836    1.36263132    1.25824516    1.21354313    1.17650010    1.31062158    1.38991739    1.21367871    1.25962903    1.21685711    1.33648795    1.14765133    1.21577801    1.23961817    1.25417873    1.21778098    1.21671439    1.30402730    1.17200475    1.06207294    1.10396148    0.99215467    1.15332366    1.12881453    1.16883856    1.12432258    1.14149039    1.01522936    1.11096541    1.09937722    1.11278274
B3PIK8_CELJU/10-380     0.88350543    0.95113474    0.83247286    1.09622658    1.10391241    1.08767800    1.10866843    1.00476354    0.99180304    0.86586877    0.87122039    0.98151494    0.86305677    0.91437346    0.89683165    1.05696254    0.00000000    0.98931171    1.18659790    1.39812158    1.31432801    1.62494478    1.99429220    1.00994265    1.06292115    0.93273094    1.14961628    0.99016893    1.02692602    1.21746464    1.29650267    1.07254511    1.01829758    1.08586179    1.31004045    1.06675008    1.20450956    1.11846821    1.13811031    1.08451389    1.06912920    1.25412172    1.09917964    1.02305052    1.09168840    1.06822254    0.96333318    1.00825857    1.01039956    0.96316016    1.11673384    1.06606957    1.04758608    1.06750917    1.00023306    0.95819275    0.99960853    0.99991440    0.94513012    0.93068533    0.93962163    1.03626564    0.88167028    1.02157257    0.94768847    1.01898053    1.06260738    1.01859726    1.02538071    1.02951248    0.95903668
W0DWG2_9GAMM/5-370     1.12296861    1.17020180    1.12120820    1.28777432    1.28543240    1.27705690    1.26567590    1.20179893    1.18767419    1.14548703    0.98770564    1.10610310    1.01920841    1.17852221    1.10241130    1.24062038    0.98931171    0.00000000    1.13435491    1.39268841    1.37933963    1.67694890    1.94956081    1.05562288    1.17410137    1.04261633    1.30636795    1.10045815    1.18856403    1.33095237    1.29028233    1.21856598    1.16740742    1.11504803    1.43357225    1.08960977    1.17610329    1.18954676    1.17539888    1.26336097    1.24213694    1.33219108    1.27700635    1.17766249    1.30589262    1.34809046    1.22260553    1.15314583    1.11812975    1.15687566    1.25446393    1.33412094    1.36851311    1.13528535    1.15596258    1.09664226    1.18989005    1.10863401    1.17920342    1.20958758    1.20261709    1.28873052    1.21984867    1.22604936    1.24260871    1.20580209    1.23300668    1.14450141    1.23755877    1.21261913    1.18541753
D0KY97_HALNC/9-371     1.21970319    1.19092742    1.18621028    1.39925307    1.35965427    1.39874971    1.46894533    1.18831729    1.28253365    1.16807273    1.10724578    1.19631026    1.13553544    1.16472856    1.09407842    1.31761904    1.18659790    1.13435491    0.00000000    1.36984011    1.48831427    1.85083318    2.13111497    1.27364162    1.38480576    1.18268618    1.44110947    1.28502459    1.17979855    1.18312781    1.27059439    1.28314944    1.28380703    1.30830153    1.46474405    1.30669109    1.38142212    1.39264354    1.39007874    1.43369420    1.37048876    1.58526046    1.34605372    1.31515572    1.35550654    1.31876865    1.28471731    1.30015201    1.37195657    1.21583826    1.33560461    1.36465254    1.38088595    1.33918755    1.25277540    1.29135687    1.29226649    1.26040311    1.20179899    1.23433398    1.16647071    1.28491148    1.26292439    1.25839505    1.25790749    1.33342239    1.23669965    1.19054377    1.29430178    1.14605391    1.26077696
X2HE38_9NEIS/21-393     1.47106051    1.45965825    1.24496884    1.60326170    1.55975696    1.53728668    1.62249059    1.34389067    1.53160665    1.49512675    1.40163606    1.46140407    1.41122096    1.34399741    1.43433411    1.74923568    1.39812158    1.39268841    1.36984011    0.00000000    0.97894672    1.85228017    2.19792916    1.66617717    1.75855198    1.61600263    1.76931816    1.48178438    1.68522491    1.61015787    1.77740930    1.49643738    1.44498671    1.48092118    1.75298719    1.61179592    1.67028151    1.67157332    1.67981111    1.57797259    1.69266294    1.62925237    1.60343890    1.46625677    1.61268367    1.45661081    1.52184547    1.47436521    1.57120887    1.59870179    1.47594877    1.52640885    1.58236049    1.72885642    1.58632158    1.54919819    1.49099719    1.62546226    1.53373788    1.56931877    1.58965636    1.48709675    1.51990602    1.60189769    1.35748947    1.51893760    1.60549673    1.59289912    1.64963209    1.53850937    1.43928251
Q5F855_NEIG1/11-377     1.47643265    1.48570516    1.39796236    1.60072577    1.59799698    1.50110501    1.55327270    1.56285320    1.42061561    1.44003124    1.43553366    1.40949459    1.44006542    1.38462317    1.42712752    1.73943917    1.31432801    1.37933963    1.48831427    0.97894672    0.00000000    1.86123683    2.18792769    1.55474934    1.54103963    1.58151911    1.63825136    1.67838804    1.63409976    1.67949371    1.65244197    1.53298015    1.51940652    1.39127787    1.71201784    1.58717797    1.76808721    1.53732870    1.63150363    1.53776910    1.50973925    1.63562893    1.48987084    1.43581730    1.69859348    1.64320540    1.45143289    1.50146699    1.47344722    1.38169672    1.57546549    1.46068327    1.43765929    1.63216756    1.55558665    1.55433275    1.53694010    1.67068198    1.64697890    1.50898327    1.54906324    1.48858893    1.57225690    1.66135484    1.64088435    1.67425994    1.60320469    1.67032115    1.53288924    1.45697173    1.45126298
Q8RFH8_FUSNN/6-344     1.62215606    1.53305416    1.54930081    1.71755774    1.77858764    1.77710847    1.73079805    1.86492518    1.57630494    1.58468834    1.59432500    1.68937990    1.66496002    1.59682698    1.62130827    1.59424947    1.62494478    1.67694890    1.85083318    1.85228017    1.86123683    0.00000000    1.29804558    1.47811462    1.46440763    1.55049281    1.63354593    1.60470108    1.63974458    1.56977542    1.61541220    1.68741930    1.79695782    1.69017177    1.96664520    1.76033167    1.59350143    1.69838948    1.71143143    1.73087769    1.73376324    1.81957487    1.78464073    1.76857966    1.71508975    1.84752654    1.73734880    1.86735652    1.84877545    1.72431756    1.82398163    1.69202928    1.76853915    1.75502294    1.65645881    1.75471511    1.69268685    1.65045370    1.73647764    1.87245890    1.86263530    1.87376771    1.69468419    1.80921703    1.76563058    1.80747199    1.69281995    1.65525418    1.78490542    1.56733435    1.56521659
E3HCA5_ILYPC/5-378     2.13405384    1.93712533    1.95171118    2.09253821    2.12603853    2.10806040    2.03313117    2.21208170    2.01703073    2.20855322    2.05161418    2.02104867    1.96487784    2.07710152    2.15584162    2.06318180    1.99429220    1.94956081    2.13111497    2.19792916    2.18792769    1.29804558    0.00000000    2.00373607    1.92388910    1.97250756    1.90844827    2.04318867    2.02480788    2.03592895    1.83385501    2.08084468    2.21262491    2.04535933    2.13931611    2.09329154    2.11206488    2.13128715    2.08241720    2.09776401    1.99880066    2.30223594    2.03384771    2.14165945    2.14162470    2.18141244    2.24500770    2.29351521    2.19913884    2.14188492    2.14229708    2.01321314    2.15823750    1.99256356    1.97873647    1.87383926    1.98123472    1.94035214    2.05758177    2.01663081    1.96935701    2.13115685    2.27168847    2.27857621    2.31015612    2.26944688    2.18163826    2.13020741    2.14801885    2.04725570    2.15250922
K4KQ33_SIMAS/14-379     1.01031861    1.03237377    1.03449207    1.22164521    1.22500088    1.20660945    1.23054400    0.98063336    0.93871331    0.92241952    0.90735818    0.99827026    0.88168736    0.98060469    0.91953162    1.38133696    1.00994265    1.05562288    1.27364162    1.66617717    1.55474934    1.47811462    2.00373607    0.00000000    0.91909206    1.08326549    1.22545420    1.06424614    1.07030289    1.12872942    1.18202886    1.13603311    1.08997121    1.08668409    1.29664882    1.13499741    1.11119214    1.12068027    1.14272810    1.19863789    1.26531648    1.31568182    1.26729286    1.19582345    1.15669792    1.34752341    1.22029639    1.11224952    1.14349679    1.19420227    1.08254840    1.03589913    1.07734294    1.06358568    1.08393262    1.01156742    1.10536154    1.04942639    1.09394852    1.11755719    1.04386442    1.12696342    1.01133460    1.14776634    1.12655371    1.21003553    1.18021396    1.01303595    1.22344427    1.09540809    1.09562412
M5DQF8_9GAMM/5-374     1.18674718    1.12796789    1.18207793    1.34893077    1.35450189    1.31603108    1.36703223    1.23566009    1.02824810    1.00785818    0.97083704    0.95858426    0.97586529    1.02363242    1.00110595    1.30046372    1.06292115    1.17410137    1.38480576    1.75855198    1.54103963    1.46440763    1.92388910    0.91909206    0.00000000    1.14240038    1.30698155    1.23035437    1.24545683    1.33111490    1.42241139    1.28109422    1.19377309    1.28099396    1.50568806    1.23659208    1.27760767    1.28891639    1.34470375    1.22701417    1.21273844    1.34914364    1.27941817    1.15170279    1.24145885    1.41043836    1.18632758    1.23232514    1.19664507    1.24679746    1.21002960    1.07742566    1.12354130    1.24026022    1.21207416    1.19505319    1.26799717    1.21586537    1.12620542    1.11131925    1.11220501    1.27488057    1.11858186    1.17208684    1.24333339    1.19185766    1.38575672    1.14939466    1.27422818    1.20935382    1.20581454
F8GL43_NITSI/5-375     0.92557971    1.03607123    1.00601072    1.10294209    1.14280034    1.12668118    1.21211035    0.92695620    1.02092332    0.98982277    0.90517716    1.01242706    0.87107720    0.94902352    0.93579446    1.06749523    0.93273094    1.04261633    1.18268618    1.61600263    1.58151911    1.55049281    1.97250756    1.08326549    1.14240038    0.00000000    1.09321601    1.11459303    1.04077298    1.16321576    1.08313393    1.13113585    0.95997592    1.04820623    1.16478038    0.98772004    1.15504234    1.05754510    1.10972453    1.06828071    1.08581043    1.18211874    1.15071918    1.09914726    1.19435943    1.14216728    1.05098392    0.99024980    0.97290643    0.93586836    0.99232645    1.01558165    1.00513605    1.03934435    1.07706541    1.00742194    1.04354178    1.05285922    0.95138699    0.89873592    0.96468222    0.99434308    0.92532110    0.95046332    1.10387018    1.04738221    1.09351166    0.93320027    1.05952069    0.96226925    0.97701351
G2KP27_MICAA/13-385     1.08376919    1.23599246    1.29775463    1.27086722    1.36411459    1.24809131    1.25917456    1.17001148    1.12052184    1.06276931    1.08134715    1.06820859    1.05539295    1.14821155    1.12663431    1.30335634    1.14961628    1.30636795    1.44110947    1.76931816    1.63825136    1.63354593    1.90844827    1.22545420    1.30698155    1.09321601    0.00000000    1.10409876    1.10193883    1.25080225    1.17129806    1.32495727    1.20159469    1.24021536    1.50702880    1.19745195    1.34313897    1.27260296    1.37944023    1.24731681    1.26320995    1.39673356    1.25146267    1.30401835    1.28140940    1.19642601    1.10785629    1.00515201    1.06702935    0.97220522    1.25394102    1.16049960    1.22392213    1.16649095    1.22791480    1.18415103    1.19800863    1.07559516    1.14315800    1.14138645    1.17220189    1.16388465    1.10700461    1.16747997    1.20092739    1.32072494    1.23258171    1.09463615    1.27480143    1.21741519    1.15738206
Q1H0G5_METFK/3-363     0.98430032    1.12950747    1.07594533    1.30970296    1.29894409    1.30261502    1.27647428    1.08881443    0.91577827    0.93306095    0.94413218    1.10004571    0.97544844    1.02273152    1.01128265    1.12895586    0.99016893    1.10045815    1.28502459    1.48178438    1.67838804    1.60470108    2.04318867    1.06424614    1.23035437    1.11459303    1.10409876    0.00000000    0.87974588    0.92262420    0.93745027    1.16075625    1.07686550    1.06595797    1.22514873    1.08662674    1.12939228    1.11041724    1.11524788    1.19900109    1.17471281    1.24296493    1.22411910    1.18922292    1.03430782    0.99680371    1.11172467    0.92333250    1.02098560    0.96962108    1.15679606    1.07777989    1.07647628    1.21324553    1.19254456    1.10465590    1.16536278    1.18375814    1.00016711    1.01552142    1.02256681    1.01426204    0.96194602    1.15300089    1.05450088    1.08097167    1.20102704    0.93097187    1.12178121    1.06110827    1.06383427
C6XD58_METGS/8-371     0.95628429    1.09233302    1.03749225    1.13743883    1.23111018    1.18913294    1.19112341    1.10715231    1.10910115    0.96003739    0.98008768    1.04547682    0.96879327    0.95630044    0.99172200    1.18043394    1.02692602    1.18856403    1.17979855    1.68522491    1.63409976    1.63974458    2.02480788    1.07030289    1.24545683    1.04077298    1.10193883    0.87974588    0.00000000    0.84966038    0.91953660    1.13247512    1.13137413    1.20751274    1.34803090    1.09281528    1.18594091    1.10287509    1.17621328    1.22246581    1.17303938    1.39109165    1.26292838    1.24655923    1.20014527    0.92162242    1.06530305    1.01946277    1.09119749    1.02880354    1.01419776    0.96870542    1.04817053    1.04368772    1.06930795    0.98712549    1.07153697    1.07084164    0.86139337    1.04186640    1.06678994    0.98467640    0.94003356    0.98926568    0.98161675    0.92952617    1.02469759    0.90808858    1.01945375    1.03400514    1.05107652
C6WWN4_METML/7-368     1.20151365    1.26567285    1.27184476    1.33794061    1.39369533    1.38828768    1.40185470    1.26897207    1.30836998    1.26462384    1.22671136    1.29242809    1.19161197    1.19470145    1.20189696    1.27448907    1.21746464    1.33095237    1.18312781    1.61015787    1.67949371    1.56977542    2.03592895    1.12872942    1.33111490    1.16321576    1.25080225    0.92262420    0.84966038    0.00000000    0.62611354    1.28390031    1.31333119    1.38829037    1.46734352    1.33401059    1.34720715    1.25137194    1.32729211    1.35219228    1.30031736    1.47785409    1.33893951    1.30550028    1.33924692    1.22678535    1.30268141    1.22485359    1.15535240    1.09754450    1.26417452    1.23631029    1.25462018    1.29725090    1.28913494    1.20506651    1.20244569    1.25148715    1.17604284    1.18980908    1.14232478    1.16543015    1.16817101    1.25139801    1.21920017    1.34462705    1.13739255    1.02678237    1.27723883    1.05372734    1.14627704
D7DIQ9_METV0/9-361     1.24582685    1.34331691    1.37892341    1.48058597    1.49746713    1.43781835    1.50288789    1.31638780    1.29357103    1.14568289    1.18334994    1.20794610    1.19863267    1.29751402    1.31530005    1.27600707    1.29650267    1.29028233    1.27059439    1.77740930    1.65244197    1.61541220    1.83385501    1.18202886    1.42241139    1.08313393    1.17129806    0.93745027    0.91953660    0.62611354    0.00000000    1.29579591    1.29867240    1.30648500    1.38162286    1.29543612    1.22511826    1.24043822    1.24401860    1.29420305    1.25404258    1.39238827    1.29727517    1.36267060    1.26198256    1.20119892    1.24361465    1.27551726    1.17928001    1.11863310    1.25857685    1.29207752    1.27716343    1.23700675    1.27034709    1.24010516    1.20056835    1.13483055    1.25674127    1.25590817    1.25963501    1.24389406    1.20537695    1.27700580    1.35250932    1.37778743    1.17353492    1.03693843    1.23625970    1.09355831    1.21738073
D5WZT0_THIK1/7-372     1.06403200    1.20278102    1.17465388    1.15585619    1.26602399    1.20468277    1.22702382    1.19178653    1.12260943    0.97223552    0.99870488    1.13515074    1.04588277    0.97033729    1.02879233    1.34159923    1.07254511    1.21856598    1.28314944    1.49643738    1.53298015    1.68741930    2.08084468    1.13603311    1.28109422    1.13113585    1.32495727    1.16075625    1.13247512    1.28390031    1.29579591    0.00000000    1.01561549    1.02102309    1.29633573    1.10491762    1.20090847    1.10626094    1.13512812    1.10488799    1.05033238    1.29838811    1.14253127    1.09226794    1.12986024    1.13968123    1.15753614    1.12709640    1.21782830    1.20418904    1.24096846    1.11171710    1.21946470    1.23573087    1.23288324    1.12814782    1.21836457    1.19837088    1.08896868    1.07603283    1.07761775    1.20547809    1.06449797    1.17642589    1.19422886    1.24265065    1.18295290    1.08184434    1.28299312    1.19035776    1.18276919
H5WP94_9BURK/12-360     1.06865588    1.09001209    1.12027865    1.34829822    1.33100977    1.30743282    1.24705077    0.94170934    1.01826322    0.94199927    0.97096024    1.09364626    0.96153723    1.06057708    0.99228325    1.12402115    1.01829758    1.16740742    1.28380703    1.44498671    1.51940652    1.79695782    2.21262491    1.08997121    1.19377309    0.95997592    1.20159469    1.07686550    1.13137413    1.31333119    1.29867240    1.01561549    0.00000000    0.74189070    0.90688692    0.79062760    0.98258695    0.84600089    0.89578626    0.82006224    0.76728076    0.88715131    0.93644750    0.91406190    0.79069804    0.90555280    0.98738226    0.82099407    0.92405837    1.03844753    1.10281720    1.06225796    1.12011400    1.08480891    1.15785285    1.15100781    1.01198008    1.08280832    1.01245086    0.97806125    1.07723492    1.05055318    0.93486521    0.92861737    0.89143307    0.87344918    1.20301534    1.03573563    1.04559376    0.98120725    1.03303340
A2SH80_METPP/7-353     1.09820648    1.06110102    1.11269639    1.27065005    1.29721034    1.23133230    1.24129894    0.99831815    0.96631582    0.92214052    0.99406166    0.98115907    0.90740030    1.00742740    0.93196636    1.16394505    1.08586179    1.11504803    1.30830153    1.48092118    1.39127787    1.69017177    2.04535933    1.08668409    1.28099396    1.04820623    1.24021536    1.06595797    1.20751274    1.38829037    1.30648500    1.02102309    0.74189070    0.00000000    0.83331473    0.77352424    0.92985541    0.85531130    0.86890182    0.81540776    0.83731657    0.88839059    0.94034045    0.85825329    0.79173131    1.10543953    1.03328744    0.95926795    1.04674983    1.03267739    1.11819819    1.14697913    1.23777041    1.09713586    1.09870951    1.14356300    1.06278590    1.10439193    1.04600276    1.08158974    1.14779395    0.98439295    1.00614969    0.93586337    1.00120176    0.98959527    1.14594206    1.02575997    1.00859445    1.01153451    1.03713787
U5N7Q8_9BURK/11-359     1.25390730    1.44459779    1.40965837    1.57191720    1.52769371    1.52100627    1.45699702    1.21331749    1.24413774    1.23438665    1.22681555    1.20860496    1.18196512    1.28499589    1.22334290    1.36768805    1.31004045    1.43357225    1.46474405    1.75298719    1.71201784    1.96664520    2.13931611    1.29664882    1.50568806    1.16478038    1.50702880    1.22514873    1.34803090    1.46734352    1.38162286    1.29633573    0.90688692    0.83331473    0.00000000    0.84863834    0.84385159    0.85394347    0.84513765    0.85609166    0.92711617    0.93283541    1.03368233    0.94794968    0.98689895    1.35478268    1.17336762    1.13942547    1.22571503    1.16664825    1.37055828    1.29989906    1.38270443    1.36811720    1.42893440    1.43139772    1.41258926    1.36756197    1.32336381    1.30165583    1.37967018    1.21432044    1.28644337    1.28850146    1.25975441    1.16834249    1.39922625    1.29120017    1.27062023    1.27058745    1.32635269
F5Y1W6_RAMTT/3-348     0.98392560    1.17285018    1.19403134    1.26537976    1.32873853    1.29434460    1.27248093    1.01202945    0.99182915    0.84937911    0.98973066    1.03265123    0.99420784    1.02559174    1.00508364    1.19509553    1.06675008    1.08960977    1.30669109    1.61179592    1.58717797    1.76033167    2.09329154    1.13499741    1.23659208    0.98772004    1.19745195    1.08662674    1.09281528    1.33401059    1.29543612    1.10491762    0.79062760    0.77352424    0.84863834    0.00000000    0.60944373    0.69191619    0.65200540    0.56619424    0.68108003    0.66636105    0.67536055    0.61854298    0.89753264    1.01945322    1.03050628    0.91616094    0.99682219    0.98413306    1.00733193    1.02709154    1.10695812    0.93115687    1.08187104    1.08964920    1.03077447    0.96230350    1.05418024    0.91935224    1.03607881    0.96966882    0.91906806    0.95084899    0.96204665    0.98023472    1.10817160    0.98669869    1.08758322    0.95840584    1.01862579
Q21W88_RHOFT/15-377     1.17433427    1.21760599    1.26281775    1.29196847    1.37004978    1.39136695    1.34768709    1.15759008    1.00907682    0.94394861    1.00914086    1.07620102    0.96148671    1.11809795    1.01374414    1.25904045    1.20450956    1.17610329    1.38142212    1.67028151    1.76808721    1.59350143    2.11206488    1.11119214    1.27760767    1.15504234    1.34313897    1.12939228    1.18594091    1.34720715    1.22511826    1.20090847    0.98258695    0.92985541    0.84385159    0.60944373    0.00000000    0.69204115    0.69045585    0.64058365    0.77965330    0.74758508    0.83449550    0.73150247    0.99956845    1.22152873    1.14203123    1.07446697    1.14754689    1.13067290    1.18472759    1.13780660    1.22056594    1.16381658    1.21345568    1.16114416    1.20079667    1.09586493    1.14161970    1.14362281    1.14777628    1.11654223    1.03853537    1.02697074    0.93367602    1.05237003    1.13627431    0.99640289    1.16613379    1.03389627    1.21066967
A1VMR2_POLNA/7-372     1.09600924    1.19897588    1.26916613    1.25388060    1.41989016    1.38006671    1.30394613    1.14312506    1.07185164    1.00366705    1.08275851    1.12160324    1.05652651    1.16174442    1.10356376    1.31247418    1.11846821    1.18954676    1.39264354    1.67157332    1.53732870    1.69838948    2.13128715    1.12068027    1.28891639    1.05754510    1.27260296    1.11041724    1.10287509    1.25137194    1.24043822    1.10626094    0.84600089    0.85531130    0.85394347    0.69191619    0.69204115    0.00000000    0.38281990    0.60195505    0.70076877    0.69980385    0.75936852    0.69815749    0.94036881    1.17804372    1.13587660    0.95007492    1.07074328    1.05244780    1.14708247    1.13378221    1.24079846    1.14398297    1.18273747    1.13687376    1.13155137    1.09085537    1.14109610    0.98805097    1.04815556    1.17589929    1.10917720    1.06045898    1.07080609    1.13080757    1.10864462    0.97054904    1.15308382    1.04150462    1.11770757
Q128Q5_POLSJ/7-372     1.11918337    1.23860204    1.19974168    1.24472102    1.37438644    1.34042501    1.29846668    1.18640949    1.12394178    1.01408390    1.12719486    1.15517070    1.06382130    1.19586394    1.16460537    1.37373504    1.13811031    1.17539888    1.39007874    1.67981111    1.63150363    1.71143143    2.08241720    1.14272810    1.34470375    1.10972453    1.37944023    1.11524788    1.17621328    1.32729211    1.24401860    1.13512812    0.89578626    0.86890182    0.84513765    0.65200540    0.69045585    0.38281990    0.00000000    0.61681395    0.76989786    0.74684141    0.80778744    0.74364339    0.97512672    1.13974497    1.18643707    1.05141091    1.11506486    1.12561901    1.15845632    1.13036922    1.25667341    1.16470434    1.11040170    1.11208766    1.15573157    1.05030207    1.06884930    1.03622822    1.12550908    1.19162180    1.08552478    1.07307653    1.13322760    1.10527566    1.21860327    0.98856425    1.18478366    1.04639627    1.13852410
