21
H7BWY4_MOUSE/371-432     0.00000000    0.27972035    0.39674716    0.92965141    0.81230921    0.51848503    0.52758639    0.65189168    0.83259420    1.12761239    0.84334357    0.78288583    0.80022436    0.89849979    0.87918755    0.90214687    0.81986744    0.42040790    0.57760609    0.75076861    0.54317017
U3JXF1_FICAL/403-466     0.27972035    0.00000000    0.23422260    0.83617035    0.73263541    0.53901342    0.61090793    0.56297929    0.71530377    1.12079443    0.71955551    0.74123346    0.83399354    0.79022381    0.80223210    0.82441719    0.78155438    0.30967329    0.39748736    0.59406254    0.32679070
DLG1_XENTR/403-465     0.39674716    0.23422260    0.00000000    0.87984344    0.92327618    0.65005534    0.66529112    0.65873246    0.75008226    1.27029554    0.63970138    0.83248502    0.87660004    0.87131698    0.83975733    0.85087338    0.81620500    0.42628939    0.51479561    0.49064750    0.43693361
H3CG86_TETNG/194-271     0.92965141    0.83617035    0.87984344    0.00000000    1.09694825    1.05582658    0.88224682    1.19628539    1.27522039    1.32654811    1.27794194    1.38946426    1.37835791    1.44339546    1.27990436    1.23695424    1.26996961    0.96527249    1.23630027    1.22548393    0.97994111
G3QBU8_GASAC/275-341     0.81230921    0.73263541    0.92327618    1.09694825    0.00000000    0.48732365    0.53700067    1.02838413    1.20007832    1.51749230    1.23093538    1.02043580    1.11222806    1.01966210    1.18584206    1.06273554    1.04514549    0.75513869    0.80934069    1.07603860    0.73888276
H2QC23_PANTR/288-355     0.51848503    0.53901342    0.65005534    1.05582658    0.48732365    0.00000000    0.29641237    0.99905686    1.00263225    1.17570141    1.00312676    0.86994609    1.03601930    0.92993259    0.96231982    0.99439481    0.96949494    0.58381867    0.74114325    0.99922662    0.63967687
H3AZN0_LATCH/304-370     0.52758639    0.61090793    0.66529112    0.88224682    0.53700067    0.29641237    0.00000000    1.10007743    1.21448503    1.32552818    0.95115742    0.93156139    1.02790573    1.07134370    1.00741599    1.09811479    1.04574256    0.71264453    0.85751772    0.95660664    0.68735626
I3JQU5_ORENI/300-365     0.65189168    0.56297929    0.65873246    1.19628539    1.02838413    0.99905686    1.10007743    0.00000000    0.17301754    1.43229945    1.14879678    1.00253978    0.92215229    0.95050401    1.08363742    1.02424873    1.00498040    0.65008420    0.56557206    0.73737831    0.59597637
H2M6D5_ORYLA/286-351     0.83259420    0.71530377    0.75008226    1.27522039    1.20007832    1.00263225    1.21448503    0.17301754    0.00000000    1.29988196    1.12012791    0.87913610    0.84385535    0.83719206    0.95262087    0.89036653    0.93877582    0.67095433    0.62305706    0.70990478    0.68185091
I3JAK6_ORENI/273-341     1.12761239    1.12079443    1.27029554    1.32654811    1.51749230    1.17570141    1.32552818    1.43229945    1.29988196    0.00000000    0.69649847    1.23593320    1.30653148    1.24082828    1.27635770    1.29715172    1.35346206    1.00745336    1.31741343    1.22696960    1.12650177
G3UQ93_MELGA/180-248     0.84334357    0.71955551    0.63970138    1.27794194    1.23093538    1.00312676    0.95115742    1.14879678    1.12012791    0.69649847    0.00000000    1.01671083    1.06929347    1.10932757    1.11334683    1.18223439    1.14478252    0.76523619    0.93899187    1.07586934    0.84422845
F7FL85_MONDO/296-370     0.78288583    0.74123346    0.83248502    1.38946426    1.02043580    0.86994609    0.93156139    1.00253978    0.87913610    1.23593320    1.01671083    0.00000000    0.24460351    0.27645912    0.27495855    0.27210901    0.30500958    0.69151834    0.84877722    1.13616800    0.79978294
H3B6H2_LATCH/322-395     0.80022436    0.83399354    0.87660004    1.37835791    1.11222806    1.03601930    1.02790573    0.92215229    0.84385535    1.30653148    1.06929347    0.24460351    0.00000000    0.33005151    0.31884067    0.25968621    0.24131738    0.79631274    0.92003040    1.17336693    0.84963666
L7N2V0_XENTR/338-410     0.89849979    0.79022381    0.87131698    1.44339546    1.01966210    0.92993259    1.07134370    0.95050401    0.83719206    1.24082828    1.10932757    0.27645912    0.33005151    0.00000000    0.24195526    0.22181854    0.26190293    0.83101006    0.85859651    1.12031994    0.85498382
G3PYE0_GASAC/226-300     0.87918755    0.80223210    0.83975733    1.27990436    1.18584206    0.96231982    1.00741599    1.08363742    0.95262087    1.27635770    1.11334683    0.27495855    0.31884067    0.24195526    0.00000000    0.06193827    0.07805778    0.87394572    1.04280657    1.20013278    0.93042163
I3J3Q4_ORENI/321-390     0.90214687    0.82441719    0.85087338    1.23695424    1.06273554    0.99439481    1.09811479    1.02424873    0.89036653    1.29715172    1.18223439    0.27210901    0.25968621    0.22181854    0.06193827    0.00000000    0.04591930    0.88429005    1.03871305    1.20554886    0.95241166
W5JXY3_ASTMX/325-398     0.81986744    0.78155438    0.81620500    1.26996961    1.04514549    0.96949494    1.04574256    1.00498040    0.93877582    1.35346206    1.14478252    0.30500958    0.24131738    0.26190293    0.07805778    0.04591930    0.00000000    0.86231068    0.97480760    1.14751128    0.87422871
W5LZX3_LEPOC/439-502     0.42040790    0.30967329    0.42628939    0.96527249    0.75513869    0.58381867    0.71264453    0.65008420    0.67095433    1.00745336    0.76523619    0.69151834    0.79631274    0.83101006    0.87394572    0.88429005    0.86231068    0.00000000    0.33287702    0.51652823    0.30287598
A0A0R4IVS8_DANRE/333-396     0.57760609    0.39748736    0.51479561    1.23630027    0.80934069    0.74114325    0.85751772    0.56557206    0.62305706    1.31741343    0.93899187    0.84877722    0.92003040    0.85859651    1.04280657    1.03871305    0.97480760    0.33287702    0.00000000    0.34655910    0.20561747
H2LTZ1_ORYLA/391-456     0.75076861    0.59406254    0.49064750    1.22548393    1.07603860    0.99922662    0.95660664    0.73737831    0.70990478    1.22696960    1.07586934    1.13616800    1.17336693    1.12031994    1.20013278    1.20554886    1.14751128    0.51652823    0.34655910    0.00000000    0.28869198
M4AA04_XIPMA/426-490     0.54317017    0.32679070    0.43693361    0.97994111    0.73888276    0.63967687    0.68735626    0.59597637    0.68185091    1.12650177    0.84422845    0.79978294    0.84963666    0.85498382    0.93042163    0.95241166    0.87422871    0.30287598    0.20561747    0.28869198    0.00000000

