150
F4NXL5_BATDJ/372-423     0.00000000    0.72490515    0.64870010    0.82267192    0.66173039    1.25949643    1.19092643    1.04689249    1.04651795    1.34189248    1.23928310    1.43405412    1.29110383    1.11478644    1.38906855    1.26308213    1.14221069    1.24516947    1.62046962    1.64555862    1.42194208    1.15013298    1.26159536    1.24763897    1.22979751    1.59365596    1.38496704    1.36758001    1.40815654    1.47773293    1.01594170    0.65130862    0.74721988    1.14418031    1.37594303    1.17944449    1.28094192    1.73021088    1.97863821    1.94494031    1.71027482    2.10688393    1.88598056    2.51870313    1.87232857    1.94973795    1.75309183    3.12985081    1.72075086    2.78997399    1.95178828    2.35471560    2.22744149    2.45667510    1.92155352    2.53993655    2.19511106    1.82822710    1.46925850    1.44581079    1.28889449    1.53141519    1.41196154    1.37267575    1.99507411    1.64077204    1.66539033    1.99817767    1.74820592    1.90956811    1.63123553    1.45445987    1.49594047    1.60181090    1.66722065    1.90872975    1.65303525    1.85792213    1.62924144    1.62124602    2.01572628    1.70169938    1.92196551    1.81884090    1.94960823    1.02667860    1.02505885    0.91274664    0.78594045    0.80982230    0.98236356    0.86269119    1.10791546    1.40522002    0.96418585    1.27737812    0.93079166    1.11803254    1.13455569    1.20726974    1.14409190    1.20372790    1.29654964    1.21166043    0.98157073    0.94476021    1.06105379    1.01735125    0.97960511    0.83532267    1.02316963    0.93660498    0.94998958    0.83461458    0.89543547    1.19737924    1.07919900    1.12429038    1.32279609    1.25795512    1.41549037    1.21701323    0.99294200    0.98226947    0.96508783    1.03499800    0.89725207    0.86876258    0.89255530    0.92968436    0.89480812    0.81188338    0.83471107    1.22351169    1.49328191    1.54785013    1.52277901    1.51276295    1.49853358    1.72080968    1.63676697    1.64414631    1.42084075    1.37171492    1.51920527    1.54285105    1.76195078    1.50082862    1.17214913    1.08406142
F4S053_MELLP/558-606     0.72490515    0.00000000    0.35720452    0.77318308    0.81117150    1.06219747    1.28042390    0.99772087    1.13621942    1.22849685    1.32983756    1.30147077    1.06132529    1.00647632    1.15123350    1.15423301    0.91160386    1.14266794    1.09696244    1.21413871    1.04667720    1.12854801    1.07978949    1.06424758    0.96421801    1.31978407    1.31177360    0.87597780    1.22483444    1.20505930    0.81549880    0.49260208    0.66468264    0.68333649    1.17203264    1.10810567    1.18487072    2.13661884    1.95376632    1.98117230    1.72214305    2.41753047    1.41823511    1.90511805    1.68277417    1.82960330    1.69620973    2.71803311    1.63115966    1.94017066    2.02617940    1.85893856    1.59245357    1.88190297    1.85561776    2.16084654    1.96435035    1.68003658    0.99921820    1.11602918    0.98697292    1.37800812    1.28965385    1.10751530    1.44529814    1.23250589    1.30457093    1.35166534    1.13359964    1.16379403    1.34174538    1.22985276    1.21574409    1.23163713    1.29855919    1.49920812    1.21905973    1.19702810    1.19280507    1.36887178    1.43305692    1.41943223    1.36513641    1.21024188    1.46122561    0.90893454    0.79084919    0.81047944    0.89189338    0.77159213    0.79376076    0.79899277    0.98428554    1.13003057    1.07603022    1.09092288    1.13823965    1.00319179    1.07840009    1.10073973    1.13208518    1.10693424    1.00964255    1.02945502    0.94722537    0.89962074    1.12917070    0.90374692    0.93484994    0.86881414    0.65557210    0.87780097    0.95360131    0.91393768    0.97209963    1.12265965    1.12292410    0.93429719    1.10943116    1.41914571    1.25482672    1.40350317    1.44000554    1.40204296    1.13572222    1.42959965    1.01002622    1.06628051    1.10279205    0.87277836    0.98271001    1.07688304    1.04185669    1.14520194    1.37125875    1.38827769    1.49245175    1.74997792    1.77301414    1.82321912    1.76841246    1.65013565    1.60369578    1.56134236    1.52629073    1.73728332    1.44919084    1.40682585    0.91034677    1.10382201
H6QQ34_PUCGT/345-393     0.64870010    0.35720452    0.00000000    0.71284893    0.65155504    1.10903331    1.02290453    0.97652114    0.97457112    1.10721151    1.06616278    1.16828495    0.86536901    0.96762026    1.07330812    1.00707901    0.86116521    1.08210537    1.19398384    1.15898790    1.07667488    1.16561352    1.00824085    0.94660876    0.90955074    1.19096516    1.03826486    0.90752143    0.87230887    0.90268650    0.64557002    0.46409185    0.67228068    0.72693053    1.11062620    1.12949369    1.33641799    1.48690766    1.91715431    1.94468628    1.58310639    2.52023057    1.40696839    1.87035892    1.65516073    1.76249416    1.46624718    2.83449394    1.58319615    2.02358810    2.08933484    1.75407221    1.75982163    1.97690898    1.82245934    2.34344466    2.06020647    1.77192529    0.88729465    0.94524469    1.20454336    1.24850050    1.15269925    0.97899968    1.49360509    1.08600591    1.25043749    1.43295053    1.31131722    1.29686548    1.26786425    1.14658975    1.16645622    1.20986706    1.30412354    1.30483321    1.10252725    1.28561142    1.11020680    1.18333877    1.36609643    1.46023015    1.30760824    1.19085937    1.23669269    0.93897418    0.90371815    0.52473233    0.66896974    0.55996539    0.55831142    0.64021843    0.79520023    0.91527639    0.98170224    1.04405032    0.88650161    0.97246108    0.96267859    0.87826009    0.92182153    0.93049320    0.86295716    0.90680546    0.86212180    0.81134640    0.95428055    0.72065647    0.93108027    0.79483625    0.75133162    0.70237005    0.73192610    0.93122438    0.97181265    1.22694221    1.31754068    1.00874144    1.02128329    1.26260300    1.36450389    1.38893120    1.08985481    1.06373663    1.06476018    1.18479100    0.80885591    0.86849776    0.91604632    0.69057415    0.77958846    0.78433004    0.79132455    1.03626698    1.34564079    1.49892730    1.58823348    1.59256527    1.57629807    1.68838963    1.46138301    1.36479340    1.42289394    1.38428989    1.37502046    1.62044614    1.50405393    1.34914986    0.79614585    1.03145549
I1CGX4_RHIO9/485-534     0.82267192    0.77318308    0.71284893    0.00000000    0.34959092    1.03449260    0.94677726    0.96667049    0.90164306    1.29216071    1.25266188    1.32555608    0.67005490    0.77651250    0.74761735    0.95172053    0.65974570    0.79020978    0.98668939    0.68242064    0.70996691    0.76613530    0.61886120    0.82652762    0.76266973    0.94179722    0.80550223    0.84327645    1.09816380    0.85170806    0.73051082    0.64973964    0.98522264    1.08261395    1.24149441    1.04546922    1.37588095    1.96852650    1.66827416    1.63021725    1.85904806    1.85686850    1.80799639    2.14102931    2.31031236    2.48361090    1.78830223    3.92360398    2.06764344    3.11403067    2.47415128    2.03562012    2.33526115    2.50530694    2.50033897    2.98066890    2.81909974    2.34432272    1.08616063    1.00452565    1.30903799    1.79100072    1.53477520    1.87340060    2.59797964    1.99654849    2.14968014    1.91427658    1.68817828    1.80386799    1.88360168    1.65059593    1.65218896    1.71945972    1.74252888    1.88884022    1.74886928    2.02118432    1.61703082    1.70978438    1.98820819    1.63036863    1.82049544    2.10194055    2.03011328    0.91386055    0.99018341    0.90583525    0.90123359    0.84262593    0.86331436    0.91784618    1.03515604    1.13594304    0.89038154    1.01773178    1.03629687    0.99467330    0.93048398    0.96063556    0.96547883    0.92719198    0.93373189    0.93873375    0.94176466    0.82374749    0.94530245    1.03645669    1.10844614    0.98042744    0.98984696    0.91846154    0.87274501    1.01462589    1.05282715    1.16271876    1.22486667    1.05581042    1.02010332    1.31520639    1.49873448    1.36808542    1.04677654    1.01690139    1.14351896    1.49972078    1.08418946    1.05676816    1.17500475    0.87120870    1.09389597    0.93204959    0.96396522    0.93597695    1.42813188    1.58370539    1.49443377    1.66206466    1.62626391    1.58007139    1.70050139    1.73285209    1.49130995    1.62938894    1.55448591    1.72474033    1.82922473    1.52095173    1.12019393    1.05917129
A0A015IXB2_RHIIW/577-626     0.66173039    0.81117150    0.65155504    0.34959092    0.00000000    1.02980305    1.04624162    0.94463682    0.87841576    1.08860323    1.12353949    1.24547996    0.74052891    0.98193743    1.02585997    1.00016369    0.69593553    0.84760906    1.16340896    0.96514347    0.85676423    0.78564060    0.77106744    0.90046895    0.88915659    1.26521239    0.91883329    0.87139825    0.96819143    1.03438008    0.65879286    0.62628400    1.00924124    1.20435104    0.94491372    1.17527762    1.38114816    1.75134747    2.05895365    2.05046783    1.55343090    2.09402405    1.91924960    2.12220918    2.01048521    2.10451323    1.74055646    3.40239753    1.85907703    2.63632490    1.90987396    1.83818314    2.12103541    2.11039196    2.09628409    2.99867081    2.13227827    2.11282674    1.19570509    1.27224728    1.40643517    1.61371541    1.35555908    1.64332455    2.38013517    1.91324666    1.87749870    1.99470453    1.75526835    1.85354992    1.95396783    1.57596787    1.60980156    1.69067463    1.67236828    2.06367422    1.87609836    2.04108222    1.68423783    1.63839727    2.15841661    1.78175862    1.99653425    2.02093686    2.01722458    0.88748477    0.88996021    0.79240978    0.75696938    0.76368124    0.85856501    0.70404968    1.00309997    1.10360648    0.81508288    1.17984934    1.19938756    1.16842460    1.11356562    1.12994151    1.13166816    1.11133097    1.11153256    1.14883219    0.98175197    0.99249882    0.99456525    0.79748795    0.95601963    0.76472384    0.85247193    0.93994032    0.69128894    0.77702181    0.86324212    0.84674295    1.05774916    0.96833307    0.91080763    1.24917258    1.12809205    1.13363096    0.95063286    1.00539339    1.06352436    1.15147962    1.07110308    1.00897190    1.17239200    0.96707050    0.89456455    0.95118923    1.00076415    0.85618859    1.53011338    1.52721385    1.58369956    1.67113799    1.61357646    1.64871093    1.67201473    1.46427015    1.30914524    1.42945218    1.54819189    1.73519858    1.92417624    1.45600590    1.09538981    1.00930301
A4SBC7_OSTLU/319-368     1.25949643    1.06219747    1.10903331    1.03449260    1.02980305    0.00000000    1.02792123    1.11907692    1.02140260    1.35942500    1.28147780    1.13284840    1.35608614    1.08455941    1.10518155    1.07076503    1.16750653    1.15479280    1.36366614    1.40984536    1.19441073    1.12934385    1.19476712    1.24011872    1.20223717    1.49696160    1.31714050    1.49488394    1.41503766    1.12534758    1.24786524    1.05134310    1.14799044    1.23671361    1.53431455    1.75423978    1.65601392    2.77978767    2.13091813    2.21021658    1.87273368    1.87429226    2.19438884    2.29313060    2.32185147    2.07194352    2.23998567    2.88684717    2.26653331    2.85197794    2.75093346    2.36016907    2.22232545    2.16141548    3.53383399    2.75765425    2.69238585    2.29546422    1.62859671    1.80358104    2.11438670    2.27931809    2.04884102    2.02687552    2.05256964    2.04762829    1.91664293    2.59070456    2.11564395    2.15589633    2.26082468    2.00929201    2.03054541    2.02506234    1.91003436    2.56223866    2.22218499    2.17028112    1.99794507    2.09571452    2.54826336    2.26652292    2.42676818    2.19268832    2.47527193    1.15636327    1.25522358    1.38994916    1.25322267    1.15280214    1.21524369    1.16698623    1.56845107    1.56570178    1.54596044    1.59631394    1.66383745    1.67467416    1.68256153    1.79022039    1.83889496    1.54271362    1.62374381    1.77115983    1.63744926    1.52792888    1.55344245    1.28817745    1.26236005    1.31309575    1.17771160    1.46719051    1.20062109    1.22447833    1.31062039    1.09907595    1.26543373    1.32468557    1.17098369    1.58670694    1.36530779    1.25528932    1.65130343    1.54060864    1.43876149    1.61260995    1.60736511    1.53424197    1.73131652    1.71095553    1.48487295    1.42456976    1.44085759    1.48595995    1.69239258    1.67400076    1.46757650    1.76024270    1.87054847    1.78414453    2.07463940    2.01390409    1.60200519    1.79955026    1.82306287    2.11104910    1.62964060    1.77972096    1.52955054    1.32549141
W1NG25_AMBTC/601-650     1.19092643    1.28042390    1.02290453    0.94677726    1.04624162    1.02792123    0.00000000    0.42615804    0.31901609    1.37803030    1.34647032    1.31983231    0.95591999    1.16232191    1.17797460    1.29039261    1.05809626    1.19141596    1.27487006    1.14314776    1.23232023    1.21673525    1.19886970    0.84168659    0.88900862    1.24792290    1.28488793    1.21110502    1.33075787    1.09296645    1.30905105    1.15582806    1.27374896    1.33493435    1.28969395    1.60769052    1.67411699    2.14660076    1.94062930    2.15066421    1.94132664    2.31846596    2.44850351    2.42303550    2.99207413    2.85445940    2.97132073    3.79581220    2.79704806    3.47593657    3.02527519    3.32733128    3.37835652    2.64709991    3.46303428    3.07253491    3.21380965    2.53492221    1.78907567    2.05326175    2.41475561    1.86319517    1.84807242    2.08796535    2.93852839    2.57403558    2.49751947    2.96038774    2.36217995    2.67170921    2.54665468    2.19297140    2.47643071    2.36503695    2.15770901    2.72763914    2.57234451    2.95561985    2.26794399    2.30215271    2.96750857    2.17492620    2.73999662    2.35801874    2.31383895    1.32250490    1.36886915    1.28732415    1.08631227    1.05550314    1.29135401    1.17622350    1.56052496    1.83107375    1.48466171    1.64915242    1.60687796    1.61939305    1.61005731    1.52216586    1.65603817    1.62442471    1.52033794    1.57262593    1.47902226    1.35224098    1.26915904    1.34707352    1.34892193    1.40319818    1.33764339    1.37857818    1.38059426    1.36547627    1.47103900    1.34401663    1.62323519    1.50516027    1.47831881    1.94863648    1.68085589    1.57833333    1.49034120    1.78294317    1.41781124    1.50750860    1.58036994    1.44551307    1.58955789    1.34634683    1.27463957    1.12174328    1.16784470    1.36252260    1.65814823    1.58330180    1.60937504    1.80056907    1.70276975    1.56846758    1.79926191    1.80011016    1.51513079    1.69050638    1.58442091    1.85375462    1.71959772    1.98344521    1.52362936    1.41039004
C5YL31_SORBI/549-598     1.04689249    0.99772087    0.97652114    0.96667049    0.94463682    1.11907692    0.42615804    0.00000000    0.37487511    1.38500069    1.28565432    1.36787071    0.98331013    1.14152868    1.28540167    1.31991067    0.98945522    1.12199653    1.36299192    1.16214023    1.27200097    1.12310059    1.19113085    0.91323973    0.94360951    1.46341367    1.38014191    1.11416732    1.32968829    0.99397171    1.37616487    0.95496451    1.07428487    1.08827117    1.18356839    1.25775193    1.30876660    2.07536526    1.92220357    2.13835782    1.59062817    2.01002240    2.10356591    2.32266360    2.78452662    2.76669201    2.42578537    2.99716918    2.63125975    2.92264052    2.67565072    3.11815258    2.95958540    2.42123051    2.90617485    3.09722449    2.56946758    2.06545770    1.73175977    1.96775421    2.13982825    1.81923898    1.66357811    1.98452668    2.22617488    2.01587622    2.06790789    2.62656239    2.39367770    2.42607639    2.22923982    1.91654736    2.04210487    2.41514866    2.01543801    2.45729769    1.97107384    2.25744881    1.97313345    1.99276717    2.67998405    2.12758219    2.45627704    1.79935900    2.13504218    1.17022853    1.15064051    1.15303896    0.99199043    0.87795790    1.16567994    0.95531986    1.33257453    1.59699323    1.30542735    1.66362734    1.39314166    1.49625426    1.58957091    1.40566224    1.49972998    1.59869182    1.44803689    1.44945195    1.27265920    1.24403543    1.35904648    1.15639775    1.20879177    1.20424944    1.15593450    1.43147743    1.25540470    1.22612797    1.31522066    1.22324411    1.42742532    1.30910797    1.61973141    1.76594590    1.77469817    1.69994888    1.46603448    1.44122226    1.20792902    1.51316229    1.43399293    1.22498080    1.54780746    1.02332648    0.84477106    0.85842246    0.86412976    1.17859888    1.45362615    1.63651766    1.41881853    1.38569031    1.41929045    1.45380900    1.49688124    1.58245660    1.41804687    1.42505637    1.43135181    1.55392820    1.51259725    1.75148329    1.20028629    1.19465942
D8RWU2_SELML/677-726     1.04651795    1.13621942    0.97457112    0.90164306    0.87841576    1.02140260    0.31901609    0.37487511    0.00000000    1.26799623    1.29326367    1.33470176    1.05834693    1.35361140    1.29669293    1.29407729    1.12161385    1.30847096    1.35577387    1.17360793    1.29914478    1.26354070    1.30990229    0.95969036    0.86166643    1.40283874    1.43515627    1.30153956    1.34393298    1.13314822    1.25284660    0.99314988    1.15761518    1.20813540    1.31261864    1.45087707    1.30744502    2.00412441    2.10370372    2.29165142    1.68781522    2.05395798    2.12763476    2.46329776    2.92264546    2.57188988    2.54187405    2.97316093    2.63509260    3.14215798    2.78520068    3.36356234    2.65438800    2.71447178    2.61589264    3.04391222    2.75484692    2.10698168    1.68256691    1.74236734    2.26996168    1.82141597    1.65514453    2.12142516    2.40231155    1.80079004    1.82799027    2.37837362    2.21160677    2.29537429    1.95681559    1.82593994    2.05182342    2.12874445    1.92655252    2.30970568    1.99896743    2.22181681    1.90575735    1.90566856    2.25026470    2.07046539    2.06491975    2.22938418    2.19756860    1.07210719    1.07974629    1.29742332    1.11289386    1.05246136    1.24426520    1.06386250    1.48922649    1.72958915    1.49234441    1.76659228    1.51517453    1.57806870    1.56750642    1.37855094    1.46604092    1.56418764    1.35919366    1.43841357    1.32677785    1.33272302    1.26465433    1.18592679    1.27417863    1.22150867    1.20509653    1.57394701    1.18051825    1.13156530    1.21735990    1.12637592    1.41331428    1.42037808    1.50793276    1.65750171    1.85606861    1.75817016    1.41569530    1.38446430    1.55458973    1.71881721    1.48532307    1.46368682    1.64782760    1.23403605    1.06367705    1.07610234    1.04800519    1.27730719    1.89337942    1.61448794    1.67880724    1.64845098    1.77992953    1.60533172    1.90858523    1.89012514    1.51046426    1.76487762    1.67162253    1.92930947    1.74219618    2.15488203    1.30291445    1.36363699
A4IBN5_LEIIN/594-645     1.34189248    1.22849685    1.10721151    1.29216071    1.08860323    1.35942500    1.37803030    1.38500069    1.26799623    0.00000000    0.41130118    0.51722886    1.34899670    1.64965459    1.67342129    1.48144203    1.26668910    1.32440078    1.84363139    1.49477825    1.40517291    1.36948323    1.36124642    1.51120663    1.38474303    1.68101860    1.58536561    1.22719080    1.25066402    1.24172261    1.17625841    1.43500339    1.33232769    1.68000108    1.88852076    1.39339828    1.30731660    2.49963079    1.96320292    2.04224959    1.89062463    2.25725973    1.53391656    1.67178695    1.72032992    1.88417918    1.56705260    2.74642204    1.53119639    2.22489226    2.70212165    2.17476788    2.09326767    2.29614850    2.29298854    2.37958387    2.99150831    2.13941773    1.50420765    1.79045510    2.08016226    2.16400183    2.04228362    1.80865566    2.50059392    1.84271713    2.01894875    2.85803179    2.27829526    2.48135605    2.35843011    2.27999257    2.22132524    2.37504429    2.42387155    2.55795262    2.45304046    2.71326638    2.15244113    2.30235858    2.84907668    2.29446997    2.52633329    2.02156064    2.24546224    1.28636457    1.41130767    1.48377656    1.40306940    1.28939154    1.28626850    1.43747537    1.87332289    1.51016087    1.90737350    2.07350039    1.66662271    1.85024709    1.80309089    1.77122306    1.88866525    1.63058987    1.74505100    1.84447042    1.68813200    1.62373799    1.56074888    1.40460584    1.77128981    1.57383139    1.41424572    1.59494170    1.34932509    1.31704624    1.48419157    1.38335916    1.59338084    1.57317940    1.31561526    1.60983685    1.99278405    1.86653713    1.37685600    1.59205351    1.23754253    1.42790087    1.35146378    1.36798883    1.22458563    1.06162314    1.05973035    1.07174041    1.09191366    1.44470526    1.52607580    1.45656846    1.94156623    2.04939441    1.78847215    1.48208206    2.02707700    1.89848500    1.78448982    1.71840104    1.56650698    2.18023314    1.73699857    1.43378012    1.72872517    1.20785696
Q4CXH0_TRYCC/565-616     1.23928310    1.32983756    1.06616278    1.25266188    1.12353949    1.28147780    1.34647032    1.28565432    1.29326367    0.41130118    0.00000000    0.23561587    1.47127215    1.53497228    1.62689412    1.47642956    1.40813995    1.29319696    1.69639961    1.59003778    1.43844700    1.36243647    1.35265340    1.51309047    1.38701394    1.58168634    1.71780581    1.24798647    1.29270321    1.19860738    1.29634408    1.51834879    1.35418457    1.81914408    1.98549802    1.56960381    1.41498741    2.32873325    1.81239640    1.68400477    2.08888542    2.17924655    1.60349568    1.91571077    2.02159741    1.99832099    1.78254031    2.97331168    1.52522307    2.26062072    2.37914821    1.90946867    2.18321962    2.20796595    2.05728750    2.80022155    3.00638441    2.07474820    1.72426003    1.64905090    2.01432414    2.05365288    1.93285730    1.64796529    2.22324377    1.54730267    1.80645545    2.52129640    2.04062693    2.21821195    2.22486096    2.08713685    2.04806012    2.21700879    2.28127971    2.49931009    2.34662117    2.37256686    1.92873825    2.26762463    2.55091063    1.99349415    2.40371056    1.84637337    1.97682750    1.13007655    1.36034838    1.28032523    1.21001499    1.09930490    1.17141983    1.28801895    1.66813964    1.57992447    1.77857922    1.69771684    1.45848576    1.68966675    1.77160865    1.68660466    1.71069796    1.56761477    1.71134639    1.62783111    1.57174461    1.52152135    1.51252233    1.32263710    1.55965731    1.33872115    1.24487520    1.56354629    1.21151324    1.29874324    1.35477621    1.34031828    1.59738307    1.48605918    1.36427525    1.48421562    1.80758438    1.75323688    1.39860694    1.46877400    1.26428772    1.24795348    1.07675104    1.19265031    1.01211205    0.96601768    0.98989241    0.86783822    0.92318772    1.43943965    1.72546050    1.44541689    1.90966141    1.98363363    1.86385972    1.57168863    2.03729403    1.96369950    1.79148416    1.76992732    1.69116788    2.22877854    1.62397334    1.58181766    1.46817286    1.06635464
Q38DK1_TRYB2/525-576     1.43405412    1.30147077    1.16828495    1.32555608    1.24547996    1.13284840    1.31983231    1.36787071    1.33470176    0.51722886    0.23561587    0.00000000    1.52020136    1.72011170    1.84075491    1.65084531    1.45598112    1.33551220    1.76150588    1.65816031    1.48452338    1.40107372    1.41739665    1.58245963    1.45591763    1.64877545    1.75974094    1.28093358    1.35704236    1.28437766    1.25666634    1.54869426    1.36422884    1.95950824    1.98020891    1.63492925    1.59208972    2.68205740    2.02110001    1.76324461    2.19104975    2.19191125    1.71784656    2.02014956    2.09706667    2.13020043    1.99652329    3.39083642    1.57752451    2.26469456    2.57483942    2.13974018    2.19973419    2.15326461    2.36414099    2.73658805    3.41417608    2.29535927    1.78720320    1.74523534    1.94032505    2.25622436    2.11650255    1.75323087    2.34765265    1.65170802    1.77195884    2.76175985    2.01326971    2.17994199    2.38011161    2.24326322    2.17831698    2.22688736    2.44878565    2.67068037    2.62818229    2.45084755    2.07258292    2.44743729    2.85217410    2.21050542    2.57333843    1.81510303    1.93052485    1.13828528    1.36291544    1.41273239    1.35524002    1.28887300    1.27045032    1.35870128    1.81997917    1.67471582    1.91962464    1.70801417    1.65825881    1.82438593    1.92324779    1.84572583    1.90871051    1.73275525    1.76641896    1.81133477    1.69084059    1.61135703    1.57738405    1.45999088    1.55273297    1.42539984    1.38325586    1.74288967    1.36775787    1.36340095    1.42352704    1.38309046    1.62823603    1.53214292    1.57145702    1.59508239    1.74494507    1.71071473    1.57674816    1.61538606    1.33955410    1.53119261    1.23387337    1.28365779    1.10657970    1.06534996    1.06732903    0.99413918    1.07575204    1.54107609    1.85687249    1.52590277    1.94427638    2.06626903    2.08422283    1.45533315    2.20882697    2.18594259    1.94219162    1.89833667    1.81737144    2.46958417    1.71117748    1.74044432    1.60972322    1.17929295
K1QQ52_CRAGI/350-400     1.29110383    1.06132529    0.86536901    0.67005490    0.74052891    1.35608614    0.95591999    0.98331013    1.05834693    1.34899670    1.47127215    1.52020136    0.00000000    0.67942712    0.70933571    0.88758811    0.39783573    0.45610866    0.53104957    0.57893205    0.44044377    0.60486332    0.54619312    0.35474150    0.43174603    0.69026657    0.61189307    0.53066635    0.73491208    0.60355735    0.57744195    0.96390939    1.33395728    0.97766430    1.17596862    1.30623627    1.52102792    1.95917479    1.49104211    1.68950839    1.56003187    1.55799519    1.44962186    2.03738982    1.82704458    1.94846577    1.81463374    2.84254020    2.25230400    2.30738619    2.10125872    2.03990353    2.34277852    1.83099303    2.72983044    2.81399872    2.33223795    2.21176363    0.98803296    1.16993322    1.61585269    1.70188381    1.57864592    1.55160970    2.17836964    2.00730640    1.99875628    2.12936888    1.72230223    1.77109609    1.61835536    1.50352541    1.61737274    1.69991393    1.62468900    1.87974575    1.73419973    2.02047188    1.57007290    1.57493026    2.02100337    1.75325489    1.79828657    1.75927581    1.72032749    1.30832018    1.23194187    1.17671108    1.16431630    1.05225214    1.24919701    1.10504126    1.16859485    1.43068300    1.27950158    1.41965705    1.09427548    1.17438871    1.27166082    1.03003362    1.08525076    1.06891746    1.11198558    1.14273301    1.23312689    1.09433304    1.19952557    1.22903259    1.49513271    1.29420052    1.14019677    1.25110501    1.21334090    1.28696405    1.29336565    1.48076291    1.43622382    1.37787741    1.32266723    1.47230358    1.69887634    1.63006021    1.62624048    1.62589610    1.56669479    1.64839560    1.45524954    1.46965917    1.38670495    1.41783195    1.38676905    1.19023322    1.35230151    1.49384857    1.86955784    1.93129515    1.93559356    2.08405482    1.97575606    1.75425603    2.17385155    2.07962682    1.72592823    1.91248082    1.93564205    2.02920152    2.21448681    1.68358985    1.54914437    1.35978792
B0X8B2_CULQU/795-845     1.11478644    1.00647632    0.96762026    0.77651250    0.98193743    1.08455941    1.16232191    1.14152868    1.35361140    1.64965459    1.53497228    1.72011170    0.67942712    0.00000000    0.31150838    0.47046118    0.83233454    0.66260714    0.63958642    0.82291013    0.70300219    0.71029772    0.72543647    0.54016080    0.73984107    0.77926921    0.80200748    0.77440500    0.96997728    0.89987607    0.86390667    0.96624795    1.37718392    1.03524246    1.19288752    1.44647920    1.80616938    2.14769180    1.48100966    1.51200870    1.82427107    2.00251613    1.85183203    2.19470997    2.01831292    2.17510160    2.03014172    2.75761676    1.99523276    2.30754935    1.85468719    1.99391275    1.86045809    2.06970043    3.08343685    2.30435905    1.93895717    1.90882448    1.18741620    1.27712419    1.63807400    1.67497111    1.38366313    1.52837566    2.11402244    1.92186432    1.95850847    2.13607128    1.87841273    1.86437314    1.73503622    1.59488494    1.51182531    1.63788911    1.62972578    2.13519072    1.83804257    1.87647412    1.63018047    1.73975761    2.07002355    1.65427617    2.00221539    1.82043234    1.89285071    1.40445059    1.43883716    1.23308076    1.00877223    0.99641349    1.17645911    1.05726949    1.33203863    1.35074709    1.11630654    1.21399890    1.01964872    1.11558969    1.25539581    1.41863440    1.31182023    1.25100265    1.43931693    1.21879956    1.32272504    1.17141677    1.24362994    1.31718602    1.50266459    1.22334269    1.25658104    1.25588707    1.17751253    1.31805467    1.20588266    1.49819106    1.36376295    1.13222012    1.28960891    1.52091770    1.71315766    1.47749550    1.57971819    1.50264055    1.24009769    1.60350705    1.26345530    1.33376324    1.33923604    1.32674099    1.27259331    1.03742310    1.20237299    1.49092716    1.59367480    1.93615798    1.95215324    2.13695440    1.89359637    1.80110060    1.92391626    1.82319179    1.68839894    1.73866808    1.82046932    1.99944875    1.92453267    1.45840039    1.26547363    1.18035694
A0NHD2_ANOGA/835-885     1.38906855    1.15123350    1.07330812    0.74761735    1.02585997    1.10518155    1.17797460    1.28540167    1.29669293    1.67342129    1.62689412    1.84075491    0.70933571    0.31150838    0.00000000    0.23862322    0.78126104    0.60275668    0.72968999    0.79663272    0.76464909    0.66967596    0.79151332    0.70647740    0.78480729    0.95824316    0.89478771    1.05648984    1.05383987    0.89632377    1.02313779    1.15099620    1.59800476    1.16983466    1.41979532    1.87118440    2.14458637    2.24638399    1.83291658    1.83177603    1.76507663    1.95379829    2.14827434    2.23369493    2.08788784    2.22111724    1.92538792    3.31778100    1.89585349    2.50991300    2.07741312    2.18527568    2.20448057    2.27876168    3.59131956    2.57597202    2.21656739    2.15151820    1.13830080    1.22368624    1.53644280    1.68980343    1.44737308    1.69781092    2.27613294    2.14921442    2.04472766    2.14313030    1.95816774    1.80679299    1.94635705    1.66916284    1.80789837    1.75878907    1.75003310    1.95339948    1.68173730    1.86669069    1.93542157    1.57642662    2.00601175    1.94114217    2.11427395    1.82897284    1.99106759    1.55362986    1.58438574    1.18005843    0.91605670    0.96328584    1.07760283    1.00110254    1.27599512    1.39067480    1.12462820    1.34405481    1.07858291    1.35503069    1.28883079    1.44851908    1.32888826    1.23707779    1.40917281    1.41129566    1.30628959    1.20303793    1.33144017    1.30070841    1.48214015    1.20994446    1.24060385    1.24704179    1.11413941    1.29316126    1.28430884    1.59669125    1.61727444    1.32448481    1.55385499    1.53116160    1.73217862    1.55012338    1.61343651    1.60111610    1.41565388    1.88429201    1.38593507    1.52454232    1.74055138    1.50892469    1.44847821    1.21633318    1.41661653    1.48848278    1.73061591    1.97911611    2.14600305    2.11340091    2.10849577    2.08542402    2.05140517    1.93516399    1.84657080    1.95312099    1.87874734    2.20724482    2.18100084    1.44777031    1.49312744    1.38041838
W5J7K4_ANODA/817-867     1.26308213    1.15423301    1.00707901    0.95172053    1.00016369    1.07076503    1.29039261    1.31991067    1.29407729    1.48144203    1.47642956    1.65084531    0.88758811    0.47046118    0.23862322    0.00000000    0.91527048    0.82229505    0.87040348    0.92408000    1.00442052    0.91687920    0.97806016    0.83630382    0.94780040    1.13724255    0.94095651    1.12282163    1.05439397    0.95601523    1.15414885    1.05722233    1.42524203    1.36406919    1.53612453    1.59340350    1.80298533    2.16723603    2.06779587    2.19413504    1.87104348    2.04189211    1.85605981    2.04575605    1.83391583    2.01484423    1.79819927    3.28128579    1.63948273    2.15719342    1.90974224    1.98855728    2.15976773    1.77986851    3.34548487    2.44754055    1.89100380    1.91049656    1.22739936    1.09502000    1.52910492    1.53510368    1.28992603    1.51561062    1.97061585    1.62070455    1.69499301    1.99846691    1.91282829    1.71914917    1.85546780    1.70205647    1.78723336    1.67411103    1.71122911    1.84787800    1.56442097    1.76783956    1.68563960    1.54341126    1.94605803    1.69310640    1.88527849    1.69356821    1.93846805    1.58522297    1.61012892    1.22691247    0.87664850    0.96803802    1.12069620    1.04022238    1.30871753    1.28838934    1.13957230    1.35800657    1.09895099    1.30231467    1.30511945    1.45516579    1.34148563    1.22429705    1.45206912    1.42304391    1.32632969    1.19066753    1.26316896    1.29617057    1.58067941    1.23830604    1.29830276    1.22081622    1.21374243    1.19060345    1.25525889    1.61474065    1.66427942    1.38413807    1.67410083    1.52261880    1.62650248    1.44510799    1.57195092    1.54248816    1.36538682    1.62132630    1.31451984    1.48473542    1.53086955    1.46900681    1.41274524    1.18901085    1.38025772    1.61981750    1.58103680    1.72058582    2.11536297    1.98985599    2.05285405    2.00223165    1.98716563    1.85553191    1.95056397    1.88331396    1.81581763    2.12149784    2.09479072    1.58348472    1.49596952    1.39763675
T1GM76_MEGSC/89-139     1.14221069    0.91160386    0.86116521    0.65974570    0.69593553    1.16750653    1.05809626    0.98945522    1.12161385    1.26668910    1.40813995    1.45598112    0.39783573    0.83233454    0.78126104    0.91527048    0.00000000    0.31807787    0.40060921    0.37374805    0.49580915    0.44476173    0.43620312    0.40735392    0.51881254    0.80937089    0.67449688    0.73399593    0.94778077    0.68650570    0.73179521    0.82161729    1.37081339    1.15544515    1.31791510    1.53330832    1.82800374    2.35642673    1.66761832    1.80820610    1.85454095    1.79589480    1.99044612    2.57985244    2.33042883    2.37733750    2.10960376    3.00723731    2.39569896    3.16730706    2.04011478    2.34413281    2.52672641    2.53665636    3.03044607    2.69844168    2.47504201    2.27932914    0.98859913    1.30048864    1.46037203    1.71485146    1.47724860    1.82212919    2.41446840    2.35395983    2.34623761    2.01078574    1.80602962    2.03989923    1.94788082    1.67495993    1.78036971    1.84331484    1.66230166    2.17344342    1.93421827    2.34095115    1.71919597    1.72960575    2.24992879    1.94103438    2.07772570    2.01454842    2.11962002    1.07514034    1.01653501    0.99681594    1.03910128    0.92940308    0.98577674    0.98907573    1.17093009    1.28908427    1.19804113    1.35090555    1.22882335    1.24233217    1.25983293    1.19944263    1.23281993    1.20668169    1.19679815    1.27300255    1.13555335    1.08185127    1.21694350    1.14465101    1.26866225    1.13090981    0.99014740    1.10047677    1.12652939    1.04903948    1.10666803    1.32393578    1.26782467    1.21189511    1.07036055    1.26965823    1.66347258    1.48486229    1.36044124    1.51209941    1.16304704    1.60422974    1.22541661    1.17574415    1.27423569    1.26522371    1.32332659    1.11176055    1.29432211    1.27463190    1.60326201    1.66236435    1.66966026    1.81629273    1.72445876    1.55169946    1.93711002    1.89032914    1.62367984    1.75533273    1.68697009    1.88933066    2.02129589    1.59265529    1.52991594    1.41351233
Q17E91_AEDAE/816-866     1.24516947    1.14266794    1.08210537    0.79020978    0.84760906    1.15479280    1.19141596    1.12199653    1.30847096    1.32440078    1.29319696    1.33551220    0.45610866    0.66260714    0.60275668    0.82229505    0.31807787    0.00000000    0.26492994    0.34906807    0.46338217    0.33815008    0.35906166    0.46814648    0.51733276    0.60224625    0.49530421    0.63429202    0.89724267    0.70980268    0.73151069    0.96557871    1.52012700    1.32522822    1.35533724    1.75037759    2.08048900    2.00922269    1.72831394    1.81238260    1.61516562    1.47677674    2.10540375    2.30844704    2.38578238    2.52677118    2.31411077    3.04529681    2.33812962    3.02711708    2.25972475    2.22602052    2.44040032    2.51134941    3.16219752    3.01809710    2.60670214    2.11901408    1.09195777    1.22605629    1.49501028    1.69785298    1.57431069    1.77649541    2.48731282    2.44185716    2.25732038    2.02053683    1.73244505    1.91004566    1.77334142    1.58044023    1.67057238    1.78660040    1.60732513    2.07877939    1.84041746    2.21310865    1.83652203    1.67178642    2.17812921    2.05726483    2.17406019    1.94182299    2.07785653    1.30532933    1.32062667    1.18408623    1.07337319    1.04375835    1.18915320    1.01868318    1.26087369    1.44822182    1.22062254    1.33431546    1.19038430    1.28820713    1.35918545    1.24603853    1.27243114    1.24368451    1.31807112    1.33391805    1.23691788    1.19922786    1.27289220    1.26944485    1.46944486    1.26814219    1.12803922    1.34357169    1.19766920    1.22610127    1.29198018    1.34594538    1.34736554    1.24029464    1.27397337    1.27938411    1.67486467    1.53927150    1.59748337    1.67149193    1.29091209    1.62838652    1.36900845    1.36626065    1.31565205    1.28264293    1.37297751    1.10687962    1.32696720    1.39625390    1.74930966    1.88283397    1.90496895    2.04036425    1.87609987    1.61192513    2.13305109    2.08015286    1.83841914    1.90095338    1.81135004    2.08104537    2.15863635    1.54331855    1.42287845    1.37255838
