16
A0A0R3QNV3_9BILA/21-55     0.00000000    1.33703131    1.34792366    1.55320018    1.19149670    1.20761460    1.63235838    1.34933698    1.23318640    0.87484773    1.57813401    1.18020565    1.06081384    1.33636052    1.46160227    1.19698348
K7GZX9_CAEJA/60-96     1.33703131    0.00000000    0.25615569    1.07949258    1.09311326    1.28034141    1.03511523    0.94736782    1.14666821    0.87963209    1.62247356    1.26392560    1.42404929    1.77284069    1.84757793    1.79548030
A8WP55_CAEBR/60-96     1.34792366    0.25615569    0.00000000    1.08925094    1.02656637    1.43111222    1.21967498    1.15701913    1.11568404    0.86156160    1.57110034    1.18519761    1.30533681    1.75926833    1.78821221    1.41068889
H3F209_PRIPA/49-83     1.55320018    1.07949258    1.08925094    0.00000000    1.02487095    1.76125975    1.49937338    1.25269848    1.01568774    1.04817339    1.73056885    1.75928480    1.31314158    1.33247517    1.36500454    1.35335990
E3N470_CAERE/57-93     1.19149670    1.09311326    1.02656637    1.02487095    0.00000000    1.56728597    1.50434301    1.48185064    1.04272022    0.90538701    1.34819525    1.51022674    1.05635672    1.70931597    1.54987610    1.24494499
C7IVS3_CAEEL/39-75     1.20761460    1.28034141    1.43111222    1.76125975    1.56728597    0.00000000    0.70642570    0.68065881    1.32497288    0.99695890    1.29082479    1.23137331    1.24584120    1.78096982    1.94970204    2.06685020
E3NCU3_CAERE/61-97     1.63235838    1.03511523    1.21967498    1.49937338    1.50434301    0.70642570    0.00000000    0.39988650    0.90926046    0.83736290    1.43932189    1.49898114    1.10440818    1.78229783    2.05520948    1.77879070
A8XHC5_CAEBR/60-95     1.34933698    0.94736782    1.15701913    1.25269848    1.48185064    0.68065881    0.39988650    0.00000000    0.70851566    0.72428824    1.43881294    1.11752275    1.13816378    1.46369639    1.69579924    1.73266765
SUP1_CAEEL/49-85     1.23318640    1.14666821    1.11568404    1.01568774    1.04272022    1.32497288    0.90926046    0.70851566    0.00000000    0.36902651    1.09797653    1.19043392    1.08586068    1.45910014    1.47044868    1.35701393
A0A1I7W5D4_LOALO/47-83     0.87484773    0.87963209    0.86156160    1.04817339    0.90538701    0.99695890    0.83736290    0.72428824    0.36902651    0.00000000    1.05229671    0.94126044    0.87716744    0.95321261    0.99277387    1.03026355
E3MI81_CAERE/40-76     1.57813401    1.62247356    1.57110034    1.73056885    1.34819525    1.29082479    1.43932189    1.43881294    1.09797653    1.05229671    0.00000000    1.19066411    1.47203356    1.63876131    2.09812827    1.42728050
B6IM35_CAEBR/43-79     1.18020565    1.26392560    1.18519761    1.75928480    1.51022674    1.23137331    1.49898114    1.11752275    1.19043392    0.94126044    1.19066411    0.00000000    1.44555506    1.47597043    1.49748220    1.43605352
A0A2H2IVX9_CAEJA/21-57     1.06081384    1.42404929    1.30533681    1.31314158    1.05635672    1.24584120    1.10440818    1.13816378    1.08586068    0.87716744    1.47203356    1.44555506    0.00000000    1.47749892    1.41572367    1.07548923
Q27GU6_CAEEL/84-120     1.33636052    1.77284069    1.75926833    1.33247517    1.70931597    1.78096982    1.78229783    1.46369639    1.45910014    0.95321261    1.63876131    1.47597043    1.47749892    0.00000000    0.24561397    1.40249751
G0MZM1_CAEBE/69-105     1.46160227    1.84757793    1.78821221    1.36500454    1.54987610    1.94970204    2.05520948    1.69579924    1.47044868    0.99277387    2.09812827    1.49748220    1.41572367    0.24561397    0.00000000    1.32802413
A0A1I7VF51_LOALO/71-105     1.19698348    1.79548030    1.41068889    1.35335990    1.24494499    2.06685020    1.77879070    1.73266765    1.35701393    1.03026355    1.42728050    1.43605352    1.07548923    1.40249751    1.32802413    0.00000000

