22
Q2G318_NOVAD/11-109     0.00000000    1.31252395    1.61690478    1.40034716    1.40055247    1.26371386    1.42097578    1.19987978    1.29804981    1.08360349    1.07776807    1.06184033    1.00425540    1.22673735    1.00199187    1.05061249    0.93575853    1.17650884    1.15299568    1.21795463    1.37312253    1.07179926
B0URP3_HISS2/3-101     1.31252395    0.00000000    0.53602083    0.64825743    0.65315220    0.66915369    0.45799562    1.55339600    1.19809641    1.08287723    1.18298253    1.34850329    0.87711246    1.13944202    1.14684783    1.28613379    1.17552889    1.28172619    1.55504630    1.46798237    1.51690924    1.23286304
Q9CKM3_PASMU/3-99     1.61690478    0.53602083    0.00000000    0.64333966    0.56648669    0.81517503    0.56015398    1.26571477    1.13918361    1.17845902    1.36431628    1.32350796    0.98520024    1.23733859    1.20463106    1.17016978    1.26614325    1.43170777    1.58688407    1.55850833    1.57286321    1.30680801
M4R6K5_BIBTR/3-102     1.40034716    0.64825743    0.64333966    0.00000000    0.38536358    0.47878662    0.69197686    1.60103339    1.43599935    1.20431713    1.35537054    1.07724719    1.01137541    1.22152525    1.20139513    1.28266176    1.18006876    1.27527703    1.53270563    1.60088140    1.71387753    1.44906006
B8F6J1_HAEPS/3-102     1.40055247    0.65315220    0.56648669    0.38536358    0.00000000    0.47058917    0.77054061    1.40176979    1.41797445    1.24547841    1.43920251    1.42756036    1.03279809    1.28739954    1.18845787    1.19570435    1.23609901    1.38261433    1.45570422    1.41862675    1.65696564    1.44582024
Q5F9N9_NEIG1/3-102     1.26371386    0.66915369    0.81517503    0.47878662    0.47058917    0.00000000    0.65615498    1.29578797    1.21867573    1.20041026    1.24980300    1.21428403    1.02879548    1.17249405    0.97603795    1.15417941    1.07933943    1.23439090    1.48354365    1.37679270    1.56023926    1.47172193
A6VLH9_ACTSZ/3-101     1.42097578    0.45799562    0.56015398    0.69197686    0.77054061    0.65615498    0.00000000    1.29289254    1.13229888    1.04648366    1.22345757    1.24943523    0.97039326    1.05820017    0.98156766    1.03835144    1.12923955    1.16402816    1.36063483    1.46952970    1.54621520    1.39041307
Q3SLL1_THIDA/3-100     1.19987978    1.55339600    1.26571477    1.60103339    1.40176979    1.29578797    1.29289254    0.00000000    0.92904505    0.72826589    1.10937494    1.12334616    0.95570465    0.86431960    0.79251524    0.87900412    0.87954751    1.01473291    0.89793956    1.03661673    1.49718708    1.46685845
Q7NRZ3_CHRVO/4-102     1.29804981    1.19809641    1.13918361    1.43599935    1.41797445    1.21867573    1.13229888    0.92904505    0.00000000    0.43478241    1.04010471    1.18950753    0.92031406    0.88203155    1.06218130    1.08488871    1.06548694    0.97670203    1.05581688    1.00449563    1.74779853    1.30480573
G2IY43_PSEUL/7-100     1.08360349    1.08287723    1.17845902    1.20431713    1.24547841    1.20041026    1.04648366    0.72826589    0.43478241    0.00000000    0.88336849    1.00706846    0.80352724    0.74364837    0.77397170    0.89856257    0.91816021    0.94516119    0.90992664    0.87806461    1.23002446    1.17709960
A1TPI5_ACIAC/3-102     1.07776807    1.18298253    1.36431628    1.35537054    1.43920251    1.24980300    1.22345757    1.10937494    1.04010471    0.88336849    0.00000000    0.40270894    0.66669452    0.50417289    0.61230415    0.67830025    0.75159815    0.92496016    1.13863060    0.98256993    1.18087681    0.94062157
A9BZ25_DELAS/7-106     1.06184033    1.34850329    1.32350796    1.07724719    1.42756036    1.21428403    1.24943523    1.12334616    1.18950753    1.00706846    0.40270894    0.00000000    0.59644309    0.53985231    0.58990949    0.72101698    0.70872149    0.90028455    1.11704973    1.02161151    1.41724354    1.08698179
A1W7P6_ACISJ/3-101     1.00425540    0.87711246    0.98520024    1.01137541    1.03279809    1.02879548    0.97039326    0.95570465    0.92031406    0.80352724    0.66669452    0.59644309    0.00000000    0.45673011    0.60942261    0.72447837    0.70472298    0.90556790    1.07509367    0.99917418    1.30493676    0.80165302
B1Y552_LEPCP/3-101     1.22673735    1.13944202    1.23733859    1.22152525    1.28739954    1.17249405    1.05820017    0.86431960    0.88203155    0.74364837    0.50417289    0.53985231    0.45673011    0.00000000    0.46729552    0.60497442    0.70731062    0.86086460    0.97479303    0.88981896    1.28203679    0.91205935
C4KCQ7_THASP/3-101     1.00199187    1.14684783    1.20463106    1.20139513    1.18845787    0.97603795    0.98156766    0.79251524    1.06218130    0.77397170    0.61230415    0.58990949    0.60942261    0.46729552    0.00000000    0.36768501    0.33043940    0.85017225    0.86261838    0.87937192    1.02810351    0.95257504
G8QJY0_AZOOP/3-101     1.05061249    1.28613379    1.17016978    1.28266176    1.19570435    1.15417941    1.03835144    0.87900412    1.08488871    0.89856257    0.67830025    0.72101698    0.72447837    0.60497442    0.36768501    0.00000000    0.29585081    0.84938206    0.92696015    0.87195593    1.27953901    1.03904831
C7RRY5_ACCPU/8-106     0.93575853    1.17552889    1.26614325    1.18006876    1.23609901    1.07933943    1.12923955    0.87954751    1.06548694    0.91816021    0.75159815    0.70872149    0.70472298    0.70731062    0.33043940    0.29585081    0.00000000    0.83957668    0.82389752    0.83020506    1.19875102    0.80896839
C6X965_METGS/4-102     1.17650884    1.28172619    1.43170777    1.27527703    1.38261433    1.23439090    1.16402816    1.01473291    0.97670203    0.94516119    0.92496016    0.90028455    0.90556790    0.86086460    0.85017225    0.84938206    0.83957668    0.00000000    0.61629774    0.54076309    1.15408958    0.96710435
D7DM98_METV0/4-102     1.15299568    1.55504630    1.58688407    1.53270563    1.45570422    1.48354365    1.36063483    0.89793956    1.05581688    0.90992664    1.13863060    1.11704973    1.07509367    0.97479303    0.86261838    0.92696015    0.82389752    0.61629774    0.00000000    0.62066997    1.07846373    1.00831510
Q1H4D4_METFK/4-102     1.21795463    1.46798237    1.55850833    1.60088140    1.41862675    1.37679270    1.46952970    1.03661673    1.00449563    0.87806461    0.98256993    1.02161151    0.99917418    0.88981896    0.87937192    0.87195593    0.83020506    0.54076309    0.62066997    0.00000000    1.11421747    0.99254515
L0DT55_THIND/4-96     1.37312253    1.51690924    1.57286321    1.71387753    1.65696564    1.56023926    1.54621520    1.49718708    1.74779853    1.23002446    1.18087681    1.41724354    1.30493676    1.28203679    1.02810351    1.27953901    1.19875102    1.15408958    1.07846373    1.11421747    0.00000000    0.93011950
B8GLY4_THISH/4-102     1.07179926    1.23286304    1.30680801    1.44906006    1.44582024    1.47172193    1.39041307    1.46685845    1.30480573    1.17709960    0.94062157    1.08698179    0.80165302    0.91205935    0.95257504    1.03904831    0.80896839    0.96710435    1.00831510    0.99254515    0.93011950    0.00000000

