61
WHIA_CALS4/19-107     0.00000000    1.19299950    1.06736915    1.33728207    1.44420926    1.28871279    1.28382984    2.41689268    1.80280861    1.42924628    2.36863361    2.32958508    2.43606326    2.12151787    1.23667665    0.90457746    1.18223238    0.98247321    1.23718697    1.19581431    1.37814985    1.52585951    1.34840402    1.41795498    1.99327935    3.04650225    2.40712048    2.43189945    2.02244025    2.11921579    2.84518438    3.63016784    2.94001615    2.28863945    2.48134926    2.26458446    2.46799202    2.44262990    2.53913197    2.36065328    2.06861140    2.46479207    2.44583155    1.15112772    1.17510925    1.19151909    1.06819770    1.22657045    1.16743783    1.36763300    1.26003203    1.26372599    1.27382133    1.24989196    1.28922268    1.21366404    1.21731856    1.09890837    1.03976611    3.26494087    1.21665581
WHIA_LACLA/11-98     1.19299950    0.00000000    0.72865486    0.73923694    0.81588865    0.91574787    0.69482114    1.84368502    1.97033987    2.34178496    1.96949608    2.07131000    2.24710044    2.11240140    1.27132466    1.31432047    1.22345615    1.54349849    1.48884912    1.34138876    1.39057242    1.65313143    1.32242099    1.81688104    2.02967932    3.13900772    2.08308001    2.43040556    2.22885191    2.38869422    2.95680320    2.66787860    2.47332160    2.36371733    2.36172352    2.37198262    2.55186435    2.49234205    2.56634853    2.38365056    2.66982272    2.30636509    2.52167170    1.01409217    1.13094371    1.18024413    1.10177522    1.03708980    1.11797847    1.55190338    1.47591953    0.97122985    1.05590154    1.11305390    1.08952874    1.02478887    1.21896119    1.15018611    1.18293799    2.71076685    0.99983557
WHIA_STRT2/17-99     1.06736915    0.72865486    0.00000000    0.48806643    0.56336822    0.45475974    0.46211070    2.08134192    1.91510088    2.31645702    1.96885830    1.91610332    2.75908068    2.10638858    1.50995267    1.41561792    1.20894774    1.22631766    1.49673886    1.20847983    1.46904546    1.61729773    1.48124177    1.90631442    1.76896869    2.18935508    2.04328723    2.12680757    2.13681564    2.18042245    2.74353878    3.11864087    2.65010568    2.68131333    2.33256153    2.51736927    2.83619331    2.53779183    2.65700988    2.50625182    2.47767515    2.67917774    2.71001981    0.97902531    1.09441744    0.90341881    0.87673573    1.15170385    1.05824298    1.12962990    1.18470914    1.00862506    1.05690974    0.99129721    1.15106420    1.12775054    1.00306283    0.89087900    1.12612205    2.80537630    0.98962529
WHIA_STRSY/16-99     1.33728207    0.73923694    0.48806643    0.00000000    0.40776988    0.45994501    0.42539171    1.79485553    1.86936887    2.47819997    1.79021294    1.73982880    2.38965036    1.82714448    1.31850606    1.47760518    1.21236118    1.23733456    1.47738564    1.20639273    1.53714327    2.08490887    1.46537936    1.69661106    1.80977830    2.33931082    1.90075700    2.10432615    2.41921214    2.30881444    2.70330954    3.08142553    2.55622166    2.27814011    2.23471942    2.35249083    2.59420541    2.49699294    2.25120626    2.31286498    2.41301281    2.46206577    2.49613919    1.01960130    1.18475114    1.01496277    1.11038512    1.11551283    1.12781085    1.42730121    1.30878891    0.95601299    0.92709176    0.96473259    1.15679128    1.06325168    0.99269582    1.01084928    1.13239115    2.49079311    1.18230989
WHIA_STRR6/19-99     1.44420926    0.81588865    0.56336822    0.40776988    0.00000000    0.55359939    0.55627200    2.19502679    2.27758025    2.77491598    2.23282255    2.11521554    2.74867290    2.05749022    1.49028114    1.67141621    1.43638993    1.39715658    1.56858905    1.34614786    1.86178886    1.88036032    1.69047703    1.85772526    1.95303272    2.65622593    2.36945362    2.67404851    2.55685692    2.52803154    3.05043208    3.58219155    2.68567150    2.49778442    2.45277515    2.56195321    2.68805598    2.53252657    2.54510000    2.46221321    2.53038894    2.64929518    2.51389819    1.14323710    1.47424642    1.22805278    1.28138675    1.27896313    1.27225395    1.69758810    1.55137633    1.23458940    1.29355671    1.17162143    1.43847717    1.21789899    1.32441913    1.25886764    1.31556695    2.93930722    1.16986287
WHIA_STRMU/15-100     1.28871279    0.91574787    0.45475974    0.45994501    0.55359939    0.00000000    0.31947536    1.98986680    2.25992508    2.31813888    1.84436228    1.92751044    2.69668875    1.54538458    1.31598680    1.54805989    1.22588355    1.35158412    1.52644558    1.20124464    1.45613938    1.77664548    1.54456410    1.83019117    1.82388519    2.50621994    2.18145761    2.22052018    2.36759109    2.16362943    2.60375732    3.42502660    2.77487523    2.46782183    2.41046335    2.67470527    2.65324330    2.66612877    2.64167152    2.39588665    2.64370395    2.48725393    2.62637652    0.95620234    1.11349078    0.94509881    1.00998712    1.22634013    1.20846460    1.24292213    1.16430426    1.13987283    1.13699402    1.20380333    1.21309158    1.04947182    1.20385583    1.05880860    1.25428386    2.77288464    1.23256558
WHIA_STRA5/16-99     1.28382984    0.69482114    0.46211070    0.42539171    0.55627200    0.31947536    0.00000000    1.90963712    1.95890730    2.33731758    1.71935241    1.99106617    2.62183938    1.85913829    1.36731322    1.48312552    1.16278684    1.24640552    1.41488946    1.19120547    1.44972871    1.69543174    1.42359924    1.73366436    1.75250286    2.31774955    2.37615331    2.46298197    2.44785845    2.44761865    2.84092795    3.23125514    2.65396432    2.48373261    2.49776374    2.53333302    2.65707216    2.49054164    2.66133473    2.20561016    2.50590005    2.41870566    2.32470374    0.98722013    1.01812001    0.91020261    0.96894732    1.25442962    1.11676013    1.24805792    1.21567230    1.01579519    1.09944408    1.05670778    1.06214936    1.06745121    1.01322549    0.85067497    1.21122766    2.91452296    1.09289975
Q6F251_MESFL/18-103     2.41689268    1.84368502    2.08134192    1.79485553    2.19502679    1.98986680    1.90963712    0.00000000    0.75461808    2.66639076    2.32349689    2.63892410    2.53523639    2.27833288    2.13853848    1.89721566    1.71999050    1.88768609    1.91785221    1.69983772    1.57733639    2.42635340    1.94894619    2.40715140    2.60397664    3.39269490    2.69724402    2.77079096    3.64916088    3.50575280    3.89545696    4.42924988    3.31703863    3.24128275    3.44922530    3.51858089    3.56540837    3.33256140    3.34979543    3.12694602    3.41906585    3.28334270    3.20243529    1.66975247    1.80040766    1.67369947    1.93617735    1.83198330    1.93182866    1.85085960    1.92082854    1.88427257    2.10149140    2.10604887    2.31107811    2.16009807    2.04978971    2.00680167    1.97432610    3.55764941    2.15431265
Q6MS46_MYCMS/19-102     1.80280861    1.97033987    1.91510088    1.86936887    2.27758025    2.25992508    1.95890730    0.75461808    0.00000000    2.39413065    2.87947644    3.27035621    3.03695674    2.23587832    1.90625861    1.73195375    1.91728804    1.66323620    1.72508815    1.78821079    1.66063526    2.40855084    2.06002196    2.65492878    2.99029262    2.77553193    2.17688404    2.34204851    2.93719388    2.70942728    3.52049770    3.28363288    2.83954502    3.02922274    2.97275477    3.08519763    3.24046825    2.81668950    2.85018120    2.78127856    2.84615610    2.92744163    2.77501604    1.93254279    2.10599753    1.96012036    1.98853463    2.01874180    1.91318848    2.26640919    2.17529733    1.93911888    2.07929317    2.09347206    2.08894174    1.98504526    1.80876976    1.81766084    1.92770960    3.09561881    2.21925058
WHIA_LACP7/19-107     1.42924628    2.34178496    2.31645702    2.47819997    2.77491598    2.31813888    2.33731758    2.66639076    2.39413065    0.00000000    1.84645632    2.62830950    2.39099267    2.53475653    1.81202092    1.46261832    1.62089519    1.79974202    1.84571769    1.75118694    1.72124694    2.29724605    2.25353861    2.07222512    2.58696527    2.70770969    2.59453908    2.78513402    2.79004967    3.74595474    3.12411267    4.74125221    3.75524939    3.26260668    3.20579361    3.07878704    2.77131761    2.69552074    2.89382320    2.94388433    2.91665587    2.90764890    2.71932300    1.80147362    1.71076505    1.88030200    1.85076692    1.66305642    1.76369959    1.94079420    2.24949113    2.04173562    2.15804938    1.91995621    2.04657627    2.06299007    1.88257806    1.89790267    2.30230673    3.22220425    1.55992943
WHIA_SYNWW/19-108     2.36863361    1.96949608    1.96885830    1.79021294    2.23282255    1.84436228    1.71935241    2.32349689    2.87947644    1.84645632    0.00000000    2.56075680    2.14332338    2.43447401    2.49062972    2.07006992    1.78615341    2.00823107    2.19143571    2.03935465    1.57069292    2.02995301    1.94392974    1.94821752    1.80275426    3.07751871    2.11160835    2.49591196    2.03001777    2.31099846    2.70342914    3.01053845    3.23650678    2.04387370    1.92383148    1.81756668    1.50080426    1.59232751    1.97446865    1.63778826    1.81605767    1.57818408    1.57549475    1.38155954    1.33356156    1.26590558    1.26546163    1.22664119    1.54187226    1.84959769    1.98116711    1.48546631    1.51900169    1.67805514    1.65132039    1.54733416    1.39795775    1.38832662    1.64554510    3.13501695    1.31752496
WHIA_OENOB/18-106     2.32958508    2.07131000    1.91610332    1.73982880    2.11521554    1.92751044    1.99106617    2.63892410    3.27035621    2.62830950    2.56075680    0.00000000    3.04262037    2.30775864    2.23623067    2.30691151    1.87460481    2.24410617    2.41344567    2.39133317    2.65375788    2.81324879    2.72290338    3.40076510    3.24254376    4.52751094    2.05289836    3.14920749    3.11835214    2.87323116    4.31278808    5.03418512    4.60368109    2.77070932    3.03761694    2.78163021    2.88940198    2.77239624    2.68879283    2.50420792    2.86804606    2.86446684    2.67784860    1.71345441    2.05485313    1.74232416    1.87382330    1.83061978    1.63145512    1.59973981    1.77076067    1.63159757    1.67261699    1.48916585    1.54351419    1.78166808    1.72431475    1.77359080    1.62540162    3.57689219    2.06861803
WHIA_MOOTA/23-103     2.43606326    2.24710044    2.75908068    2.38965036    2.74867290    2.69668875    2.62183938    2.53523639    3.03695674    2.39099267    2.14332338    3.04262037    0.00000000    2.19821991    2.21599807    1.91611343    2.10795442    2.42011494    3.28430043    2.66689816    2.52529761    2.81148289    2.15624708    2.43844681    2.46454580    3.76526768    3.20074989    3.73835593    3.36754414    4.55005149    3.74797876    4.49902947    4.88240425    3.48387937    3.39661209    3.13448841    2.86917946    2.75011952    3.53327001    3.50349842    3.85274837    3.28831321    3.12585332    1.95997914    1.84408275    1.95257080    1.96981116    1.71629939    2.37118043    2.16856120    2.18965088    1.97392126    2.38330687    2.37639966    2.55076457    2.14992546    2.35344991    2.50881734    2.35081582    3.98551234    2.03020614
WHIA_RUMCH/19-106     2.12151787    2.11240140    2.10638858    1.82714448    2.05749022    1.54538458    1.85913829    2.27833288    2.23587832    2.53475653    2.43447401    2.30775864    2.19821991    0.00000000    1.21655464    1.72456023    1.29229894    2.08023876    2.20972856    1.90725506    1.92074634    2.46411015    1.92376758    2.41192109    2.73931882    4.16970918    2.89003203    3.43178607    3.39265983    3.39701164    3.23767831    4.08783249    3.35359652    3.38558646    3.27629395    3.32750949    2.74543917    2.78491508    2.83663690    3.08660205    3.19320933    2.81999561    2.71344679    1.60897253    1.63462825    1.58964352    1.51211794    1.70425995    1.65874979    1.71139171    1.95493446    1.53042820    1.62634917    1.77873694    1.72681880    1.53477913    1.63599390    1.70223498    1.75948532    3.30309497    1.61523823
WHIA_HUNT2/18-106     1.23667665    1.27132466    1.50995267    1.31850606    1.49028114    1.31598680    1.36731322    2.13853848    1.90625861    1.81202092    2.49062972    2.23623067    2.21599807    1.21655464    0.00000000    0.95073516    0.97849030    1.33384712    1.40940973    1.34328207    1.38186682    1.95524604    1.44901219    1.98388194    2.56375052    3.09375247    2.32859381    2.88317792    2.36744223    2.43046509    3.03276233    3.70581026    2.86273709    2.40012685    2.07037503    2.47269552    2.29420396    2.28565119    2.56440220    2.39161812    2.42219542    2.23463345    2.37402049    1.20854764    1.28970432    1.38016153    1.32294914    1.44318811    1.42106753    1.38477557    1.32530929    1.16154897    1.26082348    1.40764980    1.27323206    1.12979889    1.30285720    1.06174837    1.10185932    2.29986351    1.09474477
WHIA_ALKOO/19-108     0.90457746    1.31432047    1.41561792    1.47760518    1.67141621    1.54805989    1.48312552    1.89721566    1.73195375    1.46261832    2.07006992    2.30691151    1.91611343    1.72456023    0.95073516    0.00000000    0.40519762    0.96385550    1.29048513    1.03012041    0.87434146    1.25309227    0.95623045    1.37726338    1.58576870    2.69797156    1.59848946    1.95815239    2.05201470    1.90467992    2.66545880    2.91744435    2.72155363    1.79865168    1.76878877    1.93819471    1.83712487    1.67735890    1.92859011    1.87944458    1.87484559    1.67428847    1.82944467    0.94140628    0.95498287    1.00192162    1.04391598    1.06576593    1.11237763    1.33554203    1.11623682    1.29005193    1.12226409    1.13362981    1.19459990    1.11858161    1.15998011    1.05771107    1.00761477    2.55220077    1.13653491
WHIA_ALKMQ/19-107     1.18223238    1.22345615    1.20894774    1.21236118    1.43638993    1.22588355    1.16278684    1.71999050    1.91728804    1.62089519    1.78615341    1.87460481    2.10795442    1.29229894    0.97849030    0.40519762    0.00000000    0.93475042    1.24702309    0.87135129    0.81901192    1.37568895    0.99040098    1.42683647    1.48974012    2.73675108    1.46735826    1.83219721    2.19039304    1.88200904    2.44061348    2.68297945    2.28479284    1.87059428    1.74267643    1.87866654    1.72766288    1.55486474    1.83731108    1.66930682    1.82395158    1.61825454    1.67371877    0.69740073    0.80480516    0.74711523    0.80856856    0.88154469    0.88824044    1.01667861    0.92192121    1.01604140    0.83424874    0.86949979    0.93017168    0.90158919    0.83223732    0.77538429    0.99295444    2.48184606    1.02924239
WHIA_CLONN/19-107     0.98247321    1.54349849    1.22631766    1.23733456    1.39715658    1.35158412    1.24640552    1.88768609    1.66323620    1.79974202    2.00823107    2.24410617    2.42011494    2.08023876    1.33384712    0.96385550    0.93475042    0.00000000    0.68424290    0.48812790    1.04538799    1.58911400    1.55442484    1.78899077    1.60397493    2.68510835    2.11307767    2.44253549    2.06616614    2.78174031    2.76112694    3.74932099    3.16079927    2.18568956    2.25849340    2.42253724    2.46366056    2.43754284    2.72279732    2.36741245    2.30652838    2.34904271    2.49528425    1.06403882    1.22070240    1.22913564    1.20183923    1.13844610    1.10954877    1.37290876    1.19956512    1.14724688    1.21491284    1.10477251    1.26251841    1.17344798    1.24705990    1.07636791    1.18190165    2.47074733    1.28956267
WHIA_CLOTE/19-107     1.23718697    1.48884912    1.49673886    1.47738564    1.56858905    1.52644558    1.41488946    1.91785221    1.72508815    1.84571769    2.19143571    2.41344567    3.28430043    2.20972856    1.40940973    1.29048513    1.24702309    0.68424290    0.00000000    0.55560957    1.26553009    1.61941232    1.48324305    1.84349455    2.16246422    2.78934766    2.52437709    2.80507148    2.26478933    2.55173317    2.78657909    4.03040566    3.17752981    2.59319092    2.67518306    2.63640575    2.65603705    2.66949897    2.78460294    2.51422366    2.38846015    2.55429467    2.58074974    0.99518904    1.18608722    1.32554012    1.19070322    1.30336821    1.26999070    1.63523393    1.35111022    1.40539198    1.37887338    1.43619689    1.49663393    1.56963393    1.43777260    1.24453727    1.32501077    2.44111190    1.18778471
WHIA_CLOAB/19-107     1.19581431    1.34138876    1.20847983    1.20639273    1.34614786    1.20124464    1.19120547    1.69983772    1.78821079    1.75118694    2.03935465    2.39133317    2.66689816    1.90725506    1.34328207    1.03012041    0.87135129    0.48812790    0.55560957    0.00000000    0.93950360    1.44577730    1.37775093    1.70402576    1.80004402    2.55975315    2.10808046    2.47902193    1.98720742    2.33918569    2.80090372    3.82462789    2.88921296    2.26578647    2.42341499    2.48131928    2.38036322    2.29835321    2.41058964    2.15473176    2.24456372    2.13219913    2.17361790    0.95847375    1.15657280    1.13590755    1.08336390    1.14080445    1.16123704    1.37431071    1.19958371    1.13984045    1.07593396    1.09004796    1.21825060    1.24047631    1.19988860    1.08685368    1.30595590    2.73827694    1.23505147
WHIA_CLOD6/19-107     1.37814985    1.39057242    1.46904546    1.53714327    1.86178886    1.45613938    1.44972871    1.57733639    1.66063526    1.72124694    1.57069292    2.65375788    2.52529761    1.92074634    1.38186682    0.87434146    0.81901192    1.04538799    1.26553009    0.93950360    0.00000000    1.14123136    1.16039721    1.75313065    1.34276157    2.27694588    1.98726183    2.31500027    1.89170390    2.47874817    2.35608054    2.87018007    2.58532473    2.05253373    1.82610821    1.79983537    1.74163441    1.82924911    2.00937395    1.77711919    1.94603122    1.84755660    1.99418101    1.04987353    0.99640868    1.10699679    1.15346616    1.18780439    1.29250165    1.83474403    1.49523405    1.28054796    1.24461664    1.50314675    1.26829693    1.28843269    1.34239240    1.34577755    1.60981775    2.85937232    1.09418153
WHIA_HALOH/19-107     1.52585951    1.65313143    1.61729773    2.08490887    1.88036032    1.77664548    1.69543174    2.42635340    2.40855084    2.29724605    2.02995301    2.81324879    2.81148289    2.46411015    1.95524604    1.25309227    1.37568895    1.58911400    1.61941232    1.44577730    1.14123136    0.00000000    1.28530727    1.86960188    1.69058721    3.18176793    2.31241420    2.75081475    2.43895188    2.76854467    2.44552243    3.06977406    3.03352153    2.36283953    2.46969113    2.23032728    2.37094904    2.26670207    2.36913845    2.33397482    2.29962120    2.22348141    2.32544596    1.37624551    1.21962450    1.37163812    1.34828960    1.53245371    1.32817218    2.37104294    1.95879426    1.46717351    1.47196404    1.58258101    1.44258615    1.57058785    1.57558547    1.48281237    1.64147531    3.35123804    1.29532279
WHIA_DESHY/19-104     1.34840402    1.32242099    1.48124177    1.46537936    1.69047703    1.54456410    1.42359924    1.94894619    2.06002196    2.25353861    1.94392974    2.72290338    2.15624708    1.92376758    1.44901219    0.95623045    0.99040098    1.55442484    1.48324305    1.37775093    1.16039721    1.28530727    0.00000000    1.18436282    1.60267297    3.03095952    2.07702215    2.32484857    2.32260024    2.62704499    2.64954060    2.82610718    2.40042958    2.31633872    2.25885930    2.03418768    1.92923415    1.86425539    2.12977672    2.16854262    1.99604383    2.08556583    2.08337448    0.88740399    0.94521943    1.04016108    1.00140883    1.06987318    0.97090079    1.39527270    1.18218955    1.13792566    1.00334850    0.98335132    1.00686669    0.97639786    1.06904328    1.00116142    1.08755810    2.91711674    0.88006015
WHIA_SYMTH/23-111     1.41795498    1.81688104    1.90631442    1.69661106    1.85772526    1.83019117    1.73366436    2.40715140    2.65492878    2.07222512    1.94821752    3.40076510    2.43844681    2.41192109    1.98388194    1.37726338    1.42683647    1.78899077    1.84349455    1.70402576    1.75313065    1.86960188    1.18436282    0.00000000    1.51656039    2.76372817    1.92645717    2.26821973    2.30561770    2.73154551    3.01556489    3.35292432    2.79668751    2.22925831    2.18529129    2.11635339    1.83989768    1.85784356    2.05185997    2.16038727    2.14194023    2.11558677    2.06418435    1.35805241    1.43720328    1.45052652    1.58482562    1.28534619    1.46513212    1.73733819    1.60184860    1.80447954    1.65132273    1.59973126    1.77096000    1.71830692    1.55708282    1.59796293    1.72257242    2.78423075    1.33075477
WHIA_CARHZ/19-103     1.99327935    2.02967932    1.76896869    1.80977830    1.95303272    1.82388519    1.75250286    2.60397664    2.99029262    2.58696527    1.80275426    3.24254376    2.46454580    2.73931882    2.56375052    1.58576870    1.48974012    1.60397493    2.16246422    1.80004402    1.34276157    1.69058721    1.60267297    1.51656039    0.00000000    2.65549052    2.71999821    2.84566263    3.14675812    3.18659129    2.41823257    3.95905677    3.62702029    2.78695733    2.41159365    2.41230955    2.20537708    2.22269206    2.28139968    2.10110100    2.41422780    2.23214454    2.35898569    1.36906706    1.44492410    1.42862214    1.51785273    1.50198530    1.69137835    1.95695300    1.94057576    1.69272948    1.53898052    1.64342117    1.80059538    1.70012065    1.69262391    1.73692659    2.06390228    2.97364326    1.35499996
Q6YQD5_ONYPE/20-106     3.04650225    3.13900772    2.18935508    2.33931082    2.65622593    2.50621994    2.31774955    3.39269490    2.77553193    2.70770969    3.07751871    4.52751094    3.76526768    4.16970918    3.09375247    2.69797156    2.73675108    2.68510835    2.78934766    2.55975315    2.27694588    3.18176793    3.03095952    2.76372817    2.65549052    0.00000000    2.89785134    3.36401043    3.42643713    4.12651459    2.96262941    2.92414021    3.86569863    4.03235813    3.89072831    4.29623468    3.52273220    3.45596279    4.25536027    3.50291574    3.40585598    3.65470030    3.71446945    2.07587240    2.73250037    2.53726611    2.40058029    2.51306024    2.42047191    2.28463762    2.14563593    2.57648025    2.53419856    2.36402667    2.37582129    2.60609953    2.34434418    2.23599304    2.43729610    3.89974177    2.14627991
WHIA_COREF/19-104     2.40712048    2.08308001    2.04328723    1.90075700    2.36945362    2.18145761    2.37615331    2.69724402    2.17688404    2.59453908    2.11160835    2.05289836    3.20074989    2.89003203    2.32859381    1.59848946    1.46735826    2.11307767    2.52437709    2.10808046    1.98726183    2.31241420    2.07702215    1.92645717    2.71999821    2.89785134    0.00000000    0.39565055    1.24480392    1.31745495    1.72429313    1.69763032    1.75388498    1.22157731    0.97547926    1.06420168    1.18888280    1.04703126    1.06238535    0.97406365    1.09573634    1.11155534    1.07842918    1.85648266    1.83359313    1.74965846    1.70594001    1.54843299    1.82475000    1.95865204    2.16221797    2.14500319    1.89264271    1.84285522    1.92156291    1.81957790    1.84327319    1.96388748    2.10479780    3.14011577    2.11023150
WHIA_CORGL/19-104     2.43189945    2.43040556    2.12680757    2.10432615    2.67404851    2.22052018    2.46298197    2.77079096    2.34204851    2.78513402    2.49591196    3.14920749    3.73835593    3.43178607    2.88317792    1.95815239    1.83219721    2.44253549    2.80507148    2.47902193    2.31500027    2.75081475    2.32484857    2.26821973    2.84566263    3.36401043    0.39565055    0.00000000    1.23745523    1.33033590    1.88721243    1.59987496    1.78140957    1.14919816    1.14120283    1.11112259    1.40145746    1.28793985    1.14487538    1.12585309    1.18564961    1.25936414    1.14158066    2.14617670    2.21305594    2.05987308    2.04660608    1.84394767    2.14540972    2.64458491    2.76908691    2.53117313    2.39962222    2.41557074    2.59134630    2.36799850    2.45921863    2.23024756    2.55460939    3.95169983    2.43417527
WHIA_CORDI/20-105     2.02244025    2.22885191    2.13681564    2.41921214    2.55685692    2.36759109    2.44785845    3.64916088    2.93719388    2.79004967    2.03001777    3.11835214    3.36754414    3.39265983    2.36744223    2.05201470    2.19039304    2.06616614    2.26478933    1.98720742    1.89170390    2.43895188    2.32260024    2.30561770    3.14675812    3.42643713    1.24480392    1.23745523    0.00000000    1.55829999    1.82699758    1.84894761    2.32306287    1.32857292    1.24462538    1.26403543    1.24886287    1.28467068    1.19971916    1.46367505    1.28512259    1.22838005    1.33216465    1.89190633    1.69651955    1.79023708    1.84837041    1.64659368    2.08283994    2.19962553    2.22298859    2.01770159    2.02018435    2.03469979    1.88991490    1.83330073    1.86091240    1.93228880    2.04157403    3.07917945    1.65684232
WHIA_CORJK/19-104     2.11921579    2.38869422    2.18042245    2.30881444    2.52803154    2.16362943    2.44761865    3.50575280    2.70942728    3.74595474    2.31099846    2.87323116    4.55005149    3.39701164    2.43046509    1.90467992    1.88200904    2.78174031    2.55173317    2.33918569    2.47874817    2.76854467    2.62704499    2.73154551    3.18659129    4.12651459    1.31745495    1.33033590    1.55829999    0.00000000    2.10048329    1.95320300    2.33895676    1.20190611    1.22297571    1.10941770    1.16554762    1.28312869    1.21610259    1.06475395    1.18601857    1.11748073    1.23486512    2.02235358    2.09525239    1.94497515    1.91001292    1.85449364    1.95389795    2.24990938    2.21350107    2.04023578    1.87500545    1.91978576    2.28038078    2.12898223    2.00322855    1.91974819    2.15816223    2.88816156    2.14985319
WHIA_TROWT/25-105     2.84518438    2.95680320    2.74353878    2.70330954    3.05043208    2.60375732    2.84092795    3.89545696    3.52049770    3.12411267    2.70342914    4.31278808    3.74797876    3.23767831    3.03276233    2.66545880    2.44061348    2.76112694    2.78657909    2.80090372    2.35608054    2.44552243    2.64954060    3.01556489    2.41823257    2.96262941    1.72429313    1.88721243    1.82699758    2.10048329    0.00000000    1.83956361    2.21482673    1.71780664    1.80762711    2.00120432    1.88207568    1.76882321    1.68764551    1.73689661    1.67562838    1.81639306    1.86770174    2.15155335    2.18296995    2.33050411    2.05766132    1.94935806    2.33987066    2.44088385    2.30751561    2.47524040    2.12197163    2.31956442    2.34973111    2.24700003    2.29737954    2.26848104    2.55065936    3.51979321    2.23517852
WHIA_BIFAA/19-105     3.63016784    2.66787860    3.11864087    3.08142553    3.58219155    3.42502660    3.23125514    4.42924988    3.28363288    4.74125221    3.01053845    5.03418512    4.49902947    4.08783249    3.70581026    2.91744435    2.68297945    3.74932099    4.03040566    3.82462789    2.87018007    3.06977406    2.82610718    3.35292432    3.95905677    2.92414021    1.69763032    1.59987496    1.84894761    1.95320300    1.83956361    0.00000000    0.79721493    1.60407643    1.47139870    1.47629725    1.49288040    1.45527027    1.32210931    1.26523225    1.28416074    1.28867040    1.22512220    2.61242426    2.84539322    2.70077350    2.51142763    2.44389399    2.39014834    2.45345041    2.68743168    2.47791125    2.52672749    2.18176555    2.25480040    2.30963805    2.43936901    2.41457450    2.66314409    3.97291735    3.08865298
WHIA_BIFLO/19-105     2.94001615    2.47332160    2.65010568    2.55622166    2.68567150    2.77487523    2.65396432    3.31703863    2.83954502    3.75524939    3.23650678    4.60368109    4.88240425    3.35359652    2.86273709    2.72155363    2.28479284    3.16079927    3.17752981    2.88921296    2.58532473    3.03352153    2.40042958    2.79668751    3.62702029    3.86569863    1.75388498    1.78140957    2.32306287    2.33895676    2.21482673    0.79721493    0.00000000    2.05390496    1.61015325    1.69609467    1.70614515    1.58985044    1.59796549    1.43756845    1.39338179    1.51608077    1.43448272    2.80637671    2.70581636    2.89073386    2.56935517    2.37950134    2.46051987    2.77057934    2.99233622    2.82253517    2.78446580    2.47952118    2.70818361    2.60558470    2.35647360    2.32177821    3.14231718    3.85708456    2.66680651
WHIA_LEIXX/19-104     2.28863945    2.36371733    2.68131333    2.27814011    2.49778442    2.46782183    2.48373261    3.24128275    3.02922274    3.26260668    2.04387370    2.77070932    3.48387937    3.38558646    2.40012685    1.79865168    1.87059428    2.18568956    2.59319092    2.26578647    2.05253373    2.36283953    2.31633872    2.22925831    2.78695733    4.03235813    1.22157731    1.14919816    1.32857292    1.20190611    1.71780664    1.60407643    2.05390496    0.00000000    0.67139100    0.83088336    0.74803271    0.74315494    0.80712159    0.77681033    0.78429980    0.62727120    0.72560653    2.13754268    2.08599001    2.30065832    2.15508600    1.64311194    2.34783813    2.39287120    2.15821597    2.02212539    2.12645947    2.15482884    2.17005214    1.97914027    2.05247023    2.23150980    2.35668951    3.78437287    2.29579060
WHIA_MYCS2/17-102     2.48134926    2.36172352    2.33256153    2.23471942    2.45277515    2.41046335    2.49776374    3.44922530    2.97275477    3.20579361    1.92383148    3.03761694    3.39661209    3.27629395    2.07037503    1.76878877    1.74267643    2.25849340    2.67518306    2.42341499    1.82610821    2.46969113    2.25885930    2.18529129    2.41159365    3.89072831    0.97547926    1.14120283    1.24462538    1.22297571    1.80762711    1.47139870    1.61015325    0.67139100    0.00000000    0.28579774    0.58863307    0.48917951    0.71653927    0.53090366    0.54555744    0.63469289    0.50541924    1.86481297    1.94670448    1.99305176    1.97164535    1.68843512    2.09826123    2.31448201    2.32576303    2.13659613    2.03747493    2.09787314    2.13791153    1.96010671    2.09608441    1.90382660    2.04210903    3.31826197    2.04132006
WHIA_RHOJR/17-102     2.26458446    2.37198262    2.51736927    2.35249083    2.56195321    2.67470527    2.53333302    3.51858089    3.08519763    3.07878704    1.81756668    2.78163021    3.13448841    3.32750949    2.47269552    1.93819471    1.87866654    2.42253724    2.63640575    2.48131928    1.79983537    2.23032728    2.03418768    2.11635339    2.41230955    4.29623468    1.06420168    1.11112259    1.26403543    1.10941770    2.00120432    1.47629725    1.69609467    0.83088336    0.28579774    0.00000000    0.47513939    0.42590475    0.57193974    0.46839684    0.48681779    0.60099351    0.47931271    1.74237017    1.72208449    1.75803490    1.83424345    1.62863509    1.75932327    2.47173907    2.58502680    2.13905860    2.01848672    2.14343222    2.15095466    2.06811736    2.21152207    1.91754933    2.12453369    3.60421795    1.91186502
WHIA_FRACC/17-102     2.46799202    2.55186435    2.83619331    2.59420541    2.68805598    2.65324330    2.65707216    3.56540837    3.24046825    2.77131761    1.50080426    2.88940198    2.86917946    2.74543917    2.29420396    1.83712487    1.72766288    2.46366056    2.65603705    2.38036322    1.74163441    2.37094904    1.92923415    1.83989768    2.20537708    3.52273220    1.18888280    1.40145746    1.24886287    1.16554762    1.88207568    1.49288040    1.70614515    0.74803271    0.58863307    0.47513939    0.00000000    0.30295145    0.56691724    0.54401322    0.48691000    0.46070198    0.49401165    1.75652997    1.69805771    1.83711616    1.91270576    1.57520634    1.83614634    2.14542353    2.12741949    2.07949440    1.88405529    1.97440926    2.03008296    1.80770924    1.91950586    1.91193935    2.14616312    3.83185457    1.92266950
WHIA_SALTO/19-104     2.44262990    2.49234205    2.53779183    2.49699294    2.53252657    2.66612877    2.49054164    3.33256140    2.81668950    2.69552074    1.59232751    2.77239624    2.75011952    2.78491508    2.28565119    1.67735890    1.55486474    2.43754284    2.66949897    2.29835321    1.82924911    2.26670207    1.86425539    1.85784356    2.22269206    3.45596279    1.04703126    1.28793985    1.28467068    1.28312869    1.76882321    1.45527027    1.58985044    0.74315494    0.48917951    0.42590475    0.30295145    0.00000000    0.45421925    0.44989508    0.49764863    0.47436021    0.35559405    1.65656114    1.63075675    1.72005874    1.75407303    1.43389795    1.89482652    2.13803727    2.19876010    2.02827592    1.79728152    1.90693448    1.89392677    1.74283695    1.79857504    1.82271837    1.94345640    3.79506838    1.71619786
WHIA_STRCO/17-102     2.53913197    2.56634853    2.65700988    2.25120626    2.54510000    2.64167152    2.66133473    3.34979543    2.85018120    2.89382320    1.97446865    2.68879283    3.53327001    2.83663690    2.56440220    1.92859011    1.83731108    2.72279732    2.78460294    2.41058964    2.00937395    2.36913845    2.12977672    2.05185997    2.28139968    4.25536027    1.06238535    1.14487538    1.19971916    1.21610259    1.68764551    1.32210931    1.59796549    0.80712159    0.71653927    0.57193974    0.56691724    0.45421925    0.00000000    0.44329723    0.43734256    0.44131858    0.47471370    1.87188263    1.81477728    1.92288380    1.94206155    1.58924111    1.91125651    2.36890584    2.51405650    2.26264405    1.89302986    1.96926961    2.00414392    2.10878539    2.12893114    2.10166566    2.18992996    3.66521733    2.10393007
WHIA_ARTS2/19-104     2.36065328    2.38365056    2.50625182    2.31286498    2.46221321    2.39588665    2.20561016    3.12694602    2.78127856    2.94388433    1.63778826    2.50420792    3.50349842    3.08660205    2.39161812    1.87944458    1.66930682    2.36741245    2.51422366    2.15473176    1.77711919    2.33397482    2.16854262    2.16038727    2.10110100    3.50291574    0.97406365    1.12585309    1.46367505    1.06475395    1.73689661    1.26523225    1.43756845    0.77681033    0.53090366    0.46839684    0.54401322    0.44989508    0.44329723    0.00000000    0.31863150    0.44652370    0.34544107    1.69178524    1.70169212    1.64565305    1.72323554    1.54805290    1.57639757    2.03654046    2.12700179    1.93376436    1.78428966    1.85433753    1.92635582    1.66329022    1.80806593    1.66375624    2.00497928    3.21797873    1.93204914
WHIA_KINRD/19-104     2.06861140    2.66982272    2.47767515    2.41301281    2.53038894    2.64370395    2.50590005    3.41906585    2.84615610    2.91665587    1.81605767    2.86804606    3.85274837    3.19320933    2.42219542    1.87484559    1.82395158    2.30652838    2.38846015    2.24456372    1.94603122    2.29962120    1.99604383    2.14194023    2.41422780    3.40585598    1.09573634    1.18564961    1.28512259    1.18601857    1.67562838    1.28416074    1.39338179    0.78429980    0.54555744    0.48681779    0.48691000    0.49764863    0.43734256    0.31863150    0.00000000    0.51339613    0.42716702    1.80560325    1.70627982    1.82786816    1.86505063    1.66083575    1.80607261    2.19979267    2.28891807    2.18150156    1.91990633    1.96139632    2.01331090    1.94294866    1.97981910    1.78415865    1.93481984    3.45361238    1.99981428
WHIA_ACIC1/19-104     2.46479207    2.30636509    2.67917774    2.46206577    2.64929518    2.48725393    2.41870566    3.28334270    2.92744163    2.90764890    1.57818408    2.86446684    3.28831321    2.81999561    2.23463345    1.67428847    1.61825454    2.34904271    2.55429467    2.13219913    1.84755660    2.22348141    2.08556583    2.11558677    2.23214454    3.65470030    1.11155534    1.25936414    1.22838005    1.11748073    1.81639306    1.28867040    1.51608077    0.62727120    0.63469289    0.60099351    0.46070198    0.47436021    0.44131858    0.44652370    0.51339613    0.00000000    0.42335170    1.49745283    1.48263667    1.64190839    1.56033129    1.42944604    1.89840083    2.23334857    2.23792547    1.87393124    1.90186957    1.87547230    1.93222948    1.77464470    1.79988008    1.61107623    1.96540380    3.35681103    1.81787929
WHIA_NOCSJ/19-104     2.44583155    2.52167170    2.71001981    2.49613919    2.51389819    2.62637652    2.32470374    3.20243529    2.77501604    2.71932300    1.57549475    2.67784860    3.12585332    2.71344679    2.37402049    1.82944467    1.67371877    2.49528425    2.58074974    2.17361790    1.99418101    2.32544596    2.08337448    2.06418435    2.35898569    3.71446945    1.07842918    1.14158066    1.33216465    1.23486512    1.86770174    1.22512220    1.43448272    0.72560653    0.50541924    0.47931271    0.49401165    0.35559405    0.47471370    0.34544107    0.42716702    0.42335170    0.00000000    1.72644378    1.65636030    1.66121635    1.75384183    1.59161309    1.87270486    2.17906017    2.27960051    2.07049929    1.92722276    1.98160053    2.07323198    1.78544270    1.97618176    1.79465933    2.15375085    3.49526883    1.85810482
WHIA_BACSK/18-104     1.15112772    1.01409217    0.97902531    1.01960130    1.14323710    0.95620234    0.98722013    1.66975247    1.93254279    1.80147362    1.38155954    1.71345441    1.95997914    1.60897253    1.20854764    0.94140628    0.69740073    1.06403882    0.99518904    0.95847375    1.04987353    1.37624551    0.88740399    1.35805241    1.36906706    2.07587240    1.85648266    2.14617670    1.89190633    2.02235358    2.15155335    2.61242426    2.80637671    2.13754268    1.86481297    1.74237017    1.75652997    1.65656114    1.87188263    1.69178524    1.80560325    1.49745283    1.72644378    0.00000000    0.35315509    0.44698827    0.40206449    0.49644819    0.53579235    0.82204845    0.70885430    0.69379705    0.59859079    0.70604805    0.75262991    0.67640359    0.61919358    0.55430235    0.53203914    2.27636374    0.51172139
WHIA_BACHD/18-104     1.17510925    1.13094371    1.09441744    1.18475114    1.47424642    1.11349078    1.01812001    1.80040766    2.10599753    1.71076505    1.33356156    2.05485313    1.84408275    1.63462825    1.28970432    0.95498287    0.80480516    1.22070240    1.18608722    1.15657280    0.99640868    1.21962450    0.94521943    1.43720328    1.44492410    2.73250037    1.83359313    2.21305594    1.69651955    2.09525239    2.18296995    2.84539322    2.70581636    2.08599001    1.94670448    1.72208449    1.69805771    1.63075675    1.81477728    1.70169212    1.70627982    1.48263667    1.65636030    0.35315509    0.00000000    0.40928339    0.42056976    0.48324701    0.54288970    0.85200100    0.74760760    0.70338064    0.58744103    0.75467984    0.78007081    0.71702786    0.58956539    0.49093224    0.65250009    2.95605233    0.47904826
