27
Q9YAS7_AERPE/4-81     0.00000000    1.12688726    1.28998927    1.42850133    1.15380940    1.26892552    1.38430516    1.30106806    1.18959922    1.02861161    1.44389110    1.31907947    1.60089853    1.79190181    0.89355688    0.88356151    0.48231454    0.52750552    0.66558187    0.78404225    1.04067142    0.76702053    0.90466827    0.81080944    0.77719214    1.20828691    0.48683815
F9VNA1_SULTO/33-107     1.12688726    0.00000000    0.26562728    0.49639086    0.28269353    0.23906642    0.50171034    0.56389092    0.83570352    0.72650564    1.54908587    2.05762000    1.46004325    1.50817375    1.32916215    1.44432645    1.03111388    1.03406866    0.96528452    1.15964328    1.29018172    1.36265441    1.38196247    1.06632375    1.25650291    1.19258613    1.08402033
F4B8U8_ACIHW/31-105     1.28998927    0.26562728    0.00000000    0.42015018    0.45988093    0.40459035    0.57926543    0.63709655    0.97052211    0.86093689    1.80240011    2.31173495    1.50271873    1.68366864    1.43625882    1.62349242    1.23204462    1.16501437    1.09149224    1.30478207    1.40869132    1.45496301    1.44785413    1.18182705    1.32032088    1.34860141    1.17708884
A4YFK6_METS5/33-106     1.42850133    0.49639086    0.42015018    0.00000000    0.55695084    0.47542158    0.59691615    0.70665214    0.81567251    0.81948903    1.81256984    2.28736494    1.94678412    1.90105459    1.32193628    1.60287202    1.47085387    1.52653041    1.29361385    1.41248911    1.09872701    1.42577227    1.56966343    1.30468373    1.46362951    1.33458960    1.42884487
Q4J9G8_SULAC/33-107     1.15380940    0.28269353    0.45988093    0.55695084    0.00000000    0.26827614    0.57253205    0.64440972    0.84771703    0.81501016    1.81303126    2.08412505    1.69171750    1.59917361    1.35034333    1.54003699    1.19096286    1.17895600    0.95700324    1.18541904    1.27981828    1.35193709    1.40650662    1.21213087    1.11958785    1.40953977    1.15271237
Q97Z40_SACS2/33-107     1.26892552    0.23906642    0.40459035    0.47542158    0.26827614    0.00000000    0.47875292    0.68649885    0.76290050    0.68746476    1.80368067    2.13877931    1.82513530    1.62104894    1.23158572    1.44066795    1.23343621    1.22416817    1.12334027    1.18781267    1.33184826    1.39407884    1.43662907    1.16066554    1.31239598    1.40520275    1.28367219
D9Q266_ACIS3/43-117     1.38430516    0.50171034    0.57926543    0.59691615    0.57253205    0.47875292    0.00000000    0.61071418    0.97331769    0.84596021    1.73614067    2.15849791    1.96724851    1.67620124    1.66780585    1.65152976    1.46362285    1.39761099    1.26920837    1.41559643    1.28724570    1.44145250    1.64339718    1.11480075    1.39187188    1.41861682    1.34526179
E1QUZ0_VULDI/36-109     1.30106806    0.56389092    0.63709655    0.70665214    0.64440972    0.68649885    0.61071418    0.00000000    0.77890554    0.72263100    1.72545036    1.94750786    1.42412625    1.31562322    1.44681802    1.46322153    1.46556039    1.45978501    1.34560980    1.50564770    1.40942820    1.48268683    1.54333346    1.37944072    1.38154050    1.49817953    1.28828844
Q8ZTN3_PYRAE/37-108     1.18959922    0.83570352    0.97052211    0.81567251    0.84771703    0.76290050    0.97331769    0.77890554    0.00000000    0.48276546    1.63891164    2.09527405    1.99334335    1.83861254    0.72197732    0.85647729    1.31182096    1.30234939    1.20750847    1.32858096    1.10039916    1.08939268    1.18502037    1.23356734    1.48889446    1.66717268    1.16667540
G4RLL3_THETK/36-107     1.02861161    0.72650564    0.86093689    0.81948903    0.81501016    0.68746476    0.84596021    0.72263100    0.48276546    0.00000000    1.54417030    1.82100750    1.59617160    1.58542973    0.96982808    1.12663251    1.04709823    1.09521603    1.04563011    1.13811238    1.21317793    1.19005857    1.09021465    1.03788926    1.14729931    1.20455759    0.93944222
A3DL16_STAMF/4-81     1.44389110    1.54908587    1.80240011    1.81256984    1.81303126    1.80368067    1.73614067    1.72545036    1.63891164    1.54417030    0.00000000    0.81759086    0.85840110    0.81359943    1.46176669    1.41847504    1.44125954    1.36251483    1.50308130    1.74349372    1.71306065    1.74886142    1.72706536    1.54118243    1.77698956    1.97392598    1.57958193
I3TG90_THEC1/4-86     1.31907947    2.05762000    2.31173495    2.28736494    2.08412505    2.13877931    2.15849791    1.94750786    2.09527405    1.82100750    0.81759086    0.00000000    0.89061928    0.88177731    1.78752021    1.71886230    1.74077576    1.77096448    1.88587185    1.88801556    1.76560565    1.59339851    1.72529011    1.73817676    1.71002095    1.85736534    1.87365978
H9ZZP1_FERFK/5-81     1.60089853    1.46004325    1.50271873    1.94678412    1.69171750    1.82513530    1.96724851    1.42412625    1.99334335    1.59617160    0.85840110    0.89061928    0.00000000    0.38367635    1.65324267    1.57599761    1.44780487    1.43709298    1.51270184    1.92768867    2.16031585    1.92604263    1.99836597    1.86714546    1.84978616    1.76253250    1.64188697
L0ABD1_CALLD/5-82     1.79190181    1.50817375    1.68366864    1.90105459    1.59917361    1.62104894    1.67620124    1.31562322    1.83861254    1.58542973    0.81359943    0.88177731    0.38367635    0.00000000    1.63001081    1.50080371    1.63478585    1.64253896    1.79020342    2.06441878    1.92654348    1.79897527    1.88267833    1.80312877    1.81627956    1.77871964    1.84093309
Q8U208_PYRFU/4-75     0.89355688    1.32916215    1.43625882    1.32193628    1.35034333    1.23158572    1.66780585    1.44681802    0.72197732    0.96982808    1.46176669    1.78752021    1.65324267    1.63001081    0.00000000    0.34053436    0.90952112    0.90328043    1.11558594    1.23676886    1.23634964    1.09677498    1.22186259    1.08125489    1.18435615    1.49234864    0.96203021
Q5JH67_THEKO/3-74     0.88356151    1.44432645    1.62349242    1.60287202    1.54003699    1.44066795    1.65152976    1.46322153    0.85647729    1.12663251    1.41847504    1.71886230    1.57599761    1.50080371    0.34053436    0.00000000    0.79106442    0.81334150    1.05201539    1.14542889    1.11348788    0.92326819    1.14551037    1.23371857    1.05923274    1.32625379    0.88128018
A2BM40_HYPBU/4-81     0.48231454    1.03111388    1.23204462    1.47085387    1.19096286    1.23343621    1.46362285    1.46556039    1.31182096    1.04709823    1.44125954    1.74077576    1.44780487    1.63478585    0.90952112    0.79106442    0.00000000    0.46020043    0.40166367    0.75775022    0.89617696    0.76242234    0.72422229    0.68615805    0.72745253    1.23253599    0.42679032
D2RFH9_ARCPA/6-83     0.52750552    1.03406866    1.16501437    1.52653041    1.17895600    1.22416817    1.39761099    1.45978501    1.30234939    1.09521603    1.36251483    1.77096448    1.43709298    1.64253896    0.90328043    0.81334150    0.46020043    0.00000000    0.50950381    0.71483327    0.91749999    0.73811305    0.77406840    0.75588354    0.78252341    1.24550804    0.36263257
G0EDV6_PYRF1/10-85     0.66558187    0.96528452    1.09149224    1.29361385    0.95700324    1.12334027    1.26920837    1.34560980    1.20750847    1.04563011    1.50308130    1.88587185    1.51270184    1.79020342    1.11558594    1.05201539    0.40166367    0.50950381    0.00000000    0.50254377    0.58222050    0.61914818    0.41955043    0.67739570    0.71346689    1.18372461    0.29609949
I3TE14_THEC1/12-87     0.78404225    1.15964328    1.30478207    1.41248911    1.18541904    1.18781267    1.41559643    1.50564770    1.32858096    1.13811238    1.74349372    1.88801556    1.92768867    2.06441878    1.23676886    1.14542889    0.75775022    0.71483327    0.50254377    0.00000000    0.56733832    0.55673322    0.38714828    0.68314262    0.72489843    1.03362624    0.49529922
B8D5F1_DESA1/9-86     1.04067142    1.29018172    1.40869132    1.09872701    1.27981828    1.33184826    1.28724570    1.40942820    1.10039916    1.21317793    1.71306065    1.76560565    2.16031585    1.92654348    1.23634964    1.11348788    0.89617696    0.91749999    0.58222050    0.56733832    0.00000000    0.43116810    0.42019023    0.61049617    0.78572334    1.09616037    0.74143699
D5TZQ1_THEAM/14-89     0.76702053    1.36265441    1.45496301    1.42577227    1.35193709    1.39407884    1.44145250    1.48268683    1.08939268    1.19005857    1.74886142    1.59339851    1.92604263    1.79897527    1.09677498    0.92326819    0.76242234    0.73811305    0.61914818    0.55673322    0.43116810    0.00000000    0.40305504    0.66439011    0.71199016    1.14142107    0.67675513
A3DNP5_STAMF/12-89     0.90466827    1.38196247    1.44785413    1.56966343    1.40650662    1.43662907    1.64339718    1.54333346    1.18502037    1.09021465    1.72706536    1.72529011    1.99836597    1.88267833    1.22186259    1.14551037    0.72422229    0.77406840    0.41955043    0.38714828    0.42019023    0.40305504    0.00000000    0.61955632    0.67545239    1.11695408    0.57100085
E0SQD7_IGNAA/4-78     0.81080944    1.06632375    1.18182705    1.30468373    1.21213087    1.16066554    1.11480075    1.37944072    1.23356734    1.03788926    1.54118243    1.73817676    1.86714546    1.80312877    1.08125489    1.23371857    0.68615805    0.75588354    0.67739570    0.68314262    0.61049617    0.66439011    0.61955632    0.00000000    0.58627612    0.95786530    0.52144704
D9Q1S1_ACIS3/4-79     0.77719214    1.25650291    1.32032088    1.46362951    1.11958785    1.31239598    1.39187188    1.38154050    1.48889446    1.14729931    1.77698956    1.71002095    1.84978616    1.81627956    1.18435615    1.05923274    0.72745253    0.78252341    0.71346689    0.72489843    0.78572334    0.71199016    0.67545239    0.58627612    0.00000000    0.75545322    0.61507466
D5U0V1_THEAM/5-79     1.20828691    1.19258613    1.34860141    1.33458960    1.40953977    1.40520275    1.41861682    1.49817953    1.66717268    1.20455759    1.97392598    1.85736534    1.76253250    1.77871964    1.49234864    1.32625379    1.23253599    1.24550804    1.18372461    1.03362624    1.09616037    1.14142107    1.11695408    0.95786530    0.75545322    0.00000000    1.09256943
D3S1F3_FERPA/3-80     0.48683815    1.08402033    1.17708884    1.42884487    1.15271237    1.28367219    1.34526179    1.28828844    1.16667540    0.93944222    1.57958193    1.87365978    1.64188697    1.84093309    0.96203021    0.88128018    0.42679032    0.36263257    0.29609949    0.49529922    0.74143699    0.67675513    0.57100085    0.52144704    0.61507466    1.09256943    0.00000000

