38
A1CAI6_ASPCL/1087-1108     0.00000000    0.32085084    0.33314677    0.31089219    0.72017363    0.74513841    0.85802896    0.71465073    0.81224801    1.12074796    0.96789533    0.87673390    0.78827232    1.05118108    0.87416524    0.86862922    0.44431318    0.49935879    0.71533993    0.58256908    0.69755910    0.68642310    0.78000714    0.68465272    0.86037008    0.76619720    0.67649050    0.66519907    0.29381909    0.54200344    0.70846411    0.72417459    0.84651614    1.14222537    0.78330009    0.81140427    0.59616806    0.47402819
C1GJA3_PARBD/1261-1282     0.32085084    0.00000000    0.32361828    0.40208495    0.70908866    0.57095113    0.69064047    0.85291895    0.93928876    1.28332040    1.12234323    0.83466969    0.80450936    0.96818869    1.01015088    1.10904071    0.48356787    0.63498496    0.69287354    0.56858749    0.70430513    0.72354085    1.00984724    0.94703363    0.98730878    0.90088970    0.48054692    0.95154754    0.38869707    0.56812073    0.71411916    0.43508111    0.46908722    0.96205564    0.91469507    0.84772469    0.76816857    0.47536448
V5FIP0_BYSSN/1217-1238     0.33314677    0.32361828    0.00000000    0.35028415    0.55751634    0.57397051    0.63601822    0.93796321    0.96162847    1.28052980    1.12000309    0.86907947    0.90794899    0.94863498    0.97874511    1.11563591    0.50575202    0.56530619    0.45317078    0.49075724    0.56052156    0.66212089    0.72600234    0.82577587    0.82418277    0.96131521    0.59120928    0.61186563    0.41271334    0.43378260    0.67541237    0.59239192    0.58694801    0.91706163    0.74063824    0.56027297    0.37660538    0.48926823
B6QEP0_TALMQ/1077-1098     0.31089219    0.40208495    0.35028415    0.00000000    0.68650335    0.65854812    0.85223338    0.73975894    0.97449648    1.32111806    1.16596287    0.96091594    0.96500848    1.10661472    1.04429622    1.02339119    0.47073843    0.52637893    0.45905105    0.42445291    0.46039717    0.71204602    0.69105687    0.83283373    0.91149742    0.82295223    0.88774015    0.71498047    0.43339184    0.69387870    0.81546930    0.76542026    0.63116507    1.21704219    1.06932722    0.95541194    0.59212448    0.47014575
M7NUS5_PNEMU/657-678     0.72017363    0.70908866    0.55751634    0.68650335    0.00000000    0.60907149    0.64361737    1.00205669    1.20655409    1.49336610    1.21852854    1.37413496    1.33381179    0.94679798    1.17411351    1.27635392    0.57267693    0.78561529    0.97898501    0.63496689    0.57406267    0.78001944    1.04756531    0.70812229    0.95360706    1.01974674    0.96828174    0.90901296    0.57484428    0.68324497    0.95564255    0.87630377    0.97829148    0.90490809    0.81881269    0.75372629    0.65586177    0.77996859
K2RJ93_MACPH/1328-1349     0.74513841    0.57095113    0.57397051    0.65854812    0.60907149    0.00000000    0.53018184    1.21813153    1.28600206    1.56433405    1.32362671    1.27366559    1.26226834    1.02875241    1.07039502    1.30319118    0.49827740    0.65211411    0.61436268    0.64337924    0.61953917    0.82327519    1.01177790    0.94398266    0.93061769    0.89691846    0.77886240    1.00688473    0.62529528    0.48611253    0.58874350    0.58195944    0.63468046    0.85138715    0.91741553    0.71570821    0.70033303    0.58445357
G1XLK5_ARTOA/756-777     0.85802896    0.69064047    0.63601822    0.85223338    0.64361737    0.53018184    0.00000000    1.37934640    1.12951796    1.32900909    1.14248346    1.23853549    1.27072172    0.79603013    0.73479290    1.01526729    0.76441393    0.89429687    0.89023628    0.93317811    0.83202639    0.80654978    1.06932437    0.97161727    0.67214010    0.76144073    0.82410025    1.30318324    0.77777923    0.63006335    0.83387596    0.70720855    0.65142155    1.03966189    0.95355154    0.97445195    0.79345649    0.65365590
F7VQ93_SORMK/1144-1164     0.71465073    0.85291895    0.93796321    0.73975894    1.00205669    1.21813153    1.37934640    0.00000000    0.69921700    1.21362763    0.96701891    0.65943642    0.75841116    0.97199962    0.98039743    0.89867393    0.77986996    0.90124222    1.04859235    0.80674754    0.82879047    1.19549180    1.07285672    0.70171456    1.19111068    0.84631050    1.06266950    1.22502627    0.88090661    1.01464008    1.35080931    1.12499233    1.35282965    1.70168343    1.51860944    1.37786817    1.34649893    1.10189268
J3PE12_GAET3/1165-1186     0.81224801    0.93928876    0.96162847    0.97449648    1.20655409    1.28600206    1.12951796    0.69921700    0.00000000    0.49251173    0.78369812    0.99870807    1.17481788    1.12188605    1.40185592    1.18252024    0.98567406    0.80991004    1.12057182    1.01370231    1.04380180    1.19143789    1.23670870    1.19774537    1.22914053    1.24892542    0.88824480    1.37346445    0.83992820    0.96410936    1.07372576    1.01913785    1.37840496    1.76496678    0.97660174    1.06543750    1.34291774    1.14277721
A0A0C4DQN0_MAGP6/1182-1203     1.12074796    1.28332040    1.28052980    1.32111806    1.49336610    1.56433405    1.32900909    1.21362763    0.49251173    0.00000000    0.39690868    1.01843138    1.02916987    1.03863302    1.15321627    1.19806423    1.02334545    0.93563402    1.25385494    1.01585907    1.31288628    0.99437896    1.39566304    1.30545123    1.38864434    1.08422360    1.18099094    1.32764936    1.10483220    1.34698332    1.29229609    1.37094006    1.27443676    1.76281023    1.49344514    1.19574408    1.51077356    1.34662898
G4NKK4_MAGO7/1070-1091     0.96789533    1.12234323    1.12000309    1.16596287    1.21852854    1.32362671    1.14248346    0.96701891    0.78369812    0.39690868    0.00000000    1.06746048    1.05023325    0.62383315    0.85404609    1.02824483    0.88286254    0.81857469    1.14096936    0.84100016    1.07844177    0.81381166    1.14409651    0.95695620    0.97143716    0.91207811    1.19425744    1.20629445    0.95941759    1.17449590    1.14003711    1.09767217    0.98926201    1.64939795    1.48143049    1.30016150    1.32215367    1.14587943
Q2H561_CHAGB/1068-1088     0.87673390    0.83466969    0.86907947    0.96091594    1.37413496    1.27366559    1.23853549    0.65943642    0.99870807    1.01843138    1.06746048    0.00000000    0.82151048    1.04581225    1.15287206    1.24323974    0.75006560    1.00136847    0.90647963    0.85498860    1.14609787    0.95710129    1.15592851    0.96801207    1.00643222    0.99007884    0.71909205    1.21437921    1.04911525    0.95261049    1.21146335    1.18462033    1.36987350    1.32320070    1.60368199    1.35730993    1.22866355    1.18540608
B7FTV1_PHATC/295-315     0.78827232    0.80450936    0.90794899    0.96500848    1.33381179    1.26226834    1.27072172    0.75841116    1.17481788    1.02916987    1.05023325    0.82151048    0.00000000    0.98998081    1.03159080    0.81275962    0.93748165    1.01539875    1.25983034    0.95409459    1.16817337    0.97064719    1.22951661    0.91524044    1.25882653    1.09730290    0.79503750    1.00617164    0.87151342    1.13818159    1.42043918    1.05411109    1.02965311    1.36785951    1.39512352    1.29026221    1.47122724    1.02999971
D7L025_ARALL/174-194     1.05118108    0.96818869    0.94863498    1.10661472    0.94679798    1.02875241    0.79603013    0.97199962    1.12188605    1.03863302    0.62383315    1.04581225    0.98998081    0.00000000    0.28159000    0.55050037    0.85640173    0.65099852    0.94706631    0.74521920    0.91065113    0.86629193    1.11675867    0.95517272    0.77779575    0.83366627    0.93725991    0.85689386    0.81498366    0.96494642    1.03172903    0.78980459    0.77733458    1.10340204    1.28540944    1.01942499    0.97535640    0.82328090
B9SR26_RICCO/938-958     0.87416524    1.01015088    0.97874511    1.04429622    1.17411351    1.07039502    0.73479290    0.98039743    1.40185592    1.15321627    0.85404609    1.15287206    1.03159080    0.28159000    0.00000000    0.43352337    0.87646562    0.68459449    0.98151573    0.91618448    1.15435991    0.98804601    1.12190894    1.06567557    0.75540674    0.77743058    1.05545773    0.82787593    0.85020491    1.00391724    1.04579030    0.81543304    0.82743635    1.08981768    1.52082449    1.22926947    0.95207513    0.76898704
D8QPU2_SELML/772-792     0.86862922    1.10904071    1.11563591    1.02339119    1.27635392    1.30319118    1.01526729    0.89867393    1.18252024    1.19806423    1.02824483    1.24323974    0.81275962    0.55050037    0.43352337    0.00000000    0.95674826    0.83611944    1.25810887    0.98078583    1.17455336    1.21129778    1.24980205    1.09460380    1.16576227    0.83791192    1.22315876    1.19018892    0.77052687    1.10067921    1.33593146    1.05973040    1.13700396    1.52232172    1.24341954    0.90011872    1.10213645    0.86869805
L8FWP3_PSED2/1097-1118     0.44431318    0.48356787    0.50575202    0.47073843    0.57267693    0.49827740    0.76441393    0.77986996    0.98567406    1.02334545    0.88286254    0.75006560    0.93748165    0.85640173    0.87646562    0.95674826    0.00000000    0.29264598    0.35799377    0.26118260    0.44177322    0.61067320    0.58625821    0.77147414    0.69533679    0.55595967    0.55022210    0.71637441    0.32820952    0.39380725    0.59892184    0.68031255    0.77422443    0.98683189    0.79437598    0.69457725    0.74852013    0.54323598
M7UMX1_BOTF1/1118-1139     0.49935879    0.63498496    0.56530619    0.52637893    0.78561529    0.65211411    0.89429687    0.90124222    0.80991004    0.93563402    0.81857469    1.00136847    1.01539875    0.65099852    0.68459449    0.83611944    0.29264598    0.00000000    0.42531709    0.33308484    0.45526143    0.66536418    0.77413517    0.96636022    0.72635438    0.62534030    0.74199108    0.61924940    0.42624996    0.58814117    0.59390241    0.68653448    0.82315409    0.95861862    0.84336115    0.75158540    0.66758671    0.57633350
K1XPC0_MARBU/1245-1266     0.71533993    0.69287354    0.45317078    0.45905105    0.97898501    0.61436268    0.89023628    1.04859235    1.12057182    1.25385494    1.14096936    0.90647963    1.25983034    0.94706631    0.98151573    1.25810887    0.35799377    0.42531709    0.00000000    0.37115820    0.47984808    0.78992496    0.75285410    0.96420393    0.69688601    0.89218916    0.71986485    0.86436285    0.63743612    0.50762091    0.55286182    0.77046730    0.66158091    1.08634377    0.78332425    0.67548555    0.60731659    0.59935481
S3DDL2_GLAL2/1178-1199     0.58256908    0.56858749    0.49075724    0.42445291    0.63496689    0.64337924    0.93317811    0.80674754    1.01370231    1.01585907    0.84100016    0.85498860    0.95409459    0.74521920    0.91618448    0.98078583    0.26118260    0.33308484    0.37115820    0.00000000    0.32539143    0.60493423    0.56945348    0.80260146    0.70317999    0.76082544    0.85839357    0.65927282    0.44685740    0.65271583    0.78196635    0.70504181    0.68958008    1.14210627    0.92686204    0.78642789    0.60580689    0.58796443
N1J813_BLUG1/1061-1082     0.69755910    0.70430513    0.56052156    0.46039717    0.57406267    0.61953917    0.83202639    0.82879047    1.04380180    1.31288628    1.07844177    1.14609787    1.16817337    0.91065113    1.15435991    1.17455336    0.44177322    0.45526143    0.47984808    0.32539143    0.00000000    0.89592842    0.86359999    0.88120651    0.78887131    0.89715414    0.85947907    0.86262936    0.56860878    0.59598535    0.73570712    0.77926984    0.75697672    1.08716467    0.88816638    0.86874371    0.67680641    0.61588853
F0ZT44_DICPU/177-197     0.68642310    0.72354085    0.66212089    0.71204602    0.78001944    0.82327519    0.80654978    1.19549180    1.19143789    0.99437896    0.81381166    0.95710129    0.97064719    0.86629193    0.98804601    1.21129778    0.61067320    0.66536418    0.78992496    0.60493423    0.89592842    0.00000000    0.29009461    0.50649851    0.80264669    0.89185141    0.85780938    0.50893599    0.53902044    0.78205495    0.85576610    0.71043321    0.71761782    0.80984550    1.06799924    1.13756822    0.85908257    0.74050681
Q54W13_DICDI/1168-1188     0.78000714    1.00984724    0.72600234    0.69105687    1.04756531    1.01177790    1.06932437    1.07285672    1.23670870    1.39566304    1.14409651    1.15592851    1.22951661    1.11675867    1.12190894    1.24980205    0.58625821    0.77413517    0.75285410    0.56945348    0.86359999    0.29009461    0.00000000    0.72654049    0.80800956    0.91269424    1.10253969    0.49109260    0.72292918    0.78713519    0.93878427    0.81270874    0.85653720    1.01795287    1.31988782    1.15678751    0.93311320    0.96300729
T1I9H0_RHOPR/192-212     0.68465272    0.94703363    0.82577587    0.83283373    0.70812229    0.94398266    0.97161727    0.70171456    1.19774537    1.30545123    0.95695620    0.96801207    0.91524044    0.95517272    1.06567557    1.09460380    0.77147414    0.96636022    0.96420393    0.80260146    0.88120651    0.50649851    0.72654049    0.00000000    0.71516973    0.62671797    0.80699197    0.92045702    0.86894693    0.86094363    1.07140868    1.21703733    1.22216375    1.27668810    1.33139550    1.22354469    1.18958044    0.97376621
H3DQY7_TETNG/29-49     0.86037008    0.98730878    0.82418277    0.91149742    0.95360706    0.93061769    0.67214010    1.19111068    1.22914053    1.38864434    0.97143716    1.00643222    1.25882653    0.77779575    0.75540674    1.16576227    0.69533679    0.72635438    0.69688601    0.70317999    0.78887131    0.80264669    0.80800956    0.71516973    0.00000000    0.56132586    0.88005699    0.86248689    0.86420223    0.86727683    0.97172845    0.86107290    0.83463343    1.11353523    1.08193161    1.19365235    0.74889110    0.94807027
A0A0D2WQI2_CAPO3/1324-1344     0.76619720    0.90088970    0.96131521    0.82295223    1.01974674    0.89691846    0.76144073    0.84631050    1.24892542    1.08422360    0.91207811    0.99007884    1.09730290    0.83366627    0.77743058    0.83791192    0.55595967    0.62534030    0.89218916    0.76082544    0.89715414    0.89185141    0.91269424    0.62671797    0.56132586    0.00000000    0.78449502    0.89541915    0.75223326    0.80930259    0.93919849    0.87662976    0.94763266    1.25670839    1.34707608    1.17110632    1.11084925    0.86943598
M2ZZS1_PSEFD/1064-1085     0.67649050    0.48054692    0.59120928    0.88774015    0.96828174    0.77886240    0.82410025    1.06266950    0.88824480    1.18099094    1.19425744    0.71909205    0.79503750    0.93725991    1.05545773    1.22315876    0.55022210    0.74199108    0.71986485    0.85839357    0.85947907    0.85780938    1.10253969    0.80699197    0.88005699    0.78449502    0.00000000    0.67515995    0.64313591    0.47413837    0.70178373    0.54605086    0.76240173    0.85892622    0.87181617    0.91269241    1.12885408    0.77726301
F4PVV0_CAVFA/846-866     0.66519907    0.95154754    0.61186563    0.71498047    0.90901296    1.00688473    1.30318324    1.22502627    1.37346445    1.32764936    1.20629445    1.21437921    1.00617164    0.85689386    0.82787593    1.19018892    0.71637441    0.61924940    0.86436285    0.65927282    0.86262936    0.50893599    0.49109260    0.92045702    0.86248689    0.89541915    0.67515995    0.00000000    0.59120456    0.88653807    0.92612683    1.08886218    1.08693793    1.16938612    1.19353773    1.25770852    0.90487112    0.91476241
S7ZWN1_PENO1/998-1019     0.29381909    0.38869707    0.41271334    0.43339184    0.57484428    0.62529528    0.77777923    0.88090661    0.83992820    1.10483220    0.95941759    1.04911525    0.87151342    0.81498366    0.85020491    0.77052687    0.32820952    0.42624996    0.63743612    0.44685740    0.56860878    0.53902044    0.72292918    0.86894693    0.86420223    0.75223326    0.64313591    0.59120456    0.00000000    0.40810372    0.53615656    0.55039014    0.64736613    0.94485105    0.67786067    0.64035317    0.60025532    0.25256486
J3K8V3_COCIM/1158-1179     0.54200344    0.56812073    0.43378260    0.69387870    0.68324497    0.48611253    0.63006335    1.01464008    0.96410936    1.34698332    1.17449590    0.95261049    1.13818159    0.96494642    1.00391724    1.10067921    0.39380725    0.58814117    0.50762091    0.65271583    0.59598535    0.78205495    0.78713519    0.86094363    0.86727683    0.80930259    0.47413837    0.88653807    0.40810372    0.00000000    0.40552099    0.57549674    0.73222946    0.77900858    0.68572864    0.47863729    0.74167284    0.35966197
D5G4C4_TUBMM/21-42     0.70846411    0.71411916    0.67541237    0.81546930    0.95564255    0.58874350    0.83387596    1.35080931    1.07372576    1.29229609    1.14003711    1.21146335    1.42043918    1.03172903    1.04579030    1.33593146    0.59892184    0.59390241    0.55286182    0.78196635    0.73570712    0.85576610    0.93878427    1.07140868    0.97172845    0.93919849    0.70178373    0.92612683    0.53615656    0.40552099    0.00000000    0.78144621    0.80890340    0.90791326    0.70766296    0.86030600    0.99915525    0.68065177
Q0UEV4_PHANO/990-1011     0.72417459    0.43508111    0.59239192    0.76542026    0.87630377    0.58195944    0.70720855    1.12499233    1.01913785    1.37094006    1.09767217    1.18462033    1.05411109    0.78980459    0.81543304    1.05973040    0.68031255    0.68653448    0.77046730    0.70504181    0.77926984    0.71043321    0.81270874    1.21703733    0.86107290    0.87662976    0.54605086    1.08886218    0.55039014    0.57549674    0.78144621    0.00000000    0.21046600    0.42410715    0.69780330    0.59047847    0.71518645    0.41677548
B2VRX4_PYRTR/1063-1084     0.84651614    0.46908722    0.58694801    0.63116507    0.97829148    0.63468046    0.65142155    1.35282965    1.37840496    1.27443676    0.98926201    1.36987350    1.02965311    0.77733458    0.82743635    1.13700396    0.77422443    0.82315409    0.66158091    0.68958008    0.75697672    0.71761782    0.85653720    1.22216375    0.83463343    0.94763266    0.76240173    1.08693793    0.64736613    0.73222946    0.80890340    0.21046600    0.00000000    0.52618546    0.83228095    0.78608903    0.70425134    0.44574980
G4TCJ6_SERID/871-892     1.14222537    0.96205564    0.91706163    1.21704219    0.90490809    0.85138715    1.03966189    1.70168343    1.76496678    1.76281023    1.64939795    1.32320070    1.36785951    1.10340204    1.08981768    1.52232172    0.98683189    0.95861862    1.08634377    1.14210627    1.08716467    0.80984550    1.01795287    1.27668810    1.11353523    1.25670839    0.85892622    1.16938612    0.94485105    0.77900858    0.90791326    0.42410715    0.52618546    0.00000000    0.73066088    0.93157713    0.98847240    0.70922610
S2JG40_MUCC1/737-758     0.78330009    0.91469507    0.74063824    1.06932722    0.81881269    0.91741553    0.95355154    1.51860944    0.97660174    1.49344514    1.48143049    1.60368199    1.39512352    1.28540944    1.52082449    1.24341954    0.79437598    0.84336115    0.78332425    0.92686204    0.88816638    1.06799924    1.31988782    1.33139550    1.08193161    1.34707608    0.87181617    1.19353773    0.67786067    0.68572864    0.70766296    0.69780330    0.83228095    0.73066088    0.00000000    0.53628927    0.90195635    0.60353589
B6K7Q2_SCHJY/649-670     0.81140427    0.84772469    0.56027297    0.95541194    0.75372629    0.71570821    0.97445195    1.37786817    1.06543750    1.19574408    1.30016150    1.35730993    1.29026221    1.01942499    1.22926947    0.90011872    0.69457725    0.75158540    0.67548555    0.78642789    0.86874371    1.13756822    1.15678751    1.22354469    1.19365235    1.17110632    0.91269241    1.25770852    0.64035317    0.47863729    0.86030600    0.59047847    0.78608903    0.93157713    0.53628927    0.00000000    0.57675923    0.51151318
RED1_SCHPO/618-639     0.59616806    0.76816857    0.37660538    0.59212448    0.65586177    0.70033303    0.79345649    1.34649893    1.34291774    1.51077356    1.32215367    1.22866355    1.47122724    0.97535640    0.95207513    1.10213645    0.74852013    0.66758671    0.60731659    0.60580689    0.67680641    0.85908257    0.93311320    1.18958044    0.74889110    1.11084925    1.12885408    0.90487112    0.60025532    0.74167284    0.99915525    0.71518645    0.70425134    0.98847240    0.90195635    0.57675923    0.00000000    0.52353211
R7YUN3_CONA1/1345-1366     0.47402819    0.47536448    0.48926823    0.47014575    0.77996859    0.58445357    0.65365590    1.10189268    1.14277721    1.34662898    1.14587943    1.18540608    1.02999971    0.82328090    0.76898704    0.86869805    0.54323598    0.57633350    0.59935481    0.58796443    0.61588853    0.74050681    0.96300729    0.97376621    0.94807027    0.86943598    0.77726301    0.91476241    0.25256486    0.35966197    0.68065177    0.41677548    0.44574980    0.70922610    0.60353589    0.51151318    0.52353211    0.00000000

