20
Q0V4T6_PHANO/69-320     0.00000000    1.11077079    1.33885054    1.23019238    1.87735675    1.99172166    1.96983433    1.94943380    1.93482371    1.71178993    1.85745545    2.37556848    1.74474683    1.92986302    2.02849013    2.92264049    1.79751411    1.67826740    2.03080593    1.58688516
A7EBS9_SCLS1/20-273     1.11077079    0.00000000    0.86991792    0.71644885    1.84653462    1.87907128    2.03461480    2.28767014    2.06029861    1.66829241    1.64898638    2.29312407    2.00369696    2.12418028    1.92520439    2.74925578    1.79229599    1.76542719    1.98039685    1.53567538
Q2H586_CHAGB/170-421     1.33885054    0.86991792    0.00000000    0.67516678    1.88419475    1.83303834    2.31612620    2.29750864    2.06609840    1.93009208    1.92294986    2.69838725    2.09940292    2.21401427    2.12517948    3.42415274    1.92391052    1.94098061    2.01825636    1.66981293
Q7SI56_NEUCR/243-485     1.23019238    0.71644885    0.67516678    0.00000000    1.64575831    1.85064153    2.02786085    2.33028343    2.17191235    1.73329713    1.79099517    2.16301955    1.91322541    1.91277321    1.79201284    2.88817234    1.68889924    1.82328908    2.05203155    1.59579821
OTUBL_CAEBR/35-274     1.87735675    1.84653462    1.88419475    1.64575831    0.00000000    0.50345424    1.81270012    1.66597218    1.69257947    1.45548801    1.37984711    2.27620879    1.90968177    1.95469995    1.72585577    2.75327694    1.34625850    1.61239456    1.69332952    1.23397201
OTUBL_CAEEL/36-273     1.99172166    1.87907128    1.83303834    1.85064153    0.50345424    0.00000000    1.85390167    1.71288542    1.69347697    1.44699980    1.35615117    2.20026139    1.73630768    1.77467420    1.72818643    2.73852515    1.41294439    1.69806027    1.80057195    1.38334851
A4HXL8_LEIIN/19-267     1.96983433    2.03461480    2.31612620    2.02786085    1.81270012    1.85390167    0.00000000    1.53187976    1.40304035    1.97567461    2.09720913    2.42456281    2.00386519    2.24369416    1.99289097    3.21432395    2.06696844    2.24328459    2.32983278    1.73861934
Q57ZU6_TRYB2/21-268     1.94943380    2.28767014    2.29750864    2.33028343    1.66597218    1.71288542    1.53187976    0.00000000    0.66471858    1.77013838    1.81104892    2.02830250    2.02765145    2.15073368    2.11466139    3.17920100    1.90068954    1.90918998    1.93641737    1.70834539
Q4DPS6_TRYCC/17-264     1.93482371    2.06029861    2.06609840    2.17191235    1.69257947    1.69347697    1.40304035    0.66471858    0.00000000    1.67510029    1.60628074    1.97603613    1.82599674    2.10457684    1.89179947    3.13489562    1.80596791    1.71205359    1.82446945    1.53852961
OTU1_ARATH/41-294     1.71178993    1.66829241    1.93009208    1.73329713    1.45548801    1.44699980    1.97567461    1.77013838    1.67510029    0.00000000    0.25403028    1.85895789    1.35223844    1.60408514    1.46560539    2.65143246    1.07325609    1.30848518    1.46702677    1.01975158
A0A3N7EHA7_POPTR/28-284     1.85745545    1.64898638    1.92294986    1.79099517    1.37984711    1.35615117    2.09720913    1.81104892    1.60628074    0.25403028    0.00000000    1.70900957    1.45941928    1.63042564    1.46593599    2.72315649    1.09962396    1.30760444    1.47307720    1.09181519
Q7XPN5_ORYSJ/230-547     2.37556848    2.29312407    2.69838725    2.16301955    2.27620879    2.20026139    2.42456281    2.02830250    1.97603613    1.85895789    1.70900957    0.00000000    1.90108438    2.40695850    2.30560656    2.82874431    2.03923970    1.87721813    2.13794663    1.86710974
Q5KB39_CRYNJ/48-297     1.74474683    2.00369696    2.09940292    1.91322541    1.90968177    1.73630768    2.00386519    2.02765145    1.82599674    1.35223844    1.45941928    1.90108438    0.00000000    1.36767049    1.59757244    2.82446382    1.61420302    1.75254910    1.80629653    1.48994147
A0A0D1E200_USTMA/28-329     1.92986302    2.12418028    2.21401427    1.91277321    1.95469995    1.77467420    2.24369416    2.15073368    2.10457684    1.60408514    1.63042564    2.40695850    1.36767049    0.00000000    1.84285082    2.70363557    1.72550898    1.59270581    1.88533419    1.68608738
A0E9B0_PARTE/29-265     2.02849013    1.92520439    2.12517948    1.79201284    1.72585577    1.72818643    1.99289097    2.11466139    1.89179947    1.46560539    1.46593599    2.30560656    1.59757244    1.84285082    0.00000000    2.37276495    1.49567210    1.69087761    1.63443522    1.14437581
A0BQT7_PARTE/386-635     2.92264049    2.74925578    3.42415274    2.88817234    2.75327694    2.73852515    3.21432395    3.17920100    3.13489562    2.65143246    2.72315649    2.82874431    2.82446382    2.70363557    2.37276495    0.00000000    2.84299680    2.80578793    2.92730197    2.67036296
OTUBL_DROME/25-261     1.79751411    1.79229599    1.92391052    1.68889924    1.34625850    1.41294439    2.06696844    1.90068954    1.80596791    1.07325609    1.09962396    2.03923970    1.61420302    1.72550898    1.49567210    2.84299680    0.00000000    1.20004188    1.23294608    0.63604360
OTUB2_MOUSE/1-230     1.67826740    1.76542719    1.94098061    1.82328908    1.61239456    1.69806027    2.24328459    1.90918998    1.71205359    1.30848518    1.30760444    1.87721813    1.75254910    1.59270581    1.69087761    2.80578793    1.20004188    0.00000000    0.69912190    0.85806115
A0A803KIK4_XENTR/3-227     2.03080593    1.98039685    2.01825636    2.05203155    1.69332952    1.80057195    2.32983278    1.93641737    1.82446945    1.46702677    1.47307720    2.13794663    1.80629653    1.88533419    1.63443522    2.92730197    1.23294608    0.69912190    0.00000000    0.91931956
F5GYN4_HUMAN/12-241     1.58688516    1.53567538    1.66981293    1.59579821    1.23397201    1.38334851    1.73861934    1.70834539    1.53852961    1.01975158    1.09181519    1.86710974    1.48994147    1.68608738    1.14437581    2.67036296    0.63604360    0.85806115    0.91931956    0.00000000

