110
A9CGJ6_AGRFC/57-126     0.00000000    0.32580489    1.15406522    0.92452313    1.03669344    1.33592594    1.61636896    1.08830578    1.39398165    1.54272145    1.48114272    1.30605164    1.37555632    1.52749544    1.35329274    1.49338395    1.62886999    1.48434117    1.51145822    1.56894831    1.55834484    1.54780803    1.68378925    1.20685489    1.03526417    1.33035501    1.09886642    1.08018313    1.24238824    1.60512810    2.46235467    2.23025560    2.58258906    2.51680596    3.81856056    2.16628949    3.06186476    2.66598826    3.19787609    2.90058872    2.81285980    2.57047972    3.23420076    2.38710242    2.56414863    2.98064889    3.77488977    3.23548175    2.93983989    3.16560029    2.85695375    2.71847964    2.87541741    2.57365479    2.82674180    2.53964419    2.00950844    2.05238298    2.69302567    2.21082350    2.84624247    2.54333526    2.41992969    2.34984825    2.22109958    2.39722795    2.44231769    3.05910659    3.01403105    2.68895522    2.48392284    2.68708405    2.20039487    2.64712304    1.62646549    1.45290145    1.78287056    1.52769585    1.80387865    1.38583415    1.89313712    2.43200323    1.71904855    1.25712181    1.69093349    1.16741414    1.34909983    0.71931658    1.79562995    1.03442124    1.23099386    0.82549046    0.85322535    1.16672197    1.25075646    1.23712092    0.82988406    0.91204259    0.92227399    1.01670925    0.83821081    1.02671322    0.98036507    0.99057260    0.98476351    0.98620245    0.88038911    0.97744534    1.13325762    1.10116783
Q92Z22_RHIME/22-90     0.32580489    0.00000000    0.98853100    0.77605753    0.78476677    1.09088937    1.46439596    1.16776466    1.58219233    1.55950174    1.54619184    1.32062347    1.55567766    1.57256193    1.41793420    1.56405302    1.68369937    1.53741638    1.46515675    1.65682649    1.70880585    1.58228923    1.73640735    1.23516066    1.08456580    1.46859992    1.18557822    1.01357455    1.27548532    1.33596135    2.33761120    2.11004317    2.50462135    2.28048634    3.63678571    2.23738895    2.99179845    2.76715672    2.98424063    2.62382657    2.81557499    2.44507456    3.10118290    2.43231898    2.10939636    2.85431912    3.45835070    3.18578243    2.87528426    2.92335836    3.03453748    3.24197161    2.85607496    2.34580538    2.48371366    2.91522055    2.09919661    2.05598891    2.33720930    1.89679655    2.83128178    2.44461321    2.71127418    2.83929499    2.51814694    2.91198021    2.82171644    2.73059576    2.77008464    2.86724960    2.44917796    3.04507081    2.41102461    2.57143830    1.56726794    1.48761007    1.74084421    1.52104092    1.76867642    1.41892110    2.25431336    2.49916873    1.43648553    1.21355913    1.75703688    1.01871269    1.53339252    0.81591489    1.68459535    1.04500501    1.16218368    0.69637926    0.83014773    1.13087349    1.29312712    1.05504910    0.80229046    0.83689475    0.90390459    1.03471930    0.83489658    0.99845646    0.91216393    0.97576616    0.92326175    1.03072311    0.71337651    0.87607675    0.92483546    0.92374493
A1SCA9_NOCSJ/4-73     1.15406522    0.98853100    0.00000000    1.07065068    0.95378320    1.48559132    1.62286393    1.44250070    1.92719115    1.61998905    1.61461040    1.83260506    1.60118607    1.88340970    1.51699926    1.80294532    1.98153112    1.78527430    1.75396590    1.78554894    1.79962586    1.71479341    1.94654197    1.19783497    1.53820278    1.70642750    1.37256628    1.46342204    1.31000265    1.50186154    2.65164105    2.55827906    2.90716913    2.62696411    3.15747777    2.25651449    3.01324074    3.22923768    3.24126807    2.99329500    3.15571876    3.12487763    2.92476895    2.00016447    2.48240526    3.07131033    3.08205099    2.92979886    2.47263068    2.76776594    2.65488283    2.82107731    2.62369053    2.47208868    2.63525048    3.35566306    1.65893535    1.97783109    3.02711820    1.90674653    2.61607043    2.47529540    2.12371436    2.49865536    2.64658807    2.63230180    2.41083484    2.87374374    2.87524230    2.38663083    2.16319873    2.26435918    1.99084806    2.34201409    1.80628366    1.88646515    1.64276262    1.49429211    1.80168763    1.33668286    2.65412545    2.64466268    1.58191954    1.14313808    1.80720047    1.23182199    1.67828671    1.06540514    1.96453589    1.24959792    1.50869727    1.11508448    1.19145297    1.21713354    1.24875561    1.33495536    1.55668258    1.03339440    1.01972393    1.06459181    0.97390874    1.15150346    1.12010115    1.22152626    1.26677756    1.09142364    0.85211591    1.08282453    0.98334205    1.04825161
B6JAM3_OLICO/11-80     0.92452313    0.77605753    1.07065068    0.00000000    0.36182473    0.83379448    1.25950107    1.23743394    1.72920630    1.63791149    1.78351390    1.62010877    1.66421837    1.84480162    1.72632357    1.86431651    1.96835854    1.59071915    1.80105430    1.77180231    1.46722581    1.89291988    1.66199783    1.53719092    1.32731088    1.74615565    1.17778210    1.23239829    1.42343675    1.71732255    2.23647859    2.01451449    2.35912462    2.24278633    3.17171583    2.41317308    3.07700835    2.32073299    2.83762239    2.71104154    2.17046229    2.61247299    2.70839541    2.09961950    2.11621219    2.46103605    3.20162341    3.03237053    2.94497862    2.86088486    2.81339385    3.33307443    2.63961085    2.40011605    2.50986041    3.02817480    1.90420367    1.91507638    2.54374733    2.07231471    2.27709371    2.19582517    2.42090499    2.63581834    2.61786965    2.52060990    2.74435933    2.84168133    2.67551607    2.33477245    2.46040650    2.98057246    2.21982226    2.26973367    1.17972028    1.29233984    1.43989932    1.35371884    1.67069539    1.47294578    2.58460792    2.43787848    1.19327569    0.76847886    1.28369336    1.20987740    1.37635859    0.73974687    1.73880127    1.04311861    1.27672372    0.89758264    0.93663874    1.01581611    1.10111049    1.26892003    1.04101886    0.64410376    1.06838384    1.02411556    1.03019264    1.19314342    0.84505432    0.87497098    0.92430296    1.08937028    0.80336592    0.85858539    0.82258960    0.68388492
Q1QNB9_NITHX/12-81     1.03669344    0.78476677    0.95378320    0.36182473    0.00000000    0.89070602    1.15600930    1.30336579    2.03825532    1.75619326    1.63168481    1.85509310    1.65908690    1.80235824    1.68624942    1.95781323    2.04071266    1.57411638    1.72120533    1.89320123    1.68146226    1.83460075    1.63548871    1.50657990    1.50228615    1.69071997    1.15800746    1.36111886    1.32850447    1.67558474    2.21084993    2.14152155    2.30024446    2.17176130    3.46788269    2.41360949    3.13850753    2.55751296    3.28380442    2.84370233    2.15400529    2.65024813    2.91107232    2.05297758    2.33659626    2.61212354    2.83980507    3.07405765    2.81868031    2.88746067    2.88197663    3.27649293    2.52949898    2.37274149    2.73238853    3.32638194    1.91533719    1.94377764    2.65190769    1.93509444    2.61488945    2.07458425    2.57846515    2.54079447    2.55537033    2.38995946    2.58471023    2.90845388    2.84006546    2.49346196    2.25996766    2.70319099    2.29908506    2.16430922    1.12727828    1.24524505    1.44028976    1.32301223    1.56512255    1.32206371    2.21251134    2.22654312    0.96351079    0.79815632    1.45412539    1.11026313    1.45488779    0.73945854    1.96710022    1.21201079    1.24745404    0.91433875    0.79771751    1.11305740    1.14108676    1.08056921    0.99692743    0.80829916    1.00061343    1.08536488    0.96771060    1.17390485    0.85293957    0.93535832    0.93194877    1.18011945    0.83689568    0.75678726    0.85247956    0.68518379
C6W1A3_DYAFD/6-75     1.33592594    1.09088937    1.48559132    0.83379448    0.89070602    0.00000000    0.72498912    1.40117542    1.53456072    1.57325752    1.74307700    1.70423004    1.88480764    1.57575674    1.83080438    1.76255904    2.10830112    1.61960242    2.11792011    2.06400564    1.79879777    1.78097033    2.10150253    1.61165899    1.17451025    1.67809875    1.53178244    1.68625231    1.52036184    1.89416161    2.60129123    2.32862356    2.61962231    2.39973703    3.47150747    2.94480257    3.33738912    2.88271709    3.53344890    3.62057008    3.28744022    3.25085977    3.67848699    2.88138340    2.46511733    2.86571213    4.10583427    3.18309310    3.35262615    3.38083201    3.16790353    3.89218612    3.05982692    2.83375835    2.61933405    3.45884429    1.90172596    2.50112952    2.92951761    2.64287217    3.00563968    2.84700190    2.41549647    3.06161203    3.26255783    3.02398550    3.08692387    3.27820446    3.11009485    3.22005061    2.48719317    3.20525007    2.26371768    2.13872459    1.56024485    1.40804091    1.86203808    1.67874128    1.82262387    1.53710800    2.94684143    3.22568427    1.25153639    1.30073362    2.05330327    1.09702694    1.61713274    0.92461543    2.04919880    1.51423145    1.51845098    1.01702114    1.04977971    1.40792613    1.25459825    1.22644376    0.90964128    0.92887596    1.35010382    1.43434473    1.28669332    1.64228143    1.11237613    1.01496213    1.04809631    1.26886263    0.76138610    0.76765622    1.10510821    1.15614981
C7PCZ1_CHIPD/6-75     1.61636896    1.46439596    1.62286393    1.25950107    1.15600930    0.72498912    0.00000000    1.35880877    1.94109898    1.87667294    1.99477297    1.79308520    2.05673255    1.91322734    2.08978027    1.94215461    2.22670583    1.83944758    2.17062168    2.26199746    1.77694730    1.85490936    2.02365174    1.59592935    1.31000976    1.64200076    1.50415852    1.79560759    1.45532815    1.85975955    2.48020907    2.43350401    2.63953040    2.37864161    3.30717131    2.58289335    3.03065386    2.62548058    3.23660243    3.42780341    3.02220703    2.95123911    2.89785648    2.89624973    2.10463786    2.52285669    3.37925258    2.37293977    2.46393468    3.00967518    2.76295340    3.41752555    2.87795329    2.98827861    2.95187930    3.14414763    2.11507850    2.11214039    2.70748688    2.35736738    2.85884268    2.73902081    2.70023044    2.90688340    3.15125900    3.05548448    2.72133992    3.21699852    2.87649206    3.14777553    2.12642007    2.77899302    2.04776517    1.78341184    1.46573991    1.35785838    1.91834828    1.65601964    1.79686031    1.42016804    2.80736729    3.16530708    1.04306409    1.32833973    2.23557276    1.54545417    1.82162405    1.33959836    2.55159949    1.69317376    1.61853239    1.63013356    1.40359637    1.78153284    1.58038438    1.43500171    1.18836220    1.35894740    1.54638200    1.72894765    1.52818836    1.91356831    1.39848177    1.28939736    1.26407042    1.55248691    1.15377292    1.17795997    1.17040524    1.26185745
C7MEX2_BRAFD/34-103     1.08830578    1.16776466    1.44250070    1.23743394    1.30336579    1.40117542    1.35880877    0.00000000    1.34559401    1.35407679    1.39356978    1.17122551    1.59071255    1.56199121    1.53656195    1.46845903    1.56028456    1.24685143    1.44914841    1.54546460    1.56491801    1.13006462    1.56718892    0.95370149    0.91241446    1.02907670    0.70754289    0.87279769    1.11989178    1.77629339    2.76062437    2.90428235    2.85841373    2.67436995    3.39221039    2.29439386    3.06222044    3.06544190    3.22634709    3.47908459    3.28032688    2.68740277    3.91405221    2.90690637    2.09698970    2.49736989    3.10574098    3.09318613    2.32786392    2.53388068    2.48116420    2.80455535    2.52292477    2.83137811    2.85850077    2.31579918    1.78043136    2.10640485    2.23894255    2.29515557    2.04079119    2.01379719    2.04603850    1.86144455    1.91463634    1.93457551    1.82712892    2.27198078    2.27182121    2.42327774    2.09445624    2.93896612    2.33899194    2.06783390    1.77801836    1.65991517    2.01122063    1.65785588    2.03405868    1.72877258    2.15278792    2.57074000    1.49027905    1.09929073    2.11993440    1.68876319    2.24080024    1.18883455    2.13098766    1.49315729    1.43356782    1.13734974    1.20306186    1.40085410    1.51508819    1.53802972    1.32595394    1.54007328    1.63039229    1.54973138    1.31659252    1.72442022    1.54656506    1.60515848    1.38805281    1.64752524    1.10504764    1.28199235    1.40733670    1.37157687
D5X5B7_THIK1/21-90     1.39398165    1.58219233    1.92719115    1.72920630    2.03825532    1.53456072    1.94109898    1.34559401    0.00000000    0.47197657    0.61062561    0.48455751    0.67487237    0.53363879    0.45153582    0.36234708    0.49299080    0.50380984    0.53406204    0.49508099    0.64676021    1.25837635    1.19586635    1.38701683    1.41495245    1.56339502    1.40978376    1.50445905    1.69665789    2.09260280    2.89652560    3.04934369    2.64893081    2.80930269    3.19872144    3.18591629    3.74745146    3.29779408    3.59246368    2.89227151    2.52498883    3.30992677    3.95793967    2.17972564    3.09801058    3.09821144    4.32215146    3.12700100    2.47318712    3.56404401    3.03997387    3.39680284    3.35382906    3.83891847    3.39840610    3.67965531    2.60436926    2.54418375    4.08888412    2.79634010    2.95084129    3.27230233    2.46923860    2.87236646    3.28261994    3.10580489    2.91026022    3.23106949    3.50337930    3.23230205    2.83379676    3.11248707    2.70488534    2.84945850    2.00254282    2.07244373    2.45961523    2.09002234    2.11969391    1.89255653    2.58755230    3.29615153    1.78479246    2.01934980    2.21712364    1.89228576    2.07613500    1.79837819    2.96892455    2.47518508    2.08673981    1.49379814    1.71779450    2.06374133    1.69577075    1.57625599    2.21571198    1.50784251    2.02382459    1.71848696    1.89459371    2.02032405    1.84929781    1.59229246    1.61416433    1.84886280    1.99482846    1.56686874    1.97583344    2.18056335
D9SK65_GALCS/16-85     1.54272145    1.55950174    1.61998905    1.63791149    1.75619326    1.57325752    1.87667294    1.35407679    0.47197657    0.00000000    0.31631724    0.42509525    0.56784666    0.35481728    0.40778320    0.43791547    0.51321213    0.40088558    0.43842917    0.35238911    0.35993672    1.05421862    1.10058884    1.29006298    1.22092154    1.33191583    1.25230750    1.32649103    1.44732558    1.67731344    2.50025636    2.96901857    2.41852292    2.28660505    2.86756826    2.43569348    3.12523469    3.42267797    3.05258208    2.82399985    2.59461809    2.97350684    3.27002349    1.64042599    3.52297029    3.09403015    3.20075616    2.71715186    2.64831394    3.39417083    2.94990621    3.17545497    3.12455553    3.64084166    3.17278155    3.04006344    1.93479207    2.26239459    3.31925385    2.40377522    2.18667669    2.99516748    2.27908580    2.70679756    2.88552057    2.71241878    2.71266229    3.28949390    3.16724454    3.24068334    2.30852754    2.63415241    2.39242648    1.96650456    1.64870411    1.82375361    1.87284932    1.90578162    1.73476042    1.77065045    2.37044726    2.75259822    1.80747278    1.83080514    2.04331869    1.63915822    1.88661309    1.63259984    2.76869297    1.93968167    1.89621717    1.30875993    1.37651136    1.75766747    1.63469470    1.52664862    1.95387020    1.37690557    1.71491141    1.61655287    1.80247968    1.65480305    1.60392063    1.46729110    1.51697087    1.62808759    1.80148321    1.52342239    1.59005584    1.91201603
Q3SGW5_THIDA/14-83     1.48114272    1.54619184    1.61461040    1.78351390    1.63168481    1.74307700    1.99477297    1.39356978    0.61062561    0.31631724    0.00000000    0.45655357    0.44572505    0.33056677    0.30038703    0.38815293    0.40176280    0.33620583    0.43467831    0.37979920    0.41217426    1.14825258    1.17712260    1.51185266    1.42957324    1.47121150    1.41739206    1.35070155    1.54163928    1.77950524    2.36163222    2.90461676    2.34211414    2.63968061    3.33141731    2.38591521    2.68938313    3.36400112    3.05325544    3.02173812    2.53387000    2.92946464    3.50936711    2.08668160    3.31612653    3.14366167    3.32487595    3.60920278    2.48410025    3.36751754    3.62985270    3.73036953    3.02791190    3.01904662    3.59047408    3.28431212    2.30401466    2.53490558    2.98843006    2.58740952    2.83621759    2.76255553    2.39909872    2.83392669    2.93565923    2.54496861    2.71550333    3.36752113    3.35275228    2.95515450    2.45591977    2.65973605    2.21463996    2.03080890    1.66354642    1.48136997    1.82692452    1.68857657    1.85342806    1.66335931    2.31733850    3.11850379    1.58057163    1.56041365    2.37264895    1.87162742    2.14495717    1.62998723    2.54241677    2.10100241    1.86349036    1.14571925    1.23481471    1.69400130    1.73871363    1.43942870    1.67215202    1.41718821    1.70020784    1.76866886    1.80909468    1.85168619    1.77726610    1.71870844    1.34614470    1.79284687    1.76843049    1.66632525    1.96525602    2.06271393
B4RFN2_PHEZH/14-83     1.30605164    1.32062347    1.83260506    1.62010877    1.85509310    1.70423004    1.79308520    1.17122551    0.48455751    0.42509525    0.45655357    0.00000000    0.50213568    0.42842087    0.42010365    0.42247707    0.52897303    0.40059725    0.51073230    0.52418725    0.49851524    1.24782852    1.44085019    1.42571564    1.33056250    1.58635033    1.28121458    1.35301590    1.74676961    2.05191550    2.57449676    2.73646090    2.65265051    2.34327127    2.56536928    1.85058769    2.68938048    2.86194832    2.99853331    2.40335872    2.11804243    2.33619012    3.97079714    2.18908015    3.25963729    2.98949052    3.13174079    3.04568681    2.95260264    3.29973717    3.30946024    3.06191422    2.60220103    3.46014050    3.64583515    2.83462872    2.11662691    2.60784439    2.76158512    2.38144119    2.39036460    2.65863467    2.30499548    2.67103367    2.48731156    2.37960992    2.46998322    3.04681543    2.81282860    2.85930086    2.55403827    3.06690129    2.25913639    2.01435582    1.76292756    1.60161859    1.93880310    1.76067541    1.73060028    1.69748768    2.34166011    3.36384906    1.54317879    1.72059385    2.04215436    1.81754726    2.07115725    1.63129191    2.74889874    2.03427067    1.90630221    1.32586159    1.43494561    1.77016590    1.77317748    1.65356360    1.94730395    1.41595392    1.99901478    1.67825079    1.79121872    2.08492106    1.60133144    1.63016905    1.48561826    1.69718984    1.65493996    1.67556588    1.94820214    1.86560838
Q7WXA3_CUPNH/8-77     1.37555632    1.55567766    1.60118607    1.66421837    1.65908690    1.88480764    2.05673255    1.59071255    0.67487237    0.56784666    0.44572505    0.50213568    0.00000000    0.47819537    0.47254425    0.55030158    0.57278474    0.53935545    0.51082926    0.49785812    0.48013012    1.38125594    1.40321427    1.65073592    1.51229199    1.72030759    1.59311882    1.46094536    1.76847071    1.88951074    3.14107169    2.96129527    2.67434283    3.02671915    3.25613978    2.16588906    2.82254128    3.77862379    3.25952925    2.38401397    2.25948029    2.81827639    3.08370913    2.05460030    3.97458819    3.70129988    3.40406160    3.45202221    2.51546772    3.27052338    3.24588856    2.94555189    2.94473905    2.85449607    4.29060731    2.56531097    2.24042083    2.56703899    3.13646417    2.52664428    2.50444161    3.02669140    2.49816859    3.07113551    2.89636110    2.44407694    2.66344901    3.65444901    3.65686575    3.06599886    3.13722693    2.92547936    2.25958345    2.16447574    1.89023646    1.75458404    2.02911789    2.04768399    2.21428908    1.93654202    2.77405781    3.40753617    1.90721227    1.98201683    2.51219824    2.15519710    2.09848583    1.48950213    3.06300844    2.29198976    1.99866799    1.04826815    1.51581857    1.71037036    1.63416420    1.44738399    1.85748203    1.19610238    1.65303281    1.58845707    1.72424594    1.89196418    1.66146247    1.73007392    1.59301637    1.48013258    1.75384517    1.69026715    1.90989986    2.11988514
C7RL46_ACCPU/14-83     1.52749544    1.57256193    1.88340970    1.84480162    1.80235824    1.57575674    1.91322734    1.56199121    0.53363879    0.35481728    0.33056677    0.42842087    0.47819537    0.00000000    0.32348359    0.33562352    0.39034940    0.30481342    0.42320394    0.42857596    0.40960169    1.32190438    1.34524974    1.70518999    1.55031374    1.71839201    1.48593465    1.51641422    1.71674569    1.73610889    3.17074385    3.39073699    2.96000075    2.62834600    3.06190297    2.40215062    2.47299765    3.43486277    3.23528966    3.02394817    2.75086251    3.24782073    3.58287770    2.05936163    3.43817915    2.75730612    3.53962064    3.03682164    2.40526815    3.56335953    3.84005957    3.69663890    3.27833252    3.79506757    3.58592310    3.38545515    2.26298208    2.94215812    3.55659465    2.40438560    2.89908644    3.20406666    2.60444717    2.87786260    3.04540098    2.78168251    2.70924125    3.56759693    3.54288072    3.31028842    2.62670676    2.70437793    2.59456933    2.14011618    1.85703303    1.75377880    2.04572371    1.94498912    1.88317114    1.86587114    2.58124827    3.09320889    1.83280389    1.87474364    2.53062262    1.91057434    2.16044210    1.98988411    2.93667966    2.29083755    2.09115328    1.40521296    1.53809837    1.92874559    1.65387505    1.53587141    2.07216678    1.49758880    1.88392097    1.83874102    1.85405229    1.90512735    1.81579516    1.81055634    1.73634069    1.69242452    1.75528767    1.85002930    2.04520191    2.23098585
Q63L69_BURPS/16-83     1.35329274    1.41793420    1.51699926    1.72632357    1.68624942    1.83080438    2.08978027    1.53656195    0.45153582    0.40778320    0.30038703    0.42010365    0.47254425    0.32348359    0.00000000    0.26284628    0.35084560    0.27715741    0.37273158    0.31342863    0.39133216    1.29729898    0.91621955    1.34284685    1.37555407    1.54223574    1.37487000    1.55441978    1.72836556    1.77337804    2.40074795    2.32142205    2.38307096    2.45855686    3.27083187    2.23397028    2.59946441    3.14772790    2.89316661    2.68250217    2.05644923    2.87866016    3.27092866    1.97961523    3.06783345    2.84402780    2.85148888    3.53865735    2.41928054    3.22288188    3.15281014    3.27952629    3.04018136    3.28736786    3.40562881    2.96417414    2.25163257    2.19130999    3.05029083    2.44488310    2.44944337    2.80433342    2.23800690    2.35943826    2.49133225    2.42368076    2.44149993    3.25717085    3.29691911    2.93488698    2.38500643    2.53602080    2.15805278    2.08763784    1.85278686    1.63805428    1.82971203    1.55489523    1.69513074    1.63600531    2.54888221    3.10084595    1.68335771    1.50443112    2.22912301    2.02213025    2.04176490    1.64901545    2.98563847    2.32255762    2.08177774    1.39436705    1.38379039    1.82403424    1.59529152    1.35648142    2.01096270    1.38655057    1.80700581    1.77962535    1.72852349    1.97584352    1.59988276    1.62844689    1.55765082    1.68122978    1.71926255    1.69433809    1.82521949    2.06234992
A1VLW6_POLNA/16-85     1.49338395    1.56405302    1.80294532    1.86431651    1.95781323    1.76255904    1.94215461    1.46845903    0.36234708    0.43791547    0.38815293    0.42247707    0.55030158    0.33562352    0.26284628    0.00000000    0.28142275    0.30854461    0.40882357    0.40081916    0.47515979    1.34940117    1.10977661    1.37945361    1.52869248    1.49185637    1.58167167    1.65294728    1.85285050    2.02444535    2.63143701    3.02370000    2.65259515    2.58195057    3.37021000    2.46721082    2.67719730    3.28069163    3.31721060    2.62620828    2.20380035    3.13329334    3.55179534    2.05002507    2.80221825    2.89470120    3.90678120    3.49887495    2.44617701    3.39005181    3.41592201    3.40670404    3.07383707    3.78430991    3.86527942    3.40548796    2.45285557    2.82342328    3.48560624    2.61836280    2.67047017    3.56222992    2.52598806    2.45127227    2.68220907    2.56860846    2.65344032    3.19370695    3.45497765    3.22406315    2.59153678    2.56851650    2.12269570    2.34922624    1.84907662    1.68878453    2.04931688    1.71855982    1.84704530    1.71494330    2.48424999    3.55731458    2.03670278    1.66828854    2.04457915    1.82508526    2.06784600    1.79613052    2.75120816    2.09737267    2.07388867    1.35854641    1.44681342    1.87467649    1.86194438    1.58415363    2.20128064    1.53069299    1.98619247    1.77465740    1.88711394    2.00598004    1.85979595    1.80169797    1.63552775    1.92817374    1.81644595    1.85503016    1.87606656    2.14028576
A4G5N8_HERAR/16-85     1.62886999    1.68369937    1.98153112    1.96835854    2.04071266    2.10830112    2.22670583    1.56028456    0.49299080    0.51321213    0.40176280    0.52897303    0.57278474    0.39034940    0.35084560    0.28142275    0.00000000    0.33704952    0.42967147    0.38512615    0.49820062    1.48409353    1.23430391    1.72445035    1.77564152    1.76158425    1.80079145    1.64972217    1.96678391    2.29673338    2.71817283    3.14953775    2.49043985    2.51570010    3.54118199    2.57969937    3.58739207    3.81228120    4.10798071    3.34183407    2.81411369    3.83638961    4.15300806    2.63949668    3.57784653    3.71476774    3.75850151    3.91171984    2.63490904    3.78247653    3.65990847    3.57459555    3.34875511    4.13444862    4.25635234    3.19250533    2.84945341    3.13115963    4.22996842    3.18711736    3.28902015    3.02603496    2.36530583    2.79114818    2.90393414    2.46824584    2.74903064    3.17947457    3.63364436    3.65855154    2.99887235    2.60171068    2.34303447    2.53833167    1.94838145    1.82384887    2.06370714    1.91695941    2.12954314    1.90349970    2.55357344    3.39100584    2.12575869    1.92956067    2.32145934    1.98449954    2.17052321    2.12632680    2.86745809    2.59514689    2.25082611    1.32877340    1.53998779    1.68297339    2.03133342    1.73402063    2.41562721    1.58891766    2.11399633    2.03972449    1.82474647    2.22556357    1.99090604    2.17799261    1.77015921    2.07439605    2.04945613    2.07246184    1.97238305    2.39645818
Q21QW2_RHOFT/16-85     1.48434117    1.53741638    1.78527430    1.59071915    1.57411638    1.61960242    1.83944758    1.24685143    0.50380984    0.40088558    0.33620583    0.40059725    0.53935545    0.30481342    0.27715741    0.30854461    0.33704952    0.00000000    0.43431678    0.34070215    0.41384791    1.36626713    1.24946114    1.51665497    1.49647362    1.66072864    1.46168607    1.55176316    1.64327871    1.73910952    2.86189843    3.06690973    2.47779307    2.72133663    3.06287533    2.32553220    2.66098480    3.29872710    3.12527825    3.08517413    2.28154669    2.99096828    3.27991224    2.07859907    3.63425208    2.99743362    3.25185129    3.37006574    2.45666378    3.55936333    3.04468673    3.36532977    3.20691661    3.71510364    3.89122285    3.15332514    2.12550309    2.45890677    3.13916279    2.49736140    2.43189424    3.07173901    2.36353295    2.21147558    2.49028970    2.40779329    2.41475552    2.98707260    3.09604856    3.05613563    2.31689405    2.52965049    2.25458337    1.95296537    1.60018733    1.59922988    1.78693088    1.57540367    1.56608420    1.69712743    2.29410638    3.28261778    1.69272187    1.64702843    2.11242501    1.88709817    2.23077210    1.74823979    2.97131658    2.18727788    1.93133763    1.45567303    1.52942253    1.86358858    1.77394559    1.55093679    1.98381974    1.34740649    1.89819907    1.90914261    1.94042372    2.05259563    1.68097992    1.51052261    1.59864829    1.80534979    1.76136302    1.78986460    1.71240108    1.96355609
Q122E0_POLSJ/30-99     1.51145822    1.46515675    1.75396590    1.80105430    1.72120533    2.11792011    2.17062168    1.44914841    0.53406204    0.43842917    0.43467831    0.51073230    0.51082926    0.42320394    0.37273158    0.40882357    0.42967147    0.43431678    0.00000000    0.39098490    0.39492714    1.20859707    1.20725802    1.37592478    1.63297210    1.63834495    1.53828531    1.52739139    1.82920473    1.80091110    2.39778854    2.77219735    2.16103267    2.22209064    3.11446631    2.52539353    2.83162045    3.79292702    3.31615228    2.71232372    2.41463085    3.03993408    3.38926763    2.00880944    3.36492160    3.08441957    4.09894248    3.95561358    2.34666806    3.38980423    3.73149814    3.28843203    3.35499705    3.50501959    3.54620739    3.72563491    2.60796175    2.37559974    3.23595757    2.33750385    2.52311769    3.12462430    2.54567009    2.75846843    2.94265629    2.91952892    2.93224808    3.41439727    3.57809362    3.24766435    2.79272302    2.61067299    2.51602361    2.15852038    1.65574723    1.58885209    1.53810694    1.48208846    1.53902592    1.58217251    2.34333932    3.21442807    1.91290549    1.73100219    2.22917785    1.85037602    1.95126240    1.69956890    2.95245562    2.29907567    2.14250449    1.46205651    1.54933672    1.75441333    1.74993325    1.63362390    2.21420774    1.47429641    1.85673943    1.71530358    1.71003485    1.86044782    1.80928846    1.84238864    1.66609812    1.77504523    1.81382431    1.72845694    1.87279984    2.10412725
C4K9P4_THASP/8-77     1.56894831    1.65682649    1.78554894    1.77180231    1.89320123    2.06400564    2.26199746    1.54546460    0.49508099    0.35238911    0.37979920    0.52418725    0.49785812    0.42857596    0.31342863    0.40081916    0.38512615    0.34070215    0.39098490    0.00000000    0.25180190    1.37316636    1.23541357    1.40141403    1.65116182    1.76996599    1.65232444    1.53888286    1.94034226    1.70906231    2.75479387    3.25764775    2.31754042    2.64924296    3.31614643    2.55653631    2.77569601    3.88529601    2.92635094    2.93026419    2.49120142    2.76455471    3.06018917    1.94209545    3.87633708    3.31832059    3.53606632    3.52029111    2.10536634    3.12896599    3.18689491    2.66858407    3.04626093    3.33786135    3.59176438    3.09410184    2.33084915    2.26434396    3.56359455    2.78657379    2.46943843    3.18780274    2.38356738    2.81951698    2.91954170    2.78189617    2.59718911    2.90431816    3.37708501    3.54068960    2.94129921    2.30866072    2.60659827    1.90509811    1.97294258    1.75262299    1.62534175    1.60162384    1.77617156    1.87206446    2.47750011    3.10734482    1.97978376    1.80242446    2.53662601    2.06935849    2.00189653    1.63887527    2.76119665    2.28109636    2.18506733    1.40706684    1.51694292    1.75338220    1.59401831    1.72938108    2.21999167    1.33795172    1.78152221    1.67308827    1.65340483    1.77189993    1.80984468    1.64418177    1.82620645    1.84583999    1.81142207    1.62628355    2.02095547    2.21033942
G2IUU9_PSEUL/14-81     1.55834484    1.70880585    1.79962586    1.46722581    1.68146226    1.79879777    1.77694730    1.56491801    0.64676021    0.35993672    0.41217426    0.49851524    0.48013012    0.40960169    0.39133216    0.47515979    0.49820062    0.41384791    0.39492714    0.25180190    0.00000000    1.33762288    1.16761403    1.61439898    1.74288071    1.74240174    1.43805628    1.59454513    1.90838987    1.53791796    2.82215599    3.24318763    2.75576489    2.68034106    3.06318264    1.98332747    2.61426604    3.59410514    2.87059275    2.68621817    2.33451330    2.63676964    3.11806635    1.88408124    3.57373288    3.04499627    3.41226763    3.48897423    2.36057256    2.85237682    3.08143237    2.85048037    2.78319191    3.20865540    3.75756702    3.18898235    2.05702289    1.92138765    3.13792108    2.47440753    2.43190496    3.16249876    2.17170353    2.71811985    2.76807793    2.64875508    2.72453250    3.57043915    3.57485901    3.49376607    2.40688007    2.29667650    2.53214106    1.90202279    1.96276129    1.74621525    1.78823600    1.90921300    1.99992912    2.01075526    2.51544574    3.08740641    2.02246216    1.73242514    2.28098301    1.95828460    2.11416983    1.63891011    2.78538475    2.22389918    2.07934428    1.40554561    1.46860746    1.85140661    1.61797396    1.67733872    2.25237673    1.44321691    1.68619840    1.65907389    1.73627380    1.78601005    1.55706392    1.66386844    1.71310270    1.72475053    1.91260522    1.85341266    1.87866769    2.09787785
C3PFP5_CORA7/16-84     1.54780803    1.58228923    1.71479341    1.89291988    1.83460075    1.78097033    1.85490936    1.13006462    1.25837635    1.05421862    1.14825258    1.24782852    1.38125594    1.32190438    1.29729898    1.34940117    1.48409353    1.36626713    1.20859707    1.37316636    1.33762288    0.00000000    1.00071874    0.82580460    1.16862475    1.04500737    1.07749736    1.15960531    1.24543942    1.45608577    2.89545928    2.71128595    3.08881801    2.82105974    3.67344645    2.85112608    3.28713190    3.24403908    3.95965117    2.83856536    2.87648788    3.00117029    3.61561299    2.25621821    2.87905519    3.25989754    3.58659433    3.77965991    2.84408746    3.02431518    2.87685041    3.73703024    3.13291510    4.14215811    3.02702688    3.38765948    1.59811892    1.87625042    2.12217452    2.25502734    2.08631880    2.81018740    2.79781729    2.47942820    2.54643784    2.60117985    2.57362168    3.03733489    2.98804502    3.06144968    2.19951703    2.87564296    2.38614541    2.29609189    1.61194883    1.74681311    1.91107999    1.72596228    1.88173267    1.64588236    2.65197189    3.06129118    2.14583093    1.64553925    2.52698396    1.68347088    2.45665880    1.82352389    2.29114497    2.10969127    1.91757950    1.45163516    1.46977563    1.92379021    1.47574365    1.55896291    1.90702789    1.84614155    1.88550355    1.77095107    1.95296877    1.86312149    1.67045597    1.74203212    1.55743306    1.75374342    1.67932657    1.71606066    2.02450341    1.96589477
Q6NFL2_CORDI/34-101     1.68378925    1.73640735    1.94654197    1.66199783    1.63548871    2.10150253    2.02365174    1.56718892    1.19586635    1.10058884    1.17712260    1.44085019    1.40321427    1.34524974    0.91621955    1.10977661    1.23430391    1.24946114    1.20725802    1.23541357    1.16761403    1.00071874    0.00000000    0.69581624    1.14979277    1.03245879    1.29792774    1.19362549    1.51120046    1.70321729    2.69813158    2.26171773    2.25001135    2.66304046    3.50091293    2.41451541    2.87814444    2.98692528    2.90021179    3.29530359    2.75596468    3.33243899    2.78905045    1.97051281    3.05373266    2.93065104    2.70188413    3.80314154    2.75785276    3.03037402    2.71305066    3.22480248    2.74083691    2.95750929    3.41242095    3.36464922    2.46333269    2.25371457    2.55775662    2.54438707    2.12872471    2.64475900    2.89104943    2.26327628    2.58671358    2.18036728    2.39261235    2.92909382    2.94947733    2.24404637    2.46238212    3.23295203    1.89663650    2.19720584    1.77172774    1.95367765    2.05531320    1.94462984    2.25053505    2.01823885    2.86699221    2.45566482    1.77368601    1.81554096    2.00239046    2.08074311    2.07696198    2.10248209    2.73888802    2.20918506    1.73339388    1.76706381    1.47982648    1.85277144    1.79395414    1.54935591    2.22245881    1.71458057    1.80325540    1.78303972    2.10122970    1.98259199    1.62190494    1.98017305    1.70118418    1.94086488    2.01600405    1.86429102    2.05586474    1.95341821
W4TL32_CUTAC/26-93     1.20685489    1.23516066    1.19783497    1.53719092    1.50657990    1.61165899    1.59592935    0.95370149    1.38701683    1.29006298    1.51185266    1.42571564    1.65073592    1.70518999    1.34284685    1.37945361    1.72445035    1.51665497    1.37592478    1.40141403    1.61439898    0.82580460    0.69581624    0.00000000    0.55149254    0.65753105    0.64647495    0.84413898    1.13041613    1.70368134    2.35655752    2.34793399    2.32632841    2.28505629    3.40268726    2.70927022    3.57199702    3.54276385    2.97742451    3.27227298    2.88474250    3.17551235    3.64364415    2.05368053    2.86809297    3.00185989    2.71120620    3.32841310    2.95016886    3.35319656    2.97352379    3.47250838    2.96172563    2.84108364    3.19578964    3.10974463    1.51657622    1.83540841    2.39193597    2.33041956    1.86157713    2.39321625    2.55364547    1.86171591    1.99140419    1.90159406    2.09887333    2.69417589    2.74625289    2.48508196    2.21016156    2.56480355    1.91345738    2.01138824    1.87077486    1.82015128    2.13523333    1.70882914    1.74944073    1.73027658    2.61008529    2.72559302    1.76269080    1.56556220    1.93906230    1.34423774    1.77324092    1.55744913    2.04279840    1.57221257    1.60447712    1.38549517    1.23464788    1.58243852    1.38641319    1.26033687    1.80912538    1.35543362    1.53934451    1.49327801    1.47911845    1.63838774    1.50490542    1.66771735    1.73148301    1.56242704    1.28790125    1.34294029    1.66808806    1.56988093
D5UEK2_CELFN/33-100     1.03526417    1.08456580    1.53820278    1.32731088    1.50228615    1.17451025    1.31000976    0.91241446    1.41495245    1.22092154    1.42957324    1.33056250    1.51229199    1.55031374    1.37555407    1.52869248    1.77564152    1.49647362    1.63297210    1.65116182    1.74288071    1.16862475    1.14979277    0.55149254    0.00000000    0.42135370    0.55721649    0.65009462    0.75216279    1.41269620    2.48499415    2.44305634    2.45572003    2.52930866    3.01997249    2.37406564    3.46071004    3.88389014    2.65395831    3.05375719    3.12174563    2.96414105    3.04978591    2.36777504    2.91321297    3.43834459    2.95393754    2.73657374    3.07983601    3.28521174    2.86302564    3.02079212    2.91814254    3.57480051    3.02581757    2.71036518    1.62715166    2.06744445    2.06416799    2.21405544    2.00122422    2.49896449    2.78322653    2.51666643    2.50013799    2.22949658    2.11372096    2.45058442    2.17457241    2.47193844    2.62840452    2.70671661    1.97266944    2.11806182    1.80615856    1.60258407    2.03800195    1.80357771    1.78134369    1.52800467    2.39002913    2.61389752    1.69753246    1.56985262    1.90858092    1.32779218    1.99331574    1.20605680    1.93065764    1.48105008    1.28287837    1.07204249    0.98848975    1.25488779    1.24048261    1.02706824    1.21686775    1.18382001    1.62560865    1.44742654    1.44862659    1.77201212    1.46997268    1.60160192    1.59567762    1.58092695    1.08347939    1.34464834    1.35962696    1.36490501
