71
D7DWF9_NOSA0/3-94     0.00000000    0.36049598    0.41693053    0.34266662    0.44242876    0.35847798    0.47039823    0.35619632    0.29641405    0.40887966    0.53734096    0.51774793    0.43580045    0.41402674    0.50994043    0.67920484    0.65902273    0.84764560    0.71605156    0.64830425    0.74140953    0.80658657    0.75678547    0.92037105    0.69818620    0.76530662    1.15985945    0.90029148    1.12334303    1.11618818    1.18641853    1.14255169    1.17907603    1.24659128    1.04325979    1.13781106    1.51622335    1.08534466    1.87384352    2.15287082    1.86100569    1.74500070    1.78176431    2.21891629    2.04840251    2.00170803    1.81968204    2.23434571    1.74034538    1.74771092    2.09902416    1.84726682    1.89241085    1.84342602    1.91052304    1.79509296    1.77356297    2.21284914    2.09951618    2.13742076    2.06689933    2.22585279    1.98645027    2.53392506    1.88529078    1.69809822    1.56454636    1.57582127    0.47146590    0.49839296    0.52341903
Q8Z058_NOSS1/3-94     0.36049598    0.00000000    0.40397393    0.43709637    0.38218580    0.34587719    0.38147568    0.50459422    0.35245918    0.48681235    0.52170552    0.62522957    0.46118933    0.56683100    0.57733165    0.66754710    0.62369751    0.86309229    0.70519908    0.73620587    0.75525148    0.84077209    0.69419410    0.82605990    0.69805449    0.70153469    1.11573475    1.01461350    1.10763253    1.15028651    1.06745495    1.09786847    1.24368441    1.23529283    0.93802346    1.15935885    1.65742587    1.14351089    1.98976239    2.41690121    2.07746184    1.84942587    1.79263489    2.37812544    2.24105516    2.15536592    1.86311335    2.18480419    1.88978556    1.74516793    2.04763111    2.07840610    1.84268955    1.89671964    2.46677797    2.02494496    2.04860863    2.03215496    2.37619764    2.07039272    2.01707125    2.24604649    1.94723982    2.38714166    1.78299557    1.78266949    1.73153927    1.67766030    0.42756242    0.51133458    0.55078057
K9R5I2_9CYAN/5-96     0.41693053    0.40397393    0.00000000    0.44200962    0.45921576    0.40898561    0.45462557    0.47169559    0.39334735    0.44265191    0.54846545    0.55236109    0.44514175    0.55984289    0.60528226    0.72943292    0.61127594    0.80405416    0.66703347    0.67466228    0.75265334    0.74138787    0.76422163    0.81516914    0.71980164    0.81312254    1.12340800    0.98369761    1.08764249    1.08010751    1.16401618    1.07122115    1.40827532    1.20665712    0.97785974    1.18988398    1.38750280    0.95007116    1.77440833    1.93780047    1.81005430    1.56791627    1.51525057    2.17485677    2.15120611    2.05604530    1.92645465    2.17441190    1.57054362    1.58938061    1.77091549    1.65180785    1.78778155    1.89170486    2.24304279    1.83600983    1.76815489    1.94920376    2.25862994    1.80402105    1.92360525    2.08609110    1.74053799    2.08742710    1.87301749    1.67811551    1.50650386    1.55220542    0.50986482    0.66008652    0.54397873
K7WRS3_9NOST/3-94     0.34266662    0.43709637    0.44200962    0.00000000    0.43011651    0.36205342    0.48560137    0.56812309    0.44415650    0.46099524    0.66814810    0.67949205    0.57773974    0.56290476    0.65287636    0.87493425    0.78904599    0.99635588    0.88334329    0.77856466    0.89627890    0.91641155    0.82198694    0.98544854    0.88389982    0.97420378    1.25552364    1.02288688    1.14986115    1.25389683    1.24144996    1.12458826    1.29851543    1.15736806    1.13442031    1.18547916    1.57855391    1.07081251    2.13130893    2.17613624    1.99193226    1.79510924    1.94333402    2.13131389    2.25958076    2.07650538    1.92806499    2.29668517    1.80335082    1.84982602    2.16124411    2.03734358    1.95701629    1.86509572    2.30238883    1.89502789    1.88915582    2.04159733    2.32074804    2.02247376    1.98749518    2.02985412    1.85259559    2.26856652    2.05743151    1.72720163    1.63230502    1.66339833    0.66885515    0.52041286    0.61131136
K9QC73_9NOSO/3-94     0.44242876    0.38218580    0.45921576    0.43011651    0.00000000    0.32591990    0.46720347    0.47998465    0.43717363    0.37166194    0.61606220    0.74075010    0.55717757    0.48786958    0.74271291    0.77203047    0.69467750    1.05020597    0.67994461    0.89414045    0.86504253    0.84069490    0.90569170    0.86984997    0.74529351    0.89652708    1.19555436    1.04321943    1.07564125    1.16709764    1.12575213    1.04602256    1.32721111    1.18292104    1.03628204    1.12236565    1.55498210    1.20546425    1.91059842    2.01535103    1.96249673    1.80211335    1.50603186    2.09768877    2.00812085    1.97561529    1.74587199    2.23259430    1.71614393    1.73634934    2.03118074    1.94720356    1.79211802    1.95511550    2.15128543    1.79485721    2.03054897    2.13121407    2.34490739    2.03990703    2.06141362    1.97284467    1.88051954    2.16621742    1.79196271    1.78860832    1.60403874    1.48975980    0.66793699    0.57653269    0.63126661
B2J3H4_NOSP7/4-95     0.35847798    0.34587719    0.40898561    0.36205342    0.32591990    0.00000000    0.37926404    0.44882381    0.36420149    0.37468414    0.60910534    0.59078200    0.47587723    0.52863954    0.60343687    0.70429568    0.70468887    0.95219296    0.61332742    0.82588108    0.78184076    0.74224103    0.83461883    0.87145348    0.80793035    0.80863771    1.10005041    1.15893063    1.03840133    1.21617579    1.15037123    1.17117448    1.25041767    1.24824083    1.04458673    1.07607796    1.54448218    1.11353065    2.11182568    2.26723446    2.06852095    1.89669605    1.58674082    2.34632607    2.12323488    1.95234238    1.80274173    2.45701107    1.62635798    1.60728408    1.93451996    1.94050686    1.69839644    2.04136663    2.20388386    1.87198648    1.85284274    2.22340559    2.19127152    2.16942685    2.02085365    2.36581748    1.99014708    2.64034718    1.66370826    1.66311092    1.63588749    1.69710633    0.53887186    0.53346608    0.60289853
K9PJS5_9CYAN/3-94     0.47039823    0.38147568    0.45462557    0.48560137    0.46720347    0.37926404    0.00000000    0.55560860    0.35753140    0.52192751    0.61512252    0.61905801    0.53841945    0.65442963    0.66109821    0.67477337    0.73852439    0.89561747    0.69137075    0.73368682    0.90803516    0.86801579    0.84523872    0.77401762    0.75746704    0.86707360    1.12035931    0.95465991    1.13900974    1.13521688    1.27471692    1.14032984    1.32599147    1.38819636    1.15207055    1.23906501    1.60071377    1.25950724    2.17909017    2.21456774    2.11226034    1.90340869    1.70059649    2.40534218    2.19129761    2.16304255    1.94329830    2.62097271    1.88235206    1.72094437    1.91008415    2.13184127    1.91473323    2.01125155    2.15633561    1.90094891    1.79870290    2.06902828    2.00492913    1.87802517    1.97840441    2.11783951    1.98989096    2.35778814    1.82826197    1.78026219    1.68886615    1.70692797    0.62363738    0.60380732    0.59986822
K9V6D1_9CYAN/3-94     0.35619632    0.50459422    0.47169559    0.56812309    0.47998465    0.44882381    0.55560860    0.00000000    0.33914309    0.42803350    0.64511126    0.63907528    0.43334564    0.55980573    0.52557346    0.73030694    0.64322982    0.85845333    0.63945443    0.71809067    0.73690349    0.75745080    0.80073471    0.84653789    0.65911739    0.86535054    1.27815140    0.89762240    0.94844499    1.08486730    1.06225253    1.19859423    1.29981522    1.32795879    1.04207266    1.11757275    1.65548823    1.19165732    1.90585976    2.19701457    1.87798338    1.55206447    1.60590713    2.21452489    2.30807034    2.17337099    1.85253635    2.36817555    1.74201590    1.75085779    1.88468978    1.95170233    1.66581820    1.80896602    1.67560471    1.85891051    1.69065086    1.88948721    2.08477797    1.77079564    1.73693097    1.96079463    1.85545820    2.17387893    1.76370978    1.87051992    1.80224132    1.76249590    0.53902700    0.69674724    0.61384117
A0ZJ09_NODSP/3-94     0.29641405    0.35245918    0.39334735    0.44415650    0.43717363    0.36420149    0.35753140    0.33914309    0.00000000    0.35210075    0.56273722    0.52992370    0.40466484    0.45738665    0.54661477    0.60369694    0.66268535    0.76945703    0.65291824    0.74758811    0.82271133    0.84428816    0.77657049    0.80663433    0.65306740    0.77169227    1.10762470    0.90653574    0.95732005    1.06359223    1.03841080    1.28352823    1.24649064    1.31242848    0.97020100    1.03017055    1.63203434    1.02872248    1.78787470    1.94777243    1.85391431    1.59973147    1.62453560    2.47158999    2.04498639    2.00081497    1.89120548    2.26693077    1.59638553    1.67678147    1.94037286    1.94027005    1.76660816    1.85147075    1.94495545    1.85672292    1.85130354    2.02491062    1.97743622    1.87617917    1.97216731    2.17783174    1.89952057    2.48102886    1.90150410    1.63573395    1.59142399    1.69603604    0.54566538    0.51081908    0.51161554
K9XIQ4_9CHRO/3-94     0.40887966    0.48681235    0.44265191    0.46099524    0.37166194    0.37468414    0.52192751    0.42803350    0.35210075    0.00000000    0.43499873    0.52110438    0.41547288    0.40092878    0.55037946    0.70283358    0.63998348    0.85280619    0.56517412    0.69594967    0.76581363    0.72336605    0.74086554    0.86090478    0.76071559    0.71979503    1.10378783    0.91305459    1.01478162    1.07668427    1.08909356    0.97863115    1.28809474    1.20486393    1.06436882    1.00552350    1.55539413    1.07440511    1.91863940    2.24459299    1.86467757    1.60825287    1.65670062    2.09670298    1.88698412    2.04973834    1.83547545    2.26676580    1.78722077    1.64265094    1.99842241    2.00676298    1.73218674    1.90474137    2.03375003    1.83079674    1.72340633    1.82129469    2.11007554    1.96557361    2.00990674    2.08665784    1.97758093    2.30532267    1.97033965    1.64816534    1.55826160    1.49092372    0.50922047    0.66901205    0.47383773
D4ZRG4_ARTPN/3-94     0.53734096    0.52170552    0.54846545    0.66814810    0.61606220    0.60910534    0.61512252    0.64511126    0.56273722    0.43499873    0.00000000    0.48417922    0.45063538    0.51347536    0.61705862    0.81448374    0.64717550    0.79446818    0.74396003    0.85601382    0.80347088    0.78630280    0.72997128    0.81316572    0.78663851    0.83270435    1.04482513    0.93232734    1.21276723    1.10984146    1.24604188    1.09525423    1.14762161    1.29211420    1.07811988    1.03536166    1.57259880    1.30611851    1.99261143    2.26241663    2.06062002    1.66818403    1.53769941    2.08914354    2.09606636    1.85465601    1.76794274    2.01473298    1.76953379    1.44785061    1.86002901    2.11651595    1.93508338    1.70015563    1.99058480    1.68387008    1.65677634    1.80601917    1.91968769    1.87251284    1.84881180    2.09177630    1.83917012    2.07271404    2.00510343    1.69843057    1.59047057    1.69396303    0.57485388    0.71065299    0.44774042
Q114J7_TRIEI/3-94     0.51774793    0.62522957    0.55236109    0.67949205    0.74075010    0.59078200    0.61905801    0.63907528    0.52992370    0.52110438    0.48417922    0.00000000    0.55490068    0.60395837    0.61070298    0.63446879    0.62483748    0.73286880    0.68644637    0.77173082    0.74725940    0.76878038    0.72616259    0.87586969    0.78026671    0.77037308    1.04021555    0.86520557    1.18840536    1.06276635    1.22587153    1.09297839    1.13053576    1.36093961    1.04777154    1.24410247    1.57615223    1.17833416    1.93213021    2.26489452    2.25783273    1.80451547    1.94438417    2.44678791    2.10371918    2.33124467    1.80353421    2.11021460    1.97457090    1.71479215    2.06334842    2.13364651    1.99972742    1.72775437    1.78190711    1.75311148    1.94498297    2.27532320    2.20284015    2.15926086    2.11277350    2.15031187    2.05681277    2.16856375    1.76758621    1.91724873    1.80872402    2.06679927    0.62704523    0.66304736    0.54583787
K9TV21_CHRTP/3-94     0.43580045    0.46118933    0.44514175    0.57773974    0.55717757    0.47587723    0.53841945    0.43334564    0.40466484    0.41547288    0.45063538    0.55490068    0.00000000    0.39101121    0.48796504    0.57676677    0.57201067    0.69001060    0.57030291    0.66579124    0.80787432    0.71024012    0.72301930    0.79536414    0.61206076    0.76768209    1.05932525    0.93815231    0.98460872    1.08809752    1.10320708    1.11853997    1.26567947    1.47509063    0.94168198    1.03206196    1.59419831    1.20518667    1.84697889    2.11412305    1.90842905    1.68799373    1.69879286    2.24422713    2.23734295    2.08079776    2.06853516    2.17785415    1.70985728    1.53952194    1.95096920    2.10040446    1.68722238    1.81831328    1.86450779    1.81935758    1.75882722    1.99289855    2.23965159    2.00752427    1.90033595    2.22207761    1.77305575    2.22585361    1.75376751    1.80156480    1.60808939    1.64612009    0.45351089    0.62780284    0.44151538
K9VZB4_9CYAN/3-94     0.41402674    0.56683100    0.55984289    0.56290476    0.48786958    0.52863954    0.65442963    0.55980573    0.45738665    0.40092878    0.51347536    0.60395837    0.39101121    0.00000000    0.55175847    0.75315423    0.78802682    0.94511996    0.75043881    0.84681978    0.91004855    0.96248397    0.81548548    0.93309306    0.86716728    0.85220535    0.99660013    0.85640349    1.06077956    0.99488892    1.07548959    1.09219328    1.17834510    1.40486535    1.15748848    1.13627874    1.67617637    1.18824348    1.86913082    1.95541470    1.74594194    1.72343700    1.60532332    2.19661690    1.88281185    1.70191581    1.52448282    2.11279808    1.59044699    1.42408091    1.79969013    1.85534366    1.60956855    1.70529919    1.87100560    1.63367775    1.73158935    1.98716935    2.23052450    2.08669158    1.94988174    2.17680014    1.63247019    2.11988043    1.60849434    1.64579322    1.57436495    1.28661440    0.50739535    0.52713978    0.39535334
K9SAB7_9CYAN/3-94     0.50994043    0.57733165    0.60528226    0.65287636    0.74271291    0.60343687    0.66109821    0.52557346    0.54661477    0.55037946    0.61705862    0.61070298    0.48796504    0.55175847    0.00000000    0.61815918    0.60530408    0.79330282    0.62901016    0.78127258    0.59871244    0.65803035    0.72954452    0.77599890    0.53997804    0.60776549    1.03064050    0.92149052    1.05256839    1.09278398    1.09692178    1.09758532    1.15507884    1.49009876    0.81059824    1.22131761    1.55468019    1.00241473    1.70677042    2.12124082    2.01473346    1.90907844    1.64356575    2.32480042    2.16198172    1.95523099    1.84428322    2.11632685    1.97078198    1.73653377    1.85056160    2.20987158    1.80330629    1.78154183    1.83612731    1.46026871    1.51686639    1.93882083    2.05049031    1.91883253    1.99032547    1.93751755    1.93075128    2.13838102    1.49668357    1.86671302    1.61060781    1.78451463    0.55821824    0.56756281    0.60921200
K9YHM0_HALP7/4-95     0.67920484    0.66754710    0.72943292    0.87493425    0.77203047    0.70429568    0.67477337    0.73030694    0.60369694    0.70283358    0.81448374    0.63446879    0.57676677    0.75315423    0.61815918    0.00000000    0.66469729    0.74530409    0.72073570    0.70372338    0.69716076    0.69663779    0.81847473    0.87678461    0.76581982    0.65753967    0.85333202    0.90334609    1.07946449    1.15514325    1.23480461    1.11809006    1.08960505    1.47311880    1.10278604    1.20435868    1.52131714    1.21796534    1.50016887    1.92863863    2.00725852    1.75249438    1.50843502    2.26550172    1.98503944    2.05762552    1.83431703    2.19109478    1.91269554    1.81895250    1.83983402    2.22440232    1.67635564    2.03532980    1.90050179    1.61414377    1.74582978    2.02753390    1.99096809    1.72940053    1.89407860    1.85889441    1.85321811    2.26828152    1.83877435    1.70282100    1.49627202    1.98409378    0.68626526    0.82767650    0.72744184
B0C9N3_ACAM1/3-94     0.65902273    0.62369751    0.61127594    0.78904599    0.69467750    0.70468887    0.73852439    0.64322982    0.66268535    0.63998348    0.64717550    0.62483748    0.57201067    0.78802682    0.60530408    0.66469729    0.00000000    0.69381510    0.47773172    0.61148238    0.49518739    0.49465742    0.57849243    0.68179700    0.43822802    0.59802897    1.07779790    1.02281028    1.24048402    1.26030950    1.44057504    1.17255985    1.26448419    1.48583809    1.13522408    1.28940249    1.24558257    0.92541847    1.62822917    1.90695092    1.96911723    1.42242812    1.49463819    1.85191945    1.89593189    1.88092347    1.56912827    2.02486060    1.63719333    1.36085884    1.73299501    1.78193278    1.61065468    1.63504231    2.00837782    1.60199003    1.56557344    1.80063725    1.87987245    1.74841757    1.69894517    1.87672773    1.55532818    1.75289703    1.35746257    1.80507194    1.37240644    1.65999437    0.76516927    0.66659767    0.68312189
P72801_SYNY3/3-93     0.84764560    0.86309229    0.80405416    0.99635588    1.05020597    0.95219296    0.89561747    0.85845333    0.76945703    0.85280619    0.79446818    0.73286880    0.69001060    0.94511996    0.79330282    0.74530409    0.69381510    0.00000000    0.67374970    0.64078516    0.73084315    0.67228455    0.68169740    0.85685905    0.75299213    0.79929286    1.20098772    1.36881686    1.60487693    1.51828710    1.46455506    1.49908448    1.27074383    1.49557988    1.41508602    1.34178450    1.71756700    1.35050626    1.96258108    2.11053622    1.90006395    1.46498472    1.82922771    1.89610904    2.03108012    2.01152233    2.01370477    2.09176225    1.87571338    1.73487852    1.99225505    1.96475553    1.81611926    1.90924977    1.73326066    1.88076262    1.89649471    1.80918879    1.90742327    1.93084399    1.73642793    1.89465965    1.76223689    2.14120816    1.93246486    1.90090875    1.60202061    2.05204070    0.94114623    0.95897104    0.72787852
K9T105_9CYAN/3-92     0.71605156    0.70519908    0.66703347    0.88334329    0.67994461    0.61332742    0.69137075    0.63945443    0.65291824    0.56517412    0.74396003    0.68644637    0.57030291    0.75043881    0.62901016    0.72073570    0.47773172    0.67374970    0.00000000    0.48951469    0.60047971    0.50073583    0.67995806    0.64531392    0.61795119    0.56401930    1.21942079    1.12118963    1.30153713    1.33475036    1.51913502    1.27388727    1.40519764    1.29288631    1.05534290    1.40648559    1.64675459    1.10689897    1.74923506    2.19077957    2.13314257    1.60941421    1.71162989    2.20417480    1.88272127    1.95875319    1.75484241    2.14218906    1.65538428    1.53971935    1.91132640    2.05201933    1.80786259    1.70306170    1.93894053    1.88742242    1.80386341    2.00217894    2.15589878    2.10127217    1.89452645    2.01614944    1.79290740    2.23191891    1.49936619    1.95044629    1.83186129    1.70010530    0.73491355    0.75413308    0.69760912
B0JXV8_MICAN/4-94     0.64830425    0.73620587    0.67466228    0.77856466    0.89414045    0.82588108    0.73368682    0.71809067    0.74758811    0.69594967    0.85601382    0.77173082    0.66579124    0.84681978    0.78127258    0.70372338    0.61148238    0.64078516    0.48951469    0.00000000    0.58937096    0.57423056    0.68067022    0.76330404    0.64505946    0.61978443    1.32352658    1.06264721    1.35887001    1.35452330    1.57030649    1.07781833    1.37685044    1.20053199    1.27531419    1.46440203    1.49262199    1.03279290    1.76789363    2.21987778    2.09119579    1.31447031    1.65759885    1.87867052    2.12686858    1.81775878    1.82937142    2.30927738    1.52266820    1.66742621    1.90939603    1.62855462    1.85839810    1.93732910    1.90193358    1.87216827    1.45963746    1.50716197    1.75834886    1.53576302    1.53598235    1.48835442    1.48399489    1.61841024    1.54354540    1.87205728    1.48291878    1.78225941    0.80164598    0.83967584    0.84711521
K9YLR6_CYASC/3-94     0.74140953    0.75525148    0.75265334    0.89627890    0.86504253    0.78184076    0.90803516    0.73690349    0.82271133    0.76581363    0.80347088    0.74725940    0.80787432    0.91004855    0.59871244    0.69716076    0.49518739    0.73084315    0.60047971    0.58937096    0.00000000    0.37039218    0.63400442    0.69797912    0.54716391    0.60179399    1.15766930    1.18128257    1.38238587    1.39634127    1.43478086    1.21395293    1.47604803    1.44374458    1.01724886    1.31426248    1.55035076    1.02870385    1.52377447    2.01870973    2.13044596    1.68587453    1.70818163    2.18681005    2.06110220    2.02653920    1.67680557    1.85708410    1.52197653    1.53381267    1.92922654    1.99466709    1.77751270    1.79948653    1.62428565    1.46049246    1.66223864    1.63800401    1.93044148    1.79065890    1.54940223    1.79953607    1.63797462    1.59771806    1.68979974    1.76921206    1.53059285    1.85912010    0.99435428    0.81077586    0.80158009
K9YZN3_CYAAP/3-91     0.80658657    0.84077209    0.74138787    0.91641155    0.84069490    0.74224103    0.86801579    0.75745080    0.84428816    0.72336605    0.78630280    0.76878038    0.71024012    0.96248397    0.65803035    0.69663779    0.49465742    0.67228455    0.50073583    0.57423056    0.37039218    0.00000000    0.61586091    0.63997888    0.50750486    0.56795560    1.28988107    1.10903277    1.39844140    1.37889877    1.43965202    1.32231831    1.19603215    1.45941572    1.12740946    1.26359888    1.59822081    1.08772698    1.76704029    2.07759980    2.11563273    1.78956762    1.63586579    2.17310698    2.17601950    1.88989758    1.90943210    1.98874511    1.62922289    1.67011526    1.86496800    2.11102934    1.92733036    1.93262853    1.97843279    1.71395401    1.71554111    1.85954828    2.21994744    2.11142278    1.95491963    1.89327894    1.79013433    2.00406613    1.68290591    1.93239449    1.62457099    1.96780727    0.87379052    0.83173388    0.68291250
B1WNA2_CROS5/5-96     0.75678547    0.69419410    0.76422163    0.82198694    0.90569170    0.83461883    0.84523872    0.80073471    0.77657049    0.74086554    0.72997128    0.72616259    0.72301930    0.81548548    0.72954452    0.81847473    0.57849243    0.68169740    0.67995806    0.68067022    0.63400442    0.61586091    0.00000000    0.62082800    0.57494474    0.71510884    1.32165326    1.18932508    1.54725009    1.51425264    1.63436038    1.33596447    1.32380120    1.47970218    1.29769098    1.25748406    1.46210560    1.10935288    1.68480805    2.03700179    1.88780602    1.34566736    1.64319831    2.01051457    2.11913843    1.91044607    1.67434782    1.72212871    1.49009546    1.37314241    1.82034245    1.88940426    1.49289776    1.53647881    1.86371044    1.56441962    1.65376131    1.85636492    1.92852782    1.72419265    1.66700141    1.95710415    1.91144615    2.14120518    1.39049023    1.63416639    1.54719809    1.76535435    0.84053618    0.83842104    0.58101958
K9Y024_STAC7/3-94     0.92037105    0.82605990    0.81516914    0.98544854    0.86984997    0.87145348    0.77401762    0.84653789    0.80663433    0.86090478    0.81316572    0.87586969    0.79536414    0.93309306    0.77599890    0.87678461    0.68179700    0.85685905    0.64531392    0.76330404    0.69797912    0.63997888    0.62082800    0.00000000    0.50639896    0.73146275    1.29893037    1.27793017    1.42870449    1.36334523    1.49302136    1.30113302    1.35838050    1.53186813    1.44186418    1.52840943    1.72868827    1.18614816    1.64772038    1.75149000    1.83176609    1.39146260    1.37140739    1.68231045    1.97274212    1.75868094    1.63532655    1.65686234    1.55091770    1.40102967    1.73849237    1.67536289    1.28064409    1.50666704    1.80574276    1.47400691    1.48980797    1.67950401    1.88791551    1.62533211    1.66449858    1.74264836    1.64246627    1.86379884    1.51081858    1.41786131    1.54941352    1.61522117    0.99459368    0.98591923    0.81850377
B7JYW3_RIPO1/3-93     0.69818620    0.69805449    0.71980164    0.88389982    0.74529351    0.80793035    0.75746704    0.65911739    0.65306740    0.76071559    0.78663851    0.78026671    0.61206076    0.86716728    0.53997804    0.76581982    0.43822802    0.75299213    0.61795119    0.64505946    0.54716391    0.50750486    0.57494474    0.50639896    0.00000000    0.59070256    1.34533683    1.17122621    1.34177325    1.42193546    1.43497342    1.39110348    1.34574140    1.54959888    1.10065936    1.36299969    1.76657702    1.16324142    1.57022125    1.83237470    1.81226345    1.49100921    1.26594644    1.77933925    2.08441871    1.53062271    1.51508286    1.81009284    1.50966174    1.32583887    1.61649461    1.70012131    1.57727304    1.49486391    1.81647932    1.50902014    1.67931720    1.85875171    2.12418621    1.85973216    1.86154476    1.99560059    1.68172798    1.88714837    1.44644853    1.61543685    1.52067971    1.70272796    0.77710027    0.77668457    0.83812563
E0U5M6_GLOV7/3-91     0.76530662    0.70153469    0.81312254    0.97420378    0.89652708    0.80863771    0.86707360    0.86535054    0.77169227    0.71979503    0.83270435    0.77037308    0.76768209    0.85220535    0.60776549    0.65753967    0.59802897    0.79929286    0.56401930    0.61978443    0.60179399    0.56795560    0.71510884    0.73146275    0.59070256    0.00000000    1.19577795    1.13644724    1.27170508    1.60105714    1.37979563    1.12286254    1.29476768    1.32114433    1.20302244    1.32174242    1.56121632    1.16338576    1.69176488    1.98648755    2.19472032    1.54702093    1.58344069    1.85283422    1.81412110    1.56469236    1.51444196    1.55982070    1.63610329    1.51610358    1.53104347    1.66950258    1.63335634    1.77410418    1.66856026    1.74597205    1.50402458    1.56258436    1.81386839    1.74281872    1.69590041    1.69452834    1.62440046    1.89200802    1.45939565    1.74107514    1.64578283    1.82762070    0.78302638    0.93234984    0.80576547
B5E8F1_GEOBB/3-94     1.15985945    1.11573475    1.12340800    1.25552364    1.19555436    1.10005041    1.12035931    1.27815140    1.10762470    1.10378783    1.04482513    1.04021555    1.05932525    0.99660013    1.03064050    0.85333202    1.07779790    1.20098772    1.21942079    1.32352658    1.15766930    1.28988107    1.32165326    1.29893037    1.34533683    1.19577795    0.00000000    0.66554482    0.75983005    0.75707267    0.94681202    0.85479118    1.03965015    1.47446942    1.29833205    1.50464271    1.44567563    1.24366422    1.45784807    1.86800494    2.06650287    1.70477108    1.55133691    2.18580344    2.46400736    1.77223622    1.82640470    2.13507702    1.86016370    1.76688162    1.85948990    1.96239200    1.81182405    1.83274292    1.75103885    1.44178638    1.54402582    1.89641981    1.77968191    1.67863312    2.01106990    1.74957473    1.75745440    1.94972114    1.74385362    1.69885423    1.47541817    1.88931579    1.00600699    1.21684058    1.08745684
Q747E0_GEOSL/4-94     0.90029148    1.01461350    0.98369761    1.02288688    1.04321943    1.15893063    0.95465991    0.89762240    0.90653574    0.91305459    0.93232734    0.86520557    0.93815231    0.85640349    0.92149052    0.90334609    1.02281028    1.36881686    1.12118963    1.06264721    1.18128257    1.10903277    1.18932508    1.27793017    1.17122621    1.13644724    0.66554482    0.00000000    0.42802509    0.40871408    0.71743210    0.73985829    1.12390233    1.20709433    1.21115500    1.29805692    1.57041025    1.12715906    1.46642082    1.87230756    1.43936495    1.68019414    1.78652315    2.01073168    1.81148166    1.68672299    1.73784114    1.77815849    1.72998280    1.72956024    1.47436963    1.81875564    1.71638836    1.76531408    1.53766509    1.72815870    1.42121089    1.78230158    1.68566861    1.57909588    1.85984600    1.63085484    1.41366072    1.85684708    1.70408589    1.69513597    1.55038999    1.66714660    0.80091633    0.96429640    0.95699110
Q39ZE9_GEOMG/3-94     1.12334303    1.10763253    1.08764249    1.14986115    1.07564125    1.03840133    1.13900974    0.94844499    0.95732005    1.01478162    1.21276723    1.18840536    0.98460872    1.06077956    1.05256839    1.07946449    1.24048402    1.60487693    1.30153713    1.35887001    1.38238587    1.39844140    1.54725009    1.42870449    1.34177325    1.27170508    0.75983005    0.42802509    0.00000000    0.51278548    0.62478780    0.79989952    1.39116818    1.28501123    1.19276201    1.24356949    1.52200081    1.07942096    1.55190827    1.64983466    1.46868207    1.88876729    1.77433341    2.00979979    2.28682642    1.80202748    2.01015566    2.17185029    1.66885740    1.93568146    1.62069394    1.80251755    1.64055786    1.86420729    1.90898951    1.94745146    1.78987995    1.91841848    2.10285418    1.87781093    2.23138955    1.90306715    1.92639623    2.29989591    1.93015394    1.64366576    1.77952508    1.75083694    0.95482764    1.18694910    1.08197807
A5GD43_GEOUR/3-94     1.11618818    1.15028651    1.08010751    1.25389683    1.16709764    1.21617579    1.13521688    1.08486730    1.06359223    1.07668427    1.10984146    1.06276635    1.08809752    0.99488892    1.09278398    1.15514325    1.26030950    1.51828710    1.33475036    1.35452330    1.39634127    1.37889877    1.51425264    1.36334523    1.42193546    1.60105714    0.75707267    0.40871408    0.51278548    0.00000000    0.61539081    0.83337901    1.15395258    1.36393437    1.30136280    1.61553484    1.50901132    1.17167225    1.51322615    1.53308529    1.49053671    1.75105318    1.83292914    2.02358375    2.09232194    1.64180332    1.79274156    1.86083733    1.65090501    1.65582293    1.68355838    1.85317107    1.69190591    1.99783143    1.80352711    1.59705449    1.44470886    1.75082246    1.81121574    1.71188601    2.04468110    1.78965398    1.58120788    1.79345901    1.50118130    1.54506314    1.74467777    1.66479917    1.01654100    1.20496811    1.11843640
B9M3D8_GEODF/4-94     1.18641853    1.06745495    1.16401618    1.24144996    1.12575213    1.15037123    1.27471692    1.06225253    1.03841080    1.08909356    1.24604188    1.22587153    1.10320708    1.07548959    1.09692178    1.23480461    1.44057504    1.46455506    1.51913502    1.57030649    1.43478086    1.43965202    1.63436038    1.49302136    1.43497342    1.37979563    0.94681202    0.71743210    0.62478780    0.61539081    0.00000000    0.97511803    1.59275050    1.50151127    1.31903568    1.60213116    1.61626551    1.30598078    1.86957338    2.11913231    1.79092729    2.04307202    2.14530242    2.47512527    2.62198328    1.82852828    1.76707278    2.19308285    1.80441815    2.12606088    1.82554681    2.10674361    1.74782754    1.87520194    2.09363074    1.86598101    2.03031342    2.02174375    2.39938731    2.14471742    2.32650130    2.29068937    2.23349756    2.23032434    1.92358154    1.86456578    1.79413592    1.74621741    0.93652251    1.19114300    1.14849176
B3E8J5_GEOLS/7-95     1.14255169    1.09786847    1.07122115    1.12458826    1.04602256    1.17117448    1.14032984    1.19859423    1.28352823    0.97863115    1.09525423    1.09297839    1.11853997    1.09219328    1.09758532    1.11809006    1.17255985    1.49908448    1.27388727    1.07781833    1.21395293    1.32231831    1.33596447    1.30113302    1.39110348    1.12286254    0.85479118    0.73985829    0.79989952    0.83337901    0.97511803    0.00000000    1.44287823    1.33840594    1.47442646    1.48098024    1.69224036    1.15700662    1.66655129    2.28329289    2.11823887    1.75371387    1.85271441    1.92357151    2.00151338    1.65859579    1.87609567    2.42212094    1.72393099    2.11745438    1.89027874    1.64903624    1.85941286    1.68841259    2.14792454    1.98744477    1.51781265    1.58804288    1.85583966    1.77070890    1.53558789    1.69343766    1.65007378    1.88151777    1.93616107    1.66628632    1.53578903    1.80484596    1.23066861    1.27915788    1.14961715
E1WZF3_HALMS/3-94     1.17907603    1.24368441    1.40827532    1.29851543    1.32721111    1.25041767    1.32599147    1.29981522    1.24649064    1.28809474    1.14762161    1.13053576    1.26567947    1.17834510    1.15507884    1.08960505    1.26448419    1.27074383    1.40519764    1.37685044    1.47604803    1.19603215    1.32380120    1.35838050    1.34574140    1.29476768    1.03965015    1.12390233    1.39116818    1.15395258    1.59275050    1.44287823    0.00000000    1.69638878    1.45146413    1.11453735    1.58968526    1.47622906    1.69814226    1.85093600    2.04456104    1.73287271    1.68984640    1.92738934    2.23006374    1.91555240    1.97896517    1.76828689    1.88523933    1.83037953    1.83791419    2.10947170    1.72446197    1.91446412    1.88937752    1.51570405    1.36853229    1.70879757    1.56314589    1.72084678    1.99516022    1.60459075    1.64813652    2.34460656    1.84564761    1.64189967    1.74359550    1.86423465    1.00276968    1.05685039    1.29062553
Q7NIQ8_GLOVI/12-102     1.24659128    1.23529283    1.20665712    1.15736806    1.18292104    1.24824083    1.38819636    1.32795879    1.31242848    1.20486393    1.29211420    1.36093961    1.47509063    1.40486535    1.49009876    1.47311880    1.48583809    1.49557988    1.29288631    1.20053199    1.44374458    1.45941572    1.47970218    1.53186813    1.54959888    1.32114433    1.47446942    1.20709433    1.28501123    1.36393437    1.50151127    1.33840594    1.69638878    0.00000000    1.23945720    1.17356650    1.79726034    1.22482143    1.70997929    1.92849605    1.76573884    1.72735012    2.19187165    1.92955612    2.02829086    2.07923166    2.15880826    2.38755341    1.88829672    1.94575684    1.97424599    1.85176535    1.97855775    1.88813513    2.28261884    1.82947024    2.08550083    1.80712883    2.29543210    2.36473505    2.23005298    1.96810363    2.07419629    2.59814096    2.35005227    1.63703624    1.83349160    1.83448278    1.24103398    1.31134661    1.35208040
K9SL99_9CYAN/5-96     1.04325979    0.93802346    0.97785974    1.13442031    1.03628204    1.04458673    1.15207055    1.04207266    0.97020100    1.06436882    1.07811988    1.04777154    0.94168198    1.15748848    0.81059824    1.10278604    1.13522408    1.41508602    1.05534290    1.27531419    1.01724886    1.12740946    1.29769098    1.44186418    1.10065936    1.20302244    1.29833205    1.21115500    1.19276201    1.30136280    1.31903568    1.47442646    1.45146413    1.23945720    0.00000000    0.84503403    1.34195268    1.54997804    1.86405801    2.31344528    2.11160196    2.08367043    1.94413604    2.48003275    2.14667584    2.25046771    2.11636247    2.46934545    2.13264377    2.08923797    1.93346895    2.22556844    2.34471547    2.22363538    2.02233402    1.90094435    1.87954754    2.01308820    1.94830203    1.69880591    1.87548164    1.99677935    2.13842977    1.65033427    1.82138037    1.83626691    1.84811175    1.76778355    0.97234730    0.92429640    1.06672123
K9SZI1_9SYNE/3-92     1.13781106    1.15935885    1.18988398    1.18547916    1.12236565    1.07607796    1.23906501    1.11757275    1.03017055    1.00552350    1.03536166    1.24410247    1.03206196    1.13627874    1.22131761    1.20435868    1.28940249    1.34178450    1.40648559    1.46440203    1.31426248    1.26359888    1.25748406    1.52840943    1.36299969    1.32174242    1.50464271    1.29805692    1.24356949    1.61553484    1.60213116    1.48098024    1.11453735    1.17356650    0.84503403    0.00000000    1.57089797    1.48445422    1.75015950    1.88907400    2.03560095    1.80587051    1.85934595    1.99293427    1.94585155    1.94684517    2.15197957    2.29708655    1.77428047    1.92637337    1.94853592    2.06078609    2.15332308    2.08200616    1.99015909    1.90265920    1.93446956    2.09926886    2.20723215    2.17750231    2.02970897    2.32279609    2.15098753    2.14646816    1.92905171    1.63966553    1.96239533    1.85755553    1.11957632    1.19100529    1.15669171
D5EJC4_CORAD/17-103     1.51622335    1.65742587    1.38750280    1.57855391    1.55498210    1.54448218    1.60071377    1.65548823    1.63203434    1.55539413    1.57259880    1.57615223    1.59419831    1.67617637    1.55468019    1.52131714    1.24558257    1.71756700    1.64675459    1.49262199    1.55035076    1.59822081    1.46210560    1.72868827    1.76657702    1.56121632    1.44567563    1.57041025    1.52200081    1.50901132    1.61626551    1.69224036    1.58968526    1.79726034    1.34195268    1.57089797    0.00000000    1.44612407    1.72784741    2.04028372    2.11185715    1.74242549    1.94224598    1.74125163    1.94343908    1.98190574    1.48148964    1.85996760    1.89046401    1.81743779    1.72624898    1.82259198    1.85545585    1.90329618    1.66819953    1.54620434    1.81158381    1.93365676    1.75200460    1.68562221    1.94024853    1.89887633    2.22811999    2.02811179    1.76514224    1.80527249    1.78326686    1.72790999    1.27409979    1.35748837    1.56259585
A9FPN8_SORC5/39-129     1.08534466    1.14351089    0.95007116    1.07081251    1.20546425    1.11353065    1.25950724    1.19165732    1.02872248    1.07440511    1.30611851    1.17833416    1.20518667    1.18824348    1.00241473    1.21796534    0.92541847    1.35050626    1.10689897    1.03279290    1.02870385    1.08772698    1.10935288    1.18614816    1.16324142    1.16338576    1.24366422    1.12715906    1.07942096    1.17167225    1.30598078    1.15700662    1.47622906    1.22482143    1.54997804    1.48445422    1.44612407    0.00000000    1.38077466    1.94519228    1.52616849    1.49463591    1.87560554    1.95758926    1.67834864    1.66248673    2.00290819    2.29605025    1.40369150    1.69959565    1.71475397    1.71864281    1.57076751    1.38459063    1.91439797    1.39702011    1.44242657    1.42388703    1.82604785    1.73454959    1.70927186    1.53299581    1.58021149    2.02099547    1.61522225    1.42755423    1.34933574    1.34899891    1.04092501    1.01248313    1.11965500
Q0A981_ALKEH/10-98     1.87384352    1.98976239    1.77440833    2.13130893    1.91059842    2.11182568    2.17909017    1.90585976    1.78787470    1.91863940    1.99261143    1.93213021    1.84697889    1.86913082    1.70677042    1.50016887    1.62822917    1.96258108    1.74923506    1.76789363    1.52377447    1.76704029    1.68480805    1.64772038    1.57022125    1.69176488    1.45784807    1.46642082    1.55190827    1.51322615    1.86957338    1.66655129    1.69814226    1.70997929    1.86405801    1.75015950    1.72784741    1.38077466    0.00000000    0.94375040    1.02019669    1.01690058    1.05290031    1.18912931    1.21476333    0.92242040    1.10298739    1.07819197    0.86873330    0.92125591    0.88115908    1.19999069    1.17548617    1.16993471    1.06033123    0.82665263    0.86021803    1.15485371    1.06505448    1.08820958    1.22921397    0.90532347    0.98380653    1.57855748    1.07337749    0.82731419    1.12030259    0.89657370    1.86790951    1.90678240    2.03776364
