126
F9VDB8_LACGL/49-192     0.00000000    1.26273328    1.20861889    1.22878655    1.04904545    1.06034981    1.04085271    1.17221341    1.05257338    1.08763300    1.14891729    1.05817632    1.09238501    2.06191780    1.73708397    1.66199462    1.98820443    1.83174772    1.65007553    1.82717670    1.71660306    1.68619524    1.63630975    1.65753391    1.76900901    1.74172342    1.77394518    1.67468266    1.63994801    1.45849380    1.37107865    1.38215730    1.55939290    1.52124631    1.46845767    1.31825717    1.42149368    1.31697454    1.34634623    1.30005596    1.09826075    1.21772860    1.17327936    1.22049365    1.38694463    1.44371192    1.29262383    1.15746750    1.38600831    1.18442619    1.17062012    1.27866233    1.21562248    1.32782354    1.36259017    1.38835506    1.38377733    1.24252199    1.32555716    1.46160084    1.58625226    1.23535064    1.14122873    1.18431823    1.18194146    1.33825931    1.03120086    1.34920488    1.41630010    1.10764584    1.31796659    1.63161045    1.59019653    1.22348324    1.20177611    1.06560016    1.42480341    1.38402819    1.42652676    1.41563998    1.38392606    1.18215884    1.39354166    1.21689089    1.22508307    1.43274024    1.30656592    1.45316099    1.14195309    1.20914518    1.11844611    1.28408954    1.58498772    1.57489584    1.67079535    1.57204450    1.63243840    1.44468636    1.60603827    1.72270205    1.84606382    1.55164660    1.61340279    1.51179866    1.59269192    1.77580467    1.92231245    1.72849872    1.58336423    1.38927493    1.75974400    1.57795385    1.20495919    1.25373249    1.39091631    1.24593505    1.27515549    1.36457916    1.37474338    1.43318961    1.35213481    1.45516069    1.48958452    1.53319840    1.41482908    1.42015473
Q67P39_SYMTH/69-209     1.26273328    0.00000000    1.14233333    1.38218441    1.22468692    1.23650594    1.20642059    1.37694250    1.26524139    1.22357407    1.21271450    1.31144489    1.40406295    2.41577523    2.39270789    1.69715612    1.88897889    2.00443979    1.64838164    1.81791411    1.82732207    1.93327474    1.56399207    1.64040744    1.72119663    1.70521918    2.04484810    1.93287704    1.83457097    2.06719295    1.64752886    1.90175267    1.75736420    1.74882670    1.81035017    1.72579488    1.64810169    1.73137118    1.36461374    1.36537728    1.37100737    1.34720734    1.24810294    1.36461373    1.52434861    1.38904744    1.49028038    1.44308384    1.44901700    1.39345305    1.60515947    1.36191527    1.37185265    1.51348407    1.38600569    1.45456623    1.32677033    1.33346281    1.54626147    1.35418821    2.01262804    1.45171323    1.36683382    1.69447302    1.51884095    1.52783760    1.10987917    1.85307609    1.86746570    1.35094088    1.56094409    1.75624988    1.79433573    1.44624893    1.54063377    1.38370149    1.78231284    1.71703457    1.81243906    1.83549823    1.80428890    1.32966902    1.30611207    1.49284156    1.43178828    1.44831405    1.27793880    1.42923429    1.44918548    1.55019611    1.47221197    1.74623984    2.04057551    2.06981796    2.32610194    2.16090933    2.09129540    1.98809985    2.03978366    2.12646739    2.05665676    2.00307225    1.91778433    1.97186839    1.86530664    2.46461042    2.14776937    2.30013625    2.04757996    1.89764085    1.82099633    2.18050606    1.63566629    1.97100347    1.45149035    1.61481320    1.52017536    1.66622909    1.45771106    1.69599547    1.65121817    1.98043978    1.65502289    1.87491397    1.61168655    1.73663491
Q8XHH6_CLOPE/68-210     1.20861889    1.14233333    0.00000000    1.23199579    1.16113530    1.14746596    1.12073998    1.16842047    1.08141707    1.09763640    1.16477085    1.18301592    1.19562488    2.43223085    2.10263182    1.85170165    2.08499614    2.17303613    1.92276252    2.21528644    1.63062924    1.78205241    1.66986631    1.53983051    1.68617133    1.49390997    2.03778741    1.68706550    1.68695010    1.55132690    1.73866429    1.48404749    1.63950663    1.58492535    1.68485581    1.60510390    1.61100549    1.47318597    1.28813426    1.24790208    1.17410818    1.14966835    1.18381721    1.18966226    1.14336213    1.27649639    1.28227466    1.07930678    1.40987657    1.19599805    1.33734423    1.45751209    1.14863296    1.20984853    1.33473499    1.35092604    1.39632616    1.46210100    1.46931632    1.24831672    1.58043876    1.13542599    0.97175533    1.24696895    1.13879599    1.23003367    1.07795203    1.47896629    1.70412195    1.20562018    1.62271049    1.58527879    1.66102335    1.16164463    1.31883399    1.23358255    1.53438697    1.36268639    1.36164416    1.29462099    1.45940829    1.20333674    1.22068852    1.26633881    1.30341300    1.19137128    1.27094611    1.31778418    1.26546480    1.31857457    1.31015870    1.59819411    1.74193706    1.77211252    1.93470151    1.91849908    1.90465180    1.89309274    2.24120683    1.86587039    2.01102084    1.89673214    1.78865403    1.53884149    1.59292216    1.78575020    1.68142838    1.97449712    1.65288342    1.58283627    1.55137540    1.76826886    1.39697185    1.54830858    1.46647490    1.50418553    1.37403896    1.42095718    1.25051382    1.42735506    1.36029781    1.43827770    1.22297631    1.50294072    1.46003671    1.33959417
B8CXI4_HALOH/61-201     1.22878655    1.38218441    1.23199579    0.00000000    0.71804668    0.77622437    1.21639476    1.12902263    1.13961775    1.14469290    1.03339494    1.28976202    1.18029104    2.56679991    2.36495633    1.75414759    2.17493197    2.36234017    1.93241668    2.16787642    1.86209590    1.91746939    1.68369811    1.81663240    1.74919592    1.68118944    2.25397489    1.84153456    1.68069653    1.87740367    1.60970637    1.77804513    1.67321359    1.56988366    1.85315403    1.51327616    1.66778411    1.70417265    1.32209729    1.45223596    1.35405694    1.42828774    1.54737446    1.38548230    1.61452042    1.36172904    1.35597847    1.24656334    1.40417051    1.47382479    1.43326133    1.30084923    1.25459580    1.16053899    1.36441686    1.29296430    1.44838021    1.32224864    1.49293029    1.39755702    1.80936480    1.30295418    1.31745035    1.50899915    1.39895195    1.37113848    1.21713585    1.57821613    1.75880207    1.78799171    1.63725523    1.53314553    1.45151708    1.34936473    1.73330799    1.24853424    1.77344166    1.66566286    1.54792084    1.51089763    1.47494055    1.34278951    1.42534686    1.61390186    1.59238896    1.24954029    1.26670344    1.26303306    1.38952183    1.51860365    1.50881471    1.59840916    1.95085006    1.82172953    1.95903401    1.91755263    1.97774951    1.73238398    1.98985317    1.86598915    1.66985169    1.89904711    1.62991205    1.77983136    1.88366981    1.98615657    2.19947758    2.35491261    1.83082427    1.63910393    1.99919967    1.86730412    1.43297224    1.51984202    1.52563633    1.46859483    1.44391144    1.61486706    1.44807324    1.51212627    1.41444161    1.47355575    1.49248656    1.91148148    1.68172024    1.60641853
E3DQ63_HALPG/80-220     1.04904545    1.22468692    1.16113530    0.71804668    0.00000000    0.38138583    1.06840262    1.22846821    1.09905429    1.05567506    1.07872654    1.14288549    1.04065151    2.23958980    2.15929187    1.69159468    1.64921292    1.91549622    1.73007210    1.87791572    1.59926796    1.66220368    1.57659708    1.53421033    1.72641354    1.63484205    1.98630461    1.85981776    1.72661529    1.50612411    1.41065685    1.46208998    1.54675845    1.52240725    1.47066150    1.34648044    1.56191360    1.55945689    1.35949612    1.25696303    1.12858897    1.40981922    1.37731538    1.30202083    1.51618853    1.36046937    1.34389737    1.18352558    1.40582817    1.24774442    1.24131114    1.06775255    1.01692468    1.22311719    1.30252970    1.18954857    1.31624949    1.34444612    1.37933765    1.33090784    1.56967568    1.30400154    1.14679129    1.37974868    1.25643152    1.21712263    1.13774028    1.62546255    1.75885050    1.44886549    1.58042605    1.66904087    1.68059489    1.30854525    1.65067262    1.45777180    1.74133962    1.60505749    1.69578539    1.69614945    1.61181848    1.31068319    1.50002913    1.58165413    1.60091212    1.38182178    1.39701941    1.34051728    1.43769239    1.49458717    1.53057908    1.33363385    1.75771511    1.70462408    1.84196022    1.79358633    1.98364380    1.62250942    1.88621247    1.78738395    1.81282639    1.85052403    1.68132873    1.86897602    2.01177906    2.16756540    2.22497982    2.14614190    1.84723864    1.71349182    2.01221380    1.78325648    1.54123085    1.64392511    1.57424150    1.51624924    1.53664632    1.54552981    1.28980206    1.65958570    1.44443659    1.70478283    1.31528433    1.85353580    1.40008456    1.55535995
E4RIM3_HALHG/78-218     1.06034981    1.23650594    1.14746596    0.77622437    0.38138583    0.00000000    1.00400820    1.28900042    1.12704659    1.09201399    1.01289138    1.15161710    1.10434565    2.42303755    2.08817508    1.58011734    1.56939353    1.94875608    1.63498973    1.95117266    1.56721163    1.82243947    1.65084065    1.71304058    1.76927273    1.77665505    2.05604715    1.81280442    1.75846683    1.57032009    1.56088964    1.54717872    1.56570623    1.61832750    1.56777028    1.43299639    1.61473479    1.53107448    1.32053908    1.31410917    1.22792015    1.36230397    1.42402047    1.28875637    1.45913328    1.28585342    1.32825413    1.23242192    1.34747058    1.27654440    1.34793800    1.21192676    1.09428198    1.21761330    1.43576171    1.31377345    1.47256171    1.37856657    1.34872416    1.35809607    1.44511485    1.29042567    1.20049355    1.29828879    1.25515586    1.20153082    1.17163405    1.59642576    1.70865081    1.57694317    1.66495733    1.63658330    1.59418069    1.26724021    1.63554456    1.41502465    1.67500513    1.42489662    1.62089292    1.63089352    1.59441992    1.21905083    1.48709928    1.58685297    1.58871203    1.39676874    1.29760655    1.35551306    1.37816953    1.55208210    1.52086354    1.36541600    1.77828859    1.74211918    1.84965597    1.80107325    1.89704866    1.76259683    1.86265896    1.97654752    1.79674499    1.88264101    1.52176156    1.73186435    1.91812682    2.00434729    2.16805061    2.06631864    1.70318220    1.78004471    1.78068590    1.75305187    1.47677062    1.62979861    1.55593825    1.45468403    1.57613940    1.42777479    1.25139578    1.78060996    1.43680331    1.54197840    1.16182353    1.74368383    1.41125122    1.52368558
C0Z4B8_BREBN/57-198     1.04085271    1.20642059    1.12073998    1.21639476    1.06840262    1.00400820    0.00000000    0.74208813    0.82194741    0.77687634    0.81518971    0.82468982    0.85428865    2.31230106    1.95741526    1.51745136    1.69515175    1.76350653    1.62834825    1.96217958    1.55494331    1.80168872    1.57327129    1.52233034    1.79999475    1.64873184    1.93821475    1.67067420    1.74609585    1.55058488    1.65925200    1.49281113    1.56776264    1.65048010    1.58276499    1.56726694    1.57810434    1.40811737    1.24222538    1.04295159    1.04971557    0.92807870    0.93479816    1.08955856    1.08040533    1.07673771    1.10684452    0.92628597    1.11573227    1.05883414    1.10482367    1.01825471    0.95884623    1.15588257    1.24139464    1.29571437    1.15244039    1.09934268    1.38625175    1.12960766    1.90443464    1.22181546    1.05991819    1.28226942    1.06658951    1.11414361    1.03364646    1.21775552    1.40621842    1.14790037    1.57056729    1.48920341    1.64824452    1.13834360    1.24952034    1.26534834    1.44921357    1.29368147    1.36898489    1.34004555    1.39925828    1.16448043    1.22622536    1.46712020    1.53786629    1.23594931    1.24722578    1.31778042    1.22378573    1.23112279    1.29457286    1.34879906    1.41442090    1.44105242    1.71286414    1.46109432    1.50041247    1.47188221    1.65663158    1.58211988    1.57046049    1.49432710    1.39234839    1.60023800    1.69076519    1.62645807    1.46177275    1.81104594    1.64150258    1.49546820    1.34103320    1.45001412    1.45016602    1.47449073    1.34890294    1.47003041    1.16636996    1.25744422    1.16947444    1.52609023    1.41087209    1.26200301    1.18321256    1.29359984    1.15786524    1.23254153
H6NQJ4_9BACL/74-217     1.17221341    1.37694250    1.16842047    1.12902263    1.22846821    1.28900042    0.74208813    0.00000000    0.49654089    0.61519370    0.59246897    0.64297602    0.56931823    2.24207907    2.20762060    1.55791448    2.07720968    1.92779360    1.67292280    1.70301270    1.49361245    1.70852232    1.51360828    1.60000828    1.71281765    1.74364818    1.72854011    1.50329126    1.52257887    1.56473765    1.42751991    1.61581426    1.49921857    1.69318772    1.48983314    1.49879203    1.52181097    1.49943761    1.20074151    1.15595718    1.10945594    1.00626408    0.98837315    1.18463523    1.24280588    1.31274213    1.02577482    0.83146727    1.10904532    1.03306604    1.02699322    1.05838315    0.96409807    1.04866860    1.22214976    1.28562805    1.28612639    1.16156460    1.48944595    1.11115146    1.88890277    1.05923842    0.94955914    1.19100858    1.30316643    1.31316911    0.88419472    1.43094027    1.48629040    1.04005347    1.54696418    1.75177687    1.62476067    1.23884269    1.22939689    1.30706334    1.43100697    1.22272532    1.36294378    1.21158055    1.30529712    1.16066453    1.21493864    1.38907009    1.38886647    1.15411503    1.26132661    1.30220807    1.42048392    1.43485223    1.39889319    1.35545998    1.65031089    1.75747227    1.84882618    1.66435882    1.65850792    1.54209187    1.65587348    1.48883129    1.63279157    1.85123295    1.69088859    1.46365121    1.60237282    1.74677560    1.92687274    2.01798384    1.81301258    1.65016584    1.70034425    1.79405337    1.46856017    1.52527872    1.44241034    1.49586143    1.27679020    1.46157407    1.21892710    1.26169584    1.16275355    1.20725723    1.13781396    1.43031408    1.15179566    1.13621662
X4Z754_9BACL/66-208     1.05257338    1.26524139    1.08141707    1.13961775    1.09905429    1.12704659    0.82194741    0.49654089    0.00000000    0.32554667    0.47120772    0.53972733    0.54084798    2.32134710    2.05034041    1.61148912    1.94990267    2.01629173    1.69524395    1.73249271    1.53864561    1.58282158    1.61462081    1.66057564    1.70454797    1.74403779    1.97441656    1.82103639    1.65827393    1.54765121    1.47448075    1.56689317    1.41925531    1.57638692    1.50134156    1.35361621    1.51005255    1.35448079    1.15053640    1.07533098    1.06719936    1.01402607    1.01052529    1.31965778    1.32786005    1.34172627    0.98809935    0.80070898    1.09363956    1.08408672    0.93846274    1.05462851    1.00117094    1.12142124    1.23858366    1.50386227    1.26197100    1.27432710    1.54129613    1.23549380    1.93444136    1.08550329    0.81362444    1.23008777    1.21093855    1.26713061    0.88694322    1.40444899    1.47496429    1.11915805    1.56729967    1.67657812    1.60210416    1.09394495    1.05299683    1.18381622    1.46462061    1.23368764    1.07445551    1.08266028    1.08528224    0.99630460    1.01847646    1.32994695    1.21663210    1.03552986    1.07276688    1.11900711    1.14753394    1.18465876    1.23105459    1.14489658    1.36195619    1.70073815    1.83702327    1.48842974    1.59285013    1.49472988    1.60429502    1.46165839    1.59256761    1.71774687    1.62973496    1.35060790    1.41940812    1.62628135    1.62206707    1.84175000    1.50421131    1.48346472    1.47227600    1.51888679    1.17381673    1.28276597    1.13398208    1.24357421    1.07627167    1.27921100    1.05488037    1.31990002    1.15339530    1.18717339    1.11158449    1.50522329    1.08087401    1.14605293
D3EF72_GEOS4/68-210     1.08763300    1.22357407    1.09763640    1.14469290    1.05567506    1.09201399    0.77687634    0.61519370    0.32554667    0.00000000    0.47260498    0.50852390    0.52364558    2.14497146    1.97301473    1.44369540    1.57632565    1.66560810    1.50038401    1.58427082    1.32724566    1.35408327    1.50718003    1.51202236    1.58351868    1.51087086    1.85844955    1.63619271    1.68779794    1.38011576    1.42739747    1.36143897    1.39300037    1.44927007    1.47190543    1.31292240    1.27120947    1.17110251    1.26269258    1.06049512    1.08396198    1.03424022    1.06101666    1.26579914    1.29115348    1.36181953    1.05460017    0.93808831    1.15368742    1.14672264    1.11004619    1.08240974    0.97556399    1.10822967    1.17297518    1.34337803    1.14487137    1.20221438    1.41664696    1.21115377    1.97142999    1.15470732    0.86848827    1.05261291    1.15690934    1.11917178    0.88124753    1.44524782    1.68484167    1.14919862    1.55497571    1.61134817    1.70206789    1.23518081    1.11233086    1.23294478    1.43411467    1.18098372    1.18198313    1.15598876    1.16813926    1.16869580    0.97124121    1.23085733    1.27521437    1.18095647    1.15944435    1.22302285    1.22114357    1.27975261    1.31826537    1.19087326    1.39175015    1.35143352    1.62121535    1.42643354    1.44311627    1.43937795    1.41062709    1.34143818    1.46611703    1.43144568    1.44328730    1.24105200    1.36280921    1.57142116    1.59662531    1.72314015    1.38687371    1.38096555    1.42719203    1.46533210    1.27364901    1.31110721    1.17356130    1.39355873    1.20808185    1.29924434    1.03636255    1.12402708    1.07540952    1.12680369    1.02168159    1.34306190    1.20141271    1.25162908
E3ED11_PAEPS/67-209     1.14891729    1.21271450    1.16477085    1.03339494    1.07872654    1.01289138    0.81518971    0.59246897    0.47120772    0.47260498    0.00000000    0.53208346    0.51007376    2.30972123    2.06782478    1.55334917    1.86192234    1.93544473    1.68524647    1.68161761    1.33066405    1.59978679    1.48086695    1.62925613    1.60995928    1.69285749    1.80342868    1.58701180    1.62826910    1.70956933    1.61561743    1.59903871    1.61618283    1.45719399    1.51737132    1.42506552    1.43920025    1.53186731    1.20033985    1.09482364    1.17879151    1.12652990    1.05128424    1.16965492    1.35809158    1.28487211    0.96428917    0.97282321    1.00029110    1.02589070    1.02027927    1.05591941    0.98589626    1.18634634    1.28373076    1.49215210    1.26309367    1.27307719    1.33743760    1.21467540    1.78945234    1.12947211    1.02548281    1.24223362    1.23133737    1.30695637    0.87609033    1.45216389    1.49078770    1.25563550    1.60533908    1.77950143    1.64146334    1.27212538    1.14670964    1.20910921    1.55576022    1.31576411    1.37004352    1.26469984    1.26065742    1.13775337    1.18616329    1.28983759    1.28208793    1.27163235    1.23943491    1.25873189    1.27795147    1.26087212    1.30893231    1.35385525    1.52863463    1.56613632    1.72760595    1.55555959    1.44202517    1.44139926    1.46574591    1.49191526    1.59125634    1.60638189    1.47517337    1.51880296    1.60031693    1.56818830    1.70557389    1.92998299    1.54195622    1.35814988    1.50587595    1.50257983    1.39545568    1.36581165    1.17847542    1.33085447    1.16492301    1.29521160    1.11722051    1.37072273    1.14734575    1.21493105    1.20085520    1.57415758    1.14129546    1.19981561
C6CV40_PAESJ/62-205     1.05817632    1.31144489    1.18301592    1.28976202    1.14288549    1.15161710    0.82468982    0.64297602    0.53972733    0.50852390    0.53208346    0.00000000    0.35495994    2.30451714    1.62976411    1.45216247    1.69696803    1.81370711    1.38901762    1.54475961    1.54246203    1.46098571    1.28790496    1.46063569    1.61073244    1.49996758    1.80368839    1.40121337    1.55286116    1.35012613    1.27697373    1.27969579    1.42328200    1.31605740    1.41534736    1.36360297    1.26366987    1.38923854    1.04440196    1.14789683    1.11049057    0.95324125    0.99375203    1.14226278    1.05052242    1.19168413    1.10655064    0.98898923    1.17118193    0.97508847    1.06363687    1.07835469    1.06060249    1.14370293    1.28986606    1.54847112    1.45165883    1.27818123    1.36358324    1.23677309    1.54392365    1.15165105    0.89411575    1.25833444    1.19320791    1.31590586    0.86547130    1.37714682    1.44431518    1.16925166    1.37048868    1.66451611    1.68258916    1.22121743    1.06202706    1.07045628    1.45646425    1.19530384    1.29799274    1.31666986    1.25700278    1.10313416    1.26106884    1.11834362    1.17902725    1.07453874    1.05650223    1.13618666    1.21289784    1.24037866    1.29102111    1.16550981    1.44092199    1.43060769    1.63100369    1.44718749    1.39712692    1.52812504    1.54205597    1.55169102    1.58774128    1.67996484    1.47456242    1.48698830    1.49737198    1.62726636    1.65792702    1.78016467    1.54357524    1.51451794    1.62515982    1.52465164    1.24941402    1.25369540    1.24372260    1.33583972    1.12395161    1.34956440    1.17406256    1.23292236    1.25694546    1.16974608    1.19125482    1.46670087    1.30100901    1.21601607
L0EB14_THECK/61-204     1.09238501    1.40406295    1.19562488    1.18029104    1.04065151    1.10434565    0.85428865    0.56931823    0.54084798    0.52364558    0.51007376    0.35495994    0.00000000    2.54737924    1.76458252    1.42152708    1.71915045    1.80992627    1.56290215    1.71041948    1.51476572    1.56357471    1.43055184    1.57276510    1.75566538    1.70167394    1.81522342    1.48308593    1.46929000    1.39463690    1.36088585    1.40916073    1.39587224    1.38694898    1.39756112    1.47834360    1.27217514    1.47201936    1.05118239    1.10976694    1.13462088    0.98611897    1.09785716    1.11376240    1.08074742    1.15153784    0.98854881    0.84889707    1.09973300    0.93739509    0.98061107    1.05853010    0.94868030    1.04520351    1.20258916    1.38754599    1.22752495    1.14226531    1.45878971    1.07688600    1.61736520    1.01200174    0.76310682    1.21335552    1.20641322    1.26458431    0.86032521    1.31890919    1.39722532    1.15181214    1.49144497    1.59929334    1.48853323    1.07207951    0.97013616    1.17613420    1.42234432    1.11701731    1.22740065    1.14377947    1.11492590    0.96883460    1.15411544    1.22724849    1.20384096    1.00785831    1.23059999    1.21835386    1.23063122    1.28563859    1.33857005    1.15176329    1.41474487    1.42220954    1.55916074    1.43776990    1.48188175    1.44426410    1.38602194    1.46527778    1.51358893    1.60562291    1.40054638    1.59986116    1.60256530    1.45006924    1.64480764    1.70122591    1.50709291    1.60610040    1.43074014    1.54050117    1.23454254    1.25115766    1.20098739    1.26073474    1.11504244    1.35692178    1.18624067    1.35411575    1.14344307    1.04749104    1.07277817    1.49553972    1.16818875    1.22425048
D4K2C5_9FIRM/38-180     2.06191780    2.41577523    2.43223085    2.56679991    2.23958980    2.42303755    2.31230106    2.24207907    2.32134710    2.14497146    2.30972123    2.30451714    2.54737924    0.00000000    2.17040207    2.43278919    2.70800347    2.64561683    2.70747432    2.35343569    2.39737581    2.57742279    2.78377979    2.71851995    2.70083870    2.57411154    2.62661093    2.20318764    2.54234857    2.72332628    2.44961959    2.38632218    2.63045531    2.31480895    2.57492671    2.48006881    2.06378222    2.48645992    2.20609441    2.38622611    2.19489811    1.80698411    2.05293034    2.22131285    2.00130921    2.20353566    2.22779054    2.10698423    2.52100873    2.20296388    2.09883646    2.11837414    2.30480383    2.48616897    2.55528908    2.57909399    2.50509782    2.36230210    2.37168285    2.58657367    2.88357872    2.13074218    2.01037584    2.16044423    2.67626329    2.55709604    2.20211872    2.13912482    2.37119924    1.76405882    2.20952444    2.22192335    2.38162243    2.35980161    2.26657637    2.27207024    2.41636476    2.20174676    2.71744840    2.39503184    2.48190169    2.08860292    2.51639458    2.14701137    2.54533932    2.38145010    2.51752217    2.74509391    2.18901290    2.12776192    2.14577207    2.35324058    1.94659738    2.52899819    2.57670335    2.51776064    2.54694057    1.86631518    2.31802940    2.21230571    2.29563035    2.37114716    2.31823406    2.60243940    2.43009039    2.63075528    2.95159457    3.11663537    2.29527254    2.07794932    2.09995866    2.01820549    2.32985952    2.10118445    2.69578589    2.24897451    2.02897748    2.46702385    1.98747802    2.69520816    2.69358376    2.58297417    2.28654371    2.75009969    2.37712966    2.42618589
F5XI09_MICPN/73-236     1.73708397    2.39270789    2.10263182    2.36495633    2.15929187    2.08817508    1.95741526    2.20762060    2.05034041    1.97301473    2.06782478    1.62976411    1.76458252    2.17040207    0.00000000    1.86492817    2.42082793    2.63821739    2.08472663    2.03109100    2.29689617    1.86377589    1.83313597    1.79190623    2.02647481    1.81936523    2.19079807    1.78360296    1.91339491    1.62644796    1.87737076    1.67375196    1.96309078    1.77046368    2.18933951    2.00943807    2.00147378    1.95514497    1.90636026    1.75076880    1.67922535    1.70448283    1.76168416    1.77642250    1.88793271    1.79881025    1.90729881    1.89518577    2.00859882    1.82873412    2.10629085    1.83465678    1.84368541    2.19307056    2.64232521    3.08448735    2.28330054    2.09576063    2.42478079    2.37006901    2.94955610    2.07996615    1.79528781    2.15600908    2.25365038    2.24750104    1.68190708    2.36858362    2.33555008    2.42418981    2.28731505    2.44130703    2.43017201    1.93259572    2.15487884    2.18459951    2.36600101    2.04198842    1.92280369    1.79113723    1.94526724    1.74132973    2.07336985    1.94909576    2.21898990    2.17747652    2.34829050    2.24729307    1.72037318    1.89156074    1.92173782    2.45885474    2.02610062    2.07892754    2.46779134    2.02440199    2.04966311    2.00029449    1.88642152    2.24868186    2.42090342    2.18533735    2.02995117    2.38604904    2.78558628    2.58767931    2.41150275    2.42752715    2.19423820    2.34463532    2.12912885    2.35145315    2.21688827    2.35494920    2.25153688    2.25897904    2.01060745    2.30597157    2.15213138    2.46301860    2.27851563    2.16602111    2.22772025    2.79186110    2.22240061    2.30473832
I0HZR3_CALAS/68-207     1.66199462    1.69715612    1.85170165    1.75414759    1.69159468    1.58011734    1.51745136    1.55791448    1.61148912    1.44369540    1.55334917    1.45216247    1.42152708    2.43278919    1.86492817    0.00000000    1.38109690    1.66363520    1.83241785    1.87572365    1.99862562    1.56318118    1.77962267    1.97964926    2.24908747    2.06331668    2.03688991    2.12672783    1.99398596    1.69941760    2.06790677    1.94706891    1.89113429    2.01071246    2.09628185    1.87724738    1.91148291    1.84479447    1.53932351    1.53230849    1.50353804    1.50671716    1.71904916    1.69129301    1.66447196    1.68735719    1.65462410    1.48269137    1.40315787    1.56134170    1.64691583    1.69018762    1.51931401    1.63672679    2.43023878    2.06326203    2.06095990    1.66047127    1.94723914    1.55550580    1.88650914    1.73906124    1.48585300    1.70482362    1.86201181    1.60920550    1.29381100    1.85191866    1.79636901    1.60678577    2.10883839    1.82831219    1.91759121    1.61877365    1.87603949    1.88730056    1.80148885    1.69091808    2.16401989    1.84682336    1.93288897    1.62253378    1.65081120    1.98086800    2.12076240    1.80822288    2.17105171    2.20980470    1.60572539    1.96809086    1.82502944    2.24867145    2.11508850    1.75250087    2.02332522    1.72053610    1.93263843    1.63645897    1.71082929    1.81050692    1.92488413    1.72154810    1.68698665    2.24835922    2.42146138    2.66223369    2.53707624    2.60167656    2.00985931    2.05834417    2.10330831    2.21445254    2.04669717    2.13933176    2.32167834    2.00523577    2.16456037    1.95833657    1.95186797    1.78214132    1.65542625    1.86387879    1.92467719    2.32883673    1.66539007    1.79288277
E8MYP1_ANATU/86-231     1.98820443    1.88897889    2.08499614    2.17493197    1.64921292    1.56939353    1.69515175    2.07720968    1.94990267    1.57632565    1.86192234    1.69696803    1.71915045    2.70800347    2.42082793    1.38109690    0.00000000    1.30965821    1.79782161    1.86622180    1.99529304    1.68551920    2.13103033    2.22620070    2.49577167    2.33116873    2.08829646    1.87686050    1.85739732    1.98514242    1.95276511    1.80798003    2.01554280    2.03779041    1.96569583    2.12395281    1.78641395    1.86716390    1.82198455    1.79875295    1.80277622    1.85815328    1.92712534    1.75246874    1.88646866    1.89284088    2.02800861    2.17672240    1.85259217    1.86293743    1.90128044    1.78645394    1.93061216    2.00461975    2.05839106    1.77547055    1.98081898    1.76797593    1.66388775    1.75022012    2.09966673    2.10404875    1.86665654    1.97809114    2.09957282    2.01172656    1.63403804    2.17951079    2.16110844    2.09977540    2.30271914    2.19104655    2.61526965    1.85663354    1.82536589    2.06480964    2.16353557    2.12240288    2.45020761    2.13532522    2.26562698    1.86464329    1.96370408    2.34378580    2.78734124    1.97881242    2.01784411    1.79981560    2.21856112    2.18547514    2.21900052    2.43820499    2.08915222    2.10369447    2.22277075    2.17848590    2.44037830    1.90091911    2.10029207    2.16468728    2.29067690    2.06630408    1.99385425    2.34139494    2.69729417    3.18988606    3.14201297    3.05764067    2.78447177    2.35816130    2.27714474    2.12188725    2.29136399    2.27013262    2.31139788    2.48330614    2.46930259    2.08598930    2.00001893    2.08407170    1.78980544    2.10437473    2.04231948    2.39965573    1.98747705    2.04551765
E8N462_ANATU/79-232     1.83174772    2.00443979    2.17303613    2.36234017    1.91549622    1.94875608    1.76350653    1.92779360    2.01629173    1.66560810    1.93544473    1.81370711    1.80992627    2.64561683    2.63821739    1.66363520    1.30965821    0.00000000    1.86768864    1.80220735    2.04637749    1.72416584    2.26374929    2.01368790    2.29626834    1.96614061    2.51930054    2.19686088    2.19314157    1.87403607    1.81912589    1.82649814    1.92279110    1.85651096    1.93649937    1.83133314    2.13160780    1.84722980    1.69848091    2.53724896    2.17897087    1.82616635    1.91192708    1.97636655    1.61961836    1.69660167    2.23735755    2.16979788    2.09129100    2.09130925    1.96895039    1.98798682    2.05369004    2.48139642    1.98109115    2.00787558    1.87178236    1.58138969    1.82862423    1.95994837    2.31153566    2.01452746    1.81011685    1.96229345    2.09418318    1.87365728    1.65516456    1.89713522    2.21564072    1.80734322    2.23124739    2.36933735    2.34831433    2.23537679    2.06123664    2.24910311    2.33213530    2.25135248    2.41154319    2.17089858    2.33969663    1.91452633    1.93523628    2.14494474    2.38432354    2.33762170    2.16831347    2.10348036    1.95580794    2.29330388    2.24432951    2.56577048    2.54983981    2.27133567    2.28485745    2.33155964    2.41685368    1.88501822    2.32914690    2.24210086    2.42571737    2.12496188    2.07402552    2.61286737    2.84529838    3.04916346    2.97786542    3.03194444    2.57792463    2.59687773    2.39330040    2.68319492    2.15116971    2.35767161    2.49941862    2.33285504    2.62416092    2.18689946    2.17717068    1.90336769    1.73033982    2.03746386    2.07330009    2.51655303    1.99116286    2.17364389
A0LVL4_ACIC1/65-209     1.65007553    1.64838164    1.92276252    1.93241668    1.73007210    1.63498973    1.62834825    1.67292280    1.69524395    1.50038401    1.68524647    1.38901762    1.56290215    2.70747432    2.08472663    1.83241785    1.79782161    1.86768864    0.00000000    0.69051369    1.45973867    1.25121660    1.29908961    1.38206324    1.35381149    1.41912148    1.86402544    1.60351750    1.60156813    1.29419589    1.39372668    1.32944628    1.32705848    1.42671060    1.31954221    1.23672178    1.50263889    1.41601445    1.43048436    1.54914790    1.45330519    1.64244862    1.55489718    1.56924312    1.65117050    1.65204775    1.73770896    1.55699748    1.77850276    1.59363250    1.84914741    1.69070769    1.61219643    1.79441377    1.74126050    1.85769727    1.92346280    1.64777806    1.90979654    1.39084412    1.92414196    2.02260260    1.66423025    1.83861011    1.68100753    1.63215127    1.43956771    1.98109342    2.17965903    1.87025259    1.86662111    2.08872209    2.23382075    1.74886205    1.78292282    1.59357616    2.24893031    2.01995937    2.04144819    1.85416653    1.89693421    1.58233096    1.72260931    1.95442682    2.01922341    1.90590561    1.70359692    1.73056897    1.78366220    1.81756876    2.00307414    1.94455396    2.24376266    2.14910750    2.27981634    2.14543692    2.17333948    2.12586405    2.24658737    2.41383004    2.22768064    2.22653470    1.98483519    1.98707039    2.28625929    2.81736389    2.85819864    2.51550036    2.55041897    1.87945857    2.19169497    2.51106918    1.85884355    1.98252765    1.61764028    1.97241524    1.95077953    1.64459607    1.67090640    1.86600493    1.97871591    1.89031277    1.70584167    2.15292813    1.98093536    1.99194752
A0LR88_ACIC1/67-210     1.82717670    1.81791411    2.21528644    2.16787642    1.87791572    1.95117266    1.96217958    1.70301270    1.73249271    1.58427082    1.68161761    1.54475961    1.71041948    2.35343569    2.03109100    1.87572365    1.86622180    1.80220735    0.69051369    0.00000000    1.60271961    1.23932869    1.59048290    1.69508506    1.72653574    1.65335263    1.93317854    1.67202914    1.60145827    1.38881030    1.62598732    1.50740434    1.54221517    1.53384550    1.38392492    1.44104770    1.42006259    1.43604954    1.60796601    1.94036303    1.77359074    1.99536287    1.81344220    1.88118391    1.87448531    2.03794596    2.03646640    1.86270305    2.04332930    2.00680439    2.08056238    2.00158839    2.00485073    1.96127069    1.88051898    1.98332257    1.90146747    1.70175764    1.73672789    1.73090930    2.57657410    2.12146404    1.83667953    2.23094673    1.87582925    1.90334505    1.60796717    1.88702691    2.20782754    1.96696017    2.28231617    2.42167720    2.47532736    1.90553067    1.98571417    1.92758819    2.10974988    2.19650211    2.09393958    1.86942718    1.82683814    1.67543069    1.75870780    2.16652539    1.96314711    2.01886457    1.97774550    1.88957791    1.81990518    1.94520694    2.18152885    2.03298402    2.37044501    2.62409608    2.27989662    2.46691417    2.42767114    2.15430935    2.25929708    2.26662022    2.37683616    2.42206672    2.46361530    2.47500146    2.50012644    3.02851547    3.43576965    2.40632469    2.65320048    2.23383222    2.57437093    2.66503713    1.88255579    2.08337678    1.71451350    2.01245830    2.14991452    1.81957724    1.60578976    1.92855262    1.93732276    1.83995556    1.74087781    2.33002291    2.17634603    2.07118696
C7M016_ACIFD/67-211     1.71660306    1.82732207    1.63062924    1.86209590    1.59926796    1.56721163    1.55494331    1.49361245    1.53864561    1.32724566    1.33066405    1.54246203    1.51476572    2.39737581    2.29689617    1.99862562    1.99529304    2.04637749    1.45973867    1.60271961    0.00000000    1.41781299    1.40926747    1.62114024    1.60539524    1.55991308    1.87189932    1.95299198    1.86227784    1.54508836    1.44475668    1.32869020    1.34643763    1.36208496    1.39909121    1.23491281    1.48173721    1.39186846    1.70208515    1.88135296    1.62570800    1.75281748    1.70189644    1.52337217    1.58913109    1.65454469    1.53352373    1.56509244    1.68159332    1.60989141    1.68965454    1.57838179    1.62990478    1.69760474    1.95971169    1.87419543    1.90306479    1.66824849    1.84878402    1.56732324    1.86555880    1.75517198    1.58347017    1.95029060    1.91637616    1.64324554    1.66513911    2.02165302    2.30012056    2.08835566    2.07214626    2.14253149    2.22132672    1.84706125    1.70970277    1.81093494    1.98427273    2.01717945    2.27737204    2.08661936    2.24380377    1.59744479    1.76861170    1.74071747    2.01583609    1.67818750    1.90918633    1.80983416    1.88708259    1.81166369    1.90416417    2.25005275    2.35120467    2.11173766    2.38315118    2.35417387    2.15226494    1.77691910    1.99243221    2.00519315    2.37826330    2.18862727    2.08417668    1.94970648    1.95469345    2.64877230    2.53411281    2.84509885    2.21864627    1.87162707    2.26309035    2.49772739    1.98236027    2.02555352    1.87926524    1.77464436    2.01817155    1.85964480    1.83214569    1.97955116    1.92403333    1.73444795    1.82956705    2.47173480    2.18810276    2.26271891
D6Y2D3_THEBD/51-195     1.68619524    1.93327474    1.78205241    1.91746939    1.66220368    1.82243947    1.80168872    1.70852232    1.58282158    1.35408327    1.59978679    1.46098571    1.56357471    2.57742279    1.86377589    1.56318118    1.68551920    1.72416584    1.25121660    1.23932869    1.41781299    0.00000000    0.73067972    0.84163166    0.87846419    0.78942652    1.59944001    1.29817615    1.40970747    1.15309214    1.32061136    1.41810499    1.41465937    1.28330697    1.28408340    1.22065582    1.41792808    1.13804650    1.41768157    1.62944538    1.55487969    1.62727120    1.65538660    1.84129386    1.82994500    1.85868516    1.73183854    1.62177532    1.88580703    1.58451524    1.62665724    1.68508626    1.73199645    1.65741484    1.90853772    1.88053818    1.97930353    1.68140142    1.60277677    1.45066472    2.07481809    1.91255414    1.64217449    2.07680746    2.07664636    1.84071069    1.54241962    1.76689169    2.17389586    1.70983314    1.64369892    1.97423322    2.02967887    1.49815321    1.65293338    1.74699123    1.83631831    1.73652777    1.86752761    1.77782940    1.71134497    1.46883732    1.44183624    1.63242477    1.82123379    1.56874884    1.76842481    1.63850390    1.42020254    1.59803630    1.67191912    1.72912880    2.02090259    2.02748102    2.13498502    1.88712201    1.96078685    1.67371781    1.84553406    1.97524039    2.25057969    1.94312029    2.17283106    2.05021790    2.10619843    2.43243351    2.40936538    2.12406091    1.86358230    1.79430788    2.01601921    2.16823078    1.71403301    1.77303239    1.66053760    1.56526919    1.60639599    1.64359585    1.62912718    1.68732832    1.76219715    1.85524217    1.75837895    2.41810158    2.04784218    2.18867359
