51
E3HCQ3_ILYPC/38-232     0.00000000    0.81299206    0.99137971    0.94751062    0.95498449    1.02120264    1.03661658    1.31270173    1.18214678    1.45616947    1.28163452    1.34466793    1.28242743    1.57564041    1.64766836    1.55468907    1.57739223    1.42252185    1.65119284    2.03251060    1.61528203    1.76428998    1.27968113    1.18982412    1.39918427    1.57599314    1.73395617    1.79906021    1.64261005    1.65181840    1.51745171    2.02663426    1.81605229    1.65200070    1.65725799    1.64541854    1.48265646    1.78212804    1.78107380    1.84754994    1.87846918    1.72923282    1.73072841    2.65265977    2.00893797    2.39460256    2.64474014    2.64549119    2.64217590    2.50726274    1.17458509
A9A015_DESOH/46-243     0.81299206    0.00000000    0.90642177    0.73855594    0.96066118    1.07993742    1.10937177    1.22995693    1.20523351    1.37764534    1.29437924    1.24567472    1.50711634    1.54889676    1.83994995    1.71078766    1.55365981    1.34748362    1.57376404    1.85088466    1.59402790    1.61003504    1.12933427    1.12524092    1.34733708    1.53024337    1.74661355    1.61169485    1.68615833    1.65203642    1.67060175    2.06868365    1.67328494    1.70211415    1.73975044    1.66308449    1.78609780    1.72568332    1.65138284    1.89153853    2.07639811    1.69461325    1.70248819    2.27848240    1.94322780    2.44074577    3.00519246    2.99890304    2.81594539    2.19563956    1.02901072
M1PQL9_DESSD/41-237     0.99137971    0.90642177    0.00000000    0.80360678    1.07938120    1.14012503    1.14680782    1.24204719    1.32542091    1.43618063    1.34861106    1.29898626    1.55379954    1.52299971    1.70140705    1.54780125    1.52481392    1.44655041    1.38927352    2.13857079    1.72286506    1.71646388    1.43968699    1.34032331    1.37861352    1.68122137    1.72011421    1.62615219    1.57897291    1.72158749    1.82047178    2.33969489    1.80577567    1.79596100    1.81606896    1.66729749    1.69039858    1.77587252    1.63387005    1.64861561    1.87940573    1.81113986    1.73609475    2.25132361    1.98569625    2.79631997    2.64923791    3.21607300    2.93280950    2.10824008    1.21780656
C8WZ49_DESRD/30-226     0.94751062    0.73855594    0.80360678    0.00000000    1.02749837    1.25247788    1.12867345    1.24991499    1.39769964    1.64735478    1.63448393    1.59264314    1.74065701    1.58714104    1.66657243    1.87559947    1.82580233    1.53525805    1.73427877    2.29914513    1.61885064    1.86054764    1.49108869    1.37341362    1.39761740    1.46124594    1.82595751    1.85698926    1.72351358    1.88165754    1.75528499    2.22672612    1.85600563    1.99924644    1.90618150    1.91092531    2.02110767    1.84833892    1.86943601    1.86106168    2.18647300    1.82605831    1.90440270    2.34576342    1.96049639    2.53071562    2.83568221    3.04974313    2.95793584    2.41138587    1.17641990
B8FJ05_DESAL/57-254     0.95498449    0.96066118    1.07938120    1.02749837    0.00000000    0.69000919    0.73664715    0.83135462    0.93583389    1.10629763    0.99622655    0.94445118    1.20106006    1.25324454    1.36163650    1.44696683    1.23893562    1.19603702    1.21204899    1.82929828    1.35317723    1.39486489    0.95121461    0.96523570    1.26073352    1.32420545    1.37703886    1.58025803    1.41939837    1.46303789    1.36271963    1.91091081    1.60275790    1.36290906    1.29466655    1.29839042    1.39242861    1.38581302    1.48706181    1.52608360    1.50712191    1.47425012    1.44563432    2.39359680    1.46083878    2.27921677    2.43835455    2.66943670    2.64129138    1.88480416    0.77843913
I5B3D4_9DELT/45-242     1.02120264    1.07993742    1.14012503    1.25247788    0.69000919    0.00000000    0.93587980    1.10842968    0.96441164    0.98310819    0.88695660    0.93373029    1.09143430    1.18470693    1.46647335    1.25224310    1.27415857    1.32820473    1.36762722    1.82398749    1.44796989    1.36170925    0.83959382    0.92705467    1.31957657    1.58356659    1.44614569    1.66622646    1.53264698    1.47370307    1.56549874    1.92041963    1.79655386    1.50783322    1.58697682    1.25417387    1.37712863    1.55264809    1.63961549    1.72044005    1.94908083    1.56257813    1.44303715    2.37235433    1.57784264    2.34447226    2.57038261    2.77817400    2.52573661    2.17948428    0.99777289
D8PCE6_9BACT/42-238     1.03661658    1.10937177    1.14680782    1.12867345    0.73664715    0.93587980    0.00000000    0.84147433    1.03402953    0.93415082    0.90881926    0.90714281    1.20188293    1.18392594    1.42956600    1.26950434    1.31598022    1.19784769    1.32259735    1.72933602    1.55169844    1.60249671    0.90350876    0.94409915    1.35408440    1.34986420    1.45933360    1.46869167    1.29379549    1.29132682    1.42091372    2.07777949    1.77935627    1.50460464    1.65903004    1.49266082    1.36027397    1.43574504    1.41378557    1.53589042    1.61232468    1.46115507    1.43295204    2.27213384    1.71413736    2.15217317    2.46537436    2.53744019    2.13218465    1.76445003    0.86548314
Q2S269_SALRD/52-253     1.31270173    1.22995693    1.24204719    1.24991499    0.83135462    1.10842968    0.84147433    0.00000000    1.06355708    1.18113331    1.02977237    1.11432388    1.16750887    1.18705692    1.36910620    1.30855963    1.19541895    1.18666060    1.35514706    1.75054088    1.42936752    1.40554998    1.01698973    0.96677497    1.28018160    1.20087052    1.37732786    1.38411420    1.29062089    1.33455663    1.45912156    1.86565940    1.60552142    1.40878855    1.46776853    1.52113112    1.39766250    1.42727855    1.49507812    1.51054616    1.60026918    1.37895135    1.41629142    2.20713414    1.52893022    2.41254521    2.45111685    2.65918087    2.25674969    2.07326758    0.97844644
E6W703_DESIS/36-211     1.18214678    1.20523351    1.32542091    1.39769964    0.93583389    0.96441164    1.03402953    1.06355708    0.00000000    0.98211177    0.99139340    0.97665301    1.03506270    1.09034719    1.10184046    1.18907223    1.19324004    1.08024162    1.13338785    1.68803505    1.17407366    1.20910662    0.87451704    0.80765684    1.10380025    1.16703229    1.17839593    1.25782783    1.33775124    1.50992083    1.43727481    1.82567312    1.69889982    1.29298098    1.41388097    1.49499158    1.49128381    1.62682232    1.63619418    1.68656146    1.67888139    1.39608589    1.48197413    2.35211312    1.51663311    2.23451185    2.40692424    2.47991706    2.30078644    1.80007012    1.01219099
B5EGN7_GEOBB/36-206     1.45616947    1.37764534    1.43618063    1.64735478    1.10629763    0.98310819    0.93415082    1.18113331    0.98211177    0.00000000    0.41371907    0.46322955    1.03583192    1.11546112    1.31733724    1.26748019    1.23673457    1.20242028    1.07446342    1.50735325    1.53835945    1.39198553    0.77005916    0.74231775    1.31352802    1.42400227    1.44606197    1.47457414    1.47035084    1.43120540    1.70047567    2.23832076    1.86949824    1.67830307    1.63053001    1.56814939    1.43961449    1.76005653    1.50382345    1.68302203    1.73209354    1.64904472    1.51983380    2.02321412    1.81331771    2.50590779    2.53055984    2.62279216    2.41806371    1.91133879    1.10671225
A5G5J6_GEOUR/33-207     1.28163452    1.29437924    1.34861106    1.63448393    0.99622655    0.88695660    0.90881926    1.02977237    0.99139340    0.41371907    0.00000000    0.27845798    0.89767754    0.97507806    1.37032674    1.14864706    1.12022626    1.13941577    1.08320955    1.35443751    1.41671166    1.49072672    0.70127228    0.69977516    1.41375830    1.47878833    1.57516076    1.59982972    1.37623274    1.34644241    1.57146827    2.12697549    1.75175227    1.55926233    1.58198463    1.54436798    1.51105961    1.67607149    1.46855867    1.72523525    1.68980856    1.67853229    1.62424653    2.28249928    1.75452620    2.50585134    2.72957229    2.72277643    2.53167390    1.90163867    0.97624873
B9M5S3_GEODF/35-208     1.34466793    1.24567472    1.29898626    1.59264314    0.94445118    0.93373029    0.90714281    1.11432388    0.97665301    0.46322955    0.27845798    0.00000000    1.04925639    1.10028026    1.34328589    1.16127604    1.13055060    1.13145074    1.05116910    1.44595453    1.41306284    1.45374500    0.76692732    0.75501889    1.37969930    1.50793860    1.50223888    1.58152620    1.36508630    1.33067310    1.58284652    2.13533772    1.73944791    1.58183292    1.65138719    1.61427823    1.42488496    1.50630316    1.47984858    1.80842071    1.63160727    1.69454405    1.58277448    2.19868012    1.60928647    2.48801352    2.63090975    2.75071485    2.63431360    2.00022862    1.05035228
K0NAY6_DESTT/40-217     1.28242743    1.50711634    1.55379954    1.74065701    1.20106006    1.09143430    1.20188293    1.16750887    1.03506270    1.03583192    0.89767754    1.04925639    0.00000000    0.62517419    0.92874692    0.93553691    0.69152490    0.92648450    0.92225155    1.34122099    1.04206876    1.05283196    1.00899052    0.93134868    1.58920147    1.50578712    1.58853062    1.51632285    1.39351638    1.45537893    1.77882160    1.83885765    1.87291033    1.67433492    1.70352824    1.69398214    1.75470690    1.95705736    2.09617584    1.94563382    2.16100526    1.89798693    1.84298919    2.41306615    1.72171523    2.41371551    2.81409781    2.90280185    2.19251217    2.30962039    1.29608775
G4SYY2_META2/43-219     1.57564041    1.54889676    1.52299971    1.58714104    1.25324454    1.18470693    1.18392594    1.18705692    1.09034719    1.11546112    0.97507806    1.10028026    0.62517419    0.00000000    0.79241376    0.66521807    0.55742956    0.81951470    0.84774208    1.26851496    0.89546025    1.14551462    1.03568567    0.92419183    1.52006704    1.40202168    1.36874653    1.24694930    1.35021746    1.48744247    1.83890091    2.05077598    1.72287749    1.67299997    1.56941398    1.77850064    1.76227046    2.05490504    2.05582847    2.15083195    2.04411632    1.86814328    1.92741324    2.47435110    1.68029263    2.69754311    3.03032677    2.76866292    2.25755937    2.30371511    1.34132190
Q083Y6_SHEFN/32-217     1.64766836    1.83994995    1.70140705    1.66657243    1.36163650    1.46647335    1.42956600    1.36910620    1.10184046    1.31733724    1.37032674    1.34328589    0.92874692    0.79241376    0.00000000    0.64964055    0.90103145    0.99181034    0.90233540    1.65192098    1.23168760    1.27960026    1.13119594    1.13901299    1.72553639    1.52122118    1.71693588    1.56243762    1.56737158    1.69303181    1.83209938    2.15160743    1.87213060    1.87640288    1.80154846    2.04940270    1.75704268    2.18858288    2.22922521    2.35753122    2.14518507    2.11042272    2.10495980    2.98190400    2.00127575    2.54410429    2.71783801    2.77026911    2.55327569    2.53259305    1.64517430
U4KIR6_9VIBR/60-245     1.55468907    1.71078766    1.54780125    1.87559947    1.44696683    1.25224310    1.26950434    1.30855963    1.18907223    1.26748019    1.14864706    1.16127604    0.93553691    0.66521807    0.64964055    0.00000000    0.76628973    0.98678511    0.96167345    1.52019911    1.24673723    1.27579558    1.13625944    1.14134309    1.76294762    1.56077247    1.62715489    1.45493252    1.43394070    1.44469049    1.91931640    1.76741829    1.93291206    1.58431080    1.76679324    1.99299120    1.76185694    2.10456399    1.99621234    2.17962070    2.15960953    1.82107019    1.78090398    2.50318414    1.81317656    2.73714369    3.12013359    2.84343272    2.50953797    2.58145444    1.37970459
G0A2X9_METMM/35-211     1.57739223    1.55365981    1.52481392    1.82580233    1.23893562    1.27415857    1.31598022    1.19541895    1.19324004    1.23673457    1.12022626    1.13055060    0.69152490    0.55742956    0.90103145    0.76628973    0.00000000    0.75211940    1.02905844    1.31453808    1.03249864    1.17275474    0.99317380    0.99884869    1.55111811    1.42846153    1.67347076    1.38021859    1.43466932    1.47218034    2.15798136    1.85446905    1.99950245    1.57193867    1.60278778    1.74617137    1.70364498    1.98967107    1.83504442    1.84336760    2.01392459    1.79809706    1.72798806    2.51003130    1.92620851    2.82505836    2.58990710    2.85678790    2.43858956    2.38842977    1.26797135
C7LUH1_DESBD/52-224     1.42252185    1.34748362    1.44655041    1.53525805    1.19603702    1.32820473    1.19784769    1.18666060    1.08024162    1.20242028    1.13941577    1.13145074    0.92648450    0.81951470    0.99181034    0.98678511    0.75211940    0.00000000    0.88071714    1.41876515    1.01282174    1.06998997    0.97213801    0.99655334    1.51838744    1.38970318    1.80904931    1.58036486    1.42233325    1.40768727    2.00127471    2.42962763    1.90539156    1.56259867    1.57904287    1.95305690    1.66444903    2.00080150    1.90151779    1.79222332    2.20819863    1.65470377    1.75598199    2.26285801    1.88202977    2.53718350    2.64477934    2.70609459    2.31073661    1.98709957    1.24700613
A1SVY7_PSYIN/39-217     1.65119284    1.57376404    1.38927352    1.73427877    1.21204899    1.36762722    1.32259735    1.35514706    1.13338785    1.07446342    1.08320955    1.05116910    0.92225155    0.84774208    0.90233540    0.96167345    1.02905844    0.88071714    0.00000000    1.29146252    1.10477809    1.07647626    0.96181201    1.04017848    1.65245685    1.72713585    1.77469834    1.83916779    1.61945933    1.88526950    2.05635682    2.16298440    1.97808004    1.75531171    1.66097521    1.88468535    1.51809476    1.81938137    1.79110654    1.94108702    1.90670930    1.81694007    1.77203148    2.37965363    2.00757308    2.27391575    2.11177249    2.39272967    2.19187757    2.09796019    1.27554483
Q4FMA3_PELUB/16-192     2.03251060    1.85088466    2.13857079    2.29914513    1.82929828    1.82398749    1.72933602    1.75054088    1.68803505    1.50735325    1.35443751    1.44595453    1.34122099    1.26851496    1.65192098    1.52019911    1.31453808    1.41876515    1.29146252    0.00000000    1.62438436    1.41851909    1.76134042    1.57927020    1.97653015    1.93938393    1.85600231    2.14898969    1.96871433    2.40646360    2.39563538    2.66454666    2.63706366    2.07170692    1.91898392    2.51436824    2.26756731    2.69380820    2.47823845    2.46649162    2.66112312    2.36761218    2.18691882    3.00868103    2.43932123    3.10662320    2.69429438    2.99902123    2.67317484    2.64830250    1.81506621
H2G070_OCESG/25-200     1.61528203    1.59402790    1.72286506    1.61885064    1.35317723    1.44796989    1.55169844    1.42936752    1.17407366    1.53835945    1.41671166    1.41306284    1.04206876    0.89546025    1.23168760    1.24673723    1.03249864    1.01282174    1.10477809    1.62438436    0.00000000    1.02803065    1.10652700    1.22297159    1.64126069    1.64163271    1.84333810    1.70410344    1.60801807    1.79177874    1.85042401    1.95847573    1.99393143    1.80574718    2.14417446    2.05557147    1.96400524    2.00138390    2.05852076    2.00257800    2.08441692    1.89552271    1.97675455    2.43885920    2.05534720    2.24539097    2.69043010    2.68441739    2.50928047    2.30331988    1.39455717
Q0VR63_ALCBS/35-203     1.76428998    1.61003504    1.71646388    1.86054764    1.39486489    1.36170925    1.60249671    1.40554998    1.20910662    1.39198553    1.49072672    1.45374500    1.05283196    1.14551462    1.27960026    1.27579558    1.17275474    1.06998997    1.07647626    1.41851909    1.02803065    0.00000000    1.15853991    1.32628589    1.49952416    1.50548442    1.57971515    1.50133711    1.61974987    1.71513349    2.25331542    2.20312227    2.12353546    1.67843221    1.62550808    1.78763081    1.84252320    2.01260847    2.02715754    2.01096203    2.06968073    2.07248931    1.95665918    2.32390021    1.82197576    2.81955901    2.82872428    3.15330104    2.85640512    2.70520104    1.56787594
Q74DZ5_GEOSL/31-208     1.27968113    1.12933427    1.43968699    1.49108869    0.95121461    0.83959382    0.90350876    1.01698973    0.87451704    0.77005916    0.70127228    0.76692732    1.00899052    1.03568567    1.13119594    1.13625944    0.99317380    0.97213801    0.96181201    1.76134042    1.10652700    1.15853991    0.00000000    0.60611080    1.36968394    1.41856646    1.52376129    1.40685434    1.32490600    1.32150457    1.55786324    1.93178153    1.86582930    1.27757569    1.42383116    1.40658619    1.28601199    1.51743426    1.46830333    1.64063332    1.72803250    1.42879301    1.44265615    2.25208617    1.53406698    2.07940550    2.13200129    2.36498522    2.33252733    1.94801779    0.97954926
B3E2N8_GEOLS/64-238     1.18982412    1.12524092    1.34032331    1.37341362    0.96523570    0.92705467    0.94409915    0.96677497    0.80765684    0.74231775    0.69977516    0.75501889    0.93134868    0.92419183    1.13901299    1.14134309    0.99884869    0.99655334    1.04017848    1.57927020    1.22297159    1.32628589    0.60611080    0.00000000    1.29458006    1.31096459    1.56410131    1.44958292    1.32389917    1.41119170    1.50337541    1.82949787    1.58844507    1.45187646    1.64356562    1.33664088    1.34315188    1.39535073    1.42945229    1.48758129    1.48713598    1.35029851    1.32113711    2.33209740    1.63690728    2.15091292    2.41102809    2.50170182    2.32889396    1.94430853    0.83177448
D5BYL3_NITHN/48-240     1.39918427    1.34733708    1.37861352    1.39761740    1.26073352    1.31957657    1.35408440    1.28018160    1.10380025    1.31352802    1.41375830    1.37969930    1.58920147    1.52006704    1.72553639    1.76294762    1.55111811    1.51838744    1.65245685    1.97653015    1.64126069    1.49952416    1.36968394    1.29458006    0.00000000    1.50912483    1.58469376    1.64154763    1.57566854    1.59828750    1.70610547    2.26328826    1.85329281    1.89016038    1.80054643    1.94311090    1.89027319    1.99656425    1.85108677    1.94164791    2.01047115    1.84066699    1.77225869    2.55682152    2.08030695    2.39271188    2.82937144    2.80585630    2.92669033    2.38611035    1.21549303
C4KAB2_THASP/41-238     1.57599314    1.53024337    1.68122137    1.46124594    1.32420545    1.58356659    1.34986420    1.20087052    1.16703229    1.42400227    1.47878833    1.50793860    1.50578712    1.40202168    1.52122118    1.56077247    1.42846153    1.38970318    1.72713585    1.93938393    1.64163271    1.50548442    1.41856646    1.31096459    1.50912483    0.00000000    0.50222807    0.64505720    1.17295563    1.37552531    1.42901175    1.46883117    1.28923090    1.49504259    1.44967471    1.58322410    1.48905304    1.52077320    1.62094398    1.69934032    1.46745427    1.70269846    1.70666876    2.20322601    1.63301231    2.33527093    2.29322808    2.74482180    2.39274845    2.16325194    1.35790567
D9SHC3_GALCS/38-235     1.73395617    1.74661355    1.72011421    1.82595751    1.37703886    1.44614569    1.45933360    1.37732786    1.17839593    1.44606197    1.57516076    1.50223888    1.58853062    1.36874653    1.71693588    1.62715489    1.67347076    1.80904931    1.77469834    1.85600231    1.84333810    1.57971515    1.52376129    1.56410131    1.58469376    0.50222807    0.00000000    0.57782916    1.35960139    1.40286161    1.54132568    1.51582680    1.38222756    1.64411049    1.60806691    1.58256863    1.58445944    1.81739233    1.80438284    1.79797301    1.81133216    1.87027419    1.86408662    2.53042434    1.91862809    2.62330062    2.61315144    2.74093013    2.76916129    2.37815153    1.29929411
B1XY72_LEPCP/24-220     1.79906021    1.61169485    1.62615219    1.85698926    1.58025803    1.66622646    1.46869167    1.38411420    1.25782783    1.47457414    1.59982972    1.58152620    1.51632285    1.24694930    1.56243762    1.45493252    1.38021859    1.58036486    1.83916779    2.14898969    1.70410344    1.50133711    1.40685434    1.44958292    1.64154763    0.64505720    0.57782916    0.00000000    1.09492460    1.24708674    1.37491656    1.50656623    1.37013917    1.72349449    1.71370769    1.62781091    1.50341932    1.89336248    1.79080957    1.77364473    1.77532931    1.78442334    1.92668323    2.18310544    1.72800238    2.47747068    2.73791281    2.76891728    2.18498682    2.38613192    1.51628395
C7RTG7_ACCPU/60-257     1.64261005    1.68615833    1.57897291    1.72351358    1.41939837    1.53264698    1.29379549    1.29062089    1.33775124    1.47035084    1.37623274    1.36508630    1.39351638    1.35021746    1.56737158    1.43394070    1.43466932    1.42233325    1.61945933    1.96871433    1.60801807    1.61974987    1.32490600    1.32389917    1.57566854    1.17295563    1.35960139    1.09492460    0.00000000    0.66039505    1.27640388    1.62312917    1.23455617    1.46712638    1.58095461    1.57857347    1.41690687    1.46299528    1.56901184    1.66314005    1.49943275    1.52119967    1.45014709    2.00340252    1.50986262    2.54767376    2.38762217    2.88655741    2.08445764    2.11245489    1.24721765
F5Y5W6_RAMTT/55-250     1.65181840    1.65203642    1.72158749    1.88165754    1.46303789    1.47370307    1.29132682    1.33455663    1.50992083    1.43120540    1.34644241    1.33067310    1.45537893    1.48744247    1.69303181    1.44469049    1.47218034    1.40768727    1.88526950    2.40646360    1.79177874    1.71513349    1.32150457    1.41119170    1.59828750    1.37552531    1.40286161    1.24708674    0.66039505    0.00000000    1.35084461    1.52094834    1.30346753    1.65898151    1.61996848    1.53214355    1.49737899    1.52668462    1.51075025    1.56301935    1.55311542    1.43281169    1.34590004    2.04139002    1.66231566    2.94073162    3.05388754    2.86893480    2.59186758    2.35768705    1.28334711
D0IXN1_COMT2/30-227     1.51745171    1.67060175    1.82047178    1.75528499    1.36271963    1.56549874    1.42091372    1.45912156    1.43727481    1.70047567    1.57146827    1.58284652    1.77882160    1.83890091    1.83209938    1.91931640    2.15798136    2.00127471    2.05635682    2.39563538    1.85042401    2.25331542    1.55786324    1.50337541    1.70610547    1.42901175    1.54132568    1.37491656    1.27640388    1.35084461    0.00000000    1.04492841    0.83976436    1.74410695    1.62253502    1.46979705    1.40772877    1.51178504    1.58871418    1.55401879    1.44203790    1.56720200    1.54966015    2.22173457    1.62332325    1.89658844    2.22328581    2.20799586    2.33363343    2.19272453    1.45296159
H5WLA1_9BURK/44-244     2.02663426    2.06868365    2.33969489    2.22672612    1.91091081    1.92041963    2.07777949    1.86565940    1.82567312    2.23832076    2.12697549    2.13533772    1.83885765    2.05077598    2.15160743    1.76741829    1.85446905    2.42962763    2.16298440    2.66454666    1.95847573    2.20312227    1.93178153    1.82949787    2.26328826    1.46883117    1.51582680    1.50656623    1.62312917    1.52094834    1.04492841    0.00000000    0.75706666    1.91637178    1.82162003    1.90835006    1.87604305    1.67781457    1.67979728    1.72134455    1.65082234    1.76569853    1.72841480    2.04530215    1.91241563    2.61366659    2.89821159    2.76580500    2.89458835    2.64943214    1.84705285
A1VMF4_POLNA/77-279     1.81605229    1.67328494    1.80577567    1.85600563    1.60275790    1.79655386    1.77935627    1.60552142    1.69889982    1.86949824    1.75175227    1.73944791    1.87291033    1.72287749    1.87213060    1.93291206    1.99950245    1.90539156    1.97808004    2.63706366    1.99393143    2.12353546    1.86582930    1.58844507    1.85329281    1.28923090    1.38222756    1.37013917    1.23455617    1.30346753    0.83976436    0.75706666    0.00000000    1.69965378    1.66584322    1.61964520    1.55385001    1.53761194    1.67750623    1.68474160    1.61375018    1.52346490    1.60235139    2.43920394    1.74025138    2.29651718    2.62877253    2.60719642    2.53256713    2.42054369    1.63535126
Q1LAN4_CUPMC/49-242     1.65200070    1.70211415    1.79596100    1.99924644    1.36290906    1.50783322    1.50460464    1.40878855    1.29298098    1.67830307    1.55926233    1.58183292    1.67433492    1.67299997    1.87640288    1.58431080    1.57193867    1.56259867    1.75531171    2.07170692    1.80574718    1.67843221    1.27757569    1.45187646    1.89016038    1.49504259    1.64411049    1.72349449    1.46712638    1.65898151    1.74410695    1.91637178    1.69965378    0.00000000    0.54192443    0.95926133    1.00294736    1.29481850    1.34836717    1.28295001    1.39994623    1.29246864    1.30078001    2.43478670    1.52385798    2.75071005    2.51747810    2.82627722    2.55757240    2.26290789    1.38094664
B2JWR3_PARP8/54-251     1.65725799    1.73975044    1.81606896    1.90618150    1.29466655    1.58697682    1.65903004    1.46776853    1.41388097    1.63053001    1.58198463    1.65138719    1.70352824    1.56941398    1.80154846    1.76679324    1.60278778    1.57904287    1.66097521    1.91898392    2.14417446    1.62550808    1.42383116    1.64356562    1.80054643    1.44967471    1.60806691    1.71370769    1.58095461    1.61996848    1.62253502    1.82162003    1.66584322    0.54192443    0.00000000    1.02793157    0.97074844    1.34765017    1.24413724    1.20922615    1.35139231    1.22614438    1.26526315    2.66870938    1.50494453    2.69208435    2.60762626    2.41799609    2.80038790    2.27377491    1.59348288
A4G1R1_HERAR/60-257     1.64541854    1.66308449    1.66729749    1.91092531    1.29839042    1.25417387    1.49266082    1.52113112    1.49499158    1.56814939    1.54436798    1.61427823    1.69398214    1.77850064    2.04940270    1.99299120    1.74617137    1.95305690    1.88468535    2.51436824    2.05557147    1.78763081    1.40658619    1.33664088    1.94311090    1.58322410    1.58256863    1.62781091    1.57857347    1.53214355    1.46979705    1.90835006    1.61964520    0.95926133    1.02793157    0.00000000    0.67617774    1.03033022    1.07005877    1.17985246    1.18827645    0.92941990    0.92985375    2.58286393    1.47854976    2.52133069    2.33493637    2.89549695    2.48010677    2.08710920    1.35813134
D8IS04_HERSS/78-275     1.48265646    1.78609780    1.69039858    2.02110767    1.39242861    1.37712863    1.36027397    1.39766250    1.49128381    1.43961449    1.51105961    1.42488496    1.75470690    1.76227046    1.75704268    1.76185694    1.70364498    1.66444903    1.51809476    2.26756731    1.96400524    1.84252320    1.28601199    1.34315188    1.89027319    1.48905304    1.58445944    1.50341932    1.41690687    1.49737899    1.40772877    1.87604305    1.55385001    1.00294736    0.97074844    0.67617774    0.00000000    0.95903358    0.87900420    0.92612089    0.95129797    1.02290004    1.01954512    2.56268287    1.32087684    2.51428398    1.98349664    2.33821617    2.23038382    2.01364928    1.58948664
A2SKI5_METPP/57-252     1.78212804    1.72568332    1.77587252    1.84833892    1.38581302    1.55264809    1.43574504    1.42727855    1.62682232    1.76005653    1.67607149    1.50630316    1.95705736    2.05490504    2.18858288    2.10456399    1.98967107    2.00080150    1.81938137    2.69380820    2.00138390    2.01260847    1.51743426    1.39535073    1.99656425    1.52077320    1.81739233    1.89336248    1.46299528    1.52668462    1.51178504    1.67781457    1.53761194    1.29481850    1.34765017    1.03033022    0.95903358    0.00000000    0.80758165    0.83505012    0.80456308    1.04487365    0.98117114    2.55948192    1.46150305    2.35769085    2.29864401    2.70670066    2.56713622    2.23438865    1.38255928
B1Y313_LEPCP/37-232     1.78107380    1.65138284    1.63387005    1.86943601    1.48706181    1.63961549    1.41378557    1.49507812    1.63619418    1.50382345    1.46855867    1.47984858    2.09617584    2.05582847    2.22922521    1.99621234    1.83504442    1.90151779    1.79110654    2.47823845    2.05852076    2.02715754    1.46830333    1.42945229    1.85108677    1.62094398    1.80438284    1.79080957    1.56901184    1.51075025    1.58871418    1.67979728    1.67750623    1.34836717    1.24413724    1.07005877    0.87900420    0.80758165    0.00000000    0.72088298    0.82088936    1.13196065    1.05810053    2.17248728    1.62739974    2.65234593    2.43259746    2.62712808    2.59176646    1.95370071    1.47477576
Q12FI8_POLSJ/89-285     1.84754994    1.89153853    1.64861561    1.86106168    1.52608360    1.72044005    1.53589042    1.51054616    1.68656146    1.68302203    1.72523525    1.80842071    1.94563382    2.15083195    2.35753122    2.17962070    1.84336760    1.79222332    1.94108702    2.46649162    2.00257800    2.01096203    1.64063332    1.48758129    1.94164791    1.69934032    1.79797301    1.77364473    1.66314005    1.56301935    1.55401879    1.72134455    1.68474160    1.28295001    1.20922615    1.17985246    0.92612089    0.83505012    0.72088298    0.00000000    0.83521546    1.13265688    1.05200530    2.35961891    1.79166695    2.46143876    2.22435979    2.36900871    2.32826626    2.25878495    1.46317508
H5WJ56_9BURK/19-214     1.87846918    2.07639811    1.87940573    2.18647300    1.50712191    1.94908083    1.61232468    1.60026918    1.67888139    1.73209354    1.68980856    1.63160727    2.16100526    2.04411632    2.14518507    2.15960953    2.01392459    2.20819863    1.90670930    2.66112312    2.08441692    2.06968073    1.72803250    1.48713598    2.01047115    1.46745427    1.81133216    1.77532931    1.49943275    1.55311542    1.44203790    1.65082234    1.61375018    1.39994623    1.35139231    1.18827645    0.95129797    0.80456308    0.82088936    0.83521546    0.00000000    1.07857947    1.14886518    2.05639425    1.64232449    2.51309008    2.31674919    2.88801623    2.51304351    2.23956060    1.59219934
Q1LIJ3_CUPMC/109-304     1.72923282    1.69461325    1.81113986    1.82605831    1.47425012    1.56257813    1.46115507    1.37895135    1.39608589    1.64904472    1.67853229    1.69454405    1.89798693    1.86814328    2.11042272    1.82107019    1.79809706    1.65470377    1.81694007    2.36761218    1.89552271    2.07248931    1.42879301    1.35029851    1.84066699    1.70269846    1.87027419    1.78442334    1.52119967    1.43281169    1.56720200    1.76569853    1.52346490    1.29246864    1.22614438    0.92941990    1.02290004    1.04487365    1.13196065    1.13265688    1.07857947    0.00000000    0.28054309    2.19048797    1.75311669    2.57623748    2.28276456    2.45001265    2.28125062    2.14307214    1.36362597
Q0K6J6_CUPNH/118-313     1.73072841    1.70248819    1.73609475    1.90440270    1.44563432    1.44303715    1.43295204    1.41629142    1.48197413    1.51983380    1.62424653    1.58277448    1.84298919    1.92741324    2.10495980    1.78090398    1.72798806    1.75598199    1.77203148    2.18691882    1.97675455    1.95665918    1.44265615    1.32113711    1.77225869    1.70666876    1.86408662    1.92668323    1.45014709    1.34590004    1.54966015    1.72841480    1.60235139    1.30078001    1.26526315    0.92985375    1.01954512    0.98117114    1.05810053    1.05200530    1.14886518    0.28054309    0.00000000    2.20641429    1.66541366    2.64801002    2.50235467    2.38525606    2.30699701    2.29796222    1.42598354
A8LUK8_DINSH/30-213     2.65265977    2.27848240    2.25132361    2.34576342    2.39359680    2.37235433    2.27213384    2.20713414    2.35211312    2.02321412    2.28249928    2.19868012    2.41306615    2.47435110    2.98190400    2.50318414    2.51003130    2.26285801    2.37965363    3.00868103    2.43885920    2.32390021    2.25208617    2.33209740    2.55682152    2.20322601    2.53042434    2.18310544    2.00340252    2.04139002    2.22173457    2.04530215    2.43920394    2.43478670    2.66870938    2.58286393    2.56268287    2.55948192    2.17248728    2.35961891    2.05639425    2.19048797    2.20641429    0.00000000    2.17419386    3.05771440    3.19486401    3.26937887    2.64765065    2.85890083    2.29939974
Q01VB6_SOLUE/3-173     2.00893797    1.94322780    1.98569625    1.96049639    1.46083878    1.57784264    1.71413736    1.52893022    1.51663311    1.81331771    1.75452620    1.60928647    1.72171523    1.68029263    2.00127575    1.81317656    1.92620851    1.88202977    2.00757308    2.43932123    2.05534720    1.82197576    1.53406698    1.63690728    2.08030695    1.63301231    1.91862809    1.72800238    1.50986262    1.66231566    1.62332325    1.91241563    1.74025138    1.52385798    1.50494453    1.47854976    1.32087684    1.46150305    1.62739974    1.79166695    1.64232449    1.75311669    1.66541366    2.17419386    0.00000000    1.99805383    2.34155404    2.62613969    2.53939437    2.22716434    1.67603845
A2SC29_METPP/220-398     2.39460256    2.44074577    2.79631997    2.53071562    2.27921677    2.34447226    2.15217317    2.41254521    2.23451185    2.50590779    2.50585134    2.48801352    2.41371551    2.69754311    2.54410429    2.73714369    2.82505836    2.53718350    2.27391575    3.10662320    2.24539097    2.81955901    2.07940550    2.15091292    2.39271188    2.33527093    2.62330062    2.47747068    2.54767376    2.94073162    1.89658844    2.61366659    2.29651718    2.75071005    2.69208435    2.52133069    2.51428398    2.35769085    2.65234593    2.46143876    2.51309008    2.57623748    2.64801002    3.05771440    1.99805383    0.00000000    1.07019727    0.87515976    1.38652194    2.67328646    2.27258489
B2IIG5_BEII9/162-332     2.64474014    3.00519246    2.64923791    2.83568221    2.43835455    2.57038261    2.46537436    2.45111685    2.40692424    2.53055984    2.72957229    2.63090975    2.81409781    3.03032677    2.71783801    3.12013359    2.58990710    2.64477934    2.11177249    2.69429438    2.69043010    2.82872428    2.13200129    2.41102809    2.82937144    2.29322808    2.61315144    2.73791281    2.38762217    3.05388754    2.22328581    2.89821159    2.62877253    2.51747810    2.60762626    2.33493637    1.98349664    2.29864401    2.43259746    2.22435979    2.31674919    2.28276456    2.50235467    3.19486401    2.34155404    1.07019727    0.00000000    1.05207565    1.17961922    2.47319952    2.14311122
A7HS26_PARL1/207-379     2.64549119    2.99890304    3.21607300    3.04974313    2.66943670    2.77817400    2.53744019    2.65918087    2.47991706    2.62279216    2.72277643    2.75071485    2.90280185    2.76866292    2.77026911    2.84343272    2.85678790    2.70609459    2.39272967    2.99902123    2.68441739    3.15330104    2.36498522    2.50170182    2.80585630    2.74482180    2.74093013    2.76891728    2.88655741    2.86893480    2.20799586    2.76580500    2.60719642    2.82627722    2.41799609    2.89549695    2.33821617    2.70670066    2.62712808    2.36900871    2.88801623    2.45001265    2.38525606    3.26937887    2.62613969    0.87515976    1.05207565    0.00000000    1.12365224    2.50034991    2.43459289
J7QUX3_METSZ/230-400     2.64217590    2.81594539    2.93280950    2.95793584    2.64129138    2.52573661    2.13218465    2.25674969    2.30078644    2.41806371    2.53167390    2.63431360    2.19251217    2.25755937    2.55327569    2.50953797    2.43858956    2.31073661    2.19187757    2.67317484    2.50928047    2.85640512    2.33252733    2.32889396    2.92669033    2.39274845    2.76916129    2.18498682    2.08445764    2.59186758    2.33363343    2.89458835    2.53256713    2.55757240    2.80038790    2.48010677    2.23038382    2.56713622    2.59176646    2.32826626    2.51304351    2.28125062    2.30699701    2.64765065    2.53939437    1.38652194    1.17961922    1.12365224    0.00000000    2.92467211    2.27755757
Q2S5V0_SALRD/67-253     2.50726274    2.19563956    2.10824008    2.41138587    1.88480416    2.17948428    1.76445003    2.07326758    1.80007012    1.91133879    1.90163867    2.00022862    2.30962039    2.30371511    2.53259305    2.58145444    2.38842977    1.98709957    2.09796019    2.64830250    2.30331988    2.70520104    1.94801779    1.94430853    2.38611035    2.16325194    2.37815153    2.38613192    2.11245489    2.35768705    2.19272453    2.64943214    2.42054369    2.26290789    2.27377491    2.08710920    2.01364928    2.23438865    1.95370071    2.25878495    2.23956060    2.14307214    2.29796222    2.85890083    2.22716434    2.67328646    2.47319952    2.50034991    2.92467211    0.00000000    1.72403807
M1FJY5_9ALTE/49-246     1.17458509    1.02901072    1.21780656    1.17641990    0.77843913    0.99777289    0.86548314    0.97844644    1.01219099    1.10671225    0.97624873    1.05035228    1.29608775    1.34132190    1.64517430    1.37970459    1.26797135    1.24700613    1.27554483    1.81506621    1.39455717    1.56787594    0.97954926    0.83177448    1.21549303    1.35790567    1.29929411    1.51628395    1.24721765    1.28334711    1.45296159    1.84705285    1.63535126    1.38094664    1.59348288    1.35813134    1.58948664    1.38255928    1.47477576    1.46317508    1.59219934    1.36362597    1.42598354    2.29939974    1.67603845    2.27258489    2.14311122    2.43459289    2.27755757    1.72403807    0.00000000

