26
A0A7M6UR24_NASVI/34-109     0.00000000    0.41275095    0.46244369    0.87307699    1.35668744    1.00195454    1.27661476    1.44925482    1.27145167    1.15918177    0.95090755    1.03251584    0.93726284    1.05266433    1.87303250    1.76450807    2.05907298    1.94550834    1.26363224    1.20930096    1.15561581    1.12759418    1.17241744    1.03937262    1.02394586    1.36354608
E2BXS7_HARSA/13-88     0.41275095    0.00000000    0.34349444    0.94346717    1.43571129    1.13123591    1.32355899    1.54628285    1.21447677    1.22611963    0.96698592    1.06901769    1.07139487    1.05256479    1.97534601    1.89676130    2.07764173    1.67622712    1.18889741    1.39432268    1.28572415    1.08880008    1.26394146    1.12104208    1.23143904    1.35926721
E2ABP0_CAMFO/21-96     0.46244369    0.34349444    0.00000000    0.89959567    1.40712108    1.15416561    1.31234540    1.72777580    1.44905286    1.38881450    1.11021166    1.04790257    1.18366874    1.05814654    1.95914238    1.79427275    2.18718156    1.94259360    1.43783974    1.51042965    1.28616943    1.08468047    1.44285233    1.26082064    1.25544790    1.29241607
T1ID94_RHOPR/19-94     0.87307699    0.94346717    0.89959567    0.00000000    1.21067641    1.26254260    1.38927923    1.73276564    1.67141771    1.48148566    1.41213383    1.61052897    1.47319786    1.29788665    2.61051691    2.36557311    2.05819352    1.81591526    1.47406910    1.63101013    1.65743485    1.46681369    1.68994994    1.36412796    1.46779180    1.69887335
A0A212ER89_DANPL/9-85     1.35668744    1.43571129    1.40712108    1.21067641    0.00000000    1.48217050    1.61649562    1.52332266    1.46952003    1.54962670    1.71090550    1.43210793    1.62717852    1.37788778    2.58299170    2.24790416    3.01585775    2.26177524    1.61862767    1.63110900    1.56053825    1.64870260    1.50938205    1.54523930    1.53573049    2.01108227
K1PZX2_CRAGI/6-81     1.00195454    1.13123591    1.15416561    1.26254260    1.48217050    0.00000000    1.17063251    1.48215908    1.31418930    1.47774958    1.48621059    1.50956088    1.18934153    1.09760958    2.32109220    2.34144957    2.49506454    2.16767926    1.58280471    1.30809330    1.31783461    1.34375408    1.25304472    1.00733758    1.07824771    1.38851789
G0MLD7_CAEBE/9-84     1.27661476    1.32355899    1.31234540    1.38927923    1.61649562    1.17063251    0.00000000    0.33538700    0.44928216    1.69297755    1.32290827    1.36249189    1.32428594    1.42807511    2.62629453    2.23529751    2.91054991    2.16336789    1.84212807    1.64361355    1.63893874    1.52424517    1.81895701    1.45639700    1.71679216    1.93019582
A7LPI7_CAEEL/11-86     1.44925482    1.54628285    1.72777580    1.73276564    1.52332266    1.48215908    0.33538700    0.00000000    0.36215162    1.71014913    1.41568855    1.43249793    1.29110981    1.50834932    2.28000605    1.95789447    2.70728129    2.03915793    1.32018579    1.46930435    1.43515474    1.30717702    1.64085992    1.27948451    1.51147017    1.70030477
K7HPS4_CAEJA/190-265     1.27145167    1.21447677    1.44905286    1.67141771    1.46952003    1.31418930    0.44928216    0.36215162    0.00000000    1.56283088    1.29210333    1.42699786    1.39687462    1.33104241    2.00133188    1.77114341    2.68919744    2.12868660    1.36795536    1.41093781    1.41672814    1.29234277    1.42744607    1.26077726    1.46038462    1.65065866
E9HF23_DAPPU/3-78     1.15918177    1.22611963    1.38881450    1.48148566    1.54962670    1.47774958    1.69297755    1.71014913    1.56283088    0.00000000    1.07226093    1.19765851    1.22497198    1.27196346    2.24441625    2.30260797    2.22345690    2.08624362    1.24486989    1.28563306    1.10611791    1.09385391    1.07596565    1.09616974    1.12909983    1.23067659
H2YQ89_CIOSA/5-80     0.95090755    0.96698592    1.11021166    1.41213383    1.71090550    1.48621059    1.32290827    1.41568855    1.29210333    1.07226093    0.00000000    0.45110879    0.87118336    1.33576565    2.13160528    1.89604833    2.27515140    2.02047628    1.15420084    1.35822670    1.21549289    1.13136386    1.22326359    1.02465970    1.05286568    1.24478560
H2XK66_CIOIN/3-78     1.03251584    1.06901769    1.04790257    1.61052897    1.43210793    1.50956088    1.36249189    1.43249793    1.42699786    1.19765851    0.45110879    0.00000000    0.98121731    1.25782165    1.95103388    1.80850829    3.02772779    2.34002045    1.04882020    1.19816300    0.93316979    0.95169129    1.04633217    1.01891224    0.98767478    1.09679300
A7S0B3_NEMVE/12-87     0.93726284    1.07139487    1.18366874    1.47319786    1.62717852    1.18934153    1.32428594    1.29110981    1.39687462    1.22497198    0.87118336    0.98121731    0.00000000    0.98225796    1.90051859    1.74495454    2.27261678    1.96394333    1.09002178    1.03474453    1.00312918    0.89518239    1.07816625    0.81545771    0.85395288    1.17557878
C3ZQV6_BRAFL/2-77     1.05266433    1.05256479    1.05814654    1.29788665    1.37788778    1.09760958    1.42807511    1.50834932    1.33104241    1.27196346    1.33576565    1.25782165    0.98225796    0.00000000    2.15365940    1.76004403    2.12191006    2.35638330    0.99638377    0.87631521    0.96197382    0.98367331    0.84890349    0.85792647    0.82084706    1.01582518
L0P8N5_PNEJ8/13-91     1.87303250    1.97534601    1.95914238    2.61051691    2.58299170    2.32109220    2.62629453    2.28000605    2.00133188    2.24441625    2.13160528    1.95103388    1.90051859    2.15365940    0.00000000    0.25074601    2.10773464    1.98336211    1.69212212    2.03410659    1.78851011    1.87311807    1.80601470    1.70627561    1.75438426    1.93807575
M7PLL1_PNEMU/14-92     1.76450807    1.89676130    1.79427275    2.36557311    2.24790416    2.34144957    2.23529751    1.95789447    1.77114341    2.30260797    1.89604833    1.80850829    1.74495454    1.76004403    0.25074601    0.00000000    2.32554048    1.92168986    1.63694406    1.87481262    1.63480218    1.88850640    1.55007999    1.49753221    1.58781085    1.74987453
A4S154_OSTLU/21-98     2.05907298    2.07764173    2.18718156    2.05819352    3.01585775    2.49506454    2.91054991    2.70728129    2.68919744    2.22345690    2.27515140    3.02772779    2.27261678    2.12191006    2.10773464    2.32554048    0.00000000    0.88142267    2.19177144    2.26216134    2.06226460    1.93744902    2.15807889    2.46795534    2.17589517    2.49526268
Q013S7_OSTTA/15-92     1.94550834    1.67622712    1.94259360    1.81591526    2.26177524    2.16767926    2.16336789    2.03915793    2.12868660    2.08624362    2.02047628    2.34002045    1.96394333    2.35638330    1.98336211    1.92168986    0.88142267    0.00000000    2.07441742    1.97560276    1.92475281    1.72971752    1.95063555    2.15878717    1.92882844    2.00553188
A0A803JG09_XENTR/57-133     1.26363224    1.18889741    1.43783974    1.47406910    1.61862767    1.58280471    1.84212807    1.32018579    1.36795536    1.24486989    1.15420084    1.04882020    1.09002178    0.99638377    1.69212212    1.63694406    2.19177144    2.07441742    0.00000000    0.64241191    0.62961486    0.65769356    0.61398352    0.65209557    0.55488058    0.82098791
W5NMH1_LEPOC/45-120     1.20930096    1.39432268    1.51042965    1.63101013    1.63110900    1.30809330    1.64361355    1.46930435    1.41093781    1.28563306    1.35822670    1.19816300    1.03474453    0.87631521    2.03410659    1.87481262    2.26216134    1.97560276    0.64241191    0.00000000    0.39459747    0.41286181    0.36369976    0.52649364    0.37729659    0.65546858
F7GDX8_ORNAN/46-121     1.15561581    1.28572415    1.28616943    1.65743485    1.56053825    1.31783461    1.63893874    1.43515474    1.41672814    1.10611791    1.21549289    0.93316979    1.00312918    0.96197382    1.78851011    1.63480218    2.06226460    1.92475281    0.62961486    0.39459747    0.00000000    0.33349253    0.40639514    0.58119548    0.46322679    0.56448795
F7CW25_CALJA/54-129     1.12759418    1.08880008    1.08468047    1.46681369    1.64870260    1.34375408    1.52424517    1.30717702    1.29234277    1.09385391    1.13136386    0.95169129    0.89518239    0.98367331    1.87311807    1.88850640    1.93744902    1.72971752    0.65769356    0.41286181    0.33349253    0.00000000    0.40220136    0.52745566    0.49366749    0.60539044
H3AAC2_LATCH/50-125     1.17241744    1.26394146    1.44285233    1.68994994    1.50938205    1.25304472    1.81895701    1.64085992    1.42744607    1.07596565    1.22326359    1.04633217    1.07816625    0.84890349    1.80601470    1.55007999    2.15807889    1.95063555    0.61398352    0.36369976    0.40639514    0.40220136    0.00000000    0.46480401    0.33964470    0.55242207
M4AYQ8_XIPMA/51-126     1.03937262    1.12104208    1.26082064    1.36412796    1.54523930    1.00733758    1.45639700    1.27948451    1.26077726    1.09616974    1.02465970    1.01891224    0.81545771    0.85792647    1.70627561    1.49753221    2.46795534    2.15878717    0.65209557    0.52649364    0.58119548    0.52745566    0.46480401    0.00000000    0.32785715    0.50866069
W5LTU5_ASTMX/51-126     1.02394586    1.23143904    1.25544790    1.46779180    1.53573049    1.07824771    1.71679216    1.51147017    1.46038462    1.12909983    1.05286568    0.98767478    0.85395288    0.82084706    1.75438426    1.58781085    2.17589517    1.92882844    0.55488058    0.37729659    0.46322679    0.49366749    0.33964470    0.32785715    0.00000000    0.33824553
F1R879_DANRE/48-123     1.36354608    1.35926721    1.29241607    1.69887335    2.01108227    1.38851789    1.93019582    1.70030477    1.65065866    1.23067659    1.24478560    1.09679300    1.17557878    1.01582518    1.93807575    1.74987453    2.49526268    2.00553188    0.82098791    0.65546858    0.56448795    0.60539044    0.55242207    0.50866069    0.33824553    0.00000000

