32
I4AQ73_BERLS/193-802     0.00000000    0.91031497    2.30215678    2.28537307    2.10936543    2.30432867    2.24992385    2.21928553    2.24997176    2.04020876    2.13833774    2.09673613    1.72338276    1.66693246    1.71168362    1.62525070    1.81920034    1.88446956    1.77354098    1.83932496    1.85758976    1.84123969    1.75448811    1.75377412    1.72219222    1.80583230    1.73479975    1.74300560    1.68779569    1.75360773    1.88658834    1.91480518
A0A173WG88_9BACE/147-767     0.91031497    0.00000000    2.25704506    2.11388398    2.19661836    2.40515215    2.30947122    2.15228524    2.31154828    2.10120481    2.06146273    2.07171830    1.70180856    1.70888907    1.73363073    1.65091752    1.84682728    1.89805598    1.88936510    1.82889056    1.94021850    1.81858902    1.81413266    1.76949630    1.74957304    1.75050703    1.67832228    1.73907726    1.66541731    1.78697919    1.82682126    1.86145961
H1XWU0_9BACT/80-727     2.30215678    2.25704506    0.00000000    1.16923688    1.42469804    1.34475441    1.32650993    1.51688680    2.44350506    2.33093524    2.37663102    2.45194250    2.26207869    2.12282240    2.05908791    1.98882729    1.98200696    1.95328966    1.97512677    2.02073617    2.10504185    2.12216410    1.97865390    2.09403635    2.31074480    2.20839421    2.18954540    2.35245896    2.17867358    2.22226740    2.31370867    2.20474482
I7A0X8_MELRP/75-718     2.28537307    2.11388398    1.16923688    0.00000000    1.54256504    1.37040679    1.31963300    1.49667973    2.30664939    2.29674944    2.18299355    2.29329997    2.16979167    2.21217735    1.91176592    1.87225209    1.87198027    1.89478365    1.74904624    1.81594932    1.91640927    1.95800466    1.77316538    2.15262653    1.96294414    1.93162548    1.90893318    2.08397381    1.96730994    2.05743120    2.09163335    1.84772538
A9GYJ1_SORC5/272-909     2.10936543    2.19661836    1.42469804    1.54256504    0.00000000    0.79088235    0.79127912    1.32499489    2.10896840    2.22127375    2.29982155    2.38115255    2.13052689    2.04375098    1.94796366    1.87300124    1.85906843    2.01896800    2.03775582    2.08546959    1.99671773    1.98818929    1.91186390    1.87505479    1.94068168    1.86441417    1.87918862    2.07262344    2.06965513    2.05048228    2.22955619    2.02164983
A9FYG1_SORC5/101-738     2.30432867    2.40515215    1.34475441    1.37040679    0.79088235    0.00000000    0.23773290    1.51547578    2.21660128    2.34835723    2.35610407    2.43423779    2.22220438    2.15799649    2.07662041    2.03065957    2.06412223    2.03339959    2.07104539    2.07502505    2.12406728    2.16240092    2.10474658    2.01276977    2.03810908    2.02850066    2.05768167    2.12836014    2.06505492    2.08620551    2.20741619    1.98637302
A9GP26_SORC5/112-750     2.24992385    2.30947122    1.32650993    1.31963300    0.79127912    0.23773290    0.00000000    1.49129179    2.26299987    2.20368195    2.33273586    2.37518727    2.11063714    1.95866282    1.98340757    1.95624626    1.95587416    1.99797493    1.98005526    2.02287204    2.11437319    2.15322734    2.03667603    1.95513451    1.98243682    2.01820032    1.97178628    2.06067034    1.99819471    2.05057738    2.17332468    1.95947979
K9WFB6_9CYAN/71-731     2.21928553    2.15228524    1.51688680    1.49667973    1.32499489    1.51547578    1.49129179    0.00000000    2.35866502    2.29570785    2.44549267    2.42680971    2.22986451    2.00764639    1.95666877    1.89306611    1.81376440    1.97503391    1.90872775    1.92609125    1.88906403    1.83834911    1.81655638    1.92994106    1.81793695    2.06443355    1.97668157    2.00489092    1.97894464    2.19037856    2.25468901    2.13816780
E3CY67_9BACT/231-865     2.24997176    2.31154828    2.44350506    2.30664939    2.10896840    2.21660128    2.26299987    2.35866502    0.00000000    1.86711694    1.84996134    1.94014780    2.06632739    1.85680658    1.75804380    1.97274716    1.88615049    2.06149134    2.02884576    2.05117649    2.01451686    1.97529866    2.01557719    1.73890120    1.83255315    1.80716550    1.83679235    1.98684658    1.80512159    1.86898434    1.89917156    2.01460679
E1RAP9_SEDSS/232-898     2.04020876    2.10120481    2.33093524    2.29674944    2.22127375    2.34835723    2.20368195    2.29570785    1.86711694    0.00000000    1.00830710    0.96560529    2.04982842    2.10403995    1.80829197    1.90289521    1.98481495    2.02969035    1.99680279    1.98283675    2.03072692    1.96657354    1.98405060    1.96138857    1.97623404    1.95707250    1.92559219    1.79639012    1.85827911    2.04387542    2.17550322    2.25624621
S6A8T5_9SPIO/247-933     2.13833774    2.06146273    2.37663102    2.18299355    2.29982155    2.35610407    2.33273586    2.44549267    1.84996134    1.00830710    0.00000000    0.60671141    2.00829845    1.97231289    1.88313972    1.97334996    2.04941904    2.24886350    1.99570587    2.15345269    2.04392539    2.04659086    2.11057249    1.91720600    1.96043383    1.90429925    1.89810324    1.88536469    1.82758689    1.95680397    2.00038946    2.22803209
Q73JX3_TREDE/228-923     2.09673613    2.07171830    2.45194250    2.29329997    2.38115255    2.43423779    2.37518727    2.42680971    1.94014780    0.96560529    0.60671141    0.00000000    2.00284585    2.08691024    1.82051452    1.89422021    2.12344822    2.20473296    1.92721320    2.06415950    2.01753414    2.00709986    2.07338284    1.83073194    1.98318062    1.81332985    1.85236490    1.77726426    1.75109508    1.94202017    2.11257116    2.14267567
F2JGH8_CELLD/102-708     1.72338276    1.70180856    2.26207869    2.16979167    2.13052689    2.22220438    2.11063714    2.22986451    2.06632739    2.04982842    2.00829845    2.00284585    0.00000000    1.53755749    1.31499718    1.40572609    1.68828701    1.46004620    1.43619312    1.38725764    1.60735497    1.55057302    1.59599207    1.52977317    1.55454171    1.42644300    1.28725259    1.43577329    1.38343676    1.46381600    1.42780236    1.50766463
A0A068NMZ9_9BACT/48-659     1.66693246    1.70888907    2.12282240    2.21217735    2.04375098    2.15799649    1.95866282    2.00764639    1.85680658    2.10403995    1.97231289    2.08691024    1.53755749    0.00000000    1.36802793    1.34523933    1.52323557    1.53517020    1.50751587    1.53908503    1.55382415    1.56735192    1.48963364    1.35041622    1.43028771    1.36598451    1.38630292    1.52143599    1.35662093    1.53342168    1.56973613    1.44700470
Q0W2L8_METAR/87-704     1.71168362    1.73363073    2.05908791    1.91176592    1.94796366    2.07662041    1.98340757    1.95666877    1.75804380    1.80829197    1.88313972    1.82051452    1.31499718    1.36802793    0.00000000    0.51300825    1.12393365    1.13546503    1.14575095    1.14238548    1.13744137    1.13437707    1.06484558    1.17183641    1.18401781    1.20767918    1.00087676    1.15434775    1.03996061    1.21095940    1.23591450    1.43670425
D1YW80_METPS/122-743     1.62525070    1.65091752    1.98882729    1.87225209    1.87300124    2.03065957    1.95624626    1.89306611    1.97274716    1.90289521    1.97334996    1.89422021    1.40572609    1.34523933    0.51300825    0.00000000    1.10517902    1.14657198    1.14175072    1.19901366    1.10306511    1.15388583    1.03646101    1.28344286    1.13263112    1.17732221    1.01330106    1.12958260    0.98862105    1.28247260    1.24648106    1.43197513
G7WPG6_METH6/64-741     1.81920034    1.84682728    1.98200696    1.87198027    1.85906843    2.06412223    1.95587416    1.81376440    1.88615049    1.98481495    2.04941904    2.12344822    1.68828701    1.52323557    1.12393365    1.10517902    0.00000000    0.95211001    0.90345889    0.94394892    0.81931420    0.78011043    0.77534590    1.46773296    1.37150268    1.44389401    1.27157659    1.42252175    1.21731273    1.57631703    1.57935981    1.56127421
Q8TT81_METAC/80-721     1.88446956    1.89805598    1.95328966    1.89478365    2.01896800    2.03339959    1.99797493    1.97503391    2.06149134    2.02969035    2.24886350    2.20473296    1.46004620    1.53517020    1.13546503    1.14657198    0.95211001    0.00000000    0.29191158    0.29036466    0.75763179    0.68439814    0.64469254    1.48851512    1.35682874    1.37603292    1.26867531    1.38627571    1.26126795    1.44705249    1.41751124    1.46072395
Q8TT77_METAC/129-789     1.77354098    1.88936510    1.97512677    1.74904624    2.03775582    2.07104539    1.98005526    1.90872775    2.02884576    1.99680279    1.99570587    1.92721320    1.43619312    1.50751587    1.14575095    1.14175072    0.90345889    0.29191158    0.00000000    0.27151187    0.75554097    0.68826458    0.63424922    1.52038620    1.35559010    1.39160896    1.26424548    1.35033546    1.26923168    1.47056648    1.43522281    1.45127966
Q8TT76_METAC/125-786     1.83932496    1.82889056    2.02073617    1.81594932    2.08546959    2.07502505    2.02287204    1.92609125    2.05117649    1.98283675    2.15345269    2.06415950    1.38725764    1.53908503    1.14238548    1.19901366    0.94394892    0.29036466    0.27151187    0.00000000    0.75948870    0.69030593    0.66105017    1.49326207    1.35225522    1.35494089    1.24891211    1.35918528    1.28532526    1.44421421    1.45862279    1.47853830
Q12Y40_METBU/98-778     1.85758976    1.94021850    2.10504185    1.91640927    1.99671773    2.12406728    2.11437319    1.88906403    2.01451686    2.03072692    2.04392539    2.01753414    1.60735497    1.55382415    1.13744137    1.10306511    0.81931420    0.75763179    0.75554097    0.75948870    0.00000000    0.52010782    0.54128542    1.44304070    1.36519035    1.34487112    1.22777954    1.30432008    1.24554301    1.43017276    1.58155507    1.41875546
Q8TKR4_METAC/113-761     1.84123969    1.81858902    2.12216410    1.95800466    1.98818929    2.16240092    2.15322734    1.83834911    1.97529866    1.96657354    2.04659086    2.00709986    1.55057302    1.56735192    1.13437707    1.15388583    0.78011043    0.68439814    0.68826458    0.69030593    0.52010782    0.00000000    0.33811118    1.42142752    1.34304814    1.35122083    1.23618093    1.43474464    1.23291212    1.47565464    1.58604442    1.56220629
Q8TKR6_METAC/97-773     1.75448811    1.81413266    1.97865390    1.77316538    1.91186390    2.10474658    2.03667603    1.81655638    2.01557719    1.98405060    2.11057249    2.07338284    1.59599207    1.48963364    1.06484558    1.03646101    0.77534590    0.64469254    0.63424922    0.66105017    0.54128542    0.33811118    0.00000000    1.38643556    1.30080152    1.33239180    1.18786424    1.35469348    1.18128808    1.41448905    1.47021234    1.45468474
Q9RZD1_DEIRA/86-709     1.75377412    1.76949630    2.09403635    2.15262653    1.87505479    2.01276977    1.95513451    1.92994106    1.73890120    1.96138857    1.91720600    1.83073194    1.52977317    1.35041622    1.17183641    1.28344286    1.46773296    1.48851512    1.52038620    1.49326207    1.44304070    1.42142752    1.38643556    0.00000000    1.11072552    1.21991313    1.05968181    1.29685456    1.13312100    1.34073711    1.29133604    1.37378797
U5QRK5_9CYAN/93-705     1.72219222    1.74957304    2.31074480    1.96294414    1.94068168    2.03810908    1.98243682    1.81793695    1.83255315    1.97623404    1.96043383    1.98318062    1.55454171    1.43028771    1.18401781    1.13263112    1.37150268    1.35682874    1.35559010    1.35225522    1.36519035    1.34304814    1.30080152    1.11072552    0.00000000    0.88109609    0.73695471    0.82626037    0.69336642    1.05763322    1.03442864    0.97461272
Q0AX77_SYNWW/82-709     1.80583230    1.75050703    2.20839421    1.93162548    1.86441417    2.02850066    2.01820032    2.06443355    1.80716550    1.95707250    1.90429925    1.81332985    1.42644300    1.36598451    1.20767918    1.17732221    1.44389401    1.37603292    1.39160896    1.35494089    1.34487112    1.35122083    1.33239180    1.21991313    0.88109609    0.00000000    0.54009183    0.84576131    0.69954353    1.00537711    0.95966816    1.12511723
D7CMZ1_SYNLT/78-704     1.73479975    1.67832228    2.18954540    1.90893318    1.87918862    2.05768167    1.97178628    1.97668157    1.83679235    1.92559219    1.89810324    1.85236490    1.28725259    1.38630292    1.00087676    1.01330106    1.27157659    1.26867531    1.26424548    1.24891211    1.22777954    1.23618093    1.18786424    1.05968181    0.73695471    0.54009183    0.00000000    0.64650872    0.50863691    0.94737364    0.90534753    0.98287615
C8VWZ7_DESAS/84-711     1.74300560    1.73907726    2.35245896    2.08397381    2.07262344    2.12836014    2.06067034    2.00489092    1.98684658    1.79639012    1.88536469    1.77726426    1.43577329    1.52143599    1.15434775    1.12958260    1.42252175    1.38627571    1.35033546    1.35918528    1.30432008    1.43474464    1.35469348    1.29685456    0.82626037    0.84576131    0.64650872    0.00000000    0.62215221    1.02159671    1.04151891    1.18536281
R4KPF6_9FIRM/85-713     1.68779569    1.66541731    2.17867358    1.96730994    2.06965513    2.06505492    1.99819471    1.97894464    1.80512159    1.85827911    1.82758689    1.75109508    1.38343676    1.35662093    1.03996061    0.98862105    1.21731273    1.26126795    1.26923168    1.28532526    1.24554301    1.23291212    1.18128808    1.13312100    0.69336642    0.69954353    0.50863691    0.62215221    0.00000000    0.92926772    0.84222439    0.98032552
R7N807_9FIRM/128-738     1.75360773    1.78697919    2.22226740    2.05743120    2.05048228    2.08620551    2.05057738    2.19037856    1.86898434    2.04387542    1.95680397    1.94202017    1.46381600    1.53342168    1.21095940    1.28247260    1.57631703    1.44705249    1.47056648    1.44421421    1.43017276    1.47565464    1.41448905    1.34073711    1.05763322    1.00537711    0.94737364    1.02159671    0.92926772    0.00000000    0.69961911    1.15203193
R7AVK2_9FIRM/105-712     1.88658834    1.82682126    2.31370867    2.09163335    2.22955619    2.20741619    2.17332468    2.25468901    1.89917156    2.17550322    2.00038946    2.11257116    1.42780236    1.56973613    1.23591450    1.24648106    1.57935981    1.41751124    1.43522281    1.45862279    1.58155507    1.58604442    1.47021234    1.29133604    1.03442864    0.95966816    0.90534753    1.04151891    0.84222439    0.69961911    0.00000000    1.09887666
D3R159_MAGIU/146-767     1.91480518    1.86145961    2.20474482    1.84772538    2.02164983    1.98637302    1.95947979    2.13816780    2.01460679    2.25624621    2.22803209    2.14267567    1.50766463    1.44700470    1.43670425    1.43197513    1.56127421    1.46072395    1.45127966    1.47853830    1.41875546    1.56220629    1.45468474    1.37378797    0.97461272    1.12511723    0.98287615    1.18536281    0.98032552    1.15203193    1.09887666    0.00000000

