11
Q5C4B0_SCHJA/94-191     0.00000000    1.63454397    2.16027581    1.62330287    2.56932151    2.41528503    2.11982031    2.25038254    2.34122882    2.01159299    2.37348611
Q5DAQ4_SCHJA/68-167     1.63454397    0.00000000    0.62322083    0.37696186    1.91372607    1.62002054    2.15373909    1.88569425    2.44828981    1.73111461    1.87755065
Q5BX84_SCHJA/194-293     2.16027581    0.62322083    0.00000000    0.51482561    2.24974952    1.89457254    2.13552388    2.00542687    2.48383692    1.71598380    1.72494135
Q5BZX1_SCHJA/109-208     1.62330287    0.37696186    0.51482561    0.00000000    1.60839387    1.51325727    1.89983531    1.97861697    2.28949272    1.76624520    1.80291719
Q86E41_SCHJA/43-142     2.56932151    1.91372607    2.24974952    1.60839387    0.00000000    1.02173978    1.66264169    1.60201090    2.20636801    1.57467089    1.52567694
Q5BY68_SCHJA/85-184     2.41528503    1.62002054    1.89457254    1.51325727    1.02173978    0.00000000    1.41029914    1.42804176    2.02469223    1.30547286    1.42748087
Q5DBF1_SCHJA/63-162     2.11982031    2.15373909    2.13552388    1.89983531    1.66264169    1.41029914    0.00000000    0.56956475    0.98464583    1.25436239    1.20789612
Q5DGG2_SCHJA/1-100     2.25038254    1.88569425    2.00542687    1.97861697    1.60201090    1.42804176    0.56956475    0.00000000    0.91560011    1.60720114    1.68296042
Q5DC11_SCHJA/16-115     2.34122882    2.44828981    2.48383692    2.28949272    2.20636801    2.02469223    0.98464583    0.91560011    0.00000000    1.99229702    1.76925046
Q5BZA3_SCHJA/4-103     2.01159299    1.73111461    1.71598380    1.76624520    1.57467089    1.30547286    1.25436239    1.60720114    1.99229702    0.00000000    0.48958120
Q5BTA5_SCHJA/162-261     2.37348611    1.87755065    1.72494135    1.80291719    1.52567694    1.42748087    1.20789612    1.68296042    1.76925046    0.48958120    0.00000000

