10
F7DLL7_XENTR/53-185     0.00000000    0.51281218    0.55474033    0.52141310    0.44262518    0.58518299    0.51539570    0.52461213    0.54800417    0.66443907
A5JNH0_CHICK/1-133     0.51281218    0.00000000    0.68857607    0.50005449    0.45109588    0.63426407    0.55155439    0.59978612    0.61889364    0.72848645
W5MSY8_LEPOC/1-133     0.55474033    0.68857607    0.00000000    0.38183238    0.48697403    0.69744399    0.64669150    0.69410761    0.76996449    0.88469015
H3BBC4_LATCH/1-129     0.52141310    0.50005449    0.38183238    0.00000000    0.40243549    0.59629584    0.53353726    0.52370051    0.56579120    0.72886905
F7DXR9_ORNAN/26-157     0.44262518    0.45109588    0.48697403    0.40243549    0.00000000    0.40228261    0.39672994    0.44217617    0.45248212    0.53331162
G3WD70_SARHA/1-133     0.58518299    0.63426407    0.69744399    0.59629584    0.40228261    0.00000000    0.52973635    0.56192522    0.57563261    0.57044620
M3X933_FELCA/1-132     0.51539570    0.55155439    0.64669150    0.53353726    0.39672994    0.52973635    0.00000000    0.14937267    0.21219662    0.31361609
A5JHN9_PIG/1-132     0.52461213    0.59978612    0.69410761    0.52370051    0.44217617    0.56192522    0.14937267    0.00000000    0.25204931    0.34688087
G5BGV1_HETGA/1-131     0.54800417    0.61889364    0.76996449    0.56579120    0.45248212    0.57563261    0.21219662    0.25204931    0.00000000    0.34016881
OSTN_MOUSE/1-130     0.66443907    0.72848645    0.88469015    0.72886905    0.53331162    0.57044620    0.31361609    0.34688087    0.34016881    0.00000000

