40
Q0K0L3_CUPNH/11-109     0.00000000    1.50281110    2.04113624    1.98627722    2.04634803    2.05010884    2.45410388    2.07026453    2.19861456    2.58382941    1.94694500    2.40290838    2.00543404    2.26970566    2.50962974    2.52454865    2.05966589    2.78543469    2.37177677    2.28797600    2.78277341    2.71009258    2.42758461    2.85084531    2.15283418    2.77029849    2.62932447    2.60062457    2.32827839    2.20478500    2.53264150    2.38362839    2.45121381    2.72876988    2.48218930    1.91838975    2.00649367    2.18283719    2.47055640    1.88856779
E6WUM4_PSEUU/8-105     1.50281110    0.00000000    1.55608900    1.71428397    1.50454659    1.68536578    1.68701501    2.12575580    1.74640501    1.78916097    1.51803733    1.90754369    1.62008375    1.83258351    1.93816579    1.53892961    1.96143010    1.82618262    1.90020844    2.00149231    1.90168734    1.79812155    2.14779065    2.33716910    2.03926322    2.28944493    1.87183017    2.35458058    1.53318899    1.93722328    1.90890651    2.52090308    2.39736999    1.97584666    2.45158093    2.00066036    1.81918769    2.26594692    2.72885306    1.65082530
A1W4U1_ACISJ/3-103     2.04113624    1.55608900    0.00000000    0.85833133    0.76510781    1.32079436    1.56896702    2.09460611    2.09771032    2.15384440    1.61778238    2.05210553    1.64026069    1.54248412    1.71308678    1.91366550    1.69898407    1.72659508    1.58549222    1.86843882    1.54797344    2.17009982    1.51615412    1.82072975    2.27089603    2.58796960    2.00067098    2.50994066    1.75974063    1.70687242    1.60751351    1.89137464    1.92022999    2.22680754    2.25149533    1.92130233    1.90570327    2.05778608    1.81163246    1.75827678
D0J4U1_COMT2/2-110     1.98627722    1.71428397    0.85833133    0.00000000    0.84341570    1.44199654    1.88055906    1.95080159    1.99239802    2.15385861    1.58434062    1.98793444    1.84267200    1.68092294    1.70779621    2.39650613    1.83721937    1.97698041    1.50315743    2.12588386    1.69416785    1.88654511    1.93935791    2.56062235    2.11820098    2.71963232    2.10995379    2.25546653    1.96193379    2.18400339    1.58081955    2.15818062    2.42189678    1.86042398    2.23655346    1.78739329    2.29212998    2.06186385    1.94210674    2.08137752
A1TLX2_ACIAC/2-104     2.04634803    1.50454659    0.76510781    0.84341570    0.00000000    1.40062929    2.10881774    2.23442297    2.29781746    2.35061377    1.75973681    2.60038909    1.61631300    2.03009502    1.89670216    2.06802973    1.78198893    1.89244128    1.53000263    2.10028243    1.81854821    2.27885151    2.04691113    2.78396212    2.14531662    3.15934176    2.18344636    2.54605086    1.68437527    1.66894134    1.60322596    1.71791985    2.21272650    2.00628440    2.58872846    1.83963064    2.15957846    2.35735210    2.30307875    2.01660426
B1M777_METRJ/7-108     2.05010884    1.68536578    1.32079436    1.44199654    1.40062929    0.00000000    1.38419397    1.82947405    1.86695886    1.93827598    1.69604492    2.05472164    1.62353395    1.60913438    2.08159296    1.68354288    1.53914673    1.61939041    1.56557766    1.29806751    1.69503933    1.94214146    2.05558151    2.00089185    1.86959659    2.13734805    1.75488046    2.23722997    1.65494506    1.30996470    1.63978109    1.83458923    2.19217994    2.04857690    2.27331393    2.16402955    1.49771524    1.79168522    2.01361945    1.27605580
M4S3N5_9SPHN/3-106     2.45410388    1.68701501    1.56896702    1.88055906    2.10881774    1.38419397    0.00000000    1.89438633    1.97030960    1.87178523    1.40306256    2.13262221    1.72075976    2.06919927    1.91674061    2.02048104    1.97103808    1.71558812    1.63467709    1.55371793    1.65544876    2.59590529    2.18370494    2.62411948    2.57428805    2.44175207    2.24314786    2.38995693    2.20808823    1.71883066    1.81188289    1.82324965    3.10071416    2.17671245    1.73000299    1.51854377    1.71540462    1.66570623    2.45416846    1.76243683
C6X952_METGS/9-115     2.07026453    2.12575580    2.09460611    1.95080159    2.23442297    1.82947405    1.89438633    0.00000000    1.52378164    1.54646349    1.66233689    1.76059688    1.46549014    1.74178256    1.44857019    1.54214870    1.45807640    1.50223383    1.55662272    1.82176573    1.53258731    1.81870548    1.97316332    1.94148428    1.79685248    2.08085672    2.14342213    1.98517319    1.95138548    1.67434058    1.76316359    2.12163877    1.94105136    1.91222481    1.75305339    1.90097368    1.93344138    1.75010371    2.13973182    1.47239989
Q82VJ9_NITEU/8-109     2.19861456    1.74640501    2.09771032    1.99239802    2.29781746    1.86695886    1.97030960    1.52378164    0.00000000    1.16038360    1.18128175    1.24968935    1.07118203    1.08121226    1.38182841    1.29024593    1.50401768    1.20028052    1.32324039    1.39362611    1.27400424    1.86919292    1.83579939    1.93498551    2.57473925    1.98505535    1.91026672    2.10429235    1.72226613    1.84372230    1.71783935    1.51883390    1.75085363    1.46347376    1.65503060    1.45092018    1.55241279    1.80939423    1.98773832    1.54771306
Q8P4V8_XANCP/41-142     2.58382941    1.78916097    2.15384440    2.15385861    2.35061377    1.93827598    1.87178523    1.54646349    1.16038360    0.00000000    1.26210735    0.99772520    1.01424885    1.17136359    1.27702458    1.65620889    1.68874540    1.44421299    1.67576230    1.78628107    1.71979251    2.09934044    2.09725490    1.88242964    2.60203928    1.81134525    2.46153337    2.29837664    1.64733116    1.51609825    1.68496476    1.81000148    2.23893446    2.01943676    1.69671541    1.88830676    2.09179421    1.83092064    2.16254881    1.51394392
Q2KXM3_BORA1/8-108     1.94694500    1.51803733    1.61778238    1.58434062    1.75973681    1.69604492    1.40306256    1.66233689    1.18128175    1.26210735    0.00000000    1.33815501    1.47565532    1.37632995    1.46011744    1.88049963    1.44801825    1.93132282    1.99049648    1.95778442    1.55227320    2.05132007    2.20922225    1.91793454    2.50762926    1.74261065    1.85343244    2.15113938    1.71334792    1.56097542    1.65037246    1.48614381    1.88813773    1.97691404    2.03530335    2.00265754    2.09317265    2.09051426    2.41676381    1.63470755
D0J557_COMT2/8-109     2.40290838    1.90754369    2.05210553    1.98793444    2.60038909    2.05472164    2.13262221    1.76059688    1.24968935    0.99772520    1.33815501    0.00000000    1.07606385    0.93903272    1.42635679    2.00153300    1.81154867    2.00924653    2.14961733    1.98134966    2.04729617    1.88222891    1.93938002    2.41047972    3.42358659    2.11917670    2.71109817    2.75946608    1.69084704    1.98381533    1.66261975    1.88920258    2.31941496    2.27922068    2.49597440    2.12373154    2.27090038    2.12888631    2.73810122    1.86859798
A9BZL1_DELAS/8-109     2.00543404    1.62008375    1.64026069    1.84267200    1.61631300    1.62353395    1.72075976    1.46549014    1.07118203    1.01424885    1.47565532    1.07606385    0.00000000    0.69136627    1.30029855    1.45870713    1.34408193    1.37551409    1.66518356    1.19231433    1.18582172    1.92925307    1.87126858    1.85140231    2.27930455    2.20012880    2.28131403    2.37292616    1.45726706    1.36373745    1.57258771    1.81766588    2.27210894    1.59281265    2.11017428    1.72521971    1.70315868    1.57698238    2.19808466    1.46555790
D0J701_COMT2/8-111     2.26970566    1.83258351    1.54248412    1.68092294    2.03009502    1.60913438    2.06919927    1.74178256    1.08121226    1.17136359    1.37632995    0.93903272    0.69136627    0.00000000    1.15972229    1.50383219    1.19539386    1.74257292    1.34611151    1.38135475    1.27325250    1.34824556    1.75075721    1.70526527    2.60303304    2.27876118    2.33104522    2.97837015    1.58696275    1.67300333    1.79601164    1.39363619    1.81901458    1.62066018    1.92026605    1.95694889    1.88783623    1.79486702    2.05539907    1.53565292
D0J7V2_COMT2/8-112     2.50962974    1.93816579    1.71308678    1.70779621    1.89670216    2.08159296    1.91674061    1.44857019    1.38182841    1.27702458    1.46011744    1.42635679    1.30029855    1.15972229    0.00000000    1.27961116    1.34714208    1.53395518    1.48142132    1.43626621    1.35867497    1.82043212    2.10795747    2.10546753    2.81572337    2.52054184    2.22285153    2.48194597    1.61860163    1.60405626    1.74401829    1.54831305    2.18090056    1.94082022    1.98686136    1.81207981    1.94683618    1.55411316    2.55133921    1.71726505
G8QJR3_AZOOP/10-110     2.52454865    1.53892961    1.91366550    2.39650613    2.06802973    1.68354288    2.02048104    1.54214870    1.29024593    1.65620889    1.88049963    2.00153300    1.45870713    1.50383219    1.27961116    0.00000000    1.64242026    1.27979255    1.82315136    1.63775093    1.35134348    1.82619890    1.72702956    1.51363536    2.28179229    2.10399972    2.00607153    2.25474233    2.07866191    2.32589675    1.91078139    1.75880996    2.00656719    1.99043565    2.02308449    1.96419287    1.63320414    1.74722468    2.25363516    1.89921711
A9BTL3_DELAS/4-107     2.05966589    1.96143010    1.69898407    1.83721937    1.78198893    1.53914673    1.97103808    1.45807640    1.50401768    1.68874540    1.44801825    1.81154867    1.34408193    1.19539386    1.34714208    1.64242026    0.00000000    1.74109242    1.66900845    1.72444047    1.36351855    2.28354111    2.12840257    2.50225307    2.07145564    2.59690944    2.51214451    2.40189477    1.81968512    1.55652073    2.04207416    1.41982648    1.74655843    1.47369595    1.73744271    2.11142656    2.13600241    1.57852966    2.62954155    1.87631889
S6AZ62_PSERE/6-109     2.78543469    1.82618262    1.72659508    1.97698041    1.89244128    1.61939041    1.71558812    1.50223383    1.20028052    1.44421299    1.93132282    2.00924653    1.37551409    1.74257292    1.53395518    1.27979255    1.74109242    0.00000000    1.14368597    1.18783350    1.02150312    1.99945785    1.95064802    1.85708944    2.27431295    2.00993928    1.68316475    1.90726765    1.91451250    1.70327137    1.14412122    1.48730306    1.65698101    1.43317527    1.46070398    1.33083322    1.47491260    1.79747796    2.67539459    1.62370083
Q2L2C1_BORA1/3-103     2.37177677    1.90020844    1.58549222    1.50315743    1.53000263    1.56557766    1.63467709    1.55662272    1.32324039    1.67576230    1.99049648    2.14961733    1.66518356    1.34611151    1.48142132    1.82315136    1.66900845    1.14368597    0.00000000    0.81127865    1.16946469    1.63279779    1.79487411    1.80268752    1.69789342    1.68799055    1.33528169    1.81185120    1.22734628    1.72213562    1.30516325    2.04181322    1.86397508    1.50126448    1.61046025    1.41335812    1.66929766    1.51734951    2.23958776    1.63854076
A9IIV5_BORPD/3-103     2.28797600    2.00149231    1.86843882    2.12588386    2.10028243    1.29806751    1.55371793    1.82176573    1.39362611    1.78628107    1.95778442    1.98134966    1.19231433    1.38135475    1.43626621    1.63775093    1.72444047    1.18783350    0.81127865    0.00000000    1.26002486    1.76144355    2.01030643    1.80564116    2.32889257    2.00099230    1.62322508    2.10047051    1.67636326    1.39899564    1.66877959    1.61907508    2.06124923    1.61106604    2.13732090    1.64186704    1.30616345    1.77667683    2.08223482    1.47607625
G8AXB1_9PROT/3-102     2.78277341    1.90168734    1.54797344    1.69416785    1.81854821    1.69503933    1.65544876    1.53258731    1.27400424    1.71979251    1.55227320    2.04729617    1.18582172    1.27325250    1.35867497    1.35134348    1.36351855    1.02150312    1.16946469    1.26002486    0.00000000    1.73012378    1.59432599    1.75019791    1.98745612    1.96384322    1.73143570    2.21433992    1.54568046    1.33439802    1.46866675    1.24122598    1.59835560    1.43145723    1.77045319    1.28391145    1.50842527    1.35112794    2.02685620    1.47118366
S6AIG7_PSERE/3-103     2.71009258    1.79812155    2.17009982    1.88654511    2.27885151    1.94214146    2.59590529    1.81870548    1.86919292    2.09934044    2.05132007    1.88222891    1.92925307    1.34824556    1.82043212    1.82619890    2.28354111    1.99945785    1.63279779    1.76144355    1.73012378    0.00000000    1.17348860    1.05816260    1.92773592    2.08248548    1.85030947    2.06679291    1.82155594    2.19630798    1.97228963    1.95989154    1.89723998    2.16407852    2.39766009    2.09826974    1.69735695    2.70977170    2.51766994    1.61363019
Q9I5D6_PSEAE/2-102     2.42758461    2.14779065    1.51615412    1.93935791    2.04691113    2.05558151    2.18370494    1.97316332    1.83579939    2.09725490    2.20922225    1.93938002    1.87126858    1.75075721    2.10795747    1.72702956    2.12840257    1.95064802    1.79487411    2.01030643    1.59432599    1.17348860    0.00000000    0.65307287    1.96551235    2.09313414    2.10500853    2.48316072    1.78902713    1.78697434    1.63476106    1.84536918    1.75631349    1.93802011    1.72692073    1.63391962    1.65270155    2.40019579    2.17941162    1.51430250
E3FSF7_STIAD/2-102     2.85084531    2.33716910    1.82072975    2.56062235    2.78396212    2.00089185    2.62411948    1.94148428    1.93498551    1.88242964    1.91793454    2.41047972    1.85140231    1.70526527    2.10546753    1.51363536    2.50225307    1.85708944    1.80268752    1.80564116    1.75019791    1.05816260    0.65307287    0.00000000    2.26785788    2.01687504    2.15280412    2.47624966    2.04650481    1.84583861    1.76316971    2.57667864    1.68138295    2.22350021    1.81683392    1.82452009    1.60191161    2.70803640    2.31094061    1.74845222
A1SB57_SHEAM/4-106     2.15283418    2.03926322    2.27089603    2.11820098    2.14531662    1.86959659    2.57428805    1.79685248    2.57473925    2.60203928    2.50762926    3.42358659    2.27930455    2.60303304    2.81572337    2.28179229    2.07145564    2.27431295    1.69789342    2.32889257    1.98745612    1.92773592    1.96551235    2.26785788    0.00000000    1.98496800    1.90375018    1.76333904    2.08996538    1.92332360    2.56853214    2.29771203    2.29213392    2.33445898    1.84485180    2.27428857    2.30216851    2.18528315    2.33634287    1.93450151
Q8EBU1_SHEON/9-109     2.77029849    2.28944493    2.58796960    2.71963232    3.15934176    2.13734805    2.44175207    2.08085672    1.98505535    1.81134525    1.74261065    2.11917670    2.20012880    2.27876118    2.52054184    2.10399972    2.59690944    2.00993928    1.68799055    2.00099230    1.96384322    2.08248548    2.09313414    2.01687504    1.98496800    0.00000000    1.06250971    1.17637872    1.99490222    2.38962046    1.67730684    1.99323048    2.61453332    2.68582323    1.87161507    1.87946568    2.29611464    2.18832880    2.91120523    1.76424695
D4ZAR5_SHEVD/8-106     2.62932447    1.87183017    2.00067098    2.10995379    2.18344636    1.75488046    2.24314786    2.14342213    1.91026672    2.46153337    1.85343244    2.71109817    2.28131403    2.33104522    2.22285153    2.00607153    2.51214451    1.68316475    1.33528169    1.62322508    1.73143570    1.85030947    2.10500853    2.15280412    1.90375018    1.06250971    0.00000000    1.13428501    2.03430681    1.89050139    1.59154717    2.21882752    2.55904312    2.03181879    1.97175678    1.82376280    2.01198544    2.68406078    2.71742851    1.73332607
Q12LN9_SHEDO/2-102     2.60062457    2.35458058    2.50994066    2.25546653    2.54605086    2.23722997    2.38995693    1.98517319    2.10429235    2.29837664    2.15113938    2.75946608    2.37292616    2.97837015    2.48194597    2.25474233    2.40189477    1.90726765    1.81185120    2.10047051    2.21433992    2.06679291    2.48316072    2.47624966    1.76333904    1.17637872    1.13428501    0.00000000    2.14630004    2.22002737    1.76073667    2.38865645    3.20673267    2.77821191    2.00794394    2.12831290    2.27027690    2.59784938    2.68596222    2.16942304
Q1LPD3_CUPMC/9-114     2.32827839    1.53318899    1.75974063    1.96193379    1.68437527    1.65494506    2.20808823    1.95138548    1.72226613    1.64733116    1.71334792    1.69084704    1.45726706    1.58696275    1.61860163    2.07866191    1.81968512    1.91451250    1.22734628    1.67636326    1.54568046    1.82155594    1.78902713    2.04650481    2.08996538    1.99490222    2.03430681    2.14630004    0.00000000    1.25137190    1.43862014    1.89438501    1.98049067    2.23826219    2.20061123    1.75155693    2.03478884    2.16511882    2.17482483    1.72285195
Q0K4Z9_CUPNH/6-110     2.20478500    1.93722328    1.70687242    2.18400339    1.66894134    1.30996470    1.71883066    1.67434058    1.84372230    1.51609825    1.56097542    1.98381533    1.36373745    1.67300333    1.60405626    2.32589675    1.55652073    1.70327137    1.72213562    1.39899564    1.33439802    2.19630798    1.78697434    1.84583861    1.92332360    2.38962046    1.89050139    2.22002737    1.25137190    0.00000000    1.51148206    1.51092062    2.37122100    2.42447684    2.12428801    1.87698136    1.88461807    1.99256058    1.98626530    1.48763306
D8J1F9_HERSS/7-114     2.53264150    1.90890651    1.60751351    1.58081955    1.60322596    1.63978109    1.81188289    1.76316359    1.71783935    1.68496476    1.65037246    1.66261975    1.57258771    1.79601164    1.74401829    1.91078139    2.04207416    1.14412122    1.30516325    1.66877959    1.46866675    1.97228963    1.63476106    1.76316971    2.56853214    1.67730684    1.59154717    1.76073667    1.43862014    1.51148206    0.00000000    1.60668349    1.92198998    1.68630678    1.88677413    1.70213982    1.75070765    2.28537902    1.87967211    1.55684419
I3TK56_TISMK/10-108     2.38362839    2.52090308    1.89137464    2.15818062    1.71791985    1.83458923    1.82324965    2.12163877    1.51883390    1.81000148    1.48614381    1.88920258    1.81766588    1.39363619    1.54831305    1.75880996    1.41982648    1.48730306    2.04181322    1.61907508    1.24122598    1.95989154    1.84536918    2.57667864    2.29771203    1.99323048    2.21882752    2.38865645    1.89438501    1.51092062    1.60668349    0.00000000    1.76702560    1.55983575    2.12521615    1.61876623    1.62215741    1.54271805    2.12392359    1.95801388
K0C5V7_ALCDB/4-104     2.45121381    2.39736999    1.92022999    2.42189678    2.21272650    2.19217994    3.10071416    1.94105136    1.75085363    2.23893446    1.88813773    2.31941496    2.27210894    1.81901458    2.18090056    2.00656719    1.74655843    1.65698101    1.86397508    2.06124923    1.59835560    1.89723998    1.75631349    1.68138295    2.29213392    2.61453332    2.55904312    3.20673267    1.98049067    2.37122100    1.92198998    1.76702560    0.00000000    0.87177780    1.94934654    1.97979615    2.00200917    2.31473263    2.02725568    1.62061123
Q0VP93_ALCBS/8-110     2.72876988    1.97584666    2.22680754    1.86042398    2.00628440    2.04857690    2.17671245    1.91222481    1.46347376    2.01943676    1.97691404    2.27922068    1.59281265    1.62066018    1.94082022    1.99043565    1.47369595    1.43317527    1.50126448    1.61106604    1.43145723    2.16407852    1.93802011    2.22350021    2.33445898    2.68582323    2.03181879    2.77821191    2.23826219    2.42447684    1.68630678    1.55983575    0.87177780    0.00000000    2.01615101    1.79402362    2.00684051    2.08636665    1.93670220    1.67364521
B3PCH8_CELJU/3-102     2.48218930    2.45158093    2.25149533    2.23655346    2.58872846    2.27331393    1.73000299    1.75305339    1.65503060    1.69671541    2.03530335    2.49597440    2.11017428    1.92026605    1.98686136    2.02308449    1.73744271    1.46070398    1.61046025    2.13732090    1.77045319    2.39766009    1.72692073    1.81683392    1.84485180    1.87161507    1.97175678    2.00794394    2.20061123    2.12428801    1.88677413    2.12521615    1.94934654    2.01615101    0.00000000    1.64880938    1.50189423    1.63969478    2.10063502    1.63134648
Q88E59_PSEPK/2-102     1.91838975    2.00066036    1.92130233    1.78739329    1.83963064    2.16402955    1.51854377    1.90097368    1.45092018    1.88830676    2.00265754    2.12373154    1.72521971    1.95694889    1.81207981    1.96419287    2.11142656    1.33083322    1.41335812    1.64186704    1.28391145    2.09826974    1.63391962    1.82452009    2.27428857    1.87946568    1.82376280    2.12831290    1.75155693    1.87698136    1.70213982    1.61876623    1.97979615    1.79402362    1.64880938    0.00000000    1.25206940    1.59575982    2.08135051    1.49535126
Q887S4_PSESM/2-102     2.00649367    1.81918769    1.90570327    2.29212998    2.15957846    1.49771524    1.71540462    1.93344138    1.55241279    2.09179421    2.09317265    2.27090038    1.70315868    1.88783623    1.94683618    1.63320414    2.13600241    1.47491260    1.66929766    1.30616345    1.50842527    1.69735695    1.65270155    1.60191161    2.30216851    2.29611464    2.01198544    2.27027690    2.03478884    1.88461807    1.75070765    1.62215741    2.00200917    2.00684051    1.50189423    1.25206940    0.00000000    1.66638495    2.15158624    1.65023598
B6IQP1_RHOCS/3-105     2.18283719    2.26594692    2.05778608    2.06186385    2.35735210    1.79168522    1.66570623    1.75010371    1.80939423    1.83092064    2.09051426    2.12888631    1.57698238    1.79486702    1.55411316    1.74722468    1.57852966    1.79747796    1.51734951    1.77667683    1.35112794    2.70977170    2.40019579    2.70803640    2.18528315    2.18832880    2.68406078    2.59784938    2.16511882    1.99256058    2.28537902    1.54271805    2.31473263    2.08636665    1.63969478    1.59575982    1.66638495    0.00000000    1.74182323    1.62170166
I3TMW4_TISMK/5-107     2.47055640    2.72885306    1.81163246    1.94210674    2.30307875    2.01361945    2.45416846    2.13973182    1.98773832    2.16254881    2.41676381    2.73810122    2.19808466    2.05539907    2.55133921    2.25363516    2.62954155    2.67539459    2.23958776    2.08223482    2.02685620    2.51766994    2.17941162    2.31094061    2.33634287    2.91120523    2.71742851    2.68596222    2.17482483    1.98626530    1.87967211    2.12392359    2.02725568    1.93670220    2.10063502    2.08135051    2.15158624    1.74182323    0.00000000    1.75506624
Q8PDT5_XANCP/4-105     1.88856779    1.65082530    1.75827678    2.08137752    2.01660426    1.27605580    1.76243683    1.47239989    1.54771306    1.51394392    1.63470755    1.86859798    1.46555790    1.53565292    1.71726505    1.89921711    1.87631889    1.62370083    1.63854076    1.47607625    1.47118366    1.61363019    1.51430250    1.74845222    1.93450151    1.76424695    1.73332607    2.16942304    1.72285195    1.48763306    1.55684419    1.95801388    1.62061123    1.67364521    1.63134648    1.49535126    1.65023598    1.62170166    1.75506624    0.00000000

